,t,e_hat,Accuracy,pe,batch,Condition
0,0,0,0.5257483984194207,0.678335962314771,0,interleaved
1,1,0,0.9600328309192319,0.7080317217807975,0,interleaved
2,2,1,0.5158075740055056,1.186273863003921,0,interleaved
3,3,2,0.08920992494646174,1.1926513746767995,0,interleaved
4,4,3,0.5654387490566268,0.6817295501763445,0,interleaved
5,5,4,0.5774965405120754,1.0155177639305781,0,interleaved
6,6,4,0.19261817561689948,0.8299448338283398,0,interleaved
7,7,5,0.5010984712921925,0.8021482832650513,0,interleaved
8,8,0,0.5382438480441322,0.6035812663179236,0,interleaved
9,9,0,0.06052750868319156,0.6373678525261499,0,interleaved
10,10,0,0.5731177957990452,0.7416580495929168,0,interleaved
11,11,6,0.10341025292406666,0.7981784167755877,0,interleaved
12,12,0,0.6375670310184829,0.44753439571615117,0,interleaved
13,13,7,0.11910714437546656,0.7830651918172972,0,interleaved
14,14,8,0.3330185816920672,0.6030348957527027,0,interleaved
15,15,9,0.011530393713957747,0.9287157556738864,0,interleaved
16,16,0,0.5990644896048799,0.5608127601275478,0,interleaved
17,17,0,0.10990174697606325,0.7775697228952443,0,interleaved
18,18,10,0.5024751782029768,1.2088597449708574,0,interleaved
19,19,11,0.6325453074363573,1.166449699679526,0,interleaved
20,20,12,0.6700909005217242,0.6842200020279934,0,interleaved
21,21,0,0.1576989139015527,0.6892817664433748,0,interleaved
22,22,12,0.1958875701975006,0.7120306257844564,0,interleaved
23,23,0,0.8946687153624042,0.5602784362139157,0,interleaved
24,24,0,0.37395771593775257,0.4991468053541699,0,interleaved
25,25,0,0.881058876851979,0.556922651770543,0,interleaved
26,26,4,0.27125166833561914,0.8783595924149714,0,interleaved
27,27,13,0.6488155705710211,0.6918463875757013,0,interleaved
28,28,0,0.35673036168026684,0.639552514144792,0,interleaved
29,29,0,0.7924745764650768,0.5471552714691442,0,interleaved
30,30,0,0.22493812114397713,0.5484473938159784,0,interleaved
31,31,0,0.17822072575023304,0.6921557339342466,0,interleaved
32,32,0,0.5552303270435736,0.5829627287758072,0,interleaved
33,33,0,0.1782454071321862,0.6940836324582973,0,interleaved
34,34,0,0.6011274295477256,0.35120658887324313,0,interleaved
35,35,0,0.8579244929651964,0.629787372375217,0,interleaved
36,36,0,0.19556859411842628,0.6292908438014453,0,interleaved
37,37,0,0.7538279484235677,0.6610725152949031,0,interleaved
38,38,0,0.5429378268239708,0.6962780315545094,0,interleaved
39,39,0,0.3465433555585476,0.7735794737064596,0,interleaved
40,40,0,0.8538564754453031,0.6525843269841403,0,interleaved
41,41,0,0.6654819973118524,0.40637227619411553,0,interleaved
42,42,0,0.1762003184607602,0.6185235702789535,0,interleaved
43,43,0,0.7705282932706642,0.5688900141758302,0,interleaved
44,44,0,0.08648512652247901,0.6180705264386771,0,interleaved
45,45,0,0.6611570931079955,0.4407200770194757,0,interleaved
46,46,0,0.6937299128333843,0.4814310867210429,0,interleaved
47,47,0,0.39980275612586463,0.47759004239267683,0,interleaved
48,48,0,0.14105176197060845,0.7111326286484625,0,interleaved
49,49,0,0.44179523930980635,0.6128053455155834,0,interleaved
50,50,0,0.7379125182534865,0.3913000806803438,0,interleaved
51,51,0,0.40132828320952185,0.5388910908073241,0,interleaved
52,52,0,0.7592848360543002,0.44284881416367916,0,interleaved
53,53,0,0.6327295206666768,0.4053714847160361,0,interleaved
54,54,0,0.16254966337519985,0.7155590849908638,0,interleaved
55,55,0,0.5114658566662909,0.46227044431111997,0,interleaved
56,56,0,0.1083658015803178,0.4905925957041124,0,interleaved
57,57,0,0.6430540484041505,0.4961050766467281,0,interleaved
58,58,0,0.6310457518361337,0.4733915745607151,0,interleaved
59,59,0,0.5047822489220992,0.42408278288939916,0,interleaved
60,60,0,0.1329798086868634,0.5586013700183345,0,interleaved
61,61,0,0.700055913012003,0.373417382273006,0,interleaved
62,62,0,0.8116413776973717,0.43631928730885916,0,interleaved
63,63,0,0.3174061302989966,0.5619037069505378,0,interleaved
64,64,0,0.7321114564569331,0.6190031362674753,0,interleaved
65,65,0,0.43110467668583563,0.4612586954930403,0,interleaved
66,66,0,0.09064105787992982,0.5818640254514464,0,interleaved
67,67,0,0.5437749330915485,0.46380811840227854,0,interleaved
68,68,0,0.16185244181018424,0.47864451845152856,0,interleaved
69,69,0,0.34902174630880156,0.7135494935441659,0,interleaved
70,70,0,0.15279486913645257,0.611250962245353,0,interleaved
71,71,0,0.3818181884225115,0.45858792445064367,0,interleaved
72,72,0,0.2629135927693092,0.6050165932795434,0,interleaved
73,73,0,0.49158665046017025,0.4821649332912009,0,interleaved
74,74,0,0.14392039378727167,0.5793615777856366,0,interleaved
75,75,0,0.4277877647304667,0.46073998269476657,0,interleaved
76,76,0,0.1635933641932299,0.40830031686801327,0,interleaved
77,77,0,0.5262864819493,0.36971421202160987,0,interleaved
78,78,0,0.2377850386326055,0.39004199099368553,0,interleaved
79,79,0,0.686392904349034,0.4661054678473645,0,interleaved
80,80,0,0.6918402229350806,0.3809334354012306,0,interleaved
81,81,0,0.37089390330565164,0.48126294692810273,0,interleaved
82,82,0,0.15966010920826273,0.5121084840065576,0,interleaved
83,83,0,0.554203608725278,0.4559970838456346,0,interleaved
84,84,0,0.8487191745307934,0.6690104445276233,0,interleaved
85,85,0,0.5891531910237809,0.4624265291113965,0,interleaved
86,86,0,0.6027794459842661,0.47741224037390295,0,interleaved
87,87,0,0.6648886999362957,0.4952696702553198,0,interleaved
88,88,0,0.11267752195517039,0.46365115288001685,0,interleaved
89,89,0,0.535799455081226,0.3390898261755628,0,interleaved
90,90,0,0.09462830480835,0.6031156210151571,0,interleaved
91,91,0,0.6321589343185717,0.44922323176875145,0,interleaved
92,92,0,0.7081635123710212,0.3531688324324119,0,interleaved
93,93,0,0.6023105406964397,0.4838348776678607,0,interleaved
94,94,0,0.13201848368040178,0.4583817661824595,0,interleaved
95,95,0,0.6218724768328524,0.46093532394603365,0,interleaved
96,96,0,0.1835784775634334,0.51975201757599,0,interleaved
97,97,0,0.5812198208098511,0.465233053975094,0,interleaved
98,98,0,0.1358869050119065,0.5059610484260944,0,interleaved
99,99,0,0.539199436695531,0.41791572567154356,0,interleaved
100,100,0,0.8440097716668296,0.4634552649113883,0,interleaved
101,101,0,0.6218526136870677,0.4257572719027999,0,interleaved
102,102,0,0.19233046334953363,0.4450381481257801,0,interleaved
103,103,0,0.4982978609175438,0.5222609385027994,0,interleaved
104,104,0,0.7713537741328071,0.37849532497203436,0,interleaved
105,105,0,0.4822834191378214,0.6414984407139073,0,interleaved
106,106,0,0.12259607917731273,0.6194520187430901,0,interleaved
107,107,0,0.4645324930734531,0.37600867577108754,0,interleaved
108,108,0,0.7821421044426482,0.39243134807573327,0,interleaved
109,109,0,0.7464547134573147,0.4951617578304165,0,interleaved
110,110,0,0.7747513237308933,0.36764651051032315,0,interleaved
111,111,0,0.4625975397556986,0.4563243503618466,0,interleaved
112,112,0,0.7928382510372682,0.354231891072601,0,interleaved
113,113,0,0.5671318040773169,0.5079491227527816,0,interleaved
114,114,0,0.12042810037772761,0.48985609386398266,0,interleaved
115,115,0,0.6709341459212004,0.5707700474562367,0,interleaved
116,116,0,0.732163175624406,0.419136139167423,0,interleaved
117,117,0,0.44036478595081796,0.522817478024101,0,interleaved
118,118,0,0.8292491223332102,0.5555845487344173,0,interleaved
119,119,0,0.6046108744316747,0.4184794820909302,0,interleaved
120,120,0,0.8339372699743606,0.40027608401471493,0,interleaved
121,121,0,0.44915899441752016,0.333909270786144,0,interleaved
122,122,0,0.1002186763149765,0.5594993664370814,0,interleaved
123,123,0,0.603448984955888,0.4437115728459607,0,interleaved
124,124,0,0.09282470447111837,0.5267536026745804,0,interleaved
125,125,0,0.6527586541322767,0.4844435314224581,0,interleaved
126,126,0,0.21419157583316772,0.5429785629380826,0,interleaved
127,127,0,0.6914336297185903,0.49193706483102667,0,interleaved
128,128,0,0.7699511637635467,0.36125982579423144,0,interleaved
129,129,0,0.7023875218201503,0.36283490369483085,0,interleaved
130,130,0,0.25468316580671424,0.5118588566466996,0,interleaved
131,131,0,0.763999078226341,0.42787212917761674,0,interleaved
132,132,0,0.775221704512324,0.3165079691808878,0,interleaved
133,133,0,0.6126693613282279,0.5029992753151511,0,interleaved
134,134,0,0.16649904458601986,0.5336859286655082,0,interleaved
135,135,0,0.7595532276958465,0.3664932772016478,0,interleaved
136,136,0,0.18307549050920077,0.4163185544644758,0,interleaved
137,137,0,0.5381074834709068,0.5023344527550679,0,interleaved
138,138,0,0.6783348452606128,0.39876911932835085,0,interleaved
139,139,0,0.33458908404215726,0.5066686256175159,0,interleaved
140,140,0,0.20487012884903374,0.530654699782924,0,interleaved
141,141,0,0.5642524821955526,0.3875932017383852,0,interleaved
142,142,0,0.1769769793529447,0.5948906552300413,0,interleaved
143,143,0,0.48530239810909687,0.49092397559355866,0,interleaved
144,144,0,0.8045252213609073,0.42804833889020444,0,interleaved
145,145,0,0.62582504477313,0.4832740928283486,0,interleaved
146,146,0,0.15398268429309586,0.5885561320559658,0,interleaved
147,147,0,0.7223691426885662,0.33468570708026146,0,interleaved
148,148,0,0.583451193426201,0.5260323743990123,0,interleaved
149,149,0,0.38425091760224783,0.3321745749574452,0,interleaved
150,150,0,0.6882306768880448,0.38637828117683765,0,interleaved
151,151,0,0.4515472944381037,0.4723118678762884,0,interleaved
152,152,0,0.7919156566158897,0.6300306138125773,0,interleaved
153,153,0,0.5585692055577894,0.39260728539208134,0,interleaved
154,154,0,0.747436437317657,0.4214594867743694,0,interleaved
155,155,0,0.611263926020105,0.44904748919231063,0,interleaved
156,156,0,0.15304895844749836,0.6523540746160005,0,interleaved
157,157,0,0.4144847990938022,0.4385991750903571,0,interleaved
158,158,0,0.697686013611089,0.47366823883400744,0,interleaved
159,159,0,0.6465398549534584,0.4110684788880423,0,interleaved
160,160,0,0.45949257154440204,0.37688584444108886,0,interleaved
161,161,0,0.6892574571815799,0.49823086039968956,0,interleaved
162,162,0,0.6854407488951485,0.30077229016410845,0,interleaved
163,163,0,0.1504369338780234,0.41802637213351485,0,interleaved
164,164,0,0.8443071916118585,0.3669642020709242,0,interleaved
165,165,0,0.7167247259191676,0.38154167440633124,0,interleaved
166,166,0,0.6096564402132286,0.3845230779752934,0,interleaved
167,167,0,0.8214458520808932,0.46658123534282026,0,interleaved
168,168,0,0.7190112177986214,0.4032902219453889,0,interleaved
169,169,0,0.7892396102814065,0.4099471416225702,0,interleaved
170,170,0,0.5740938539548561,0.5093014517224097,0,interleaved
171,171,0,0.46701442547958283,0.3938978711654649,0,interleaved
172,172,0,0.7684328745545179,0.3537446651427441,0,interleaved
173,173,0,0.11549878593739898,0.5094607555602034,0,interleaved
174,174,0,0.1183932679743406,0.4090032409964267,0,interleaved
175,175,0,0.08815881931159385,0.5424559667675763,0,interleaved
176,176,0,0.09180243771562487,0.47298675103598176,0,interleaved
177,177,0,0.8137582766780285,0.39038806835767204,0,interleaved
178,178,0,0.4541351310362966,0.37862560711576543,0,interleaved
179,179,0,0.10560489046753214,0.45176805777713075,0,interleaved
180,180,0,0.6062528628334127,0.4050162651462417,0,interleaved
181,181,0,0.9060356750176707,0.4092506643464259,0,interleaved
182,182,0,0.5175224123461422,0.3668824630779518,0,interleaved
183,183,0,0.8842201373770527,0.2832926833574929,0,interleaved
184,184,0,0.039650794772910884,0.5362785234497118,0,interleaved
185,185,0,0.43819402828364296,0.3677383554127598,0,interleaved
186,186,0,0.45189056259338073,0.3930278226450836,0,interleaved
187,187,0,0.21968687198968387,0.5241276051041284,0,interleaved
188,188,0,0.5402178463522853,0.40721851236667694,0,interleaved
189,189,0,0.562291764906546,0.47323962023851246,0,interleaved
190,190,0,0.7723678606246769,0.5117584284082528,0,interleaved
191,191,0,0.1363887248351816,0.5093182773368665,0,interleaved
192,192,0,0.38649217072465075,0.3228660875847055,0,interleaved
193,193,0,0.1319549313988701,0.5028989728494224,0,interleaved
194,194,0,0.1556845716361117,0.6668185063419827,0,interleaved
195,195,0,0.6032650278545094,0.33286391839197277,0,interleaved
196,196,0,0.7438566523657077,0.3979771950805667,0,interleaved
197,197,0,0.4503805618333803,0.41993163661355326,0,interleaved
198,198,0,0.6770727840369652,0.48098874402132397,0,interleaved
199,199,0,0.8009928684329854,0.4162927678687295,0,interleaved
200,0,0,0.5012005156341116,0.7463068751803434,0,blocked
201,1,0,0.5005415997990813,0.7528836822031574,0,blocked
202,2,0,0.4805970057516627,0.6552223127255759,0,blocked
203,3,0,0.5030670120010565,0.7283251054529506,0,blocked
204,4,0,0.5043763028487068,0.5340161037737213,0,blocked
205,5,1,0.5305169187103641,1.1038571182694041,0,blocked
206,6,0,0.5023903097201027,0.6779649425123522,0,blocked
207,7,0,0.5025740031736687,0.7104195369454689,0,blocked
208,8,0,0.4695276493005781,0.739149942008241,0,blocked
209,9,0,0.4679698713106978,0.5692449083687238,0,blocked
210,10,0,0.4699335475827724,0.6130291797450638,0,blocked
211,11,0,0.5094394895128755,0.6195202367774046,0,blocked
212,12,0,0.5323747681030975,0.5857335439492577,0,blocked
213,13,0,0.506977619320848,0.5773071875394535,0,blocked
214,14,0,0.5544912067835438,0.6275253013941318,0,blocked
215,15,0,0.5033699536862638,0.6111773232579751,0,blocked
216,16,0,0.45988269656361275,0.5870157997288654,0,blocked
217,17,0,0.5235438166920865,0.4141429438808045,0,blocked
218,18,0,0.5109551861303404,0.56833117907772,0,blocked
219,19,0,0.5057268774520121,0.7193674886891899,0,blocked
220,20,0,0.5097763187402193,0.5864354288596324,0,blocked
221,21,0,0.5161720803513308,0.4831498323230119,0,blocked
222,22,0,0.5106237605382806,0.6649645106117819,0,blocked
223,23,0,0.5483733660754863,0.6660360599511046,0,blocked
224,24,0,0.31314064520913476,0.466469767261421,0,blocked
225,25,0,0.5227088683884743,0.605991893592676,0,blocked
226,26,0,0.2942931431018755,0.4700609631573873,0,blocked
227,27,0,0.3202834839738579,0.674277227074976,0,blocked
228,28,0,0.343248971098077,0.5653765901118195,0,blocked
229,29,0,0.5082316469981013,0.6477093049756726,0,blocked
230,30,0,0.3216967607962572,0.5738581508542296,0,blocked
231,31,0,0.3774533716023606,0.4413454859135705,0,blocked
232,32,0,0.43902193929314504,0.3903813499229548,0,blocked
233,33,0,0.49520671201767424,0.9345153252869965,0,blocked
234,34,0,0.4781230150215946,0.46635620492980917,0,blocked
235,35,0,0.4412003817224786,0.5027827467216954,0,blocked
236,36,0,0.5292684582931606,0.6104615185117485,0,blocked
237,37,0,0.3807276516148711,0.46339984917494764,0,blocked
238,38,0,0.5348876193407764,0.5821975837507147,0,blocked
239,39,0,0.45846262934408705,0.4021873891918319,0,blocked
240,40,0,0.9283745879307299,0.4282301006856052,0,blocked
241,41,0,0.2877340574790498,0.5662339749734856,0,blocked
242,42,0,0.38066965022270227,0.5027672652380271,0,blocked
243,43,0,0.6703864901109389,0.4136715194851998,0,blocked
244,44,0,0.5218399176126371,0.5088707743932173,0,blocked
245,45,0,0.938753330533864,0.3558048251749304,0,blocked
246,46,0,0.8268841972554803,0.46242669924835533,0,blocked
247,47,0,0.8921251003543655,0.4434210488659055,0,blocked
248,48,0,0.9065149983040395,0.5842166872222283,0,blocked
249,49,0,0.9141735098323598,0.6247147224965555,0,blocked
250,50,0,0.9357736199460929,0.4368762804448678,0,blocked
251,51,0,0.8379819357356113,0.41888569509147217,0,blocked
252,52,0,0.20889185066526567,0.5235882688729214,0,blocked
253,53,0,0.21620088644217328,0.5199853860827695,0,blocked
254,54,0,0.1618061542795539,0.6198475054597218,0,blocked
255,55,0,0.7105540550314271,0.45906231223745364,0,blocked
256,56,0,0.12969570592518512,0.5648899004719047,0,blocked
257,57,0,0.06080224698491173,0.48858803528809197,0,blocked
258,58,0,0.9660145816320229,0.39072462416888853,0,blocked
259,59,0,0.5200704572222079,0.4186596383772357,0,blocked
260,60,0,0.17547219392517213,0.4587473147746676,0,blocked
261,61,0,0.7657735447684328,0.5602165684384706,0,blocked
262,62,0,0.5434479357847761,0.597119002560931,0,blocked
263,63,0,0.6014368542433545,0.6435432007994486,0,blocked
264,64,0,0.9643435058570438,0.3866563142953339,0,blocked
265,65,0,0.8178186513850032,0.5636109149771408,0,blocked
266,66,0,0.8647276600973618,0.5097163803674137,0,blocked
267,67,0,0.092816545133982,0.6471846913413956,0,blocked
268,68,0,0.8131628910163056,0.6005895099792611,0,blocked
269,69,0,0.8582073416327283,0.40734481898795544,0,blocked
270,70,0,0.15750481177977788,0.5328909251059839,0,blocked
271,71,0,0.2925431285935747,0.5677939945426309,0,blocked
272,72,0,0.17829338694537794,0.6457776309667266,0,blocked
273,73,0,0.2898556690150825,0.49984595870629034,0,blocked
274,74,0,0.9109632998613699,0.42803600242978107,0,blocked
275,75,0,0.5035609860677067,0.494146904049419,0,blocked
276,76,0,0.4597585657283474,0.4196413663465263,0,blocked
277,77,0,0.3327718628731756,0.38000022988208665,0,blocked
278,78,0,0.6555177309240898,0.39373675171044425,0,blocked
279,79,0,0.3698066775037102,0.5546502952557256,0,blocked
280,80,0,0.3828377167655119,0.47131059073465975,0,blocked
281,81,0,0.30290818267960845,0.5865228611176289,0,blocked
282,82,0,0.6114432124095212,0.4150861384227096,0,blocked
283,83,0,0.49898641046761494,0.45263113339004435,0,blocked
284,84,0,0.2793760408137156,0.6943123253237122,0,blocked
285,85,0,0.4157336251190392,0.4562958475411578,0,blocked
286,86,0,0.5230256665715076,0.5173506795145449,0,blocked
287,87,0,0.38096078890067986,0.4437671210709978,0,blocked
288,88,0,0.25070732025138476,0.3735375859390073,0,blocked
289,89,0,0.5090457234589829,0.5678501411707849,0,blocked
290,90,0,0.4673542240583799,0.4952721239411878,0,blocked
291,91,0,0.4766834821791519,0.5741766156865397,0,blocked
292,92,0,0.48093241532856834,0.5161917447291933,0,blocked
293,93,0,0.3917288178744927,0.605262085478651,0,blocked
294,94,0,0.47012690229024556,0.47657417179918804,0,blocked
295,95,0,0.47400037071749207,0.4604312470346009,0,blocked
296,96,0,0.48381701580808684,0.5170038468185412,0,blocked
297,97,0,0.48447773076741046,0.48183977935427064,0,blocked
298,98,0,0.5120931684869418,0.5054574496158696,0,blocked
299,99,0,0.539841502349761,0.3607517032328065,0,blocked
300,100,0,0.4593878403542335,0.4280228567584329,0,blocked
301,101,0,0.4931630058051713,0.5349496916091208,0,blocked
302,102,0,0.5161754559928009,0.5775496058944489,0,blocked
303,103,0,0.4419025558790077,0.43966906175945125,0,blocked
304,104,0,0.48372444487386557,0.46586767280004965,0,blocked
305,105,0,0.44359624811571124,0.36972377508099885,0,blocked
306,106,0,0.5081478009578546,0.567723988691665,0,blocked
307,107,0,0.4222632487279041,0.5010769868812143,0,blocked
308,108,0,0.4400425896906819,0.4873355961815892,0,blocked
309,109,0,0.5468980158993598,0.4639099095215888,0,blocked
310,110,0,0.4789124858205652,0.392844538601533,0,blocked
311,111,0,0.4736300168970833,0.5419385497238224,0,blocked
312,112,0,0.497620402576086,0.5282634377821551,0,blocked
313,113,0,0.4981598141744042,0.5215136395520599,0,blocked
314,114,0,0.4859576324483248,0.5877943098157047,0,blocked
315,115,0,0.46769239975710897,0.5491239658237943,0,blocked
316,116,0,0.5150999906319799,0.4277855175264321,0,blocked
317,117,0,0.4959071855827135,0.5430669269788991,0,blocked
318,118,0,0.4745479914732532,0.46465901896234485,0,blocked
319,119,0,0.6234434764040858,0.36309362691397407,0,blocked
320,120,0,0.6126293968149477,0.4270497783335476,0,blocked
321,121,0,0.9311250338986143,0.4835270421762026,0,blocked
322,122,0,0.314372817151616,0.4134727042283653,0,blocked
323,123,0,0.22077488560252848,0.5249572375827177,0,blocked
324,124,0,0.48340423948243,0.4741686459672094,0,blocked
325,125,0,0.6005422000809427,0.48940462864485224,0,blocked
326,126,0,0.26674758032938845,0.45863506240357754,0,blocked
327,127,0,0.6187374370011929,0.5087124256972829,0,blocked
328,128,0,0.5518598091546725,0.4054070698827012,0,blocked
329,129,0,0.2770987469449673,0.4475364929659425,0,blocked
330,130,0,0.819977422101547,0.443102784766322,0,blocked
331,131,0,0.2909921639732953,0.4762065106721262,0,blocked
332,132,0,0.7973126652156288,0.42368319468887305,0,blocked
333,133,0,0.6944172879320383,0.3606171733758812,0,blocked
334,134,0,0.41034007147278584,0.4641987218437726,0,blocked
335,135,0,0.47575272796812657,0.42879014857608755,0,blocked
336,136,0,0.4809887635204767,0.5155984348561246,0,blocked
337,137,0,0.39166427973751916,0.4364030648975863,0,blocked
338,138,0,0.24798097977162337,0.5422599396450423,0,blocked
339,139,0,0.8562782978918388,0.43042857846366,0,blocked
340,140,0,0.8740775407792618,0.46004789202232654,0,blocked
341,141,0,0.6752246505273395,0.5004346328921748,0,blocked
342,142,0,0.8843861361765689,0.532410789711545,0,blocked
343,143,0,0.7310044304701271,0.4190746293100299,0,blocked
344,144,0,0.8740965282498027,0.4923966565485307,0,blocked
345,145,0,0.8710194946351322,0.3739432814827404,0,blocked
346,146,0,0.22724599015584993,0.5080521622883141,0,blocked
347,147,0,0.9333002950235517,0.3773059692254259,0,blocked
348,148,0,0.31038161398730696,0.6428098362288204,0,blocked
349,149,0,0.37455493482242636,0.49043366844594327,0,blocked
350,150,0,0.45805842791587675,0.5052228617905103,0,blocked
351,151,0,0.8895097117806365,0.465311732454348,0,blocked
352,152,0,0.9610121092775136,0.4363034095501308,0,blocked
353,153,0,0.7540426430514797,0.4065724918308478,0,blocked
354,154,0,0.7391789095945032,0.445314410944196,0,blocked
355,155,0,0.26103672028736163,0.41557655558984896,0,blocked
356,156,0,0.45659152055826324,0.5000547870353048,0,blocked
357,157,0,0.9409847856886813,0.340847807606786,0,blocked
358,158,0,0.5531287761229764,0.6137185392021443,0,blocked
359,159,0,0.34661012227108773,0.5099858739084286,0,blocked
360,160,0,0.6489625994017397,0.4457153349685982,0,blocked
361,161,0,0.5869079868971796,0.5700732948663598,0,blocked
362,162,0,0.6927126937440523,0.48423189488126817,0,blocked
363,163,0,0.47771821210278814,0.496057457466912,0,blocked
364,164,0,0.8490042951672174,0.4534234073630269,0,blocked
365,165,0,0.8279922548284327,0.5123872261242013,0,blocked
366,166,0,0.6790085035301695,0.3976073460933772,0,blocked
367,167,0,0.2904084738906517,0.5756988492319259,0,blocked
368,168,0,0.5365844038955974,0.34490385400317425,0,blocked
369,169,0,0.7912749571136791,0.3224834900882285,0,blocked
370,170,0,0.48962071911447225,0.4278192603155053,0,blocked
371,171,0,0.48993595876471335,0.3962465477957054,0,blocked
372,172,0,0.4204640293175162,0.3792205582079178,0,blocked
373,173,0,0.884195467472146,0.4293637983135169,0,blocked
374,174,0,0.21518928887643968,0.4864056333269154,0,blocked
375,175,0,0.5014814219868737,0.44254497496857026,0,blocked
376,176,0,0.4613433385649024,0.4405700318956495,0,blocked
377,177,0,0.9044365545728574,0.366592740275286,0,blocked
378,178,0,0.46830585966375876,0.48661774458255314,0,blocked
379,179,0,0.4714958977148858,0.524428372777546,0,blocked
380,180,0,0.5064218944333245,0.3968269438821474,0,blocked
381,181,0,0.3165169787498088,0.4467691160022041,0,blocked
382,182,0,0.017438807217855345,0.45292757526378385,0,blocked
383,183,0,0.34874103005331913,0.4825594765034316,0,blocked
384,184,0,0.48256529919565316,0.5839960043941232,0,blocked
385,185,0,0.5052764500860429,0.39327084042441124,0,blocked
386,186,0,0.4905426781800148,0.5782506289953667,0,blocked
387,187,0,0.4820478922475887,0.383669609032081,0,blocked
388,188,0,0.6422362773564594,0.4116025611833173,0,blocked
389,189,0,0.2792108987331974,0.46792948620828306,0,blocked
390,190,0,0.10109724675662396,0.5049762258752726,0,blocked
391,191,0,0.3371126803646026,0.4729092041033224,0,blocked
392,192,0,0.5049097678250085,0.43207372749652706,0,blocked
393,193,0,0.8913121828658862,0.45543013347016137,0,blocked
394,194,0,0.45058351047549605,0.5001081676894387,0,blocked
395,195,0,0.8025606375084299,0.6343402832378744,0,blocked
396,196,0,0.48382661200658056,0.4870286374327363,0,blocked
397,197,0,0.47983592564243494,0.5244001847117287,0,blocked
398,198,0,0.744347767119157,0.3313237533191312,0,blocked
399,199,0,0.2920914230813888,0.35314390849772814,0,blocked
400,0,0,0.6671871516265225,0.5980347383971196,0,early
401,1,0,0.6881201652891168,0.5553264621226041,0,early
402,2,0,0.6582750000730234,0.5451521031455433,0,early
403,3,0,0.12741765236375321,0.6291604950358152,0,early
404,4,1,0.6312956269523666,0.702463029239909,0,early
405,5,2,0.186474355808896,0.9382780454560049,0,early
406,6,0,0.17873769652829433,0.4968829830695316,0,early
407,7,0,0.8861150054943884,0.6999405694875427,0,early
408,8,3,0.5986781273971897,0.7169536342740981,0,early
409,9,0,0.8196682609533337,0.4550424067964088,0,early
410,10,0,0.7298484173586961,0.5666847621676082,0,early
411,11,0,0.707192002826962,0.5930300723212811,0,early
412,12,0,0.7790538796920579,0.38755604217303463,0,early
413,13,0,0.9267794769782883,0.5591064615408905,0,early
414,14,0,0.03413307290758358,0.7592440342543243,0,early
415,15,0,0.18161518466238025,0.50870902979682,0,early
416,16,0,0.26823348485715603,0.5939459909688686,0,early
417,17,0,0.9697932661129333,0.5762227075572972,0,early
418,18,0,0.105662032440548,0.5489051866018844,0,early
419,19,0,0.9329644043699318,0.6352130902140962,0,early
420,20,0,0.7837046378857181,0.4636343386709137,0,early
421,21,0,0.8663440903605899,0.5833587628555398,0,early
422,22,0,0.22338617024743337,0.4444646969960214,0,early
423,23,0,0.11858726245452048,0.6653698610974335,0,early
424,24,0,0.02782520698447978,0.5536853382820246,0,early
425,25,0,0.9430750891996642,0.6281894211660939,0,early
426,26,0,0.9663609672287432,0.3840526943537097,0,early
427,27,0,0.950717245798608,0.4044164154889963,0,early
428,28,0,0.015427036711836645,0.6565827792104145,0,early
429,29,0,0.9561169355184302,0.37459292273533995,0,early
430,30,0,0.05639742533978802,0.4035321243719274,0,early
431,31,0,0.9220995260898206,0.3815717765360842,0,early
432,32,0,0.9406407396627586,0.2794970205025248,0,early
433,33,0,0.9690095820859932,0.42268328787194787,0,early
434,34,0,0.03514966384157305,0.5622942532862409,0,early
435,35,0,0.9211140141664242,0.2588713520333426,0,early
436,36,0,0.039354440917420484,0.4555845783058614,0,early
437,37,0,0.913407288135396,0.44333268487695954,0,early
438,38,0,0.0414411333375141,0.5834241418663959,0,early
439,39,0,0.0727278725465182,0.44951603321195777,0,early
440,40,0,0.47730253604030976,0.592156676101842,0,early
441,41,0,0.4529482863800925,0.6315420800827687,0,early
442,42,0,0.49701953800558496,0.5894230243580156,0,early
443,43,0,0.5000919135788389,0.4511627954881823,0,early
444,44,0,0.5103373460387235,0.5298450716325381,0,early
445,45,0,0.538102128935671,0.36941771961755937,0,early
446,46,0,0.5012282972281433,0.4788172466667593,0,early
447,47,0,0.5005195175149217,0.37891094227162747,0,early
448,48,0,0.46689319891759734,0.42835739171061726,0,early
449,49,0,0.5109588598724739,0.6174404475979629,0,early
450,50,0,0.5170225567613024,0.4956344956190135,0,early
451,51,0,0.4110017049744001,0.4564734924089784,0,early
452,52,0,0.5083312153306735,0.3938245245575783,0,early
453,53,0,0.5260066850041667,0.34330121606396,0,early
454,54,0,0.4669386458639091,0.4380961080509394,0,early
455,55,0,0.5175091458820358,0.5452826175399828,0,early
456,56,0,0.5530755734118745,0.3656248187924277,0,early
457,57,0,0.5211303121051816,0.4193550773597807,0,early
458,58,0,0.3387326045757546,0.5502105477275663,0,early
459,59,0,0.33193639781210865,0.4023510150157079,0,early
460,60,0,0.4372985729667688,0.449627275279504,0,early
461,61,0,0.42467173718247314,0.40836100806446407,0,early
462,62,0,0.4665007154843428,0.5113862210941338,0,early
463,63,0,0.570894339984481,0.517742576621431,0,early
464,64,0,0.5038433991934635,0.36088465679592374,0,early
465,65,0,0.3670903579942418,0.5111081372015955,0,early
466,66,0,0.4712179925397054,0.4534078117834076,0,early
467,67,0,0.5598087705162201,0.4266972533375134,0,early
468,68,0,0.37757127508237476,0.4639551347501236,0,early
469,69,0,0.4062843064747692,0.455745951789051,0,early
470,70,0,0.6381562148737312,0.3423575990291612,0,early
471,71,0,0.3212431326296043,0.5714862391018258,0,early
472,72,0,0.5492976215383901,0.4466715137520804,0,early
473,73,0,0.580304871677511,0.5445469379877317,0,early
474,74,0,0.44836224086003984,0.49385125012126285,0,early
475,75,0,0.653459793336518,0.39789573980205917,0,early
476,76,0,0.5550959001482016,0.4214990557812472,0,early
477,77,0,0.7178583158732549,0.4695456203394177,0,early
478,78,0,0.5752173791672552,0.4601764940697486,0,early
479,79,0,0.33178631456483754,0.3811222515507158,0,early
480,80,0,0.16169776809235617,0.5744309979808131,0,early
481,81,0,0.2625676962525464,0.5326415931939904,0,early
482,82,0,0.8920372904389873,0.4399573683113256,0,early
483,83,0,0.36487941680778746,0.3610196465888952,0,early
484,84,0,0.8883337346901454,0.2876387387736684,0,early
485,85,0,0.6275309798328784,0.3540757149195508,0,early
486,86,0,0.843144973789324,0.46732561184734767,0,early
487,87,0,0.6516563092508445,0.34262451713484493,0,early
488,88,0,0.14570600357562735,0.5125633533733899,0,early
489,89,0,0.40546670043454874,0.6024217683080232,0,early
490,90,0,0.8819568047334606,0.46381465995876325,0,early
491,91,0,0.6748904370159763,0.48449453025080724,0,early
492,92,0,0.9117707962779951,0.36087201922192247,0,early
493,93,0,0.42026792884312064,0.5213560963571562,0,early
494,94,0,0.14192418972501886,0.43573643287281455,0,early
495,95,0,0.5945233780792933,0.4426087899560925,0,early
496,96,0,0.9022876776688642,0.40909898081210894,0,early
497,97,0,0.5665346715689591,0.3724759381479925,0,early
498,98,0,0.8596234021808469,0.3320056809263776,0,early
499,99,0,0.40994740019987475,0.4721596288667566,0,early
500,100,0,0.8421025767905364,0.36665798130489896,0,early
501,101,0,0.723990163769672,0.4302204438788193,0,early
502,102,0,0.14506799211593802,0.5039926308018394,0,early
503,103,0,0.28096381316331104,0.4784218224862409,0,early
504,104,0,0.892565698732874,0.27357106152477617,0,early
505,105,0,0.7630735521157139,0.5169539184451428,0,early
506,106,0,0.935311862662632,0.46274535037369147,0,early
507,107,0,0.36886603717520244,0.4576876964456037,0,early
508,108,0,0.8822384722337095,0.3491468433102952,0,early
509,109,0,0.5584523540712665,0.39470021272786093,0,early
510,110,0,0.11397449372312182,0.42415509087000614,0,early
511,111,0,0.6082113760000964,0.3071524570686318,0,early
512,112,0,0.9089825464415779,0.4615700010192646,0,early
513,113,0,0.48212008681592555,0.4924142585248781,0,early
514,114,0,0.10473667259757134,0.40636233221841345,0,early
515,115,0,0.35745714495172076,0.40116847812242207,0,early
516,116,0,0.07453982049328141,0.5293322721095921,0,early
517,117,0,0.3510667742386619,0.41970332046966274,0,early
518,118,0,0.7975689944500846,0.3583361757031326,0,early
519,119,0,0.4312441728092876,0.40898155275949444,0,early
520,120,0,0.11481488977252038,0.4987981468525414,0,early
521,121,0,0.4597763946998258,0.3706321198781344,0,early
522,122,0,0.15774452232555267,0.4782591211837873,0,early
523,123,0,0.4094519325573517,0.43689920971172624,0,early
524,124,0,0.9003093215703852,0.36811279689489085,0,early
525,125,0,0.5408409371674079,0.39462733054470567,0,early
526,126,0,0.8755555915650335,0.3616553037097777,0,early
527,127,0,0.45966752530106575,0.4218134819022228,0,early
528,128,0,0.9163361702237067,0.401135256592249,0,early
529,129,0,0.4945201179219902,0.3745083400762812,0,early
530,130,0,0.907650764419923,0.47447821424147973,0,early
531,131,0,0.45137133230148585,0.39721329488440077,0,early
532,132,0,0.13186332543230941,0.4863612164587229,0,early
533,133,0,0.4361688515751149,0.5789361205600371,0,early
534,134,0,0.18188379703221652,0.4895396639158063,0,early
535,135,0,0.5326284604877116,0.3573330020324764,0,early
536,136,0,0.08084526580703388,0.44889057839542423,0,early
537,137,0,0.3760700993530453,0.3305830429809729,0,early
538,138,0,0.1255814565236802,0.416096844678624,0,early
539,139,0,0.32283215265122345,0.5109395010988407,0,early
540,140,0,0.1391831497150631,0.4962541476178142,0,early
541,141,0,0.5367960147436827,0.38344957508065725,0,early
542,142,0,0.9396705640411431,0.3889999598510795,0,early
543,143,0,0.4307499023532099,0.4386943652204843,0,early
544,144,0,0.09208471750256429,0.5791550636020242,0,early
545,145,0,0.5074217348880015,0.49654179369383006,0,early
546,146,0,0.9067471031189549,0.24032400504337514,0,early
547,147,0,0.5204365316955724,0.36473713748272074,0,early
548,148,0,0.9290445547597717,0.35052588119093686,0,early
549,149,0,0.5812512019016215,0.3223456722584501,0,early
550,150,0,0.881186357933994,0.33394762165878156,0,early
551,151,0,0.5114715783263228,0.5301519181495654,0,early
552,152,0,0.8800079938975089,0.38712437265761446,0,early
553,153,0,0.4047768665545458,0.41840854841831737,0,early
554,154,0,0.1875117424801992,0.4552655768148759,0,early
555,155,0,0.4927481126554836,0.4811891325968548,0,early
556,156,0,0.9150860519897022,0.435118377700058,0,early
557,157,0,0.42136766327030895,0.38359050227750197,0,early
558,158,0,0.8609826152197013,0.3596503552119355,0,early
559,159,0,0.525545623578322,0.29909866985030287,0,early
560,160,0,0.9673483333316071,0.37642600287872857,0,early
561,161,0,0.4379813435136119,0.5960563100042717,0,early
562,162,0,0.21324501847913577,0.6247618560875645,0,early
563,163,0,0.9051751278064796,0.4388945238850461,0,early
564,164,0,0.47734036214798625,0.40571243782445887,0,early
565,165,0,0.18682670516939012,0.4977168870868157,0,early
566,166,0,0.10732007023171075,0.5314069347168013,0,early
567,167,0,0.5620432663124845,0.3901566971468896,0,early
568,168,0,0.3923936793307535,0.49331468425106445,0,early
569,169,0,0.8431728720571802,0.3572795593423679,0,early
570,170,0,0.3625662838486808,0.3515026951625202,0,early
571,171,0,0.5259905530040148,0.3466177356436992,0,early
572,172,0,0.8521984721748463,0.2802650199075499,0,early
573,173,0,0.8134978845988567,0.27333811923121804,0,early
574,174,0,0.8256698441689855,0.4923202310307182,0,early
575,175,0,0.7961274864463134,0.3585442640293159,0,early
576,176,0,0.5478151542731956,0.5895835156816622,0,early
577,177,0,0.4602343990197044,0.48394311266666806,0,early
578,178,0,0.32322430888326376,0.4688134874119575,0,early
579,179,0,0.4078299689329958,0.6295721501105096,0,early
580,180,0,0.39116681920798846,0.3821341497809984,0,early
581,181,0,0.8835267864879651,0.35945965519115847,0,early
582,182,0,0.0725164148270715,0.5696656878222137,0,early
583,183,0,0.20651381710254513,0.42969404971689396,0,early
584,184,0,0.7841474540605393,0.40371830436623357,0,early
585,185,0,0.6996848605685603,0.4014769454435724,0,early
586,186,0,0.40748090808799586,0.5420014054137894,0,early
587,187,0,0.8169720990937126,0.32227536691975506,0,early
588,188,0,0.1516738749306702,0.43698459755669294,0,early
589,189,0,0.15024816281524486,0.4716371556963965,0,early
590,190,0,0.8522539880780069,0.49914310394535155,0,early
591,191,0,0.3043743680409088,0.4076924954102301,0,early
592,192,0,0.20414416919482617,0.4435513402690335,0,early
593,193,0,0.150962585855082,0.545778727481651,0,early
594,194,0,0.3106860454399053,0.4450833606170849,0,early
595,195,0,0.758460345590793,0.40306746546640426,0,early
596,196,0,0.7821474324406323,0.37216917359282164,0,early
597,197,0,0.6964254723576708,0.4072374357022628,0,early
598,198,0,0.20821232220472458,0.5257973544999677,0,early
599,199,0,0.3072051280141466,0.5087680172876654,0,early
600,0,0,0.5556158849202382,0.5136520216163081,0,middle
601,1,0,0.9643952301781432,0.41588887386894535,0,middle
602,2,0,0.4566630930346454,0.509683263052953,0,middle
603,3,0,0.9941174487555191,0.5637500265301125,0,middle
604,4,0,0.5319338500395158,0.3811076321555604,0,middle
605,5,0,0.039170080546689606,0.4496246465145062,0,middle
606,6,0,0.4411985364771505,0.4291985243586101,0,middle
607,7,0,0.05865462698130207,0.5038502905673985,0,middle
608,8,0,0.5321166125736513,0.5200959223158295,0,middle
609,9,0,0.9363498232191878,0.3683305183323879,0,middle
610,10,0,0.4480226334383525,0.4371958831833993,0,middle
611,11,0,0.9740649118411984,0.44594914686199105,0,middle
612,12,0,0.3510582268490743,0.41293255783976157,0,middle
613,13,0,0.04959019673052471,0.5992319428170477,0,middle
614,14,0,0.5818480042363595,0.3481205827429839,0,middle
615,15,0,0.1456464777588437,0.45063650360988916,0,middle
616,16,0,0.4247931849164392,0.5586589707079896,0,middle
617,17,0,0.21714433371974445,0.43394623883682987,0,middle
618,18,0,0.6073240081406313,0.366405451845208,0,middle
619,19,0,0.11113287272383866,0.44096136914624295,0,middle
620,20,0,0.7537963790967375,0.43865180595917397,0,middle
621,21,0,0.8426004322491873,0.5498466355463734,0,middle
622,22,0,0.5484318592515569,0.3626338406300581,0,middle
623,23,0,0.019141925508328623,0.48021036151487084,0,middle
624,24,0,0.48890464929850735,0.46955154689640566,0,middle
625,25,0,0.8014731415066993,0.39482715200357543,0,middle
626,26,0,0.5560520952438102,0.4604400797661544,0,middle
627,27,0,0.9071231629588594,0.33225655452200004,0,middle
628,28,0,0.4439032879173013,0.45785823986876817,0,middle
629,29,0,0.03595076010499087,0.4196789892129809,0,middle
630,30,0,0.5250899568127372,0.37672257319853,0,middle
631,31,0,0.8822590053436795,0.3408623926829759,0,middle
632,32,0,0.5808518559226492,0.6418885096195383,0,middle
633,33,0,0.13327853674683296,0.4611893278130391,0,middle
634,34,0,0.4947785923428985,0.4931833244019211,0,middle
635,35,0,0.93343376393335,0.4413198545413928,0,middle
636,36,0,0.5702867779337557,0.46948343953223803,0,middle
637,37,0,0.8274408546337877,0.4049850250170506,0,middle
638,38,0,0.45962545238009883,0.38165868362975275,0,middle
639,39,0,0.024872294160863263,0.5187904446051057,0,middle
640,40,0,0.49945397252534535,0.2909543153314659,0,middle
641,41,0,0.5513987226705943,0.3838041050470034,0,middle
642,42,0,0.5465282233191489,0.36980257453167903,0,middle
643,43,0,0.5986665922266421,0.4500058901735812,0,middle
644,44,0,0.5467530568677892,0.43690859656667513,0,middle
645,45,0,0.6418926348818423,0.404687404696508,0,middle
646,46,0,0.5337615784802545,0.37302054670606155,0,middle
647,47,0,0.5847943467801582,0.432676978517738,0,middle
648,48,0,0.5387257879685322,0.3678011803090956,0,middle
649,49,0,0.5047149056211254,0.3101413220108632,0,middle
650,50,0,0.5452984769543177,0.37571848901956656,0,middle
651,51,0,0.6774082292221502,0.41183134702772145,0,middle
652,52,0,0.6873185742431922,0.4271268504222864,0,middle
653,53,0,0.5253031002383142,0.5636486231008454,0,middle
654,54,0,0.5022123094764392,0.39994893438285617,0,middle
655,55,0,0.5060847659953002,0.40267542494114295,0,middle
656,56,0,0.5910791959392678,0.32236231592867537,0,middle
657,57,0,0.4604098826730377,0.41738793561046805,0,middle
658,58,0,0.5025762783885352,0.48752209173163163,0,middle
659,59,0,0.5174605559019602,0.39979045546917524,0,middle
660,60,0,0.6716941538503493,0.2759414052683272,0,middle
661,61,0,0.5645939675008159,0.3032297187512659,0,middle
662,62,0,0.5351266210543703,0.2853754532224217,0,middle
663,63,0,0.7178363898901692,0.3504790633801296,0,middle
664,64,0,0.415836656094767,0.3338146818419152,0,middle
665,65,0,0.4894937841434444,0.4115933333249717,0,middle
666,66,0,0.6344042173920696,0.34269110232612565,0,middle
667,67,0,0.5925833849641107,0.2386842734443112,0,middle
668,68,0,0.37153596031890057,0.45049741203817084,0,middle
669,69,0,0.5923630888088852,0.3938977539665378,0,middle
670,70,0,0.6096963064903299,0.30071245204936436,0,middle
671,71,0,0.8391333465408268,0.3553217205113597,0,middle
672,72,0,0.3353165216982823,0.4809703431328972,0,middle
673,73,0,0.9504844563776154,0.505791849006414,0,middle
674,74,0,0.5247958713551025,0.4447333400397302,0,middle
675,75,0,0.7372320996953198,0.40359008741446645,0,middle
676,76,0,0.8874703135284735,0.43309374957929925,0,middle
677,77,0,0.47532963997053845,0.4967813608911763,0,middle
678,78,0,0.651110721846691,0.3100157511062066,0,middle
679,79,0,0.7716803166560153,0.49359119263132795,0,middle
680,80,0,0.1091336028517216,0.4852508816395687,0,middle
681,81,0,0.7271951613297196,0.49209334613618166,0,middle
682,82,0,0.7038159435365179,0.41668627170451167,0,middle
683,83,0,0.17066033948325876,0.4143206014357672,0,middle
684,84,0,0.6512967631702129,0.35423519551337257,0,middle
685,85,0,0.6140749180773757,0.24855052786574436,0,middle
686,86,0,0.8090278839096071,0.4051524481675345,0,middle
687,87,0,0.8382766139399813,0.5563204495659639,0,middle
688,88,0,0.9034758768695088,0.32341281306330544,0,middle
689,89,0,0.7662791692564233,0.2614830468630027,0,middle
690,90,0,0.7359386529352197,0.3088845698074309,0,middle
691,91,0,0.9126401849111041,0.4298492828008199,0,middle
692,92,0,0.07918169846591848,0.40999963619310176,0,middle
693,93,0,0.0735731240769756,0.42897370344011415,0,middle
694,94,0,0.6578419019327906,0.3514149094691512,0,middle
695,95,0,0.8447117575745018,0.41523982302306184,0,middle
696,96,0,0.05543441097592938,0.6021302427201147,0,middle
697,97,0,0.062185997691694,0.5188845191443565,0,middle
698,98,0,0.08159412833556881,0.533034077217691,0,middle
699,99,0,0.05714998677505817,0.4656375353948854,0,middle
700,100,0,0.6979890462742437,0.37088197791767774,0,middle
701,101,0,0.7089829135933219,0.31479859327861537,0,middle
702,102,0,0.08859561579655857,0.41857777993830025,0,middle
703,103,0,0.3307178731231114,0.5747274621158706,0,middle
704,104,0,0.09689684816530529,0.3926232554831673,0,middle
705,105,0,0.5448705446269106,0.37465102538212625,0,middle
706,106,0,0.19352297853566816,0.5611631099049814,0,middle
707,107,0,0.12144506037156552,0.47913696112887805,0,middle
708,108,0,0.3062175570654398,0.4585002328685275,0,middle
709,109,0,0.055217872791450774,0.4265234485011922,0,middle
710,110,0,0.5949307135842904,0.34314227140304776,0,middle
711,111,0,0.5434054710884687,0.3778854568760438,0,middle
712,112,0,0.14757689997399112,0.39082150867407983,0,middle
713,113,0,0.2217106124230061,0.431344778727908,0,middle
714,114,0,0.11527126457025966,0.4555119140641497,0,middle
715,115,0,0.5845118076836826,0.2931831921295953,0,middle
716,116,0,0.12088600263043077,0.42148495783739565,0,middle
717,117,0,0.5194494519204076,0.37430006531333304,0,middle
718,118,0,0.11931828330374504,0.5517315663511466,0,middle
719,119,0,0.2775302803363686,0.45456073533082897,0,middle
720,120,0,0.7501946578919039,0.40977983257656514,0,middle
721,121,0,0.3592765474101188,0.38778117082837593,0,middle
722,122,0,0.7625635759749285,0.3213618528057769,0,middle
723,123,0,0.660383577462043,0.28781672165545125,0,middle
724,124,0,0.5007845620050625,0.3238660541999663,0,middle
725,125,0,0.3042228175597061,0.4516982790457158,0,middle
726,126,0,0.7648844771701788,0.39762989291683726,0,middle
727,127,0,0.6255937677516484,0.41042366836582433,0,middle
728,128,0,0.3583125217392108,0.4419189915621642,0,middle
729,129,0,0.14909244419826942,0.4646374287658471,0,middle
730,130,0,0.44807295286127363,0.3682406022320961,0,middle
731,131,0,0.8023645879550068,0.44679646173091564,0,middle
732,132,0,0.31681303312888437,0.44573360651682203,0,middle
733,133,0,0.22060619003329104,0.5334878815649533,0,middle
734,134,0,0.4441147204560827,0.348370496386577,0,middle
735,135,0,0.8053158052044176,0.2475618720243386,0,middle
736,136,0,0.5127819661621766,0.4096783658571024,0,middle
737,137,0,0.13239507680425738,0.43320889266928264,0,middle
738,138,0,0.5618130750560391,0.29358215283634437,0,middle
739,139,0,0.7078759814977306,0.33597679714263806,0,middle
740,140,0,0.6001981284017803,0.3723668552463451,0,middle
741,141,0,0.6502354075130083,0.2814001672215912,0,middle
742,142,0,0.5454111409167794,0.29002667658405296,0,middle
743,143,0,0.22810741626617198,0.38058364125072264,0,middle
744,144,0,0.604601771927087,0.26646887060745605,0,middle
745,145,0,0.28387129918143106,0.4154673527877703,0,middle
746,146,0,0.4713065361739765,0.32056194936664956,0,middle
747,147,0,0.7281842050729808,0.39486753986600137,0,middle
748,148,0,0.7925243290919561,0.37165292481348794,0,middle
749,149,0,0.21434742311000352,0.47443887423597525,0,middle
750,150,0,0.24882753812950775,0.42025858152293816,0,middle
751,151,0,0.7777830546535356,0.41412174990723616,0,middle
752,152,0,0.5583944919647303,0.40131938683762125,0,middle
753,153,0,0.7964701233245253,0.36892341189847344,0,middle
754,154,0,0.4931302867727304,0.43216713884897956,0,middle
755,155,0,0.7862331354954166,0.25536800308932744,0,middle
756,156,0,0.38500991238369975,0.5271008423721952,0,middle
757,157,0,0.10509526464556622,0.5364435748783808,0,middle
758,158,0,0.568874213628499,0.29737664874627684,0,middle
759,159,0,0.2602218060941635,0.5093076182516031,0,middle
760,160,0,0.08034512125673579,0.3159368494968709,0,middle
761,161,0,0.3161552740010292,0.582745730419819,0,middle
762,162,0,0.4529207183699505,0.3576881347932788,0,middle
763,163,0,0.6579279180683538,0.394622278737629,0,middle
764,164,0,0.5166791643904934,0.39552356918527914,0,middle
765,165,0,0.3911082094212307,0.48295813627033535,0,middle
766,166,0,0.8068274452870077,0.32573175871055404,0,middle
767,167,0,0.5746843574500838,0.49431714799496584,0,middle
768,168,0,0.798155771964126,0.44812229268447873,0,middle
769,169,0,0.49916388403082596,0.33398911337208304,0,middle
770,170,0,0.8129196904288756,0.38535542786454235,0,middle
771,171,0,0.42311749126209747,0.3183783305980846,0,middle
772,172,0,0.8670367748597442,0.37038467769844574,0,middle
773,173,0,0.0645887891550837,0.30952759706136534,0,middle
774,174,0,0.557178731639754,0.4329939200351507,0,middle
775,175,0,0.17958147580558717,0.43983255939999233,0,middle
776,176,0,0.07324278188676248,0.5322443334668421,0,middle
777,177,0,0.4419808374732315,0.414030661261871,0,middle
778,178,0,0.4994439436063452,0.39073325131059744,0,middle
779,179,0,0.7726980835161246,0.24919376789524617,0,middle
780,180,0,0.0911090094607278,0.3757575377843908,0,middle
781,181,0,0.6050781989390037,0.37556085092214714,0,middle
782,182,0,0.10327113985594448,0.35148091961756556,0,middle
783,183,0,0.6199633836754355,0.3976636420382784,0,middle
784,184,0,0.7346484015626815,0.24344747434044783,0,middle
785,185,0,0.5165067861460968,0.3645462757694527,0,middle
786,186,0,0.5582865823752498,0.29395243227899626,0,middle
787,187,0,0.4323146330510736,0.2639021665211452,0,middle
788,188,0,0.08682931560002993,0.3841091656603892,0,middle
789,189,0,0.15386720375130675,0.35159929153969993,0,middle
790,190,0,0.7564164222918976,0.3855851768363572,0,middle
791,191,0,0.3994372876389515,0.6116361635209107,0,middle
792,192,0,0.3830408400145999,0.5979853812315481,0,middle
793,193,0,0.7801697222056514,0.43349208925316535,0,middle
794,194,0,0.6977687457156241,0.5297398383301765,0,middle
795,195,0,0.8148538039801698,0.4334837434679015,0,middle
796,196,0,0.07689972136260295,0.34585593663612896,0,middle
797,197,0,0.9047080977070969,0.38962976439527097,0,middle
798,198,0,0.8906242023132998,0.3924181749250282,0,middle
799,199,0,0.6511784987379686,0.29035676517011655,0,middle
800,0,0,0.6469734973728879,0.4282245916621187,0,late
801,1,0,0.11477302245892548,0.6765653405732481,0,late
802,2,0,0.2875007800372602,0.597193892731487,0,late
803,3,0,0.7931141147356451,0.5125959363349182,0,late
804,4,0,0.6842198021885916,0.5966238993332107,0,late
805,5,0,0.7142123796509164,0.69184387285469,0,late
806,6,0,0.3320144624978731,0.6899734495715647,0,late
807,7,0,0.25210419417896485,0.6812235390089124,0,late
808,8,0,0.6699716005269476,0.6368715513141966,0,late
809,9,0,0.18343385849079655,0.616395809574922,0,late
810,10,0,0.2837477374313079,0.5823858244321889,0,late
811,11,0,0.3919351759461942,0.6443158923598993,0,late
812,12,0,0.6544820818627538,0.4922260404804224,0,late
813,13,0,0.4547139003610097,0.5961893597125268,0,late
814,14,0,0.24573280422185184,0.70267980333618,0,late
815,15,0,0.6087070525445892,0.39163495832508954,0,late
816,16,0,0.22835389194596056,0.4568116182553157,0,late
817,17,0,0.6914100714649217,0.481319196279738,0,late
818,18,0,0.21467786566558064,0.5782612354219268,0,late
819,19,0,0.4551053545895478,0.8044348302814622,0,late
820,20,0,0.7630793492051482,0.4825092564193151,0,late
821,21,0,0.6601262635665605,0.3970593626322594,0,late
822,22,0,0.2236856477595638,0.449521837704728,0,late
823,23,0,0.3449754623327173,0.5260035561309235,0,late
824,24,0,0.2304144351422186,0.5059292444366978,0,late
825,25,0,0.718585145534556,0.5348450226675092,0,late
826,26,0,0.18487816094508902,0.5240532663502904,0,late
827,27,0,0.7737861517314186,0.6110378408793977,0,late
828,28,0,0.6999171485118989,0.47821034723859346,0,late
829,29,0,0.3886364240075648,0.41902860629045785,0,late
830,30,0,0.7933933921738864,0.5035267438200561,0,late
831,31,0,0.46393194601024834,0.5598186758261842,0,late
832,32,0,0.15976276053200877,0.5159533829175672,0,late
833,33,0,0.4792965512048022,0.37484428347838217,0,late
834,34,0,0.5076481833775228,0.6732209583315085,0,late
835,35,0,0.632984574397836,0.5827627885591824,0,late
836,36,0,0.7886147926640522,0.3974817716476914,0,late
837,37,0,0.3080489232919391,0.43849266281178545,0,late
838,38,0,0.8055200317103315,0.4373117383274142,0,late
839,39,0,0.3486851571922212,0.627135852572532,0,late
840,40,0,0.22817324834739178,0.4701753817368785,0,late
841,41,0,0.6994191467515156,0.48960008367889263,0,late
842,42,0,0.7882737375359974,0.386283997044061,0,late
843,43,0,0.9511557476737915,0.4351555212672885,0,late
844,44,0,0.27819114976215753,0.6879438496642687,0,late
845,45,0,0.2812736478815726,0.43395273622682906,0,late
846,46,0,0.3575965306633861,0.5532752018261275,0,late
847,47,0,0.3131822284884025,0.4307640243684947,0,late
848,48,0,0.25922538212306323,0.45067715549881504,0,late
849,49,0,0.5241037911034114,0.44522672816634423,0,late
850,50,0,0.6931734242530355,0.5939161904397118,0,late
851,51,0,0.5491182561108446,0.4996043443528131,0,late
852,52,0,0.1421269971237826,0.6147870416929061,0,late
853,53,0,0.5571230539110418,0.4693294502583722,0,late
854,54,0,0.22903509038592748,0.4809790960562611,0,late
855,55,0,0.7104947587486852,0.4222316458781852,0,late
856,56,0,0.7137412440798209,0.5145566359258351,0,late
857,57,0,0.4639255494765667,0.4373541672227008,0,late
858,58,0,0.5470489359123321,0.38140495679423236,0,late
859,59,0,0.5522068787309636,0.4235379532824216,0,late
860,60,0,0.1729349908093632,0.6260516124825428,0,late
861,61,0,0.213612898603224,0.4162566885279227,0,late
862,62,0,0.6904235406497683,0.3672897586409707,0,late
863,63,0,0.2353077968865627,0.47150093708134455,0,late
864,64,0,0.660945017251215,0.5740024187563091,0,late
865,65,0,0.642085457816175,0.29593630258173115,0,late
866,66,0,0.11933402116304073,0.4980481986545055,0,late
867,67,0,0.5319679708115259,0.38918387947445443,0,late
868,68,0,0.11451177720532368,0.5490089681567221,0,late
869,69,0,0.5713478348747055,0.4228466205646241,0,late
870,70,0,0.7693726554013484,0.5558683323809357,0,late
871,71,0,0.6235052462177547,0.3703482870934308,0,late
872,72,0,0.16410949833530628,0.4595700306713289,0,late
873,73,0,0.5783824377704059,0.5449157012757571,0,late
874,74,0,0.7270419591300815,0.5380990870148898,0,late
875,75,0,0.5372724760884131,0.5612011701237112,0,late
876,76,0,0.1085422871300629,0.6666513633749966,0,late
877,77,0,0.5721395545942678,0.38463583269594936,0,late
878,78,0,0.1547134014964236,0.5115197115389597,0,late
879,79,0,0.3493709161510836,0.6038373662632583,0,late
880,80,0,0.166542579579319,0.5910398658017763,0,late
881,81,0,0.1805038411097629,0.49898694106631863,0,late
882,82,0,0.17922036680904796,0.45805651471221664,0,late
883,83,0,0.2596087635527407,0.5183016170060897,0,late
884,84,0,0.5987191843211958,0.34148337246155186,0,late
885,85,0,0.7704876412101587,0.3445531138214135,0,late
886,86,0,0.2530935049678394,0.519495152751001,0,late
887,87,0,0.6180686023336157,0.3693739498457262,0,late
888,88,0,0.7846888027512919,0.5987632343672489,0,late
889,89,0,0.39971300665513804,0.5361219892756713,0,late
890,90,0,0.6970476090179627,0.43630032014842635,0,late
891,91,0,0.7488760334991472,0.5463185011813081,0,late
892,92,0,0.25430232571697853,0.5651519332599263,0,late
893,93,0,0.7403129511186652,0.3448651580804309,0,late
894,94,0,0.6109904262727776,0.4681943038124049,0,late
895,95,0,0.5944671509512447,0.5726879145634005,0,late
896,96,0,0.18999003534241932,0.5234689364921129,0,late
897,97,0,0.7309252733617024,0.42634252481066104,0,late
898,98,0,0.7514501371000402,0.39815334848079703,0,late
899,99,0,0.1700790575225602,0.5988599727442476,0,late
900,100,0,0.16026768949528228,0.4251888857717846,0,late
901,101,0,0.6910421492313887,0.39818024799616536,0,late
902,102,0,0.7456387898282515,0.38663949541102166,0,late
903,103,0,0.17612945126278012,0.5106912775117325,0,late
904,104,0,0.7878574773347322,0.4374201617831479,0,late
905,105,0,0.18820822731487225,0.45216413582070797,0,late
906,106,0,0.7162561636276497,0.5121076083077789,0,late
907,107,0,0.7696873587970923,0.4277387431564658,0,late
908,108,0,0.6730502561201147,0.4372892963907117,0,late
909,109,0,0.667805634461418,0.49413042740642776,0,late
910,110,0,0.57805983913905,0.4464751439657021,0,late
911,111,0,0.7468265261109822,0.4754448036072537,0,late
912,112,0,0.22822471668332012,0.503471144010209,0,late
913,113,0,0.17371013913274333,0.4509461587186754,0,late
914,114,0,0.8304732600644296,0.4309460240508053,0,late
915,115,0,0.6693163065203949,0.303018209101155,0,late
916,116,0,0.23078966137500712,0.5767527372722856,0,late
917,117,0,0.38281635025442495,0.5046136789228965,0,late
918,118,0,0.3176560358764149,0.5189732507815148,0,late
919,119,0,0.27403267874061893,0.4100054671025598,0,late
920,120,0,0.41826374151336493,0.6511818979915804,0,late
921,121,0,0.5420023598081778,0.3846575237434786,0,late
922,122,0,0.5204264748432811,0.40605950729049434,0,late
923,123,0,0.6737764774188307,0.4998788235330734,0,late
924,124,0,0.47534483554121226,0.42193585198343375,0,late
925,125,0,0.4171542195821006,0.5460166119444867,0,late
926,126,0,0.7445016468170598,0.38663882658751847,0,late
927,127,0,0.5778341714836985,0.350276416952368,0,late
928,128,0,0.31281468239918003,0.36427665428358347,0,late
929,129,0,0.5557152181512903,0.4845503915608666,0,late
930,130,0,0.6952158762924955,0.45866509528990684,0,late
931,131,0,0.5748464839166184,0.3616655288113897,0,late
932,132,0,0.6441692268289293,0.43744298204854043,0,late
933,133,0,0.8114138550333405,0.469493211525172,0,late
934,134,0,0.4002731756336197,0.4825426520267303,0,late
935,135,0,0.5231957523717478,0.3631434234926463,0,late
936,136,0,0.4581100983486811,0.5115975555396886,0,late
937,137,0,0.7755727390619043,0.4150864716147741,0,late
938,138,0,0.4731910180024227,0.4145423244310006,0,late
939,139,0,0.7076921082278755,0.42874896589608114,0,late
940,140,0,0.5582857502468899,0.5212058587697588,0,late
941,141,0,0.6711161174708636,0.48612877029790064,0,late
942,142,0,0.795511768959084,0.40513423167658924,0,late
943,143,0,0.6128637231301015,0.371738702298541,0,late
944,144,0,0.3914759473463896,0.42978587484632896,0,late
945,145,0,0.47117922199312134,0.4366598176761999,0,late
946,146,0,0.6621359343163475,0.5128100228269042,0,late
947,147,0,0.6807827149729664,0.47673440627164637,0,late
948,148,0,0.3583030036596166,0.3620522554804848,0,late
949,149,0,0.6227391318201096,0.3625763073782363,0,late
950,150,0,0.6302087125682811,0.37565838684101394,0,late
951,151,0,0.41483681694533986,0.48124833241046394,0,late
952,152,0,0.5185151994091857,0.4542023455020513,0,late
953,153,0,0.3337232497581681,0.38487886446876246,0,late
954,154,0,0.8116299673733404,0.5378053378599643,0,late
955,155,0,0.4869088615929813,0.5128856838522629,0,late
956,156,0,0.34386477969450696,0.4400518519994505,0,late
957,157,0,0.6538920583324592,0.35313894721434635,0,late
958,158,0,0.494429656721445,0.4725966212081881,0,late
959,159,0,0.586600188046393,0.40753550742291955,0,late
960,160,0,0.6408166956752658,0.3716491431518082,0,late
961,161,0,0.6070074792293465,0.5207945638957633,0,late
962,162,0,0.7607314662382488,0.4584492637120425,0,late
963,163,0,0.398572327232875,0.3379221746881891,0,late
964,164,0,0.3947948764684568,0.31460664103585695,0,late
965,165,0,0.752465090689191,0.3579571316241068,0,late
966,166,0,0.3989489133037221,0.5401496673684005,0,late
967,167,0,0.22770115981763256,0.42713173699859064,0,late
968,168,0,0.43361406759296717,0.5100410770322424,0,late
969,169,0,0.285831485537298,0.5108789745574492,0,late
970,170,0,0.6266694517407796,0.4154581967494934,0,late
971,171,0,0.4580287480695478,0.33569904352040075,0,late
972,172,0,0.44019534187316256,0.4338397555125295,0,late
973,173,0,0.6095158339473175,0.4141514390029039,0,late
974,174,0,0.4173778663595747,0.40276517533054834,0,late
975,175,0,0.5757880179968989,0.4061193618918616,0,late
976,176,0,0.5857392845881908,0.33357517858085095,0,late
977,177,0,0.8495064368155365,0.3678208843628751,0,late
978,178,0,0.4867378394431019,0.3711149802064297,0,late
979,179,0,0.18476760243860368,0.5683053276318748,0,late
980,180,0,0.2410707566247852,0.41170387400318775,0,late
981,181,0,0.7214359507302425,0.33692932295117095,0,late
982,182,0,0.7529682809991765,0.46811130060374523,0,late
983,183,0,0.4664690081495961,0.5525943399024192,0,late
984,184,0,0.6810342306836543,0.42678427270387936,0,late
985,185,0,0.592234766255214,0.405389059306865,0,late
986,186,0,0.5964627450104903,0.3722563904547105,0,late
987,187,0,0.21602747959388935,0.4524036605944336,0,late
988,188,0,0.5295204336244315,0.4332406794553484,0,late
989,189,0,0.258430688515657,0.41784991003450056,0,late
990,190,0,0.7531898289517078,0.3583293398422651,0,late
991,191,0,0.619745927621967,0.4157294135540127,0,late
992,192,0,0.8082992106686964,0.459859443528122,0,late
993,193,0,0.6166136357669851,0.31786806696624326,0,late
994,194,0,0.578172590485619,0.35735443381563325,0,late
995,195,0,0.3649873218667057,0.526815432942286,0,late
996,196,0,0.2183324908662529,0.3544263682552611,0,late
997,197,0,0.5764506027243391,0.41558391071673695,0,late
998,198,0,0.5846605389356313,0.3640083007558374,0,late
999,199,0,0.4732611794618721,0.33703802812096684,0,late
1000,0,0,0.5761641624002241,0.7599301402021817,1,interleaved
1001,1,0,0.35273858762002214,0.5274652115040288,1,interleaved
1002,2,0,0.43766299065883507,0.6912899039462106,1,interleaved
1003,3,0,0.5819749869217146,0.8782909795750492,1,interleaved
1004,4,0,0.5665910263002993,0.731708613758143,1,interleaved
1005,5,0,0.1424894948923226,0.6233180446963495,1,interleaved
1006,6,0,0.6199464914585204,0.8635318541625443,1,interleaved
1007,7,0,0.20014043837424977,0.5540390226137881,1,interleaved
1008,8,0,0.6131914703175082,0.545680207998945,1,interleaved
1009,9,0,0.6954211234238555,0.5898489514840759,1,interleaved
1010,10,0,0.5796803305452336,0.56248150954008,1,interleaved
1011,11,0,0.30587402079583015,0.45298001257231013,1,interleaved
1012,12,0,0.23088632954485017,0.8016171314125464,1,interleaved
1013,13,0,0.319295534351018,0.5416152305444093,1,interleaved
1014,14,0,0.5605145120104996,0.49959402618873394,1,interleaved
1015,15,0,0.25475827236340676,0.7069218585034457,1,interleaved
1016,16,0,0.3830231157411028,0.5752564888345502,1,interleaved
1017,17,0,0.1168551343239704,0.6397962801258741,1,interleaved
1018,18,0,0.6079534358711705,0.6917068455196906,1,interleaved
1019,19,0,0.3001926253113837,0.4953075602519843,1,interleaved
1020,20,0,0.5865658962561204,0.4794320404375001,1,interleaved
1021,21,0,0.303003869654181,0.5247389609897981,1,interleaved
1022,22,0,0.5717273243116628,0.48426505637483686,1,interleaved
1023,23,0,0.3834217533546954,0.665814625320106,1,interleaved
1024,24,0,0.26609825423199285,0.7141396543220988,1,interleaved
1025,25,0,0.5888329334668273,0.5013562990056294,1,interleaved
1026,26,0,0.20267650707967566,0.5209233985868108,1,interleaved
1027,27,0,0.14527776414565405,0.49593057196539425,1,interleaved
1028,28,0,0.7323992316360106,0.5565677719888472,1,interleaved
1029,29,0,0.32671598344456343,0.49812253876690105,1,interleaved
1030,30,0,0.3300441550419733,0.4436676454754285,1,interleaved
1031,31,0,0.08314979331609788,0.5321206533844894,1,interleaved
1032,32,0,0.7484136293349816,0.5334279593501283,1,interleaved
1033,33,0,0.2984896651799807,0.4750100956619522,1,interleaved
1034,34,0,0.6085449685310276,0.5537284966195221,1,interleaved
1035,35,0,0.21864883531571636,0.49067322729714746,1,interleaved
1036,36,0,0.4411464013523132,0.5325501056770545,1,interleaved
1037,37,0,0.6290394405277204,0.41559155892627786,1,interleaved
1038,38,0,0.5755773984408749,0.5769856792306876,1,interleaved
1039,39,0,0.4924483911143452,0.5871929754885683,1,interleaved
1040,40,0,0.3712981395821282,0.5187956745830067,1,interleaved
1041,41,0,0.5977690871909204,0.5654049507293284,1,interleaved
1042,42,0,0.2164072531185709,0.46701419922973386,1,interleaved
1043,43,0,0.5072854087777217,0.6893280068309049,1,interleaved
1044,44,0,0.26590553162870967,0.39117239432555245,1,interleaved
1045,45,0,0.6329518108945095,0.5210039568537683,1,interleaved
1046,46,0,0.40612235773463257,0.4308294920027572,1,interleaved
1047,47,0,0.3212504442495555,0.568749759604169,1,interleaved
1048,48,0,0.4355481869942597,0.5943902565030235,1,interleaved
1049,49,0,0.6562556086999131,0.40146330017570786,1,interleaved
1050,50,0,0.3968897817712995,0.4167176499520332,1,interleaved
1051,51,0,0.6584867807874046,0.4697982804579811,1,interleaved
1052,52,0,0.7189449207343497,0.3954729005337365,1,interleaved
1053,53,0,0.5426251683829693,0.3797005323445284,1,interleaved
1054,54,0,0.7560347813254266,0.4651622831826331,1,interleaved
1055,55,0,0.5771025576144222,0.3965033243381757,1,interleaved
1056,56,0,0.22673622740955257,0.48397223058461136,1,interleaved
1057,57,0,0.5592159257971419,0.5149801678649091,1,interleaved
1058,58,0,0.8225508004450975,0.46483902063736393,1,interleaved
1059,59,0,0.4544639388240596,0.5048445044310969,1,interleaved
1060,60,0,0.8093983397128754,0.5691324666102913,1,interleaved
1061,61,0,0.49194690144216063,0.5599821467332331,1,interleaved
1062,62,0,0.44426455702760326,0.5302201234668917,1,interleaved
1063,63,0,0.4296019044841435,0.6410620494986591,1,interleaved
1064,64,0,0.8691830313552902,0.4739134432856247,1,interleaved
1065,65,0,0.51940521103108,0.4619778680860741,1,interleaved
1066,66,0,0.6962869124366966,0.37616852287166147,1,interleaved
1067,67,0,0.5410302476710731,0.41181053994127204,1,interleaved
1068,68,0,0.8067581587876712,0.32605834362332675,1,interleaved
1069,69,0,0.5245981487352532,0.43980637527163025,1,interleaved
1070,70,0,0.7351131475021822,0.49917787094391364,1,interleaved
1071,71,0,0.5507616089466716,0.48180117123916266,1,interleaved
1072,72,0,0.26143086378308583,0.5041729676390676,1,interleaved
1073,73,0,0.49068955156025873,0.4716822716391875,1,interleaved
1074,74,0,0.6622687138187942,0.5142657878829272,1,interleaved
1075,75,0,0.484769298206968,0.46557244746855675,1,interleaved
1076,76,0,0.5549537795855468,0.5374671916910954,1,interleaved
1077,77,0,0.5155155957796864,0.49088359818858324,1,interleaved
1078,78,0,0.9142552665386074,0.40566507158535803,1,interleaved
1079,79,0,0.5054016441267171,0.42892522172860464,1,interleaved
1080,80,0,0.1527037942381202,0.6042034415495054,1,interleaved
1081,81,0,0.3701519916446881,0.5356336276197148,1,interleaved
1082,82,0,0.9066679720878592,0.3609430576571052,1,interleaved
1083,83,0,0.48245608318450556,0.4311851094939518,1,interleaved
1084,84,0,0.9118119310552579,0.34321041936128577,1,interleaved
1085,85,0,0.5081837803659282,0.3583250541290302,1,interleaved
1086,86,0,0.09342034698883395,0.43556209354909686,1,interleaved
1087,87,0,0.5212953847732232,0.4271392076823508,1,interleaved
1088,88,0,0.9241933298453466,0.41357648639467764,1,interleaved
1089,89,0,0.4912215651551915,0.3799387271555027,1,interleaved
1090,90,0,0.8869073119809294,0.38639425364519925,1,interleaved
1091,91,0,0.39053304527938987,0.49820428119929017,1,interleaved
1092,92,0,0.9148530201059696,0.38909167117218857,1,interleaved
1093,93,0,0.508648965798854,0.4022474747568554,1,interleaved
1094,94,0,0.8260498605551182,0.3956956541026639,1,interleaved
1095,95,0,0.4039178607860143,0.4383252544240206,1,interleaved
1096,96,0,0.2863329881001738,0.5905885390438226,1,interleaved
1097,97,0,0.4641252148016885,0.48604985299425524,1,interleaved
1098,98,0,0.8505887777174634,0.3384219229731644,1,interleaved
1099,99,0,0.4993687784186097,0.3871441490701314,1,interleaved
1100,100,0,0.13595269117818837,0.4439506160050698,1,interleaved
1101,101,0,0.5143946119033168,0.42514299586769666,1,interleaved
1102,102,0,0.8067296786403173,0.440359312317028,1,interleaved
1103,103,0,0.5898589421450082,0.5315889689639136,1,interleaved
1104,104,0,0.8297097601072823,0.4566936254788418,1,interleaved
1105,105,0,0.5227751425422147,0.406685292987693,1,interleaved
1106,106,0,0.35092559216541275,0.49820734380852033,1,interleaved
1107,107,0,0.44820744798161943,0.46318216750100005,1,interleaved
1108,108,0,0.22312067602682667,0.46962438761640696,1,interleaved
1109,109,0,0.4268137469774138,0.5196903939807177,1,interleaved
1110,110,0,0.8231386864394405,0.3338003528443597,1,interleaved
1111,111,0,0.6062046939143737,0.5096472693942646,1,interleaved
1112,112,0,0.3885997517606874,0.5733749574031948,1,interleaved
1113,113,0,0.4939309182978378,0.3677050081832679,1,interleaved
1114,114,0,0.863632811094504,0.4349851687093379,1,interleaved
1115,115,0,0.37179446041238084,0.4774801854107184,1,interleaved
1116,116,0,0.2804595078140116,0.5663323866902852,1,interleaved
1117,117,0,0.5452533684522587,0.379055722068249,1,interleaved
1118,118,0,0.3574639804450933,0.4864016459877827,1,interleaved
1119,119,0,0.3916737209298471,0.473282343238117,1,interleaved
1120,120,0,0.782768003812927,0.43443742053473766,1,interleaved
1121,121,0,0.5101700237996478,0.45003010784677944,1,interleaved
1122,122,0,0.6853858021208263,0.5162923127421898,1,interleaved
1123,123,0,0.5927161106710742,0.34442599189445744,1,interleaved
1124,124,0,0.7431746834648738,0.34226398329024443,1,interleaved
1125,125,0,0.35854743838696856,0.5152764259195917,1,interleaved
1126,126,0,0.21767610913522628,0.3996244499676407,1,interleaved
1127,127,0,0.49982255441393364,0.46258192006166193,1,interleaved
1128,128,0,0.8185716639335077,0.31638072964786024,1,interleaved
1129,129,0,0.39536660972267534,0.44280840568827995,1,interleaved
1130,130,0,0.3064704021799322,0.40198128331506633,1,interleaved
1131,131,0,0.5069194834209042,0.4694341339942941,1,interleaved
1132,132,0,0.8925256319773416,0.3838626414465375,1,interleaved
1133,133,0,0.5541347984561634,0.47803547355086845,1,interleaved
1134,134,0,0.8071557766721511,0.372202096810637,1,interleaved
1135,135,0,0.5448387438274284,0.43435655356288544,1,interleaved
1136,136,0,0.20853622084300222,0.45072310379588815,1,interleaved
1137,137,0,0.5491355440582291,0.46435278879923725,1,interleaved
1138,138,0,0.6851984634757616,0.4219558884429443,1,interleaved
1139,139,0,0.6416565408588422,0.46211867195502565,1,interleaved
1140,140,0,0.8511031871980055,0.2983308165616282,1,interleaved
1141,141,0,0.3737235974911576,0.4624696298453702,1,interleaved
1142,142,0,0.8503592020881816,0.3080284991737857,1,interleaved
1143,143,0,0.42566323815493856,0.4043169613088361,1,interleaved
1144,144,0,0.9215386016675859,0.397137060380123,1,interleaved
1145,145,0,0.5489776231592111,0.3993384991354476,1,interleaved
1146,146,0,0.8081180117404814,0.30386994661727945,1,interleaved
1147,147,0,0.5131447981490092,0.4011763685397755,1,interleaved
1148,148,0,0.16318248909433758,0.4202737749305501,1,interleaved
1149,149,0,0.5607621764936275,0.38937705988712623,1,interleaved
1150,150,0,0.8603637935561286,0.34953067947260696,1,interleaved
1151,151,0,0.4436949599901576,0.4724434124333107,1,interleaved
1152,152,0,0.7996631122630409,0.3717947022878739,1,interleaved
1153,153,0,0.6229542016247702,0.41801640733528805,1,interleaved
1154,154,0,0.8886636341037053,0.45780538153035866,1,interleaved
1155,155,0,0.5241469388046364,0.6009914353099676,1,interleaved
1156,156,0,0.17786912488213674,0.556389646980058,1,interleaved
1157,157,0,0.5018566844023162,0.4426373874610806,1,interleaved
1158,158,0,0.14604220891693143,0.4315912649866021,1,interleaved
1159,159,0,0.4416378262981928,0.4293644995587811,1,interleaved
1160,160,0,0.38178592217588064,0.3991641629371352,1,interleaved
1161,161,0,0.44949960368873776,0.3538328503240141,1,interleaved
1162,162,0,0.44957224270707263,0.4399597231183798,1,interleaved
1163,163,0,0.6068410625821169,0.31190488754489637,1,interleaved
1164,164,0,0.881757166362936,0.378483261172515,1,interleaved
1165,165,0,0.5273315150159806,0.4234105166840989,1,interleaved
1166,166,0,0.5073015395523128,0.44155144979050404,1,interleaved
1167,167,0,0.25644648327011743,0.5016311525981505,1,interleaved
1168,168,0,0.30524018121288465,0.5134998805653957,1,interleaved
1169,169,0,0.4954534547998144,0.548789235092443,1,interleaved
1170,170,0,0.7105957223259186,0.46491175941969937,1,interleaved
1171,171,0,0.6174069371403137,0.4915477475976563,1,interleaved
1172,172,0,0.3439523935369529,0.4327053268922927,1,interleaved
1173,173,0,0.45849384478885236,0.35937892320546105,1,interleaved
1174,174,0,0.24559314275568614,0.3945130981774103,1,interleaved
1175,175,0,0.5529728748457735,0.38404177651619037,1,interleaved
1176,176,0,0.18299084296808035,0.502981537668095,1,interleaved
1177,177,0,0.37017610338931217,0.5248478968055246,1,interleaved
1178,178,0,0.5167953932818258,0.40624115736182237,1,interleaved
1179,179,0,0.5587903001661644,0.37837890842149724,1,interleaved
1180,180,0,0.44292126487538996,0.3630457699878319,1,interleaved
1181,181,0,0.14343889184220807,0.44798234119888614,1,interleaved
1182,182,0,0.4067604645782905,0.49650351314673646,1,interleaved
1183,183,0,0.5857244721324608,0.4800899391724855,1,interleaved
1184,184,0,0.4555941024915254,0.34417986842815007,1,interleaved
1185,185,0,0.5652558580830772,0.4192101727710612,1,interleaved
1186,186,0,0.6686577336961741,0.4199913794045246,1,interleaved
1187,187,0,0.7764420677982964,0.6251344808859383,1,interleaved
1188,188,0,0.41798428828828776,0.4851989198523473,1,interleaved
1189,189,0,0.3339195894788046,0.4516196223185672,1,interleaved
1190,190,0,0.46215030614002633,0.4451132378796306,1,interleaved
1191,191,0,0.7809144499979408,0.46380210960203483,1,interleaved
1192,192,0,0.5251310926755575,0.3858376486480235,1,interleaved
1193,193,0,0.5028304495509266,0.36688624701203887,1,interleaved
1194,194,0,0.3691971790698947,0.370907330930962,1,interleaved
1195,195,0,0.473184020898638,0.42475547417777143,1,interleaved
1196,196,0,0.23109295990354392,0.4757902643616808,1,interleaved
1197,197,0,0.9190809788347559,0.476671732148896,1,interleaved
1198,198,0,0.5348327233166004,0.45960891237770657,1,interleaved
1199,199,0,0.1772734130011346,0.4112118600299923,1,interleaved
1200,0,0,0.3385866480466772,0.4824425267865905,1,blocked
1201,1,0,0.15979020966641383,0.5567742958813637,1,blocked
1202,2,0,0.38936182013989107,0.6742405278137487,1,blocked
1203,3,0,0.4043702582702944,0.7037599716774756,1,blocked
1204,4,0,0.581839430638514,0.5314728291580944,1,blocked
1205,5,0,0.5687562318149939,0.47504229295485473,1,blocked
1206,6,0,0.4332870060015519,0.5561058893194312,1,blocked
1207,7,0,0.5604193040697647,0.46941727762719315,1,blocked
1208,8,0,0.7386935832155266,0.5995935756158031,1,blocked
1209,9,0,0.6430324632091552,0.5698320629624347,1,blocked
1210,10,0,0.3077301539361453,0.4972825240946341,1,blocked
1211,11,0,0.5340305844985146,0.43877486786101416,1,blocked
1212,12,0,0.49888889141641546,0.5911403004737019,1,blocked
1213,13,0,0.5677714293127641,0.5593966399534097,1,blocked
1214,14,0,0.5520062290463256,0.47526989992171786,1,blocked
1215,15,0,0.6069090605651439,0.45896726024086054,1,blocked
1216,16,0,0.5002602681397967,0.44167712950422994,1,blocked
1217,17,0,0.512784192617337,0.5102095296722766,1,blocked
1218,18,0,0.5575435349517204,0.5760166582849338,1,blocked
1219,19,0,0.46729169534130643,0.5089152141133563,1,blocked
1220,20,0,0.4880323657689707,0.4088354269071306,1,blocked
1221,21,0,0.3330360942359879,0.44913781765018945,1,blocked
1222,22,0,0.4745846102674558,0.5052122543430878,1,blocked
1223,23,0,0.505091764972154,0.481584275886467,1,blocked
1224,24,0,0.7421385844213886,0.52462332851041,1,blocked
1225,25,0,0.546971061503155,0.4709818313195942,1,blocked
1226,26,0,0.417536517667173,0.3765218618406953,1,blocked
1227,27,0,0.44152543369590325,0.46279327178617197,1,blocked
1228,28,0,0.46422135311341034,0.45051325465140724,1,blocked
1229,29,0,0.4939484145770142,0.3739095689557337,1,blocked
1230,30,0,0.3901462403717478,0.5205676840813633,1,blocked
1231,31,0,0.46838446255786115,0.3992157356860381,1,blocked
1232,32,0,0.47885596336372316,0.4282346239958723,1,blocked
1233,33,0,0.508360773918113,0.48021598356892703,1,blocked
1234,34,0,0.4430886409311855,0.5759288169124603,1,blocked
1235,35,0,0.6224877221555182,0.40050898591621586,1,blocked
1236,36,0,0.7339832152679469,0.4892093387053711,1,blocked
1237,37,0,0.5673403373819161,0.5534866481555905,1,blocked
1238,38,0,0.66666574921479,0.40052924003868984,1,blocked
1239,39,0,0.5916436329477743,0.34707604626182137,1,blocked
1240,40,0,0.7431943344562498,0.3842516352468542,1,blocked
1241,41,0,0.6841015385961386,0.5635196132637945,1,blocked
1242,42,0,0.6839324253644474,0.5531713166662001,1,blocked
1243,43,0,0.11977587593925373,0.45371472666377755,1,blocked
1244,44,0,0.8425750482642307,0.5398975523008858,1,blocked
1245,45,0,0.9640707302699421,0.41318871563083376,1,blocked
1246,46,0,0.8222551543924277,0.43145120706774687,1,blocked
1247,47,0,0.9447259826365463,0.28374460541570096,1,blocked
1248,48,0,0.1476600314968743,0.579911688477486,1,blocked
1249,49,0,0.7453556792829308,0.3293062656711749,1,blocked
1250,50,0,0.732229601307032,0.4468608478689492,1,blocked
1251,51,0,0.37445639157343363,0.5240169743528842,1,blocked
1252,52,0,0.040864472221316575,0.6700669182930579,1,blocked
1253,53,0,0.9532283433609123,0.3953985335761063,1,blocked
1254,54,0,0.06418339532592679,0.5159014132465657,1,blocked
1255,55,0,0.18474040213567655,0.3590995108127779,1,blocked
1256,56,0,0.9117082508253405,0.30317876506966973,1,blocked
1257,57,0,0.9445240286406869,0.38802371457931567,1,blocked
1258,58,0,0.3843279904586566,0.4844647785674999,1,blocked
1259,59,0,0.22731158692731512,0.5821379033881597,1,blocked
1260,60,0,0.30483855176709573,0.6561631410053957,1,blocked
1261,61,0,0.9119653986825285,0.3699143201656496,1,blocked
1262,62,0,0.20708613898222122,0.4076848313023341,1,blocked
1263,63,0,0.12156055286999481,0.466395933819272,1,blocked
1264,64,0,0.5992004007247358,0.40901413470807546,1,blocked
1265,65,0,0.31016093957206775,0.3781318199917252,1,blocked
1266,66,0,0.6605893620826142,0.42262836930665837,1,blocked
1267,67,0,0.27469640792660754,0.37699161048410196,1,blocked
1268,68,0,0.9489597020439493,0.4723637050344253,1,blocked
1269,69,0,0.7017960247564767,0.47206839771039244,1,blocked
1270,70,0,0.7615919616094912,0.5492715476147565,1,blocked
1271,71,0,0.7432680157581377,0.41557661513404776,1,blocked
1272,72,0,0.7065191814345133,0.37797340196134394,1,blocked
1273,73,0,0.7519995466932022,0.5301563861600489,1,blocked
1274,74,0,0.3491652802194007,0.415850016352177,1,blocked
1275,75,0,0.23684611410512713,0.3537574671046412,1,blocked
1276,76,0,0.12651293866457852,0.588152186394895,1,blocked
1277,77,0,0.17956426877663562,0.43047809323839764,1,blocked
1278,78,0,0.6650613051411114,0.4046979520227252,1,blocked
1279,79,0,0.12260930087768131,0.49023669816023463,1,blocked
1280,80,0,0.5382972619160943,0.5448492456788776,1,blocked
1281,81,0,0.47728108527100394,0.5674944336517778,1,blocked
1282,82,0,0.28305743724597077,0.42468295244536025,1,blocked
1283,83,0,0.5165170018662362,0.5035103100557161,1,blocked
1284,84,0,0.5209754589876933,0.4537153741763274,1,blocked
1285,85,0,0.35950650762479947,0.3776183883149214,1,blocked
1286,86,0,0.47275878808591754,0.5105573140917165,1,blocked
1287,87,0,0.44455889682881516,0.36990203429416235,1,blocked
1288,88,0,0.4629599055303552,0.3895371141861356,1,blocked
1289,89,0,0.4759419809575319,0.45642602438375407,1,blocked
1290,90,0,0.4551733086468715,0.4239451624101755,1,blocked
1291,91,0,0.5503790820523233,0.4322662832342242,1,blocked
1292,92,0,0.49502924059878356,0.429495940605534,1,blocked
1293,93,0,0.38713728240808193,0.39348657355714933,1,blocked
1294,94,0,0.3946237057731733,0.41476145465560327,1,blocked
1295,95,0,0.49858687701326376,0.322349109525393,1,blocked
1296,96,0,0.4728612497894155,0.4555777634466137,1,blocked
1297,97,0,0.6379389957558144,0.5684177784379433,1,blocked
1298,98,0,0.4754483955246255,0.3580580306368221,1,blocked
1299,99,0,0.7266290406701922,0.37158146197961717,1,blocked
1300,100,0,0.17129149644529107,0.5186811662425492,1,blocked
1301,101,0,0.6130941567116185,0.3644182415066251,1,blocked
1302,102,0,0.5484278117066164,0.3326470827520952,1,blocked
1303,103,0,0.6273059971496261,0.6039657966132226,1,blocked
1304,104,0,0.4025848854310322,0.4373778918432195,1,blocked
1305,105,0,0.39707023971408595,0.44619733177329324,1,blocked
1306,106,0,0.415707270480375,0.5148729946054221,1,blocked
1307,107,0,0.40485405636169225,0.3766837862801774,1,blocked
1308,108,0,0.38256198146310305,0.3045799321866887,1,blocked
1309,109,0,0.34155705345744236,0.45167619409602705,1,blocked
1310,110,0,0.2672427307088258,0.42048428658460957,1,blocked
1311,111,0,0.6699707751394306,0.44214882416929074,1,blocked
1312,112,0,0.5028783065943473,0.5105019447142631,1,blocked
1313,113,0,0.5681746787389772,0.3953001869113258,1,blocked
1314,114,0,0.37019473084923693,0.5095485512702936,1,blocked
1315,115,0,0.5342905285071852,0.4223072480218153,1,blocked
1316,116,0,0.4594122543519471,0.3719623929372076,1,blocked
1317,117,0,0.647313022527833,0.3576194513187576,1,blocked
1318,118,0,0.5584628784701435,0.4210109444286842,1,blocked
1319,119,0,0.5386680026369202,0.4618245688306291,1,blocked
1320,120,0,0.1532225667470539,0.5141317689094651,1,blocked
1321,121,0,0.18332092860623744,0.39384213832178283,1,blocked
1322,122,0,0.8441299639150122,0.3205384545968313,1,blocked
1323,123,0,0.08542787077488764,0.365379071619124,1,blocked
1324,124,0,0.6814986787876992,0.44263136667374264,1,blocked
1325,125,0,0.6976520783516587,0.4128785010596403,1,blocked
1326,126,0,0.20843208128136922,0.4865033771749765,1,blocked
1327,127,0,0.39102007244947556,0.4268708516493529,1,blocked
1328,128,0,0.29468576048241557,0.4322993017181521,1,blocked
1329,129,0,0.7523618214411008,0.42392560070031393,1,blocked
1330,130,0,0.6073875746518553,0.29285703953199954,1,blocked
1331,131,0,0.5917376470879,0.3283382808154174,1,blocked
1332,132,0,0.7376323008244461,0.3679452966102128,1,blocked
1333,133,0,0.8284627891772856,0.3201635504859839,1,blocked
1334,134,0,0.20753840635053772,0.4224635843296588,1,blocked
1335,135,0,0.8123699838715847,0.3406108414531459,1,blocked
1336,136,0,0.7253894779475447,0.3705312111348652,1,blocked
1337,137,0,0.3762921597054986,0.5445700221569024,1,blocked
1338,138,0,0.18169108148613472,0.35018238878351293,1,blocked
1339,139,0,0.5814558915379673,0.37124303952293103,1,blocked
1340,140,0,0.5284922938310114,0.5767773045694173,1,blocked
1341,141,0,0.3635797402329095,0.43792018224320883,1,blocked
1342,142,0,0.7056294365430118,0.37111869628337946,1,blocked
1343,143,0,0.5183016272574642,0.42547293655340657,1,blocked
1344,144,0,0.2910699777422983,0.4116936914454471,1,blocked
1345,145,0,0.9503502033838709,0.35803808381570734,1,blocked
1346,146,0,0.5331639619761557,0.3644407406512681,1,blocked
1347,147,0,0.5001124733060449,0.482389820076098,1,blocked
1348,148,0,0.5754659162724974,0.3845518855950206,1,blocked
1349,149,0,0.4933090213967285,0.47130412454572645,1,blocked
1350,150,0,0.5237005868962206,0.3303010586080236,1,blocked
1351,151,0,0.7935204575620372,0.41744452210820193,1,blocked
1352,152,0,0.12227305089401844,0.4491552974718891,1,blocked
1353,153,0,0.7022534489551772,0.2455743816024712,1,blocked
1354,154,0,0.896739204549175,0.4363667281061736,1,blocked
1355,155,0,0.6012110974715719,0.36800508365941276,1,blocked
1356,156,0,0.6575704825152031,0.4766148994108173,1,blocked
1357,157,0,0.7105696273970339,0.3161451746341696,1,blocked
1358,158,0,0.6404172859854528,0.5657611176109758,1,blocked
1359,159,0,0.9021551997135533,0.442987916662626,1,blocked
1360,160,0,0.266370241765712,0.32963704563088375,1,blocked
1361,161,0,0.6631914292274171,0.48608237326978965,1,blocked
1362,162,0,0.3707511458237911,0.4483030662093508,1,blocked
1363,163,0,0.5773903347722549,0.41426792538750506,1,blocked
1364,164,0,0.4117365110572514,0.32497839001026163,1,blocked
1365,165,0,0.49742671933162264,0.5894676784459367,1,blocked
1366,166,0,0.8465240892090009,0.3697113567305177,1,blocked
1367,167,0,0.713684959124943,0.39101587785452513,1,blocked
1368,168,0,0.5277308490343292,0.4310033412187123,1,blocked
1369,169,0,0.22170074081007024,0.4309581715349493,1,blocked
1370,170,0,0.5081731710702386,0.2719453840994912,1,blocked
1371,171,0,0.31931598978391584,0.4077020778394934,1,blocked
1372,172,0,0.4483472961680054,0.40291159746334426,1,blocked
1373,173,0,0.36550901428054405,0.5363977157391873,1,blocked
1374,174,0,0.5076931866723557,0.4136916019861308,1,blocked
1375,175,0,0.1792280478385607,0.3244078494738263,1,blocked
1376,176,0,0.58654340062682,0.4439436262769092,1,blocked
1377,177,0,0.46021263154830094,0.38005609119186035,1,blocked
1378,178,0,0.6647817423364413,0.5043811417685886,1,blocked
1379,179,0,0.3604657605789399,0.3822024237057998,1,blocked
1380,180,0,0.5416020072765464,0.5467946872430902,1,blocked
1381,181,0,0.45550524828053085,0.48029473302061215,1,blocked
1382,182,0,0.4004237178823967,0.42102840308685635,1,blocked
1383,183,0,0.5732030643181115,0.3998591745136565,1,blocked
1384,184,0,0.7674458041344033,0.3203068581982091,1,blocked
1385,185,0,0.48441856025615193,0.4505693514031016,1,blocked
1386,186,0,0.4708075424151229,0.43743689438785016,1,blocked
1387,187,0,0.4277871620920211,0.4305618413471437,1,blocked
1388,188,0,0.8301960321090307,0.4643461655345149,1,blocked
1389,189,0,0.35014695961061304,0.4669514438632557,1,blocked
1390,190,0,0.6282745022734243,0.3693209376196608,1,blocked
1391,191,0,0.5551472780338862,0.4741434766841006,1,blocked
1392,192,0,0.4657823031312114,0.4587203551011968,1,blocked
1393,193,0,0.5105807409971908,0.4481447900232759,1,blocked
1394,194,0,0.34199401044352884,0.3608430879771408,1,blocked
1395,195,0,0.5849351206752038,0.4625432966298851,1,blocked
1396,196,0,0.5109911616638909,0.3987757303700682,1,blocked
1397,197,0,0.6665435676827851,0.49901786049514346,1,blocked
1398,198,0,0.08783387172108717,0.523579283631581,1,blocked
1399,199,0,0.6702941117097487,0.33877405602626454,1,blocked
1400,0,0,0.20636674846320513,0.7406480142132874,1,early
1401,1,0,0.9571474104670334,0.6041185741149331,1,early
1402,2,1,0.8989029302602229,0.9662008928757775,1,early
1403,3,2,0.028155128119258334,0.8203832347922522,1,early
1404,4,0,0.9052539209842515,0.5216445945135537,1,early
1405,5,0,0.9443577558842486,0.56825544772985,1,early
1406,6,0,0.09217317179237336,0.6577296988002406,1,early
1407,7,0,0.1130365856576836,0.6361168669591306,1,early
1408,8,0,0.11047015719190281,0.6331596596398853,1,early
1409,9,3,0.49381891473096745,1.0400233064977429,1,early
1410,10,3,0.49718469578974966,0.7290213363097321,1,early
1411,11,4,0.9616955294995635,0.9423980822113638,1,early
1412,12,0,0.902814153502851,0.4092688542305709,1,early
1413,13,5,0.4988011133002367,0.9540921141956884,1,early
1414,14,5,0.5154579369468851,0.5021763195459038,1,early
1415,15,5,0.019225726472373333,0.7990003761990613,1,early
1416,16,0,0.9070228947644549,0.42046794241288654,1,early
1417,17,2,0.9562543081563044,0.6028001338527005,1,early
1418,18,0,0.08852465266718107,0.561404666799066,1,early
1419,19,0,0.975444121007674,0.47253014284385275,1,early
1420,20,0,0.09317155047421107,0.5953155011170317,1,early
1421,21,0,0.1029333517435916,0.6138418990002317,1,early
1422,22,0,0.9018927510442587,0.37270223751526343,1,early
1423,23,0,0.9191084423823708,0.36102006723712443,1,early
1424,24,0,0.07049422939694723,0.589031847445029,1,early
1425,25,0,0.09157601853545208,0.5657991620873426,1,early
1426,26,0,0.06461555166409994,0.5691717203216488,1,early
1427,27,0,0.9537369491458871,0.44278089905872153,1,early
1428,28,0,0.8873740284755494,0.5900911235559846,1,early
1429,29,0,0.9535030672340148,0.42667461597458567,1,early
1430,30,0,0.11381369903185645,0.47388657266239187,1,early
1431,31,0,0.05048721156915663,0.6304701452066619,1,early
1432,32,3,0.4926612317590019,0.5255348174530281,1,early
1433,33,0,0.908583727715198,0.47615254064156204,1,early
1434,34,0,0.9095990161905411,0.454222488347175,1,early
1435,35,0,0.9393710550484002,0.29336814731990735,1,early
1436,36,0,0.883205016019819,0.5468756304128535,1,early
1437,37,0,0.8798155226643084,0.39348404541685966,1,early
1438,38,0,0.9119260384760192,0.4900873109785033,1,early
1439,39,2,0.9615321914519196,0.4814263356002136,1,early
1440,40,2,0.5601467403612443,0.47987077657136223,1,early
1441,41,0,0.554482501983306,0.5940842730823535,1,early
1442,42,0,0.5314644411355705,0.5316718600058784,1,early
1443,43,0,0.5467087292699936,0.4485536367622287,1,early
1444,44,0,0.5472121398140809,0.40837919743415596,1,early
1445,45,0,0.5907265414573355,0.3834242467106868,1,early
1446,46,0,0.42067030751921686,0.3990673679084125,1,early
1447,47,0,0.5740537643670298,0.36564978598520687,1,early
1448,48,0,0.39157200673984865,0.49869941711381227,1,early
1449,49,0,0.36935995330044313,0.5254921953989893,1,early
1450,50,0,0.4369172217872299,0.6242915649928048,1,early
1451,51,5,0.5034122415825476,0.522251251280025,1,early
1452,52,0,0.591707926440604,0.38090286124221273,1,early
1453,53,0,0.4283769530906792,0.4295039599321282,1,early
1454,54,0,0.42442722525316096,0.596790075367092,1,early
1455,55,0,0.45438456102529035,0.5594727125681394,1,early
1456,56,0,0.488020730178214,0.36702748651965367,1,early
1457,57,0,0.5540964659133669,0.388477177943564,1,early
1458,58,0,0.5784252352211592,0.4412258650277573,1,early
1459,59,0,0.45210052312868343,0.39108691456806594,1,early
1460,60,0,0.4259494283377993,0.46401106417464566,1,early
1461,61,0,0.5515432304923872,0.31895298981628284,1,early
1462,62,0,0.4632702390319657,0.35057136202716,1,early
1463,63,0,0.5324939691498265,0.5038542746155601,1,early
1464,64,0,0.42575125164271105,0.4995658792160266,1,early
1465,65,0,0.5004390857913034,0.442448473281858,1,early
1466,66,0,0.47761206813130325,0.47931133725354913,1,early
1467,67,5,0.46084633831235056,0.5304613154867877,1,early
1468,68,5,0.9804237225532011,0.32134681152912453,1,early
1469,69,0,0.6093157930665699,0.5062799374655038,1,early
1470,70,0,0.5884241455950419,0.4141407221689223,1,early
1471,71,0,0.4320325511100265,0.5110875391745672,1,early
1472,72,0,0.5301829075004217,0.5654213436642769,1,early
1473,73,0,0.5088773732245288,0.43084508180729597,1,early
1474,74,0,0.47499200658730495,0.4664540101768393,1,early
1475,75,0,0.5804855436128074,0.36306059389617956,1,early
1476,76,0,0.5200679124317501,0.6650859123480846,1,early
1477,77,0,0.5603820382501241,0.48721938005947696,1,early
1478,78,0,0.5309415374110926,0.431126476264579,1,early
1479,79,0,0.4639209427039174,0.3861936985868101,1,early
1480,80,0,0.1011485559606898,0.48559195870137184,1,early
1481,81,0,0.3607574460345827,0.5333655742767767,1,early
1482,82,0,0.8307583627064092,0.2973149961885642,1,early
1483,83,0,0.45487822921785376,0.35102774018771765,1,early
1484,84,0,0.20306117121395428,0.5637712704242015,1,early
1485,85,0,0.44982254621324974,0.4487136984486104,1,early
1486,86,0,0.1660941645798793,0.43505282678072454,1,early
1487,87,0,0.33730621351369466,0.5104262817615287,1,early
1488,88,0,0.25657437973940134,0.5634489962786067,1,early
1489,89,0,0.3864429558585443,0.3512236163009302,1,early
1490,90,0,0.280516399080984,0.6124725336036531,1,early
1491,91,0,0.403038690743585,0.522630510246181,1,early
1492,92,0,0.8032147044142597,0.318387219742007,1,early
1493,93,0,0.40725932467460013,0.31927075239219194,1,early
1494,94,0,0.33545875963906097,0.4292186435405953,1,early
1495,95,0,0.5154707890303246,0.4129374326754347,1,early
1496,96,0,0.8398964240419553,0.48377860249276944,1,early
1497,97,0,0.43820261682990824,0.4168335753991835,1,early
1498,98,0,0.3511992602870623,0.47972250286181917,1,early
1499,99,0,0.4191263682443089,0.3896169686056673,1,early
1500,100,0,0.14570423164708934,0.4491388492332039,1,early
1501,101,0,0.6561470543648006,0.45596359378818196,1,early
1502,102,0,0.8327768246029981,0.5003669071867747,1,early
1503,103,0,0.19852918456062046,0.4821562476589598,1,early
1504,104,0,0.8028976620416288,0.5847224803521929,1,early
1505,105,0,0.43391260022010186,0.5133948839595797,1,early
1506,106,0,0.1389059915567099,0.3939762967079363,1,early
1507,107,0,0.5300093007807156,0.5858724540859704,1,early
1508,108,0,0.12329508263740716,0.5179161825833462,1,early
1509,109,0,0.5043445325730032,0.3236326553078319,1,early
1510,110,0,0.2622725973788823,0.5387736149859905,1,early
1511,111,0,0.2922333654667498,0.3313976818932092,1,early
1512,112,0,0.8120628849493545,0.6088168866686208,1,early
1513,113,0,0.42886576419206823,0.4325358990567205,1,early
1514,114,0,0.7961833596578782,0.4148253280741572,1,early
1515,115,0,0.7378646770327568,0.2761810599648997,1,early
1516,116,0,0.16560610994021324,0.4994436687686634,1,early
1517,117,0,0.3646475589481455,0.3662809909109501,1,early
1518,118,0,0.18852729486922687,0.40085674776828717,1,early
1519,119,0,0.3813393831543724,0.5004711409646553,1,early
1520,120,0,0.09040694131984481,0.46559545421340365,1,early
1521,121,0,0.6145909570668723,0.3730843319678776,1,early
1522,122,0,0.2514800010731813,0.44339482615769266,1,early
1523,123,0,0.4464617183596498,0.3788118872273053,1,early
1524,124,0,0.113364418460185,0.5447537911589608,1,early
1525,125,0,0.36772017939391877,0.3657882955310151,1,early
1526,126,0,0.8485721650866223,0.3910638283517811,1,early
1527,127,0,0.5243278705992488,0.4601377160523869,1,early
1528,128,0,0.22407457659586918,0.47212172670493596,1,early
1529,129,0,0.9031935826231663,0.4241520129625569,1,early
1530,130,0,0.2357185283802309,0.3806209499645811,1,early
1531,131,0,0.24631890584382546,0.39698401955639867,1,early
1532,132,0,0.7988367397215388,0.24389725779322277,1,early
1533,133,0,0.36690284730430467,0.4449957609045204,1,early
1534,134,0,0.9111825056007841,0.5076181625414182,1,early
1535,135,0,0.7849723773770257,0.35990128615340583,1,early
1536,136,0,0.16866816782150315,0.3788908936051721,1,early
1537,137,0,0.7285426680861941,0.310989322904497,1,early
1538,138,0,0.9173868683541474,0.35422819295883545,1,early
1539,139,0,0.3244411150891692,0.39858810124275207,1,early
1540,140,0,0.290705021504693,0.5520070480074784,1,early
1541,141,0,0.3749668111975383,0.3478652805696726,1,early
1542,142,0,0.89759236529664,0.5115033890460737,1,early
1543,143,0,0.32272192813134687,0.5522644183551051,1,early
1544,144,0,0.7458620813413482,0.3084499642729136,1,early
1545,145,0,0.6065667528737032,0.3126921040438897,1,early
1546,146,0,0.21856686424929855,0.4954677007558932,1,early
1547,147,0,0.5518807395355773,0.39067057466998156,1,early
1548,148,0,0.7985891938058717,0.31659130575192734,1,early
1549,149,0,0.5526871195966793,0.37711532550676835,1,early
1550,150,0,0.9000497291065623,0.3987821504529835,1,early
1551,151,0,0.5328469467674417,0.3209901861618649,1,early
1552,152,0,0.8836251008991858,0.3333797404219192,1,early
1553,153,0,0.5358056217319248,0.40399094209624387,1,early
1554,154,0,0.14342048297505322,0.4622024374471266,1,early
1555,155,0,0.2518083028425391,0.4188787219865272,1,early
1556,156,0,0.30990011211266033,0.49000680241034333,1,early
1557,157,0,0.8475684958501772,0.43455982808484384,1,early
1558,158,0,0.22562950385367617,0.4881123702499454,1,early
1559,159,0,0.838245832335155,0.3257116104560711,1,early
1560,160,0,0.4175874234725503,0.5180567770142963,1,early
1561,161,0,0.14163845880799436,0.3392195848454217,1,early
1562,162,0,0.7421182902949894,0.30823968099372107,1,early
1563,163,0,0.6631648773415617,0.37460444305980933,1,early
1564,164,0,0.5263954052204559,0.4054980050438546,1,early
1565,165,0,0.36879046372647056,0.3741868275426735,1,early
1566,166,0,0.6137486586233344,0.36274507882367535,1,early
1567,167,0,0.1245175160384702,0.40105505077728554,1,early
1568,168,0,0.7252528190402859,0.46065776381179846,1,early
1569,169,0,0.4014366941460211,0.3222331492911611,1,early
1570,170,0,0.24350983051990852,0.38141735592072606,1,early
1571,171,0,0.45860345970455313,0.4664198980913108,1,early
1572,172,0,0.62805172470823,0.22998179922352974,1,early
1573,173,0,0.7510282450270138,0.3040032972229873,1,early
1574,174,0,0.47897796058167685,0.36443726176087243,1,early
1575,175,0,0.20120297792063627,0.4708033982010347,1,early
1576,176,0,0.4714034287158908,0.2797367261575748,1,early
1577,177,0,0.5768979179399911,0.29633793271024883,1,early
1578,178,0,0.7234869161072961,0.410381219649459,1,early
1579,179,0,0.8986704952535008,0.4204960706775918,1,early
1580,180,0,0.293195998964663,0.4559156728679322,1,early
1581,181,0,0.19992934037697777,0.49992822265067105,1,early
1582,182,0,0.4188678429058728,0.46926515670083213,1,early
1583,183,0,0.569039198082895,0.36257757745713615,1,early
1584,184,0,0.7285799533422825,0.4839271622393878,1,early
1585,185,0,0.6235484063505151,0.43035427357867456,1,early
1586,186,0,0.10340430759089343,0.367276098395342,1,early
1587,187,0,0.2971691835889657,0.4783545680849646,1,early
1588,188,0,0.47311808662958305,0.5481268920360682,1,early
1589,189,0,0.30050900353125004,0.6614263429059786,1,early
1590,190,0,0.90207463743053,0.40290781771047735,1,early
1591,191,0,0.4247338644904915,0.35824039674792885,1,early
1592,192,0,0.8918763652723953,0.36505473574932906,1,early
1593,193,0,0.675125666393997,0.3341679324561373,1,early
1594,194,0,0.7686423183219511,0.3261295812371655,1,early
1595,195,0,0.6075351295616664,0.5180902246903271,1,early
1596,196,0,0.7762699807828114,0.3883086057264699,1,early
1597,197,0,0.6908726354674317,0.33158282452667226,1,early
1598,198,0,0.7783977314854472,0.39201419544084043,1,early
1599,199,0,0.791969109007941,0.4246172684218091,1,early
1600,0,0,0.43182324496553687,0.6037826021934944,1,middle
1601,1,0,0.08427891665312462,0.585325803085454,1,middle
1602,2,0,0.5138551610142195,0.5827175238078048,1,middle
1603,3,0,0.07537840906995817,0.5678830169535564,1,middle
1604,4,0,0.5697777678627105,0.5738352462294676,1,middle
1605,5,0,0.8998926125002198,0.377607737308722,1,middle
1606,6,0,0.5128103134320684,0.5322360121296155,1,middle
1607,7,1,0.08429335128042208,0.6720360972222454,1,middle
1608,8,2,0.3020854921907711,0.8088259380219158,1,middle
1609,9,2,0.8680951023643184,0.7190169174266778,1,middle
1610,10,2,0.5146127266656043,0.5634879721988596,1,middle
1611,11,0,0.5609672850195198,0.6034237092076187,1,middle
1612,12,0,0.38223518975930465,0.5378000916310355,1,middle
1613,13,2,0.43389550512733865,0.5486243600507665,1,middle
1614,14,0,0.5294048226304233,0.5222974012558318,1,middle
1615,15,0,0.905563633075358,0.43251147393196115,1,middle
1616,16,0,0.5352345857983559,0.5727539513753057,1,middle
1617,17,2,0.320849339379116,0.5878205315296695,1,middle
1618,18,0,0.6210470116030571,0.48712368642306403,1,middle
1619,19,0,0.8813637375703346,0.33633251465015196,1,middle
1620,20,0,0.3888451433936608,0.4866782290080973,1,middle
1621,21,2,0.8890708298477865,0.44744229858170875,1,middle
1622,22,0,0.3242796600531689,0.5604572303503574,1,middle
1623,23,3,0.09645001475051118,0.7879062470925287,1,middle
1624,24,2,0.1713290800320587,0.7264631287473386,1,middle
1625,25,2,0.8890613983258284,0.4714435671255285,1,middle
1626,26,0,0.4898564432220904,0.6169555541300811,1,middle
1627,27,0,0.8943658012595177,0.3591286523764735,1,middle
1628,28,0,0.6116811651144056,0.5485819202567624,1,middle
1629,29,2,0.16643724468978116,0.6527447378860307,1,middle
1630,30,2,0.46226724801495894,0.5328254994287258,1,middle
1631,31,2,0.3888800842720366,0.6087059417020955,1,middle
1632,32,2,0.4435759613011911,0.614596635352526,1,middle
1633,33,2,0.20337007137957702,0.4476107080894715,1,middle
1634,34,0,0.430707178894441,0.6449199377526406,1,middle
1635,35,2,0.9117942624479005,0.4737888573774267,1,middle
1636,36,2,0.5032868381091838,0.6821597791336205,1,middle
1637,37,2,0.268155185857389,0.4716498473330607,1,middle
1638,38,0,0.439747320515751,0.6856180605122744,1,middle
1639,39,2,0.8963507013661662,0.4966375381190591,1,middle
1640,40,0,0.6510429741012762,0.544461867352549,1,middle
1641,41,2,0.4529515668961469,0.5834467794732536,1,middle
1642,42,2,0.535599912910286,0.5283054816604735,1,middle
1643,43,0,0.6866247244510004,0.6717141757696108,1,middle
1644,44,0,0.07209871888760447,0.6991557246533519,1,middle
1645,45,0,0.5305361559119498,0.490013555825059,1,middle
1646,46,0,0.5461978591820997,0.4690971777118851,1,middle
1647,47,0,0.31310358053587123,0.6791993744211083,1,middle
1648,48,2,0.48614640015651933,0.4488285770380922,1,middle
1649,49,0,0.38888089776843965,0.525699346653088,1,middle
1650,50,0,0.6509964234765199,0.46548211653942606,1,middle
1651,51,2,0.38599239265588814,0.6563640773405033,1,middle
1652,52,0,0.47692252247494127,0.46813224000229836,1,middle
1653,53,0,0.3403770099814285,0.5702289420349684,1,middle
1654,54,0,0.42930150739547424,0.6067342660068785,1,middle
1655,55,0,0.4383540096919349,0.53877357426748,1,middle
1656,56,0,0.684323674163132,0.526141014148437,1,middle
1657,57,0,0.4322862104586016,0.47894727101381906,1,middle
1658,58,0,0.5939809144370863,0.5144070977172879,1,middle
1659,59,0,0.3257297796156195,0.5242064694786421,1,middle
1660,60,2,0.44872911432350604,0.4779728866132372,1,middle
1661,61,2,0.3978434857013074,0.5932927738419365,1,middle
1662,62,2,0.38597266292708804,0.5516625908838417,1,middle
1663,63,0,0.5703208558940039,0.457130554867225,1,middle
1664,64,0,0.5201046928647651,0.4827892615208008,1,middle
1665,65,0,0.6094272428876641,0.42034664009370337,1,middle
1666,66,0,0.5563564185906066,0.5338014108860794,1,middle
1667,67,2,0.5873136317763066,0.6134856326244413,1,middle
1668,68,0,0.7005240887694766,0.54361771330353,1,middle
1669,69,2,0.36277180178993773,0.5803784354223877,1,middle
1670,70,2,0.27719522650835865,0.5713103954155525,1,middle
1671,71,2,0.37724701148712164,0.570876843822002,1,middle
1672,72,2,0.5472289842055007,0.3977377405006922,1,middle
1673,73,0,0.43152372422561286,0.48108936968938315,1,middle
1674,74,2,0.48474191873740835,0.7900780629648528,1,middle
1675,75,0,0.34147183200042575,0.5044106945011068,1,middle
1676,76,0,0.5552924417205636,0.4550820772026685,1,middle
1677,77,0,0.27202783217201476,0.6325392738255,1,middle
1678,78,0,0.4396221068653968,0.479979329654887,1,middle
1679,79,0,0.5642499160663066,0.6119915284948795,1,middle
1680,80,0,0.7806419046043676,0.37771848012809495,1,middle
1681,81,0,0.4961317805105939,0.5615260448921735,1,middle
1682,82,0,0.1955764993500848,0.5383775169501235,1,middle
1683,83,2,0.8005523955243512,0.44334354314589086,1,middle
1684,84,2,0.3353466059071865,0.6303065119548574,1,middle
1685,85,2,0.7097119513391286,0.41036506523246674,1,middle
1686,86,2,0.8629333518275784,0.5087583983607111,1,middle
1687,87,2,0.8783170803634992,0.5455425392634632,1,middle
1688,88,2,0.365189832312037,0.4087898868712896,1,middle
1689,89,0,0.5248414330631345,0.4409895291566761,1,middle
1690,90,0,0.316879393086701,0.4845340121588526,1,middle
1691,91,2,0.5525747720773354,0.4525798501572284,1,middle
1692,92,2,0.33675058950738757,0.5381486568653395,1,middle
1693,93,0,0.3679823621771599,0.4670926711447404,1,middle
1694,94,2,0.7849538108555321,0.4116035956830698,1,middle
1695,95,2,0.7604948770133981,0.5077608713799477,1,middle
1696,96,2,0.22849572490762377,0.4807888286348874,1,middle
1697,97,0,0.24422488861334804,0.6742521961149378,1,middle
1698,98,0,0.31803221435842205,0.49597486067596086,1,middle
1699,99,0,0.6492035714726443,0.5294954852324647,1,middle
1700,100,2,0.7827539599073796,0.5126980040862666,1,middle
1701,101,2,0.4360704828746061,0.5631679062745423,1,middle
1702,102,2,0.7459487517844758,0.44655954550236454,1,middle
1703,103,2,0.8065477509558918,0.42878381322019227,1,middle
1704,104,2,0.7397493157843332,0.5582939603564174,1,middle
1705,105,2,0.3529022551272909,0.48962239244774086,1,middle
1706,106,2,0.7940050974891544,0.47513387466973983,1,middle
1707,107,2,0.43918608632845957,0.4496841193728957,1,middle
1708,108,2,0.8047011683359371,0.508882244722485,1,middle
1709,109,2,0.6124243436082105,0.5425216217166802,1,middle
1710,110,2,0.37560025653417833,0.5680991176145813,1,middle
1711,111,2,0.6686191030644357,0.5486455876592283,1,middle
1712,112,2,0.57459737853741,0.6012431192447956,1,middle
1713,113,0,0.714445173219955,0.45995350764550835,1,middle
1714,114,0,0.3258619306241944,0.49524355728074454,1,middle
1715,115,0,0.39617331900726976,0.5201467708734336,1,middle
1716,116,0,0.607861365894203,0.513460040923639,1,middle
1717,117,2,0.7209502047723613,0.4712460283308204,1,middle
1718,118,2,0.8002368761371544,0.5024645976266673,1,middle
1719,119,2,0.7882350158527452,0.4549755301909253,1,middle
1720,120,0,0.6063487672120051,0.5418262389930258,1,middle
1721,121,2,0.5370468660140229,0.5216756730132679,1,middle
1722,122,0,0.42557172390750775,0.4224202235213299,1,middle
1723,123,2,0.7435753366255556,0.5132529603172261,1,middle
1724,124,2,0.7683527760237816,0.41503966367240497,1,middle
1725,125,2,0.396718806916849,0.4277977909169597,1,middle
1726,126,2,0.7309907102552415,0.4671150700883825,1,middle
1727,127,0,0.690777756022003,0.3603907748476002,1,middle
1728,128,0,0.4794734569545619,0.5490898011529871,1,middle
1729,129,0,0.45825897696385276,0.5862976459154454,1,middle
1730,130,0,0.1344465827554524,0.6239411565852361,1,middle
1731,131,2,0.6181920801208576,0.4131317753928599,1,middle
1732,132,0,0.5296768016545738,0.723946761511011,1,middle
1733,133,0,0.5899516551421914,0.49947853714929946,1,middle
1734,134,2,0.6389182964650955,0.4175941046456104,1,middle
1735,135,2,0.43206983417732103,0.6000752970329066,1,middle
1736,136,0,0.514830121189866,0.44398966888246216,1,middle
1737,137,0,0.3048424912320446,0.4547891045700283,1,middle
1738,138,2,0.6599917873483814,0.41378448253375044,1,middle
1739,139,2,0.8172120970800137,0.5217672956736418,1,middle
1740,140,0,0.5873968200338846,0.45942260617154007,1,middle
1741,141,0,0.2562615174442325,0.6226331790565258,1,middle
1742,142,0,0.41780353834087836,0.4212815440502115,1,middle
1743,143,0,0.7096640778187806,0.40255742482102497,1,middle
1744,144,2,0.6711285951297525,0.4975596289125759,1,middle
1745,145,2,0.6640694214983474,0.40042984489392086,1,middle
1746,146,0,0.5016086505237312,0.48253691028629075,1,middle
1747,147,2,0.7561133182265709,0.6344062026232777,1,middle
1748,148,0,0.6386815230530469,0.42175394090735857,1,middle
1749,149,0,0.6242913562017307,0.7051408027176119,1,middle
1750,150,0,0.23955154778922028,0.4588762113047049,1,middle
1751,151,2,0.7803425663330956,0.588201231997456,1,middle
1752,152,2,0.706488398540873,0.26404446550373056,1,middle
1753,153,2,0.4229595525773264,0.6116468040513175,1,middle
1754,154,2,0.6321424320005928,0.511780249134762,1,middle
1755,155,0,0.37194423175480473,0.5537909613435822,1,middle
1756,156,0,0.6951854998099973,0.5764958810010463,1,middle
1757,157,0,0.645849393333139,0.3823066977160938,1,middle
1758,158,0,0.4502179426466045,0.551853951302937,1,middle
1759,159,2,0.7921630522533468,0.5721247132353209,1,middle
1760,160,0,0.6163945594172361,0.4428797912658802,1,middle
1761,161,0,0.5502150725801749,0.45575101869367834,1,middle
1762,162,0,0.47894930876406194,0.44423286304791954,1,middle
1763,163,0,0.3577498846977198,0.46844157463608643,1,middle
1764,164,2,0.5168894032826894,0.5174618977608644,1,middle
1765,165,0,0.2862796198345562,0.6075939092423664,1,middle
1766,166,0,0.37998330693520765,0.46068592372188916,1,middle
1767,167,0,0.6581275744223455,0.40181874046230237,1,middle
1768,168,0,0.32346784514222066,0.4482027958593109,1,middle
1769,169,0,0.3577492152944449,0.4611569592936195,1,middle
1770,170,0,0.6952394090134445,0.3660233011165959,1,middle
1771,171,2,0.7774298494192072,0.43569002784319466,1,middle
1772,172,0,0.4522861660247244,0.5271608838928422,1,middle
1773,173,0,0.6488236800925101,0.4410356554197302,1,middle
1774,174,0,0.21344513042711874,0.5574349502335781,1,middle
1775,175,2,0.5312192130379725,0.5854833726246952,1,middle
1776,176,0,0.38550894196631935,0.48887173478361723,1,middle
1777,177,0,0.6084365270363132,0.5325867809652779,1,middle
1778,178,0,0.6180212678381399,0.679364080473873,1,middle
1779,179,0,0.6905840973984325,0.44762247672626576,1,middle
1780,180,0,0.7318609535187826,0.39675758185848015,1,middle
1781,181,0,0.6857254243469479,0.3647664446401861,1,middle
1782,182,0,0.5064258565444445,0.4513736341182164,1,middle
1783,183,0,0.27763879951251996,0.5143002828030008,1,middle
1784,184,0,0.7308715761225641,0.3962255728486277,1,middle
1785,185,0,0.37903991600210196,0.5267930079648027,1,middle
1786,186,2,0.3725843303745599,0.43642956699115426,1,middle
1787,187,2,0.5733681069261903,0.46887901052682734,1,middle
1788,188,2,0.3587323444963206,0.5642937904472726,1,middle
1789,189,2,0.36565884951044936,0.5619391765486156,1,middle
1790,190,2,0.33421205791627945,0.45585414720798834,1,middle
1791,191,2,0.8221832520383562,0.46521403282374935,1,middle
1792,192,2,0.7514408153503729,0.5045854792698644,1,middle
1793,193,0,0.332663620455956,0.5472455788736451,1,middle
1794,194,0,0.7909333458440775,0.499571836970604,1,middle
1795,195,0,0.30449324990822807,0.5118408510125969,1,middle
1796,196,2,0.7225718166474794,0.5312765491309268,1,middle
1797,197,2,0.632224282855434,0.5843323370678553,1,middle
1798,198,2,0.7492380312437349,0.4042914899829371,1,middle
1799,199,2,0.8258242401073228,0.5503991106976247,1,middle
1800,0,0,0.2951603494287817,0.7450012747071255,1,late
1801,1,0,0.8681136425461904,0.6770472050224307,1,late
1802,2,1,0.8565736906768846,1.0991318572790467,1,late
1803,3,2,0.49666271524962186,1.1385594415869478,1,late
1804,4,0,0.6729073175161352,0.9000348405086258,1,late
1805,5,3,0.04095425200535827,0.9912035546392177,1,late
1806,6,0,0.6707781378300189,0.6934007555619442,1,late
1807,7,0,0.7543162983847445,0.5832220084292598,1,late
1808,8,0,0.3656320500446249,0.5948216521429446,1,late
1809,9,4,0.10934198860214202,0.7080393108539804,1,late
1810,10,4,0.26059266885613547,0.7402493311021512,1,late
1811,11,4,0.6267225581195067,0.7873177012346637,1,late
1812,12,4,0.7516747259046885,0.7535403729464865,1,late
1813,13,4,0.2942808267157968,0.6919621739012861,1,late
1814,14,4,0.27617077118205596,0.9014865814153844,1,late
1815,15,4,0.38100649172718765,0.6988771970256317,1,late
1816,16,4,0.22169401255522148,0.6682482660514049,1,late
1817,17,4,0.22062671603377096,0.6276627267089583,1,late
1818,18,4,0.729727728526252,0.7692199247932305,1,late
1819,19,4,0.6439576574021882,0.8297601030049151,1,late
1820,20,4,0.6650222428408168,0.6378995113466498,1,late
1821,21,4,0.7102817827628585,0.7095404572057341,1,late
1822,22,0,0.7587839508998571,0.7140629753662315,1,late
1823,23,4,0.6564237973150053,0.6133195453643379,1,late
1824,24,4,0.7976553798645114,0.634596921107112,1,late
1825,25,4,0.7005501185620151,0.5227388334386853,1,late
1826,26,4,0.2620274412720717,0.6036860145292886,1,late
1827,27,4,0.5896178072721341,0.7760050182741474,1,late
1828,28,4,0.8581321493841716,0.39380577575077313,1,late
1829,29,4,0.6697211981292965,0.6087182904445019,1,late
1830,30,4,0.23708122824001532,0.45932824335001854,1,late
1831,31,4,0.2946681546721329,0.6020820637412385,1,late
1832,32,0,0.053864398658491776,0.9069735952114063,1,late
1833,33,4,0.6230081888950276,0.41205689529183154,1,late
1834,34,4,0.8198470858505813,0.3895489036264792,1,late
1835,35,4,0.5916329244719924,0.4935622496012428,1,late
1836,36,4,0.18514368268227194,0.5306922867399191,1,late
1837,37,4,0.6498934032203552,0.505969917026918,1,late
1838,38,0,0.6805035763527312,0.7050370503891971,1,late
1839,39,4,0.3196570208747471,0.7424337524017532,1,late
1840,40,4,0.2619935321316377,0.7427921944280718,1,late
1841,41,4,0.6697261598266374,0.5139991105877819,1,late
1842,42,4,0.6308967588081582,0.6453575051249806,1,late
1843,43,4,0.3739208299441759,0.5419347868726752,1,late
1844,44,4,0.33656871646004266,0.5448288587751939,1,late
1845,45,4,0.4049820050344767,0.6364273047466095,1,late
1846,46,4,0.7247627682234499,0.5499267194638737,1,late
1847,47,4,0.4541854110363476,0.4525554469585297,1,late
1848,48,4,0.34660098967218633,0.6781633359509486,1,late
1849,49,4,0.46327413446727217,0.49636293347146,1,late
1850,50,4,0.7266930016794012,0.44188335672461987,1,late
1851,51,4,0.4089075324211097,0.6715380450934545,1,late
1852,52,4,0.2593595995722884,0.4133975757984887,1,late
1853,53,4,0.5234198733287652,0.4837157018885111,1,late
1854,54,4,0.7399777157913128,0.47043509502210995,1,late
1855,55,4,0.494658882112754,0.5460299527896312,1,late
1856,56,4,0.7649424368577495,0.48616046686185443,1,late
1857,57,4,0.545990911195238,0.32612120517354926,1,late
1858,58,0,0.44460531312646234,0.634999695516958,1,late
1859,59,4,0.5449911473408314,0.37808688590812367,1,late
1860,60,4,0.23979753375778695,0.5615490283650577,1,late
1861,61,4,0.49770838600343337,0.46683990615300125,1,late
1862,62,4,0.6753701487347674,0.5600180699502808,1,late
1863,63,4,0.6281096196218744,0.5484330692247794,1,late
1864,64,4,0.5516607159571116,0.5725566316219859,1,late
1865,65,4,0.3946163056544928,0.5189727685177521,1,late
1866,66,4,0.3267922032589782,0.3647006292249998,1,late
1867,67,4,0.3488886781566136,0.5583058952571613,1,late
1868,68,4,0.4335787750828593,0.6978045063688569,1,late
1869,69,4,0.31629030099096533,0.5480362916116035,1,late
1870,70,4,0.6391274965487508,0.5102599875547946,1,late
1871,71,4,0.6680903542253458,0.48184304249420107,1,late
1872,72,4,0.5323375678899308,0.46758658366942507,1,late
1873,73,4,0.6022626823380617,0.45547167758473533,1,late
1874,74,4,0.6048485250385753,0.4473229397224884,1,late
1875,75,4,0.6447091677265393,0.5534588077785454,1,late
1876,76,4,0.4677687358468481,0.4918126348952473,1,late
1877,77,4,0.7041976591304658,0.4423463819226642,1,late
1878,78,4,0.39797406560774035,0.460697832306586,1,late
1879,79,4,0.32427463605426254,0.5886558982655716,1,late
1880,80,5,0.6442425963248787,0.7565363299908525,1,late
1881,81,4,0.3830122553625992,0.5285198286175579,1,late
1882,82,4,0.5256628489170145,0.4662726790217143,1,late
1883,83,4,0.4593015180245985,0.5262996174221699,1,late
1884,84,4,0.610121103776416,0.4901855254848234,1,late
1885,85,4,0.5514769692462766,0.6281668491213446,1,late
1886,86,4,0.43553061799294945,0.5429354949222276,1,late
1887,87,4,0.5623315618071483,0.39399590319307176,1,late
1888,88,4,0.5539568338469074,0.45897475060209747,1,late
1889,89,4,0.6017553201824747,0.431841958617541,1,late
1890,90,4,0.5705957579742567,0.4138707639901227,1,late
1891,91,4,0.42747195240917,0.37737830217251644,1,late
1892,92,4,0.31170766060556704,0.41774690666728465,1,late
1893,93,4,0.610851859564452,0.43210785402293733,1,late
1894,94,4,0.4436430009170197,0.510721925699368,1,late
1895,95,4,0.5641579341710724,0.40703359352196133,1,late
1896,96,4,0.6278162439258332,0.3896893133679792,1,late
1897,97,4,0.7084732794798254,0.42713444779480664,1,late
1898,98,4,0.6483978233566365,0.44619668716360106,1,late
1899,99,4,0.6275762044672408,0.4417021933708458,1,late
1900,100,4,0.5897252815850753,0.5048645749764393,1,late
1901,101,4,0.7096739510418428,0.6380020392654895,1,late
1902,102,4,0.6956475616530048,0.47428568808418475,1,late
1903,103,0,0.4996468412985537,0.5846791972945212,1,late
1904,104,4,0.41668949537158667,0.49958485564426713,1,late
1905,105,4,0.4026608036930235,0.5445381893820339,1,late
1906,106,0,0.5978711917955458,0.6049613403981311,1,late
1907,107,4,0.3735843901679037,0.5923102349516942,1,late
1908,108,4,0.5992119860746654,0.5168979196625605,1,late
1909,109,4,0.3888282658186714,0.408601383080755,1,late
1910,110,4,0.6695918874767548,0.48719774618321277,1,late
1911,111,4,0.6886765423027033,0.5400635983214425,1,late
1912,112,4,0.4009260838161536,0.49904606944202745,1,late
1913,113,4,0.6416485875966451,0.5083538903804008,1,late
1914,114,4,0.3300896440184984,0.3867038318227371,1,late
1915,115,4,0.3454571478476374,0.31214617730008964,1,late
1916,116,4,0.36079893888483544,0.7486015668547885,1,late
1917,117,4,0.4243062603769684,0.3805662433951581,1,late
1918,118,4,0.4840923521732097,0.5022703591806619,1,late
1919,119,4,0.5742899613398403,0.3897858628588193,1,late
1920,120,4,0.2187877910341544,0.3912536388607747,1,late
1921,121,4,0.6705318562832949,0.4871205533905829,1,late
1922,122,4,0.21253847492179448,0.43193845638476763,1,late
1923,123,4,0.24565368558802814,0.5739742897628392,1,late
1924,124,4,0.2420867502058308,0.517314338302862,1,late
1925,125,4,0.642776307967232,0.49287612253730195,1,late
1926,126,4,0.2609545946515659,0.4059984848769572,1,late
1927,127,4,0.7146949541240113,0.5141370547455374,1,late
1928,128,4,0.2296305056337889,0.4885084013173018,1,late
1929,129,4,0.3289923908713357,0.5072311111117545,1,late
1930,130,4,0.6837920579326924,0.5139582574465895,1,late
1931,131,0,0.5810150965242342,0.6771255706712613,1,late
1932,132,4,0.6590820077308066,0.36047739914393473,1,late
1933,133,4,0.3789352788913618,0.4367903305624638,1,late
1934,134,4,0.5745393382598106,0.5837549615550865,1,late
1935,135,4,0.2716807966323967,0.6147524008686829,1,late
1936,136,4,0.6080891699514734,0.5094341349782603,1,late
1937,137,4,0.5845173255159886,0.43444101841342575,1,late
1938,138,4,0.3099368747105229,0.48409273102913575,1,late
1939,139,4,0.2999325470867599,0.4311901899543319,1,late
1940,140,4,0.6620460019430068,0.533894761186622,1,late
1941,141,4,0.29941675925418576,0.44518121539726907,1,late
1942,142,4,0.36558346117216306,0.6190888695695598,1,late
1943,143,4,0.6087245586784182,0.5147083726071824,1,late
1944,144,4,0.3343001422963096,0.5847034761211461,1,late
1945,145,4,0.6245089475351637,0.35746303509647726,1,late
1946,146,4,0.3971854341541195,0.5942549508666656,1,late
1947,147,4,0.5696144685509047,0.5011289165316861,1,late
1948,148,4,0.6092708282217523,0.40505723550655376,1,late
1949,149,4,0.32387952402344194,0.46616307923797196,1,late
1950,150,4,0.6176217231402712,0.48150022871389414,1,late
1951,151,4,0.3437275374428069,0.5344481205196212,1,late
1952,152,4,0.6184439133674869,0.46376040681294906,1,late
1953,153,4,0.3352669482101456,0.4322722964517257,1,late
1954,154,4,0.6366505281476347,0.4626028956558554,1,late
1955,155,4,0.3435116181400522,0.5554115499272312,1,late
1956,156,4,0.6807449291291126,0.3749335786016049,1,late
1957,157,4,0.37119408237178836,0.5378407426483843,1,late
1958,158,4,0.6477550704428697,0.43935542472338684,1,late
1959,159,4,0.6225421972155408,0.415103513638449,1,late
1960,160,4,0.43979315159877586,0.4741724318143169,1,late
1961,161,4,0.5973025060509104,0.43766456530578746,1,late
1962,162,4,0.33976668338160676,0.5022477413250888,1,late
1963,163,4,0.7434820478266382,0.5565292777073256,1,late
1964,164,4,0.5864508534776893,0.4347143286382142,1,late
1965,165,0,0.5024111391264608,0.4197437680636817,1,late
1966,166,4,0.4001057393367138,0.47933266615819037,1,late
1967,167,4,0.6580616608576714,0.37381865630991873,1,late
1968,168,4,0.5931277272034994,0.3990089383724101,1,late
1969,169,4,0.36462916648575555,0.5883858909014226,1,late
1970,170,4,0.39104429914567684,0.4311890861230977,1,late
1971,171,4,0.6437684060203088,0.4822097854840396,1,late
1972,172,4,0.369453335360886,0.47670399497226623,1,late
1973,173,4,0.5253058302794186,0.3974849267823393,1,late
1974,174,4,0.4212153293912447,0.5827317449139536,1,late
1975,175,4,0.6200032858823255,0.4235124511552548,1,late
1976,176,4,0.642100552658536,0.42654998127370414,1,late
1977,177,4,0.4257493535102778,0.47141494340024737,1,late
1978,178,4,0.5502342366347098,0.3939238652276611,1,late
1979,179,4,0.6038935615143148,0.44718172925773303,1,late
1980,180,4,0.533277903431423,0.4649974515798407,1,late
1981,181,4,0.47910401915099665,0.5468275211118026,1,late
1982,182,4,0.4217028493373786,0.665368404778792,1,late
1983,183,4,0.5455350597191825,0.5252738000020815,1,late
1984,184,4,0.5642451709116152,0.44695920927824173,1,late
1985,185,4,0.34567645620268084,0.453487144347652,1,late
1986,186,4,0.32997987545532736,0.5170385427179881,1,late
1987,187,4,0.40724481659822725,0.452189352925524,1,late
1988,188,4,0.4732102569283102,0.45915169001713974,1,late
1989,189,4,0.5515565236887056,0.471080219475948,1,late
1990,190,4,0.5895632654831271,0.45407026643353576,1,late
1991,191,4,0.39279640124417237,0.5175206853329501,1,late
1992,192,4,0.3407308619983136,0.473858284277984,1,late
1993,193,4,0.576285626097962,0.5393623827224561,1,late
1994,194,4,0.6717467558733599,0.4816014769172093,1,late
1995,195,4,0.6141836260949105,0.3552577143221039,1,late
1996,196,4,0.32596920967000703,0.4723820077875971,1,late
1997,197,4,0.28966479058192246,0.4459842117698221,1,late
1998,198,4,0.6988012834843362,0.5781784264343933,1,late
1999,199,4,0.3497701819353273,0.6573953829340116,1,late
2000,0,0,0.4783594056440707,0.8210739440741438,2,interleaved
2001,1,0,0.04432592217794761,0.709600749459113,2,interleaved
2002,2,1,0.04490639624725587,1.0477076848505769,2,interleaved
2003,3,2,0.00031963875833664735,1.2852675570240795,2,interleaved
2004,4,3,0.4718945234942325,0.6599671906563824,2,interleaved
2005,5,4,0.450401918189833,1.2509933261126749,2,interleaved
2006,6,5,0.3569330468790496,1.132441915625026,2,interleaved
2007,7,6,0.3927051892392922,0.9886889344737838,2,interleaved
2008,8,7,0.4553183494232454,0.7562582720441671,2,interleaved
2009,9,0,0.9686699991926397,0.5635981638917948,2,interleaved
2010,10,0,0.5233401159304756,0.6196978611181072,2,interleaved
2011,11,7,0.03659300369736541,0.7576675800915865,2,interleaved
2012,12,6,0.8977062047777079,0.7295950864753322,2,interleaved
2013,13,8,0.020975658628853446,0.8480869473100683,2,interleaved
2014,14,9,0.4999757480309012,1.092018674752019,2,interleaved
2015,15,10,0.6962303408092161,1.0639856642810313,2,interleaved
2016,16,11,0.42956295762974483,0.8880899652775348,2,interleaved
2017,17,12,0.0016873802182957708,1.3001067424455188,2,interleaved
2018,18,13,0.4796517723176055,0.8508624676907339,2,interleaved
2019,19,0,0.9689626096608899,0.5586289501563413,2,interleaved
2020,20,0,0.5151551707295975,0.6854659944848647,2,interleaved
2021,21,0,0.9590714140462214,0.6181792446302732,2,interleaved
2022,22,0,0.5343593809367208,0.7175533978376152,2,interleaved
2023,23,14,0.9591275002865823,0.8835934143728935,2,interleaved
2024,24,0,0.08720304109250149,0.6144148268519284,2,interleaved
2025,25,0,0.9711872559311605,0.6617161188031735,2,interleaved
2026,26,0,0.5456599938497377,0.6991095060226038,2,interleaved
2027,27,7,0.43172972533873466,0.7706575061347399,2,interleaved
2028,28,6,0.6358688121182097,0.8102507815377897,2,interleaved
2029,29,6,0.040113930965886835,0.9843792612476521,2,interleaved
2030,30,0,0.3711669097898571,0.7597786360060966,2,interleaved
2031,31,0,0.0212182201518007,0.5881275497568097,2,interleaved
2032,32,6,0.1996320927195343,0.7456414655594544,2,interleaved
2033,33,0,0.9806019426392028,0.4638414449130086,2,interleaved
2034,34,0,0.511265473289145,0.5346873987512717,2,interleaved
2035,35,0,0.9625574219249532,0.5056841318196936,2,interleaved
2036,36,7,0.8563297544624069,0.7209413342957675,2,interleaved
2037,37,0,0.9748677323989402,0.6097188082185183,2,interleaved
2038,38,0,0.5048174890669096,0.5053433958927585,2,interleaved
2039,39,0,0.021057511498214956,0.6265648196567779,2,interleaved
2040,40,15,0.3903990216358595,1.1107651192913783,2,interleaved
2041,41,0,0.9701978818565355,0.4592056980763856,2,interleaved
2042,42,6,0.6171800822228786,0.6580252084797182,2,interleaved
2043,43,0,0.9570312266395634,0.5308911344690791,2,interleaved
2044,44,0,0.4764007379171884,0.5263827055314223,2,interleaved
2045,45,0,0.0168532416658917,0.8010730677521837,2,interleaved
2046,46,0,0.4956508671521833,0.4407740917446821,2,interleaved
2047,47,0,0.021277587989524196,0.5593737324498554,2,interleaved
2048,48,0,0.5192411911723512,0.6728127671860661,2,interleaved
2049,49,0,0.012899270886534623,0.7395499575711129,2,interleaved
2050,50,0,0.4810881682279397,0.44931238912802673,2,interleaved
2051,51,0,0.9686396214301044,0.4471810159225466,2,interleaved
2052,52,0,0.5105223951620858,0.5470246363881173,2,interleaved
2053,53,0,0.10501496291256826,0.7359452168884391,2,interleaved
2054,54,0,0.48567015912604483,0.40301530595698654,2,interleaved
2055,55,0,0.05073772857054813,0.8352144787087536,2,interleaved
2056,56,0,0.5804431798024896,0.545847473457261,2,interleaved
2057,57,0,0.9783142148094618,0.5901531816603528,2,interleaved
2058,58,0,0.4333012999329734,0.5451760415210662,2,interleaved
2059,59,0,0.07228208007802248,1.0487614756666832,2,interleaved
2060,60,0,0.5613637095332253,0.5863124648871544,2,interleaved
2061,61,0,0.8584527456730368,0.40470274493224245,2,interleaved
2062,62,0,0.5810628014687769,0.6107431816735988,2,interleaved
2063,63,0,0.20401201604586108,0.5970180314129069,2,interleaved
2064,64,0,0.4069092215242684,0.40033375915748615,2,interleaved
2065,65,0,0.11308586372407309,0.630534333144615,2,interleaved
2066,66,0,0.41199396881596584,0.6095550004700201,2,interleaved
2067,67,0,0.26744064084272423,0.45297440219346896,2,interleaved
2068,68,0,0.44652576389950716,0.6046565062181752,2,interleaved
2069,69,0,0.7955639204135158,0.5157242694237553,2,interleaved
2070,70,0,0.4586151685087939,0.5901376743081849,2,interleaved
2071,71,0,0.12169926773190895,0.4915619860369283,2,interleaved
2072,72,0,0.26456156488400306,0.3815200107899332,2,interleaved
2073,73,0,0.7477838849465895,0.5199873541529978,2,interleaved
2074,74,0,0.7545757771455333,0.40595110126269063,2,interleaved
2075,75,0,0.7882363704991602,0.48718768496398956,2,interleaved
2076,76,0,0.651145125560201,0.4731108909295706,2,interleaved
2077,77,0,0.17357905687055494,0.5491360399986178,2,interleaved
2078,78,0,0.4435076092372941,0.44793606486676857,2,interleaved
2079,79,0,0.7492790111317256,0.30943742607135205,2,interleaved
2080,80,0,0.36523971690481966,0.344378587162979,2,interleaved
2081,81,0,0.7929200239994874,0.5441982794284662,2,interleaved
2082,82,0,0.47553834304653647,0.6410539567228708,2,interleaved
2083,83,0,0.865417469255211,0.4483326655729557,2,interleaved
2084,84,0,0.49129157493867914,0.49094960818558014,2,interleaved
2085,85,0,0.9116713099601186,0.6380192433688849,2,interleaved
2086,86,0,0.3328833027052143,0.5602269517411027,2,interleaved
2087,87,0,0.8541716440131868,0.34350519941174007,2,interleaved
2088,88,0,0.6565067625955543,0.41541703457084755,2,interleaved
2089,89,0,0.8538029268161506,0.47692509075796996,2,interleaved
2090,90,0,0.3573928220397474,0.5640037643173657,2,interleaved
2091,91,0,0.8543799509547577,0.5465249820870992,2,interleaved
2092,92,0,0.4407862858865403,0.5694516000188414,2,interleaved
2093,93,0,0.9056763929712237,0.36441829551754074,2,interleaved
2094,94,0,0.4493641029124641,0.4809774883854595,2,interleaved
2095,95,0,0.8839289281666847,0.33053491692144255,2,interleaved
2096,96,0,0.38607505694364813,0.5734177534945157,2,interleaved
2097,97,0,0.11744019948639339,0.8279347358127582,2,interleaved
2098,98,0,0.4992202509341784,0.5383459296401105,2,interleaved
2099,99,0,0.20458934141839127,0.7068076629581121,2,interleaved
2100,100,0,0.420560741014037,0.45585289556288444,2,interleaved
2101,101,0,0.19417669183244063,0.49389148196545885,2,interleaved
2102,102,0,0.5969208163144328,0.4526686009460693,2,interleaved
2103,103,0,0.3008987022709421,0.4273438733640711,2,interleaved
2104,104,0,0.5181425112977598,0.4502438083558696,2,interleaved
2105,105,0,0.8106843631973637,0.3183523839006925,2,interleaved
2106,106,0,0.29020531459919974,0.39822763373916714,2,interleaved
2107,107,0,0.4015561393514608,0.4604097573256944,2,interleaved
2108,108,0,0.6623435299423146,0.3758366299499325,2,interleaved
2109,109,0,0.8187296743080448,0.45684057296849356,2,interleaved
2110,110,0,0.6546633549957757,0.5004901234291543,2,interleaved
2111,111,0,0.9152244353602417,0.4445817411491705,2,interleaved
2112,112,0,0.4664460285250205,0.43248876196115593,2,interleaved
2113,113,0,0.8161515189665283,0.42792877463140155,2,interleaved
2114,114,0,0.4192169445176481,0.5128033618202654,2,interleaved
2115,115,0,0.10236638783483165,0.4691977681306868,2,interleaved
2116,116,0,0.5094694938769735,0.42920450473941013,2,interleaved
2117,117,0,0.7292451088396206,0.4051788131571028,2,interleaved
2118,118,0,0.39625787363025355,0.5501287664522717,2,interleaved
2119,119,0,0.8769969483532924,0.47412405472689295,2,interleaved
2120,120,0,0.39277886027840203,0.4586743796383413,2,interleaved
2121,121,0,0.7877846984768407,0.2817017975047414,2,interleaved
2122,122,0,0.39888032062126544,0.7152377376131818,2,interleaved
2123,123,0,0.9051318462844014,0.39186001439898493,2,interleaved
2124,124,0,0.5144798611357343,0.42475219962413224,2,interleaved
2125,125,0,0.1401765731311212,0.5336933461591731,2,interleaved
2126,126,0,0.5123302008500715,0.46965940601590783,2,interleaved
2127,127,0,0.8327861392461802,0.3765804709668311,2,interleaved
2128,128,0,0.5574618219982824,0.4104651948751604,2,interleaved
2129,129,0,0.7830669171059844,0.3886384756139801,2,interleaved
2130,130,0,0.5501273438929788,0.6976974275903202,2,interleaved
2131,131,0,0.2450924657059924,0.4762147719377697,2,interleaved
2132,132,0,0.5547577637973735,0.45971277765450236,2,interleaved
2133,133,0,0.8444357778402976,0.4452711504929209,2,interleaved
2134,134,0,0.4173134010989283,0.3769758407907371,2,interleaved
2135,135,0,0.24243909887773213,0.4673325618307293,2,interleaved
2136,136,0,0.42142577533681685,0.41017059041895965,2,interleaved
2137,137,0,0.874331726728344,0.5253163239047153,2,interleaved
2138,138,0,0.4250355290126723,0.43508385128397,2,interleaved
2139,139,0,0.8152364213685606,0.412892284933437,2,interleaved
2140,140,0,0.5621675239571081,0.6183278036731392,2,interleaved
2141,141,0,0.22395751855899707,0.5010324537190567,2,interleaved
2142,142,0,0.38337286971947093,0.45920513203517344,2,interleaved
2143,143,0,0.22153372642312974,0.45685861540531936,2,interleaved
2144,144,0,0.5506378524435418,0.38566774054225017,2,interleaved
2145,145,0,0.22566747215929867,0.46101724225004687,2,interleaved
2146,146,0,0.6876172295432315,0.4074308621738908,2,interleaved
2147,147,0,0.760329215874582,0.3668856166539134,2,interleaved
2148,148,0,0.5235372317851992,0.4230662148756189,2,interleaved
2149,149,0,0.43734486739463296,0.463060724431525,2,interleaved
2150,150,0,0.6970931724345525,0.49384868124804626,2,interleaved
2151,151,0,0.535091140089259,0.41848404378477544,2,interleaved
2152,152,0,0.26438955207099046,0.4648997226419214,2,interleaved
2153,153,0,0.38013268215321616,0.34850116877588766,2,interleaved
2154,154,0,0.6836019704136967,0.5254547154591567,2,interleaved
2155,155,0,0.367870837244554,0.4755403510053351,2,interleaved
2156,156,0,0.6132704193988319,0.4030501955849789,2,interleaved
2157,157,0,0.5476300482329255,0.386702721914128,2,interleaved
2158,158,0,0.6972379077276286,0.442426074816911,2,interleaved
2159,159,0,0.7273729448908299,0.6516776383588526,2,interleaved
2160,160,0,0.2569391690276773,0.48791159354932556,2,interleaved
2161,161,0,0.2748867972494781,0.3846575397729506,2,interleaved
2162,162,0,0.8092735964501823,0.40995759949466504,2,interleaved
2163,163,0,0.40916908936584406,0.49311959712459563,2,interleaved
2164,164,0,0.6577232885899967,0.5003868425927555,2,interleaved
2165,165,0,0.39879985897340203,0.48152172780168245,2,interleaved
2166,166,0,0.6039738309111673,0.48440731830826317,2,interleaved
2167,167,0,0.8694802946936677,0.39115327899768937,2,interleaved
2168,168,0,0.926879618860796,0.5160106940929114,2,interleaved
2169,169,0,0.3866492359129845,0.500152142883959,2,interleaved
2170,170,0,0.5786095203442725,0.6429996552745938,2,interleaved
2171,171,0,0.08168589414646807,0.5812639851351723,2,interleaved
2172,172,0,0.8741829640859762,0.39573606825486585,2,interleaved
2173,173,0,0.5418171092048346,0.5072341299126268,2,interleaved
2174,174,0,0.2844987765273536,0.4828725859705191,2,interleaved
2175,175,0,0.5658527237341032,0.37273137897535935,2,interleaved
2176,176,0,0.8227694756998989,0.3609504307617726,2,interleaved
2177,177,0,0.7817132074996478,0.38684367808014075,2,interleaved
2178,178,0,0.40418671302113196,0.46163282283356444,2,interleaved
2179,179,0,0.20534820454191574,0.6021338633345368,2,interleaved
2180,180,0,0.1748914980865864,0.3612928168713198,2,interleaved
2181,181,0,0.8105360343366466,0.4686004774803152,2,interleaved
2182,182,0,0.20541615670631602,0.5414574799364497,2,interleaved
2183,183,0,0.8404134820942588,0.40371491614565735,2,interleaved
2184,184,0,0.2839923658530642,0.6606704770040819,2,interleaved
2185,185,0,0.414027271994058,0.4946457983653547,2,interleaved
2186,186,0,0.3266804644170749,0.3727928031073916,2,interleaved
2187,187,0,0.9344286638245438,0.41035193014537674,2,interleaved
2188,188,0,0.20620998210108407,0.4694846461101774,2,interleaved
2189,189,0,0.458800654390932,0.4091028636827949,2,interleaved
2190,190,0,0.5327346766764915,0.4122576720241625,2,interleaved
2191,191,0,0.38222390884694185,0.4411778646108161,2,interleaved
2192,192,0,0.44695932284731554,0.45114168756553563,2,interleaved
2193,193,0,0.4543266519006669,0.42320469582377457,2,interleaved
2194,194,0,0.6643739251585361,0.39370472634449505,2,interleaved
2195,195,0,0.8198799066296307,0.3413219080942413,2,interleaved
2196,196,0,0.7210870658384092,0.42284737131016203,2,interleaved
2197,197,0,0.3768341811036271,0.46736449461164953,2,interleaved
2198,198,0,0.4810256307136974,0.39030343112607796,2,interleaved
2199,199,0,0.3611396473862266,0.4682838307113897,2,interleaved
2200,0,0,0.031646206680936435,0.5993245882966103,2,blocked
2201,1,0,0.8962289857154382,0.6019268067590018,2,blocked
2202,2,0,0.8934798055134363,0.5161160435995646,2,blocked
2203,3,1,0.108342276979246,0.7252678586453953,2,blocked
2204,4,2,0.06406261751518684,0.8467214382415567,2,blocked
2205,5,2,0.9678760067502084,0.44183554872388664,2,blocked
2206,6,0,0.02988037243101784,0.6852138279047224,2,blocked
2207,7,0,0.8435629968110363,0.5166233438850012,2,blocked
2208,8,0,0.8802627455711212,0.41239007058865423,2,blocked
2209,9,0,0.9092357498193169,0.3164997849369258,2,blocked
2210,10,0,0.9356379861441128,0.32761655840971315,2,blocked
2211,11,2,0.9332741560624126,0.5372160326301391,2,blocked
2212,12,0,0.010830012537995022,0.7617660592500772,2,blocked
2213,13,0,0.02976313996605751,0.6281151116337473,2,blocked
2214,14,0,0.7803173859495719,0.5430782726025486,2,blocked
2215,15,2,0.9578964333584441,0.6282184838496263,2,blocked
2216,16,0,0.027033021284125117,0.739414417699245,2,blocked
2217,17,2,0.07313292475642952,0.7347052666540963,2,blocked
2218,18,0,0.9313067864644113,0.42238020162683604,2,blocked
2219,19,0,0.7036225725456182,0.5815985260356534,2,blocked
2220,20,0,0.10403674077225912,0.44503910270815783,2,blocked
2221,21,0,0.8979479163443136,0.34413331582511764,2,blocked
2222,22,0,0.06583908762166199,0.5563309795017588,2,blocked
2223,23,2,0.0628304614947018,0.7595913735228693,2,blocked
2224,24,0,0.8945684717225195,0.33886354927790324,2,blocked
2225,25,0,0.9381500425669455,0.45306687559805237,2,blocked
2226,26,3,0.7678254828171578,0.7129087308842827,2,blocked
2227,27,0,0.8091018477612635,0.41142932216795336,2,blocked
2228,28,4,0.1333849596920349,0.749430314854176,2,blocked
2229,29,0,0.9310082688331349,0.3561304744645638,2,blocked
2230,30,0,0.06371517140748927,0.5819105838122968,2,blocked
2231,31,0,0.9107537230860083,0.48114390401153406,2,blocked
2232,32,0,0.9069444041099455,0.45667093899543904,2,blocked
2233,33,0,0.022094238411997688,0.7102496371211321,2,blocked
2234,34,0,0.29568609858807876,0.7651406493756238,2,blocked
2235,35,0,0.14493849644467,0.526005298332712,2,blocked
2236,36,0,0.8696163110112842,0.37116644753060235,2,blocked
2237,37,2,0.0515842031965801,0.7783608547868008,2,blocked
2238,38,0,0.11348035120995334,0.43168673658415785,2,blocked
2239,39,0,0.03899056327701483,0.6770956368472449,2,blocked
2240,40,0,0.44592871144787793,0.5229012144708551,2,blocked
2241,41,0,0.695895526923918,0.41507204459162056,2,blocked
2242,42,0,0.36356520926860536,0.3842161154076781,2,blocked
2243,43,0,0.8283310576424714,0.5880727133112633,2,blocked
2244,44,0,0.6792317311193118,0.22127115697427324,2,blocked
2245,45,0,0.22241762824481057,0.5901001611998966,2,blocked
2246,46,0,0.6550215336288653,0.28809923773711665,2,blocked
2247,47,0,0.36834555332464364,0.45864380755776263,2,blocked
2248,48,0,0.496818787625205,0.3522408693780499,2,blocked
2249,49,0,0.7505195560062711,0.48809754253408805,2,blocked
2250,50,0,0.33352049000340633,0.41909098599203326,2,blocked
2251,51,0,0.5831598436692804,0.5865398671490092,2,blocked
2252,52,0,0.5220980213568219,0.5375602448556034,2,blocked
2253,53,0,0.2125295081950161,0.5264119997879837,2,blocked
2254,54,0,0.30630691168750557,0.538279585505998,2,blocked
2255,55,0,0.31471990702135727,0.5111998890159519,2,blocked
2256,56,0,0.48491842670403806,0.43922543351347176,2,blocked
2257,57,0,0.3730627116270076,0.5130969569980575,2,blocked
2258,58,0,0.8192667885113887,0.4904530828273872,2,blocked
2259,59,0,0.441118518933886,0.5183492872894189,2,blocked
2260,60,0,0.3395240254991912,0.39296006720987436,2,blocked
2261,61,0,0.48018627514773377,0.5107568936147863,2,blocked
2262,62,0,0.7940136497179959,0.3937932814894637,2,blocked
2263,63,0,0.4098061912561525,0.4189361775242522,2,blocked
2264,64,0,0.299423184368255,0.5065163446388923,2,blocked
2265,65,0,0.37553198570392404,0.4645993531715972,2,blocked
2266,66,0,0.19591858930119577,0.5110121540583811,2,blocked
2267,67,0,0.8481360971798824,0.4934777509418251,2,blocked
2268,68,0,0.7135575004048145,0.414623394619576,2,blocked
2269,69,0,0.808210956619227,0.47927705419975464,2,blocked
2270,70,0,0.22820229895416316,0.44848675676464633,2,blocked
2271,71,0,0.4092668101213397,0.6152073560556592,2,blocked
2272,72,0,0.6481899203440687,0.3422556135067122,2,blocked
2273,73,0,0.8182589525045053,0.5170441043390155,2,blocked
2274,74,0,0.7898476910695315,0.3960537065817037,2,blocked
2275,75,0,0.5747089282617057,0.40083438956044914,2,blocked
2276,76,0,0.21656634519481643,0.5943115784775308,2,blocked
2277,77,0,0.286012107649493,0.4734537831141517,2,blocked
2278,78,0,0.6212541994219799,0.41677821287895733,2,blocked
2279,79,0,0.32534036225104135,0.5221796669445147,2,blocked
2280,80,0,0.7104530892682991,0.2828886934651559,2,blocked
2281,81,0,0.8039434911049886,0.4168331272552128,2,blocked
2282,82,0,0.45344885991157613,0.4288441106092777,2,blocked
2283,83,0,0.3416010174271814,0.373505785850871,2,blocked
2284,84,0,0.24393171489625834,0.4980376522672932,2,blocked
2285,85,0,0.5110994418093829,0.3318462043911503,2,blocked
2286,86,0,0.7746049075394583,0.33903278171576423,2,blocked
2287,87,2,0.019822616070217947,0.5442140576009291,2,blocked
2288,88,0,0.4102935233456156,0.4441505192127906,2,blocked
2289,89,0,0.7022696100810637,0.4084834157657645,2,blocked
2290,90,0,0.5726977579228907,0.31070304755950406,2,blocked
2291,91,0,0.14871341015760084,0.4309468299395902,2,blocked
2292,92,0,0.0932721773936482,0.6286714009500673,2,blocked
2293,93,0,0.7091332297573858,0.493326832362729,2,blocked
2294,94,0,0.17738134043283657,0.5122109794336638,2,blocked
2295,95,0,0.16735624935809593,0.4463742563872981,2,blocked
2296,96,0,0.20774272605686855,0.502394625756295,2,blocked
2297,97,0,0.16854612109241845,0.4349653149348167,2,blocked
2298,98,0,0.33600254432408266,0.39507136686665745,2,blocked
2299,99,0,0.14134710404668238,0.5208682098843871,2,blocked
2300,100,0,0.2747325981447847,0.42657221570710185,2,blocked
2301,101,0,0.847870537848459,0.27871816293047424,2,blocked
2302,102,0,0.7267379199449272,0.3355501188070187,2,blocked
2303,103,0,0.11074265500961794,0.6653925022511418,2,blocked
2304,104,0,0.6519645384217225,0.5309082982021917,2,blocked
2305,105,0,0.7376303676923357,0.5464114076979532,2,blocked
2306,106,0,0.07807326119389693,0.4873496567883825,2,blocked
2307,107,0,0.16891977114151385,0.43935205653938586,2,blocked
2308,108,0,0.1942257120004728,0.4415903084435403,2,blocked
2309,109,0,0.17543717548762533,0.4030152154303772,2,blocked
2310,110,0,0.08795849954607052,0.6256413003531724,2,blocked
2311,111,0,0.8758679407017,0.4255705344850311,2,blocked
2312,112,0,0.9310320268884165,0.4206656574750336,2,blocked
2313,113,0,0.8216812180215893,0.3578540970564374,2,blocked
2314,114,0,0.6930469823400041,0.3961577126764799,2,blocked
2315,115,0,0.8144893480571721,0.35568377181433153,2,blocked
2316,116,0,0.9031577264561661,0.43913608858527875,2,blocked
2317,117,0,0.6548998402316903,0.5035175810176564,2,blocked
2318,118,0,0.17550917457838328,0.4068416710380469,2,blocked
2319,119,0,0.113458435165503,0.4608359832244878,2,blocked
2320,120,0,0.4740083622194115,0.5234937930896868,2,blocked
2321,121,0,0.4680674561748667,0.5015522992642168,2,blocked
2322,122,0,0.35724056564240203,0.4286722193652558,2,blocked
2323,123,0,0.577584842057665,0.4297506031044567,2,blocked
2324,124,0,0.44071637809229136,0.37068214536348615,2,blocked
2325,125,0,0.4216668427131129,0.48623997738443786,2,blocked
2326,126,0,0.5909294448875526,0.4094647663054949,2,blocked
2327,127,0,0.30734906905146797,0.5514019040855529,2,blocked
2328,128,0,0.2993788743806488,0.368121192030688,2,blocked
2329,129,0,0.33181735886739616,0.4248876484963714,2,blocked
2330,130,0,0.6624706231844842,0.4919427244323211,2,blocked
2331,131,0,0.603051065076218,0.42839748495703955,2,blocked
2332,132,0,0.5886356150978415,0.39598962123100706,2,blocked
2333,133,0,0.13998619193668932,0.42262223520579134,2,blocked
2334,134,0,0.7200514104979956,0.3838022476206264,2,blocked
2335,135,0,0.4272050750754727,0.45339478473459477,2,blocked
2336,136,0,0.3793536425782926,0.4525434533150181,2,blocked
2337,137,0,0.276873314625245,0.4453055121810642,2,blocked
2338,138,0,0.44171556424575603,0.5378958716094808,2,blocked
2339,139,0,0.30258800471696373,0.5094931245280764,2,blocked
2340,140,0,0.6089181799062622,0.4218603911586323,2,blocked
2341,141,0,0.378242492906008,0.5440521237494179,2,blocked
2342,142,0,0.42429071818937886,0.45405801467620377,2,blocked
2343,143,0,0.319996300309565,0.42025083592039725,2,blocked
2344,144,0,0.1468226745640446,0.4848066299995396,2,blocked
2345,145,0,0.2577983546690579,0.48397527428212683,2,blocked
2346,146,0,0.6802913519650123,0.47836635292752205,2,blocked
2347,147,0,0.492857221439066,0.4944816192259356,2,blocked
2348,148,0,0.6145661863807343,0.4036071469497047,2,blocked
2349,149,0,0.6323097172312342,0.48235506661955224,2,blocked
2350,150,0,0.395394769533087,0.44364963838760385,2,blocked
2351,151,0,0.2905027961819424,0.366579239679099,2,blocked
2352,152,0,0.3146065886404894,0.36209559892919424,2,blocked
2353,153,0,0.4482650555380343,0.3020792957988609,2,blocked
2354,154,0,0.39902296930684705,0.43742308315177897,2,blocked
2355,155,0,0.7477198194013949,0.3692625877679354,2,blocked
2356,156,0,0.4594043171741926,0.4692449116499946,2,blocked
2357,157,0,0.6532777701721707,0.39713902316282257,2,blocked
2358,158,0,0.49372221922895787,0.47578592105023754,2,blocked
2359,159,0,0.4447300440522745,0.31857760011713837,2,blocked
2360,160,0,0.20711796916129305,0.43831993896007926,2,blocked
2361,161,0,0.8658747355835819,0.25473990226577625,2,blocked
2362,162,0,0.12995549176605387,0.421421302965748,2,blocked
2363,163,0,0.7653463910135004,0.5757204655427332,2,blocked
2364,164,0,0.8136341594568931,0.28036667923654834,2,blocked
2365,165,0,0.8942347115513561,0.40587167291896786,2,blocked
2366,166,0,0.8550385847500835,0.44101021186058775,2,blocked
2367,167,0,0.8061864212977337,0.30618800637248805,2,blocked
2368,168,0,0.5946561535869721,0.4819724896960181,2,blocked
2369,169,0,0.10675322038747165,0.45180099087353937,2,blocked
2370,170,0,0.3696526017904867,0.38237210363854185,2,blocked
2371,171,0,0.4542313342441134,0.43735889881914236,2,blocked
2372,172,0,0.2647456292806754,0.5434601220860396,2,blocked
2373,173,0,0.5091725298938127,0.27629533150778846,2,blocked
2374,174,0,0.2527975450780053,0.5468919742965461,2,blocked
2375,175,0,0.7521587406246981,0.3403890253849309,2,blocked
2376,176,0,0.4309893322207524,0.4922397542421896,2,blocked
2377,177,0,0.3301711085901697,0.43615948093394863,2,blocked
2378,178,0,0.621239905656159,0.32091861094105634,2,blocked
2379,179,0,0.8175336098795196,0.4189750537712792,2,blocked
2380,180,0,0.5219433153980801,0.41662050014220586,2,blocked
2381,181,0,0.7813080671182842,0.2782495633639088,2,blocked
2382,182,0,0.45299892324527186,0.4485009365534446,2,blocked
2383,183,0,0.6581230960165161,0.31249629099684717,2,blocked
2384,184,0,0.9599678953831485,0.5231607003627319,2,blocked
2385,185,0,0.13522234816333714,0.38140688920659493,2,blocked
2386,186,0,0.5831710282193883,0.3352772309579214,2,blocked
2387,187,0,0.39474567238863467,0.4864710776619161,2,blocked
2388,188,0,0.32831873937770106,0.4070511211227634,2,blocked
2389,189,0,0.6924960982964528,0.21934308743870345,2,blocked
2390,190,0,0.22841075987576712,0.49364605246770044,2,blocked
2391,191,0,0.4461619139386447,0.4862922551603746,2,blocked
2392,192,0,0.907013592241231,0.5821570051382498,2,blocked
2393,193,0,0.6433966142139539,0.3563748426430615,2,blocked
2394,194,0,0.8630491033393093,0.43485651798066116,2,blocked
2395,195,0,0.4702883200445565,0.5394569960770258,2,blocked
2396,196,0,0.17619620306786238,0.41366074183667373,2,blocked
2397,197,0,0.8451924725597126,0.444297764628078,2,blocked
2398,198,0,0.6639947478532081,0.4042065012387712,2,blocked
2399,199,0,0.3769659189562973,0.4469910651525839,2,blocked
2400,0,0,0.17724664970060577,0.7541899100987388,2,early
2401,1,0,0.7386872927095556,0.5401862856267949,2,early
2402,2,0,0.8252647551506072,0.5899597785060378,2,early
2403,3,0,0.7058036035919099,0.48871096280482096,2,early
2404,4,0,0.7478801198347047,0.6109834206684989,2,early
2405,5,0,0.14813724791764699,0.7689367837448418,2,early
2406,6,0,0.29648126247871726,0.588757007410565,2,early
2407,7,0,0.15212872997734675,0.8282104273234455,2,early
2408,8,0,0.2706070533902893,0.6487027801219722,2,early
2409,9,0,0.1641166701796183,0.8982148758022318,2,early
2410,10,0,0.2220191874016123,0.6886329623407292,2,early
2411,11,0,0.3105466180261107,0.684200871943653,2,early
2412,12,0,0.24593437875717244,0.8613102842617564,2,early
2413,13,0,0.34466334122168807,0.6812795801411067,2,early
2414,14,0,0.7634310354879751,0.6607875001284294,2,early
2415,15,0,0.39405546335449726,0.5804445731262289,2,early
2416,16,0,0.7058280927208687,0.6638617522994481,2,early
2417,17,0,0.6837367152108937,0.4765300500961068,2,early
2418,18,0,0.6176171144607379,0.5784066082563195,2,early
2419,19,0,0.33244319024875146,0.6331735166890239,2,early
2420,20,0,0.7208704629472308,0.6098025522364977,2,early
2421,21,0,0.6867412902565062,0.6555860769739766,2,early
2422,22,0,0.4083878172359653,0.4687600298656984,2,early
2423,23,0,0.34679777759495417,0.4856844727431615,2,early
2424,24,0,0.39934326430032846,0.5225636306074406,2,early
2425,25,0,0.7648480311482886,0.6816751056867465,2,early
2426,26,0,0.5390773764330437,0.5241404127422737,2,early
2427,27,0,0.3920516236351852,0.6750533857727414,2,early
2428,28,0,0.4981056080509038,0.4603448168147196,2,early
2429,29,0,0.6154552281062379,0.6138109287809355,2,early
2430,30,0,0.5012941472961338,0.5142845765778682,2,early
2431,31,0,0.45629741751979264,0.6656246341869909,2,early
2432,32,0,0.6580738284627656,0.5515392422345939,2,early
2433,33,0,0.45671549136741063,0.5148563950379065,2,early
2434,34,0,0.5477192468105855,0.41809138237342447,2,early
2435,35,0,0.3864736854790026,0.49817965230193184,2,early
2436,36,0,0.3369446362147759,0.5370028243646486,2,early
2437,37,0,0.5936275028553928,0.5822585918022809,2,early
2438,38,0,0.45889427185550496,0.5109034753771122,2,early
2439,39,0,0.4167242774979331,0.5511845196825301,2,early
2440,40,0,0.5203182246781323,0.44874823811827425,2,early
2441,41,0,0.43464490937661826,0.6577374195637584,2,early
2442,42,0,0.5530419643200215,0.6164838054942601,2,early
2443,43,0,0.5040684875113624,0.42656633716238757,2,early
2444,44,0,0.4231451829805446,0.5114438558774825,2,early
2445,45,0,0.27523157078118227,0.6775636173061477,2,early
2446,46,0,0.747111016365122,0.5121707107821527,2,early
2447,47,0,0.4559527113676261,0.6446972864179199,2,early
2448,48,0,0.5140188624132664,0.473493747393061,2,early
2449,49,0,0.3708123760715706,0.5897571435800653,2,early
2450,50,0,0.6012117298398547,0.5888310970469832,2,early
2451,51,0,0.5738704469987286,0.4782778107472154,2,early
2452,52,0,0.4016831046438969,0.5552268781822477,2,early
2453,53,0,0.4579287347276597,0.6247664579583052,2,early
2454,54,0,0.5274439253343286,0.5031585495393732,2,early
2455,55,0,0.4497105119586198,0.5368644044295877,2,early
2456,56,0,0.7316766796631923,0.4417169054439196,2,early
2457,57,0,0.6017697639258932,0.581896000735808,2,early
2458,58,0,0.48628632693630536,0.5498212673532661,2,early
2459,59,0,0.47735698810055943,0.5622956543353179,2,early
2460,60,0,0.5702708249750968,0.552096774203147,2,early
2461,61,0,0.5279773921018592,0.4869184426086912,2,early
2462,62,0,0.35328995162141863,0.4984532196055591,2,early
2463,63,0,0.5612973299263999,0.45591692839804876,2,early
2464,64,0,0.46130071792914557,0.5557375086228749,2,early
2465,65,0,0.7191440410367402,0.5223900177623294,2,early
2466,66,0,0.49080227414669647,0.41693694235450285,2,early
2467,67,0,0.4679621368739942,0.6017221776468287,2,early
2468,68,0,0.493654149360663,0.6508728944934553,2,early
2469,69,0,0.4981026615591263,0.5707096091446241,2,early
2470,70,0,0.25230640154304607,0.44100830751997655,2,early
2471,71,0,0.4088188686300016,0.44086051021576544,2,early
2472,72,0,0.40115859370729456,0.48689333408961716,2,early
2473,73,0,0.4624250101993046,0.3942853793187494,2,early
2474,74,0,0.5643184006152034,0.438132182283445,2,early
2475,75,0,0.4345118648948626,0.5773857382686158,2,early
2476,76,0,0.5462504716536537,0.5365625347239535,2,early
2477,77,0,0.31057591419455044,0.46794417399107635,2,early
2478,78,0,0.44785521796549976,0.44230467363405185,2,early
2479,79,0,0.4319613983653205,0.4562637887737852,2,early
2480,80,0,0.29910316695898015,0.632459673454761,2,early
2481,81,0,0.5051092086072715,0.5190424296775193,2,early
2482,82,0,0.27403275919397646,0.5089259148633617,2,early
2483,83,0,0.5013886731182171,0.5195209986842512,2,early
2484,84,0,0.22737008458848396,0.4638079011264672,2,early
2485,85,0,0.5678051506692364,0.47972113376702796,2,early
2486,86,0,0.30851582799679933,0.6191339117147592,2,early
2487,87,0,0.6779620464822798,0.46409377035891547,2,early
2488,88,0,0.20116020088715697,0.5917287929411552,2,early
2489,89,0,0.32841533890678104,0.5291558851810807,2,early
2490,90,0,0.6705017738581146,0.5134801877873015,2,early
2491,91,0,0.485300519320615,0.5375847821942402,2,early
2492,92,0,0.8694734158425543,0.527587696997541,2,early
2493,93,0,0.5701738751678315,0.489359612752546,2,early
2494,94,0,0.6601165115483344,0.49971122519139877,2,early
2495,95,0,0.4817983074795177,0.47904185478503925,2,early
2496,96,0,0.7885764353588078,0.38354378880080553,2,early
2497,97,0,0.4671611743295077,0.5436825233482072,2,early
2498,98,0,0.25587271809348516,0.5110511952996561,2,early
2499,99,0,0.43272952990050273,0.5217893626536171,2,early
2500,100,0,0.7107879843436133,0.5338702722103781,2,early
2501,101,0,0.5837457041675512,0.44179079748033856,2,early
2502,102,0,0.2446380913244495,0.49915421536567284,2,early
2503,103,0,0.4898947325278061,0.6876142997613781,2,early
2504,104,0,0.6065603229565985,0.46755586119904674,2,early
2505,105,0,0.3978083073446862,0.5474573539579318,2,early
2506,106,0,0.24445028467195326,0.5927057776118099,2,early
2507,107,0,0.33266822500712095,0.493012076723256,2,early
2508,108,0,0.20623537250919632,0.5397298779661663,2,early
2509,109,0,0.4020466392189836,0.5495481346965052,2,early
2510,110,0,0.2470690258646425,0.5703788814126546,2,early
2511,111,0,0.43539025870055836,0.5066583886093042,2,early
2512,112,0,0.836320570674978,0.4482805958341479,2,early
2513,113,0,0.2739268756880927,0.5939863380242227,2,early
2514,114,0,0.7362870751200208,0.4394050047325898,2,early
2515,115,0,0.27845658639103904,0.45379682227510015,2,early
2516,116,0,0.34932670042037145,0.6795360162353283,2,early
2517,117,0,0.3923315505312359,0.42425609146815857,2,early
2518,118,0,0.33437744787592705,0.5213063767540348,2,early
2519,119,0,0.5391224666436443,0.4669384763568636,2,early
2520,120,0,0.3658038448890608,0.7108167137628733,2,early
2521,121,0,0.4741563405160787,0.5114756680439518,2,early
2522,122,0,0.39037675374035086,0.5438288400962727,2,early
2523,123,0,0.5434023990826213,0.3854948124133051,2,early
2524,124,0,0.5618092376488282,0.6365393699158247,2,early
2525,125,0,0.5682573829058144,0.389691143260288,2,early
2526,126,0,0.2071015259901932,0.6022277826471569,2,early
2527,127,0,0.41930864159221687,0.48960188792381265,2,early
2528,128,0,0.18525305675489673,0.5323156096389182,2,early
2529,129,0,0.6414251631590642,0.5345141920113827,2,early
2530,130,0,0.5510628572169588,0.47969736148966746,2,early
2531,131,0,0.4638126170335125,0.41874209122416417,2,early
2532,132,0,0.6608505141954173,0.5231726485246581,2,early
2533,133,0,0.3913902188535937,0.5131263364948895,2,early
2534,134,0,0.28479824711054946,0.49023231217444474,2,early
2535,135,0,0.5173482021159967,0.5721938239347224,2,early
2536,136,0,0.3931159708933716,0.4935771714885229,2,early
2537,137,0,0.30143559834844047,0.6366725569886678,2,early
2538,138,0,0.34667488845463,0.593257720400916,2,early
2539,139,0,0.5338892133404198,0.4014875504216045,2,early
2540,140,0,0.5439012467716281,0.48558874938254665,2,early
2541,141,0,0.5759609225753795,0.4989160582192216,2,early
2542,142,0,0.7922949075733146,0.41130890434704026,2,early
2543,143,0,0.39005234840569075,0.5110200032207513,2,early
2544,144,0,0.591448818696447,0.4807079427549549,2,early
2545,145,0,0.3467696583505451,0.5891738830430832,2,early
2546,146,0,0.26739278821349355,0.5265446289011938,2,early
2547,147,0,0.4529955641139421,0.5355267082356874,2,early
2548,148,0,0.6085979372565695,0.40649782886641395,2,early
2549,149,0,0.5033274692881045,0.43022663572040065,2,early
2550,150,0,0.6947885392850193,0.438183065993773,2,early
2551,151,0,0.46741196877603663,0.4249018175443381,2,early
2552,152,0,0.39803616215848225,0.6049632046458538,2,early
2553,153,0,0.5112729361934131,0.468059722275446,2,early
2554,154,0,0.3892330063822988,0.473917292648282,2,early
2555,155,0,0.3488694495565172,0.5001506491210633,2,early
2556,156,0,0.6194184808041301,0.47566154872160615,2,early
2557,157,0,0.45280380011660337,0.4723345167209524,2,early
2558,158,0,0.16125143970661704,0.6146363407320288,2,early
2559,159,0,0.4191325346820544,0.403891147531947,2,early
2560,160,0,0.3223321185880136,0.5226677994446455,2,early
2561,161,0,0.7435436736674645,0.3892132291734997,2,early
2562,162,0,0.6263770646739878,0.3468066020781381,2,early
2563,163,0,0.6448520436177366,0.5032100648147991,2,early
2564,164,0,0.2659208617702902,0.5138611139749996,2,early
2565,165,0,0.2617211596743304,0.4857941691584511,2,early
2566,166,0,0.429997161724338,0.5318877540128909,2,early
2567,167,0,0.7122140001847237,0.5490532700202825,2,early
2568,168,0,0.719007289967897,0.3733708081101804,2,early
2569,169,0,0.5597595901415823,0.44466657888609384,2,early
2570,170,0,0.4912081885450473,0.5841980855970946,2,early
2571,171,0,0.2709117301576265,0.5186376166061115,2,early
2572,172,0,0.4343611246647635,0.5904557279201033,2,early
2573,173,0,0.5349016454530938,0.6106448845180257,2,early
2574,174,0,0.6034376229884196,0.4648752846579438,2,early
2575,175,0,0.48115496726181795,0.5247053454926622,2,early
2576,176,0,0.5907244392544007,0.3793588654778165,2,early
2577,177,0,0.5825328237304561,0.6056725341672708,2,early
2578,178,0,0.11175353275719493,0.4819185228992635,2,early
2579,179,0,0.5364766594218591,0.4085125507295727,2,early
2580,180,0,0.3062055097131046,0.5057484972213855,2,early
2581,181,0,0.19710761969029866,0.5639316221588776,2,early
2582,182,0,0.2318086761060763,0.5185455110380721,2,early
2583,183,0,0.7420593111656326,0.36240114888409347,2,early
2584,184,0,0.49206452345903806,0.4576604054342052,2,early
2585,185,0,0.4921602700313821,0.47063101925815326,2,early
2586,186,0,0.7621323921230874,0.44050380652538795,2,early
2587,187,0,0.30879975353137057,0.5294255119000134,2,early
2588,188,0,0.6237510388864743,0.4421942045706462,2,early
2589,189,0,0.25925168134566007,0.5264285302523293,2,early
2590,190,0,0.4812943166425858,0.4461314945870501,2,early
2591,191,0,0.7781778171122183,0.3969870824130801,2,early
2592,192,0,0.4267691758742619,0.5843648044058307,2,early
2593,193,0,0.5851344709908857,0.3986659139118195,2,early
2594,194,0,0.2802065095063522,0.6222810514889894,2,early
2595,195,0,0.5169267407522014,0.6330603983074122,2,early
2596,196,0,0.39899580488157066,0.40924671613439995,2,early
2597,197,0,0.3437394505146389,0.5583551137913259,2,early
2598,198,0,0.7224195681822367,0.4157459583721864,2,early
2599,199,0,0.5347267955043847,0.5225430689008901,2,early
2600,0,0,0.46343672081185183,0.6818889343814654,2,middle
2601,1,1,0.6870941827959365,1.1721986193124017,2,middle
2602,2,0,0.5080086949017829,0.4993202621599985,2,middle
2603,3,0,0.1973750262857308,0.526714845655055,2,middle
2604,4,0,0.5173855370777878,0.6189133921492938,2,middle
2605,5,2,0.9347605097910049,0.6608696336330903,2,middle
2606,6,0,0.5342396228640974,0.4958732082560226,2,middle
2607,7,0,0.22797663100613114,0.4715110599578173,2,middle
2608,8,0,0.5395160498663586,0.4562770323888673,2,middle
2609,9,0,0.7996048841694836,0.48537439045921005,2,middle
2610,10,3,0.42295551132705617,0.9682370144983501,2,middle
2611,11,4,0.7345764067005788,0.8014150623642178,2,middle
2612,12,5,0.507644948066609,1.0015989467272663,2,middle
2613,13,6,0.7173938768335135,0.7324903617467715,2,middle
2614,14,6,0.5001011897229815,0.3538679446236267,2,middle
2615,15,6,0.10910633947257506,0.526054802802208,2,middle
2616,16,6,0.5477883254877467,0.5237913256484508,2,middle
2617,17,6,0.10895149545039273,0.5715077974634579,2,middle
2618,18,6,0.5861682227255058,0.4490107340193765,2,middle
2619,19,6,0.14275933438938648,0.46619791576242586,2,middle
2620,20,6,0.5410380802631561,0.4787579933738174,2,middle
2621,21,6,0.19228328440591924,0.5408894601339047,2,middle
2622,22,6,0.5890089815786756,0.6556802352729809,2,middle
2623,23,6,0.09318837879274011,0.51688308106443,2,middle
2624,24,6,0.593963445057502,0.346718063494005,2,middle
2625,25,6,0.6786599686961752,0.651857412723815,2,middle
2626,26,6,0.49050329872448073,0.31817989459823837,2,middle
2627,27,6,0.10626580550763705,0.57976451326919,2,middle
2628,28,6,0.5472695039643117,0.5205844055616825,2,middle
2629,29,6,0.8641773924181326,0.4160535262803349,2,middle
2630,30,0,0.5550491310082712,0.5184499636170256,2,middle
2631,31,6,0.11799118601774691,0.3398804412723645,2,middle
2632,32,6,0.5436979634374113,0.4519128535914955,2,middle
2633,33,6,0.808666536890486,0.3950848009765887,2,middle
2634,34,6,0.5452055953412196,0.37229168163913473,2,middle
2635,35,6,0.7790326338300784,0.4419249783649867,2,middle
2636,36,6,0.5038213037793174,0.4169502189456804,2,middle
2637,37,6,0.10215543920754523,0.5134821288714597,2,middle
2638,38,6,0.5229037563047454,0.3992297550339131,2,middle
2639,39,6,0.7145765960283721,0.4622604943435624,2,middle
2640,40,6,0.5332480105384348,0.41442488931624977,2,middle
2641,41,6,0.4938104233612967,0.2914018103160053,2,middle
2642,42,0,0.5262025384970922,0.32466241943405105,2,middle
2643,43,6,0.5435191729632759,0.4479645475172583,2,middle
2644,44,6,0.4953871161146376,0.33554542429255274,2,middle
2645,45,6,0.4622915326684518,0.30639879169353035,2,middle
2646,46,6,0.607001938836874,0.3958278709386423,2,middle
2647,47,6,0.6180437635970436,0.3918947421311313,2,middle
2648,48,6,0.4983939546285888,0.5101011316924848,2,middle
2649,49,6,0.4740306725910574,0.3765871112763802,2,middle
2650,50,6,0.5577011859113411,0.40154723358388156,2,middle
2651,51,6,0.5012082316276886,0.5515019997647853,2,middle
2652,52,6,0.57215170133523,0.42108978273717246,2,middle
2653,53,6,0.5605460934633325,0.30520997197492794,2,middle
2654,54,6,0.521344604608527,0.575925693776146,2,middle
2655,55,6,0.4967065834706621,0.5476293907311729,2,middle
2656,56,6,0.48299151049513206,0.5270261695815858,2,middle
2657,57,6,0.5164083256384189,0.3508530415787956,2,middle
2658,58,6,0.5472979966080425,0.5624466288142652,2,middle
2659,59,6,0.6381322708940567,0.5537375717359587,2,middle
2660,60,6,0.4594898237221923,0.4828150022979689,2,middle
2661,61,6,0.5560585550232559,0.44309262973755753,2,middle
2662,62,6,0.48752577436944966,0.4675074266973889,2,middle
2663,63,6,0.5491184192518781,0.3319175487253856,2,middle
2664,64,6,0.5446723547825277,0.4839625656453227,2,middle
2665,65,6,0.4442685596436953,0.3666069798756626,2,middle
2666,66,6,0.531975190110094,0.33424608160858105,2,middle
2667,67,6,0.4994345925110853,0.37140592119103955,2,middle
2668,68,6,0.5028242382660739,0.5384180709207752,2,middle
2669,69,6,0.43105428442619914,0.4550016572875592,2,middle
2670,70,6,0.5590041103291681,0.3159930346136034,2,middle
2671,71,6,0.6358527852884481,0.44085746793284214,2,middle
2672,72,6,0.5311580354299393,0.34299193915232773,2,middle
2673,73,6,0.5169892119755463,0.39701008572605295,2,middle
2674,74,6,0.5495626062486691,0.3863977819736164,2,middle
2675,75,6,0.5053378289185252,0.5792268733782987,2,middle
2676,76,6,0.5515145578160225,0.4008903282265811,2,middle
2677,77,6,0.5322782991817648,0.523669621975936,2,middle
2678,78,6,0.5112257502911641,0.32612204365944897,2,middle
2679,79,6,0.45880120801385305,0.38843302134000535,2,middle
2680,80,6,0.8036762179571155,0.45249229864453566,2,middle
2681,81,6,0.7154662356034656,0.3704940356744606,2,middle
2682,82,6,0.731857330903553,0.34694243647737566,2,middle
2683,83,6,0.16362050815040458,0.4505347859915402,2,middle
2684,84,6,0.6889628930404927,0.5034527939390263,2,middle
2685,85,6,0.7492174969409175,0.5137591900559814,2,middle
2686,86,6,0.8277056988582854,0.42843277873378627,2,middle
2687,87,6,0.7729215738541776,0.383529692423057,2,middle
2688,88,6,0.6343357665665217,0.6162093601021454,2,middle
2689,89,6,0.20701861892052953,0.4552025496367672,2,middle
2690,90,6,0.14237026863713384,0.5046038218493307,2,middle
2691,91,6,0.1296082786314112,0.452677352200496,2,middle
2692,92,6,0.18263711240944064,0.3850962706313349,2,middle
2693,93,6,0.19899518389699566,0.5403624602087584,2,middle
2694,94,6,0.15954668315472328,0.5482264735642846,2,middle
2695,95,6,0.22014220652844677,0.4345521642391515,2,middle
2696,96,6,0.21517503308888045,0.49908256454689565,2,middle
2697,97,6,0.6842095680612149,0.5040763101381641,2,middle
2698,98,6,0.1908007278720856,0.4677967621985664,2,middle
2699,99,6,0.7499225153164157,0.36581839706092756,2,middle
2700,100,6,0.7553568079144726,0.32825498822037535,2,middle
2701,101,6,0.7148730420919924,0.503849454058081,2,middle
2702,102,6,0.6599290224932535,0.37892560330873215,2,middle
2703,103,6,0.7398409596746596,0.5026291308768199,2,middle
2704,104,6,0.20393070948874842,0.5392014610331723,2,middle
2705,105,6,0.6768791655789195,0.4040909773243853,2,middle
2706,106,6,0.19651614688754726,0.5555122745803969,2,middle
2707,107,6,0.7096441639813961,0.4196333376947164,2,middle
2708,108,6,0.22118951507686374,0.41811085149112115,2,middle
2709,109,6,0.2149041451182757,0.45982868747489,2,middle
2710,110,6,0.7908606388703983,0.3401477536868198,2,middle
2711,111,6,0.6762490946665451,0.5653789994098055,2,middle
2712,112,6,0.2226980770650504,0.39401604963131553,2,middle
2713,113,0,0.36272948801655625,0.45656297218564845,2,middle
2714,114,6,0.7116590061322208,0.417411741412151,2,middle
2715,115,6,0.20412273802809566,0.535642366609435,2,middle
2716,116,6,0.2921048756366458,0.41790846689656236,2,middle
2717,117,6,0.7125473920385692,0.44227456273040555,2,middle
2718,118,6,0.7325195195890988,0.40085410183877834,2,middle
2719,119,6,0.1882786283999937,0.4298725931133386,2,middle
2720,120,6,0.5723825837449527,0.3988187550599406,2,middle
2721,121,6,0.619834034867047,0.5997800769596351,2,middle
2722,122,6,0.7183482945700963,0.41316219577133306,2,middle
2723,123,6,0.7166678721690434,0.3078894654200502,2,middle
2724,124,6,0.6578274917743381,0.3526601278621202,2,middle
2725,125,6,0.7336408589346646,0.4347217825417076,2,middle
2726,126,6,0.5391382686999718,0.44018045425875857,2,middle
2727,127,6,0.2534956362704798,0.4063183631722343,2,middle
2728,128,6,0.4342266331722854,0.2931589624753364,2,middle
2729,129,6,0.23082283198036907,0.3880860736337496,2,middle
2730,130,6,0.5469006061998012,0.37186726260050795,2,middle
2731,131,6,0.1814430301053918,0.5044943654978414,2,middle
2732,132,6,0.655343744135662,0.5609347956887165,2,middle
2733,133,6,0.21118139962777333,0.4692726677030953,2,middle
2734,134,6,0.5867929801046441,0.5103386124657692,2,middle
2735,135,6,0.18511978819477,0.5544344450780703,2,middle
2736,136,6,0.5514651982126584,0.5141622788229767,2,middle
2737,137,6,0.37308112794999954,0.39939325337650095,2,middle
2738,138,6,0.4691379828325425,0.4284642948049275,2,middle
2739,139,6,0.627645304177842,0.5815522456685708,2,middle
2740,140,6,0.38423545391207437,0.595611494766592,2,middle
2741,141,6,0.34261196355903845,0.4142068440608039,2,middle
2742,142,6,0.5742617961131857,0.4078905710370629,2,middle
2743,143,6,0.3478733692874929,0.3923560236466196,2,middle
2744,144,6,0.3632386397943796,0.39245701129996213,2,middle
2745,145,6,0.28625826327703674,0.3815024403335703,2,middle
2746,146,6,0.6113476068675672,0.45719687555650235,2,middle
2747,147,6,0.25948021029683144,0.4490502081594625,2,middle
2748,148,6,0.44611887104427056,0.46015064959218105,2,middle
2749,149,6,0.26698255919897246,0.4216152645991861,2,middle
2750,150,6,0.4032327589516984,0.5961604678350061,2,middle
2751,151,6,0.716802218263206,0.3768216908363501,2,middle
2752,152,6,0.4033150973554982,0.4120544307965637,2,middle
2753,153,6,0.7580533659933515,0.3358746895173508,2,middle
2754,154,0,0.40837214231018176,0.4445693393109157,2,middle
2755,155,6,0.7219407404876503,0.37894619976400357,2,middle
2756,156,6,0.452705391054917,0.2836644821762234,2,middle
2757,157,6,0.2209254390127494,0.44769009961207784,2,middle
2758,158,6,0.5560752598187142,0.39901631350166233,2,middle
2759,159,6,0.7616033172960558,0.2996473303310093,2,middle
2760,160,6,0.4060859480460578,0.41962422508527353,2,middle
2761,161,6,0.4682611776394759,0.38692196131024054,2,middle
2762,162,6,0.7778343657479259,0.45182477832556794,2,middle
2763,163,6,0.35175560918716015,0.4850740199583464,2,middle
2764,164,6,0.2160853240818747,0.48947206269724775,2,middle
2765,165,6,0.7357150617461841,0.28915379492500115,2,middle
2766,166,6,0.3630948466296238,0.3787281363347862,2,middle
2767,167,6,0.5753864420013117,0.4265070292062865,2,middle
2768,168,6,0.41826994298830855,0.33340651880067773,2,middle
2769,169,6,0.23739332228670668,0.5623166003535038,2,middle
2770,170,6,0.4583519058874183,0.7091360482402986,2,middle
2771,171,6,0.30509952451844213,0.4241258679333215,2,middle
2772,172,6,0.4854989316254786,0.42006567162148606,2,middle
2773,173,6,0.47791169043881704,0.5958467316429606,2,middle
2774,174,6,0.4530045162434083,0.4514726188855412,2,middle
2775,175,6,0.4605287733735818,0.28836288299126134,2,middle
2776,176,6,0.5730052693379244,0.459246774721882,2,middle
2777,177,6,0.41801819724510336,0.357628116778417,2,middle
2778,178,6,0.5746918901763437,0.49236891619035394,2,middle
2779,179,6,0.28740769475762734,0.37147082666455955,2,middle
2780,180,6,0.6540740899130222,0.42791696803146695,2,middle
2781,181,6,0.44208269261586153,0.46097260588655914,2,middle
2782,182,6,0.7152618526683745,0.45511441470896374,2,middle
2783,183,6,0.6778586239705063,0.5369721731676258,2,middle
2784,184,6,0.2329780867818828,0.5327401973088669,2,middle
2785,185,6,0.6716327091389288,0.37296690992584136,2,middle
2786,186,6,0.7393700610291702,0.23951353181853785,2,middle
2787,187,6,0.7226714656887255,0.26907552287616493,2,middle
2788,188,6,0.5888708925673837,0.42644129940829256,2,middle
2789,189,6,0.6817660644438952,0.4203822676350295,2,middle
2790,190,6,0.5470432491098941,0.3908777537869466,2,middle
2791,191,6,0.6921708041486216,0.5221324660077251,2,middle
2792,192,6,0.26444053701632597,0.3256430781859476,2,middle
2793,193,6,0.5997263899541441,0.4353823249922354,2,middle
2794,194,6,0.630763265372396,0.5141448235963682,2,middle
2795,195,6,0.3002328851470661,0.5113622825635669,2,middle
2796,196,6,0.6053366455892142,0.34947491702086353,2,middle
2797,197,6,0.5201167881990685,0.4093958643331675,2,middle
2798,198,6,0.5412888017114119,0.4054522216418891,2,middle
2799,199,6,0.6828226772062396,0.5118342555935932,2,middle
2800,0,0,0.3611945401142968,0.8590506241045698,2,late
2801,1,1,0.3068051308183684,1.0283724223450834,2,late
2802,2,0,0.6454401583517616,0.5883753192498138,2,late
2803,3,0,0.437455275935305,0.5327119151341267,2,late
2804,4,2,0.8429252020542912,0.8268446216142715,2,late
2805,5,0,0.43441353870020816,0.8046640627052022,2,late
2806,6,0,0.6059873401364214,0.754342438636617,2,late
2807,7,0,0.42488909405193287,0.7933519341303175,2,late
2808,8,0,0.3758174059016316,0.587677331839197,2,late
2809,9,0,0.7997520760023378,0.5858205715031157,2,late
2810,10,0,0.7357276086216411,0.5394285560922544,2,late
2811,11,0,0.6651747570877378,0.6584804163702999,2,late
2812,12,0,0.41280942398781567,0.48548647501932785,2,late
2813,13,0,0.8072167988071929,0.5037315534296289,2,late
2814,14,0,0.7977114797649312,0.6013068547605176,2,late
2815,15,0,0.5915501972798538,0.5502650300252068,2,late
2816,16,0,0.2613718033516367,0.7847062192829366,2,late
2817,17,0,0.8047165195689031,0.4822960454511551,2,late
2818,18,0,0.7240413681263527,0.5943361082354508,2,late
2819,19,0,0.7269006942697627,0.30697754444874614,2,late
2820,20,0,0.3126085411293802,0.5258251062496452,2,late
2821,21,0,0.79278685538649,0.3785491168047346,2,late
2822,22,0,0.3733105155344017,0.40704472608348397,2,late
2823,23,0,0.40606209293872314,0.414508512528292,2,late
2824,24,0,0.40397457397009773,0.4886544620229627,2,late
2825,25,0,0.27410014058447685,0.7303297535266627,2,late
2826,26,0,0.3621051526773375,0.4100991427946439,2,late
2827,27,0,0.4860135974246245,0.6539679751130619,2,late
2828,28,0,0.5780999036415894,0.46359286633782937,2,late
2829,29,0,0.5733742080496891,0.4853590715181213,2,late
2830,30,0,0.3417171199693617,0.5468414305729473,2,late
2831,31,0,0.45293567154088554,0.508454355890102,2,late
2832,32,0,0.5898503175693122,0.4074704749780633,2,late
2833,33,0,0.41814253432403636,0.38868026700228875,2,late
2834,34,0,0.6097755646417136,0.5015961666801438,2,late
2835,35,0,0.16807144433271465,0.7280588286695022,2,late
2836,36,0,0.4824528559985946,0.5501043135221602,2,late
2837,37,0,0.43794605431323974,0.4766542694708771,2,late
2838,38,0,0.5319996171739106,0.459581985813019,2,late
2839,39,0,0.4596403318580861,0.5015380934986611,2,late
2840,40,0,0.4586654955409579,0.510984025455611,2,late
2841,41,0,0.36480452734814306,0.5391244764837818,2,late
2842,42,0,0.5148277328533474,0.38522947042131006,2,late
2843,43,0,0.35064761440444303,0.4726520241457117,2,late
2844,44,0,0.6480558376948152,0.4326808416027942,2,late
2845,45,0,0.6250335766533929,0.42348156781908664,2,late
2846,46,0,0.5837399403266439,0.39518313048905723,2,late
2847,47,0,0.5652707069277723,0.43257241099785165,2,late
2848,48,0,0.5189580916187675,0.47677268753782803,2,late
2849,49,0,0.5487873861690097,0.5343702730614577,2,late
2850,50,0,0.35010805580208376,0.41789835086861077,2,late
2851,51,0,0.5025145287029165,0.3564099379237047,2,late
2852,52,0,0.5902906192821532,0.3550265688398979,2,late
2853,53,0,0.7306218042726548,0.5119322043643786,2,late
2854,54,0,0.3676280283612169,0.6043374767347647,2,late
2855,55,0,0.2875648467294663,0.5288691236527027,2,late
2856,56,0,0.5335050450829634,0.39194869703872615,2,late
2857,57,0,0.6160067784448378,0.489932553064105,2,late
2858,58,0,0.6132687394725618,0.3558403550738465,2,late
2859,59,0,0.5131974530257201,0.5259575299554738,2,late
2860,60,0,0.6399790769257179,0.3456308486776769,2,late
2861,61,0,0.6477615764403502,0.4128796443776144,2,late
2862,62,0,0.5095009939096647,0.5832885520373998,2,late
2863,63,0,0.5646799748225034,0.43783273673074385,2,late
2864,64,0,0.5053062000437893,0.5703035481157037,2,late
2865,65,0,0.5296801690416247,0.5005321737319046,2,late
2866,66,0,0.2391146405532998,0.6549657557268479,2,late
2867,67,0,0.557774752457344,0.3666981767376203,2,late
2868,68,0,0.6327829362636366,0.3098298104916302,2,late
2869,69,0,0.5731849100542494,0.45522276218054797,2,late
2870,70,0,0.29289699186173673,0.5745805263370705,2,late
2871,71,0,0.3818826177137005,0.3135800058736094,2,late
2872,72,0,0.7013772614237839,0.4576149147596956,2,late
2873,73,0,0.5266968080164824,0.49750383432571865,2,late
2874,74,0,0.6638361578735132,0.42298356300359274,2,late
2875,75,0,0.6157544196158219,0.4692436789119935,2,late
2876,76,0,0.7042830960046597,0.4310385244396533,2,late
2877,77,0,0.4005618379618249,0.5193387207987196,2,late
2878,78,0,0.774900433851649,0.3574641128024,2,late
2879,79,0,0.6434311617432185,0.39357918283112847,2,late
2880,80,0,0.6873104366349775,0.33356687222187853,2,late
2881,81,0,0.5689250515349571,0.564289726613278,2,late
2882,82,0,0.676103728632363,0.3814727641458686,2,late
2883,83,0,0.6530716763956728,0.45931613198840743,2,late
2884,84,0,0.7049667463859104,0.2952644683295283,2,late
2885,85,0,0.6747822312324401,0.3266475016170256,2,late
2886,86,0,0.37104314802077537,0.4394418396923774,2,late
2887,87,0,0.3893928208687017,0.4254215087564307,2,late
2888,88,0,0.7028924823766793,0.2873845893283043,2,late
2889,89,0,0.7530923086193784,0.4312296310194987,2,late
2890,90,0,0.44307722760205864,0.6342838821349559,2,late
2891,91,0,0.6858833462415324,0.3540918656768296,2,late
2892,92,0,0.42408357988428724,0.4557472981617964,2,late
2893,93,0,0.6071201290289582,0.4916207383681812,2,late
2894,94,0,0.7495510096622948,0.5881126026131565,2,late
2895,95,0,0.3305302503385892,0.5722843164381832,2,late
2896,96,0,0.7801851603701292,0.380644307170777,2,late
2897,97,0,0.6308824488625586,0.4023650255660279,2,late
2898,98,0,0.24506557910532212,0.48682148088427213,2,late
2899,99,0,0.25434036885255495,0.3995860897714073,2,late
2900,100,0,0.24375523054101833,0.4716612601644815,2,late
2901,101,0,0.27211998966831596,0.5575821006454752,2,late
2902,102,0,0.6822049982381677,0.42632885558885714,2,late
2903,103,0,0.4221908475567222,0.5236638800065861,2,late
2904,104,0,0.7265326339549647,0.4172212058734782,2,late
2905,105,0,0.7694637471826529,0.4554835933568838,2,late
2906,106,0,0.3988173835004746,0.5187597250621953,2,late
2907,107,0,0.3694522191028657,0.6201713131482404,2,late
2908,108,0,0.6780427811396759,0.3596508985977709,2,late
2909,109,0,0.6659252231331619,0.2871051729078552,2,late
2910,110,0,0.656501457759314,0.48018691071146535,2,late
2911,111,0,0.44031266459059093,0.3984894791519161,2,late
2912,112,0,0.4314802248428893,0.5470171243275475,2,late
2913,113,0,0.3610199975156537,0.353631180426355,2,late
2914,114,0,0.6398335746232602,0.41647801421488817,2,late
2915,115,0,0.39062427497335694,0.38277319507654056,2,late
2916,116,0,0.6558152486867066,0.42907407115377455,2,late
2917,117,0,0.6865848200220165,0.5372331394055704,2,late
2918,118,0,0.6114061972770641,0.49833804650753954,2,late
2919,119,0,0.7894713799943547,0.3812856468720044,2,late
2920,120,0,0.6552779356228278,0.262173288508798,2,late
2921,121,0,0.5361576292807094,0.38854087361446377,2,late
2922,122,0,0.5308588323828035,0.4321419687179365,2,late
2923,123,0,0.3868932875664459,0.4117766511038783,2,late
2924,124,0,0.46533999420156563,0.46227780511590305,2,late
2925,125,0,0.6433382709041473,0.31294653704693093,2,late
2926,126,0,0.3678157817456472,0.5333545951601755,2,late
2927,127,0,0.5063991435960666,0.4635816243030909,2,late
2928,128,0,0.6119660184390834,0.5026439932769307,2,late
2929,129,0,0.6810677810415545,0.48293210306728307,2,late
2930,130,0,0.5688142721793508,0.3850891305342107,2,late
2931,131,0,0.32155726885835423,0.39863943028424376,2,late
2932,132,0,0.7541053972105419,0.4042360438525745,2,late
2933,133,0,0.7411355389055525,0.48718132243972145,2,late
2934,134,0,0.4875368918788722,0.41193636694853164,2,late
2935,135,0,0.5405911839336113,0.4595713148989219,2,late
2936,136,0,0.44694814454879983,0.3805259255247452,2,late
2937,137,0,0.44883336689228465,0.44240443983532174,2,late
2938,138,0,0.6300083432245334,0.4178236039467206,2,late
2939,139,0,0.24934383034482144,0.5535728549146238,2,late
2940,140,0,0.34287227354503225,0.5010307571770107,2,late
2941,141,0,0.5380020784574093,0.39776958318141886,2,late
2942,142,0,0.4724970530477973,0.43270851220281104,2,late
2943,143,0,0.6273319849186111,0.39825210586329063,2,late
2944,144,0,0.5823254964708806,0.3627337288873428,2,late
2945,145,0,0.5629876923232757,0.3977854336652572,2,late
2946,146,0,0.6556416334121438,0.38559018311682836,2,late
2947,147,0,0.3574642666010306,0.4144578242498264,2,late
2948,148,0,0.6411741394446206,0.4335978296283896,2,late
2949,149,0,0.4995046253337888,0.37783278441801044,2,late
2950,150,0,0.3528363598782439,0.45163705814482685,2,late
2951,151,0,0.44851651003624143,0.4517477230148784,2,late
2952,152,0,0.5101573727987698,0.3915645221929656,2,late
2953,153,0,0.785464798114966,0.3840677974373342,2,late
2954,154,0,0.5757986973696794,0.4015890911420835,2,late
2955,155,0,0.3563964967920892,0.44599756944957053,2,late
2956,156,0,0.5102811838540562,0.38914735873507944,2,late
2957,157,0,0.3571504454943951,0.3967794161555646,2,late
2958,158,0,0.7424726999130422,0.5299989417987322,2,late
2959,159,0,0.45264521782307043,0.38330306194696523,2,late
2960,160,0,0.8358213937445811,0.4504682903970306,2,late
2961,161,0,0.48043720346015173,0.5274592701961772,2,late
2962,162,0,0.5750603548844773,0.4767640538080416,2,late
2963,163,0,0.4755830802466047,0.35235845311634495,2,late
2964,164,0,0.6021433023935161,0.44861609690240234,2,late
2965,165,0,0.3677540411116882,0.5098293256838465,2,late
2966,166,0,0.5454879712145277,0.45867756442122243,2,late
2967,167,0,0.5283559444984987,0.42650005625275716,2,late
2968,168,0,0.5121780494822705,0.376539155389256,2,late
2969,169,0,0.6883784587314619,0.4357163432938296,2,late
2970,170,0,0.39346112179424386,0.4874242377591881,2,late
2971,171,0,0.47711182428624266,0.41981137857838935,2,late
2972,172,0,0.6649096335271045,0.35997946349352183,2,late
2973,173,0,0.4885386865895217,0.5031125815662308,2,late
2974,174,0,0.5597627765781557,0.40041967168079085,2,late
2975,175,0,0.4705695114907861,0.4627511566598095,2,late
2976,176,0,0.3620443590685072,0.482460121389945,2,late
2977,177,0,0.4372181720669614,0.48337499681733265,2,late
2978,178,0,0.6040899168725647,0.5152372706121519,2,late
2979,179,0,0.7182518245147511,0.48965816488216973,2,late
2980,180,0,0.6829807490383704,0.4018354936656633,2,late
2981,181,0,0.671722092793492,0.45374369340827503,2,late
2982,182,0,0.42282432306332995,0.4131281496506921,2,late
2983,183,0,0.5755289515997964,0.39306702913324254,2,late
2984,184,0,0.4555560776634475,0.44990337294227983,2,late
2985,185,0,0.4473076057279891,0.38034488864780075,2,late
2986,186,0,0.3055595842688241,0.37971236603561453,2,late
2987,187,0,0.37978436368101187,0.3386786802747369,2,late
2988,188,0,0.7668272436949535,0.3993644733162047,2,late
2989,189,0,0.35224546680075336,0.5261549234220039,2,late
2990,190,0,0.6979008245034559,0.2609256978587811,2,late
2991,191,0,0.670950291680082,0.25926274733423077,2,late
2992,192,0,0.47746547304126247,0.3954241396570465,2,late
2993,193,0,0.6930428006869884,0.4383106079125816,2,late
2994,194,0,0.7859782503280055,0.38902956053376736,2,late
2995,195,0,0.26146908791980195,0.38398019793382204,2,late
2996,196,0,0.4527055873320825,0.4198909341951539,2,late
2997,197,0,0.5012877549380728,0.38161082697104187,2,late
2998,198,0,0.5350659110772421,0.3431104646845591,2,late
2999,199,0,0.5441503053334424,0.430868875666722,2,late
3000,0,0,0.45119834182777885,0.5808277553821306,3,interleaved
3001,1,0,0.7554113566636605,0.5848006369481142,3,interleaved
3002,2,0,0.5199904190299703,0.5745585789543384,3,interleaved
3003,3,0,0.939588185131564,0.4167649143820338,3,interleaved
3004,4,0,0.5811460038624556,0.48633937344011735,3,interleaved
3005,5,0,0.14939357291263916,0.5444154106560789,3,interleaved
3006,6,0,0.4617506668708901,0.5766241568630994,3,interleaved
3007,7,0,0.4960367622194383,0.6147085476056171,3,interleaved
3008,8,0,0.4490782848739012,0.693222658838327,3,interleaved
3009,9,0,0.5696919854949547,0.6243806985357002,3,interleaved
3010,10,0,0.6762457433761889,0.8306132424614154,3,interleaved
3011,11,0,0.21489553784851467,0.686545920584131,3,interleaved
3012,12,0,0.4902480902093304,0.47254213430092507,3,interleaved
3013,13,0,0.2701017873693562,0.7484163251337288,3,interleaved
3014,14,0,0.5098316840864676,0.5625168798172117,3,interleaved
3015,15,0,0.26255593352416806,0.5630583516951763,3,interleaved
3016,16,0,0.5369729964997264,0.49933502448914463,3,interleaved
3017,17,0,0.6011470019674527,0.466571920341021,3,interleaved
3018,18,0,0.3200710640864611,0.5802867560075351,3,interleaved
3019,19,0,0.598036567886244,0.3645642504057033,3,interleaved
3020,20,0,0.4332250197109677,0.5875929431734419,3,interleaved
3021,21,0,0.80404440096895,0.4746893275663624,3,interleaved
3022,22,0,0.5313121618834455,0.5254718830239655,3,interleaved
3023,23,0,0.5574346785234955,0.41130369304606607,3,interleaved
3024,24,0,0.40046518931076913,0.4931499153691059,3,interleaved
3025,25,0,0.5906472775119828,0.39475636578031126,3,interleaved
3026,26,0,0.3813361433624044,0.5931612489050261,3,interleaved
3027,27,0,0.48960441012004374,0.43009536854383534,3,interleaved
3028,28,0,0.4024039743349577,0.5991596947731621,3,interleaved
3029,29,0,0.46620313100183364,0.41794365082693063,3,interleaved
3030,30,0,0.4385188251709551,0.5378638734745069,3,interleaved
3031,31,0,0.432952397876368,0.6445207422082456,3,interleaved
3032,32,0,0.49985688833254827,0.5837851409896004,3,interleaved
3033,33,0,0.30078769866128774,0.5001559795601682,3,interleaved
3034,34,0,0.6787405848217027,0.5570701441898612,3,interleaved
3035,35,0,0.6919964109799052,0.5534719553922647,3,interleaved
3036,36,0,0.3785542376592185,0.5922783131926921,3,interleaved
3037,37,0,0.412044223923261,0.3816965904714784,3,interleaved
3038,38,0,0.5823178438437486,0.5352898207302503,3,interleaved
3039,39,0,0.833250448867555,0.619469078497187,3,interleaved
3040,40,0,0.4986161716846571,0.41845434262670395,3,interleaved
3041,41,0,0.8013002848884674,0.42210910445293875,3,interleaved
3042,42,0,0.5374176683866847,0.42615520747259217,3,interleaved
3043,43,0,0.6600977907708327,0.73837673199904,3,interleaved
3044,44,0,0.3090158888353486,0.5585025021853676,3,interleaved
3045,45,0,0.7049455125451011,0.40828036754871433,3,interleaved
3046,46,0,0.5081451087317508,0.3688133981085532,3,interleaved
3047,47,0,0.8013083335601778,0.501625801866127,3,interleaved
3048,48,0,0.42923787623792375,0.5511998862211469,3,interleaved
3049,49,0,0.7072184081695425,0.46055395883302613,3,interleaved
3050,50,0,0.3310560846163765,0.49478178722101473,3,interleaved
3051,51,0,0.6501952556138543,0.5702606987104741,3,interleaved
3052,52,0,0.58189911296994,0.46699367555414617,3,interleaved
3053,53,0,0.5127597547388477,0.42068811399458195,3,interleaved
3054,54,0,0.6195522013845439,0.4694259315635647,3,interleaved
3055,55,0,0.6800807902687991,0.38941194515814254,3,interleaved
3056,56,0,0.5247722339812846,0.3801424896377606,3,interleaved
3057,57,0,0.5810351356391673,0.5898311239379019,3,interleaved
3058,58,0,0.3164922082749914,0.4535842046382721,3,interleaved
3059,59,0,0.6636445813498264,0.43024874095599874,3,interleaved
3060,60,0,0.32662249250831143,0.5032029930070833,3,interleaved
3061,61,0,0.6443557060364723,0.6175678553135847,3,interleaved
3062,62,0,0.49911718145538636,0.5343187467348325,3,interleaved
3063,63,0,0.3461119431569144,0.4601604065095113,3,interleaved
3064,64,0,0.4162789532782068,0.5064233927115218,3,interleaved
3065,65,0,0.5897563814884849,0.4309574135747938,3,interleaved
3066,66,0,0.6913662204186721,0.5636831449139419,3,interleaved
3067,67,0,0.7961672764130757,0.5817275960627103,3,interleaved
3068,68,0,0.46660640060081426,0.39681438086981125,3,interleaved
3069,69,0,0.38466273644060756,0.33054703737464486,3,interleaved
3070,70,0,0.4967443876544031,0.428627638162178,3,interleaved
3071,71,0,0.534967691932082,0.519366070305537,3,interleaved
3072,72,0,0.5179805099691058,0.3942575545864998,3,interleaved
3073,73,0,0.7147323982486931,0.36412720144495264,3,interleaved
3074,74,0,0.5900955211871501,0.4646226691183045,3,interleaved
3075,75,0,0.889302908896769,0.571342978242828,3,interleaved
3076,76,0,0.24675447953328905,0.5398106902763495,3,interleaved
3077,77,0,0.32560651122163026,0.5595985588111133,3,interleaved
3078,78,0,0.5526119304083167,0.4438816470487075,3,interleaved
3079,79,0,0.8827821290995965,0.4276824693942799,3,interleaved
3080,80,0,0.4156615905806764,0.5498750549453301,3,interleaved
3081,81,0,0.6627188815649441,0.449145927522126,3,interleaved
3082,82,0,0.38452346410345867,0.5480145430887288,3,interleaved
3083,83,0,0.44757830651378727,0.546408833069283,3,interleaved
3084,84,0,0.5927030463208054,0.4812199675744456,3,interleaved
3085,85,0,0.23669626756866857,0.5755136766788602,3,interleaved
3086,86,0,0.6459473683400582,0.44859499310115936,3,interleaved
3087,87,0,0.6443987269041502,0.4821039776956816,3,interleaved
3088,88,0,0.47826032263290724,0.40568857841460826,3,interleaved
3089,89,0,0.7984928738752812,0.5548410882415964,3,interleaved
3090,90,0,0.33524010598163123,0.4242063136832662,3,interleaved
3091,91,0,0.7479602659023483,0.47076438354222483,3,interleaved
3092,92,0,0.41882124149325817,0.6034915270065513,3,interleaved
3093,93,0,0.38165455849896257,0.5680804744025649,3,interleaved
3094,94,0,0.3870514118607409,0.4717905189373425,3,interleaved
3095,95,0,0.6195778536544003,0.42370502645801955,3,interleaved
3096,96,0,0.3933535907283613,0.533692800857499,3,interleaved
3097,97,0,0.4867257555189891,0.5156347213767466,3,interleaved
3098,98,0,0.6002661707060648,0.566788634987925,3,interleaved
3099,99,0,0.37401314844145184,0.44586179664658826,3,interleaved
3100,100,0,0.5830484050449032,0.4645741667206127,3,interleaved
3101,101,0,0.7453889816845988,0.4839987200316296,3,interleaved
3102,102,0,0.2566229545844829,0.48917879637630374,3,interleaved
3103,103,0,0.6919426438022258,0.439984340289379,3,interleaved
3104,104,0,0.5159929105534043,0.5267372080827619,3,interleaved
3105,105,0,0.6346959094559834,0.3710278359466542,3,interleaved
3106,106,0,0.6405168921073254,0.5196382101494037,3,interleaved
3107,107,0,0.5288354313135892,0.38695521188824045,3,interleaved
3108,108,0,0.6383136222734187,0.5717603865497801,3,interleaved
3109,109,0,0.7045487416981935,0.37004550625743804,3,interleaved
3110,110,0,0.5799776208886,0.4888273765521416,3,interleaved
3111,111,0,0.5880064002857373,0.46760901145072814,3,interleaved
3112,112,0,0.5421320355606452,0.34498760538314444,3,interleaved
3113,113,0,0.8174580962102218,0.5737205229476514,3,interleaved
3114,114,0,0.2952259675725003,0.527200132053749,3,interleaved
3115,115,0,0.701299765592629,0.33563214323573265,3,interleaved
3116,116,0,0.5352458061964603,0.397626938840402,3,interleaved
3117,117,0,0.6602651650190597,0.4455059156251685,3,interleaved
3118,118,0,0.535222845702364,0.35379624361579604,3,interleaved
3119,119,0,0.6729994469949399,0.32496058645636616,3,interleaved
3120,120,0,0.3729893787091565,0.4960189793055729,3,interleaved
3121,121,0,0.26584704997294856,0.35737191571602256,3,interleaved
3122,122,0,0.6031877420490175,0.5240982130646298,3,interleaved
3123,123,0,0.6164799860559053,0.4387443692666521,3,interleaved
3124,124,0,0.67500558065272,0.37424170612546537,3,interleaved
3125,125,0,0.761552179282801,0.4683031248468208,3,interleaved
3126,126,0,0.28070732829107614,0.49934635922584397,3,interleaved
3127,127,0,0.789937630183523,0.3878989347879055,3,interleaved
3128,128,0,0.39303201143575367,0.4948398874112397,3,interleaved
3129,129,0,0.46487884685385766,0.6808765991106066,3,interleaved
3130,130,0,0.4356051236268911,0.468754262505932,3,interleaved
3131,131,0,0.5119565775860756,0.4838171617578572,3,interleaved
3132,132,0,0.42713508971591746,0.458479797108854,3,interleaved
3133,133,0,0.6356119936187419,0.33558175276948193,3,interleaved
3134,134,0,0.23671711638979426,0.535156237191784,3,interleaved
3135,135,0,0.8017398154772215,0.39125920242661855,3,interleaved
3136,136,0,0.7157278344231177,0.4044518471752641,3,interleaved
3137,137,0,0.720166261354332,0.42993200309495694,3,interleaved
3138,138,0,0.2805367863234197,0.47294791992127316,3,interleaved
3139,139,0,0.8632122216947583,0.5663379328840621,3,interleaved
3140,140,0,0.22908611746557872,0.5506471808343829,3,interleaved
3141,141,0,0.7321710900745493,0.5183232766484429,3,interleaved
3142,142,0,0.3008027068229574,0.4573405767457226,3,interleaved
3143,143,0,0.6712526264748665,0.5414296913630594,3,interleaved
3144,144,0,0.592825657013617,0.31416520819943594,3,interleaved
3145,145,0,0.8358124446985522,0.3542141251216298,3,interleaved
3146,146,0,0.4007784845738629,0.4695365969349936,3,interleaved
3147,147,0,0.5209456330105198,0.5100653111892505,3,interleaved
3148,148,0,0.4824583155746493,0.504714281920005,3,interleaved
3149,149,0,0.6693614031567898,0.38935835361177984,3,interleaved
3150,150,0,0.6713013459351331,0.4533348008331707,3,interleaved
3151,151,0,0.15119609311155702,0.5195766040253016,3,interleaved
3152,152,0,0.32838229820850756,0.5653491811079261,3,interleaved
3153,153,0,0.7806339794117774,0.3643568538424517,3,interleaved
3154,154,0,0.665041873809336,0.4640884431365807,3,interleaved
3155,155,0,0.2771899992332559,0.5554495872368161,3,interleaved
3156,156,0,0.4430656422950225,0.6367544004953716,3,interleaved
3157,157,0,0.4860008429402592,0.4850872910778924,3,interleaved
3158,158,0,0.3822361630229919,0.44187872061526284,3,interleaved
3159,159,0,0.5224730456510083,0.540679054640243,3,interleaved
3160,160,0,0.2777017035677234,0.4800047778576664,3,interleaved
3161,161,0,0.6418520704934927,0.5475408025145212,3,interleaved
3162,162,0,0.5039870232402847,0.5034099446538851,3,interleaved
3163,163,0,0.43795788675934966,0.4094852795950522,3,interleaved
3164,164,0,0.56102540720117,0.40059579938028933,3,interleaved
3165,165,0,0.3865298887950811,0.5966715000319021,3,interleaved
3166,166,0,0.7410053318972787,0.4699702440400675,3,interleaved
3167,167,0,0.3026993547028481,0.4677109760108184,3,interleaved
3168,168,0,0.6542441277113908,0.37591318708685895,3,interleaved
3169,169,0,0.7842855651828746,0.49616121509950273,3,interleaved
3170,170,0,0.5398206673093338,0.4065678264362972,3,interleaved
3171,171,0,0.7775728058244697,0.6475809986434611,3,interleaved
3172,172,0,0.43737990299787183,0.6060016255813019,3,interleaved
3173,173,0,0.6789970989395382,0.42523759621735024,3,interleaved
3174,174,0,0.33179546731919074,0.4573306305433429,3,interleaved
3175,175,0,0.3310099410138108,0.39869129493417316,3,interleaved
3176,176,0,0.5799124393214353,0.3957958018239688,3,interleaved
3177,177,0,0.4062635089112526,0.6422473083191992,3,interleaved
3178,178,0,0.4243128235906784,0.5386437596751862,3,interleaved
3179,179,0,0.6947034667619147,0.5079802832221876,3,interleaved
3180,180,0,0.1342846929485903,0.5383886591326821,3,interleaved
3181,181,0,0.39200895244960576,0.47987689182876914,3,interleaved
3182,182,0,0.44260390284274564,0.584369474472932,3,interleaved
3183,183,0,0.32471558318997373,0.4561412990893756,3,interleaved
3184,184,0,0.43304626127482426,0.5225661909750872,3,interleaved
3185,185,0,0.4778938351804656,0.42299204744532026,3,interleaved
3186,186,0,0.7776739144319544,0.48052890607385235,3,interleaved
3187,187,0,0.32073435991610266,0.5074848516658527,3,interleaved
3188,188,0,0.7665589008702259,0.4967073696903068,3,interleaved
3189,189,0,0.6954742386795824,0.5951941316806844,3,interleaved
3190,190,0,0.6832684727337655,0.5094033229190683,3,interleaved
3191,191,0,0.6395759976417665,0.4489352796351167,3,interleaved
3192,192,0,0.3364832456284629,0.3403502428817695,3,interleaved
3193,193,0,0.652889927941678,0.5076646349492822,3,interleaved
3194,194,0,0.5858385980344529,0.4019090310567397,3,interleaved
3195,195,0,0.8425174121140508,0.41097742708105456,3,interleaved
3196,196,0,0.7762776495763539,0.384030965405493,3,interleaved
3197,197,0,0.21493742765891827,0.3872855454318046,3,interleaved
3198,198,0,0.7353898203416747,0.49326525537327637,3,interleaved
3199,199,0,0.1718019217407574,0.4949196021558474,3,interleaved
3200,0,0,0.5918304249310147,0.7727138235738541,3,blocked
3201,1,1,0.6302349690206233,0.8763075116435084,3,blocked
3202,2,0,0.3205087743929833,0.6284178220199055,3,blocked
3203,3,0,0.4217216105249121,0.680321729026782,3,blocked
3204,4,0,0.4103396283528478,0.7515703549454673,3,blocked
3205,5,0,0.4337433097945625,0.6551431446614391,3,blocked
3206,6,0,0.5173680908753022,0.4917882058025671,3,blocked
3207,7,0,0.44942811890573214,0.684008994657879,3,blocked
3208,8,0,0.44011560389665,0.6721301221946511,3,blocked
3209,9,0,0.41638742666104134,0.4832178970605271,3,blocked
3210,10,0,0.6539665009250892,0.5287903714076017,3,blocked
3211,11,0,0.5062488518638596,0.7406009112696947,3,blocked
3212,12,0,0.552095788238749,0.5726544234363113,3,blocked
3213,13,0,0.5366431002052924,0.686228655450289,3,blocked
3214,14,0,0.6156770054401643,0.7180771857438976,3,blocked
3215,15,0,0.4897137171382554,0.6198170557770315,3,blocked
3216,16,0,0.5683571815701304,0.7132582929858535,3,blocked
3217,17,0,0.3850387073995391,0.7678284800669892,3,blocked
3218,18,0,0.5913439470383262,0.6041107773394399,3,blocked
3219,19,0,0.545266327775658,0.5908671484830805,3,blocked
3220,20,0,0.5976066224432831,0.7051281508144214,3,blocked
3221,21,0,0.6198017234742199,0.4982461421108545,3,blocked
3222,22,0,0.5627960039248143,0.49464263053617447,3,blocked
3223,23,0,0.6550582705360576,0.402028946406803,3,blocked
3224,24,0,0.8045326291448671,0.562138763404973,3,blocked
3225,25,0,0.2525563812017784,0.6621684541702312,3,blocked
3226,26,0,0.2546377391867866,0.6191148223197225,3,blocked
3227,27,0,0.5861341559066252,0.7049402388139747,3,blocked
3228,28,0,0.6374649756433972,0.4361969987134362,3,blocked
3229,29,0,0.5978743468887266,0.6713120336081171,3,blocked
3230,30,0,0.4356730429993045,0.5092765778551673,3,blocked
3231,31,0,0.7158689294210042,0.5337694345400601,3,blocked
3232,32,0,0.23149894390903814,0.4593823517996859,3,blocked
3233,33,0,0.5193875577282713,0.5322626522081931,3,blocked
3234,34,0,0.6945956139118971,0.5965773826944496,3,blocked
3235,35,0,0.28621879475030965,0.5396919371132344,3,blocked
3236,36,0,0.2956049790447207,0.5586462964794052,3,blocked
3237,37,0,0.5256580603558072,0.5970334486611419,3,blocked
3238,38,0,0.39100632865258,0.6650850204628869,3,blocked
3239,39,0,0.8201863963205003,0.4686456772626739,3,blocked
3240,40,0,0.5721488343310349,0.5103761748608706,3,blocked
3241,41,0,0.4481890488962611,0.5525384592548184,3,blocked
3242,42,0,0.46036843828542356,0.5909598805116506,3,blocked
3243,43,0,0.3251693822185147,0.33473388413879773,3,blocked
3244,44,0,0.32500763406022737,0.661487134147001,3,blocked
3245,45,0,0.2555976753835131,0.4466418443631501,3,blocked
3246,46,0,0.4189460329219712,0.43576369781956553,3,blocked
3247,47,0,0.4826469993092238,0.5439335397022722,3,blocked
3248,48,0,0.22275788599722998,0.6595440783337259,3,blocked
3249,49,0,0.4204393457391752,0.4455608725439027,3,blocked
3250,50,0,0.48961331892356075,0.519006538576711,3,blocked
3251,51,0,0.31911515747767627,0.38756566327837194,3,blocked
3252,52,0,0.3124654110881701,0.5320357082620778,3,blocked
3253,53,0,0.48285506660518424,0.7075611055077805,3,blocked
3254,54,0,0.4005896741822094,0.3334646532706421,3,blocked
3255,55,0,0.46147407386171546,0.4992388013472802,3,blocked
3256,56,0,0.5056107553744148,0.5791703624257444,3,blocked
3257,57,0,0.5140870503218424,0.45047317109084495,3,blocked
3258,58,0,0.31699674598214955,0.5280485143152832,3,blocked
3259,59,0,0.34045642838014256,0.5667150397651406,3,blocked
3260,60,0,0.39387173285366706,0.482480471284052,3,blocked
3261,61,0,0.40457952509814016,0.5096437184705533,3,blocked
3262,62,0,0.6347310116876187,0.5268645634062427,3,blocked
3263,63,0,0.4298324485805298,0.32079046552126805,3,blocked
3264,64,0,0.42275338770628634,0.570839140270916,3,blocked
3265,65,0,0.4560261404688346,0.40772386418648027,3,blocked
3266,66,0,0.5157805786326206,0.5187774381958415,3,blocked
3267,67,0,0.38491995939607077,0.49756696801289546,3,blocked
3268,68,0,0.5044957713622857,0.466497615275899,3,blocked
3269,69,0,0.4735519641271829,0.47320719814190226,3,blocked
3270,70,0,0.44013970138025327,0.4675021017260068,3,blocked
3271,71,0,0.4566306675684696,0.4115020338236147,3,blocked
3272,72,0,0.47209318237266196,0.42420458889532,3,blocked
3273,73,0,0.569412354341709,0.5148474443296623,3,blocked
3274,74,0,0.4448855379018527,0.5875629535453666,3,blocked
3275,75,0,0.41893594003850776,0.5893551493500425,3,blocked
3276,76,0,0.41031151166631386,0.7360053247924083,3,blocked
3277,77,0,0.39110889883178507,0.3860231238165137,3,blocked
3278,78,0,0.36061908009647925,0.4341164053590094,3,blocked
3279,79,0,0.35227388427785655,0.4120523112851133,3,blocked
3280,80,0,0.8169931483345735,0.4264894382901829,3,blocked
3281,81,0,0.7821524126925947,0.4793937347696179,3,blocked
3282,82,0,0.17929930067482294,0.502895083573063,3,blocked
3283,83,0,0.2633759986167715,0.5370212291709513,3,blocked
3284,84,0,0.6737430026675093,0.44193524748957075,3,blocked
3285,85,0,0.7102040936409015,0.3846800129054702,3,blocked
3286,86,0,0.23755978163528058,0.4956824880628471,3,blocked
3287,87,0,0.6710979181728547,0.5578358233443643,3,blocked
3288,88,0,0.12758029092546241,0.6182562874058652,3,blocked
3289,89,0,0.22154634222745173,0.43910600429342195,3,blocked
3290,90,0,0.8566215116552703,0.568509072506926,3,blocked
3291,91,0,0.8708305482240724,0.4315007943747631,3,blocked
3292,92,0,0.15187809244101375,0.6227005771760241,3,blocked
3293,93,0,0.8906644111348225,0.4964812727717224,3,blocked
3294,94,0,0.16906895020962273,0.4342153204255793,3,blocked
3295,95,0,0.8804423018239735,0.43818823484106895,3,blocked
3296,96,0,0.8501378896539608,0.558647155798584,3,blocked
3297,97,0,0.18239557230282308,0.4604172234401235,3,blocked
3298,98,0,0.8586514353826202,0.5347145194520107,3,blocked
3299,99,0,0.14510793632290725,0.6147860736865516,3,blocked
3300,100,0,0.8913332873491411,0.40698258640134105,3,blocked
3301,101,0,0.21162048068831624,0.5558678411245614,3,blocked
3302,102,0,0.8320423910533952,0.5229667884477083,3,blocked
3303,103,0,0.8825097895601048,0.40421446336608985,3,blocked
3304,104,0,0.15294593746266885,0.5401500225027684,3,blocked
3305,105,0,0.8072873220278156,0.4656867002013342,3,blocked
3306,106,0,0.1305244506338502,0.5031457896968051,3,blocked
3307,107,0,0.13566267310060948,0.41879131194987806,3,blocked
3308,108,0,0.8739575078026994,0.5464795768522146,3,blocked
3309,109,0,0.7940685484422867,0.40765521728968274,3,blocked
3310,110,0,0.8062298958018748,0.5231488063330135,3,blocked
3311,111,0,0.16103663933528176,0.45684384671420264,3,blocked
3312,112,0,0.13388520848981636,0.5205611625526982,3,blocked
3313,113,0,0.8707585539232626,0.3514967729398527,3,blocked
3314,114,0,0.8673560866391131,0.45561004927627125,3,blocked
3315,115,0,0.920291421377822,0.5106629789251764,3,blocked
3316,116,0,0.29277843458647473,0.4691328738737293,3,blocked
3317,117,0,0.8828678810923619,0.3589002462841398,3,blocked
3318,118,0,0.13118708415890304,0.5633726484352005,3,blocked
3319,119,0,0.12736034956008,0.5664491652233461,3,blocked
3320,120,0,0.4286099968004265,0.5175866172275513,3,blocked
3321,121,0,0.3850721438883695,0.4165252246028368,3,blocked
3322,122,0,0.6197521513109319,0.6392422834014098,3,blocked
3323,123,0,0.6127124539879967,0.31748458274761443,3,blocked
3324,124,0,0.5911740360583136,0.4798700218192942,3,blocked
3325,125,0,0.66425784632657,0.5507353089537218,3,blocked
3326,126,0,0.244738300834622,0.42854356653870557,3,blocked
3327,127,0,0.4035494197470224,0.423375232496628,3,blocked
3328,128,0,0.726476029639382,0.4461423119571455,3,blocked
3329,129,0,0.18904575639405594,0.4878606175973,3,blocked
3330,130,0,0.22126421742087865,0.5766629835102215,3,blocked
3331,131,0,0.24423959882119653,0.3727138383085755,3,blocked
3332,132,0,0.18446621720747075,0.5050015500488522,3,blocked
3333,133,0,0.3234618589449667,0.49161814976067386,3,blocked
3334,134,0,0.44075178671971565,0.5280634298321648,3,blocked
3335,135,0,0.5437628708968107,0.6402217276212123,3,blocked
3336,136,0,0.18036619423940284,0.45611864140126657,3,blocked
3337,137,0,0.2133010673336304,0.4810919038730046,3,blocked
3338,138,0,0.7055252199981275,0.6462181810707197,3,blocked
3339,139,0,0.5082592921776119,0.4177184920925082,3,blocked
3340,140,0,0.576041772693429,0.44081606991381356,3,blocked
3341,141,0,0.483901346422671,0.4441005430326373,3,blocked
3342,142,0,0.3952004670343533,0.4728369703187235,3,blocked
3343,143,0,0.4666419968768646,0.3571287933873958,3,blocked
3344,144,0,0.5471292618352134,0.40901068640983684,3,blocked
3345,145,0,0.4744020925783088,0.4148404389470168,3,blocked
3346,146,0,0.34316258975483016,0.3219327219847037,3,blocked
3347,147,0,0.5397730205957845,0.45904858610157595,3,blocked
3348,148,0,0.4925781994821259,0.4048805408224374,3,blocked
3349,149,0,0.5437436156365533,0.6051429233913627,3,blocked
3350,150,0,0.40085019204186056,0.4531049780975858,3,blocked
3351,151,0,0.5652969535481528,0.43775879076617086,3,blocked
3352,152,0,0.45477194179772157,0.5735056286415894,3,blocked
3353,153,0,0.4378350892146835,0.5156060552901794,3,blocked
3354,154,0,0.5249759732588162,0.48465491988223414,3,blocked
3355,155,0,0.31289969757449854,0.4852726042333336,3,blocked
3356,156,0,0.6891121798825068,0.5126022703908384,3,blocked
3357,157,0,0.24943817530277151,0.457513648683459,3,blocked
3358,158,0,0.6390699706701328,0.30334899423986145,3,blocked
3359,159,0,0.5491069516728408,0.6234397906138395,3,blocked
3360,160,0,0.325693457973219,0.4823426975500987,3,blocked
3361,161,0,0.5167627432278312,0.4757921665776586,3,blocked
3362,162,0,0.5789732332270445,0.4846032634571571,3,blocked
3363,163,0,0.7574276029724021,0.4207928303287374,3,blocked
3364,164,0,0.29332560290491777,0.530363237728765,3,blocked
3365,165,0,0.4682997096214712,0.38513390633184297,3,blocked
3366,166,0,0.4907140911087916,0.494669103810474,3,blocked
3367,167,0,0.3316268346058285,0.6475778520548534,3,blocked
3368,168,0,0.6079950362178742,0.5454470615162793,3,blocked
3369,169,0,0.49030416444032854,0.44156062005437746,3,blocked
3370,170,0,0.6256657366780929,0.5171987793015533,3,blocked
3371,171,0,0.7054979155267622,0.3136723170172425,3,blocked
3372,172,0,0.5233354211951196,0.5208842785123056,3,blocked
3373,173,0,0.2634681182963113,0.5446185714046521,3,blocked
3374,174,0,0.6520185045395765,0.314555959393906,3,blocked
3375,175,0,0.6865303162468466,0.29582530344937746,3,blocked
3376,176,0,0.810495015872787,0.45016301645644535,3,blocked
3377,177,0,0.4225980009052542,0.5528463664575964,3,blocked
3378,178,0,0.32293164593582,0.4491216375079757,3,blocked
3379,179,0,0.6422470213148821,0.3342905709824653,3,blocked
3380,180,0,0.7748545075909266,0.3925053832338731,3,blocked
3381,181,0,0.42328553103887495,0.5266959620093556,3,blocked
3382,182,0,0.6034571155428263,0.46737021778789656,3,blocked
3383,183,0,0.39453556750383756,0.5368543698144437,3,blocked
3384,184,0,0.627919012751662,0.5091948244592437,3,blocked
3385,185,0,0.2315147252188792,0.3678673533935353,3,blocked
3386,186,0,0.5044395365310682,0.589159207366852,3,blocked
3387,187,0,0.3506406576704698,0.3841785639006696,3,blocked
3388,188,0,0.4683613945788324,0.43236845587052675,3,blocked
3389,189,0,0.7346459346316093,0.4050220359844098,3,blocked
3390,190,0,0.35677126029141343,0.5194626333559578,3,blocked
3391,191,0,0.5544207841860397,0.6147330238400466,3,blocked
3392,192,0,0.5607800362215043,0.5022729285678027,3,blocked
3393,193,0,0.8424971308439788,0.5134906355754802,3,blocked
3394,194,0,0.4876491025397704,0.37480179973455197,3,blocked
3395,195,0,0.6717435699383167,0.4394279444600363,3,blocked
3396,196,0,0.8157703353978925,0.45537229542369584,3,blocked
3397,197,0,0.8085059139851007,0.3670808451378218,3,blocked
3398,198,0,0.58556238611758,0.378181211101282,3,blocked
3399,199,0,0.8457481374769275,0.3972738220429247,3,blocked
3400,0,0,0.5101463033994693,0.6589655503415776,3,early
3401,1,1,0.49931593549240133,0.7460238102055308,3,early
3402,2,2,0.5794320378080693,0.9022084361062294,3,early
3403,3,3,0.48131912244773956,1.1093117169449749,3,early
3404,4,4,0.5063359465137195,0.70470929371083,3,early
3405,5,5,0.5003576888051958,0.600912259817753,3,early
3406,6,6,0.006484851456688199,0.8712999631343048,3,early
3407,7,7,0.4999349928594674,1.1081337587456819,3,early
3408,8,8,0.4493901710525474,0.8110624833037566,3,early
3409,9,9,0.4997645736617206,1.0806027116476788,3,early
3410,10,0,0.5003525909603154,0.6040027991968987,3,early
3411,11,10,0.4998284862364501,1.1709169581727554,3,early
3412,12,11,0.48770226427876323,0.992743597687006,3,early
3413,13,0,0.4921795615948042,0.6384335033582361,3,early
3414,14,0,0.47812761802446746,0.6442139131239415,3,early
3415,15,12,0.5001831120321848,1.3373065583603079,3,early
3416,16,13,0.9714425082186016,0.7828526731710466,3,early
3417,17,14,0.45447614843197887,1.0138758238465058,3,early
3418,18,15,0.5068417843536445,0.7073284358827585,3,early
3419,19,16,0.5148847464262793,0.852816637684613,3,early
3420,20,17,0.5277032643837358,0.8412284625623629,3,early
3421,21,18,0.5000043230475026,1.0947503802059932,3,early
3422,22,0,0.5041466529955545,0.7481958340799011,3,early
3423,23,0,0.49296319140369027,0.7883556751618298,3,early
3424,24,0,0.4581412276757676,0.6566036559256141,3,early
3425,25,19,0.4961157754932489,1.0916796728551916,3,early
3426,26,20,0.5163040707545108,0.6070213408656531,3,early
3427,27,21,0.9644238852110768,0.8823863219042392,3,early
3428,28,22,0.5087373964661795,1.1827182998620338,3,early
3429,29,0,0.48463178702020127,0.6604308574471383,3,early
3430,30,23,0.12608636444965682,1.1388979231417962,3,early
3431,31,24,0.45298090146843295,0.8781665140499937,3,early
3432,32,25,0.6961272403484802,0.8259454898530617,3,early
3433,33,0,0.5028001193141541,0.5152980313010818,3,early
3434,34,0,0.4553907359855739,0.5742579374851725,3,early
3435,35,26,0.5000039904012337,1.1808271642738117,3,early
3436,36,19,0.5016173884912243,0.7191221725157451,3,early
3437,37,0,0.5024543650870957,0.49368274548136865,3,early
3438,38,0,0.4824142552375402,0.563936592414342,3,early
3439,39,25,0.4089784059757736,0.8019950582877655,3,early
3440,40,27,0.0009760519537977281,1.483065999839139,3,early
3441,41,28,0.679737112322015,0.7509497856179835,3,early
3442,42,29,0.9982450666934413,1.2977876361413965,3,early
3443,43,30,0.06181809575162195,0.5808503937714328,3,early
3444,44,30,0.08287978353755832,0.6172893017023704,3,early
3445,45,30,0.9836762962969964,0.6101703188876761,3,early
3446,46,30,0.1976240390438548,0.6509482112250315,3,early
3447,47,30,0.07573720453595373,0.5547915419958296,3,early
3448,48,30,0.07067765254056392,0.6440273716852849,3,early
3449,49,30,0.07012392986456643,0.5814054684614802,3,early
3450,50,30,0.9678113182749951,0.5355410842600979,3,early
3451,51,30,0.08826438790618159,0.49331601886546006,3,early
3452,52,30,0.20848433021014814,0.6051176113641582,3,early
3453,53,30,0.14671760088576424,0.6062670957076832,3,early
3454,54,30,0.2320683873878106,0.5723630950730278,3,early
3455,55,30,0.971995719184573,0.461483010944401,3,early
3456,56,30,0.9512869553574848,0.4945155194147326,3,early
3457,57,25,0.69939171202242,0.6354665205874107,3,early
3458,58,30,0.06913759385832184,0.4575067005310577,3,early
3459,59,30,0.8999127980202274,0.3344700081461466,3,early
3460,60,30,0.9600319361677905,0.525656281455073,3,early
3461,61,30,0.31427228551342834,0.486426913165676,3,early
3462,62,30,0.045871269213784586,0.44379324624431343,3,early
3463,63,30,0.0711331700143973,0.5445089217902117,3,early
3464,64,30,0.19480967756586764,0.5346775955834278,3,early
3465,65,30,0.9713278879402394,0.33412741581363414,3,early
3466,66,30,0.23989249386754502,0.42791263974548865,3,early
3467,67,30,0.33607985280075664,0.4552229159252702,3,early
3468,68,30,0.9151844293751084,0.36188525024067214,3,early
3469,69,30,0.2694545655390037,0.4531952789425979,3,early
3470,70,30,0.860333087027963,0.37804164026695675,3,early
3471,71,30,0.9180996711262377,0.4238553819283353,3,early
3472,72,30,0.8937994304637664,0.42133951700095407,3,early
3473,73,30,0.27281711979807965,0.5117240056765486,3,early
3474,74,30,0.183562382921472,0.49043755123011423,3,early
3475,75,30,0.9390093604413094,0.5974902599868559,3,early
3476,76,30,0.32866697810715867,0.35552004959632433,3,early
3477,77,30,0.8992806083789684,0.3678649168610836,3,early
3478,78,30,0.9623543932057017,0.4100114043339216,3,early
3479,79,30,0.21206575739998676,0.475410154889059,3,early
3480,80,30,0.4661278998888653,0.5435560701476,3,early
3481,81,30,0.8568314427962346,0.3685733264710487,3,early
3482,82,30,0.46226757876395635,0.40675748455247906,3,early
3483,83,30,0.7920932400755136,0.3636282447455399,3,early
3484,84,30,0.2608087104361307,0.5287819237614165,3,early
3485,85,30,0.9313512404741191,0.3887341658147318,3,early
3486,86,30,0.5334326295986108,0.4173814892455501,3,early
3487,87,30,0.2519831619836435,0.40539726289695677,3,early
3488,88,30,0.3888757835162969,0.49043958589225967,3,early
3489,89,30,0.14750633231180094,0.4248469237357447,3,early
3490,90,30,0.5146044939427342,0.37400332120696766,3,early
3491,91,30,0.47988603527790236,0.44657987220106554,3,early
3492,92,30,0.35914508799983097,0.41463472764863135,3,early
3493,93,30,0.7642056097546853,0.4592949283627017,3,early
3494,94,30,0.5316410448719696,0.40215791572791887,3,early
3495,95,30,0.3093773434221697,0.4316707446463912,3,early
3496,96,30,0.4755225652500434,0.41526070321592806,3,early
3497,97,30,0.21102015631137278,0.35720768971910555,3,early
3498,98,30,0.39062416179691783,0.4510979861491716,3,early
3499,99,30,0.9628670089315379,0.482779052720768,3,early
3500,100,30,0.34268310832190113,0.3864595203131205,3,early
3501,101,30,0.24708783072487664,0.4661473099934299,3,early
3502,102,30,0.30842897162982263,0.5897100393090307,3,early
3503,103,30,0.3086444288582415,0.34552914562611065,3,early
3504,104,30,0.26355652712348576,0.3982740837831465,3,early
3505,105,30,0.5553778639172965,0.49733394792003727,3,early
3506,106,30,0.6357774181671247,0.3869686927711601,3,early
3507,107,30,0.47957277489585215,0.3712325339536553,3,early
3508,108,30,0.28283030191215264,0.3925762435020928,3,early
3509,109,30,0.7900210677636763,0.43261717232301755,3,early
3510,110,30,0.490148507241905,0.34268980792568315,3,early
3511,111,30,0.5956836722394936,0.448621190482959,3,early
3512,112,30,0.4736252507306636,0.5238883994028022,3,early
3513,113,30,0.6178184920494934,0.35344429594599636,3,early
3514,114,30,0.36219835220125984,0.5546843872916862,3,early
3515,115,30,0.3572379027112514,0.36373626526099256,3,early
3516,116,30,0.32394468693418,0.4890015491556063,3,early
3517,117,30,0.6385026567319906,0.34478392564330074,3,early
3518,118,30,0.19220782674679007,0.4242336829130452,3,early
3519,119,30,0.648849363560756,0.5688722287992842,3,early
3520,120,30,0.40320827126955017,0.43508943068093375,3,early
3521,121,30,0.38334696731899465,0.4431156705135113,3,early
3522,122,30,0.476806174759252,0.4261472226136246,3,early
3523,123,30,0.9810945865830536,0.511784507926518,3,early
3524,124,30,0.3886857483782094,0.44215015710900324,3,early
3525,125,30,0.7993202740271078,0.37896613957029995,3,early
3526,126,30,0.5428289819270641,0.5022337662152496,3,early
3527,127,30,0.3243309604835366,0.4364497840208258,3,early
3528,128,30,0.4719790294780957,0.3844622292838554,3,early
3529,129,30,0.619247966665259,0.4043216782176826,3,early
3530,130,30,0.43699679193529134,0.37591536926909225,3,early
3531,131,30,0.8555666902334962,0.304692524805779,3,early
3532,132,30,0.497021463469728,0.4497966050069011,3,early
3533,133,30,0.8716675339152078,0.39377877881567747,3,early
3534,134,30,0.4972865056521607,0.3329313294401527,3,early
3535,135,30,0.7545191266471696,0.4623635888254356,3,early
3536,136,30,0.5946948278655865,0.454527745957876,3,early
3537,137,30,0.3511485119670116,0.4626872272682374,3,early
3538,138,30,0.27015244100015445,0.3991669335650944,3,early
3539,139,30,0.730938292799092,0.293136839611138,3,early
3540,140,30,0.5330581281751083,0.42043468027585207,3,early
3541,141,30,0.9541469673364144,0.3951476631725638,3,early
3542,142,30,0.488836572112548,0.3525138715201862,3,early
3543,143,30,0.8195569646948795,0.4723045602495891,3,early
3544,144,30,0.4606965240338481,0.4015167942373008,3,early
3545,145,30,0.9019007832222591,0.3118022591100005,3,early
3546,146,30,0.36237132526234367,0.49688199517630116,3,early
3547,147,30,0.5473419275897319,0.30937177877295446,3,early
3548,148,30,0.31504911479359476,0.4742319187852018,3,early
3549,149,30,0.8067655041685575,0.3396906077540329,3,early
3550,150,30,0.4530398410474816,0.462394352140443,3,early
3551,151,30,0.2560043984313307,0.3536819574153821,3,early
3552,152,30,0.44505611740864126,0.395875807624247,3,early
3553,153,30,0.7760014794644491,0.3138020549175804,3,early
3554,154,30,0.4480315578952701,0.3922779436496116,3,early
3555,155,30,0.26970761691007156,0.40594736530916486,3,early
3556,156,30,0.38975197605532574,0.36105561816656045,3,early
3557,157,30,0.888365510011118,0.4317140911638604,3,early
3558,158,30,0.4059516151135218,0.49948858865840084,3,early
3559,159,30,0.5501060996703893,0.4456506497569641,3,early
3560,160,30,0.23449099026463116,0.47538239457553344,3,early
3561,161,30,0.4812878739674744,0.30316539968078837,3,early
3562,162,30,0.8314721713541202,0.36889881432347993,3,early
3563,163,30,0.8164767303778003,0.36214911740621103,3,early
3564,164,30,0.8741060957597422,0.4056684570961284,3,early
3565,165,30,0.23851313699935223,0.5351773210839962,3,early
3566,166,30,0.36264369370774985,0.30901890234291085,3,early
3567,167,30,0.2630349314025372,0.3256479283037163,3,early
3568,168,30,0.2322221178056771,0.38455744747548537,3,early
3569,169,30,0.33435012255621616,0.4369602499755819,3,early
3570,170,30,0.796301929791737,0.4391269433157535,3,early
3571,171,30,0.6885240744400843,0.38515834469704546,3,early
3572,172,30,0.39773809890269113,0.34264424426889567,3,early
3573,173,30,0.3649323296473781,0.4086906212388206,3,early
3574,174,30,0.453665420365537,0.3783206027663424,3,early
3575,175,30,0.24951696441002227,0.3024625758166454,3,early
3576,176,30,0.3705971737682412,0.3034377969434142,3,early
3577,177,30,0.7818044369887356,0.38003963078630737,3,early
3578,178,30,0.6402164534887345,0.41560975168763337,3,early
3579,179,30,0.4697083299682009,0.39010718671585726,3,early
3580,180,30,0.538743866480691,0.32009045600599173,3,early
3581,181,30,0.22290931525467877,0.46409651167794796,3,early
3582,182,30,0.39257239019858436,0.5616593733807931,3,early
3583,183,30,0.8079920211583422,0.4191717386317979,3,early
3584,184,30,0.5379143564354567,0.3728821251348773,3,early
3585,185,30,0.38537011288975154,0.3819211950541844,3,early
3586,186,30,0.4112258553964704,0.34636635013604744,3,early
3587,187,30,0.7243260778596486,0.37253528170657235,3,early
3588,188,30,0.6321062653231382,0.39681719246003366,3,early
3589,189,30,0.46529151593559204,0.36518475342917955,3,early
3590,190,30,0.5216787949679483,0.41438612717501666,3,early
3591,191,0,0.32314806611520147,0.6183507020408159,3,early
3592,192,30,0.5727850410937734,0.3173657355364845,3,early
3593,193,30,0.24555990221859147,0.3923744497239609,3,early
3594,194,30,0.2690142440983585,0.36676981216045174,3,early
3595,195,30,0.5111939183106113,0.5006271817764207,3,early
3596,196,30,0.8838205121951991,0.33993553749142025,3,early
3597,197,30,0.3543919020935936,0.42081073051250373,3,early
3598,198,30,0.502586638369812,0.5690241148182421,3,early
3599,199,30,0.36390163667429365,0.32736287189645924,3,early
3600,0,0,0.06881688812837022,0.7543326165728343,3,middle
3601,1,0,0.5365381687676073,0.6055529921043981,3,middle
3602,2,1,0.8993318700945976,1.0347389441852566,3,middle
3603,3,2,0.4308357355282026,1.0598861283943726,3,middle
3604,4,3,0.49289261782653887,0.7626840889634954,3,middle
3605,5,4,0.9898046808817282,0.8138137352597173,3,middle
3606,6,5,0.9792373744869199,1.0922146779618758,3,middle
3607,7,6,0.009283710770619121,1.120599511770045,3,middle
3608,8,7,0.9048358109754248,0.8347401976108169,3,middle
3609,9,7,0.589600031810842,0.6411053206727242,3,middle
3610,10,8,0.37810509084605115,1.0176969573883405,3,middle
3611,11,9,0.004872850886771432,0.8706457245820324,3,middle
3612,12,10,0.0013604875907257232,0.9952362639713062,3,middle
3613,13,11,0.4055089242574765,0.9877590723100043,3,middle
3614,14,9,0.9763715450006732,0.6551549169311776,3,middle
3615,15,9,0.5357185292860144,0.6103670015207469,3,middle
3616,16,9,0.938530875487777,0.534447092555127,3,middle
3617,17,12,0.4989634017716968,0.7190538619019868,3,middle
3618,18,12,0.9931579779894182,0.5967038052216106,3,middle
3619,19,0,0.5063962611314765,0.5882029298686053,3,middle
3620,20,13,0.5036870518808366,0.9660136314485211,3,middle
3621,21,7,0.5846313698026019,0.5489576676323575,3,middle
3622,22,12,0.012787455796781916,0.6734172258783759,3,middle
3623,23,12,0.4983420546200381,0.5996129673273953,3,middle
3624,24,14,0.4978302611888649,0.7324395193727838,3,middle
3625,25,15,0.9663519577565893,0.9081332565863278,3,middle
3626,26,12,0.9975155363260035,0.6038600625940964,3,middle
3627,27,14,0.5106604888392133,0.7102785350287064,3,middle
3628,28,16,0.7131368588671285,0.5856501027646562,3,middle
3629,29,10,0.0014617528049103914,0.8482278200647692,3,middle
3630,30,14,0.502732067770023,0.7261534429607417,3,middle
3631,31,16,0.32003868635337496,0.7573410376032889,3,middle
3632,32,16,0.1043766338356879,0.6443959398284238,3,middle
3633,33,0,0.5218981011523286,0.562176072165801,3,middle
3634,34,16,0.5798957540757013,0.5235154955109234,3,middle
3635,35,16,0.4014061573351473,0.6626404198812468,3,middle
3636,36,16,0.3305711201583409,0.6440629314398747,3,middle
3637,37,16,0.10736401004549759,0.8293748836281936,3,middle
3638,38,17,0.5178526047512834,0.789177329844855,3,middle
3639,39,16,0.17768588459679147,0.713371673816773,3,middle
3640,40,12,0.019685599598530848,0.6179127979960762,3,middle
3641,41,12,0.9965313704341641,0.6071537157730383,3,middle
3642,42,16,0.5786861645197557,0.6518557768280736,3,middle
3643,43,0,0.6093959176951694,0.48693775920573135,3,middle
3644,44,16,0.35427319907951327,0.5119133114420507,3,middle
3645,45,16,0.5700466820395149,0.6551206499514595,3,middle
3646,46,16,0.607132729413439,0.5943634684333708,3,middle
3647,47,16,0.5772459700332175,0.6526260028412425,3,middle
3648,48,16,0.5568281566127621,0.7609557944668863,3,middle
3649,49,7,0.6525102978696841,0.5423316270545827,3,middle
3650,50,16,0.9948148723471546,0.644055655939068,3,middle
3651,51,16,0.28540781120612074,0.40560902748512667,3,middle
3652,52,16,0.6775696762268348,0.4835952437687129,3,middle
3653,53,10,0.0017160994832173832,0.6885831055155379,3,middle
3654,54,10,0.9970272945603407,0.58877341845195,3,middle
3655,55,16,0.31695349427625097,0.448712292295872,3,middle
3656,56,12,0.019954238341133003,0.6277670909768549,3,middle
3657,57,16,0.3657916012778741,0.6498328221425219,3,middle
3658,58,16,0.6889705208537307,0.6701193469923916,3,middle
3659,59,0,0.8836018930036784,0.5393047972462873,3,middle
3660,60,12,0.011820588898694051,0.6589470002705597,3,middle
3661,61,16,0.34930056819659594,0.4340441329049812,3,middle
3662,62,16,0.6629814327673174,0.5183740276226302,3,middle
3663,63,16,0.609290642214284,0.5446485818782344,3,middle
3664,64,16,0.29662035613110427,0.6304497102415738,3,middle
3665,65,16,0.33116539347552,0.5299977208374409,3,middle
3666,66,16,0.3412154047863422,0.5962604956163446,3,middle
3667,67,12,0.022200088717518926,0.5614014026427052,3,middle
3668,68,16,0.6105546488129883,0.396128622091115,3,middle
3669,69,16,0.6868196896469376,0.5398341775500664,3,middle
3670,70,16,0.3157023491046651,0.545683250061987,3,middle
3671,71,16,0.32652891030750264,0.4645512406531644,3,middle
3672,72,16,0.5413465019198662,0.6023351624971331,3,middle
3673,73,16,0.34475132615938586,0.43772831040754356,3,middle
3674,74,16,0.34495298572126165,0.5189883120164224,3,middle
3675,75,16,0.564963811777486,0.7292698350504346,3,middle
3676,76,16,0.6015649333242119,0.5533510335325108,3,middle
3677,77,16,0.433093797832107,0.6498707595274525,3,middle
3678,78,16,0.5720433552743803,0.5463838903894991,3,middle
3679,79,16,0.513894680729087,0.5748005885340932,3,middle
3680,80,16,0.42613419416704923,0.5894996835102222,3,middle
3681,81,16,0.43116254419432753,0.44216891500402455,3,middle
3682,82,16,0.5059894877785456,0.49335438607934035,3,middle
3683,83,12,0.48573146166142067,0.5082521888254805,3,middle
3684,84,16,0.6749575827741426,0.470532202805066,3,middle
3685,85,16,0.7136584770243032,0.41075154891729176,3,middle
3686,86,16,0.6493412118082448,0.5766487067224026,3,middle
3687,87,16,0.7522222628968035,0.44648684085653434,3,middle
3688,88,16,0.73230822805738,0.38837675745684885,3,middle
3689,89,16,0.7306222739348436,0.37629548648074634,3,middle
3690,90,16,0.5781074756905069,0.6301356694523335,3,middle
3691,91,16,0.7431730375023329,0.45421648259975017,3,middle
3692,92,16,0.7832665215024048,0.434881693245434,3,middle
3693,93,16,0.7407496793676764,0.3367516833974241,3,middle
3694,94,12,0.49825551998339324,0.5385400243061007,3,middle
3695,95,16,0.3219959851752576,0.44266152506851175,3,middle
3696,96,16,0.791768753317764,0.28555255633281407,3,middle
3697,97,16,0.25338095417055484,0.4623849274126635,3,middle
3698,98,16,0.2803235873770132,0.4733300833452171,3,middle
3699,99,16,0.21232691337153134,0.6140987446099124,3,middle
3700,100,16,0.8613963129055964,0.4407847135925801,3,middle
3701,101,16,0.8271122781084883,0.37233557320455457,3,middle
3702,102,16,0.21008946810783286,0.5082602956900909,3,middle
3703,103,16,0.835505988226583,0.5473536261297939,3,middle
3704,104,16,0.8749541869956016,0.42241744889603894,3,middle
3705,105,16,0.9157694222462442,0.5739595163650769,3,middle
3706,106,16,0.20601947549987398,0.534627723854733,3,middle
3707,107,0,0.031067068057678796,0.6523453534574432,3,middle
3708,108,16,0.14201441948648846,0.5316801957491841,3,middle
3709,109,16,0.23483533326558606,0.4679683929174918,3,middle
3710,110,16,0.8433387725971724,0.43663255459390743,3,middle
3711,111,16,0.11719836709968082,0.8503650319530419,3,middle
3712,112,16,0.22434716562372506,0.4193788189083023,3,middle
3713,113,16,0.8242968275305753,0.34829532041364664,3,middle
3714,114,16,0.20974458625028353,0.5262737512292308,3,middle
3715,115,16,0.35090881233131127,0.46725707178051445,3,middle
3716,116,16,0.2651289375356063,0.618796257487111,3,middle
3717,117,16,0.7592986046874479,0.42180088686791445,3,middle
3718,118,16,0.2690678309316354,0.44662817054541376,3,middle
3719,119,16,0.28837286992326844,0.42762769511266996,3,middle
3720,120,16,0.4012754146075121,0.3407040342070978,3,middle
3721,121,16,0.8459310232914736,0.3425533970492176,3,middle
3722,122,15,0.8475371926369148,0.45683971308779414,3,middle
3723,123,16,0.2726775667350355,0.48869652480870895,3,middle
3724,124,16,0.47902007001078484,0.45024564451508897,3,middle
3725,125,16,0.1977354074836318,0.5203652215827649,3,middle
3726,126,16,0.5032787119754494,0.601689086929603,3,middle
3727,127,16,0.8170486087209354,0.2900517955939336,3,middle
3728,128,16,0.5054677946878567,0.43625796393954486,3,middle
3729,129,7,0.387082488227773,0.6411697470771223,3,middle
3730,130,16,0.4770535429736522,0.4065044132760606,3,middle
3731,131,16,0.7424172267583031,0.3479438665779845,3,middle
3732,132,16,0.5633928962523492,0.404319411743578,3,middle
3733,133,16,0.18261129718676208,0.5379581785446854,3,middle
3734,134,12,0.37008941222258196,0.5085706182545173,3,middle
3735,135,16,0.8725649296222364,0.5799264074127886,3,middle
3736,136,16,0.4334014224816178,0.439275950829666,3,middle
3737,137,16,0.25475814152760967,0.4482769067789056,3,middle
3738,138,16,0.5236672374477727,0.44040617684514205,3,middle
3739,139,16,0.2315000157656923,0.49916237963767374,3,middle
3740,140,16,0.48592236652822823,0.42415965736147915,3,middle
3741,141,16,0.8127774349445587,0.3546887360107037,3,middle
3742,142,16,0.5107138428722838,0.4101621159098066,3,middle
3743,143,7,0.5588059710929746,0.49120443948031983,3,middle
3744,144,16,0.4863336159933198,0.4907287028795625,3,middle
3745,145,16,0.25634281149086996,0.46741894706847464,3,middle
3746,146,16,0.4579153631288887,0.5001899887264588,3,middle
3747,147,16,0.856158283007402,0.39811705166252553,3,middle
3748,148,16,0.44923314135557035,0.5005263366245641,3,middle
3749,149,16,0.8507287791720408,0.3166756479639018,3,middle
3750,150,16,0.5536034854449672,0.40616344282504924,3,middle
3751,151,16,0.8445662308856918,0.40855980342967685,3,middle
3752,152,16,0.47767722327689716,0.418498375831607,3,middle
3753,153,16,0.8492071687549021,0.3377360645477502,3,middle
3754,154,16,0.49818015721312764,0.43359428688389623,3,middle
3755,155,16,0.7676187056968276,0.46965842814450853,3,middle
3756,156,16,0.45270261344777873,0.3630869143942342,3,middle
3757,157,7,0.5940600179066513,0.4172219298157508,3,middle
3758,158,16,0.41952027897655497,0.44081985069544405,3,middle
3759,159,16,0.876883640953528,0.5167063816889452,3,middle
3760,160,16,0.525209478041094,0.3302870859249029,3,middle
3761,161,16,0.4750348201888667,0.34983942029370835,3,middle
3762,162,16,0.39069174119401096,0.5191264493689682,3,middle
3763,163,16,0.41669835491152735,0.46564309288375383,3,middle
3764,164,16,0.4773910309067508,0.34873026171042487,3,middle
3765,165,16,0.4784059485889707,0.4121917612137985,3,middle
3766,166,16,0.4991838292435466,0.5453506675117193,3,middle
3767,167,16,0.4782447951160672,0.5183319720293919,3,middle
3768,168,16,0.35703309845495923,0.4585581626585306,3,middle
3769,169,16,0.2507765962655812,0.5548524878676678,3,middle
3770,170,16,0.714103496200543,0.3899619887298079,3,middle
3771,171,16,0.6200523719638268,0.46928011858403873,3,middle
3772,172,16,0.2560014950510926,0.5843964866565272,3,middle
3773,173,16,0.46240979940034527,0.4812591398541781,3,middle
3774,174,16,0.5484992006931608,0.4046050412361254,3,middle
3775,175,16,0.4666142615278362,0.5279849271767219,3,middle
3776,176,16,0.5283878399758648,0.48024500520387914,3,middle
3777,177,16,0.3250648423472433,0.3941432272676424,3,middle
3778,178,16,0.3917195295812988,0.44670475418945127,3,middle
3779,179,16,0.4777441998211185,0.3854897684659648,3,middle
3780,180,16,0.22201930459982566,0.5110590931569995,3,middle
3781,181,16,0.8772458027887448,0.4963767296390973,3,middle
3782,182,16,0.8397237878049333,0.3969416638758848,3,middle
3783,183,16,0.47487404249640597,0.5447717376645917,3,middle
3784,184,16,0.4403166156211755,0.5333515782324566,3,middle
3785,185,16,0.5091163508882814,0.4518095468854635,3,middle
3786,186,16,0.3526329732423962,0.5092431016522245,3,middle
3787,187,16,0.6422899372173294,0.35256456664321456,3,middle
3788,188,16,0.4191014874628121,0.5329941176919563,3,middle
3789,189,16,0.6633671760974633,0.3973644176523788,3,middle
3790,190,16,0.3700692603840544,0.5139668419614922,3,middle
3791,191,16,0.2898892313323871,0.45070141755637383,3,middle
3792,192,16,0.6646074091504586,0.43479605835254653,3,middle
3793,193,16,0.40077669701076885,0.5050048586763967,3,middle
3794,194,16,0.5160407476889675,0.43871160920179975,3,middle
3795,195,16,0.3349972891453238,0.38034486332886097,3,middle
3796,196,16,0.44779125388875707,0.3863018198317304,3,middle
3797,197,16,0.41246758156515295,0.48872092210757123,3,middle
3798,198,16,0.3762193080466309,0.5596414510916679,3,middle
3799,199,16,0.24267416424975036,0.4820095451060077,3,middle
3800,0,0,0.6440692911946022,0.5267016756575601,3,late
3801,1,0,0.5662048928798428,0.4305235289720649,3,late
3802,2,0,0.10835705637872482,0.6353091113839993,3,late
3803,3,0,0.41249558067529274,0.49277939572182894,3,late
3804,4,0,0.0929139102206796,0.6216452816811755,3,late
3805,5,0,0.4026643384652278,0.5844109105730126,3,late
3806,6,0,0.8143096161765305,0.5459126342244183,3,late
3807,7,0,0.41443009812304116,0.5652575897272144,3,late
3808,8,0,0.6942177409838072,0.4353818613011474,3,late
3809,9,0,0.4532931914704899,0.4540365557624648,3,late
3810,10,0,0.7597408974266802,0.5178524090569169,3,late
3811,11,0,0.3969183366901162,0.48532705713556284,3,late
3812,12,0,0.73816211152318,0.47873031771099606,3,late
3813,13,0,0.5098093044022284,0.542388811920731,3,late
3814,14,0,0.25828987688895766,0.5428630706663797,3,late
3815,15,0,0.5735276181825865,0.5925675276616791,3,late
3816,16,0,0.6671857925028992,0.43990941157169944,3,late
3817,17,0,0.7106736961537659,0.5412101136029459,3,late
3818,18,0,0.6726798472182137,0.39944409069849757,3,late
3819,19,0,0.7558821448149724,0.6927613279559555,3,late
3820,20,0,0.5996244484794755,0.3143655714082081,3,late
3821,21,0,0.16107931432880906,0.5627773750169967,3,late
3822,22,0,0.5344887291020811,0.3563379461958416,3,late
3823,23,0,0.3859600097076371,0.5321799713756301,3,late
3824,24,0,0.6325019160970511,0.5456459654151486,3,late
3825,25,0,0.28658581197613453,0.5896453507384452,3,late
3826,26,0,0.37366169574679325,0.6314297293149196,3,late
3827,27,0,0.4365657742211314,0.4634628482151516,3,late
3828,28,0,0.2946142548097668,0.6450253295334568,3,late
3829,29,0,0.6590924708445327,0.40046835175258594,3,late
3830,30,0,0.3256792068842557,0.472567016325008,3,late
3831,31,0,0.4217900761700959,0.4655114667227778,3,late
3832,32,0,0.3330309702735831,0.517929960273156,3,late
3833,33,0,0.603044558243033,0.47941932386613506,3,late
3834,34,0,0.1956188187637003,0.4740168298672994,3,late
3835,35,0,0.5417734139180335,0.39562687250662465,3,late
3836,36,0,0.2517607862004841,0.43744774162364647,3,late
3837,37,0,0.7405277480659065,0.42359674266430525,3,late
3838,38,0,0.5164256362251388,0.44780035579559396,3,late
3839,39,0,0.6274888077064962,0.6127189841606171,3,late
3840,40,0,0.45067480993538883,0.5663484494549413,3,late
3841,41,0,0.2565065927439943,0.5639175498852144,3,late
3842,42,0,0.5108233022983767,0.4066995755993944,3,late
3843,43,0,0.34633607181771775,0.4902876564078733,3,late
3844,44,0,0.4382907700299191,0.6450820445813479,3,late
3845,45,0,0.5383123420984492,0.3386263849700374,3,late
3846,46,0,0.3370963680804982,0.50794400629198,3,late
3847,47,0,0.4084183535729453,0.4653771447192991,3,late
3848,48,0,0.5508460989996973,0.47206554917375565,3,late
3849,49,0,0.6176987576588973,0.44154467311044127,3,late
3850,50,0,0.47243607196522475,0.4053959576689884,3,late
3851,51,0,0.6093574932575634,0.472444878487839,3,late
3852,52,0,0.4707236051838334,0.394150794204041,3,late
3853,53,0,0.6120039721932011,0.2455182192514282,3,late
3854,54,0,0.40542478568528556,0.48483587446937537,3,late
3855,55,0,0.45651339718322304,0.43302579524223117,3,late
3856,56,0,0.4011284891675021,0.5185303976906728,3,late
3857,57,0,0.6155350871089571,0.425996505122335,3,late
3858,58,0,0.5096640236281291,0.4372292262705736,3,late
3859,59,0,0.5852434003204403,0.39345313713393093,3,late
3860,60,0,0.3970559401318794,0.4399590253525364,3,late
3861,61,0,0.41197441648712374,0.3642193960086728,3,late
3862,62,0,0.3733340869284384,0.36180781653590055,3,late
3863,63,0,0.619604020767313,0.3621985663360286,3,late
3864,64,0,0.27218351950402137,0.4167280406139021,3,late
3865,65,0,0.4736527861400246,0.5209194199068052,3,late
3866,66,0,0.41185091107360955,0.5135771899893523,3,late
3867,67,0,0.7457199590786985,0.4411168918222551,3,late
3868,68,0,0.45293918378149367,0.4335391748474994,3,late
3869,69,0,0.45549513467378455,0.5185343621885978,3,late
3870,70,0,0.4283341817942906,0.5306518454472706,3,late
3871,71,0,0.440911961677105,0.5015331329983519,3,late
3872,72,0,0.4879095093592223,0.44301762534357203,3,late
3873,73,0,0.7275240393732836,0.4539623535438764,3,late
3874,74,0,0.38324240631309536,0.5762856183642,3,late
3875,75,0,0.7248496986816912,0.44580562281092806,3,late
3876,76,0,0.4575228846622744,0.5382318198219276,3,late
3877,77,0,0.4450540042290996,0.489149522433885,3,late
3878,78,0,0.410236086734023,0.42942314616487626,3,late
3879,79,0,0.6804531684894246,0.3812300703270577,3,late
3880,80,0,0.40703394064955145,0.5389838416736565,3,late
3881,81,0,0.4580678695351582,0.5771510955710221,3,late
3882,82,0,0.557339105926678,0.5095199009225106,3,late
3883,83,0,0.40386405604256803,0.373285512542222,3,late
3884,84,0,0.4416618618623569,0.4256715910500789,3,late
3885,85,0,0.5871469184778686,0.5480827394702994,3,late
3886,86,0,0.47718825980190555,0.44025620084671657,3,late
3887,87,0,0.43080677877116524,0.4809597043774265,3,late
3888,88,0,0.41675745818610305,0.39885899759247767,3,late
3889,89,0,0.6087929421914785,0.485623053769603,3,late
3890,90,0,0.4515263777703659,0.350376265550551,3,late
3891,91,0,0.35831864833646887,0.6183713483148976,3,late
3892,92,0,0.39887327067052814,0.43035924705457496,3,late
3893,93,0,0.6754147954955336,0.4519705660247177,3,late
3894,94,0,0.5392904248515449,0.5169454189049134,3,late
3895,95,0,0.6337745133400192,0.5045114710204186,3,late
3896,96,0,0.3529156821875152,0.4254856677724742,3,late
3897,97,0,0.5730856364862758,0.5425284368014451,3,late
3898,98,0,0.4029526878816863,0.47230226296039646,3,late
3899,99,0,0.5166123212634036,0.3602974431909761,3,late
3900,100,0,0.35870917589783935,0.41161655378037,3,late
3901,101,0,0.4176122490249287,0.489287236578425,3,late
3902,102,0,0.6416104858252865,0.4222225623843537,3,late
3903,103,0,0.7129692757313192,0.44666928493393365,3,late
3904,104,0,0.7105562461066004,0.4976792760438777,3,late
3905,105,0,0.6164587891079605,0.412074899419249,3,late
3906,106,0,0.4528479181269837,0.41299792751270226,3,late
3907,107,0,0.2504132753307314,0.4508522910168823,3,late
3908,108,0,0.5097428412992477,0.45559181752116085,3,late
3909,109,0,0.5508774872706683,0.5046641419837079,3,late
3910,110,0,0.3469083953323223,0.4250370399338721,3,late
3911,111,0,0.40337604572698565,0.5314655411914053,3,late
3912,112,0,0.39238556395321667,0.4009244547467581,3,late
3913,113,0,0.36308974844910036,0.3915647371394077,3,late
3914,114,0,0.41529433421296813,0.4736842701821114,3,late
3915,115,0,0.5778755050049968,0.3795200883236548,3,late
3916,116,0,0.4385800467202309,0.47579148039569874,3,late
3917,117,0,0.49968377934405284,0.3665362099869681,3,late
3918,118,0,0.4559883711442626,0.44799441373438564,3,late
3919,119,0,0.6577825470204273,0.45723116775954065,3,late
3920,120,0,0.7440025041815294,0.368928253288233,3,late
3921,121,0,0.1706705868731533,0.46838591046223255,3,late
3922,122,0,0.24853692749688727,0.4522756061524081,3,late
3923,123,0,0.8309577415259676,0.5195269053170843,3,late
3924,124,0,0.4302252342764281,0.4155569266867474,3,late
3925,125,0,0.7754371413446645,0.4959514365324732,3,late
3926,126,0,0.22066227430799445,0.5015415175037352,3,late
3927,127,0,0.5050035685518223,0.4701611198964256,3,late
3928,128,0,0.6645567584733997,0.49296843757438774,3,late
3929,129,0,0.7114547405533549,0.3793982398736301,3,late
3930,130,0,0.13707776466784358,0.4068505181965324,3,late
3931,131,0,0.6315728036011004,0.3273090752872388,3,late
3932,132,0,0.17598487496935866,0.5327119266831939,3,late
3933,133,0,0.35534756717554045,0.41808094930852235,3,late
3934,134,0,0.353690134432606,0.6792802228161017,3,late
3935,135,0,0.7796060795291104,0.5148135932986895,3,late
3936,136,0,0.7686828405445543,0.5217108825054761,3,late
3937,137,0,0.34742876680292994,0.46722763747771734,3,late
3938,138,0,0.6431576205988365,0.4024079644373052,3,late
3939,139,0,0.30743605988379097,0.47511719906508465,3,late
3940,140,0,0.6583251423890069,0.2832017439767085,3,late
3941,141,0,0.691835933421014,0.47644717361613287,3,late
3942,142,0,0.7715458039565029,0.3601246436473251,3,late
3943,143,0,0.21186983984943022,0.4915830470514607,3,late
3944,144,0,0.1945178537945047,0.42109153592806736,3,late
3945,145,0,0.859772520728153,0.48249322360621677,3,late
3946,146,0,0.3628474349225062,0.4635955007326027,3,late
3947,147,0,0.272511438831867,0.44409185740909357,3,late
3948,148,0,0.5693128234263549,0.4366957038382185,3,late
3949,149,0,0.6452212461870799,0.34641660776986916,3,late
3950,150,0,0.5059799819605837,0.37412090788111496,3,late
3951,151,0,0.5532428344762702,0.3780171530489518,3,late
3952,152,0,0.5740573045466782,0.564621691287701,3,late
3953,153,0,0.8352731023985716,0.4030495645208757,3,late
3954,154,0,0.6002130488632642,0.5296007319862234,3,late
3955,155,0,0.5303573071214904,0.32490749393267915,3,late
3956,156,0,0.395853858889063,0.525135379139292,3,late
3957,157,0,0.4054638712155636,0.47453832738404655,3,late
3958,158,0,0.3397573367886364,0.5166369612201851,3,late
3959,159,0,0.34508735129815415,0.49101635037944846,3,late
3960,160,0,0.5162587358040394,0.5326028447506896,3,late
3961,161,0,0.9413922201414772,0.39567112023529566,3,late
3962,162,0,0.36252274772664467,0.4378585860086289,3,late
3963,163,0,0.15938831392022593,0.4194354323428864,3,late
3964,164,0,0.5694496206445485,0.3925538038348426,3,late
3965,165,0,0.365950460120451,0.4411349292979745,3,late
3966,166,0,0.6221760450767115,0.3738006171175049,3,late
3967,167,0,0.41393950628971055,0.5454160072575133,3,late
3968,168,0,0.5733565511619787,0.49764213879341546,3,late
3969,169,0,0.6128931317656883,0.43207374378575075,3,late
3970,170,0,0.42900905519445753,0.4069312492556365,3,late
3971,171,0,0.4163910763228293,0.41657014193695674,3,late
3972,172,0,0.39463217903717085,0.48892905006891296,3,late
3973,173,0,0.5451130683519243,0.6133892542208407,3,late
3974,174,0,0.5559307379412635,0.39062918762259013,3,late
3975,175,0,0.5376135862122098,0.4732493898173846,3,late
3976,176,0,0.4564037859722198,0.46535464935467674,3,late
3977,177,0,0.6635181886287399,0.44016602848882547,3,late
3978,178,0,0.32271943694608535,0.39195429548962857,3,late
3979,179,0,0.36212857713302793,0.3617217122370503,3,late
3980,180,0,0.4929321377559805,0.4168030474016613,3,late
3981,181,0,0.3674125025126411,0.41879981125910837,3,late
3982,182,0,0.3782328984200498,0.5508212388364804,3,late
3983,183,0,0.3230538668871151,0.3061285752317486,3,late
3984,184,0,0.43430370291625114,0.4190652446668802,3,late
3985,185,0,0.6160426152722395,0.4374486985782381,3,late
3986,186,0,0.41017609914576103,0.42697652398161723,3,late
3987,187,0,0.9313739112025309,0.2887360868877342,3,late
3988,188,0,0.5069848799405476,0.38530399280277605,3,late
3989,189,0,0.321480794854776,0.5955058894742646,3,late
3990,190,0,0.3427788834001818,0.5070316011012252,3,late
3991,191,0,0.6845795790621971,0.42565267673405177,3,late
3992,192,0,0.44433061999038836,0.5287853843709349,3,late
3993,193,0,0.5554458233923394,0.6386123655105366,3,late
3994,194,0,0.8819099950377052,0.3360492118819478,3,late
3995,195,0,0.12027039575916701,0.44204228467352974,3,late
3996,196,0,0.608997114723483,0.5116481504567156,3,late
3997,197,0,0.3943298797844382,0.35702920499221974,3,late
3998,198,0,0.6528223414376237,0.4394825856057687,3,late
3999,199,0,0.6902594496950506,0.2876493753042209,3,late
4000,0,0,0.014741465102887197,0.7033337954823564,4,interleaved
4001,1,0,0.45114459501792703,0.49378923934272767,4,interleaved
4002,2,0,0.04188702835880431,0.5800239922032403,4,interleaved
4003,3,0,0.49044851978988646,0.7989204923196058,4,interleaved
4004,4,0,0.9891439106158589,0.5398582946683592,4,interleaved
4005,5,0,0.5162109501417543,0.5528754670155062,4,interleaved
4006,6,1,0.0063150088974364945,0.8389657087624478,4,interleaved
4007,7,0,0.47798706382049183,0.5417489629801381,4,interleaved
4008,8,2,0.01405869484112245,1.1306186654901134,4,interleaved
4009,9,0,0.48642600322547414,0.6813792450569823,4,interleaved
4010,10,0,0.9738417262369637,0.63143749471015,4,interleaved
4011,11,0,0.5085087801689079,0.5995297504207983,4,interleaved
4012,12,0,0.013830831514583877,0.6879018886282554,4,interleaved
4013,13,0,0.519030339997473,0.5865999181415449,4,interleaved
4014,14,0,0.022991929283589348,0.6493127834993911,4,interleaved
4015,15,0,0.47625090715259044,0.6177477296519989,4,interleaved
4016,16,0,0.07294949146973256,0.5994669973085502,4,interleaved
4017,17,0,0.42498223318861633,0.4702354165221233,4,interleaved
4018,18,0,0.07121564135536751,0.7468769303619183,4,interleaved
4019,19,0,0.429687572582704,0.46748905984524747,4,interleaved
4020,20,0,0.12345980345719375,0.6220140212523317,4,interleaved
4021,21,0,0.4401466010188,0.4339008048343588,4,interleaved
4022,22,0,0.09325266490475755,0.5234116458296625,4,interleaved
4023,23,0,0.5678753397932234,0.39999036564808044,4,interleaved
4024,24,0,0.11487053595273469,0.6254514803774336,4,interleaved
4025,25,0,0.6108648805943326,0.369294831979693,4,interleaved
4026,26,0,0.7953709672211117,0.43642523322815774,4,interleaved
4027,27,0,0.3627570180595837,0.5141708459901032,4,interleaved
4028,28,0,0.14611151416332258,0.42767068914299755,4,interleaved
4029,29,0,0.5708766546982404,0.48458401626289677,4,interleaved
4030,30,0,0.8587247273179268,0.2923545049510926,4,interleaved
4031,31,0,0.5195568829299845,0.48845882372439164,4,interleaved
4032,32,0,0.16985899264098409,0.5829996071066912,4,interleaved
4033,33,0,0.40512406705915127,0.561732249937476,4,interleaved
4034,34,0,0.6972657623163555,0.4276501542207646,4,interleaved
4035,35,0,0.5998123289999835,0.5022441168316137,4,interleaved
4036,36,0,0.7493459342872522,0.3256568742178246,4,interleaved
4037,37,0,0.5719787543279103,0.4136030219826369,4,interleaved
4038,38,0,0.2740625050644475,0.4390662181905377,4,interleaved
4039,39,0,0.34501300987577666,0.40909984204138106,4,interleaved
4040,40,0,0.6884325595942279,0.4374557784941818,4,interleaved
4041,41,0,0.6250987613774945,0.45763428195339495,4,interleaved
4042,42,0,0.885175444097454,0.3958735998093813,4,interleaved
4043,43,0,0.3899103909458147,0.4156820839575228,4,interleaved
4044,44,0,0.17519480086483222,0.5144894635062566,4,interleaved
4045,45,0,0.32538346993879885,0.5026861392524142,4,interleaved
4046,46,0,0.21178362750964286,0.5308054153828908,4,interleaved
4047,47,0,0.3112552326745288,0.47001071388590665,4,interleaved
4048,48,0,0.8171348230768813,0.4208399171175199,4,interleaved
4049,49,0,0.3100556490215561,0.4122298274596981,4,interleaved
4050,50,0,0.21299976296418172,0.56030104401029,4,interleaved
4051,51,0,0.3934882631808745,0.5793274240130392,4,interleaved
4052,52,0,0.8316747059477193,0.30934264030338776,4,interleaved
4053,53,0,0.6330600892965221,0.3413855934790209,4,interleaved
4054,54,0,0.2211088643760117,0.5239328220144286,4,interleaved
4055,55,0,0.4579065380139553,0.524223002943621,4,interleaved
4056,56,0,0.7870326652594282,0.25017668022602435,4,interleaved
4057,57,0,0.4813011809984691,0.44135452886015264,4,interleaved
4058,58,0,0.8647773421133904,0.3957390186053809,4,interleaved
4059,59,0,0.5153238297329185,0.4447794699205656,4,interleaved
4060,60,0,0.23816983774543288,0.4530958104621691,4,interleaved
4061,61,0,0.4278318564351161,0.4074506669296779,4,interleaved
4062,62,0,0.8382121500278872,0.3398857796712388,4,interleaved
4063,63,0,0.5336610185262795,0.5185885312919996,4,interleaved
4064,64,0,0.2008194569669407,0.38149833013758166,4,interleaved
4065,65,0,0.4479246800440448,0.33519787116123845,4,interleaved
4066,66,0,0.17380829580610102,0.5014419000533642,4,interleaved
4067,67,0,0.6035264158569876,0.3871242437141055,4,interleaved
4068,68,0,0.6962264644863165,0.5579747259736705,4,interleaved
4069,69,0,0.3369916941641388,0.43422385766310795,4,interleaved
4070,70,0,0.29614633796541706,0.42525626209653206,4,interleaved
4071,71,0,0.34057077455314855,0.4505529708593118,4,interleaved
4072,72,0,0.8665293571109014,0.44654459620885517,4,interleaved
4073,73,0,0.39783481840052237,0.5026021088892833,4,interleaved
4074,74,0,0.9675845327183077,0.5192778397022021,4,interleaved
4075,75,0,0.33643678253585285,0.3438831452978282,4,interleaved
4076,76,0,0.12465902524738616,0.49955298213028915,4,interleaved
4077,77,0,0.487005818085795,0.5538077107669959,4,interleaved
4078,78,0,0.17598920454150235,0.4884260208586364,4,interleaved
4079,79,0,0.45915642719629096,0.5574476014432983,4,interleaved
4080,80,0,0.0772561986753074,0.6272850177103415,4,interleaved
4081,81,0,0.4096939999640472,0.3876178573886826,4,interleaved
4082,82,0,0.9007460679657728,0.2762265478172541,4,interleaved
4083,83,0,0.47108323958400256,0.4788925593553659,4,interleaved
4084,84,0,0.9153809048833459,0.40400353112837056,4,interleaved
4085,85,0,0.4901486823012856,0.393570671764169,4,interleaved
4086,86,0,0.11918759900799736,0.45554173603843284,4,interleaved
4087,87,0,0.4445292634949909,0.4058018466824752,4,interleaved
4088,88,0,0.12751059956227068,0.4726556653943601,4,interleaved
4089,89,0,0.4253972840150785,0.41557690412282433,4,interleaved
4090,90,0,0.195220913451292,0.5320601997896568,4,interleaved
4091,91,0,0.5780570022697487,0.5037410968797225,4,interleaved
4092,92,0,0.8013451292804215,0.28163999946892665,4,interleaved
4093,93,0,0.46063692306701887,0.5632278859814733,4,interleaved
4094,94,0,0.7633975590348088,0.477388363145702,4,interleaved
4095,95,0,0.543535224577929,0.43103733921989273,4,interleaved
4096,96,0,0.2430034615566472,0.47976339082734887,4,interleaved
4097,97,0,0.5852574073214678,0.4194880391575494,4,interleaved
4098,98,0,0.17479066514786926,0.5069684424706805,4,interleaved
4099,99,0,0.2615858020751949,0.3584634480740758,4,interleaved
4100,100,0,0.2532107796518679,0.4772277260917245,4,interleaved
4101,101,0,0.5992931435250368,0.3173772700526477,4,interleaved
4102,102,0,0.2802433141542049,0.4991739089518972,4,interleaved
4103,103,0,0.37350293414721636,0.4558514088897919,4,interleaved
4104,104,0,0.26152531166911536,0.5858189885023847,4,interleaved
4105,105,0,0.5901377470316749,0.44341316861185054,4,interleaved
4106,106,0,0.751533991416165,0.2820543617800841,4,interleaved
4107,107,0,0.6483825538406189,0.3661187767980423,4,interleaved
4108,108,0,0.7551014770042811,0.39682228472071046,4,interleaved
4109,109,0,0.40696976617299796,0.4488340251065458,4,interleaved
4110,110,0,0.212077066530521,0.4492724628291421,4,interleaved
4111,111,0,0.26341394549969427,0.39712153910323994,4,interleaved
4112,112,0,0.33733680270555705,0.5407516421095131,4,interleaved
4113,113,0,0.5182559045738657,0.37193213150679305,4,interleaved
4114,114,0,0.7755574793357907,0.40951546280156814,4,interleaved
4115,115,0,0.6986487565402482,0.37453024384194444,4,interleaved
4116,116,0,0.35968547809121637,0.3966616126083644,4,interleaved
4117,117,0,0.635769490954209,0.47620644533070977,4,interleaved
4118,118,0,0.7609934087829178,0.39477591058537803,4,interleaved
4119,119,0,0.6864780867286431,0.48539992605558835,4,interleaved
4120,120,0,0.3516673406023064,0.4681326211678762,4,interleaved
4121,121,0,0.672535849876674,0.5010880729636784,4,interleaved
4122,122,0,0.8703680068249819,0.45232565305548944,4,interleaved
4123,123,0,0.6005465253868616,0.3944543379076727,4,interleaved
4124,124,0,0.76763880656804,0.3169651854734861,4,interleaved
4125,125,0,0.648118290418062,0.42874706076399016,4,interleaved
4126,126,0,0.8052005885654945,0.38156787384103746,4,interleaved
4127,127,0,0.5774648372768166,0.2930615635449877,4,interleaved
4128,128,0,0.23321405893031505,0.42815134502232866,4,interleaved
4129,129,0,0.24411524221672437,0.5287265817956727,4,interleaved
4130,130,0,0.9116518278001138,0.3599576907562881,4,interleaved
4131,131,0,0.5753894729175227,0.42510875404370807,4,interleaved
4132,132,0,0.877277568060467,0.4230507745315487,4,interleaved
4133,133,0,0.39082432754657864,0.4269443363742433,4,interleaved
4134,134,0,0.8927842476001366,0.3571277748401269,4,interleaved
4135,135,0,0.5311530836093065,0.42890600868427553,4,interleaved
4136,136,0,0.8820469382496057,0.363146057303127,4,interleaved
4137,137,0,0.5387960641008435,0.3631091244303561,4,interleaved
4138,138,0,0.1575876357289729,0.514275540790599,4,interleaved
4139,139,0,0.6089418657520846,0.39970520325536774,4,interleaved
4140,140,0,0.8667138334514644,0.39465687185610443,4,interleaved
4141,141,0,0.531031750684915,0.3253835296850475,4,interleaved
4142,142,0,0.9149706971619513,0.3189084131763845,4,interleaved
4143,143,0,0.4227570721381492,0.46751469569756954,4,interleaved
4144,144,0,0.8581352446100022,0.27100962665350803,4,interleaved
4145,145,0,0.46496827466358476,0.4495364808689465,4,interleaved
4146,146,0,0.6789850759322819,0.47068124019516644,4,interleaved
4147,147,0,0.37098888426862325,0.42274475768920483,4,interleaved
4148,148,0,0.8709950177252603,0.33180421890262735,4,interleaved
4149,149,0,0.6213560084703416,0.51088554645029,4,interleaved
4150,150,0,0.832727162468355,0.3421854080607317,4,interleaved
4151,151,0,0.5789360202781411,0.4426975421348125,4,interleaved
4152,152,0,0.31229254330154743,0.4316278771134624,4,interleaved
4153,153,0,0.5303437641979378,0.328430661834484,4,interleaved
4154,154,0,0.40894751915848576,0.5545045450828391,4,interleaved
4155,155,0,0.5174577007145006,0.45651681424766977,4,interleaved
4156,156,0,0.6374952986191349,0.3583988484925743,4,interleaved
4157,157,0,0.41124271336308404,0.4748225211498437,4,interleaved
4158,158,0,0.2930897589987156,0.515260352366927,4,interleaved
4159,159,0,0.5487945303380992,0.4214172690429333,4,interleaved
4160,160,0,0.35370951899399866,0.3311575419609921,4,interleaved
4161,161,0,0.4775499467488554,0.39301965907945596,4,interleaved
4162,162,0,0.590540492291056,0.40968366948596846,4,interleaved
4163,163,0,0.3130426601774929,0.3734934262686812,4,interleaved
4164,164,0,0.33694609188347774,0.4988092926371984,4,interleaved
4165,165,0,0.7273524103968864,0.276335732741412,4,interleaved
4166,166,0,0.45796802713010876,0.4543711721276731,4,interleaved
4167,167,0,0.5548921522311121,0.32946678566556326,4,interleaved
4168,168,0,0.6481676391613231,0.32264763532798035,4,interleaved
4169,169,0,0.8618882642983577,0.3082831864535302,4,interleaved
4170,170,0,0.27640774104073484,0.38958435375658984,4,interleaved
4171,171,0,0.6385781657138578,0.32072785242835566,4,interleaved
4172,172,0,0.4861212394696856,0.4209740848403425,4,interleaved
4173,173,0,0.6202579496375729,0.3125894856404098,4,interleaved
4174,174,0,0.878372148962103,0.4434571619925152,4,interleaved
4175,175,0,0.6602310053311793,0.5166614443638776,4,interleaved
4176,176,0,0.34434695401590826,0.30932909502990374,4,interleaved
4177,177,0,0.5677893968869795,0.4188158556329311,4,interleaved
4178,178,0,0.7999816174140535,0.3104769616153905,4,interleaved
4179,179,0,0.43943253005193217,0.4217933136873448,4,interleaved
4180,180,0,0.6308170641851469,0.537996427461821,4,interleaved
4181,181,0,0.5736163397987508,0.4877285319296957,4,interleaved
4182,182,0,0.7648749283113951,0.3619535925834565,4,interleaved
4183,183,0,0.38707320969683284,0.45235236876445767,4,interleaved
4184,184,0,0.21819987864201412,0.5278286771470784,4,interleaved
4185,185,0,0.4472742277057486,0.4060530474708076,4,interleaved
4186,186,0,0.26093240304937076,0.5490025133378151,4,interleaved
4187,187,0,0.27334354043184467,0.4528085494409554,4,interleaved
4188,188,0,0.5204806988551439,0.4114856700146219,4,interleaved
4189,189,0,0.6288259647857753,0.41401979902310504,4,interleaved
4190,190,0,0.5002429925297049,0.3494455142098096,4,interleaved
4191,191,0,0.3015519396474392,0.4226738051926548,4,interleaved
4192,192,0,0.34278710568552384,0.4861800270336938,4,interleaved
4193,193,0,0.736830566050578,0.3716428512842942,4,interleaved
4194,194,0,0.5333928533091381,0.35612886863434556,4,interleaved
4195,195,0,0.3944276424541252,0.376917149816551,4,interleaved
4196,196,0,0.8721516057827048,0.32036098734614377,4,interleaved
4197,197,0,0.15270404690248487,0.5113329853156993,4,interleaved
4198,198,0,0.2758728424376154,0.3132845432730338,4,interleaved
4199,199,0,0.7859112263198458,0.3139725027430586,4,interleaved
4200,0,0,0.23330109391825357,0.7675537623170273,4,blocked
4201,1,0,0.41605092742320965,0.6076820298887484,4,blocked
4202,2,0,0.5761147867406285,0.517271811209477,4,blocked
4203,3,0,0.657766638897983,0.5586147930120223,4,blocked
4204,4,1,0.9839190636068051,0.8835441145463927,4,blocked
4205,5,2,0.9904293448222148,0.7738679273601886,4,blocked
4206,6,3,0.009688209926215084,0.9533070892403859,4,blocked
4207,7,4,0.5984208772862744,1.1864121539838601,4,blocked
4208,8,5,0.860604638185485,0.7367213941862069,4,blocked
4209,9,0,0.5698678147087863,0.4457624505595433,4,blocked
4210,10,0,0.606903577280304,0.6766876470934229,4,blocked
4211,11,6,0.5000438639909457,0.9670824225267778,4,blocked
4212,12,7,0.06528505427925617,0.76188821583062,4,blocked
4213,13,0,0.2736922535551138,0.551558035404127,4,blocked
4214,14,0,0.5344483375200736,0.43835917763984367,4,blocked
4215,15,0,0.6961909051130575,0.6660534171286041,4,blocked
4216,16,5,0.2752174512048944,0.697265139514626,4,blocked
4217,17,0,0.36599177938678706,0.6040925355347482,4,blocked
4218,18,5,0.16148875852577127,0.6459241918227989,4,blocked
4219,19,0,0.5450506607323095,0.5404281870627603,4,blocked
4220,20,5,0.4302087578557349,0.6837788112193268,4,blocked
4221,21,5,0.8000544620927722,0.5404228894770146,4,blocked
4222,22,0,0.5830055884683785,0.594102178070484,4,blocked
4223,23,5,0.5929452573786792,0.5345978640521194,4,blocked
4224,24,5,0.2637575756710101,0.8474139984100281,4,blocked
4225,25,0,0.20360819632165414,0.6866049334826745,4,blocked
4226,26,0,0.621081641958276,0.5352845415799307,4,blocked
4227,27,0,0.5674911692638056,0.6291371780793695,4,blocked
4228,28,0,0.5638036551261353,0.5904521693931395,4,blocked
4229,29,0,0.667054277097602,0.5514746115579174,4,blocked
4230,30,0,0.25257001222521086,0.5659550282008502,4,blocked
4231,31,0,0.2042037860314371,0.5941312543661399,4,blocked
4232,32,0,0.6509194958462088,0.45281959771074715,4,blocked
4233,33,0,0.7296730247830865,0.6549157889660112,4,blocked
4234,34,0,0.6367178783260404,0.535371777957985,4,blocked
4235,35,0,0.6807409014569146,0.47680381736812727,4,blocked
4236,36,5,0.38854565276899583,0.5530668594683651,4,blocked
4237,37,0,0.685879320539939,0.6390762201918281,4,blocked
4238,38,0,0.6908253669494093,0.5820534169754218,4,blocked
4239,39,0,0.12693714642103526,0.4567444677188082,4,blocked
4240,40,0,0.4386583698992127,0.600585844710471,4,blocked
4241,41,0,0.4022949339320419,0.6190518373424494,4,blocked
4242,42,0,0.5857643804363329,0.4655274926158811,4,blocked
4243,43,0,0.5857177005856132,0.48093388049428876,4,blocked
4244,44,0,0.6135715824407434,0.5970984227578243,4,blocked
4245,45,0,0.6025352196673692,0.48985902652082347,4,blocked
4246,46,0,0.513239618257956,0.47132058589407927,4,blocked
4247,47,0,0.5679773918332149,0.5823391499663085,4,blocked
4248,48,0,0.5390103732899255,0.4459398459806223,4,blocked
4249,49,0,0.577101283884257,0.4307484283402565,4,blocked
4250,50,5,0.37388264011554323,0.4312269923647354,4,blocked
4251,51,0,0.4756973817054428,0.4752499371308768,4,blocked
4252,52,0,0.46391824950953486,0.7334550649547036,4,blocked
4253,53,0,0.5301599141401421,0.49734005997281705,4,blocked
4254,54,0,0.552319180025019,0.37009540641410754,4,blocked
4255,55,0,0.5316091303775043,0.44324959957808435,4,blocked
4256,56,0,0.5550629155241324,0.5150455603046882,4,blocked
4257,57,0,0.492034347609097,0.6019780888451234,4,blocked
4258,58,0,0.5274435788395219,0.3902201179107637,4,blocked
4259,59,0,0.49307772732595734,0.7503799076776547,4,blocked
4260,60,0,0.576648730622973,0.45814113985286653,4,blocked
4261,61,0,0.5484698204535566,0.5222030742942998,4,blocked
4262,62,0,0.6260753692709694,0.5075653055783252,4,blocked
4263,63,0,0.6050974577089434,0.4154201806759791,4,blocked
4264,64,0,0.5063726815985731,0.5061895510166871,4,blocked
4265,65,0,0.5259593568761383,0.49415760621653193,4,blocked
4266,66,0,0.47494047748829,0.38994538549849234,4,blocked
4267,67,0,0.5029313606481518,0.4011275818525629,4,blocked
4268,68,0,0.4819661294284481,0.45689064935273294,4,blocked
4269,69,0,0.43867819872385305,0.448687792479705,4,blocked
4270,70,0,0.47053607986326385,0.42788321147913644,4,blocked
4271,71,0,0.5167757916053611,0.5030083930395612,4,blocked
4272,72,0,0.480926009268299,0.40550877303679206,4,blocked
4273,73,0,0.4987825174845724,0.5031621597631737,4,blocked
4274,74,0,0.5039558949977223,0.3754330067321453,4,blocked
4275,75,0,0.6174060020469113,0.6432236956784618,4,blocked
4276,76,0,0.41512990104409303,0.4481664280108994,4,blocked
4277,77,0,0.540807486314386,0.5806808374408552,4,blocked
4278,78,0,0.514633851360758,0.5003209585589456,4,blocked
4279,79,0,0.6100972986029345,0.5567965721905566,4,blocked
4280,80,0,0.8542811602422649,0.39705430640423167,4,blocked
4281,81,0,0.11669694046152909,0.45327929381321297,4,blocked
4282,82,0,0.7947375638600138,0.45222836844894954,4,blocked
4283,83,0,0.1855767388862381,0.5818177474434575,4,blocked
4284,84,0,0.19997005206657265,0.39201977492715406,4,blocked
4285,85,0,0.2196385452616348,0.5167228550444487,4,blocked
4286,86,0,0.3414249045275131,0.4858204184729301,4,blocked
4287,87,0,0.7303874008978752,0.40492137135007833,4,blocked
4288,88,0,0.3214524232371325,0.6038732727154329,4,blocked
4289,89,5,0.821722440157935,0.5359980926030876,4,blocked
4290,90,0,0.750960898472141,0.4905988082157031,4,blocked
4291,91,0,0.1459980981209358,0.5107695104809906,4,blocked
4292,92,0,0.620911844750412,0.48949903906312764,4,blocked
4293,93,5,0.3344066765093904,0.4936116905649452,4,blocked
4294,94,5,0.2690288247274705,0.607573918734959,4,blocked
4295,95,0,0.3793870549453897,0.6098474414104914,4,blocked
4296,96,0,0.25658257767335696,0.5197104830726564,4,blocked
4297,97,0,0.6849374615736117,0.4006001909169714,4,blocked
4298,98,0,0.7599732098117324,0.5884229619785643,4,blocked
4299,99,0,0.2392738068417388,0.6041270380471186,4,blocked
4300,100,0,0.7183926726844013,0.41947210044957706,4,blocked
4301,101,0,0.19256342636921692,0.6676737844224585,4,blocked
4302,102,0,0.2073232138450786,0.5448919179711378,4,blocked
4303,103,0,0.2789135772265159,0.5147439882046283,4,blocked
4304,104,0,0.14934454084232157,0.6805550522081909,4,blocked
4305,105,0,0.833497869234483,0.4611423212405571,4,blocked
4306,106,0,0.7914590230156211,0.38724528643896033,4,blocked
4307,107,0,0.8435085076010477,0.6823273969075584,4,blocked
4308,108,0,0.23654994383822248,0.47626074933642065,4,blocked
4309,109,0,0.8185186830124593,0.4494992686979752,4,blocked
4310,110,0,0.10857524727017792,0.5725979863489821,4,blocked
4311,111,0,0.8249096483194005,0.48112818007701086,4,blocked
4312,112,0,0.14464687532931428,0.49137117121966584,4,blocked
4313,113,0,0.7370010286489357,0.33827451866877634,4,blocked
4314,114,0,0.816764068209361,0.41760676744149716,4,blocked
4315,115,0,0.7792596657471793,0.3459182322350346,4,blocked
4316,116,0,0.7832808995873133,0.3942975006403153,4,blocked
4317,117,0,0.7399672685790183,0.5734720999968792,4,blocked
4318,118,0,0.1499909408728156,0.4630065818936975,4,blocked
4319,119,0,0.7715295141040546,0.4299347716032142,4,blocked
4320,120,0,0.46363249992496713,0.5580594029822264,4,blocked
4321,121,5,0.42363019105804633,0.4867832687593153,4,blocked
4322,122,0,0.5593683484635348,0.3607016762410664,4,blocked
4323,123,0,0.6400938827327392,0.4800134345474677,4,blocked
4324,124,0,0.6251387657234976,0.6343691052202253,4,blocked
4325,125,0,0.6538723210293894,0.49741709914351406,4,blocked
4326,126,0,0.554637766107988,0.2817810112413227,4,blocked
4327,127,0,0.31074563785436965,0.4967830090272128,4,blocked
4328,128,0,0.3687558863945833,0.4619305773368997,4,blocked
4329,129,0,0.5318549850386318,0.38755951822609475,4,blocked
4330,130,0,0.47025061642645577,0.5025741992180166,4,blocked
4331,131,0,0.5601957593888849,0.44335508369679133,4,blocked
4332,132,0,0.45252073706757406,0.450054550657473,4,blocked
4333,133,0,0.26835728627320227,0.5070662533676986,4,blocked
4334,134,0,0.2674646341327265,0.41099922563924723,4,blocked
4335,135,0,0.4874504245560537,0.5294580617126884,4,blocked
4336,136,0,0.3718751906429245,0.44593736926014466,4,blocked
4337,137,0,0.40391214535525005,0.47760043462804136,4,blocked
4338,138,0,0.5693049861057558,0.5654318112785632,4,blocked
4339,139,0,0.5317330279480775,0.3442447421501058,4,blocked
4340,140,0,0.4079555436861144,0.4654868013522433,4,blocked
4341,141,0,0.4577831956858407,0.5129926083683878,4,blocked
4342,142,0,0.4909666169375744,0.45122398026096344,4,blocked
4343,143,0,0.5987643269457186,0.42090047944028197,4,blocked
4344,144,0,0.45148623397423626,0.4904883923441944,4,blocked
4345,145,0,0.5792623762731779,0.38526226949975584,4,blocked
4346,146,0,0.6170649006854332,0.4014870342422058,4,blocked
4347,147,0,0.6209355517816365,0.5373365660202156,4,blocked
4348,148,0,0.6628185743442468,0.44444087175916486,4,blocked
4349,149,0,0.4206190299851943,0.40860446928461114,4,blocked
4350,150,0,0.5402057708626791,0.4739183483301796,4,blocked
4351,151,0,0.36388542006716795,0.41582060912903956,4,blocked
4352,152,0,0.2822780673904824,0.4197447827134285,4,blocked
4353,153,0,0.7099528273416607,0.4603159889811548,4,blocked
4354,154,0,0.6317791325575286,0.41403914565541744,4,blocked
4355,155,0,0.27073067351964386,0.45124241905950735,4,blocked
4356,156,0,0.5677038585352474,0.2680161720704226,4,blocked
4357,157,0,0.46144816851050346,0.6495830772810116,4,blocked
4358,158,0,0.43845656749948037,0.48703582580948307,4,blocked
4359,159,0,0.38165696558961154,0.4721219301891241,4,blocked
4360,160,0,0.367697632487385,0.5517152884915755,4,blocked
4361,161,0,0.39044140736461297,0.41204908014866615,4,blocked
4362,162,0,0.22665517563962773,0.4538222753180946,4,blocked
4363,163,0,0.7580973081311441,0.3695564480938532,4,blocked
4364,164,0,0.283017458413798,0.4885389935642469,4,blocked
4365,165,0,0.4603919498376526,0.4467980325989085,4,blocked
4366,166,0,0.2052007102943113,0.5027786872245161,4,blocked
4367,167,0,0.26674394122941514,0.5547955315490012,4,blocked
4368,168,0,0.7539270175398043,0.43051976699991945,4,blocked
4369,169,0,0.6604628211794394,0.45869978282783996,4,blocked
4370,170,0,0.2889363236227878,0.45093765292153143,4,blocked
4371,171,0,0.6414920500256684,0.5198152561342065,4,blocked
4372,172,0,0.8392426193578033,0.4374225317421287,4,blocked
4373,173,0,0.37081753977515386,0.6152532437663254,4,blocked
4374,174,0,0.7651728978568142,0.4500266846617644,4,blocked
4375,175,0,0.7537804782143942,0.482444865901571,4,blocked
4376,176,0,0.20347294771313865,0.4655190763613529,4,blocked
4377,177,0,0.4176975713619547,0.5300336849570486,4,blocked
4378,178,0,0.2445104892872602,0.4395595225280021,4,blocked
4379,179,0,0.7783212494060241,0.5446913160953178,4,blocked
4380,180,0,0.6682402158656723,0.4102033302704853,4,blocked
4381,181,0,0.4627073946294786,0.4889433225759247,4,blocked
4382,182,0,0.23936438197061352,0.6486459737788806,4,blocked
4383,183,0,0.09798667764722063,0.4973338714169014,4,blocked
4384,184,0,0.6870311768446133,0.4988602650405254,4,blocked
4385,185,0,0.7810034228497825,0.4710567039757362,4,blocked
4386,186,0,0.2127142174744984,0.4125070175972413,4,blocked
4387,187,0,0.6125071107360266,0.32726445176230207,4,blocked
4388,188,0,0.341642495474193,0.4636375329687238,4,blocked
4389,189,0,0.8152488244628602,0.5268520351127512,4,blocked
4390,190,0,0.3693066643397453,0.43244238568109183,4,blocked
4391,191,0,0.6260269733668121,0.4553056589084642,4,blocked
4392,192,0,0.15188786277385247,0.509860197409735,4,blocked
4393,193,0,0.7633919722172451,0.4072510995009566,4,blocked
4394,194,0,0.5194982815506693,0.36539507767915946,4,blocked
4395,195,0,0.34730017888012366,0.5120369834136704,4,blocked
4396,196,0,0.22122181123117707,0.47686561168623565,4,blocked
4397,197,0,0.3372804983423377,0.46357531117688533,4,blocked
4398,198,0,0.33023167545428006,0.552186825103018,4,blocked
4399,199,0,0.2593314609950589,0.36884239002696073,4,blocked
4400,0,0,0.3451793428940057,0.7937175068230387,4,early
4401,1,1,0.5018906852224971,0.951473975478705,4,early
4402,2,1,0.34631613626594576,0.8626617501822988,4,early
4403,3,1,0.6648918284199841,0.6316146091584895,4,early
4404,4,1,0.28996862431599507,0.7103229023740734,4,early
4405,5,2,0.7082771125096314,0.7895724237838313,4,early
4406,6,1,0.5897578526625671,0.6442713573925254,4,early
4407,7,3,0.6142028958135537,0.646064639545658,4,early
4408,8,1,0.4119282682975669,0.7213975298118077,4,early
4409,9,1,0.5551030111213318,0.6923196167396756,4,early
4410,10,0,0.30646451154603666,0.7818388612725184,4,early
4411,11,0,0.560732189395535,0.4864381025513227,4,early
4412,12,1,0.6048008026190895,0.6393106263751782,4,early
4413,13,4,0.5863583361544386,1.0059768689633422,4,early
4414,14,1,0.5737200450041479,0.7061383333426378,4,early
4415,15,1,0.27531067854877994,0.7022428986660811,4,early
4416,16,0,0.5869106483683985,0.6006346424678177,4,early
4417,17,5,0.33821071489920684,1.3371975997867804,4,early
4418,18,1,0.43620478980047744,0.7997739733719182,4,early
4419,19,6,0.4304687879725189,0.8236198009079752,4,early
4420,20,1,0.6155559166283527,0.6399006508601828,4,early
4421,21,7,0.4839817978612688,0.8656873564733034,4,early
4422,22,8,0.6083402739750804,0.6880982132915417,4,early
4423,23,1,0.39590567102335705,0.7225616036392155,4,early
4424,24,1,0.4350274125510874,0.6764205365821692,4,early
4425,25,1,0.33412637906453596,0.8047536882280982,4,early
4426,26,1,0.3813641665161248,0.8107963350464426,4,early
4427,27,1,0.5623485109339831,0.691016545725601,4,early
4428,28,1,0.6312683940360813,0.7726271869322523,4,early
4429,29,1,0.33885269259093087,0.6924646764698594,4,early
4430,30,1,0.7037706264817215,0.8471474710299953,4,early
4431,31,1,0.5682400194599552,0.6706061559172585,4,early
4432,32,1,0.43806228420850024,0.8017835996951381,4,early
4433,33,1,0.37115650743913914,0.6678087440996178,4,early
4434,34,1,0.5687767876892195,0.6932704516450867,4,early
4435,35,9,0.431792911630436,0.7746562827361254,4,early
4436,36,1,0.4398612553138788,0.6907730186475041,4,early
4437,37,1,0.619170497754737,0.5917490951419377,4,early
4438,38,1,0.547557638496844,0.8385722741052164,4,early
4439,39,1,0.5481170708120472,0.7005304404883272,4,early
4440,40,1,0.0787624300537247,0.7199104013720361,4,early
4441,41,1,0.12358110755682777,0.5556189838230875,4,early
4442,42,1,0.9025537350880488,0.5749701122513686,4,early
4443,43,1,0.051324186481595,0.7214219453424251,4,early
4444,44,1,0.03842097790106374,0.7117255411374717,4,early
4445,45,0,0.9433548446693707,0.5443742280359837,4,early
4446,46,1,0.9114499269518783,0.556597360531611,4,early
4447,47,1,0.0889116919885968,0.5984505072492147,4,early
4448,48,1,0.04815197955031248,0.6720788417616025,4,early
4449,49,1,0.8950288770219046,0.5974886104437329,4,early
4450,50,1,0.8996952686012092,0.6038081098753006,4,early
4451,51,1,0.9235771700801212,0.5044855786520097,4,early
4452,52,1,0.8504319568989441,0.45377724922754226,4,early
4453,53,1,0.9095510528794089,0.5046749305665201,4,early
4454,54,1,0.9390720396465322,0.46386427152677034,4,early
4455,55,1,0.049134270057874366,0.6253395995178934,4,early
4456,56,1,0.05205014586476259,0.6200538301661185,4,early
4457,57,1,0.09437378966987423,0.6970171733721751,4,early
4458,58,1,0.034376697876078964,0.5508345368590934,4,early
4459,59,1,0.05182545018906039,0.509537132898969,4,early
4460,60,1,0.04695415209788962,0.5902188280532121,4,early
4461,61,1,0.951647422538102,0.5009092696658105,4,early
4462,62,1,0.9411096281631357,0.4648495328305041,4,early
4463,63,1,0.9677540862166865,0.6267820824558024,4,early
4464,64,1,0.04087570259378915,0.5679161931722574,4,early
4465,65,1,0.9852593247880943,0.41115273228947546,4,early
4466,66,1,0.06525655807210831,0.6988336058303013,4,early
4467,67,1,0.045086032275885396,0.6770889654981018,4,early
4468,68,1,0.041356456623246274,0.5344772106653195,4,early
4469,69,1,0.08497602567297,0.5774185170222116,4,early
4470,70,1,0.07516179076074155,0.5625649596987743,4,early
4471,71,1,0.9329720828284047,0.39171264483061763,4,early
4472,72,1,0.021235858663377183,0.6485196391211401,4,early
4473,73,1,0.03598023764873176,0.5560024859984345,4,early
4474,74,1,0.970480646720743,0.33816832604599956,4,early
4475,75,1,0.9569369794350047,0.4532709469168686,4,early
4476,76,1,0.13281721922344922,0.5373797989299384,4,early
4477,77,1,0.9808959301156528,0.44771901342543696,4,early
4478,78,1,0.9861102287963158,0.46336326000270106,4,early
4479,79,1,0.9885821254907512,0.36215474616529786,4,early
4480,80,1,0.5065628219654965,0.6298071021876537,4,early
4481,81,1,0.045140461378447856,0.5591537116178538,4,early
4482,82,1,0.4923494106776789,0.5066347055129747,4,early
4483,83,1,0.05513529528266617,0.5165607537726348,4,early
4484,84,1,0.498714816503891,0.47346275475300875,4,early
4485,85,1,0.9826298428418846,0.5817313733389338,4,early
4486,86,1,0.48618555344399944,0.5628335780814631,4,early
4487,87,1,0.06840127155978137,0.5129194328449531,4,early
4488,88,1,0.4244363076412886,0.5755250215541743,4,early
4489,89,1,0.9863007922374754,0.3924719574253871,4,early
4490,90,1,0.47980301725851743,0.5346992771812304,4,early
4491,91,1,0.04775881757144193,0.5124196291892537,4,early
4492,92,1,0.4717145598560747,0.5418152607603657,4,early
4493,93,1,0.9660769745769109,0.3596715461688308,4,early
4494,94,1,0.3298889986350817,0.604932151076669,4,early
4495,95,1,0.9877857051458643,0.5757546949511303,4,early
4496,96,1,0.5037759597757825,0.4527034020773333,4,early
4497,97,1,0.9517746097402175,0.35787115420124893,4,early
4498,98,1,0.48976475702196387,0.5785056092373735,4,early
4499,99,1,0.04013569682891028,0.5627067905755314,4,early
4500,100,1,0.48864360790562905,0.49942019850412056,4,early
4501,101,1,0.06718165285869479,0.5039405901125875,4,early
4502,102,1,0.499606211209497,0.4725603066241608,4,early
4503,103,1,0.06872242318106125,0.5893589655040796,4,early
4504,104,1,0.5000823882230971,0.44716165006928027,4,early
4505,105,1,0.05935740503871932,0.5754685383583322,4,early
4506,106,1,0.5211089454193576,0.4286671065821498,4,early
4507,107,1,0.06796254009930952,0.44835114730047576,4,early
4508,108,1,0.5082268744509746,0.38619020440256285,4,early
4509,109,1,0.0270911543681043,0.5709117239643582,4,early
4510,110,1,0.4447330786348691,0.45672570627356535,4,early
4511,111,1,0.07360283305195858,0.5102632669050646,4,early
4512,112,1,0.45765331972039536,0.5474346447410879,4,early
4513,113,1,0.06675411166355645,0.46457721343119524,4,early
4514,114,1,0.5062769291633521,0.6847288967682335,4,early
4515,115,1,0.10605681839409334,0.4988758010064008,4,early
4516,116,1,0.47480682534820773,0.415810105325625,4,early
4517,117,1,0.9186030357510404,0.4582960577545456,4,early
4518,118,1,0.5052954714233869,0.4588744360301755,4,early
4519,119,1,0.09521856524753589,0.4860889081732185,4,early
4520,120,1,0.22938384906697054,0.4884386834655622,4,early
4521,121,1,0.8951277965794082,0.4953944401819247,4,early
4522,122,1,0.35895185369048804,0.46657607278078705,4,early
4523,123,1,0.9504798313954259,0.2675131482709981,4,early
4524,124,1,0.504543727003457,0.5464637374703882,4,early
4525,125,1,0.9229597865635478,0.42762227693089194,4,early
4526,126,1,0.5387975563573265,0.4026395642112138,4,early
4527,127,1,0.056776195714850555,0.5269540125063363,4,early
4528,128,1,0.5938469930743183,0.44142456841066813,4,early
4529,129,1,0.20254499678016222,0.5733473865653466,4,early
4530,130,1,0.5947972852206574,0.3603953509171877,4,early
4531,131,1,0.9612943562700486,0.39264945785320116,4,early
4532,132,1,0.27206091429582246,0.48374437211697663,4,early
4533,133,1,0.9221831629170135,0.4563458098570188,4,early
4534,134,1,0.5118620526498383,0.34333470456717174,4,early
4535,135,1,0.9448264281372365,0.4116305240842249,4,early
4536,136,1,0.44577418982835476,0.5488696052705944,4,early
4537,137,1,0.3268690679947327,0.5747608466330354,4,early
4538,138,1,0.4926218036594707,0.5140262166848135,4,early
4539,139,1,0.05029468538527001,0.42074459922437785,4,early
4540,140,1,0.4456330634960864,0.40957010737677924,4,early
4541,141,1,0.06530711438033741,0.5457198374765401,4,early
4542,142,1,0.4934398277866698,0.49268008637650385,4,early
4543,143,1,0.12441680587343455,0.48716544610509604,4,early
4544,144,1,0.5456017909432836,0.421156922014275,4,early
4545,145,1,0.13125846609069824,0.6337084004067732,4,early
4546,146,1,0.547001694489256,0.4150616445063383,4,early
4547,147,1,0.898112449129377,0.4547609725371221,4,early
4548,148,1,0.4319776314385759,0.46169682711615356,4,early
4549,149,1,0.956569621313605,0.39610739613453194,4,early
4550,150,1,0.5505576437858886,0.4374480844858962,4,early
4551,151,1,0.9252518171604693,0.2901086851737219,4,early
4552,152,1,0.635138786281229,0.3404265002140382,4,early
4553,153,1,0.08007416474727666,0.41643294123977603,4,early
4554,154,1,0.34738533478003764,0.4608147436060217,4,early
4555,155,1,0.9674553835902648,0.3375451288943614,4,early
4556,156,1,0.4659096386482035,0.6406848502872944,4,early
4557,157,1,0.06933856614342848,0.498357543569525,4,early
4558,158,1,0.5014660842092659,0.4272562338960986,4,early
4559,159,1,0.14575437002695452,0.5466031598724204,4,early
4560,160,1,0.06708075951385135,0.5602581286287411,4,early
4561,161,1,0.13680736538786598,0.5111288981225697,4,early
4562,162,1,0.5270276742952404,0.4297704313160209,4,early
4563,163,1,0.5570498263303046,0.49816943633595556,4,early
4564,164,1,0.5464153590563826,0.3000414359121773,4,early
4565,165,1,0.9802878337713284,0.34525405504059853,4,early
4566,166,1,0.9767642345022594,0.41361050357110785,4,early
4567,167,1,0.37393507305845447,0.5986734032195259,4,early
4568,168,1,0.44710598805956403,0.4440084241716548,4,early
4569,169,1,0.382673677007019,0.7330801773856063,4,early
4570,170,1,0.9783409838944743,0.44935107436306343,4,early
4571,171,1,0.023911541609436135,0.5648262317894887,4,early
4572,172,1,0.5023710888640098,0.48435140693462186,4,early
4573,173,1,0.36983032879878286,0.41858025252933534,4,early
4574,174,1,0.3990258530940618,0.5523815147198856,4,early
4575,175,1,0.05560026463713694,0.5204433898918982,4,early
4576,176,1,0.0842021424080157,0.5686107088795598,4,early
4577,177,1,0.10872760315989743,0.43550778475887514,4,early
4578,178,1,0.1447486832058374,0.48245285366798163,4,early
4579,179,1,0.5008602407496171,0.5024448879137361,4,early
4580,180,1,0.4825496912509626,0.5768543056730585,4,early
4581,181,1,0.4687662779183797,0.4243961609833596,4,early
4582,182,1,0.4986744932000865,0.5223340504959465,4,early
4583,183,1,0.12571987497065623,0.48810372076214303,4,early
4584,184,1,0.9840763975842406,0.326564082272064,4,early
4585,185,1,0.4377407557158853,0.5961106872103048,4,early
4586,186,1,0.04436676220520424,0.4886124490718098,4,early
4587,187,1,0.4941569754011021,0.47209070645887663,4,early
4588,188,1,0.9674633272660469,0.46873944874696044,4,early
4589,189,1,0.5112814117189405,0.38058666627064186,4,early
4590,190,1,0.4384971577734297,0.5329146624305022,4,early
4591,191,1,0.46361359601783036,0.46900964961004815,4,early
4592,192,1,0.5255063965805924,0.3570101291971901,4,early
4593,193,1,0.9410467649074732,0.44060614075833304,4,early
4594,194,1,0.9767904451788025,0.2600151928976673,4,early
4595,195,1,0.07494524169751171,0.451330243117676,4,early
4596,196,1,0.5350343381529407,0.5535572674563018,4,early
4597,197,1,0.5030158122954106,0.49099448439031407,4,early
4598,198,1,0.48811777106073373,0.4703173914339821,4,early
4599,199,1,0.05047319413566405,0.681299240125832,4,early
4600,0,0,0.5005338999819202,0.7037537077137634,4,middle
4601,1,0,0.010352710197083094,0.8042205166840869,4,middle
4602,2,1,0.4385722620584999,1.1668560406800172,4,middle
4603,3,2,0.9070074701597208,0.9152774926652323,4,middle
4604,4,3,0.8743686035118701,0.9259490572365721,4,middle
4605,5,0,0.9432886221054761,0.4950822272448483,4,middle
4606,6,4,0.4790718676693873,1.0402599570620843,4,middle
4607,7,5,0.013798050749770427,0.886332350189353,4,middle
4608,8,0,0.5044813613858719,0.44624038535898014,4,middle
4609,9,3,0.5790224668766191,0.6327062760939044,4,middle
4610,10,6,0.22258820974163723,0.922532221705582,4,middle
4611,11,0,0.017106165776342545,0.7017994311790423,4,middle
4612,12,0,0.39618543771727366,0.6750490113265902,4,middle
4613,13,0,0.9701030218932507,0.5092601021688649,4,middle
4614,14,0,0.5047604259850248,0.7993873859198819,4,middle
4615,15,0,0.015212496526337542,0.6664505662342186,4,middle
4616,16,0,0.5238093898658347,0.5974124510895572,4,middle
4617,17,0,0.1454654289539364,0.7915219293655755,4,middle
4618,18,0,0.4641593581490921,0.5815789815090726,4,middle
4619,19,0,0.03486659136478173,0.7313197042979941,4,middle
4620,20,0,0.550499243295936,0.613645941617363,4,middle
4621,21,0,0.02936313098825595,0.67369260277514,4,middle
4622,22,0,0.44382197280109553,0.5248227610035684,4,middle
4623,23,0,0.10203303673204245,0.6369732350868436,4,middle
4624,24,0,0.4444143761131311,0.5546026630982257,4,middle
4625,25,0,0.10300555366871958,0.5755464537895603,4,middle
4626,26,0,0.651490342806128,0.671693688208384,4,middle
4627,27,0,0.055643708400309716,0.5928561967787137,4,middle
4628,28,0,0.8401447705307676,0.45087015398327507,4,middle
4629,29,0,0.7052102813183406,0.49470818850624054,4,middle
4630,30,0,0.8808027339653426,0.4993353915413272,4,middle
4631,31,0,0.7519803352821168,0.5637741053354564,4,middle
4632,32,0,0.36243704658444936,0.5117192701917368,4,middle
4633,33,0,0.6791294985989054,0.33809014138176696,4,middle
4634,34,0,0.8961963508454007,0.5724816971886946,4,middle
4635,35,0,0.2939184096194812,0.5888279982528732,4,middle
4636,36,0,0.2699454560860116,0.6443167543250501,4,middle
4637,37,0,0.343399110303865,0.5966690144267609,4,middle
4638,38,0,0.17227994122590884,0.7014545247672179,4,middle
4639,39,0,0.07800338200445092,0.7416714700794145,4,middle
4640,40,0,0.9691895872264337,0.42095865873325033,4,middle
4641,41,0,0.9785352261601112,0.6184547231390705,4,middle
4642,42,0,0.9534936779936598,0.44359385858519945,4,middle
4643,43,0,0.21352568023669657,0.5451607840943228,4,middle
4644,44,0,0.04046184943735195,0.7323726397501107,4,middle
4645,45,0,0.9118710448461864,0.43011485297968827,4,middle
4646,46,0,0.06191125986789099,0.5072836857083264,4,middle
4647,47,0,0.10054138979855691,0.6090548113236687,4,middle
4648,48,0,0.8158239729731338,0.3934763658701693,4,middle
4649,49,0,0.9593518750505446,0.5035449766608717,4,middle
4650,50,0,0.024979800113168225,0.7327779455171923,4,middle
4651,51,0,0.9377349871416429,0.39752245099916206,4,middle
4652,52,0,0.07148671941883208,0.5139488617301111,4,middle
4653,53,0,0.9224102662685749,0.28374461443930743,4,middle
4654,54,0,0.9743803084000286,0.5088213603750805,4,middle
4655,55,0,0.9771860992774228,0.4387856091233633,4,middle
4656,56,0,0.1014600503295065,0.726777870739247,4,middle
4657,57,0,0.10697504629885432,0.4992019862989479,4,middle
4658,58,0,0.09824809074293991,0.57938473391702,4,middle
4659,59,0,0.5787137186895583,0.5715705579874173,4,middle
4660,60,0,0.9582756417906305,0.48575538102763605,4,middle
4661,61,0,0.8337652210771902,0.3336127784243361,4,middle
4662,62,0,0.06480893876501209,0.5979528219084438,4,middle
4663,63,0,0.25418921678508655,0.5689800341259598,4,middle
4664,64,0,0.17158878793048774,0.5785822811606633,4,middle
4665,65,0,0.07815121372773941,0.6262075033353764,4,middle
4666,66,0,0.8420077566402921,0.5011098293116868,4,middle
4667,67,0,0.8675299007191898,0.2651724772123863,4,middle
4668,68,0,0.7401465158801874,0.4794816480680278,4,middle
4669,69,0,0.3052067005289675,0.5578017233750939,4,middle
4670,70,0,0.9195715707863419,0.43345769887690744,4,middle
4671,71,0,0.06696409637990597,0.601680072152716,4,middle
4672,72,0,0.0827111570659017,0.6403656083922017,4,middle
4673,73,0,0.058111239510522286,0.6106426795072042,4,middle
4674,74,0,0.21793722239687557,0.5543652758809037,4,middle
4675,75,0,0.06997233515580527,0.4601145636530374,4,middle
4676,76,0,0.16053804039346561,0.5347963286241904,4,middle
4677,77,0,0.9326742845347085,0.38735495714796403,4,middle
4678,78,0,0.09913518155286438,0.642833865737668,4,middle
4679,79,0,0.05715614692546859,0.48796061366256305,4,middle
4680,80,0,0.451634335469704,0.5699858780984158,4,middle
4681,81,0,0.5048391030499548,0.5118758187392578,4,middle
4682,82,0,0.4672616510342527,0.4141434114826784,4,middle
4683,83,0,0.5675339561242029,0.3435540538410933,4,middle
4684,84,0,0.6764986659747525,0.46258809551494645,4,middle
4685,85,0,0.4321966940731929,0.6076628215492024,4,middle
4686,86,0,0.42408067259620685,0.4800880253832762,4,middle
4687,87,0,0.14836072670359038,0.623865581401926,4,middle
4688,88,0,0.4613951316141227,0.45114953073263364,4,middle
4689,89,0,0.48822588873019773,0.4808826008850804,4,middle
4690,90,0,0.48673469494237254,0.33911624044183286,4,middle
4691,91,0,0.49481130699272885,0.4948844021989389,4,middle
4692,92,0,0.6786555834737944,0.5081687636049771,4,middle
4693,93,0,0.5094846739263702,0.5648181781189359,4,middle
4694,94,0,0.471231427147146,0.42456638115238143,4,middle
4695,95,0,0.48467584692794996,0.5437840676634966,4,middle
4696,96,0,0.560833392785741,0.5858754496602424,4,middle
4697,97,0,0.5870250012865028,0.5144268575750872,4,middle
4698,98,0,0.4319480422375102,0.43089921755941907,4,middle
4699,99,0,0.540376872057486,0.43309038140045975,4,middle
4700,100,0,0.695049797179564,0.5025572546025415,4,middle
4701,101,0,0.5557073630696313,0.40596180137507776,4,middle
4702,102,0,0.4348876454118071,0.41509080035812246,4,middle
4703,103,0,0.5915628826485958,0.5741555651897492,4,middle
4704,104,0,0.47170194361062145,0.6100834720198495,4,middle
4705,105,0,0.5619565010531266,0.5017306123533798,4,middle
4706,106,0,0.33935138269859194,0.4367249723851875,4,middle
4707,107,0,0.19720541523676524,0.5550325372539476,4,middle
4708,108,0,0.5883967256107543,0.4796010757938449,4,middle
4709,109,0,0.5213973181974039,0.41198646996237426,4,middle
4710,110,0,0.3306800579851139,0.4275147835744939,4,middle
4711,111,0,0.49341724563797856,0.35509986918952074,4,middle
4712,112,0,0.4625785309630432,0.4917436179847706,4,middle
4713,113,0,0.5358934744354302,0.3814980045283619,4,middle
4714,114,0,0.49245903998894824,0.3834333740582951,4,middle
4715,115,0,0.4697612864124615,0.5550647564062695,4,middle
4716,116,0,0.5803769257384119,0.3766040174108858,4,middle
4717,117,0,0.4838620826754878,0.45854666555953294,4,middle
4718,118,0,0.5917285484046724,0.5091194955438417,4,middle
4719,119,0,0.4003011779343447,0.48831102605883864,4,middle
4720,120,0,0.07295689232196657,0.5497183645720765,4,middle
4721,121,0,0.6588528449688376,0.3448262401671706,4,middle
4722,122,0,0.18325870628836144,0.4501806789870142,4,middle
4723,123,0,0.20746814975773992,0.5020957415907503,4,middle
4724,124,0,0.31258004796884226,0.413863888071172,4,middle
4725,125,0,0.6833702390938019,0.3852361096951141,4,middle
4726,126,0,0.2645526833145453,0.5045945530700497,4,middle
4727,127,0,0.7232204178297958,0.3871136745327332,4,middle
4728,128,0,0.3703541982008017,0.4877855600088166,4,middle
4729,129,0,0.5724109509195456,0.3206353238757983,4,middle
4730,130,0,0.19561358376731394,0.6055446418081409,4,middle
4731,131,0,0.32360701191145863,0.5169822833815768,4,middle
4732,132,0,0.1504817260644808,0.683839116793448,4,middle
4733,133,0,0.5645430907911294,0.5662322727633651,4,middle
4734,134,0,0.29884117530407933,0.6710480674976074,4,middle
4735,135,0,0.6733793543484399,0.5171785320791762,4,middle
4736,136,0,0.3486349454498697,0.5989967147901506,4,middle
4737,137,0,0.40758465730079824,0.3506148572073874,4,middle
4738,138,0,0.7163589086195057,0.3575316450137789,4,middle
4739,139,0,0.1138064237488339,0.585518206159217,4,middle
4740,140,0,0.31427404418925725,0.37362384614485483,4,middle
4741,141,0,0.6862641999836706,0.42232586058712107,4,middle
4742,142,0,0.7582512013760098,0.40828677788696305,4,middle
4743,143,0,0.5810632280612285,0.4489672651898755,4,middle
4744,144,0,0.18691577390457143,0.5331021289283957,4,middle
4745,145,0,0.9081174635251961,0.4852113122645676,4,middle
4746,146,0,0.304271939286438,0.47507785536089353,4,middle
4747,147,0,0.6334360866750738,0.5823433511186147,4,middle
4748,148,0,0.2794930241775101,0.46299213509540416,4,middle
4749,149,0,0.22371903598373566,0.499053867470735,4,middle
4750,150,0,0.7099360458236903,0.49861629680513897,4,middle
4751,151,0,0.6595176412330647,0.4760295444301075,4,middle
4752,152,0,0.8797063560940264,0.4094402508763023,4,middle
4753,153,0,0.2699989872483866,0.5154095355582675,4,middle
4754,154,0,0.8778048327554164,0.4689947240295655,4,middle
4755,155,0,0.1668772110964904,0.5246104382274147,4,middle
4756,156,0,0.28984910433451583,0.5220330985733759,4,middle
4757,157,0,0.47865417988974,0.4210931779856858,4,middle
4758,158,0,0.3359107470754446,0.46315040551793196,4,middle
4759,159,0,0.2810532742716526,0.44298131487734044,4,middle
4760,160,0,0.753172869330772,0.43359507710567535,4,middle
4761,161,0,0.7332788936357151,0.47926733865198307,4,middle
4762,162,0,0.6081836702528903,0.45443545764920756,4,middle
4763,163,0,0.6891172509759044,0.340813400466378,4,middle
4764,164,0,0.672335664067912,0.4037628526223776,4,middle
4765,165,0,0.42003145556619836,0.5485165508872032,4,middle
4766,166,0,0.30343464653987806,0.5363752601855286,4,middle
4767,167,0,0.6459720487009333,0.3773452373207854,4,middle
4768,168,0,0.36959319095509374,0.572822048173608,4,middle
4769,169,0,0.5300264696894473,0.3852329437411388,4,middle
4770,170,0,0.5825604465931178,0.5832246516337466,4,middle
4771,171,0,0.09334170327709776,0.6103955389439022,4,middle
4772,172,0,0.5300088855279496,0.4747946619100445,4,middle
4773,173,0,0.8550942940730268,0.5410492159410901,4,middle
4774,174,0,0.9165280656558863,0.3723620612642532,4,middle
4775,175,0,0.08537239136039872,0.44666796775805606,4,middle
4776,176,0,0.49953592195796304,0.5237145136576353,4,middle
4777,177,0,0.14411815524046095,0.6370424843863143,4,middle
4778,178,0,0.18001214339367766,0.47336034035056374,4,middle
4779,179,0,0.6487277974924265,0.5166620707125096,4,middle
4780,180,0,0.3784937935031967,0.3715257107394012,4,middle
4781,181,0,0.7926842666359433,0.4097391104098433,4,middle
4782,182,0,0.7996673310819765,0.4777399419170134,4,middle
4783,183,0,0.5585239519625818,0.32624089830576186,4,middle
4784,184,0,0.11732266042668874,0.501976588444152,4,middle
4785,185,0,0.976058242103294,0.3509197855936874,4,middle
4786,186,0,0.9443510617402624,0.6210686194742637,4,middle
4787,187,0,0.5076446688697747,0.4482310937438471,4,middle
4788,188,0,0.5524569594930466,0.36897068396716404,4,middle
4789,189,0,0.33418300608965595,0.3682360510521757,4,middle
4790,190,0,0.6798199653951591,0.6262322700348142,4,middle
4791,191,0,0.36359257828485675,0.44457608898029777,4,middle
4792,192,0,0.6090582446993528,0.43977301822894177,4,middle
4793,193,0,0.13158738235922496,0.4308432968502275,4,middle
4794,194,0,0.08376681014893805,0.6458191343790141,4,middle
4795,195,0,0.6823795632163345,0.39298249246827166,4,middle
4796,196,0,0.5597740792184915,0.5517151548359598,4,middle
4797,197,0,0.8160735556305881,0.3268364156471092,4,middle
4798,198,0,0.04643108479154612,0.5414347328374272,4,middle
4799,199,0,0.9174536572362206,0.35376036560872265,4,middle
4800,0,0,0.7120423252132406,0.49675222939381225,4,late
4801,1,0,0.7257661049016404,0.6890628354239421,4,late
4802,2,0,0.6299801924978266,0.54008416486694,4,late
4803,3,1,0.08163507015573149,0.8497972940370395,4,late
4804,4,2,0.00013401059790613503,1.3677921267967572,4,late
4805,5,3,0.6779107430451191,0.7497203512349759,4,late
4806,6,4,0.5031263925159177,0.9303322191353717,4,late
4807,7,0,0.7566149557007006,0.45616667232583086,4,late
4808,8,1,0.21867430497849444,0.6464790145687389,4,late
4809,9,0,0.25754901162741284,0.5876335011418647,4,late
4810,10,0,0.49754424346427595,0.4209598077387118,4,late
4811,11,0,0.6870181944244456,0.5008303183741751,4,late
4812,12,5,0.5607503152847069,1.0625068846904482,4,late
4813,13,1,0.9727403380166026,0.6934223963785061,4,late
4814,14,0,0.35140538355395845,0.44302096431136595,4,late
4815,15,3,0.5320438163688332,0.45959781344150996,4,late
4816,16,0,0.5558432625001983,0.45604916902947124,4,late
4817,17,0,0.3556991893918521,0.5047134186162203,4,late
4818,18,0,0.39234459715724,0.4349032532694508,4,late
4819,19,0,0.3457073972875149,0.49084747260661843,4,late
4820,20,0,0.6971288131103595,0.49262102083308346,4,late
4821,21,0,0.39800146103913314,0.43579393553775714,4,late
4822,22,0,0.5383970664740528,0.4140068743257993,4,late
4823,23,0,0.39227828731894765,0.4938691741172912,4,late
4824,24,0,0.28970392465623007,0.6147513159832881,4,late
4825,25,3,0.46962991166140694,0.6738892117740822,4,late
4826,26,0,0.4175494069856279,0.4319624691702065,4,late
4827,27,0,0.36169127760419145,0.5095990867812982,4,late
4828,28,0,0.7163409989963943,0.48560503707096236,4,late
4829,29,0,0.4924701916240841,0.4157722736288899,4,late
4830,30,0,0.780220430420606,0.29203758759146126,4,late
4831,31,0,0.49803675148097043,0.48375905961726684,4,late
4832,32,0,0.36252321575112617,0.47325448628570815,4,late
4833,33,0,0.5003243391798934,0.41404969010649484,4,late
4834,34,0,0.44963382012221303,0.5195152348057603,4,late
4835,35,0,0.48503008271728065,0.44854976715153,4,late
4836,36,0,0.45046781203767194,0.5508688525634717,4,late
4837,37,0,0.46083883114777024,0.5196632981836375,4,late
4838,38,0,0.22770608086178867,0.36718954619118616,4,late
4839,39,0,0.597529454775366,0.5140744146860357,4,late
4840,40,0,0.3250853531364808,0.39694250583466095,4,late
4841,41,0,0.4844102027496128,0.3844934317489911,4,late
4842,42,0,0.22441411258615016,0.3818312717663307,4,late
4843,43,0,0.42220310246195203,0.5726523601638025,4,late
4844,44,0,0.209211602929861,0.47641232359739777,4,late
4845,45,0,0.48372244209102155,0.5042116797969153,4,late
4846,46,0,0.11730637360593105,0.4276331797767495,4,late
4847,47,0,0.5017273759342662,0.38141184552574603,4,late
4848,48,0,0.8044448575994061,0.6169612129680262,4,late
4849,49,0,0.5161162696014067,0.5658996552412314,4,late
4850,50,0,0.6724111360079756,0.4798257645092645,4,late
4851,51,0,0.4176598237626472,0.624582170872239,4,late
4852,52,6,0.79001141433492,0.7587684510296625,4,late
4853,53,0,0.4791109651838654,0.34248996017231015,4,late
4854,54,0,0.28098764614320293,0.44200409324323836,4,late
4855,55,0,0.5547761316893319,0.4090436580451909,4,late
4856,56,0,0.21903012234108518,0.44599700542837606,4,late
4857,57,0,0.5070456610726806,0.5579202941680099,4,late
4858,58,0,0.5644922963152166,0.3483790085628008,4,late
4859,59,0,0.4446860851846249,0.44741725093642304,4,late
4860,60,0,0.21094161483864954,0.5308015776524231,4,late
4861,61,0,0.6229402018242705,0.49300605468393915,4,late
4862,62,0,0.5776488261046462,0.2970346357895453,4,late
4863,63,0,0.4003379153521798,0.5832684111170189,4,late
4864,64,0,0.3683495473902002,0.3339511878437118,4,late
4865,65,0,0.5003668080099484,0.32277591224511454,4,late
4866,66,0,0.3537239656339459,0.45639192160852426,4,late
4867,67,0,0.48156661620210106,0.41678253423742584,4,late
4868,68,0,0.1751972047217285,0.49476467485107334,4,late
4869,69,0,0.4918256521692785,0.4370414310275048,4,late
4870,70,0,0.42650406726952483,0.3564938873877789,4,late
4871,71,0,0.5795619190449893,0.5583806103616535,4,late
4872,72,0,0.4542777456724,0.4000669908030863,4,late
4873,73,0,0.4846975484292376,0.44253039246893994,4,late
4874,74,0,0.3763738232436252,0.4310053144078062,4,late
4875,75,0,0.47276058554424377,0.41176490491165724,4,late
4876,76,0,0.3521314880828141,0.3431195551070979,4,late
4877,77,0,0.5799089836930214,0.4638681723196775,4,late
4878,78,0,0.671265424914917,0.431561782691945,4,late
4879,79,0,0.3970499958497957,0.4231233573561253,4,late
4880,80,0,0.332560397929318,0.505173242237908,4,late
4881,81,0,0.5588182095985452,0.4466483859428177,4,late
4882,82,0,0.8370661627766667,0.3547519894096593,4,late
4883,83,0,0.7082181700635064,0.38924722794747946,4,late
4884,84,0,0.8042520918297529,0.4502169793276756,4,late
4885,85,0,0.273268030579902,0.582046713061805,4,late
4886,86,0,0.5695444500634791,0.514392631608425,4,late
4887,87,0,0.5049812931863189,0.4921987857293062,4,late
4888,88,0,0.5230721918076437,0.3427491711105165,4,late
4889,89,0,0.2518159581653116,0.4624400529005549,4,late
4890,90,0,0.2572496115388661,0.5744111809983079,4,late
4891,91,0,0.19592306025249573,0.5479403509525325,4,late
4892,92,0,0.6320400809997193,0.37369191790680356,4,late
4893,93,0,0.13970093207640621,0.4473163862278864,4,late
4894,94,0,0.1438623535797482,0.5635825964824646,4,late
4895,95,0,0.6988373182475962,0.4186836015249471,4,late
4896,96,0,0.6232933760148288,0.35970605801978206,4,late
4897,97,0,0.5176303232115408,0.39621996070296595,4,late
4898,98,0,0.5372675273888502,0.4423777673513143,4,late
4899,99,0,0.16194617123060315,0.4307136435942105,4,late
4900,100,0,0.5833930496428729,0.4761499547371403,4,late
4901,101,0,0.15045613646886194,0.462790282376339,4,late
4902,102,0,0.6783510981160308,0.46884621763377876,4,late
4903,103,0,0.6176048038305288,0.5691113951641403,4,late
4904,104,0,0.6566500898830164,0.4405553495196058,4,late
4905,105,0,0.7034944155800705,0.3924713936607752,4,late
4906,106,0,0.7598828359644707,0.40070676336116406,4,late
4907,107,0,0.7656484517220052,0.41513701104778933,4,late
4908,108,0,0.23872760892918515,0.33836215960215255,4,late
4909,109,0,0.2654783645978898,0.4859916792667389,4,late
4910,110,0,0.6948513801551685,0.5277997655261328,4,late
4911,111,0,0.5588439875192195,0.40256879834147963,4,late
4912,112,0,0.6234203095932154,0.33114657680206233,4,late
4913,113,0,0.2536319777890076,0.5822390191616431,4,late
4914,114,0,0.48862910359377487,0.24237944824413807,4,late
4915,115,0,0.41751047401245456,0.35604193896148195,4,late
4916,116,0,0.6107958539927374,0.4068475174249043,4,late
4917,117,0,0.20654489891297234,0.4460740153667297,4,late
4918,118,0,0.7071200293043072,0.4415193834311617,4,late
4919,119,0,0.2880340443111368,0.5475726222604685,4,late
4920,120,0,0.5999062912697668,0.5269937637526172,4,late
4921,121,0,0.5619057754108034,0.2898745470350267,4,late
4922,122,0,0.26542520078312615,0.56689133343203,4,late
4923,123,0,0.6618703139151071,0.37287328792621044,4,late
4924,124,0,0.661678085178893,0.42761691503765276,4,late
4925,125,0,0.338012043170555,0.38494128952301426,4,late
4926,126,0,0.6054234601450158,0.7708582144106132,4,late
4927,127,0,0.3666601642285138,0.39885958086546647,4,late
4928,128,0,0.6073341066143324,0.47870896200185853,4,late
4929,129,0,0.6284843479284082,0.46983211768196387,4,late
4930,130,0,0.41546168205993295,0.4416923134583414,4,late
4931,131,0,0.3114482931442788,0.4769482010330026,4,late
4932,132,0,0.3873415791259144,0.3949310068179033,4,late
4933,133,0,0.5512868830112969,0.459804458386458,4,late
4934,134,0,0.3500688881997491,0.48081509108716375,4,late
4935,135,0,0.6751903205491272,0.47542687532041417,4,late
4936,136,0,0.6520367707058969,0.42866503901831216,4,late
4937,137,0,0.39915060241459666,0.3807553973581938,4,late
4938,138,0,0.6416359535777318,0.37886147505393886,4,late
4939,139,0,0.4237208696447924,0.5116865155252805,4,late
4940,140,0,0.41370772963151403,0.46522110775043957,4,late
4941,141,0,0.5948828467594478,0.36850579174164044,4,late
4942,142,0,0.6474237836254131,0.3996920884851568,4,late
4943,143,0,0.6356218291339875,0.4584620318648017,4,late
4944,144,0,0.4145042093289524,0.4594605995747214,4,late
4945,145,0,0.4455423701353656,0.45913417197228,4,late
4946,146,0,0.49923319825503293,0.3987420066275833,4,late
4947,147,0,0.4081351518447215,0.3860986876253423,4,late
4948,148,0,0.5807732470565137,0.35400142614196706,4,late
4949,149,0,0.4534087746932366,0.41433973098233506,4,late
4950,150,0,0.5926475814244495,0.4800600677672645,4,late
4951,151,0,0.5224322810715369,0.4560196629045089,4,late
4952,152,0,0.5354043342086547,0.4780208126100226,4,late
4953,153,0,0.5364110364611823,0.5760833958666858,4,late
4954,154,0,0.48731701542625805,0.4644632012354438,4,late
4955,155,0,0.5033866545614236,0.4527856036105494,4,late
4956,156,0,0.5237979152557184,0.5039437929869031,4,late
4957,157,0,0.481326564877285,0.44851537391868523,4,late
4958,158,0,0.518109652744259,0.433172474671216,4,late
4959,159,0,0.4464669214057498,0.5644202803148664,4,late
4960,160,0,0.3846693579246565,0.36652592595157296,4,late
4961,161,0,0.6276618808131662,0.26392029052774946,4,late
4962,162,0,0.43544909853870667,0.4145915957889649,4,late
4963,163,0,0.4931478143672188,0.4813453079831024,4,late
4964,164,0,0.4893286593640579,0.4451146440140773,4,late
4965,165,0,0.47583595703427317,0.5351195339361652,4,late
4966,166,0,0.7388081387159253,0.34199084813121017,4,late
4967,167,0,0.47496027742330976,0.44184473569134,4,late
4968,168,0,0.46763708769525963,0.3738359541523968,4,late
4969,169,0,0.5546988262616024,0.5259129027058957,4,late
4970,170,0,0.3894358688401326,0.4780092718371638,4,late
4971,171,0,0.5453512511131019,0.5784459484866576,4,late
4972,172,0,0.30592083231434697,0.3222081118637742,4,late
4973,173,0,0.25551305528932877,0.313555206901012,4,late
4974,174,0,0.4862640503674856,0.3279673285850686,4,late
4975,175,0,0.714257759381933,0.5095983613710378,4,late
4976,176,0,0.5357402874186376,0.3096796516808866,4,late
4977,177,0,0.8389315153460957,0.3296428843030822,4,late
4978,178,0,0.44838539081528167,0.5130669188997554,4,late
4979,179,0,0.3715078103525595,0.3389659032776675,4,late
4980,180,0,0.862941813423405,0.38882999397096785,4,late
4981,181,0,0.11172356954227342,0.5536262759715369,4,late
4982,182,0,0.6117860030340581,0.42540856923821446,4,late
4983,183,0,0.16599131967474784,0.5677743791570663,4,late
4984,184,0,0.45766423539669576,0.44197196680602985,4,late
4985,185,0,0.4201826283390187,0.46060529178488296,4,late
4986,186,0,0.7082465911551128,0.2963863585240015,4,late
4987,187,0,0.4150875299834234,0.33911046040583703,4,late
4988,188,0,0.7050998256278207,0.2620323695662223,4,late
4989,189,0,0.8379830120680278,0.44308512302011804,4,late
4990,190,0,0.5577019237781082,0.4119421432210598,4,late
4991,191,0,0.5645506991092195,0.3908872255035194,4,late
4992,192,0,0.5737717508003244,0.5163350097883403,4,late
4993,193,0,0.38530781911834777,0.4386624389048623,4,late
4994,194,0,0.53342988076087,0.47697693452333983,4,late
4995,195,0,0.6657672080465487,0.3907892776858008,4,late
4996,196,0,0.5400665649299441,0.34518276714406304,4,late
4997,197,0,0.5613827821295678,0.3975364086589379,4,late
4998,198,0,0.7149477258395904,0.41185855702914487,4,late
4999,199,0,0.5391238481915552,0.44124969861350727,4,late
5000,0,0,0.1376005259240066,0.7459128509969633,5,interleaved
5001,1,1,0.4074690206969088,0.8079265795509616,5,interleaved
5002,2,0,0.914964568336996,0.6313149967956571,5,interleaved
5003,3,2,0.4808418614624574,0.8228105981170201,5,interleaved
5004,4,0,0.9434551108400622,0.5675298031258624,5,interleaved
5005,5,0,0.5624715515709773,0.47493513412407706,5,interleaved
5006,6,0,0.03611799305038069,0.5657778457515893,5,interleaved
5007,7,0,0.5355999714723112,0.3876059743353565,5,interleaved
5008,8,0,0.0531925948778491,0.6440280895183339,5,interleaved
5009,9,0,0.5089859321525906,0.6604898940120288,5,interleaved
5010,10,0,0.13325017770666003,0.655708883183828,5,interleaved
5011,11,0,0.39166478199775523,0.7394690285404688,5,interleaved
5012,12,0,0.8119597263572259,0.42321859391527494,5,interleaved
5013,13,0,0.5704304163790592,0.579362091937029,5,interleaved
5014,14,0,0.028960040298785978,0.6816439221236561,5,interleaved
5015,15,0,0.522171198512554,0.6353868039197148,5,interleaved
5016,16,0,0.8844207160202113,0.5198904582737096,5,interleaved
5017,17,0,0.5141489953964249,0.5274734713930617,5,interleaved
5018,18,0,0.04166826491998641,0.5736341923707686,5,interleaved
5019,19,0,0.5211202197596367,0.5051105150312588,5,interleaved
5020,20,0,0.0983972978978732,0.5379062858349684,5,interleaved
5021,21,0,0.48454820655094083,0.5239946013075987,5,interleaved
5022,22,0,0.9244608569333438,0.3368888791488567,5,interleaved
5023,23,0,0.446596908303851,0.6145299539531741,5,interleaved
5024,24,0,0.9436860372168412,0.6103220177150632,5,interleaved
5025,25,0,0.4609745877907278,0.44660135747167606,5,interleaved
5026,26,0,0.1653499692810576,0.6838398770999317,5,interleaved
5027,27,0,0.4340409604918368,0.3426246218510216,5,interleaved
5028,28,0,0.032711052255773525,0.6567988804496194,5,interleaved
5029,29,0,0.45724955355929897,0.43034674410427554,5,interleaved
5030,30,0,0.7477510746223489,0.5172054348669872,5,interleaved
5031,31,0,0.44236902515493576,0.39347848402795715,5,interleaved
5032,32,0,0.05627283861603049,0.567702805445295,5,interleaved
5033,33,0,0.3787693348422258,0.608272205098134,5,interleaved
5034,34,0,0.16487735125866831,0.4949844126677783,5,interleaved
5035,35,0,0.41187268542543104,0.3944692111292508,5,interleaved
5036,36,0,0.8922268464162042,0.40395228248880577,5,interleaved
5037,37,0,0.5316274320562719,0.5120887213173384,5,interleaved
5038,38,0,0.9227267648021702,0.41281770707988696,5,interleaved
5039,39,0,0.4288368486070573,0.42090820622258357,5,interleaved
5040,40,0,0.7169478724477765,0.4329393004325284,5,interleaved
5041,41,0,0.4271406553828258,0.47585428705876887,5,interleaved
5042,42,0,0.13547871408104856,0.5624172859594806,5,interleaved
5043,43,0,0.5898549250767012,0.44976927547935175,5,interleaved
5044,44,0,0.8763468105375756,0.3830828355168426,5,interleaved
5045,45,0,0.5267835415393498,0.5244656228115643,5,interleaved
5046,46,0,0.8686470135207127,0.48256359663727444,5,interleaved
5047,47,0,0.5454785682526938,0.45707777775190644,5,interleaved
5048,48,0,0.030997893051765358,0.6574444380996785,5,interleaved
5049,49,0,0.45687603037679814,0.44889600625231574,5,interleaved
5050,50,0,0.777018753601427,0.39984027843795156,5,interleaved
5051,51,0,0.6244286040014076,0.4870422972775856,5,interleaved
5052,52,0,0.7728212230111733,0.3941498503661627,5,interleaved
5053,53,0,0.5567217849462068,0.5016844100201957,5,interleaved
5054,54,0,0.7051239935333207,0.37409975239654736,5,interleaved
5055,55,0,0.4325062847776177,0.46751215527177825,5,interleaved
5056,56,0,0.7781679627857371,0.4363359026225675,5,interleaved
5057,57,0,0.45627426146422273,0.540002417591476,5,interleaved
5058,58,0,0.8307016822797743,0.3734264486760125,5,interleaved
5059,59,0,0.5356720292657244,0.49771005430165405,5,interleaved
5060,60,0,0.11441835063253053,0.4905011294791961,5,interleaved
5061,61,0,0.5812836099441234,0.5013588398406696,5,interleaved
5062,62,0,0.11219152075149563,0.6684772396839911,5,interleaved
5063,63,0,0.5440428564959837,0.44617533152166255,5,interleaved
5064,64,0,0.8700725011829874,0.3825454626038384,5,interleaved
5065,65,0,0.5298009451311906,0.4438758809896883,5,interleaved
5066,66,0,0.6019951005508032,0.5878880474478878,5,interleaved
5067,67,0,0.6124791727222224,0.3918735545713704,5,interleaved
5068,68,0,0.8341493385779828,0.36425717130407215,5,interleaved
5069,69,0,0.6915223945609053,0.4033313022222785,5,interleaved
5070,70,0,0.8553929890811921,0.4390009265646284,5,interleaved
5071,71,0,0.5202172771394621,0.4429098418312126,5,interleaved
5072,72,0,0.6357842347229272,0.39920637621401645,5,interleaved
5073,73,0,0.5775624965818668,0.5075725389904846,5,interleaved
5074,74,0,0.8562054168570659,0.37204844965475337,5,interleaved
5075,75,0,0.52441728391565,0.44541809487543677,5,interleaved
5076,76,0,0.10981859671725278,0.5659867796143729,5,interleaved
5077,77,0,0.42208675157902464,0.5320230162111856,5,interleaved
5078,78,0,0.07603642341314944,0.41396955462413954,5,interleaved
5079,79,0,0.4111046960073836,0.4723174421219751,5,interleaved
5080,80,0,0.09959498234575236,0.4804780430398802,5,interleaved
5081,81,0,0.5404453343131158,0.4440922537147648,5,interleaved
5082,82,0,0.9112237107472537,0.4558873288317109,5,interleaved
5083,83,0,0.5932479448018277,0.36537916658799047,5,interleaved
5084,84,0,0.07536685073017697,0.4333188039975095,5,interleaved
5085,85,0,0.5929066063189554,0.3515321451958145,5,interleaved
5086,86,0,0.8986824568257714,0.4062695368227508,5,interleaved
5087,87,0,0.5403855422604685,0.499642131594107,5,interleaved
5088,88,0,0.9362936820805823,0.4128816798606348,5,interleaved
5089,89,0,0.6249793090858355,0.5445439679775794,5,interleaved
5090,90,0,0.2975190090191338,0.5568181446135541,5,interleaved
5091,91,0,0.6091411058367986,0.49082743655765215,5,interleaved
5092,92,0,0.2127247393356984,0.5279894836999153,5,interleaved
5093,93,0,0.4871476424950086,0.3665655569102322,5,interleaved
5094,94,0,0.13238484599564013,0.5271086578022333,5,interleaved
5095,95,0,0.44011566755514103,0.425668429059999,5,interleaved
5096,96,0,0.8288488642532827,0.37388075858815994,5,interleaved
5097,97,0,0.5636168029439448,0.3269397819726444,5,interleaved
5098,98,0,0.079053339215167,0.45291880468630186,5,interleaved
5099,99,0,0.6068906933338133,0.439697249504886,5,interleaved
5100,100,0,0.9160063422217242,0.34681573619006323,5,interleaved
5101,101,0,0.37169732931642335,0.46458867175122,5,interleaved
5102,102,0,0.8281301822349485,0.3908596343529476,5,interleaved
5103,103,0,0.5990364803539656,0.4279980095909473,5,interleaved
5104,104,0,0.61981974030689,0.5514657017826348,5,interleaved
5105,105,0,0.5794421821080535,0.41823934694422693,5,interleaved
5106,106,0,0.09912496111817481,0.5742274117196682,5,interleaved
5107,107,0,0.5724164000246355,0.4057057069573691,5,interleaved
5108,108,0,0.8353094354186623,0.39427152624490047,5,interleaved
5109,109,0,0.4280759203071236,0.5172683390112391,5,interleaved
5110,110,0,0.12220627107666596,0.47899095110832773,5,interleaved
5111,111,0,0.3611038702781513,0.5132685358557736,5,interleaved
5112,112,0,0.8181442999505564,0.29546710351654504,5,interleaved
5113,113,0,0.42533460734159245,0.38362001265806456,5,interleaved
5114,114,0,0.7551787984836603,0.5322816772428625,5,interleaved
5115,115,0,0.5963738338732938,0.36704429415573414,5,interleaved
5116,116,0,0.748217297425856,0.4300866547565068,5,interleaved
5117,117,0,0.6157404675525626,0.4811309482177263,5,interleaved
5118,118,0,0.1355262803763593,0.44010511584128253,5,interleaved
5119,119,0,0.6452034174311594,0.34996101872756724,5,interleaved
5120,120,0,0.8271389063164758,0.3625208170723295,5,interleaved
5121,121,0,0.3978474378914402,0.42562794816565197,5,interleaved
5122,122,0,0.35141686563447927,0.46113929594721403,5,interleaved
5123,123,0,0.6352916371397275,0.369097999372948,5,interleaved
5124,124,0,0.8043761749365144,0.39935595345216135,5,interleaved
5125,125,0,0.5940211687179145,0.314166244247956,5,interleaved
5126,126,0,0.8713339059224361,0.4868050383876334,5,interleaved
5127,127,0,0.2146482429680002,0.5015299400869754,5,interleaved
5128,128,0,0.3696500254975036,0.4960740862297828,5,interleaved
5129,129,0,0.727340340708691,0.46025995845910234,5,interleaved
5130,130,0,0.6561111966205491,0.4249491540163037,5,interleaved
5131,131,0,0.34170464133236705,0.4311769907593701,5,interleaved
5132,132,0,0.3393217346612399,0.43011439945685515,5,interleaved
5133,133,0,0.3293224568943739,0.40384214824093045,5,interleaved
5134,134,0,0.7594546670350313,0.44711007394315366,5,interleaved
5135,135,0,0.43048261437904956,0.45894604972642317,5,interleaved
5136,136,0,0.7624080374913188,0.38527047580949436,5,interleaved
5137,137,0,0.40945693570277947,0.5284084813832515,5,interleaved
5138,138,0,0.8070872877663253,0.35227954639853243,5,interleaved
5139,139,0,0.23762479963276528,0.551153362971036,5,interleaved
5140,140,0,0.9144885664828502,0.5545107122192474,5,interleaved
5141,141,0,0.5635637637374186,0.3851067892800921,5,interleaved
5142,142,0,0.12025669665456724,0.4367273429358744,5,interleaved
5143,143,0,0.5282585655949275,0.4875774525171191,5,interleaved
5144,144,0,0.10925295308987959,0.4595808638687462,5,interleaved
5145,145,0,0.6792509810839344,0.38520853751526674,5,interleaved
5146,146,0,0.8579923197826231,0.374645288353007,5,interleaved
5147,147,0,0.3188364029741804,0.5221481099429631,5,interleaved
5148,148,0,0.2584763147568971,0.4590035120781185,5,interleaved
5149,149,0,0.34356678450826383,0.45195565725028775,5,interleaved
5150,150,0,0.2627781571242552,0.4096995328510455,5,interleaved
5151,151,0,0.32461006347794463,0.42099221400678005,5,interleaved
5152,152,0,0.21486794041313248,0.45387492574598964,5,interleaved
5153,153,0,0.3628160357359975,0.35801236556819516,5,interleaved
5154,154,0,0.6986995877912731,0.41522803481219683,5,interleaved
5155,155,0,0.34932537201680053,0.6121678123796136,5,interleaved
5156,156,0,0.7565541478557801,0.4074714161916604,5,interleaved
5157,157,0,0.5988123871122684,0.4807760049766252,5,interleaved
5158,158,0,0.1774171263857989,0.5354599686084538,5,interleaved
5159,159,0,0.6261848220559145,0.5054092948883531,5,interleaved
5160,160,0,0.24340636323262532,0.5539130434336383,5,interleaved
5161,161,0,0.17621231436974968,0.4440424524738713,5,interleaved
5162,162,0,0.20189927612867262,0.42840237439631307,5,interleaved
5163,163,0,0.349278278652495,0.4256179589314836,5,interleaved
5164,164,0,0.4557641395548654,0.4256113980710105,5,interleaved
5165,165,0,0.6056961590156318,0.4634878829946316,5,interleaved
5166,166,0,0.3472137729327326,0.5284021483249897,5,interleaved
5167,167,0,0.9163115953792027,0.4248545773089861,5,interleaved
5168,168,0,0.5108820627435141,0.39242496001076255,5,interleaved
5169,169,0,0.21426242245297425,0.5031647349403949,5,interleaved
5170,170,0,0.07711562256100025,0.4005539563029298,5,interleaved
5171,171,0,0.5677934496219754,0.4038387653779,5,interleaved
5172,172,0,0.6242759747786712,0.4347962822245661,5,interleaved
5173,173,0,0.5568099094360228,0.45432914550842396,5,interleaved
5174,174,0,0.4716988889008283,0.46790146315188097,5,interleaved
5175,175,0,0.9400377151729508,0.3685499474171421,5,interleaved
5176,176,0,0.1504986411605066,0.46183687294157144,5,interleaved
5177,177,0,0.42920263434147543,0.31399573608658093,5,interleaved
5178,178,0,0.4203969680991432,0.37993084979106645,5,interleaved
5179,179,0,0.647583179121962,0.37900728518953164,5,interleaved
5180,180,0,0.052944860640425764,0.4788437343249201,5,interleaved
5181,181,0,0.06523431968876339,0.4647948693305257,5,interleaved
5182,182,0,0.5194689183841604,0.300590767497126,5,interleaved
5183,183,0,0.548514872112479,0.4175361054071824,5,interleaved
5184,184,0,0.07125291776072239,0.42592293185793395,5,interleaved
5185,185,0,0.19011344237001876,0.4871793745395967,5,interleaved
5186,186,0,0.5403364426295112,0.38325362407639785,5,interleaved
5187,187,0,0.6067035633261522,0.3937660874673773,5,interleaved
5188,188,0,0.9022770664637845,0.27772369437831707,5,interleaved
5189,189,0,0.16309654852316016,0.5433738657406446,5,interleaved
5190,190,0,0.5081225687349213,0.4102407221798229,5,interleaved
5191,191,0,0.1511390765025199,0.49644038328481066,5,interleaved
5192,192,0,0.5931102087134021,0.499254369250242,5,interleaved
5193,193,0,0.1701224419536356,0.5153292827207192,5,interleaved
5194,194,0,0.12712966697197284,0.43992660568128084,5,interleaved
5195,195,0,0.8531431604560329,0.42837269850151516,5,interleaved
5196,196,0,0.8505918911695787,0.5006953351690863,5,interleaved
5197,197,0,0.5632832156042512,0.45227156815326247,5,interleaved
5198,198,0,0.10690189010280716,0.44306543017078315,5,interleaved
5199,199,0,0.5963429466997457,0.43509489452558525,5,interleaved
5200,0,0,0.5671376858595212,0.6505978592074286,5,blocked
5201,1,0,0.47358474561360697,0.7115822772117206,5,blocked
5202,2,0,0.5402611685063174,0.678218226995599,5,blocked
5203,3,0,0.5635365190071355,0.6484500548221199,5,blocked
5204,4,0,0.4531265188352981,0.6272370950444519,5,blocked
5205,5,0,0.52557898528993,0.7320571555387407,5,blocked
5206,6,0,0.7440171630660267,0.6109315810743192,5,blocked
5207,7,0,0.49045948307189985,0.5089692852666623,5,blocked
5208,8,0,0.5553601972986413,0.5798844923577645,5,blocked
5209,9,0,0.5413200948056685,0.5522858006915984,5,blocked
5210,10,0,0.46208479956955406,0.578353883253786,5,blocked
5211,11,0,0.3964118977781925,0.5703843723621644,5,blocked
5212,12,0,0.5292786717660085,0.6687928276548754,5,blocked
5213,13,0,0.42827706096490514,0.47710366863400233,5,blocked
5214,14,0,0.6639359906493408,0.5476411323754108,5,blocked
5215,15,0,0.5302646223272799,0.5267903616853693,5,blocked
5216,16,0,0.5912860287892523,0.5072428052144676,5,blocked
5217,17,0,0.6426907370995603,0.4232643777159672,5,blocked
5218,18,0,0.6496817329516006,0.5806356555198857,5,blocked
5219,19,0,0.42021339815571535,0.42424257431036255,5,blocked
5220,20,0,0.7450466848541483,0.47853025147545236,5,blocked
5221,21,0,0.7134611573112064,0.6382072234404774,5,blocked
5222,22,0,0.6097955096047705,0.671565329474684,5,blocked
5223,23,0,0.2309581356609798,0.5225629977802619,5,blocked
5224,24,0,0.22839675312707405,0.5617602629524723,5,blocked
5225,25,0,0.4650464024226756,0.38177219170875465,5,blocked
5226,26,0,0.41369354090459654,0.4658791139700521,5,blocked
5227,27,0,0.6720629153166873,0.47809006892788275,5,blocked
5228,28,0,0.4666899733149694,0.5182542177651774,5,blocked
5229,29,0,0.4832983255211593,0.5645141665646788,5,blocked
5230,30,0,0.45850183243219966,0.5140492104261853,5,blocked
5231,31,0,0.5774129411245517,0.3826266539767137,5,blocked
5232,32,0,0.4937457879318502,0.48149210937631337,5,blocked
5233,33,0,0.5018944828108671,0.4596515660862436,5,blocked
5234,34,0,0.5767408935899263,0.4896051622646405,5,blocked
5235,35,0,0.4798551176430744,0.5021949058265132,5,blocked
5236,36,0,0.479725283863207,0.3675309516802384,5,blocked
5237,37,0,0.5279158461211608,0.38098204376706085,5,blocked
5238,38,0,0.4542734215644801,0.5465335854912641,5,blocked
5239,39,0,0.6294252822218093,0.5274944558885781,5,blocked
5240,40,0,0.17013773600436527,0.555203894521042,5,blocked
5241,41,0,0.4929189909318256,0.6853867103051277,5,blocked
5242,42,0,0.5160358167663995,0.6312444220285904,5,blocked
5243,43,0,0.32847325416317674,0.43488290771236937,5,blocked
5244,44,0,0.703670390523174,0.39236314927598526,5,blocked
5245,45,0,0.3262936513289496,0.466030411695316,5,blocked
5246,46,0,0.39235568925875136,0.5403429373296209,5,blocked
5247,47,0,0.7400220939719975,0.5789033375745958,5,blocked
5248,48,0,0.4565467238061197,0.6152056567226685,5,blocked
5249,49,0,0.5411783388862119,0.672607697102493,5,blocked
5250,50,0,0.49471880968571935,0.4789413031048157,5,blocked
5251,51,0,0.5769559904682683,0.4890263399143749,5,blocked
5252,52,0,0.22566750937982716,0.6391066808516652,5,blocked
5253,53,0,0.4371582401866242,0.5476880740100418,5,blocked
5254,54,0,0.4200777697578363,0.6958430409955315,5,blocked
5255,55,0,0.5802889408365475,0.49320340735266227,5,blocked
5256,56,0,0.42642473114516216,0.5265422785967562,5,blocked
5257,57,0,0.3740865351018664,0.5624551785053818,5,blocked
5258,58,0,0.7150454104314613,0.47768563321238167,5,blocked
5259,59,0,0.7674243673376611,0.504097096488949,5,blocked
5260,60,0,0.8105152708879841,0.37778837676183874,5,blocked
5261,61,0,0.5417557328184867,0.40598954082677907,5,blocked
5262,62,0,0.3978227042126938,0.6308832294812344,5,blocked
5263,63,0,0.5194352784904226,0.4664455808901167,5,blocked
5264,64,0,0.48912299358785954,0.5643925096180765,5,blocked
5265,65,0,0.5424222712872484,0.6341787123131232,5,blocked
5266,66,0,0.6328978835326005,0.5996693301830691,5,blocked
5267,67,0,0.4938162864500275,0.3905153248232509,5,blocked
5268,68,0,0.5783241002772557,0.4368006619437378,5,blocked
5269,69,0,0.5033373555172723,0.5395491872686624,5,blocked
5270,70,0,0.4773090879120933,0.476194205505868,5,blocked
5271,71,0,0.4428221894271579,0.38423635010927215,5,blocked
5272,72,0,0.43094709850047874,0.5709413901093007,5,blocked
5273,73,0,0.6449806858812828,0.5643162105015784,5,blocked
5274,74,0,0.582018878232885,0.5230591644615573,5,blocked
5275,75,0,0.44507401548001224,0.4617888348097753,5,blocked
5276,76,0,0.40407653003051525,0.6332954857039592,5,blocked
5277,77,0,0.6393798810083634,0.32535048502478225,5,blocked
5278,78,0,0.6422765102295193,0.4344985543171024,5,blocked
5279,79,0,0.4888811608889978,0.5428279827968503,5,blocked
5280,80,0,0.2334526182883141,0.6032646552719545,5,blocked
5281,81,0,0.6688034620826269,0.3740416965516294,5,blocked
5282,82,0,0.6124047853634751,0.4997052275585886,5,blocked
5283,83,0,0.6634493828827338,0.4853526483879762,5,blocked
5284,84,0,0.7127757902981631,0.520356873335909,5,blocked
5285,85,0,0.26005735911207445,0.5960447519965075,5,blocked
5286,86,0,0.7270955911381543,0.5058190432430051,5,blocked
5287,87,0,0.6450129357599446,0.4289145448872319,5,blocked
5288,88,0,0.3511885021872446,0.5832837302722127,5,blocked
5289,89,0,0.64231282951833,0.5146626701725535,5,blocked
5290,90,0,0.5975811436639383,0.6603817816662358,5,blocked
5291,91,0,0.2734783494814531,0.37715871665039513,5,blocked
5292,92,0,0.7519928305789776,0.43744777473818974,5,blocked
5293,93,0,0.3248709776584393,0.38098277338695863,5,blocked
5294,94,0,0.22857873169893866,0.5718488209879584,5,blocked
5295,95,0,0.31860886703233454,0.5106230971229073,5,blocked
5296,96,0,0.35760734538023076,0.4257506988078371,5,blocked
5297,97,0,0.4059126290416861,0.5594744247837686,5,blocked
5298,98,0,0.4892884303166623,0.6455181059146851,5,blocked
5299,99,0,0.6104931355147818,0.5588449029333671,5,blocked
5300,100,0,0.5727525729398377,0.4068221405520815,5,blocked
5301,101,0,0.5278102901558419,0.4962612812079833,5,blocked
5302,102,0,0.5652418968917345,0.6167257843806575,5,blocked
5303,103,0,0.39043491849659373,0.3917581824929832,5,blocked
5304,104,0,0.43153468538890083,0.5716844130425492,5,blocked
5305,105,0,0.5056093977030819,0.3976515050290732,5,blocked
5306,106,0,0.6842956480396345,0.548925853133347,5,blocked
5307,107,0,0.4398538652250542,0.5300382451394362,5,blocked
5308,108,0,0.5086959001896663,0.50351464289454,5,blocked
5309,109,0,0.5034904498899127,0.5178841188568504,5,blocked
5310,110,0,0.6560464233484323,0.540044183544458,5,blocked
5311,111,0,0.5727633940672194,0.4198480046034842,5,blocked
5312,112,0,0.6012298910256003,0.4303840955994709,5,blocked
5313,113,0,0.3606339339230361,0.4270976905515202,5,blocked
5314,114,0,0.7169000088660307,0.4783774976647366,5,blocked
5315,115,0,0.43087584557087244,0.4180629857477587,5,blocked
5316,116,0,0.37877851351218317,0.4915287282549836,5,blocked
5317,117,0,0.6432563770791748,0.49720556897189605,5,blocked
5318,118,0,0.635821634931611,0.561669369304628,5,blocked
5319,119,0,0.6452136957017176,0.5869652294483325,5,blocked
5320,120,0,0.3314470300680831,0.3989020650114335,5,blocked
5321,121,0,0.5357434626855399,0.4112490092994586,5,blocked
5322,122,0,0.5698802692039422,0.5438360004291696,5,blocked
5323,123,0,0.4661046732519962,0.4968234810303182,5,blocked
5324,124,0,0.7276533059402795,0.5327934618943984,5,blocked
5325,125,0,0.6700428481546787,0.4183818291675393,5,blocked
5326,126,0,0.69079163847785,0.48150690801074647,5,blocked
5327,127,0,0.6154019141625129,0.364965948073623,5,blocked
5328,128,0,0.4307151886006825,0.4666869104536132,5,blocked
5329,129,0,0.2541416459386895,0.4740916607000511,5,blocked
5330,130,0,0.26501092193463416,0.5600140539254862,5,blocked
5331,131,0,0.40456457642715127,0.5418680508885093,5,blocked
5332,132,0,0.48374196735681657,0.5564639165391749,5,blocked
5333,133,0,0.5382466086747021,0.4127675456378751,5,blocked
5334,134,0,0.3804655156023433,0.6538835901171471,5,blocked
5335,135,0,0.43469608207650356,0.422700142259674,5,blocked
5336,136,0,0.35964257178256864,0.610351689847517,5,blocked
5337,137,0,0.5213363612813385,0.42458630122006646,5,blocked
5338,138,0,0.4386653331852154,0.5215960872912204,5,blocked
5339,139,0,0.3371477408646102,0.46738571784323757,5,blocked
5340,140,0,0.38904907925243004,0.4181998273419297,5,blocked
5341,141,0,0.5640984234278807,0.5109140954481752,5,blocked
5342,142,0,0.3119161769719659,0.5518880993942964,5,blocked
5343,143,0,0.36461605181447587,0.5580640864699449,5,blocked
5344,144,0,0.6421037075826663,0.40443885720428524,5,blocked
5345,145,0,0.566069151549389,0.41182667326377154,5,blocked
5346,146,0,0.4682429530673523,0.5210290327800858,5,blocked
5347,147,0,0.3474001308977794,0.4119554832321427,5,blocked
5348,148,0,0.4795157585073185,0.47942659692140843,5,blocked
5349,149,0,0.3823588388677851,0.4553100873534624,5,blocked
5350,150,0,0.37902041204155823,0.4309153824859964,5,blocked
5351,151,0,0.6028236135161231,0.3229428037696316,5,blocked
5352,152,0,0.5858253336321346,0.37710989900544095,5,blocked
5353,153,0,0.6228013605144147,0.43118183864944626,5,blocked
5354,154,0,0.5527894940835496,0.3988344864751411,5,blocked
5355,155,0,0.5134853035491951,0.4693335709612805,5,blocked
5356,156,0,0.41302275273221695,0.4891816911459409,5,blocked
5357,157,0,0.5465609458076808,0.5656587495956222,5,blocked
5358,158,0,0.5368035964890672,0.4342963742087258,5,blocked
5359,159,0,0.5689124032386454,0.45524331518602584,5,blocked
5360,160,0,0.5767665464603366,0.4297189464992575,5,blocked
5361,161,0,0.6562823468837239,0.4552858431386942,5,blocked
5362,162,0,0.28797618960549853,0.5340221785901325,5,blocked
5363,163,0,0.46161135833358813,0.3469666992086479,5,blocked
5364,164,0,0.5244017589534289,0.42470327233472455,5,blocked
5365,165,0,0.5413877436106818,0.6025954502727056,5,blocked
5366,166,0,0.45222414309610093,0.47579100707613303,5,blocked
5367,167,0,0.4774288551613669,0.44738634427392754,5,blocked
5368,168,0,0.4988069983934301,0.4596243244435631,5,blocked
5369,169,0,0.488073912372861,0.42096527877481205,5,blocked
5370,170,0,0.684702321096641,0.3687572059570233,5,blocked
5371,171,0,0.537844675615633,0.3636570470988999,5,blocked
5372,172,0,0.4802334267624609,0.4729760048387628,5,blocked
5373,173,0,0.40401447783842903,0.5190258009458273,5,blocked
5374,174,0,0.5062954294953007,0.44580159741199377,5,blocked
5375,175,0,0.4886851790279819,0.5410444303256342,5,blocked
5376,176,0,0.46128335868265424,0.35401066057095754,5,blocked
5377,177,0,0.5351049382711777,0.5436396094364624,5,blocked
5378,178,0,0.3910228391493402,0.4126195850640483,5,blocked
5379,179,0,0.5891638216135298,0.4306274771464773,5,blocked
5380,180,0,0.5278866747664169,0.41071781487665876,5,blocked
5381,181,0,0.5632172773061804,0.4828426471512518,5,blocked
5382,182,0,0.6343799646754691,0.5805896605174827,5,blocked
5383,183,0,0.6351414825556639,0.3461631797770578,5,blocked
5384,184,0,0.5085573210464527,0.48480757288645515,5,blocked
5385,185,0,0.3277843126616281,0.5427023379733794,5,blocked
5386,186,0,0.66444288293198,0.45260664306346043,5,blocked
5387,187,0,0.5706129131700333,0.48095016167460647,5,blocked
5388,188,0,0.276225358365452,0.40070607626360594,5,blocked
5389,189,0,0.5453237124464958,0.402387110208133,5,blocked
5390,190,0,0.6156577065045223,0.39582921071034366,5,blocked
5391,191,0,0.4465108277726244,0.46065995433510637,5,blocked
5392,192,0,0.4774200816276274,0.5064067396126535,5,blocked
5393,193,0,0.22538037925497334,0.5598997722391506,5,blocked
5394,194,0,0.5179366569545085,0.4335330681905878,5,blocked
5395,195,0,0.501625919110049,0.31249628986307765,5,blocked
5396,196,0,0.5366209860443116,0.37735913569359436,5,blocked
5397,197,0,0.6017381306478924,0.4198553231679437,5,blocked
5398,198,0,0.4202924797201489,0.3718623440713449,5,blocked
5399,199,0,0.3938499832943263,0.44051990312948613,5,blocked
5400,0,0,0.4910080321576569,0.719388079065852,5,early
5401,1,0,0.4558484147945754,0.6863380571227231,5,early
5402,2,1,0.506353212553889,0.834910433160033,5,early
5403,3,2,0.5000140829582188,1.2242919346931473,5,early
5404,4,0,0.47601864335867955,0.4880734761374855,5,early
5405,5,3,0.9546921922087447,0.5001148289876358,5,early
5406,6,4,0.4945233381853641,0.7922315679700942,5,early
5407,7,5,0.47022876812746667,0.9057807117149189,5,early
5408,8,6,0.5013393817148115,0.9026634695591368,5,early
5409,9,7,0.5213062286094182,0.6406107380446214,5,early
5410,10,8,0.4978605766210275,0.6895001817141775,5,early
5411,11,0,0.4806834227576799,0.5748062570455056,5,early
5412,12,9,0.0032594708800646028,1.0026841962027786,5,early
5413,13,10,0.062408380460844286,0.7114724805024992,5,early
5414,14,3,0.49886532301311654,0.6519933025279594,5,early
5415,15,3,0.5007629241810394,0.6384127366435534,5,early
5416,16,11,0.6522238591224555,0.8234348280118835,5,early
5417,17,3,0.5013769819846524,0.6549627982509372,5,early
5418,18,3,0.5003005390465638,0.6108742409727735,5,early
5419,19,3,0.49933211084332557,0.6050811494325985,5,early
5420,20,3,0.4989930534366579,0.5319122730614323,5,early
5421,21,3,0.497654039791743,0.6782098912655817,5,early
5422,22,3,0.5059362416880329,0.6572714794277396,5,early
5423,23,3,0.5215519628797844,0.5547140258575081,5,early
5424,24,12,0.01611115035829054,0.7805115408023204,5,early
5425,25,3,0.008488734977390056,1.0277847451510431,5,early
5426,26,3,0.4941715877129813,0.5729485364660533,5,early
5427,27,3,0.5141224824732491,0.5171732193998628,5,early
5428,28,3,0.49988017658770945,0.653865744290673,5,early
5429,29,3,0.48027318880575404,0.6175008921903892,5,early
5430,30,1,0.4763331396812249,0.611038807133989,5,early
5431,31,3,0.5377896705527201,0.5601002387781786,5,early
5432,32,3,0.4729094409713006,0.5999142137658511,5,early
5433,33,3,0.4618723351678087,0.47249254220541825,5,early
5434,34,3,0.5750080582794961,0.5130253201871721,5,early
5435,35,3,0.5885550519482006,0.5200902099079345,5,early
5436,36,3,0.6571558836573537,0.5659673889977941,5,early
5437,37,3,0.4601279527899347,0.6287294380333317,5,early
5438,38,3,0.4386215893543943,0.5046607728270494,5,early
5439,39,3,0.6883941798949905,0.45843267150657435,5,early
5440,40,3,0.7071517300569634,0.38371895090922836,5,early
5441,41,3,0.45304377229539644,0.48235617554614063,5,early
5442,42,3,0.8836902080328546,0.38420613350192906,5,early
5443,43,3,0.5082464829321117,0.6148330640970333,5,early
5444,44,3,0.34302187359996217,0.67264358002414,5,early
5445,45,3,0.5802883645641653,0.4767382026106053,5,early
5446,46,3,0.4108169281927191,0.4469446279247446,5,early
5447,47,3,0.19612028543921298,0.5452691606545184,5,early
5448,48,0,0.5326740080671108,0.5060573605030436,5,early
5449,49,3,0.6006557378991272,0.4149654930572282,5,early
5450,50,3,0.42695032002805133,0.4830909853974985,5,early
5451,51,3,0.5549456377537431,0.36105344404075124,5,early
5452,52,3,0.39125740228564215,0.5230632510488014,5,early
5453,53,3,0.35784809507254234,0.6523955713885077,5,early
5454,54,3,0.44180595645443343,0.3960436784365998,5,early
5455,55,3,0.7196419655334273,0.4285366830152847,5,early
5456,56,3,0.30254181089530574,0.5028351578530044,5,early
5457,57,3,0.4371323596452368,0.5911183619240552,5,early
5458,58,3,0.3418132165381921,0.5269853226070392,5,early
5459,59,3,0.6053921693150768,0.42797924541800486,5,early
5460,60,3,0.5248351934749204,0.4729639362418259,5,early
5461,61,3,0.3218366112593922,0.3914079470056558,5,early
5462,62,0,0.5202656842615715,0.5572028304578723,5,early
5463,63,3,0.6766594666306314,0.35281082262544816,5,early
5464,64,3,0.1389726122836978,0.6635405733915741,5,early
5465,65,3,0.1216263300729346,0.5392585177608238,5,early
5466,66,3,0.7752304901485849,0.5634838184185011,5,early
5467,67,3,0.3335048816658098,0.42201243059437393,5,early
5468,68,3,0.3695079564598633,0.5136387503649749,5,early
5469,69,3,0.3421194924514033,0.5489411504436914,5,early
5470,70,3,0.525029952737093,0.4844240508866823,5,early
5471,71,3,0.8313204796426796,0.41551909677424437,5,early
5472,72,3,0.43266941346300014,0.4330752354513896,5,early
5473,73,3,0.42895164779747247,0.5218544985146432,5,early
5474,74,3,0.5818693263536008,0.5625046242441338,5,early
5475,75,3,0.562197518227389,0.37613552594939026,5,early
5476,76,3,0.5124091180672563,0.48184776500274873,5,early
5477,77,3,0.5127348882292182,0.5085684868496346,5,early
5478,78,3,0.3756123403313167,0.5740247543202438,5,early
5479,79,0,0.5089785769239246,0.6771391952250438,5,early
5480,80,3,0.8270411062575349,0.5894836537724648,5,early
5481,81,3,0.54498326510239,0.40479084738469573,5,early
5482,82,3,0.08930067415829261,0.40144437561907353,5,early
5483,83,3,0.6434391465932006,0.44210932605867637,5,early
5484,84,3,0.4015672180355239,0.6176941942691394,5,early
5485,85,3,0.4118105411146052,0.506348429370151,5,early
5486,86,3,0.8559333537916045,0.6863446938173177,5,early
5487,87,3,0.5095890277550904,0.5312657854117202,5,early
5488,88,3,0.846272625546658,0.3902203494174785,5,early
5489,89,3,0.4268141162997105,0.5514745297743094,5,early
5490,90,3,0.11806778875458275,0.44219748950619386,5,early
5491,91,3,0.7655120237388717,0.3910688000182386,5,early
5492,92,3,0.1313605859908183,0.61577576981137,5,early
5493,93,3,0.45483429154312405,0.5203626694328507,5,early
5494,94,3,0.11679368698773177,0.4254142591535641,5,early
5495,95,3,0.5125893887403326,0.5367852544890299,5,early
5496,96,3,0.3205475274892979,0.4772462982087293,5,early
5497,97,3,0.38449456778759394,0.5813341554263458,5,early
5498,98,3,0.8681775175754618,0.4642357390678028,5,early
5499,99,3,0.5118687193116034,0.5776826592613968,5,early
5500,100,3,0.1906017172134018,0.5820810587520402,5,early
5501,101,3,0.5459637377519769,0.4782013940712925,5,early
5502,102,3,0.8847025610546595,0.37060341340696557,5,early
5503,103,3,0.7298711084805882,0.38303174610540747,5,early
5504,104,3,0.14548271673531143,0.5141916256899648,5,early
5505,105,3,0.504014395776402,0.40562340883398074,5,early
5506,106,3,0.15358253595322155,0.45485142357908204,5,early
5507,107,3,0.516573280542421,0.345458344011605,5,early
5508,108,3,0.17305716195097848,0.4511000030444052,5,early
5509,109,3,0.22324179217296916,0.4527944914511889,5,early
5510,110,3,0.3407594524295125,0.5611116503775829,5,early
5511,111,3,0.4130475140433869,0.48868728380149373,5,early
5512,112,3,0.7680616912933365,0.4321900684446134,5,early
5513,113,3,0.5428279268131477,0.40052469863807905,5,early
5514,114,3,0.6558270814737774,0.35737831261968384,5,early
5515,115,3,0.5449017309809342,0.5757050963616683,5,early
5516,116,3,0.7023308487305223,0.3780557843329687,5,early
5517,117,3,0.4382342813346189,0.3153075515198799,5,early
5518,118,3,0.8089977634209584,0.3298774451032468,5,early
5519,119,3,0.5716730723915514,0.4183403141620001,5,early
5520,120,3,0.2832985152572518,0.5271813994661958,5,early
5521,121,3,0.5424919042210247,0.5194057498964476,5,early
5522,122,3,0.3727502484781379,0.5838577668847,5,early
5523,123,3,0.8047666790409672,0.35001794012499376,5,early
5524,124,3,0.84910000372256,0.5048157401504797,5,early
5525,125,3,0.5005013891856167,0.43432762782876455,5,early
5526,126,3,0.3195432674268471,0.4779337208599736,5,early
5527,127,3,0.5178828533001146,0.5587579407371558,5,early
5528,128,3,0.10872524583553278,0.35731738031965,5,early
5529,129,3,0.5709457961836663,0.4165511880517145,5,early
5530,130,3,0.19550505924447012,0.4290746954667717,5,early
5531,131,3,0.7352131475136411,0.6081211923760755,5,early
5532,132,3,0.7875337371896984,0.3043063029778594,5,early
5533,133,3,0.710426822358018,0.48418280800051405,5,early
5534,134,3,0.8071786781439434,0.36342059214244393,5,early
5535,135,3,0.6078608845592411,0.5045511152062427,5,early
5536,136,3,0.8066906955383436,0.43048852884799166,5,early
5537,137,3,0.43483877402784965,0.5181425893873838,5,early
5538,138,3,0.15590411262134918,0.5282360899248812,5,early
5539,139,3,0.3865436082438365,0.3944709202717504,5,early
5540,140,3,0.1714477591572589,0.4653068912650711,5,early
5541,141,3,0.5966783155424711,0.5453117554823493,5,early
5542,142,3,0.25687463171270686,0.4730585041204442,5,early
5543,143,3,0.47009483776885663,0.6107935068632215,5,early
5544,144,3,0.09308723131111833,0.608472002574103,5,early
5545,145,3,0.5117475381122724,0.4569349678818318,5,early
5546,146,3,0.12520923108157708,0.536133143806738,5,early
5547,147,3,0.9567347867324998,0.4251890814219922,5,early
5548,148,3,0.7770765017777892,0.3764224414515978,5,early
5549,149,3,0.3977742753291239,0.3297567906784653,5,early
5550,150,3,0.828124238609014,0.540761422068121,5,early
5551,151,3,0.5509285469746509,0.5588234124094187,5,early
5552,152,3,0.7999173401368392,0.4033400491165914,5,early
5553,153,3,0.12144911179558096,0.5193152494483516,5,early
5554,154,3,0.7464905135896316,0.4397092701123223,5,early
5555,155,3,0.4218404078101614,0.3526231740857434,5,early
5556,156,3,0.6803941219542695,0.43617297178127673,5,early
5557,157,3,0.5120854162014535,0.3497176175903627,5,early
5558,158,3,0.7648002433464367,0.5713624661929086,5,early
5559,159,3,0.5602882751432408,0.3273888767940421,5,early
5560,160,3,0.1603199402431983,0.5613319506389156,5,early
5561,161,3,0.4706981616997967,0.6159052860384895,5,early
5562,162,3,0.5233391613589887,0.4807567852515078,5,early
5563,163,3,0.6235682358881457,0.39677574258248144,5,early
5564,164,3,0.6479681441776317,0.4156359468026104,5,early
5565,165,3,0.437945268557037,0.44411264263274025,5,early
5566,166,3,0.7833573582882849,0.3936114971661101,5,early
5567,167,3,0.5614873420561112,0.36655828702599047,5,early
5568,168,3,0.24775452968714823,0.48341915926609225,5,early
5569,169,3,0.16571714659599646,0.3331664715320937,5,early
5570,170,3,0.9124684446892484,0.4455673941382299,5,early
5571,171,3,0.4736088982886058,0.4159731460380293,5,early
5572,172,3,0.24071081796682903,0.43075049949037914,5,early
5573,173,3,0.951905702654828,0.49141000489861747,5,early
5574,174,3,0.12763401133694605,0.47365194078031037,5,early
5575,175,3,0.40857522499606214,0.5964740810423408,5,early
5576,176,3,0.3210696899755102,0.5054206137379749,5,early
5577,177,3,0.04879873518103229,0.738484863414467,5,early
5578,178,3,0.7142381348569713,0.27932225833059215,5,early
5579,179,3,0.4825470389263087,0.357415113725128,5,early
5580,180,3,0.15378262199100362,0.42652654558749337,5,early
5581,181,3,0.38862608551556366,0.485793489401111,5,early
5582,182,3,0.16218294188014792,0.46211708668409945,5,early
5583,183,3,0.4205340455636241,0.4107805840275443,5,early
5584,184,3,0.8594048235152059,0.5290422515994577,5,early
5585,185,3,0.28850048160318725,0.47323151093630866,5,early
5586,186,3,0.7528141629357612,0.4730441084825828,5,early
5587,187,3,0.811786722674448,0.3439556729599861,5,early
5588,188,3,0.6702728276066129,0.3674173337586728,5,early
5589,189,3,0.06794910911412688,0.4757820120416409,5,early
5590,190,3,0.8637543435642621,0.347902204452825,5,early
5591,191,3,0.048400270692859015,0.42311003552273624,5,early
5592,192,3,0.8526257892595197,0.4224793514899688,5,early
5593,193,3,0.5769640000685092,0.5647416986941527,5,early
5594,194,3,0.824876748157576,0.418740662788956,5,early
5595,195,3,0.05402224004385353,0.44422490447040563,5,early
5596,196,3,0.8664433332235566,0.36401135309349886,5,early
5597,197,3,0.895111043344669,0.3603729823589582,5,early
5598,198,3,0.5608887307648577,0.5175000619814578,5,early
5599,199,3,0.2483654144948363,0.45916553799742815,5,early
5600,0,0,0.9007785388148298,0.5143677671402813,5,middle
5601,1,1,0.3938404570549394,1.1001873225574448,5,middle
5602,2,0,0.7822757518024259,0.55056960975403,5,middle
5603,3,2,0.3151241532510717,0.751758070155631,5,middle
5604,4,3,0.43923208318160545,0.7155483697431635,5,middle
5605,5,0,0.3377699542513099,0.7497352860443911,5,middle
5606,6,4,0.05810123535749005,0.8896853305283959,5,middle
5607,7,5,0.5337924191412498,0.8222400949859737,5,middle
5608,8,6,0.5007095670289327,1.3641115653482014,5,middle
5609,9,7,0.5015760929329217,0.9712001477434141,5,middle
5610,10,8,0.616416752492432,1.1882225292849298,5,middle
5611,11,9,0.00024382552033678663,1.3633777548160446,5,middle
5612,12,10,0.5190228299942826,1.024710558345003,5,middle
5613,13,11,0.5022158630791711,0.9862404563339419,5,middle
5614,14,12,0.08709085096256158,0.6046679497277258,5,middle
5615,15,13,0.45952722818026065,0.9572146253815752,5,middle
5616,16,14,0.5006352240955342,1.1150806980972137,5,middle
5617,17,15,0.9978987886160988,1.0745097650151436,5,middle
5618,18,0,0.877419682917648,0.4652374322833931,5,middle
5619,19,0,0.24314236160692565,0.637590231996561,5,middle
5620,20,16,0.7140127147690786,0.9426570488711759,5,middle
5621,21,7,0.49595990864034917,0.817812468909938,5,middle
5622,22,17,0.017486752894472272,0.9848035799214663,5,middle
5623,23,18,0.5037277657044047,0.8809053010176577,5,middle
5624,24,19,0.5001614230276314,1.2958527141314895,5,middle
5625,25,20,0.3414585777371154,0.8104011699816378,5,middle
5626,26,21,0.004173523263650763,0.8137073086930444,5,middle
5627,27,0,0.5484004836388008,0.798130876183041,5,middle
5628,28,22,0.9967728041317592,1.1164909950201478,5,middle
5629,29,12,0.8752520061170961,0.614842358461233,5,middle
5630,30,23,0.7936111755376314,0.8181853738963025,5,middle
5631,31,23,0.5864522752571882,0.5769313993213266,5,middle
5632,32,23,0.12768205130595212,0.589141124882048,5,middle
5633,33,0,0.3802235870220218,0.5155257563414628,5,middle
5634,34,24,0.8318308974846729,1.06991997927117,5,middle
5635,35,23,0.4299868639468805,0.636721385984691,5,middle
5636,36,23,0.19418854886122533,0.6311948572116042,5,middle
5637,37,23,0.5663948882515992,0.5246321627992729,5,middle
5638,38,23,0.1925824818339374,0.6033306888813404,5,middle
5639,39,23,0.5104730172572847,0.5689922179697917,5,middle
5640,40,23,0.17453973597551686,0.6302739259926864,5,middle
5641,41,25,0.07762894592453239,0.9984516937294006,5,middle
5642,42,23,0.8240743954551328,0.5420217855084031,5,middle
5643,43,23,0.8267472667514196,0.4773381142151225,5,middle
5644,44,23,0.2141440234211847,0.6112494756213385,5,middle
5645,45,23,0.15217360479229117,0.6754668737699174,5,middle
5646,46,23,0.8222805472375643,0.4858128407434229,5,middle
5647,47,23,0.778837540836709,0.5061348526586245,5,middle
5648,48,23,0.1559020988469606,0.6023674649821269,5,middle
5649,49,23,0.8778422562988404,0.5434673918292556,5,middle
5650,50,23,0.8518616994052199,0.40558526557691,5,middle
5651,51,23,0.8179630569901712,0.564315444441359,5,middle
5652,52,23,0.19437548291749113,0.6402727007061895,5,middle
5653,53,23,0.16012344664331457,0.5299042713789066,5,middle
5654,54,23,0.1912561321816977,0.6324163913945785,5,middle
5655,55,23,0.11823361709446839,0.42101325721728233,5,middle
5656,56,23,0.1703480083935205,0.44843006037160893,5,middle
5657,57,23,0.11233940404495396,0.4046232962301561,5,middle
5658,58,23,0.17382980599418119,0.6498296256547436,5,middle
5659,59,23,0.12883406229486127,0.448630760838741,5,middle
5660,60,23,0.8083430338094606,0.40753007048747886,5,middle
5661,61,23,0.17978133835137458,0.5793114434187441,5,middle
5662,62,23,0.18306438236833777,0.5089598710882354,5,middle
5663,63,23,0.12792539490973798,0.4673130407175903,5,middle
5664,64,23,0.7119001608342322,0.46284740566664784,5,middle
5665,65,23,0.22917900309422826,0.4256837138499763,5,middle
5666,66,23,0.17344887591240304,0.4538350698608764,5,middle
5667,67,23,0.7851017542300618,0.41671268990652144,5,middle
5668,68,23,0.7241204161937222,0.45326417360612037,5,middle
5669,69,23,0.8021127630202932,0.4198800803341617,5,middle
5670,70,23,0.18610575663971396,0.4894603555459701,5,middle
5671,71,23,0.7738229669595835,0.43138456399073394,5,middle
5672,72,23,0.23670852691719718,0.45598451735831663,5,middle
5673,73,23,0.28429983840882034,0.4872844312521032,5,middle
5674,74,23,0.32458900924367473,0.444085619908018,5,middle
5675,75,23,0.20191103698338542,0.41890678792382,5,middle
5676,76,23,0.2103026523105656,0.448963784364755,5,middle
5677,77,23,0.3061865763311902,0.4461293680049772,5,middle
5678,78,23,0.35634240084007196,0.4155830741109106,5,middle
5679,79,23,0.3319013463436811,0.4546471544004236,5,middle
5680,80,23,0.3089548711383239,0.29865051406544985,5,middle
5681,81,23,0.5627941028289136,0.3490581049697553,5,middle
5682,82,23,0.5496654121220426,0.4637137291466108,5,middle
5683,83,23,0.6778210260565436,0.4905240218366631,5,middle
5684,84,23,0.600876624669543,0.303577642253801,5,middle
5685,85,23,0.5681525556958862,0.43832370586930014,5,middle
5686,86,23,0.6539286643132804,0.43135129391610855,5,middle
5687,87,23,0.5698443592420811,0.4162060816392235,5,middle
5688,88,23,0.5073984663048021,0.46278468114410065,5,middle
5689,89,23,0.5739851716018387,0.3650883310814219,5,middle
5690,90,25,0.3031811483157249,0.6320103162114405,5,middle
5691,91,23,0.5598652852767384,0.470851021097456,5,middle
5692,92,23,0.32572606930144193,0.4153333444772178,5,middle
5693,93,23,0.4722021027359762,0.44168574489919554,5,middle
5694,94,23,0.4833734665261953,0.4516201492604357,5,middle
5695,95,23,0.5791326219671864,0.42063782004194983,5,middle
5696,96,23,0.5124510326455024,0.3743801240963236,5,middle
5697,97,23,0.3470413800714484,0.42344881973974,5,middle
5698,98,23,0.4751726293185182,0.527127079703319,5,middle
5699,99,23,0.47639536360323126,0.29799948831046086,5,middle
5700,100,23,0.4506172900444323,0.377840111227879,5,middle
5701,101,23,0.6347176875687575,0.3906137324615727,5,middle
5702,102,23,0.6576367038447168,0.47690969678978495,5,middle
5703,103,23,0.6675954047566369,0.48194564815109664,5,middle
5704,104,23,0.3935970553287186,0.44841807924454125,5,middle
5705,105,23,0.4358991082940682,0.3605784493838783,5,middle
5706,106,23,0.3431301974575828,0.30609412067288,5,middle
5707,107,23,0.6971310124997147,0.380252054450873,5,middle
5708,108,23,0.39805695466153307,0.36246508722496595,5,middle
5709,109,23,0.4941211501435193,0.504054566580964,5,middle
5710,110,23,0.6874982809851404,0.3931152085545468,5,middle
5711,111,23,0.47995179216042494,0.4489195812187375,5,middle
5712,112,23,0.5478008691108367,0.3445975437589578,5,middle
5713,113,23,0.564363766062191,0.3449234506880971,5,middle
5714,114,23,0.6132076298471667,0.6431460378386042,5,middle
5715,115,23,0.701329444061229,0.4032602044418446,5,middle
5716,116,23,0.5876039568727058,0.41780910642759106,5,middle
5717,117,23,0.6544410148315736,0.3651484202129852,5,middle
5718,118,23,0.5293205251540389,0.45357970030260175,5,middle
5719,119,23,0.550358335099709,0.39933122435149426,5,middle
5720,120,23,0.38810625401185106,0.4181643691638889,5,middle
5721,121,23,0.514133538144742,0.5300393626076942,5,middle
5722,122,23,0.473321930579943,0.3422808207093756,5,middle
5723,123,23,0.5024686280648141,0.5238063628508868,5,middle
5724,124,23,0.5013661309708144,0.4035982953121033,5,middle
5725,125,23,0.5269492467970552,0.2879598104306281,5,middle
5726,126,23,0.5943831700145092,0.41901241941716105,5,middle
5727,127,23,0.4917540588997299,0.5233819735867644,5,middle
5728,128,23,0.40513218990342253,0.4277594344209693,5,middle
5729,129,23,0.5339019474927824,0.49512797937475084,5,middle
5730,130,23,0.5362409464336928,0.4416967144506755,5,middle
5731,131,23,0.7006051387919074,0.30601814243725645,5,middle
5732,132,23,0.5424359230652555,0.4371351014797072,5,middle
5733,133,23,0.40987060320421015,0.45703220724708515,5,middle
5734,134,23,0.6305162271477741,0.38836132880912144,5,middle
5735,135,23,0.6169945705693834,0.41785270448585776,5,middle
5736,136,23,0.7370284964040723,0.5411171097094358,5,middle
5737,137,23,0.3594947444920425,0.34448050580759537,5,middle
5738,138,23,0.5425513063123715,0.4999139896387068,5,middle
5739,139,23,0.34630960960425855,0.45142639487617847,5,middle
5740,140,23,0.6829778517617809,0.6841429008238398,5,middle
5741,141,23,0.5415263807596338,0.39350441905530387,5,middle
5742,142,23,0.30185426605407456,0.3443311249032689,5,middle
5743,143,23,0.6169156239376741,0.3303443469164286,5,middle
5744,144,23,0.2848078834075945,0.473866308798093,5,middle
5745,145,23,0.5918455458532079,0.2831773153948981,5,middle
5746,146,23,0.5398658348752337,0.49040908947844364,5,middle
5747,147,23,0.6044902676121897,0.5006150786722314,5,middle
5748,148,23,0.3937216411382044,0.2636135525718096,5,middle
5749,149,23,0.5687931890297518,0.41525759805972107,5,middle
5750,150,23,0.3931838485067773,0.5378220969129599,5,middle
5751,151,23,0.5253040532129103,0.3659110181652404,5,middle
5752,152,23,0.5692645301848254,0.37528100338427434,5,middle
5753,153,23,0.7169576210373053,0.49183209152607027,5,middle
5754,154,23,0.6276683177642666,0.4121870887861733,5,middle
5755,155,23,0.610800621509962,0.29244823118062035,5,middle
5756,156,23,0.3539011980859022,0.46573442911632734,5,middle
5757,157,23,0.5678183299697406,0.3836356577364891,5,middle
5758,158,23,0.40537799677927794,0.3897348886399813,5,middle
5759,159,23,0.5228451552024016,0.3912098192649738,5,middle
5760,160,23,0.488831980070063,0.33680942623105453,5,middle
5761,161,23,0.5212135469583792,0.39404953595878667,5,middle
5762,162,23,0.47573092560829516,0.5057269150714079,5,middle
5763,163,23,0.7047561437202801,0.4253501876936048,5,middle
5764,164,23,0.5061319283033654,0.31343950990817954,5,middle
5765,165,23,0.5430620474050807,0.4244141072748302,5,middle
5766,166,23,0.43530306279167336,0.42144125552508416,5,middle
5767,167,23,0.397053272240526,0.3704260723041476,5,middle
5768,168,23,0.6599718169919325,0.3935755512222251,5,middle
5769,169,23,0.696603136204194,0.48724315208207514,5,middle
5770,170,23,0.5708819779857224,0.3239567097126651,5,middle
5771,171,23,0.5466736760314412,0.37837383485882337,5,middle
5772,172,23,0.30236623579198624,0.27831249846097234,5,middle
5773,173,23,0.6221403114462793,0.448876971788689,5,middle
5774,174,23,0.5698033575675432,0.3718474345991234,5,middle
5775,175,23,0.6412203628207804,0.3398125752074008,5,middle
5776,176,23,0.5385979779131878,0.3482666970285233,5,middle
5777,177,23,0.5411688718249437,0.31021727301759905,5,middle
5778,178,23,0.6002137352028669,0.34364101307408523,5,middle
5779,179,23,0.6138198386561584,0.38715723287659604,5,middle
5780,180,23,0.4344905867745157,0.33310244917103127,5,middle
5781,181,23,0.6691940472469313,0.44757430192748143,5,middle
5782,182,23,0.40597794866084025,0.4670863869212057,5,middle
5783,183,23,0.5313126452367591,0.5787713865747188,5,middle
5784,184,23,0.720203270147356,0.4704643930917802,5,middle
5785,185,23,0.419281546619904,0.4271111628285933,5,middle
5786,186,23,0.3448500499524616,0.39596790712050356,5,middle
5787,187,23,0.45097652951164696,0.39413499120055084,5,middle
5788,188,23,0.4102575231053709,0.2791103349095018,5,middle
5789,189,23,0.37278071433336163,0.38819475518808466,5,middle
5790,190,23,0.44675635188466006,0.42942327159747296,5,middle
5791,191,23,0.49371422851708496,0.4533919812802908,5,middle
5792,192,23,0.4610598747242986,0.4259080720681867,5,middle
5793,193,23,0.2601941053969233,0.3319907086342537,5,middle
5794,194,23,0.3747409671957814,0.36818361115721077,5,middle
5795,195,23,0.3335171987573566,0.5850174990976467,5,middle
5796,196,23,0.5277265617758796,0.48989650602218027,5,middle
5797,197,23,0.42127627052731664,0.409011234731502,5,middle
5798,198,23,0.40298379471215473,0.39029616501173847,5,middle
5799,199,23,0.40693958604847985,0.3116997502146942,5,middle
5800,0,0,0.9997114551330559,0.7384368579515883,5,late
5801,1,1,0.5004106633972387,1.1591341488563047,5,late
5802,2,2,0.2014253451726432,0.8768133061423957,5,late
5803,3,3,0.5000034845199887,1.0794428585636924,5,late
5804,4,4,0.40415237843562346,1.3293041799503178,5,late
5805,5,5,0.49999305211078515,1.525894209493499,5,late
5806,6,0,0.9997890168074544,0.6625487399331356,5,late
5807,7,6,0.33678179967608507,1.070327559850348,5,late
5808,8,7,0.015522472670646962,1.3406496359957147,5,late
5809,9,8,0.03206808155753869,1.2828285833746942,5,late
5810,10,9,0.9996051750427846,1.2283230943410792,5,late
5811,11,10,0.5835523156050753,0.7492634959734887,5,late
5812,12,11,0.010772952848601011,1.2466914125709194,5,late
5813,13,12,0.49994583602191556,1.289331291980678,5,late
5814,14,0,0.9998262203585558,0.5462466855356214,5,late
5815,15,10,0.42635310545086746,0.6913196898335504,5,late
5816,16,13,0.9999874836503772,1.472630589072167,5,late
5817,17,14,0.35726276916825145,1.2402808500187925,5,late
5818,18,15,0.9988085030831707,1.409321358400743,5,late
5819,19,16,0.10768055697751613,1.2439512642735417,5,late
5820,20,17,0.999994543513554,1.2769692986101284,5,late
5821,21,0,0.4998361984524896,0.8155390266180598,5,late
5822,22,10,0.18490784865628493,0.6384218504753512,5,late
5823,23,0,0.5008669483003075,0.5819833462210915,5,late
5824,24,10,0.06583600118541777,0.7559840494333945,5,late
5825,25,18,0.5580408377758472,0.650612718460736,5,late
5826,26,18,0.09691675204005232,0.7144762142979079,5,late
5827,27,18,0.42843947320318315,0.7242914930503785,5,late
5828,28,18,0.907942606305902,0.6294836025477764,5,late
5829,29,19,0.4995169903912548,0.9515214262966347,5,late
5830,30,18,0.938531603625234,0.7050084655374531,5,late
5831,31,18,0.6123189811546953,0.6968448683000787,5,late
5832,32,20,0.6623579060186432,0.8682196350541835,5,late
5833,33,20,0.732864873183543,0.6461627289149499,5,late
5834,34,20,0.5756832697226917,0.605638905089241,5,late
5835,35,0,0.0864965835945469,0.8270756497424703,5,late
5836,36,21,0.25727826784430624,1.3301332927202851,5,late
5837,37,18,0.48938618735516687,1.0733018508379815,5,late
5838,38,10,0.07403703862292611,0.7356175672276555,5,late
5839,39,18,0.39248184209807074,0.7831161668135568,5,late
5840,40,18,0.8953027444818038,0.6169656983037777,5,late
5841,41,22,0.5000096170136755,0.9811152039426713,5,late
5842,42,18,0.9390019410645138,0.7107485659540392,5,late
5843,43,23,0.5226692387447468,0.8861859697448584,5,late
5844,44,10,0.682270216950417,0.6925761278456286,5,late
5845,45,20,0.6916788647755958,0.6600557448517651,5,late
5846,46,20,0.5359279922797567,0.7795778794851225,5,late
5847,47,0,0.5001713563437834,0.5897316185604236,5,late
5848,48,23,0.9717029770539545,0.7204701718745824,5,late
5849,49,23,0.47542433379742816,0.7060219346018679,5,late
5850,50,23,0.024600416740733263,0.6958276247524207,5,late
5851,51,20,0.6948009513893718,0.6113398160184684,5,late
5852,52,23,0.9812179351060135,0.6409002945796425,5,late
5853,53,24,0.007586767358458317,1.4819526333065884,5,late
5854,54,23,0.9328814584246277,0.6318389247465388,5,late
5855,55,0,0.10625382136267088,0.7711740630866186,5,late
5856,56,20,0.3926705549255755,0.9068276986997619,5,late
5857,57,23,0.49365123387021936,0.7742541961117387,5,late
5858,58,23,0.0049913397988371865,0.8170237485623931,5,late
5859,59,0,0.49988304315779225,0.6225325493384208,5,late
5860,60,23,0.012836605796143236,0.7198974895315162,5,late
5861,61,25,0.6993726138171713,0.7918428891617614,5,late
5862,62,23,0.01205589264261187,0.6481517386211075,5,late
5863,63,26,0.33511642591800284,0.9271195934033492,5,late
5864,64,27,0.9999025900081738,1.1173332696630927,5,late
5865,65,23,0.594968052414125,0.6513725530139911,5,late
5866,66,23,0.00253201955465495,0.8860361006364295,5,late
5867,67,23,0.5051011568577564,0.7565741294015518,5,late
5868,68,23,0.029763959806855245,0.6914008460457992,5,late
5869,69,23,0.5242903978339938,0.5823691601732917,5,late
5870,70,23,0.941736424438832,0.6445073913779142,5,late
5871,71,23,0.4180701817394949,0.666160990647148,5,late
5872,72,23,0.9500433108846167,0.6793636874965063,5,late
5873,73,18,0.3831057006166595,0.5241222028167205,5,late
5874,74,23,0.958552448574596,0.5277429221527664,5,late
5875,75,23,0.4692792942118023,0.5778956225637599,5,late
5876,76,23,0.03046975243172063,0.851272911775877,5,late
5877,77,28,0.09177779204728524,0.9456551887557516,5,late
5878,78,23,0.023806404523779513,0.6565460739842373,5,late
5879,79,23,0.5410647859980754,0.8038475442135771,5,late
5880,80,18,0.9274554532863433,0.6494487253518593,5,late
5881,81,18,0.93828722274073,0.653300830837352,5,late
5882,82,23,0.02152135351390615,0.7092623012911274,5,late
5883,83,23,0.9240922699751806,0.5695173785274033,5,late
5884,84,23,0.14155423460163505,0.786309633768808,5,late
5885,85,23,0.69731823081732,0.6135192032791492,5,late
5886,86,23,0.8889257924309921,0.6918687632141951,5,late
5887,87,23,0.819308049950978,0.6208496480984467,5,late
5888,88,23,0.3008995345685802,0.5148393943030571,5,late
5889,89,23,0.9226717531176339,0.6443420972522689,5,late
5890,90,23,0.9113808508848636,0.47538544582768677,5,late
5891,91,23,0.166740814703227,0.703654391162273,5,late
5892,92,23,0.6905211565147856,0.4871980122580188,5,late
5893,93,23,0.13797773997454543,0.676567507099598,5,late
5894,94,23,0.20925798012753408,0.6411946098874857,5,late
5895,95,26,0.7510584275865664,0.6650694964960981,5,late
5896,96,23,0.17010904960252332,0.5830671900155402,5,late
5897,97,23,0.4420201564395142,0.4409280586269172,5,late
5898,98,23,0.8388441030575691,0.531891048013528,5,late
5899,99,23,0.3772674265127032,0.5709642009842789,5,late
5900,100,23,0.23590963073087484,0.7210213572194324,5,late
5901,101,23,0.07071745539726283,0.6930674582601427,5,late
5902,102,23,0.10614392278423107,0.8561862301565286,5,late
5903,103,23,0.1330499261198964,0.7296463064602685,5,late
5904,104,23,0.4752383371264343,0.46827314226395506,5,late
5905,105,23,0.7066062378927345,0.44208655960841436,5,late
5906,106,23,0.5907756247542297,0.38078023301220154,5,late
5907,107,23,0.5302797612783371,0.42732558026936396,5,late
5908,108,23,0.43613336607411124,0.5839256257204013,5,late
5909,109,23,0.27731039436689464,0.48696363037907997,5,late
5910,110,23,0.509392191944628,0.5305134082768838,5,late
5911,111,23,0.8016631391166635,0.4651833732068584,5,late
5912,112,23,0.5351068801656418,0.43507835238097525,5,late
5913,113,23,0.21421554903585938,0.6987808587864328,5,late
5914,114,23,0.9068509360166692,0.5134907240284475,5,late
5915,115,23,0.7028004493452857,0.6335202694099806,5,late
5916,116,23,0.7722591408851243,0.45081735122769045,5,late
5917,117,23,0.589534998808374,0.5933214624829348,5,late
5918,118,23,0.4822423717558812,0.5276036538880542,5,late
5919,119,23,0.7272408247091279,0.4467062761092198,5,late
5920,120,23,0.33545856926530737,0.424779873545041,5,late
5921,121,23,0.5090173277704876,0.6104069050478462,5,late
5922,122,23,0.46817670804684947,0.5098067871335865,5,late
5923,123,23,0.47402329450664277,0.5562725696293433,5,late
5924,124,23,0.3841517830593324,0.5706946851504437,5,late
5925,125,23,0.5533168792673294,0.5367546016573823,5,late
5926,126,23,0.3285754224253636,0.4999882788581615,5,late
5927,127,23,0.8233229519333155,0.670442993199474,5,late
5928,128,23,0.477130121385867,0.5030528653916959,5,late
5929,129,23,0.6037235140782109,0.6262062031178621,5,late
5930,130,23,0.6103377667252974,0.33638931207396117,5,late
5931,131,23,0.5379280313065391,0.4162129889810716,5,late
5932,132,23,0.2880569390413772,0.4628972879293435,5,late
5933,133,23,0.6060604928995101,0.5051542269650651,5,late
5934,134,23,0.24602498005581735,0.635348916204046,5,late
5935,135,23,0.5633240296141255,0.5803101801108131,5,late
5936,136,23,0.6458709600266701,0.3720652623358511,5,late
5937,137,23,0.4953150501525899,0.4884104767022027,5,late
5938,138,23,0.15329045921238965,0.5034887732996038,5,late
5939,139,23,0.2844420063014972,0.4072857743950184,5,late
5940,140,23,0.31338712978273897,0.4754059331343985,5,late
5941,141,23,0.21383576435406018,0.5553499230974888,5,late
5942,142,23,0.6096599760595891,0.6721000828055175,5,late
5943,143,23,0.417304429807264,0.4505854499092675,5,late
5944,144,23,0.2583855625386412,0.7060239142725495,5,late
5945,145,23,0.46399233452820504,0.44072601706315284,5,late
5946,146,23,0.4671805625255029,0.42095523766675425,5,late
5947,147,23,0.4159292135467322,0.47360575759310175,5,late
5948,148,23,0.44613472023134293,0.4712709989460825,5,late
5949,149,23,0.6438148108921794,0.4754692258650414,5,late
5950,150,23,0.7153394429025965,0.3903004391722521,5,late
5951,151,23,0.46744824362414195,0.4413905759620129,5,late
5952,152,23,0.5741099082515451,0.5045491510261394,5,late
5953,153,23,0.3496624527495289,0.6728628709210058,5,late
5954,154,23,0.6460969432768091,0.3999950204192573,5,late
5955,155,23,0.6764321541414389,0.4100333687520728,5,late
5956,156,23,0.3717001947720556,0.6110323026650362,5,late
5957,157,23,0.3126943172791354,0.48816954268570806,5,late
5958,158,23,0.33579362368526816,0.713980240318678,5,late
5959,159,23,0.3541829239023948,0.5061477157691447,5,late
5960,160,23,0.4925117389377827,0.4949681720205744,5,late
5961,161,23,0.39576097323771875,0.6005853629858937,5,late
5962,162,23,0.5798672211120117,0.41660332639210984,5,late
5963,163,23,0.47580220335659285,0.4827671238742235,5,late
5964,164,23,0.4376524305717772,0.5474219542669789,5,late
5965,165,23,0.6084288853341357,0.46773767285736806,5,late
5966,166,23,0.49679829222818894,0.4397209943423278,5,late
5967,167,23,0.4036556714449744,0.358152090867944,5,late
5968,168,23,0.6250835255224039,0.3554099561227575,5,late
5969,169,23,0.42206726939168293,0.5735382373591307,5,late
5970,170,23,0.38123658628659585,0.5148157736725092,5,late
5971,171,23,0.38410291068869196,0.4810831974455453,5,late
5972,172,23,0.38519168711729357,0.5063413286065431,5,late
5973,173,23,0.5146174560356405,0.5615752246594001,5,late
5974,174,23,0.4142746985003892,0.36974051273991315,5,late
5975,175,23,0.197620006677226,0.5775612837687227,5,late
5976,176,23,0.8316701526018058,0.47181849859365055,5,late
5977,177,23,0.1438172112618482,0.5306635054668769,5,late
5978,178,23,0.42705917487188494,0.4187841068778214,5,late
5979,179,23,0.26021523860041906,0.5271078946557907,5,late
5980,180,23,0.4929093551973537,0.40158108306233525,5,late
5981,181,23,0.4977846518888923,0.4546716274378808,5,late
5982,182,23,0.38658945485933127,0.5979284469778368,5,late
5983,183,23,0.7141741282986551,0.5680321757677236,5,late
5984,184,23,0.36365868632294956,0.49635386336520515,5,late
5985,185,23,0.682986305336879,0.3055094055347996,5,late
5986,186,23,0.6363194109415007,0.44171054362633644,5,late
5987,187,23,0.8455195435493539,0.4518009792035459,5,late
5988,188,23,0.630680008376294,0.307768425465732,5,late
5989,189,23,0.4120863609519925,0.4853753033339637,5,late
5990,190,23,0.35627888768306837,0.40870626322779446,5,late
5991,191,23,0.3956944469738669,0.4294928945732177,5,late
5992,192,23,0.396345228112693,0.5698151984221469,5,late
5993,193,23,0.8158601776503567,0.37843818403727336,5,late
5994,194,23,0.42105274943314,0.58042012008677,5,late
5995,195,23,0.25050538901224656,0.5874872662741398,5,late
5996,196,23,0.3897648702754496,0.48569831616038267,5,late
5997,197,23,0.29978221636451374,0.6552025992534636,5,late
5998,198,23,0.7781402184051928,0.3595892045154452,5,late
5999,199,23,0.526379467394055,0.4879012743157596,5,late
6000,0,0,0.0545403878693325,0.6920206741264149,6,interleaved
6001,1,0,0.4862462085546253,0.561900226991938,6,interleaved
6002,2,0,0.10276272757922227,0.6465780261009286,6,interleaved
6003,3,0,0.5289756913035412,0.6671191896189983,6,interleaved
6004,4,1,0.9664841325982241,0.7809659201029138,6,interleaved
6005,5,0,0.5028256131705829,0.4863682436602882,6,interleaved
6006,6,0,0.9477687235639252,0.49446346549604964,6,interleaved
6007,7,0,0.3177829021711857,0.5581471172824312,6,interleaved
6008,8,0,0.053600544927453864,0.5532939992713017,6,interleaved
6009,9,0,0.2719623314805555,0.6624457000105812,6,interleaved
6010,10,0,0.04031491749942294,0.7772076141494475,6,interleaved
6011,11,0,0.48004528204273916,0.5013495296477088,6,interleaved
6012,12,0,0.0556442716205668,0.516503105794184,6,interleaved
6013,13,0,0.79981484000881,0.5958835666810998,6,interleaved
6014,14,0,0.09903501498159412,0.5928950926002632,6,interleaved
6015,15,2,0.4422068530649676,0.8856027262150667,6,interleaved
6016,16,0,0.7551980089085625,0.41944996935434786,6,interleaved
6017,17,0,0.44276505326634674,0.41640981374210567,6,interleaved
6018,18,0,0.14329360781585815,0.4461912334221877,6,interleaved
6019,19,0,0.7515659901092876,0.41759453550168246,6,interleaved
6020,20,0,0.8121573356458489,0.519165987724256,6,interleaved
6021,21,0,0.5738600531542107,0.47488803126545454,6,interleaved
6022,22,0,0.5242051431414745,0.5263602533760197,6,interleaved
6023,23,0,0.8005473936745737,0.4035013672999091,6,interleaved
6024,24,0,0.5824561780515404,0.5160108286190893,6,interleaved
6025,25,0,0.736374781315927,0.48663815634937513,6,interleaved
6026,26,0,0.06118470858552544,0.5686028164648801,6,interleaved
6027,27,0,0.8756502539953392,0.3855797066627431,6,interleaved
6028,28,0,0.11615516650082996,0.4517472166238311,6,interleaved
6029,29,0,0.8698172397170103,0.42348899406436613,6,interleaved
6030,30,0,0.11882364337616942,0.6699726632851936,6,interleaved
6031,31,0,0.6435183767074899,0.37759498520592283,6,interleaved
6032,32,0,0.6818284397878365,0.3870125827127756,6,interleaved
6033,33,0,0.7123952394235622,0.4525393625468396,6,interleaved
6034,34,0,0.8640138765124312,0.4230416273825056,6,interleaved
6035,35,0,0.8785981299962042,0.4374086321474253,6,interleaved
6036,36,0,0.7135551652502841,0.2939729255276722,6,interleaved
6037,37,0,0.42368640565473253,0.5556168800168646,6,interleaved
6038,38,0,0.16055144004181868,0.3787467111776388,6,interleaved
6039,39,0,0.7922678455455121,0.29295960656789105,6,interleaved
6040,40,0,0.14684168828788918,0.4439989528938023,6,interleaved
6041,41,0,0.30843323432190634,0.39933754058325827,6,interleaved
6042,42,0,0.1530584543743888,0.4778141952538284,6,interleaved
6043,43,0,0.35208267241620395,0.35921630332155574,6,interleaved
6044,44,0,0.6525405224582389,0.5499445977412367,6,interleaved
6045,45,0,0.5527091991167148,0.3735599181769964,6,interleaved
6046,46,0,0.16834459276573777,0.6565342300168686,6,interleaved
6047,47,0,0.5535317789762921,0.39768923100761033,6,interleaved
6048,48,0,0.44093530269933356,0.46259449264559743,6,interleaved
6049,49,0,0.5552464212293974,0.61167976104186,6,interleaved
6050,50,0,0.5987616801490444,0.3794651214868129,6,interleaved
6051,51,0,0.372136021325515,0.4854478735044875,6,interleaved
6052,52,0,0.7677379936853996,0.29464308308209863,6,interleaved
6053,53,0,0.2924986516586948,0.3121446823776939,6,interleaved
6054,54,0,0.11637077913639926,0.3766814623736272,6,interleaved
6055,55,0,0.3567022853433859,0.3223526924022855,6,interleaved
6056,56,0,0.3052613859518635,0.42942010496860816,6,interleaved
6057,57,0,0.8326822825452485,0.5771913690408632,6,interleaved
6058,58,0,0.7944517325986691,0.30828442794911864,6,interleaved
6059,59,0,0.2681289568584298,0.40985694155318253,6,interleaved
6060,60,0,0.4404075504238637,0.4445584969599139,6,interleaved
6061,61,0,0.2864119854733126,0.3289343255592754,6,interleaved
6062,62,0,0.8450508357857275,0.40858264106750875,6,interleaved
6063,63,0,0.21706263548901067,0.445745701304106,6,interleaved
6064,64,0,0.26057623666529567,0.4172954947136803,6,interleaved
6065,65,0,0.36458245077941526,0.3061122857714369,6,interleaved
6066,66,0,0.20676998575322306,0.4655268108670872,6,interleaved
6067,67,0,0.6063822833614365,0.5312518682047462,6,interleaved
6068,68,0,0.6216839767815816,0.3665238481772166,6,interleaved
6069,69,0,0.46584200105085233,0.40593206320193526,6,interleaved
6070,70,0,0.2778550639789302,0.3956305816943759,6,interleaved
6071,71,0,0.6254995884887131,0.593335703700712,6,interleaved
6072,72,0,0.6996705934754097,0.4232693940724834,6,interleaved
6073,73,0,0.7459084241365359,0.3232115650217974,6,interleaved
6074,74,0,0.6511313123269916,0.4766222022893339,6,interleaved
6075,75,0,0.6080674424854736,0.46324000831668816,6,interleaved
6076,76,0,0.12882408383249544,0.4287381342217968,6,interleaved
6077,77,0,0.5817389789029205,0.27227443448557687,6,interleaved
6078,78,0,0.5189357465368322,0.24843701342912372,6,interleaved
6079,79,0,0.24709156529232107,0.4509755872217457,6,interleaved
6080,80,0,0.621698061493948,0.39640589653449654,6,interleaved
6081,81,0,0.7398176028988903,0.4143389509786246,6,interleaved
6082,82,0,0.7100783856010233,0.3300972978876758,6,interleaved
6083,83,0,0.7537026366314502,0.26073673320240554,6,interleaved
6084,84,0,0.6772535458308736,0.3383641570564687,6,interleaved
6085,85,0,0.7724129500022299,0.6397539081176014,6,interleaved
6086,86,0,0.23974046564546686,0.4295475086961427,6,interleaved
6087,87,0,0.6892209801787913,0.31283671775377164,6,interleaved
6088,88,0,0.7524252856285063,0.35958506478793384,6,interleaved
6089,89,0,0.5286422074471069,0.3685095170048574,6,interleaved
6090,90,0,0.5117372979483383,0.2989779752503982,6,interleaved
6091,91,0,0.7308731566944531,0.31169117853467204,6,interleaved
6092,92,0,0.4633690984756734,0.3518507015549169,6,interleaved
6093,93,0,0.820851230391485,0.29638338410317266,6,interleaved
6094,94,0,0.8401404529055092,0.6301225122004893,6,interleaved
6095,95,0,0.24299905721527582,0.530870938507656,6,interleaved
6096,96,0,0.3337603861560565,0.3985058342570337,6,interleaved
6097,97,0,0.7240257672908075,0.33580921690295074,6,interleaved
6098,98,0,0.37119146346789367,0.46370768342888535,6,interleaved
6099,99,0,0.808758827535514,0.3480007268748655,6,interleaved
6100,100,0,0.5487950685861593,0.473226527649477,6,interleaved
6101,101,0,0.2526919164556302,0.36845061391373146,6,interleaved
6102,102,0,0.42739571906332674,0.5401609130632506,6,interleaved
6103,103,0,0.6102201758505507,0.48992992709434025,6,interleaved
6104,104,0,0.6318246481214584,0.27455987566723283,6,interleaved
6105,105,0,0.7437660279237258,0.2463230665684987,6,interleaved
6106,106,0,0.5727317354735137,0.4953424205845164,6,interleaved
6107,107,0,0.383150167901547,0.3296809099697018,6,interleaved
6108,108,0,0.8305126087207074,0.397539734881459,6,interleaved
6109,109,0,0.38668767099864293,0.4873588726721857,6,interleaved
6110,110,0,0.438245892060828,0.41524036009888465,6,interleaved
6111,111,0,0.5601562616344052,0.40522933674240713,6,interleaved
6112,112,0,0.2747669738946623,0.4485060133328534,6,interleaved
6113,113,0,0.11782593337698502,0.29376598768710155,6,interleaved
6114,114,0,0.7247234919699745,0.3798092973854624,6,interleaved
6115,115,0,0.5294873493585889,0.4001496399171104,6,interleaved
6116,116,0,0.6509320154221556,0.3839940046205662,6,interleaved
6117,117,0,0.22911585023807488,0.29269401991941146,6,interleaved
6118,118,0,0.49647469733728355,0.31210370548742605,6,interleaved
6119,119,0,0.24001811329998785,0.35919310468381305,6,interleaved
6120,120,0,0.2888470799231506,0.3004099352694505,6,interleaved
6121,121,0,0.2099045791960491,0.3518149915889921,6,interleaved
6122,122,0,0.267516110091369,0.3564955649493362,6,interleaved
6123,123,0,0.6641012571611473,0.3447757629877202,6,interleaved
6124,124,0,0.6605337110603062,0.3439944175319994,6,interleaved
6125,125,0,0.6769265656181487,0.2572904513616073,6,interleaved
6126,126,0,0.18859836792408963,0.44813328600083235,6,interleaved
6127,127,0,0.9182706835135228,0.3151992552117884,6,interleaved
6128,128,0,0.2904606977448943,0.4083811599881074,6,interleaved
6129,129,0,0.9570726729385841,0.4455845367458853,6,interleaved
6130,130,0,0.18967791979243462,0.42457246033341567,6,interleaved
6131,131,0,0.4306969530326522,0.345250026785013,6,interleaved
6132,132,0,0.7309482190521108,0.5319366134416141,6,interleaved
6133,133,0,0.9204593673090138,0.3275505611861914,6,interleaved
6134,134,0,0.2198234413545127,0.44490963875352363,6,interleaved
6135,135,0,0.5464836923324529,0.5117620014690707,6,interleaved
6136,136,0,0.17831517594335453,0.4590322613485655,6,interleaved
6137,137,0,0.1695121065280387,0.23803520047275714,6,interleaved
6138,138,0,0.7814937118283499,0.24460569031803525,6,interleaved
6139,139,0,0.27459316334076955,0.3231730849364272,6,interleaved
6140,140,0,0.14634485020237578,0.38339451806107316,6,interleaved
6141,141,0,0.3967656133493036,0.435989819335066,6,interleaved
6142,142,0,0.29641203731070415,0.35494570659367636,6,interleaved
6143,143,0,0.31045561447701275,0.31588451041532223,6,interleaved
6144,144,0,0.6292016115965766,0.42470446362192127,6,interleaved
6145,145,0,0.7886372960639996,0.25893524058832695,6,interleaved
6146,146,0,0.3222786645968369,0.37580922970119995,6,interleaved
6147,147,0,0.37813229523685254,0.4698053106380442,6,interleaved
6148,148,0,0.22268889123848418,0.3371272313266399,6,interleaved
6149,149,0,0.5906354955869726,0.27203756800604006,6,interleaved
6150,150,0,0.3419270094376583,0.3639848444316557,6,interleaved
6151,151,0,0.9238409770205673,0.42814809819381416,6,interleaved
6152,152,0,0.6002918864240834,0.44257069190037135,6,interleaved
6153,153,0,0.8816088143525622,0.3013165645440795,6,interleaved
6154,154,0,0.8011490790400094,0.36896703444270185,6,interleaved
6155,155,0,0.5594368347780907,0.38408928810145626,6,interleaved
6156,156,0,0.20967903878258673,0.3933021984123762,6,interleaved
6157,157,0,0.5487640004598825,0.36770580761128135,6,interleaved
6158,158,0,0.22530937932214518,0.4256410314343888,6,interleaved
6159,159,0,0.4232874665367291,0.37344925664190537,6,interleaved
6160,160,0,0.42535930918308007,0.49294381978277146,6,interleaved
6161,161,0,0.8405283670368835,0.3399211539700042,6,interleaved
6162,162,0,0.2691316906769728,0.2987830296822342,6,interleaved
6163,163,0,0.5408019599588958,0.421441311535194,6,interleaved
6164,164,0,0.55645870747116,0.37900973486620515,6,interleaved
6165,165,0,0.7486698794918598,0.2553759743521745,6,interleaved
6166,166,0,0.3973323386166384,0.35794415548390757,6,interleaved
6167,167,0,0.42588857333645846,0.2607958068133265,6,interleaved
6168,168,0,0.7436602736707087,0.46096408842651126,6,interleaved
6169,169,0,0.6259754851179418,0.34484214776661526,6,interleaved
6170,170,0,0.6459709698991843,0.5283518177142494,6,interleaved
6171,171,0,0.5266424005955332,0.3687679908196566,6,interleaved
6172,172,0,0.7519386325371098,0.5218296916371389,6,interleaved
6173,173,0,0.47825412728044975,0.31742638797687006,6,interleaved
6174,174,0,0.2670722645804392,0.5537393042787753,6,interleaved
6175,175,0,0.9167654922185344,0.39772460356976846,6,interleaved
6176,176,0,0.40368387553022045,0.5018121597542853,6,interleaved
6177,177,0,0.5564092415052126,0.4212332882554415,6,interleaved
6178,178,0,0.7012615224619136,0.35563360255249155,6,interleaved
6179,179,0,0.4946594844670106,0.414620004246219,6,interleaved
6180,180,0,0.44668964618637097,0.4006646483449895,6,interleaved
6181,181,0,0.8077126779781163,0.28583348444057755,6,interleaved
6182,182,0,0.751342715793728,0.25879583374684395,6,interleaved
6183,183,0,0.46864428669777536,0.326469744718409,6,interleaved
6184,184,0,0.9195715412690904,0.378809625604691,6,interleaved
6185,185,0,0.709191049198829,0.30764603776305055,6,interleaved
6186,186,0,0.4984165800107261,0.4040644332779609,6,interleaved
6187,187,0,0.3973479546766431,0.46907543659568934,6,interleaved
6188,188,0,0.2228853239060048,0.36912681693111693,6,interleaved
6189,189,0,0.8482360344613569,0.4217332055334271,6,interleaved
6190,190,0,0.1111455636447031,0.4538021315599546,6,interleaved
6191,191,0,0.8474757491607392,0.2835719796938927,6,interleaved
6192,192,0,0.8608315277934244,0.3051491362160228,6,interleaved
6193,193,0,0.5575386109265734,0.45182991486041924,6,interleaved
6194,194,0,0.41754345781943997,0.5145403443405355,6,interleaved
6195,195,0,0.44266725908345084,0.34040244983768486,6,interleaved
6196,196,0,0.7870485652231652,0.399345254568368,6,interleaved
6197,197,0,0.533106548335538,0.34894100420114027,6,interleaved
6198,198,0,0.13221798691832756,0.41288897958122817,6,interleaved
6199,199,0,0.23480490021904915,0.43123076369743607,6,interleaved
6200,0,0,0.45547731192701396,0.9878794229513974,6,blocked
6201,1,1,0.46489143742105943,0.8438019431282887,6,blocked
6202,2,2,0.5003626069707,0.8736036017844839,6,blocked
6203,3,3,0.6471605645622773,0.939737367578455,6,blocked
6204,4,4,0.1780647150965656,0.8958295764610795,6,blocked
6205,5,5,0.0232334488552401,1.0991174717417627,6,blocked
6206,6,6,0.9261159722523689,1.0012774703261762,6,blocked
6207,7,7,0.3216157577037044,0.7654711691263199,6,blocked
6208,8,8,0.13172078161754336,0.9426359260054555,6,blocked
6209,9,9,0.5242425188751476,1.0689947447266888,6,blocked
6210,10,10,0.35288597792890514,0.9095159719917384,6,blocked
6211,11,11,0.3066127660102665,0.7454821106810704,6,blocked
6212,12,11,0.5454022424497744,0.5698254123743849,6,blocked
6213,13,11,0.45673675971455097,0.5357130048176475,6,blocked
6214,14,11,0.4480402203684595,0.6371135525340187,6,blocked
6215,15,11,0.5619905942034553,0.6866313234221337,6,blocked
6216,16,11,0.4057290872134906,0.6106846048422395,6,blocked
6217,17,11,0.5343989390284499,0.7477137084169226,6,blocked
6218,18,12,0.47484533069031715,0.8029997876803289,6,blocked
6219,19,11,0.5825605037493077,0.51827146261226,6,blocked
6220,20,11,0.571276250767755,0.5659867711795048,6,blocked
6221,21,11,0.6441890464274275,0.42917623351706136,6,blocked
6222,22,12,0.4883033447283771,0.552168359242483,6,blocked
6223,23,11,0.642950890280074,0.5592454962904453,6,blocked
6224,24,13,0.0001254762260983617,1.2732438401227548,6,blocked
6225,25,11,0.6618385595716393,0.6744621464524863,6,blocked
6226,26,11,0.2886417256888413,0.7586798190664694,6,blocked
6227,27,14,0.9002333776785446,1.1565441050224157,6,blocked
6228,28,12,0.46514008976487464,0.6789162647092754,6,blocked
6229,29,0,0.5786776739054558,0.4032234917848101,6,blocked
6230,30,11,0.41180386270509356,0.8816965599015978,6,blocked
6231,31,11,0.40215619034431876,0.3655080047094727,6,blocked
6232,32,11,0.3180261951245139,0.470222745033292,6,blocked
6233,33,11,0.35644895606510607,0.5837200937464416,6,blocked
6234,34,11,0.5193753424976663,0.6917079773649923,6,blocked
6235,35,11,0.5592071486867212,0.5599368248196577,6,blocked
6236,36,11,0.6162887558162656,0.6805975783639812,6,blocked
6237,37,12,0.4773979335885154,0.6612145372930509,6,blocked
6238,38,11,0.5231684223543748,0.5052995485454589,6,blocked
6239,39,11,0.4643939483593468,0.6351568818873429,6,blocked
6240,40,11,0.8069147099858657,0.44328066199247895,6,blocked
6241,41,0,0.637969028672692,0.6070295466945159,6,blocked
6242,42,11,0.11481525957676146,0.5770732172333894,6,blocked
6243,43,12,0.02501709531074745,0.6699084809572877,6,blocked
6244,44,11,0.2755043566024079,0.7241754289890132,6,blocked
6245,45,11,0.21330618283770783,0.5721487230562977,6,blocked
6246,46,11,0.7642346819406676,0.3833311933413422,6,blocked
6247,47,11,0.4296100375204073,0.6150222329122684,6,blocked
6248,48,11,0.17667674800361188,0.5710145418112341,6,blocked
6249,49,11,0.829738335849296,0.4073777216205115,6,blocked
6250,50,11,0.22318292487542477,0.5746934048753047,6,blocked
6251,51,11,0.14359563004144654,0.6532987326530285,6,blocked
6252,52,11,0.5974518802303903,0.5075419027021364,6,blocked
6253,53,11,0.8186583973760799,0.46154417236708994,6,blocked
6254,54,11,0.7351368408861026,0.4010638211891301,6,blocked
6255,55,11,0.7349137584019134,0.33266120338669514,6,blocked
6256,56,11,0.11574941994970674,0.6549801917329423,6,blocked
6257,57,11,0.7691143801337014,0.4318758750123508,6,blocked
6258,58,11,0.7916155520384984,0.604500840543404,6,blocked
6259,59,11,0.2410322230950187,0.4173581057448379,6,blocked
6260,60,11,0.8437805800609717,0.3832862142285107,6,blocked
6261,61,11,0.7871466634728407,0.48144785618008734,6,blocked
6262,62,11,0.3446562479341366,0.5009326685067148,6,blocked
6263,63,11,0.7729494301153321,0.467237356830867,6,blocked
6264,64,11,0.7796138101284282,0.535903957341787,6,blocked
6265,65,11,0.7625344236527136,0.4216545467320386,6,blocked
6266,66,11,0.6805741508952038,0.41839475497512346,6,blocked
6267,67,11,0.5251018626889667,0.6800554038375117,6,blocked
6268,68,11,0.8410937841562942,0.4914669737944746,6,blocked
6269,69,11,0.7645873727151654,0.38914223342118737,6,blocked
6270,70,11,0.8329321178525605,0.3485932366651306,6,blocked
6271,71,11,0.8595538450461868,0.31020897814212894,6,blocked
6272,72,11,0.8004121891863749,0.4233676848877549,6,blocked
6273,73,11,0.25073682847082784,0.3082282551347134,6,blocked
6274,74,0,0.4077803341065494,0.5863574572220929,6,blocked
6275,75,11,0.7903484254925719,0.5064828626461485,6,blocked
6276,76,11,0.7823104811659874,0.38859725702657255,6,blocked
6277,77,11,0.8537124965227979,0.42104909590460127,6,blocked
6278,78,11,0.26079334891575134,0.41997372430341495,6,blocked
6279,79,11,0.8153018540913785,0.49429344142908893,6,blocked
6280,80,11,0.6262603720542804,0.4005466924263019,6,blocked
6281,81,11,0.4018081653941656,0.3005548065052609,6,blocked
6282,82,11,0.6704309655656616,0.5498329382550081,6,blocked
6283,83,11,0.35093753688344226,0.5354324253150309,6,blocked
6284,84,11,0.28753366756361254,0.47036295770324643,6,blocked
6285,85,11,0.3717504868639468,0.4573323956582855,6,blocked
6286,86,11,0.5672032058004389,0.39209963121339364,6,blocked
6287,87,11,0.4817780782909513,0.4648779811022007,6,blocked
6288,88,11,0.4665127487663234,0.4259458327988829,6,blocked
6289,89,11,0.5568884820770948,0.5409061433579022,6,blocked
6290,90,11,0.5482061492191854,0.3975485435836593,6,blocked
6291,91,11,0.557886087261841,0.4278306762695306,6,blocked
6292,92,11,0.44151964234461993,0.46449593180876625,6,blocked
6293,93,11,0.6009587850935996,0.4199733481971948,6,blocked
6294,94,11,0.5880573797288245,0.38267641742164993,6,blocked
6295,95,11,0.5686980204424803,0.5471642627856288,6,blocked
6296,96,11,0.5624066391767061,0.5368706234646008,6,blocked
6297,97,11,0.5608356011197984,0.4258643802909339,6,blocked
6298,98,11,0.5729115460530658,0.36696714040109624,6,blocked
6299,99,11,0.5504579436041022,0.3053592049597505,6,blocked
6300,100,11,0.5703968664416343,0.4361860452390851,6,blocked
6301,101,11,0.48120050036072076,0.46707682507595755,6,blocked
6302,102,11,0.47284338345697696,0.4378072984351688,6,blocked
6303,103,11,0.5060054936965047,0.42897045912239123,6,blocked
6304,104,11,0.4784454568199775,0.47370719688742163,6,blocked
6305,105,11,0.5097761442574908,0.3866012992350739,6,blocked
6306,106,11,0.5897107507091421,0.5417729658975088,6,blocked
6307,107,11,0.43874795114853926,0.3708768028326562,6,blocked
6308,108,11,0.6398568365714234,0.4147248046658185,6,blocked
6309,109,11,0.5280661449349763,0.311364258252244,6,blocked
6310,110,11,0.5182895901311872,0.3578080410888716,6,blocked
6311,111,11,0.6272807049989055,0.4386999385627678,6,blocked
6312,112,11,0.5424807590226898,0.3619187299582582,6,blocked
6313,113,11,0.5721936813465897,0.4417762775317074,6,blocked
6314,114,11,0.4593562789159734,0.3435555723459045,6,blocked
6315,115,11,0.6529560797992471,0.6480600477093479,6,blocked
6316,116,11,0.37450383490222244,0.39140901440001036,6,blocked
6317,117,11,0.6383272393252359,0.460241408200146,6,blocked
6318,118,11,0.6469984859448163,0.3456130038042537,6,blocked
6319,119,11,0.4161922426724611,0.5034971340317531,6,blocked
6320,120,11,0.1318164510833589,0.46873711098816506,6,blocked
6321,121,11,0.8143858106257897,0.5313221680717821,6,blocked
6322,122,11,0.8021123056363537,0.26029820462746023,6,blocked
6323,123,11,0.1759682794663813,0.6387889483110114,6,blocked
6324,124,11,0.8046532810979596,0.3572056229817121,6,blocked
6325,125,11,0.7993397659128136,0.3172360944940982,6,blocked
6326,126,11,0.11353608384179614,0.48290908426274015,6,blocked
6327,127,11,0.1350057656340286,0.6093628742641513,6,blocked
6328,128,11,0.1946553325572929,0.3969709716412992,6,blocked
6329,129,11,0.2493868292766408,0.40434432030994716,6,blocked
6330,130,11,0.6016706282209916,0.46804312837145456,6,blocked
6331,131,11,0.5744895657689476,0.3960826189506798,6,blocked
6332,132,11,0.7294681599844219,0.4057976308251391,6,blocked
6333,133,11,0.6291462835280668,0.3918422295342459,6,blocked
6334,134,11,0.5851744378900627,0.3982300010746427,6,blocked
6335,135,11,0.24961497379026615,0.44693623487417766,6,blocked
6336,136,11,0.7464451705384356,0.33090308087171416,6,blocked
6337,137,11,0.23719424176923348,0.32065027785845424,6,blocked
6338,138,11,0.20575292366641806,0.5572838268454727,6,blocked
6339,139,11,0.20025631186690934,0.46985216783639283,6,blocked
6340,140,11,0.6889555528305242,0.46588599953593723,6,blocked
6341,141,11,0.5853034295256521,0.3843093888052991,6,blocked
6342,142,11,0.7145126272183575,0.3411775290891361,6,blocked
6343,143,11,0.3438004916461551,0.3029962958716183,6,blocked
6344,144,11,0.3599492084710691,0.42296615128416326,6,blocked
6345,145,11,0.7104292661469205,0.4418725663248305,6,blocked
6346,146,11,0.18414484146752913,0.3446506092366938,6,blocked
6347,147,11,0.3614852796881993,0.42841206594737724,6,blocked
6348,148,11,0.24075825523221786,0.4131754218656717,6,blocked
6349,149,11,0.22773700836924796,0.44083155308550026,6,blocked
6350,150,11,0.5082599108004577,0.43594041625362223,6,blocked
6351,151,11,0.2607999982604829,0.4248041853871727,6,blocked
6352,152,11,0.5917711923486726,0.4459950545912612,6,blocked
6353,153,11,0.7519906595908101,0.42511870304483557,6,blocked
6354,154,11,0.31946364604138044,0.3682488604810973,6,blocked
6355,155,11,0.6118641061926126,0.354954052946691,6,blocked
6356,156,11,0.6039406278229751,0.27751477862331764,6,blocked
6357,157,11,0.3824026684712172,0.3689524104771097,6,blocked
6358,158,11,0.6542814900733868,0.40518551926895097,6,blocked
6359,159,11,0.2945872591688709,0.31158543695339624,6,blocked
6360,160,11,0.37176054785318075,0.4344582329319382,6,blocked
6361,161,11,0.28063703362888326,0.6844160768815615,6,blocked
6362,162,11,0.46943939145466906,0.3850237441780565,6,blocked
6363,163,11,0.4929749600928876,0.4611798101368547,6,blocked
6364,164,11,0.4295635889817636,0.5085351756138801,6,blocked
6365,165,11,0.4399863869059513,0.3249542003539889,6,blocked
6366,166,11,0.472051053246292,0.32674329921419737,6,blocked
6367,167,11,0.43174821663146223,0.339179978492906,6,blocked
6368,168,11,0.49490046280669403,0.3026365028227457,6,blocked
6369,169,11,0.5678669654950619,0.500599502946899,6,blocked
6370,170,11,0.671082254512456,0.3766807592216914,6,blocked
6371,171,11,0.4597070255656521,0.4041076360514063,6,blocked
6372,172,11,0.5466563652897273,0.4062923326297382,6,blocked
6373,173,11,0.7849584729732741,0.3736856515858125,6,blocked
6374,174,11,0.6736199782462305,0.27883326524484986,6,blocked
6375,175,11,0.5724886321959765,0.5624769020409157,6,blocked
6376,176,11,0.42845298181881664,0.47259805763900997,6,blocked
6377,177,11,0.4335724994131178,0.36399000992538044,6,blocked
6378,178,11,0.48069517649170984,0.4754121301257648,6,blocked
6379,179,11,0.8336054159226824,0.37881877345798354,6,blocked
6380,180,11,0.2274871513255684,0.4716722832994514,6,blocked
6381,181,11,0.7434997024238104,0.2747267683472127,6,blocked
6382,182,11,0.5027033674929038,0.523861502558371,6,blocked
6383,183,11,0.46456299971992576,0.3965662990064002,6,blocked
6384,184,11,0.16408137075512558,0.4202384475269181,6,blocked
6385,185,11,0.7765774835879887,0.34442956474283853,6,blocked
6386,186,11,0.6178112652749121,0.4114815986488073,6,blocked
6387,187,11,0.8391431353945009,0.4100123117222986,6,blocked
6388,188,11,0.7913723269086226,0.4195678522247207,6,blocked
6389,189,11,0.490185969042618,0.52091982058438,6,blocked
6390,190,11,0.49505916277932766,0.3607364472863348,6,blocked
6391,191,11,0.5621535365917791,0.2855546961780415,6,blocked
6392,192,11,0.32806944400979676,0.4894290723301249,6,blocked
6393,193,11,0.7851276933104958,0.396239188837871,6,blocked
6394,194,11,0.5783857237247472,0.36945844468853023,6,blocked
6395,195,11,0.6948831904874445,0.3010905508622114,6,blocked
6396,196,11,0.5594923226895882,0.4539391504242669,6,blocked
6397,197,11,0.8222743059061186,0.3733398416218268,6,blocked
6398,198,11,0.746975650435991,0.30581328843736083,6,blocked
6399,199,11,0.38370334951114937,0.39348075945488203,6,blocked
6400,0,0,0.00011123294665849253,1.3334706269000902,6,early
6401,1,0,0.999960642525467,0.8678722261550593,6,early
6402,2,0,0.9998595519607008,0.8610872246534473,6,early
6403,3,0,0.9998403653742209,0.6380357445506358,6,early
6404,4,0,0.00014351180260110748,0.9792896015852176,6,early
6405,5,0,0.9994500737829768,0.7244359833942655,6,early
6406,6,0,0.9987367594078388,0.6154753875356174,6,early
6407,7,0,0.9978700765917086,0.5515119256658436,6,early
6408,8,0,0.99847732518811,0.770024430772188,6,early
6409,9,0,0.0015989818375084532,0.7619491030231966,6,early
6410,10,0,0.005296916967846927,0.8570950679068237,6,early
6411,11,0,0.0022061930116306664,0.8692873872247822,6,early
6412,12,0,0.012795840665203543,0.7922379994140828,6,early
6413,13,0,0.9814683823676746,0.48243285928131396,6,early
6414,14,0,0.00662213286503279,0.7595761292712563,6,early
6415,15,0,0.027263090655650492,0.6348197610783621,6,early
6416,16,0,0.03542341058557273,0.5816003546854525,6,early
6417,17,0,0.99579700475835,0.5832176406256435,6,early
6418,18,0,0.9267867374419934,0.4900008248676677,6,early
6419,19,0,0.9633750589204743,0.35733221670054127,6,early
6420,20,0,0.9787520178058096,0.5925243605880381,6,early
6421,21,0,0.9620034366060646,0.5579471283949915,6,early
6422,22,0,0.04978397316933206,0.631276605942821,6,early
6423,23,0,0.022100677997889322,0.8071078963848545,6,early
6424,24,0,0.05005788612554909,0.49954211319057706,6,early
6425,25,0,0.9211470923659788,0.4690281168257403,6,early
6426,26,0,0.8123731155074889,0.639383018581238,6,early
6427,27,0,0.8465243876987562,0.28104438005065857,6,early
6428,28,0,0.04139074056370046,0.5680510965927065,6,early
6429,29,0,0.8063666625019443,0.5123683426192425,6,early
6430,30,0,0.005527200844803386,0.6242826838564972,6,early
6431,31,0,0.8786711749241205,0.696580180882655,6,early
6432,32,0,0.1440980347638695,0.5450840123573472,6,early
6433,33,0,0.9516490249926302,0.4402651779943779,6,early
6434,34,0,0.2106899996184827,0.5915173672115488,6,early
6435,35,0,0.8828075414108753,0.3786339636663113,6,early
6436,36,0,0.17627264220860558,0.5163787587137095,6,early
6437,37,0,0.7974504529014054,0.4880038100407412,6,early
6438,38,0,0.8033242872272217,0.49001030228303477,6,early
6439,39,0,0.9334761716706506,0.4709123359839388,6,early
6440,40,0,0.3625004141411589,0.4467707577091552,6,early
6441,41,0,0.5747241097750018,0.5487292776267509,6,early
6442,42,0,0.40054299030142343,0.5383878512486358,6,early
6443,43,0,0.7408771321001661,0.4987492780226296,6,early
6444,44,0,0.3742345452140443,0.5691443605402686,6,early
6445,45,0,0.3926892225029814,0.6078359303423304,6,early
6446,46,0,0.35439634424900013,0.5910943470458456,6,early
6447,47,0,0.6326997466393007,0.5180120658025636,6,early
6448,48,0,0.18006521478125567,0.5603917955993569,6,early
6449,49,0,0.2876384795211026,0.5827100629297299,6,early
6450,50,0,0.2538051901036278,0.5254641384603128,6,early
6451,51,0,0.4043870646571329,0.5848047856435824,6,early
6452,52,0,0.29254538303897276,0.7321690167154078,6,early
6453,53,0,0.5516420253062806,0.5567211154125997,6,early
6454,54,0,0.4132656259311511,0.4900117609147457,6,early
6455,55,0,0.35472004329845186,0.42278957238623677,6,early
6456,56,0,0.6580250673999865,0.5260053096612035,6,early
6457,57,0,0.26360733519059254,0.5881373509983319,6,early
6458,58,0,0.3368057366839258,0.6521556604677973,6,early
6459,59,0,0.7568968290136933,0.4963294495900745,6,early
6460,60,0,0.3593713560570534,0.5742736138796283,6,early
6461,61,0,0.7075826317707011,0.4517198242671941,6,early
6462,62,0,0.16265277953600643,0.6458635776324171,6,early
6463,63,0,0.19739004674602467,0.42374190849178217,6,early
6464,64,0,0.7627508986145866,0.4535897876832008,6,early
6465,65,0,0.298665784243923,0.7100828745194376,6,early
6466,66,0,0.6164707738547665,0.418086674614509,6,early
6467,67,0,0.7608199510181117,0.4583911608935308,6,early
6468,68,0,0.3909249697166694,0.5714402337631634,6,early
6469,69,0,0.359014770262538,0.5072799875934816,6,early
6470,70,0,0.8177330048492509,0.5415365885285577,6,early
6471,71,0,0.3495628354038211,0.48442183612065975,6,early
6472,72,0,0.273642304576897,0.5661848733652826,6,early
6473,73,0,0.18882607770962892,0.5021159537336453,6,early
6474,74,0,0.34551703570406,0.5701327031981096,6,early
6475,75,0,0.4065735199599857,0.6191704355066981,6,early
6476,76,0,0.2907765686165986,0.5537314616681452,6,early
6477,77,0,0.5564296286298009,0.4738469964034622,6,early
6478,78,0,0.4178360760842787,0.6120794672044014,6,early
6479,79,0,0.3144059630933362,0.40275524045818323,6,early
6480,80,0,0.3767342649185868,0.3382216680664013,6,early
6481,81,0,0.6204202812882228,0.49261433998873067,6,early
6482,82,0,0.12781513688238316,0.525710302376512,6,early
6483,83,0,0.5634018930922717,0.5100717029508188,6,early
6484,84,0,0.7543737247147013,0.551206641506927,6,early
6485,85,0,0.5924160975114651,0.42912870402780967,6,early
6486,86,0,0.8032001630177446,0.4728406274448445,6,early
6487,87,0,0.2646394605648612,0.5313317905965587,6,early
6488,88,0,0.8587480749679383,0.4692786723614901,6,early
6489,89,0,0.3000207435470179,0.588686966600703,6,early
6490,90,0,0.17589441507350104,0.6112814892929028,6,early
6491,91,0,0.5839670978799572,0.409541992819755,6,early
6492,92,0,0.8027982374609403,0.3114744583061603,6,early
6493,93,0,0.2825417914662534,0.5763815422239587,6,early
6494,94,0,0.7214881995082387,0.437792791327871,6,early
6495,95,0,0.6389748496140414,0.36567755178503947,6,early
6496,96,0,0.0953925872740237,0.5699910375024797,6,early
6497,97,0,0.6323382383950626,0.5786568852427687,6,early
6498,98,0,0.27786506966029256,0.4485451542780113,6,early
6499,99,0,0.26206376437974355,0.5052795124404252,6,early
6500,100,0,0.5602274836647343,0.4970270494431801,6,early
6501,101,0,0.33249435707111885,0.5052021570830578,6,early
6502,102,0,0.32706018373377754,0.5770279409704715,6,early
6503,103,0,0.6679818980493251,0.4922016900656878,6,early
6504,104,0,0.1993805650302362,0.42355827755757497,6,early
6505,105,0,0.6678171869651355,0.4873457984085582,6,early
6506,106,0,0.2259096123438229,0.5533054578186605,6,early
6507,107,0,0.6782874135468111,0.46403969733737704,6,early
6508,108,0,0.6203666645773277,0.4303326690811655,6,early
6509,109,0,0.23594323736385794,0.5393723745022141,6,early
6510,110,0,0.5611942851822572,0.5300533027407781,6,early
6511,111,0,0.7298725521816396,0.3501362738787259,6,early
6512,112,0,0.7028530352646933,0.41687217173859703,6,early
6513,113,0,0.40973535717575316,0.6382562796277587,6,early
6514,114,0,0.5526334045151661,0.45188287360481516,6,early
6515,115,0,0.2611009532688241,0.36593334767108643,6,early
6516,116,0,0.30094346146332496,0.506177653465163,6,early
6517,117,0,0.724897720945531,0.4626409843052437,6,early
6518,118,0,0.38061086799338717,0.4487731446143124,6,early
6519,119,0,0.29516673953636174,0.4509610124267649,6,early
6520,120,0,0.3992278707490461,0.38207745873313737,6,early
6521,121,0,0.31051582338164574,0.5931274394056981,6,early
6522,122,0,0.36657376610779413,0.3566857571834603,6,early
6523,123,0,0.27782017883284266,0.46610767692731214,6,early
6524,124,0,0.5779879292283373,0.5837613199233238,6,early
6525,125,0,0.3140377190121159,0.6245237553687584,6,early
6526,126,0,0.5710322862759866,0.5526669045842068,6,early
6527,127,0,0.6481929098280645,0.5940801644538289,6,early
6528,128,0,0.7529898482861066,0.5219643633823285,6,early
6529,129,0,0.5650805405038046,0.34307846243145307,6,early
6530,130,0,0.2439406183406847,0.5077323572062765,6,early
6531,131,0,0.3649643869182284,0.4778151429964326,6,early
6532,132,0,0.7367084265621485,0.6153243233228793,6,early
6533,133,0,0.5480385574028566,0.5809547265190125,6,early
6534,134,0,0.7269471738555222,0.4900725996583959,6,early
6535,135,0,0.3430187028334795,0.5266913190247038,6,early
6536,136,0,0.46710988531345976,0.5504288629379835,6,early
6537,137,0,0.6142833814233802,0.4603360509516763,6,early
6538,138,0,0.7737342872587764,0.5429859236135591,6,early
6539,139,0,0.3202152092447805,0.4389388400208344,6,early
6540,140,0,0.746890275740554,0.4286630057308225,6,early
6541,141,0,0.6879133087678747,0.46266761502483655,6,early
6542,142,0,0.20922503505392004,0.4652478003332477,6,early
6543,143,0,0.36912812345845103,0.3848974158753299,6,early
6544,144,0,0.5727251300038418,0.3870309329755729,6,early
6545,145,0,0.6618505366830039,0.44570901880620306,6,early
6546,146,0,0.6331243199085864,0.330186506080996,6,early
6547,147,0,0.696035206494045,0.4063201121229322,6,early
6548,148,0,0.6010361568496019,0.40133791207335434,6,early
6549,149,0,0.7109323114656555,0.3206658436686626,6,early
6550,150,0,0.7036834370561192,0.5652899771560906,6,early
6551,151,0,0.7455137091909474,0.4450058593443565,6,early
6552,152,0,0.6754024570277315,0.5098325355356248,6,early
6553,153,0,0.30681670167909075,0.45246501340057965,6,early
6554,154,0,0.34586560224445057,0.3406975804307291,6,early
6555,155,0,0.6193761263258679,0.4306196050330189,6,early
6556,156,0,0.7665608938531594,0.4632167234873118,6,early
6557,157,0,0.2730173632857494,0.4819515464119495,6,early
6558,158,0,0.582709965586058,0.5793088900310293,6,early
6559,159,0,0.3522965526942915,0.6003521268443381,6,early
6560,160,0,0.6182894146362603,0.4623093831010075,6,early
6561,161,0,0.26053157694305484,0.4609057382158679,6,early
6562,162,0,0.5454688103945502,0.45618193860656986,6,early
6563,163,0,0.35431655646970567,0.49538465087961503,6,early
6564,164,0,0.705302453392537,0.41817506258026793,6,early
6565,165,0,0.6303095730217985,0.5269010171805477,6,early
6566,166,0,0.7087531163134444,0.512890107230501,6,early
6567,167,0,0.2637320957487531,0.4640098540987112,6,early
6568,168,0,0.1957467165455619,0.40461199385232866,6,early
6569,169,0,0.7240684060873867,0.4400320541566579,6,early
6570,170,0,0.5529182679910049,0.39597680067407903,6,early
6571,171,0,0.651160354490148,0.49965629818094015,6,early
6572,172,0,0.5427248939707017,0.3975402932837572,6,early
6573,173,0,0.668696628542923,0.415712882503102,6,early
6574,174,0,0.3996161860628872,0.3037267813578085,6,early
6575,175,0,0.2609797849907593,0.6573743502738053,6,early
6576,176,0,0.7824709915974579,0.4652907929828359,6,early
6577,177,0,0.24490624975642142,0.5965535150590492,6,early
6578,178,0,0.6529338978280111,0.5283441145920422,6,early
6579,179,0,0.8119234753448663,0.42065773883094615,6,early
6580,180,0,0.7991994243461422,0.41619172699441076,6,early
6581,181,0,0.2179724957841972,0.3724335899408032,6,early
6582,182,0,0.7368434157610857,0.3613365525684443,6,early
6583,183,0,0.7459935592191373,0.5335987277689599,6,early
6584,184,0,0.5364843437748682,0.45089348754932135,6,early
6585,185,0,0.3392342875180566,0.5497355203210484,6,early
6586,186,0,0.6440530001536046,0.4242852613278243,6,early
6587,187,0,0.5516442820800146,0.4188082852811307,6,early
6588,188,0,0.5715682300808423,0.4346156449903429,6,early
6589,189,0,0.5591775762834952,0.42031586840339275,6,early
6590,190,0,0.8298686151525396,0.45711109359767027,6,early
6591,191,0,0.322975420082814,0.44878564879993377,6,early
6592,192,0,0.4003090200228432,0.5690281297194311,6,early
6593,193,0,0.5454721838393797,0.3895227556163927,6,early
6594,194,0,0.29126795927776833,0.36559803196282026,6,early
6595,195,0,0.35046907482410244,0.365722471321456,6,early
6596,196,0,0.6758698923393202,0.53611409535926,6,early
6597,197,0,0.5106752229764915,0.5248770933217735,6,early
6598,198,0,0.6975843571556275,0.3524271796931878,6,early
6599,199,0,0.6317102879029438,0.321361020322758,6,early
6600,0,0,0.4812762467170539,0.5846939394252131,6,middle
6601,1,0,0.022772470828680728,0.741727833575196,6,middle
6602,2,0,0.5461459128646473,0.5272729711040589,6,middle
6603,3,0,0.030468876203875186,0.6658603134107777,6,middle
6604,4,0,0.5384651598925555,0.48605163049429073,6,middle
6605,5,1,0.010914544000848044,1.004196557296782,6,middle
6606,6,2,0.3633738169688768,0.9999585961955937,6,middle
6607,7,0,0.959982140157491,0.4339074178573355,6,middle
6608,8,3,0.15096597810644588,0.8604463513442613,6,middle
6609,9,3,0.11759119154468489,0.5341683272187918,6,middle
6610,10,0,0.6552944842616355,0.36190859453356694,6,middle
6611,11,0,0.968348525628678,0.4033448722005436,6,middle
6612,12,0,0.5566597781269856,0.5488630928471336,6,middle
6613,13,0,0.9104757422820928,0.5561478031212572,6,middle
6614,14,0,0.5159591677952523,0.5308912357331328,6,middle
6615,15,3,0.3600672884497052,0.8071728128914826,6,middle
6616,16,3,0.5998038106488907,0.6231187547019983,6,middle
6617,17,0,0.9520344458134908,0.4401992071640182,6,middle
6618,18,3,0.21784370968376776,0.3846136712545766,6,middle
6619,19,3,0.5721348408034893,0.6421006248094752,6,middle
6620,20,0,0.4520592267810094,0.40505289575033754,6,middle
6621,21,0,0.04784817092975352,0.6128513317099953,6,middle
6622,22,0,0.568812324707554,0.47729838403880537,6,middle
6623,23,3,0.1358588434857381,0.6883785653983793,6,middle
6624,24,0,0.5879824605463491,0.3507686323123246,6,middle
6625,25,3,0.045537610445197066,0.7049046697075864,6,middle
6626,26,3,0.2789557679158136,0.5711684537015573,6,middle
6627,27,3,0.8091793101645128,0.6110588663651674,6,middle
6628,28,0,0.35718685321434845,0.40952280783213657,6,middle
6629,29,0,0.8715333587779694,0.525987969588681,6,middle
6630,30,0,0.4412408450095916,0.48388849623008734,6,middle
6631,31,3,0.7174400541593069,0.4419964825608742,6,middle
6632,32,3,0.3478411296163621,0.5296829975460763,6,middle
6633,33,0,0.2729687186102348,0.6381006765687323,6,middle
6634,34,0,0.562663894988216,0.7007251506400505,6,middle
6635,35,0,0.6265302696126476,0.671309799351103,6,middle
6636,36,0,0.4447287573004275,0.5427344741745754,6,middle
6637,37,0,0.12353722165697051,0.4731448931250156,6,middle
6638,38,0,0.46032632339351487,0.616200680297711,6,middle
6639,39,3,0.9263324265642355,0.524457301241341,6,middle
6640,40,0,0.26397060944307965,0.7763255614110435,6,middle
6641,41,0,0.7099519239073266,0.46581589502087306,6,middle
6642,42,0,0.37695813457157057,0.6764268776900835,6,middle
6643,43,0,0.511475325908833,0.5998373864737823,6,middle
6644,44,0,0.41718005414345977,0.5396908551397469,6,middle
6645,45,0,0.4988559958066858,0.548119928730511,6,middle
6646,46,0,0.4975244066981534,0.5008548832333408,6,middle
6647,47,0,0.3671597751048306,0.640647410281659,6,middle
6648,48,0,0.4267074009657281,0.5483939174987947,6,middle
6649,49,0,0.5604044039528218,0.439051502003611,6,middle
6650,50,0,0.6009990802109793,0.5618968304958478,6,middle
6651,51,0,0.5058116527142511,0.4741512187080962,6,middle
6652,52,0,0.5314019890216262,0.4571958175392654,6,middle
6653,53,0,0.5057861846945515,0.5034616430254424,6,middle
6654,54,0,0.4808457920999039,0.6055078183192479,6,middle
6655,55,0,0.5758863668051248,0.4457104015322712,6,middle
6656,56,0,0.5869710387797383,0.5877640551917686,6,middle
6657,57,0,0.4632479522360302,0.5357686114091639,6,middle
6658,58,0,0.5352576897449614,0.5360722675031695,6,middle
6659,59,0,0.5134726286098195,0.46517899960756887,6,middle
6660,60,0,0.5451949723110459,0.5414176492792022,6,middle
6661,61,0,0.5266547292456842,0.47445948797085724,6,middle
6662,62,0,0.5467750393324956,0.3121147129860279,6,middle
6663,63,0,0.6087946527945796,0.42610041937850374,6,middle
6664,64,3,0.48621132879695483,0.4707989396649852,6,middle
6665,65,3,0.48468596834528993,0.5919919305931822,6,middle
6666,66,0,0.3735840234994571,0.47168798530084954,6,middle
6667,67,0,0.6081044054510802,0.5418973522653073,6,middle
6668,68,0,0.5338749453543763,0.5307866451052128,6,middle
6669,69,0,0.4567570915782018,0.4937861188329291,6,middle
6670,70,0,0.7941235099877235,0.6113069909303349,6,middle
6671,71,0,0.592349472779437,0.5470490375699246,6,middle
6672,72,0,0.5125708477036075,0.5352976133775865,6,middle
6673,73,0,0.37269098590874433,0.45334710215545587,6,middle
6674,74,0,0.5664043530614666,0.5224767054946207,6,middle
6675,75,0,0.7371044030409295,0.5465270196888732,6,middle
6676,76,3,0.48756399538605266,0.7221764934110525,6,middle
6677,77,0,0.5049046842296027,0.49120240620096145,6,middle
6678,78,0,0.7701286673662695,0.6935641070605345,6,middle
6679,79,0,0.712278796044369,0.4714930696515597,6,middle
6680,80,0,0.1796227874553943,0.4603206779189496,6,middle
6681,81,0,0.21249747847296077,0.5702695845019854,6,middle
6682,82,0,0.7593919043306105,0.5252036296521676,6,middle
6683,83,0,0.6559174042225413,0.37992375871857176,6,middle
6684,84,0,0.1283422099563593,0.540413846814289,6,middle
6685,85,0,0.7403530028554645,0.5118218139204818,6,middle
6686,86,0,0.1339954888798276,0.5217694282194547,6,middle
6687,87,0,0.7893037612430128,0.387110270359704,6,middle
6688,88,0,0.8125310769206531,0.3307382220009739,6,middle
6689,89,0,0.8834680176868367,0.4527609978880127,6,middle
6690,90,0,0.09399214777290746,0.507295314060107,6,middle
6691,91,0,0.9259275719808947,0.535362747584168,6,middle
6692,92,0,0.8005834891965925,0.47679826410200454,6,middle
6693,93,0,0.8836031740773759,0.42178862178195986,6,middle
6694,94,0,0.12735305617770692,0.5267685740098969,6,middle
6695,95,0,0.06173001114999296,0.5125625297517429,6,middle
6696,96,0,0.8136932383320641,0.3444175188141044,6,middle
6697,97,0,0.13738773508964452,0.47582075214663494,6,middle
6698,98,0,0.787504900737736,0.4542087201631045,6,middle
6699,99,0,0.143373388537683,0.44417766784873414,6,middle
6700,100,0,0.8486061012696737,0.45618886394436164,6,middle
6701,101,0,0.8028427117214214,0.32928461392853015,6,middle
6702,102,0,0.8387047226788249,0.3301216819685191,6,middle
6703,103,0,0.20436023696448494,0.37747243617727166,6,middle
6704,104,0,0.9435097754417954,0.35016890951359697,6,middle
6705,105,0,0.8699135948395602,0.3622661710745038,6,middle
6706,106,0,0.047746930148760296,0.4988857500852485,6,middle
6707,107,0,0.8271005131113338,0.5169146768638944,6,middle
6708,108,0,0.9260002608017728,0.3478004562685132,6,middle
6709,109,0,0.06663885126761099,0.6466381880402094,6,middle
6710,110,0,0.9068748292335,0.4202045144155484,6,middle
6711,111,0,0.9636703975415861,0.3421254213733176,6,middle
6712,112,0,0.9249781199965404,0.41248057960985857,6,middle
6713,113,0,0.04263597831309107,0.42840399963830994,6,middle
6714,114,0,0.8812781815857396,0.15779962765055272,6,middle
6715,115,0,0.13417849909006127,0.6338212210527616,6,middle
6716,116,0,0.08917044553742665,0.5986012034695328,6,middle
6717,117,0,0.19314307517896173,0.38996231985140184,6,middle
6718,118,0,0.8124243726651367,0.37442925458403953,6,middle
6719,119,0,0.9379148842421624,0.3990769837870809,6,middle
6720,120,0,0.5123606838779057,0.4764661342532453,6,middle
6721,121,0,0.12686673474853213,0.5098285092043235,6,middle
6722,122,0,0.55591089630019,0.36864031693638166,6,middle
6723,123,0,0.8958719586557867,0.4454100060842193,6,middle
6724,124,0,0.5735504986077374,0.4467141273710016,6,middle
6725,125,0,0.6154548738120051,0.40077388469548597,6,middle
6726,126,0,0.45625479406504116,0.4750249072456016,6,middle
6727,127,0,0.33246510808989466,0.5919777797956001,6,middle
6728,128,0,0.6859678195543306,0.4657765279205247,6,middle
6729,129,0,0.92812849451489,0.40969744306821865,6,middle
6730,130,0,0.5137093691280394,0.34512941025337396,6,middle
6731,131,0,0.793203372093521,0.4330883318134761,6,middle
6732,132,0,0.49314748987389545,0.34833271791105536,6,middle
6733,133,0,0.20287569795852192,0.5838908981179974,6,middle
6734,134,0,0.6333550828902292,0.4737033106196832,6,middle
6735,135,0,0.11521021619710015,0.43117816630264166,6,middle
6736,136,3,0.5302319101285206,0.6131130396188245,6,middle
6737,137,3,0.238843069334355,0.5611837924211517,6,middle
6738,138,0,0.5166238066840299,0.441187648159587,6,middle
6739,139,0,0.12716943203949932,0.40446261381035953,6,middle
6740,140,0,0.5119801826731132,0.3360310360476967,6,middle
6741,141,0,0.7568887589823603,0.46431805493305545,6,middle
6742,142,0,0.5392131383482063,0.46703065355815987,6,middle
6743,143,0,0.7453974276848513,0.3886868747477981,6,middle
6744,144,0,0.5153844982082223,0.4659996547295323,6,middle
6745,145,0,0.8315321710044322,0.30340872437640026,6,middle
6746,146,0,0.5890753637151777,0.5506060668598274,6,middle
6747,147,0,0.1751649267655995,0.4898763590988331,6,middle
6748,148,0,0.4244306454528555,0.4755834787258778,6,middle
6749,149,0,0.8820173723153777,0.29767049279862057,6,middle
6750,150,0,0.4230974299185092,0.5747319454208304,6,middle
6751,151,0,0.22062335933531718,0.5196424568858278,6,middle
6752,152,0,0.5075067375715256,0.33738594560436713,6,middle
6753,153,0,0.9169621284295675,0.35169781639873454,6,middle
6754,154,3,0.5176072585254623,0.5304651960165027,6,middle
6755,155,0,0.7936928074420708,0.48649099014146,6,middle
6756,156,0,0.45790036233574916,0.3607668018839784,6,middle
6757,157,0,0.7745176325566152,0.3498710252304391,6,middle
6758,158,0,0.623072021399436,0.5387772998955047,6,middle
6759,159,0,0.723485849634411,0.39077513776212924,6,middle
6760,160,0,0.5321397855218218,0.6037348543124151,6,middle
6761,161,0,0.4647950355863322,0.36268277738414095,6,middle
6762,162,0,0.6931896835057474,0.38006003255866777,6,middle
6763,163,0,0.5013726309703623,0.5693335814692362,6,middle
6764,164,0,0.5570452930317289,0.4044767085373871,6,middle
6765,165,0,0.8279766431548289,0.4318602565899158,6,middle
6766,166,0,0.5930273725253462,0.2853135270946603,6,middle
6767,167,0,0.592641131585896,0.5207231061998867,6,middle
6768,168,0,0.5705184783028203,0.3800150061484426,6,middle
6769,169,0,0.6762760095204762,0.45241411684304844,6,middle
6770,170,0,0.5299625617113256,0.47891147133261697,6,middle
6771,171,0,0.7088578062574775,0.5589256849090204,6,middle
6772,172,0,0.6195531902133213,0.4788126455660221,6,middle
6773,173,0,0.18585957689132473,0.39221194933303094,6,middle
6774,174,0,0.592803917792621,0.5098128212938094,6,middle
6775,175,0,0.42254495801619124,0.4499853520399089,6,middle
6776,176,0,0.6897711415989276,0.5556184393726042,6,middle
6777,177,0,0.5928981821637711,0.5458117937890308,6,middle
6778,178,0,0.9029995492124705,0.44561880774015883,6,middle
6779,179,0,0.5500988494771573,0.37378088450772134,6,middle
6780,180,0,0.877632716852853,0.48514813643768284,6,middle
6781,181,0,0.9533783798219986,0.4296517074723197,6,middle
6782,182,0,0.7105871833027257,0.4576267316622458,6,middle
6783,183,0,0.6609508701054607,0.45097366765467894,6,middle
6784,184,0,0.9360232282469887,0.33556183730644695,6,middle
6785,185,0,0.6667653735377592,0.4400608267996178,6,middle
6786,186,0,0.6533350987971682,0.4417512564052549,6,middle
6787,187,0,0.4927024569044374,0.29654430976716706,6,middle
6788,188,0,0.09589307689054169,0.5876349840555813,6,middle
6789,189,3,0.6130282917839465,0.46879213982152923,6,middle
6790,190,0,0.19469052942619436,0.4912920598462849,6,middle
6791,191,0,0.1056960262026427,0.49455346530472327,6,middle
6792,192,0,0.8647498240418121,0.436701032996642,6,middle
6793,193,0,0.5176154155877454,0.5452786831847056,6,middle
6794,194,0,0.9097582115862319,0.4764049061829243,6,middle
6795,195,0,0.4680716203944878,0.3850670966747911,6,middle
6796,196,0,0.6562958166706516,0.32852065733159086,6,middle
6797,197,0,0.527826996211717,0.31963282595169024,6,middle
6798,198,0,0.513228352874474,0.4140729653760096,6,middle
6799,199,0,0.458899206160027,0.38477656664224,6,middle
6800,0,0,0.7767553094128081,0.5512221510755921,6,late
6801,1,0,0.43046257634978075,0.6495585515836466,6,late
6802,2,0,0.7025016820064911,0.7147686508954565,6,late
6803,3,0,0.6593282768651079,0.6903180878919098,6,late
6804,4,0,0.5110246963244198,0.601735760209086,6,late
6805,5,0,0.40728083850108343,0.46793602655284194,6,late
6806,6,0,0.6980076284916825,0.5557260400808238,6,late
6807,7,0,0.7295978686389375,0.5595957522831736,6,late
6808,8,0,0.43949226431547633,0.7593877455919994,6,late
6809,9,0,0.6866734012974364,0.6610796408631949,6,late
6810,10,0,0.6038815834567333,0.5670320416511738,6,late
6811,11,0,0.26555794392270005,0.6255799459665734,6,late
6812,12,0,0.535982018161177,0.485757372850076,6,late
6813,13,0,0.3405351624684985,0.6245399795397083,6,late
6814,14,0,0.6122724687490342,0.5806749227540933,6,late
6815,15,0,0.23059457229538324,0.5711488912320261,6,late
6816,16,0,0.8269903953828508,0.5378531163812192,6,late
6817,17,0,0.5186085015007882,0.5066619031580002,6,late
6818,18,0,0.45338965420830424,0.5951451031901733,6,late
6819,19,0,0.6149907510043019,0.5910857023846159,6,late
6820,20,0,0.8600062265067271,0.5758130053201356,6,late
6821,21,0,0.7135238767895156,0.5667139842520293,6,late
6822,22,0,0.5640960436355693,0.4358813664281208,6,late
6823,23,0,0.31681239112319737,0.45458803249290036,6,late
6824,24,0,0.6476371214942023,0.4684055970216531,6,late
6825,25,0,0.6551723002998111,0.36682157333831483,6,late
6826,26,0,0.669270897637473,0.5493491414132303,6,late
6827,27,0,0.29084353534688656,0.5561187447621724,6,late
6828,28,0,0.865124287851055,0.5813328734903067,6,late
6829,29,0,0.4508833283412238,0.6174669401275714,6,late
6830,30,0,0.7361597699850846,0.5647886747842032,6,late
6831,31,0,0.4867047740097981,0.4404285854538847,6,late
6832,32,0,0.8180661973598923,0.591630867648233,6,late
6833,33,0,0.40853846530130494,0.5293477992734301,6,late
6834,34,0,0.20659362796732417,0.5178314841881493,6,late
6835,35,0,0.4148863404984447,0.6504459227965811,6,late
6836,36,0,0.2979480089327675,0.4908419665260934,6,late
6837,37,0,0.49090174184488367,0.5106799840879626,6,late
6838,38,0,0.8645029617530768,0.5411783969627202,6,late
6839,39,0,0.2894892471087538,0.44601554428862744,6,late
6840,40,0,0.6812661254993134,0.5468188707820778,6,late
6841,41,0,0.571402108299343,0.64411104379166,6,late
6842,42,0,0.7369479325475483,0.3734449065989168,6,late
6843,43,0,0.46821176196890163,0.490775315114502,6,late
6844,44,0,0.15492190894210348,0.6208562694549672,6,late
6845,45,0,0.424248111101131,0.3651587183395628,6,late
6846,46,0,0.8401116064665881,0.3921720603885486,6,late
6847,47,0,0.48684028232923293,0.530194410897196,6,late
6848,48,0,0.38795568027563676,0.5284288656956226,6,late
6849,49,0,0.6515642374339814,0.4202364282856863,6,late
6850,50,0,0.16714386945707832,0.4780554308173367,6,late
6851,51,0,0.6955368807136999,0.34520813198848815,6,late
6852,52,0,0.7672836660667604,0.3458368348216726,6,late
6853,53,0,0.39230473856166803,0.4427622264763703,6,late
6854,54,0,0.9127756280009836,0.4426066274497356,6,late
6855,55,0,0.42193150893420844,0.5053377843228952,6,late
6856,56,0,0.08319889075290197,0.5463056298625608,6,late
6857,57,0,0.8560702553483069,0.5658467906579586,6,late
6858,58,0,0.7487745662296561,0.42750929030361173,6,late
6859,59,0,0.6807519861515325,0.4519071106724125,6,late
6860,60,0,0.21270071691995654,0.6046125338481527,6,late
6861,61,0,0.6411418080201905,0.4790288462960286,6,late
6862,62,0,0.8328777738777476,0.4413852677341288,6,late
6863,63,0,0.5491593455511179,0.4499114025256532,6,late
6864,64,0,0.9503569256781406,0.5401834056031896,6,late
6865,65,0,0.7349624203585732,0.44083087854859343,6,late
6866,66,0,0.2825265804836974,0.48437481048728337,6,late
6867,67,0,0.615739006333391,0.4215701794409068,6,late
6868,68,0,0.26916794993151677,0.4993071191105136,6,late
6869,69,0,0.7896342794851807,0.43256578336005336,6,late
6870,70,0,0.09433143438635669,0.5706113888770008,6,late
6871,71,0,0.334723467847243,0.3802982473388123,6,late
6872,72,0,0.8148581559923023,0.3614619911985044,6,late
6873,73,0,0.6718675976966066,0.3290159128147669,6,late
6874,74,0,0.34493212848778604,0.4603968565773867,6,late
6875,75,0,0.7261414481046083,0.48727484758859596,6,late
6876,76,0,0.9225462244302123,0.47719462456503225,6,late
6877,77,0,0.7564500606338198,0.32673328045693895,6,late
6878,78,0,0.6431470967954087,0.4291166296686596,6,late
6879,79,0,0.5036909093090488,0.5421912729375163,6,late
6880,80,0,0.3294412018252136,0.444408202902435,6,late
6881,81,0,0.3690565603115582,0.5366278773245229,6,late
6882,82,0,0.8848045296459931,0.5294990562304209,6,late
6883,83,0,0.8689310960360378,0.49455131113307593,6,late
6884,84,0,0.7590270825812292,0.3610195617655766,6,late
6885,85,0,0.7341997238922977,0.3752944471019874,6,late
6886,86,0,0.26773084316321194,0.3898878659074133,6,late
6887,87,0,0.45576891212532533,0.5006435994003415,6,late
6888,88,0,0.4363496899014615,0.43686091508728275,6,late
6889,89,0,0.42158484270708957,0.4479624084739682,6,late
6890,90,0,0.5913572877510519,0.5722672375142035,6,late
6891,91,0,0.4117538612102041,0.5204584115784727,6,late
6892,92,0,0.645611490923347,0.45827958094825266,6,late
6893,93,0,0.6196744631288592,0.4440951932878619,6,late
6894,94,0,0.6089112927801895,0.4448084986326396,6,late
6895,95,0,0.3973686092089208,0.5084221892682589,6,late
6896,96,0,0.8876313721056721,0.457497555612172,6,late
6897,97,0,0.5695097385919059,0.5535795015223093,6,late
6898,98,0,0.642697684765527,0.47910135178847224,6,late
6899,99,0,0.8007769594006076,0.5455930554987025,6,late
6900,100,0,0.2786167204307925,0.5006749425796212,6,late
6901,101,0,0.21953819699868132,0.5394067656851609,6,late
6902,102,0,0.7694478412399145,0.3333525524432146,6,late
6903,103,0,0.45652522335673296,0.49466161528911723,6,late
6904,104,0,0.7954859476138132,0.4330776355705517,6,late
6905,105,0,0.3900128525199374,0.45715051253914796,6,late
6906,106,0,0.436279188135142,0.5375323437737238,6,late
6907,107,0,0.32784069845781916,0.41058404805239174,6,late
6908,108,0,0.3399676085709926,0.48464304392835467,6,late
6909,109,0,0.8197073613692349,0.4298224252638686,6,late
6910,110,0,0.5376877501449004,0.49885541058617094,6,late
6911,111,0,0.7689187308073673,0.400614089381482,6,late
6912,112,0,0.10775075149769653,0.6238813590712072,6,late
6913,113,0,0.5447496307749147,0.4061695825919051,6,late
6914,114,0,0.7447710876086755,0.438162051579559,6,late
6915,115,0,0.7077913151913269,0.43200097520172387,6,late
6916,116,0,0.3200193153402334,0.5320527943664421,6,late
6917,117,0,0.703308775868156,0.4112000993062876,6,late
6918,118,0,0.7878809893455443,0.4265145240416355,6,late
6919,119,0,0.8318813268670135,0.4208268495434827,6,late
6920,120,0,0.41905723816529505,0.4754701894674787,6,late
6921,121,0,0.5241409351607365,0.4150955691099687,6,late
6922,122,0,0.5310514989301295,0.4707553793408878,6,late
6923,123,0,0.729166134752449,0.590522667059846,6,late
6924,124,0,0.690924620309703,0.5722767953249819,6,late
6925,125,0,0.6899241742732795,0.5705137001231138,6,late
6926,126,0,0.7595263403217244,0.4426259857968056,6,late
6927,127,0,0.3605258107731824,0.5263530932591681,6,late
6928,128,0,0.44170705803489224,0.45525936446533577,6,late
6929,129,0,0.7323192139344857,0.4818030825752857,6,late
6930,130,0,0.40862317706130397,0.5033200057235171,6,late
6931,131,0,0.5059247413384159,0.6245935010871728,6,late
6932,132,0,0.36765804315727874,0.49108510797313676,6,late
6933,133,0,0.8079299894833386,0.45152344038814934,6,late
6934,134,0,0.7633058531012982,0.3755128309074278,6,late
6935,135,0,0.5689253716721846,0.5568619325800548,6,late
6936,136,0,0.34893713117454006,0.5121999035569254,6,late
6937,137,0,0.6263361579235385,0.3953872596390501,6,late
6938,138,0,0.46018427665597605,0.34538136254548946,6,late
6939,139,0,0.5379069719296012,0.6054585855013224,6,late
6940,140,0,0.5575084198477163,0.4457324420834451,6,late
6941,141,0,0.4057429580903894,0.39576682667907703,6,late
6942,142,0,0.4707100621280836,0.5731328304347808,6,late
6943,143,0,0.7343503277639342,0.44001154233892864,6,late
6944,144,0,0.688471777674294,0.48858396351569666,6,late
6945,145,0,0.4998995248062646,0.3437842552243655,6,late
6946,146,0,0.7980132629461404,0.4260721866276475,6,late
6947,147,0,0.6810931743764985,0.3845193367531002,6,late
6948,148,0,0.7683326591111196,0.4174539257545469,6,late
6949,149,0,0.33688897766752285,0.34986947399174273,6,late
6950,150,0,0.7705734698594183,0.4109087604792281,6,late
6951,151,0,0.4680734192525151,0.5592756347046215,6,late
6952,152,0,0.8637090151483003,0.4647996370302369,6,late
6953,153,0,0.7284971039270167,0.5030097402431677,6,late
6954,154,0,0.7930555466656593,0.42154612266778946,6,late
6955,155,0,0.4494561008616754,0.4858051252503187,6,late
6956,156,0,0.7016689499908159,0.4453191907099312,6,late
6957,157,0,0.7238131504217817,0.4984726150838257,6,late
6958,158,0,0.7740083554584974,0.5452357336739405,6,late
6959,159,0,0.7740146544586881,0.464994692231284,6,late
6960,160,0,0.3303675598895167,0.40063424138793524,6,late
6961,161,0,0.22247492382560324,0.44996330437980847,6,late
6962,162,0,0.3172770945313118,0.42838326729833853,6,late
6963,163,0,0.6790799307241051,0.3797831093161709,6,late
6964,164,0,0.6416754808675349,0.4326795330736358,6,late
6965,165,0,0.40356783342521746,0.529346664435453,6,late
6966,166,0,0.3264323768111972,0.3746497369754817,6,late
6967,167,0,0.218820151833616,0.49476513654971854,6,late
6968,168,0,0.30457035578712793,0.44936094718565756,6,late
6969,169,0,0.7844527641510248,0.37646413739317486,6,late
6970,170,0,0.19549490204993672,0.4787863055663386,6,late
6971,171,0,0.42255287942494024,0.4277517591023472,6,late
6972,172,0,0.7513059707720271,0.4445505661679083,6,late
6973,173,0,0.7614525405671173,0.3456392148989864,6,late
6974,174,0,0.5801398454896636,0.4382939630741679,6,late
6975,175,0,0.7948972843719873,0.4413747299360459,6,late
6976,176,0,0.6309949678881437,0.32011266537653693,6,late
6977,177,0,0.8893195765985453,0.40041573014050735,6,late
6978,178,0,0.24434720171311936,0.5701596014234105,6,late
6979,179,0,0.6511867921162888,0.3487552905470682,6,late
6980,180,0,0.8653134508022424,0.4478763847891971,6,late
6981,181,0,0.24983403739038512,0.4558894945742333,6,late
6982,182,0,0.18201458845008478,0.5163751568331172,6,late
6983,183,0,0.26351457367360753,0.44137802384494884,6,late
6984,184,0,0.799222726981971,0.5191971316281778,6,late
6985,185,0,0.8427867102697908,0.46002327025575496,6,late
6986,186,0,0.06468506339330664,0.7678760954421346,6,late
6987,187,0,0.5961921241369745,0.32920461954964425,6,late
6988,188,0,0.49690179723993744,0.47968687281131983,6,late
6989,189,0,0.2590455749826361,0.5594556153725087,6,late
6990,190,0,0.6675676192876345,0.43773311046723185,6,late
6991,191,0,0.6958966743132142,0.4018498231073857,6,late
6992,192,0,0.4926190012617629,0.46642169101649833,6,late
6993,193,0,0.4499822052157129,0.4932298512414026,6,late
6994,194,0,0.41966292626242563,0.4556190147427557,6,late
6995,195,0,0.37297059395947985,0.5775771933880636,6,late
6996,196,0,0.38064288771899935,0.4828327442220367,6,late
6997,197,0,0.4593478978118789,0.4808915419498593,6,late
6998,198,0,0.6436210107871614,0.478144920833504,6,late
6999,199,0,0.3231346177117571,0.5312574830108479,6,late
7000,0,0,0.8105959449815985,0.7568402626620355,7,interleaved
7001,1,0,0.46867862342925415,0.6667612902030882,7,interleaved
7002,2,1,0.3434167265404096,1.4616519645555612,7,interleaved
7003,3,2,0.8874188509128442,1.0540265396046817,7,interleaved
7004,4,3,0.5106452785386782,0.8387484795674973,7,interleaved
7005,5,4,0.09859528644229468,1.0576760348806022,7,interleaved
7006,6,5,0.03282429405925606,0.9906910609617773,7,interleaved
7007,7,6,0.9860216346121857,0.8132093456100689,7,interleaved
7008,8,7,0.3061727856410608,1.4801424568340367,7,interleaved
7009,9,8,0.00034837689425206727,1.3663214548401257,7,interleaved
7010,10,9,0.509805540059997,1.1861112170498997,7,interleaved
7011,11,10,0.003772163074940518,1.3660247565949843,7,interleaved
7012,12,11,0.02976979621790514,1.426695590899607,7,interleaved
7013,13,12,0.6133321645552209,1.1461634658867297,7,interleaved
7014,14,13,0.7280973523458334,0.924427717162754,7,interleaved
7015,15,14,0.0553314926744181,1.0227030374030872,7,interleaved
7016,16,15,0.6147584570967175,0.8486553853487732,7,interleaved
7017,17,16,0.38230078886341334,0.8542708564564327,7,interleaved
7018,18,17,0.4883835326845603,0.8861573338120924,7,interleaved
7019,19,18,0.43352437142744427,0.8031142396257624,7,interleaved
7020,20,16,0.24465594364086582,1.1649933612752164,7,interleaved
7021,21,19,0.1126909216764492,0.8200629083085927,7,interleaved
7022,22,0,0.730532411949449,0.5137761393125301,7,interleaved
7023,23,0,0.5202045937524832,0.5982106925666311,7,interleaved
7024,24,20,0.24914381225320195,1.005002359106866,7,interleaved
7025,25,21,0.15261813900331211,1.1740631279864553,7,interleaved
7026,26,0,0.6239919671059824,0.5023588620318278,7,interleaved
7027,27,22,0.46687262695119236,0.7208681940721116,7,interleaved
7028,28,22,0.946657155410122,0.6910906381426136,7,interleaved
7029,29,22,0.3699436916801346,0.6124169500863693,7,interleaved
7030,30,22,0.8781143961258921,0.5398924823610806,7,interleaved
7031,31,22,0.6208636261630567,0.5178922380883133,7,interleaved
7032,32,22,0.13492538777190427,0.7724812029230386,7,interleaved
7033,33,22,0.7893344204428394,0.49320675630292027,7,interleaved
7034,34,22,0.8607833712047918,0.5137104536886605,7,interleaved
7035,35,22,0.1676187963888116,0.6364340577576793,7,interleaved
7036,36,22,0.6895212413088373,0.4833863547657897,7,interleaved
7037,37,22,0.2069395033510891,0.5630635186211137,7,interleaved
7038,38,22,0.3181459674338927,0.545126739508278,7,interleaved
7039,39,22,0.3239275686397756,0.5949431190971856,7,interleaved
7040,40,22,0.40196442163500223,0.5648811708802881,7,interleaved
7041,41,22,0.31636059643152664,0.7121624730301096,7,interleaved
7042,42,22,0.4350285173890336,0.4809140944087973,7,interleaved
7043,43,22,0.8203155863827631,0.5443780022168068,7,interleaved
7044,44,22,0.4397538433096537,0.452771487909564,7,interleaved
7045,45,22,0.1358686759965401,0.5467936260215494,7,interleaved
7046,46,22,0.5540713949326247,0.49443622164110523,7,interleaved
7047,47,22,0.13424252767321787,0.6496857882715227,7,interleaved
7048,48,22,0.5444580587400731,0.5814258939007877,7,interleaved
7049,49,22,0.7304313501753428,0.486115917562737,7,interleaved
7050,50,22,0.6230853977651878,0.5013300564735443,7,interleaved
7051,51,22,0.6823041318757141,0.40327181169647847,7,interleaved
7052,52,22,0.19885689544309382,0.589591313277485,7,interleaved
7053,53,22,0.19724994883673969,0.4658743832858997,7,interleaved
7054,54,22,0.6786945165652277,0.44643206594639356,7,interleaved
7055,55,22,0.12707348868861634,0.5239745596825548,7,interleaved
7056,56,22,0.5661378998555563,0.41608483165071086,7,interleaved
7057,57,22,0.19972675944278676,0.622504632167765,7,interleaved
7058,58,22,0.6369157761484613,0.5177212231510471,7,interleaved
7059,59,22,0.24004127657383342,0.48781555680446204,7,interleaved
7060,60,22,0.23093438515287054,0.5588949338627759,7,interleaved
7061,61,22,0.30620877056886253,0.41359946160251826,7,interleaved
7062,62,22,0.4209418973154948,0.5327140289927172,7,interleaved
7063,63,22,0.3571881839070965,0.46138510468679617,7,interleaved
7064,64,22,0.32554376079246766,0.6202756285150803,7,interleaved
7065,65,22,0.4014441884515211,0.6123733229949455,7,interleaved
7066,66,22,0.6992533232241536,0.5135923672274885,7,interleaved
7067,67,22,0.5708763527731638,0.49498782964976934,7,interleaved
7068,68,22,0.47401569050561276,0.47173826708325994,7,interleaved
7069,69,22,0.2301726779399517,0.5851169024509937,7,interleaved
7070,70,22,0.6436195447466229,0.32493732911129225,7,interleaved
7071,71,22,0.1991366842201602,0.6591487002889532,7,interleaved
7072,72,22,0.7090699907172,0.5009745680390552,7,interleaved
7073,73,22,0.7287002469430411,0.49415021580032625,7,interleaved
7074,74,22,0.5445315486931259,0.4285241889216561,7,interleaved
7075,75,22,0.43341626060762894,0.7228178983621479,7,interleaved
7076,76,22,0.3000306981572099,0.5211716495660972,7,interleaved
7077,77,22,0.22844624124798008,0.44781380047021246,7,interleaved
7078,78,22,0.6749591012704191,0.4328556593943369,7,interleaved
7079,79,22,0.31013511363247614,0.5584853379943391,7,interleaved
7080,80,22,0.5900704843051761,0.42452990045780614,7,interleaved
7081,81,22,0.4119990303727863,0.5747714699016093,7,interleaved
7082,82,22,0.6782684538714892,0.49210850460542455,7,interleaved
7083,83,22,0.3741491830326895,0.5882666122416091,7,interleaved
7084,84,22,0.4362677617582035,0.5231155139630451,7,interleaved
7085,85,22,0.4231398534152239,0.5724015989466499,7,interleaved
7086,86,22,0.3464179048976286,0.5122978229537305,7,interleaved
7087,87,22,0.4041835409597375,0.5129219217866554,7,interleaved
7088,88,22,0.5131770124929445,0.39226744869669283,7,interleaved
7089,89,22,0.3652065351887708,0.47345505963045215,7,interleaved
7090,90,22,0.8226770884303516,0.42677943364240994,7,interleaved
7091,91,22,0.5344423741423535,0.5428758897221186,7,interleaved
7092,92,22,0.7290402497826103,0.6095056098539169,7,interleaved
7093,93,22,0.44674102325438036,0.574214335658028,7,interleaved
7094,94,22,0.2644425202828999,0.5640007353351276,7,interleaved
7095,95,22,0.28906635319792096,0.7068468515502759,7,interleaved
7096,96,22,0.7178697505682957,0.47575558066421086,7,interleaved
7097,97,22,0.4771161075805219,0.4393844019942064,7,interleaved
7098,98,22,0.4954240263423306,0.4482088291980415,7,interleaved
7099,99,22,0.3946345721754828,0.5895568313076727,7,interleaved
7100,100,22,0.6940970691122322,0.49765846364807514,7,interleaved
7101,101,22,0.5494048356819216,0.446722299624644,7,interleaved
7102,102,22,0.6970231814465422,0.5434776704506841,7,interleaved
7103,103,22,0.6611018042611762,0.527143922489051,7,interleaved
7104,104,22,0.5094553968800757,0.5722163167896395,7,interleaved
7105,105,22,0.5904446017331387,0.4522105207152475,7,interleaved
7106,106,22,0.5163299424747809,0.6083727430245813,7,interleaved
7107,107,22,0.21061230682651663,0.5303834144562081,7,interleaved
7108,108,22,0.5624921526574255,0.421825230598449,7,interleaved
7109,109,22,0.28170578994736184,0.54298414079564,7,interleaved
7110,110,22,0.7919767928618582,0.4886679947374397,7,interleaved
7111,111,22,0.5719542218796119,0.47770788754115306,7,interleaved
7112,112,22,0.2479155374419524,0.6838932605257038,7,interleaved
7113,113,22,0.43014811098521333,0.5719164079147634,7,interleaved
7114,114,22,0.6995406740398875,0.3812861948737425,7,interleaved
7115,115,22,0.4741023508605422,0.48654400868949443,7,interleaved
7116,116,22,0.37756026180353164,0.39305937483752174,7,interleaved
7117,117,22,0.6580629603393812,0.4588323480454755,7,interleaved
7118,118,22,0.5454185738000199,0.3863235396961419,7,interleaved
7119,119,22,0.5100814250374923,0.5952199521190727,7,interleaved
7120,120,22,0.2697732476896227,0.5542611393764161,7,interleaved
7121,121,22,0.23854797848054554,0.5190257193406957,7,interleaved
7122,122,22,0.6798215028957965,0.3938513046097832,7,interleaved
7123,123,22,0.27118691896444236,0.4766996102165951,7,interleaved
7124,124,22,0.6239660545341081,0.4936590461586162,7,interleaved
7125,125,22,0.424224710269563,0.582665309800623,7,interleaved
7126,126,22,0.6763137476374821,0.6107341259302315,7,interleaved
7127,127,22,0.328986306995674,0.46323768785458846,7,interleaved
7128,128,22,0.6112814374691384,0.5447270258874668,7,interleaved
7129,129,22,0.4064252524127344,0.5667762400658929,7,interleaved
7130,130,22,0.6136390477357264,0.5418768383297592,7,interleaved
7131,131,22,0.4504976227067863,0.43273766493620874,7,interleaved
7132,132,22,0.6343664689309974,0.5932748648075767,7,interleaved
7133,133,22,0.41620359443416993,0.5059167474729891,7,interleaved
7134,134,22,0.39129633374088935,0.38629992763787036,7,interleaved
7135,135,22,0.4630829578845554,0.46588120157234325,7,interleaved
7136,136,22,0.25947760548298565,0.5181367444895664,7,interleaved
7137,137,22,0.3884907080591463,0.533754286187599,7,interleaved
7138,138,22,0.7220813358231624,0.5926837341634357,7,interleaved
7139,139,22,0.45810703334771663,0.6154485083311709,7,interleaved
7140,140,22,0.523833391650398,0.5216541272849429,7,interleaved
7141,141,22,0.38169149851695466,0.44562968197700736,7,interleaved
7142,142,22,0.44344603545574945,0.3507618447580343,7,interleaved
7143,143,22,0.6260310820139058,0.41491932787768415,7,interleaved
7144,144,22,0.5717614463370188,0.5558475709042685,7,interleaved
7145,145,22,0.2651183153514083,0.695851410717786,7,interleaved
7146,146,22,0.26682492718411116,0.5099061895434848,7,interleaved
7147,147,22,0.45980247311720746,0.6073372552026987,7,interleaved
7148,148,22,0.28831952362768687,0.6114936338983172,7,interleaved
7149,149,22,0.4318059336230178,0.4443493560600713,7,interleaved
7150,150,22,0.6580342204080778,0.4573401577119527,7,interleaved
7151,151,22,0.3632815644628613,0.43054443225667743,7,interleaved
7152,152,22,0.6193008622696097,0.4511685910655364,7,interleaved
7153,153,22,0.4436541754128319,0.503590432041486,7,interleaved
7154,154,22,0.5101907124430285,0.5515003145298172,7,interleaved
7155,155,22,0.2862982002842219,0.4584784585775496,7,interleaved
7156,156,22,0.5259513496974557,0.45854464297180275,7,interleaved
7157,157,22,0.3543870898154893,0.5288564169750862,7,interleaved
7158,158,22,0.5307875760074606,0.6205391630960408,7,interleaved
7159,159,22,0.47705885797254927,0.5713278465263201,7,interleaved
7160,160,22,0.4308148416856021,0.5486967061084745,7,interleaved
7161,161,22,0.24260011872723525,0.7082459578514451,7,interleaved
7162,162,22,0.6697116166075998,0.4068375194851767,7,interleaved
7163,163,22,0.3928145215248767,0.5776310636795592,7,interleaved
7164,164,22,0.685317856797339,0.5070175087197126,7,interleaved
7165,165,22,0.34606480247701454,0.3893295047125344,7,interleaved
7166,166,22,0.42974564774270463,0.4326153786831971,7,interleaved
7167,167,22,0.31385081176879576,0.7687113143001502,7,interleaved
7168,168,22,0.7639375919196657,0.4064894530959215,7,interleaved
7169,169,22,0.44182605316434154,0.5354300766592244,7,interleaved
7170,170,22,0.35257643836118685,0.5356281603062283,7,interleaved
7171,171,22,0.3542982286729531,0.5222483451434193,7,interleaved
7172,172,22,0.38260921775764506,0.4155589564945546,7,interleaved
7173,173,22,0.5373736718291319,0.5465597019801346,7,interleaved
7174,174,22,0.49256412646865455,0.5551522541305707,7,interleaved
7175,175,22,0.4428200730188785,0.4818459398144529,7,interleaved
7176,176,22,0.4470448696102264,0.45296133304364056,7,interleaved
7177,177,22,0.5464454310829975,0.5082565438987426,7,interleaved
7178,178,22,0.4087482258729903,0.4295040490149863,7,interleaved
7179,179,22,0.321102693519185,0.5438633270512061,7,interleaved
7180,180,22,0.6168931913830572,0.44506848101814156,7,interleaved
7181,181,22,0.3474574996404168,0.42728691836852684,7,interleaved
7182,182,22,0.4365670819358939,0.3799692629341024,7,interleaved
7183,183,22,0.44083363613540527,0.40767450901126134,7,interleaved
7184,184,22,0.4768709132609346,0.42956022279248407,7,interleaved
7185,185,22,0.6352562440042093,0.4506496801622602,7,interleaved
7186,186,22,0.5739314810561159,0.4397219530288392,7,interleaved
7187,187,22,0.45660830003663155,0.42700248600579976,7,interleaved
7188,188,22,0.7388517795780849,0.5336802265226276,7,interleaved
7189,189,22,0.3285757506109892,0.5186826272550227,7,interleaved
7190,190,22,0.3465533705813384,0.45990187156360984,7,interleaved
7191,191,22,0.5014775862467254,0.5131437607117902,7,interleaved
7192,192,22,0.6373521713735073,0.4308056416494273,7,interleaved
7193,193,22,0.3578844098384948,0.5233146705710384,7,interleaved
7194,194,22,0.25075028939872634,0.5814423738305445,7,interleaved
7195,195,22,0.49505307476265004,0.4783937732811505,7,interleaved
7196,196,22,0.7127442101056645,0.5701993073390708,7,interleaved
7197,197,22,0.47794202494960825,0.48857893814941306,7,interleaved
7198,198,22,0.6032021996264294,0.4322944445915305,7,interleaved
7199,199,22,0.3294692994692357,0.5258626003066338,7,interleaved
7200,0,0,0.5048878811266874,1.1252040985010163,7,blocked
7201,1,1,0.460205987972049,1.2265255011196148,7,blocked
7202,2,2,0.5326069634304912,0.9104598907980492,7,blocked
7203,3,3,0.5792606384892417,0.9273998242744275,7,blocked
7204,4,4,0.5375502267031217,0.867251681205448,7,blocked
7205,5,5,0.5892713259141518,1.0621517318853235,7,blocked
7206,6,0,0.4872859214311182,0.7332367129428414,7,blocked
7207,7,6,0.4996432110531982,1.171580683679588,7,blocked
7208,8,0,0.45254468672513165,0.8573680120313016,7,blocked
7209,9,0,0.4771935169742527,0.8305289972568773,7,blocked
7210,10,7,0.48795252494141794,1.1684092639426127,7,blocked
7211,11,8,0.7312761708335289,0.8211171973501642,7,blocked
7212,12,8,0.6762297923923066,0.8203745399210929,7,blocked
7213,13,8,0.7439184607995465,0.822549865757539,7,blocked
7214,14,9,0.7766352622452575,0.9948384109143239,7,blocked
7215,15,8,0.20393512354455284,0.7140524639759175,7,blocked
7216,16,8,0.23735007084022167,0.7873614811754093,7,blocked
7217,17,8,0.36735650101441536,0.8175717557691408,7,blocked
7218,18,0,0.5764116981400446,0.5700269745106317,7,blocked
7219,19,8,0.7779553727533967,0.6567011445107082,7,blocked
7220,20,8,0.20116014049346667,0.7289626481522544,7,blocked
7221,21,0,0.45321459432427746,0.5944708528123902,7,blocked
7222,22,8,0.7821235349595745,0.7355773400528811,7,blocked
7223,23,0,0.4010393760608275,0.8399451071078217,7,blocked
7224,24,0,0.3215754231433956,1.0509260219974026,7,blocked
7225,25,8,0.8181527004147539,0.5978150655427137,7,blocked
7226,26,8,0.8226812558349583,0.780882587706585,7,blocked
7227,27,8,0.27571653503597465,0.6825640238680083,7,blocked
7228,28,8,0.7852363562141935,0.7899230093402713,7,blocked
7229,29,8,0.20822243949991545,0.7507530947409862,7,blocked
7230,30,8,0.2778393862872066,0.7812841288770392,7,blocked
7231,31,0,0.2633444664434043,0.9183127788112277,7,blocked
7232,32,8,0.3601691043792798,0.8373145519117344,7,blocked
7233,33,8,0.7092915014088864,0.6883224062604708,7,blocked
7234,34,8,0.23654035204389254,0.6150558386046516,7,blocked
7235,35,8,0.6712986477959695,0.5120084987613965,7,blocked
7236,36,8,0.1804116382693764,0.6911498011649067,7,blocked
7237,37,8,0.6913694424073343,0.5613918340929858,7,blocked
7238,38,8,0.6530059921169322,0.48422280503530235,7,blocked
7239,39,8,0.8556617172183554,0.5843138207461144,7,blocked
7240,40,8,0.6077785317719305,0.6552651730267285,7,blocked
7241,41,8,0.6791560460003649,0.5996617709472299,7,blocked
7242,42,8,0.21291728671785803,0.7625546730294521,7,blocked
7243,43,8,0.1967464058069251,0.6500168215652766,7,blocked
7244,44,8,0.7090998296797489,0.4827719615573361,7,blocked
7245,45,8,0.7167787175967713,0.42971689099448734,7,blocked
7246,46,8,0.6604006319879432,0.5470845620509597,7,blocked
7247,47,8,0.2088025863168233,0.68413656088886,7,blocked
7248,48,8,0.2711295717958395,0.5128513270152972,7,blocked
7249,49,8,0.7078271503521241,0.4989962822828395,7,blocked
7250,50,2,0.14246984481978164,0.7108473312964161,7,blocked
7251,51,8,0.5690767867259353,0.5442927087656894,7,blocked
7252,52,8,0.6142358487082232,0.5369878050613244,7,blocked
7253,53,8,0.3122220811739592,0.42979549571631903,7,blocked
7254,54,8,0.4021341249026423,0.585724308108281,7,blocked
7255,55,8,0.39628551537543244,0.5315867795308847,7,blocked
7256,56,8,0.587282340199632,0.5026597920822344,7,blocked
7257,57,8,0.5624162633437274,0.5034600169358928,7,blocked
7258,58,8,0.5518781986282911,0.5003828484796554,7,blocked
7259,59,8,0.544881570397946,0.5377655062034895,7,blocked
7260,60,8,0.6223423621573141,0.412346840444042,7,blocked
7261,61,8,0.5066056883255833,0.5178632536047592,7,blocked
7262,62,8,0.2920956724696459,0.48923752901985934,7,blocked
7263,63,8,0.40249564871339477,0.4837259007071034,7,blocked
7264,64,8,0.3248897478697643,0.26152811883032645,7,blocked
7265,65,8,0.4329172592033542,0.4288793354046805,7,blocked
7266,66,8,0.43673847191447934,0.6054201792928577,7,blocked
7267,67,8,0.5949240985252311,0.49691238651182423,7,blocked
7268,68,8,0.5530163209893119,0.5600014973292244,7,blocked
7269,69,8,0.7521826058636676,0.597321228202965,7,blocked
7270,70,8,0.4964846463363015,0.6907084543085187,7,blocked
7271,71,8,0.5459273560743247,0.353275564002969,7,blocked
7272,72,8,0.23791769111273647,0.569701066076684,7,blocked
7273,73,8,0.5274570640354925,0.39208275608348997,7,blocked
7274,74,8,0.2844881585698631,0.5452020903963408,7,blocked
7275,75,8,0.4256138475733388,0.47810016807021616,7,blocked
7276,76,8,0.3169582516742142,0.49289165859128825,7,blocked
7277,77,8,0.5482283697286996,0.6585973799528096,7,blocked
7278,78,8,0.5436759756018904,0.5986002050632355,7,blocked
7279,79,8,0.7804064724998219,0.578250981481671,7,blocked
7280,80,8,0.7216626406943942,0.6330186819710244,7,blocked
7281,81,8,0.4546821125498635,0.43670670947260903,7,blocked
7282,82,8,0.7575590504958678,0.43094338304619706,7,blocked
7283,83,8,0.5837164761343561,0.35842078403283173,7,blocked
7284,84,8,0.36581596487691703,0.4530998442644698,7,blocked
7285,85,8,0.6375044221194457,0.4523494026818629,7,blocked
7286,86,8,0.3843833925486317,0.7168248061224152,7,blocked
7287,87,8,0.6026063062609902,0.4546382303062181,7,blocked
7288,88,8,0.6176197138335443,0.3641662122335612,7,blocked
7289,89,8,0.4643972546502954,0.4715247114850696,7,blocked
7290,90,8,0.6193767150521826,0.4240306019926564,7,blocked
7291,91,8,0.3300539702830141,0.432976172621245,7,blocked
7292,92,8,0.49954827197909735,0.28491309893174765,7,blocked
7293,93,8,0.5704051729990274,0.5601896949362247,7,blocked
7294,94,8,0.6349528034829346,0.4571349398544291,7,blocked
7295,95,8,0.43264109177223653,0.5197849773038502,7,blocked
7296,96,8,0.1309790893552621,0.43262390928782746,7,blocked
7297,97,8,0.5817408618662466,0.45645840019435524,7,blocked
7298,98,8,0.5227853312313325,0.7076988323293313,7,blocked
7299,99,8,0.6485640589538114,0.5207788777344928,7,blocked
7300,100,8,0.46340989429169765,0.47290851715906734,7,blocked
7301,101,8,0.852248075820157,0.5097895922583605,7,blocked
7302,102,8,0.690063792084594,0.5334476667903565,7,blocked
7303,103,8,0.5773083307352893,0.43133550455945435,7,blocked
7304,104,8,0.5013492558183106,0.5026912227387311,7,blocked
7305,105,8,0.22819591552733032,0.42447276810046397,7,blocked
7306,106,8,0.549547490641969,0.6001790352514802,7,blocked
7307,107,8,0.39553519656751923,0.41390684218744733,7,blocked
7308,108,8,0.6282947746869977,0.35377832998989056,7,blocked
7309,109,8,0.6464602541444912,0.4396473798124042,7,blocked
7310,110,8,0.727365725904443,0.624603707968032,7,blocked
7311,111,8,0.4079217207403125,0.41170930512506654,7,blocked
7312,112,8,0.7328311574835924,0.5172864676432622,7,blocked
7313,113,8,0.7610588314798304,0.3985103287432521,7,blocked
7314,114,8,0.6316202674879481,0.5234059515350062,7,blocked
7315,115,8,0.6325312846919057,0.4278665462235157,7,blocked
7316,116,8,0.5332549856773932,0.4338444083243617,7,blocked
7317,117,8,0.40474220779145775,0.4655441240446019,7,blocked
7318,118,8,0.7301410960845983,0.3305810222097597,7,blocked
7319,119,8,0.46417867872531304,0.44970151927552593,7,blocked
7320,120,8,0.6203024855193133,0.4211206458175555,7,blocked
7321,121,8,0.7943645617634664,0.44400277610275574,7,blocked
7322,122,8,0.6625703873400044,0.5441491578714089,7,blocked
7323,123,8,0.6088775133227161,0.430963403965921,7,blocked
7324,124,8,0.5294227507469913,0.4159641123917093,7,blocked
7325,125,8,0.10029777793028605,0.48146381073386446,7,blocked
7326,126,8,0.9170215882769881,0.546901603307907,7,blocked
7327,127,8,0.8460606969379532,0.3430695046670602,7,blocked
7328,128,8,0.2699340062594599,0.45333970596150097,7,blocked
7329,129,8,0.8779307303783952,0.36791609966097905,7,blocked
7330,130,8,0.7051512007232237,0.34173915425618595,7,blocked
7331,131,8,0.7308563080677571,0.4594098943143233,7,blocked
7332,132,8,0.7219353021269526,0.45757627455829175,7,blocked
7333,133,8,0.25031056296915866,0.4306638125836655,7,blocked
7334,134,8,0.16386066961620266,0.5037862924001407,7,blocked
7335,135,8,0.6597897354737567,0.5404026546183075,7,blocked
7336,136,8,0.0960986588005251,0.4259382724345674,7,blocked
7337,137,8,0.8700195889475906,0.36092103090841754,7,blocked
7338,138,8,0.14947123750068342,0.4595955728408886,7,blocked
7339,139,8,0.8848380144566187,0.4657315696116409,7,blocked
7340,140,8,0.8936619563709849,0.4841179075109453,7,blocked
7341,141,8,0.17077570946421577,0.4619118333938324,7,blocked
7342,142,8,0.7693371235383235,0.48976661618524375,7,blocked
7343,143,8,0.16872647173342464,0.6222850063636877,7,blocked
7344,144,8,0.4387830244946249,0.6760110995039365,7,blocked
7345,145,8,0.1616646595545389,0.5905052119854515,7,blocked
7346,146,8,0.28683706452739144,0.4673005190830587,7,blocked
7347,147,8,0.5625571966099525,0.5418716726112958,7,blocked
7348,148,8,0.5383759203322042,0.5272109431254763,7,blocked
7349,149,8,0.3231086947025473,0.47881824844151977,7,blocked
7350,150,8,0.25958809770633395,0.41961899429424176,7,blocked
7351,151,8,0.4878287091345828,0.4596144658388655,7,blocked
7352,152,8,0.6471762107765355,0.3946625018899832,7,blocked
7353,153,8,0.5616278592429029,0.5261245535438417,7,blocked
7354,154,8,0.49223140696857076,0.5040950268788053,7,blocked
7355,155,8,0.562963468916611,0.46291746451267296,7,blocked
7356,156,8,0.43970987441154513,0.5941619895509178,7,blocked
7357,157,8,0.6704401454912163,0.44138184008225145,7,blocked
7358,158,8,0.6957000641747323,0.40287193160246204,7,blocked
7359,159,8,0.6976823063929913,0.5481038132931791,7,blocked
7360,160,8,0.5297258645958054,0.42878475183498344,7,blocked
7361,161,8,0.39685117897626043,0.45961705069393455,7,blocked
7362,162,8,0.2732530266195323,0.6228868718757237,7,blocked
7363,163,8,0.5486103109878102,0.41625407994989444,7,blocked
7364,164,8,0.3805863272851855,0.4811510591567797,7,blocked
7365,165,8,0.5435573308361772,0.4688883026914023,7,blocked
7366,166,8,0.45482936216277214,0.4672901957813046,7,blocked
7367,167,8,0.575225863245542,0.37702579619029614,7,blocked
7368,168,8,0.5000085207277093,0.39251867205456903,7,blocked
7369,169,8,0.5872040289010863,0.38210399709565934,7,blocked
7370,170,8,0.5448050373205559,0.49357633357239866,7,blocked
7371,171,8,0.6374155188939291,0.41341394025179223,7,blocked
7372,172,8,0.38851422140370967,0.5608956871499116,7,blocked
7373,173,8,0.5293866282529553,0.4589354220742651,7,blocked
7374,174,8,0.5018557195250588,0.4333727706981903,7,blocked
7375,175,8,0.5442642326979811,0.5237830554772757,7,blocked
7376,176,8,0.421391004093149,0.4592838506045165,7,blocked
7377,177,8,0.5459547607773511,0.443203945555938,7,blocked
7378,178,8,0.3168254695209681,0.45679919798353286,7,blocked
7379,179,8,0.5369484372807345,0.37370585972753834,7,blocked
7380,180,8,0.35492400821602293,0.4588877776341355,7,blocked
7381,181,8,0.28706350904995576,0.34407622373046454,7,blocked
7382,182,8,0.5462079030903618,0.578163904348926,7,blocked
7383,183,8,0.6599361134613205,0.3508021113345838,7,blocked
7384,184,8,0.6086721678375473,0.3970465178652131,7,blocked
7385,185,8,0.32549633866762184,0.4481191224744342,7,blocked
7386,186,8,0.3992545172396953,0.3719743873511508,7,blocked
7387,187,8,0.4101337358655767,0.4207039783575547,7,blocked
7388,188,8,0.45455050292190025,0.41951153445232464,7,blocked
7389,189,8,0.3480911027788535,0.43133112849762867,7,blocked
7390,190,8,0.6058534087418316,0.32556185510207936,7,blocked
7391,191,8,0.6197647500871213,0.4863012847300908,7,blocked
7392,192,8,0.2824849768396652,0.432313337231802,7,blocked
7393,193,8,0.5215081601982545,0.52958476900801,7,blocked
7394,194,8,0.5539094346146332,0.4203803148574935,7,blocked
7395,195,8,0.7430415031470354,0.5289726532828926,7,blocked
7396,196,8,0.7163267061270793,0.4113895682183921,7,blocked
7397,197,8,0.7383078597814912,0.39751568387006386,7,blocked
7398,198,8,0.4930559330233347,0.41338861530395665,7,blocked
7399,199,8,0.4978457466692999,0.4261140832743805,7,blocked
7400,0,0,0.4054403356434311,0.7351429080528438,7,early
7401,1,0,0.6464607325383083,0.7402429396855308,7,early
7402,2,1,0.2774716250478731,1.0175354162197423,7,early
7403,3,2,0.7173361904674596,1.2173114968920786,7,early
7404,4,3,0.502735004167404,1.1300818809024116,7,early
7405,5,4,0.09134168450017034,1.2053519820156766,7,early
7406,6,5,0.25665640370138026,1.2246421487627526,7,early
7407,7,6,0.005200842815192648,1.1246379184004045,7,early
7408,8,7,0.5100208398756544,0.8169239800849266,7,early
7409,9,8,0.37134941146941636,1.2422716514678882,7,early
7410,10,9,0.5886450200819299,1.2345315173893852,7,early
7411,11,1,0.7983934413877238,0.8265082764209721,7,early
7412,12,10,0.7440089340224887,0.9333904414076586,7,early
7413,13,11,0.5091156119940552,1.0186895653570691,7,early
7414,14,12,0.4007651148216316,1.2766385263314342,7,early
7415,15,13,0.7975078915042857,1.080187384352175,7,early
7416,16,14,0.613626520628675,1.3437829952070954,7,early
7417,17,15,0.22554339661799477,1.733607800570259,7,early
7418,18,16,0.26195229012839316,0.8330897040578393,7,early
7419,19,17,0.645525175468068,0.9453969989897708,7,early
7420,20,1,0.740740082746741,0.7983086463318754,7,early
7421,21,1,0.28491502752460535,0.7860540259288216,7,early
7422,22,18,0.11050559896514853,1.2141631686052967,7,early
7423,23,1,0.8258952989859469,0.9125789118670207,7,early
7424,24,1,0.7664400045316883,1.0261246111462403,7,early
7425,25,19,0.33726334616467124,0.8731212512107062,7,early
7426,26,1,0.23609759908370348,0.7480585566696791,7,early
7427,27,1,0.3491118751469684,0.8295464859361179,7,early
7428,28,1,0.7087434197508131,0.6558887765358281,7,early
7429,29,1,0.3431858407341256,0.7743578344007321,7,early
7430,30,7,0.5246140809865276,0.6491855847037853,7,early
7431,31,10,0.48885325754444764,0.7007177611579015,7,early
7432,32,1,0.6149805248024345,0.6579309762418009,7,early
7433,33,7,0.4337350437156112,0.773489248898857,7,early
7434,34,20,0.4991407588097496,1.1430603105802706,7,early
7435,35,1,0.39896130547436787,0.755795419520163,7,early
7436,36,1,0.5980752468449235,0.799639765593178,7,early
7437,37,21,0.8630393519548565,0.8928732001356987,7,early
7438,38,21,0.34810576990155434,0.8117313559034913,7,early
7439,39,1,0.41727577444846864,0.6603867773372981,7,early
7440,40,1,0.30225547292752913,0.7112244094074358,7,early
7441,41,21,0.1485007955132524,0.8130411199967722,7,early
7442,42,1,0.8092147171425832,0.7452569402825056,7,early
7443,43,1,0.11417486156110018,0.7146916022071274,7,early
7444,44,1,0.6850562739871551,0.9402406771817088,7,early
7445,45,1,0.7332908984149833,0.8895773084266541,7,early
7446,46,1,0.1133020375973887,0.6155301989371861,7,early
7447,47,1,0.14684487306675378,0.7022264795600048,7,early
7448,48,10,0.9713523764700702,0.5632784611402138,7,early
7449,49,1,0.21636609688217634,0.6932378033609028,7,early
7450,50,1,0.1394334805871364,0.5942227199887793,7,early
7451,51,1,0.17970609841019888,0.48129194762268895,7,early
7452,52,1,0.7604753776715477,0.6911057307105508,7,early
7453,53,1,0.6924240338605147,0.7938167554958329,7,early
7454,54,1,0.8650414270233218,0.3761143230210643,7,early
7455,55,1,0.7803022631831487,0.6491877897300394,7,early
7456,56,1,0.16194763979441104,0.5732251462227546,7,early
7457,57,1,0.8013776258272358,0.5173703387863496,7,early
7458,58,1,0.233476337783489,0.5549067861997692,7,early
7459,59,1,0.7663523316524794,0.5945956876956286,7,early
7460,60,1,0.6336792369427863,0.5379505654072333,7,early
7461,61,1,0.35508995409999883,0.5018651336808058,7,early
7462,62,1,0.4902244100334405,0.5789813558291892,7,early
7463,63,1,0.2981646655222142,0.46092675867904853,7,early
7464,64,1,0.5603835279846663,0.42252494063511636,7,early
7465,65,1,0.5787995377793289,0.40737993988435683,7,early
7466,66,1,0.6125428041955023,0.5054581556353888,7,early
7467,67,1,0.6238767126219065,0.46331596160061705,7,early
7468,68,1,0.37398274424973876,0.5306511425196552,7,early
7469,69,1,0.5990209067096295,0.3880484391445922,7,early
7470,70,1,0.5095757443678433,0.45196537588045993,7,early
7471,71,1,0.4742027603215472,0.6742366802451749,7,early
7472,72,1,0.41876134058516057,0.6359988223272957,7,early
7473,73,1,0.43641480883347517,0.5106993347423194,7,early
7474,74,1,0.5250723947287921,0.43947983178498046,7,early
7475,75,1,0.5128602891226791,0.517000040673881,7,early
7476,76,1,0.4648734183427644,0.39772403715071786,7,early
7477,77,1,0.36679788960020543,0.4137777981606952,7,early
7478,78,1,0.6603484378913915,0.4066310043476741,7,early
7479,79,1,0.5276369626348602,0.4820734977482207,7,early
7480,80,1,0.22296509584866758,0.5060144466924901,7,early
7481,81,1,0.593357747595266,0.4194864960880716,7,early
7482,82,1,0.6352121775056987,0.46099365943996967,7,early
7483,83,1,0.37722022980112313,0.5839782927669326,7,early
7484,84,1,0.38063382163071974,0.5257188628352836,7,early
7485,85,1,0.6193724020690327,0.3395484315970606,7,early
7486,86,1,0.5544023030431122,0.3613337513858223,7,early
7487,87,1,0.38507257802375283,0.3510455642769803,7,early
7488,88,1,0.5807887552701142,0.5343215392012421,7,early
7489,89,1,0.6387701564753223,0.38531616470699104,7,early
7490,90,1,0.5919902779693058,0.3732803568901769,7,early
7491,91,1,0.4743213083900438,0.39632827066651455,7,early
7492,92,1,0.5678981546040556,0.45785912812923096,7,early
7493,93,1,0.4557716440383361,0.42665487079672326,7,early
7494,94,1,0.2349935567441817,0.42469501506976853,7,early
7495,95,1,0.5655353296131754,0.4612817877236579,7,early
7496,96,1,0.6384080911732184,0.3695161786857394,7,early
7497,97,1,0.34754851952919213,0.463218629313342,7,early
7498,98,1,0.26094901054684627,0.568549405294286,7,early
7499,99,1,0.6288329437091204,0.45015733595769125,7,early
7500,100,1,0.3787754223660446,0.49567300317814883,7,early
7501,101,1,0.3087455608845979,0.43738833888644413,7,early
7502,102,1,0.6760180308546092,0.4982060436034409,7,early
7503,103,1,0.4361300750388569,0.41241706081466867,7,early
7504,104,1,0.4396383748860084,0.42774913968466266,7,early
7505,105,1,0.7121044644135123,0.3312787035077178,7,early
7506,106,1,0.5050366349372296,0.36452621585541334,7,early
7507,107,1,0.645065986615784,0.5094913738178629,7,early
7508,108,1,0.5764512816452412,0.30891507734615714,7,early
7509,109,1,0.7562104230841995,0.4068740141882017,7,early
7510,110,1,0.41834211373671826,0.4543343492026543,7,early
7511,111,1,0.3096557283861824,0.5069389310047812,7,early
7512,112,1,0.6085775633594037,0.2739011553485684,7,early
7513,113,1,0.4496972924387592,0.6185881059723601,7,early
7514,114,1,0.5070893916752177,0.4010755657669456,7,early
7515,115,1,0.6688585294908559,0.47797660096554295,7,early
7516,116,1,0.568087323976811,0.48764944088909223,7,early
7517,117,1,0.385613264403188,0.6244148124429238,7,early
7518,118,1,0.5828043069638591,0.2887703592016052,7,early
7519,119,1,0.5248264360263712,0.3389872873759286,7,early
7520,120,1,0.3822065328921192,0.5530593525346664,7,early
7521,121,1,0.4962517548898618,0.6315763843520861,7,early
7522,122,1,0.43229624035183845,0.3656158686795493,7,early
7523,123,1,0.4746889058130632,0.42178148280514816,7,early
7524,124,1,0.3689222684865908,0.41387923423287265,7,early
7525,125,1,0.43284501505409123,0.5783792606503284,7,early
7526,126,1,0.4838905811636621,0.44385117896671744,7,early
7527,127,1,0.5945143760497198,0.3620519009955424,7,early
7528,128,1,0.5055826062203994,0.5232116621706882,7,early
7529,129,1,0.5653588731328103,0.3748059053221225,7,early
7530,130,1,0.4394438518380268,0.48739575121105816,7,early
7531,131,1,0.49307638784785757,0.281476890035522,7,early
7532,132,1,0.5049304270754905,0.41506490665622364,7,early
7533,133,1,0.5599942540415376,0.4759753975013187,7,early
7534,134,1,0.5002298437960997,0.5503547130494488,7,early
7535,135,1,0.5031736086283662,0.3777062322184497,7,early
7536,136,1,0.7596511434732856,0.43104432142891214,7,early
7537,137,1,0.570485475177415,0.3179407764844687,7,early
7538,138,1,0.23984088067396253,0.6928601502565048,7,early
7539,139,1,0.38834009140882164,0.37048771512284356,7,early
7540,140,1,0.3583874089405512,0.52988708402913,7,early
7541,141,1,0.678483048427377,0.3076976269959192,7,early
7542,142,1,0.36856660008642145,0.3297038764211927,7,early
7543,143,1,0.6999325100483582,0.28473414713359774,7,early
7544,144,1,0.39373825505920756,0.45442887393096115,7,early
7545,145,1,0.7479186042153286,0.3408985904647005,7,early
7546,146,1,0.27548245807328897,0.49733044931399395,7,early
7547,147,1,0.6709002221593668,0.37064976316629733,7,early
7548,148,1,0.440553490503564,0.5049878890718752,7,early
7549,149,1,0.34871977336190263,0.30291709410090606,7,early
7550,150,1,0.5204523154918713,0.43447959270702907,7,early
7551,151,1,0.3363601103142649,0.4844420734268441,7,early
7552,152,1,0.47696313022891995,0.4040334727624056,7,early
7553,153,1,0.3605145111653474,0.44478356303815636,7,early
7554,154,1,0.39990416752949254,0.4349535904667481,7,early
7555,155,1,0.4903475085818243,0.2986264145259889,7,early
7556,156,1,0.43417337088750807,0.5102726303517867,7,early
7557,157,1,0.51856495270859,0.4312273236258649,7,early
7558,158,1,0.3541765672269455,0.45578118138276685,7,early
7559,159,1,0.3531402386316901,0.5112557423100457,7,early
7560,160,1,0.42998664553610577,0.3756406198388086,7,early
7561,161,1,0.6855075037131149,0.45032854203115835,7,early
7562,162,1,0.43811239345505343,0.5294965203162649,7,early
7563,163,1,0.43061505537520295,0.3977451330093724,7,early
7564,164,1,0.6507071344840496,0.442193990652356,7,early
7565,165,1,0.2800869390659657,0.612029666367295,7,early
7566,166,1,0.5950477427996731,0.3306290965707727,7,early
7567,167,1,0.2839811170002947,0.5009151392368589,7,early
7568,168,1,0.5186851090470613,0.5216451377334788,7,early
7569,169,1,0.2534051640516971,0.49797938687438525,7,early
7570,170,1,0.3746371929166672,0.548977980533625,7,early
7571,171,1,0.4810138832971761,0.26292445327277464,7,early
7572,172,1,0.6224525134132279,0.432998819675456,7,early
7573,173,1,0.6360451003463381,0.48407663394420897,7,early
7574,174,1,0.38633388922029893,0.5177087364639591,7,early
7575,175,1,0.30425559568012095,0.4383150588588182,7,early
7576,176,1,0.4665667495654242,0.45236809645463544,7,early
7577,177,1,0.5389881753539941,0.45519191251064606,7,early
7578,178,1,0.23222718088161504,0.31031057082429436,7,early
7579,179,1,0.5087596549770026,0.3986985820620537,7,early
7580,180,1,0.5639255049704021,0.3527585839589001,7,early
7581,181,1,0.6595993571604382,0.4237995936286802,7,early
7582,182,1,0.5172764789506592,0.41672694197073107,7,early
7583,183,1,0.7064380454335704,0.3973136572243048,7,early
7584,184,1,0.5409785650069996,0.40145744454144583,7,early
7585,185,1,0.782644311763861,0.48556870390576234,7,early
7586,186,1,0.7447304918991948,0.3042057885871043,7,early
7587,187,1,0.4651070436728608,0.5088868770471392,7,early
7588,188,1,0.8244201995768939,0.45538155818770226,7,early
7589,189,1,0.5823020138329785,0.37143496739424675,7,early
7590,190,1,0.2329608160927718,0.6285492470372481,7,early
7591,191,1,0.5005554511032548,0.3883397968257461,7,early
7592,192,1,0.5171346523841674,0.39396770734640985,7,early
7593,193,1,0.5671411166660556,0.42314778803183833,7,early
7594,194,1,0.3528524350801383,0.4541190823226741,7,early
7595,195,1,0.6639301656304093,0.4713007808943593,7,early
7596,196,1,0.5884497254032472,0.37805717531164806,7,early
7597,197,1,0.6018351938300488,0.4739386874314492,7,early
7598,198,1,0.4628712043205819,0.5341010995902764,7,early
7599,199,1,0.6427291689106306,0.5138869114512323,7,early
7600,0,0,0.6070223589077156,0.49402766899089046,7,middle
7601,1,0,0.059201023417702996,0.7704618193981287,7,middle
7602,2,0,0.5532546874613063,0.5792139691778385,7,middle
7603,3,0,0.9621321453068248,0.6828701393833181,7,middle
7604,4,0,0.4175426246745739,0.5725931823193876,7,middle
7605,5,0,0.7425913146667721,0.6813822616537903,7,middle
7606,6,0,0.6317557163639612,0.4417636246913012,7,middle
7607,7,1,0.2377691477579118,0.687462099706604,7,middle
7608,8,1,0.40794188328847536,0.753350976995458,7,middle
7609,9,0,0.18828217098155947,0.5075941274744039,7,middle
7610,10,1,0.37898076787312174,0.6797589965321724,7,middle
7611,11,0,0.21730722898264834,0.5648548941054216,7,middle
7612,12,2,0.004169278201946333,0.866475943932626,7,middle
7613,13,3,0.46223264066517694,0.8877322909439398,7,middle
7614,14,0,0.7325308806417102,0.39302771062081415,7,middle
7615,15,0,0.9164213133715349,0.4024673072301026,7,middle
7616,16,0,0.7682410576551191,0.478892492328682,7,middle
7617,17,0,0.7270013114783573,0.4432060397336034,7,middle
7618,18,0,0.7068096165737483,0.5285420607494095,7,middle
7619,19,0,0.723011973235248,0.5044478849255095,7,middle
7620,20,0,0.8020075403019251,0.4701801448219284,7,middle
7621,21,0,0.2684369675859088,0.5517117388815066,7,middle
7622,22,0,0.21255282073240342,0.5565536758768255,7,middle
7623,23,0,0.20474529785006457,0.3772762287315784,7,middle
7624,24,0,0.8568165280413416,0.418316836380257,7,middle
7625,25,0,0.6399398363022543,0.43533958385035526,7,middle
7626,26,0,0.3062405087060109,0.38627876712152415,7,middle
7627,27,0,0.7229037015338876,0.36525856993018024,7,middle
7628,28,0,0.8329053564573676,0.5165920378525293,7,middle
7629,29,0,0.47163355600679957,0.4852929472263645,7,middle
7630,30,0,0.8202125398634135,0.47680169006342177,7,middle
7631,31,0,0.20194494066518578,0.5564259736549754,7,middle
7632,32,0,0.1720451817268222,0.5762905487583855,7,middle
7633,33,0,0.6131745203506987,0.5699323795775173,7,middle
7634,34,0,0.6842583211016415,0.4634132328573866,7,middle
7635,35,0,0.42922376952969865,0.36417676057782106,7,middle
7636,36,0,0.720334826273805,0.38382312626095916,7,middle
7637,37,0,0.6107707921507961,0.5843777142241156,7,middle
7638,38,0,0.679440456791576,0.4183759452857898,7,middle
7639,39,0,0.17707454985754223,0.6401590291032278,7,middle
7640,40,0,0.7994643853101574,0.4079584248378037,7,middle
7641,41,0,0.8410482210636687,0.37603773949932506,7,middle
7642,42,0,0.7856185912323501,0.42539521459709934,7,middle
7643,43,0,0.3013146507477938,0.5445848998980489,7,middle
7644,44,0,0.7471183376034991,0.44178507000430894,7,middle
7645,45,0,0.34307139912980267,0.30046210169055426,7,middle
7646,46,0,0.575253621752555,0.5884301760262269,7,middle
7647,47,0,0.669500682788699,0.511480567154767,7,middle
7648,48,0,0.349941748401595,0.3607139105303031,7,middle
7649,49,0,0.14437231854093,0.5886177217044245,7,middle
7650,50,0,0.8373929284593544,0.4180716998945797,7,middle
7651,51,0,0.26525685210879446,0.4437640486955322,7,middle
7652,52,0,0.7900440063879626,0.49600544688666526,7,middle
7653,53,0,0.40605941295075376,0.42393841261657683,7,middle
7654,54,0,0.44032525280055934,0.5114316955644457,7,middle
7655,55,0,0.588874355503072,0.33567097593419115,7,middle
7656,56,0,0.5050734042937921,0.4234313682121498,7,middle
7657,57,0,0.519778054682826,0.5194306919581226,7,middle
7658,58,0,0.4714857241014152,0.5288812135067422,7,middle
7659,59,0,0.7805478294628126,0.48192763062705646,7,middle
7660,60,0,0.48302658600087256,0.4743434507390182,7,middle
7661,61,0,0.7660235502477215,0.6224059165218078,7,middle
7662,62,0,0.4920454794305232,0.43329916167129645,7,middle
7663,63,0,0.5050257600517087,0.5686850144956113,7,middle
7664,64,0,0.5463723483114261,0.4858770797896035,7,middle
7665,65,0,0.747614038897535,0.48429654769455555,7,middle
7666,66,0,0.43514426315772603,0.6702602667345348,7,middle
7667,67,0,0.6560004846290977,0.4790239636735267,7,middle
7668,68,0,0.6140647503794572,0.44642332608191704,7,middle
7669,69,0,0.6104054083825403,0.4134663478116531,7,middle
7670,70,0,0.6188581476925601,0.36297390223282244,7,middle
7671,71,0,0.5104254237158574,0.32001686257101664,7,middle
7672,72,0,0.6453503610199475,0.34976768460920493,7,middle
7673,73,0,0.5373100591098338,0.41796081170925115,7,middle
7674,74,0,0.26715494137720963,0.42477420704477775,7,middle
7675,75,0,0.3472832297892026,0.4509441048138679,7,middle
7676,76,0,0.7292100417593914,0.4131272490425635,7,middle
7677,77,0,0.5444193650880658,0.49191563265961763,7,middle
7678,78,0,0.7259678118307222,0.5139931987873664,7,middle
7679,79,0,0.41729303928824485,0.44628752803976646,7,middle
7680,80,0,0.5131340974173464,0.5062262001798122,7,middle
7681,81,0,0.30304189631346223,0.517543983790981,7,middle
7682,82,0,0.4740231625329326,0.5370053033355326,7,middle
7683,83,0,0.5988962724773443,0.4351561045765874,7,middle
7684,84,0,0.21003277310189752,0.3738845530561555,7,middle
7685,85,0,0.16641644774278572,0.5104578493904202,7,middle
7686,86,0,0.2813685327544235,0.481711827444923,7,middle
7687,87,0,0.20810269366900447,0.43766277518463315,7,middle
7688,88,0,0.3387604606004508,0.43492535514346553,7,middle
7689,89,0,0.5090398732781672,0.4881673673922472,7,middle
7690,90,0,0.47551534096417813,0.4595229908725815,7,middle
7691,91,0,0.48636377877640635,0.3535175475461836,7,middle
7692,92,0,0.5513244466500385,0.46486882859929474,7,middle
7693,93,0,0.44175227991566884,0.4108484158252145,7,middle
7694,94,0,0.4059708112319037,0.4223949717659583,7,middle
7695,95,0,0.692793338323898,0.6777822630922984,7,middle
7696,96,0,0.6073477595432812,0.3948717727318227,7,middle
7697,97,0,0.2855426524514792,0.532049620218163,7,middle
7698,98,0,0.5849606910701792,0.34357438465761475,7,middle
7699,99,0,0.3308075264365557,0.501268133332199,7,middle
7700,100,0,0.6431453849664419,0.396008724973099,7,middle
7701,101,0,0.1642906195467273,0.588284960784917,7,middle
7702,102,0,0.2361045119952755,0.4565232044470085,7,middle
7703,103,0,0.5453368588505896,0.44726334262973066,7,middle
7704,104,0,0.5089176437749973,0.40384750360027144,7,middle
7705,105,0,0.6625083961199152,0.4667835413767116,7,middle
7706,106,0,0.531888068647097,0.36338251217736867,7,middle
7707,107,0,0.42323893609617197,0.4244248901933564,7,middle
7708,108,0,0.5093049148763185,0.5676065741883884,7,middle
7709,109,0,0.5121184302622727,0.45280979286354417,7,middle
7710,110,0,0.39536265761346434,0.6436524397090213,7,middle
7711,111,0,0.36279828231979594,0.4648812261582736,7,middle
7712,112,0,0.37583473620116614,0.540429295444069,7,middle
7713,113,0,0.6109502962471881,0.6313127315703131,7,middle
7714,114,0,0.6541859716851512,0.47966521270341955,7,middle
7715,115,0,0.5062660384058527,0.37710238977558613,7,middle
7716,116,0,0.6804594709714569,0.6150065384830079,7,middle
7717,117,0,0.41365578763359667,0.520765579902122,7,middle
7718,118,0,0.5224364435272804,0.45333815617856077,7,middle
7719,119,0,0.23553431298754518,0.4470064373495043,7,middle
7720,120,0,0.5572914406587832,0.3808926745917701,7,middle
7721,121,0,0.272820758089417,0.46401109938049434,7,middle
7722,122,0,0.4190921948920256,0.4482603745244509,7,middle
7723,123,0,0.5047685551935074,0.5112700213332037,7,middle
7724,124,0,0.547021335163805,0.46794615857526645,7,middle
7725,125,0,0.29507055299912177,0.3064896352782951,7,middle
7726,126,0,0.6854050321522,0.4060830080188474,7,middle
7727,127,0,0.2541032188144762,0.5848939507450442,7,middle
7728,128,0,0.5299743533195247,0.25733014138252686,7,middle
7729,129,0,0.3351788229079229,0.5773188261339972,7,middle
7730,130,0,0.48819294375633837,0.4998750760302316,7,middle
7731,131,0,0.5180125187064243,0.5556735782934189,7,middle
7732,132,0,0.3571243143601238,0.3648000581907369,7,middle
7733,133,0,0.4455499544318943,0.4282555059748353,7,middle
7734,134,0,0.5344422968308286,0.563996563753174,7,middle
7735,135,0,0.37733942613000593,0.46354804865171334,7,middle
7736,136,0,0.5562108946563703,0.4011491631329748,7,middle
7737,137,0,0.4564793652039216,0.5214138364194715,7,middle
7738,138,0,0.6903889178819906,0.4397870493639473,7,middle
7739,139,0,0.5344831591770682,0.38248763529437635,7,middle
7740,140,0,0.32874052107948637,0.37867723937496056,7,middle
7741,141,0,0.509430653213951,0.39453282228133313,7,middle
7742,142,0,0.32589807440886365,0.5198979347757471,7,middle
7743,143,0,0.6505493538973963,0.48328124620403323,7,middle
7744,144,0,0.5359597391744959,0.39904492288630833,7,middle
7745,145,0,0.5006542885300728,0.31303434232645566,7,middle
7746,146,0,0.6573118773477689,0.44881364711706506,7,middle
7747,147,0,0.6467119575296263,0.36211194445887124,7,middle
7748,148,0,0.5975845832911914,0.4475111472082761,7,middle
7749,149,0,0.3621014773964071,0.3739368907963039,7,middle
7750,150,0,0.6290236839563793,0.5151113748720273,7,middle
7751,151,0,0.5983119358499742,0.5258011680558325,7,middle
7752,152,0,0.6026847392306413,0.5300117402874065,7,middle
7753,153,0,0.5315601186511826,0.41345158444034746,7,middle
7754,154,0,0.5888561095469368,0.5013580276462861,7,middle
7755,155,0,0.5609783083502297,0.38637154388738193,7,middle
7756,156,0,0.3472000604586316,0.40298801066827167,7,middle
7757,157,0,0.6141121957211809,0.5240882015236005,7,middle
7758,158,0,0.5043056247181268,0.34464243629371727,7,middle
7759,159,0,0.7416359485080487,0.4586740811954003,7,middle
7760,160,0,0.6213976472845707,0.4761455809549324,7,middle
7761,161,0,0.4684109297068147,0.4223652591900653,7,middle
7762,162,0,0.4655145252212697,0.44348525601162364,7,middle
7763,163,0,0.40223259701019815,0.3967417580036431,7,middle
7764,164,0,0.6789691086297079,0.5212344009929308,7,middle
7765,165,0,0.6014390900499591,0.5969669778664031,7,middle
7766,166,0,0.4324344555181533,0.36009354493388324,7,middle
7767,167,0,0.743722247144621,0.3994642289333104,7,middle
7768,168,0,0.7418937304992539,0.4320316434703585,7,middle
7769,169,0,0.5339501024184254,0.4195874103128746,7,middle
7770,170,0,0.4902402315620311,0.47795801087347545,7,middle
7771,171,0,0.5458505571216727,0.47254727136280517,7,middle
7772,172,0,0.5003623214378939,0.3227288850536255,7,middle
7773,173,0,0.5302995196372728,0.4520184302776752,7,middle
7774,174,0,0.49508283814966336,0.4371957398393791,7,middle
7775,175,0,0.6055435561717687,0.44228331717639235,7,middle
7776,176,0,0.4468478803150159,0.47601003220190863,7,middle
7777,177,0,0.6146205250549286,0.48386446092615726,7,middle
7778,178,0,0.3757518201387778,0.4632886589597597,7,middle
7779,179,0,0.5590201732004815,0.4416104328349492,7,middle
7780,180,0,0.6749185835455405,0.2719899198705697,7,middle
7781,181,0,0.4000472903119252,0.435673173248046,7,middle
7782,182,0,0.5245403788064391,0.3882801406344695,7,middle
7783,183,0,0.427044436817055,0.37239421228213665,7,middle
7784,184,0,0.2724417182527884,0.4588973759414852,7,middle
7785,185,0,0.5931402795913152,0.43974426660892607,7,middle
7786,186,0,0.4638534112701148,0.34110943224357904,7,middle
7787,187,0,0.5846527214506271,0.4183714069092461,7,middle
7788,188,0,0.6334421641753003,0.41425439084251137,7,middle
7789,189,0,0.6102971626768368,0.3417422284145286,7,middle
7790,190,0,0.4941279443236346,0.36815664907837137,7,middle
7791,191,0,0.5388751120564386,0.3670244174111391,7,middle
7792,192,0,0.4411165509584297,0.49987226759071474,7,middle
7793,193,0,0.5906354252433943,0.44800040901409244,7,middle
7794,194,0,0.6476295127583254,0.39360919774659264,7,middle
7795,195,0,0.5037825117519258,0.40254355948259424,7,middle
7796,196,0,0.39479024745224567,0.38039850203523407,7,middle
7797,197,0,0.38307738829795235,0.3896512912470601,7,middle
7798,198,0,0.4736282229715662,0.4416075346082292,7,middle
7799,199,0,0.5455567772292886,0.3903131093373821,7,middle
7800,0,0,0.6488913731477398,0.6037560646539105,7,late
7801,1,1,0.4680349876821733,0.7245738058965745,7,late
7802,2,0,0.6038211393177043,0.616644847622947,7,late
7803,3,0,0.4588597250400528,0.5987697886911169,7,late
7804,4,0,0.8736992698200136,0.47384201182549246,7,late
7805,5,0,0.4304976016606753,0.5952949747099413,7,late
7806,6,0,0.962249033426727,0.6208455826994819,7,late
7807,7,0,0.4434767665917384,0.6260764200706351,7,late
7808,8,0,0.2980680660442884,0.551675963149934,7,late
7809,9,0,0.40053466042722197,0.590732586195697,7,late
7810,10,0,0.8586112091138711,0.6154502937762286,7,late
7811,11,0,0.42732116742534404,0.4791686656025761,7,late
7812,12,0,0.7712758340747723,0.5020524793747846,7,late
7813,13,0,0.5774527287024933,0.5076640222088168,7,late
7814,14,0,0.4576557969737921,0.49939875579479936,7,late
7815,15,0,0.4418313532258658,0.5116725313913351,7,late
7816,16,0,0.08540624416343527,0.6953535201019647,7,late
7817,17,0,0.4817905288161542,0.47803598636296896,7,late
7818,18,0,0.1527960897158055,0.6959414684963712,7,late
7819,19,0,0.5075634190373579,0.6526548476120443,7,late
7820,20,0,0.27330472126101096,0.3841093370627665,7,late
7821,21,0,0.4374595170125299,0.45248924073584323,7,late
7822,22,0,0.26427450898345367,0.4768486848685147,7,late
7823,23,0,0.3814107661709025,0.6679224457666196,7,late
7824,24,0,0.635881538672411,0.5006201361546916,7,late
7825,25,0,0.4696485039508045,0.42679188268994045,7,late
7826,26,0,0.5428138909974248,0.40074450009274815,7,late
7827,27,0,0.5667172554685755,0.4369927551291151,7,late
7828,28,0,0.09633287257559323,0.5265285699987654,7,late
7829,29,0,0.5071511310958252,0.62726890729898,7,late
7830,30,0,0.7275387842528478,0.48009661273886095,7,late
7831,31,0,0.45885630826517043,0.48670752254382493,7,late
7832,32,0,0.7381194643595181,0.3185506342760003,7,late
7833,33,0,0.5002857336549934,0.4212305188565246,7,late
7834,34,0,0.9345854245344731,0.34203179552122387,7,late
7835,35,0,0.5431476381633841,0.5294190693081408,7,late
7836,36,0,0.1814421429946419,0.5383628197665751,7,late
7837,37,0,0.5852015833435588,0.5368242948293822,7,late
7838,38,0,0.31367791191464683,0.661750733640236,7,late
7839,39,0,0.5309908135036407,0.4331015506870824,7,late
7840,40,0,0.7835575703696911,0.5411399370730171,7,late
7841,41,0,0.3165704021714334,0.44251268167904667,7,late
7842,42,0,0.7282511267728837,0.4537112737598743,7,late
7843,43,0,0.621908746574529,0.3458723191379623,7,late
7844,44,0,0.8242806956611968,0.39712235621781977,7,late
7845,45,0,0.600401139523136,0.35904006195471905,7,late
7846,46,0,0.3687056745287176,0.48462892543461167,7,late
7847,47,0,0.7569095019395424,0.4529523202396054,7,late
7848,48,0,0.2873146144596972,0.5248539960724153,7,late
7849,49,0,0.656759846345857,0.3403189527907088,7,late
7850,50,0,0.7557180018442697,0.31299129588484165,7,late
7851,51,0,0.6159593918591048,0.4506206948435011,7,late
7852,52,0,0.8825111096459906,0.37609699829817683,7,late
7853,53,0,0.5889196988107003,0.3519745507307024,7,late
7854,54,0,0.7431206694769972,0.4351219310642216,7,late
7855,55,0,0.3586922670912286,0.5210280850099523,7,late
7856,56,0,0.7895415290451467,0.3811480228943852,7,late
7857,57,0,0.3624642025371502,0.33451209979668006,7,late
7858,58,0,0.25680608907551905,0.4471660487390272,7,late
7859,59,0,0.5415870647447558,0.4208421187252326,7,late
7860,60,0,0.7288017959478272,0.41067397936877725,7,late
7861,61,0,0.5878216974490513,0.41714966036041573,7,late
7862,62,0,0.701918187331184,0.5187567885298122,7,late
7863,63,0,0.6035300110241049,0.37122417683883446,7,late
7864,64,0,0.7227386690530994,0.41083492581895253,7,late
7865,65,0,0.5830609215967725,0.3802741121927473,7,late
7866,66,0,0.45296026173812726,0.31043616010941105,7,late
7867,67,0,0.5312277138987487,0.5900878845445086,7,late
7868,68,0,0.6588105290691803,0.4650525343911165,7,late
7869,69,0,0.5760127821191224,0.3385076590168463,7,late
7870,70,0,0.4766995075471712,0.4639468718832495,7,late
7871,71,0,0.4766927405700421,0.45596306480356885,7,late
7872,72,0,0.7556675940395792,0.5256031316651293,7,late
7873,73,0,0.4619254343521351,0.46192869163945127,7,late
7874,74,0,0.6704203289980877,0.40446422062288,7,late
7875,75,0,0.5439089804754762,0.6031147588206461,7,late
7876,76,0,0.6067069162107306,0.4650184427593419,7,late
7877,77,0,0.5627916754247828,0.44401071402628445,7,late
7878,78,0,0.7023595699677476,0.4157598560510371,7,late
7879,79,0,0.3893944239796923,0.4480029529780938,7,late
7880,80,0,0.13951526530239192,0.44819806165761444,7,late
7881,81,0,0.541587494431281,0.38822812565172515,7,late
7882,82,0,0.4121076759896424,0.4606809959406545,7,late
7883,83,0,0.6050928279100724,0.33483565368328844,7,late
7884,84,0,0.7706902508386089,0.43610019639230296,7,late
7885,85,0,0.7081829648864624,0.3790366779269999,7,late
7886,86,0,0.43185349909570897,0.4428670164238069,7,late
7887,87,0,0.41260772932432643,0.47944250701979463,7,late
7888,88,0,0.700721996608864,0.41155582484934516,7,late
7889,89,0,0.4805836263168075,0.42736684756436594,7,late
7890,90,0,0.5272843136397157,0.44239110925261116,7,late
7891,91,0,0.8548984361464891,0.5133806691401676,7,late
7892,92,0,0.6324513386640593,0.5912433206220469,7,late
7893,93,0,0.8314508078912302,0.505296868521466,7,late
7894,94,0,0.6593814101310654,0.40431406714467744,7,late
7895,95,0,0.8233288243103931,0.5933405935778517,7,late
7896,96,0,0.4746113685968491,0.3722483356663493,7,late
7897,97,0,0.7341608661404162,0.4124693372141846,7,late
7898,98,0,0.4073794918705193,0.36812158925729555,7,late
7899,99,0,0.6534186115601515,0.3550470911154505,7,late
7900,100,0,0.7018572221266275,0.5818076345213105,7,late
7901,101,0,0.6485446237899158,0.45320069502927385,7,late
7902,102,0,0.6452047624266855,0.3540436182771932,7,late
7903,103,0,0.58281719854705,0.4798325634869445,7,late
7904,104,0,0.4244289509910343,0.4495735039265377,7,late
7905,105,0,0.5776885257471913,0.5055003075973936,7,late
7906,106,0,0.5296229662335155,0.44414996991761113,7,late
7907,107,0,0.30690184547636895,0.4652617142852863,7,late
7908,108,0,0.26202751061349233,0.49232773566221155,7,late
7909,109,0,0.2266229896461473,0.40331600249338784,7,late
7910,110,0,0.6042948308606331,0.3813467984375639,7,late
7911,111,0,0.4983193984969587,0.3936602985242087,7,late
7912,112,0,0.591542980386563,0.3919567333360904,7,late
7913,113,0,0.7356597893336344,0.3298106351805382,7,late
7914,114,0,0.6672475977572863,0.4078362616016842,7,late
7915,115,0,0.8373998786948844,0.3887476123981791,7,late
7916,116,0,0.7437294884798908,0.2746663220447502,7,late
7917,117,0,0.21862120716866043,0.5003818817637203,7,late
7918,118,0,0.3229463041321137,0.44294334779251576,7,late
7919,119,0,0.36106553639291733,0.46788211416721914,7,late
7920,120,0,0.4980794617517618,0.4075614783279414,7,late
7921,121,0,0.402811107837586,0.3691136811175763,7,late
7922,122,0,0.5936233763745968,0.5292479253331321,7,late
7923,123,0,0.43071520495311344,0.539103441857226,7,late
7924,124,0,0.4099083360757513,0.4009600270567468,7,late
7925,125,0,0.5832407317813625,0.46123291348680495,7,late
7926,126,0,0.41704352958525404,0.3822473170139389,7,late
7927,127,0,0.5147376850318399,0.5512704033375467,7,late
7928,128,0,0.4926566569454315,0.5212876688454042,7,late
7929,129,0,0.5102128323763518,0.43371687709093837,7,late
7930,130,0,0.44550650397787517,0.4936028863661204,7,late
7931,131,0,0.5636760308444737,0.5051974448326022,7,late
7932,132,0,0.48331804983738935,0.42851618651255785,7,late
7933,133,0,0.530062966371491,0.38464133591884275,7,late
7934,134,0,0.5547138714459223,0.37715190940634924,7,late
7935,135,0,0.47616519167281185,0.3808034810379909,7,late
7936,136,0,0.5437234532017186,0.5594221945150184,7,late
7937,137,0,0.4467441264874715,0.41634634355981254,7,late
7938,138,0,0.5186813738287022,0.4399969651454171,7,late
7939,139,0,0.5671134861107505,0.4775280757554857,7,late
7940,140,0,0.4204055161584189,0.4575896540343048,7,late
7941,141,0,0.5944349390487949,0.545686697976949,7,late
7942,142,0,0.4679298008065284,0.46890563941471153,7,late
7943,143,0,0.5890113682475143,0.39546239156662205,7,late
7944,144,0,0.6449031581695723,0.340008537082015,7,late
7945,145,0,0.317419317848411,0.4521850803464558,7,late
7946,146,0,0.6863390787795651,0.36760520218648246,7,late
7947,147,0,0.3773159978848396,0.5595064371234777,7,late
7948,148,0,0.435177375193939,0.47712287014188026,7,late
7949,149,0,0.3108498543171703,0.4745969381810604,7,late
7950,150,0,0.4484424110341691,0.3544276813855848,7,late
7951,151,0,0.5280475476828012,0.4546377991462721,7,late
7952,152,0,0.5448380767788297,0.45505072228411186,7,late
7953,153,0,0.3848776585271374,0.41187438582898384,7,late
7954,154,0,0.6798841440455412,0.38663428623801577,7,late
7955,155,0,0.6330793880416284,0.38574295277368076,7,late
7956,156,0,0.41540568110779946,0.49436977483033956,7,late
7957,157,0,0.5827526886414571,0.3233854740113519,7,late
7958,158,0,0.3419863662578032,0.40577513548079036,7,late
7959,159,0,0.5617444507751228,0.4251432525853056,7,late
7960,160,0,0.37033595889571846,0.48265923794282645,7,late
7961,161,0,0.6370612917263411,0.3541651382816975,7,late
7962,162,0,0.5708555936049157,0.4503733648288004,7,late
7963,163,0,0.4329799929064201,0.45612180552525605,7,late
7964,164,0,0.42110160969406984,0.4710600895746157,7,late
7965,165,0,0.6506014843136418,0.37186448192586774,7,late
7966,166,0,0.5588862958188054,0.3823253725740873,7,late
7967,167,0,0.3644185687532334,0.4100009722881802,7,late
7968,168,0,0.5094120075917161,0.41111612036620193,7,late
7969,169,0,0.4224519740836134,0.44146603833544784,7,late
7970,170,0,0.4995356255131661,0.48441514567173466,7,late
7971,171,0,0.2183516146796343,0.38574289947021706,7,late
7972,172,0,0.5479880337917167,0.4690970852770378,7,late
7973,173,0,0.5146821531494572,0.41901931462186537,7,late
7974,174,0,0.4462609359202171,0.5931137731906035,7,late
7975,175,0,0.8470093873325015,0.34478099928001493,7,late
7976,176,0,0.5497052057007525,0.47316883718989,7,late
7977,177,0,0.3507799744410021,0.4403896051305052,7,late
7978,178,0,0.7599155814650351,0.48880274674229274,7,late
7979,179,0,0.45751571260369506,0.44909947736851163,7,late
7980,180,0,0.6876567670796783,0.4206843530871326,7,late
7981,181,0,0.5081862035556413,0.463077560504609,7,late
7982,182,0,0.6078537846051651,0.4764532223427927,7,late
7983,183,0,0.6407953510720581,0.45199352983949187,7,late
7984,184,0,0.5864005498488966,0.4822881207414712,7,late
7985,185,0,0.4849472046671749,0.39145984371636,7,late
7986,186,0,0.785859550116354,0.40390605380115374,7,late
7987,187,0,0.7599715637820901,0.3465261143961121,7,late
7988,188,0,0.4888603333530298,0.4980033827690556,7,late
7989,189,0,0.5345440402030566,0.3685697908805535,7,late
7990,190,0,0.47704763720914933,0.3444151241716633,7,late
7991,191,0,0.8622538148583023,0.5784298876850134,7,late
7992,192,0,0.5860586800408204,0.332557301085744,7,late
7993,193,0,0.3454422586160272,0.4527659815150592,7,late
7994,194,0,0.7227737622327992,0.31807984647451315,7,late
7995,195,0,0.42234969052099985,0.42062684468476114,7,late
7996,196,0,0.719750183183193,0.48537315897390193,7,late
7997,197,0,0.7055336204297122,0.5157248544534246,7,late
7998,198,0,0.4206327624659578,0.4456458631118969,7,late
7999,199,0,0.7024825068368863,0.4756720923762786,7,late
8000,0,0,0.9849386660205279,0.559886171566786,8,interleaved
8001,1,0,0.4893634426343593,0.5893234826932088,8,interleaved
8002,2,0,0.9893987981978407,0.45596904009521555,8,interleaved
8003,3,0,0.49645154471688613,0.6201191836353594,8,interleaved
8004,4,0,0.007181781722507231,0.6035216405377495,8,interleaved
8005,5,0,0.5099321746243801,0.622725994229657,8,interleaved
8006,6,0,0.017945660527104362,0.6410453244379499,8,interleaved
8007,7,0,0.4835140079680763,0.5352956427219067,8,interleaved
8008,8,0,0.010407474941207933,0.6798227243482458,8,interleaved
8009,9,0,0.5178426234841574,0.5617020181206487,8,interleaved
8010,10,0,0.9919736223369848,0.39395969249485097,8,interleaved
8011,11,0,0.48551461703014903,0.5059880965175692,8,interleaved
8012,12,0,0.01137489860535881,0.49498320556835057,8,interleaved
8013,13,0,0.5090269627195758,0.6038227214442068,8,interleaved
8014,14,0,0.9682319752137794,0.45808110907940336,8,interleaved
8015,15,0,0.5218012602244062,0.41161955304748055,8,interleaved
8016,16,0,0.9847629432730973,0.5211247423549554,8,interleaved
8017,17,0,0.527370332512431,0.3590059979147057,8,interleaved
8018,18,0,0.9858040801358785,0.43998648070998936,8,interleaved
8019,19,0,0.5715433071042282,0.40725900864941134,8,interleaved
8020,20,0,0.9666128536576568,0.5182070707655799,8,interleaved
8021,21,0,0.5571317103952981,0.5810610764672275,8,interleaved
8022,22,0,0.9692894018348228,0.4953568318811238,8,interleaved
8023,23,0,0.4370630409767927,0.44576257684734183,8,interleaved
8024,24,0,0.011801587970183991,0.6394619501014425,8,interleaved
8025,25,0,0.45501088355765573,0.5696962652931592,8,interleaved
8026,26,0,0.010758674848872402,0.6454567094272208,8,interleaved
8027,27,0,0.4594032644843416,0.5828660399817643,8,interleaved
8028,28,0,0.026252852971529142,0.6601396789415787,8,interleaved
8029,29,0,0.547441234088093,0.3520510898170357,8,interleaved
8030,30,0,0.048343466326234354,0.4787551938711575,8,interleaved
8031,31,0,0.4620326252380334,0.41482030039547435,8,interleaved
8032,32,0,0.06579705962039503,0.5815788456447802,8,interleaved
8033,33,0,0.5377180201053651,0.398796469680439,8,interleaved
8034,34,0,0.07168275347196353,0.5378173882453859,8,interleaved
8035,35,0,0.3705177304880213,0.42229518327635884,8,interleaved
8036,36,0,0.07786894918029914,0.518403899809185,8,interleaved
8037,37,0,0.41157133745980384,0.3515663801338417,8,interleaved
8038,38,0,0.8829293748678494,0.39071172823515615,8,interleaved
8039,39,0,0.4441731916241856,0.3774055417853829,8,interleaved
8040,40,0,0.9077160110794751,0.42163082129547547,8,interleaved
8041,41,0,0.5350614370592988,0.31278099892426814,8,interleaved
8042,42,0,0.9162196625643173,0.2312311449590713,8,interleaved
8043,43,0,0.5303564586757091,0.3302065508711831,8,interleaved
8044,44,0,0.9655531132734954,0.3052710644981751,8,interleaved
8045,45,0,0.6426684780557167,0.397344949489465,8,interleaved
8046,46,0,0.9104113928379289,0.41785174743572384,8,interleaved
8047,47,0,0.38437644692265915,0.35520144936401055,8,interleaved
8048,48,0,0.9145816273321976,0.39772353294970675,8,interleaved
8049,49,0,0.3716820599422289,0.3822514347515911,8,interleaved
8050,50,0,0.9009292907382862,0.2930209957080417,8,interleaved
8051,51,0,0.4461913658279061,0.4129068722093989,8,interleaved
8052,52,0,0.11100547343377776,0.5470372483167167,8,interleaved
8053,53,0,0.4339720489463954,0.4165594873349382,8,interleaved
8054,54,0,0.11214457336476913,0.5701166091602397,8,interleaved
8055,55,0,0.501234867624514,0.5287751566920136,8,interleaved
8056,56,0,0.8901901265239314,0.29779632996773064,8,interleaved
8057,57,0,0.5419662311536787,0.4069063292079872,8,interleaved
8058,58,0,0.09778515365455687,0.43915557649348425,8,interleaved
8059,59,0,0.5379693635041821,0.3762505340692023,8,interleaved
8060,60,0,0.14368955669168215,0.55945637092505,8,interleaved
8061,61,0,0.5642538546445853,0.3839371696926387,8,interleaved
8062,62,0,0.16544387341489802,0.6473826916092857,8,interleaved
8063,63,0,0.47204099915325887,0.5228215309169855,8,interleaved
8064,64,0,0.8022139617019527,0.4011988084719187,8,interleaved
8065,65,0,0.33578832855201607,0.4934414733560317,8,interleaved
8066,66,0,0.2239124276011531,0.4851937354332688,8,interleaved
8067,67,0,0.42719678845874876,0.48066315381356883,8,interleaved
8068,68,0,0.18745343119914415,0.3590201983769156,8,interleaved
8069,69,0,0.5429228817106525,0.42087140085366476,8,interleaved
8070,70,0,0.21941319039429144,0.4818161485933092,8,interleaved
8071,71,0,0.632258728823061,0.4513856635222997,8,interleaved
8072,72,0,0.7988859449502272,0.4553462035274035,8,interleaved
8073,73,0,0.3972197727144549,0.4213354631775701,8,interleaved
8074,74,0,0.8177160694922543,0.46169763944645187,8,interleaved
8075,75,0,0.5397608654339219,0.42541550451111687,8,interleaved
8076,76,0,0.20461318373665816,0.38051509429061725,8,interleaved
8077,77,0,0.6024974850622464,0.36122475220131345,8,interleaved
8078,78,0,0.11138688704853766,0.4635928471350699,8,interleaved
8079,79,0,0.47067965272288753,0.5184057492209179,8,interleaved
8080,80,0,0.8509951806169536,0.31904036657713153,8,interleaved
8081,81,0,0.5705957621452915,0.3783165765330394,8,interleaved
8082,82,0,0.8620634269941148,0.48298147693623783,8,interleaved
8083,83,0,0.4341901181058476,0.583403523656616,8,interleaved
8084,84,0,0.20549045627328122,0.3550762542825717,8,interleaved
8085,85,0,0.40727445399992257,0.45297027982216165,8,interleaved
8086,86,0,0.13075820094654853,0.49985042158045057,8,interleaved
8087,87,0,0.49496302991195046,0.41545266053087215,8,interleaved
8088,88,0,0.9099978924445158,0.42451094475551965,8,interleaved
8089,89,0,0.5514780938398107,0.35360163792494836,8,interleaved
8090,90,0,0.7893871241378931,0.35856619220695285,8,interleaved
8091,91,0,0.5962850059958655,0.43957324590618035,8,interleaved
8092,92,0,0.32806238501228874,0.5479590858145902,8,interleaved
8093,93,0,0.6995805353769109,0.4999076741500575,8,interleaved
8094,94,0,0.15754159447416682,0.3627743022635045,8,interleaved
8095,95,0,0.6293380155873577,0.4244026537798048,8,interleaved
8096,96,0,0.18920904331983934,0.5102224629888605,8,interleaved
8097,97,0,0.7443695871695288,0.2839055259189178,8,interleaved
8098,98,0,0.7072591483931367,0.3619599330878952,8,interleaved
8099,99,0,0.40054278153686074,0.3891296951577721,8,interleaved
8100,100,0,0.7655030822475535,0.5338805743992774,8,interleaved
8101,101,0,0.2545388455218707,0.28278321504054127,8,interleaved
8102,102,0,0.19008253444173334,0.423779089570138,8,interleaved
8103,103,0,0.38577403713620384,0.4594809961386023,8,interleaved
8104,104,0,0.44012154015181465,0.39817577463358567,8,interleaved
8105,105,0,0.40492368836994624,0.46146421884069133,8,interleaved
8106,106,0,0.35285199503872433,0.39218371916557226,8,interleaved
8107,107,0,0.3999880958801098,0.41336991410975316,8,interleaved
8108,108,0,0.909559858979715,0.44714468838883537,8,interleaved
8109,109,0,0.7126531155495897,0.4328911951001426,8,interleaved
8110,110,0,0.8050276947819204,0.3627134349208501,8,interleaved
8111,111,0,0.4727984561586058,0.41233454047462825,8,interleaved
8112,112,0,0.8989512453862185,0.3741059310431649,8,interleaved
8113,113,0,0.593028234871201,0.42698935678260935,8,interleaved
8114,114,0,0.756606270886379,0.39472990674876773,8,interleaved
8115,115,0,0.4789511852945977,0.4533081025915161,8,interleaved
8116,116,0,0.8472632439919452,0.3860125266197242,8,interleaved
8117,117,0,0.40169068139902603,0.3457686175155267,8,interleaved
8118,118,0,0.2679445448933297,0.4187844954051594,8,interleaved
8119,119,0,0.588291772108517,0.3235699528292292,8,interleaved
8120,120,0,0.6957043330218803,0.27711738029979516,8,interleaved
8121,121,0,0.5410658767517451,0.38111125176787075,8,interleaved
8122,122,0,0.6668630058091467,0.28464322212056514,8,interleaved
8123,123,0,0.4709974879891242,0.29314425632558316,8,interleaved
8124,124,0,0.32629232848845846,0.5016719313852248,8,interleaved
8125,125,0,0.41149613152490905,0.27950081466059995,8,interleaved
8126,126,0,0.6722038597039475,0.43123230716051475,8,interleaved
8127,127,0,0.49935506282558517,0.2990905373473817,8,interleaved
8128,128,0,0.7712182800985719,0.43638008981233145,8,interleaved
8129,129,0,0.7804921029818834,0.47296730203565085,8,interleaved
8130,130,0,0.865858479739964,0.29903098828866936,8,interleaved
8131,131,0,0.4101768631384812,0.36970017009510897,8,interleaved
8132,132,0,0.873225558750302,0.468656259809877,8,interleaved
8133,133,0,0.7265364844709561,0.21532988602762554,8,interleaved
8134,134,0,0.8657813418878597,0.5060020928083542,8,interleaved
8135,135,0,0.29781785552519,0.39424975502589377,8,interleaved
8136,136,0,0.7148886336806495,0.41903673134337643,8,interleaved
8137,137,0,0.5535079750200999,0.33902570701119117,8,interleaved
8138,138,0,0.17949255458119756,0.3852519397656331,8,interleaved
8139,139,0,0.4629410564196042,0.3887489924195464,8,interleaved
8140,140,0,0.7639397042200186,0.41708124984770323,8,interleaved
8141,141,0,0.24607323538541706,0.3441125306231068,8,interleaved
8142,142,0,0.8475552957975605,0.19848933065949412,8,interleaved
8143,143,0,0.5213451087500193,0.34012029077961436,8,interleaved
8144,144,0,0.8951682749895866,0.4547824151811078,8,interleaved
8145,145,0,0.6305428363052061,0.31729968834651373,8,interleaved
8146,146,0,0.7123960404304115,0.3083625936719926,8,interleaved
8147,147,0,0.8386049803224094,0.3471371520560482,8,interleaved
8148,148,0,0.4257734133464671,0.3698362193241538,8,interleaved
8149,149,0,0.8509738578852526,0.5823830673283164,8,interleaved
8150,150,0,0.7389208304079311,0.34900374530160455,8,interleaved
8151,151,0,0.2835638389030376,0.40645573504478916,8,interleaved
8152,152,0,0.6975952281514382,0.31282347918085585,8,interleaved
8153,153,0,0.2838249996299185,0.4017656539241653,8,interleaved
8154,154,0,0.28770445613536655,0.3799346617888266,8,interleaved
8155,155,0,0.34117074656559354,0.5438394279216089,8,interleaved
8156,156,0,0.7310177383160179,0.27596502132391904,8,interleaved
8157,157,0,0.728807507026999,0.41571493033384943,8,interleaved
8158,158,0,0.6523237876893258,0.2876942545639662,8,interleaved
8159,159,0,0.6684786580799357,0.3823751662356159,8,interleaved
8160,160,0,0.15115776542563075,0.34537432640139926,8,interleaved
8161,161,0,0.5323489722033754,0.4048635010763224,8,interleaved
8162,162,0,0.3269647449622126,0.3442435748186212,8,interleaved
8163,163,0,0.7074280146626345,0.34131427197656045,8,interleaved
8164,164,0,0.4494399549718585,0.42960170803220954,8,interleaved
8165,165,0,0.29091583440227187,0.499951225813844,8,interleaved
8166,166,0,0.7869923641884315,0.373496929395781,8,interleaved
8167,167,0,0.8772114906371667,0.32982193433234475,8,interleaved
8168,168,0,0.6448656790154942,0.4143929736953023,8,interleaved
8169,169,0,0.6177044592186041,0.41620511559526824,8,interleaved
8170,170,0,0.6238287032881067,0.6065927719101951,8,interleaved
8171,171,0,0.4173458310599384,0.38845837628423163,8,interleaved
8172,172,0,0.6966435556010313,0.2840009760667157,8,interleaved
8173,173,0,0.768220422795116,0.41090894149977414,8,interleaved
8174,174,0,0.5562577920851625,0.32591125798143616,8,interleaved
8175,175,0,0.38449204507084117,0.43438275168960094,8,interleaved
8176,176,0,0.4609906887437015,0.5359317787031203,8,interleaved
8177,177,0,0.524844015773396,0.3469868617083788,8,interleaved
8178,178,0,0.3045559407152618,0.3800759598844495,8,interleaved
8179,179,0,0.468555188345417,0.37168231237246774,8,interleaved
8180,180,0,0.7674003371173815,0.6336016507474341,8,interleaved
8181,181,0,0.7348987375635359,0.6019537371085822,8,interleaved
8182,182,0,0.3145532473744204,0.4021642710709663,8,interleaved
8183,183,0,0.7847203070454873,0.47904156796763375,8,interleaved
8184,184,0,0.8144264580116132,0.33738908798390105,8,interleaved
8185,185,0,0.7077363466072486,0.2835172152296237,8,interleaved
8186,186,0,0.6447779595880769,0.31912834371496296,8,interleaved
8187,187,0,0.5602696053056234,0.38838162473287996,8,interleaved
8188,188,0,0.7157445827791503,0.3100052190363655,8,interleaved
8189,189,0,0.29682119042765864,0.3883430032175724,8,interleaved
8190,190,0,0.8974540258723817,0.24675920807596974,8,interleaved
8191,191,0,0.8323657500432038,0.22398981133342463,8,interleaved
8192,192,0,0.3035730714969242,0.5135320283566907,8,interleaved
8193,193,0,0.7649799838068888,0.25529068130239174,8,interleaved
8194,194,0,0.6047675981498947,0.3712618286601875,8,interleaved
8195,195,0,0.4112604042177237,0.44960261745985586,8,interleaved
8196,196,0,0.8321800101675583,0.38715557339809115,8,interleaved
8197,197,0,0.10186737722938888,0.3666840095415961,8,interleaved
8198,198,0,0.38787941821172994,0.50647988795768,8,interleaved
8199,199,0,0.2604886349292198,0.3071726124115819,8,interleaved
8200,0,0,0.009530463258794745,0.7294283598539099,8,blocked
8201,1,0,0.9907125918234572,0.5539351163201798,8,blocked
8202,2,1,0.0002711263620097098,1.3005673488104765,8,blocked
8203,3,2,0.5888667754746693,1.2045973842116902,8,blocked
8204,4,3,0.4972445880267035,1.3450313239268634,8,blocked
8205,5,4,0.6720446302891891,0.9567202153264776,8,blocked
8206,6,5,0.48981586168673064,1.279678980480246,8,blocked
8207,7,6,0.29988900460051504,1.3068474283638456,8,blocked
8208,8,7,0.0014528484200520945,1.2985525482727875,8,blocked
8209,9,8,0.1445298779286436,0.8860438405800155,8,blocked
8210,10,0,0.9892642224095045,0.46470127477745526,8,blocked
8211,11,0,0.985241697091981,0.6481068853361873,8,blocked
8212,12,9,4.6452465671768366e-05,1.2005065856817305,8,blocked
8213,13,2,0.5598941052125564,0.7418840727769356,8,blocked
8214,14,10,0.49946548671616015,1.2326116378575311,8,blocked
8215,15,11,0.0012771229349179442,1.1661019126961756,8,blocked
8216,16,12,0.013150121394373228,1.1231179343675952,8,blocked
8217,17,13,0.1356766318532751,0.7360558636119776,8,blocked
8218,18,13,0.14868322699282668,0.6712336969456505,8,blocked
8219,19,13,0.06395548566955647,0.664470186270288,8,blocked
8220,20,0,0.01684307225348084,0.5756982232724106,8,blocked
8221,21,13,0.8304701421910721,0.6777964713276702,8,blocked
8222,22,14,0.9981332803796936,1.078077825612056,8,blocked
8223,23,2,0.6600242337661528,0.7264751265464305,8,blocked
8224,24,13,0.03501187973143165,1.4068751574887108,8,blocked
8225,25,13,0.033001312186130984,0.6686956052949523,8,blocked
8226,26,15,0.08347947746745471,1.0625288773966912,8,blocked
8227,27,16,0.9925611475254741,1.1581413695013318,8,blocked
8228,28,13,0.18837571806929904,0.5772595778139546,8,blocked
8229,29,0,0.9839483598520298,0.5759536096960354,8,blocked
8230,30,8,0.12849444280527575,0.6890057765000587,8,blocked
8231,31,13,0.7105741328197657,0.5730762398022264,8,blocked
8232,32,13,0.08088703049022915,0.6687574454207206,8,blocked
8233,33,0,0.02912943806723491,0.5276916316725692,8,blocked
8234,34,17,0.9879903715355729,0.7183432708020262,8,blocked
8235,35,18,0.4710551925006634,1.4459872812470516,8,blocked
8236,36,13,0.14868828088702257,0.8773356648296616,8,blocked
8237,37,13,0.7778755241654778,0.5731224951136489,8,blocked
8238,38,13,0.13544000764622377,0.6125533394882545,8,blocked
8239,39,0,0.9861050285233013,0.5189725564466985,8,blocked
8240,40,0,0.47870198814910064,0.7221039338451885,8,blocked
8241,41,0,0.4995139574795528,0.5657310186423727,8,blocked
8242,42,19,0.5268196245687476,0.7180843690183785,8,blocked
8243,43,13,0.7259143767384486,0.5410519775298062,8,blocked
8244,44,20,0.526916776916745,1.2222226822346243,8,blocked
8245,45,21,0.5065514067375962,0.8766940792044913,8,blocked
8246,46,22,0.4892920156453033,0.6169485594428228,8,blocked
8247,47,0,0.5017390710167524,0.6369365470504081,8,blocked
8248,48,0,0.49791963747261797,0.670563810175572,8,blocked
8249,49,0,0.4717888327736529,0.5482751004074452,8,blocked
8250,50,0,0.503266035606594,0.7130740737640275,8,blocked
8251,51,0,0.46354727783390187,0.5808029775353809,8,blocked
8252,52,0,0.6337416564372991,0.4911856342173983,8,blocked
8253,53,13,0.3742259553298387,0.4406854027613448,8,blocked
8254,54,0,0.5098084525331079,0.7500073365731441,8,blocked
8255,55,0,0.5613506412830079,0.5283253410970691,8,blocked
8256,56,13,0.34019885838846037,0.4292560768305418,8,blocked
8257,57,13,0.2937865207128959,0.49063505297640997,8,blocked
8258,58,0,0.7295435482058747,0.5320255858519503,8,blocked
8259,59,0,0.6473316220651141,0.4985665137968331,8,blocked
8260,60,0,0.2960476634074674,0.5949974827751412,8,blocked
8261,61,0,0.5028119884121546,0.5692975777411878,8,blocked
8262,62,0,0.6482728773584141,0.5069916330690705,8,blocked
8263,63,19,0.6187256901975007,0.5437071577436733,8,blocked
8264,64,0,0.5862159961029192,0.5664351372355589,8,blocked
8265,65,0,0.18791333470880195,0.5725757791021625,8,blocked
8266,66,0,0.12419730743911128,0.6219288252183812,8,blocked
8267,67,0,0.22830203901342808,0.5652195277265086,8,blocked
8268,68,0,0.7683721030565033,0.3899023002314823,8,blocked
8269,69,0,0.7050205627222808,0.3982363823237154,8,blocked
8270,70,0,0.7057452504547334,0.3922432758517301,8,blocked
8271,71,0,0.8898877113561197,0.36909709586841943,8,blocked
8272,72,0,0.8123382032492084,0.5628419045053719,8,blocked
8273,73,0,0.20494412516813795,0.6678474919655594,8,blocked
8274,74,0,0.9047564373822117,0.40798488577571895,8,blocked
8275,75,0,0.1000369781177518,0.45194229838125255,8,blocked
8276,76,0,0.826514367643266,0.4407394430360501,8,blocked
8277,77,0,0.9451559872677343,0.35993581335000047,8,blocked
8278,78,0,0.9423089389974151,0.40227541846234477,8,blocked
8279,79,0,0.042228758261707085,0.6790948416173881,8,blocked
8280,80,0,0.4637622302057088,0.47853005594240616,8,blocked
8281,81,0,0.5474754378997132,0.5764332758209331,8,blocked
8282,82,0,0.5067602145217036,0.44818125579445006,8,blocked
8283,83,0,0.5950067030158827,0.6285574212084089,8,blocked
8284,84,0,0.543469809574078,0.5237074817831928,8,blocked
8285,85,0,0.6330798164436486,0.5008448814492169,8,blocked
8286,86,0,0.640814788378602,0.3546058211971025,8,blocked
8287,87,0,0.5679895572712386,0.3797065959415996,8,blocked
8288,88,0,0.5944807171114302,0.3738748873355293,8,blocked
8289,89,0,0.5824637623928436,0.38931171910525575,8,blocked
8290,90,0,0.40464723525982277,0.3522841265825236,8,blocked
8291,91,0,0.4252778180324157,0.3846008290497165,8,blocked
8292,92,0,0.43116649269013596,0.601056582242121,8,blocked
8293,93,0,0.6419536287858275,0.4356440016329568,8,blocked
8294,94,0,0.5513011965559315,0.3347818596593003,8,blocked
8295,95,0,0.594591819290935,0.3740406688811825,8,blocked
8296,96,0,0.5739270550473863,0.4561400100719588,8,blocked
8297,97,0,0.46290908058297064,0.5121022094642194,8,blocked
8298,98,0,0.461666728949677,0.4391476073445637,8,blocked
8299,99,0,0.5667907942095691,0.5136338253426921,8,blocked
8300,100,0,0.4719004904681938,0.49388111686417496,8,blocked
8301,101,0,0.4755814304435567,0.522562650380619,8,blocked
8302,102,0,0.47451369259271853,0.33838149958653174,8,blocked
8303,103,0,0.5563218708942133,0.4748730647515052,8,blocked
8304,104,0,0.536464308944711,0.5042936143815016,8,blocked
8305,105,0,0.5148687553153752,0.4668770669300937,8,blocked
8306,106,0,0.5332875044257199,0.4563093098654788,8,blocked
8307,107,0,0.49252631439840616,0.6163424205973391,8,blocked
8308,108,0,0.5206560666704083,0.42417770327693394,8,blocked
8309,109,0,0.493899097923812,0.3773845835564843,8,blocked
8310,110,0,0.4781822084442977,0.4244643177680222,8,blocked
8311,111,0,0.48543388188033054,0.3852614671558309,8,blocked
8312,112,0,0.5403905175637286,0.4242991431578743,8,blocked
8313,113,0,0.5012702191592237,0.3849917471931872,8,blocked
8314,114,0,0.5269021806684607,0.5265300289430312,8,blocked
8315,115,0,0.6083410797946754,0.4231926812029974,8,blocked
8316,116,0,0.5673966930580726,0.5374673169932029,8,blocked
8317,117,0,0.45063582552454046,0.5002396829859102,8,blocked
8318,118,0,0.4910736254842587,0.3935496745059739,8,blocked
8319,119,0,0.47659412385533434,0.4502712170529921,8,blocked
8320,120,0,0.8741782916368459,0.3552072958425133,8,blocked
8321,121,0,0.8699505598514345,0.32776088339002485,8,blocked
8322,122,0,0.7593938963096813,0.38908463152816075,8,blocked
8323,123,0,0.11806777888575143,0.5207504726531498,8,blocked
8324,124,0,0.8761513614787282,0.4482783005529593,8,blocked
8325,125,0,0.17748852523314454,0.4529033102207113,8,blocked
8326,126,0,0.8228727117146971,0.2968102696996955,8,blocked
8327,127,0,0.7411599520408814,0.41302366645842736,8,blocked
8328,128,0,0.8727941361797953,0.4296901130537898,8,blocked
8329,129,0,0.8383808794285921,0.5957742289611272,8,blocked
8330,130,0,0.22893260582832511,0.5067147912762633,8,blocked
8331,131,0,0.8325050600211872,0.37945398632057525,8,blocked
8332,132,0,0.12994823936822703,0.5314909658000613,8,blocked
8333,133,0,0.07482304211858057,0.41941792228380526,8,blocked
8334,134,0,0.11952540587369888,0.5396519304062206,8,blocked
8335,135,0,0.8743994259163788,0.41878551206663533,8,blocked
8336,136,0,0.10948653465219009,0.6058438959079708,8,blocked
8337,137,0,0.8307380412386896,0.3414603771426027,8,blocked
8338,138,0,0.21411443650616535,0.4678892323479621,8,blocked
8339,139,0,0.7778411061350412,0.32954950750527556,8,blocked
8340,140,0,0.2313256456241593,0.4099679882105147,8,blocked
8341,141,0,0.8760140523797553,0.39759503259387047,8,blocked
8342,142,0,0.2633891994191753,0.4035029656157882,8,blocked
8343,143,0,0.653117278275712,0.5747481231988669,8,blocked
8344,144,0,0.33954047952640043,0.4564200780566589,8,blocked
8345,145,0,0.3076464866451467,0.4384903173442478,8,blocked
8346,146,0,0.7721135561595691,0.3632787612196221,8,blocked
8347,147,0,0.33627539588787564,0.4668874851102366,8,blocked
8348,148,0,0.20239948783300146,0.5127066879156661,8,blocked
8349,149,0,0.7361267715569668,0.3185749752497982,8,blocked
8350,150,0,0.7348625530116362,0.43811872113865014,8,blocked
8351,151,0,0.37421625537978526,0.4330110528152191,8,blocked
8352,152,0,0.7215856198715476,0.3593051870309612,8,blocked
8353,153,0,0.26004104997177235,0.47680457160291734,8,blocked
8354,154,0,0.33863419780108606,0.4941112592917445,8,blocked
8355,155,0,0.7155313843195124,0.4333290239317444,8,blocked
8356,156,0,0.2639702426761089,0.3774914600670066,8,blocked
8357,157,0,0.7123796068022958,0.42675423533582596,8,blocked
8358,158,0,0.8215001577516597,0.3427760760787325,8,blocked
8359,159,0,0.7700146895075171,0.4464579809437089,8,blocked
8360,160,0,0.7154901465567681,0.37372158856029614,8,blocked
8361,161,0,0.1417050143570065,0.40209708318891874,8,blocked
8362,162,0,0.6295281700692552,0.4644696676471374,8,blocked
8363,163,0,0.855875438218468,0.5371089256894119,8,blocked
8364,164,0,0.613152725073295,0.3213106075337856,8,blocked
8365,165,0,0.0979720021459898,0.44854874346814255,8,blocked
8366,166,0,0.41597987517352153,0.4889057721460538,8,blocked
8367,167,0,0.4152506671687007,0.3814002849875717,8,blocked
8368,168,0,0.44392937977763597,0.43685935819265304,8,blocked
8369,169,0,0.4574707485530831,0.4538268851243061,8,blocked
8370,170,0,0.3834700949999947,0.3589500008852704,8,blocked
8371,171,0,0.14706334069344662,0.49601653130174916,8,blocked
8372,172,0,0.14179913491879678,0.4770798932437451,8,blocked
8373,173,0,0.42703491754172773,0.45643150933928034,8,blocked
8374,174,0,0.37890176140757836,0.45183813978499465,8,blocked
8375,175,0,0.5428568077550271,0.37659333054105826,8,blocked
8376,176,0,0.4119664003309677,0.40616050245073076,8,blocked
8377,177,0,0.4796301231338088,0.4050971559358893,8,blocked
8378,178,0,0.5029119555080509,0.43440660570017203,8,blocked
8379,179,0,0.4777490693341849,0.4028929423092855,8,blocked
8380,180,0,0.817139143373816,0.3085489527699027,8,blocked
8381,181,0,0.6459001405862002,0.34704182632057495,8,blocked
8382,182,0,0.14477640140911519,0.47775192478783807,8,blocked
8383,183,0,0.4652404275231529,0.41384973081798904,8,blocked
8384,184,0,0.13869768567881094,0.4511077497516955,8,blocked
8385,185,0,0.10822484697941501,0.41371920471458906,8,blocked
8386,186,0,0.755231575590916,0.4075067438643223,8,blocked
8387,187,0,0.43063842387017404,0.5382970904781967,8,blocked
8388,188,0,0.6655072516450353,0.6166409081864201,8,blocked
8389,189,0,0.559888092214365,0.5260880365645868,8,blocked
8390,190,0,0.24397725578941787,0.3839768657447509,8,blocked
8391,191,0,0.4502763620640283,0.3804869891938706,8,blocked
8392,192,0,0.854576438285575,0.3677923710643027,8,blocked
8393,193,0,0.5276871538853753,0.4348211898714496,8,blocked
8394,194,0,0.46268772675312475,0.42631124690696165,8,blocked
8395,195,0,0.3470681751997507,0.5722157813968674,8,blocked
8396,196,0,0.5328725539045768,0.3890777735750057,8,blocked
8397,197,0,0.3712124567547472,0.6234971297594432,8,blocked
8398,198,0,0.4776112692068549,0.34335239140193385,8,blocked
8399,199,0,0.13215747699418745,0.5032128654716072,8,blocked
8400,0,0,0.09326594099846305,0.5509857771001719,8,early
8401,1,0,0.921499734472744,0.6561501049406314,8,early
8402,2,0,0.22124258001872413,0.5538727403298035,8,early
8403,3,0,0.790813071854939,0.5702925706975318,8,early
8404,4,0,0.09338950794520193,0.692626066963943,8,early
8405,5,0,0.1561597430295574,0.5569512164800248,8,early
8406,6,0,0.1221462464024258,0.45639811819511145,8,early
8407,7,0,0.1301937157362143,0.6532089025913971,8,early
8408,8,0,0.6893337601538156,0.41929799021827796,8,early
8409,9,0,0.1416343250224168,0.6439729806117442,8,early
8410,10,0,0.195251386014412,0.7085196462443107,8,early
8411,11,0,0.14309749973600888,0.42242908827666503,8,early
8412,12,0,0.8317120166398391,0.514479761274767,8,early
8413,13,0,0.5139883829337031,0.4447449933102714,8,early
8414,14,0,0.43543377501838876,0.39458747133758565,8,early
8415,15,0,0.69501527693076,0.49417683630383064,8,early
8416,16,0,0.5748702206567969,0.5156834345403385,8,early
8417,17,0,0.38206864610502606,0.5579942083578939,8,early
8418,18,0,0.6692739891479622,0.5751963651238581,8,early
8419,19,0,0.20052997397461642,0.5211608166176398,8,early
8420,20,0,0.747222599335428,0.43969146870583675,8,early
8421,21,0,0.839589034412445,0.5014190414397895,8,early
8422,22,0,0.8361831542071392,0.4992389300176684,8,early
8423,23,0,0.6970155003694858,0.3738584199705772,8,early
8424,24,0,0.7392963480220217,0.454200837096036,8,early
8425,25,0,0.7914380473731903,0.49358126025790944,8,early
8426,26,0,0.24721949395938259,0.4145321678747531,8,early
8427,27,0,0.27399127066329004,0.4398967338145072,8,early
8428,28,0,0.7799276408670717,0.44534094165973814,8,early
8429,29,0,0.7756917918316608,0.31364462495289525,8,early
8430,30,0,0.24248589098850082,0.5200749263108326,8,early
8431,31,0,0.09612600464530019,0.5118477121669373,8,early
8432,32,0,0.78133346733728,0.3762187351883366,8,early
8433,33,0,0.777946726584466,0.5165442951842508,8,early
8434,34,0,0.2122837480825659,0.40232254173215676,8,early
8435,35,0,0.08832782818273224,0.43609653095901957,8,early
8436,36,0,0.7696926483080226,0.4410761461767806,8,early
8437,37,0,0.19961248160637113,0.5370588954388951,8,early
8438,38,0,0.38935932290727915,0.5518455127103943,8,early
8439,39,0,0.5487527440004221,0.3640391079085631,8,early
8440,40,0,0.5303175486389429,0.37873802806284096,8,early
8441,41,0,0.5743705910866554,0.32297300516518046,8,early
8442,42,0,0.37903867947764774,0.37525446061919276,8,early
8443,43,0,0.4419578582872372,0.43392122466974037,8,early
8444,44,0,0.6436377472517447,0.3375808721752255,8,early
8445,45,0,0.6408413444338664,0.494258927548911,8,early
8446,46,0,0.6041178046944389,0.3857841412680939,8,early
8447,47,0,0.6388734140532228,0.3827693280603677,8,early
8448,48,0,0.6777441008988725,0.5365917229831112,8,early
8449,49,0,0.6851676139558687,0.38694942562819407,8,early
8450,50,0,0.7491737385864982,0.46857656830957184,8,early
8451,51,0,0.8080450403893787,0.3508371828475553,8,early
8452,52,0,0.7570494057583718,0.3994499968905511,8,early
8453,53,0,0.8243497053001518,0.39876686003619477,8,early
8454,54,0,0.1593797527674825,0.41607292891443326,8,early
8455,55,0,0.17519692029578926,0.44490978855007657,8,early
8456,56,0,0.22764817971791795,0.5219430208070432,8,early
8457,57,0,0.22462952867137645,0.38136931903558857,8,early
8458,58,0,0.8159651370949099,0.44091657063129963,8,early
8459,59,0,0.7682742179080129,0.2635496976439833,8,early
8460,60,0,0.255428840784244,0.48825589468271313,8,early
8461,61,0,0.8099527912978419,0.32962282657889297,8,early
8462,62,0,0.7771865393830408,0.37915266291584526,8,early
8463,63,0,0.82376781976973,0.42892671740359556,8,early
8464,64,0,0.7512382535477727,0.3958900242692305,8,early
8465,65,0,0.24971673896582175,0.35823425908778805,8,early
8466,66,0,0.8130451787191393,0.43126906377181023,8,early
8467,67,0,0.20567053614750513,0.45332451500333454,8,early
8468,68,0,0.860166458221239,0.48572288109267514,8,early
8469,69,0,0.2076096325925324,0.618425688936823,8,early
8470,70,0,0.7696519035833791,0.2759712988730028,8,early
8471,71,0,0.20430330088814241,0.4061724826859623,8,early
8472,72,0,0.14101691905485877,0.4700971693404096,8,early
8473,73,0,0.28452681429669646,0.573178189800819,8,early
8474,74,0,0.696269856029399,0.41806381619979227,8,early
8475,75,0,0.8518038794743639,0.4424047759058478,8,early
8476,76,0,0.6480297529287953,0.39314486166216145,8,early
8477,77,0,0.3078488770999594,0.41348522886137473,8,early
8478,78,0,0.24825088753514346,0.5427392246519747,8,early
8479,79,0,0.23815414987833952,0.5374983457271525,8,early
8480,80,0,0.6288801958012168,0.4551368042760116,8,early
8481,81,0,0.2746419457491359,0.5036823248678619,8,early
8482,82,0,0.5490801547258451,0.4213576872916076,8,early
8483,83,0,0.20964352772038697,0.4678239605728275,8,early
8484,84,0,0.49593725560287283,0.34826257918794445,8,early
8485,85,0,0.16402433384359633,0.3786708162434947,8,early
8486,86,0,0.4127754881007123,0.531077529898825,8,early
8487,87,0,0.7772252157706356,0.3452061085304889,8,early
8488,88,0,0.4565459249211635,0.33393989528428025,8,early
8489,89,0,0.7120946487792494,0.30157158665839207,8,early
8490,90,0,0.5961232135911267,0.29466284934064,8,early
8491,91,0,0.8118824924040686,0.31966103844104543,8,early
8492,92,0,0.5925112622678962,0.3537345320123234,8,early
8493,93,0,0.7750460228059142,0.4529936281192097,8,early
8494,94,0,0.42510658122929695,0.39434708554781406,8,early
8495,95,0,0.8260425651723057,0.28146278975680755,8,early
8496,96,0,0.5366915642800176,0.5837068719842742,8,early
8497,97,0,0.8088903122489464,0.3104729869060595,8,early
8498,98,0,0.45151779131709596,0.3787545524873024,8,early
8499,99,0,0.2768507611385976,0.4242355843108405,8,early
8500,100,0,0.36235059809110365,0.49388722316465705,8,early
8501,101,0,0.21038564425270745,0.491606012631593,8,early
8502,102,0,0.35003000087420605,0.3855387163748214,8,early
8503,103,0,0.19274057868337857,0.3608657594154711,8,early
8504,104,0,0.48581607832524587,0.34521621045297746,8,early
8505,105,0,0.8037832410566202,0.35837121160050933,8,early
8506,106,0,0.5512354640769748,0.4517188443129006,8,early
8507,107,0,0.26967467799257366,0.36586287438719606,8,early
8508,108,0,0.6084343134173017,0.3546101016290091,8,early
8509,109,0,0.8019234399697441,0.3662795031528918,8,early
8510,110,0,0.5323037668021909,0.45246846808463487,8,early
8511,111,0,0.17083043066532289,0.4401178794510403,8,early
8512,112,0,0.44155093494222597,0.49583046784836293,8,early
8513,113,0,0.7188376361420683,0.41065451968701516,8,early
8514,114,0,0.5803054243924831,0.38891872884420253,8,early
8515,115,0,0.7566289261180115,0.35309006531807324,8,early
8516,116,0,0.49823340644551845,0.41646459953983717,8,early
8517,117,0,0.22885966303097793,0.4280009626733402,8,early
8518,118,0,0.5671094742892552,0.3491101779158734,8,early
8519,119,0,0.27366347240074457,0.4265814019056493,8,early
8520,120,0,0.45103860655837125,0.5721089130183569,8,early
8521,121,0,0.36519719568432146,0.45238128413979684,8,early
8522,122,0,0.40148330493306694,0.32830873156660134,8,early
8523,123,0,0.733812407953721,0.4152093014331206,8,early
8524,124,0,0.27881525420000575,0.2994389874295773,8,early
8525,125,0,0.18746504297274053,0.4064822205011861,8,early
8526,126,0,0.6501951683976279,0.2976591096806887,8,early
8527,127,0,0.8227564659442728,0.4664451437221589,8,early
8528,128,0,0.5727836636968293,0.4704806413835835,8,early
8529,129,0,0.2689268581247093,0.47658376057338186,8,early
8530,130,0,0.7271143049376533,0.44714775660268513,8,early
8531,131,0,0.2550194541598936,0.39749597656907043,8,early
8532,132,0,0.20887044745229857,0.45836834596779247,8,early
8533,133,0,0.7777475018191927,0.31183365336857327,8,early
8534,134,0,0.7875147790532069,0.43787022974581125,8,early
8535,135,0,0.3115575693220733,0.5257900284859907,8,early
8536,136,0,0.486786772770278,0.5402609007676309,8,early
8537,137,0,0.29029376533572226,0.4092059104334217,8,early
8538,138,0,0.40802981029915647,0.3414192924636329,8,early
8539,139,0,0.7912642331766305,0.2869419679043922,8,early
8540,140,0,0.3752604413100363,0.4454453388500323,8,early
8541,141,0,0.7687885486587624,0.30750883457074074,8,early
8542,142,0,0.5712779074587672,0.48459118457305617,8,early
8543,143,0,0.2771681334898234,0.48848549006120257,8,early
8544,144,0,0.1871672039377721,0.5848845844074937,8,early
8545,145,0,0.2646052172775588,0.44980634006421516,8,early
8546,146,0,0.7421122741721358,0.4381907285853254,8,early
8547,147,0,0.18798517419359193,0.41271812917155737,8,early
8548,148,0,0.38136419688928347,0.39474760300827005,8,early
8549,149,0,0.8427663945310266,0.3217533891133072,8,early
8550,150,0,0.8161117877220204,0.37772661839720567,8,early
8551,151,0,0.8509277888677016,0.2655109923803065,8,early
8552,152,0,0.7985150213240164,0.34582880331897325,8,early
8553,153,0,0.756285138332951,0.4452158491057511,8,early
8554,154,0,0.3525844812194373,0.3859077219555763,8,early
8555,155,0,0.7458567484771318,0.344851447959539,8,early
8556,156,0,0.7481696766441852,0.3775270241204004,8,early
8557,157,0,0.8639148101149561,0.4478461098528045,8,early
8558,158,0,0.7654147022711294,0.30969392538777585,8,early
8559,159,0,0.20872042276495606,0.48340901269968056,8,early
8560,160,0,0.2496522859370352,0.3350188619105621,8,early
8561,161,0,0.3029910637880637,0.39450982292619463,8,early
8562,162,0,0.2904856298879881,0.43393703412534834,8,early
8563,163,0,0.5151053571000933,0.4062400959050586,8,early
8564,164,0,0.3059765439764957,0.4824327819456799,8,early
8565,165,0,0.532946613449304,0.4168444340561512,8,early
8566,166,0,0.20783311906595336,0.3078019025555876,8,early
8567,167,0,0.4937785043299764,0.39706669568137554,8,early
8568,168,0,0.23902654744383076,0.37939495001074863,8,early
8569,169,0,0.2637249462852344,0.5533877315444934,8,early
8570,170,0,0.48596530702162966,0.3616606825867768,8,early
8571,171,0,0.3894560055841887,0.4295011090247794,8,early
8572,172,0,0.20536825058511615,0.44536038755172674,8,early
8573,173,0,0.55251893618531,0.37119712839472946,8,early
8574,174,0,0.7621868329245329,0.46185073529977916,8,early
8575,175,0,0.25622185572878425,0.44401904044517376,8,early
8576,176,0,0.594575106066002,0.4455125890217554,8,early
8577,177,0,0.7826100980623433,0.39585406390831845,8,early
8578,178,0,0.6504400550251321,0.3570781700977586,8,early
8579,179,0,0.24149026550375835,0.39590404218326064,8,early
8580,180,0,0.22570952975585032,0.40435457004174635,8,early
8581,181,0,0.6641149647957105,0.4547656787552501,8,early
8582,182,0,0.2500952704092655,0.33765242579237237,8,early
8583,183,0,0.5939280991751533,0.33939873937614695,8,early
8584,184,0,0.4189497906745799,0.397128665290166,8,early
8585,185,0,0.7701216761869155,0.2904400980143107,8,early
8586,186,0,0.6329946187444231,0.4481808032092718,8,early
8587,187,0,0.4478678582783411,0.35447264791592864,8,early
8588,188,0,0.20046999211440691,0.3212893409088337,8,early
8589,189,0,0.665371691009392,0.2363644896667341,8,early
8590,190,0,0.1274842753211182,0.36114633466749807,8,early
8591,191,0,0.6593631852425549,0.3750944221821196,8,early
8592,192,0,0.7733028680164056,0.2917022045672369,8,early
8593,193,0,0.6137624036187469,0.3887652652062046,8,early
8594,194,0,0.30645595574189444,0.4209001919193591,8,early
8595,195,0,0.7589697102150488,0.40230095758995593,8,early
8596,196,0,0.2595007554253662,0.32124203117101424,8,early
8597,197,0,0.3485293841480803,0.37401771935166406,8,early
8598,198,0,0.45223538049937967,0.4168403532300841,8,early
8599,199,0,0.2748933827518453,0.40293645806313216,8,early
8600,0,0,0.7175357380203102,0.5388701875118638,8,middle
8601,1,0,0.2867193348558691,0.6829950093107011,8,middle
8602,2,0,0.6765118616221497,0.5217800216149506,8,middle
8603,3,0,0.2720044597467778,0.5820997594091949,8,middle
8604,4,0,0.3850108619416762,0.6119465400502533,8,middle
8605,5,0,0.7652404638008414,0.45892607154803755,8,middle
8606,6,1,0.9032281331780367,0.7411772848296975,8,middle
8607,7,1,0.41447707002016715,0.4991301224871328,8,middle
8608,8,1,0.13987863830745476,0.5347959539051304,8,middle
8609,9,0,0.3928923354580101,0.4551739525150541,8,middle
8610,10,0,0.4957492880309553,0.5499357263719645,8,middle
8611,11,0,0.3339848092483152,0.5273377063911306,8,middle
8612,12,1,0.9147416561736208,0.5470355534244564,8,middle
8613,13,0,0.5085539984751766,0.49945766893935833,8,middle
8614,14,0,0.3948942747186227,0.4716355962579436,8,middle
8615,15,2,0.44195551452225745,0.5799392595216308,8,middle
8616,16,0,0.4665579575754104,0.5167471768194549,8,middle
8617,17,1,0.3891181344449696,0.6242619919529524,8,middle
8618,18,0,0.4161736163365902,0.5229883824943273,8,middle
8619,19,0,0.462117814429369,0.5566662663996543,8,middle
8620,20,0,0.4513139197604867,0.6216119978782934,8,middle
8621,21,3,0.4429634991591245,0.7372021578126898,8,middle
8622,22,0,0.26079075482801634,0.6072851844797305,8,middle
8623,23,1,0.3648787317593113,0.5939497423680709,8,middle
8624,24,1,0.92981972256194,0.5985744715905216,8,middle
8625,25,1,0.5311456701449303,0.6163218046001205,8,middle
8626,26,0,0.5651326500920306,0.44827155084347786,8,middle
8627,27,0,0.4576213934729585,0.40061821404272957,8,middle
8628,28,1,0.9156764936134554,0.4274388234420995,8,middle
8629,29,1,0.5495587277095199,0.4722558373396203,8,middle
8630,30,0,0.5385357698072724,0.47680864839401427,8,middle
8631,31,1,0.439979480567383,0.5640188588312347,8,middle
8632,32,1,0.8966234674041756,0.6020779494116942,8,middle
8633,33,1,0.33809347559040115,0.55706950644338,8,middle
8634,34,0,0.3848508761375337,0.5745000006655314,8,middle
8635,35,4,0.23410657946768737,0.884456821107108,8,middle
8636,36,1,0.8218774605550204,0.677902539216684,8,middle
8637,37,0,0.5059284113866719,0.39773517796798635,8,middle
8638,38,0,0.6087091211355065,0.48276485798710206,8,middle
8639,39,1,0.6902133138948932,0.4583519746909124,8,middle
8640,40,1,0.21786297250057524,0.4928520436446845,8,middle
8641,41,1,0.6502944392508236,0.4419676403348483,8,middle
8642,42,0,0.3768104639281111,0.4458101806379444,8,middle
8643,43,0,0.40338592460383804,0.4461733049595227,8,middle
8644,44,0,0.6277741911318848,0.36012109151256033,8,middle
8645,45,1,0.33086780680509065,0.5800583600806273,8,middle
8646,46,1,0.18019657515677998,0.41565043032519733,8,middle
8647,47,0,0.7156727383359701,0.3911379578234224,8,middle
8648,48,0,0.4375378948731103,0.44321165564294185,8,middle
8649,49,1,0.6682732461748352,0.6058721326139966,8,middle
8650,50,1,0.8258424462869474,0.5570523045349813,8,middle
8651,51,0,0.4001715093861982,0.5512022739898497,8,middle
8652,52,1,0.5846935016572251,0.47687540772729986,8,middle
8653,53,0,0.3322843840971571,0.577225604485182,8,middle
8654,54,0,0.62760193202283,0.3769764703057297,8,middle
8655,55,0,0.7559953302499438,0.46020009663963024,8,middle
8656,56,0,0.2256048001447356,0.5001478527136901,8,middle
8657,57,1,0.5040493277298372,0.3783276872835968,8,middle
8658,58,1,0.5020773534805122,0.42389430468464817,8,middle
8659,59,1,0.6829328619214786,0.45338538122488437,8,middle
8660,60,1,0.2152002135383136,0.5411194949150995,8,middle
8661,61,1,0.481831158959635,0.46841373922537577,8,middle
8662,62,1,0.3960519144303563,0.5418185530407271,8,middle
8663,63,1,0.617656462383539,0.6603556449861028,8,middle
8664,64,0,0.7234255599849239,0.5206312347042099,8,middle
8665,65,1,0.39923569432076816,0.4845401633358891,8,middle
8666,66,0,0.3625810942607624,0.40138468461931126,8,middle
8667,67,0,0.26663012005949793,0.5327288800503792,8,middle
8668,68,0,0.5162620397595965,0.42514134341810317,8,middle
8669,69,0,0.6964233482014371,0.4514823645326904,8,middle
8670,70,1,0.44136235859502015,0.49577298702518946,8,middle
8671,71,1,0.4229757464325319,0.6349663780806905,8,middle
8672,72,1,0.43764393624357845,0.43796006222149214,8,middle
8673,73,1,0.4290672426216209,0.28826794273827544,8,middle
8674,74,1,0.4769220696271359,0.41250575900248676,8,middle
8675,75,1,0.36506889570542556,0.49028144258677686,8,middle
8676,76,1,0.3904094905843734,0.3499578183603417,8,middle
8677,77,1,0.37626296255705344,0.30779364023788464,8,middle
8678,78,0,0.3630218841802632,0.45297002856574486,8,middle
8679,79,0,0.4770307910604239,0.5006307024663341,8,middle
8680,80,0,0.6170614584704779,0.44431831331240346,8,middle
8681,81,1,0.8294361096526908,0.5956308217718661,8,middle
8682,82,1,0.8077706827150049,0.596116033293689,8,middle
8683,83,1,0.8728482272149581,0.29642529872754886,8,middle
8684,84,1,0.11380697368313958,0.47082634046344907,8,middle
8685,85,0,0.3466839350733904,0.49477243878288496,8,middle
8686,86,1,0.837085797662154,0.35204798168854073,8,middle
8687,87,0,0.39444306032031473,0.4603912015840662,8,middle
8688,88,1,0.1398365098922203,0.4618139935552891,8,middle
8689,89,0,0.6972296650451802,0.3961177965109832,8,middle
8690,90,1,0.18136218049833702,0.5512204417134123,8,middle
8691,91,1,0.10705325206552349,0.6243888664705637,8,middle
8692,92,1,0.7650114580574323,0.5442741368951206,8,middle
8693,93,1,0.6767678013416664,0.4354291967722495,8,middle
8694,94,1,0.8807325501189107,0.5975842841888637,8,middle
8695,95,1,0.2947160999953493,0.44346229280702665,8,middle
8696,96,1,0.17428294804735567,0.5580597829387568,8,middle
8697,97,1,0.8133900397316856,0.42161528197118797,8,middle
8698,98,0,0.8046817941571365,0.39042947313036147,8,middle
8699,99,1,0.9669116554408476,0.5520330868609096,8,middle
8700,100,1,0.15180686013562814,0.38912379631559146,8,middle
8701,101,0,0.8597867013876188,0.4982266140508733,8,middle
8702,102,0,0.32256094070418934,0.5455407061407367,8,middle
8703,103,0,0.7027010757650329,0.5747650377352802,8,middle
8704,104,1,0.8306288535507498,0.351709846967039,8,middle
8705,105,1,0.9082747528827073,0.4881933884292463,8,middle
8706,106,1,0.6937966564830624,0.35741834733751177,8,middle
8707,107,1,0.045835314346226605,0.45152162164011655,8,middle
8708,108,1,0.15556605929703815,0.4271408028393253,8,middle
8709,109,0,0.2941348960950083,0.5868957656371733,8,middle
8710,110,1,0.8924133287126227,0.34793562321007476,8,middle
8711,111,1,0.7884707247575711,0.4946343304998677,8,middle
8712,112,1,0.9274970712468753,0.44937771316138564,8,middle
8713,113,1,0.8635096662971631,0.4705247727223716,8,middle
8714,114,0,0.48333641554203916,0.5572225094075294,8,middle
8715,115,0,0.29803318143569624,0.4491486458778301,8,middle
8716,116,1,0.5078821979662018,0.49732533687745345,8,middle
8717,117,0,0.6909762176405585,0.4227947437335306,8,middle
8718,118,1,0.2743003399348675,0.4597069015232776,8,middle
8719,119,1,0.16970629595920286,0.43412519451434683,8,middle
8720,120,1,0.519158480430269,0.30563200196134405,8,middle
8721,121,1,0.8624672350672355,0.30408692500363466,8,middle
8722,122,1,0.6701806768503067,0.28554240125089264,8,middle
8723,123,1,0.14243445035271768,0.4501079776111434,8,middle
8724,124,1,0.6107575878069631,0.5109156621509867,8,middle
8725,125,1,0.31019347398515096,0.4537078425589641,8,middle
8726,126,1,0.6625410033307608,0.511546609889544,8,middle
8727,127,1,0.8734957016323479,0.38062443122324136,8,middle
8728,128,1,0.5667054061840485,0.3207082115507264,8,middle
8729,129,1,0.9358164042561894,0.6157514525607841,8,middle
8730,130,1,0.2600418730486721,0.4994570627089871,8,middle
8731,131,1,0.09303183588011038,0.4465169118582296,8,middle
8732,132,0,0.48561465215508726,0.5677695123420265,8,middle
8733,133,1,0.9033229596423549,0.29663882782356077,8,middle
8734,134,0,0.6260876441669078,0.45273068896204766,8,middle
8735,135,1,0.8299399007430686,0.5330279844958876,8,middle
8736,136,1,0.47460526611479253,0.5158133232124815,8,middle
8737,137,1,0.2055371902398882,0.487857630499218,8,middle
8738,138,1,0.43275346659241193,0.4393131899523999,8,middle
8739,139,1,0.86294538840814,0.542016640993743,8,middle
8740,140,1,0.5422706901495083,0.4534365049417886,8,middle
8741,141,0,0.7151897849939135,0.26677362053496756,8,middle
8742,142,0,0.41242306996573697,0.500017563640915,8,middle
8743,143,1,0.1406766073027037,0.4354895081351974,8,middle
8744,144,1,0.48913008293265375,0.4785902985929244,8,middle
8745,145,1,0.9444164377481277,0.44478490899102024,8,middle
8746,146,0,0.5129157964262478,0.5084913431544846,8,middle
8747,147,1,0.7952067313665866,0.37729668294447183,8,middle
8748,148,1,0.6305099347342118,0.5379521929357424,8,middle
8749,149,1,0.903515553126094,0.3821968500379037,8,middle
8750,150,0,0.24015574041818386,0.43437895903871926,8,middle
8751,151,1,0.7486893111853932,0.5299906714005855,8,middle
8752,152,0,0.33288721572561303,0.3721366858147743,8,middle
8753,153,1,0.13185606709351927,0.5486158979926661,8,middle
8754,154,1,0.45247649776379506,0.3513880482990217,8,middle
8755,155,0,0.37879327151254044,0.539404578184837,8,middle
8756,156,1,0.45100871247496543,0.4044409818899361,8,middle
8757,157,1,0.23036443586870475,0.37447478994708777,8,middle
8758,158,1,0.4032151335519979,0.4514396715433774,8,middle
8759,159,1,0.3894593268427206,0.5719099048388276,8,middle
8760,160,1,0.4852645103801969,0.3390724804674532,8,middle
8761,161,1,0.5663019195321864,0.3583177113629326,8,middle
8762,162,1,0.7897630117635064,0.3420713780329463,8,middle
8763,163,1,0.2340129650320594,0.5226287527513501,8,middle
8764,164,0,0.6108954152878763,0.4336052999207004,8,middle
8765,165,1,0.898008676318788,0.3193036486211588,8,middle
8766,166,1,0.5746530959912993,0.452741568748522,8,middle
8767,167,1,0.5420980660794632,0.49763608595026676,8,middle
8768,168,1,0.6277075791958028,0.4411794851398153,8,middle
8769,169,1,0.7865378669705252,0.31723987833863854,8,middle
8770,170,1,0.29859467897386777,0.5863699682926684,8,middle
8771,171,1,0.2321208519825593,0.3975804730703109,8,middle
8772,172,1,0.804814919198708,0.36845959049678945,8,middle
8773,173,1,0.581587431165041,0.3376302080447952,8,middle
8774,174,1,0.5335576688038489,0.38984210697537014,8,middle
8775,175,1,0.7686547600527238,0.4507378615060495,8,middle
8776,176,1,0.5212127676800947,0.5211284605186729,8,middle
8777,177,1,0.31065548431938983,0.5515247966216585,8,middle
8778,178,0,0.8076330486823117,0.5036075558631781,8,middle
8779,179,1,0.7601642294083694,0.40543341280005873,8,middle
8780,180,1,0.7864895345171912,0.5373643309478906,8,middle
8781,181,1,0.5310694719152923,0.5185252691127438,8,middle
8782,182,1,0.07190375365095175,0.43523674451775374,8,middle
8783,183,0,0.7316573991289604,0.4175018398340582,8,middle
8784,184,0,0.5639881824412962,0.4217472368137227,8,middle
8785,185,0,0.5676896069957554,0.5930499153234785,8,middle
8786,186,1,0.31973458774049324,0.48519041596678447,8,middle
8787,187,1,0.15258026437209551,0.4262166503483563,8,middle
8788,188,1,0.5513484047956605,0.38799755608678926,8,middle
8789,189,1,0.3866799078159151,0.3325723441227646,8,middle
8790,190,1,0.1430006703271188,0.37853105816188515,8,middle
8791,191,1,0.09840990667428878,0.5337834635586818,8,middle
8792,192,1,0.4353056401951499,0.406620743744487,8,middle
8793,193,1,0.6141583989511139,0.32649292772001093,8,middle
8794,194,1,0.4267357028106867,0.4239998858494031,8,middle
8795,195,0,0.6009598175464117,0.34892430352001486,8,middle
8796,196,0,0.7034321512770809,0.36500699455404595,8,middle
8797,197,1,0.44675801048476993,0.6228493098954883,8,middle
8798,198,0,0.4309940465763308,0.48558126453532346,8,middle
8799,199,1,0.38830993458468727,0.47572372567449683,8,middle
8800,0,0,0.49941289652576226,0.5852820722490104,8,late
8801,1,0,0.019077138312377687,0.7559415071609255,8,late
8802,2,0,0.4611502914445913,0.5256276006300548,8,late
8803,3,0,0.9434205285862696,0.4543353573756639,8,late
8804,4,0,0.27667419552290184,0.5919360686738324,8,late
8805,5,0,0.8186247727175848,0.5826215897351354,8,late
8806,6,0,0.4846531836029425,0.5708638290192187,8,late
8807,7,1,0.0026449653068987187,0.9930704711736456,8,late
8808,8,0,0.21899606158873855,0.729348069207981,8,late
8809,9,0,0.8645800054331994,0.6349040334676528,8,late
8810,10,0,0.2573822669791448,0.6658715974521691,8,late
8811,11,0,0.11294331219866326,0.7060832295859605,8,late
8812,12,0,0.24962555618731566,0.674008348520497,8,late
8813,13,0,0.8651379623600551,0.5658788135830186,8,late
8814,14,0,0.7041818739570004,0.5272389205631703,8,late
8815,15,0,0.8206092010836223,0.40972893920095194,8,late
8816,16,0,0.36001724916604405,0.6542952733059195,8,late
8817,17,0,0.36671378827920537,0.7518950354368713,8,late
8818,18,0,0.48505827246886335,0.6071291732380472,8,late
8819,19,0,0.15582519623517022,0.7323374628366319,8,late
8820,20,0,0.7714572949777834,0.6964507779724407,8,late
8821,21,0,0.11823170415544858,0.7510308948434055,8,late
8822,22,0,0.5328350346690688,0.5066391997413853,8,late
8823,23,0,0.3838694872902049,0.6080547248925965,8,late
8824,24,0,0.4572752552638244,0.45805646858998916,8,late
8825,25,0,0.7943719406003737,0.5319325221077076,8,late
8826,26,0,0.5721594365099287,0.47193012496629494,8,late
8827,27,0,0.556336594426876,0.4677202803872529,8,late
8828,28,0,0.595326046751378,0.3927056398456993,8,late
8829,29,0,0.8175794242103542,0.5708200568087176,8,late
8830,30,0,0.5347132012664986,0.48582047134869166,8,late
8831,31,0,0.6098333179651204,0.34903536869816176,8,late
8832,32,0,0.5478604106011236,0.6547168856770859,8,late
8833,33,0,0.7606419924506251,0.43325887426637644,8,late
8834,34,0,0.5185747208920763,0.5505752225236047,8,late
8835,35,0,0.46220618072883857,0.5479653008307155,8,late
8836,36,0,0.3620943610294029,0.41105531624569946,8,late
8837,37,0,0.5451476731083049,0.5501665319114694,8,late
8838,38,0,0.6875844655758832,0.3722252988961967,8,late
8839,39,0,0.34497474357905966,0.5880677112583478,8,late
8840,40,0,0.7388281210910127,0.5266387424013541,8,late
8841,41,0,0.6568570405259939,0.45564482427240993,8,late
8842,42,0,0.7475240629995227,0.4156516738311038,8,late
8843,43,0,0.5680063263146955,0.5748064321362347,8,late
8844,44,0,0.19785311162937752,0.475173644077064,8,late
8845,45,0,0.631388990743173,0.4323477508299312,8,late
8846,46,0,0.5008239724524081,0.38192087303575784,8,late
8847,47,0,0.48849406193179234,0.45650374054842957,8,late
8848,48,0,0.31279570596749473,0.5630937943168808,8,late
8849,49,0,0.7069554614885198,0.4923970967350924,8,late
8850,50,0,0.5299093331677244,0.43686452377805773,8,late
8851,51,0,0.5522234793379242,0.4843404974720279,8,late
8852,52,0,0.42189829392297284,0.44134258965904166,8,late
8853,53,0,0.3951102942417985,0.5009389328929879,8,late
8854,54,0,0.45149085535748024,0.526009715258426,8,late
8855,55,0,0.23651265735020233,0.5625364613720312,8,late
8856,56,0,0.5260932357754053,0.6169450455917154,8,late
8857,57,0,0.4530126758756331,0.35475455617949436,8,late
8858,58,0,0.6072047304720549,0.4512660776441254,8,late
8859,59,0,0.31749871178013794,0.4440372244605863,8,late
8860,60,0,0.7955136665492397,0.43927566261132167,8,late
8861,61,0,0.26220248265787727,0.5302414462767971,8,late
8862,62,0,0.8250271725770879,0.5214407188459913,8,late
8863,63,0,0.28841353291218114,0.45875147094815827,8,late
8864,64,0,0.7013663081161323,0.4398423939678783,8,late
8865,65,0,0.7111530174795113,0.36187918185833684,8,late
8866,66,0,0.4557906365628404,0.6015030989608233,8,late
8867,67,0,0.43814854280253834,0.3181807302827494,8,late
8868,68,0,0.6074025280758399,0.47512623309309754,8,late
8869,69,0,0.6546573899436859,0.44191605005959456,8,late
8870,70,0,0.5729913780001841,0.400444041342489,8,late
8871,71,0,0.4164756844583273,0.42614349113748295,8,late
8872,72,0,0.35169995962971634,0.31913446963871217,8,late
8873,73,0,0.19311821454687447,0.4687752193117173,8,late
8874,74,0,0.48553344029622497,0.4886209348593434,8,late
8875,75,0,0.3348292781354253,0.4365389673363913,8,late
8876,76,0,0.4235714296543719,0.4453105568224052,8,late
8877,77,0,0.6629314191313584,0.45451126285194143,8,late
8878,78,0,0.42434647673167203,0.43619563400461675,8,late
8879,79,0,0.49384065609942196,0.4365138190439348,8,late
8880,80,0,0.4775066085631754,0.4079588244423554,8,late
8881,81,0,0.374655276778335,0.4329293610402109,8,late
8882,82,0,0.6416952366991293,0.47991401816352086,8,late
8883,83,0,0.4804123608661325,0.3863184900365343,8,late
8884,84,0,0.6642236819148705,0.4787742875748554,8,late
8885,85,0,0.4359549179018444,0.5114594403227581,8,late
8886,86,0,0.5253075407124533,0.5773702649165706,8,late
8887,87,0,0.4450817624581558,0.5598525604004951,8,late
8888,88,0,0.46255168536823754,0.4867074621602079,8,late
8889,89,0,0.29538574702017895,0.4120576292955648,8,late
8890,90,0,0.7950996428982566,0.412472981054703,8,late
8891,91,0,0.7323901719515484,0.32885318916563366,8,late
8892,92,0,0.7423888298818746,0.36528390470828453,8,late
8893,93,0,0.3353999986256443,0.5243356380235878,8,late
8894,94,0,0.7013758225004627,0.35094853750878957,8,late
8895,95,0,0.3578741968825299,0.35770338086909476,8,late
8896,96,0,0.7458518257843039,0.46712179346564564,8,late
8897,97,0,0.47916021683099347,0.36238493793937987,8,late
8898,98,0,0.7674462607550157,0.46420044536605987,8,late
8899,99,0,0.5187000387105395,0.39365750648172454,8,late
8900,100,0,0.4393792112164883,0.333327872815281,8,late
8901,101,0,0.3457793009587349,0.5528957616425416,8,late
8902,102,0,0.5230105775620463,0.42988789943925254,8,late
8903,103,0,0.419444498286696,0.36373220436841547,8,late
8904,104,0,0.800844662581145,0.3346101258083878,8,late
8905,105,0,0.4331733464669656,0.45822811271499725,8,late
8906,106,0,0.6645806749909168,0.5241450988078142,8,late
8907,107,0,0.5556046938063022,0.39233913347244775,8,late
8908,108,0,0.39527555631659106,0.30915704960319035,8,late
8909,109,0,0.632141893014725,0.4428255535791915,8,late
8910,110,0,0.33475441872720196,0.4435146550611441,8,late
8911,111,0,0.5450170450286187,0.5402333814027258,8,late
8912,112,0,0.582981770499526,0.37179594808480615,8,late
8913,113,0,0.4793408274216913,0.33673532999182393,8,late
8914,114,0,0.49630428756719003,0.3953506256743877,8,late
8915,115,0,0.5707076244134356,0.43001626725525965,8,late
8916,116,0,0.564752773245876,0.3939946123583346,8,late
8917,117,0,0.8604967568847026,0.6157972043989487,8,late
8918,118,0,0.4947106259972833,0.3342389034853672,8,late
8919,119,0,0.5716787237714261,0.4256130133236903,8,late
8920,120,0,0.749603516816303,0.4322178987882793,8,late
8921,121,0,0.4474489617262019,0.34354081335698905,8,late
8922,122,0,0.6163050251761601,0.4534636011498123,8,late
8923,123,0,0.512075593400048,0.4750889252723334,8,late
8924,124,0,0.4690458023959526,0.32765024351984207,8,late
8925,125,0,0.5815523751996965,0.3788776081303625,8,late
8926,126,0,0.6746229970546904,0.49135942742582744,8,late
8927,127,0,0.6647988881285245,0.4067451716423416,8,late
8928,128,0,0.7165850970780809,0.470628358183489,8,late
8929,129,0,0.336713098182377,0.3910004916696496,8,late
8930,130,0,0.4670380804467056,0.4272107936910232,8,late
8931,131,0,0.49789039592942297,0.44528066857192805,8,late
8932,132,0,0.6028494660693895,0.37844570538265404,8,late
8933,133,0,0.6745497252929089,0.4568446648879708,8,late
8934,134,0,0.9025905004808246,0.504192404575216,8,late
8935,135,0,0.7576768556503102,0.5097444662483084,8,late
8936,136,0,0.8760136506637928,0.38350121698970563,8,late
8937,137,0,0.8013328676926159,0.49098910300355697,8,late
8938,138,0,0.8133374648747284,0.3445779986270652,8,late
8939,139,0,0.05077685270833553,0.4564430494194079,8,late
8940,140,0,0.07284222334472712,0.39828086862746137,8,late
8941,141,0,0.1414131670108959,0.5248087954850644,8,late
8942,142,0,0.13611549763445172,0.43589663413038626,8,late
8943,143,0,0.9487236044120767,0.34301308057018837,8,late
8944,144,0,0.7371439232847636,0.43325110515567644,8,late
8945,145,0,0.5247581097005053,0.4959029584294927,8,late
8946,146,0,0.17954164159670302,0.4498583988267899,8,late
8947,147,0,0.7446583064034914,0.41808549038589804,8,late
8948,148,0,0.2930448058860486,0.36417595013723386,8,late
8949,149,0,0.3611755371673161,0.5146672960210257,8,late
8950,150,0,0.21115890245197677,0.4197581303926374,8,late
8951,151,0,0.4237002365748764,0.4843929312365433,8,late
8952,152,0,0.7187773411904603,0.3803165528916159,8,late
8953,153,0,0.5452160923562743,0.38551993646869076,8,late
8954,154,0,0.8577031185633613,0.43012356674880653,8,late
8955,155,0,0.7987438635706278,0.3851240815534357,8,late
8956,156,0,0.26580759315065583,0.41511630057216886,8,late
8957,157,0,0.2375742257562014,0.5348063986881981,8,late
8958,158,0,0.06969448611281755,0.521823945908074,8,late
8959,159,0,0.22084679199520973,0.40609208497343086,8,late
8960,160,0,0.6711929978971357,0.38644032986074395,8,late
8961,161,0,0.5360091161349286,0.4283364426745817,8,late
8962,162,0,0.4908779101459332,0.4638395349787068,8,late
8963,163,0,0.7322591146229844,0.46980723187093576,8,late
8964,164,0,0.2287628772111855,0.46330941819194454,8,late
8965,165,0,0.4371945161281018,0.47418701564729926,8,late
8966,166,0,0.39119314587464127,0.43307700661687343,8,late
8967,167,0,0.6015784505144266,0.39920417582730816,8,late
8968,168,0,0.5290376790283062,0.33426988425443394,8,late
8969,169,0,0.6462497789825914,0.3412162505154815,8,late
8970,170,0,0.5643742968192753,0.5660474748900597,8,late
8971,171,0,0.3005221580027005,0.46024571922749224,8,late
8972,172,0,0.42248853736598013,0.4081734864790754,8,late
8973,173,0,0.44710115504690556,0.4935967991907356,8,late
8974,174,0,0.5526810992537683,0.3596842946712415,8,late
8975,175,0,0.18730557306832296,0.5781157324007881,8,late
8976,176,0,0.5053748829048341,0.5469476607175177,8,late
8977,177,0,0.732928620757223,0.4773531218815116,8,late
8978,178,0,0.4784461559519321,0.35146734730223916,8,late
8979,179,0,0.5871372724355712,0.5322286960810971,8,late
8980,180,0,0.49497922527979765,0.3403583189522801,8,late
8981,181,0,0.7401871430194351,0.35190908389454845,8,late
8982,182,0,0.5834998996701672,0.41492481129188075,8,late
8983,183,0,0.32614536242182024,0.3223751557704707,8,late
8984,184,0,0.20930946242173626,0.37760363296087585,8,late
8985,185,0,0.6723791578650018,0.41815096762487985,8,late
8986,186,0,0.4062965282689528,0.29469177073850783,8,late
8987,187,0,0.7116876381973543,0.3802759479939863,8,late
8988,188,0,0.5736464834719086,0.3989345632706784,8,late
8989,189,0,0.777314637056632,0.3997901790363596,8,late
8990,190,0,0.6030063897509043,0.5279496787788254,8,late
8991,191,0,0.4267373271705776,0.30633175977920546,8,late
8992,192,0,0.7602820238284811,0.3874732724948542,8,late
8993,193,0,0.27438287096846725,0.468896126010212,8,late
8994,194,0,0.3251343279803106,0.5148185068913167,8,late
8995,195,0,0.5681574443767528,0.4694228458446449,8,late
8996,196,0,0.5932940416915724,0.4656796584729952,8,late
8997,197,0,0.41412170878852866,0.37032589330758603,8,late
8998,198,0,0.8688468497044128,0.43885647674248685,8,late
8999,199,0,0.9041778127950255,0.497746550239474,8,late
9000,0,0,0.6110031675453584,0.7925701572859725,9,interleaved
9001,1,1,0.5190949504641221,1.7796250339008073,9,interleaved
9002,2,2,0.44070969444131547,0.7347357681798308,9,interleaved
9003,3,2,0.6660555825651412,0.4666370326812397,9,interleaved
9004,4,2,0.8654401655126118,0.6827679986887563,9,interleaved
9005,5,2,0.354921645240429,0.8144276295965267,9,interleaved
9006,6,2,0.6489303792204664,0.6205264284568979,9,interleaved
9007,7,3,0.2356223907890818,0.9672071629060268,9,interleaved
9008,8,4,0.1571091187351074,0.8070150964346157,9,interleaved
9009,9,4,0.8154987640868216,0.6711425862496715,9,interleaved
9010,10,4,0.33149113550444403,0.7374623918200345,9,interleaved
9011,11,5,0.17355569024184592,1.0480731280584852,9,interleaved
9012,12,2,0.4269126749795831,0.6129867409109822,9,interleaved
9013,13,0,0.7264072181376262,0.6303502766068316,9,interleaved
9014,14,2,0.7176012541871797,0.6707842795871477,9,interleaved
9015,15,6,0.8724103336201164,0.9374189015624202,9,interleaved
9016,16,2,0.790145239674309,0.5718657135276992,9,interleaved
9017,17,7,0.48061160736889236,0.8362392523044734,9,interleaved
9018,18,4,0.25171985168241273,0.7284745992242188,9,interleaved
9019,19,8,0.7982626025637439,1.0531871557330321,9,interleaved
9020,20,0,0.48104732538021466,0.6115509940462721,9,interleaved
9021,21,0,0.31615573243369094,0.5973638502983776,9,interleaved
9022,22,2,0.6486062969036568,0.6310383215380431,9,interleaved
9023,23,2,0.13454239648593713,0.5627672073545928,9,interleaved
9024,24,9,0.6415282814398828,0.712919067750631,9,interleaved
9025,25,10,0.18433592931648551,0.7498102776610306,9,interleaved
9026,26,2,0.37983347755113883,0.690001997098234,9,interleaved
9027,27,0,0.28723079086107306,0.6317958705325155,9,interleaved
9028,28,0,0.18309921487300657,0.6752715344274136,9,interleaved
9029,29,2,0.037416948887571466,0.8228714671822528,9,interleaved
9030,30,4,0.8196415539082078,0.6344677224142188,9,interleaved
9031,31,0,0.5315205047820012,0.4848234030661203,9,interleaved
9032,32,0,0.47600467196520135,0.6990190651967639,9,interleaved
9033,33,0,0.8260460789394026,0.6790310096802372,9,interleaved
9034,34,0,0.7135686874316788,0.6446371927056661,9,interleaved
9035,35,0,0.4251481518093279,0.7121004632830876,9,interleaved
9036,36,4,0.7384035493685531,0.555587377278483,9,interleaved
9037,37,0,0.7741817826180385,0.5865279155949658,9,interleaved
9038,38,8,0.5990783802903537,0.7635848635417779,9,interleaved
9039,39,2,0.29080816541941,0.614487035851516,9,interleaved
9040,40,0,0.8101071300255778,0.47687682692195454,9,interleaved
9041,41,0,0.37702243685889814,0.6578373498969718,9,interleaved
9042,42,2,0.6857768942362832,0.7414245721260341,9,interleaved
9043,43,2,0.30100541429298255,0.8493330989579133,9,interleaved
9044,44,8,0.3736789011893832,0.6077864741871786,9,interleaved
9045,45,2,0.3882838033654798,0.5180329299570212,9,interleaved
9046,46,2,0.751351176171719,0.5204056101635208,9,interleaved
9047,47,2,0.5593254113193764,0.527609512552167,9,interleaved
9048,48,4,0.8211598008618581,0.5717403647950006,9,interleaved
9049,49,0,0.4288850207777183,0.6236445339527488,9,interleaved
9050,50,0,0.6522686755053897,0.6352946688680652,9,interleaved
9051,51,4,0.6110611963785592,0.6139069236976554,9,interleaved
9052,52,0,0.7396529396307636,0.5789498691216695,9,interleaved
9053,53,0,0.5511732137467198,0.5172630264710977,9,interleaved
9054,54,9,0.79262511737605,0.7408513655601773,9,interleaved
9055,55,0,0.7289181654092654,0.6336065406100069,9,interleaved
9056,56,0,0.6187580837286701,0.5750361933240287,9,interleaved
9057,57,0,0.31684589188753703,0.6301150216297833,9,interleaved
9058,58,0,0.3457789076391672,0.5480613314955637,9,interleaved
9059,59,0,0.44197002349496195,0.6969944776032291,9,interleaved
9060,60,0,0.8105642898561084,0.6156770963256177,9,interleaved
9061,61,0,0.6735948009099253,0.4687785180750799,9,interleaved
9062,62,0,0.7355985603246302,0.40545087074825975,9,interleaved
9063,63,0,0.7256749307879424,0.5795362607205075,9,interleaved
9064,64,0,0.7092175658208408,0.5424770334917726,9,interleaved
9065,65,0,0.5600725755380893,0.5760685697151542,9,interleaved
9066,66,0,0.7300580349849781,0.5755391492800608,9,interleaved
9067,67,0,0.6823062068801901,0.47132088744716816,9,interleaved
9068,68,0,0.12311671255782958,0.5131126446497473,9,interleaved
9069,69,0,0.43715779256336923,0.613693776964797,9,interleaved
9070,70,0,0.08327934405929502,0.5517692959672293,9,interleaved
9071,71,0,0.49534702263515623,0.6963359328067076,9,interleaved
9072,72,2,0.378127445645583,0.7076436839357263,9,interleaved
9073,73,0,0.2222108062976041,0.7141180859267948,9,interleaved
9074,74,0,0.7512820743788551,0.5971322185150003,9,interleaved
9075,75,0,0.5240275184462655,0.702030637498012,9,interleaved
9076,76,2,0.7109694139145515,0.4063606627535057,9,interleaved
9077,77,0,0.4624614977161816,0.606367247827617,9,interleaved
9078,78,0,0.8235910604735761,0.46569063538930316,9,interleaved
9079,79,0,0.5593968036908004,0.6222411863037172,9,interleaved
9080,80,0,0.8911257518222153,0.47971350540258306,9,interleaved
9081,81,0,0.493665216390879,0.45038176785266226,9,interleaved
9082,82,0,0.11497825478485649,0.4766528215799781,9,interleaved
9083,83,0,0.512309322058072,0.40424757058509164,9,interleaved
9084,84,0,0.4467570128955483,0.5567371187292994,9,interleaved
9085,85,0,0.5113267360153464,0.548714192924057,9,interleaved
9086,86,0,0.21943961414430047,0.6625087929024884,9,interleaved
9087,87,2,0.11137906606937042,0.5713475469382452,9,interleaved
9088,88,2,0.383900117432309,0.4499940601724674,9,interleaved
9089,89,0,0.4030872733925034,0.4628330570100063,9,interleaved
9090,90,0,0.24170060361017365,0.6118574824790628,9,interleaved
9091,91,0,0.38230889284852154,0.4875092019236363,9,interleaved
9092,92,0,0.7654359244914546,0.4016729473278444,9,interleaved
9093,93,0,0.4033125814353624,0.5358862932154924,9,interleaved
9094,94,0,0.800348301615774,0.46789261040717534,9,interleaved
9095,95,0,0.575855226487324,0.40865356393500685,9,interleaved
9096,96,0,0.8667398542097919,0.42564060454603747,9,interleaved
9097,97,0,0.4865472501594885,0.3878070107020364,9,interleaved
9098,98,0,0.6582788542602468,0.4841328888120364,9,interleaved
9099,99,0,0.35319005635849365,0.46834558944197635,9,interleaved
9100,100,0,0.20763128837629563,0.4979345794768707,9,interleaved
9101,101,0,0.5067386421769023,0.47323125930295296,9,interleaved
9102,102,0,0.80155546285183,0.2604459231433084,9,interleaved
9103,103,0,0.5547185172055613,0.4408509920636976,9,interleaved
9104,104,0,0.8568604629195418,0.34234447758481545,9,interleaved
9105,105,0,0.6125874029782706,0.5138450193865522,9,interleaved
9106,106,0,0.702833212354112,0.5178123132266678,9,interleaved
9107,107,0,0.24246753142602812,0.44274694346607135,9,interleaved
9108,108,0,0.8270758565166894,0.4378897759971755,9,interleaved
9109,109,0,0.6585144173418389,0.5283301659288532,9,interleaved
9110,110,0,0.8894751062367356,0.38895588867969444,9,interleaved
9111,111,0,0.39686212035383317,0.5450998617975351,9,interleaved
9112,112,0,0.8381733447101347,0.4391463100938794,9,interleaved
9113,113,0,0.3855718211823772,0.5373016818434342,9,interleaved
9114,114,0,0.6729781594581857,0.5474607758569181,9,interleaved
9115,115,0,0.7194994240946421,0.5585829422603885,9,interleaved
9116,116,0,0.7931120190836725,0.43496708744888624,9,interleaved
9117,117,0,0.6184137661459097,0.47786388137251834,9,interleaved
9118,118,0,0.34151458402781765,0.5680148241231617,9,interleaved
9119,119,0,0.5519190136632417,0.5128413132826282,9,interleaved
9120,120,2,0.30808920140235246,0.5210072558504375,9,interleaved
9121,121,0,0.5653333835460317,0.6900016434350724,9,interleaved
9122,122,0,0.6037632062172492,0.49452365833058787,9,interleaved
9123,123,0,0.700752376117706,0.4580889197923187,9,interleaved
9124,124,0,0.292096182957291,0.5602958226528181,9,interleaved
9125,125,0,0.5520811872730923,0.5244710381911837,9,interleaved
9126,126,0,0.6854146207152889,0.6962533260627455,9,interleaved
9127,127,0,0.5281244480095647,0.48924397165283284,9,interleaved
9128,128,0,0.7493601353137365,0.33435804901297,9,interleaved
9129,129,0,0.4747232134795143,0.5924240952248447,9,interleaved
9130,130,0,0.19067167489406256,0.5769201874930854,9,interleaved
9131,131,0,0.4442810927568126,0.38757930992725015,9,interleaved
9132,132,0,0.3013330970384861,0.4670215944687686,9,interleaved
9133,133,0,0.6224773427077077,0.5726308503084381,9,interleaved
9134,134,0,0.7341385554374213,0.3387633507006639,9,interleaved
9135,135,0,0.4517021762541378,0.542288299211459,9,interleaved
9136,136,2,0.7902981614097622,0.5938216396877096,9,interleaved
9137,137,0,0.33366144656437446,0.3744561574670592,9,interleaved
9138,138,0,0.6149837599543088,0.45356951852245475,9,interleaved
9139,139,0,0.5465710449084139,0.6074668732343472,9,interleaved
9140,140,0,0.28269750431644414,0.4774833515464545,9,interleaved
9141,141,0,0.5231278743364332,0.4208834237502138,9,interleaved
9142,142,0,0.5639537443458291,0.5818958193726005,9,interleaved
9143,143,0,0.6702606581052499,0.5717474854195675,9,interleaved
9144,144,2,0.6103354170864712,0.6012907259168758,9,interleaved
9145,145,0,0.18291855739817425,0.5817075099967548,9,interleaved
9146,146,0,0.4270442784597139,0.47959202948831553,9,interleaved
9147,147,0,0.5278796291212393,0.4139337837826055,9,interleaved
9148,148,0,0.822579729507833,0.3592387756911227,9,interleaved
9149,149,0,0.3355032984956994,0.6038727051099755,9,interleaved
9150,150,0,0.7604365401751318,0.43162859148060234,9,interleaved
9151,151,0,0.38454284295797614,0.49508283515116625,9,interleaved
9152,152,0,0.28080050087655334,0.4904506249226618,9,interleaved
9153,153,0,0.4748900094612373,0.4646975300262358,9,interleaved
9154,154,0,0.2772700082126581,0.482456238237341,9,interleaved
9155,155,0,0.6938203370234592,0.3548561330606433,9,interleaved
9156,156,0,0.13978548308028874,0.5440450267956141,9,interleaved
9157,157,0,0.5413257113487002,0.48236689999260984,9,interleaved
9158,158,0,0.6936784228106856,0.4386886886226673,9,interleaved
9159,159,0,0.49949075184837016,0.6485065888915794,9,interleaved
9160,160,0,0.5147402148789033,0.45115377812540514,9,interleaved
9161,161,0,0.8495610181158088,0.3382191280238018,9,interleaved
9162,162,0,0.5605685892919754,0.4920591943813251,9,interleaved
9163,163,0,0.554147109196903,0.43828585489060223,9,interleaved
9164,164,0,0.6768808731247404,0.4804859505026069,9,interleaved
9165,165,0,0.839734765965815,0.3584618527636291,9,interleaved
9166,166,0,0.5253410555844533,0.4118129131833686,9,interleaved
9167,167,0,0.45147819810393686,0.5024418165503622,9,interleaved
9168,168,0,0.6217648373748572,0.5053190322446641,9,interleaved
9169,169,0,0.5057530409057852,0.4153367212188426,9,interleaved
9170,170,0,0.5481326215966282,0.6330648752172718,9,interleaved
9171,171,0,0.37703581570345535,0.5662046135650854,9,interleaved
9172,172,0,0.6373390001924617,0.3694422149684935,9,interleaved
9173,173,0,0.5746058974972889,0.43389895853746585,9,interleaved
9174,174,0,0.7212314237318311,0.3885112204795987,9,interleaved
9175,175,2,0.2685855424251319,0.5515097417233409,9,interleaved
9176,176,0,0.48971113968033797,0.5852033137202661,9,interleaved
9177,177,0,0.41386995738779003,0.4976411842505071,9,interleaved
9178,178,0,0.8431549072121269,0.25994354258993047,9,interleaved
9179,179,0,0.6421247874859103,0.42543180383017754,9,interleaved
9180,180,4,0.7489253533228862,0.4779425799149136,9,interleaved
9181,181,0,0.2086199286393728,0.4498800792597144,9,interleaved
9182,182,0,0.49353120086647956,0.4084631378465059,9,interleaved
9183,183,0,0.6337571378898164,0.362339835858827,9,interleaved
9184,184,0,0.34064945132817687,0.4105880688835233,9,interleaved
9185,185,0,0.2211852574007535,0.5022985461712941,9,interleaved
9186,186,0,0.7088739241195475,0.5642623992363147,9,interleaved
9187,187,0,0.6626213453722227,0.35403897117150795,9,interleaved
9188,188,0,0.3972468529402023,0.5209987962064399,9,interleaved
9189,189,0,0.23265201222666357,0.4503009783359013,9,interleaved
9190,190,0,0.15937709097077532,0.38207158274729336,9,interleaved
9191,191,0,0.20462402124325535,0.4575890462307921,9,interleaved
9192,192,0,0.45157688493436815,0.4500869539487822,9,interleaved
9193,193,0,0.2164794420975759,0.5114149053428503,9,interleaved
9194,194,0,0.6735558458264125,0.40710771096563214,9,interleaved
9195,195,0,0.6973235873341295,0.34966484395346575,9,interleaved
9196,196,0,0.41446005470411346,0.5061167060516447,9,interleaved
9197,197,0,0.12533636032575857,0.4607058318032772,9,interleaved
9198,198,0,0.1915656653875481,0.6239062412206019,9,interleaved
9199,199,0,0.7555674415787275,0.6245934764724372,9,interleaved
9200,0,0,0.35249540811693636,0.8056218112801228,9,blocked
9201,1,1,0.3862316688688713,1.204127141757351,9,blocked
9202,2,2,0.5807501606978621,0.9394844698682544,9,blocked
9203,3,3,0.040844440351227126,1.0205926254787119,9,blocked
9204,4,0,0.616490350615143,0.6100772392853501,9,blocked
9205,5,0,0.40710705377654105,0.7945164982482633,9,blocked
9206,6,0,0.4024102508799543,0.7632853023764814,9,blocked
9207,7,0,0.4029182408195385,0.8387369299895093,9,blocked
9208,8,4,0.2137357811514888,0.7110811244277038,9,blocked
9209,9,0,0.6666223245536586,0.7313525116707642,9,blocked
9210,10,0,0.19284000041070137,0.8071569183261067,9,blocked
9211,11,0,0.713353840037699,0.7033063158022996,9,blocked
9212,12,0,0.667953265501672,0.6300873990446996,9,blocked
9213,13,5,0.0005839194920186678,1.3573750772814572,9,blocked
9214,14,0,0.7892040638221371,0.6021091389387172,9,blocked
9215,15,0,0.7959050034506405,0.6207315701065983,9,blocked
9216,16,0,0.3395949120982175,0.6780957543560162,9,blocked
9217,17,0,0.7235445504999202,0.6717437914378678,9,blocked
9218,18,0,0.8418397832098254,0.6182347231169649,9,blocked
9219,19,0,0.2819367265051285,0.6968952647948067,9,blocked
9220,20,0,0.7633802835256722,0.6846967548962841,9,blocked
9221,21,0,0.6631532281019663,0.6373871982707369,9,blocked
9222,22,0,0.31035683646601187,0.6643879284336129,9,blocked
9223,23,0,0.6977311493581068,0.5728199521538404,9,blocked
9224,24,0,0.6664397874227214,0.6254696973720437,9,blocked
9225,25,0,0.3086151488616283,0.6572886932115636,9,blocked
9226,26,0,0.6818964514845647,0.5244226353004937,9,blocked
9227,27,0,0.2797686279651584,0.5493642843684944,9,blocked
9228,28,0,0.23194784583478673,0.6860492314313124,9,blocked
9229,29,0,0.7887116801322991,0.7010977561619509,9,blocked
9230,30,0,0.29218965204601266,0.5527317537060296,9,blocked
9231,31,0,0.23599843560454345,0.5628640425213653,9,blocked
9232,32,0,0.25277662825234987,0.5924914318778236,9,blocked
9233,33,0,0.2833176578822158,0.714490350749325,9,blocked
9234,34,0,0.3137860043031344,0.595677388904732,9,blocked
9235,35,0,0.7578799541595673,0.592328425758861,9,blocked
9236,36,0,0.39445594226633535,0.5641340642586864,9,blocked
9237,37,0,0.33967908761466803,0.5232544395807649,9,blocked
9238,38,0,0.6860962657726686,0.6071189141816742,9,blocked
9239,39,0,0.32620703218888897,0.46372159210280495,9,blocked
9240,40,0,0.6126478570644706,0.4823715794007685,9,blocked
9241,41,0,0.2433265776632008,0.5187323252330697,9,blocked
9242,42,0,0.3945782445964648,0.5933574152888432,9,blocked
9243,43,0,0.18408049513318292,0.472925487179244,9,blocked
9244,44,0,0.6581543645204121,0.5142394780955653,9,blocked
9245,45,0,0.3390326148769851,0.4591312707236952,9,blocked
9246,46,0,0.2761502556354699,0.3151317011197713,9,blocked
9247,47,0,0.39682561728797106,0.5526496746692373,9,blocked
9248,48,0,0.4439218300398536,0.5738384843012295,9,blocked
9249,49,0,0.3925878848553482,0.5567407171531226,9,blocked
9250,50,0,0.43075218740223875,0.5761271848060627,9,blocked
9251,51,0,0.4260973960131206,0.46559322927754465,9,blocked
9252,52,0,0.5316513106093469,0.5151534445649351,9,blocked
9253,53,0,0.3312187178864344,0.43470715821772,9,blocked
9254,54,0,0.49913089442029146,0.4781909862435205,9,blocked
9255,55,0,0.4732954206103314,0.5025315514075979,9,blocked
9256,56,0,0.3882379478745715,0.5291523664666913,9,blocked
9257,57,0,0.6730777538995705,0.4173990866704299,9,blocked
9258,58,0,0.4604157626121239,0.4298178603292352,9,blocked
9259,59,0,0.39227486902098596,0.5088971483051932,9,blocked
9260,60,0,0.28401237408333524,0.4322916239103147,9,blocked
9261,61,0,0.5380700652944611,0.46782588491267013,9,blocked
9262,62,0,0.4127833417447625,0.4913861746282704,9,blocked
9263,63,0,0.5220001228848201,0.47541070317507905,9,blocked
9264,64,0,0.4569624222261371,0.43196038353680555,9,blocked
9265,65,0,0.4937802475061381,0.5020113661002414,9,blocked
9266,66,0,0.407017542174533,0.4653443812131997,9,blocked
9267,67,0,0.40797502969005994,0.5612537391742518,9,blocked
9268,68,0,0.44928869807555116,0.48787854313128365,9,blocked
9269,69,0,0.3866282072106047,0.5347885636234659,9,blocked
9270,70,0,0.6797910642958676,0.5823104220596327,9,blocked
9271,71,0,0.47359365819615473,0.37939073706763204,9,blocked
9272,72,0,0.5680757600886033,0.5671852772352772,9,blocked
9273,73,0,0.43857511477408584,0.5151279468384267,9,blocked
9274,74,0,0.4422721206063305,0.41024798637100546,9,blocked
9275,75,0,0.5357455435240845,0.49519770898990867,9,blocked
9276,76,0,0.4573297255896436,0.38130865243070433,9,blocked
9277,77,0,0.5711024035800984,0.4213835042488243,9,blocked
9278,78,0,0.6121781880003317,0.5419671416499758,9,blocked
9279,79,0,0.38211286411330514,0.7322047489488734,9,blocked
9280,80,0,0.6227393436847453,0.4133732375302824,9,blocked
9281,81,0,0.6437691379522424,0.39761765650252134,9,blocked
9282,82,0,0.6648905080692153,0.49960347299661656,9,blocked
9283,83,0,0.6052210306382954,0.5093836663965283,9,blocked
9284,84,0,0.3421210328236814,0.5643653853561843,9,blocked
9285,85,0,0.7408404309215297,0.535175545986641,9,blocked
9286,86,0,0.45875599956619295,0.46151314737032556,9,blocked
9287,87,0,0.7250958833745251,0.5116944381955004,9,blocked
9288,88,0,0.45459540177748703,0.4035790133079564,9,blocked
9289,89,0,0.6923140628093643,0.5233723450488237,9,blocked
9290,90,0,0.6141913867170185,0.5404017089435167,9,blocked
9291,91,0,0.6162848117804715,0.3340157155968981,9,blocked
9292,92,0,0.18494463464058813,0.6298148667069784,9,blocked
9293,93,0,0.32140036420050366,0.4903986108541637,9,blocked
9294,94,0,0.6342768697975716,0.44753017984015164,9,blocked
9295,95,0,0.44545812274159474,0.43734928823113395,9,blocked
9296,96,0,0.46826738949587177,0.4300728679803868,9,blocked
9297,97,0,0.6426279789876421,0.29265122365145735,9,blocked
9298,98,0,0.7609597846653527,0.5651159659328365,9,blocked
9299,99,0,0.7620209954617312,0.39830512209787927,9,blocked
9300,100,0,0.40146981032007173,0.449668969378003,9,blocked
9301,101,0,0.3644251022146166,0.4740068152534228,9,blocked
9302,102,0,0.6638335189506028,0.4932636592493102,9,blocked
9303,103,0,0.2839261104506976,0.5352369037387178,9,blocked
9304,104,0,0.4320923443612748,0.42388426469329255,9,blocked
9305,105,0,0.3554239938657202,0.40621771221754505,9,blocked
9306,106,0,0.45838369607944185,0.4448018633048637,9,blocked
9307,107,0,0.5465306728831194,0.32949546484428827,9,blocked
9308,108,0,0.5280539841752969,0.47423282731587796,9,blocked
9309,109,0,0.4960885005646893,0.6493287051105212,9,blocked
9310,110,0,0.5761048567292665,0.34678935446371306,9,blocked
9311,111,0,0.4210805074619969,0.3565098469204153,9,blocked
9312,112,0,0.5976816751221188,0.4399891621690577,9,blocked
9313,113,0,0.44982075508407776,0.34338370080765657,9,blocked
9314,114,0,0.5258912539967456,0.5156226762777651,9,blocked
9315,115,0,0.4412568093189445,0.5044594424905443,9,blocked
9316,116,0,0.39981947335184514,0.39402948898670453,9,blocked
9317,117,0,0.3395574924302973,0.541651665203221,9,blocked
9318,118,0,0.5771564022069421,0.45245170853246036,9,blocked
9319,119,0,0.44868142907637826,0.5286756667848587,9,blocked
9320,120,0,0.6828503922415479,0.3825410308706402,9,blocked
9321,121,0,0.5288456069081904,0.5071416305976068,9,blocked
9322,122,0,0.42025305421906395,0.395591949778653,9,blocked
9323,123,0,0.38771554769833705,0.5847650823189656,9,blocked
9324,124,0,0.3016625184948892,0.4831300664349388,9,blocked
9325,125,0,0.2839695028878019,0.49422378121634714,9,blocked
9326,126,0,0.45363868532510776,0.5761340623047925,9,blocked
9327,127,0,0.39345375165691043,0.43605554351621234,9,blocked
9328,128,0,0.5924360007215719,0.52340403356447,9,blocked
9329,129,0,0.581102007673711,0.5424676287335263,9,blocked
9330,130,0,0.28169682352314906,0.3302570958839858,9,blocked
9331,131,0,0.4439223057230668,0.4857141409998214,9,blocked
9332,132,0,0.4405786859580021,0.41415599881769305,9,blocked
9333,133,0,0.3755759272140372,0.4498189300474993,9,blocked
9334,134,0,0.4407526707475995,0.42083225270846913,9,blocked
9335,135,0,0.6840947287258069,0.6196311941271224,9,blocked
9336,136,0,0.5465798343793451,0.46658117474045185,9,blocked
9337,137,0,0.5740703442093295,0.4425820009775006,9,blocked
9338,138,0,0.5065860938879538,0.5006330550911953,9,blocked
9339,139,0,0.4248163140605825,0.5965589097072033,9,blocked
9340,140,0,0.539805935666268,0.5252986780328404,9,blocked
9341,141,0,0.3757674045852789,0.3203433415588909,9,blocked
9342,142,0,0.5287190473561014,0.4311930816479744,9,blocked
9343,143,0,0.5409049793019866,0.3712245431114991,9,blocked
9344,144,0,0.5338691433993203,0.48078008676429984,9,blocked
9345,145,0,0.37420390620326116,0.42131944572181196,9,blocked
9346,146,0,0.39281121756822845,0.45730544922760535,9,blocked
9347,147,0,0.4475182984515051,0.3268762411671894,9,blocked
9348,148,0,0.4426180146464081,0.5469206064754691,9,blocked
9349,149,0,0.5253353177131397,0.42179754209545317,9,blocked
9350,150,0,0.5397590626829033,0.5386300485699154,9,blocked
9351,151,0,0.6834082858832513,0.45145711701890895,9,blocked
9352,152,0,0.4182885591884321,0.5985450989577171,9,blocked
9353,153,0,0.5218957137896149,0.5899958701203323,9,blocked
9354,154,0,0.28950310915446476,0.3697437315716667,9,blocked
9355,155,0,0.5373008981443198,0.38165924130317186,9,blocked
9356,156,0,0.3672621967351278,0.39316911300882545,9,blocked
9357,157,0,0.6604347979605549,0.5528721694447455,9,blocked
9358,158,0,0.5806101802241209,0.5303342930502497,9,blocked
9359,159,0,0.6843891790505099,0.43745043043407206,9,blocked
9360,160,0,0.6260796207947273,0.4556325129910151,9,blocked
9361,161,0,0.7009002316189357,0.3752695942107923,9,blocked
9362,162,0,0.45941944886387703,0.4562890703092366,9,blocked
9363,163,0,0.49727228869380746,0.4246735686058061,9,blocked
9364,164,0,0.4682562946091992,0.33104623704968683,9,blocked
9365,165,0,0.49541446031769487,0.30756423524886645,9,blocked
9366,166,0,0.6654234350828071,0.39422202960977787,9,blocked
9367,167,0,0.2327898647230418,0.33113005155755826,9,blocked
9368,168,0,0.4976465272737839,0.3503078797318733,9,blocked
9369,169,0,0.5768145510410085,0.431703210014318,9,blocked
9370,170,0,0.7543627508817918,0.44978200315957334,9,blocked
9371,171,0,0.6166780034565786,0.4262163922654642,9,blocked
9372,172,0,0.6361065473023707,0.340946450532088,9,blocked
9373,173,0,0.7586981037102054,0.3816618828810672,9,blocked
9374,174,0,0.27828839659381566,0.3965536490831413,9,blocked
9375,175,0,0.5270912266769509,0.4820859455893185,9,blocked
9376,176,0,0.8230080230099155,0.4378665880204361,9,blocked
9377,177,0,0.49670653626765926,0.42138079640859916,9,blocked
9378,178,0,0.7713237958668135,0.43143475214078286,9,blocked
9379,179,0,0.34999483424504335,0.4254378053341115,9,blocked
9380,180,0,0.5856813772721305,0.4316687568635198,9,blocked
9381,181,0,0.3765485429934948,0.42132475767117417,9,blocked
9382,182,0,0.7267203127599313,0.26202425504936677,9,blocked
9383,183,0,0.6063754901987817,0.3625487011653492,9,blocked
9384,184,0,0.5410361609288169,0.5133084714612985,9,blocked
9385,185,0,0.4299933667963169,0.4082683552379317,9,blocked
9386,186,0,0.529722548116427,0.4257553943040183,9,blocked
9387,187,0,0.8120643892453547,0.2863168525779618,9,blocked
9388,188,0,0.31601163314025627,0.43839880872344583,9,blocked
9389,189,0,0.3483510151239036,0.37848464137195026,9,blocked
9390,190,0,0.634156805326491,0.373338105964341,9,blocked
9391,191,0,0.23851850386595538,0.3436729209128086,9,blocked
9392,192,0,0.3938296889165132,0.38774339450448664,9,blocked
9393,193,0,0.6003566500405213,0.37500950987187165,9,blocked
9394,194,0,0.7308391092111304,0.36270112885260175,9,blocked
9395,195,0,0.3522273558070209,0.45210734041909667,9,blocked
9396,196,0,0.34689435334801616,0.44903782711943074,9,blocked
9397,197,0,0.4008747725325817,0.39446767261691673,9,blocked
9398,198,0,0.787300758906933,0.4232918015650317,9,blocked
9399,199,0,0.8006036487287531,0.36298502812338046,9,blocked
9400,0,0,0.8169674801991136,0.512408024987377,9,early
9401,1,0,0.6768967271684402,0.5861816894254144,9,early
9402,2,1,0.9987771287013474,0.9152874451739361,9,early
9403,3,2,0.07082661729064574,1.0709353662478716,9,early
9404,4,3,0.002033191374262963,1.042983678662619,9,early
9405,5,0,0.6319742339431011,0.4441082079351585,9,early
9406,6,0,0.8682265956929314,0.6243516028696474,9,early
9407,7,0,0.8130988879500693,0.6132820404759523,9,early
9408,8,0,0.7372463129161525,0.42718607778753215,9,early
9409,9,0,0.8059281292130895,0.5954646301347515,9,early
9410,10,0,0.6558605784775171,0.4822702979546357,9,early
9411,11,0,0.3650076253166751,0.6016727207059447,9,early
9412,12,0,0.7405578929529039,0.4842276424151152,9,early
9413,13,4,0.5326373306585013,1.1730961261180208,9,early
9414,14,0,0.37820744798876077,0.6549325771045207,9,early
9415,15,0,0.6458189902030396,0.45528434605376367,9,early
9416,16,0,0.4910081362054703,0.5568229638792294,9,early
9417,17,5,0.15575611126016012,1.3950032526430083,9,early
9418,18,0,0.39860636807923455,0.4946068832692365,9,early
9419,19,6,0.3438529555489314,0.7923882797863953,9,early
9420,20,0,0.4968927485536847,0.8313153462454169,9,early
9421,21,0,0.6009644656519971,0.38804710753438626,9,early
9422,22,0,0.40922134391930987,0.6101355296151613,9,early
9423,23,0,0.6123996688433946,0.4140750484533513,9,early
9424,24,0,0.6930874754148381,0.5910481310141424,9,early
9425,25,0,0.41985154751189313,0.6246147563445472,9,early
9426,26,0,0.7149782920443933,0.5195647293366923,9,early
9427,27,0,0.9080156122501536,0.6377566201730738,9,early
9428,28,0,0.30884624776927183,0.5246083491813129,9,early
9429,29,0,0.8826999648506557,0.5306448838985113,9,early
9430,30,0,0.41786959696518583,0.6076862688991891,9,early
9431,31,0,0.4096402599036899,0.40162820180653513,9,early
9432,32,0,0.5462289136723778,0.5051762309483011,9,early
9433,33,0,0.5109516592117869,0.475692048291122,9,early
9434,34,0,0.3652950860865219,0.4704408976116192,9,early
9435,35,0,0.3525034375079276,0.41948682449569574,9,early
9436,36,0,0.3591595424015825,0.4618511336666339,9,early
9437,37,0,0.4685332001253619,0.6255125516811249,9,early
9438,38,0,0.5960854606137169,0.3738061585548962,9,early
9439,39,0,0.48358400628862713,0.4462363669567352,9,early
9440,40,0,0.5686668411909512,0.4149759978993083,9,early
9441,41,0,0.22118214837500838,0.47376118160784797,9,early
9442,42,0,0.13207064802989768,0.4853175400904736,9,early
9443,43,0,0.6211402855174311,0.4736643710977815,9,early
9444,44,0,0.7207423225671412,0.5547107907551725,9,early
9445,45,0,0.4742505453405471,0.3805843259150282,9,early
9446,46,0,0.703476411007581,0.33231212087585116,9,early
9447,47,0,0.44333602267571626,0.427714511533528,9,early
9448,48,0,0.42877313604733625,0.5356616106919623,9,early
9449,49,0,0.18583660009849812,0.509719118633997,9,early
9450,50,0,0.2700880104482162,0.559811517689142,9,early
9451,51,0,0.34070387221148724,0.48553076549187785,9,early
9452,52,0,0.20122516819507807,0.5979635045564488,9,early
9453,53,0,0.6242487243196285,0.4461139673254584,9,early
9454,54,0,0.5998158063136291,0.42208319834019736,9,early
9455,55,0,0.6011015059408802,0.5672815177677637,9,early
9456,56,0,0.2921279674003206,0.5178764274721122,9,early
9457,57,0,0.5183147606215605,0.34262599533065663,9,early
9458,58,0,0.16310704600057976,0.455984413752513,9,early
9459,59,0,0.4515606534882195,0.4892894605257636,9,early
9460,60,0,0.6707671473102725,0.43515056211681435,9,early
9461,61,0,0.49081437535779415,0.46452928920205416,9,early
9462,62,0,0.4781249997614018,0.4391193223213302,9,early
9463,63,0,0.4550774480049923,0.4613279024450003,9,early
9464,64,0,0.3021165038287279,0.45320660110814376,9,early
9465,65,0,0.3857106636051766,0.42137682205740346,9,early
9466,66,0,0.4384998258265206,0.4606628512020158,9,early
9467,67,0,0.2038333363568274,0.4627531654810796,9,early
9468,68,0,0.4804790996780114,0.5878591713731062,9,early
9469,69,0,0.4230256531327535,0.4835027093301318,9,early
9470,70,0,0.5410448051334956,0.5273348621216172,9,early
9471,71,0,0.46026206147205573,0.39576607489811433,9,early
9472,72,0,0.2801349721230671,0.5404792294103508,9,early
9473,73,0,0.427747107873902,0.4575440396128939,9,early
9474,74,0,0.5002567446340004,0.5747280936348895,9,early
9475,75,0,0.4088365709076677,0.41913367949591745,9,early
9476,76,0,0.34730538770255603,0.5670445235661191,9,early
9477,77,0,0.2334182112842301,0.5715436608912003,9,early
9478,78,0,0.4797747188776979,0.32735361909967975,9,early
9479,79,0,0.5253841080537925,0.49801757250402023,9,early
9480,80,0,0.5035338098868122,0.4647047830732721,9,early
9481,81,0,0.46781979480663316,0.38416731735469134,9,early
9482,82,0,0.17510684448456265,0.42610950448052554,9,early
9483,83,0,0.40966209811433163,0.3933545607881163,9,early
9484,84,0,0.17627283798546628,0.5447726278245515,9,early
9485,85,0,0.3107348076270286,0.4473586455191497,9,early
9486,86,0,0.4329716656853897,0.4957850074179624,9,early
9487,87,0,0.5327664329657256,0.501352357544751,9,early
9488,88,0,0.7642815267298846,0.4010379807619905,9,early
9489,89,0,0.3840404851261022,0.5107448649873385,9,early
9490,90,0,0.7653309828226715,0.41725297530827105,9,early
9491,91,0,0.5787183522769888,0.5257132604826172,9,early
9492,92,0,0.10068654110244755,0.4589056713076519,9,early
9493,93,0,0.45689066846990284,0.404643143279373,9,early
9494,94,0,0.33213614883540554,0.38338502374357813,9,early
9495,95,0,0.2923566407067632,0.4529053072857758,9,early
9496,96,0,0.8966424573222442,0.3853681963551566,9,early
9497,97,0,0.5280198607481477,0.5049553300730121,9,early
9498,98,0,0.8499006014305104,0.3107361384395055,9,early
9499,99,0,0.40233628031943575,0.6505735205807439,9,early
9500,100,0,0.6285351960427323,0.36662961955321993,9,early
9501,101,0,0.44623006022331624,0.44213884380708496,9,early
9502,102,0,0.7072076347100549,0.3369922453403338,9,early
9503,103,0,0.43661317337181715,0.37357046319215786,9,early
9504,104,0,0.2233370513650052,0.451778920426649,9,early
9505,105,0,0.39524678970842575,0.5170399543894606,9,early
9506,106,0,0.8316113195032805,0.35602264671747114,9,early
9507,107,0,0.4790212239102084,0.6184940782291163,9,early
9508,108,0,0.39852902812947133,0.5307526502167135,9,early
9509,109,0,0.4679539761673251,0.48732588526957277,9,early
9510,110,0,0.2345476789069274,0.36388067898954346,9,early
9511,111,0,0.48461901407980856,0.4592827842123848,9,early
9512,112,0,0.24326107524481888,0.40721187221458927,9,early
9513,113,0,0.6041086059785077,0.4276105275391011,9,early
9514,114,0,0.8602917743437379,0.546322490918691,9,early
9515,115,0,0.41478533478401347,0.4667339837481383,9,early
9516,116,0,0.23943105147704102,0.5852143235284496,9,early
9517,117,0,0.43926288200999747,0.5572950513882364,9,early
9518,118,0,0.7593413271425058,0.4985265713650028,9,early
9519,119,0,0.28002925177916527,0.5938472236007989,9,early
9520,120,0,0.35858740277692586,0.4360280830260545,9,early
9521,121,0,0.654387158792422,0.4291300254360741,9,early
9522,122,0,0.7759681122767155,0.4518603124231223,9,early
9523,123,0,0.3299458488733149,0.36787697504481054,9,early
9524,124,0,0.27557459440911847,0.4025454175645211,9,early
9525,125,0,0.43228552712894425,0.5265506768082366,9,early
9526,126,0,0.7625976397412582,0.4502214777030792,9,early
9527,127,0,0.4304787726945362,0.581826100630702,9,early
9528,128,0,0.39814766898346876,0.4678506110027834,9,early
9529,129,0,0.4336735345250186,0.4775993965733452,9,early
9530,130,0,0.8127540774098867,0.34808045561342027,9,early
9531,131,0,0.5153945967181762,0.29962402181334735,9,early
9532,132,0,0.6158069407753057,0.3869165574435004,9,early
9533,133,0,0.37263473344055587,0.337478713475368,9,early
9534,134,0,0.6873949958383467,0.45307488826010295,9,early
9535,135,0,0.3261132846895345,0.5192299434324489,9,early
9536,136,0,0.7783138078510491,0.42364980739488517,9,early
9537,137,0,0.3413787806138991,0.5232069034541601,9,early
9538,138,0,0.7567219974775591,0.4826328129604076,9,early
9539,139,0,0.39081703649629823,0.47824935587611556,9,early
9540,140,0,0.252713875000911,0.5664268105152325,9,early
9541,141,0,0.4321252485909233,0.5394599630493149,9,early
9542,142,0,0.794076642067678,0.4648071247215022,9,early
9543,143,0,0.49569470514081615,0.4784822974576393,9,early
9544,144,0,0.8319421482425,0.2166839378249258,9,early
9545,145,0,0.3660690087729407,0.4450096827375173,9,early
9546,146,0,0.7518141928035132,0.49636612853708173,9,early
9547,147,0,0.48187899544143187,0.7644749199019238,9,early
9548,148,0,0.21149468832623589,0.3700826277393726,9,early
9549,149,0,0.2238813508403452,0.5847678860654637,9,early
9550,150,0,0.2602050605387469,0.36908208832395994,9,early
9551,151,0,0.21189897433860955,0.49974092242050794,9,early
9552,152,0,0.8904091616036743,0.4482153428699172,9,early
9553,153,0,0.39606304400830716,0.47060972971537723,9,early
9554,154,0,0.25692026723298905,0.5035393589622501,9,early
9555,155,0,0.3377872603175656,0.40273470713347725,9,early
9556,156,0,0.86381205691874,0.3718980906565955,9,early
9557,157,0,0.4988874214369241,0.38777520909952756,9,early
9558,158,0,0.6736268257027789,0.5155106234879149,9,early
9559,159,0,0.6540636331601569,0.4458483573679279,9,early
9560,160,0,0.8014634396917907,0.22594625349493092,9,early
9561,161,0,0.5635499814699442,0.482727037574692,9,early
9562,162,0,0.406981836515224,0.5256912128177665,9,early
9563,163,0,0.4946799986404299,0.4324012816494447,9,early
9564,164,0,0.41141159402163163,0.6056210320860259,9,early
9565,165,0,0.894400890551664,0.48121196119196946,9,early
9566,166,0,0.2571393289271792,0.6406149289526092,9,early
9567,167,0,0.292064549844926,0.48223646226964056,9,early
9568,168,0,0.6317274996343658,0.31765635544425486,9,early
9569,169,0,0.694316535635007,0.4134285199043277,9,early
9570,170,0,0.46952778018577795,0.4458378902431774,9,early
9571,171,0,0.30722959621595225,0.3652563043801607,9,early
9572,172,0,0.3813843967753229,0.44110664850736003,9,early
9573,173,0,0.5846530209357838,0.42468670550921894,9,early
9574,174,0,0.36841924014533856,0.3036772557619198,9,early
9575,175,0,0.6454883858408638,0.4270231188916592,9,early
9576,176,0,0.5666803742412618,0.43101885736292767,9,early
9577,177,0,0.5737264955991365,0.4540325054997229,9,early
9578,178,0,0.4730677353689512,0.2940339352410795,9,early
9579,179,0,0.5963644754622868,0.48863202167994463,9,early
9580,180,0,0.3990980399987575,0.32630452129071386,9,early
9581,181,0,0.6097356858538372,0.4381582685657812,9,early
9582,182,0,0.49032015792628697,0.4695763030402359,9,early
9583,183,0,0.4674556595979316,0.29361290208302426,9,early
9584,184,0,0.6778280206136502,0.3720854087794967,9,early
9585,185,0,0.7335140191622918,0.4164773207024854,9,early
9586,186,0,0.476797278463406,0.4255217235690778,9,early
9587,187,0,0.7002185195391605,0.49185282393527907,9,early
9588,188,0,0.2869770785898188,0.49374809228843936,9,early
9589,189,0,0.5803218970512007,0.4008565412312442,9,early
9590,190,0,0.4914129798336875,0.5122410525247612,9,early
9591,191,0,0.44410774467282227,0.4970084976683604,9,early
9592,192,0,0.6400605205992032,0.5570298637321436,9,early
9593,193,0,0.7802256543021394,0.37383686401298766,9,early
9594,194,0,0.38441325505950263,0.35351940400382925,9,early
9595,195,0,0.49487505939439513,0.39600988769528245,9,early
9596,196,0,0.6548492271133062,0.3719118969827403,9,early
9597,197,0,0.5557208958943433,0.33936734829259546,9,early
9598,198,0,0.8503751848143243,0.29012029086665314,9,early
9599,199,0,0.3987187733744663,0.46809756068082825,9,early
9600,0,0,0.38950057331677895,0.5096429453095397,9,middle
9601,1,0,0.5337942056905847,0.6272312083264333,9,middle
9602,2,0,0.8488526755563546,0.5426569652372857,9,middle
9603,3,1,0.5020197929548447,0.8082608831646614,9,middle
9604,4,0,0.27763252397101934,0.5248092257675445,9,middle
9605,5,0,0.20350865212620306,0.6272882662541919,9,middle
9606,6,2,0.4136106359554263,1.0508406853422854,9,middle
9607,7,0,0.7018682425931676,0.44893378752969587,9,middle
9608,8,3,0.5577116770066235,0.5670798491285645,9,middle
9609,9,0,0.3751845950447602,0.6513896817702447,9,middle
9610,10,0,0.6267753224419728,0.5669658910556635,9,middle
9611,11,0,0.3722375386577217,0.606442146025749,9,middle
9612,12,0,0.42115404504932386,0.5826079971738565,9,middle
9613,13,0,0.33081222896566526,0.5957557621636227,9,middle
9614,14,0,0.7088094689155611,0.46886659089416793,9,middle
9615,15,0,0.4464914105359317,0.5291002702799261,9,middle
9616,16,0,0.1492636296408701,0.5762556115340096,9,middle
9617,17,0,0.16758557045128683,0.6349488629564748,9,middle
9618,18,0,0.7060860992939593,0.39590410882981,9,middle
9619,19,4,0.6001902414041135,0.7499460378671118,9,middle
9620,20,0,0.3681028563455243,0.4725561372390253,9,middle
9621,21,0,0.7836821288778042,0.4714631214232363,9,middle
9622,22,0,0.8289515162885044,0.37202605159614976,9,middle
9623,23,0,0.10656021985041685,0.45804581866674027,9,middle
9624,24,0,0.12382066595462592,0.46651599285872475,9,middle
9625,25,0,0.3144866531852274,0.5675125836767139,9,middle
9626,26,0,0.40375638562045807,0.5157989358321601,9,middle
9627,27,0,0.6301823453128124,0.40462946431504987,9,middle
9628,28,0,0.48657943510017837,0.47279918208516675,9,middle
9629,29,0,0.777924908236363,0.37745952356731227,9,middle
9630,30,0,0.253953612990223,0.5389505943295934,9,middle
9631,31,0,0.43822377103439675,0.3616115077656777,9,middle
9632,32,0,0.5453223403172192,0.39064310436866356,9,middle
9633,33,0,0.7603850718157962,0.37503585299343667,9,middle
9634,34,0,0.5947523583655627,0.5309636819710514,9,middle
9635,35,0,0.8551823289810885,0.4419630237506689,9,middle
9636,36,0,0.5040714347179946,0.384014537871355,9,middle
9637,37,0,0.7860871586689144,0.39457617822564217,9,middle
9638,38,0,0.5201672480986032,0.48413925979235356,9,middle
9639,39,0,0.23914893083754937,0.40706868052023126,9,middle
9640,40,0,0.6102101380486571,0.3853386066922322,9,middle
9641,41,0,0.43981893419923473,0.4975078874959181,9,middle
9642,42,0,0.2938795181440831,0.49830020299923194,9,middle
9643,43,0,0.6755074925309709,0.47738817788704035,9,middle
9644,44,0,0.5602882787830711,0.4162108348523367,9,middle
9645,45,0,0.4616795573328488,0.44690383943050466,9,middle
9646,46,0,0.19755305444847188,0.5742465102036713,9,middle
9647,47,0,0.42652978962472177,0.40219840950585206,9,middle
9648,48,0,0.6408263567190323,0.5273132058169897,9,middle
9649,49,0,0.530943234858452,0.4113020247917364,9,middle
9650,50,0,0.34573081184978005,0.5573153827856691,9,middle
9651,51,0,0.36363925345370846,0.3125306702466048,9,middle
9652,52,0,0.5161646915850351,0.4665728718024716,9,middle
9653,53,0,0.5022376310600336,0.3583558401787338,9,middle
9654,54,0,0.35530164892000293,0.6237009238882671,9,middle
9655,55,0,0.15008629411514945,0.43194097114313956,9,middle
9656,56,0,0.7087631651321673,0.627582250802659,9,middle
9657,57,0,0.6128887674251711,0.3910871788188206,9,middle
9658,58,0,0.5484639606686903,0.5857767890652331,9,middle
9659,59,0,0.2850211224704953,0.31139006166607086,9,middle
9660,60,0,0.6182829064655423,0.5631723511572764,9,middle
9661,61,0,0.16811319242771805,0.5230163390480228,9,middle
9662,62,0,0.6325684865562798,0.4505482898936623,9,middle
9663,63,0,0.6723251376282915,0.5017075278027054,9,middle
9664,64,0,0.4402933905443115,0.43460034975381245,9,middle
9665,65,0,0.3841365878054071,0.3263079843604576,9,middle
9666,66,0,0.6533260537118721,0.5780835153507913,9,middle
9667,67,0,0.669708436087423,0.41666505257116804,9,middle
9668,68,0,0.42158601928966466,0.3938971874069469,9,middle
9669,69,0,0.5817521446428533,0.37330938614719733,9,middle
9670,70,0,0.720002472839251,0.5000440339192836,9,middle
9671,71,0,0.44251594107390124,0.4980293835284581,9,middle
9672,72,0,0.7796924254651028,0.5676349205569109,9,middle
9673,73,0,0.49041944812382265,0.3560016165964793,9,middle
9674,74,0,0.4657243971897871,0.387234987557255,9,middle
9675,75,0,0.5078219673148059,0.447594117837579,9,middle
9676,76,0,0.43990823998106676,0.4679953849132651,9,middle
9677,77,0,0.2955933730583618,0.45552530081424225,9,middle
9678,78,0,0.6943490811123882,0.5106519461745394,9,middle
9679,79,0,0.6935235730722569,0.40166431958074567,9,middle
9680,80,0,0.3873285098791803,0.5325069476547764,9,middle
9681,81,0,0.29271086364394616,0.4444483702454398,9,middle
9682,82,0,0.7465008682904822,0.3945484491450485,9,middle
9683,83,0,0.6383248918456174,0.5459889421536259,9,middle
9684,84,0,0.44074797152422074,0.40778202634340815,9,middle
9685,85,0,0.3629297899109357,0.3506069203989841,9,middle
9686,86,0,0.2736936121144079,0.44676556470743173,9,middle
9687,87,0,0.37330486621617387,0.48239459426824355,9,middle
9688,88,0,0.15123642940259213,0.5256143096116376,9,middle
9689,89,0,0.3394803670220713,0.40193786571370993,9,middle
9690,90,0,0.5409794182589089,0.554699373661359,9,middle
9691,91,0,0.3449762171263898,0.5855038187412867,9,middle
9692,92,0,0.4069875439213646,0.42835653410082697,9,middle
9693,93,0,0.4245887764996237,0.35140999797981165,9,middle
9694,94,0,0.49091352971910474,0.49797989394528974,9,middle
9695,95,0,0.3410135410704598,0.5202073667123965,9,middle
9696,96,0,0.41164180944020434,0.5183554527033889,9,middle
9697,97,0,0.33692644860374676,0.3044395508596958,9,middle
9698,98,0,0.31198023409094033,0.2978518581017153,9,middle
9699,99,0,0.38801858345094276,0.413614028512451,9,middle
9700,100,0,0.20395672874625667,0.48377159725736024,9,middle
9701,101,0,0.5539969192223926,0.31782319557015953,9,middle
9702,102,0,0.4474215819677909,0.49185821975615407,9,middle
9703,103,0,0.39768076948759057,0.4785898453026658,9,middle
9704,104,0,0.3281539687820749,0.4570231174066146,9,middle
9705,105,0,0.5643253430894057,0.3180918587425049,9,middle
9706,106,0,0.43291719686804175,0.4695436256830849,9,middle
9707,107,0,0.3762830390446622,0.4160719525311075,9,middle
9708,108,0,0.2592315401380813,0.5681175393919582,9,middle
9709,109,0,0.40488498768207554,0.38968205646585385,9,middle
9710,110,0,0.3912080804754742,0.6098547121493278,9,middle
9711,111,0,0.34034333610924794,0.36311576446280885,9,middle
9712,112,0,0.3034459663213398,0.40744608058931037,9,middle
9713,113,0,0.55800282693863,0.5141468958227913,9,middle
9714,114,0,0.6101271988052396,0.3621788344585412,9,middle
9715,115,0,0.3688411303564685,0.40152901881079633,9,middle
9716,116,0,0.32987308529806436,0.6908839974399272,9,middle
9717,117,0,0.3724777704082614,0.43236962760893416,9,middle
9718,118,0,0.6150644803593117,0.31601224185599175,9,middle
9719,119,0,0.4334358437852233,0.39853230244617555,9,middle
9720,120,0,0.4470273792779289,0.38157056833841924,9,middle
9721,121,0,0.4180062545183647,0.5988625955842813,9,middle
9722,122,0,0.5094600805448573,0.3806137404056901,9,middle
9723,123,0,0.4227046386082517,0.4762769615369531,9,middle
9724,124,0,0.4278828154913351,0.34521949189862366,9,middle
9725,125,0,0.4462104581317312,0.30853321777603526,9,middle
9726,126,0,0.383477033007686,0.41539470233030534,9,middle
9727,127,0,0.5028308819075725,0.48750303987156074,9,middle
9728,128,0,0.3561409962933393,0.47155524536811805,9,middle
9729,129,0,0.6329356129375021,0.5078923872294376,9,middle
9730,130,0,0.20780750525539018,0.44330984528044615,9,middle
9731,131,0,0.37212616058214487,0.39968934845141124,9,middle
9732,132,0,0.36140736327861445,0.3553759423087849,9,middle
9733,133,0,0.3905050048181995,0.38938464000055306,9,middle
9734,134,0,0.8130641489382694,0.4038150453230779,9,middle
9735,135,0,0.34502402063893045,0.48228214821622994,9,middle
9736,136,0,0.7886638203470155,0.4642747210787692,9,middle
9737,137,0,0.5506753457180187,0.33235124870347643,9,middle
9738,138,0,0.8386817642247305,0.34985812337297495,9,middle
9739,139,0,0.4346012455872112,0.5645901126394581,9,middle
9740,140,0,0.7606100778835008,0.3649623010538306,9,middle
9741,141,0,0.4266971620265935,0.5601404120524701,9,middle
9742,142,0,0.37965885615030887,0.4309782659710736,9,middle
9743,143,0,0.5482147931717594,0.33944087108478926,9,middle
9744,144,0,0.5605402712922034,0.35763058142121784,9,middle
9745,145,0,0.2670805666585267,0.5798474750966444,9,middle
9746,146,0,0.35335298381828073,0.44606869102841995,9,middle
9747,147,0,0.4530770960365139,0.42598063188149116,9,middle
9748,148,0,0.3733539380031029,0.4592628966528367,9,middle
9749,149,0,0.4075464844586196,0.5246331865005176,9,middle
9750,150,0,0.4088308960841875,0.3902811182995253,9,middle
9751,151,0,0.4273825354269888,0.5023027636564094,9,middle
9752,152,0,0.6090250761619487,0.35416156605220234,9,middle
9753,153,0,0.36024497616149165,0.419707195538938,9,middle
9754,154,0,0.36587320232260767,0.4801814272529151,9,middle
9755,155,0,0.40775044723492937,0.4250077277343509,9,middle
9756,156,0,0.5364814176807207,0.40833241233550366,9,middle
9757,157,0,0.36520444240173344,0.41574462256109057,9,middle
9758,158,0,0.41879386132127056,0.3760090286299893,9,middle
9759,159,0,0.44894832201066454,0.4656600019378454,9,middle
9760,160,0,0.5590922127585014,0.43964390443244683,9,middle
9761,161,0,0.3333802105314677,0.4413697163547458,9,middle
9762,162,0,0.4150845656414232,0.5400827275197995,9,middle
9763,163,0,0.5388355555350076,0.3126564895380175,9,middle
9764,164,0,0.5889113683508475,0.5594415638811376,9,middle
9765,165,0,0.6512143156687047,0.4790497099052322,9,middle
9766,166,0,0.4964762387349294,0.36412889107632007,9,middle
9767,167,0,0.663175215172399,0.4381445622962919,9,middle
9768,168,0,0.7972859323333148,0.5176807596025808,9,middle
9769,169,0,0.3694482431831346,0.5104410102621513,9,middle
9770,170,0,0.5895389874047687,0.46341373116536,9,middle
9771,171,0,0.7337206273065697,0.46343460287756044,9,middle
9772,172,0,0.25045955033553835,0.3488529222804937,9,middle
9773,173,0,0.6632300545058738,0.3984617198241865,9,middle
9774,174,0,0.5114047830315279,0.6167889615028868,9,middle
9775,175,0,0.24337562347672803,0.37824664910738276,9,middle
9776,176,0,0.25350433446306925,0.43536394200692285,9,middle
9777,177,0,0.3477449171972725,0.527396342897666,9,middle
9778,178,0,0.47434030310198483,0.3954219666475399,9,middle
9779,179,0,0.7365999642726555,0.4264885981476926,9,middle
9780,180,0,0.5493128501205211,0.3834784395809346,9,middle
9781,181,0,0.7720262207480084,0.41552907071592443,9,middle
9782,182,0,0.5754364421274196,0.437813233212928,9,middle
9783,183,0,0.44123024628272256,0.39832231654571565,9,middle
9784,184,0,0.3475099546153257,0.4578724412828593,9,middle
9785,185,0,0.663389404634718,0.3877130520017384,9,middle
9786,186,0,0.630436898233528,0.3475195256814777,9,middle
9787,187,0,0.4396900980720614,0.3893872227171088,9,middle
9788,188,0,0.5222672678708292,0.4258371227678811,9,middle
9789,189,0,0.895677578920419,0.4006005209611674,9,middle
9790,190,0,0.5821115840588653,0.3234751104243084,9,middle
9791,191,0,0.5327079875339987,0.4864775328963995,9,middle
9792,192,0,0.3412242951063924,0.3974218000895088,9,middle
9793,193,0,0.3074802357965879,0.4448498656825373,9,middle
9794,194,0,0.6117472161859895,0.5372799118820012,9,middle
9795,195,0,0.5532621636414164,0.5233691020877136,9,middle
9796,196,0,0.3366159831555476,0.3753374294802679,9,middle
9797,197,0,0.5564601871584464,0.39952934931839074,9,middle
9798,198,0,0.35673741818400495,0.40982717403982355,9,middle
9799,199,0,0.39245767385042407,0.3743309322312741,9,middle
9800,0,0,0.056584115713777305,0.5438076223630495,9,late
9801,1,0,0.49695412550203233,0.42979588672153823,9,late
9802,2,0,0.9619227186046504,0.6063271881351646,9,late
9803,3,0,0.5143139932757386,0.586155184117072,9,late
9804,4,0,0.8131950606828313,0.5686838231351313,9,late
9805,5,0,0.46121255599220035,0.4241592974552134,9,late
9806,6,0,0.6116973212969377,0.614811040181718,9,late
9807,7,0,0.521868924936541,0.49650578226012354,9,late
9808,8,0,0.17766896548465905,0.6360357987686581,9,late
9809,9,0,0.6521725301578423,0.45979514215395606,9,late
9810,10,0,0.8439829439034108,0.4012360675915362,9,late
9811,11,0,0.5429689608404004,0.4663128906865714,9,late
9812,12,0,0.18185048239878465,0.564884505512942,9,late
9813,13,0,0.3388233296406731,0.6205228089117678,9,late
9814,14,0,0.7372282773279367,0.5276625269665685,9,late
9815,15,0,0.44306897199460216,0.5490627717433768,9,late
9816,16,0,0.19261160880854838,0.46830522689911586,9,late
9817,17,0,0.7751148926884806,0.47151390278414385,9,late
9818,18,0,0.6985206668167787,0.42102835323019877,9,late
9819,19,0,0.5177436387723036,0.4765107980871488,9,late
9820,20,0,0.8579349678929774,0.45759414866216985,9,late
9821,21,0,0.4853187488626859,0.5267055103634475,9,late
9822,22,0,0.8310913178253108,0.358721998197839,9,late
9823,23,0,0.4991967071370762,0.44681869215456016,9,late
9824,24,0,0.0992435786056799,0.5821041160151544,9,late
9825,25,0,0.5323745459309103,0.5377551004844445,9,late
9826,26,0,0.8857983345654219,0.45717057299051644,9,late
9827,27,0,0.3820047798355934,0.4399218075038511,9,late
9828,28,0,0.22965176834550122,0.646122588665002,9,late
9829,29,0,0.34442568379717253,0.5125980585693101,9,late
9830,30,0,0.7330249680999839,0.3262703264815769,9,late
9831,31,0,0.7549307251115092,0.6208095605199762,9,late
9832,32,0,0.4454790437197224,0.4464876291070709,9,late
9833,33,0,0.3508906401392666,0.44881273920104137,9,late
9834,34,0,0.43457018831667293,0.3873468081233751,9,late
9835,35,0,0.454452408151636,0.41030028335561597,9,late
9836,36,0,0.3570449520015099,0.4218752674913479,9,late
9837,37,0,0.4589053773909468,0.3245007574765333,9,late
9838,38,0,0.15716640607194643,0.4854793787770275,9,late
9839,39,0,0.7280673949216774,0.4231729116847919,9,late
9840,40,0,0.468829659228454,0.4124386438556519,9,late
9841,41,0,0.7660506748204923,0.5190590640785333,9,late
9842,42,0,0.30507876189423583,0.42568290630665656,9,late
9843,43,0,0.21885566220259453,0.3586902067109814,9,late
9844,44,0,0.5732501583086284,0.3230754416646773,9,late
9845,45,0,0.3867278243989617,0.3847751962674464,9,late
9846,46,0,0.22835421433070852,0.3356192585561978,9,late
9847,47,0,0.3400447577778669,0.5619892424982157,9,late
9848,48,0,0.1886344234065529,0.2864245003229181,9,late
9849,49,0,0.7329381978505265,0.4602390756271471,9,late
9850,50,0,0.337142168741588,0.4300465705768677,9,late
9851,51,0,0.7527087354400317,0.45706052270179665,9,late
9852,52,0,0.1593608070502565,0.5942984377977789,9,late
9853,53,0,0.6626807739192571,0.4231648209651004,9,late
9854,54,0,0.4987143713747745,0.43708083367584183,9,late
9855,55,0,0.5214143822863079,0.5175273998455182,9,late
9856,56,0,0.5266860326634483,0.5736225374154913,9,late
9857,57,0,0.24376117247106338,0.4894746717210452,9,late
9858,58,0,0.36789296317840336,0.3595636266919195,9,late
9859,59,0,0.7956835879251745,0.384240720618209,9,late
9860,60,0,0.406317938809727,0.4424933132069001,9,late
9861,61,0,0.16578128423410188,0.525840488830706,9,late
9862,62,0,0.45976559764309005,0.451889142348247,9,late
9863,63,0,0.8375402743377535,0.25584035313901915,9,late
9864,64,0,0.38169371317977485,0.35283398941244704,9,late
9865,65,0,0.42752474038628635,0.4978690447751177,9,late
9866,66,0,0.6593626742132032,0.4973886456004264,9,late
9867,67,0,0.3648154856094863,0.40171169405038853,9,late
9868,68,0,0.293920817048935,0.40909500270271876,9,late
9869,69,0,0.33895693665267906,0.37995722184046865,9,late
9870,70,0,0.3734127995326893,0.3298164870107606,9,late
9871,71,0,0.8574633859957093,0.37052258345567723,9,late
9872,72,0,0.6994157725693607,0.35846009711278004,9,late
9873,73,0,0.808796082012755,0.299533252705697,9,late
9874,74,0,0.4688088975377341,0.427603803370715,9,late
9875,75,0,0.7590632241778654,0.36003686240126376,9,late
9876,76,0,0.5130791869847741,0.28959509163327984,9,late
9877,77,0,0.17603014052779423,0.4600159539330192,9,late
9878,78,0,0.2544529062067285,0.3662272192269318,9,late
9879,79,0,0.7076942505495035,0.34790102406194096,9,late
9880,80,0,0.19056895841975147,0.38060631931149846,9,late
9881,81,0,0.7584805868864872,0.4131546009837507,9,late
9882,82,0,0.6549139040604766,0.5350552417173493,9,late
9883,83,0,0.29188669990266347,0.3433313881643364,9,late
9884,84,0,0.26909530805719384,0.6278653398249164,9,late
9885,85,0,0.25208378020839717,0.5915072781095663,9,late
9886,86,0,0.41311897899030947,0.32261013338151245,9,late
9887,87,0,0.5149736770329101,0.3551540576693243,9,late
9888,88,0,0.5928367968762386,0.2675103201085912,9,late
9889,89,0,0.6884615198180087,0.4817266348366802,9,late
9890,90,0,0.6218561932806697,0.46006603745937,9,late
9891,91,0,0.41652532314371954,0.38402934415904727,9,late
9892,92,0,0.4000084640619953,0.5042828706102236,9,late
9893,93,0,0.5636361082153342,0.48294215941751284,9,late
9894,94,0,0.3331630238269183,0.5374986428672892,9,late
9895,95,0,0.546819572685323,0.5260594694925347,9,late
9896,96,0,0.3079565012818576,0.4501135437272399,9,late
9897,97,0,0.3992510612874512,0.3495951966040504,9,late
9898,98,0,0.3493764303036522,0.34463396459391016,9,late
9899,99,0,0.6966066415608567,0.4261208771441526,9,late
9900,100,0,0.6702910559032456,0.30363326354603304,9,late
9901,101,0,0.4468879144377066,0.49962398606366165,9,late
9902,102,0,0.5212853580048725,0.5289674743945201,9,late
9903,103,0,0.7364426870233061,0.3438468991386875,9,late
9904,104,0,0.23909747511534907,0.4424670423550876,9,late
9905,105,0,0.20999168122728604,0.3672344762050267,9,late
9906,106,0,0.5189353194376121,0.3188695846797707,9,late
9907,107,0,0.7253547045737059,0.39693887034109376,9,late
9908,108,0,0.3830987934432643,0.3470561503642282,9,late
9909,109,0,0.39667308066998314,0.48387385447038034,9,late
9910,110,0,0.16805867724311357,0.5195300271906924,9,late
9911,111,0,0.3160902829988461,0.42040847669490844,9,late
9912,112,0,0.6191373778545153,0.2725683002304131,9,late
9913,113,0,0.33922745473626775,0.38284013583853255,9,late
9914,114,0,0.6252558314855974,0.2924049345572554,9,late
9915,115,0,0.4225436807256385,0.3501404986620103,9,late
9916,116,0,0.5127050444037408,0.427418829287763,9,late
9917,117,0,0.5879009069233931,0.3142173466117922,9,late
9918,118,0,0.5564012736421589,0.5286733855416677,9,late
9919,119,0,0.2746911531533892,0.418321828948622,9,late
9920,120,0,0.4250058860288084,0.5151337801022593,9,late
9921,121,0,0.6943141762532783,0.4280146636850183,9,late
9922,122,0,0.3745669174732636,0.4269498058588137,9,late
9923,123,0,0.7996881324141388,0.34979277160102795,9,late
9924,124,0,0.3342362992968168,0.40814377062133733,9,late
9925,125,0,0.24033432574579053,0.520639511738771,9,late
9926,126,0,0.33997745636006277,0.38055754343230197,9,late
9927,127,0,0.6507308985878575,0.32472154317565993,9,late
9928,128,0,0.29132909226809434,0.4108546158889778,9,late
9929,129,0,0.6214503162528191,0.40492309526173426,9,late
9930,130,0,0.7186632697796448,0.3280041893607123,9,late
9931,131,0,0.24023293971455734,0.49618677633818353,9,late
9932,132,0,0.39665395945152065,0.3856889820408691,9,late
9933,133,0,0.3166289255609435,0.46188556390802193,9,late
9934,134,0,0.3072008034484816,0.42105475816975657,9,late
9935,135,0,0.2869521654328308,0.46727586478964034,9,late
9936,136,0,0.26457413425281573,0.336710682741833,9,late
9937,137,0,0.551425304401242,0.478125309655032,9,late
9938,138,0,0.40860866494185744,0.5213172973989724,9,late
9939,139,0,0.32115133259642803,0.37898254218745653,9,late
9940,140,0,0.7238640666255693,0.38723789329603053,9,late
9941,141,0,0.7367348321633364,0.3854846249189883,9,late
9942,142,0,0.33792814173993635,0.3897660779106872,9,late
9943,143,0,0.7608274300225691,0.45010573356360095,9,late
9944,144,0,0.321284535701193,0.37478989550576347,9,late
9945,145,0,0.6189328116968251,0.38868227494822793,9,late
9946,146,0,0.7111001198967328,0.31083391214763234,9,late
9947,147,0,0.2912536546997302,0.3776913961860313,9,late
9948,148,0,0.25668995505166503,0.3861278759616813,9,late
9949,149,0,0.7128741999086572,0.27970668377889163,9,late
9950,150,0,0.27234308682878455,0.2907446607540201,9,late
9951,151,0,0.296757051049663,0.5509776125049896,9,late
9952,152,0,0.815749800013531,0.40227477204961076,9,late
9953,153,0,0.7925003213578115,0.3212822498478797,9,late
9954,154,0,0.29230528284597557,0.3677564240453459,9,late
9955,155,0,0.36363875401952617,0.41407535004695617,9,late
9956,156,0,0.26406674175773365,0.3764634922357409,9,late
9957,157,0,0.36645502341187863,0.5453962099691934,9,late
9958,158,0,0.3181426608299825,0.6158228422473585,9,late
9959,159,0,0.6341882186773418,0.3344098985596042,9,late
9960,160,0,0.6183012721953007,0.5191318377673606,9,late
9961,161,0,0.27952833800992877,0.3630420821235758,9,late
9962,162,0,0.26193876244688297,0.481984230280599,9,late
9963,163,0,0.3604985924707939,0.5424483460623344,9,late
9964,164,0,0.6460758590000264,0.2981604189876905,9,late
9965,165,0,0.3326558707415695,0.5082950116613626,9,late
9966,166,0,0.7522946644257069,0.26172474747426505,9,late
9967,167,0,0.4640994645851956,0.42152974927525183,9,late
9968,168,0,0.3100725945776143,0.4577125973137868,9,late
9969,169,0,0.34705141373845716,0.3425368244473254,9,late
9970,170,0,0.3075384964008729,0.4282561767535764,9,late
9971,171,0,0.5047814295002018,0.4266609956274169,9,late
9972,172,0,0.44243549501261803,0.5087630166057415,9,late
9973,173,0,0.6938136065067539,0.34682098221164087,9,late
9974,174,0,0.6285589379865879,0.45864141746762543,9,late
9975,175,0,0.46578881388926296,0.3175232473066543,9,late
9976,176,0,0.6881632464148181,0.3108216045653697,9,late
9977,177,0,0.6940867075391085,0.49423112848796225,9,late
9978,178,0,0.2972052269236959,0.37513109313764115,9,late
9979,179,0,0.333333052446983,0.37243504513555004,9,late
9980,180,0,0.45656948544987924,0.3079472838289992,9,late
9981,181,0,0.3968516992051643,0.3307127660238124,9,late
9982,182,0,0.7446796610583375,0.2775866834043679,9,late
9983,183,0,0.7658806635297057,0.32646613457861196,9,late
9984,184,0,0.6164192087460343,0.4278387489626465,9,late
9985,185,0,0.4232586631366988,0.3479417946922693,9,late
9986,186,0,0.351555416510399,0.4551631713045689,9,late
9987,187,0,0.2976675606672613,0.3627007804137062,9,late
9988,188,0,0.391505102701565,0.5279845338580411,9,late
9989,189,0,0.5982407000442275,0.31057331463734145,9,late
9990,190,0,0.7564675034811393,0.45969707849185226,9,late
9991,191,0,0.4601175338646952,0.4676981427626814,9,late
9992,192,0,0.35055975779105675,0.3600081062929049,9,late
9993,193,0,0.4494999005990106,0.42061758276300276,9,late
9994,194,0,0.4186526691470038,0.4296062438255298,9,late
9995,195,0,0.4386234076939578,0.44717736921395634,9,late
9996,196,0,0.2873227909374244,0.39249082552543274,9,late
9997,197,0,0.415724122676218,0.411511801145928,9,late
9998,198,0,0.15645459299715717,0.4650042377908068,9,late
9999,199,0,0.36193408874547117,0.4969214664772015,9,late
10000,0,0,0.7707517785317497,0.6493081961876377,10,interleaved
10001,1,0,0.5185580147424289,0.5602757028023979,10,interleaved
10002,2,1,0.7717839608622676,0.7948143188860326,10,interleaved
10003,3,2,0.49448820877730953,0.7535681243645185,10,interleaved
10004,4,0,0.6156595878129678,0.5115155698374192,10,interleaved
10005,5,0,0.26379075670228735,0.4834465341759082,10,interleaved
10006,6,0,0.23995782993242687,0.5561133523955939,10,interleaved
10007,7,0,0.2799146080443087,0.5454713097403123,10,interleaved
10008,8,3,0.6344308317951967,0.8466160751540075,10,interleaved
10009,9,0,0.2943599840819294,0.4878491684236417,10,interleaved
10010,10,0,0.39497281516390126,0.5476671797759501,10,interleaved
10011,11,4,0.10257671632655394,0.8512376264365876,10,interleaved
10012,12,0,0.1896830660597959,0.6300932395783333,10,interleaved
10013,13,4,0.6164707917344007,0.7517684614646286,10,interleaved
10014,14,0,0.4529241856972889,0.4287963028010908,10,interleaved
10015,15,0,0.6352040836561179,0.5186282632344688,10,interleaved
10016,16,0,0.38417600903300053,0.6235182942277883,10,interleaved
10017,17,5,0.6124104969183355,0.7646244843915471,10,interleaved
10018,18,0,0.657848857487458,0.4466935296534744,10,interleaved
10019,19,0,0.24035135695510268,0.5306050325107168,10,interleaved
10020,20,0,0.31123918999206485,0.582618310315463,10,interleaved
10021,21,0,0.6091327893506189,0.5877808538677962,10,interleaved
10022,22,6,3.928502711350555e-05,1.2933292335846784,10,interleaved
10023,23,0,0.3570154767323313,0.6243465667433605,10,interleaved
10024,24,0,0.5870811391620794,0.635177735912807,10,interleaved
10025,25,0,0.6961446795878776,0.5629560861719396,10,interleaved
10026,26,0,0.661666089165907,0.6184741204562837,10,interleaved
10027,27,0,0.22897146861792617,0.6128503479752309,10,interleaved
10028,28,0,0.4705486749628874,0.4069897454811342,10,interleaved
10029,29,0,0.7437863101664255,0.4135354910229347,10,interleaved
10030,30,0,0.44661290118364294,0.40651404655934165,10,interleaved
10031,31,0,0.20623293080016503,0.4556983400975071,10,interleaved
10032,32,0,0.5474503243653113,0.5435131384046389,10,interleaved
10033,33,0,0.24134071885877148,0.4729714235302511,10,interleaved
10034,34,0,0.5976903130472025,0.4942839864507801,10,interleaved
10035,35,0,0.6967395653823444,0.461707728865159,10,interleaved
10036,36,0,0.5263936510479006,0.5221861581150624,10,interleaved
10037,37,0,0.6490955525843063,0.4305830753274924,10,interleaved
10038,38,0,0.6160253071528003,0.4915433013094419,10,interleaved
10039,39,0,0.2635851805659802,0.5158219400055033,10,interleaved
10040,40,0,0.6417257112224488,0.4435858448002832,10,interleaved
10041,41,0,0.20666465793728878,0.5173231020552489,10,interleaved
10042,42,0,0.5887175265663753,0.45777515035123895,10,interleaved
10043,43,0,0.19043336745282066,0.560738304124254,10,interleaved
10044,44,0,0.3978306288484355,0.651166484502645,10,interleaved
10045,45,0,0.2545681147811215,0.6019195840716892,10,interleaved
10046,46,0,0.6550942419324328,0.45292162745010434,10,interleaved
10047,47,0,0.7195259561331395,0.621659541075254,10,interleaved
10048,48,0,0.7475160713734903,0.4695892723722409,10,interleaved
10049,49,0,0.20482186133587627,0.4647009244433938,10,interleaved
10050,50,0,0.4205232410766662,0.4092169084990997,10,interleaved
10051,51,0,0.35532019286893635,0.4285224203959138,10,interleaved
10052,52,0,0.2309173565470581,0.6221053634331536,10,interleaved
10053,53,0,0.7151716654541243,0.4566096606587971,10,interleaved
10054,54,0,0.6907793590890402,0.5237783113896207,10,interleaved
10055,55,0,0.7159294963864835,0.5831690610797882,10,interleaved
10056,56,0,0.7165191748785924,0.3866234022266404,10,interleaved
10057,57,0,0.2583533253179229,0.3606175458407638,10,interleaved
10058,58,0,0.3713123602774199,0.37851192625612295,10,interleaved
10059,59,0,0.6246580420451328,0.6486984994215621,10,interleaved
10060,60,0,0.6533383525273,0.35891547225053666,10,interleaved
10061,61,0,0.7152344958418069,0.34494802028644106,10,interleaved
10062,62,0,0.6540829607176284,0.3369760427639307,10,interleaved
10063,63,0,0.1607678792518996,0.41392348008355995,10,interleaved
10064,64,0,0.4980720033853248,0.4444749042746049,10,interleaved
10065,65,0,0.7378576191262263,0.4348730693314531,10,interleaved
10066,66,0,0.6125532157417348,0.47022497833415244,10,interleaved
10067,67,0,0.30021785044324484,0.5447008769132086,10,interleaved
10068,68,0,0.8257011983426676,0.42304262892494204,10,interleaved
10069,69,0,0.1730092909859919,0.4264197330101527,10,interleaved
10070,70,0,0.7109097258136792,0.4768742574786523,10,interleaved
10071,71,0,0.24436007562063133,0.48886374907038865,10,interleaved
10072,72,0,0.6358892195007773,0.4671466380654925,10,interleaved
10073,73,0,0.6107909367018994,0.5102320251445096,10,interleaved
10074,74,0,0.2480500696044709,0.43350687686892836,10,interleaved
10075,75,0,0.5556250936861523,0.5430716847277012,10,interleaved
10076,76,0,0.5725475231497809,0.4530263480279163,10,interleaved
10077,77,0,0.33348166078954833,0.40774325784339427,10,interleaved
10078,78,0,0.49444986107909,0.46179974292485143,10,interleaved
10079,79,0,0.18497289868731054,0.42432905595159925,10,interleaved
10080,80,0,0.3943277707110593,0.5363528951023886,10,interleaved
10081,81,0,0.661627081855072,0.4469995763834903,10,interleaved
10082,82,0,0.6761937078760054,0.4391700072389868,10,interleaved
10083,83,0,0.1897284660229595,0.5128779321959143,10,interleaved
10084,84,0,0.6947792590557715,0.4370384232569107,10,interleaved
10085,85,0,0.7603034373142317,0.4951430272534077,10,interleaved
10086,86,0,0.39614598724728994,0.41449319276010055,10,interleaved
10087,87,0,0.27168415062823975,0.49280907165067633,10,interleaved
10088,88,0,0.432831771029799,0.6801163816994673,10,interleaved
10089,89,0,0.21443661148253063,0.3907941361957822,10,interleaved
10090,90,0,0.575599394339266,0.5039108325165224,10,interleaved
10091,91,0,0.743644959731558,0.4301839666696823,10,interleaved
10092,92,0,0.6106091419550994,0.43645236171630036,10,interleaved
10093,93,0,0.14940705715452407,0.38895639015598676,10,interleaved
10094,94,0,0.5552475500443934,0.435504496233525,10,interleaved
10095,95,0,0.7342831392560702,0.42597075114582517,10,interleaved
10096,96,0,0.6047957506674143,0.4896545020340054,10,interleaved
10097,97,0,0.7849339412581717,0.4551796968818004,10,interleaved
10098,98,0,0.480808267988319,0.31373442273683455,10,interleaved
10099,99,0,0.7806087537390058,0.2812350758836793,10,interleaved
10100,100,0,0.598430349667221,0.49556979242608623,10,interleaved
10101,101,0,0.15192580286335255,0.6187090319092634,10,interleaved
10102,102,0,0.55733540899863,0.3784158131139798,10,interleaved
10103,103,0,0.7787149126010305,0.5670382432483968,10,interleaved
10104,104,0,0.5409051261124289,0.3269469114376409,10,interleaved
10105,105,0,0.2769834208711752,0.5864515147925002,10,interleaved
10106,106,0,0.6722017503998652,0.44753258521975015,10,interleaved
10107,107,0,0.20229771535079766,0.49199384932441603,10,interleaved
10108,108,0,0.5481603735180696,0.3788411975627488,10,interleaved
10109,109,0,0.803269243865717,0.47490025394235447,10,interleaved
10110,110,0,0.3150369524754297,0.41033998197300764,10,interleaved
10111,111,0,0.1937701696889866,0.41307384506914824,10,interleaved
10112,112,0,0.4897496266396829,0.33607329853168305,10,interleaved
10113,113,0,0.7859337573158283,0.4207804685144521,10,interleaved
10114,114,0,0.5598532771041493,0.4028667094805283,10,interleaved
10115,115,0,0.631937460805184,0.3426730779994964,10,interleaved
10116,116,0,0.6907232603908742,0.31270647995082,10,interleaved
10117,117,0,0.7056285708185104,0.30210673138440103,10,interleaved
10118,118,0,0.5967401929437228,0.4200553644817704,10,interleaved
10119,119,0,0.25555866676901107,0.575659286536374,10,interleaved
10120,120,0,0.33049812179158994,0.4745226389448792,10,interleaved
10121,121,0,0.3799221728614983,0.4367470562222052,10,interleaved
10122,122,0,0.5039695415302062,0.4309701505144891,10,interleaved
10123,123,0,0.6225158855726054,0.2660374215167237,10,interleaved
10124,124,0,0.4680553481153977,0.41442327399625917,10,interleaved
10125,125,0,0.7342242020966435,0.43951054403631434,10,interleaved
10126,126,0,0.47419063141884066,0.4078148891874257,10,interleaved
10127,127,0,0.22440440707496648,0.42610696725884767,10,interleaved
10128,128,0,0.6494422832951985,0.4339827793725217,10,interleaved
10129,129,0,0.7840417025539206,0.30910521206616615,10,interleaved
10130,130,0,0.5770301257143831,0.21259320154451666,10,interleaved
10131,131,0,0.7071701466735192,0.32370507893812295,10,interleaved
10132,132,0,0.41585006656054596,0.36390942500525514,10,interleaved
10133,133,0,0.6913278469996331,0.31690272583167484,10,interleaved
10134,134,0,0.5037606514594886,0.442562688080423,10,interleaved
10135,135,0,0.6953339368745435,0.35921505709031454,10,interleaved
10136,136,0,0.2017395984512719,0.2844372328407849,10,interleaved
10137,137,0,0.2725945753310096,0.3870370132730977,10,interleaved
10138,138,0,0.5003199070473463,0.5425351011423494,10,interleaved
10139,139,0,0.697745575094024,0.4270853788536556,10,interleaved
10140,140,0,0.425315331521804,0.3800909777952825,10,interleaved
10141,141,0,0.6359129916043804,0.360533434290785,10,interleaved
10142,142,0,0.40238052154320747,0.3769795681701761,10,interleaved
10143,143,0,0.14362036625718327,0.5284634287255647,10,interleaved
10144,144,0,0.7436005072297565,0.30770902925749843,10,interleaved
10145,145,0,0.6831713411893221,0.43451048468082254,10,interleaved
10146,146,0,0.5431881738297746,0.3584906452259563,10,interleaved
10147,147,0,0.743739145787055,0.3126629514846619,10,interleaved
10148,148,0,0.6309537362858529,0.4084026759308548,10,interleaved
10149,149,0,0.2363962078012437,0.49322101440448746,10,interleaved
10150,150,0,0.49463829307768536,0.40609681780851603,10,interleaved
10151,151,0,0.17868026393343517,0.5848307497257677,10,interleaved
10152,152,0,0.5167760265379031,0.3241298758331195,10,interleaved
10153,153,0,0.4725077339004943,0.49946254970916126,10,interleaved
10154,154,0,0.6288427495943953,0.46186434498731804,10,interleaved
10155,155,0,0.16750149772544698,0.40717944035991777,10,interleaved
10156,156,0,0.6922166780684514,0.3306840585089275,10,interleaved
10157,157,0,0.7241932294953171,0.48643979785584124,10,interleaved
10158,158,0,0.729807048286514,0.36649897426201616,10,interleaved
10159,159,0,0.21621466288834834,0.3596330043731535,10,interleaved
10160,160,0,0.6549198157966135,0.3586149589427977,10,interleaved
10161,161,0,0.7208290340443055,0.26399020602475837,10,interleaved
10162,162,0,0.7292354156684822,0.41603610201785035,10,interleaved
10163,163,0,0.4442044198488101,0.3786326195744205,10,interleaved
10164,164,0,0.5286978420579246,0.4244334054222257,10,interleaved
10165,165,0,0.5389723028353957,0.4436124022987473,10,interleaved
10166,166,0,0.6520760513002076,0.4170501526323125,10,interleaved
10167,167,0,0.8005628510640166,0.36965738140590265,10,interleaved
10168,168,0,0.6279811676695163,0.33794249317075375,10,interleaved
10169,169,0,0.8047330321623194,0.41313045822214345,10,interleaved
10170,170,0,0.259200231733015,0.31158308420373176,10,interleaved
10171,171,0,0.7596066237722467,0.333330954409641,10,interleaved
10172,172,0,0.4295098921325662,0.46528300910115405,10,interleaved
10173,173,0,0.3048577362866665,0.4551054327615214,10,interleaved
10174,174,0,0.1200789017430713,0.4968701991829505,10,interleaved
10175,175,0,0.5020175073792947,0.4867508857806728,10,interleaved
10176,176,0,0.5056348426178869,0.3892783726531871,10,interleaved
10177,177,0,0.13378040780336545,0.5609066458129066,10,interleaved
10178,178,0,0.5672473626020638,0.4924138562483499,10,interleaved
10179,179,0,0.1964385938630916,0.48747474684455316,10,interleaved
10180,180,0,0.5280905570719617,0.45501042181763285,10,interleaved
10181,181,0,0.6655661241260825,0.3937284350323178,10,interleaved
10182,182,0,0.2858404855736534,0.4409488761762219,10,interleaved
10183,183,0,0.35877459166762443,0.3694722806654269,10,interleaved
10184,184,0,0.5613377689602075,0.39335196930861926,10,interleaved
10185,185,0,0.7416236363740982,0.42070615072908424,10,interleaved
10186,186,0,0.7554261644623362,0.5450253842007435,10,interleaved
10187,187,0,0.21327538909682978,0.3380272174797904,10,interleaved
10188,188,0,0.6996780175816969,0.328516993306753,10,interleaved
10189,189,0,0.6863059214898581,0.47155869299075126,10,interleaved
10190,190,0,0.7489429515562138,0.44379561668823986,10,interleaved
10191,191,0,0.2053776252006977,0.39001770699395377,10,interleaved
10192,192,0,0.793250016000725,0.4881740778622076,10,interleaved
10193,193,0,0.356295098294565,0.49074472194851393,10,interleaved
10194,194,0,0.7948979049913725,0.3650582539431672,10,interleaved
10195,195,0,0.4783197969915534,0.276152080491463,10,interleaved
10196,196,0,0.2875900950195614,0.4081585849533352,10,interleaved
10197,197,0,0.8317878898070977,0.5148747383004743,10,interleaved
10198,198,0,0.4354056925599779,0.3101671296548272,10,interleaved
10199,199,0,0.5410318003457009,0.2904389899163332,10,interleaved
10200,0,0,0.5514446495003994,0.8242800193127029,10,blocked
10201,1,1,0.004465134798032675,1.5151641512334288,10,blocked
10202,2,2,0.48272622958073447,0.8262891495777477,10,blocked
10203,3,3,0.5002810202094041,1.3669783171540364,10,blocked
10204,4,4,0.19157276117042896,0.9717625995056064,10,blocked
10205,5,5,0.5491161523999085,0.8738029700170251,10,blocked
10206,6,6,0.5604533949125209,1.0998055813389316,10,blocked
10207,7,7,0.4836060840102785,0.9040634256817714,10,blocked
10208,8,0,0.47554811370946715,0.6590404429192942,10,blocked
10209,9,0,0.5306856120051655,0.4593549569945955,10,blocked
10210,10,8,0.5003968463763339,0.8566408802446712,10,blocked
10211,11,9,0.4449169592778526,0.9932662518115487,10,blocked
10212,12,10,0.001525064099319683,0.8038528053632381,10,blocked
10213,13,7,0.5314438114379223,0.671292223379803,10,blocked
10214,14,11,0.4999920872940091,1.434011267407681,10,blocked
10215,15,12,0.49901338630964176,0.9614044266052839,10,blocked
10216,16,13,0.5001646897164512,1.0559646949971142,10,blocked
10217,17,0,0.5570758853443102,0.5447516503296623,10,blocked
10218,18,14,0.5222394578846715,0.6292935482762363,10,blocked
10219,19,15,0.8209686039073533,1.3252890525751366,10,blocked
10220,20,16,0.505415661411868,0.7556376642247806,10,blocked
10221,21,0,0.5443368702350659,0.5558283973738529,10,blocked
10222,22,0,0.4757904101976103,0.7592760195494892,10,blocked
10223,23,0,0.5667476141798783,0.5995021490161645,10,blocked
10224,24,0,0.4778456924643829,0.6012460349303194,10,blocked
10225,25,0,0.47748708571791504,0.6044694565754694,10,blocked
10226,26,12,0.49983594645933116,0.6009193005544959,10,blocked
10227,27,0,0.4111999476463973,0.5199050634997932,10,blocked
10228,28,17,0.49610807838310284,1.066622822782274,10,blocked
10229,29,18,0.494607650818638,1.2305746075201738,10,blocked
10230,30,0,0.4743510955234899,0.4071209639451199,10,blocked
10231,31,0,0.44377577498706766,0.42379618646799627,10,blocked
10232,32,0,0.5578685803672342,0.5011283129853739,10,blocked
10233,33,0,0.5844298388025646,0.40780107377593533,10,blocked
10234,34,0,0.5696803083427565,0.5749555894730893,10,blocked
10235,35,0,0.6330880996539785,0.45949746005305,10,blocked
10236,36,0,0.6522229720635015,0.43113735735178416,10,blocked
10237,37,19,0.03134410612196637,1.320127881413787,10,blocked
10238,38,0,0.6581086397582612,0.5356427893851765,10,blocked
10239,39,0,0.6098757100866327,0.5917539234956313,10,blocked
10240,40,0,0.8603565853938755,0.4219902371577703,10,blocked
10241,41,0,0.20406179287983228,0.6482319943726977,10,blocked
10242,42,0,0.14654618650544027,0.8179313917703351,10,blocked
10243,43,0,0.26654408222336723,0.663993157065349,10,blocked
10244,44,0,0.8776116019913658,0.45616020939355495,10,blocked
10245,45,12,0.9963325526908072,0.6806808280234614,10,blocked
10246,46,12,0.994243238378593,0.6787135770033172,10,blocked
10247,47,12,0.004613405397229325,0.7167503829862614,10,blocked
10248,48,12,0.9963646348313027,0.7061321691650941,10,blocked
10249,49,0,0.2873579102160634,0.47094213356020875,10,blocked
10250,50,0,0.11312747776020374,0.5803183711024087,10,blocked
10251,51,0,0.9286740187350357,0.4540830699529414,10,blocked
10252,52,0,0.8614427279944479,0.5608517299766465,10,blocked
10253,53,0,0.805882743335975,0.4670605510413172,10,blocked
10254,54,0,0.1817899824022464,0.6679066786103791,10,blocked
10255,55,0,0.1486401127533443,0.6841207506804832,10,blocked
10256,56,0,0.7590054100113479,0.4998911117149836,10,blocked
10257,57,0,0.20757895827839484,0.49502344594499487,10,blocked
10258,58,0,0.8003180720437073,0.5483006766827223,10,blocked
10259,59,0,0.19726344593762815,0.46515953371105717,10,blocked
10260,60,0,0.7589162640727191,0.3506915117654457,10,blocked
10261,61,0,0.42459879728214917,0.5823022429320579,10,blocked
10262,62,0,0.37209608801233923,0.6636918386603012,10,blocked
10263,63,0,0.699613700256441,0.4719783512615293,10,blocked
10264,64,0,0.3426986253759443,0.5801062747209769,10,blocked
10265,65,0,0.7546894776162074,0.5524172914548788,10,blocked
10266,66,0,0.35110452758042304,0.6119273139507952,10,blocked
10267,67,0,0.6485423550138968,0.4472629171592595,10,blocked
10268,68,0,0.7045467538036287,0.5745455423013767,10,blocked
10269,69,0,0.6884645306650569,0.4255143570979831,10,blocked
10270,70,0,0.331183179769424,0.5101069151472554,10,blocked
10271,71,0,0.22934917144236922,0.45873626587067173,10,blocked
10272,72,0,0.7869793700867842,0.43828359624341956,10,blocked
10273,73,0,0.4975814808113581,0.6130141775156439,10,blocked
10274,74,0,0.6469039077045173,0.3610255793441395,10,blocked
10275,75,0,0.37838205046258716,0.613623796516241,10,blocked
10276,76,0,0.7165665899379556,0.5254669283914881,10,blocked
10277,77,0,0.34732663337242575,0.5162007576833478,10,blocked
10278,78,0,0.6769225003833742,0.5793834651780656,10,blocked
10279,79,0,0.30548732005842577,0.6822790020915576,10,blocked
10280,80,0,0.7408393598222603,0.563406404997981,10,blocked
10281,81,0,0.734971945953532,0.39382659814081583,10,blocked
10282,82,0,0.30116356773732733,0.5935385762446024,10,blocked
10283,83,0,0.8104199243473499,0.3772015233688555,10,blocked
10284,84,0,0.2262931338229887,0.690046402624789,10,blocked
10285,85,0,0.2306984505984159,0.46923542226657483,10,blocked
10286,86,0,0.730779335918834,0.43039754163889266,10,blocked
10287,87,0,0.7298844161744584,0.5435945243959053,10,blocked
10288,88,0,0.31098665008935644,0.5433887386216315,10,blocked
10289,89,0,0.07420142864337823,0.665885538955062,10,blocked
10290,90,0,0.14467473534037287,0.6499178523918118,10,blocked
10291,91,0,0.21926040013808434,0.5956957860206944,10,blocked
10292,92,0,0.7049580227454294,0.45482339202327204,10,blocked
10293,93,0,0.2760773136832132,0.4914693685760211,10,blocked
10294,94,0,0.21457736204022534,0.41777050691660433,10,blocked
10295,95,0,0.7721275466993991,0.3462297197666262,10,blocked
10296,96,0,0.18458788582983837,0.43453647184997296,10,blocked
10297,97,0,0.7971873562081206,0.5472814626729342,10,blocked
10298,98,0,0.1916185544685377,0.5117795839900923,10,blocked
10299,99,0,0.23139909510505352,0.5496731480616723,10,blocked
10300,100,0,0.19330900712392982,0.5077805263553066,10,blocked
10301,101,0,0.6911455220195102,0.5983515972918747,10,blocked
10302,102,0,0.777420785795016,0.43717563436248175,10,blocked
10303,103,0,0.7870999019919168,0.40305090463540805,10,blocked
10304,104,0,0.2570245101630956,0.5750428529558154,10,blocked
10305,105,0,0.33002847442412575,0.5507917875905244,10,blocked
10306,106,0,0.7924316313098068,0.6059294408640462,10,blocked
10307,107,0,0.7495149064507521,0.34767402076330245,10,blocked
10308,108,0,0.2672306247426726,0.49659394711901783,10,blocked
10309,109,0,0.1812728917557466,0.47382158837525773,10,blocked
10310,110,0,0.7917655750774236,0.501569508353313,10,blocked
10311,111,0,0.28726644658844686,0.5845267012995097,10,blocked
10312,112,0,0.11068031422603379,0.5769061243348935,10,blocked
10313,113,0,0.7741371234420167,0.5053814576551157,10,blocked
10314,114,0,0.194503974687742,0.48477808581011206,10,blocked
10315,115,0,0.787539918373013,0.41950780099343826,10,blocked
10316,116,0,0.18036367257072775,0.5580264046478534,10,blocked
10317,117,0,0.24252418831740885,0.5191359286922431,10,blocked
10318,118,0,0.7404514595787222,0.5247084528679411,10,blocked
10319,119,0,0.21938385779051664,0.3849560411089272,10,blocked
10320,120,0,0.4145810973993779,0.7144390214964189,10,blocked
10321,121,0,0.39178945186979725,0.4782193451135343,10,blocked
10322,122,0,0.6245704469441339,0.37381859493131864,10,blocked
10323,123,0,0.4011262550946783,0.4842697828943682,10,blocked
10324,124,0,0.47261958019227557,0.5179136373675757,10,blocked
10325,125,0,0.4347666486851276,0.42950911207032705,10,blocked
10326,126,0,0.5498112281327474,0.546139740176039,10,blocked
10327,127,0,0.41783367167349367,0.37207220701078814,10,blocked
10328,128,0,0.43999671825034575,0.4126320283204873,10,blocked
10329,129,0,0.664778876428711,0.4424421394016023,10,blocked
10330,130,0,0.4557697206258189,0.3958410061366232,10,blocked
10331,131,0,0.5789948540889002,0.40982684897851435,10,blocked
10332,132,0,0.4517055383998425,0.44991478371917915,10,blocked
10333,133,0,0.515366920231744,0.4330083779436796,10,blocked
10334,134,0,0.5092875315172842,0.4419888333249905,10,blocked
10335,135,0,0.46812626426412035,0.3985413721638107,10,blocked
10336,136,0,0.5074901899551251,0.401045214645807,10,blocked
10337,137,0,0.4980501228753606,0.5022639271312259,10,blocked
10338,138,0,0.5862592542909967,0.5115345764838122,10,blocked
10339,139,0,0.6404905296166471,0.443216223875171,10,blocked
10340,140,0,0.6138748565630581,0.44851494680136494,10,blocked
10341,141,0,0.42174615320885406,0.47006428926626687,10,blocked
10342,142,0,0.6735987431401667,0.5430765178937358,10,blocked
10343,143,0,0.5409530548396908,0.3895286185536473,10,blocked
10344,144,0,0.6593582595675881,0.4299995246599051,10,blocked
10345,145,0,0.454762501409018,0.501706736863336,10,blocked
10346,146,0,0.6016796867595899,0.4525962035989327,10,blocked
10347,147,0,0.5675070933930901,0.3961518367266554,10,blocked
10348,148,0,0.6022074954048535,0.4576381325278508,10,blocked
10349,149,0,0.21497298215364485,0.7099783085214579,10,blocked
10350,150,0,0.33045284037740585,0.3829709243178797,10,blocked
10351,151,0,0.6258707259600816,0.43067389628894137,10,blocked
10352,152,0,0.33522599511125495,0.4618795160370408,10,blocked
10353,153,0,0.6120761808732774,0.31580736664260667,10,blocked
10354,154,0,0.4413387130621265,0.42362910754972377,10,blocked
10355,155,0,0.6183506896214136,0.5061613949228668,10,blocked
10356,156,0,0.5121841581809707,0.4197356160614383,10,blocked
10357,157,0,0.641899021522067,0.48862507813592804,10,blocked
10358,158,0,0.4580615092347737,0.5077443257271312,10,blocked
10359,159,0,0.3420320691466022,0.41539446449248263,10,blocked
10360,160,0,0.803802550278173,0.3972219600770083,10,blocked
10361,161,0,0.5437624808352979,0.5901485400058664,10,blocked
10362,162,0,0.5616574984753925,0.3667012365729324,10,blocked
10363,163,0,0.13170542752212236,0.5112814283999172,10,blocked
10364,164,0,0.37569864577523227,0.38059458581262057,10,blocked
10365,165,0,0.5336269547168552,0.6897361065145848,10,blocked
10366,166,0,0.23537908621272033,0.4446573574192155,10,blocked
10367,167,0,0.22528382130140606,0.554680848042896,10,blocked
10368,168,0,0.48458241566780746,0.5573678138604589,10,blocked
10369,169,0,0.3985201578366054,0.5649979675612251,10,blocked
10370,170,0,0.7572634767576036,0.46825195529774377,10,blocked
10371,171,0,0.6578980360958607,0.49536481230037444,10,blocked
10372,172,0,0.4077198127018485,0.46666102452898095,10,blocked
10373,173,0,0.6108860191405802,0.39303136402634464,10,blocked
10374,174,0,0.4342764786092934,0.6231658912296261,10,blocked
10375,175,0,0.7283178067974986,0.5603919643562434,10,blocked
10376,176,0,0.6116514741201103,0.5567195973555323,10,blocked
10377,177,0,0.7500253917536746,0.6134779982653067,10,blocked
10378,178,0,0.8101325588261084,0.5142469704927207,10,blocked
10379,179,0,0.5886786902608266,0.40349962502498105,10,blocked
10380,180,0,0.6604148992887057,0.42942501341302397,10,blocked
10381,181,0,0.7845820555149292,0.39850960071339914,10,blocked
10382,182,0,0.41461420926811243,0.41551168073594735,10,blocked
10383,183,0,0.8244924524826813,0.41618574003156533,10,blocked
10384,184,0,0.1943259043879822,0.37622851403944235,10,blocked
10385,185,0,0.20541129462274052,0.5259649101809398,10,blocked
10386,186,0,0.4878565825954362,0.5298343938834853,10,blocked
10387,187,0,0.21203463746902051,0.38470290474781915,10,blocked
10388,188,0,0.47304432376851174,0.3660534340411581,10,blocked
10389,189,0,0.3537291501650024,0.5014569423168965,10,blocked
10390,190,0,0.779270741958169,0.42200127970874535,10,blocked
10391,191,0,0.18167152519396546,0.33224537888490147,10,blocked
10392,192,0,0.8846813894835615,0.5263868345186031,10,blocked
10393,193,0,0.8601910797062788,0.4285353122697355,10,blocked
10394,194,0,0.13521329356155953,0.4938835615396887,10,blocked
10395,195,0,0.40082890021427253,0.48734082424890834,10,blocked
10396,196,0,0.5829335598966701,0.5062781932695348,10,blocked
10397,197,0,0.49565709829994276,0.49551410767176285,10,blocked
10398,198,0,0.5588178811821712,0.4879763801222138,10,blocked
10399,199,0,0.7910893565960271,0.43828914249052475,10,blocked
10400,0,0,0.4579945138795231,0.8843494273891482,10,early
10401,1,0,0.36876423772390127,0.6095727554749863,10,early
10402,2,0,0.3771242964855286,0.7379115168010586,10,early
10403,3,0,0.7546443797101774,0.5928007313570492,10,early
10404,4,0,0.6357053205166596,0.6941013034760937,10,early
10405,5,0,0.562218920264907,0.5499761665904164,10,early
10406,6,0,0.6925210365276968,0.6425126404585217,10,early
10407,7,0,0.29799379910876156,0.5181028165717243,10,early
10408,8,0,0.8860859076733544,0.6036709545914662,10,early
10409,9,0,0.5903174813343463,0.5907382668055193,10,early
10410,10,0,0.09918636932126176,0.6246484760300038,10,early
10411,11,0,0.23064277321813217,0.47984990179564263,10,early
10412,12,0,0.6770469301723288,0.42394227271055895,10,early
10413,13,0,0.5999907111296547,0.6597132704789251,10,early
10414,14,0,0.12035204155742668,0.49783788883303826,10,early
10415,15,0,0.3429366811192077,0.6099578765917093,10,early
10416,16,0,0.35283696821013594,0.7399307077730992,10,early
10417,17,0,0.5044098938734576,0.5244869343518413,10,early
10418,18,0,0.4264690673584701,0.5658768509541311,10,early
10419,19,0,0.0959160702342739,0.5719587989711983,10,early
10420,20,0,0.4714305521391477,0.6669797268676878,10,early
10421,21,0,0.1326584800216598,0.5992769705008012,10,early
10422,22,0,0.8395524142368871,0.43043305217562217,10,early
10423,23,0,0.6484505448656269,0.48133141526947254,10,early
10424,24,0,0.626226422837293,0.5271041307155795,10,early
10425,25,0,0.26957277134846286,0.3421172581951912,10,early
10426,26,0,0.09315750804480719,0.4902280354869696,10,early
10427,27,0,0.924332161632046,0.41775675379696275,10,early
10428,28,0,0.9544011930446046,0.42811016087929954,10,early
10429,29,0,0.48867739781441666,0.5112482857860726,10,early
10430,30,0,0.8535161920032446,0.400999866292146,10,early
10431,31,0,0.11273411261684563,0.6461999857386524,10,early
10432,32,0,0.8957690934901297,0.3832001518404075,10,early
10433,33,0,0.9695453909908525,0.3940054583782313,10,early
10434,34,0,0.21932597326327236,0.5486318917013255,10,early
10435,35,0,0.31222445600967796,0.44102761558139136,10,early
10436,36,0,0.8544019655797241,0.48073651987897,10,early
10437,37,0,0.550979988286839,0.5982319043593494,10,early
10438,38,0,0.6218788954819475,0.49641351905293213,10,early
10439,39,0,0.262408558236593,0.26221885358934705,10,early
10440,40,0,0.6721268052712024,0.5553291754761391,10,early
10441,41,0,0.6471841664960809,0.3465318258331324,10,early
10442,42,0,0.30368819115128304,0.4466071742544315,10,early
10443,43,0,0.145058190656244,0.6971639005540953,10,early
10444,44,0,0.39846308563521365,0.38099674575917586,10,early
10445,45,0,0.38913868658415934,0.46169962730670505,10,early
10446,46,0,0.7896718401531395,0.39313799852490783,10,early
10447,47,0,0.22407933314722972,0.4633649366826925,10,early
10448,48,0,0.711703629290189,0.30747654395267365,10,early
10449,49,0,0.6084218613624929,0.36590586429635236,10,early
10450,50,0,0.25586275440678596,0.6159891787719867,10,early
10451,51,0,0.32876445113516206,0.5699123675377756,10,early
10452,52,0,0.43314232579625556,0.4498739278730298,10,early
10453,53,0,0.5807568570799728,0.5189794421420186,10,early
10454,54,0,0.5515951068700802,0.46647614175682517,10,early
10455,55,0,0.4829741197416878,0.4406232811137897,10,early
10456,56,0,0.5575556117894948,0.5384766733388084,10,early
10457,57,0,0.4074977780533798,0.40243798020658117,10,early
10458,58,0,0.6345045000688587,0.5463265698631433,10,early
10459,59,0,0.7691917168890359,0.43432502271309903,10,early
10460,60,0,0.615309393620252,0.5678275813666726,10,early
10461,61,0,0.4451465278994058,0.32392274968955526,10,early
10462,62,0,0.7850046493929125,0.34492838779681834,10,early
10463,63,0,0.238235023332515,0.4167143737296124,10,early
10464,64,0,0.12020028864917451,0.644254942013229,10,early
10465,65,0,0.3024921248040944,0.4781861817672814,10,early
10466,66,0,0.35677405545584606,0.40300135462929604,10,early
10467,67,0,0.8028801631267033,0.30856449240368106,10,early
10468,68,0,0.795753262315344,0.41807959675123696,10,early
10469,69,0,0.26221203959955364,0.4810466299433165,10,early
10470,70,0,0.2820364620381468,0.6049699717773184,10,early
10471,71,0,0.3993034211775352,0.4638201380765967,10,early
10472,72,0,0.47065851445896595,0.329370218236438,10,early
10473,73,0,0.24650953530377928,0.4208299218366762,10,early
10474,74,0,0.7419111265683271,0.4882863304332046,10,early
10475,75,0,0.6313917025011848,0.3569751174824858,10,early
10476,76,0,0.6205732649906279,0.34827378260810427,10,early
10477,77,0,0.6136646047662443,0.3868328336562892,10,early
10478,78,0,0.3404159622331009,0.35359498381934656,10,early
10479,79,0,0.48395657212249443,0.5239572918509027,10,early
10480,80,0,0.541887826709414,0.40772399086579103,10,early
10481,81,0,0.41462924978055316,0.4686701385265223,10,early
10482,82,0,0.4365354771186676,0.34588862273565857,10,early
10483,83,0,0.4886606866157961,0.46425454478331835,10,early
10484,84,0,0.21427226786460174,0.4500530650028858,10,early
10485,85,0,0.44688228717117223,0.5532507493289488,10,early
10486,86,0,0.4815944159145896,0.3089463320322339,10,early
10487,87,0,0.4300368008454433,0.3502800145921633,10,early
10488,88,0,0.33789515209651466,0.4411911201336248,10,early
10489,89,0,0.5240374063389369,0.4027685511655489,10,early
10490,90,0,0.33716402088966424,0.432874809998007,10,early
10491,91,0,0.5619301456988361,0.3453651503699119,10,early
10492,92,0,0.5416411876634069,0.567331537918319,10,early
10493,93,0,0.26119406871571993,0.4011997868476098,10,early
10494,94,0,0.2796215972919811,0.5087726967420934,10,early
10495,95,0,0.4812497688649344,0.40414588731486756,10,early
10496,96,0,0.4024424047787898,0.276719625183242,10,early
10497,97,0,0.4082968866818302,0.4662790839620635,10,early
10498,98,0,0.5404921307706808,0.4781100180321763,10,early
10499,99,0,0.513019598078253,0.4611434353058344,10,early
10500,100,0,0.6194589936654296,0.4152716227409442,10,early
10501,101,0,0.6755577926215139,0.42121366769201396,10,early
10502,102,0,0.3042191468206492,0.3580724050032088,10,early
10503,103,0,0.18353506542504183,0.5026648673718891,10,early
10504,104,0,0.3337444684202565,0.4950772464304505,10,early
10505,105,0,0.5960900488485784,0.4960622485122812,10,early
10506,106,0,0.5039436957142581,0.4134457901244324,10,early
10507,107,0,0.4879338533308978,0.4679423188842418,10,early
10508,108,0,0.6900022016439429,0.31776872230568465,10,early
10509,109,0,0.3882378711915415,0.3199308202880515,10,early
10510,110,0,0.5949625151623318,0.5842085325412216,10,early
10511,111,0,0.32669450419696366,0.42983140323812524,10,early
10512,112,0,0.23656290236268038,0.44489987063076786,10,early
10513,113,0,0.3714135369047934,0.4200952180933521,10,early
10514,114,0,0.6205982473754892,0.3221505892337838,10,early
10515,115,0,0.5251567424770622,0.5084811350235398,10,early
10516,116,0,0.5079094950455292,0.3528543132806897,10,early
10517,117,0,0.3147620366451247,0.395151626642432,10,early
10518,118,0,0.4402256352160533,0.338070252957579,10,early
10519,119,0,0.40218047994404293,0.3980874528717485,10,early
10520,120,0,0.6535847813571924,0.4449328334545727,10,early
10521,121,0,0.4232975506017664,0.45093320494520484,10,early
10522,122,0,0.9021360368157028,0.48440663897421504,10,early
10523,123,0,0.606276946741906,0.46355523446667624,10,early
10524,124,0,0.6290296177334636,0.4543560640871531,10,early
10525,125,0,0.27208013448890156,0.39094033084171803,10,early
10526,126,0,0.16494569930948833,0.37770453327210574,10,early
10527,127,0,0.7989516090337682,0.4642962949465185,10,early
10528,128,0,0.8922672081268663,0.40277576408651666,10,early
10529,129,0,0.4008360096427418,0.41460984737227424,10,early
10530,130,0,0.41052488864740444,0.42362481277097264,10,early
10531,131,0,0.4529523470420981,0.2940737331170254,10,early
10532,132,0,0.2028972755050955,0.5241236423615383,10,early
10533,133,0,0.3297966747628292,0.49339998900944204,10,early
10534,134,0,0.611913889623972,0.36413221323975054,10,early
10535,135,0,0.6871369578660608,0.40796648057792156,10,early
10536,136,0,0.41069201021581614,0.4172487384978508,10,early
10537,137,0,0.6937753646842164,0.4033674297830473,10,early
10538,138,0,0.6349980010559537,0.4261785010520322,10,early
10539,139,0,0.41539820700315205,0.4544935236340726,10,early
10540,140,0,0.2533811725928148,0.5372142134626219,10,early
10541,141,0,0.6528007733237775,0.33715308139497835,10,early
10542,142,0,0.5447178208814596,0.3126410027259632,10,early
10543,143,0,0.7251359087241718,0.3321289920668882,10,early
10544,144,0,0.3103926161470691,0.48731800873658504,10,early
10545,145,0,0.3378422951774017,0.3736623128324149,10,early
10546,146,0,0.5073697970374342,0.5641380046445139,10,early
10547,147,0,0.7992237089303792,0.45436677596189945,10,early
10548,148,0,0.36564591579762595,0.41920704974462575,10,early
10549,149,0,0.40223202350558607,0.42893963003812835,10,early
10550,150,0,0.5174599951915291,0.348486387247126,10,early
10551,151,0,0.6855684355101728,0.42232855799070623,10,early
10552,152,0,0.5075060528875709,0.434205941421132,10,early
10553,153,0,0.7002296172706104,0.37511245727801634,10,early
10554,154,0,0.6080288315406729,0.32052334485255185,10,early
10555,155,0,0.4389171485015363,0.3109269618985043,10,early
10556,156,0,0.6872362081822793,0.42318226713981605,10,early
10557,157,0,0.5523090563398018,0.37398699502783406,10,early
10558,158,0,0.6563170565561605,0.49082602723683255,10,early
10559,159,0,0.4803036431612368,0.3961504050250329,10,early
10560,160,0,0.9457755747153076,0.4776467191287087,10,early
10561,161,0,0.20093341216911637,0.3724621620420221,10,early
10562,162,0,0.40534202448903867,0.4866067498976504,10,early
10563,163,0,0.8174173780966907,0.4317175829107358,10,early
10564,164,0,0.6617783161994542,0.5091192218702731,10,early
10565,165,0,0.16331788223680543,0.3932024169120061,10,early
10566,166,0,0.20854810129846857,0.44727239065662805,10,early
10567,167,0,0.32012817127731047,0.3024518532113821,10,early
10568,168,0,0.768994770578369,0.4243122805223931,10,early
10569,169,0,0.3913679434018391,0.5716190752878471,10,early
10570,170,0,0.525935360342284,0.39029961721877404,10,early
10571,171,0,0.7568345296837524,0.41035394704548156,10,early
10572,172,0,0.7164026875542091,0.3320534636593771,10,early
10573,173,0,0.4873756164237786,0.5491790184214106,10,early
10574,174,0,0.6477556469101291,0.4005335206222974,10,early
10575,175,0,0.2139051648312949,0.4290702452105434,10,early
10576,176,0,0.7428467381042453,0.31679077438800274,10,early
10577,177,0,0.4729790257923251,0.5130880496815706,10,early
10578,178,0,0.5845747381778322,0.32882488824716266,10,early
10579,179,0,0.7177458028517307,0.31540796183500236,10,early
10580,180,0,0.6180038677615982,0.34726812555537434,10,early
10581,181,0,0.4333957996493403,0.40757689836266586,10,early
10582,182,0,0.5019833027898798,0.5756473577248038,10,early
10583,183,0,0.5831638771814804,0.46763042798458243,10,early
10584,184,0,0.2954881000914857,0.5232501923584412,10,early
10585,185,0,0.46878505639793866,0.4237775162921007,10,early
10586,186,0,0.6366280872018806,0.3697966156367085,10,early
10587,187,0,0.3112047785008617,0.40246162979346367,10,early
10588,188,0,0.659724311975194,0.4936040384405144,10,early
10589,189,0,0.46084668512654003,0.30166164021693115,10,early
10590,190,0,0.46713611466495075,0.17899075501115339,10,early
10591,191,0,0.47506042563996553,0.44063893972269036,10,early
10592,192,0,0.4403921473557373,0.39503708268440646,10,early
10593,193,0,0.5804322429895621,0.3041340170863432,10,early
10594,194,0,0.36129076549420525,0.4245219799695552,10,early
10595,195,0,0.3332877270315061,0.30320756439003493,10,early
10596,196,0,0.6201198047449139,0.44710695778148557,10,early
10597,197,0,0.6726267458975963,0.33728986912051273,10,early
10598,198,0,0.38721867299842216,0.3417692023343407,10,early
10599,199,0,0.3671681193748265,0.3463151169353659,10,early
10600,0,0,0.49883045252004116,0.8933292646735402,10,middle
10601,1,1,0.4840398910837741,0.984823101145748,10,middle
10602,2,2,0.4982681851116302,1.2799451869019558,10,middle
10603,3,3,0.6522262520131464,1.1520269484300476,10,middle
10604,4,4,0.9290075490167446,1.219074672893972,10,middle
10605,5,5,0.9800158943381798,0.9693026902515509,10,middle
10606,6,6,0.4935764616808081,1.0662128581348993,10,middle
10607,7,7,0.456769662459192,1.4990124129022029,10,middle
10608,8,8,0.5091507624666646,1.0421910227054991,10,middle
10609,9,9,0.41391825670866905,0.9969369985325899,10,middle
10610,10,10,0.046748121774689344,0.8598362581701773,10,middle
10611,11,11,0.9999066672980899,1.1697508211358905,10,middle
10612,12,12,0.5011402122241811,0.8367501753523061,10,middle
10613,13,13,0.004617280680008902,0.8394439151086226,10,middle
10614,14,14,0.4827845183711691,1.263347577461706,10,middle
10615,15,15,0.0067325225003238825,0.8298889400279529,10,middle
10616,16,16,0.5017177078180052,0.8627324571128057,10,middle
10617,17,17,0.5656025695363502,0.8255499740124905,10,middle
10618,18,18,0.5649738477097124,1.137028782997167,10,middle
10619,19,19,0.9928828617607859,0.7387704724481589,10,middle
10620,20,12,0.5088485122422203,0.6204203739842409,10,middle
10621,21,12,0.008220337154234782,0.9132579016839716,10,middle
10622,22,20,0.4991914206244309,0.7923848445091879,10,middle
10623,23,20,0.9962816410564745,0.7539226121177194,10,middle
10624,24,21,0.5990878610683561,0.851776429706334,10,middle
10625,25,22,0.5361019484186721,1.071298781295876,10,middle
10626,26,23,0.504880952028977,0.7803207367507398,10,middle
10627,27,23,0.4585387409382056,0.6518633444675819,10,middle
10628,28,24,0.4960266585374045,1.400942051294853,10,middle
10629,29,16,0.42714131227094004,0.8031051153765172,10,middle
10630,30,25,0.3433729719756785,0.8043104834224745,10,middle
10631,31,16,0.2944532075012678,1.0838906394033914,10,middle
10632,32,23,0.8993992536142814,0.48046722492880933,10,middle
10633,33,23,0.5321767909691265,0.7355317978491431,10,middle
10634,34,23,0.06361507004744198,0.8222617879587536,10,middle
10635,35,16,0.5642702615588913,0.8397023722102834,10,middle
10636,36,23,0.9024144468181057,0.6055411828871469,10,middle
10637,37,25,0.5155851718328266,0.7546351206799466,10,middle
10638,38,12,0.49166120346113223,0.5581757760340467,10,middle
10639,39,12,0.005293003665421616,0.6526427397155999,10,middle
10640,40,16,0.0646634033165758,0.6994775166321117,10,middle
10641,41,23,0.9126249177945669,0.6321127030608977,10,middle
10642,42,23,0.06630552427143374,0.7195366910438721,10,middle
10643,43,25,0.09132161688336261,0.7840886515815808,10,middle
10644,44,25,0.37068662266159247,0.6361357860132086,10,middle
10645,45,25,0.5858085711614514,0.6763591492738592,10,middle
10646,46,23,0.08958886260525291,0.5860043851263277,10,middle
10647,47,23,0.03393055715346547,0.8604137711711055,10,middle
10648,48,23,0.07974439511811916,0.7199571114102399,10,middle
10649,49,23,0.8988133570895713,0.5610356292248875,10,middle
10650,50,23,0.8894546352452157,0.5929286172674721,10,middle
10651,51,23,0.8812391510853215,0.5649540168659852,10,middle
10652,52,23,0.8787121966185456,0.5589627480244215,10,middle
10653,53,25,0.6650450164132875,0.5150379535413938,10,middle
10654,54,23,0.09460128321631403,0.7110082593166227,10,middle
10655,55,23,0.8837648309143091,0.3582045353639618,10,middle
10656,56,23,0.8909146799412475,0.5618987538426377,10,middle
10657,57,23,0.80818196053953,0.5825449640886238,10,middle
10658,58,23,0.9021507302697869,0.5253616151533983,10,middle
10659,59,23,0.14572372386696034,0.59278432149069,10,middle
10660,60,23,0.9150487529800474,0.4782314144035352,10,middle
10661,61,23,0.847834113989971,0.3776605106933341,10,middle
10662,62,23,0.8787981089683579,0.5453228156247732,10,middle
10663,63,23,0.8675657511324413,0.27333485362123483,10,middle
10664,64,23,0.9253352507276622,0.5287014689762548,10,middle
10665,65,23,0.8684194082776768,0.3619799312197411,10,middle
10666,66,23,0.10801149946475704,0.5028464577900427,10,middle
10667,67,23,0.8291632439300092,0.4429828165457602,10,middle
10668,68,23,0.08227461713600881,0.5795178192303829,10,middle
10669,69,23,0.12106766152913216,0.4815678907525355,10,middle
10670,70,23,0.860696179022775,0.5178113969938014,10,middle
10671,71,23,0.1483307271108399,0.628615893720434,10,middle
10672,72,23,0.16353028677935874,0.44017149130104505,10,middle
10673,73,23,0.721380974560259,0.27996924864192185,10,middle
10674,74,23,0.7957628010147474,0.45783155584298996,10,middle
10675,75,23,0.1786941842941927,0.38427370047021825,10,middle
10676,76,23,0.20941157339494804,0.5627705482813594,10,middle
10677,77,23,0.8584187048059153,0.4039972730415323,10,middle
10678,78,23,0.18720526756376477,0.43830746285232564,10,middle
10679,79,23,0.8130946677052318,0.4418635632383176,10,middle
10680,80,23,0.5587003111190084,0.5570838835441453,10,middle
10681,81,23,0.6247056784899097,0.4042676001004543,10,middle
10682,82,23,0.44020865471455256,0.6941315736510754,10,middle
10683,83,23,0.419314686731387,0.4868850582318282,10,middle
10684,84,23,0.6363022242144093,0.4702065790477008,10,middle
10685,85,23,0.41167660187520944,0.3603900202254425,10,middle
10686,86,23,0.49499363582833344,0.6086443534386705,10,middle
10687,87,23,0.40237288931294934,0.54041587337565,10,middle
10688,88,23,0.5199861674283832,0.5253086901642108,10,middle
10689,89,23,0.5499038840534787,0.5935374276778868,10,middle
10690,90,23,0.43238777408543183,0.550301635539819,10,middle
10691,91,23,0.5059385040400376,0.36354591453478163,10,middle
10692,92,23,0.4668757338901637,0.40439951611935504,10,middle
10693,93,23,0.4221019490053163,0.6142572113392493,10,middle
10694,94,23,0.6469647025578094,0.5937954136653965,10,middle
10695,95,23,0.46144982680406194,0.4582074129761571,10,middle
10696,96,23,0.48766197716396076,0.5882685572913092,10,middle
10697,97,23,0.4785251213599077,0.4402066993814886,10,middle
10698,98,23,0.32078973057690696,0.5450616037096134,10,middle
10699,99,23,0.5604909102257928,0.41433245931961715,10,middle
10700,100,23,0.47498093638604694,0.583554031435464,10,middle
10701,101,23,0.6190927634895917,0.40897995290790945,10,middle
10702,102,23,0.4019322904796724,0.6356117080754254,10,middle
10703,103,23,0.5265941335593943,0.521546559712352,10,middle
10704,104,23,0.451329275341074,0.3877069151491143,10,middle
10705,105,23,0.5147539186349689,0.4265345395195894,10,middle
10706,106,23,0.514160212207223,0.42296630069282215,10,middle
10707,107,23,0.5816956885189984,0.4419790947169673,10,middle
10708,108,23,0.44405604965628026,0.5303499003291414,10,middle
10709,109,23,0.4775233179748316,0.4902039989835126,10,middle
10710,110,23,0.608297068930423,0.5190244469508201,10,middle
10711,111,23,0.45910212842240294,0.4538738672445251,10,middle
10712,112,23,0.6099207973129437,0.41327573998500955,10,middle
10713,113,23,0.4677964433808984,0.48069655688601526,10,middle
10714,114,23,0.45772039847400253,0.5138289415398326,10,middle
10715,115,23,0.5811358332624027,0.5526120832077862,10,middle
10716,116,23,0.4767152220500705,0.4288881671882593,10,middle
10717,117,23,0.6205542467676874,0.5148435957057755,10,middle
10718,118,23,0.5231841744824953,0.401075739176484,10,middle
10719,119,23,0.6033682921359719,0.44705330346558564,10,middle
10720,120,23,0.8928236999378549,0.5647249619237029,10,middle
10721,121,23,0.42407943635139816,0.5093146483637381,10,middle
10722,122,23,0.12491982229359222,0.4279527785824664,10,middle
10723,123,23,0.4192119285746143,0.3430022151764088,10,middle
10724,124,23,0.07473253255333903,0.6367721076449074,10,middle
10725,125,23,0.5894856296291763,0.4647979791222666,10,middle
10726,126,23,0.9082388449080007,0.49985072449252566,10,middle
10727,127,23,0.4883746598031185,0.489816982806085,10,middle
10728,128,23,0.13088002515762157,0.3582019949248727,10,middle
10729,129,23,0.5383884587566262,0.5487665119447498,10,middle
10730,130,23,0.8640357160659782,0.46113094104738817,10,middle
10731,131,23,0.49618199490956216,0.5015665529263319,10,middle
10732,132,23,0.8867265145659139,0.4010156503044821,10,middle
10733,133,23,0.5775541692843157,0.5002206991386388,10,middle
10734,134,23,0.9114960574986004,0.38060516658576193,10,middle
10735,135,23,0.5317261096651693,0.4873955546866715,10,middle
10736,136,23,0.9155597101451565,0.29135891632185057,10,middle
10737,137,23,0.4697451944214175,0.49917960444008813,10,middle
10738,138,23,0.08405083034199821,0.5072154097369024,10,middle
10739,139,23,0.537562135747601,0.5318551157473216,10,middle
10740,140,23,0.09032593620406978,0.6671645024305608,10,middle
10741,141,23,0.5078032975708137,0.3902874047709404,10,middle
10742,142,23,0.8982491687503731,0.36460168695101725,10,middle
10743,143,23,0.5385244818714128,0.49499561138318826,10,middle
10744,144,23,0.8910857905550548,0.29764419981144585,10,middle
10745,145,23,0.41992347670333735,0.3238546285562406,10,middle
10746,146,23,0.11747809568157998,0.5817289359184777,10,middle
10747,147,25,0.5126798173705309,0.5341826308323654,10,middle
10748,148,23,0.9204180456895135,0.5047233357339195,10,middle
10749,149,23,0.599717755263973,0.3390129095396835,10,middle
10750,150,23,0.8510009025875722,0.40598158808102713,10,middle
10751,151,23,0.6100680193673484,0.5245767890130575,10,middle
10752,152,23,0.14690403307237848,0.458038460640357,10,middle
10753,153,23,0.436999353063459,0.45511108829712466,10,middle
10754,154,23,0.8807069902754687,0.5288021549485781,10,middle
10755,155,23,0.4822694728868036,0.5315816955185727,10,middle
10756,156,23,0.9277120505570492,0.460017749485773,10,middle
10757,157,23,0.5108945015860873,0.5011568479976657,10,middle
10758,158,23,0.06913199920694973,0.4716722529498591,10,middle
10759,159,23,0.5036357631405065,0.4487450863965349,10,middle
10760,160,23,0.5222963656333272,0.4236969765400777,10,middle
10761,161,23,0.5312841720959409,0.469352196030742,10,middle
10762,162,23,0.9189428849456802,0.4685662396870399,10,middle
10763,163,23,0.4830050051214832,0.3973247142908443,10,middle
10764,164,23,0.46777345457537206,0.5268603560327307,10,middle
10765,165,23,0.5372165991224586,0.4520993495342349,10,middle
10766,166,23,0.46824434294270356,0.5765574344599866,10,middle
10767,167,23,0.9151484111041335,0.38437847253370044,10,middle
10768,168,23,0.5257345254465106,0.4750899681656351,10,middle
10769,169,23,0.48567460537032175,0.3620549040082753,10,middle
10770,170,23,0.4585359283775136,0.4307838493846735,10,middle
10771,171,23,0.052342486615913786,0.47612376885849766,10,middle
10772,172,23,0.9555703114198479,0.3497840680678481,10,middle
10773,173,23,0.0607205967037338,0.5252607300581328,10,middle
10774,174,23,0.9413053006053281,0.30172132844815125,10,middle
10775,175,23,0.08221250532481103,0.5714537522868779,10,middle
10776,176,23,0.1184722440695904,0.7178357792984709,10,middle
10777,177,23,0.08666815298876418,0.44102632460988556,10,middle
10778,178,23,0.09676665759013453,0.568501117181726,10,middle
10779,179,23,0.6120410533721531,0.4152498177564814,10,middle
10780,180,23,0.10692264905232474,0.5290183804124555,10,middle
10781,181,23,0.09431661228755833,0.519241405755061,10,middle
10782,182,23,0.08018463973570482,0.43921444297513196,10,middle
10783,183,23,0.5641733477853702,0.4066331193312489,10,middle
10784,184,23,0.10800043855915632,0.5109611146913657,10,middle
10785,185,23,0.4533052945231787,0.5643260357452116,10,middle
10786,186,23,0.09825915561899823,0.563565770990096,10,middle
10787,187,23,0.8799960399776701,0.33293510379654145,10,middle
10788,188,23,0.13745071390729385,0.45668307284081633,10,middle
10789,189,23,0.580919760573781,0.4169178726122123,10,middle
10790,190,23,0.6026656654094164,0.5023487103129454,10,middle
10791,191,23,0.536960131482027,0.5593666095227758,10,middle
10792,192,23,0.5711255362151575,0.465233041874734,10,middle
10793,193,23,0.8763087457259884,0.5331542178387659,10,middle
10794,194,23,0.1472567805798152,0.46223409449857156,10,middle
10795,195,23,0.4776474591661194,0.536050870936905,10,middle
10796,196,23,0.4942006206513089,0.34570261560324655,10,middle
10797,197,23,0.5657709137706347,0.4662824675575403,10,middle
10798,198,23,0.6301399645169149,0.44781599529113475,10,middle
10799,199,23,0.8946760956945112,0.36630501679422567,10,middle
10800,0,0,0.49644069734383905,0.6848201771047532,10,late
10801,1,1,0.9945078657491009,0.7615502010421589,10,late
10802,2,0,0.5022180809648025,0.6817809029233424,10,late
10803,3,0,0.9965067216954371,0.5164289986745922,10,late
10804,4,0,0.497505805212115,0.7222598137786198,10,late
10805,5,2,0.033368063587676494,1.0282668853211365,10,late
10806,6,0,0.49535869879356387,0.5966499495452009,10,late
10807,7,0,0.9926438921293406,0.6043409541771885,10,late
10808,8,0,0.5005720755347014,0.6119745542254466,10,late
10809,9,0,0.029803170166671767,0.8463585668682969,10,late
10810,10,0,0.5075599348521816,0.6248957619496289,10,late
10811,11,0,0.9907777853455741,0.4980352646155046,10,late
10812,12,0,0.46664078436938006,0.7603792601574484,10,late
10813,13,0,0.9749145159478991,0.604208224883004,10,late
10814,14,0,0.4804493122293198,0.7854874513497792,10,late
10815,15,0,0.9847139024658726,0.5943006198623157,10,late
10816,16,0,0.5025733820854759,0.48823454827512835,10,late
10817,17,0,0.9560363060151832,0.505355930422239,10,late
10818,18,0,0.5027587537169245,0.777210999989649,10,late
10819,19,0,0.030993342486298973,0.6769515183434587,10,late
10820,20,0,0.5016220397633717,0.5800785915643166,10,late
10821,21,0,0.9856954195121606,0.482449745997641,10,late
10822,22,0,0.4750025738949164,0.6921117408441066,10,late
10823,23,0,0.0457761547654679,0.7653774141223906,10,late
10824,24,0,0.48754623639497024,0.4928780455524745,10,late
10825,25,0,0.12562193823632314,0.696330466323827,10,late
10826,26,0,0.46672318012036046,0.5951830664847422,10,late
10827,27,0,0.8194229696615682,0.5085840371488632,10,late
10828,28,0,0.5260515038638278,0.6536296506221426,10,late
10829,29,0,0.16918464932154947,0.5086615020289053,10,late
10830,30,0,0.4987954592791921,0.45044585493804956,10,late
10831,31,0,0.21691939011666356,0.5273054186958144,10,late
10832,32,0,0.4769288275928168,0.5776007049429122,10,late
10833,33,0,0.19654709788770353,0.6714231270927287,10,late
10834,34,0,0.5100138974871299,0.526349900513387,10,late
10835,35,0,0.2673977314415254,0.5480746569619632,10,late
10836,36,0,0.5127276126437127,0.347958497910997,10,late
10837,37,0,0.711816608155704,0.5420791536580225,10,late
10838,38,0,0.5360245149180505,0.383094274064671,10,late
10839,39,0,0.3341254686223861,0.5328500128818545,10,late
10840,40,0,0.5863861783387839,0.5795514765772958,10,late
10841,41,0,0.8789300466425063,0.5494964854766544,10,late
10842,42,0,0.5447747668433328,0.5432662729238418,10,late
10843,43,0,0.2408858740019394,0.4740072076054466,10,late
10844,44,0,0.40374426253646206,0.556377362965649,10,late
10845,45,0,0.316675835210902,0.5323781538703032,10,late
10846,46,0,0.36726745739982386,0.6292526093998922,10,late
10847,47,0,0.38646564261312855,0.5768498133718301,10,late
10848,48,0,0.709515780865267,0.4109576807773313,10,late
10849,49,0,0.8449969158991173,0.46275980003626105,10,late
10850,50,0,0.44163677098510745,0.532769671079774,10,late
10851,51,0,0.914687070501673,0.2929636856518575,10,late
10852,52,0,0.733319498035371,0.5084568778012575,10,late
10853,53,0,0.950029176950804,0.3846341253463326,10,late
10854,54,0,0.4144293681890384,0.46056655225897475,10,late
10855,55,0,0.959414933258396,0.37535592788687644,10,late
10856,56,0,0.3927725634111502,0.5379173435835896,10,late
10857,57,0,0.806346459191541,0.3424685280802635,10,late
10858,58,0,0.2567865292123525,0.5810227599235624,10,late
10859,59,0,0.2894371949327575,0.5681269165098621,10,late
10860,60,0,0.5240113168198682,0.5500331578772016,10,late
10861,61,0,0.37296203105978576,0.5352650715501801,10,late
10862,62,0,0.4615572040017967,0.5541286656536828,10,late
10863,63,0,0.9738781363274429,0.36993478752709774,10,late
10864,64,0,0.6626847335740113,0.47052693995983574,10,late
10865,65,0,0.9350163106397064,0.5275430724288855,10,late
10866,66,0,0.4544550150114588,0.5071563109571128,10,late
10867,67,0,0.8220769111289173,0.35363845746794886,10,late
10868,68,0,0.7748882527736998,0.47255067306530885,10,late
10869,69,0,0.7682488503974448,0.45075696849994845,10,late
10870,70,0,0.5998379404421101,0.37772320633171147,10,late
10871,71,0,0.3118157733160171,0.6030139351898183,10,late
10872,72,0,0.49990544666791265,0.47850652772949354,10,late
10873,73,0,0.09491973485831151,0.5840586546658213,10,late
10874,74,0,0.381786948468246,0.5366981696378905,10,late
10875,75,0,0.8677807418156416,0.4004951483696123,10,late
10876,76,0,0.490925705118666,0.6484781065223401,10,late
10877,77,0,0.4617941108242966,0.6128799993569398,10,late
10878,78,0,0.6384169294558727,0.46091030052061127,10,late
10879,79,0,0.4714321013780872,0.498633983411792,10,late
10880,80,0,0.27804606757706757,0.48964995336029205,10,late
10881,81,0,0.21946630070019654,0.6054078660751758,10,late
10882,82,0,0.8226877285904759,0.37412601272014573,10,late
10883,83,0,0.33878665748415293,0.47381514032314775,10,late
10884,84,0,0.700978927256718,0.3759734101220361,10,late
10885,85,0,0.4431014317247758,0.5942647619708528,10,late
10886,86,0,0.6297543066325095,0.3654351951274453,10,late
10887,87,0,0.3068071148160413,0.4686118164422035,10,late
10888,88,0,0.43419747182041835,0.5233816609526791,10,late
10889,89,0,0.5953285096764687,0.49852184382215914,10,late
10890,90,0,0.3107867104232902,0.5220015561005913,10,late
10891,91,0,0.25981145372444586,0.5060428892355175,10,late
10892,92,0,0.7098950958001043,0.5890759656681237,10,late
10893,93,0,0.3892193464248339,0.5092885831635418,10,late
10894,94,0,0.4771609825174871,0.5352698683606574,10,late
10895,95,0,0.7414158429857728,0.472124625852407,10,late
10896,96,0,0.5725962236455759,0.4566097681803314,10,late
10897,97,0,0.5721887862437284,0.4066881939892064,10,late
10898,98,0,0.39591690528360707,0.6121100745042877,10,late
10899,99,0,0.694340171333539,0.4291442334872818,10,late
10900,100,0,0.2214654071768805,0.5183428810755217,10,late
10901,101,0,0.34511658412065654,0.4745367932687916,10,late
10902,102,0,0.4404625541452636,0.6303876705025702,10,late
10903,103,0,0.5277697707863644,0.4789494543178895,10,late
10904,104,0,0.20485308825465615,0.36533800399910077,10,late
10905,105,0,0.3970851441133481,0.436642653920789,10,late
10906,106,0,0.579210962366981,0.3440571232942191,10,late
10907,107,0,0.7268344567881926,0.38994310203041793,10,late
10908,108,0,0.3108292716542063,0.4845285930662192,10,late
10909,109,0,0.41842312115135677,0.5137554070958258,10,late
10910,110,0,0.4219201138366331,0.537669803691302,10,late
10911,111,0,0.6319994424525555,0.43912268644787733,10,late
10912,112,0,0.7386106737405171,0.44116847249406493,10,late
10913,113,0,0.5621561759354373,0.40100450054150616,10,late
10914,114,0,0.3644210530216942,0.5240767647036992,10,late
10915,115,0,0.49689873373784754,0.5551607768177467,10,late
10916,116,0,0.7032425194275556,0.42083271778874703,10,late
10917,117,0,0.709692585047517,0.485050646286857,10,late
10918,118,0,0.2734402057336869,0.5499528257907866,10,late
10919,119,0,0.3408040420910808,0.43153138722532025,10,late
10920,120,0,0.7728218384646292,0.3204684277957853,10,late
10921,121,0,0.17692431099651884,0.4800903089068031,10,late
10922,122,0,0.339992973520473,0.4381356427448597,10,late
10923,123,0,0.3046770566456808,0.4757148371343809,10,late
10924,124,0,0.2540523691930826,0.4638261460274059,10,late
10925,125,0,0.7567826110090005,0.6000096842337167,10,late
10926,126,0,0.3126628210373625,0.4769686040917424,10,late
10927,127,0,0.2653908290737909,0.5039786122045744,10,late
10928,128,0,0.5758870230930412,0.3596356306139844,10,late
10929,129,0,0.6920192541079426,0.4229557236591288,10,late
10930,130,0,0.29967736291179814,0.44172327252147503,10,late
10931,131,0,0.6637397994423835,0.4311573549114949,10,late
10932,132,0,0.30738935139570833,0.5069231624432619,10,late
10933,133,0,0.8591770366613727,0.5190731763377797,10,late
10934,134,0,0.9282921428201083,0.3439757562415533,10,late
10935,135,0,0.29819517920560956,0.5136813748133575,10,late
10936,136,0,0.9003783245183489,0.4276318536064062,10,late
10937,137,0,0.903535589171454,0.40516048441183905,10,late
10938,138,0,0.9727354779319681,0.5560155936637408,10,late
10939,139,0,0.06499132096344783,0.5432601236833932,10,late
10940,140,0,0.8051350567725715,0.4306607438395619,10,late
10941,141,0,0.9649971684333258,0.473840025968027,10,late
10942,142,0,0.730573346323754,0.5904086661706633,10,late
10943,143,0,0.7935660914217444,0.3034940547251913,10,late
10944,144,0,0.2548472811995093,0.4661334980271174,10,late
10945,145,0,0.1652117470150773,0.4462675508863548,10,late
10946,146,0,0.3099707640295991,0.5189162384449775,10,late
10947,147,0,0.31489852250934514,0.45816823267501827,10,late
10948,148,0,0.1294834838319257,0.49901456877082345,10,late
10949,149,0,0.7891531298468537,0.4643288525489605,10,late
10950,150,0,0.8401239427287635,0.40496758045401704,10,late
10951,151,0,0.9433779818623246,0.4281215012953646,10,late
10952,152,0,0.30460820669881045,0.43764036554690644,10,late
10953,153,0,0.8558860440854931,0.4642188544026743,10,late
10954,154,0,0.22194221591161764,0.41196733204399805,10,late
10955,155,0,0.1510994756695063,0.47713530112572744,10,late
10956,156,0,0.15805806903372788,0.4956625595962444,10,late
10957,157,0,0.9073373363166422,0.3824426750175559,10,late
10958,158,0,0.10655718025526933,0.46740268080217384,10,late
10959,159,0,0.7775598843230527,0.48923161660516157,10,late
10960,160,0,0.48936971653725936,0.40217519773729415,10,late
10961,161,0,0.5596259580939815,0.4556152686234723,10,late
10962,162,0,0.25187206433353504,0.526962856556006,10,late
10963,163,0,0.39851394620162256,0.4817787583371883,10,late
10964,164,0,0.45859385264148217,0.608402595236414,10,late
10965,165,0,0.169927738339555,0.39264352818449466,10,late
10966,166,0,0.7941426703972727,0.3946356263009093,10,late
10967,167,0,0.4619275413920977,0.5238702571776513,10,late
10968,168,0,0.2114823405493888,0.5229906346649356,10,late
10969,169,0,0.4397585103865389,0.46034806314966503,10,late
10970,170,0,0.6832252087599048,0.4867238606442612,10,late
10971,171,0,0.4639218197298296,0.5472912754552288,10,late
10972,172,0,0.9137853857432916,0.32123188869646463,10,late
10973,173,0,0.27618233759912236,0.6085276741181687,10,late
10974,174,0,0.3077943683986868,0.4273349934150567,10,late
10975,175,0,0.6572753521463395,0.3357881436609055,10,late
10976,176,0,0.7271203155635682,0.4214689643133722,10,late
10977,177,0,0.42811254265892523,0.5000711383661333,10,late
10978,178,0,0.34546558502266383,0.48672605349304154,10,late
10979,179,0,0.1811205820716499,0.4204050816003333,10,late
10980,180,0,0.9003793814199019,0.3711593618264856,10,late
10981,181,0,0.14238295391409975,0.47657272490527874,10,late
10982,182,0,0.3309763926367547,0.5138006932132708,10,late
10983,183,0,0.5816388449965744,0.3855166199431118,10,late
10984,184,0,0.55109922176708,0.5462945873441679,10,late
10985,185,0,0.2396795659252447,0.4732960909115243,10,late
10986,186,0,0.40880466517004266,0.610072509479971,10,late
10987,187,0,0.3254709488519641,0.47326201405313684,10,late
10988,188,0,0.23688468866951623,0.4817089920335056,10,late
10989,189,0,0.09728677580058075,0.4556013492290253,10,late
10990,190,0,0.04956701757991662,0.47489992370784806,10,late
10991,191,0,0.5233839893144139,0.6685835089626979,10,late
10992,192,0,0.19917050036209227,0.4655310998390614,10,late
10993,193,0,0.34986443725323,0.42840731435524926,10,late
10994,194,0,0.38627452034769405,0.4159929314753469,10,late
10995,195,0,0.5115188262420665,0.5294920850815252,10,late
10996,196,0,0.7072405217426021,0.562364171864292,10,late
10997,197,0,0.7833198827322894,0.3982902918997151,10,late
10998,198,0,0.3324922512923965,0.5013591372542562,10,late
10999,199,0,0.2272700628940391,0.3579242962719275,10,late
11000,0,0,0.21428770385705317,0.9418599912093003,11,interleaved
11001,1,1,0.00020621736003997808,1.0142827493323159,11,interleaved
11002,2,1,0.42612730347424027,0.6984092795049505,11,interleaved
11003,3,1,0.03367073680605154,0.7676758544015156,11,interleaved
11004,4,1,0.5346631276716592,0.6310284311973756,11,interleaved
11005,5,1,0.9539314064756546,0.6703966434817552,11,interleaved
11006,6,1,0.3899820406495809,0.7096596498517218,11,interleaved
11007,7,1,0.929657168940561,0.7159019451826283,11,interleaved
11008,8,2,0.10494347296461877,0.9891727829708596,11,interleaved
11009,9,0,0.4456690089335624,0.6767794316188327,11,interleaved
11010,10,3,0.47209014238745217,0.7342948707025463,11,interleaved
11011,11,4,0.4963198253036408,0.81837161104649,11,interleaved
11012,12,4,0.6737631787997672,0.6319319444483342,11,interleaved
11013,13,1,0.06675061874088271,0.7419882785345272,11,interleaved
11014,14,1,0.5607445251034779,0.6542189150535864,11,interleaved
11015,15,1,0.04830817804602838,0.682570073125,11,interleaved
11016,16,1,0.3822656426502585,0.5346350800652331,11,interleaved
11017,17,1,0.10001742554064696,0.8754779166249707,11,interleaved
11018,18,1,0.26116866768970176,0.6343227483125877,11,interleaved
11019,19,1,0.19881329217555915,0.7391663463259234,11,interleaved
11020,20,1,0.43182583236653377,0.6178842275577021,11,interleaved
11021,21,1,0.9417231685893211,0.5908798270503434,11,interleaved
11022,22,1,0.26488684120661976,0.6047559080884028,11,interleaved
11023,23,1,0.09540721333899316,0.6451273921975933,11,interleaved
11024,24,1,0.36706181539035987,0.6933145786929229,11,interleaved
11025,25,1,0.8560417190845163,0.6033281932905331,11,interleaved
11026,26,0,0.24996009550312506,0.6149853347120172,11,interleaved
11027,27,4,0.13553649644699162,0.5857451519380925,11,interleaved
11028,28,1,0.549797720575792,0.5237636337304423,11,interleaved
11029,29,1,0.10488894795031402,0.5484512777806168,11,interleaved
11030,30,1,0.4054827057893583,0.3854414052991614,11,interleaved
11031,31,4,0.24743003299454155,0.8060377099484819,11,interleaved
11032,32,1,0.4424023256388229,0.6735677155127022,11,interleaved
11033,33,1,0.30065266364538656,0.6001694318750044,11,interleaved
11034,34,4,0.7228374722308151,0.556761182334119,11,interleaved
11035,35,1,0.0930875393522915,0.6642775072064838,11,interleaved
11036,36,1,0.5701235475177793,0.5962516579168003,11,interleaved
11037,37,4,0.23827324799222183,0.7736922602512486,11,interleaved
11038,38,0,0.6577735700549252,0.6220774382988872,11,interleaved
11039,39,1,0.8432867483916645,0.447864428849709,11,interleaved
11040,40,1,0.44012145414159387,0.6369008064640644,11,interleaved
11041,41,1,0.16509277664777564,0.47192707455028726,11,interleaved
11042,42,4,0.34775728194800276,0.5823102899746343,11,interleaved
11043,43,1,0.8336575192026656,0.4265904839905012,11,interleaved
11044,44,4,0.338605480960873,0.5732726130341448,11,interleaved
11045,45,1,0.13941032546859317,0.6615643073525663,11,interleaved
11046,46,1,0.27993706827334036,0.5425370475279305,11,interleaved
11047,47,1,0.8564763816498591,0.5674357922644498,11,interleaved
11048,48,0,0.8695327044337062,0.4856114092404672,11,interleaved
11049,49,1,0.8240393468662104,0.5577064065363482,11,interleaved
11050,50,1,0.5329089928695948,0.42910200693617706,11,interleaved
11051,51,1,0.27254582292812535,0.6368470636955701,11,interleaved
11052,52,1,0.6581735594692565,0.49475519706538396,11,interleaved
11053,53,1,0.29130209494632386,0.6435158420223226,11,interleaved
11054,54,1,0.47726122736101634,0.5333859441270297,11,interleaved
11055,55,1,0.3134612167141151,0.656756309442935,11,interleaved
11056,56,1,0.4795808311960044,0.513287075369125,11,interleaved
11057,57,1,0.18820136629798653,0.4871428574032318,11,interleaved
11058,58,1,0.2713549311791549,0.41375537227825177,11,interleaved
11059,59,1,0.19519294382768146,0.4934809283159881,11,interleaved
11060,60,1,0.42524727981732985,0.36271140910468547,11,interleaved
11061,61,1,0.32458999833596963,0.6275095452281927,11,interleaved
11062,62,1,0.49406619281220926,0.5082539543990588,11,interleaved
11063,63,1,0.7036276237103907,0.45822833003496577,11,interleaved
11064,64,1,0.5257509272688201,0.5905498796915418,11,interleaved
11065,65,1,0.8488777861946933,0.5678501526180727,11,interleaved
11066,66,1,0.5482027387194954,0.5572010154647613,11,interleaved
11067,67,1,0.4905649672407632,0.41690946362528675,11,interleaved
11068,68,1,0.5029433921422909,0.4594104228225895,11,interleaved
11069,69,1,0.7372535020083151,0.5657672523988709,11,interleaved
11070,70,1,0.2497025304795347,0.6485956819739811,11,interleaved
11071,71,1,0.5620919224804368,0.43523982261406136,11,interleaved
11072,72,1,0.4390715357715853,0.5445469653503009,11,interleaved
11073,73,1,0.31574060805657284,0.4843243209853152,11,interleaved
11074,74,1,0.41308397146721065,0.4675314514002038,11,interleaved
11075,75,1,0.365010218360751,0.49467706261336364,11,interleaved
11076,76,1,0.4053513213741459,0.3536301690814996,11,interleaved
11077,77,1,0.4129049083784295,0.49855333361438525,11,interleaved
11078,78,1,0.356612677779218,0.37346153298799667,11,interleaved
11079,79,1,0.500408972166538,0.3339586143675211,11,interleaved
11080,80,1,0.3343916737666387,0.41978439055714617,11,interleaved
11081,81,1,0.6563159655680714,0.4910746957180267,11,interleaved
11082,82,1,0.34259902270644926,0.43739787075814834,11,interleaved
11083,83,1,0.3787566924029214,0.49368021142666574,11,interleaved
11084,84,1,0.39578026245629244,0.5196498963805776,11,interleaved
11085,85,1,0.6220704848263664,0.32780884306933555,11,interleaved
11086,86,1,0.2686488178287665,0.4664985950552595,11,interleaved
11087,87,1,0.6175213232245043,0.38804810982798016,11,interleaved
11088,88,1,0.36350212233958046,0.3321057288741256,11,interleaved
11089,89,1,0.4728131189943771,0.3307678905795931,11,interleaved
11090,90,1,0.28650685313234425,0.4606955610089212,11,interleaved
11091,91,1,0.38455165817595394,0.3767810159209388,11,interleaved
11092,92,1,0.4842610031418362,0.3628198174365509,11,interleaved
11093,93,1,0.6431033985374515,0.3639877461732955,11,interleaved
11094,94,1,0.6116257393587021,0.4842984345243309,11,interleaved
11095,95,1,0.40162828458565986,0.34725621103246884,11,interleaved
11096,96,1,0.29387917012878834,0.36276441402983867,11,interleaved
11097,97,1,0.3819758824577192,0.46801766280052803,11,interleaved
11098,98,1,0.35292034698543007,0.36971248236716153,11,interleaved
11099,99,1,0.34014120629770395,0.3699552404139843,11,interleaved
11100,100,1,0.44410351551549265,0.42036491777852814,11,interleaved
11101,101,1,0.4433013558051241,0.46027181849000787,11,interleaved
11102,102,1,0.6546974941792463,0.5370835011443382,11,interleaved
11103,103,1,0.42625618223412476,0.3526215045355655,11,interleaved
11104,104,1,0.5858703902527385,0.49047580550896247,11,interleaved
11105,105,1,0.7561644650234526,0.5736637372617215,11,interleaved
11106,106,1,0.3728576935436133,0.43139576689827375,11,interleaved
11107,107,1,0.3290212662551572,0.406175362875327,11,interleaved
11108,108,1,0.4614609224025622,0.2992818412864991,11,interleaved
11109,109,1,0.7139175176875574,0.3292995781977176,11,interleaved
11110,110,1,0.34302293806571726,0.47715160317696037,11,interleaved
11111,111,1,0.16520735275341536,0.4888608905139705,11,interleaved
11112,112,1,0.5598877709922756,0.38229376008717875,11,interleaved
11113,113,1,0.812259992070145,0.5160806906088451,11,interleaved
11114,114,1,0.4775047718733066,0.35364397699473094,11,interleaved
11115,115,1,0.3371868805734176,0.45611411400791274,11,interleaved
11116,116,1,0.3703715627431507,0.42553965336297905,11,interleaved
11117,117,1,0.23697462760046178,0.41042154599951947,11,interleaved
11118,118,1,0.5632884847555204,0.39470265859611275,11,interleaved
11119,119,1,0.4355163240284219,0.49154526632084317,11,interleaved
11120,120,1,0.5569699938988729,0.467975993241323,11,interleaved
11121,121,1,0.7667564975089107,0.41610208243137903,11,interleaved
11122,122,1,0.3223515679696779,0.4900460767487653,11,interleaved
11123,123,1,0.5445834515226264,0.3444148422709188,11,interleaved
11124,124,1,0.4455445498782932,0.3296048502643856,11,interleaved
11125,125,1,0.2299867548366996,0.49859007175865755,11,interleaved
11126,126,1,0.3118585185914016,0.4378507399594346,11,interleaved
11127,127,1,0.3988998079979227,0.5745369713544695,11,interleaved
11128,128,1,0.5522720544585299,0.352049677698701,11,interleaved
11129,129,1,0.8728671872548492,0.5895551256487084,11,interleaved
11130,130,1,0.4312083942941083,0.41108831102067145,11,interleaved
11131,131,1,0.34778077503696997,0.4897862913429748,11,interleaved
11132,132,1,0.5543436073577734,0.434495665979043,11,interleaved
11133,133,1,0.6993330306233776,0.517493888653716,11,interleaved
11134,134,1,0.5176069668237291,0.48343697663856433,11,interleaved
11135,135,1,0.7182992291092719,0.4749264954020737,11,interleaved
11136,136,1,0.29532420800929254,0.35795994432553896,11,interleaved
11137,137,1,0.70777493401075,0.35450519154548416,11,interleaved
11138,138,1,0.4020825190298035,0.4143270764155821,11,interleaved
11139,139,1,0.1381472399870421,0.4673566189032849,11,interleaved
11140,140,1,0.520519490664897,0.39032768641018345,11,interleaved
11141,141,1,0.7031225525200077,0.40244845756628145,11,interleaved
11142,142,1,0.4301559065334081,0.3687253568726594,11,interleaved
11143,143,1,0.7235811440287845,0.31497623190030777,11,interleaved
11144,144,1,0.4351641600968591,0.45383963447306486,11,interleaved
11145,145,1,0.7752896448660116,0.4673708254261417,11,interleaved
11146,146,1,0.4982458027649288,0.445929803205784,11,interleaved
11147,147,1,0.13257443359979218,0.4022721655832101,11,interleaved
11148,148,1,0.4643674560187657,0.5514595950482686,11,interleaved
11149,149,1,0.14036120249975959,0.4437702724853232,11,interleaved
11150,150,1,0.5371798403847214,0.5369080364653983,11,interleaved
11151,151,1,0.6777677667267956,0.48305237447941257,11,interleaved
11152,152,1,0.2682628090971991,0.4770337480167356,11,interleaved
11153,153,1,0.6887698819364712,0.35349527461896,11,interleaved
11154,154,1,0.4088608216606621,0.4476372362789983,11,interleaved
11155,155,1,0.24316883986079152,0.4246646354518904,11,interleaved
11156,156,0,0.5409275081912944,0.5984918800051564,11,interleaved
11157,157,1,0.6155500426392846,0.2268438862809265,11,interleaved
11158,158,1,0.6230408698007572,0.3461081686945805,11,interleaved
11159,159,1,0.4331135979433943,0.5028718020947944,11,interleaved
11160,160,1,0.8365064039843481,0.41446271881927244,11,interleaved
11161,161,1,0.7503269598623488,0.4324955655281514,11,interleaved
11162,162,1,0.7886334999209396,0.5050760914703697,11,interleaved
11163,163,1,0.6745569769217159,0.3245283642822655,11,interleaved
11164,164,1,0.5075628185053864,0.46600708265493923,11,interleaved
11165,165,1,0.5041710969031592,0.45363538150347743,11,interleaved
11166,166,1,0.49242211504338074,0.36430734562264855,11,interleaved
11167,167,1,0.36231009850465706,0.4653609693239552,11,interleaved
11168,168,1,0.517777486396003,0.37989130508829705,11,interleaved
11169,169,1,0.5690592351448672,0.4608912117127999,11,interleaved
11170,170,1,0.32069869692111563,0.49638549595236775,11,interleaved
11171,171,1,0.19495602260725617,0.5621208595891771,11,interleaved
11172,172,1,0.7046975844137636,0.3788848816797541,11,interleaved
11173,173,1,0.45775737189126575,0.386310938145655,11,interleaved
11174,174,1,0.7571000273021823,0.43667364782957035,11,interleaved
11175,175,1,0.6087172266502647,0.3528267734146696,11,interleaved
11176,176,1,0.3139731002168192,0.2992688858621412,11,interleaved
11177,177,1,0.5105514666201365,0.5872049034970726,11,interleaved
11178,178,1,0.45583938674535496,0.3306880212693134,11,interleaved
11179,179,1,0.7179440484650004,0.43042825165614657,11,interleaved
11180,180,1,0.39480143956142005,0.4336927922741436,11,interleaved
11181,181,1,0.782232577193497,0.4584569022546052,11,interleaved
11182,182,1,0.40046548473029864,0.42783929236866464,11,interleaved
11183,183,1,0.5219859479714388,0.4022795903978826,11,interleaved
11184,184,1,0.32027796282414955,0.4893387678800936,11,interleaved
11185,185,1,0.4494275406294107,0.36407196691640853,11,interleaved
11186,186,1,0.5527764798553594,0.4322566982805254,11,interleaved
11187,187,1,0.8418440724182059,0.4077708615705755,11,interleaved
11188,188,1,0.40546808006672624,0.5000674740371172,11,interleaved
11189,189,1,0.3709259801188691,0.40512126867897646,11,interleaved
11190,190,1,0.5620309281968583,0.4608687128687805,11,interleaved
11191,191,1,0.34739215450841693,0.3699278577690688,11,interleaved
11192,192,1,0.1970194003413116,0.5164334241312352,11,interleaved
11193,193,1,0.39986487504431123,0.45553953137904757,11,interleaved
11194,194,1,0.19412835172844606,0.3722529804139987,11,interleaved
11195,195,1,0.5310059875082433,0.38551162662049165,11,interleaved
11196,196,1,0.336384578061175,0.4986058137082805,11,interleaved
11197,197,1,0.4874356763812881,0.42011806420746156,11,interleaved
11198,198,1,0.40634999806613753,0.3950602599849071,11,interleaved
11199,199,1,0.37788842444740567,0.28616889636523823,11,interleaved
11200,0,0,0.9492039173324975,0.6483540637724863,11,blocked
11201,1,1,0.8333015998256126,1.192785404856759,11,blocked
11202,2,0,0.05580702190805271,0.7700663958081423,11,blocked
11203,3,0,0.9202970024129802,0.6645746787808363,11,blocked
11204,4,0,0.08139229187039634,0.616007001529941,11,blocked
11205,5,2,0.5826364902295172,1.367160472376247,11,blocked
11206,6,3,0.4988971730134157,1.016958787089042,11,blocked
11207,7,3,0.4991886634066457,0.5416095573572087,11,blocked
11208,8,4,0.47597162585676417,0.9713692267744414,11,blocked
11209,9,5,0.9856384602728321,1.0997082592569845,11,blocked
11210,10,3,0.47655946726171033,0.8248581658936593,11,blocked
11211,11,3,0.4993026164246821,0.7830176303732694,11,blocked
11212,12,4,0.4877730129683256,0.7570593771122451,11,blocked
11213,13,0,0.13135152948389148,0.5828534513025379,11,blocked
11214,14,0,0.10365700047444912,0.5647655075759902,11,blocked
11215,15,6,0.5009524302567213,0.6967345227210032,11,blocked
11216,16,0,0.901917947046944,0.6464824813965016,11,blocked
11217,17,7,0.4979410998811725,0.9325519220353093,11,blocked
11218,18,8,0.5008842278335129,0.7356579220422075,11,blocked
11219,19,9,0.5063146722540959,1.1059589725513357,11,blocked
11220,20,10,0.01351723314307969,1.272706194138225,11,blocked
11221,21,7,0.5012010285382565,0.6314121484882336,11,blocked
11222,22,11,0.003777465693134782,1.3075589085885433,11,blocked
11223,23,12,0.5040687221473198,0.8674424563406669,11,blocked
11224,24,3,0.5001635295017428,0.6343802706865308,11,blocked
11225,25,13,0.1182752486823251,0.8309135405168113,11,blocked
11226,26,14,0.00806617525132268,0.9543772011972297,11,blocked
11227,27,14,0.49513477175357606,0.7872603311563282,11,blocked
11228,28,15,0.9952509332804624,0.9248387030555912,11,blocked
11229,29,13,0.5119832082524649,0.7158843573536395,11,blocked
11230,30,0,0.0890622506076036,0.7911938754309518,11,blocked
11231,31,16,0.5009757437233958,1.0912928574237297,11,blocked
11232,32,0,0.1707523597557743,0.6526896105094044,11,blocked
11233,33,3,0.499475217238765,0.7104317192813517,11,blocked
11234,34,0,0.004538553599299576,0.8386188216359892,11,blocked
11235,35,0,0.8456439591825216,0.680016483996362,11,blocked
11236,36,0,0.14042820377291146,0.8108443779094945,11,blocked
11237,37,13,0.5279469181392414,0.6486753645429708,11,blocked
11238,38,0,0.7365375748007348,0.5777307748248428,11,blocked
11239,39,3,0.500047153719291,0.5792368278764064,11,blocked
11240,40,13,0.06288220201417243,0.8607795410286634,11,blocked
11241,41,13,0.09016644912497546,0.7264060478343981,11,blocked
11242,42,13,0.9537583008558974,0.6876588792511824,11,blocked
11243,43,13,0.9299029441418951,0.4679482709976398,11,blocked
11244,44,0,0.43569289157663893,0.6814931511123806,11,blocked
11245,45,0,0.6477800780253157,0.6241598657893652,11,blocked
11246,46,0,0.6706793139009637,0.6294979798349041,11,blocked
11247,47,6,0.05094712402949361,0.8444315429538054,11,blocked
11248,48,13,0.17725469493531598,0.7022166243877705,11,blocked
11249,49,0,0.28734558791004444,0.5616085782262371,11,blocked
11250,50,0,0.7554711458553981,0.6722528175228009,11,blocked
11251,51,13,0.8784888154466686,0.48033019992431686,11,blocked
11252,52,13,0.17849387028931266,0.77564047899349,11,blocked
11253,53,13,0.8742075975611356,0.639808626169728,11,blocked
11254,54,13,0.21011850717516056,0.5785931696813478,11,blocked
11255,55,0,0.35028518725110475,0.5782184457105725,11,blocked
11256,56,13,0.8418997416028192,0.45920666170946167,11,blocked
11257,57,0,0.3156315838174928,0.5977934740350006,11,blocked
11258,58,0,0.26274237290316826,0.665263522468541,11,blocked
11259,59,0,0.7649151258766465,0.6085216366030457,11,blocked
11260,60,3,0.9988299946606701,0.37247659694318896,11,blocked
11261,61,0,0.6725635501280702,0.45789997364055457,11,blocked
11262,62,6,0.05077968985685968,0.7681295169527897,11,blocked
11263,63,0,0.7514636071023917,0.3766056278892958,11,blocked
11264,64,0,0.3440417969836794,0.5772735064426792,11,blocked
11265,65,0,0.3542910586578459,0.6383972073045792,11,blocked
11266,66,0,0.8243586889612428,0.5588214325379459,11,blocked
11267,67,6,0.015691547548977988,0.7357259265364225,11,blocked
11268,68,0,0.2090848441194326,0.7971519553775968,11,blocked
11269,69,0,0.24047819894277037,0.5835492240909682,11,blocked
11270,70,0,0.16896394019869115,0.392660476587205,11,blocked
11271,71,0,0.15859406067842344,0.47083632524422325,11,blocked
11272,72,0,0.898016162172838,0.47348867982011,11,blocked
11273,73,0,0.19776360372022264,0.632029458914239,11,blocked
11274,74,0,0.894004704512725,0.48759595417378904,11,blocked
11275,75,0,0.40322615994902034,0.5710028582124869,11,blocked
11276,76,13,0.8326746635334923,0.4409047321285651,11,blocked
11277,77,0,0.38328843555775727,0.6020019788368485,11,blocked
11278,78,0,0.7749052421821918,0.4022805681609649,11,blocked
11279,79,13,0.8338311985072351,0.5163497356800973,11,blocked
11280,80,0,0.6060395229753633,0.6727849716026748,11,blocked
11281,81,0,0.37360604428649685,0.6285216344657163,11,blocked
11282,82,0,0.5033977907262459,0.45359597270849206,11,blocked
11283,83,0,0.06662142192582704,0.6071745081380533,11,blocked
11284,84,0,0.47797290815992,0.4952833776883534,11,blocked
11285,85,0,0.4267822637706861,0.5857747837146602,11,blocked
11286,86,0,0.5001115608536844,0.492271602247756,11,blocked
11287,87,0,0.5972434367106069,0.6747187564773203,11,blocked
11288,88,0,0.5586322132041778,0.4350891228254222,11,blocked
11289,89,0,0.4596876968549308,0.5160467022162664,11,blocked
11290,90,0,0.5359978541144725,0.4545183621447566,11,blocked
11291,91,0,0.4496994355600016,0.36062067879753684,11,blocked
11292,92,0,0.4000130118799335,0.6344149358009468,11,blocked
11293,93,0,0.7635995821017156,0.7361941057416561,11,blocked
11294,94,0,0.4444120826093255,0.6678372999332395,11,blocked
11295,95,0,0.6076417609732323,0.5372158347610101,11,blocked
11296,96,13,0.27941877030678025,0.5072881556232087,11,blocked
11297,97,13,0.3585971398292646,0.5533912027684358,11,blocked
11298,98,0,0.5039123667983205,0.4925824494240423,11,blocked
11299,99,0,0.40467337869957126,0.5012305354053495,11,blocked
11300,100,0,0.3879315495613933,0.6451978500255477,11,blocked
11301,101,0,0.4286682026183771,0.44512082083761706,11,blocked
11302,102,0,0.46387431305018223,0.5013840798811503,11,blocked
11303,103,0,0.3842391639402728,0.5866687961877359,11,blocked
11304,104,0,0.42515144377963077,0.6274708229483827,11,blocked
11305,105,0,0.5912979880118902,0.5495145264570155,11,blocked
11306,106,0,0.5476326500378743,0.35894088897566956,11,blocked
11307,107,0,0.5659207455761425,0.6108943380371368,11,blocked
11308,108,0,0.3781584559192367,0.6740897471906615,11,blocked
11309,109,0,0.44231278576542143,0.5537671098790374,11,blocked
11310,110,0,0.6519280346306856,0.3770250636450951,11,blocked
11311,111,0,0.43513469294972684,0.4458297083264794,11,blocked
11312,112,0,0.6616021063792886,0.5139542923193406,11,blocked
11313,113,0,0.45953078525350916,0.4342348828480538,11,blocked
11314,114,0,0.5975252478038684,0.498996137088052,11,blocked
11315,115,0,0.4125350117652253,0.43374300690653406,11,blocked
11316,116,0,0.4014882382454565,0.42652598996246205,11,blocked
11317,117,0,0.5680870969185261,0.41084766377769644,11,blocked
11318,118,0,0.42225185069270144,0.5320384560710689,11,blocked
11319,119,0,0.444165143070784,0.5375885400385563,11,blocked
11320,120,0,0.9224347990239106,0.4332890170809043,11,blocked
11321,121,0,0.13537973190986594,0.4246355203249423,11,blocked
11322,122,0,0.874914466574104,0.25778525062889207,11,blocked
11323,123,0,0.16046335989309743,0.48423031356722557,11,blocked
11324,124,0,0.8891917545479413,0.4821667700975087,11,blocked
11325,125,13,0.18752113657231864,0.6231189480364581,11,blocked
11326,126,0,0.1852388678018423,0.3823757228299076,11,blocked
11327,127,0,0.12213563474569947,0.4633343806603335,11,blocked
11328,128,0,0.14902016523516415,0.4950725071919856,11,blocked
11329,129,0,0.23172043254180263,0.5712950166324557,11,blocked
11330,130,0,0.17553144380596597,0.42767148990523274,11,blocked
11331,131,0,0.8346004125600612,0.45136469119903555,11,blocked
11332,132,0,0.3333772404578842,0.5098324290558035,11,blocked
11333,133,0,0.35925816104687247,0.5588508110108132,11,blocked
11334,134,0,0.37320779464088794,0.5295173114261167,11,blocked
11335,135,0,0.8223096937132528,0.5058653447709365,11,blocked
11336,136,0,0.3817939016843461,0.39338609101241684,11,blocked
11337,137,0,0.23387961404815832,0.479972584002289,11,blocked
11338,138,0,0.20148654795066362,0.4230040334157029,11,blocked
11339,139,0,0.45986465515643826,0.6198558983658611,11,blocked
11340,140,0,0.47180757081320085,0.5006197216347565,11,blocked
11341,141,0,0.7037641147194975,0.45335680909627846,11,blocked
11342,142,0,0.2611084981713935,0.5212801484504617,11,blocked
11343,143,0,0.7871114067838035,0.2506083342718722,11,blocked
11344,144,4,0.9985059054039576,0.7453112982672734,11,blocked
11345,145,0,0.2336535700229987,0.36140767305101096,11,blocked
11346,146,0,0.8310219820660808,0.3357105853015176,11,blocked
11347,147,0,0.7513356069747879,0.5662910873591385,11,blocked
11348,148,0,0.23710938160093525,0.3835403196046922,11,blocked
11349,149,0,0.24531231388324415,0.4917514856857177,11,blocked
11350,150,0,0.7919013417863793,0.3665783578862275,11,blocked
11351,151,0,0.8140304955591271,0.3770470966539984,11,blocked
11352,152,0,0.827381227337029,0.45637863440037785,11,blocked
11353,153,0,0.46186886561663104,0.39958391684426275,11,blocked
11354,154,0,0.2726789200892378,0.5022636561999846,11,blocked
11355,155,0,0.813330413875277,0.41734716474242767,11,blocked
11356,156,0,0.7363175195799583,0.4073745274199664,11,blocked
11357,157,0,0.48656649068757857,0.44794693137025615,11,blocked
11358,158,0,0.8041345701754354,0.5314053285995952,11,blocked
11359,159,0,0.9091936175384961,0.4177069341994398,11,blocked
11360,160,0,0.7073900606535386,0.5574109144503394,11,blocked
11361,161,0,0.19025112090643637,0.4280713615311853,11,blocked
11362,162,0,0.4702608550044317,0.46418253128677,11,blocked
11363,163,0,0.24301101598931213,0.568833908595983,11,blocked
11364,164,0,0.40645730198689506,0.49342388990213426,11,blocked
11365,165,0,0.5601814557223156,0.47682468022993674,11,blocked
11366,166,0,0.3463368141815275,0.5915127708895929,11,blocked
11367,167,0,0.8702657215927448,0.4532552321379526,11,blocked
11368,168,0,0.24359494839036935,0.47635853908900383,11,blocked
11369,169,0,0.19003700973513532,0.4970104455265997,11,blocked
11370,170,0,0.25332315136642275,0.43759531205766783,11,blocked
11371,171,0,0.30543656321527785,0.5050218927719914,11,blocked
11372,172,0,0.3793618722727647,0.4492342681057779,11,blocked
11373,173,0,0.8422985285195136,0.48526941101666043,11,blocked
11374,174,0,0.5430682715677393,0.40284441175340974,11,blocked
11375,175,0,0.5868133766543084,0.6209836524566663,11,blocked
11376,176,0,0.8563243880344331,0.3805451192451066,11,blocked
11377,177,0,0.15417104626957986,0.5516514424865087,11,blocked
11378,178,0,0.8132067822851858,0.3150104181570287,11,blocked
11379,179,0,0.49735317378205973,0.4272113651279644,11,blocked
11380,180,0,0.5445697292578855,0.27996586208301283,11,blocked
11381,181,0,0.541664578803508,0.519782787228714,11,blocked
11382,182,0,0.27817696730360647,0.5312956178000501,11,blocked
11383,183,0,0.6202259071924625,0.39240477210394237,11,blocked
11384,184,0,0.4093643422742289,0.40712995599351737,11,blocked
11385,185,0,0.23772741127706118,0.577505353920706,11,blocked
11386,186,0,0.672913599509374,0.3455281257098321,11,blocked
11387,187,0,0.7959210451998566,0.27297995876568515,11,blocked
11388,188,0,0.8073310876429108,0.33451065489099685,11,blocked
11389,189,0,0.8158140978170327,0.4138267578940511,11,blocked
11390,190,0,0.6114488839809004,0.3277312427320648,11,blocked
11391,191,0,0.194959869028352,0.43453388690794836,11,blocked
11392,192,0,0.2561682003938094,0.4392066880446665,11,blocked
11393,193,0,0.8525330614762969,0.3660584830814063,11,blocked
11394,194,0,0.653947510403348,0.3982453557915836,11,blocked
11395,195,0,0.29157520510551294,0.4854320485955814,11,blocked
11396,196,0,0.6097001689361637,0.4363366871717633,11,blocked
11397,197,0,0.8239911821584223,0.2806644939287042,11,blocked
11398,198,0,0.6935172876704372,0.403299734881719,11,blocked
11399,199,0,0.31381815656438733,0.5553095252639815,11,blocked
11400,0,0,0.5088696116491747,0.8574783354897035,11,early
11401,1,0,0.5181131069932997,0.6441993934684249,11,early
11402,2,0,0.5410095161049882,0.578212445203184,11,early
11403,3,0,0.47086828036872047,0.6218104644463727,11,early
11404,4,0,0.5094742410892642,0.7513362754726292,11,early
11405,5,0,0.4807385217677538,0.5393669819096867,11,early
11406,6,0,0.5543614423274551,0.5759927230768258,11,early
11407,7,0,0.4679156360376327,0.5805016422998132,11,early
11408,8,0,0.45088933757535454,0.749164690330934,11,early
11409,9,0,0.48188688835824783,0.50646659185359,11,early
11410,10,0,0.46336185054036366,0.6055214172349738,11,early
11411,11,0,0.4731559351587068,0.5961948746915964,11,early
11412,12,0,0.5936521162187859,0.6421491796476955,11,early
11413,13,0,0.7074081205857351,0.389623270594792,11,early
11414,14,0,0.6553516457343203,0.40374416105291666,11,early
11415,15,0,0.6495229548584509,0.5648222169417992,11,early
11416,16,0,0.21274073468989405,0.5097588543037812,11,early
11417,17,0,0.5995177571627239,0.4727139533330349,11,early
11418,18,0,0.7654446072436695,0.5072308636861779,11,early
11419,19,0,0.762620189061832,0.605704797886214,11,early
11420,20,0,0.33950204863615285,0.7033819250661446,11,early
11421,21,0,0.59533357983985,0.4121668151621508,11,early
11422,22,0,0.11396180524280632,0.4914361798268139,11,early
11423,23,0,0.4194300019562296,0.5574989924311502,11,early
11424,24,0,0.5520486380741162,0.41191224464970094,11,early
11425,25,0,0.14044907752624097,0.34523200323068726,11,early
11426,26,0,0.7498054426101062,0.28315493263967406,11,early
11427,27,0,0.7380909394870716,0.34974075557920203,11,early
11428,28,0,0.6562186888233942,0.4493724498011092,11,early
11429,29,0,0.24076780766733838,0.4341597672070422,11,early
11430,30,0,0.38008154485667345,0.41315688615241875,11,early
11431,31,0,0.345869379881686,0.46787129009238726,11,early
11432,32,0,0.7846574010786205,0.45443269970226907,11,early
11433,33,0,0.33845212606363423,0.4714345574841038,11,early
11434,34,0,0.7093274596898236,0.4243608481692113,11,early
11435,35,0,0.7581460264316401,0.4041328215600488,11,early
11436,36,0,0.6587999000408227,0.55024483260606,11,early
11437,37,0,0.600915441314162,0.37709074418126165,11,early
11438,38,0,0.2228040011606098,0.5142436743058945,11,early
11439,39,0,0.19764844947730317,0.42971401983282076,11,early
11440,40,0,0.14463516593394857,0.44807327937495434,11,early
11441,41,0,0.7845114864809386,0.32632305004332185,11,early
11442,42,0,0.23612358713703507,0.47434173326569756,11,early
11443,43,0,0.29968662436883114,0.5174774176442491,11,early
11444,44,0,0.5697639039056493,0.6200951577176075,11,early
11445,45,0,0.17944027836265655,0.5998617563489234,11,early
11446,46,0,0.5711318796848509,0.46602034072220366,11,early
11447,47,0,0.6644733090704353,0.3350100316459975,11,early
11448,48,0,0.16855378630146856,0.5374725323606399,11,early
11449,49,0,0.5788156109003993,0.5359002486216085,11,early
11450,50,0,0.5485665656052913,0.5559958013708421,11,early
11451,51,0,0.5144489417919205,0.45888359749143526,11,early
11452,52,0,0.606456590895355,0.42393544410495565,11,early
11453,53,0,0.6974198997231595,0.3617241561955713,11,early
11454,54,0,0.5828644712659714,0.5163632792162408,11,early
11455,55,0,0.4836347596150143,0.49196975384414066,11,early
11456,56,0,0.5836793661396743,0.31704216596304813,11,early
11457,57,0,0.2710229090201402,0.41440823629452,11,early
11458,58,0,0.6597965750262953,0.3253682034873507,11,early
11459,59,0,0.12490595580962902,0.4811202555948604,11,early
11460,60,0,0.5598210514729458,0.5667474037322249,11,early
11461,61,0,0.1057161153752264,0.5503716839739683,11,early
11462,62,0,0.4992262747223283,0.5229389927323548,11,early
11463,63,0,0.2830626973198238,0.5357447425985189,11,early
11464,64,0,0.3975707733868881,0.47519305066332906,11,early
11465,65,0,0.5393107505776357,0.44168981185589484,11,early
11466,66,0,0.2522762534222365,0.43759103930675686,11,early
11467,67,0,0.3332432702621185,0.47760613275057995,11,early
11468,68,0,0.8000400240162855,0.4457485015625768,11,early
11469,69,0,0.16596257586344348,0.39295321384555604,11,early
11470,70,0,0.16234638030036927,0.5261140207825529,11,early
11471,71,0,0.7698953325788815,0.40140489896870024,11,early
11472,72,0,0.5482681382417152,0.42060508515572526,11,early
11473,73,0,0.48628869896786664,0.3870275006012703,11,early
11474,74,0,0.14516419645174217,0.49697332710415953,11,early
11475,75,0,0.3151358227144541,0.4961367223330995,11,early
11476,76,0,0.49096429093123867,0.6752315390299726,11,early
11477,77,0,0.6150199643146859,0.5114786681218872,11,early
11478,78,0,0.2639859556097618,0.46154753831169726,11,early
11479,79,0,0.12480547695483729,0.4832306958832306,11,early
11480,80,0,0.8613560529643725,0.43412632726594413,11,early
11481,81,0,0.5895786700198835,0.43643548153017653,11,early
11482,82,0,0.4466842685149307,0.5217127038566522,11,early
11483,83,0,0.2735401513944574,0.3771109895972734,11,early
11484,84,0,0.8365652592281847,0.4848517931824977,11,early
11485,85,0,0.6988151499186355,0.3798987025364745,11,early
11486,86,0,0.5616807097738087,0.41029940999109493,11,early
11487,87,0,0.5372575104139529,0.4813823712570744,11,early
11488,88,0,0.3510488697503912,0.5219868173569226,11,early
11489,89,0,0.19350668229634463,0.42738051566440927,11,early
11490,90,0,0.529995082263433,0.3496475684656809,11,early
11491,91,0,0.582110124713068,0.384388524171433,11,early
11492,92,0,0.7902094365239596,0.40262520692849557,11,early
11493,93,0,0.6551353211295092,0.4708498459816572,11,early
11494,94,0,0.19162320098987265,0.4055431383528135,11,early
11495,95,0,0.25105211768557534,0.47642052266120094,11,early
11496,96,0,0.6211563586532152,0.37662716299172583,11,early
11497,97,0,0.6585886603555818,0.3757522866845653,11,early
11498,98,0,0.5883453441814587,0.5234411298814843,11,early
11499,99,0,0.7791444180607611,0.38076258054701206,11,early
11500,100,0,0.6256276323647589,0.39600810854866636,11,early
11501,101,0,0.47415864270515007,0.5305695746782313,11,early
11502,102,0,0.39294795015656353,0.4024521480401028,11,early
11503,103,0,0.5786663900208315,0.4914845689247383,11,early
11504,104,0,0.8388974270852607,0.40533661829363266,11,early
11505,105,0,0.5062308466867211,0.46394592235672694,11,early
11506,106,0,0.693146884026208,0.4100077487299168,11,early
11507,107,0,0.36665321017124514,0.3885813668095276,11,early
11508,108,0,0.904530622508956,0.45364257564263166,11,early
11509,109,0,0.5744049662482897,0.3677384278756202,11,early
11510,110,0,0.27710451069263375,0.5394511597783406,11,early
11511,111,0,0.1865721469011134,0.5959112975590628,11,early
11512,112,0,0.8306156326971949,0.2830675331183436,11,early
11513,113,0,0.6986731188632823,0.43984195294174677,11,early
11514,114,0,0.699096734980367,0.3269041806286116,11,early
11515,115,0,0.4897060271161192,0.4107452949809086,11,early
11516,116,0,0.2864095678406793,0.4214450523267118,11,early
11517,117,0,0.5613105207764716,0.4127638109519127,11,early
11518,118,0,0.8116350975920464,0.3408980040173297,11,early
11519,119,0,0.3379185545470388,0.581853300906584,11,early
11520,120,0,0.5507542242759333,0.5404106768000072,11,early
11521,121,0,0.22272598800852073,0.6873154162893363,11,early
11522,122,0,0.5286757442763907,0.45691228415514473,11,early
11523,123,0,0.5718880868690873,0.4097888894353217,11,early
11524,124,0,0.7303227643483097,0.32814355852948,11,early
11525,125,0,0.6879366721227578,0.4530004626363465,11,early
11526,126,0,0.468551765968431,0.42516168715519953,11,early
11527,127,0,0.5833190115198277,0.44202927763387967,11,early
11528,128,0,0.503838280807807,0.524799696385116,11,early
11529,129,0,0.18119913660399428,0.607229942056908,11,early
11530,130,0,0.485870170379081,0.4692510603282527,11,early
11531,131,0,0.16405381992492418,0.48973455710265035,11,early
11532,132,0,0.6434431981216078,0.38421736579382737,11,early
11533,133,0,0.30578216258410107,0.4974502008020624,11,early
11534,134,0,0.4224361013994771,0.31486150068976904,11,early
11535,135,0,0.5443473153991161,0.38281055311153694,11,early
11536,136,0,0.7615411679835381,0.4216427537633577,11,early
11537,137,0,0.21678821032543355,0.5643711485782337,11,early
11538,138,0,0.5271417403992662,0.47723485809800414,11,early
11539,139,0,0.34180575652803136,0.4400401897061509,11,early
11540,140,0,0.6802253841985983,0.4662342771252068,11,early
11541,141,0,0.25904207119745826,0.501264043760627,11,early
11542,142,0,0.7388491445954365,0.3371272643851191,11,early
11543,143,0,0.27858715921947175,0.6280005673015946,11,early
11544,144,0,0.546861534217334,0.4610104824081937,11,early
11545,145,0,0.6319847801738894,0.3622865316766593,11,early
11546,146,0,0.3404731538054976,0.3840587401031633,11,early
11547,147,0,0.39657725212887035,0.5153995061702591,11,early
11548,148,0,0.33996654125269826,0.5036577554514832,11,early
11549,149,0,0.19434768507121164,0.4123181892622375,11,early
11550,150,0,0.7081177752368905,0.42924790092689397,11,early
11551,151,0,0.5712096581613134,0.34076516554982084,11,early
11552,152,0,0.5951884018209324,0.35464937459333584,11,early
11553,153,0,0.5473582156145511,0.43042092758074624,11,early
11554,154,0,0.6060281116897915,0.35466193499462695,11,early
11555,155,0,0.5118021811764549,0.44653769112183916,11,early
11556,156,0,0.5249219943823387,0.5063998501036012,11,early
11557,157,0,0.6786633410588778,0.39927072010125986,11,early
11558,158,0,0.373826295617414,0.41035513619228586,11,early
11559,159,0,0.2637891012304684,0.48093065564715703,11,early
11560,160,0,0.14762756643706607,0.4549280175254409,11,early
11561,161,0,0.0767994469497319,0.5958120757251654,11,early
11562,162,0,0.38692130614094766,0.446350178140986,11,early
11563,163,0,0.17645469395545932,0.4507049104944759,11,early
11564,164,0,0.5130699460463279,0.4439669929414307,11,early
11565,165,0,0.5867758419151097,0.4061425647559729,11,early
11566,166,0,0.45506870236210334,0.4353707923047049,11,early
11567,167,0,0.20216350989840182,0.46735055632187583,11,early
11568,168,0,0.18497912188423649,0.4704257216773325,11,early
11569,169,0,0.45985508494795313,0.4244208282135067,11,early
11570,170,0,0.565533899265971,0.5109583922069688,11,early
11571,171,0,0.7622663759596366,0.4930735360631233,11,early
11572,172,0,0.8435561807160583,0.5326964609046071,11,early
11573,173,0,0.6140890248213774,0.42255847128381224,11,early
11574,174,0,0.6473467925473304,0.47858411569658565,11,early
11575,175,0,0.5401487553477387,0.4620013626093663,11,early
11576,176,0,0.6998965683792818,0.25092847068349583,11,early
11577,177,0,0.14566673471335184,0.43639658748322213,11,early
11578,178,0,0.6640405344467346,0.3773404439882059,11,early
11579,179,0,0.5156549868281897,0.4857041678746794,11,early
11580,180,0,0.23894577210486262,0.3891599471704437,11,early
11581,181,0,0.6469511552818956,0.3961455735181314,11,early
11582,182,0,0.5633335707533278,0.292751809124551,11,early
11583,183,0,0.603536471382162,0.3434090313071263,11,early
11584,184,0,0.6472465037955045,0.49666679680817283,11,early
11585,185,0,0.1524239865140566,0.39833789236461326,11,early
11586,186,0,0.46001232374707646,0.3980008936630527,11,early
11587,187,0,0.6652179659963384,0.350378747717114,11,early
11588,188,0,0.746335850859335,0.6290995023338981,11,early
11589,189,0,0.47172639518210585,0.3839059002730822,11,early
11590,190,0,0.6808670460374695,0.46128928587403617,11,early
11591,191,0,0.7064730476262708,0.49757008803181996,11,early
11592,192,0,0.838399411858042,0.4573845236976206,11,early
11593,193,0,0.3581953444673266,0.4411760978071225,11,early
11594,194,0,0.39654215742700333,0.5247053588346113,11,early
11595,195,0,0.6397840896969647,0.4227295142168373,11,early
11596,196,0,0.524571783568861,0.3324558400979357,11,early
11597,197,0,0.5756396102462114,0.4569239249227778,11,early
11598,198,0,0.2799871284396775,0.5065292675632038,11,early
11599,199,0,0.22271582207097326,0.40309372874511623,11,early
11600,0,0,0.023822072795337743,0.9119153824667325,11,middle
11601,1,0,0.5289249287495379,0.6020535422518011,11,middle
11602,2,0,0.9629106420567464,0.6115765892860072,11,middle
11603,3,0,0.46031802458385696,0.6734909094278917,11,middle
11604,4,0,0.9689680243730433,0.6515922149970723,11,middle
11605,5,0,0.46681935351188325,0.66898874983924,11,middle
11606,6,0,0.9101275558152309,0.639332873878448,11,middle
11607,7,1,0.43317624306934027,1.1751636110354948,11,middle
11608,8,0,0.9401640781572179,0.6588425132685904,11,middle
11609,9,0,0.5089076075017294,0.729457731093341,11,middle
11610,10,0,0.06920589280427354,0.6328571454162821,11,middle
11611,11,0,0.3909051920873728,0.7549720244381404,11,middle
11612,12,0,0.9176233130641362,0.5817080283360445,11,middle
11613,13,0,0.4353955788921619,0.6104534639295567,11,middle
11614,14,0,0.06842442781521424,0.7002679490002157,11,middle
11615,15,0,0.46489998340834365,0.5837385690597626,11,middle
11616,16,0,0.898284541019949,0.6546793040029817,11,middle
11617,17,0,0.5814786244631666,0.5853248308506858,11,middle
11618,18,0,0.08228843149242998,0.636515567918304,11,middle
11619,19,0,0.4700331552466791,0.6303028321034319,11,middle
11620,20,0,0.8872073121291095,0.5118162799214135,11,middle
11621,21,0,0.41942069060339093,0.5817141898783014,11,middle
11622,22,0,0.8809801229234646,0.5450445297732072,11,middle
11623,23,0,0.5419856060827163,0.7289298988366593,11,middle
11624,24,0,0.8728457619858427,0.36700116077898126,11,middle
11625,25,0,0.47469947140148777,0.49330227350676453,11,middle
11626,26,0,0.08299569440187182,0.6674954631168439,11,middle
11627,27,0,0.4902598269933152,0.5343897950901033,11,middle
11628,28,0,0.11106826535735646,0.5311751608015304,11,middle
11629,29,0,0.4842970454445705,0.5287244426012467,11,middle
11630,30,0,0.8284414636807018,0.5841052260753277,11,middle
11631,31,0,0.5032735298542165,0.5534612454590282,11,middle
11632,32,0,0.12830138237191258,0.6114144547555989,11,middle
11633,33,0,0.4453454143071616,0.5606246256232947,11,middle
11634,34,0,0.5607251268246636,0.41829981471810185,11,middle
11635,35,0,0.41898795484427004,0.5193823115607894,11,middle
11636,36,0,0.1553906344126679,0.6780715840040681,11,middle
11637,37,0,0.6051918930845556,0.45072250125745583,11,middle
11638,38,0,0.2486857881480794,0.5142958225215069,11,middle
11639,39,0,0.5067409017093796,0.4781575840247192,11,middle
11640,40,0,0.3054607487548427,0.5000798369743751,11,middle
11641,41,0,0.4312567995990152,0.4282203285832945,11,middle
11642,42,0,0.3587813600716236,0.4500883679434644,11,middle
11643,43,0,0.4580608536734713,0.41128888392167706,11,middle
11644,44,0,0.31939470529217806,0.51882637601981,11,middle
11645,45,0,0.3945066366025948,0.4333036518177088,11,middle
11646,46,0,0.5571494318370329,0.49551740391874555,11,middle
11647,47,0,0.3246922244030038,0.5064464209536095,11,middle
11648,48,0,0.5479311631105275,0.4897604955186958,11,middle
11649,49,0,0.743256952082879,0.4501280277357156,11,middle
11650,50,0,0.605885820525985,0.4329485458540973,11,middle
11651,51,0,0.2756064063637238,0.5193039585351137,11,middle
11652,52,0,0.5918191874215024,0.5497912896255396,11,middle
11653,53,0,0.2820579051114249,0.4532765515425826,11,middle
11654,54,0,0.30748894717199904,0.3603265889796049,11,middle
11655,55,0,0.33769578634865066,0.42081457074818207,11,middle
11656,56,0,0.38090363444447256,0.5064592123236592,11,middle
11657,57,0,0.4802861117455326,0.504208611285858,11,middle
11658,58,0,0.3635004637869387,0.455116967530371,11,middle
11659,59,0,0.4395999473238062,0.5649797050009766,11,middle
11660,60,0,0.5224873410264983,0.43680604102853443,11,middle
11661,61,0,0.43121833776600915,0.6168541045386083,11,middle
11662,62,0,0.3646353097596247,0.703546391696771,11,middle
11663,63,0,0.524287888142036,0.30928306719439574,11,middle
11664,64,0,0.4338024991507344,0.5203683876957081,11,middle
11665,65,0,0.4714619951046403,0.329197334503065,11,middle
11666,66,0,0.4739636387486357,0.3811424687352708,11,middle
11667,67,0,0.6435181173816815,0.3927929988427966,11,middle
11668,68,0,0.46551091910188,0.36399324510759384,11,middle
11669,69,0,0.6158183086093745,0.44557027642096225,11,middle
11670,70,0,0.5628805275055445,0.48455172801865654,11,middle
11671,71,0,0.4122921256428622,0.5088484222245142,11,middle
11672,72,0,0.48084838748090264,0.49805398904099984,11,middle
11673,73,0,0.42867383779563584,0.25440060770436124,11,middle
11674,74,0,0.5976168077934537,0.45944577143933574,11,middle
11675,75,0,0.6071850790244269,0.49277825658305696,11,middle
11676,76,0,0.45618328213916737,0.3334969585317198,11,middle
11677,77,0,0.47679843408205047,0.3779347024460661,11,middle
11678,78,0,0.548581221265179,0.2983679640999376,11,middle
11679,79,0,0.5326317291833091,0.5078923418489113,11,middle
11680,80,0,0.5728804982624778,0.34530999276273167,11,middle
11681,81,0,0.5017109617187033,0.4142347090862146,11,middle
11682,82,0,0.4780122106375337,0.3227210208677507,11,middle
11683,83,0,0.3611186318883059,0.4983766974997791,11,middle
11684,84,0,0.33360920558225204,0.3537012349150055,11,middle
11685,85,0,0.5240160387421238,0.41430674993898486,11,middle
11686,86,0,0.4061978964615072,0.3726420189798494,11,middle
11687,87,0,0.423888452006591,0.30422125953362655,11,middle
11688,88,0,0.4618781403487114,0.3165361872520673,11,middle
11689,89,0,0.36793249777939985,0.4222078038845486,11,middle
11690,90,0,0.3301256284357441,0.32472250647875683,11,middle
11691,91,0,0.41201238979969546,0.4346614081143191,11,middle
11692,92,0,0.4714083183970096,0.5168502267547359,11,middle
11693,93,0,0.584482712755078,0.4464494225611024,11,middle
11694,94,0,0.4752122794267737,0.5149567306091811,11,middle
11695,95,0,0.4164416795646382,0.3330262891806234,11,middle
11696,96,0,0.4594201160578113,0.45570561634564183,11,middle
11697,97,0,0.40486868012409394,0.4387032602472992,11,middle
11698,98,0,0.5897272887747678,0.3670427174444054,11,middle
11699,99,0,0.3243448026971031,0.5182688159462523,11,middle
11700,100,0,0.3727147947523618,0.42880252389039286,11,middle
11701,101,0,0.34920779044434613,0.45741188285406403,11,middle
11702,102,0,0.5085188220904262,0.3990545906125319,11,middle
11703,103,0,0.5509464726098207,0.3669841977170616,11,middle
11704,104,0,0.49660809458838884,0.37551984943102734,11,middle
11705,105,0,0.6466211675292882,0.37776196684964114,11,middle
11706,106,0,0.7183683173610542,0.5701318031470286,11,middle
11707,107,0,0.491788470952361,0.45867110078920514,11,middle
11708,108,0,0.6137585316408243,0.39622290872602345,11,middle
11709,109,0,0.41725130894211376,0.47791328003411815,11,middle
11710,110,0,0.5542890955670141,0.3910071176057661,11,middle
11711,111,0,0.6121732277945279,0.3457951489543525,11,middle
11712,112,0,0.5149985202893953,0.32782866409874956,11,middle
11713,113,0,0.5515169625065377,0.423206388601658,11,middle
11714,114,0,0.29085997540271913,0.46627402574113136,11,middle
11715,115,0,0.5723615662589211,0.3151464005856811,11,middle
11716,116,0,0.3842408125722972,0.3578814562233987,11,middle
11717,117,0,0.4586235660540936,0.4583502950190712,11,middle
11718,118,0,0.5082701243593374,0.37287582868105185,11,middle
11719,119,0,0.6935011278925065,0.46439006680704487,11,middle
11720,120,0,0.2826581898724265,0.3908562760583604,11,middle
11721,121,0,0.27414215796668323,0.4666243101848544,11,middle
11722,122,0,0.46058495534154464,0.44152716752977855,11,middle
11723,123,0,0.30099569291053496,0.5957700871598259,11,middle
11724,124,0,0.6440859526060274,0.307774540148829,11,middle
11725,125,0,0.5677851977643507,0.534071047801044,11,middle
11726,126,0,0.2969859797756792,0.30330334659858443,11,middle
11727,127,0,0.4726764455223733,0.5113249916795941,11,middle
11728,128,0,0.5551699372585313,0.3485261154129954,11,middle
11729,129,0,0.6845978773274481,0.3731306705480258,11,middle
11730,130,0,0.7068769882526111,0.3881145824211495,11,middle
11731,131,0,0.5188178398233525,0.2488634195453226,11,middle
11732,132,0,0.43845110896601913,0.3933093491238304,11,middle
11733,133,0,0.3690669052683171,0.3119861285414824,11,middle
11734,134,0,0.5633281841600776,0.4778784850510608,11,middle
11735,135,0,0.43729441041445344,0.38561583336045674,11,middle
11736,136,0,0.44779347810004777,0.42282714996677084,11,middle
11737,137,0,0.5687545489867043,0.39985490829733394,11,middle
11738,138,0,0.30923390625171804,0.4018641093219782,11,middle
11739,139,0,0.25021656666949127,0.426701710489821,11,middle
11740,140,0,0.4751070284128299,0.3469962165644609,11,middle
11741,141,0,0.3816814045353386,0.3990201224453763,11,middle
11742,142,0,0.6858052066284958,0.3468275575416191,11,middle
11743,143,0,0.3892547345283746,0.3251749414674019,11,middle
11744,144,0,0.3893732846447808,0.39761249059212656,11,middle
11745,145,0,0.5956192517875443,0.40706223449712203,11,middle
11746,146,0,0.49834690396342307,0.44921810712929144,11,middle
11747,147,0,0.580350839121852,0.41364680945016485,11,middle
11748,148,0,0.5296759092878425,0.39236421181155856,11,middle
11749,149,0,0.7063804003536996,0.3925701056266918,11,middle
11750,150,0,0.4587626723831507,0.394211857827638,11,middle
11751,151,0,0.22384202648248896,0.35967008752892315,11,middle
11752,152,0,0.4456922992615468,0.33037781704019975,11,middle
11753,153,0,0.5583168398615275,0.36157325050882083,11,middle
11754,154,0,0.567756343429489,0.4274785112714079,11,middle
11755,155,0,0.44576525874591466,0.3707651012811981,11,middle
11756,156,0,0.4786739472972005,0.4533695008191569,11,middle
11757,157,0,0.3470857227703218,0.2938345821574202,11,middle
11758,158,0,0.5887321244148896,0.40567481629336055,11,middle
11759,159,0,0.4062242667666188,0.47861009991843434,11,middle
11760,160,0,0.517159354106606,0.2709162988066653,11,middle
11761,161,0,0.49374055262848404,0.44018453343272035,11,middle
11762,162,0,0.5170822538393177,0.44710492977349947,11,middle
11763,163,0,0.47527917616674753,0.4517087975282382,11,middle
11764,164,0,0.37286547897724953,0.38417859911893215,11,middle
11765,165,0,0.5223312320358471,0.4162979348125383,11,middle
11766,166,0,0.6593511088335149,0.5483024980549278,11,middle
11767,167,0,0.46844687020501685,0.41548953936037236,11,middle
11768,168,0,0.45109587886776253,0.5829075204782246,11,middle
11769,169,0,0.3800933528000383,0.31342674534435,11,middle
11770,170,0,0.4683478697815401,0.30910620543896117,11,middle
11771,171,0,0.5195113159689035,0.3023672240584715,11,middle
11772,172,0,0.5033289544075495,0.43816453260239197,11,middle
11773,173,0,0.5428541289565367,0.5374765720851924,11,middle
11774,174,0,0.44708600303183277,0.3421773276581245,11,middle
11775,175,0,0.29405045045246525,0.3208492418460026,11,middle
11776,176,0,0.6151887866879281,0.43086139556349257,11,middle
11777,177,0,0.431184955121328,0.4254350163675584,11,middle
11778,178,0,0.6040410012236374,0.38806953203363975,11,middle
11779,179,0,0.5456530734431826,0.38177858145918897,11,middle
11780,180,0,0.374823793701661,0.3458791157540181,11,middle
11781,181,0,0.33490955276224116,0.4666829833190081,11,middle
11782,182,0,0.38837448904959887,0.3691904847537769,11,middle
11783,183,0,0.6994059795293199,0.3010768941116068,11,middle
11784,184,0,0.4585318666470374,0.4976495576828813,11,middle
11785,185,0,0.6132372342993893,0.33945308061684565,11,middle
11786,186,0,0.5925968728355852,0.44221493810451573,11,middle
11787,187,0,0.7036308049156714,0.41650073248256425,11,middle
11788,188,0,0.47405064515193995,0.44953466272966625,11,middle
11789,189,0,0.46759865781674703,0.4045603727146391,11,middle
11790,190,0,0.7100069224650783,0.4459187057910985,11,middle
11791,191,0,0.36127877777826256,0.40916013520020744,11,middle
11792,192,0,0.6128297626303876,0.40006054221769316,11,middle
11793,193,0,0.38048603394690017,0.44392448666831186,11,middle
11794,194,0,0.616662456911918,0.34570394864279896,11,middle
11795,195,0,0.5912828243978281,0.42515892442320835,11,middle
11796,196,0,0.46668888187347146,0.4780620764211152,11,middle
11797,197,0,0.6436527706166544,0.3376255025734576,11,middle
11798,198,0,0.31520683185614723,0.2974246471059218,11,middle
11799,199,0,0.42204386986402176,0.5471035943520214,11,middle
11800,0,0,0.9613919040717138,0.34357882522121874,11,late
11801,1,0,0.48139241027119356,0.6395236010482495,11,late
11802,2,0,0.17111002884629228,0.7493216853357068,11,late
11803,3,0,0.7688956704529104,0.5374161755184185,11,late
11804,4,0,0.06749510448348953,0.6458284393958655,11,late
11805,5,0,0.7160548096254731,0.6425464728224242,11,late
11806,6,0,0.10920613510574717,0.6139845402872224,11,late
11807,7,0,0.39784134040708374,0.643553567052584,11,late
11808,8,0,0.3310038492763668,0.6843369746877032,11,late
11809,9,0,0.6050153827192559,0.476523948069111,11,late
11810,10,0,0.06252122754623987,0.5576594548853977,11,late
11811,11,0,0.6231348050327353,0.5334854781905798,11,late
11812,12,0,0.8899726867250966,0.5435127869115345,11,late
11813,13,0,0.6475163762715366,0.49080271364154304,11,late
11814,14,0,0.7238985084312075,0.484809935914821,11,late
11815,15,0,0.3293129403139937,0.47001135174452124,11,late
11816,16,0,0.9175454665170206,0.3973029236437272,11,late
11817,17,0,0.3949384387043702,0.6172465065813134,11,late
11818,18,0,0.2211234794412003,0.5409116257592921,11,late
11819,19,0,0.683373928489018,0.47375013754726225,11,late
11820,20,0,0.07746897848596754,0.4691714857871304,11,late
11821,21,0,0.6061202932123175,0.47597093118471956,11,late
11822,22,0,0.7462110927349948,0.6128289646871232,11,late
11823,23,0,0.5126213938985814,0.5054636732518571,11,late
11824,24,0,0.0573425660974664,0.5230911250524811,11,late
11825,25,0,0.5104667014905205,0.4501647415157336,11,late
11826,26,0,0.10827174720799827,0.5282812648664601,11,late
11827,27,0,0.5577406703055819,0.48557165407408986,11,late
11828,28,0,0.13222331031608453,0.5674587287511724,11,late
11829,29,0,0.3515661745188884,0.5699575273918929,11,late
11830,30,0,0.6290609986723371,0.45478415671028194,11,late
11831,31,0,0.5244910312851103,0.5250103841146782,11,late
11832,32,0,0.8439851367093703,0.4050547763754797,11,late
11833,33,0,0.7089495513471649,0.4792974985123976,11,late
11834,34,0,0.7879922030514686,0.4954256338880302,11,late
11835,35,0,0.5151252935320593,0.45060509387759085,11,late
11836,36,0,0.8958953764552369,0.43711612728702953,11,late
11837,37,0,0.36474342995396597,0.604655214349112,11,late
11838,38,0,0.8900237243880467,0.4475780193197945,11,late
11839,39,0,0.8644770310554633,0.5057925590549219,11,late
11840,40,0,0.6758693431461473,0.3942721623203864,11,late
11841,41,0,0.4131516664089791,0.47694533227758434,11,late
11842,42,0,0.18131543149950305,0.5644048750995043,11,late
11843,43,0,0.6600962330653761,0.4544292554494055,11,late
11844,44,0,0.15118075712185047,0.57536653155817,11,late
11845,45,0,0.2141075814816921,0.47575608042663176,11,late
11846,46,0,0.154695246911105,0.5374263095481169,11,late
11847,47,0,0.4039038745486399,0.686461007682876,11,late
11848,48,0,0.15186175449082062,0.4330014932655482,11,late
11849,49,0,0.7604765615318981,0.6046122631059374,11,late
11850,50,0,0.5973430272473901,0.3288469919073194,11,late
11851,51,0,0.8592793854860317,0.588091039125654,11,late
11852,52,0,0.6356212182487242,0.5031852855813883,11,late
11853,53,0,0.39871017608879983,0.4202233027378461,11,late
11854,54,0,0.1488305991321608,0.5412310232941302,11,late
11855,55,0,0.7050115852995151,0.529303874373938,11,late
11856,56,0,0.27809976253902696,0.5730416521240778,11,late
11857,57,0,0.31381216308628784,0.5496079084772774,11,late
11858,58,0,0.18921091064786338,0.4227880295220332,11,late
11859,59,0,0.4906862806767217,0.3997661405561068,11,late
11860,60,0,0.6600012136979195,0.5399678380721319,11,late
11861,61,0,0.6997253391046399,0.46759380106375215,11,late
11862,62,0,0.2108088243168349,0.4910132575851618,11,late
11863,63,0,0.9055400629361221,0.4149988677774591,11,late
11864,64,0,0.11727345376841386,0.4981055645359195,11,late
11865,65,0,0.658997398889129,0.43120887728920054,11,late
11866,66,0,0.6483092744765521,0.5124464419577757,11,late
11867,67,0,0.47994694768706986,0.6428037426782514,11,late
11868,68,0,0.28612114281201906,0.5490120082693213,11,late
11869,69,0,0.33307711258961514,0.35305462977588653,11,late
11870,70,0,0.6679322831797334,0.41234035268264263,11,late
11871,71,0,0.7425504768872265,0.5188668094646373,11,late
11872,72,0,0.2883666400251885,0.47142532240902923,11,late
11873,73,0,0.640720705310899,0.5444701665604366,11,late
11874,74,0,0.6144667610141917,0.3801829694214476,11,late
11875,75,0,0.4733613790855962,0.42196362969434964,11,late
11876,76,0,0.5838603498687798,0.43999090190077095,11,late
11877,77,0,0.8548521331030079,0.5138990044511905,11,late
11878,78,0,0.5573910657135659,0.4427120541871706,11,late
11879,79,0,0.14649602916021998,0.45565689214326976,11,late
11880,80,0,0.13293035101992864,0.46678796898582464,11,late
11881,81,0,0.4349245164508382,0.5761421584497582,11,late
11882,82,0,0.5237193194159854,0.367406635446926,11,late
11883,83,0,0.3699788044616931,0.4281616088168463,11,late
11884,84,0,0.5953662980776807,0.5004255194289299,11,late
11885,85,0,0.7034139750292379,0.454735575331096,11,late
11886,86,0,0.5620736662916693,0.3367427255108023,11,late
11887,87,0,0.5525918339604567,0.49638106107956714,11,late
11888,88,0,0.5278369360855112,0.3825519186907864,11,late
11889,89,0,0.8531231630994178,0.462135891164649,11,late
11890,90,0,0.3268101541206896,0.5972129236012307,11,late
11891,91,0,0.5671029588797317,0.4202593833494017,11,late
11892,92,0,0.7126658688520091,0.4466469022512667,11,late
11893,93,0,0.3928015051609393,0.48773502918343303,11,late
11894,94,0,0.5604386148729,0.37901451088464677,11,late
11895,95,0,0.6131600060293949,0.4441096519011799,11,late
11896,96,0,0.522484362119529,0.3026844557772351,11,late
11897,97,0,0.754162530822176,0.46140714214401357,11,late
11898,98,0,0.5515135250284354,0.4811096354992208,11,late
11899,99,0,0.5729034462436337,0.4632789382523991,11,late
11900,100,0,0.6484326937115248,0.4281175900526819,11,late
11901,101,0,0.36437292654634124,0.4711271591700509,11,late
11902,102,0,0.37434233302568365,0.4700267625618826,11,late
11903,103,0,0.5367903864207094,0.3996914590010473,11,late
11904,104,0,0.5384730066194068,0.5129624964133963,11,late
11905,105,0,0.3952205079809519,0.4359475895126059,11,late
11906,106,0,0.4293619024804521,0.4397476186103859,11,late
11907,107,0,0.5137994106022572,0.4341619633693544,11,late
11908,108,0,0.22725023678255538,0.4838607778755468,11,late
11909,109,0,0.5298583998691483,0.3591533769859569,11,late
11910,110,0,0.5585920483551214,0.4475210862708644,11,late
11911,111,0,0.5260379963995346,0.406606059559277,11,late
11912,112,0,0.26202673921704234,0.4497401329072537,11,late
11913,113,0,0.22520793376180992,0.6985283205008858,11,late
11914,114,0,0.39815851391581797,0.5524383351578254,11,late
11915,115,0,0.2821992432086353,0.5936414384786489,11,late
11916,116,0,0.21742209787956587,0.5529300300385025,11,late
11917,117,0,0.7626589729490754,0.4450551864390222,11,late
11918,118,0,0.7975966255146056,0.4378229785068045,11,late
11919,119,0,0.5463019578714142,0.43542840453112447,11,late
11920,120,0,0.4450117838194341,0.5609130683225629,11,late
11921,121,0,0.7310462255400606,0.39551578197650344,11,late
11922,122,0,0.8263660471732268,0.3505169159452096,11,late
11923,123,0,0.2536245893792872,0.4633825673177052,11,late
11924,124,0,0.1360956128977778,0.5416801534433608,11,late
11925,125,0,0.4816291655154212,0.4479155710446877,11,late
11926,126,0,0.8481584900646104,0.3948993345933259,11,late
11927,127,0,0.6676250985025202,0.37851541943096934,11,late
11928,128,0,0.7406081654731742,0.5286778839747104,11,late
11929,129,0,0.13862289924948157,0.4932430834594583,11,late
11930,130,0,0.47586808544812137,0.43012724032045546,11,late
11931,131,0,0.8548057113901142,0.5037669975402196,11,late
11932,132,0,0.2590356469913913,0.5037707886277998,11,late
11933,133,0,0.20033366675628148,0.46319191560777206,11,late
11934,134,0,0.7241857747977347,0.5531978191046542,11,late
11935,135,0,0.6603758925058822,0.46711932745256646,11,late
11936,136,0,0.5131167732221324,0.485982998498667,11,late
11937,137,0,0.41133040963735173,0.5538976223409288,11,late
11938,138,0,0.6808851483601978,0.47004019586156376,11,late
11939,139,0,0.6629051896606709,0.3469484485314238,11,late
11940,140,0,0.6055471874709754,0.5481471434950939,11,late
11941,141,0,0.36544511553750597,0.5175508759183485,11,late
11942,142,0,0.43150171059563136,0.4453944074025924,11,late
11943,143,0,0.5756234125018292,0.42592032165676086,11,late
11944,144,0,0.670265467269859,0.40550094944495246,11,late
11945,145,0,0.3648407550456498,0.45224365120878623,11,late
11946,146,0,0.41418352466479397,0.45006032933736295,11,late
11947,147,0,0.5172511311928127,0.5354164439878863,11,late
11948,148,0,0.7759740042135275,0.4746392688782317,11,late
11949,149,0,0.3057349851131372,0.5219753013838775,11,late
11950,150,0,0.9706508880657063,0.4890282320383252,11,late
11951,151,0,0.7359307596423843,0.3843584760220021,11,late
11952,152,0,0.15809941516179457,0.6240377342444978,11,late
11953,153,0,0.3244612958795015,0.5909660043950881,11,late
11954,154,0,0.4977497534875585,0.3772975998778547,11,late
11955,155,0,0.529874424164292,0.6134023122882536,11,late
11956,156,0,0.5644882900841713,0.45913641377893594,11,late
11957,157,0,0.24314208498902337,0.5606324411943595,11,late
11958,158,0,0.48543523602732214,0.5422827285913513,11,late
11959,159,0,0.7158587151644963,0.4275267402738103,11,late
11960,160,0,0.7234335592747327,0.48681096976484395,11,late
11961,161,0,0.2611257305273499,0.44770732513992756,11,late
11962,162,0,0.18523184279109525,0.5026329206303195,11,late
11963,163,0,0.23377767705115352,0.44571825295241013,11,late
11964,164,0,0.44917190689002673,0.47595160103559186,11,late
11965,165,0,0.669605458137668,0.4596945209424203,11,late
11966,166,0,0.6419674879769637,0.28182643762252113,11,late
11967,167,0,0.27125321651709855,0.4626743141322375,11,late
11968,168,0,0.6948548394388767,0.3580538454013982,11,late
11969,169,0,0.4626020238957412,0.47879777277457813,11,late
11970,170,0,0.5296614802438957,0.33416212109486804,11,late
11971,171,0,0.47407959815465567,0.3868984154322117,11,late
11972,172,0,0.713524221564063,0.40297580491311114,11,late
11973,173,0,0.5759389991834981,0.415491758509937,11,late
11974,174,0,0.314297247322642,0.5235543521286521,11,late
11975,175,0,0.8065752924986717,0.41142850499518835,11,late
11976,176,0,0.4719438847988505,0.4414792690127566,11,late
11977,177,0,0.7078896800910136,0.3794004722213117,11,late
11978,178,0,0.761323222339206,0.5564874408054132,11,late
11979,179,0,0.7908113380641262,0.4059474206861098,11,late
11980,180,0,0.6682218528533439,0.4403160671031696,11,late
11981,181,0,0.14065143107032946,0.49004592629110855,11,late
11982,182,0,0.875743277472028,0.4581666148135731,11,late
11983,183,0,0.5953059325057979,0.6317235353898363,11,late
11984,184,0,0.11927271590003616,0.4617972511470675,11,late
11985,185,0,0.8244219855755734,0.46684638028530634,11,late
11986,186,0,0.2512038975913876,0.4921033021825204,11,late
11987,187,0,0.516389059684677,0.3697145350907344,11,late
11988,188,0,0.37356713535198693,0.4773046853914003,11,late
11989,189,0,0.5251588531220255,0.32828532322058424,11,late
11990,190,0,0.1531645349241429,0.4978935231533619,11,late
11991,191,0,0.48079195803663993,0.5465919225102049,11,late
11992,192,0,0.3090001718410916,0.5105141246026822,11,late
11993,193,0,0.5115184211852144,0.4701251700695147,11,late
11994,194,0,0.4933369483865355,0.483371222838586,11,late
11995,195,0,0.5494485433634753,0.47052100280116255,11,late
11996,196,0,0.8677185456605769,0.39576274829652414,11,late
11997,197,0,0.7151719728200634,0.4485835207695263,11,late
11998,198,0,0.8729030049610544,0.3828688869344451,11,late
11999,199,0,0.3363592072519142,0.4308937053308821,11,late
12000,0,0,0.4981877097309447,0.8057504546997207,12,interleaved
12001,1,1,0.003303826310066961,0.9878538360826382,12,interleaved
12002,2,2,0.5679434249073396,1.3439354822366911,12,interleaved
12003,3,3,0.417174954332009,1.0153431005475535,12,interleaved
12004,4,4,0.5003481082060861,0.7346708038085727,12,interleaved
12005,5,0,0.9911927464629822,0.6807638869900702,12,interleaved
12006,6,5,0.5002758390199669,0.903443241057557,12,interleaved
12007,7,6,0.005606728921616623,0.8206415367669472,12,interleaved
12008,8,7,0.49848926626228596,0.8381931482245738,12,interleaved
12009,9,8,0.5410543061823204,1.0826522048121914,12,interleaved
12010,10,9,0.5157074052552351,0.7726444366842089,12,interleaved
12011,11,10,0.009318597967855212,1.0923023263203362,12,interleaved
12012,12,11,0.4910595978966286,0.7737235847205719,12,interleaved
12013,13,12,0.023727371470537557,0.8595028218234453,12,interleaved
12014,14,0,0.49899127574340363,0.5300680158974165,12,interleaved
12015,15,6,0.6535299969780711,0.6120145569085809,12,interleaved
12016,16,13,0.5457684113064364,0.8875789946840451,12,interleaved
12017,17,14,0.9999984257352409,1.3781513411082404,12,interleaved
12018,18,15,0.5044837354021561,1.2506935906015633,12,interleaved
12019,19,16,0.008941747852626454,0.8735297594084404,12,interleaved
12020,20,17,0.9232389227562163,0.9322297637741472,12,interleaved
12021,21,6,0.6247383934795161,0.5295344978251566,12,interleaved
12022,22,0,0.4958435409762281,0.6578822107218487,12,interleaved
12023,23,0,0.9901732253272246,0.5586904141515123,12,interleaved
12024,24,0,0.49986422779699285,0.627723473150603,12,interleaved
12025,25,0,0.022556379432199687,0.6338480614110342,12,interleaved
12026,26,0,0.4948709331340105,0.5799813985773891,12,interleaved
12027,27,0,0.003867920949454296,0.9478738656075978,12,interleaved
12028,28,0,0.503350606876723,0.7890006032481488,12,interleaved
12029,29,0,0.03387401839140454,0.5468454581420918,12,interleaved
12030,30,0,0.5063965346330254,0.6684064152622029,12,interleaved
12031,31,0,0.06235118751865412,0.7433453412312896,12,interleaved
12032,32,0,0.48817008268804063,0.5203446298007204,12,interleaved
12033,33,0,0.9456473839956915,0.4494144116444765,12,interleaved
12034,34,0,0.4914728149105788,0.674792066966857,12,interleaved
12035,35,0,0.07800363724469216,0.6083507514492595,12,interleaved
12036,36,0,0.5349476739839311,0.4788334351106886,12,interleaved
12037,37,0,0.9508845361790554,0.4435328148229064,12,interleaved
12038,38,0,0.5381081190970239,0.5102205117392266,12,interleaved
12039,39,0,0.09143309038831635,0.4926722725218626,12,interleaved
12040,40,0,0.4918775570427914,0.4397766279589454,12,interleaved
12041,41,0,0.8926980623404004,0.4106708199434048,12,interleaved
12042,42,0,0.43803701007021456,0.4810670459424675,12,interleaved
12043,43,0,0.1881374255801703,0.5062498580952757,12,interleaved
12044,44,0,0.4698220552057253,0.523834811957183,12,interleaved
12045,45,0,0.8533189544330884,0.5250950320675343,12,interleaved
12046,46,0,0.42398533034551456,0.5330762384292744,12,interleaved
12047,47,0,0.8373746960781545,0.6047703317280807,12,interleaved
12048,48,0,0.2861695075992748,0.500821077213147,12,interleaved
12049,49,0,0.8758230162006444,0.3071695986601882,12,interleaved
12050,50,0,0.48391235098214125,0.48029371734045223,12,interleaved
12051,51,0,0.16461349492198704,0.5517407723698216,12,interleaved
12052,52,0,0.45990378758490985,0.49203260292690765,12,interleaved
12053,53,0,0.1115011342156539,0.5504751836426659,12,interleaved
12054,54,0,0.5580528504654851,0.3510838025503655,12,interleaved
12055,55,0,0.3660235357428658,0.40030151563267397,12,interleaved
12056,56,0,0.42441683364805255,0.46144779187019547,12,interleaved
12057,57,0,0.8929976553716605,0.49844534271170005,12,interleaved
12058,58,0,0.5918281197919941,0.31611332889193766,12,interleaved
12059,59,0,0.8952763302186135,0.37585611609651,12,interleaved
12060,60,0,0.6381689566828164,0.376794560839173,12,interleaved
12061,61,0,0.5455970171387932,0.5838920598613433,12,interleaved
12062,62,0,0.49640392857218835,0.5367970873157881,12,interleaved
12063,63,0,0.20899529970424338,0.501310834870449,12,interleaved
12064,64,0,0.3655804744596882,0.5082323372431636,12,interleaved
12065,65,0,0.7516724615389496,0.375554063940312,12,interleaved
12066,66,0,0.3896809116749733,0.4056104542447998,12,interleaved
12067,67,0,0.7791173037978234,0.36784972626692847,12,interleaved
12068,68,0,0.5045745106120364,0.4836450788952975,12,interleaved
12069,69,0,0.2161756320934389,0.35515537683411846,12,interleaved
12070,70,0,0.45525290672721547,0.3471001587723561,12,interleaved
12071,71,0,0.36497675541645835,0.40535989005818857,12,interleaved
12072,72,0,0.5149440650119562,0.590104707769672,12,interleaved
12073,73,0,0.8725079874347235,0.36555154379952254,12,interleaved
12074,74,0,0.44280037839334535,0.46808520582962926,12,interleaved
12075,75,0,0.19604913825535125,0.6179232831353186,12,interleaved
12076,76,0,0.0568313689171456,0.5876351592325034,12,interleaved
12077,77,0,0.8760600312420305,0.3894519968507769,12,interleaved
12078,78,0,0.5412184219055921,0.2610544424087462,12,interleaved
12079,79,0,0.4554963854760581,0.6206725185061068,12,interleaved
12080,80,0,0.518799216089273,0.6622700314143054,12,interleaved
12081,81,0,0.4538569409298658,0.4317765134677322,12,interleaved
12082,82,0,0.5004024568481922,0.33876557518505546,12,interleaved
12083,83,0,0.2377348850447807,0.49335315973611554,12,interleaved
12084,84,0,0.2912188873807105,0.35800721650499856,12,interleaved
12085,85,0,0.7519735436859853,0.24412507802753952,12,interleaved
12086,86,0,0.30287411996920294,0.3497947913543459,12,interleaved
12087,87,0,0.23770477179366367,0.3952973363638004,12,interleaved
12088,88,0,0.6364507700276327,0.37680528967009913,12,interleaved
12089,89,0,0.1627260700346132,0.40665305529695495,12,interleaved
12090,90,0,0.37590242886971315,0.3297329805161363,12,interleaved
12091,91,0,0.8392070781753673,0.5029363886003926,12,interleaved
12092,92,0,0.6532528327913406,0.6099105046982842,12,interleaved
12093,93,0,0.2037469571120385,0.38581637562517684,12,interleaved
12094,94,0,0.4972899297600901,0.4091848354519293,12,interleaved
12095,95,0,0.1751231396199966,0.3641723757845161,12,interleaved
12096,96,0,0.4768430634915809,0.44433026125898856,12,interleaved
12097,97,0,0.3737392508362116,0.44047249601439054,12,interleaved
12098,98,0,0.3492378068391139,0.4417576763456141,12,interleaved
12099,99,0,0.28643601280527553,0.3739844990719998,12,interleaved
12100,100,0,0.3711765148027042,0.48558498116957793,12,interleaved
12101,101,0,0.3625921719681139,0.47305294814399745,12,interleaved
12102,102,0,0.5509267761808863,0.4642567938028036,12,interleaved
12103,103,0,0.27639426508863807,0.3276193235018323,12,interleaved
12104,104,0,0.31962837950874357,0.4272623383079925,12,interleaved
12105,105,0,0.7549327216237929,0.3899148262913805,12,interleaved
12106,106,0,0.39703209972430925,0.56781618457779,12,interleaved
12107,107,0,0.6893660412450244,0.29691953715001324,12,interleaved
12108,108,0,0.4323198126959509,0.47340106781146096,12,interleaved
12109,109,0,0.42838282139507067,0.40068133705894776,12,interleaved
12110,110,0,0.14516857741714653,0.5480714743819086,12,interleaved
12111,111,0,0.6932729650125853,0.3158677856319808,12,interleaved
12112,112,0,0.3451345466973209,0.42395173862100455,12,interleaved
12113,113,0,0.5528825942273425,0.5043034571190086,12,interleaved
12114,114,0,0.8115383842541758,0.531444553818645,12,interleaved
12115,115,0,0.7890181522298203,0.3443477595985307,12,interleaved
12116,116,0,0.721751182838553,0.4661095933381459,12,interleaved
12117,117,0,0.5067383112174056,0.3196618537275294,12,interleaved
12118,118,0,0.23164438840001442,0.5394828607684683,12,interleaved
12119,119,0,0.184873169407585,0.38768420719270613,12,interleaved
12120,120,0,0.8280984595393591,0.38958255055415014,12,interleaved
12121,121,0,0.6006280885521753,0.41796287491201356,12,interleaved
12122,122,0,0.724754385892599,0.30264328174772154,12,interleaved
12123,123,0,0.34518386219266184,0.4669759156971065,12,interleaved
12124,124,0,0.590571653315451,0.35952773702794755,12,interleaved
12125,125,0,0.3051554077734693,0.42408920104646713,12,interleaved
12126,126,0,0.18965636701372396,0.4580351739762784,12,interleaved
12127,127,0,0.5672876606115195,0.35671606004627887,12,interleaved
12128,128,0,0.15072928100500355,0.4799368347097004,12,interleaved
12129,129,0,0.24009392849831696,0.3466879817239178,12,interleaved
12130,130,0,0.4407527135609968,0.4485141433480886,12,interleaved
12131,131,0,0.3623173983570746,0.39889261730872405,12,interleaved
12132,132,0,0.2975554628031655,0.26495503943738663,12,interleaved
12133,133,0,0.4330048069094497,0.41191909935297644,12,interleaved
12134,134,0,0.3436227127385011,0.4372115918742928,12,interleaved
12135,135,0,0.287953066736246,0.5116237522147628,12,interleaved
12136,136,0,0.4470027114464837,0.3486123898558751,12,interleaved
12137,137,0,0.2071766401711531,0.3019924586417906,12,interleaved
12138,138,0,0.6304418597987809,0.5227956491082039,12,interleaved
12139,139,0,0.7895323167120101,0.3971162734078051,12,interleaved
12140,140,0,0.5206067456162804,0.5238192467652693,12,interleaved
12141,141,0,0.773984573302656,0.409201520913516,12,interleaved
12142,142,0,0.5055811189760014,0.4415708987908125,12,interleaved
12143,143,0,0.1654534527717863,0.4352324613333637,12,interleaved
12144,144,0,0.3348336897718671,0.5330092447117645,12,interleaved
12145,145,0,0.1903456591611098,0.4414839745646726,12,interleaved
12146,146,0,0.3305378016715085,0.3996616386450296,12,interleaved
12147,147,0,0.8497587401678914,0.2494423963145659,12,interleaved
12148,148,0,0.4486379453812803,0.4949720676974893,12,interleaved
12149,149,0,0.7247525755482381,0.2978565569553654,12,interleaved
12150,150,0,0.586496544708956,0.4125792982513182,12,interleaved
12151,151,0,0.2829792638660185,0.3607535038655426,12,interleaved
12152,152,0,0.3108768939986143,0.35899812099571415,12,interleaved
12153,153,0,0.6112376542953624,0.44954801617399043,12,interleaved
12154,154,0,0.13072226380974417,0.44249478329066505,12,interleaved
12155,155,0,0.8825188368296908,0.39455338898675224,12,interleaved
12156,156,0,0.5146929998416134,0.3569277847607074,12,interleaved
12157,157,0,0.3132496733715247,0.34891136744879425,12,interleaved
12158,158,0,0.42392288108465775,0.34697499607020493,12,interleaved
12159,159,0,0.36903444361969007,0.3558354890179061,12,interleaved
12160,160,0,0.24994105025847613,0.3592018676669584,12,interleaved
12161,161,0,0.691630889950197,0.3977249367368964,12,interleaved
12162,162,0,0.9045844333470573,0.4082025995949182,12,interleaved
12163,163,0,0.6727020610110912,0.2955043391767904,12,interleaved
12164,164,0,0.31338555312726885,0.46108848128719326,12,interleaved
12165,165,0,0.399890699230994,0.45500818387585495,12,interleaved
12166,166,0,0.5713255427732524,0.4547770933454129,12,interleaved
12167,167,0,0.39140761176986794,0.41766277212387026,12,interleaved
12168,168,0,0.3214566223461287,0.4177937301271179,12,interleaved
12169,169,0,0.6061953689767099,0.27026269679605375,12,interleaved
12170,170,0,0.24003642776855894,0.5964587898812928,12,interleaved
12171,171,0,0.2869100433683335,0.4760609052871797,12,interleaved
12172,172,0,0.48236320173095903,0.28952583949586896,12,interleaved
12173,173,0,0.202608235468916,0.46476630547798825,12,interleaved
12174,174,0,0.2631446632639929,0.451850926150879,12,interleaved
12175,175,0,0.4960862254444365,0.4688866227652435,12,interleaved
12176,176,0,0.43257411242947363,0.4193838817980191,12,interleaved
12177,177,0,0.5374111955818109,0.3769777350975142,12,interleaved
12178,178,0,0.7947426577361736,0.3774897902958178,12,interleaved
12179,179,0,0.27661645400340695,0.3450917800688059,12,interleaved
12180,180,0,0.7091055950346152,0.40179342298045273,12,interleaved
12181,181,0,0.475436791631445,0.4032973811613225,12,interleaved
12182,182,0,0.23989239721519343,0.4000897570925496,12,interleaved
12183,183,0,0.6436377747282644,0.3638688928202302,12,interleaved
12184,184,0,0.20045280760329795,0.3911690349584482,12,interleaved
12185,185,0,0.43063285944627083,0.6526112003675825,12,interleaved
12186,186,0,0.6278161474121882,0.3522653252543618,12,interleaved
12187,187,0,0.2921315080053288,0.36720896268573744,12,interleaved
12188,188,0,0.44456429716979784,0.3923901463197866,12,interleaved
12189,189,0,0.6330470815311771,0.3168355429847598,12,interleaved
12190,190,0,0.5155304788670579,0.2879368581842419,12,interleaved
12191,191,0,0.60169227030582,0.5072913931577171,12,interleaved
12192,192,0,0.8820638639307921,0.4238913584380727,12,interleaved
12193,193,0,0.8433469401163718,0.41004883079485466,12,interleaved
12194,194,0,0.43871838141380626,0.5271767656449133,12,interleaved
12195,195,0,0.8377824393905378,0.41378937072011307,12,interleaved
12196,196,0,0.3406939176606516,0.44495903166062795,12,interleaved
12197,197,0,0.7399168344021432,0.28861326194056586,12,interleaved
12198,198,0,0.5463354584501378,0.3483851791824845,12,interleaved
12199,199,0,0.27945173229789866,0.28064822432366554,12,interleaved
12200,0,0,0.7658244364027077,0.6751255388552042,12,blocked
12201,1,0,0.4363574500367736,0.7132427236288587,12,blocked
12202,2,0,0.14034874828585245,0.6388116160808963,12,blocked
12203,3,1,0.16761645334938147,1.1410507626897828,12,blocked
12204,4,0,0.5006738390805546,0.6314728310906337,12,blocked
12205,5,0,0.37152428303783547,0.4917002014229821,12,blocked
12206,6,0,0.7088196393644736,0.6765599760454519,12,blocked
12207,7,2,0.17537976392113058,0.8722692691780899,12,blocked
12208,8,0,0.4728491169969464,0.5967351686220135,12,blocked
12209,9,0,0.4549080960244996,0.4628034393217499,12,blocked
12210,10,0,0.43968998237919815,0.45425151650236895,12,blocked
12211,11,0,0.7830253406613705,0.5497851862690234,12,blocked
12212,12,0,0.5599278617594603,0.4549641174960477,12,blocked
12213,13,0,0.6586891647324402,0.5173030425088576,12,blocked
12214,14,3,0.4615929540225928,0.7278844206453937,12,blocked
12215,15,0,0.5491470075447675,0.6571916894339408,12,blocked
12216,16,4,0.43059029254412384,1.0055632466707523,12,blocked
12217,17,4,0.236657302313068,0.6543405101269709,12,blocked
12218,18,4,0.29835565005758446,0.6092087265887014,12,blocked
12219,19,4,0.5196407265611901,0.6028301569329153,12,blocked
12220,20,0,0.6388959354220856,0.4288254557740993,12,blocked
12221,21,0,0.6251929266400837,0.530793677216485,12,blocked
12222,22,0,0.4615470484773483,0.44341551833789317,12,blocked
12223,23,0,0.619629326423893,0.39518504363922335,12,blocked
12224,24,4,0.5343849402667251,0.6215399806990105,12,blocked
12225,25,0,0.4885419806871474,0.529687566502907,12,blocked
12226,26,0,0.6500500986094678,0.5472098393923697,12,blocked
12227,27,0,0.7573618976198012,0.29793862110951785,12,blocked
12228,28,0,0.676905722106938,0.5599803493600105,12,blocked
12229,29,4,0.7069598283421084,0.6468990837693179,12,blocked
12230,30,4,0.6743912670690523,0.494836426932283,12,blocked
12231,31,4,0.5443651048511106,0.7671920035489775,12,blocked
12232,32,0,0.5212448215934966,0.39763765904136145,12,blocked
12233,33,0,0.5126293000087327,0.5361338950988968,12,blocked
12234,34,0,0.4777377911875724,0.5461874580208737,12,blocked
12235,35,0,0.6023841661096622,0.3571883154138298,12,blocked
12236,36,0,0.5367033802638995,0.5217181393603587,12,blocked
12237,37,0,0.5929921090659881,0.5127757825679775,12,blocked
12238,38,0,0.35406967104666864,0.4748450028274346,12,blocked
12239,39,0,0.4883533474469553,0.607889644503538,12,blocked
12240,40,0,0.7237446745163156,0.5626350936071206,12,blocked
12241,41,0,0.202827563918098,0.6770650202339481,12,blocked
12242,42,4,0.38521102032517696,0.5998013994892253,12,blocked
12243,43,0,0.3594703746446808,0.5459039785712196,12,blocked
12244,44,0,0.5818096204042325,0.6801831391108607,12,blocked
12245,45,0,0.11202653313184305,0.8358239390326385,12,blocked
12246,46,0,0.5789855919851206,0.6509539397790609,12,blocked
12247,47,0,0.594731125486958,0.5846193102724095,12,blocked
12248,48,0,0.8455785571423178,0.587108025192405,12,blocked
12249,49,0,0.7386482140501887,0.6728582911025084,12,blocked
12250,50,0,0.3250008766273474,0.6381374407773498,12,blocked
12251,51,0,0.37759120086977616,0.46358975692739407,12,blocked
12252,52,4,0.4414245109057717,0.628666303898487,12,blocked
12253,53,0,0.4586650411535092,0.5055300681346487,12,blocked
12254,54,0,0.6347764815977406,0.49947684741351234,12,blocked
12255,55,0,0.6113942095411771,0.36648768087614836,12,blocked
12256,56,0,0.8274644825555233,0.475312083777944,12,blocked
12257,57,0,0.3740490367365185,0.5592435331577125,12,blocked
12258,58,0,0.3735638986987907,0.5325374059463207,12,blocked
12259,59,0,0.37307075034445947,0.4373800241732796,12,blocked
12260,60,0,0.596290062017978,0.5916942532771015,12,blocked
12261,61,0,0.7233473475786705,0.48670676257105633,12,blocked
12262,62,0,0.6819429269874068,0.4478838434053164,12,blocked
12263,63,0,0.627672865324526,0.4353605964496895,12,blocked
12264,64,0,0.603115367216301,0.40148987987497076,12,blocked
12265,65,0,0.37802613323669954,0.42357363620588284,12,blocked
12266,66,0,0.32474364458512794,0.4169571001840593,12,blocked
12267,67,0,0.47742463882743447,0.47883764839035203,12,blocked
12268,68,0,0.47696016034733774,0.406705766049568,12,blocked
12269,69,0,0.5368242855974135,0.522454092876657,12,blocked
12270,70,0,0.5739633169353964,0.42030587888893445,12,blocked
12271,71,0,0.5371482600128188,0.379044082796146,12,blocked
12272,72,0,0.3617694918249157,0.4904195897134902,12,blocked
12273,73,0,0.4341916166374399,0.3736532615763728,12,blocked
12274,74,0,0.669597702324234,0.5209632809120341,12,blocked
12275,75,0,0.7235262491747279,0.4763879274383485,12,blocked
12276,76,0,0.3809176213613278,0.4741017247412137,12,blocked
12277,77,0,0.6760489057174206,0.369905646158674,12,blocked
12278,78,0,0.39101417726682003,0.39647363792222934,12,blocked
12279,79,0,0.40902914767838094,0.4104430347756078,12,blocked
12280,80,0,0.6263431203701302,0.4363155622181746,12,blocked
12281,81,0,0.6877293863878029,0.4710453380519044,12,blocked
12282,82,0,0.5144712463120803,0.45431659242670996,12,blocked
12283,83,0,0.6592500494852038,0.5370379760720552,12,blocked
12284,84,0,0.4047793676793119,0.27599866934564343,12,blocked
12285,85,0,0.5199279299979449,0.5286580188017604,12,blocked
12286,86,0,0.37463774078228973,0.4364134967193408,12,blocked
12287,87,0,0.8130488595058727,0.4208912946258595,12,blocked
12288,88,0,0.5626884235990753,0.46193374920780217,12,blocked
12289,89,0,0.7078401680989211,0.4794458357702237,12,blocked
12290,90,0,0.8032588389548982,0.29483458683861374,12,blocked
12291,91,4,0.21714829682542036,0.6234381484038276,12,blocked
12292,92,0,0.8324417979413741,0.34780686122823223,12,blocked
12293,93,0,0.8306825035057348,0.28625820008285835,12,blocked
12294,94,0,0.6850008524456226,0.4394843657526639,12,blocked
12295,95,0,0.33603564723226226,0.39834408435851687,12,blocked
12296,96,0,0.8250676973337727,0.382172648996703,12,blocked
12297,97,0,0.520528111942223,0.5154883818027067,12,blocked
12298,98,0,0.34371762599392525,0.5158736575087051,12,blocked
12299,99,0,0.7388532788495711,0.3455958397610435,12,blocked
12300,100,0,0.31926576810215596,0.36051808793774887,12,blocked
12301,101,0,0.5203239894936469,0.5549267098548489,12,blocked
12302,102,0,0.8636972617214795,0.2832886238159543,12,blocked
12303,103,0,0.3300264822326137,0.3354281045351465,12,blocked
12304,104,0,0.5396348270770024,0.34502503117504085,12,blocked
12305,105,0,0.5584776463866051,0.5212300701509129,12,blocked
12306,106,0,0.6385085974682471,0.383227525944869,12,blocked
12307,107,0,0.3036822873520914,0.6761623456655097,12,blocked
12308,108,0,0.19106013602139454,0.5126780932215725,12,blocked
12309,109,0,0.6743572166844904,0.4853792509028352,12,blocked
12310,110,0,0.6185961077983828,0.42909841407456184,12,blocked
12311,111,0,0.46293783331509614,0.4390523642601612,12,blocked
12312,112,0,0.3246789349535292,0.5019239942244088,12,blocked
12313,113,0,0.5558040995873235,0.47800211042828333,12,blocked
12314,114,0,0.5251792182178691,0.4634776879865999,12,blocked
12315,115,0,0.7057637984769012,0.46834312449341087,12,blocked
12316,116,0,0.49551979056671686,0.44697459962974784,12,blocked
12317,117,0,0.7354774685057097,0.33942785839249956,12,blocked
12318,118,0,0.5007685214255042,0.4297047445072668,12,blocked
12319,119,0,0.49617474029214925,0.6258666680050006,12,blocked
12320,120,0,0.686220002896528,0.5329080118613032,12,blocked
12321,121,0,0.49173780099868825,0.36163733698425765,12,blocked
12322,122,0,0.7155433886995947,0.3725523435872157,12,blocked
12323,123,0,0.6308007208452989,0.3315839176733637,12,blocked
12324,124,0,0.6732548169177711,0.3823760776639836,12,blocked
12325,125,0,0.6948313899560273,0.29770330925519667,12,blocked
12326,126,0,0.20875464975037616,0.5730229036998522,12,blocked
12327,127,0,0.5448475223739302,0.39847737189361554,12,blocked
12328,128,0,0.37426448071642887,0.36542565958816886,12,blocked
12329,129,0,0.6967965176510518,0.5308932884526668,12,blocked
12330,130,0,0.48748734960585094,0.37232201854856906,12,blocked
12331,131,0,0.598575915880054,0.6047562079254761,12,blocked
12332,132,0,0.5620886180011178,0.4437573699938713,12,blocked
12333,133,0,0.29203972422807,0.5097362160286402,12,blocked
12334,134,4,0.38594365085378174,0.5330564894242559,12,blocked
12335,135,0,0.3693331245930993,0.5280961126514225,12,blocked
12336,136,0,0.48209048340650246,0.48345192677919663,12,blocked
12337,137,0,0.5178714922874654,0.35171650931973425,12,blocked
12338,138,0,0.45630233796814756,0.46031133033824523,12,blocked
12339,139,0,0.4892379714796986,0.4195669460185647,12,blocked
12340,140,0,0.6380883708241004,0.577642281068599,12,blocked
12341,141,0,0.6538196596503693,0.6897041099462806,12,blocked
12342,142,0,0.6606960927815939,0.35483888749164766,12,blocked
12343,143,0,0.6771254135883729,0.46221210216022524,12,blocked
12344,144,0,0.7099698667883096,0.4961495316244222,12,blocked
12345,145,0,0.5115498126731406,0.43554049565017583,12,blocked
12346,146,0,0.8174201545127788,0.46610394863145277,12,blocked
12347,147,0,0.8403107572838632,0.4284452965555214,12,blocked
12348,148,0,0.6049587238471577,0.4944570254595917,12,blocked
12349,149,0,0.6958339588427308,0.42592943937283434,12,blocked
12350,150,0,0.6079044828137709,0.4364501458341018,12,blocked
12351,151,0,0.7086492345537891,0.411451184820122,12,blocked
12352,152,0,0.4420127975537732,0.4213322539381756,12,blocked
12353,153,0,0.3864403549267862,0.41073995233096305,12,blocked
12354,154,0,0.7205985449308514,0.4347061589222961,12,blocked
12355,155,0,0.592738128725462,0.4937601482732485,12,blocked
12356,156,0,0.5677956915537617,0.36728048620546483,12,blocked
12357,157,0,0.4456308157314822,0.4817962836361177,12,blocked
12358,158,0,0.4548719378078374,0.5323133370372592,12,blocked
12359,159,0,0.6970743672533533,0.4422543483771856,12,blocked
12360,160,0,0.6411301016482254,0.46915627375230673,12,blocked
12361,161,0,0.5766976666045144,0.427198349372705,12,blocked
12362,162,0,0.7713120106635316,0.3203571462548881,12,blocked
12363,163,0,0.2908441118451203,0.4788986865250653,12,blocked
12364,164,0,0.49421420562042806,0.405985057760206,12,blocked
12365,165,0,0.7935347849283033,0.4449625643162579,12,blocked
12366,166,0,0.25480654031701355,0.46068489646953525,12,blocked
12367,167,0,0.45639357274007514,0.3827744967224121,12,blocked
12368,168,0,0.7337923834966772,0.4374627982226403,12,blocked
12369,169,0,0.6551235385500608,0.38875650628604597,12,blocked
12370,170,0,0.6347851570342168,0.4602799535132842,12,blocked
12371,171,0,0.3982952799040839,0.47514163175069035,12,blocked
12372,172,0,0.6029457639376945,0.3785505842153492,12,blocked
12373,173,0,0.578537393415167,0.341115787491293,12,blocked
12374,174,0,0.5546263865504962,0.4100063720747805,12,blocked
12375,175,0,0.6260757437615571,0.4894823074827457,12,blocked
12376,176,0,0.3428610697036038,0.308007403898542,12,blocked
12377,177,0,0.359047829746198,0.4953366179667925,12,blocked
12378,178,0,0.5295561069451141,0.3511158009444044,12,blocked
12379,179,0,0.5891786103220217,0.4800017431644187,12,blocked
12380,180,0,0.6942300271951141,0.37325269446985543,12,blocked
12381,181,0,0.5502432359613948,0.4853358628634642,12,blocked
12382,182,0,0.5333840903215203,0.3520069112267881,12,blocked
12383,183,0,0.544644492844818,0.42248101764695,12,blocked
12384,184,0,0.539717530977424,0.4107178158178692,12,blocked
12385,185,0,0.7074463073415554,0.4046237785465416,12,blocked
12386,186,0,0.26180060197649896,0.5063973703297081,12,blocked
12387,187,0,0.4908408045612034,0.4091776181280184,12,blocked
12388,188,0,0.5254709139308359,0.4240433659962435,12,blocked
12389,189,0,0.815388767485467,0.37940018068634407,12,blocked
12390,190,0,0.857276645474754,0.32693447801812003,12,blocked
12391,191,0,0.8246457597830292,0.3066453017598185,12,blocked
12392,192,0,0.4889372546402765,0.5372135922709471,12,blocked
12393,193,0,0.6840643743178534,0.37913771473618096,12,blocked
12394,194,0,0.586796428873175,0.46683464408787534,12,blocked
12395,195,0,0.4968130269399908,0.3985046584050491,12,blocked
12396,196,0,0.7970287432469811,0.5110573507477683,12,blocked
12397,197,0,0.3385089498003806,0.5203883627601293,12,blocked
12398,198,0,0.8469322986692058,0.3204626881740275,12,blocked
12399,199,0,0.6130172260021918,0.5687275262610718,12,blocked
12400,0,0,0.16371576032360868,0.7653672728657099,12,early
12401,1,0,0.1968508030873788,0.6237533976298344,12,early
12402,2,1,0.8105347393189863,0.7486224439063978,12,early
12403,3,0,0.9695504145400152,0.7275741817477042,12,early
12404,4,0,0.2394884320030024,0.6038015506793557,12,early
12405,5,2,0.778474765783417,0.6300381116640632,12,early
12406,6,0,0.17792870282500103,0.6842160181733128,12,early
12407,7,3,0.0198610316584422,0.832354327921857,12,early
12408,8,0,0.17570614063777673,0.683723524531731,12,early
12409,9,4,0.5878848315720469,0.8768843739241755,12,early
12410,10,5,0.6514524876009796,0.6062559861904334,12,early
12411,11,0,0.7546450836751296,0.5711702939707693,12,early
12412,12,0,0.2038071027775808,0.7571207505471443,12,early
12413,13,6,0.7099349889200887,0.6430990019796705,12,early
12414,14,7,0.0406115478354659,1.2542611568766688,12,early
12415,15,0,0.654724662891778,0.45521320794768294,12,early
12416,16,0,0.7737488738905264,0.5942205615876659,12,early
12417,17,0,0.7266263387228302,0.5853959210860895,12,early
12418,18,0,0.8069288017657785,0.5049444655493281,12,early
12419,19,0,0.2102728756811694,0.6774522544268962,12,early
12420,20,0,0.20534484986467888,0.6309026048758563,12,early
12421,21,0,0.21045655520108086,0.8301449828667293,12,early
12422,22,0,0.31089635170330343,0.5029998835562125,12,early
12423,23,0,0.3853054830036161,0.5586771956312382,12,early
12424,24,0,0.6448572500517303,0.5332426555903526,12,early
12425,25,0,0.34034442180731067,0.46249228841492096,12,early
12426,26,0,0.2355253187510798,0.63373578733309,12,early
12427,27,0,0.37299516386587417,0.6570045644350724,12,early
12428,28,0,0.18518620310229025,0.6297850364148483,12,early
12429,29,0,0.2583279402030366,0.537348540067302,12,early
12430,30,0,0.8185473294606174,0.47985486532225224,12,early
12431,31,0,0.29405694462518406,0.48193781905391686,12,early
12432,32,0,0.7686724011096272,0.44550304024972476,12,early
12433,33,0,0.5888324354825588,0.49239274811530864,12,early
12434,34,0,0.8125264905283415,0.6699759899918626,12,early
12435,35,0,0.2846026163732426,0.5816444378795695,12,early
12436,36,0,0.6341155308541133,0.5007575235328313,12,early
12437,37,0,0.6831054513472796,0.7379361925999695,12,early
12438,38,0,0.3130755170960788,0.6429644461070751,12,early
12439,39,0,0.36767645115505576,0.46892682322868096,12,early
12440,40,0,0.749747069002524,0.5217032912409122,12,early
12441,41,6,0.5587468975321894,0.7584454035901165,12,early
12442,42,0,0.24477978674635817,0.5596872066517865,12,early
12443,43,0,0.7509046053407185,0.5514787992641008,12,early
12444,44,0,0.7004044060589047,0.43473724545908177,12,early
12445,45,0,0.27724445782686574,0.5529479117464462,12,early
12446,46,0,0.18084715155368217,0.6193229117818377,12,early
12447,47,0,0.16765017978483515,0.5445958465880087,12,early
12448,48,0,0.24582496402769027,0.5577703278581725,12,early
12449,49,0,0.25285208791557423,0.46014277326421804,12,early
12450,50,0,0.22801938911508657,0.4742690996299622,12,early
12451,51,0,0.7406623103760059,0.5399796471376376,12,early
12452,52,0,0.2999990631611787,0.6668032814552555,12,early
12453,53,0,0.24025448136421118,0.46879235524505114,12,early
12454,54,0,0.295508199423291,0.5062496878395297,12,early
12455,55,0,0.21323698859940593,0.5762214307700539,12,early
12456,56,0,0.8417069803389874,0.4944364815648376,12,early
12457,57,0,0.8168175487136498,0.4719345702101926,12,early
12458,58,0,0.6532537532726466,0.39309224883787974,12,early
12459,59,0,0.19534461065270425,0.4522313929153083,12,early
12460,60,0,0.7620641814022628,0.4011992381448679,12,early
12461,61,0,0.7530228694468039,0.40895195777151666,12,early
12462,62,0,0.08038473742920967,0.5705374785686913,12,early
12463,63,0,0.20509488610916105,0.5480573159287921,12,early
12464,64,0,0.1264151275891093,0.3742792060103048,12,early
12465,65,0,0.917349419144629,0.6327075589967157,12,early
12466,66,0,0.09094138368204968,0.6275823467458074,12,early
12467,67,0,0.8315145889708999,0.4166330593005968,12,early
12468,68,0,0.12348760791230431,0.5487683748860734,12,early
12469,69,0,0.18653962350072106,0.4228108485548209,12,early
12470,70,0,0.13920917153071127,0.5254891525977876,12,early
12471,71,0,0.8144926245069222,0.5016497163872399,12,early
12472,72,0,0.7847523728994694,0.39873455918384126,12,early
12473,73,0,0.16058687502161306,0.6001881816352843,12,early
12474,74,0,0.8295344326644185,0.5456863764940301,12,early
12475,75,0,0.21091372026441113,0.49319761448168453,12,early
12476,76,0,0.8472988780239042,0.3747860147527864,12,early
12477,77,0,0.8087156639132584,0.35766540415241455,12,early
12478,78,0,0.896286532754948,0.551410088557595,12,early
12479,79,0,0.1984128638597094,0.5419291756083636,12,early
12480,80,0,0.7261365332368921,0.48463835982249237,12,early
12481,81,0,0.20675351430292213,0.6252718529783545,12,early
12482,82,0,0.5616816192953761,0.43437461095714147,12,early
12483,83,0,0.26479785499842134,0.5307618027153065,12,early
12484,84,0,0.6973027717556513,0.3747715882335675,12,early
12485,85,0,0.7781720395032679,0.42771701684123564,12,early
12486,86,0,0.5966213787054374,0.4320934929284872,12,early
12487,87,0,0.864580762099546,0.4492965500909909,12,early
12488,88,0,0.4764159883981082,0.4397813097918709,12,early
12489,89,0,0.14717219319052424,0.46487101830873956,12,early
12490,90,0,0.5080070967818163,0.3662290632732096,12,early
12491,91,0,0.8622218162982997,0.5204464536738741,12,early
12492,92,0,0.5401744017283224,0.3910570612578121,12,early
12493,93,0,0.7433145342906906,0.4161309024472708,12,early
12494,94,0,0.45450843478028263,0.4366555389588812,12,early
12495,95,0,0.18828078911483584,0.4590746694923004,12,early
12496,96,0,0.519323106237691,0.3614245570572081,12,early
12497,97,0,0.12151361319121148,0.5869023437897634,12,early
12498,98,0,0.4715586507656468,0.4705999795597019,12,early
12499,99,0,0.2548487482359918,0.44944722581466157,12,early
12500,100,0,0.6000835985779323,0.34575020424817554,12,early
12501,101,0,0.7135970598116007,0.4075617365570239,12,early
12502,102,0,0.529185403244979,0.40724648664429586,12,early
12503,103,0,0.377505735370943,0.37501512629139255,12,early
12504,104,0,0.6065627408402339,0.3815568953252043,12,early
12505,105,0,0.7208869548763821,0.4724218172154882,12,early
12506,106,0,0.5359860695224397,0.40488559105667377,12,early
12507,107,0,0.13171031926086185,0.5085320242155313,12,early
12508,108,0,0.40232490325641634,0.6006668285189218,12,early
12509,109,0,0.17237612219076998,0.3573925765107365,12,early
12510,110,0,0.4471704812461742,0.44377527558823815,12,early
12511,111,0,0.19517360243260612,0.7472766021494655,12,early
12512,112,0,0.4355020934842977,0.6005151436174596,12,early
12513,113,0,0.9061979277991951,0.44078598966649934,12,early
12514,114,0,0.6290898470381057,0.39912662232202856,12,early
12515,115,0,0.7943492257863282,0.3854066839861935,12,early
12516,116,0,0.4975690116804345,0.33324439553713736,12,early
12517,117,0,0.2441817360959848,0.38718627221621243,12,early
12518,118,0,0.54741729740611,0.36750466125630243,12,early
12519,119,0,0.30294535034739317,0.4699172592148908,12,early
12520,120,0,0.5460051162547243,0.5146576067366597,12,early
12521,121,0,0.7958004145364704,0.635917181373165,12,early
12522,122,0,0.5930763611948443,0.41396250070002605,12,early
12523,123,0,0.20548963312733554,0.559451572692675,12,early
12524,124,0,0.5795509036829176,0.45534702441970587,12,early
12525,125,0,0.8818177006917314,0.44748329026332345,12,early
12526,126,0,0.4688504208433766,0.47230204397636294,12,early
12527,127,0,0.7501950490180043,0.3614901888532868,12,early
12528,128,0,0.4660458770538719,0.38386782288621935,12,early
12529,129,0,0.3021437682975804,0.5030172156269528,12,early
12530,130,0,0.42505992016414657,0.4746890480509563,12,early
12531,131,0,0.7418215759735807,0.4237955129954148,12,early
12532,132,0,0.5077088275328081,0.3444961177506382,12,early
12533,133,0,0.12903548663660677,0.5495598480747441,12,early
12534,134,0,0.41146191721647607,0.5608617041257112,12,early
12535,135,0,0.1936482077810519,0.4168840131578607,12,early
12536,136,0,0.505938789216614,0.435811401658856,12,early
12537,137,0,0.8025664686191191,0.3592927552345488,12,early
12538,138,0,0.5241736286358694,0.4290491145205924,12,early
12539,139,0,0.17464742584213788,0.4980934449560961,12,early
12540,140,0,0.4417297117672229,0.5112250500224134,12,early
12541,141,0,0.9438001580137712,0.6281048202295476,12,early
12542,142,0,0.5165423093254528,0.37277997773996363,12,early
12543,143,0,0.7238382179083894,0.5387255399133196,12,early
12544,144,0,0.4823383055989594,0.43300380071845135,12,early
12545,145,0,0.3227627149906126,0.58904023566935,12,early
12546,146,0,0.5096574293031466,0.41925039331232733,12,early
12547,147,0,0.2361149883067016,0.6021006424783779,12,early
12548,148,0,0.3821432770048478,0.4528923713656652,12,early
12549,149,0,0.12905863458352523,0.45722019275582115,12,early
12550,150,0,0.5263606196000999,0.35121941105754306,12,early
12551,151,0,0.14661089937764643,0.4212857465631066,12,early
12552,152,0,0.5043411834656226,0.49540148353472235,12,early
12553,153,0,0.16426199527994909,0.4490246905004128,12,early
12554,154,0,0.48716907687605904,0.6334876580367299,12,early
12555,155,0,0.6978557250231499,0.4459731067345677,12,early
12556,156,0,0.6686529094228316,0.4589019621165626,12,early
12557,157,0,0.3693305142358473,0.4205730884152675,12,early
12558,158,0,0.47628015144453545,0.46889227088152274,12,early
12559,159,0,0.656119865488223,0.40954601568662397,12,early
12560,160,0,0.5965932023916333,0.38843421074283524,12,early
12561,161,0,0.6934716574161219,0.39408372569468986,12,early
12562,162,0,0.22106701721600125,0.4658565137697731,12,early
12563,163,0,0.33631898961672757,0.5268700549642529,12,early
12564,164,0,0.21237877168261163,0.44926298775381757,12,early
12565,165,0,0.7089832924034575,0.35085118715825503,12,early
12566,166,0,0.2988781749501361,0.47325871490970206,12,early
12567,167,0,0.5364385891845391,0.5239940290841243,12,early
12568,168,0,0.6230183557160353,0.3939214595115094,12,early
12569,169,0,0.5735427568562537,0.48968660646325823,12,early
12570,170,0,0.3749314682635738,0.577817215965688,12,early
12571,171,0,0.4609561464308092,0.46238752921532306,12,early
12572,172,0,0.4175063845060476,0.3869388141798469,12,early
12573,173,0,0.5232056925882067,0.3728237726778042,12,early
12574,174,0,0.5975786412502725,0.44574754596214167,12,early
12575,175,0,0.8147591348377828,0.3997050625710926,12,early
12576,176,0,0.498381654729062,0.4183786761734099,12,early
12577,177,0,0.34913924856158485,0.4364969343550879,12,early
12578,178,0,0.5601182939541002,0.5658381101082611,12,early
12579,179,0,0.5105332204055562,0.3919279142764386,12,early
12580,180,0,0.2645293358750435,0.5251734185187285,12,early
12581,181,0,0.6255833159667292,0.37678731515985053,12,early
12582,182,0,0.44155979917285526,0.554032773579672,12,early
12583,183,0,0.3855291386851566,0.3863504184714762,12,early
12584,184,0,0.5132009453566827,0.3844567175204553,12,early
12585,185,0,0.7608432280172348,0.3485647774291826,12,early
12586,186,0,0.6214887194455494,0.5171139556525955,12,early
12587,187,0,0.6778533169896377,0.4401538783210237,12,early
12588,188,0,0.36414889724430044,0.46919498146390604,12,early
12589,189,0,0.7587454442679776,0.3809887770583674,12,early
12590,190,0,0.061783104593810735,0.5851191113056619,12,early
12591,191,0,0.5262680155196886,0.3747958097464546,12,early
12592,192,0,0.8563766323601683,0.6780628944837694,12,early
12593,193,0,0.6380449650626238,0.5283113374945186,12,early
12594,194,0,0.3801115666445779,0.35628700671459435,12,early
12595,195,0,0.3885139039288558,0.47470552493271373,12,early
12596,196,0,0.505992919317159,0.5092124178974561,12,early
12597,197,0,0.666112280810632,0.4089482522200396,12,early
12598,198,0,0.31120801108196317,0.42087007154966116,12,early
12599,199,0,0.3187807027423398,0.49849500829708193,12,early
12600,0,0,0.8460840286612893,0.6384713701795353,12,middle
12601,1,1,0.4926450778027715,0.7908067916923911,12,middle
12602,2,1,0.044811663496085466,0.8112009883496378,12,middle
12603,3,1,0.4403572893737593,0.6902697326467341,12,middle
12604,4,1,0.03201622900797578,0.8394626730242268,12,middle
12605,5,2,0.5049703185878786,1.0416940088340456,12,middle
12606,6,3,0.6428879049573619,1.0283925078349956,12,middle
12607,7,1,0.6448098715332757,0.48237070984149993,12,middle
12608,8,1,0.05420847027495505,0.6259755789571266,12,middle
12609,9,4,0.6908085668638737,0.7034959125576056,12,middle
12610,10,1,0.9089914913791324,0.6522759239651659,12,middle
12611,11,1,0.7037877124284431,0.680507484919076,12,middle
12612,12,1,0.8069587813232866,0.6176642565445729,12,middle
12613,13,1,0.5737696587231573,0.5324139570337263,12,middle
12614,14,1,0.11563422799733199,0.8117255577818947,12,middle
12615,15,1,0.7120843623642565,0.5280494354561578,12,middle
12616,16,1,0.7849697927035523,0.7209620846120184,12,middle
12617,17,1,0.37077732636212035,0.525808991013591,12,middle
12618,18,1,0.12594607181038564,0.6625843279268806,12,middle
12619,19,5,0.7090036316830433,1.0674049434201154,12,middle
12620,20,3,0.7890601643517355,0.6080501131951369,12,middle
12621,21,6,0.5160338846837951,0.9993284844360073,12,middle
12622,22,1,0.6412687286054356,0.48241315455750533,12,middle
12623,23,1,0.48074046553483113,0.6733299816120151,12,middle
12624,24,1,0.6583379189245283,0.5137220839139502,12,middle
12625,25,1,0.3779415583163589,0.5518713691386132,12,middle
12626,26,1,0.706939516584309,0.5236351746969701,12,middle
12627,27,1,0.42167954713713407,0.660168347565697,12,middle
12628,28,1,0.6586645843598103,0.6126729270946016,12,middle
12629,29,1,0.43705126043559095,0.5158133704522211,12,middle
12630,30,1,0.09460742071204423,0.6215680522308262,12,middle
12631,31,1,0.4058395331664246,0.5552227327771031,12,middle
12632,32,1,0.11983789657046187,0.6152456316643151,12,middle
12633,33,1,0.313210925380213,0.4647872288317917,12,middle
12634,34,1,0.7818767204619628,0.4077273816075556,12,middle
12635,35,1,0.8281816788958469,0.38115833862712667,12,middle
12636,36,1,0.13028578183990033,0.7053195594907451,12,middle
12637,37,1,0.8529080389581694,0.46570897457954746,12,middle
12638,38,1,0.21842499460710077,0.5229263751640708,12,middle
12639,39,1,0.8081633944618511,0.2699786966542703,12,middle
12640,40,1,0.24507575917749588,0.5249259673202559,12,middle
12641,41,1,0.28611161414429426,0.5250779606942213,12,middle
12642,42,1,0.5917349511797914,0.3713838383135724,12,middle
12643,43,1,0.5538655241676382,0.30220157181502905,12,middle
12644,44,1,0.5413237652489493,0.40461184893057356,12,middle
12645,45,1,0.5677242016029668,0.38012379797667445,12,middle
12646,46,1,0.4978032460592988,0.503494135717688,12,middle
12647,47,1,0.2446729049554647,0.5155283605476483,12,middle
12648,48,1,0.5049771250768632,0.47994869176963817,12,middle
12649,49,1,0.4686596065733132,0.5876684241801015,12,middle
12650,50,1,0.4804398242546392,0.4938855963705059,12,middle
12651,51,1,0.5210645628468534,0.46671266256886434,12,middle
12652,52,1,0.5905042916445142,0.5535096245143145,12,middle
12653,53,1,0.5812166665830465,0.5079295390055103,12,middle
12654,54,1,0.5482045166692935,0.45514115064694527,12,middle
12655,55,1,0.5808602214585408,0.4084878691135806,12,middle
12656,56,1,0.3642592200856769,0.619516528815927,12,middle
12657,57,1,0.27557977441226544,0.5360719413276669,12,middle
12658,58,1,0.49946869077924405,0.519991145346463,12,middle
12659,59,1,0.5230167759466905,0.5360750158528657,12,middle
12660,60,1,0.5638525001985859,0.5513316604188091,12,middle
12661,61,1,0.45980236247261036,0.3794037617086917,12,middle
12662,62,1,0.5538767358525417,0.5898479996629228,12,middle
12663,63,1,0.5738334216790315,0.6143503318609249,12,middle
12664,64,1,0.5249891533431917,0.5180993201266584,12,middle
12665,65,1,0.482042968560176,0.5062168099008408,12,middle
12666,66,1,0.451373697331455,0.557707796860313,12,middle
12667,67,1,0.574731294131547,0.6756962757571863,12,middle
12668,68,1,0.48800577504649834,0.530259781789631,12,middle
12669,69,1,0.5191320674101603,0.4941570486858886,12,middle
12670,70,1,0.4310905906744109,0.5374835951877153,12,middle
12671,71,1,0.4732371771473437,0.5200110323119322,12,middle
12672,72,1,0.474716325878845,0.5872416086578024,12,middle
12673,73,1,0.450610219623217,0.4831547769391469,12,middle
12674,74,1,0.4609288292789801,0.5722271376104411,12,middle
12675,75,1,0.5740969168282685,0.5834656783421024,12,middle
12676,76,1,0.5152697441870506,0.514529187487035,12,middle
12677,77,1,0.366942630191366,0.43512486247190396,12,middle
12678,78,1,0.3716719713765043,0.48115605498437,12,middle
12679,79,1,0.4633986020606066,0.4351991722873323,12,middle
12680,80,1,0.8914510604843893,0.48549161499243465,12,middle
12681,81,1,0.1393929290417073,0.5903346247915724,12,middle
12682,82,1,0.14927374591594922,0.5468263965337223,12,middle
12683,83,1,0.1670732199341734,0.4512503090480574,12,middle
12684,84,1,0.2351813422109587,0.5447105675149849,12,middle
12685,85,1,0.8416221202987852,0.4275812239884761,12,middle
12686,86,1,0.2591279845869558,0.5185114412257444,12,middle
12687,87,1,0.3278613476000755,0.5951996380004301,12,middle
12688,88,1,0.7819944398760175,0.5293749065521618,12,middle
12689,89,1,0.7344880694517019,0.31566536595115646,12,middle
12690,90,1,0.34408514963750114,0.5731252862918683,12,middle
12691,91,1,0.302488247969449,0.40289135128815334,12,middle
12692,92,1,0.38772123839217737,0.6215081578214146,12,middle
12693,93,1,0.7500502747377692,0.31596083859861684,12,middle
12694,94,1,0.7912423865352632,0.36154293154422235,12,middle
12695,95,1,0.3827730544217803,0.37214890427958447,12,middle
12696,96,1,0.34225226195414493,0.5125104901925567,12,middle
12697,97,1,0.6079087078607778,0.32813672682343925,12,middle
12698,98,1,0.713981999829099,0.4776644868733566,12,middle
12699,99,1,0.8204165102567165,0.3804936912449179,12,middle
12700,100,1,0.8030921142323838,0.49340965692734673,12,middle
12701,101,1,0.31537151985859724,0.47308604260211506,12,middle
12702,102,1,0.8496819313837436,0.5476207463917273,12,middle
12703,103,1,0.1272840185267688,0.4764458992513435,12,middle
12704,104,1,0.7873691829279701,0.3832250840376111,12,middle
12705,105,1,0.4482032475822544,0.4999385247900412,12,middle
12706,106,1,0.17770870258268373,0.46867445372437344,12,middle
12707,107,1,0.29363956398271024,0.37686250115362263,12,middle
12708,108,1,0.8378557411463627,0.4592315795941496,12,middle
12709,109,1,0.19164950706887987,0.4789727040953776,12,middle
12710,110,1,0.38040590243160083,0.5430380473667098,12,middle
12711,111,1,0.3563497892209292,0.4387539420706531,12,middle
12712,112,1,0.9157978913721483,0.528145114293924,12,middle
12713,113,1,0.36446712536868553,0.5088289493005493,12,middle
12714,114,1,0.36429272470042906,0.41158923459376756,12,middle
12715,115,1,0.8190452153964728,0.36719658336325023,12,middle
12716,116,1,0.9085566867814617,0.5167781516567403,12,middle
12717,117,1,0.8766638222674374,0.3925686962699733,12,middle
12718,118,1,0.34160626146326617,0.5105655929779558,12,middle
12719,119,1,0.8935718060429308,0.3994469979243084,12,middle
12720,120,1,0.49068025494414347,0.5663467403455862,12,middle
12721,121,1,0.8439453686122296,0.41238978104183976,12,middle
12722,122,1,0.5245574970425306,0.5081431212604228,12,middle
12723,123,1,0.9496765021586797,0.4826713003150781,12,middle
12724,124,1,0.5247935169095148,0.4882964200058184,12,middle
12725,125,1,0.9308345116042598,0.4132892059088113,12,middle
12726,126,1,0.49087597089954593,0.5173553843815365,12,middle
12727,127,1,0.0771859540472326,0.44721601640767983,12,middle
12728,128,1,0.525887643714927,0.5867283962590748,12,middle
12729,129,1,0.23644277036167097,0.6557311939530155,12,middle
12730,130,1,0.324815579067501,0.5376244824063935,12,middle
12731,131,1,0.9002745373660581,0.29652173307647045,12,middle
12732,132,1,0.4096386171204529,0.43402432751051645,12,middle
12733,133,1,0.8085372442849588,0.33632037553681254,12,middle
12734,134,1,0.3378455306388481,0.4522884348031978,12,middle
12735,135,1,0.8519406419515523,0.5113541239285162,12,middle
12736,136,1,0.5193091082192622,0.5014479727952403,12,middle
12737,137,1,0.19697920535509716,0.6619388934786169,12,middle
12738,138,1,0.5060834650966334,0.4614411511496436,12,middle
12739,139,1,0.09761481948213878,0.5593410818822091,12,middle
12740,140,1,0.46325750367172236,0.46029042824022326,12,middle
12741,141,1,0.9281778485820327,0.4632284194880824,12,middle
12742,142,1,0.3492959348105713,0.46712499290817394,12,middle
12743,143,1,0.17933661467919487,0.4381067698711607,12,middle
12744,144,1,0.4765866661758949,0.5663748888935973,12,middle
12745,145,1,0.2909458733101535,0.4956250584958406,12,middle
12746,146,1,0.3397964552744211,0.47796854119732707,12,middle
12747,147,1,0.8863468783628523,0.39907715865278826,12,middle
12748,148,1,0.5579312907814407,0.51428787716125,12,middle
12749,149,1,0.2875338329000129,0.5535305161678005,12,middle
12750,150,1,0.5762595958044541,0.4801834059429336,12,middle
12751,151,1,0.9233973866057839,0.37183699687572613,12,middle
12752,152,1,0.47006896189488684,0.4531868968128179,12,middle
12753,153,1,0.3002015649134877,0.6809078349665705,12,middle
12754,154,1,0.5164510649468002,0.49654007121631927,12,middle
12755,155,1,0.20565216025737598,0.4511814243370946,12,middle
12756,156,1,0.30695899338103627,0.6767109606271478,12,middle
12757,157,1,0.783195843298206,0.34128989003720167,12,middle
12758,158,1,0.4299760549874141,0.627190259275433,12,middle
12759,159,1,0.8281810945937358,0.47459123778561063,12,middle
12760,160,1,0.5092071697805974,0.5330203466094129,12,middle
12761,161,1,0.42553177637087314,0.48289132166242166,12,middle
12762,162,1,0.827014379995777,0.3995076467160179,12,middle
12763,163,1,0.3730097685357898,0.4107512572018249,12,middle
12764,164,1,0.20312858523336774,0.5163349396351248,12,middle
12765,165,1,0.39576847268807336,0.46955407482515304,12,middle
12766,166,1,0.4794669783462597,0.46628877786570655,12,middle
12767,167,1,0.5071699724840162,0.5537408790644371,12,middle
12768,168,1,0.9290314275311213,0.3459757242338902,12,middle
12769,169,1,0.8251811832666578,0.2686008777220716,12,middle
12770,170,1,0.4973800228721591,0.527471111735208,12,middle
12771,171,1,0.20592920360212652,0.6099018095417676,12,middle
12772,172,1,0.9425275277225796,0.35240248351464615,12,middle
12773,173,1,0.9348402840745278,0.43215293948051403,12,middle
12774,174,1,0.8611369921821108,0.36559097447072775,12,middle
12775,175,1,0.49204503971759417,0.47936312414938614,12,middle
12776,176,1,0.4944871436610262,0.33392914042541566,12,middle
12777,177,1,0.8358921410340967,0.3192111534502098,12,middle
12778,178,1,0.18032905370651078,0.4659972203641443,12,middle
12779,179,1,0.38311182139771754,0.513928490735012,12,middle
12780,180,1,0.3853602822319602,0.600073028267382,12,middle
12781,181,1,0.5329148291962669,0.5078458375608473,12,middle
12782,182,1,0.3554147303395157,0.46087176817826214,12,middle
12783,183,1,0.2525143439585906,0.6973838145861515,12,middle
12784,184,1,0.46635537109071123,0.4410783607269305,12,middle
12785,185,1,0.649269153052952,0.3966549797787028,12,middle
12786,186,1,0.4533236269727687,0.5237195650401545,12,middle
12787,187,1,0.49684499704280216,0.5125956155566029,12,middle
12788,188,1,0.3878309620932332,0.4482376813515295,12,middle
12789,189,1,0.4663121609061104,0.4734750729463967,12,middle
12790,190,1,0.4076419724643986,0.668486545105001,12,middle
12791,191,1,0.4090072553515132,0.47643100665812477,12,middle
12792,192,1,0.5043418958550656,0.43883777694063153,12,middle
12793,193,1,0.1987061011424412,0.4062501863404603,12,middle
12794,194,1,0.9118898313408897,0.34312800894362183,12,middle
12795,195,1,0.9335410373381194,0.37383097251202535,12,middle
12796,196,1,0.4363241488677433,0.4153914228368346,12,middle
12797,197,1,0.2894004136536935,0.4494057647067116,12,middle
12798,198,1,0.45064496461898157,0.39575042528311233,12,middle
12799,199,1,0.4372027922643368,0.5350479907751211,12,middle
12800,0,0,0.19978863197147304,1.3738868804001778,12,late
12801,1,0,0.7197863939712508,0.8774050925017256,12,late
12802,2,1,0.5033065259337055,1.1559377488707172,12,late
12803,3,2,0.8602559813872726,1.2278835148226261,12,late
12804,4,3,0.8960042243774904,0.8976139502271617,12,late
12805,5,4,0.30469635880555207,0.9281574938065724,12,late
12806,6,5,0.7149629311259178,1.5610146680901136,12,late
12807,7,0,0.3426233467347351,0.6257536373862931,12,late
12808,8,6,0.14319118787594023,0.9090918154319959,12,late
12809,9,7,0.5543292695681536,1.2246483656164644,12,late
12810,10,8,0.27827029747122267,0.8757910281977279,12,late
12811,11,9,0.25164128072850833,0.865594886493936,12,late
12812,12,10,0.6720535602397295,1.0318088449688791,12,late
12813,13,11,0.43094482253950106,1.130108387954879,12,late
12814,14,12,0.4995705338796749,0.9164403164621152,12,late
12815,15,13,0.23371288529500733,0.8091513082405642,12,late
12816,16,14,0.3900561769949389,1.1366940374820924,12,late
12817,17,8,0.5285478754151975,0.6583017472285174,12,late
12818,18,8,0.4247384570337358,0.9486597421484213,12,late
12819,19,15,0.8769890089551262,1.0521818906327987,12,late
12820,20,0,0.7357322174843204,0.6452679976159281,12,late
12821,21,8,0.33286247520678086,0.7657857148714684,12,late
12822,22,8,0.5029324813897569,0.9405207516627423,12,late
12823,23,8,0.23894618863986905,0.8084156510570277,12,late
12824,24,8,0.40352767089380065,0.9510056146747365,12,late
12825,25,0,0.7453251592797292,0.9451471624843328,12,late
12826,26,0,0.6356169248156253,1.0470356901098818,12,late
12827,27,8,0.49508591631330184,0.7997525800430995,12,late
12828,28,8,0.25671590385320825,0.781830488235087,12,late
12829,29,16,0.5140475267749617,1.0083999936190113,12,late
12830,30,8,0.7132648369922299,0.6598918852675433,12,late
12831,31,9,0.9172301287787066,0.8330213305877396,12,late
12832,32,0,0.042432739983813056,1.006006269657134,12,late
12833,33,8,0.05342545701838912,0.927950192747313,12,late
12834,34,8,0.5441197023737612,0.7562265849562105,12,late
12835,35,8,0.47245343926842015,0.7275406922106866,12,late
12836,36,0,0.64238537740234,0.8018298743757717,12,late
12837,37,0,0.2723813361481795,0.7029231094973596,12,late
12838,38,8,0.1731357869819375,0.751216347214742,12,late
12839,39,0,0.5181666900355003,0.9439224162770172,12,late
12840,40,0,0.2935309173152504,0.7999471468023109,12,late
12841,41,0,0.21809149582674878,0.9842727691093803,12,late
12842,42,8,0.3015997682441101,0.7835915968462398,12,late
12843,43,0,0.30706878614956556,0.6045774369976137,12,late
12844,44,8,0.5629233480784734,0.7290927533440961,12,late
12845,45,0,0.4098449312567879,0.6062871120741572,12,late
12846,46,0,0.1909490777037212,0.843617504298469,12,late
12847,47,9,0.9185219382895258,0.7850659569142842,12,late
12848,48,8,0.19665334048099295,0.7157307804120967,12,late
12849,49,8,0.8671466007602318,0.7242406260298294,12,late
12850,50,0,0.29161711819265507,0.8511463020130869,12,late
12851,51,0,0.8251752904717075,0.7325900659307838,12,late
12852,52,0,0.6469500037011742,0.7325921901658754,12,late
12853,53,8,0.6704669169280044,0.6350271501929776,12,late
12854,54,0,0.2788609416649312,0.7385203283034887,12,late
12855,55,0,0.8787431268639163,0.6075900645784493,12,late
12856,56,8,0.17126921368763767,0.7233429831320124,12,late
12857,57,0,0.7683385389883557,0.6309547435828886,12,late
12858,58,8,0.6128191133667397,0.6894359772767178,12,late
12859,59,0,0.13016356838452395,0.5330451975145968,12,late
12860,60,0,0.4338657069172997,0.8116507165819387,12,late
12861,61,0,0.8297657442673612,0.5995455210886447,12,late
12862,62,0,0.5872530374694631,0.5688341181272466,12,late
12863,63,8,0.5777684731745107,0.7273383414783046,12,late
12864,64,0,0.57803973254534,0.7089399663776219,12,late
12865,65,0,0.8195579918336369,0.5930849693920495,12,late
12866,66,0,0.41245045309406697,0.6926379147203713,12,late
12867,67,0,0.7710191889405886,0.5157489604274951,12,late
12868,68,8,0.21316075891351058,0.616297276471695,12,late
12869,69,0,0.8041445605912213,0.4800860413875241,12,late
12870,70,0,0.7011298165191966,0.520779447096108,12,late
12871,71,0,0.8813299416245632,0.791543303556654,12,late
12872,72,0,0.5712222079195692,0.6911407934049806,12,late
12873,73,0,0.8709423657834606,0.6838861580484779,12,late
12874,74,0,0.4053994949249955,0.578268738480157,12,late
12875,75,0,0.11884941225866275,0.7598100134936343,12,late
12876,76,0,0.16700544874112244,0.6922231256616443,12,late
12877,77,0,0.09755538580760742,0.5947529712357348,12,late
12878,78,0,0.561620622294327,0.6180982846069514,12,late
12879,79,0,0.17203307700569492,0.4750936810468914,12,late
12880,80,0,0.6271114227456981,0.5541426109098276,12,late
12881,81,0,0.28389456198996876,0.6103042645802934,12,late
12882,82,0,0.7561285066357619,0.5122490491944578,12,late
12883,83,0,0.6817089925628371,0.32131022561770145,12,late
12884,84,0,0.6776354606206954,0.40210674568332555,12,late
12885,85,0,0.34766032532077495,0.5958803755729526,12,late
12886,86,0,0.2874325313679434,0.5945637006883887,12,late
12887,87,0,0.26733322820975325,0.5281022581553023,12,late
12888,88,0,0.5629659168641772,0.6607887592942112,12,late
12889,89,0,0.6874819827720876,0.5471987936039676,12,late
12890,90,0,0.2970475173620624,0.629706205406884,12,late
12891,91,0,0.7209692666033027,0.5076420852404441,12,late
12892,92,0,0.6413986037035467,0.5573325622523502,12,late
12893,93,0,0.31137136903972185,0.4981956471117266,12,late
12894,94,0,0.28730565988676876,0.5214527421432895,12,late
12895,95,0,0.6425113592970946,0.58824808391189,12,late
12896,96,0,0.6973006381927316,0.33681759183066284,12,late
12897,97,0,0.6590377730655195,0.4458744493397456,12,late
12898,98,0,0.317173473122417,0.5609515093869174,12,late
12899,99,0,0.6927530542332592,0.48213122010009957,12,late
12900,100,0,0.7397406226454301,0.4129871997558452,12,late
12901,101,0,0.6477320457114666,0.4411568592362973,12,late
12902,102,0,0.7563696748387063,0.4607201126425775,12,late
12903,103,0,0.7790777522089138,0.47303163699133133,12,late
12904,104,0,0.36729140806637733,0.49235200309563254,12,late
12905,105,0,0.6954718538421792,0.524619318829406,12,late
12906,106,0,0.7041402791340166,0.4339453545311285,12,late
12907,107,0,0.6759708300308588,0.39940710552842934,12,late
12908,108,0,0.30080955410594695,0.511409303869411,12,late
12909,109,0,0.7219404158899679,0.5021624424545099,12,late
12910,110,0,0.28940335925919575,0.5486131513140298,12,late
12911,111,0,0.6669741919117284,0.4650710000506363,12,late
12912,112,0,0.2862845586582443,0.4800660341165871,12,late
12913,113,8,0.17862617615042586,0.6131795830149185,12,late
12914,114,0,0.7610560288103768,0.6028064813675675,12,late
12915,115,8,0.21288637796326032,0.5284311006013966,12,late
12916,116,0,0.2750966505015845,0.5302854766197285,12,late
12917,117,0,0.7133005003320552,0.37479573011179124,12,late
12918,118,0,0.7213542992862801,0.48968742693378103,12,late
12919,119,0,0.8270026054677919,0.6575124573841306,12,late
12920,120,0,0.30328330487320154,0.7429758861296767,12,late
12921,121,8,0.7598859730146903,0.672461283604165,12,late
12922,122,0,0.29579214083254446,0.419300087834473,12,late
12923,123,0,0.6607982204409634,0.46339343856212833,12,late
12924,124,0,0.3305223307458621,0.5376885385358674,12,late
12925,125,0,0.6564891159712185,0.5387815864600318,12,late
12926,126,0,0.7010440363375734,0.43118196940319664,12,late
12927,127,0,0.7295396059401635,0.47070958897308424,12,late
12928,128,0,0.21268262155319445,0.5140041918307393,12,late
12929,129,0,0.21220121535018147,0.44647978037037983,12,late
12930,130,0,0.6646388157037988,0.6688818579099124,12,late
12931,131,0,0.4016668769822891,0.5480611011901213,12,late
12932,132,0,0.6451022827966806,0.5605369556681004,12,late
12933,133,0,0.6824943053451535,0.4935820934949933,12,late
12934,134,0,0.7200793366279167,0.4816036908086413,12,late
12935,135,0,0.32837891027991983,0.5072558760206041,12,late
12936,136,0,0.782483872998468,0.605206179142546,12,late
12937,137,0,0.7078643206648829,0.584814921413124,12,late
12938,138,0,0.24053189771015307,0.5770490976012574,12,late
12939,139,0,0.7244863039642593,0.5283277832036454,12,late
12940,140,0,0.14541549797781864,0.40976110966775814,12,late
12941,141,0,0.21532439878985013,0.6699614307864457,12,late
12942,142,0,0.23195546351618956,0.46922032339595576,12,late
12943,143,0,0.5837222333059613,0.5998390463460965,12,late
12944,144,0,0.6931356731204978,0.4805950469485507,12,late
12945,145,0,0.7209616910408883,0.5476488429930689,12,late
12946,146,0,0.7596170688650812,0.6569298315558734,12,late
12947,147,0,0.28208114763541137,0.49554648113163513,12,late
12948,148,0,0.14772116221406395,0.5188894882219746,12,late
12949,149,0,0.1846405367426281,0.6204627380818146,12,late
12950,150,0,0.8781436508158307,0.4089376334905105,12,late
12951,151,0,0.19101393216731827,0.6793675591411488,12,late
12952,152,0,0.2886267062990878,0.5643490141646016,12,late
12953,153,0,0.8246413925609372,0.5377958967727056,12,late
12954,154,0,0.7775003146895554,0.41900790815243316,12,late
12955,155,0,0.6232259954878578,0.5676097822990478,12,late
12956,156,0,0.27463695158657386,0.5455863099731042,12,late
12957,157,0,0.8295489665366385,0.5688678586603322,12,late
12958,158,0,0.2956267184572126,0.4873394612730263,12,late
12959,159,0,0.8025919062481651,0.42106674500635355,12,late
12960,160,0,0.3406840746578244,0.5279457197337906,12,late
12961,161,0,0.8208548180953246,0.45861796410199346,12,late
12962,162,0,0.8612242458103339,0.6453850635346206,12,late
12963,163,0,0.8170344384589683,0.564103050901073,12,late
12964,164,0,0.3664950950184197,0.6926644660694068,12,late
12965,165,0,0.8456597441990568,0.5864395572324201,12,late
12966,166,0,0.586850438405105,0.4407846119989778,12,late
12967,167,0,0.6215620088483447,0.6178066616833452,12,late
12968,168,0,0.5656648900191292,0.41547298771040575,12,late
12969,169,0,0.13389762950314993,0.479180965455588,12,late
12970,170,0,0.7543104624945569,0.4576919888748883,12,late
12971,171,0,0.19574375606326633,0.500900603990628,12,late
12972,172,0,0.37327432631885626,0.5414191752220913,12,late
12973,173,0,0.6986576297331728,0.3673219457295662,12,late
12974,174,0,0.778702376341367,0.32768723258081667,12,late
12975,175,0,0.7217160254212629,0.5911714539483496,12,late
12976,176,0,0.25517343336358317,0.6903107807301201,12,late
12977,177,0,0.7004752380753655,0.6221288274257856,12,late
12978,178,0,0.3914609741852838,0.6108605750648024,12,late
12979,179,0,0.789931499681811,0.5345761036693641,12,late
12980,180,0,0.40994638304785364,0.5110455195146631,12,late
12981,181,0,0.7802448374595153,0.45886532307051076,12,late
12982,182,0,0.19207898809232882,0.6108959182360736,12,late
12983,183,0,0.8362292938748115,0.5613479716829146,12,late
12984,184,0,0.2224279792815247,0.5438168954459546,12,late
12985,185,0,0.4655680256155114,0.4290749433807707,12,late
12986,186,0,0.40482963936768696,0.40201423772591893,12,late
12987,187,0,0.3954107526278722,0.4273424749158805,12,late
12988,188,0,0.6571083782685788,0.53910494740562,12,late
12989,189,0,0.19973872985903868,0.46073212850099765,12,late
12990,190,0,0.7397942474115615,0.4445257315655452,12,late
12991,191,0,0.7662692984594273,0.44554461522095024,12,late
12992,192,0,0.36315888931279505,0.49628572699151685,12,late
12993,193,0,0.21894217622923903,0.5496258897904542,12,late
12994,194,0,0.2483429312161206,0.49412580179870924,12,late
12995,195,0,0.49084706788838073,0.5706508232672349,12,late
12996,196,0,0.4770592186644254,0.6295448827315846,12,late
12997,197,0,0.144641570219108,0.6193270727798393,12,late
12998,198,0,0.4599364577667259,0.5313803238774518,12,late
12999,199,0,0.5226430136618909,0.5493602143802497,12,late
13000,0,0,0.2704504280468063,0.9404739543506909,13,interleaved
13001,1,0,0.1685052983824934,0.7769198116001925,13,interleaved
13002,2,0,0.18075032694384074,0.6714860396940256,13,interleaved
13003,3,0,0.1031039479424008,0.7788010687851004,13,interleaved
13004,4,1,0.5331393868181504,0.9185421393747674,13,interleaved
13005,5,0,0.7395120212526696,0.4354868555106559,13,interleaved
13006,6,2,0.15484703459317617,1.0937007950832853,13,interleaved
13007,7,3,0.9874632352903825,1.096098095538354,13,interleaved
13008,8,0,0.6248045143665075,0.6081600706725823,13,interleaved
13009,9,0,0.17316558711422378,0.5748485047671031,13,interleaved
13010,10,0,0.09919128279725423,0.6466568899966904,13,interleaved
13011,11,0,0.31425637958644903,0.7352597817700897,13,interleaved
13012,12,0,0.7468179839320568,0.6116897001310134,13,interleaved
13013,13,0,0.3707973666441634,0.8118672750262979,13,interleaved
13014,14,0,0.044966213171251414,0.7629770028764445,13,interleaved
13015,15,0,0.5887822185433254,0.5848993538103932,13,interleaved
13016,16,0,0.1601831993464116,0.6880224603988482,13,interleaved
13017,17,0,0.3870048771604707,0.6485385182356757,13,interleaved
13018,18,0,0.9446685927095059,0.32997019224160623,13,interleaved
13019,19,0,0.6370691378429126,0.5086414904597862,13,interleaved
13020,20,0,0.8131683936976015,0.47538289958254865,13,interleaved
13021,21,0,0.3366816095257007,0.7471311879996638,13,interleaved
13022,22,0,0.9437456773468762,0.3962735397827834,13,interleaved
13023,23,0,0.2504302703430398,0.6263572197166605,13,interleaved
13024,24,0,0.05616499826945387,0.5679019611900147,13,interleaved
13025,25,0,0.40916047228240415,0.4250379149241881,13,interleaved
13026,26,0,0.08903158523027839,0.5777898468765824,13,interleaved
13027,27,0,0.5874976854955997,0.5511751661731914,13,interleaved
13028,28,0,0.8842088896541003,0.4732330815156174,13,interleaved
13029,29,0,0.6792992683853837,0.49331172406292056,13,interleaved
13030,30,0,0.9087811866853497,0.5902881825730286,13,interleaved
13031,31,0,0.5754647527672776,0.4668138439872136,13,interleaved
13032,32,0,0.29186405927059755,0.6528840636607732,13,interleaved
13033,33,0,0.6885404974693545,0.5469199647569631,13,interleaved
13034,34,0,0.06124568414987734,0.7801254854103137,13,interleaved
13035,35,0,0.3247219452572646,0.5284636462320405,13,interleaved
13036,36,0,0.10427528341703843,0.5179964301379478,13,interleaved
13037,37,0,0.61687166539065,0.3640509119376137,13,interleaved
13038,38,0,0.11693817404235486,0.5147763360754483,13,interleaved
13039,39,0,0.5695340473979698,0.6260084160324038,13,interleaved
13040,40,0,0.8596176310879573,0.5042342723578523,13,interleaved
13041,41,0,0.60283503520318,0.44715341781231344,13,interleaved
13042,42,0,0.10155330028741696,0.6371695611845656,13,interleaved
13043,43,0,0.5889073378067798,0.38940242253331114,13,interleaved
13044,44,0,0.8817856623613134,0.2912283119997417,13,interleaved
13045,45,0,0.5396320299378096,0.42684663313602866,13,interleaved
13046,46,0,0.8554648151014952,0.3843247036953733,13,interleaved
13047,47,0,0.2608864852519541,0.5800692751579604,13,interleaved
13048,48,0,0.05871936222658162,0.7398175911314715,13,interleaved
13049,49,0,0.6521343980064905,0.4535904478204538,13,interleaved
13050,50,0,0.8628941527958297,0.37548502672085904,13,interleaved
13051,51,0,0.6389657100431773,0.39167535530165276,13,interleaved
13052,52,0,0.17072369515603025,0.6511930012668109,13,interleaved
13053,53,0,0.36952155255279323,0.5588329441825168,13,interleaved
13054,54,0,0.19881099673688013,0.5259638825803419,13,interleaved
13055,55,0,0.42492999206716314,0.5056010289011856,13,interleaved
13056,56,0,0.16479488513866514,0.4023394317887663,13,interleaved
13057,57,0,0.5225064395910786,0.6192574782210623,13,interleaved
13058,58,0,0.6894152090214214,0.5410202056828533,13,interleaved
13059,59,0,0.4370536375539855,0.3667097766151252,13,interleaved
13060,60,0,0.2074571476344775,0.5353327498311226,13,interleaved
13061,61,0,0.700669480422476,0.34912129001583825,13,interleaved
13062,62,0,0.22875860561615077,0.5824913132842092,13,interleaved
13063,63,0,0.4563424984835123,0.4730352472803032,13,interleaved
13064,64,0,0.7972760758117117,0.4824296540074311,13,interleaved
13065,65,0,0.34684118202679165,0.5771457931134096,13,interleaved
13066,66,0,0.7902882281489418,0.5021796344954647,13,interleaved
13067,67,0,0.6775900745423193,0.4714225775179244,13,interleaved
13068,68,0,0.7164716628330797,0.42784701290181393,13,interleaved
13069,69,0,0.5903961567527778,0.5926929154167709,13,interleaved
13070,70,0,0.19681101871484713,0.5645679511884396,13,interleaved
13071,71,0,0.2095380449289477,0.6022856195119564,13,interleaved
13072,72,0,0.6737983534964262,0.3115357940625277,13,interleaved
13073,73,0,0.41300569740004267,0.4767949062541551,13,interleaved
13074,74,0,0.2573161246509453,0.49169864746330505,13,interleaved
13075,75,0,0.8288027103343116,0.5104463400104842,13,interleaved
13076,76,0,0.7713396267758683,0.33645262641577633,13,interleaved
13077,77,0,0.46429749021059796,0.5343292410771325,13,interleaved
13078,78,0,0.7602318564255832,0.45130249242591913,13,interleaved
13079,79,0,0.515993404910362,0.42374915734018254,13,interleaved
13080,80,0,0.2725732450286896,0.5290280558374625,13,interleaved
13081,81,0,0.7873751783131803,0.5684128383720624,13,interleaved
13082,82,0,0.731803193080332,0.519042505042762,13,interleaved
13083,83,0,0.3559847347147713,0.5944308923023225,13,interleaved
13084,84,0,0.21513517389893447,0.519264403376918,13,interleaved
13085,85,0,0.7508508053257101,0.4113224830206122,13,interleaved
13086,86,0,0.28756127215384986,0.45108983282635584,13,interleaved
13087,87,0,0.7160067223557697,0.5093418804174428,13,interleaved
13088,88,0,0.3355100038200185,0.5686612099966678,13,interleaved
13089,89,0,0.42667174954580833,0.5452609386700031,13,interleaved
13090,90,0,0.31100936118068423,0.47058450323992357,13,interleaved
13091,91,0,0.7873920464180164,0.463389890342929,13,interleaved
13092,92,0,0.6474938023310102,0.4192396964379549,13,interleaved
13093,93,0,0.3803613126003074,0.42466972284916654,13,interleaved
13094,94,0,0.6619667983678252,0.45535907730947234,13,interleaved
13095,95,0,0.19810135466447193,0.588007734136362,13,interleaved
13096,96,0,0.7138466207006013,0.3429813642152566,13,interleaved
13097,97,0,0.6133182195478374,0.49943929735623616,13,interleaved
13098,98,0,0.7892424401038876,0.43633503615687125,13,interleaved
13099,99,0,0.6755802818534,0.4002883279216386,13,interleaved
13100,100,0,0.6142531371179576,0.47941056491909495,13,interleaved
13101,101,0,0.16246499512422366,0.5526036358404928,13,interleaved
13102,102,0,0.28803390626930786,0.5728317204657032,13,interleaved
13103,103,0,0.3327293317395093,0.5489029236792272,13,interleaved
13104,104,0,0.8181573740342543,0.3646154399288161,13,interleaved
13105,105,0,0.67719364072258,0.3949778969130555,13,interleaved
13106,106,0,0.23090237466941121,0.6134173247155253,13,interleaved
13107,107,0,0.6888447171834023,0.44871261224980497,13,interleaved
13108,108,0,0.21637164602598002,0.49860905288064006,13,interleaved
13109,109,0,0.3006809079077122,0.49693924653511645,13,interleaved
13110,110,0,0.8074545276424303,0.5323385222323899,13,interleaved
13111,111,0,0.24597989536930365,0.5386615694254465,13,interleaved
13112,112,0,0.25322447324634245,0.392766080975401,13,interleaved
13113,113,0,0.7356481039701933,0.3279361771562432,13,interleaved
13114,114,0,0.20718840453856838,0.5985052410184739,13,interleaved
13115,115,0,0.5891097409018952,0.35793082800779663,13,interleaved
13116,116,0,0.6101065660007501,0.4199641248016766,13,interleaved
13117,117,0,0.7326572798157982,0.4842398647910548,13,interleaved
13118,118,0,0.25992495699073437,0.39310276954486834,13,interleaved
13119,119,0,0.7494158056448357,0.6140588208777769,13,interleaved
13120,120,0,0.7119321288403898,0.3984520652587823,13,interleaved
13121,121,0,0.3728425138786663,0.6032933644421157,13,interleaved
13122,122,0,0.3183636807186841,0.557594062697594,13,interleaved
13123,123,0,0.1408876403763959,0.4498549033357647,13,interleaved
13124,124,0,0.21026040237798166,0.420302366904983,13,interleaved
13125,125,0,0.7231037920615089,0.42499609499275287,13,interleaved
13126,126,0,0.2725171306136888,0.4884042870249611,13,interleaved
13127,127,0,0.6826732886051922,0.4510719018247595,13,interleaved
13128,128,0,0.6571503968873341,0.4783631494739165,13,interleaved
13129,129,0,0.6369243533789555,0.3528721459358153,13,interleaved
13130,130,0,0.304913865489425,0.41539638268268575,13,interleaved
13131,131,0,0.18921921470261502,0.5150778511390447,13,interleaved
13132,132,0,0.342490312182958,0.43941165202074817,13,interleaved
13133,133,0,0.27808793353618877,0.49173809549050473,13,interleaved
13134,134,0,0.420360619708782,0.5012523247081714,13,interleaved
13135,135,0,0.6589341955250181,0.45006071531392255,13,interleaved
13136,136,0,0.6096445356407391,0.3258231162987431,13,interleaved
13137,137,0,0.12246072814502565,0.4321956424507906,13,interleaved
13138,138,0,0.40556764396483763,0.4688291466093003,13,interleaved
13139,139,0,0.3859208696828993,0.6272109808059004,13,interleaved
13140,140,0,0.4111168721035461,0.5166085359984443,13,interleaved
13141,141,0,0.6729805294087479,0.3918786468450239,13,interleaved
13142,142,0,0.5378342599114058,0.4986187548650416,13,interleaved
13143,143,0,0.55283423383312,0.4520608993305081,13,interleaved
13144,144,0,0.4292145843079284,0.5314715989442861,13,interleaved
13145,145,0,0.3915010019561207,0.5613680590864365,13,interleaved
13146,146,0,0.6801512495762596,0.5004666956842345,13,interleaved
13147,147,0,0.40909013222208984,0.5148103902631995,13,interleaved
13148,148,0,0.7583242495477854,0.3884317778365809,13,interleaved
13149,149,0,0.47707913400573454,0.5286019094533811,13,interleaved
13150,150,0,0.7291160043157721,0.471939804916113,13,interleaved
13151,151,0,0.2466625311706103,0.5529340677747618,13,interleaved
13152,152,0,0.836462012233723,0.6052709004582695,13,interleaved
13153,153,0,0.5357106683389283,0.5060696104447819,13,interleaved
13154,154,0,0.8104725192073878,0.5182821489546395,13,interleaved
13155,155,0,0.632182344338543,0.496060292278053,13,interleaved
13156,156,0,0.7475184240280961,0.32863691098190295,13,interleaved
13157,157,0,0.7529618236314715,0.4075979042605109,13,interleaved
13158,158,0,0.816527073165802,0.38801915217475025,13,interleaved
13159,159,0,0.566210864947006,0.4823810234462357,13,interleaved
13160,160,0,0.3791717451005388,0.5618450486678277,13,interleaved
13161,161,0,0.8112772077126653,0.48037930768052045,13,interleaved
13162,162,0,0.5833940729059869,0.3238136538845108,13,interleaved
13163,163,0,0.32010464142207895,0.5971465171055388,13,interleaved
13164,164,0,0.651463042600571,0.5304713468291958,13,interleaved
13165,165,0,0.2973220325792042,0.572442548207178,13,interleaved
13166,166,0,0.3719519279530623,0.617713339243226,13,interleaved
13167,167,0,0.16987212717449052,0.41912393558954253,13,interleaved
13168,168,0,0.5659809560624603,0.4092214492253948,13,interleaved
13169,169,0,0.7102767462072658,0.35675834198612144,13,interleaved
13170,170,0,0.7874343137237658,0.47720809513000073,13,interleaved
13171,171,0,0.43688649860197465,0.6013652689060027,13,interleaved
13172,172,0,0.4824307451317734,0.3096886352597466,13,interleaved
13173,173,0,0.6936333167323279,0.47145258477443036,13,interleaved
13174,174,0,0.7211462213361834,0.4281886607544607,13,interleaved
13175,175,0,0.44731123324417893,0.5378781009227688,13,interleaved
13176,176,0,0.7216509339177726,0.4454624421149487,13,interleaved
13177,177,0,0.43945859958131395,0.6605843900507979,13,interleaved
13178,178,0,0.777748722641,0.387967762278112,13,interleaved
13179,179,0,0.2697108686244404,0.5895501024154524,13,interleaved
13180,180,0,0.758778715449447,0.41746633686138634,13,interleaved
13181,181,0,0.8758193483984812,0.4643784593093992,13,interleaved
13182,182,0,0.8350799055798913,0.30521854391751824,13,interleaved
13183,183,0,0.2071284270604754,0.6310077748518452,13,interleaved
13184,184,0,0.2957138455729307,0.7300709182719756,13,interleaved
13185,185,0,0.6262212410512786,0.37869977788113274,13,interleaved
13186,186,0,0.499949280127992,0.3336041128859395,13,interleaved
13187,187,0,0.7418352597895679,0.390402814094342,13,interleaved
13188,188,0,0.342021146248495,0.5346625833085492,13,interleaved
13189,189,0,0.4666621614875385,0.5485572255243103,13,interleaved
13190,190,0,0.3122560741615973,0.45941379196461984,13,interleaved
13191,191,0,0.7966306896951454,0.5212051686808368,13,interleaved
13192,192,0,0.46340202952901666,0.3512195205605249,13,interleaved
13193,193,0,0.6541164906522874,0.5572202917254475,13,interleaved
13194,194,0,0.5132227566311707,0.481411658861964,13,interleaved
13195,195,0,0.4539808248480879,0.5300418957182047,13,interleaved
13196,196,0,0.19536226384048516,0.4931817967855892,13,interleaved
13197,197,0,0.48375476679503976,0.48044199930795756,13,interleaved
13198,198,0,0.7520599242392638,0.4201575343414781,13,interleaved
13199,199,0,0.2877476498341248,0.41323092776911985,13,interleaved
13200,0,0,0.7673478291771698,0.5606733463335257,13,blocked
13201,1,0,0.9257892534540861,0.4744312072822119,13,blocked
13202,2,0,0.1725717308479503,0.5950208463966381,13,blocked
13203,3,1,0.7801945928715059,0.7605372853357162,13,blocked
13204,4,0,0.21261703613351368,0.5855015144584259,13,blocked
13205,5,2,0.6896029324990641,0.9023560438179328,13,blocked
13206,6,0,0.07908977792817719,0.531261735735538,13,blocked
13207,7,3,0.9304696642305349,0.6855694704892716,13,blocked
13208,8,0,0.1261160115743431,0.6871034284195316,13,blocked
13209,9,0,0.7627516008053717,0.5335292902607538,13,blocked
13210,10,0,0.256498083981393,0.5229109853543539,13,blocked
13211,11,0,0.12803953782802735,0.682878280879833,13,blocked
13212,12,0,0.6196236781423063,0.568994591240793,13,blocked
13213,13,0,0.7201354907155086,0.4576116544548994,13,blocked
13214,14,0,0.1752448752688638,0.4697870568241627,13,blocked
13215,15,0,0.8310310271670686,0.335946152144052,13,blocked
13216,16,0,0.8103880519031862,0.4749813876652308,13,blocked
13217,17,0,0.5566940869810695,0.5633198793048536,13,blocked
13218,18,0,0.14682374103309287,0.5183747370611345,13,blocked
13219,19,0,0.11621908555218421,0.5064042072631942,13,blocked
13220,20,0,0.1547229919671377,0.42828334406430263,13,blocked
13221,21,0,0.7589284073598013,0.4065484556597846,13,blocked
13222,22,0,0.21478012704169083,0.3805879105193599,13,blocked
13223,23,0,0.8289293287354957,0.38012513954144217,13,blocked
13224,24,0,0.4152472247031972,0.3671459313723341,13,blocked
13225,25,0,0.6399424016236543,0.40305193141586915,13,blocked
13226,26,0,0.5599189237885868,0.41378342724397255,13,blocked
13227,27,0,0.285777358949629,0.5214075107045822,13,blocked
13228,28,0,0.3312451052973449,0.44300753697824263,13,blocked
13229,29,0,0.5033853825300674,0.47999197450785,13,blocked
13230,30,0,0.3390964376330423,0.6025151491602656,13,blocked
13231,31,0,0.49826553808099483,0.495686493084172,13,blocked
13232,32,0,0.4862865299525325,0.569148806308863,13,blocked
13233,33,0,0.505212369172156,0.541076366493663,13,blocked
13234,34,0,0.10612602343284736,0.49900080259022117,13,blocked
13235,35,0,0.5031909133345236,0.46455554255424825,13,blocked
13236,36,0,0.4368675670076923,0.6848918004407499,13,blocked
13237,37,0,0.7023566741286995,0.5496681833439827,13,blocked
13238,38,0,0.2551204739218283,0.3469987202337632,13,blocked
13239,39,0,0.4906049864853397,0.5030115071544625,13,blocked
13240,40,0,0.9066979774627532,0.498082361574996,13,blocked
13241,41,0,0.9571133386770001,0.38803890306301925,13,blocked
13242,42,0,0.9713826089305232,0.4027596542528077,13,blocked
13243,43,0,0.8996382415552946,0.2910736021567385,13,blocked
13244,44,0,0.9850217790094241,0.4712715102695059,13,blocked
13245,45,0,0.07195545592845701,0.4906953170342804,13,blocked
13246,46,0,0.915587370581765,0.38582609707721294,13,blocked
13247,47,0,0.9269372582993823,0.25823585898340706,13,blocked
13248,48,0,0.07548624019315592,0.563662853235553,13,blocked
13249,49,0,0.053964292751737364,0.48854889104394317,13,blocked
13250,50,0,0.9845484250529275,0.4195527131438662,13,blocked
13251,51,0,0.9592920963484965,0.35661271628428737,13,blocked
13252,52,0,0.1964052218899621,0.4512456332549269,13,blocked
13253,53,0,0.4234162276701057,0.5936047712738153,13,blocked
13254,54,0,0.9852984816632131,0.43248116101907935,13,blocked
13255,55,0,0.2193175997803165,0.5087701101384775,13,blocked
13256,56,0,0.9056189986281854,0.2884802538333324,13,blocked
13257,57,0,0.9670726514586214,0.34279686973929824,13,blocked
13258,58,0,0.09602380546033958,0.516794885119348,13,blocked
13259,59,0,0.062216347767667504,0.5060493756117164,13,blocked
13260,60,0,0.9654708315232633,0.4219030357031036,13,blocked
13261,61,0,0.8185070786900673,0.42231143225652484,13,blocked
13262,62,0,0.9839499240769851,0.4197991308354888,13,blocked
13263,63,0,0.9561275901417152,0.40643929445837634,13,blocked
13264,64,0,0.09743779997449649,0.5662187012585196,13,blocked
13265,65,0,0.3098116133503816,0.4451018047118598,13,blocked
13266,66,0,0.1427480977702032,0.466267443989715,13,blocked
13267,67,0,0.9670854037571344,0.48401150328495185,13,blocked
13268,68,0,0.060037205634378726,0.4869665188296472,13,blocked
13269,69,0,0.3671707601849653,0.5142284554075636,13,blocked
13270,70,0,0.08801282022845855,0.373309574940322,13,blocked
13271,71,0,0.9193092227718864,0.4314424269983931,13,blocked
13272,72,0,0.8703430537706536,0.2748689636996338,13,blocked
13273,73,0,0.882033124558813,0.36748527600332626,13,blocked
13274,74,0,0.965736767912972,0.4441565868121006,13,blocked
13275,75,0,0.8309687425840495,0.46865208076945575,13,blocked
13276,76,0,0.9709219933529705,0.3824989754264485,13,blocked
13277,77,0,0.9495007461832772,0.33034573266482836,13,blocked
13278,78,0,0.3604463288513063,0.5972199165814851,13,blocked
13279,79,0,0.08047548073044458,0.5385755296983146,13,blocked
13280,80,0,0.5045810457415921,0.4742411969667311,13,blocked
13281,81,0,0.4027926771096473,0.4772609417384763,13,blocked
13282,82,0,0.4563079214593177,0.4523009824238717,13,blocked
13283,83,0,0.4809086289027728,0.3698858889346675,13,blocked
13284,84,0,0.4098671118730905,0.4294936962406598,13,blocked
13285,85,0,0.4958801926073123,0.4199758195234554,13,blocked
13286,86,0,0.5135553644493431,0.3927561467090852,13,blocked
13287,87,0,0.4572456379351081,0.43765217683493474,13,blocked
13288,88,0,0.48540528189132404,0.44728747467852703,13,blocked
13289,89,0,0.5195377046730283,0.3890823047176911,13,blocked
13290,90,0,0.5006112032325472,0.5460093553273968,13,blocked
13291,91,0,0.5959602719638007,0.4169050297553065,13,blocked
13292,92,0,0.39635970563899425,0.34201891750388275,13,blocked
13293,93,0,0.5297691210851772,0.44866479511672613,13,blocked
13294,94,0,0.5131830349182824,0.33584153592309457,13,blocked
13295,95,0,0.3969525314971645,0.37165880786828503,13,blocked
13296,96,0,0.5476648509477571,0.3732310188854956,13,blocked
13297,97,0,0.5110933524474451,0.3740659174382668,13,blocked
13298,98,0,0.426488010981153,0.37934838259417725,13,blocked
13299,99,0,0.22775061432587956,0.4680442470857956,13,blocked
13300,100,0,0.2973389161385705,0.4913393111972076,13,blocked
13301,101,0,0.49724292071017195,0.4519940830149422,13,blocked
13302,102,0,0.5121817779075584,0.2646813001661368,13,blocked
13303,103,0,0.6150085584462013,0.3477096703966303,13,blocked
13304,104,0,0.4984083889806457,0.3648250474064516,13,blocked
13305,105,0,0.5003054646857735,0.5696834548967675,13,blocked
13306,106,0,0.5035636894913673,0.36454608353375717,13,blocked
13307,107,0,0.4961211583806806,0.39479509014112585,13,blocked
13308,108,0,0.3327791667300167,0.5722476932240896,13,blocked
13309,109,0,0.4057885956643843,0.47721692882749034,13,blocked
13310,110,0,0.4484385009455865,0.4272318612339182,13,blocked
13311,111,0,0.7166766927165444,0.45018582056726286,13,blocked
13312,112,0,0.4329430031637988,0.4534325285290651,13,blocked
13313,113,0,0.46496390829634165,0.3749744965860563,13,blocked
13314,114,0,0.46728475538295683,0.3860239251489277,13,blocked
13315,115,0,0.39482587690474646,0.3893522616494859,13,blocked
13316,116,0,0.543742700505061,0.4625215155532927,13,blocked
13317,117,0,0.5696963723488256,0.37772611810942286,13,blocked
13318,118,0,0.4035725589421473,0.5115943370198293,13,blocked
13319,119,0,0.6814699406429799,0.41722467000569907,13,blocked
13320,120,0,0.9866219483089025,0.45435346254439823,13,blocked
13321,121,0,0.033979544559694104,0.4163951320045708,13,blocked
13322,122,0,0.08408876909691006,0.4812611964487834,13,blocked
13323,123,0,0.9635278080045089,0.40344387753177813,13,blocked
13324,124,0,0.19275656281694628,0.4655844855316348,13,blocked
13325,125,0,0.9477866322263301,0.26499732935293013,13,blocked
13326,126,0,0.168616829428941,0.5215848206695295,13,blocked
13327,127,0,0.970747004061655,0.39424009698155993,13,blocked
13328,128,0,0.9179887292412334,0.29762346252361593,13,blocked
13329,129,0,0.9669256772110285,0.39811790171399,13,blocked
13330,130,0,0.016446454972307546,0.3616380441804674,13,blocked
13331,131,0,0.8802058620622697,0.3773517117643504,13,blocked
13332,132,0,0.0710415923018763,0.4342935083201871,13,blocked
13333,133,0,0.6782427602002561,0.34991981667838695,13,blocked
13334,134,0,0.9199753881841399,0.4089517604027816,13,blocked
13335,135,0,0.9642483996279985,0.4161755828869433,13,blocked
13336,136,0,0.8803526890548993,0.3259210722104563,13,blocked
13337,137,0,0.9605779683030224,0.261496820787006,13,blocked
13338,138,0,0.9088178387890626,0.2769880084355019,13,blocked
13339,139,0,0.9873549023792642,0.34887931043362586,13,blocked
13340,140,0,0.8232015418797545,0.25244742077338,13,blocked
13341,141,0,0.025187133950346215,0.45910537566473963,13,blocked
13342,142,0,0.08443263770055265,0.4734497137091559,13,blocked
13343,143,0,0.780480259255442,0.29177321819603297,13,blocked
13344,144,0,0.016217708907165066,0.4441724042344438,13,blocked
13345,145,0,0.08286091492413696,0.4316765928663586,13,blocked
13346,146,0,0.044238777310180964,0.4793916460875248,13,blocked
13347,147,0,0.9660239225342001,0.32722065282852014,13,blocked
13348,148,0,0.08651205099352033,0.40909170786004867,13,blocked
13349,149,0,0.9767970888166301,0.27802690150432335,13,blocked
13350,150,0,0.04364075167090874,0.3916838651148182,13,blocked
13351,151,0,0.9768755688064243,0.3251239609516453,13,blocked
13352,152,0,0.9841769259648558,0.27985193721663726,13,blocked
13353,153,0,0.355971730109245,0.4834419499529465,13,blocked
13354,154,0,0.029932047184750493,0.43095967089998544,13,blocked
13355,155,0,0.15205199090470226,0.3901852837332975,13,blocked
13356,156,0,0.246494276785061,0.45640025823747776,13,blocked
13357,157,0,0.7151353459291795,0.3233809511268474,13,blocked
13358,158,0,0.022208416939112276,0.49976024809976966,13,blocked
13359,159,0,0.9947433962734318,0.39760615987853076,13,blocked
13360,160,0,0.496547110164001,0.32689188560417004,13,blocked
13361,161,0,0.19544450354066395,0.4976289035461176,13,blocked
13362,162,0,0.8919827590745681,0.2701503206852751,13,blocked
13363,163,0,0.4494115098699951,0.40633568487877125,13,blocked
13364,164,0,0.46886951823041206,0.411023236347854,13,blocked
13365,165,0,0.9746973282957778,0.2725897345814975,13,blocked
13366,166,0,0.3250031631780115,0.3968064991379238,13,blocked
13367,167,0,0.5667983235145964,0.30011831120141746,13,blocked
13368,168,0,0.22056730798282137,0.45634909669037815,13,blocked
13369,169,0,0.49517545185844386,0.3713668062132325,13,blocked
13370,170,0,0.9927224928326011,0.28397513671243546,13,blocked
13371,171,0,0.9671906372892007,0.3341150038557111,13,blocked
13372,172,0,0.4570925095786599,0.40723690070120594,13,blocked
13373,173,0,0.9935907957552315,0.35777677651916684,13,blocked
13374,174,0,0.4839222852878144,0.6407438670824266,13,blocked
13375,175,0,0.939121446312775,0.2344355757691859,13,blocked
13376,176,0,0.72842810366876,0.30213388282325593,13,blocked
13377,177,0,0.14452860832931141,0.5307843796910963,13,blocked
13378,178,0,0.8814819827719372,0.4292143483179447,13,blocked
13379,179,0,0.9621669076336903,0.4347755903553757,13,blocked
13380,180,0,0.2575745220207202,0.44477939979378583,13,blocked
13381,181,0,0.9945841667388501,0.36605425367811506,13,blocked
13382,182,0,0.11746432365841997,0.48583718170380896,13,blocked
13383,183,0,0.9083524942841417,0.3864113113140475,13,blocked
13384,184,0,0.7404932090444696,0.43946159038185995,13,blocked
13385,185,0,0.1812857545075976,0.4533074110428027,13,blocked
13386,186,0,0.1482226683318456,0.41789861663222416,13,blocked
13387,187,0,0.9078264357903711,0.33718960766366285,13,blocked
13388,188,0,0.5376628678413045,0.4265372836839645,13,blocked
13389,189,0,0.6039928179315878,0.4225530521503448,13,blocked
13390,190,0,0.10180824751287758,0.528545652583644,13,blocked
13391,191,0,0.9221266919807694,0.44231214900954374,13,blocked
13392,192,0,0.854868197344065,0.341811452250564,13,blocked
13393,193,0,0.3850194196893969,0.48367809538692713,13,blocked
13394,194,0,0.5214477363314484,0.3265195270546609,13,blocked
13395,195,0,0.5754361105597214,0.4229900900043392,13,blocked
13396,196,0,0.5615454373786583,0.2930043574824971,13,blocked
13397,197,0,0.9257839192301146,0.4220283668982444,13,blocked
13398,198,0,0.4679403315256515,0.3848606930643512,13,blocked
13399,199,0,0.3901918316389032,0.5287952860419549,13,blocked
13400,0,0,0.010907327744065075,0.794250072948871,13,early
13401,1,0,0.2114102737753722,0.5923666326624205,13,early
13402,2,0,0.9163390547846287,0.6048257403511761,13,early
13403,3,0,0.08539864466308435,0.5644217732264815,13,early
13404,4,1,0.09965596598317591,0.8170856407280632,13,early
13405,5,2,0.23117906422541734,0.6021075025353428,13,early
13406,6,0,0.0726792378789405,0.7318917305588741,13,early
13407,7,0,0.10367200576583434,0.527034911123287,13,early
13408,8,0,0.9412799598886605,0.5471818615843063,13,early
13409,9,0,0.7304010841990312,0.5234047219549598,13,early
13410,10,0,0.1928035743817394,0.48968032679903584,13,early
13411,11,0,0.12967085655718583,0.5751399146008511,13,early
13412,12,0,0.8881093585685733,0.39900950745601715,13,early
13413,13,0,0.9376312952049386,0.39763978869457695,13,early
13414,14,0,0.9794412465059851,0.5263713449389242,13,early
13415,15,0,0.08651341970744407,0.5363631625047598,13,early
13416,16,0,0.9392737323388045,0.409429349052543,13,early
13417,17,0,0.028231089274263273,0.6497213459337887,13,early
13418,18,0,0.9877551205606754,0.6130377801156754,13,early
13419,19,0,0.13772276364998937,0.5526113167459451,13,early
13420,20,0,0.17834744016707482,0.5190422014321208,13,early
13421,21,0,0.9160154899945914,0.4077352433150378,13,early
13422,22,0,0.6062460913590865,0.5705673779142739,13,early
13423,23,0,0.2079460857718098,0.5733429268776915,13,early
13424,24,0,0.06697312580734491,0.6240734244703404,13,early
13425,25,0,0.8062152136938893,0.3608690088604797,13,early
13426,26,0,0.6687395910093461,0.5211727919956883,13,early
13427,27,0,0.145539599824231,0.6567464650572503,13,early
13428,28,0,0.22487781617697195,0.39939600638214856,13,early
13429,29,0,0.8614878685902057,0.5588941748632559,13,early
13430,30,0,0.23818855070508899,0.6132368189096052,13,early
13431,31,0,0.23527906977549135,0.5038443794427468,13,early
13432,32,0,0.5291782510532897,0.5669867565944653,13,early
13433,33,0,0.18417663205563237,0.5367705661790566,13,early
13434,34,0,0.8586794117291512,0.5214556112033135,13,early
13435,35,0,0.20262432236375905,0.46552048541740165,13,early
13436,36,0,0.2881563848505433,0.4935814257385168,13,early
13437,37,0,0.9387252171847555,0.36966107888059074,13,early
13438,38,0,0.29063389401452633,0.4418807958080533,13,early
13439,39,0,0.27752747108921505,0.5181914599813842,13,early
13440,40,0,0.2820387250154668,0.5297705051620714,13,early
13441,41,0,0.2467607025908724,0.3967761511538295,13,early
13442,42,0,0.6170063637407355,0.4346570286695809,13,early
13443,43,0,0.414945901814996,0.5476852983976966,13,early
13444,44,0,0.680032030369094,0.4860159740501043,13,early
13445,45,0,0.5237045262817722,0.4719489873992585,13,early
13446,46,0,0.5350762762959245,0.6234578927101445,13,early
13447,47,0,0.5849602170899351,0.5109523483412407,13,early
13448,48,0,0.5715465739293815,0.4480817175404195,13,early
13449,49,0,0.4288968969954662,0.48435692465641744,13,early
13450,50,0,0.4370875890040588,0.4821892698654223,13,early
13451,51,0,0.4341575576710252,0.43967578492127435,13,early
13452,52,0,0.6549363680748572,0.5490038265305731,13,early
13453,53,0,0.41653092872048975,0.48337837899490044,13,early
13454,54,0,0.486016795068162,0.5050505851220685,13,early
13455,55,0,0.31201713425126265,0.4926749822879885,13,early
13456,56,0,0.5701100042415017,0.6617963691858723,13,early
13457,57,0,0.5408668832017706,0.5731532298412428,13,early
13458,58,0,0.5201548169942133,0.5282591817651224,13,early
13459,59,0,0.504998557195149,0.5371496573074794,13,early
13460,60,0,0.5180640327135381,0.5494365891996882,13,early
13461,61,0,0.26535876918914275,0.4595116557954274,13,early
13462,62,0,0.30692588260397713,0.6937975770165932,13,early
13463,63,0,0.5690960812890498,0.4541858912378225,13,early
13464,64,0,0.6307720704254711,0.6113476343790131,13,early
13465,65,0,0.7333442248511167,0.5190856140694331,13,early
13466,66,0,0.5533686891243841,0.47476592324811506,13,early
13467,67,0,0.5755297986820286,0.5310473505231237,13,early
13468,68,0,0.5094622431793715,0.4341886061988156,13,early
13469,69,0,0.48118728750097794,0.4651466758159719,13,early
13470,70,0,0.400242354531657,0.5472709973273867,13,early
13471,71,0,0.5066891583028363,0.5052617129592205,13,early
13472,72,0,0.4598930216930889,0.4896613463741237,13,early
13473,73,0,0.4350259373880815,0.5792025411315497,13,early
13474,74,0,0.5154164186293063,0.4007842222561607,13,early
13475,75,0,0.4277006991665762,0.43251360844737263,13,early
13476,76,0,0.4845275515332617,0.4308112574349444,13,early
13477,77,0,0.49046139277000045,0.35881731786055276,13,early
13478,78,0,0.4509191587761135,0.4779068045597916,13,early
13479,79,0,0.5006279155676784,0.5673618953369418,13,early
13480,80,0,0.2706352681902502,0.5777355748200282,13,early
13481,81,0,0.5207704533453922,0.551031818308735,13,early
13482,82,0,0.09250643241573103,0.558178287686126,13,early
13483,83,0,0.5226774365430013,0.43470362368099524,13,early
13484,84,0,0.9138276358914583,0.41801845171430463,13,early
13485,85,0,0.5060738420702142,0.375835418910439,13,early
13486,86,0,0.8117529491896414,0.4669123383670607,13,early
13487,87,0,0.4701653497702952,0.475216116702428,13,early
13488,88,0,0.9486593337318243,0.4626163156560655,13,early
13489,89,0,0.39413423745912,0.524610923822182,13,early
13490,90,0,0.10810151939078305,0.5155151178986611,13,early
13491,91,0,0.5409618565236909,0.5099400406747349,13,early
13492,92,0,0.32719152608966307,0.5105609216948077,13,early
13493,93,0,0.3690190896275865,0.5759306952354802,13,early
13494,94,0,0.9146169668367448,0.553985241016155,13,early
13495,95,0,0.5754466966291207,0.396264213553418,13,early
13496,96,0,0.9278980960348844,0.37765246521940515,13,early
13497,97,0,0.8444200600764704,0.5149027527270242,13,early
13498,98,0,0.06041915109115605,0.6951629524320291,13,early
13499,99,0,0.5288032561179341,0.3919240547654228,13,early
13500,100,0,0.28389850390770877,0.5655973252951525,13,early
13501,101,0,0.39393896761474984,0.509966349010463,13,early
13502,102,0,0.7651007510656775,0.3465844570116756,13,early
13503,103,0,0.5554878186056063,0.5448666349408275,13,early
13504,104,0,0.13945341652769463,0.5373159596215007,13,early
13505,105,0,0.5898244503905692,0.4378395304298639,13,early
13506,106,0,0.8562461109406908,0.5843180277682726,13,early
13507,107,0,0.45633885017931236,0.5171554749790512,13,early
13508,108,0,0.33862983725650164,0.6361580221061025,13,early
13509,109,0,0.3438088084911039,0.462428412239327,13,early
13510,110,0,0.38702783784629863,0.4291250703301873,13,early
13511,111,0,0.3623199524681412,0.4233514334966524,13,early
13512,112,0,0.19291169613246356,0.5547211118675258,13,early
13513,113,0,0.41647431562910286,0.5344176997219359,13,early
13514,114,0,0.16316628239544043,0.5872836917354652,13,early
13515,115,0,0.5763668088693601,0.4115755130648454,13,early
13516,116,0,0.8258360087790405,0.3750541271325667,13,early
13517,117,0,0.4833498666675653,0.4809716002292975,13,early
13518,118,0,0.8960669391227079,0.3433213729562691,13,early
13519,119,0,0.7005524480862195,0.5649284441452274,13,early
13520,120,0,0.9383884136126814,0.47988233228747473,13,early
13521,121,0,0.41022359504690126,0.505662891691234,13,early
13522,122,0,0.18663631775261086,0.617592172053756,13,early
13523,123,0,0.47178896766023926,0.44486796371463116,13,early
13524,124,0,0.9178099221696483,0.3618864245265403,13,early
13525,125,0,0.4580376475053788,0.41549782034650246,13,early
13526,126,0,0.2864741585872064,0.5959843822669039,13,early
13527,127,0,0.35699579735853626,0.412063015641885,13,early
13528,128,0,0.7901179897778179,0.41825424142150364,13,early
13529,129,0,0.6548209151042441,0.5374124786244897,13,early
13530,130,0,0.7251827087314371,0.43644607749565595,13,early
13531,131,0,0.48764616430790064,0.42020808220767447,13,early
13532,132,0,0.11656939711359061,0.42065574047002663,13,early
13533,133,0,0.5917423094292112,0.44910162571971435,13,early
13534,134,0,0.7261832588519388,0.43710581576435037,13,early
13535,135,0,0.41366039651594555,0.46991624649458963,13,early
13536,136,0,0.8259151817262482,0.4094016761038092,13,early
13537,137,0,0.30711619333368734,0.5262397664011955,13,early
13538,138,0,0.8141996769833137,0.38713615445057253,13,early
13539,139,0,0.5346944816358791,0.3793773805773495,13,early
13540,140,0,0.8751986854243099,0.4404744493207224,13,early
13541,141,0,0.5395578184243264,0.4115679472762257,13,early
13542,142,0,0.16987359722616008,0.6234837501693065,13,early
13543,143,0,0.6120807897467329,0.46060113031864924,13,early
13544,144,0,0.7874060686065968,0.43961401365200303,13,early
13545,145,0,0.3600293468606755,0.4206873756593579,13,early
13546,146,0,0.34143585787841646,0.44043166129168165,13,early
13547,147,0,0.6350608146768165,0.4122614949544573,13,early
13548,148,0,0.8910772600561836,0.4002857257737587,13,early
13549,149,0,0.631738001667504,0.38963500961934655,13,early
13550,150,0,0.8290328886217986,0.47626188043699835,13,early
13551,151,0,0.7165280704016257,0.5860513775403103,13,early
13552,152,0,0.802570296736607,0.576403230047469,13,early
13553,153,0,0.19759919897375716,0.39145475292637216,13,early
13554,154,0,0.4627445705336324,0.6519747429172937,13,early
13555,155,0,0.5182272543153024,0.4385069900434646,13,early
13556,156,0,0.3579167952933141,0.4124863381685707,13,early
13557,157,0,0.3260969399369894,0.6082554931640712,13,early
13558,158,0,0.44827079723444024,0.45608427808660285,13,early
13559,159,0,0.6422890802529504,0.4621807604703646,13,early
13560,160,0,0.38906142113780695,0.42803035873832695,13,early
13561,161,0,0.6103284652470679,0.5255707178298138,13,early
13562,162,0,0.3416221061390211,0.4800404276160756,13,early
13563,163,0,0.6281803385176008,0.4319488693018714,13,early
13564,164,0,0.340469397477659,0.44327433211014233,13,early
13565,165,0,0.3506547741391777,0.43000795048450824,13,early
13566,166,0,0.3555813209076095,0.4562816133828944,13,early
13567,167,0,0.40317084472082537,0.4321005034535626,13,early
13568,168,0,0.6617196287224479,0.5426675905810119,13,early
13569,169,0,0.5043083074733431,0.489774702509747,13,early
13570,170,0,0.642600358332784,0.5576348395455045,13,early
13571,171,0,0.5869975806404756,0.4747543822357015,13,early
13572,172,0,0.499245061195106,0.49082669967096304,13,early
13573,173,0,0.32295310765498153,0.471769506622986,13,early
13574,174,0,0.2057643937826641,0.5080241180492515,13,early
13575,175,0,0.5625740488972927,0.431574507084871,13,early
13576,176,0,0.5244199392280002,0.49722158325050614,13,early
13577,177,0,0.26607509793512263,0.5083711145439552,13,early
13578,178,0,0.23168173414570106,0.5807477817568936,13,early
13579,179,0,0.4620609435099163,0.417398528057352,13,early
13580,180,0,0.39034861932490816,0.496326301578516,13,early
13581,181,0,0.380432704926918,0.5013775967322514,13,early
13582,182,0,0.2535079942418126,0.4392232567376517,13,early
13583,183,0,0.6097243769196495,0.4809443123648962,13,early
13584,184,0,0.7114783558587531,0.5352953402015516,13,early
13585,185,0,0.31638374798383545,0.3817965107228162,13,early
13586,186,0,0.668602890482084,0.5134622500438528,13,early
13587,187,0,0.5188454812276566,0.44635962820402963,13,early
13588,188,0,0.5441208826489063,0.439405279448556,13,early
13589,189,0,0.6362562279604744,0.47033811742626475,13,early
13590,190,0,0.5993738859411815,0.5107824493540869,13,early
13591,191,0,0.4128665505241208,0.5469555638829964,13,early
13592,192,0,0.5636172507241716,0.4437945004447312,13,early
13593,193,0,0.6179315972840467,0.38551970302480515,13,early
13594,194,0,0.5028133466175716,0.4196107209318605,13,early
13595,195,0,0.4180524794402587,0.5223440329756486,13,early
13596,196,0,0.6796736464927304,0.5228231759069399,13,early
13597,197,0,0.45507666669440566,0.5625697998162421,13,early
13598,198,0,0.602929515504234,0.43133592189036746,13,early
13599,199,0,0.4557982505435433,0.49452570127615275,13,early
13600,0,0,0.4603752052257913,0.7095760856184692,13,middle
13601,1,0,0.042764233554475756,0.7493012106401814,13,middle
13602,2,1,0.5026810092593024,0.9122278079096019,13,middle
13603,3,2,0.22453282491083854,0.8882457647745643,13,middle
13604,4,3,0.47419066754118777,0.6099865696806325,13,middle
13605,5,4,0.026546414565890932,0.7268655864457804,13,middle
13606,6,3,0.45741624571772926,0.7479227484559647,13,middle
13607,7,3,0.04820265357390268,0.7326858210385216,13,middle
13608,8,5,0.5001708749523052,0.8030969692753348,13,middle
13609,9,0,0.04721076073019091,0.5603699423249506,13,middle
13610,10,0,0.4505703516858638,0.5547743713619651,13,middle
13611,11,6,0.0026374857242998147,1.0180119521305702,13,middle
13612,12,7,0.007804065410687698,1.041798364400526,13,middle
13613,13,0,0.9638790110361635,0.43977001821612494,13,middle
13614,14,0,0.48695077760455296,0.6446580049321247,13,middle
13615,15,0,0.02860211832563498,0.6271471623914532,13,middle
13616,16,3,0.5338231911782241,0.7439515877084674,13,middle
13617,17,0,0.9309793774212948,0.5031698420091577,13,middle
13618,18,0,0.41159374014437383,0.6588387118116938,13,middle
13619,19,0,0.9864076698227503,0.6517704366987953,13,middle
13620,20,0,0.5056847224621517,0.567099713514669,13,middle
13621,21,0,0.052265341654449224,0.5574143683385029,13,middle
13622,22,0,0.5406999530974895,0.6002864225824949,13,middle
13623,23,8,1.051004916623268e-05,1.1605786918378331,13,middle
13624,24,0,0.5053745724663418,0.6283318848889389,13,middle
13625,25,3,0.1032078544617455,0.5278072928278317,13,middle
13626,26,3,0.3852657328525618,0.6039598032292507,13,middle
13627,27,0,0.994282281105909,0.5762926867448928,13,middle
13628,28,0,0.5348829247642045,0.6922502910786519,13,middle
13629,29,0,0.9848466957237496,0.44073098809919486,13,middle
13630,30,0,0.547549905591231,0.3677554919114233,13,middle
13631,31,0,0.9884679718630218,0.5014927228260183,13,middle
13632,32,0,0.523721140953513,0.5873042228839194,13,middle
13633,33,0,0.07838345692444129,0.6869907404831421,13,middle
13634,34,3,0.5497907179068078,0.6949058550172384,13,middle
13635,35,0,0.9801328296189274,0.37794918069521233,13,middle
13636,36,0,0.5220709760284,0.44392571969524897,13,middle
13637,37,0,0.978159057177715,0.476651395775614,13,middle
13638,38,3,0.501522630131101,0.5946513536707648,13,middle
13639,39,0,0.014621276244512097,0.6742417162804237,13,middle
13640,40,0,0.44663490457140825,0.7052015469262074,13,middle
13641,41,0,0.3680608220993284,0.37987283935514204,13,middle
13642,42,0,0.42840026529255837,0.39683264527772877,13,middle
13643,43,0,0.3899752772832211,0.6272473634915159,13,middle
13644,44,0,0.5342622583498664,0.6723376830811365,13,middle
13645,45,0,0.4463327359622084,0.7297751076574799,13,middle
13646,46,3,0.5012406707168587,0.6119792251936682,13,middle
13647,47,0,0.41641640135457203,0.570297777527055,13,middle
13648,48,0,0.29056258788140626,0.5685164865656687,13,middle
13649,49,0,0.5705816327000369,0.33452497326703146,13,middle
13650,50,0,0.4551233403852773,0.6208262121923279,13,middle
13651,51,0,0.46119145842306525,0.3756906282867072,13,middle
13652,52,0,0.47130649252147894,0.5360415506863745,13,middle
13653,53,0,0.5053875049300159,0.5353539830636627,13,middle
13654,54,0,0.46539145848839936,0.5819577328251208,13,middle
13655,55,0,0.537355092279682,0.46258999033675563,13,middle
13656,56,0,0.4583797976846695,0.4607356770772074,13,middle
13657,57,0,0.41623647653332985,0.6545194033799109,13,middle
13658,58,0,0.47430207348557785,0.5184734112241344,13,middle
13659,59,0,0.5009960473511418,0.5769381323709563,13,middle
13660,60,0,0.5188691328359208,0.4568374278855303,13,middle
13661,61,0,0.5260916678508994,0.35013972842732694,13,middle
13662,62,0,0.48390447169658063,0.6026008544962458,13,middle
13663,63,0,0.49569882640365037,0.5034720637848447,13,middle
13664,64,0,0.48265728076573244,0.6303004752854944,13,middle
13665,65,0,0.48769321227289786,0.3623813453047191,13,middle
13666,66,0,0.5813429693236081,0.5295112448798137,13,middle
13667,67,0,0.5016070110147918,0.3409615078904306,13,middle
13668,68,0,0.6226051025009686,0.3819053865796467,13,middle
13669,69,0,0.5000148039193111,0.5260770626479202,13,middle
13670,70,0,0.4798944806154015,0.47105590840305966,13,middle
13671,71,0,0.36302181884842427,0.4977214331157948,13,middle
13672,72,0,0.5220611052649693,0.4510024515616555,13,middle
13673,73,0,0.3815095662616034,0.4693853288435732,13,middle
13674,74,0,0.5160405955251954,0.5929476293174719,13,middle
13675,75,0,0.4851001052745438,0.3581701204051121,13,middle
13676,76,0,0.4091478878913906,0.6986966214140233,13,middle
13677,77,0,0.48337725619457894,0.5906444291657957,13,middle
13678,78,0,0.5452313807066572,0.5542226294818728,13,middle
13679,79,0,0.46137188103983967,0.39507822053313135,13,middle
13680,80,0,0.9851982528154389,0.5200192528400961,13,middle
13681,81,0,0.13722671095976324,0.45537814978981384,13,middle
13682,82,0,0.0684435702445726,0.5563585518468555,13,middle
13683,83,0,0.012484194999410158,0.5065493320376101,13,middle
13684,84,0,0.13238171512575292,0.563782458494855,13,middle
13685,85,0,0.08893104655949906,0.4622384136981886,13,middle
13686,86,0,0.2366092038063461,0.38534333687417277,13,middle
13687,87,0,0.9087669329495676,0.4311439158835683,13,middle
13688,88,0,0.29895561705941587,0.44860014932704795,13,middle
13689,89,0,0.8382431376526729,0.28539193778421845,13,middle
13690,90,0,0.8955264151207348,0.33763512035089727,13,middle
13691,91,0,0.8553161633904973,0.37838277684116717,13,middle
13692,92,0,0.7301479210435982,0.4639322868572163,13,middle
13693,93,0,0.7948225095817925,0.26803803704525686,13,middle
13694,94,0,0.24151811363849873,0.5749176991947219,13,middle
13695,95,0,0.753388167965346,0.4174299695670419,13,middle
13696,96,0,0.1529717676965875,0.555485945456306,13,middle
13697,97,0,0.7391796632984982,0.45020296163500684,13,middle
13698,98,0,0.7976276962327293,0.35647144100970296,13,middle
13699,99,0,0.6898581624889409,0.4512685952819251,13,middle
13700,100,0,0.16947849267208248,0.4822485090488144,13,middle
13701,101,0,0.2778591760587947,0.6004769918576445,13,middle
13702,102,0,0.717369245501281,0.34374190589341863,13,middle
13703,103,0,0.2546925517426661,0.4007939006045903,13,middle
13704,104,0,0.4629943995656408,0.44889249154751004,13,middle
13705,105,0,0.5618463725331719,0.7157925064704,13,middle
13706,106,0,0.3762840723065042,0.3807612715057537,13,middle
13707,107,0,0.347011397459265,0.41788860983052495,13,middle
13708,108,0,0.23592580135021496,0.4370454639390088,13,middle
13709,109,0,0.5172574481423393,0.41997866461780264,13,middle
13710,110,0,0.7360546690899783,0.47229703078702934,13,middle
13711,111,0,0.2148591852080034,0.5476516951579897,13,middle
13712,112,0,0.7845113724343653,0.4880709092509075,13,middle
13713,113,0,0.451544061454357,0.4449892998423532,13,middle
13714,114,0,0.3090312730056836,0.3267905959143418,13,middle
13715,115,0,0.4104914496143943,0.5337521477917606,13,middle
13716,116,0,0.2761729332270013,0.45444137708010923,13,middle
13717,117,0,0.5259258426367306,0.5506465755500265,13,middle
13718,118,0,0.6650540707332193,0.3787990092314184,13,middle
13719,119,0,0.12317833989000643,0.5548863423610135,13,middle
13720,120,0,0.4984662304156783,0.38537689481133997,13,middle
13721,121,0,0.4843717352342306,0.28577144262193255,13,middle
13722,122,0,0.5808902334695115,0.42586535704889616,13,middle
13723,123,0,0.11894150199166337,0.47127599977470236,13,middle
13724,124,0,0.4472528783641708,0.4590033454405704,13,middle
13725,125,0,0.23517975762233023,0.645296081178606,13,middle
13726,126,0,0.35209160390435734,0.5535644211550486,13,middle
13727,127,0,0.3212309528599497,0.3996891238380099,13,middle
13728,128,0,0.48875135037867534,0.32875605175516165,13,middle
13729,129,0,0.591412693870438,0.2925384675106196,13,middle
13730,130,0,0.44064838296708075,0.38808851694553426,13,middle
13731,131,0,0.7939377120060395,0.49265918615558146,13,middle
13732,132,0,0.6421145420774741,0.36285181479774586,13,middle
13733,133,0,0.9237191175959423,0.3270373771592199,13,middle
13734,134,0,0.49016023719895757,0.5647367732748221,13,middle
13735,135,0,0.10092027109020951,0.5468415754552366,13,middle
13736,136,0,0.4864129504062901,0.6123535143993107,13,middle
13737,137,0,0.3217683145663413,0.37378007790903833,13,middle
13738,138,0,0.3844730353880841,0.37140729466631206,13,middle
13739,139,0,0.5411522388576057,0.4617552059062824,13,middle
13740,140,0,0.7699617828327622,0.4743741953825489,13,middle
13741,141,0,0.21821281314073854,0.6821680415384126,13,middle
13742,142,0,0.20067147611946656,0.3343473486190393,13,middle
13743,143,0,0.4613584340093382,0.47364014528424003,13,middle
13744,144,0,0.5510498621659955,0.3469213559476513,13,middle
13745,145,0,0.6077789118483543,0.43418849901337614,13,middle
13746,146,0,0.48364125735920055,0.4252374193185157,13,middle
13747,147,0,0.4348330275602425,0.3272998521792799,13,middle
13748,148,0,0.49384569778714194,0.5192546123029198,13,middle
13749,149,0,0.8716718911649847,0.5608300775893502,13,middle
13750,150,0,0.583077464514201,0.38792192364667666,13,middle
13751,151,0,0.7985758314517708,0.5045156936062629,13,middle
13752,152,0,0.3331583633315829,0.39746739180126767,13,middle
13753,153,0,0.21538875089159856,0.4220399469860523,13,middle
13754,154,0,0.5428909188457371,0.44683200711961335,13,middle
13755,155,0,0.9262458846009077,0.44235992267514246,13,middle
13756,156,0,0.4069270527438277,0.42150306293700945,13,middle
13757,157,0,0.8419817693866651,0.31473369229129633,13,middle
13758,158,0,0.3417397644952427,0.38124714549166705,13,middle
13759,159,0,0.7964270497323356,0.2436660934880262,13,middle
13760,160,0,0.18165694767285917,0.3220728500931292,13,middle
13761,161,0,0.4914772212191111,0.517529366305744,13,middle
13762,162,0,0.895252355834661,0.45265813150906425,13,middle
13763,163,0,0.6089880756307008,0.3088410546919412,13,middle
13764,164,0,0.3540825537750491,0.4896477641046071,13,middle
13765,165,0,0.8643841298702882,0.42100411336824495,13,middle
13766,166,0,0.5525823618571378,0.32157050784297525,13,middle
13767,167,0,0.6791564032532724,0.47106489535633256,13,middle
13768,168,0,0.1546827904359784,0.5407603503003312,13,middle
13769,169,0,0.7892740317494589,0.3398509805778339,13,middle
13770,170,0,0.5947016517881658,0.3069206945334293,13,middle
13771,171,0,0.4814275889882571,0.4330626364114449,13,middle
13772,172,0,0.6448694179877579,0.4312236869410494,13,middle
13773,173,0,0.2773551679429872,0.4485799721902812,13,middle
13774,174,0,0.6069413343759352,0.4598447852660229,13,middle
13775,175,0,0.6252065834955738,0.38029310789954257,13,middle
13776,176,0,0.08640116415398824,0.4144780434584378,13,middle
13777,177,0,0.5005988858144009,0.4856323875127414,13,middle
13778,178,0,0.207842083296005,0.4331983370106621,13,middle
13779,179,0,0.7298226748640805,0.3151298894379829,13,middle
13780,180,0,0.3722864018298906,0.4188007773148861,13,middle
13781,181,0,0.764118128683106,0.31375807038744996,13,middle
13782,182,0,0.5791405392346067,0.35256213193612507,13,middle
13783,183,0,0.6862034270071335,0.34611490229865965,13,middle
13784,184,0,0.6258738374588672,0.33495507519185785,13,middle
13785,185,0,0.1308781080947103,0.4415391495304104,13,middle
13786,186,0,0.20511197523749083,0.36854714914834896,13,middle
13787,187,0,0.23628938396017027,0.5167395438683126,13,middle
13788,188,0,0.6646874224922744,0.40531843498765835,13,middle
13789,189,0,0.22050291679709336,0.3227674985366582,13,middle
13790,190,0,0.46423642750645816,0.4891082985489365,13,middle
13791,191,0,0.66750619412175,0.3995941512858121,13,middle
13792,192,0,0.5128411075640579,0.48528397165907067,13,middle
13793,193,0,0.47396755442994604,0.45629385269771583,13,middle
13794,194,0,0.7206347917855611,0.30955585356715476,13,middle
13795,195,0,0.32027245873136034,0.48265199577546586,13,middle
13796,196,0,0.39127086732463656,0.3348279906809547,13,middle
13797,197,0,0.19851075102156698,0.39791059413316665,13,middle
13798,198,0,0.8319948829930139,0.32921733699734407,13,middle
13799,199,0,0.5882420125101268,0.40922831715284924,13,middle
13800,0,0,0.2638946516175635,0.7380649283783418,13,late
13801,1,0,0.07631535646822897,0.6831078638269696,13,late
13802,2,0,0.3403718681790463,0.7894180285373981,13,late
13803,3,1,0.5049348738987183,1.0267395035513966,13,late
13804,4,0,0.6525452076426426,0.4188893384103225,13,late
13805,5,0,0.7147581552567369,0.6213054461860381,13,late
13806,6,0,0.721564978317831,0.5206390579062885,13,late
13807,7,2,0.6290657059478197,0.821997666345625,13,late
13808,8,0,0.5956793776569168,0.5203409979335817,13,late
13809,9,3,0.47173862722482807,1.0681745909342524,13,late
13810,10,0,0.44151700166884766,0.5176743245252395,13,late
13811,11,0,0.18926216311074087,0.5210523407232894,13,late
13812,12,0,0.7014570566023084,0.4058494977642051,13,late
13813,13,0,0.1564598773844312,0.5048375969239008,13,late
13814,14,4,0.45023092640296575,0.7334552446516382,13,late
13815,15,5,0.2990473454155035,0.8270319115014506,13,late
13816,16,6,0.4665082756900382,0.7323719542808236,13,late
13817,17,0,0.8153062682239796,0.38811288040671227,13,late
13818,18,0,0.3728315503965132,0.49351936876706953,13,late
13819,19,7,0.411299751765259,0.852560996596373,13,late
13820,20,8,0.6192070526251013,0.6681214360693246,13,late
13821,21,9,0.24247166636399514,0.931244479662819,13,late
13822,22,0,0.6262763425054667,0.6910952609505598,13,late
13823,23,0,0.1956369935453532,0.5569759461988485,13,late
13824,24,0,0.7382757656938794,0.44881277727116314,13,late
13825,25,0,0.6753207771017212,0.4321512491277901,13,late
13826,26,0,0.29204917227493055,0.391391552539177,13,late
13827,27,0,0.7091782972042264,0.5907794050747092,13,late
13828,28,0,0.2702400335667659,0.7266352197490304,13,late
13829,29,0,0.740474792549328,0.6128875922462789,13,late
13830,30,0,0.3851079634662806,0.39071989719086536,13,late
13831,31,0,0.21043411142630705,0.521168254450483,13,late
13832,32,0,0.8590008392142578,0.6119306442999671,13,late
13833,33,0,0.6707328440398834,0.5446773211422515,13,late
13834,34,0,0.6502472721514805,0.4184642739588015,13,late
13835,35,0,0.767346364123459,0.3821590584535366,13,late
13836,36,0,0.41839548564285123,0.7172054127307685,13,late
13837,37,0,0.7342055680943944,0.45915379812599966,13,late
13838,38,0,0.5142492321620321,0.5401770895602072,13,late
13839,39,0,0.19093297101118945,0.5247843536505162,13,late
13840,40,0,0.49178670678628633,0.5960318477697722,13,late
13841,41,0,0.7325089396853393,0.41211183395828066,13,late
13842,42,0,0.352890047565796,0.5476513528711993,13,late
13843,43,0,0.6948444424800919,0.40893529475047025,13,late
13844,44,0,0.3300371684044501,0.36771280806077855,13,late
13845,45,0,0.2573683591623155,0.5237356644693314,13,late
13846,46,0,0.5239472911962566,0.6251861765835376,13,late
13847,47,0,0.2667151052914608,0.5534015189238618,13,late
13848,48,0,0.5720473498641632,0.4993291043060812,13,late
13849,49,0,0.6974296043209177,0.3497303823414314,13,late
13850,50,0,0.4907067961124799,0.4486737205347684,13,late
13851,51,0,0.4198739534425826,0.4217610370407986,13,late
13852,52,0,0.37954558429492813,0.5532172953481447,13,late
13853,53,0,0.6306971325846408,0.49522456702243434,13,late
13854,54,0,0.5149029385618882,0.41690641885648133,13,late
13855,55,0,0.7066806559577641,0.510290546185598,13,late
13856,56,0,0.57880706176126,0.4453419555459198,13,late
13857,57,0,0.48054281167889856,0.5474645819371977,13,late
13858,58,0,0.6925753592343199,0.48596094312748045,13,late
13859,59,0,0.26726954679117976,0.5500277919381026,13,late
13860,60,0,0.4202128553864062,0.46450273043796125,13,late
13861,61,0,0.26569689151124937,0.4555150416069396,13,late
13862,62,0,0.5342095135925974,0.3914721206377981,13,late
13863,63,0,0.6514711414164196,0.4849096811692258,13,late
13864,64,0,0.6035981333705679,0.5284985834336952,13,late
13865,65,0,0.25633969734496526,0.5328453122257462,13,late
13866,66,0,0.3176126421433002,0.5359794799782837,13,late
13867,67,0,0.5319560419750844,0.6302268903537592,13,late
13868,68,0,0.5440784506343695,0.5098292373718674,13,late
13869,69,0,0.2812845787622426,0.4248689123008277,13,late
13870,70,0,0.3388738236031794,0.3879144205327078,13,late
13871,71,0,0.4090286793022253,0.576562574473654,13,late
13872,72,0,0.7074160727017808,0.43135261148906,13,late
13873,73,0,0.45684388476593796,0.5269932442825204,13,late
13874,74,0,0.7842384531244451,0.306081221348519,13,late
13875,75,0,0.40072042125636376,0.4437715585046589,13,late
13876,76,0,0.300865783577128,0.5140006383852465,13,late
13877,77,0,0.4721218204656673,0.4623950127409844,13,late
13878,78,0,0.29630913294502015,0.4558290771516895,13,late
13879,79,0,0.39305350191274,0.478960037230934,13,late
13880,80,0,0.5789216628855479,0.4486416026490128,13,late
13881,81,0,0.4690124877916312,0.4666596516477396,13,late
13882,82,0,0.46763041882196904,0.4489351357227037,13,late
13883,83,0,0.8259376250173733,0.4974491016329854,13,late
13884,84,0,0.40002824584344276,0.49159043089155074,13,late
13885,85,0,0.7178771997464384,0.3849998339320838,13,late
13886,86,0,0.5289708201470587,0.42216356492960894,13,late
13887,87,0,0.48827031013625954,0.5072605270955188,13,late
13888,88,0,0.6117730130962256,0.36182856848070644,13,late
13889,89,0,0.5467478673980082,0.40039691637301633,13,late
13890,90,0,0.4566635450043358,0.4445327472531595,13,late
13891,91,0,0.895883985336535,0.46117347803850967,13,late
13892,92,0,0.5174625030535895,0.45166937571126475,13,late
13893,93,0,0.49979017712028484,0.41716052594617936,13,late
13894,94,0,0.5370710309275706,0.47920628517808955,13,late
13895,95,0,0.38432584508575557,0.6081006305060235,13,late
13896,96,0,0.589978649709055,0.4714992509162541,13,late
13897,97,0,0.5675206695135778,0.43001825873672817,13,late
13898,98,0,0.2714550837250646,0.5936220280361223,13,late
13899,99,0,0.5612529384960574,0.49456315105521476,13,late
13900,100,0,0.42921877615750237,0.450570493962539,13,late
13901,101,0,0.5502768615611557,0.473856504246474,13,late
13902,102,0,0.6637785227554842,0.32443162057609176,13,late
13903,103,0,0.5667633374576991,0.44490672117763674,13,late
13904,104,0,0.8241832695489295,0.564446348004747,13,late
13905,105,0,0.7700023883392944,0.4336985643396759,13,late
13906,106,0,0.3128437030850735,0.4100566248878107,13,late
13907,107,0,0.93344125667002,0.3519169851439008,13,late
13908,108,0,0.3438454342433923,0.5291664671614685,13,late
13909,109,0,0.8751695147480767,0.4335824014420255,13,late
13910,110,0,0.5840341311045967,0.5325875696058724,13,late
13911,111,0,0.1177584127225069,0.5067067202340729,13,late
13912,112,0,0.25609930272432013,0.4568449517716579,13,late
13913,113,0,0.8352042453298334,0.3554713576896444,13,late
13914,114,0,0.48016372706942706,0.4577736516045591,13,late
13915,115,0,0.4675298041743432,0.49061030967832664,13,late
13916,116,0,0.8838110379567825,0.3584480757380399,13,late
13917,117,0,0.34064686460279114,0.3708630873427793,13,late
13918,118,0,0.5382769558878215,0.42081552500639174,13,late
13919,119,0,0.4121712562945002,0.40689237202907896,13,late
13920,120,0,0.4404325351423048,0.56915412289676,13,late
13921,121,0,0.4264292104687025,0.591256414266786,13,late
13922,122,0,0.4377540986092255,0.3765978341540355,13,late
13923,123,0,0.34858050167417504,0.4855814376926886,13,late
13924,124,0,0.4811527648759545,0.3497140043649467,13,late
13925,125,0,0.4334443476277403,0.49319060125023406,13,late
13926,126,0,0.5491259189222198,0.4274692546343267,13,late
13927,127,0,0.6871279917586433,0.5514865095871611,13,late
13928,128,0,0.47554887221762177,0.4521459232665982,13,late
13929,129,0,0.506221240579966,0.46092900627387584,13,late
13930,130,0,0.4698192840037998,0.5118985302326488,13,late
13931,131,0,0.39365081627443355,0.6276947307017933,13,late
13932,132,0,0.5500930807620847,0.47443664381479445,13,late
13933,133,0,0.28981054409969614,0.41298105062181234,13,late
13934,134,0,0.42145680128020335,0.479354598736953,13,late
13935,135,0,0.4691123867438147,0.4051610795683227,13,late
13936,136,0,0.4850988803268527,0.3314558074969217,13,late
13937,137,0,0.5246861851022614,0.37968642731042507,13,late
13938,138,0,0.4343319461885282,0.37842280882169477,13,late
13939,139,0,0.4754250066139308,0.37632402214007465,13,late
13940,140,0,0.3421272008836497,0.3374384112632264,13,late
13941,141,0,0.4696028641900882,0.42820309378493093,13,late
13942,142,0,0.46719936104545684,0.5466465477528881,13,late
13943,143,0,0.353057308615327,0.3752898739564074,13,late
13944,144,0,0.4185832620245635,0.44120779373323993,13,late
13945,145,0,0.39142421056018184,0.5150592986775318,13,late
13946,146,0,0.4644546257761925,0.4417470147756628,13,late
13947,147,0,0.4701688515657468,0.41156381499818406,13,late
13948,148,0,0.4307879186533903,0.35290276534811194,13,late
13949,149,0,0.3073461046003276,0.5292376206665421,13,late
13950,150,0,0.4414394432366427,0.5022384196894843,13,late
13951,151,0,0.4147452789299242,0.48766060735320016,13,late
13952,152,0,0.4152126325854385,0.4989676508693015,13,late
13953,153,0,0.5471938337224824,0.45350783190435484,13,late
13954,154,0,0.45405602300724046,0.4053876410313243,13,late
13955,155,0,0.41341485559246643,0.42908250305962503,13,late
13956,156,0,0.415004057540003,0.49878442609600626,13,late
13957,157,0,0.49208907373240224,0.4696997899647023,13,late
13958,158,0,0.5925756395900783,0.5313358260283152,13,late
13959,159,0,0.48173967719745503,0.6120114043844243,13,late
13960,160,0,0.7827259715091904,0.5039248183825671,13,late
13961,161,0,0.6819425942430574,0.5071711889727025,13,late
13962,162,0,0.37594354864732604,0.5349646371954907,13,late
13963,163,0,0.62646156444002,0.5393723777805406,13,late
13964,164,0,0.2681183245477047,0.4858762471263312,13,late
13965,165,0,0.7032192973516387,0.4585546844945171,13,late
13966,166,0,0.18441486395295875,0.4764317006744214,13,late
13967,167,0,0.4447690354003572,0.43967720482300576,13,late
13968,168,0,0.5556376389943566,0.4121627994839072,13,late
13969,169,0,0.5850548139640036,0.426707775633321,13,late
13970,170,0,0.39990969336147797,0.405242611817449,13,late
13971,171,0,0.3292051825612699,0.39583865325217815,13,late
13972,172,0,0.5103661028707948,0.37772311098855993,13,late
13973,173,0,0.22775703433761177,0.3854923010284874,13,late
13974,174,0,0.7107787628383185,0.4729824931934694,13,late
13975,175,0,0.3976796446241219,0.48163065934496335,13,late
13976,176,0,0.8217130186722486,0.37902384868770767,13,late
13977,177,0,0.8911362314198206,0.5340855973800687,13,late
13978,178,0,0.5139691235618046,0.493440458587904,13,late
13979,179,0,0.4760267648910596,0.3934032079640431,13,late
13980,180,0,0.5453290308065183,0.4086251790112937,13,late
13981,181,0,0.6386989697117031,0.3618507783919168,13,late
13982,182,0,0.774991413806682,0.31487356141689515,13,late
13983,183,0,0.36750871852414957,0.41489314721272896,13,late
13984,184,0,0.11487763511465682,0.47000707347445536,13,late
13985,185,0,0.6295876221452186,0.47227064602054025,13,late
13986,186,0,0.6861938682157454,0.4197841254440756,13,late
13987,187,0,0.45713163149890246,0.382780243306168,13,late
13988,188,0,0.10038669954654242,0.48151320355472094,13,late
13989,189,0,0.2015930218389699,0.4841323515284896,13,late
13990,190,0,0.3113912247933625,0.42045283659166865,13,late
13991,191,0,0.5106649469118834,0.4957018419944494,13,late
13992,192,0,0.7701270079452005,0.40250254588077083,13,late
13993,193,0,0.2779383146924052,0.43243933391518563,13,late
13994,194,0,0.5578266739020327,0.4603660593780577,13,late
13995,195,0,0.7687153489516363,0.5753828972079443,13,late
13996,196,0,0.5332106074980134,0.4296280890356153,13,late
13997,197,0,0.47547261005619673,0.4394189378695799,13,late
13998,198,0,0.47914989281033016,0.3793995399298248,13,late
13999,199,0,0.3135969227123029,0.42429143879004083,13,late
14000,0,0,0.9506130287539656,0.6976921913921684,14,interleaved
14001,1,0,0.504382018689791,0.5700952154766756,14,interleaved
14002,2,0,0.05349276068846927,0.5683839528673432,14,interleaved
14003,3,0,0.6731929019492406,0.6372725909908288,14,interleaved
14004,4,0,0.042877597987708696,0.6303936543799313,14,interleaved
14005,5,0,0.4684064317179374,0.4897395320868766,14,interleaved
14006,6,0,0.08699878262637026,0.6166903961201069,14,interleaved
14007,7,0,0.43400680867666225,0.5263607756009739,14,interleaved
14008,8,0,0.1148021852088309,0.5277075288485542,14,interleaved
14009,9,0,0.37064553818373835,0.7141032440590067,14,interleaved
14010,10,0,0.12171456039524145,0.5625156672724602,14,interleaved
14011,11,0,0.5068619933060383,0.5059582544157617,14,interleaved
14012,12,0,0.1167131765137906,0.6709914335131713,14,interleaved
14013,13,0,0.5634921956954084,0.4801626883366721,14,interleaved
14014,14,0,0.7358124566688071,0.43611700475924864,14,interleaved
14015,15,0,0.5541517072782592,0.5781817457706917,14,interleaved
14016,16,0,0.7737415413747812,0.4986454519288165,14,interleaved
14017,17,0,0.6176978621860102,0.6068738488219665,14,interleaved
14018,18,0,0.7026476483353249,0.3679915794023305,14,interleaved
14019,19,0,0.4924340534873043,0.523983284877745,14,interleaved
14020,20,0,0.3478001304125215,0.5635303953677742,14,interleaved
14021,21,0,0.5866916336342624,0.5206224374515096,14,interleaved
14022,22,0,0.6051001458588197,0.4388227700956281,14,interleaved
14023,23,0,0.678743317404567,0.5803948366846884,14,interleaved
14024,24,0,0.5359965163691371,0.4826169586105188,14,interleaved
14025,25,0,0.443274233659314,0.6007731363057507,14,interleaved
14026,26,0,0.7176140874463097,0.5461706934289159,14,interleaved
14027,27,0,0.7435726904056645,0.5046334258453864,14,interleaved
14028,28,0,0.3078425177759254,0.42749211452280544,14,interleaved
14029,29,0,0.3860253058572053,0.41669127167642916,14,interleaved
14030,30,0,0.7022232796029677,0.3700304070238027,14,interleaved
14031,31,0,0.4151474297934509,0.41289836165055677,14,interleaved
14032,32,0,0.8018599421264474,0.3853115352883828,14,interleaved
14033,33,0,0.742364286264104,0.47709480214219696,14,interleaved
14034,34,0,0.23296902464546398,0.5703782384033432,14,interleaved
14035,35,0,0.43580746258683833,0.4631722632336728,14,interleaved
14036,36,0,0.6059826921787809,0.45343199675513474,14,interleaved
14037,37,0,0.3575235284125485,0.42658314905645944,14,interleaved
14038,38,0,0.7271472823090794,0.5666574701858725,14,interleaved
14039,39,0,0.5444031346434406,0.6029231017164032,14,interleaved
14040,40,0,0.5591496713771176,0.46358047860494367,14,interleaved
14041,41,0,0.8492046225427836,0.4229697306445164,14,interleaved
14042,42,0,0.37390803223017416,0.54019532222006,14,interleaved
14043,43,0,0.5727409327819031,0.5673675182250468,14,interleaved
14044,44,0,0.5194586900933363,0.3445001461609307,14,interleaved
14045,45,0,0.8382806102354934,0.3343819449919328,14,interleaved
14046,46,0,0.5579426309529923,0.4838146046825948,14,interleaved
14047,47,0,0.8390842445232887,0.5969160425335073,14,interleaved
14048,48,0,0.40834132268709095,0.4761672896503901,14,interleaved
14049,49,0,0.4202104413908344,0.5821029590175465,14,interleaved
14050,50,0,0.5461419602370747,0.444163667026355,14,interleaved
14051,51,0,0.4475322673506223,0.5585104357218312,14,interleaved
14052,52,0,0.3781886637430248,0.37446489409478445,14,interleaved
14053,53,0,0.32591133441478787,0.5418706187273532,14,interleaved
14054,54,0,0.4267230270083006,0.5230828183172849,14,interleaved
14055,55,0,0.7785763738688406,0.5911994319943372,14,interleaved
14056,56,0,0.5138907011841535,0.42084800600408,14,interleaved
14057,57,0,0.583933451566649,0.4573772171859948,14,interleaved
14058,58,0,0.3253170551462742,0.507758405783557,14,interleaved
14059,59,0,0.3710961947439224,0.4383568971517885,14,interleaved
14060,60,0,0.5516366802288831,0.3937618960478056,14,interleaved
14061,61,0,0.5876588034686314,0.48166196419663576,14,interleaved
14062,62,0,0.5702528247473702,0.4667865470382459,14,interleaved
14063,63,0,0.18780676578767175,0.43925456799983564,14,interleaved
14064,64,0,0.47115762100823666,0.4078238050151951,14,interleaved
14065,65,0,0.3415588546094257,0.6538440966456549,14,interleaved
14066,66,0,0.46144752796396776,0.5554904424876138,14,interleaved
14067,67,0,0.6540212436391526,0.46451335110005243,14,interleaved
14068,68,0,0.5552855331843873,0.37943914952224767,14,interleaved
14069,69,0,0.7217027231012303,0.3799604624687657,14,interleaved
14070,70,0,0.37042315996366926,0.5989327570434819,14,interleaved
14071,71,0,0.8675119078235876,0.38906782023952063,14,interleaved
14072,72,0,0.4142502404850441,0.538117778365415,14,interleaved
14073,73,0,0.41780932258655124,0.5078890058843835,14,interleaved
14074,74,0,0.561170938194796,0.5092064546680313,14,interleaved
14075,75,0,0.5835387995537742,0.4909204249582094,14,interleaved
14076,76,0,0.4655592061554525,0.42756994906188356,14,interleaved
14077,77,0,0.5531011158780625,0.6778588235182991,14,interleaved
14078,78,0,0.38667759956147396,0.5883986917947508,14,interleaved
14079,79,0,0.6518186004458184,0.4652337281237241,14,interleaved
14080,80,0,0.6251528148879132,0.4363214915077184,14,interleaved
14081,81,0,0.4919036032855826,0.4592364723685174,14,interleaved
14082,82,0,0.3892105310752343,0.40600871306611686,14,interleaved
14083,83,0,0.6801107558190216,0.43910661573653414,14,interleaved
14084,84,0,0.5285324009558947,0.45126483673893125,14,interleaved
14085,85,0,0.8130493355835419,0.4562681272093504,14,interleaved
14086,86,0,0.530770210167145,0.39967446916836336,14,interleaved
14087,87,0,0.7956201472461104,0.4473170856880472,14,interleaved
14088,88,0,0.43169572181843596,0.6706380832982684,14,interleaved
14089,89,0,0.3264913665234957,0.35829631270990725,14,interleaved
14090,90,0,0.5225839986003746,0.45437135286255115,14,interleaved
14091,91,0,0.2782082102484119,0.48492924038103824,14,interleaved
14092,92,0,0.5268958388304356,0.4039048197783085,14,interleaved
14093,93,0,0.5921526131342678,0.49466567233681075,14,interleaved
14094,94,0,0.5192558827771461,0.4799890595107086,14,interleaved
14095,95,0,0.43026228311346226,0.4253169740172955,14,interleaved
14096,96,0,0.5009935027461911,0.4973330348546018,14,interleaved
14097,97,0,0.6519442473087043,0.4452016900029058,14,interleaved
14098,98,0,0.51423503944063,0.4648410805993488,14,interleaved
14099,99,0,0.5100636786997499,0.4198758978949449,14,interleaved
14100,100,0,0.3723230514738387,0.4157198545746188,14,interleaved
14101,101,0,0.4693066801487179,0.4445065800955399,14,interleaved
14102,102,0,0.48457864499606806,0.3671806044003997,14,interleaved
14103,103,0,0.5138690369679921,0.4001679121915632,14,interleaved
14104,104,0,0.4646161661255933,0.524230720166402,14,interleaved
14105,105,0,0.5639398275368367,0.43065415952673336,14,interleaved
14106,106,0,0.38191941732757995,0.45933981837786103,14,interleaved
14107,107,0,0.6405565236743934,0.4908917543225554,14,interleaved
14108,108,0,0.3268202449000751,0.4778503943954514,14,interleaved
14109,109,0,0.40824335586033855,0.4946491657344327,14,interleaved
14110,110,0,0.44850523646018253,0.6056271386056507,14,interleaved
14111,111,0,0.37974099395403305,0.5184719749032485,14,interleaved
14112,112,0,0.40833662367847895,0.47372545574461,14,interleaved
14113,113,0,0.5917072751102077,0.43277131514144834,14,interleaved
14114,114,0,0.45866164175718327,0.47960896162416633,14,interleaved
14115,115,0,0.5907387435150652,0.6120910811275511,14,interleaved
14116,116,0,0.725194916981416,0.5307187982217444,14,interleaved
14117,117,0,0.5652723404617488,0.3493384683397648,14,interleaved
14118,118,0,0.45421071289741677,0.4533163682387354,14,interleaved
14119,119,0,0.5429952422819486,0.41941473833000564,14,interleaved
14120,120,0,0.5010318817811681,0.5767883350434383,14,interleaved
14121,121,0,0.5441110374227148,0.45080961247566265,14,interleaved
14122,122,0,0.3244676979483126,0.39254967448523637,14,interleaved
14123,123,0,0.6107707115388741,0.3883510511894054,14,interleaved
14124,124,0,0.545430428164786,0.5309449115718228,14,interleaved
14125,125,0,0.5326571945731186,0.6240112630355152,14,interleaved
14126,126,0,0.512417876249408,0.4523883037247954,14,interleaved
14127,127,0,0.6280024897761161,0.48132716404586,14,interleaved
14128,128,0,0.6917839015184165,0.4459979387373595,14,interleaved
14129,129,0,0.5763425940494755,0.4844238449986986,14,interleaved
14130,130,0,0.5947047542843565,0.5141266432437859,14,interleaved
14131,131,0,0.7698007926988377,0.5186757663878971,14,interleaved
14132,132,0,0.5116771864617223,0.4938019123057078,14,interleaved
14133,133,0,0.5399266136667895,0.4531029706018236,14,interleaved
14134,134,0,0.5622986480332025,0.5156003657425182,14,interleaved
14135,135,0,0.5373452299523537,0.5497977722586924,14,interleaved
14136,136,0,0.4929791189115969,0.5548233273590071,14,interleaved
14137,137,0,0.7651608166794162,0.35115978337976017,14,interleaved
14138,138,0,0.4562909333258705,0.4682334865566627,14,interleaved
14139,139,0,0.40612957941845923,0.5152310923924923,14,interleaved
14140,140,0,0.434644575721667,0.48808893536167997,14,interleaved
14141,141,0,0.7559046409590677,0.3683994755007236,14,interleaved
14142,142,0,0.5963208713252572,0.3342260995396369,14,interleaved
14143,143,0,0.3971848659856829,0.44941980830124406,14,interleaved
14144,144,0,0.34313934393787277,0.44024043075756386,14,interleaved
14145,145,0,0.5548369897322032,0.49377060556505414,14,interleaved
14146,146,0,0.5257809066725132,0.49311891897425286,14,interleaved
14147,147,0,0.7476224811174326,0.38725204765935073,14,interleaved
14148,148,0,0.6055687147967449,0.358020310042004,14,interleaved
14149,149,0,0.7159992060725817,0.29746658075309007,14,interleaved
14150,150,0,0.46484857394822016,0.48642564285931755,14,interleaved
14151,151,0,0.8543258098217689,0.4279852196874987,14,interleaved
14152,152,0,0.5585274542607832,0.5349809869873124,14,interleaved
14153,153,0,0.5584014921794194,0.4972796442399665,14,interleaved
14154,154,0,0.4749948424720943,0.4142740550908356,14,interleaved
14155,155,0,0.7133644449675629,0.43012893864934953,14,interleaved
14156,156,0,0.45682592527822935,0.4808981845630696,14,interleaved
14157,157,0,0.3408469421001369,0.34308273048761895,14,interleaved
14158,158,0,0.510402789798002,0.4423018106433477,14,interleaved
14159,159,0,0.4715796990327755,0.8097524190499168,14,interleaved
14160,160,0,0.7375123660946825,0.44597537335863646,14,interleaved
14161,161,0,0.5521429333972975,0.4020001133148355,14,interleaved
14162,162,0,0.3886984907641187,0.40961837013020397,14,interleaved
14163,163,0,0.4677544016880736,0.45411293355293303,14,interleaved
14164,164,0,0.3533526439190857,0.46711024942033713,14,interleaved
14165,165,0,0.916125337557811,0.5977984091368169,14,interleaved
14166,166,0,0.7906224300276101,0.4742504151590335,14,interleaved
14167,167,0,0.617237666993885,0.46123399291415856,14,interleaved
14168,168,0,0.43483036456431945,0.5450648535300554,14,interleaved
14169,169,0,0.8970043058538327,0.4598591031225504,14,interleaved
14170,170,0,0.47453512707276935,0.33828273018921845,14,interleaved
14171,171,0,0.5018491160632961,0.3410341217199067,14,interleaved
14172,172,0,0.5191598195850137,0.5716359791075138,14,interleaved
14173,173,0,0.07725210778098182,0.4559388061180147,14,interleaved
14174,174,0,0.12335467685386581,0.4987492216452317,14,interleaved
14175,175,0,0.46913191304777907,0.49609340025810755,14,interleaved
14176,176,0,0.904183257134069,0.3276711226775555,14,interleaved
14177,177,0,0.48431755113463015,0.5119447528030785,14,interleaved
14178,178,0,0.5337637141366685,0.5574764786746069,14,interleaved
14179,179,0,0.6041277338762123,0.4058161726775591,14,interleaved
14180,180,0,0.5959714337901953,0.5547754805430407,14,interleaved
14181,181,0,0.23202156781354785,0.6395845586926221,14,interleaved
14182,182,0,0.4404842426803738,0.38704091665087803,14,interleaved
14183,183,0,0.5321615492876314,0.450897260831991,14,interleaved
14184,184,0,0.7852715106781463,0.37902810147930566,14,interleaved
14185,185,0,0.6394142260096674,0.45315422007935563,14,interleaved
14186,186,0,0.31545217778655626,0.3419202496344076,14,interleaved
14187,187,0,0.26138964602476217,0.4204912261158831,14,interleaved
14188,188,0,0.5387419800372998,0.5219270993477031,14,interleaved
14189,189,0,0.3956832551110522,0.39603422342029865,14,interleaved
14190,190,0,0.2686289889135794,0.3713354901658862,14,interleaved
14191,191,0,0.5583313197602094,0.4659062151404485,14,interleaved
14192,192,0,0.7354061394347359,0.400458132238115,14,interleaved
14193,193,0,0.40833678631827347,0.5436519311887569,14,interleaved
14194,194,0,0.6310966739950135,0.3971732715244364,14,interleaved
14195,195,0,0.2759373595890958,0.44582772359082107,14,interleaved
14196,196,0,0.829035274335399,0.41664020085916936,14,interleaved
14197,197,0,0.5276245640607601,0.44170836497301574,14,interleaved
14198,198,0,0.5057519799748977,0.40183932292503755,14,interleaved
14199,199,0,0.7469321689196735,0.5290359986898848,14,interleaved
14200,0,0,0.6178125223862521,0.7314688748540821,14,blocked
14201,1,1,0.4877881243617641,0.736413078049684,14,blocked
14202,2,2,0.37253738870380804,0.7439818654158786,14,blocked
14203,3,3,0.6086011253045267,1.0056121504596227,14,blocked
14204,4,4,0.2940633362902536,1.3727450867555433,14,blocked
14205,5,5,0.005881448029058097,1.091131040344849,14,blocked
14206,6,0,0.5566491984477097,0.5517597556205107,14,blocked
14207,7,0,0.5860719543803712,0.7574514475970082,14,blocked
14208,8,0,0.5337164866648783,0.6344858713032884,14,blocked
14209,9,0,0.2530395977699239,0.7193577479266027,14,blocked
14210,10,0,0.5675929441506153,0.5849626805955657,14,blocked
14211,11,0,0.35188171769849563,0.5146905521673402,14,blocked
14212,12,0,0.4467890364677605,0.5808466467370802,14,blocked
14213,13,0,0.6257397281916702,0.6122701356025825,14,blocked
14214,14,0,0.4620754306170231,0.5802566982501618,14,blocked
14215,15,0,0.58464361020484,0.5823319332250576,14,blocked
14216,16,0,0.5285922344347161,0.6109152500069311,14,blocked
14217,17,0,0.6994518051149266,0.5684136250409024,14,blocked
14218,18,0,0.39180365105809,0.552136604489642,14,blocked
14219,19,0,0.3878478946261034,0.5296965774367532,14,blocked
14220,20,0,0.46213114700740643,0.5367025529860394,14,blocked
14221,21,0,0.47132039374478474,0.7254467245545096,14,blocked
14222,22,0,0.4990904106056225,0.4757056264692262,14,blocked
14223,23,0,0.5205054693082771,0.5760884824417396,14,blocked
14224,24,0,0.3699609062568512,0.5423830701844583,14,blocked
14225,25,0,0.509783133645254,0.5362341770982526,14,blocked
14226,26,0,0.5755449668965719,0.6106496034420348,14,blocked
14227,27,0,0.3536191929038815,0.5155433437717546,14,blocked
14228,28,0,0.38523438305916635,0.5688408867421659,14,blocked
14229,29,0,0.4996596052582122,0.767425668916226,14,blocked
14230,30,0,0.4182408466693087,0.6221332104690009,14,blocked
14231,31,0,0.45333372386048154,0.641859833919168,14,blocked
14232,32,0,0.4818354857003594,0.4243944416382148,14,blocked
14233,33,0,0.6160117431005527,0.6032932134557709,14,blocked
14234,34,0,0.5949711316984171,0.5021087190265321,14,blocked
14235,35,0,0.4975143220636674,0.3910980924326264,14,blocked
14236,36,0,0.348623175086791,0.7402908442697678,14,blocked
14237,37,0,0.31858840530568355,0.46968955914315524,14,blocked
14238,38,0,0.7104885300533644,0.42710930592086893,14,blocked
14239,39,0,0.4979955342626272,0.42214843452646345,14,blocked
14240,40,0,0.4686853943677695,0.38090376187779973,14,blocked
14241,41,0,0.509819329364557,0.354710720142398,14,blocked
14242,42,0,0.578427541414203,0.5118460936023788,14,blocked
14243,43,0,0.5074429305811902,0.5107283704459435,14,blocked
14244,44,0,0.44480117251436363,0.40326937488909465,14,blocked
14245,45,0,0.45750734074994176,0.48570564379388753,14,blocked
14246,46,0,0.5952925658225828,0.5493187556869611,14,blocked
14247,47,0,0.5058610950166671,0.680646979006546,14,blocked
14248,48,0,0.5053386856708333,0.515141519455624,14,blocked
14249,49,0,0.47301130604552893,0.5626713653163469,14,blocked
14250,50,0,0.5312818511295658,0.4649682021254311,14,blocked
14251,51,0,0.4750260979524006,0.46852960452564735,14,blocked
14252,52,0,0.4522296453333835,0.4288335262825097,14,blocked
14253,53,0,0.42596803384063847,0.6188773420703747,14,blocked
14254,54,0,0.5541005505288212,0.4620189353220987,14,blocked
14255,55,0,0.5812617126204243,0.3510717700396139,14,blocked
14256,56,0,0.5257070293706403,0.6099637368282759,14,blocked
14257,57,0,0.6493316941316623,0.5500574313785511,14,blocked
14258,58,0,0.5406922760229602,0.42478047030241173,14,blocked
14259,59,0,0.5957098648623136,0.36667101681079733,14,blocked
14260,60,0,0.4634089301633798,0.5736748427268745,14,blocked
14261,61,0,0.4595480439476409,0.625825609995712,14,blocked
14262,62,0,0.6695926637044891,0.5809582754017519,14,blocked
14263,63,0,0.4569734285399497,0.5812207447295825,14,blocked
14264,64,0,0.6664459836462022,0.3934572110265724,14,blocked
14265,65,0,0.7198246206819857,0.5512564251610719,14,blocked
14266,66,0,0.6974073286492102,0.4920112610741162,14,blocked
14267,67,0,0.5521267153716519,0.44002385104533837,14,blocked
14268,68,0,0.6804935080944939,0.4392968826126685,14,blocked
14269,69,0,0.2960839724463231,0.5067791942930092,14,blocked
14270,70,0,0.7233913530140172,0.39732305332718276,14,blocked
14271,71,0,0.3601484680059923,0.3634641577530091,14,blocked
14272,72,0,0.6494009616043865,0.4648364227810175,14,blocked
14273,73,0,0.628763372176854,0.4823761129110693,14,blocked
14274,74,0,0.41688612025345745,0.5396516313697595,14,blocked
14275,75,0,0.32163850774461267,0.5467606401089586,14,blocked
14276,76,0,0.651369101715974,0.5106581783088672,14,blocked
14277,77,0,0.475759002875975,0.4149643178648321,14,blocked
14278,78,0,0.7513893482062979,0.446377165957675,14,blocked
14279,79,0,0.7374136931828246,0.43034331455862274,14,blocked
14280,80,0,0.3798060689262825,0.4509647720900351,14,blocked
14281,81,0,0.320770967258209,0.373021388765009,14,blocked
14282,82,0,0.1839172580310581,0.3986491568345758,14,blocked
14283,83,0,0.6360536472980334,0.3899185484695569,14,blocked
14284,84,0,0.7609685497597543,0.35438121861136307,14,blocked
14285,85,0,0.9044556244059476,0.38164807088788855,14,blocked
14286,86,0,0.7499079992701279,0.3352790975050445,14,blocked
14287,87,0,0.3428642583209231,0.5518036712048917,14,blocked
14288,88,0,0.38259423978172935,0.5488525487341871,14,blocked
14289,89,0,0.30096407472102105,0.4585055763384629,14,blocked
14290,90,0,0.34929123954553976,0.3309541667138274,14,blocked
14291,91,0,0.39522567771948436,0.5880798827564504,14,blocked
14292,92,0,0.7733316125038892,0.39289718513394567,14,blocked
14293,93,0,0.276018315370346,0.40017400366683975,14,blocked
14294,94,0,0.7313294914964539,0.36979405032554,14,blocked
14295,95,0,0.6940266232245234,0.4136515998960595,14,blocked
14296,96,0,0.6869385211982513,0.40868194621549114,14,blocked
14297,97,0,0.7331956131373714,0.46768886953507477,14,blocked
14298,98,0,0.629054335541675,0.379239336983408,14,blocked
14299,99,0,0.7971462543839775,0.6136038426478112,14,blocked
14300,100,0,0.2278911374360026,0.47115117271896745,14,blocked
14301,101,0,0.7313333691907639,0.30361627025338045,14,blocked
14302,102,0,0.15330556682082438,0.5339113706180366,14,blocked
14303,103,0,0.11550898237254623,0.547477819342508,14,blocked
14304,104,0,0.11779979024844525,0.4636362889700634,14,blocked
14305,105,0,0.21815333993601133,0.5136512533570801,14,blocked
14306,106,0,0.1842756207302083,0.7011798791353462,14,blocked
14307,107,0,0.33889195861301735,0.5397109648241856,14,blocked
14308,108,0,0.7475155102003515,0.49639494879202084,14,blocked
14309,109,0,0.6121226657011967,0.3911971007287166,14,blocked
14310,110,0,0.34453767797767965,0.4605537025652714,14,blocked
14311,111,0,0.15429735509850817,0.39930667432772926,14,blocked
14312,112,0,0.880663434642599,0.4370870394309061,14,blocked
14313,113,0,0.263258313588835,0.4920546400690665,14,blocked
14314,114,0,0.20366392209820766,0.4071338178452807,14,blocked
14315,115,0,0.7649394275732391,0.46997175607147323,14,blocked
14316,116,0,0.6674407403085653,0.6350571589596743,14,blocked
14317,117,0,0.814093396641272,0.4581571682379748,14,blocked
14318,118,0,0.7029690197295448,0.4374176200107232,14,blocked
14319,119,0,0.8298485767246573,0.3586220679529346,14,blocked
14320,120,0,0.5591631678321162,0.5605194242441082,14,blocked
14321,121,0,0.49280891311138575,0.3732876509893148,14,blocked
14322,122,0,0.47419241248055016,0.5918513983899589,14,blocked
14323,123,0,0.630303633504386,0.4973900660245041,14,blocked
14324,124,0,0.4751716205801855,0.3343458036211916,14,blocked
14325,125,0,0.46494036221224777,0.338837220157295,14,blocked
14326,126,0,0.4948502213452181,0.36347669929944565,14,blocked
14327,127,0,0.46209940764201246,0.5741092118055089,14,blocked
14328,128,0,0.5065741272941835,0.4097594936130138,14,blocked
14329,129,0,0.5955243449251604,0.5538163794188042,14,blocked
14330,130,0,0.5849603335071966,0.43343807621095887,14,blocked
14331,131,0,0.5599398575964595,0.6284746555406355,14,blocked
14332,132,0,0.4969609731457314,0.4882345061619763,14,blocked
14333,133,0,0.5868012433000226,0.45103233878017235,14,blocked
14334,134,0,0.45548555186191997,0.4666273311593722,14,blocked
14335,135,0,0.4318610647903128,0.3488040797495431,14,blocked
14336,136,0,0.5297295243820332,0.39989135001936255,14,blocked
14337,137,0,0.47750128344318626,0.38115270170720855,14,blocked
14338,138,0,0.534927461509533,0.46329984725726736,14,blocked
14339,139,0,0.5949476568287217,0.48258184353533645,14,blocked
14340,140,0,0.5574092296877382,0.6081552219523756,14,blocked
14341,141,0,0.5267124031560533,0.34836124545515335,14,blocked
14342,142,0,0.5552202203984545,0.5826215582779395,14,blocked
14343,143,0,0.4714549342389277,0.5666926665616803,14,blocked
14344,144,0,0.4069170467677825,0.6507907305111602,14,blocked
14345,145,0,0.45871326300462995,0.5080459414922767,14,blocked
14346,146,0,0.524615848383841,0.578195924452823,14,blocked
14347,147,0,0.5241717685128602,0.38370660971031484,14,blocked
14348,148,0,0.36657735710592354,0.3752174850588804,14,blocked
14349,149,0,0.49242758620321003,0.46908316882025936,14,blocked
14350,150,0,0.3564522926530794,0.5227570093543218,14,blocked
14351,151,0,0.5801592274732088,0.5308278492773817,14,blocked
14352,152,0,0.37482695413759054,0.32785311547301677,14,blocked
14353,153,0,0.5263299436634049,0.4064319319670134,14,blocked
14354,154,0,0.5120089403884746,0.4324671626549181,14,blocked
14355,155,0,0.4882802778214673,0.48226991414969905,14,blocked
14356,156,0,0.44218909498626996,0.44156233512863896,14,blocked
14357,157,0,0.5234088752635542,0.5681051217551235,14,blocked
14358,158,0,0.4725462083608691,0.505533086910664,14,blocked
14359,159,0,0.4968273248224894,0.47774819382331435,14,blocked
14360,160,0,0.7461689325905613,0.48164452305695205,14,blocked
14361,161,0,0.5463167465700615,0.52736933815096,14,blocked
14362,162,0,0.08875323451928677,0.5323664373727082,14,blocked
14363,163,0,0.7832832880949796,0.33219011158420797,14,blocked
14364,164,0,0.5245699137370086,0.5403342946305161,14,blocked
14365,165,0,0.14663464289198075,0.36364989660915226,14,blocked
14366,166,0,0.8631061259410703,0.2650604686876846,14,blocked
14367,167,0,0.5235473695568766,0.44154432443742353,14,blocked
14368,168,0,0.49695494084962827,0.5303915177492686,14,blocked
14369,169,0,0.2317328027008158,0.4757257001852663,14,blocked
14370,170,0,0.4568716141142318,0.42466242408345534,14,blocked
14371,171,0,0.45653169724991516,0.49423259572968004,14,blocked
14372,172,0,0.8670468249468817,0.3432948409227301,14,blocked
14373,173,0,0.4803706427925589,0.41385220166306513,14,blocked
14374,174,0,0.5150863135106694,0.4815229464684375,14,blocked
14375,175,0,0.7880924968680842,0.2998029631453645,14,blocked
14376,176,0,0.20948090314574586,0.5516620213758545,14,blocked
14377,177,0,0.728332724283637,0.2903400681982859,14,blocked
14378,178,0,0.5279917366203377,0.39487111661421215,14,blocked
14379,179,0,0.47493352088091284,0.39774061883425654,14,blocked
14380,180,0,0.5005167555787521,0.36175008089311533,14,blocked
14381,181,0,0.4376283617342638,0.545487138642681,14,blocked
14382,182,0,0.26260492451032963,0.4362496945924479,14,blocked
14383,183,0,0.41249035683642515,0.44683029997004886,14,blocked
14384,184,0,0.7091628506141296,0.37541201682632874,14,blocked
14385,185,0,0.49457957397936164,0.4284924432294742,14,blocked
14386,186,0,0.3801227636676903,0.5019699569441929,14,blocked
14387,187,0,0.43533263207792583,0.4422102223034474,14,blocked
14388,188,0,0.6409218046821975,0.545279544473507,14,blocked
14389,189,0,0.5627625471148431,0.5256788416021612,14,blocked
14390,190,0,0.5897987033052223,0.46644486910547744,14,blocked
14391,191,0,0.4522377026882284,0.5278720777362809,14,blocked
14392,192,0,0.5492436514190844,0.4575440101766842,14,blocked
14393,193,0,0.48984753845468293,0.4068408488927668,14,blocked
14394,194,0,0.7510542308789246,0.5958835911952669,14,blocked
14395,195,0,0.24066371086086275,0.5830272493734863,14,blocked
14396,196,0,0.5369242849041794,0.5025825187239484,14,blocked
14397,197,0,0.8413212330794041,0.4033857976872818,14,blocked
14398,198,0,0.7901022545179108,0.46488279843750213,14,blocked
14399,199,0,0.6755505381998498,0.45282794140682303,14,blocked
14400,0,0,0.7825600805180655,0.8108011063839855,14,early
14401,1,0,0.11638027832295378,0.7037245253000333,14,early
14402,2,0,0.7518135918416122,0.7339221679872112,14,early
14403,3,0,0.1404189289307935,0.799167792040886,14,early
14404,4,0,0.1053890269320788,0.7702890872643979,14,early
14405,5,0,0.8958062656340102,0.4914413138958249,14,early
14406,6,0,0.8566118012332782,0.7288013813607229,14,early
14407,7,0,0.12716979116747013,0.7072819736706021,14,early
14408,8,1,0.9263512150871984,0.7862091856359272,14,early
14409,9,1,0.08250231671981055,0.7688164000035713,14,early
14410,10,0,0.9559566024013506,0.749949134294218,14,early
14411,11,0,0.13302835001907887,0.6330086417927623,14,early
14412,12,0,0.8688792883753471,0.401789236886012,14,early
14413,13,0,0.11532228479991657,0.6774513570083119,14,early
14414,14,0,0.12814685554134514,0.8264570378351428,14,early
14415,15,0,0.23724993896689275,0.592584672090986,14,early
14416,16,0,0.8756427877569968,0.7890844509945537,14,early
14417,17,0,0.41744165635728947,0.6880501675777186,14,early
14418,18,0,0.1394339703938014,0.6835819655216206,14,early
14419,19,0,0.11170719955756286,0.6220933645148934,14,early
14420,20,0,0.1690728369797531,0.6918450776704298,14,early
14421,21,0,0.8229355785503631,0.45495770715824846,14,early
14422,22,0,0.23170382888005908,0.660965765211404,14,early
14423,23,0,0.887148111805981,0.5785765512981685,14,early
14424,24,0,0.21523584542255722,0.5744317160946071,14,early
14425,25,0,0.8412243953893153,0.46683086068224633,14,early
14426,26,0,0.1375625573477054,0.6457489448322905,14,early
14427,27,0,0.8428176076314362,0.5440780608097321,14,early
14428,28,0,0.24884614082493262,0.4410172329548458,14,early
14429,29,0,0.2761437252068028,0.5661997758683992,14,early
14430,30,0,0.537697800277018,0.5063112467605776,14,early
14431,31,0,0.7442198946518547,0.4712491516810177,14,early
14432,32,0,0.17699300551329375,0.636552804532474,14,early
14433,33,0,0.09286330306044233,0.6343943151699096,14,early
14434,34,0,0.3277645626105573,0.4982259545958407,14,early
14435,35,0,0.3838272280202658,0.5097976925760811,14,early
14436,36,0,0.7817446719413916,0.5007514116711488,14,early
14437,37,0,0.7323306617903347,0.42639261598995243,14,early
14438,38,0,0.6478821913478169,0.5304540251460932,14,early
14439,39,0,0.32232518727645254,0.43891844474216474,14,early
14440,40,0,0.7733043659535082,0.41678912496051324,14,early
14441,41,0,0.5122371940790744,0.5548793889651396,14,early
14442,42,0,0.4189089081327326,0.5977442423416708,14,early
14443,43,0,0.6863282880657886,0.5973423926206725,14,early
14444,44,0,0.359118413222303,0.4940240846758658,14,early
14445,45,0,0.31605436961101496,0.6111756266689199,14,early
14446,46,0,0.25546175992998527,0.427582338397293,14,early
14447,47,0,0.2460027253101174,0.5067620039570264,14,early
14448,48,0,0.4431795573149055,0.6083871514782265,14,early
14449,49,0,0.6793085518039184,0.3863656799785812,14,early
14450,50,0,0.5336960859289644,0.6019607657877148,14,early
14451,51,0,0.1922596723633694,0.44602403527930634,14,early
14452,52,0,0.6676264842271713,0.43224148043664323,14,early
14453,53,0,0.8693715350401665,0.5174145064724089,14,early
14454,54,0,0.7764070407937677,0.3269571342270369,14,early
14455,55,0,0.1668897365207035,0.4755572670632574,14,early
14456,56,0,0.782728717834626,0.45232437636085593,14,early
14457,57,0,0.7213309340658456,0.5257261362146123,14,early
14458,58,0,0.30298597540895944,0.453699773226637,14,early
14459,59,0,0.15045708729037172,0.5384364525324656,14,early
14460,60,0,0.163311514051236,0.5042600091409216,14,early
14461,61,0,0.7784510806543028,0.3776232137405281,14,early
14462,62,0,0.21923564758379172,0.5163848967421794,14,early
14463,63,0,0.2165132597569981,0.5283390259411374,14,early
14464,64,0,0.6167052859579174,0.6955148496113246,14,early
14465,65,0,0.8505528181068833,0.4861292323118671,14,early
14466,66,0,0.18641519570200188,0.575321253040382,14,early
14467,67,0,0.1932470047013155,0.40923719543966863,14,early
14468,68,0,0.8197895834545661,0.4543868925546959,14,early
14469,69,0,0.18974305252255774,0.5030530506118642,14,early
14470,70,0,0.16460449752255332,0.5613926653927259,14,early
14471,71,0,0.737517961934458,0.49077906705708885,14,early
14472,72,0,0.640539023503764,0.37434989785464157,14,early
14473,73,0,0.7460537647183618,0.3537223099361787,14,early
14474,74,0,0.8433788022808923,0.4783566231539841,14,early
14475,75,0,0.13682251492640513,0.47463895777671755,14,early
14476,76,0,0.8048876085313721,0.2752594144877344,14,early
14477,77,0,0.5885182082687769,0.5754139410390624,14,early
14478,78,0,0.1394920228167585,0.5142404714288409,14,early
14479,79,0,0.7740571559931047,0.4257610375916975,14,early
14480,80,0,0.45883194419091783,0.4484928174838605,14,early
14481,81,0,0.8789437772060095,0.37765760205013504,14,early
14482,82,0,0.3165560739803887,0.5736264790897139,14,early
14483,83,0,0.7614904598949068,0.6086438929961566,14,early
14484,84,0,0.4152066155740598,0.4486042711937652,14,early
14485,85,0,0.1851981893195956,0.44137310893034004,14,early
14486,86,0,0.5916140352556891,0.5122258398702005,14,early
14487,87,0,0.7321977048449696,0.3826607236628158,14,early
14488,88,0,0.581747565612532,0.4487086266137369,14,early
14489,89,0,0.7579995313915775,0.5520409941294426,14,early
14490,90,0,0.3155602626768096,0.4723982431349937,14,early
14491,91,0,0.8154388768001226,0.5739221790274042,14,early
14492,92,0,0.4587112585002688,0.4090536135647982,14,early
14493,93,0,0.8384164901681056,0.5295971826296303,14,early
14494,94,0,0.4083602401636551,0.458785468604734,14,early
14495,95,0,0.839042585555305,0.3420718019204836,14,early
14496,96,0,0.5095901010524451,0.4367235670625899,14,early
14497,97,0,0.08465736749695789,0.4601562475626431,14,early
14498,98,0,0.429640513002813,0.4537705746589654,14,early
14499,99,0,0.8568937219910457,0.23378011498696355,14,early
14500,100,0,0.29090719551553285,0.6942869412074811,14,early
14501,101,0,0.29004556943692783,0.5789215321230252,14,early
14502,102,0,0.4392687631403098,0.400297718497994,14,early
14503,103,0,0.8641663533938799,0.5602204564637756,14,early
14504,104,0,0.3942405653712079,0.536137493585199,14,early
14505,105,0,0.44827310969442,0.44613587565840396,14,early
14506,106,0,0.534950330525177,0.37682988578978294,14,early
14507,107,0,0.2724524953059782,0.44615186401711815,14,early
14508,108,0,0.47277927305395445,0.6615540527191597,14,early
14509,109,0,0.5200732388223038,0.6685963562115854,14,early
14510,110,0,0.47014745234581357,0.48031975417531647,14,early
14511,111,0,0.2758961195509388,0.5519042279235806,14,early
14512,112,0,0.4810983650215861,0.4615003197431682,14,early
14513,113,0,0.9104774146285205,0.44168272327747843,14,early
14514,114,0,0.5045560277552746,0.4224369921561933,14,early
14515,115,0,0.8694662868754504,0.42586031627871657,14,early
14516,116,0,0.5646678431917787,0.5401528748550202,14,early
14517,117,0,0.9363806533072444,0.42096598587416245,14,early
14518,118,0,0.45891282001101086,0.5202967807427296,14,early
14519,119,0,0.9027532919053134,0.38266033778754815,14,early
14520,120,0,0.5540845685774884,0.5002162011916336,14,early
14521,121,0,0.13253027643776358,0.443577333700712,14,early
14522,122,0,0.5204910113205217,0.5826817683505743,14,early
14523,123,0,0.647665943173495,0.43834725138388164,14,early
14524,124,0,0.43724178707689587,0.5059754489114541,14,early
14525,125,0,0.7795374412568778,0.38206257829717816,14,early
14526,126,0,0.635388710469609,0.4016300639816296,14,early
14527,127,0,0.8779902473931258,0.4156322293181308,14,early
14528,128,0,0.5956360119948543,0.3872542229846092,14,early
14529,129,0,0.3589580906543577,0.5150165003872236,14,early
14530,130,0,0.4973319267463024,0.42606893271457114,14,early
14531,131,0,0.7185804549659363,0.4760781984123468,14,early
14532,132,0,0.5041991131349322,0.5504147947988776,14,early
14533,133,0,0.8154135724616813,0.29311418858960026,14,early
14534,134,0,0.46938016654420817,0.5285651817696587,14,early
14535,135,0,0.7889700691877871,0.36609468894642355,14,early
14536,136,0,0.4979312182700095,0.4769828351925969,14,early
14537,137,0,0.8866870910366349,0.2965472474687443,14,early
14538,138,0,0.44250777954662485,0.5250703756891006,14,early
14539,139,0,0.9617944807650012,0.41824109435624907,14,early
14540,140,0,0.4914157760438289,0.4503306171384234,14,early
14541,141,0,0.09045688453371503,0.5394456516512609,14,early
14542,142,0,0.47099585933715643,0.4733810439155639,14,early
14543,143,0,0.8472107919008649,0.23214570663362738,14,early
14544,144,0,0.3492627500818028,0.5766215705988402,14,early
14545,145,0,0.2432170371181268,0.46744753013126883,14,early
14546,146,0,0.4227643390405722,0.4068016404068886,14,early
14547,147,0,0.17144371306880585,0.48528643780122743,14,early
14548,148,0,0.4900409248097445,0.3857573138220276,14,early
14549,149,0,0.20108220649353425,0.4159128340343762,14,early
14550,150,0,0.47518780931962645,0.5287504780580509,14,early
14551,151,0,0.05140513003276895,0.4301047312938725,14,early
14552,152,0,0.46088981335266405,0.42235543940090015,14,early
14553,153,0,0.08218503662026633,0.6052325573223671,14,early
14554,154,0,0.47229212927493075,0.35038746700169837,14,early
14555,155,0,0.09866303390673054,0.5817767415200574,14,early
14556,156,0,0.4937837175843692,0.450478062164947,14,early
14557,157,0,0.14104180659225596,0.44170731324834733,14,early
14558,158,0,0.5381934065189276,0.44510066525430214,14,early
14559,159,0,0.10192536886179296,0.40583530963301095,14,early
14560,160,0,0.44399881002613756,0.36348425125376316,14,early
14561,161,0,0.14772854547030465,0.45600243740083435,14,early
14562,162,0,0.14922197286559408,0.5496112511782898,14,early
14563,163,0,0.8782696462255527,0.4859970098182154,14,early
14564,164,0,0.8374940273989343,0.3756774187643333,14,early
14565,165,0,0.40599135955872934,0.5478633599322099,14,early
14566,166,0,0.18400516024261387,0.48167811330570476,14,early
14567,167,0,0.7689950505554314,0.30796209893675924,14,early
14568,168,0,0.9000133399035308,0.39913628448590927,14,early
14569,169,0,0.49792762495401827,0.5684977030309006,14,early
14570,170,0,0.6273361257695669,0.5358166196156144,14,early
14571,171,0,0.622659542578853,0.48538619747020695,14,early
14572,172,0,0.8954745275129032,0.4165121815949299,14,early
14573,173,0,0.21344300827739063,0.5123655552172544,14,early
14574,174,0,0.8646718651580392,0.3549253607048174,14,early
14575,175,0,0.8173537826657524,0.3445122389952135,14,early
14576,176,0,0.49567066672115756,0.36374371605084255,14,early
14577,177,0,0.5532616833462758,0.4782216688012801,14,early
14578,178,0,0.7287460864200597,0.4567728634883374,14,early
14579,179,0,0.622825476729399,0.5907247087856438,14,early
14580,180,0,0.9382895841458341,0.5176317206092557,14,early
14581,181,0,0.5514931294184796,0.4206515598531081,14,early
14582,182,0,0.3288115644891206,0.4193699355824188,14,early
14583,183,0,0.3991204547889258,0.30875730560395154,14,early
14584,184,0,0.5712416665072397,0.4817474698576152,14,early
14585,185,0,0.03274070032054336,0.5015793385886966,14,early
14586,186,0,0.10554892020025766,0.6228731250825147,14,early
14587,187,0,0.6026795716466737,0.4125375544636991,14,early
14588,188,0,0.2707327591172067,0.48687460249702746,14,early
14589,189,0,0.3492450237515342,0.46357832453669673,14,early
14590,190,0,0.8988835546125797,0.3847673741752523,14,early
14591,191,0,0.10911816284228797,0.4465617654040318,14,early
14592,192,0,0.788209262217177,0.39908099813978765,14,early
14593,193,0,0.6497354504865276,0.5100654394263393,14,early
14594,194,0,0.7963296914784849,0.394827463497412,14,early
14595,195,0,0.33213280573735054,0.41209360069624523,14,early
14596,196,0,0.2702833837297843,0.4330824752092258,14,early
14597,197,0,0.8715065197941854,0.43761639046073086,14,early
14598,198,0,0.3885962269942549,0.5263674966440326,14,early
14599,199,0,0.5769261518094131,0.5940583323430497,14,early
14600,0,0,0.9943619420203715,0.5390522819206855,14,middle
14601,1,0,0.5012639096737175,0.6274095377204216,14,middle
14602,2,0,0.9901086551276794,0.5499540717035187,14,middle
14603,3,0,0.4992489815314922,0.6859868356300867,14,middle
14604,4,0,0.031859539863786764,0.7121968148633958,14,middle
14605,5,1,0.5016055715594236,1.0152334848901294,14,middle
14606,6,0,0.9913926764995763,0.4092184046620918,14,middle
14607,7,0,0.5047835641077668,0.5161219267882468,14,middle
14608,8,0,0.9393970692580729,0.6656397706835431,14,middle
14609,9,0,0.5160074092907654,0.556703271842115,14,middle
14610,10,0,0.9527285815981649,0.5985210373120733,14,middle
14611,11,2,0.5040690996856789,1.2564611461948856,14,middle
14612,12,0,0.014714594035842235,0.824236727469025,14,middle
14613,13,0,0.5317623042167614,0.5905453568527046,14,middle
14614,14,0,0.9740699187221169,0.45194477741197014,14,middle
14615,15,0,0.5387772573760473,0.4608438459404828,14,middle
14616,16,0,0.013786704571165119,0.6760618045907135,14,middle
14617,17,0,0.5108984623861637,0.5271866434652596,14,middle
14618,18,0,0.045204847873787785,0.5484828530441335,14,middle
14619,19,0,0.45314919013199845,0.7201818744453717,14,middle
14620,20,0,0.13442157896766738,0.6960421792311574,14,middle
14621,21,0,0.6371678314863618,0.47003825882622974,14,middle
14622,22,0,0.8061883996162316,0.4333963923831169,14,middle
14623,23,0,0.38983066726806703,0.6079541519081866,14,middle
14624,24,0,0.07025870075995161,0.5231898818010874,14,middle
14625,25,0,0.5488514266632702,0.5670650799609627,14,middle
14626,26,0,0.20758192759157662,0.45441915308340397,14,middle
14627,27,0,0.7805199099301521,0.5707164841795429,14,middle
14628,28,0,0.04269625872637457,0.5166005896126582,14,middle
14629,29,0,0.37554269466687995,0.5251692624535098,14,middle
14630,30,0,0.15231160594406562,0.5973376972555648,14,middle
14631,31,0,0.4246061103740066,0.5434600662029706,14,middle
14632,32,0,0.2864690073952182,0.5848395090103096,14,middle
14633,33,0,0.38934508615536395,0.4443990832405481,14,middle
14634,34,0,0.6601151182748435,0.6419529590113378,14,middle
14635,35,0,0.28958971702852937,0.52717790322789,14,middle
14636,36,0,0.7146322644549282,0.6024610236485151,14,middle
14637,37,0,0.3626026472130785,0.5212870692306852,14,middle
14638,38,0,0.14774138684068583,0.6049214453532212,14,middle
14639,39,0,0.631940304055812,0.5021964138993148,14,middle
14640,40,0,0.19336126914969107,0.6865214386255958,14,middle
14641,41,0,0.5850979899968911,0.5419316101297218,14,middle
14642,42,0,0.7311858087075938,0.5545687609194734,14,middle
14643,43,0,0.5984187009889894,0.4723216148478183,14,middle
14644,44,0,0.3935406287916057,0.490270080912517,14,middle
14645,45,0,0.8665911763480356,0.4546657539379023,14,middle
14646,46,0,0.5097896582839305,0.31358615797341133,14,middle
14647,47,0,0.2479458366995198,0.6537966757647129,14,middle
14648,48,0,0.36649929383921587,0.40614710974748003,14,middle
14649,49,0,0.603647342842662,0.38201912394451454,14,middle
14650,50,0,0.6776109601844873,0.3568793525886964,14,middle
14651,51,0,0.5177558842173197,0.5068599874542572,14,middle
14652,52,0,0.7769198911152237,0.40239933898704716,14,middle
14653,53,0,0.22812336597000507,0.3869410827513831,14,middle
14654,54,0,0.28901192076999455,0.7622169699363761,14,middle
14655,55,0,0.72418122199873,0.40705515116804813,14,middle
14656,56,0,0.3772897655989291,0.47939216428381537,14,middle
14657,57,0,0.15351292867759944,0.5466626326524003,14,middle
14658,58,0,0.5049116709234317,0.4844671406404759,14,middle
14659,59,0,0.14887256223857023,0.616005295468122,14,middle
14660,60,0,0.8359808355665601,0.4130810608957233,14,middle
14661,61,0,0.4375999455586639,0.4397749416496702,14,middle
14662,62,0,0.6713950469962304,0.3667235691012498,14,middle
14663,63,0,0.5845719906806355,0.5666453132798294,14,middle
14664,64,0,0.5170543157531391,0.5044974295470402,14,middle
14665,65,0,0.6813575150491755,0.4071652337292029,14,middle
14666,66,0,0.8634376103194331,0.2866818396306475,14,middle
14667,67,0,0.7225894968107338,0.3197010481553231,14,middle
14668,68,0,0.9007385550101967,0.557684539195126,14,middle
14669,69,0,0.49566920416062754,0.4593257352423694,14,middle
14670,70,0,0.3153800268498651,0.4111435665403452,14,middle
14671,71,0,0.40842997426698124,0.3562780043477221,14,middle
14672,72,0,0.7132565681895856,0.4588776935656187,14,middle
14673,73,0,0.36775502583337644,0.5044574192202993,14,middle
14674,74,0,0.3046896083119074,0.5250205572485661,14,middle
14675,75,0,0.7258445420992284,0.632281576560114,14,middle
14676,76,0,0.22739998438761427,0.47325088435022444,14,middle
14677,77,0,0.5410360372633494,0.4399824273091563,14,middle
14678,78,0,0.2503065149915941,0.5309206041072909,14,middle
14679,79,0,0.4061613100485856,0.45975243804870114,14,middle
14680,80,0,0.726655400887923,0.47355493106850133,14,middle
14681,81,0,0.8089042694011865,0.44638502202096864,14,middle
14682,82,0,0.32108149645997375,0.5130995652585942,14,middle
14683,83,0,0.22031039575091246,0.4890009426728832,14,middle
14684,84,0,0.6809728074631607,0.5136569604186071,14,middle
14685,85,0,0.6455372755410663,0.4602290791540664,14,middle
14686,86,0,0.770835776458175,0.5766004044195256,14,middle
14687,87,0,0.6284815131496428,0.32732251576460125,14,middle
14688,88,0,0.6930188540266933,0.3965783275632738,14,middle
14689,89,0,0.6546688918578634,0.5244490270505318,14,middle
14690,90,0,0.6628979666116145,0.5030624033328273,14,middle
14691,91,0,0.48861751073571935,0.5473961981551371,14,middle
14692,92,0,0.5178520107090963,0.5185693727945939,14,middle
14693,93,0,0.6674945526129689,0.3915723470423408,14,middle
14694,94,0,0.5017545731916541,0.5743241855180156,14,middle
14695,95,0,0.6380799058636452,0.6048989654101258,14,middle
14696,96,0,0.5068976578968696,0.4884849853850805,14,middle
14697,97,0,0.4294057120144271,0.4847041733300421,14,middle
14698,98,0,0.4783201356527213,0.5555209574991593,14,middle
14699,99,0,0.723630515398501,0.4349860910691779,14,middle
14700,100,0,0.42327759954706135,0.3871597754393618,14,middle
14701,101,0,0.38038308416263333,0.5322180909635184,14,middle
14702,102,0,0.6084571855554202,0.34363511901292515,14,middle
14703,103,0,0.5152661302530783,0.5899315777190798,14,middle
14704,104,0,0.6707074834657631,0.46370978857382605,14,middle
14705,105,0,0.6291434548444137,0.4867352976454312,14,middle
14706,106,0,0.4611583157264033,0.5605483354805162,14,middle
14707,107,0,0.5414738315729657,0.4716769962572741,14,middle
14708,108,0,0.6354224231230887,0.31466856930894577,14,middle
14709,109,0,0.40742118424239454,0.5430866960512325,14,middle
14710,110,0,0.6666172025877175,0.45984196865035376,14,middle
14711,111,0,0.5103118239141351,0.38071240694375313,14,middle
14712,112,0,0.35485782629842244,0.44176309297257516,14,middle
14713,113,0,0.6966467556088516,0.44556514758197907,14,middle
14714,114,0,0.7759056544012368,0.41029387597016437,14,middle
14715,115,0,0.5206420032362478,0.5197523607089496,14,middle
14716,116,0,0.7050528357725371,0.3717636486198872,14,middle
14717,117,0,0.3409320686966252,0.4888342235888148,14,middle
14718,118,0,0.6383962012293711,0.3404011922754245,14,middle
14719,119,0,0.7242392961828577,0.3066741339165668,14,middle
14720,120,0,0.5443436324695882,0.4164355183843881,14,middle
14721,121,0,0.7017837370826872,0.38416837572473583,14,middle
14722,122,0,0.15559887819391882,0.31555832789704585,14,middle
14723,123,0,0.5694456964405138,0.48972697204241794,14,middle
14724,124,0,0.40018060423152746,0.3329647727308687,14,middle
14725,125,0,0.3326021729675466,0.4318724948527999,14,middle
14726,126,0,0.35037665835772747,0.37311471582191946,14,middle
14727,127,0,0.2743493292084551,0.6209340311024474,14,middle
14728,128,0,0.3307502462536901,0.5957518887274478,14,middle
14729,129,0,0.3667934672411804,0.5607162259963197,14,middle
14730,130,0,0.5318775187949167,0.4292694309647759,14,middle
14731,131,0,0.45358499941819863,0.5134294592636139,14,middle
14732,132,0,0.7742671762456772,0.5841556994777499,14,middle
14733,133,0,0.7381032526240967,0.4963262851988561,14,middle
14734,134,0,0.2247523710753263,0.44909977354214337,14,middle
14735,135,0,0.6226215624165174,0.5166807319376857,14,middle
14736,136,0,0.5803870825270815,0.40892006016778265,14,middle
14737,137,0,0.7407186513926334,0.44373089236041824,14,middle
14738,138,0,0.5948747199593429,0.41204961782204025,14,middle
14739,139,0,0.701809688278398,0.5086794967013213,14,middle
14740,140,0,0.5435042405243284,0.285017543716919,14,middle
14741,141,0,0.7635011259345109,0.42752672226350463,14,middle
14742,142,0,0.6245709108817379,0.4540687141800156,14,middle
14743,143,0,0.3207334667835318,0.6028162463399587,14,middle
14744,144,0,0.638376533721124,0.3465206751857177,14,middle
14745,145,0,0.8082215325356945,0.4747766139297586,14,middle
14746,146,0,0.5589797349766802,0.5578076987310758,14,middle
14747,147,0,0.2782751502172847,0.5785424758163834,14,middle
14748,148,0,0.502804719729883,0.24467522471787576,14,middle
14749,149,0,0.7417443733459654,0.3668083366272002,14,middle
14750,150,0,0.5715422872541022,0.5512443595627055,14,middle
14751,151,0,0.7563582410270815,0.39707986864358596,14,middle
14752,152,0,0.4735547063542818,0.35024321633157285,14,middle
14753,153,0,0.7420743089429711,0.4747616103658804,14,middle
14754,154,0,0.23700208238241524,0.5231252953743896,14,middle
14755,155,0,0.8072159313695118,0.4211871525206221,14,middle
14756,156,0,0.3327347326150816,0.48508396652305175,14,middle
14757,157,0,0.2669024590008837,0.47209151701833646,14,middle
14758,158,0,0.7091317925899485,0.4427601283400366,14,middle
14759,159,0,0.748833617955057,0.41399779533351516,14,middle
14760,160,0,0.41079383202410624,0.4371908015177859,14,middle
14761,161,0,0.2861640386767581,0.3864623923972045,14,middle
14762,162,0,0.6773177587094859,0.40915696437356225,14,middle
14763,163,0,0.7539913165969346,0.46424367138234945,14,middle
14764,164,0,0.43380952573833,0.39683805267851613,14,middle
14765,165,0,0.3578841142491538,0.480887345958776,14,middle
14766,166,0,0.5936862221350373,0.33014408004996715,14,middle
14767,167,0,0.20296388660240217,0.6036121109026197,14,middle
14768,168,0,0.6185458780108113,0.6060191100791947,14,middle
14769,169,0,0.4559200079099242,0.4438437676409811,14,middle
14770,170,0,0.6761680175869723,0.4428640533447318,14,middle
14771,171,0,0.4651226343421998,0.4118807835138373,14,middle
14772,172,0,0.44846537860710134,0.5755708955954759,14,middle
14773,173,0,0.7602262089609628,0.346270056011617,14,middle
14774,174,0,0.25289401663602173,0.5576698243483085,14,middle
14775,175,0,0.5364782761770335,0.41495774245116085,14,middle
14776,176,0,0.7545616432535587,0.3952807756035603,14,middle
14777,177,0,0.5599793365584661,0.4792581646468287,14,middle
14778,178,0,0.36309742487246555,0.38472027815865784,14,middle
14779,179,0,0.6824717451515385,0.392012605669564,14,middle
14780,180,0,0.7023801347472111,0.5297102713109758,14,middle
14781,181,0,0.5333899926269183,0.4633658135977382,14,middle
14782,182,0,0.3006627397906679,0.464461747463906,14,middle
14783,183,0,0.8485654213814429,0.3340206631027385,14,middle
14784,184,0,0.3504273467081428,0.5410923774383731,14,middle
14785,185,0,0.3859646133228691,0.4311708934865795,14,middle
14786,186,0,0.28788671425941664,0.37613868372264253,14,middle
14787,187,0,0.2066308024421754,0.4286007580262102,14,middle
14788,188,0,0.7271999478332265,0.4573166150895408,14,middle
14789,189,0,0.6893333564752949,0.3575298136320526,14,middle
14790,190,0,0.43040776935492847,0.37658983203784346,14,middle
14791,191,0,0.6332397063720843,0.4982722414422224,14,middle
14792,192,0,0.2580726089582258,0.4570471385713486,14,middle
14793,193,0,0.4120427653329989,0.37831560640169665,14,middle
14794,194,0,0.6344433590840989,0.3150731816350013,14,middle
14795,195,0,0.34847335115680506,0.609429200485875,14,middle
14796,196,0,0.6819313535621832,0.5833182135265051,14,middle
14797,197,0,0.39433345519951535,0.45134733245660047,14,middle
14798,198,0,0.4736382896182914,0.4771033031557054,14,middle
14799,199,0,0.20329422402438657,0.4829301488278792,14,middle
14800,0,0,0.3936421026062579,0.865131786697726,14,late
14801,1,0,0.7059985898932108,0.7070655177788041,14,late
14802,2,0,0.390247841104365,0.6388538277352829,14,late
14803,3,0,0.6038296846401283,0.7399309708200749,14,late
14804,4,0,0.3561121194285226,0.722969059002154,14,late
14805,5,0,0.6671138160759458,0.6727624744754428,14,late
14806,6,0,0.4974227856719905,0.6268231239542879,14,late
14807,7,1,0.8412933231407362,1.307358311313081,14,late
14808,8,0,0.5595661202706184,0.571098606046678,14,late
14809,9,0,0.5216531529880218,0.6967485597769068,14,late
14810,10,0,0.6003896306208856,0.5462219379743589,14,late
14811,11,0,0.7271620717234231,0.7083045689280496,14,late
14812,12,0,0.38173671108321905,0.5032173733015619,14,late
14813,13,0,0.31980987734496746,0.6045404482272212,14,late
14814,14,0,0.37796409096246475,0.6171664680930555,14,late
14815,15,0,0.6282629461517804,0.5925287654400477,14,late
14816,16,0,0.48275291179728363,0.46875053133728695,14,late
14817,17,0,0.6360914353142851,0.6246494374404901,14,late
14818,18,0,0.34998942779149,0.4538736147514998,14,late
14819,19,0,0.4796679610397704,0.583160636700641,14,late
14820,20,0,0.4527904912977966,0.5620549621122931,14,late
14821,21,0,0.7137670780253984,0.45858612188585013,14,late
14822,22,0,0.5416966854967631,0.5652937333473194,14,late
14823,23,0,0.5100460428946005,0.6301991705380913,14,late
14824,24,0,0.45489009812412345,0.3996222065234246,14,late
14825,25,0,0.8494469584259565,0.504025286359915,14,late
14826,26,0,0.36506666868378496,0.5184117183246905,14,late
14827,27,0,0.8762714047607487,0.45272198899452587,14,late
14828,28,0,0.4249356486298237,0.529282128861261,14,late
14829,29,0,0.6646456175478181,0.34737821374698197,14,late
14830,30,0,0.5263343681780337,0.318994573987389,14,late
14831,31,0,0.28559856729607264,0.4883470982596275,14,late
14832,32,0,0.6973969571364532,0.4764358106127136,14,late
14833,33,0,0.29554140907660814,0.5212830882295226,14,late
14834,34,0,0.44725212942124976,0.47214833761973085,14,late
14835,35,0,0.303768297485454,0.5046958035366805,14,late
14836,36,0,0.5686682783709401,0.5400864634077125,14,late
14837,37,0,0.5153930699689714,0.6730164874883398,14,late
14838,38,0,0.5907362858236843,0.4598321625356827,14,late
14839,39,0,0.7072116454843969,0.480785055238588,14,late
14840,40,0,0.6507600058154119,0.7524382185178466,14,late
14841,41,0,0.45306291026673784,0.7621841619825107,14,late
14842,42,0,0.6743494240234604,0.5070971364927379,14,late
14843,43,0,0.6267750683343352,0.35076998403120185,14,late
14844,44,0,0.7748026713093696,0.39820191486109047,14,late
14845,45,0,0.4710578672521758,0.3862132223288986,14,late
14846,46,0,0.17700959125133642,0.4304642827745994,14,late
14847,47,0,0.5371206947514083,0.4989168492701957,14,late
14848,48,0,0.2036243791299054,0.6253917000422126,14,late
14849,49,0,0.6094583124069786,0.30582590803866194,14,late
14850,50,0,0.6816453620199023,0.4535476154269531,14,late
14851,51,0,0.4678257888562747,0.4302553107501981,14,late
14852,52,0,0.21651279873309912,0.5688742057526486,14,late
14853,53,0,0.6402736888705796,0.5011219771983242,14,late
14854,54,0,0.3279594523422618,0.5772679061328447,14,late
14855,55,0,0.3281378035340637,0.5729737933399197,14,late
14856,56,0,0.8075136786364641,0.3188996567402042,14,late
14857,57,0,0.23838753296397702,0.5107310549338815,14,late
14858,58,0,0.1992154851343248,0.6461433794966893,14,late
14859,59,0,0.33115464946771334,0.49776862036481917,14,late
14860,60,0,0.1997846916857971,0.45729500557704683,14,late
14861,61,0,0.4195478375669237,0.6010431195956836,14,late
14862,62,0,0.17482651724607623,0.6017393151793264,14,late
14863,63,0,0.2541151637490454,0.42523678582017316,14,late
14864,64,0,0.2090115757022509,0.6567732505468262,14,late
14865,65,0,0.22581708362927067,0.4720496328913598,14,late
14866,66,0,0.35854897884738696,0.6038174791752984,14,late
14867,67,0,0.24481066563769677,0.6817919428608137,14,late
14868,68,0,0.3286875020400534,0.4754471829264553,14,late
14869,69,0,0.2084218697082732,0.5054111786619814,14,late
14870,70,0,0.3740146045931543,0.46106498509044347,14,late
14871,71,0,0.7306639758737776,0.40697420701238995,14,late
14872,72,0,0.6002682838315065,0.409406689729366,14,late
14873,73,0,0.2769231043607024,0.42186837908678837,14,late
14874,74,0,0.4146182277826639,0.576695512348148,14,late
14875,75,0,0.8328883815835582,0.44345536424174026,14,late
14876,76,0,0.646424252498625,0.4330264202508029,14,late
14877,77,0,0.7989475182184412,0.40423528959215516,14,late
14878,78,0,0.6338945515317831,0.382005778367038,14,late
14879,79,0,0.321852077092519,0.4846257439376623,14,late
14880,80,0,0.2800892343103695,0.5463760593292215,14,late
14881,81,0,0.2751418076965778,0.35467823267659,14,late
14882,82,0,0.6662158497488897,0.4704399349546837,14,late
14883,83,0,0.7338117232296454,0.4955721001468728,14,late
14884,84,0,0.7344661726031031,0.44240755187223907,14,late
14885,85,0,0.6752840951669742,0.45596951311376,14,late
14886,86,0,0.25524856618867375,0.6049786072022219,14,late
14887,87,0,0.7392732496373027,0.4649924163775625,14,late
14888,88,0,0.7585892041863195,0.42884373332535264,14,late
14889,89,0,0.819643192381176,0.4015049735115599,14,late
14890,90,0,0.7905643924057302,0.42922800091305136,14,late
14891,91,0,0.7503033501360032,0.3873129298664184,14,late
14892,92,0,0.30670571418764025,0.5108239883775857,14,late
14893,93,0,0.17814271997618875,0.5410021096774987,14,late
14894,94,0,0.14410111943934617,0.446080081508372,14,late
14895,95,0,0.6652922488877799,0.3859351927595468,14,late
14896,96,0,0.7060754497862236,0.4751797100029527,14,late
14897,97,0,0.7209913146065354,0.4162874687693335,14,late
14898,98,0,0.5929373327355552,0.4916602060840483,14,late
14899,99,0,0.2321848718061314,0.48256642796678273,14,late
14900,100,0,0.7487087217421978,0.49947818630913854,14,late
14901,101,0,0.811576052206858,0.3644051609282567,14,late
14902,102,0,0.28819688874619465,0.5226276798029659,14,late
14903,103,0,0.1760951985284941,0.5619338167972339,14,late
14904,104,0,0.6001119408430732,0.565196444315262,14,late
14905,105,0,0.2772523211287033,0.3973800177231817,14,late
14906,106,0,0.7278552528560174,0.5668609952773633,14,late
14907,107,0,0.6845896927247569,0.5872442082864022,14,late
14908,108,0,0.1955703570762745,0.5628671861213939,14,late
14909,109,0,0.24823492629532046,0.43499115599854044,14,late
14910,110,0,0.32850210235701144,0.4958470720832914,14,late
14911,111,0,0.692747732305866,0.36145466297301765,14,late
14912,112,0,0.2961840068543925,0.5663233076873458,14,late
14913,113,0,0.32977395763128475,0.4695754213870399,14,late
14914,114,0,0.3043963869386593,0.4371504934322412,14,late
14915,115,0,0.7472058600072427,0.47873753337046665,14,late
14916,116,0,0.7664831274603985,0.5264452205173508,14,late
14917,117,0,0.12876463977625105,0.520246275305168,14,late
14918,118,0,0.7508788841390538,0.5643988163296982,14,late
14919,119,0,0.14205502099903425,0.4706078917174181,14,late
14920,120,0,0.688622169854308,0.36530093223276916,14,late
14921,121,0,0.7315141739356832,0.409371168277347,14,late
14922,122,0,0.5760906232771197,0.44121027572948635,14,late
14923,123,0,0.1824676666049907,0.7265083276976345,14,late
14924,124,0,0.7985510434693603,0.4293076561821855,14,late
14925,125,0,0.6843399609948159,0.5165609926436129,14,late
14926,126,0,0.73776242666897,0.44207587125499165,14,late
14927,127,0,0.6747262206371734,0.5767600510511338,14,late
14928,128,0,0.6204169579130621,0.5833583127788089,14,late
14929,129,0,0.7602474735122309,0.3205612801917215,14,late
14930,130,0,0.2932594798172067,0.5087474807747212,14,late
14931,131,0,0.19400194896151812,0.511342219957979,14,late
14932,132,0,0.7399794449610884,0.5813118876593415,14,late
14933,133,0,0.43100184303850003,0.5363479365370849,14,late
14934,134,0,0.6587595653619016,0.5377609548187154,14,late
14935,135,0,0.37885895518439044,0.47387302760678274,14,late
14936,136,0,0.3450189272691017,0.5377021299862806,14,late
14937,137,0,0.7976797424513034,0.4663005455876086,14,late
14938,138,0,0.3256988648954651,0.6394177393613414,14,late
14939,139,0,0.5982647175656788,0.44890545045712604,14,late
14940,140,0,0.7535922956695915,0.4542178770368198,14,late
14941,141,0,0.3082925517568722,0.44792146789128284,14,late
14942,142,0,0.4150820796808206,0.5939963688539339,14,late
14943,143,0,0.3723172278467214,0.514891610390707,14,late
14944,144,0,0.4377030109681916,0.633891081899953,14,late
14945,145,0,0.7174638883360684,0.43186993888785713,14,late
14946,146,0,0.4133399090135918,0.4006945353050184,14,late
14947,147,0,0.4207727408365649,0.4757402772718632,14,late
14948,148,0,0.6569600031297339,0.4972264380711216,14,late
14949,149,0,0.6409380884249944,0.3668573867646469,14,late
14950,150,0,0.5345839502335036,0.3684230008865701,14,late
14951,151,0,0.6397865189705971,0.3907618929603849,14,late
14952,152,0,0.45125253101349766,0.4621931879542073,14,late
14953,153,0,0.5903213922851824,0.49476082927505427,14,late
14954,154,0,0.33772725611723153,0.5486137650528151,14,late
14955,155,0,0.2326805323058742,0.574325303981926,14,late
14956,156,0,0.6869888947104055,0.3907666233624971,14,late
14957,157,0,0.6251346558612525,0.45385806878603074,14,late
14958,158,0,0.39999371375269127,0.5225318902098445,14,late
14959,159,0,0.7050479635202762,0.4223977166565748,14,late
14960,160,0,0.6877445324189319,0.4173839224155634,14,late
14961,161,0,0.26196871064030824,0.41321524042912317,14,late
14962,162,0,0.624996148373642,0.4030078562687409,14,late
14963,163,0,0.2053197043193874,0.6577771038208418,14,late
14964,164,0,0.43145899825294004,0.38703102563292213,14,late
14965,165,0,0.8237260160229958,0.5017623997020715,14,late
14966,166,0,0.36904542358443626,0.4179184306868806,14,late
14967,167,0,0.8519871703941692,0.37717927598119777,14,late
14968,168,0,0.7457248949545588,0.3668144147444857,14,late
14969,169,0,0.7371321918169755,0.45863986254537414,14,late
14970,170,0,0.09699691208178678,0.5372797570492427,14,late
14971,171,0,0.24557924765446132,0.4765738722849322,14,late
14972,172,0,0.3452266346030532,0.4724753608419986,14,late
14973,173,0,0.6143850160535774,0.2876300992310161,14,late
14974,174,0,0.2292877906516922,0.5690766432457518,14,late
14975,175,0,0.3897073307120204,0.4338682370144137,14,late
14976,176,0,0.2058068028643675,0.5997265273958396,14,late
14977,177,0,0.3920328919437518,0.6489725768227911,14,late
14978,178,0,0.25963816882025376,0.5986840614627155,14,late
14979,179,0,0.21715517846297638,0.4245528055662194,14,late
14980,180,0,0.8077508982714203,0.3463346635243365,14,late
14981,181,0,0.24684502871832012,0.4820492993743899,14,late
14982,182,0,0.13795145482266297,0.48557989890854036,14,late
14983,183,0,0.8591309347330913,0.5061862385393506,14,late
14984,184,0,0.3745065306924397,0.4406449631222903,14,late
14985,185,0,0.180208119367938,0.6413847194163593,14,late
14986,186,0,0.8213977436648635,0.4321163706812414,14,late
14987,187,0,0.13677932975338353,0.5743411967156126,14,late
14988,188,0,0.7878403715534562,0.5680342416133315,14,late
14989,189,0,0.6375527435690908,0.3669875903974975,14,late
14990,190,0,0.7718263779807937,0.4205246639644581,14,late
14991,191,0,0.6787769817384564,0.35979060887825487,14,late
14992,192,0,0.5988926356699169,0.49414403566189513,14,late
14993,193,0,0.8759549984147335,0.4350838580707876,14,late
14994,194,0,0.42922222428625195,0.47747968488953174,14,late
14995,195,0,0.7863427972184244,0.4777357329759228,14,late
14996,196,0,0.7694873458081297,0.4938413842734471,14,late
14997,197,0,0.7273823688174199,0.44291586974909514,14,late
14998,198,0,0.6966702996699883,0.4639044219645011,14,late
14999,199,0,0.2318891003112527,0.6662423335188676,14,late
15000,0,0,0.8746112280996021,0.8474350692814059,15,interleaved
15001,1,1,0.49990474293447124,0.9492027221144271,15,interleaved
15002,2,2,0.3933382809533424,1.0236236576868518,15,interleaved
15003,3,1,0.49999918443866903,0.9268994851690413,15,interleaved
15004,4,3,0.00010835890900054253,1.1758895006878047,15,interleaved
15005,5,1,0.4999555877254038,0.7287155370705003,15,interleaved
15006,6,1,6.051891526681835e-05,0.8094944083806452,15,interleaved
15007,7,1,0.49988635067436976,0.8190706238739958,15,interleaved
15008,8,1,0.999956083722153,0.5934144914018781,15,interleaved
15009,9,4,0.9645656206002622,1.031864828738021,15,interleaved
15010,10,1,0.999946004492011,0.7270555797410069,15,interleaved
15011,11,5,0.49985514696764294,0.9859239470320366,15,interleaved
15012,12,6,0.5002236651351981,1.3692789805066552,15,interleaved
15013,13,7,0.4429207321812067,0.98953355409182,15,interleaved
15014,14,8,0.0007210131617281447,0.9556939215971347,15,interleaved
15015,15,1,0.500042661095078,0.7937498075951576,15,interleaved
15016,16,9,0.6695815243531545,1.3878094437293096,15,interleaved
15017,17,1,0.49983083806186995,0.8259895521062368,15,interleaved
15018,18,10,0.999975818469204,1.3606150102402017,15,interleaved
15019,19,11,0.49954390050317177,1.4155140182104629,15,interleaved
15020,20,1,0.9997847707008387,0.5951046916751633,15,interleaved
15021,21,1,0.4996381638087622,0.8305348883118286,15,interleaved
15022,22,1,0.9999765702676414,0.7751096901810319,15,interleaved
15023,23,12,0.49929708445860205,0.9898024971609949,15,interleaved
15024,24,1,0.999718926674338,0.6709621553843861,15,interleaved
15025,25,1,0.5001634216917061,0.6072885105097193,15,interleaved
15026,26,1,0.9998479222277857,0.8529588205608449,15,interleaved
15027,27,1,0.49992805949411945,0.627241386822202,15,interleaved
15028,28,1,0.9993093607696456,0.6095863318873169,15,interleaved
15029,29,1,0.49999126176929365,0.7842152185589278,15,interleaved
15030,30,1,0.9998667919215132,0.7632520390313184,15,interleaved
15031,31,1,0.4988887206208024,0.9681656964079176,15,interleaved
15032,32,1,0.9985681719971823,0.6718886681585566,15,interleaved
15033,33,13,0.49483879303840844,0.7934425505431157,15,interleaved
15034,34,1,0.9943198437054218,0.5282342023443188,15,interleaved
15035,35,1,0.49520389689628375,0.63992433523084,15,interleaved
15036,36,1,0.9989815340820685,0.6486175534892485,15,interleaved
15037,37,1,0.4941063066474807,0.7210842500820758,15,interleaved
15038,38,1,0.005240118818880196,0.7048058453033144,15,interleaved
15039,39,1,0.4694424554010847,0.5268519433638991,15,interleaved
15040,40,1,0.03841650573499504,0.6654575153492993,15,interleaved
15041,41,1,0.5155027387823117,0.7537323268645619,15,interleaved
15042,42,1,0.06380474319248533,0.6922503595020136,15,interleaved
15043,43,1,0.507629828534521,0.5871321355184841,15,interleaved
15044,44,1,0.21605155467940457,0.6820632804479534,15,interleaved
15045,45,1,0.21436735090990156,0.48682003179562405,15,interleaved
15046,46,1,0.042531471654933296,0.7525525320427988,15,interleaved
15047,47,1,0.3607464334723413,0.6176383845650558,15,interleaved
15048,48,1,0.11938846201279188,0.620928909135301,15,interleaved
15049,49,1,0.36538177076062345,0.5074394541234086,15,interleaved
15050,50,1,0.3235700401345431,0.5393979681057053,15,interleaved
15051,51,1,0.19821343105202086,0.5240645597141544,15,interleaved
15052,52,1,0.4617265579781408,0.46529229375160985,15,interleaved
15053,53,1,0.16891668360557732,0.5791820960188262,15,interleaved
15054,54,1,0.9467127425383398,0.4738731509338435,15,interleaved
15055,55,1,0.16537467110511206,0.5966114889397661,15,interleaved
15056,56,1,0.685788849968798,0.47381346080883036,15,interleaved
15057,57,1,0.21106121025926042,0.4849376558153864,15,interleaved
15058,58,1,0.916576929546827,0.5883879011212402,15,interleaved
15059,59,1,0.13241392409340513,0.45271707640679526,15,interleaved
15060,60,1,0.7369694556490352,0.47106021082737903,15,interleaved
15061,61,1,0.18926503420654894,0.538690801570999,15,interleaved
15062,62,1,0.8171865752791374,0.4396832329658263,15,interleaved
15063,63,1,0.6280653151757825,0.445943653392467,15,interleaved
15064,64,1,0.8459718773641873,0.5284423858271271,15,interleaved
15065,65,1,0.5851120982213199,0.3631088041621579,15,interleaved
15066,66,1,0.2986090049130603,0.3831598335231612,15,interleaved
15067,67,1,0.5111771495228663,0.4127771760298971,15,interleaved
15068,68,1,0.7059549108477089,0.457636324996725,15,interleaved
15069,69,1,0.25026432013915173,0.5288621489740127,15,interleaved
15070,70,1,0.9183201751198806,0.47366230218961997,15,interleaved
15071,71,1,0.2830336889295133,0.41991252233638376,15,interleaved
15072,72,1,0.852751930308647,0.4681441705828403,15,interleaved
15073,73,1,0.2750475812677235,0.5456233525220641,15,interleaved
15074,74,1,0.6809345468762433,0.40421368426458276,15,interleaved
15075,75,1,0.6879501194129914,0.5878500406836177,15,interleaved
15076,76,1,0.36889051423873875,0.5457437556540132,15,interleaved
15077,77,1,0.5185068068470935,0.5506713553768837,15,interleaved
15078,78,1,0.5884269805453427,0.6035550405494488,15,interleaved
15079,79,1,0.24266007292192404,0.6054886042872614,15,interleaved
15080,80,1,0.46808849899308086,0.5245064443564245,15,interleaved
15081,81,1,0.6001111406747753,0.537971214395605,15,interleaved
15082,82,1,0.6716327648557581,0.35978278045830686,15,interleaved
15083,83,1,0.6049087457539788,0.5015940672182227,15,interleaved
15084,84,1,0.5990165723149913,0.4396983179182972,15,interleaved
15085,85,1,0.4983028476063699,0.47536872613839753,15,interleaved
15086,86,1,0.6811999528254389,0.4650263141036857,15,interleaved
15087,87,1,0.24836890377992038,0.514239450655974,15,interleaved
15088,88,1,0.9604838921243041,0.5232578576304336,15,interleaved
15089,89,1,0.3616868440436162,0.41488343735355715,15,interleaved
15090,90,1,0.7243013896104618,0.3403093196890494,15,interleaved
15091,91,1,0.642025093369844,0.38076583043197093,15,interleaved
15092,92,1,0.6941683850942785,0.33431528893368617,15,interleaved
15093,93,1,0.17321108690270812,0.4177161626356576,15,interleaved
15094,94,1,0.6690918265230007,0.4117566894882929,15,interleaved
15095,95,1,0.7034549769130138,0.5039119876797472,15,interleaved
15096,96,1,0.5824951136536969,0.48813243712217247,15,interleaved
15097,97,1,0.5616834192715936,0.409850004173459,15,interleaved
15098,98,1,0.5504224836989664,0.4878565945516672,15,interleaved
15099,99,1,0.21126711010756583,0.528556509812228,15,interleaved
15100,100,1,0.5713285587998439,0.6459060884449006,15,interleaved
15101,101,1,0.6251847215007288,0.4114854065409101,15,interleaved
15102,102,1,0.3344961370627435,0.5384936218984089,15,interleaved
15103,103,1,0.1917241178602298,0.48633416303941057,15,interleaved
15104,104,1,0.6140825673534991,0.39832419982248335,15,interleaved
15105,105,1,0.16439539423778854,0.5633187992511504,15,interleaved
15106,106,1,0.3388797099897593,0.49480958109520845,15,interleaved
15107,107,1,0.6260574331495616,0.39034785784280834,15,interleaved
15108,108,1,0.5911839847822067,0.40595508794392915,15,interleaved
15109,109,1,0.13276462306502052,0.5037914111024376,15,interleaved
15110,110,1,0.5793228302446567,0.4693283706276251,15,interleaved
15111,111,1,0.5619188878594022,0.36253506255101375,15,interleaved
15112,112,1,0.6666673540725145,0.404165372628432,15,interleaved
15113,113,1,0.2369112696375674,0.5222606208825178,15,interleaved
15114,114,1,0.5554019468986212,0.5056963565318316,15,interleaved
15115,115,1,0.5635277374153547,0.34583824315011125,15,interleaved
15116,116,1,0.7056976960953907,0.3920465985578805,15,interleaved
15117,117,1,0.4464749925717716,0.45891110200957114,15,interleaved
15118,118,1,0.5891672310871623,0.4860360528984824,15,interleaved
15119,119,1,0.5954716144811936,0.5508513050306227,15,interleaved
15120,120,1,0.6932261823486208,0.30032250419037276,15,interleaved
15121,121,1,0.22989156812605976,0.4264382591891238,15,interleaved
15122,122,1,0.4899092760292272,0.33437980917848786,15,interleaved
15123,123,1,0.10018797283960959,0.5281691408336837,15,interleaved
15124,124,1,0.5371663356729102,0.4456253208742674,15,interleaved
15125,125,1,0.17428841122621824,0.39662561405958563,15,interleaved
15126,126,1,0.3069990926629798,0.47061239395089305,15,interleaved
15127,127,1,0.30244548966811396,0.5211231518808147,15,interleaved
15128,128,1,0.7682618607246376,0.4177449226303338,15,interleaved
15129,129,1,0.586959701012363,0.4719776214147497,15,interleaved
15130,130,1,0.8954084804201476,0.5423048891977835,15,interleaved
15131,131,1,0.17542320274617243,0.4827322997283955,15,interleaved
15132,132,1,0.7067244643667516,0.4586275499661508,15,interleaved
15133,133,1,0.22026488173804787,0.45986376187751543,15,interleaved
15134,134,1,0.9143798290982286,0.43665322388992367,15,interleaved
15135,135,1,0.5859715582544449,0.3876167450790444,15,interleaved
15136,136,1,0.7162307462842636,0.3513067886812614,15,interleaved
15137,137,1,0.4562649123924048,0.5336047680796356,15,interleaved
15138,138,1,0.9022421651783658,0.5545129644167557,15,interleaved
15139,139,1,0.5206497564302967,0.5341437425653833,15,interleaved
15140,140,1,0.6047069253213693,0.4311984420158118,15,interleaved
15141,141,1,0.2150530831402257,0.43058622341239916,15,interleaved
15142,142,1,0.6281518454875771,0.46761312351140094,15,interleaved
15143,143,1,0.5633101234475684,0.5005439596020536,15,interleaved
15144,144,1,0.9003427478390722,0.5259385525057227,15,interleaved
15145,145,1,0.6669538349692221,0.4407331668588541,15,interleaved
15146,146,1,0.7600246737083534,0.49192828097510416,15,interleaved
15147,147,1,0.21755200235426397,0.4575671833329049,15,interleaved
15148,148,1,0.8467809824659446,0.3875146225496179,15,interleaved
15149,149,1,0.2534568893880184,0.4822535958312657,15,interleaved
15150,150,1,0.8573790563702532,0.3632480070734009,15,interleaved
15151,151,1,0.31633980104328824,0.6368680218673048,15,interleaved
15152,152,1,0.5792795810672777,0.4328252216487679,15,interleaved
15153,153,1,0.5720554225026171,0.5144655413297461,15,interleaved
15154,154,1,0.5332046439214542,0.49692914661093596,15,interleaved
15155,155,1,0.48534763663828256,0.37348756003269024,15,interleaved
15156,156,1,0.7119628643515232,0.5387461355245875,15,interleaved
15157,157,1,0.6277924633516463,0.5017616244061691,15,interleaved
15158,158,1,0.5955959705505086,0.43050474602010164,15,interleaved
15159,159,1,0.3116612490988658,0.43143968316628684,15,interleaved
15160,160,1,0.8003952325838646,0.5050179038246371,15,interleaved
15161,161,1,0.6700278211154522,0.32145571723500216,15,interleaved
15162,162,1,0.6905202473669925,0.3367640657619874,15,interleaved
15163,163,1,0.5946764579601606,0.426169708235578,15,interleaved
15164,164,1,0.2978646529361514,0.45648718086989826,15,interleaved
15165,165,1,0.6613875946528088,0.40335784903147565,15,interleaved
15166,166,1,0.4844275567376012,0.5125857411484658,15,interleaved
15167,167,1,0.6430755814773775,0.3551840334307642,15,interleaved
15168,168,1,0.6520831480519445,0.4339853254417717,15,interleaved
15169,169,1,0.6642201213561497,0.4772666714296218,15,interleaved
15170,170,1,0.5405107807737333,0.409554661879585,15,interleaved
15171,171,1,0.5650568497066102,0.38773368599694735,15,interleaved
15172,172,1,0.5934233339233004,0.4240006819051429,15,interleaved
15173,173,1,0.7141113526840446,0.40020908489010615,15,interleaved
15174,174,1,0.8927325177573775,0.4024165680340044,15,interleaved
15175,175,1,0.6895438274701189,0.6333822137851495,15,interleaved
15176,176,1,0.5549523562705455,0.5174309309926344,15,interleaved
15177,177,1,0.376101314124179,0.457814752361008,15,interleaved
15178,178,1,0.39505595512970687,0.3725358626190951,15,interleaved
15179,179,1,0.2870193720026159,0.5701653318762112,15,interleaved
15180,180,1,0.5177342087056015,0.4071857785593933,15,interleaved
15181,181,1,0.8910522220084749,0.3151472875014616,15,interleaved
15182,182,1,0.2835143099920551,0.487348816045849,15,interleaved
15183,183,1,0.7393797879397281,0.5066619281590612,15,interleaved
15184,184,1,0.3116571039009332,0.4380929810170121,15,interleaved
15185,185,1,0.20835533181965532,0.5452319377404149,15,interleaved
15186,186,1,0.6199661200015106,0.42298885668418207,15,interleaved
15187,187,1,0.4649862190795642,0.4420791197424647,15,interleaved
15188,188,1,0.3086509356393596,0.46296456327394153,15,interleaved
15189,189,1,0.570749365410274,0.4629105139202976,15,interleaved
15190,190,1,0.34353498140148586,0.4623677021403868,15,interleaved
15191,191,1,0.7556059752704767,0.40003582820023575,15,interleaved
15192,192,1,0.5336054528597765,0.511800311859707,15,interleaved
15193,193,1,0.6439521450287713,0.3660134690064154,15,interleaved
15194,194,1,0.15819686411798362,0.4929855284777322,15,interleaved
15195,195,1,0.8304181997877443,0.32129117817323116,15,interleaved
15196,196,1,0.18329032845969573,0.444176779346245,15,interleaved
15197,197,1,0.45083276239624337,0.40668293952802914,15,interleaved
15198,198,1,0.7488120907830316,0.3885790721652362,15,interleaved
15199,199,1,0.9457011780575181,0.4586552786270395,15,interleaved
15200,0,0,0.40403797785232703,0.5496185258253973,15,blocked
15201,1,1,0.18087371612024628,0.9770745916871989,15,blocked
15202,2,0,0.41168676832171763,0.6792564171670326,15,blocked
15203,3,0,0.4090350162491114,0.6370811876494548,15,blocked
15204,4,0,0.34464846833526463,0.6910175472098721,15,blocked
15205,5,0,0.4225637920768409,0.4489175404276027,15,blocked
15206,6,0,0.592390414162747,0.6098730003173296,15,blocked
15207,7,0,0.3612575597107848,0.668853892691189,15,blocked
15208,8,0,0.37705148857784776,0.5075536032022866,15,blocked
15209,9,0,0.3623090044995861,0.657228856489189,15,blocked
15210,10,0,0.41836512716735097,0.43090458431919443,15,blocked
15211,11,0,0.6064879716393131,0.59804014617532,15,blocked
15212,12,0,0.2742087251286566,0.6004274815760409,15,blocked
15213,13,0,0.36634299214665944,0.48723614714441016,15,blocked
15214,14,0,0.4209963552055273,0.6136170616300084,15,blocked
15215,15,0,0.4741314801431227,0.6255907274199624,15,blocked
15216,16,0,0.38156799950885273,0.6407843359403036,15,blocked
15217,17,0,0.45723825234881876,0.630430440387997,15,blocked
15218,18,0,0.453990569295604,0.5672899244950832,15,blocked
15219,19,0,0.4990163240938137,0.6276300648776829,15,blocked
15220,20,0,0.4588020223661121,0.467289405099349,15,blocked
15221,21,0,0.5193824382422999,0.46980386360479687,15,blocked
15222,22,0,0.4096807813158774,0.6620306511201738,15,blocked
15223,23,0,0.5157049153439,0.62873932419512,15,blocked
15224,24,0,0.4727974441198946,0.44472659170353923,15,blocked
15225,25,0,0.5484993042492685,0.4043398384641782,15,blocked
15226,26,0,0.47710297320165407,0.37564095229025884,15,blocked
15227,27,0,0.544659340318983,0.4850187145678105,15,blocked
15228,28,0,0.3949829807612297,0.5563755360747531,15,blocked
15229,29,0,0.4621380622720812,0.5889346087301677,15,blocked
15230,30,0,0.467868661133663,0.5318079139538181,15,blocked
15231,31,0,0.5625220204375287,0.5255962696007184,15,blocked
15232,32,0,0.5540451768185696,0.43540803488106977,15,blocked
15233,33,0,0.4496733421574169,0.5631518998443963,15,blocked
15234,34,0,0.45080430376495695,0.3764713726024662,15,blocked
15235,35,0,0.5662886068144406,0.46293302329947317,15,blocked
15236,36,0,0.5881557648561556,0.43476438839396925,15,blocked
15237,37,0,0.52310215256517,0.3884433164515872,15,blocked
15238,38,0,0.5453091781229203,0.4497451230961953,15,blocked
15239,39,0,0.449657432225597,0.43023300119922364,15,blocked
15240,40,0,0.06824776538524191,0.4736962516104945,15,blocked
15241,41,0,0.08805849346019143,0.5431441520071745,15,blocked
15242,42,0,0.9297266562538316,0.29998474964596367,15,blocked
15243,43,0,0.10269138136563462,0.5278155765578593,15,blocked
15244,44,0,0.8857966711405538,0.5309815092947442,15,blocked
15245,45,0,0.9294426926423633,0.5092850312127649,15,blocked
15246,46,0,0.08729725998492122,0.3752414631701252,15,blocked
15247,47,0,0.9193897370220654,0.300814993932788,15,blocked
15248,48,0,0.9013428583434155,0.6009007999288567,15,blocked
15249,49,0,0.07770234945468532,0.6623543764578588,15,blocked
15250,50,0,0.08238363809593874,0.4959631708833549,15,blocked
15251,51,0,0.07694593192124521,0.6037042899473156,15,blocked
15252,52,0,0.8967112213860129,0.4846024077984519,15,blocked
15253,53,0,0.9226040661509716,0.4643149758873055,15,blocked
15254,54,0,0.9483763817394377,0.4046772110487955,15,blocked
15255,55,0,0.10039680759549074,0.5898842427509072,15,blocked
15256,56,0,0.9246743655360858,0.32100164894393557,15,blocked
15257,57,0,0.1192440638304611,0.6281866626792113,15,blocked
15258,58,0,0.9083351642635004,0.4547547405318906,15,blocked
15259,59,0,0.9348095187550218,0.49734427727794356,15,blocked
15260,60,0,0.9612393954144312,0.5379474731447663,15,blocked
15261,61,0,0.9349590962820551,0.4600476143687081,15,blocked
15262,62,0,0.9460020222311121,0.30877712437938315,15,blocked
15263,63,0,0.9269414751341398,0.3386538695230623,15,blocked
15264,64,0,0.08866513687424915,0.46837591314623883,15,blocked
15265,65,0,0.9569538057131355,0.39256265563303533,15,blocked
15266,66,0,0.9444502904185244,0.34056206426174424,15,blocked
15267,67,0,0.9530926339027554,0.3041238351690265,15,blocked
15268,68,0,0.05897425579437805,0.39043258783534884,15,blocked
15269,69,0,0.02722336626360157,0.5504787112307657,15,blocked
15270,70,0,0.07060507685852463,0.4823806588105254,15,blocked
15271,71,0,0.9713530461243455,0.34744198318936026,15,blocked
15272,72,0,0.9537366040720304,0.4608885738103029,15,blocked
15273,73,0,0.8968462609831964,0.31703271825403023,15,blocked
15274,74,0,0.9571802691445843,0.5021587530772492,15,blocked
15275,75,0,0.9662833171786304,0.4886437787430613,15,blocked
15276,76,0,0.044865518109599,0.5248219334322968,15,blocked
15277,77,0,0.9783521934788078,0.38143719643298457,15,blocked
15278,78,0,0.9755019579016873,0.4342938716698012,15,blocked
15279,79,0,0.940260238564403,0.4428182351241067,15,blocked
15280,80,0,0.4915184909315347,0.41923865914152575,15,blocked
15281,81,0,0.4427040389398033,0.5017343594144643,15,blocked
15282,82,0,0.48534674864932514,0.615951219916846,15,blocked
15283,83,0,0.49666602619573225,0.3817981265072201,15,blocked
15284,84,0,0.4980292354244104,0.5352387458971501,15,blocked
15285,85,0,0.5081752016112702,0.4458405483140947,15,blocked
15286,86,0,0.4773963943085085,0.5359588351765551,15,blocked
15287,87,0,0.4886743527918483,0.4155738504474402,15,blocked
15288,88,0,0.5230552651486677,0.494758818909995,15,blocked
15289,89,0,0.5101182725161174,0.4499953698431254,15,blocked
15290,90,0,0.4737644510855982,0.43948927408271765,15,blocked
15291,91,0,0.4821791088132732,0.4771067631613215,15,blocked
15292,92,0,0.46210441437129307,0.4804074945677582,15,blocked
15293,93,0,0.45943132340528786,0.4950432721373127,15,blocked
15294,94,0,0.5177835152506556,0.48187905691576643,15,blocked
15295,95,0,0.46754917006661756,0.5491237766236927,15,blocked
15296,96,0,0.46053982623442186,0.45499566687577675,15,blocked
15297,97,0,0.4605390865662812,0.5291187332651818,15,blocked
15298,98,0,0.46820870463565056,0.5023428158664123,15,blocked
15299,99,0,0.4501811324991513,0.4292292254299286,15,blocked
15300,100,0,0.5209502105692828,0.4111987697560445,15,blocked
15301,101,0,0.48693008230960694,0.34034445135777536,15,blocked
15302,102,0,0.4561191080861999,0.42504271289461365,15,blocked
15303,103,0,0.480325076673541,0.4896709137715841,15,blocked
15304,104,0,0.5099638855589415,0.6615749556483008,15,blocked
15305,105,0,0.47209530722672466,0.48384690175852485,15,blocked
15306,106,0,0.5218539698638683,0.40823894732200106,15,blocked
15307,107,0,0.5159517777871383,0.4859006479010579,15,blocked
15308,108,0,0.5638217209543999,0.5643256970044264,15,blocked
15309,109,0,0.5015252789890361,0.3943822401482252,15,blocked
15310,110,0,0.4813729003446807,0.40665462794909646,15,blocked
15311,111,0,0.5003089060240482,0.45234018212738547,15,blocked
15312,112,0,0.4857972497538045,0.4890614259870645,15,blocked
15313,113,0,0.5141422549647505,0.38434909271365003,15,blocked
15314,114,0,0.44413529703731464,0.4832111848240276,15,blocked
15315,115,0,0.4930815281609728,0.4346357639424398,15,blocked
15316,116,0,0.47274942546028903,0.4818889572020263,15,blocked
15317,117,0,0.5440735336437594,0.43481767414550093,15,blocked
15318,118,0,0.5091252458267181,0.4917986731889015,15,blocked
15319,119,0,0.5216633889932746,0.5029592255782531,15,blocked
15320,120,0,0.05050082800939636,0.5197880129311118,15,blocked
15321,121,0,0.9425108106046096,0.3013306626494583,15,blocked
15322,122,0,0.9578362962310196,0.443396951761637,15,blocked
15323,123,0,0.9734241071663929,0.29034614200187403,15,blocked
15324,124,0,0.9684455122652849,0.3805975219945209,15,blocked
15325,125,0,0.9578707424765784,0.4283407471587442,15,blocked
15326,126,0,0.9594687465716567,0.4064782255560918,15,blocked
15327,127,0,0.0494055584196732,0.5656649404610867,15,blocked
15328,128,0,0.9831246160093876,0.5074644624635669,15,blocked
15329,129,0,0.06289074776365051,0.5712315515349145,15,blocked
15330,130,0,0.9647437731493549,0.396215448118887,15,blocked
15331,131,0,0.9803679617645976,0.3814239824211752,15,blocked
15332,132,0,0.04090714457901462,0.5312759774971507,15,blocked
15333,133,0,0.022821155495697083,0.44418886329304713,15,blocked
15334,134,0,0.9762176416607367,0.32552606974491277,15,blocked
15335,135,0,0.1443239043402684,0.5449531338442892,15,blocked
15336,136,0,0.9272693935287482,0.3098011113371314,15,blocked
15337,137,0,0.9299336928391939,0.27211831110971885,15,blocked
15338,138,0,0.9261762658524886,0.5079594971926767,15,blocked
15339,139,0,0.052035098590984374,0.4708856861945978,15,blocked
15340,140,0,0.9667153274727518,0.37550101463870894,15,blocked
15341,141,0,0.954221337566281,0.4479025786534921,15,blocked
15342,142,0,0.9842883412827979,0.40641392929164905,15,blocked
15343,143,0,0.9480586099161725,0.3354001984489517,15,blocked
15344,144,0,0.1496121127594055,0.5527995599524861,15,blocked
15345,145,0,0.9661916111541871,0.2911883529757069,15,blocked
15346,146,0,0.9567360064446373,0.3448489958865348,15,blocked
15347,147,0,0.04976206625455213,0.5770404191257755,15,blocked
15348,148,0,0.042009838157257715,0.46932564966151213,15,blocked
15349,149,0,0.05866535592130179,0.5426451086388168,15,blocked
15350,150,0,0.8218476125972516,0.2848292676219438,15,blocked
15351,151,0,0.9233481346055212,0.31530471919823044,15,blocked
15352,152,0,0.9216610013671347,0.35522758514330144,15,blocked
15353,153,0,0.9450171149398969,0.3290909089863038,15,blocked
15354,154,0,0.9719007914261264,0.331310891025024,15,blocked
15355,155,0,0.9389931082152476,0.37753615435688725,15,blocked
15356,156,0,0.9516323951218715,0.3783415240368161,15,blocked
15357,157,0,0.9818059757190305,0.36522908155063505,15,blocked
15358,158,0,0.15812135732156424,0.565131755180798,15,blocked
15359,159,0,0.04104860607748329,0.37402880393368615,15,blocked
15360,160,0,0.4101206856579812,0.3670004110760469,15,blocked
15361,161,0,0.9470370760369924,0.4204046739801656,15,blocked
15362,162,0,0.15380889525643296,0.5158509320167877,15,blocked
15363,163,0,0.9084480344922727,0.33445002533327156,15,blocked
15364,164,0,0.5079153767006158,0.39948026866287834,15,blocked
15365,165,0,0.16630425475830973,0.47490406792372986,15,blocked
15366,166,0,0.07355909887996263,0.5205917317613121,15,blocked
15367,167,0,0.07322369783270125,0.4734722661187706,15,blocked
15368,168,0,0.9548613051934836,0.4308598293139627,15,blocked
15369,169,0,0.8972382787386693,0.3765176812172581,15,blocked
15370,170,0,0.47266762780212945,0.5258030825380856,15,blocked
15371,171,0,0.2358990521810685,0.4304254861524843,15,blocked
15372,172,0,0.4548437775425327,0.5710978648856502,15,blocked
15373,173,0,0.9091693077088421,0.24358940643868243,15,blocked
15374,174,0,0.05937254007490343,0.5284915330496932,15,blocked
15375,175,0,0.7327209848152648,0.3714368450643012,15,blocked
15376,176,0,0.9577612169469757,0.4782398704764631,15,blocked
15377,177,0,0.1101864014231549,0.48197161916902975,15,blocked
15378,178,0,0.09923979130605577,0.5138961340189606,15,blocked
15379,179,0,0.5524292489116979,0.4231196537062337,15,blocked
15380,180,0,0.9530665043235433,0.45714763094312966,15,blocked
15381,181,0,0.19208058083488036,0.4661133294217281,15,blocked
15382,182,0,0.43202491825537326,0.5034541304038709,15,blocked
15383,183,0,0.06862372506791808,0.42717157066258105,15,blocked
15384,184,0,0.44455631380478466,0.3868788511564206,15,blocked
15385,185,0,0.8781427536773871,0.3360576512471578,15,blocked
15386,186,0,0.3359845234978284,0.4621671264566867,15,blocked
15387,187,0,0.5667670668917433,0.4320358823973397,15,blocked
15388,188,0,0.5445463401461678,0.3647239966508764,15,blocked
15389,189,0,0.5250894161860125,0.550196564413642,15,blocked
15390,190,0,0.5036762487634624,0.48682501813123413,15,blocked
15391,191,0,0.5281462609777617,0.5430930900142317,15,blocked
15392,192,0,0.39569496056596865,0.4038900210226626,15,blocked
15393,193,0,0.3621158106679498,0.4361128832458201,15,blocked
15394,194,0,0.26133670450641205,0.519379071288228,15,blocked
15395,195,0,0.31217935920033313,0.5515166653587533,15,blocked
15396,196,0,0.42643350591244455,0.40547775749147763,15,blocked
15397,197,0,0.5428444833303122,0.40137673469783003,15,blocked
15398,198,0,0.7750056296739384,0.2649816452453505,15,blocked
15399,199,0,0.39527547927323436,0.30466184957775877,15,blocked
15400,0,0,0.32196243893137033,0.8699211720192912,15,early
15401,1,1,0.1751794279637609,0.8491023662354692,15,early
15402,2,2,0.7806507326591212,0.8291005947583483,15,early
15403,3,0,0.2968192525686416,0.7994995500101759,15,early
15404,4,0,0.35098503340501147,0.8227251254257097,15,early
15405,5,3,0.1944823113544696,0.841914528390813,15,early
15406,6,0,0.7105687314902864,0.8585357746248141,15,early
15407,7,0,0.24276061286314693,0.7467659347042819,15,early
15408,8,0,0.32804488451728836,0.6943907022637776,15,early
15409,9,4,0.5197429798853724,0.8262181865110917,15,early
15410,10,5,0.31805033605834354,0.8480180611189737,15,early
15411,11,6,0.4523218248992415,0.8872352038392477,15,early
15412,12,6,0.4140259982927611,0.7341864002170853,15,early
15413,13,7,0.5009242556838974,1.3260679123603694,15,early
15414,14,0,0.7076396084193154,0.6521646869505695,15,early
15415,15,4,0.3070444403407574,1.226724936798996,15,early
15416,16,0,0.24371622008318794,0.7974893124457691,15,early
15417,17,4,0.8635841703349567,0.6396110044372212,15,early
15418,18,8,0.9128938254860284,0.9694310860561995,15,early
15419,19,0,0.4464493828921856,0.6128326409021605,15,early
15420,20,0,0.24384084672326933,0.7650487322320776,15,early
15421,21,0,0.7986270753062334,0.785160338510039,15,early
15422,22,6,0.4096905902278792,0.8911369710178904,15,early
15423,23,0,0.28785149948215644,0.670878816409318,15,early
15424,24,0,0.2789907763496222,0.8145820460855582,15,early
15425,25,0,0.3936334938955784,0.7076926753531472,15,early
15426,26,0,0.5426774606147856,0.6940189140496658,15,early
15427,27,0,0.6115578672360981,0.5501732012975461,15,early
15428,28,0,0.5383094710294615,0.9259954368420341,15,early
15429,29,0,0.33250970345482095,0.6009836555612347,15,early
15430,30,0,0.30432657033575833,0.6982351318123639,15,early
15431,31,0,0.6258230443689974,0.6415313835139842,15,early
15432,32,0,0.4177277697053813,0.6992296801166296,15,early
15433,33,0,0.4990504784852735,0.5433143844106741,15,early
15434,34,0,0.4159142106524214,0.743904162319643,15,early
15435,35,0,0.41799506532264974,0.5581787850756931,15,early
15436,36,4,0.5585851538243062,0.6361820229464354,15,early
15437,37,0,0.5411405336019861,0.8335902406191558,15,early
15438,38,0,0.4320901420389378,0.6803700653856217,15,early
15439,39,0,0.5068181147388533,0.752420681800118,15,early
15440,40,0,0.8937712310114594,0.5796764952363278,15,early
15441,41,0,0.8232625516407033,0.4710532665589878,15,early
15442,42,0,0.6705126775798144,0.5381172554472282,15,early
15443,43,0,0.18498747892870457,0.5069529055046931,15,early
15444,44,0,0.6767662577216982,0.5423763602971267,15,early
15445,45,0,0.8866268405136204,0.5823784723386196,15,early
15446,46,0,0.6532203176253918,0.5425289609761264,15,early
15447,47,0,0.7110769293828243,0.6127857063619443,15,early
15448,48,0,0.8133064767753673,0.5962749399490614,15,early
15449,49,4,0.6384312889242573,0.7437025751831092,15,early
15450,50,0,0.7946719045882401,0.5058360413832705,15,early
15451,51,0,0.7827185132818042,0.5751379245787167,15,early
15452,52,0,0.03809948665431419,0.8950898596754981,15,early
15453,53,0,0.2478868450286919,0.6012486896199325,15,early
15454,54,0,0.2801104361096321,0.5337024519298614,15,early
15455,55,0,0.24724246620161844,0.6110489488775053,15,early
15456,56,0,0.488760954528325,0.5523137608556337,15,early
15457,57,0,0.4063734004599641,0.38692243446123586,15,early
15458,58,0,0.41188151074002866,0.5707562369521921,15,early
15459,59,0,0.5427763326033626,0.5396410202118815,15,early
15460,60,0,0.6528728893990297,0.5432097086950026,15,early
15461,61,0,0.4242465443057573,0.5286780234308832,15,early
15462,62,0,0.5872272945939349,0.5248573806367758,15,early
15463,63,0,0.7585297797906669,0.37262472316977646,15,early
15464,64,0,0.5060330127536697,0.6322403830456931,15,early
15465,65,0,0.614428491270981,0.6037370081071132,15,early
15466,66,0,0.6238570855973747,0.3675770010280152,15,early
15467,67,0,0.626782415272917,0.6314625103335223,15,early
15468,68,0,0.44711270721501306,0.5431660177552637,15,early
15469,69,0,0.45912147233421907,0.5283075462656738,15,early
15470,70,0,0.531475201193956,0.37702774092335806,15,early
15471,71,0,0.41666915375515107,0.6275035516116576,15,early
15472,72,0,0.193602462643663,0.5025019083482658,15,early
15473,73,0,0.4549829766711697,0.5668493715224547,15,early
15474,74,0,0.3149964592272942,0.551103220790982,15,early
15475,75,0,0.44263602086030124,0.3901893271875242,15,early
15476,76,0,0.6824089723527462,0.5983438021083588,15,early
15477,77,0,0.5963301350671502,0.47167549465676484,15,early
15478,78,0,0.45905757602956215,0.6456307011131885,15,early
15479,79,0,0.539551975336773,0.5653928192467284,15,early
15480,80,0,0.19496972644443966,0.5167333604931252,15,early
15481,81,0,0.40435525453809706,0.4738211245988816,15,early
15482,82,0,0.6402263971856503,0.37661569968541475,15,early
15483,83,0,0.5732751939712926,0.4548426684454294,15,early
15484,84,0,0.2163415004492818,0.48032904208845933,15,early
15485,85,0,0.5739648173409087,0.4608206887701172,15,early
15486,86,0,0.3394340853203361,0.4396469201852539,15,early
15487,87,0,0.7200299942178772,0.5387458800266024,15,early
15488,88,0,0.1892242601902418,0.4401958792097954,15,early
15489,89,0,0.4058100237978062,0.47102298756743377,15,early
15490,90,0,0.6097884645368354,0.560633720933724,15,early
15491,91,0,0.5747668317225153,0.5273658578993161,15,early
15492,92,0,0.15528756493420576,0.6123390303075235,15,early
15493,93,0,0.48522104489298673,0.516834639647373,15,early
15494,94,0,0.7015018334107629,0.4443391381271415,15,early
15495,95,0,0.3886093422704367,0.5393398406677934,15,early
15496,96,0,0.12217469010477267,0.6347364306820642,15,early
15497,97,0,0.6095112743902188,0.4633567672011297,15,early
15498,98,0,0.7029107313225891,0.33235941307932293,15,early
15499,99,0,0.33430477024142824,0.6177120755539711,15,early
15500,100,0,0.5736649950537176,0.46353326961840674,15,early
15501,101,0,0.3429070603693349,0.49487523634572184,15,early
15502,102,0,0.24849958928160965,0.5348748632488017,15,early
15503,103,0,0.601159393604062,0.46941538055264187,15,early
15504,104,0,0.5012873383952954,0.507077070948864,15,early
15505,105,0,0.5850509031177658,0.460850548268516,15,early
15506,106,0,0.3255192539610325,0.37851420997058205,15,early
15507,107,0,0.7484455407837372,0.4344088991174021,15,early
15508,108,0,0.618194580806397,0.5384547889491614,15,early
15509,109,0,0.4528250575555133,0.4349351651734673,15,early
15510,110,0,0.5726159042465669,0.4606716455687649,15,early
15511,111,0,0.41134031016153405,0.5266756357764528,15,early
15512,112,0,0.5812550903323976,0.33541941912143697,15,early
15513,113,0,0.11407631080415392,0.641464784207504,15,early
15514,114,0,0.28800982779701845,0.5208761431194071,15,early
15515,115,0,0.47996413719755837,0.382286375040949,15,early
15516,116,0,0.550658685794136,0.43236549795029156,15,early
15517,117,0,0.5229852357316119,0.6217622692670891,15,early
15518,118,0,0.5766389980719486,0.3697118543913106,15,early
15519,119,0,0.4987333321413826,0.48354858561822867,15,early
15520,120,0,0.4681867752949176,0.506903856680233,15,early
15521,121,0,0.24259329724413964,0.5197195991830563,15,early
15522,122,0,0.5177558751388706,0.4315305573825394,15,early
15523,123,0,0.5956264808141173,0.43565606686917924,15,early
15524,124,0,0.20799909174420295,0.48796404277450833,15,early
15525,125,0,0.6830545422779342,0.335198287715485,15,early
15526,126,0,0.2377860631705483,0.5231885234163028,15,early
15527,127,0,0.5709165039093943,0.4986350792522595,15,early
15528,128,0,0.5852404487813092,0.4289845206774229,15,early
15529,129,0,0.8010502868615161,0.4275249424308325,15,early
15530,130,0,0.48257239058498613,0.500111508816208,15,early
15531,131,0,0.41377288334280804,0.4314757148843107,15,early
15532,132,0,0.5281820182999942,0.4782780541818954,15,early
15533,133,0,0.48570553640924663,0.4324536368608241,15,early
15534,134,0,0.606909827695187,0.44669804731204743,15,early
15535,135,0,0.3535823284666847,0.45360918045933046,15,early
15536,136,0,0.6233322120151924,0.42604232339568987,15,early
15537,137,0,0.45884966904047547,0.5117449130569192,15,early
15538,138,0,0.631944692591816,0.4420095546610046,15,early
15539,139,0,0.49452812005404556,0.49268819701900257,15,early
15540,140,0,0.18813773055340838,0.5110979255587795,15,early
15541,141,0,0.6969380040053825,0.4405102997679661,15,early
15542,142,0,0.8185974939173501,0.4540689679822466,15,early
15543,143,0,0.7468566316888964,0.4509514470462258,15,early
15544,144,0,0.6859209122300772,0.5322581576073523,15,early
15545,145,0,0.5328805246726468,0.4121309374383202,15,early
15546,146,0,0.20045256058453645,0.5464584459024313,15,early
15547,147,0,0.48456873045727233,0.48096669276504295,15,early
15548,148,0,0.2214054491953923,0.7098779399684787,15,early
15549,149,0,0.657828391428415,0.3684773367316182,15,early
15550,150,0,0.2173565929792766,0.5082632359018049,15,early
15551,151,0,0.6189217018327537,0.36346625999114573,15,early
15552,152,0,0.7412346746692862,0.40839414299846655,15,early
15553,153,0,0.5482722055616673,0.5156590233714703,15,early
15554,154,0,0.158409246988091,0.3925090576772066,15,early
15555,155,0,0.5795903592235001,0.41116300429041946,15,early
15556,156,0,0.3140009122315567,0.5216399107997218,15,early
15557,157,0,0.3418501104480057,0.5961978618882506,15,early
15558,158,0,0.2653067185965338,0.4464840975149713,15,early
15559,159,0,0.6364683250993035,0.4873148946259873,15,early
15560,160,0,0.3647017826136252,0.4768594435988443,15,early
15561,161,0,0.6354473277185252,0.4573020081114094,15,early
15562,162,0,0.4270432972086612,0.5556501945547523,15,early
15563,163,0,0.3104522803646158,0.3896815068201992,15,early
15564,164,0,0.6475037513765811,0.5071839015844396,15,early
15565,165,0,0.5840468525486922,0.305264226635354,15,early
15566,166,0,0.5964889896739709,0.3999008563601744,15,early
15567,167,0,0.252316830277398,0.4356311769596273,15,early
15568,168,0,0.42424060268805663,0.488175099424345,15,early
15569,169,0,0.7317626752629041,0.42251263039503506,15,early
15570,170,0,0.7735182657703725,0.4787542773986687,15,early
15571,171,0,0.3663197902233686,0.4346902245992586,15,early
15572,172,0,0.7608425337692865,0.3092843021988442,15,early
15573,173,0,0.8030975682181434,0.42595651448455696,15,early
15574,174,0,0.2825650275446223,0.49807817697905826,15,early
15575,175,0,0.18846670118459713,0.4153401132588238,15,early
15576,176,0,0.510808456435542,0.37981781338220055,15,early
15577,177,0,0.47306759043917057,0.4625132119248695,15,early
15578,178,0,0.41932805742569024,0.48500257582587847,15,early
15579,179,4,0.5382258930968142,0.6219799974999496,15,early
15580,180,0,0.8252168476554407,0.4733026083050642,15,early
15581,181,0,0.4326384038868417,0.4959838272866738,15,early
15582,182,0,0.4528279324119636,0.471666833420304,15,early
15583,183,0,0.6218573809110296,0.5307164226067773,15,early
15584,184,0,0.7946401994234334,0.48112486543598704,15,early
15585,185,0,0.7611268085064747,0.5463166973710549,15,early
15586,186,0,0.47287299849962294,0.4126955659441076,15,early
15587,187,0,0.39500917729094726,0.6209425417773751,15,early
15588,188,0,0.4614417518270875,0.5242074632883769,15,early
15589,189,0,0.3476211482417004,0.5821965472312124,15,early
15590,190,0,0.11682761250990717,0.5286312676453971,15,early
15591,191,0,0.45647305117796344,0.37668047831092943,15,early
15592,192,0,0.8056303106246092,0.4036731966043984,15,early
15593,193,0,0.519715589958027,0.5230193137885534,15,early
15594,194,0,0.4527841503294412,0.4279037843149388,15,early
15595,195,0,0.5358115359639709,0.371342149179845,15,early
15596,196,0,0.1846860423355427,0.43844013353807043,15,early
15597,197,0,0.5258486792452566,0.5740599680848122,15,early
15598,198,0,0.8228408749933691,0.49347291109167357,15,early
15599,199,0,0.26570052620578843,0.38816670545790927,15,early
15600,0,0,0.5419150010524589,0.8934784660803634,15,middle
15601,1,1,0.333181384675522,1.1435129090386904,15,middle
15602,2,0,0.7425053209031113,0.5758964923720142,15,middle
15603,3,0,0.43131917690157034,0.6893682619161734,15,middle
15604,4,0,0.7060463849898315,0.7714979095586532,15,middle
15605,5,2,0.5492363800316165,0.8729644453519436,15,middle
15606,6,3,0.4966391046270464,1.1350275984962357,15,middle
15607,7,4,0.4510014210271315,0.7148283843546261,15,middle
15608,8,0,0.525942433098328,0.616127544996185,15,middle
15609,9,5,0.08571092469380565,0.97094644263955,15,middle
15610,10,6,0.44412497831263786,0.8254795371271826,15,middle
15611,11,7,0.9149748803584419,0.8699355467844391,15,middle
15612,12,5,0.4443212673058618,0.5944592948190758,15,middle
15613,13,5,0.864208184818865,0.6585837931361447,15,middle
15614,14,0,0.4932517046015211,0.7242187963507332,15,middle
15615,15,0,0.4931673000800211,0.5404943883413426,15,middle
15616,16,0,0.4480961384293951,0.7560412935617056,15,middle
15617,17,0,0.54632761637989,0.5452524658070794,15,middle
15618,18,0,0.5687386337628684,0.6882926116741533,15,middle
15619,19,0,0.4752185322143835,0.5581601017655018,15,middle
15620,20,8,0.766510350783873,0.6600657265596497,15,middle
15621,21,0,0.6293099151233216,0.5466367558447887,15,middle
15622,22,0,0.6479573573423798,0.6273492773902094,15,middle
15623,23,0,0.6984904187209151,0.6052095755483002,15,middle
15624,24,9,0.7510610849884799,0.9511741157822668,15,middle
15625,25,0,0.6021290012840418,0.6699338012940783,15,middle
15626,26,0,0.6238157223001581,0.5724057608426383,15,middle
15627,27,10,0.2486264356933876,0.7560318698389985,15,middle
15628,28,0,0.4552370296062832,0.5905610023738295,15,middle
15629,29,0,0.2393387829119656,0.519657403890001,15,middle
15630,30,0,0.435328518697827,0.6110543558229558,15,middle
15631,31,0,0.25845008396885755,0.6546840643455127,15,middle
15632,32,0,0.7400256278932065,0.5659289056448786,15,middle
15633,33,0,0.30970647096379134,0.6873121522323662,15,middle
15634,34,0,0.31848929988804064,0.5258023932515129,15,middle
15635,35,0,0.4878712869714767,0.5235000489598912,15,middle
15636,36,0,0.4077067600977937,0.39511840488594946,15,middle
15637,37,0,0.6921031605962626,0.5584042316458381,15,middle
15638,38,0,0.6685606781036653,0.535654218506531,15,middle
15639,39,0,0.5376214115983584,0.5360586265669824,15,middle
15640,40,0,0.4403846251544201,0.5461786649288137,15,middle
15641,41,0,0.4180753223198848,0.5451134346854888,15,middle
15642,42,0,0.491419385453341,0.5952677723793224,15,middle
15643,43,0,0.5794968590854207,0.6236732677597399,15,middle
15644,44,0,0.6319851643388217,0.5390761194006197,15,middle
15645,45,0,0.47057973616681353,0.5631494408571027,15,middle
15646,46,0,0.5490299624940516,0.47488497459876966,15,middle
15647,47,0,0.4697122438187254,0.4648077488146447,15,middle
15648,48,0,0.3163465612940573,0.3843219573553558,15,middle
15649,49,0,0.6753878629167303,0.4690048213469673,15,middle
15650,50,0,0.6499725624176486,0.4807864993933266,15,middle
15651,51,0,0.4303847384439011,0.4800718656327202,15,middle
15652,52,0,0.3335035091367827,0.5026683527454427,15,middle
15653,53,0,0.5379852298433484,0.3276756187608705,15,middle
15654,54,0,0.40983393816711106,0.46014038325825196,15,middle
15655,55,0,0.5305118438045501,0.5304463013518905,15,middle
15656,56,0,0.771208670950617,0.5420566224627134,15,middle
15657,57,0,0.5318235885464356,0.5522699130818066,15,middle
15658,58,0,0.6452630737954048,0.4592966775773226,15,middle
15659,59,0,0.6989685448692864,0.5106204251511298,15,middle
15660,60,0,0.43061430939683615,0.5542787749564162,15,middle
15661,61,5,0.5036385998448751,0.6548744077100133,15,middle
15662,62,0,0.5155018088967946,0.45543443310397846,15,middle
15663,63,0,0.5806736329563211,0.49723095742049545,15,middle
15664,64,0,0.5424420521516861,0.4884268999086693,15,middle
15665,65,0,0.3829112687353753,0.42606372888030597,15,middle
15666,66,0,0.5674524981499247,0.37383452945792217,15,middle
15667,67,0,0.5673668113369763,0.3493905547645789,15,middle
15668,68,0,0.5226012147471105,0.5792893144659387,15,middle
15669,69,0,0.4130732885867646,0.4902844188638513,15,middle
15670,70,0,0.41984875841476915,0.4806336626725483,15,middle
15671,71,0,0.6134935460817922,0.6123953605227783,15,middle
15672,72,0,0.5935346891127004,0.47176317930031664,15,middle
15673,73,0,0.6743064337101818,0.6316511598299575,15,middle
15674,74,0,0.43780422868841873,0.4124307478694321,15,middle
15675,75,0,0.5814879089381073,0.5414599246559179,15,middle
15676,76,0,0.5553952824776535,0.5041347360836719,15,middle
15677,77,0,0.5718431186698827,0.4879022242476544,15,middle
15678,78,0,0.4202166028124202,0.47257060262900197,15,middle
15679,79,0,0.6262877258805595,0.36969241815752946,15,middle
15680,80,0,0.8547052241152766,0.43758619627844886,15,middle
15681,81,0,0.13007706977097688,0.4627629742605809,15,middle
15682,82,0,0.7199140639370818,0.3752761051197717,15,middle
15683,83,0,0.11160600420530947,0.43241352681092027,15,middle
15684,84,0,0.7191616730278676,0.3306244476861614,15,middle
15685,85,0,0.6978543572230208,0.5011205896357505,15,middle
15686,86,0,0.6996975889512109,0.49951994064627314,15,middle
15687,87,0,0.16383241810695612,0.5588513161746855,15,middle
15688,88,0,0.5272409149303993,0.5516148372617522,15,middle
15689,89,0,0.18081124494371797,0.4146369444619076,15,middle
15690,90,0,0.20957011364306394,0.5928653739688525,15,middle
15691,91,0,0.25474973693676395,0.4171495100077871,15,middle
15692,92,0,0.22290728223890482,0.4911874024653783,15,middle
15693,93,0,0.11753418566867346,0.5578119888295706,15,middle
15694,94,0,0.1487820489894549,0.36392005420108764,15,middle
15695,95,0,0.2879888425333869,0.5133814293750792,15,middle
15696,96,0,0.7637383375919845,0.39203356181682814,15,middle
15697,97,0,0.15704556664498925,0.5425214680872877,15,middle
15698,98,0,0.6271270840309893,0.47182789049256424,15,middle
15699,99,0,0.6833510983036232,0.45366688730214155,15,middle
15700,100,0,0.2351957568722795,0.5871938681721812,15,middle
15701,101,0,0.8150056512059698,0.3900148747416044,15,middle
15702,102,0,0.310262330896948,0.5256045380900787,15,middle
15703,103,0,0.22903918696572528,0.34930250421835984,15,middle
15704,104,0,0.5620557857132655,0.39976207593607244,15,middle
15705,105,0,0.6094556523060115,0.38624155899264667,15,middle
15706,106,0,0.3837032562075835,0.463562057321125,15,middle
15707,107,0,0.5897812983861999,0.4457802543185666,15,middle
15708,108,0,0.7291133582040312,0.4081872709851963,15,middle
15709,109,0,0.358531455217605,0.5384864278551872,15,middle
15710,110,0,0.29542204073832856,0.6498885956578806,15,middle
15711,111,0,0.693420099414571,0.49107551681669614,15,middle
15712,112,0,0.6192696155853976,0.353947731267397,15,middle
15713,113,0,0.45981878808762594,0.3990807561404246,15,middle
15714,114,0,0.40806193018755255,0.407176320081518,15,middle
15715,115,0,0.4897954883616321,0.5344063409615625,15,middle
15716,116,0,0.5045478271983185,0.40513166648913634,15,middle
15717,117,0,0.6942316089481624,0.41239303798129756,15,middle
15718,118,0,0.5149739188124662,0.41981333142757976,15,middle
15719,119,0,0.6936598847350186,0.4087450833076033,15,middle
15720,120,0,0.4443963252811045,0.4811404288268082,15,middle
15721,121,0,0.5320241970621755,0.47519661941506924,15,middle
15722,122,0,0.6824183464356678,0.4244790904974538,15,middle
15723,123,0,0.5990610636123621,0.47145008421805457,15,middle
15724,124,0,0.44547490722866323,0.3774881145678575,15,middle
15725,125,0,0.7090076519109896,0.5589182247897959,15,middle
15726,126,0,0.6126807312968559,0.45182853404468676,15,middle
15727,127,0,0.29468197733491386,0.38199752690344446,15,middle
15728,128,0,0.5951294218276707,0.36425294254718665,15,middle
15729,129,0,0.5360261274426886,0.32062325881924436,15,middle
15730,130,0,0.3935020465840321,0.36988851517748367,15,middle
15731,131,0,0.7316392122748813,0.40465249011294163,15,middle
15732,132,0,0.49712153668702463,0.40020176335805513,15,middle
15733,133,0,0.4164883500683259,0.3662918094447327,15,middle
15734,134,0,0.40015564232336415,0.4993728486321515,15,middle
15735,135,0,0.6525593981584173,0.5612335800451587,15,middle
15736,136,0,0.6418235057357098,0.420897090615325,15,middle
15737,137,0,0.12396240418823763,0.5454215965523728,15,middle
15738,138,0,0.6074543851942489,0.4838407183232859,15,middle
15739,139,0,0.8083357052156658,0.5031639769423337,15,middle
15740,140,0,0.5632874512804831,0.5102849473352045,15,middle
15741,141,0,0.42336571448960925,0.4810653683330661,15,middle
15742,142,0,0.6887013023621359,0.4147551281253061,15,middle
15743,143,0,0.30287357180659435,0.4714863767820439,15,middle
15744,144,0,0.5847281507288682,0.38491452500568035,15,middle
15745,145,0,0.342215529241365,0.46306225418100255,15,middle
15746,146,0,0.5650726727954416,0.3933523796556523,15,middle
15747,147,0,0.41157210948846035,0.4193184424889115,15,middle
15748,148,0,0.7315859484310127,0.544346954477724,15,middle
15749,149,0,0.4311980890288534,0.3569176996362029,15,middle
15750,150,0,0.7753923347721257,0.5365238470610594,15,middle
15751,151,0,0.4431406811959774,0.536249548324389,15,middle
15752,152,0,0.42675657407581813,0.4193280388457564,15,middle
15753,153,0,0.5097086094018,0.6205814236406396,15,middle
15754,154,0,0.5115718502320747,0.5077425855819395,15,middle
15755,155,0,0.6101514142791178,0.4264200871849944,15,middle
15756,156,0,0.6518794412572113,0.3149817894602263,15,middle
15757,157,0,0.32867807688920525,0.5289535082051873,15,middle
15758,158,0,0.5199835748803383,0.44937075784072744,15,middle
15759,159,0,0.3481861669924331,0.48838254913985424,15,middle
15760,160,0,0.640606688998423,0.3594527491502019,15,middle
15761,161,0,0.7472406821499318,0.44082121684297204,15,middle
15762,162,0,0.6030353451743793,0.4982780472974747,15,middle
15763,163,0,0.5128462526902129,0.5012910967971365,15,middle
15764,164,0,0.1494862372865731,0.584847891324477,15,middle
15765,165,0,0.69379954427589,0.45024489982226956,15,middle
15766,166,0,0.6287043595597711,0.5003835710361881,15,middle
15767,167,0,0.5564760236446475,0.526095976906857,15,middle
15768,168,0,0.5078501794777466,0.5054103866900082,15,middle
15769,169,0,0.5236859665857629,0.3201558711670458,15,middle
15770,170,0,0.6518979406700722,0.32776876216350476,15,middle
15771,171,0,0.6129792047039735,0.3748930829908921,15,middle
15772,172,0,0.5148316316774516,0.4000090843594035,15,middle
15773,173,0,0.6329114145583994,0.47850987713158716,15,middle
15774,174,0,0.7452129463908773,0.35639391694663514,15,middle
15775,175,0,0.6121755559933151,0.41414334505370287,15,middle
15776,176,0,0.5466805776357174,0.5203158074865171,15,middle
15777,177,0,0.38197742141023483,0.5543125638231299,15,middle
15778,178,0,0.6555835397697662,0.42844609594542615,15,middle
15779,179,0,0.4336081511029599,0.39942391215222156,15,middle
15780,180,0,0.6922339059421116,0.4664490877297218,15,middle
15781,181,0,0.6492334066452916,0.44024894275737125,15,middle
15782,182,0,0.3731212229842809,0.5408173975013918,15,middle
15783,183,0,0.2390768919525797,0.5617992854345394,15,middle
15784,184,0,0.6644450058337074,0.3219680607551977,15,middle
15785,185,0,0.4777436248521919,0.5949558982806462,15,middle
15786,186,0,0.41310969465826697,0.3697541505061177,15,middle
15787,187,0,0.23981479913121462,0.4811803774326621,15,middle
15788,188,0,0.30142753065838995,0.4553021643027444,15,middle
15789,189,0,0.4402176953194761,0.36115150400209395,15,middle
15790,190,0,0.5593193520020671,0.3251147525216,15,middle
15791,191,0,0.6134269676925963,0.409833489385282,15,middle
15792,192,0,0.7276580348692216,0.43483557922153915,15,middle
15793,193,0,0.7228012831783432,0.506721243915879,15,middle
15794,194,0,0.4370158418589108,0.47110086322245825,15,middle
15795,195,0,0.6141723488774445,0.4932342972608586,15,middle
15796,196,0,0.5974566404316006,0.3508378265360409,15,middle
15797,197,0,0.5691296860745265,0.5210998481265754,15,middle
15798,198,0,0.38212667581644655,0.48150520252111817,15,middle
15799,199,0,0.3818955462797614,0.45151128461636625,15,middle
15800,0,0,0.7179524166346658,0.8259347790597198,15,late
15801,1,0,0.8761452554694062,0.7553502514115031,15,late
15802,2,1,0.5416431338176362,1.093016695403944,15,late
15803,3,2,0.9745175387116591,0.8348419668788738,15,late
15804,4,3,0.4434717113921423,1.3485008543703838,15,late
15805,5,4,0.36291307815830587,1.1873857976200306,15,late
15806,6,5,0.6262204468601212,0.8685271671075383,15,late
15807,7,6,0.5005419219279924,1.3254816863661174,15,late
15808,8,0,0.7401555059822982,0.6788144760143078,15,late
15809,9,7,0.06716414023179824,1.13324110256662,15,late
15810,10,8,0.5035436844176638,1.3697716498593233,15,late
15811,11,9,0.4850296101263885,1.2548377643048705,15,late
15812,12,10,0.48773148006639383,0.8550615118566535,15,late
15813,13,11,0.0003729090175521813,1.0764468433115737,15,late
15814,14,12,0.6229687170144642,0.8142655985193724,15,late
15815,15,13,0.007304075725149855,1.4561492347571137,15,late
15816,16,14,0.5078381048221029,1.202840561031718,15,late
15817,17,15,0.867692609186848,0.8413239337949958,15,late
15818,18,16,0.20174423019191698,1.272617588002515,15,late
15819,19,17,0.010368131499487397,1.0449529395094932,15,late
15820,20,18,0.40331599599439094,0.887809535698171,15,late
15821,21,19,0.9971341762013886,1.3461259174486768,15,late
15822,22,18,0.5054867938837521,0.8982029460561638,15,late
15823,23,20,0.815919857609956,0.7758286344727919,15,late
15824,24,7,0.512309330574127,0.8252098375836066,15,late
15825,25,21,0.0061952166993369355,1.0503578359559493,15,late
15826,26,22,0.12465230738063811,1.2349475095897433,15,late
15827,27,23,0.001214137099857145,1.4004659808057718,15,late
15828,28,24,0.6359555961275074,1.0857902439723,15,late
15829,29,0,0.1950837923685676,0.8975318269067813,15,late
15830,30,17,0.34772715276623234,0.8152895255668515,15,late
15831,31,17,0.7985117112532311,0.9654836877260786,15,late
15832,32,25,0.44554207427724773,1.0297884277385196,15,late
15833,33,20,0.9996876001685152,0.7167299414467825,15,late
15834,34,18,0.510280312650264,0.7555774120425764,15,late
15835,35,17,0.8378889977642883,0.867707405285486,15,late
15836,36,26,0.3413024127317734,0.9626645332829451,15,late
15837,37,7,0.012474236410156164,0.8891214466546148,15,late
15838,38,27,0.3403003973031412,0.8054933987280688,15,late
15839,39,0,0.23176845276601277,0.7825932794469879,15,late
15840,40,18,0.4991315053420519,0.8686336505717666,15,late
15841,41,28,0.2349368391907033,0.9379403446869035,15,late
15842,42,28,0.2521058035487457,0.702450055709698,15,late
15843,43,28,0.8384357449234074,0.7570886956698117,15,late
15844,44,28,0.35461778325534504,0.9576477500030005,15,late
15845,45,29,0.5044325302660349,1.1293181776092864,15,late
15846,46,28,0.648108404488559,0.6667644782159612,15,late
15847,47,17,0.7928250851620839,0.8734778646405404,15,late
15848,48,18,0.5136066781275972,0.6910640232994874,15,late
15849,49,28,0.13051261430354177,0.6468785706429165,15,late
15850,50,28,0.39375414905429795,0.7890939678661923,15,late
15851,51,28,0.2078209108095794,0.9058584035943174,15,late
15852,52,28,0.3405501745852025,0.6114744061671693,15,late
15853,53,28,0.8134949819072199,0.5829280924277015,15,late
15854,54,28,0.33542853350101687,0.8566748130645692,15,late
15855,55,28,0.22359638813938362,0.5829978464379034,15,late
15856,56,28,0.29703486666105516,0.7812084386287256,15,late
15857,57,28,0.8582336921709954,0.5341314434254243,15,late
15858,58,28,0.6670788705313808,0.575790974839171,15,late
15859,59,28,0.8741131568559264,0.6575409543303337,15,late
15860,60,28,0.5785117870772156,0.6142697187947683,15,late
15861,61,28,0.21247993326381764,0.7435448927143786,15,late
15862,62,28,0.38286040072904076,0.6729235917027026,15,late
15863,63,28,0.8974544161079113,0.6809142362199054,15,late
15864,64,28,0.3620218763394187,0.7375430110703215,15,late
15865,65,28,0.21527504129169653,0.8765082386739137,15,late
15866,66,28,0.5964646362241102,0.5097316113334468,15,late
15867,67,28,0.30072094433334795,0.6119894745181806,15,late
15868,68,28,0.36061486090353284,0.7760321486818313,15,late
15869,69,28,0.40498584872937393,0.713283736328024,15,late
15870,70,28,0.6314050394459778,0.6041362567026165,15,late
15871,71,28,0.37716384193205205,0.612389972889377,15,late
15872,72,28,0.3072095147752597,0.45482664359847524,15,late
15873,73,28,0.6301087179447196,0.5278019532028656,15,late
15874,74,28,0.5832545132340159,0.6967844406501866,15,late
15875,75,28,0.7203371388084228,0.5040167140611609,15,late
15876,76,28,0.5840594059721773,0.6727374716628921,15,late
15877,77,28,0.507067557918031,0.4771326369190688,15,late
15878,78,28,0.3822037599624747,0.6552722303024408,15,late
15879,79,28,0.6815522759590618,0.5449441520941082,15,late
15880,80,28,0.598094396781949,0.6314629289884625,15,late
15881,81,28,0.40911458617927066,0.7097702227272167,15,late
15882,82,28,0.6096748016346849,0.44605829707263256,15,late
15883,83,28,0.5871261222470834,0.4377650729168887,15,late
15884,84,28,0.5537341980329382,0.662668985273086,15,late
15885,85,28,0.6278805240126487,0.5022023904204534,15,late
15886,86,28,0.33332754495834827,0.46132653023697295,15,late
15887,87,28,0.604008737666998,0.6394762013496346,15,late
15888,88,28,0.332258721490458,0.6530985259204134,15,late
15889,89,28,0.29077035623881375,0.7354374319813153,15,late
15890,90,28,0.5295098994815678,0.45581430442879967,15,late
15891,91,28,0.5723504867893344,0.5588549606314754,15,late
15892,92,28,0.43648074154288363,0.48580100812575744,15,late
15893,93,28,0.4615888949644179,0.5362663231638674,15,late
15894,94,28,0.4667553330285821,0.5981008824899845,15,late
15895,95,28,0.5953287518620561,0.7381525146173233,15,late
15896,96,28,0.4212722103215422,0.4638365807213683,15,late
15897,97,28,0.5386454900530816,0.47069223182895886,15,late
15898,98,28,0.42898103012130917,0.5007127104879429,15,late
15899,99,28,0.5579359180317632,0.5367038326992811,15,late
15900,100,28,0.6004473407671792,0.5244850513869174,15,late
15901,101,28,0.2779397120191683,0.5038236425649767,15,late
15902,102,28,0.4374487899843839,0.5247310145586543,15,late
15903,103,28,0.40388289900521673,0.44877235355524137,15,late
15904,104,28,0.48490872983879446,0.45324099952429975,15,late
15905,105,28,0.35396773305453033,0.6444204050595855,15,late
15906,106,28,0.3414225997003522,0.4871124449210179,15,late
15907,107,28,0.38831469064509294,0.5325428619038387,15,late
15908,108,28,0.5684834879375743,0.49065667281411995,15,late
15909,109,28,0.40458347349527013,0.6507518785657044,15,late
15910,110,28,0.39044079956427213,0.6317995763239342,15,late
15911,111,28,0.5978750821389668,0.439718083315934,15,late
15912,112,28,0.5185949769179359,0.5285037694214629,15,late
15913,113,28,0.4535758365022331,0.46909201890566044,15,late
15914,114,28,0.4207041913870028,0.5255402609232681,15,late
15915,115,28,0.561159270888511,0.4608443711465074,15,late
15916,116,28,0.429546853077908,0.39412937905388845,15,late
15917,117,28,0.39096394252437233,0.7507380730766375,15,late
15918,118,28,0.5308432810608001,0.6204308449533176,15,late
15919,119,28,0.5234155980402273,0.5978267361594133,15,late
15920,120,28,0.9126807941158277,0.5482965716109753,15,late
15921,121,28,0.14081037055263418,0.3070285647799835,15,late
15922,122,28,0.8758628397000605,0.46261061336220766,15,late
15923,123,28,0.7722369446876762,0.48118392170324764,15,late
15924,124,28,0.16387608135449327,0.6868524084987735,15,late
15925,125,28,0.18979966279202345,0.5123960205306471,15,late
15926,126,28,0.8726459809035394,0.4627401805814184,15,late
15927,127,28,0.2394536113245594,0.5905882264158582,15,late
15928,128,28,0.14367975261479385,0.5317456664455394,15,late
15929,129,28,0.911530370568782,0.43550056641764345,15,late
15930,130,28,0.8747806870965513,0.5856554703954057,15,late
15931,131,28,0.19434194018966006,0.5055452054527935,15,late
15932,132,28,0.81307709440035,0.4796579994801566,15,late
15933,133,28,0.24820784676774854,0.5634646303307578,15,late
15934,134,28,0.8045119611725587,0.5954388724722746,15,late
15935,135,28,0.7883106706206013,0.48241949963394654,15,late
15936,136,28,0.12352669760168289,0.5336894145562079,15,late
15937,137,28,0.8677095315798746,0.44468931193175865,15,late
15938,138,28,0.9162102950936166,0.5223780766806077,15,late
15939,139,28,0.16910398511854258,0.5951493034632922,15,late
15940,140,28,0.880837161993725,0.3716015234193504,15,late
15941,141,28,0.7696702900577266,0.4527978021413508,15,late
15942,142,28,0.8302451792446056,0.4717092844609968,15,late
15943,143,28,0.13831199685364426,0.5174321990736197,15,late
15944,144,28,0.22476867712009818,0.529419106668322,15,late
15945,145,28,0.85991073361062,0.38784611335416086,15,late
15946,146,28,0.909741622489499,0.4819852516366476,15,late
15947,147,28,0.21629808896250058,0.5048856844192564,15,late
15948,148,28,0.26377251121534595,0.5226588172721962,15,late
15949,149,28,0.16529329172036258,0.6176885685221114,15,late
15950,150,28,0.14345020393536093,0.507467764229671,15,late
15951,151,28,0.8293097498105122,0.6309105340935406,15,late
15952,152,28,0.27117913357569423,0.5736622799132334,15,late
15953,153,28,0.8929171483448823,0.41586443891465963,15,late
15954,154,28,0.7583539355183968,0.45250316060006435,15,late
15955,155,28,0.8342254503256048,0.4844333621659995,15,late
15956,156,28,0.8138699043738051,0.4194150661790902,15,late
15957,157,28,0.8685231521026207,0.41277162350621754,15,late
15958,158,28,0.17404445269812407,0.5016574726062236,15,late
15959,159,28,0.307308639761804,0.6720985230051404,15,late
15960,160,28,0.42448757792904085,0.6175434169791271,15,late
15961,161,28,0.7508622117370716,0.4491786531437677,15,late
15962,162,28,0.5206025413148085,0.47200083374389423,15,late
15963,163,28,0.5484776760407991,0.4088425320759361,15,late
15964,164,28,0.5211822638863035,0.4510115588235276,15,late
15965,165,28,0.3657229795500656,0.5611649729558128,15,late
15966,166,28,0.4813900484930635,0.5035267705675561,15,late
15967,167,28,0.2307122655103767,0.48675319913994186,15,late
15968,168,28,0.35974593421017115,0.5567103136348868,15,late
15969,169,28,0.5289178470196623,0.3850737991802762,15,late
15970,170,28,0.3710070202972185,0.550837439687105,15,late
15971,171,28,0.3995421460206255,0.49311448053957296,15,late
15972,172,28,0.4310307619964885,0.5086470987322784,15,late
15973,173,28,0.44847932064077917,0.6646258726174998,15,late
15974,174,28,0.17070707361135196,0.46258876347102745,15,late
15975,175,28,0.6389282322917689,0.4047249012358356,15,late
15976,176,28,0.7352623612148275,0.42908317477174984,15,late
15977,177,28,0.5010555147065874,0.6011992917738631,15,late
15978,178,28,0.81024595114496,0.3263375128067178,15,late
15979,179,28,0.24353446959698927,0.5032081640282277,15,late
15980,180,28,0.49885389967346505,0.5747893116535167,15,late
15981,181,28,0.42887212645807365,0.5739234704236846,15,late
15982,182,28,0.8684501275550798,0.473238685715369,15,late
15983,183,28,0.3937213925591335,0.6145605781629696,15,late
15984,184,28,0.18220998331305233,0.5535336305016033,15,late
15985,185,28,0.8173478455366399,0.4842007532607333,15,late
15986,186,28,0.39854407384128876,0.5780794998924651,15,late
15987,187,28,0.44969720137635366,0.44032457417958926,15,late
15988,188,28,0.4459472029906337,0.6481284116367598,15,late
15989,189,28,0.20095229310809753,0.366030597547872,15,late
15990,190,28,0.5112267733811299,0.5127832037245486,15,late
15991,191,28,0.4893978716816739,0.4319233667929694,15,late
15992,192,28,0.38774136427137845,0.5536586075458596,15,late
15993,193,28,0.5214223328337138,0.481972206253811,15,late
15994,194,28,0.5309180991437663,0.41075166880327063,15,late
15995,195,28,0.25414120012546165,0.5589150413593063,15,late
15996,196,28,0.7767266224996068,0.3849432921248719,15,late
15997,197,28,0.49410745389170246,0.3987138024234501,15,late
15998,198,28,0.8494779961521076,0.5658738193847346,15,late
15999,199,28,0.7988213591294948,0.4056831418683152,15,late
16000,0,0,0.2641518937142481,0.7655020419357164,16,interleaved
16001,1,0,0.7821260668240848,0.5630955714986408,16,interleaved
16002,2,0,0.9591993027848729,0.5370122417232013,16,interleaved
16003,3,0,0.8236129097464692,0.6363000806464393,16,interleaved
16004,4,1,0.1531469698253368,0.9733004883449419,16,interleaved
16005,5,0,0.845378996153482,0.5469214180667301,16,interleaved
16006,6,0,0.904090722939576,0.5140601731513639,16,interleaved
16007,7,2,0.35738667838623445,0.9816622516438689,16,interleaved
16008,8,0,0.7820896062855849,0.6129585095088492,16,interleaved
16009,9,0,0.7033440232472746,0.6346309441881091,16,interleaved
16010,10,3,0.482431092888628,0.9640994005101851,16,interleaved
16011,11,4,0.8060480920319315,0.7465389500011794,16,interleaved
16012,12,0,0.9183713565337601,0.6248283357669882,16,interleaved
16013,13,0,0.5607851362293216,0.6243100241956259,16,interleaved
16014,14,0,0.32869498121918056,0.6245779847735919,16,interleaved
16015,15,0,0.8190246581937106,0.621766438791396,16,interleaved
16016,16,0,0.8519453190068413,0.6273928486510536,16,interleaved
16017,17,0,0.2961099607226459,0.6100340972224456,16,interleaved
16018,18,0,0.6920969007252564,0.6658546509998304,16,interleaved
16019,19,0,0.6592158272922662,0.5975914222128621,16,interleaved
16020,20,0,0.828326898285089,0.586944647494054,16,interleaved
16021,21,0,0.5910750452116644,0.5865510566362191,16,interleaved
16022,22,0,0.8094083871469442,0.4884503222290528,16,interleaved
16023,23,0,0.7303592043587804,0.5058541183957469,16,interleaved
16024,24,0,0.8889919053764377,0.4332786145070219,16,interleaved
16025,25,0,0.8560455594318811,0.36326539712302824,16,interleaved
16026,26,0,0.40487841612709125,0.7501079929801011,16,interleaved
16027,27,0,0.5714819438159305,0.5102352874681442,16,interleaved
16028,28,0,0.8151773867752793,0.5485616174585013,16,interleaved
16029,29,0,0.2047779771615913,0.6798376579587823,16,interleaved
16030,30,0,0.25841939724312674,0.6853261619050284,16,interleaved
16031,31,0,0.25843541529228914,0.6864010692788547,16,interleaved
16032,32,0,0.9056014973943429,0.48924963958338663,16,interleaved
16033,33,0,0.28434488459858787,0.6417170452447235,16,interleaved
16034,34,0,0.7941003842774446,0.3885054806236429,16,interleaved
16035,35,0,0.37199781087866074,0.5921996149261162,16,interleaved
16036,36,0,0.23218260251016248,0.42782064316628354,16,interleaved
16037,37,0,0.5947910781066319,0.4705833937711018,16,interleaved
16038,38,0,0.2360598598793366,0.7713491514419242,16,interleaved
16039,39,0,0.6337806003087325,0.4690652730928651,16,interleaved
16040,40,0,0.6560390072866715,0.47950763154088794,16,interleaved
16041,41,0,0.6141343699300814,0.5307892155171856,16,interleaved
16042,42,0,0.6660971967250482,0.43601406580224694,16,interleaved
16043,43,0,0.30030297062621486,0.5320058136244445,16,interleaved
16044,44,0,0.25073671912309975,0.6036205739495821,16,interleaved
16045,45,0,0.24671479290659382,0.5565655038575026,16,interleaved
16046,46,0,0.3493348934523012,0.4653200017290007,16,interleaved
16047,47,0,0.7245063799475913,0.4714069699188256,16,interleaved
16048,48,0,0.46782448703264984,0.6037792080885711,16,interleaved
16049,49,0,0.25437066125293256,0.49522004953967014,16,interleaved
16050,50,0,0.39499752150129075,0.5414324423257788,16,interleaved
16051,51,0,0.40039223420700654,0.5110147922605539,16,interleaved
16052,52,0,0.3809771603489662,0.5955046434732225,16,interleaved
16053,53,0,0.48104733063550315,0.5658904025574407,16,interleaved
16054,54,0,0.5951664388008813,0.5371942562132439,16,interleaved
16055,55,0,0.5860828764259648,0.6254174383592466,16,interleaved
16056,56,0,0.5736852443630633,0.4615034650512245,16,interleaved
16057,57,0,0.45111708704954234,0.5897829616461714,16,interleaved
16058,58,0,0.5293247241288701,0.531574737066991,16,interleaved
16059,59,0,0.5745481842753214,0.46704735442583406,16,interleaved
16060,60,0,0.5839835611910645,0.4940560297274016,16,interleaved
16061,61,0,0.3438227819520303,0.5146108029681794,16,interleaved
16062,62,0,0.5791787124401873,0.4377317216840897,16,interleaved
16063,63,0,0.6471550249152493,0.42142418208611,16,interleaved
16064,64,0,0.34870289951101285,0.4570784793635797,16,interleaved
16065,65,0,0.5710976864022286,0.4143542238846673,16,interleaved
16066,66,0,0.4531687271692577,0.42069533983433,16,interleaved
16067,67,0,0.3740563082352304,0.5047053481604638,16,interleaved
16068,68,0,0.3590559646315339,0.6924381302938736,16,interleaved
16069,69,0,0.6702284398769988,0.3747574511132098,16,interleaved
16070,70,0,0.5379426885383534,0.3711560586256134,16,interleaved
16071,71,0,0.6017948198560679,0.41564806387690945,16,interleaved
16072,72,0,0.3169940352254498,0.5460203333150577,16,interleaved
16073,73,0,0.4949508364715006,0.4885802734850873,16,interleaved
16074,74,0,0.40636403125028053,0.5210427162913214,16,interleaved
16075,75,0,0.35151629051712724,0.4127043864872567,16,interleaved
16076,76,0,0.42636078480806683,0.44918776245630476,16,interleaved
16077,77,0,0.4634415097622563,0.4554961434611358,16,interleaved
16078,78,0,0.378962679233787,0.4207802750768561,16,interleaved
16079,79,0,0.45426666056081033,0.5245499327126278,16,interleaved
16080,80,0,0.6505513468367617,0.3935251509738934,16,interleaved
16081,81,0,0.13811208142186518,0.6033433563864539,16,interleaved
16082,82,0,0.5439547433807932,0.5493034337449598,16,interleaved
16083,83,0,0.45648755896285725,0.5439438667722347,16,interleaved
16084,84,0,0.5085802445711088,0.6437771650822847,16,interleaved
16085,85,0,0.5296981174243297,0.48850736540258966,16,interleaved
16086,86,0,0.5738706085171714,0.5878859706667882,16,interleaved
16087,87,0,0.512953646072654,0.5363680699369351,16,interleaved
16088,88,0,0.3759297893083492,0.6791844951592523,16,interleaved
16089,89,0,0.8703930612970847,0.5233097308340303,16,interleaved
16090,90,0,0.40176682803445474,0.628567137124141,16,interleaved
16091,91,0,0.3003846804089436,0.5677462097844392,16,interleaved
16092,92,0,0.369353654363739,0.5012766785075747,16,interleaved
16093,93,0,0.39600702210733596,0.5998975872547918,16,interleaved
16094,94,0,0.7755344032025031,0.41662717715514197,16,interleaved
16095,95,0,0.5486220968899047,0.5016576864499965,16,interleaved
16096,96,0,0.34973606352024583,0.45686483510269627,16,interleaved
16097,97,0,0.25622977019544113,0.424453886837694,16,interleaved
16098,98,0,0.3031845872322415,0.5256360842326062,16,interleaved
16099,99,0,0.6108970998482934,0.36284343683732306,16,interleaved
16100,100,0,0.43515841325818305,0.5681079594530467,16,interleaved
16101,101,0,0.4083599050196204,0.40435727201060045,16,interleaved
16102,102,0,0.3336901270982183,0.46966708751239683,16,interleaved
16103,103,0,0.23242215901266208,0.6517981823841676,16,interleaved
16104,104,0,0.5907283489794843,0.46204861416796816,16,interleaved
16105,105,0,0.4481506208882181,0.5360904205228516,16,interleaved
16106,106,0,0.6557894310609984,0.4210583736716439,16,interleaved
16107,107,0,0.6084028542330845,0.5089130333095601,16,interleaved
16108,108,0,0.47728003051458723,0.533402785230606,16,interleaved
16109,109,0,0.2752497687132842,0.47616461334787674,16,interleaved
16110,110,0,0.6539406560006735,0.5622523959095683,16,interleaved
16111,111,0,0.32202262530431325,0.42935570472626405,16,interleaved
16112,112,0,0.33434021134821434,0.3688903379291967,16,interleaved
16113,113,0,0.4268391794842047,0.6233223226600697,16,interleaved
16114,114,0,0.25591143281349,0.567204901373604,16,interleaved
16115,115,0,0.5571920158487427,0.5368819489529261,16,interleaved
16116,116,0,0.28328056689517567,0.464666305681913,16,interleaved
16117,117,0,0.7093518925598892,0.5269687738090537,16,interleaved
16118,118,0,0.6131516119751388,0.5166761418123322,16,interleaved
16119,119,0,0.5203921686784299,0.49168534344739884,16,interleaved
16120,120,0,0.730672405091813,0.5033640897938149,16,interleaved
16121,121,0,0.24959401089344485,0.5534648323156335,16,interleaved
16122,122,0,0.3207282322687322,0.5722211484926124,16,interleaved
16123,123,0,0.421019051838568,0.43846060012886523,16,interleaved
16124,124,0,0.291298387515052,0.3253181043803044,16,interleaved
16125,125,0,0.4983849903609998,0.5892134837674741,16,interleaved
16126,126,0,0.4388828364465833,0.4891873403701681,16,interleaved
16127,127,0,0.4881112286280925,0.42944691073738783,16,interleaved
16128,128,0,0.7193801093511327,0.44501181218200747,16,interleaved
16129,129,0,0.46117296330123564,0.7292324312039855,16,interleaved
16130,130,0,0.4398150918574401,0.4871292639212976,16,interleaved
16131,131,0,0.7049833254165792,0.4409590829254797,16,interleaved
16132,132,0,0.5228447754579137,0.47773650998944595,16,interleaved
16133,133,0,0.3782366254143775,0.4915472980697283,16,interleaved
16134,134,0,0.5912120077335145,0.3544508076499731,16,interleaved
16135,135,0,0.2902164566173904,0.6115229954010443,16,interleaved
16136,136,0,0.5590396328543512,0.5534405043254557,16,interleaved
16137,137,0,0.4940647712912788,0.4381372083968622,16,interleaved
16138,138,0,0.7120243035421951,0.46473529615735765,16,interleaved
16139,139,0,0.425048193214003,0.5170038334650799,16,interleaved
16140,140,0,0.4396038823998148,0.6151298973806538,16,interleaved
16141,141,0,0.48693664423714356,0.4724541867247598,16,interleaved
16142,142,0,0.789569377958436,0.4268495400397011,16,interleaved
16143,143,0,0.47093128216140967,0.4113061189809761,16,interleaved
16144,144,0,0.6148336711703251,0.4163234550278736,16,interleaved
16145,145,0,0.3406186424852585,0.43176649005465784,16,interleaved
16146,146,0,0.4953174194882038,0.4448827634175505,16,interleaved
16147,147,0,0.6760351203298947,0.4082332098606258,16,interleaved
16148,148,0,0.6654470949969264,0.553202363332417,16,interleaved
16149,149,0,0.49087829713687303,0.5669416139871032,16,interleaved
16150,150,0,0.45372322901942896,0.4954818254412454,16,interleaved
16151,151,0,0.3965483710180524,0.4795374345148914,16,interleaved
16152,152,0,0.5914180820914796,0.3326559003228734,16,interleaved
16153,153,0,0.48687428751539513,0.6154803319368215,16,interleaved
16154,154,0,0.5201633359505704,0.4153254351731097,16,interleaved
16155,155,0,0.7502720488619381,0.4940106341434131,16,interleaved
16156,156,0,0.4142390552654673,0.535747655802737,16,interleaved
16157,157,0,0.4818373614044591,0.6081825911650236,16,interleaved
16158,158,0,0.3762195255911148,0.45393104060881645,16,interleaved
16159,159,0,0.5828408489370512,0.43201863285500297,16,interleaved
16160,160,0,0.5736222935396686,0.45029699929401334,16,interleaved
16161,161,0,0.6127147246279824,0.5165410698770262,16,interleaved
16162,162,0,0.5593042119987448,0.46097944460093543,16,interleaved
16163,163,0,0.7755074019899304,0.4831942914557307,16,interleaved
16164,164,0,0.6049601387286297,0.3326003710968261,16,interleaved
16165,165,0,0.13185871217521844,0.47822249299859554,16,interleaved
16166,166,0,0.6166579101535259,0.4531036112989382,16,interleaved
16167,167,0,0.3093552592324087,0.5473432766839746,16,interleaved
16168,168,0,0.376523086892836,0.5253880534487227,16,interleaved
16169,169,0,0.6422873202500544,0.5462329995692771,16,interleaved
16170,170,0,0.562097535879627,0.566296344503934,16,interleaved
16171,171,0,0.5778605374828869,0.4254042513840313,16,interleaved
16172,172,0,0.39886847013309445,0.4475950469759394,16,interleaved
16173,173,0,0.3901126032920439,0.42290281483081515,16,interleaved
16174,174,0,0.5774533856478465,0.4182361026034737,16,interleaved
16175,175,0,0.6748062938532112,0.42574882027661903,16,interleaved
16176,176,0,0.7706800801478255,0.39833653630575677,16,interleaved
16177,177,0,0.7721841641703396,0.3908061638365347,16,interleaved
16178,178,0,0.528548757687245,0.34275100396378194,16,interleaved
16179,179,0,0.6599492173053179,0.5660003764541548,16,interleaved
16180,180,0,0.6288963237508389,0.5771207721591041,16,interleaved
16181,181,0,0.5170625817976559,0.4299162667148423,16,interleaved
16182,182,0,0.32906534253613073,0.44600310768074397,16,interleaved
16183,183,0,0.40370546170713834,0.4024956602548744,16,interleaved
16184,184,0,0.6521052320933245,0.603867929442917,16,interleaved
16185,185,0,0.4668073314586434,0.39884721555833824,16,interleaved
16186,186,0,0.5463431734317952,0.5696244060981053,16,interleaved
16187,187,0,0.7083493960618461,0.4113380257232086,16,interleaved
16188,188,0,0.5772977317819941,0.5160280525630102,16,interleaved
16189,189,0,0.5708199884330416,0.4154374523620154,16,interleaved
16190,190,0,0.8010290955639374,0.4505169897231216,16,interleaved
16191,191,0,0.09988780469451083,0.5522389690798608,16,interleaved
16192,192,0,0.5845359274802657,0.5711757048447907,16,interleaved
16193,193,0,0.5471391779684489,0.5608355843135391,16,interleaved
16194,194,0,0.47562631561164925,0.5140102024747436,16,interleaved
16195,195,0,0.3255614857062594,0.482227335183962,16,interleaved
16196,196,0,0.623185660871266,0.5493222642635067,16,interleaved
16197,197,0,0.8024415147325668,0.3599046018340829,16,interleaved
16198,198,0,0.6166953713857766,0.5143639126627293,16,interleaved
16199,199,0,0.7404714751377934,0.4214741148562843,16,interleaved
16200,0,0,0.563269007544595,0.70282432980485,16,blocked
16201,1,1,0.53968028392703,0.8500159021252991,16,blocked
16202,2,2,0.509850813626434,0.7810381369892003,16,blocked
16203,3,3,0.458653565237755,0.800423593188186,16,blocked
16204,4,4,0.5658570587579748,0.8432535994059055,16,blocked
16205,5,0,0.2648961886160919,0.6362920443806497,16,blocked
16206,6,0,0.6071869920564275,0.6724979276177692,16,blocked
16207,7,0,0.5539318338580765,0.7056069696668998,16,blocked
16208,8,0,0.5427073574013745,0.6111276401164815,16,blocked
16209,9,0,0.20748823224100704,0.5350179483926399,16,blocked
16210,10,0,0.6077203250887022,0.573377649659056,16,blocked
16211,11,0,0.40448618467209,0.6586100987421998,16,blocked
16212,12,5,0.48278421788286013,0.9795687412034166,16,blocked
16213,13,6,0.4565273019877594,0.5861670280490474,16,blocked
16214,14,7,0.4301193872610388,0.7590473444027872,16,blocked
16215,15,0,0.7429184853607176,0.6030896758157552,16,blocked
16216,16,8,0.9339366295219186,1.2582413252909164,16,blocked
16217,17,9,0.6026136308411254,0.995910041247259,16,blocked
16218,18,2,0.5032465063471487,0.6046016587600012,16,blocked
16219,19,0,0.3641374848930647,0.659791268650392,16,blocked
16220,20,0,0.7656278628395985,0.575488943201474,16,blocked
16221,21,2,0.504592761935124,0.48867763720196933,16,blocked
16222,22,0,0.49344276073256804,0.7460340217802028,16,blocked
16223,23,10,0.41403010103091353,0.8415434338837138,16,blocked
16224,24,10,0.41316457826082703,0.7435983210595409,16,blocked
16225,25,10,0.6093725545608167,0.5645610019370396,16,blocked
16226,26,10,0.34859609946947795,0.5820311729930089,16,blocked
16227,27,10,0.5928958801009319,0.4647184622792706,16,blocked
16228,28,0,0.49552177923759105,0.6499906782114278,16,blocked
16229,29,0,0.5723692461521711,0.5730377952087478,16,blocked
16230,30,10,0.4008661948530319,0.7943775301173626,16,blocked
16231,31,10,0.6710981916470089,0.40415050452801593,16,blocked
16232,32,0,0.8435917328084563,0.5234167394749185,16,blocked
16233,33,0,0.7510483269754371,0.5853357904470955,16,blocked
16234,34,0,0.19705307608811298,0.5276834336016991,16,blocked
16235,35,0,0.1838394590485536,0.660780643493957,16,blocked
16236,36,0,0.6856840896242925,0.6134155140106642,16,blocked
16237,37,10,0.18717117267672823,0.6588080611542464,16,blocked
16238,38,10,0.2661537368348011,0.5670393097081268,16,blocked
16239,39,0,0.49369915930893227,0.6902186282291524,16,blocked
16240,40,0,0.05382242952101393,0.6567503784668431,16,blocked
16241,41,10,0.627436045985119,0.5430025276701913,16,blocked
16242,42,10,0.2185481775884791,0.5666920512839109,16,blocked
16243,43,10,0.28158490048502693,0.5801124703095917,16,blocked
16244,44,0,0.01680792632893723,0.641667777040571,16,blocked
16245,45,0,0.8749107593250659,0.5700456053958362,16,blocked
16246,46,0,0.0466397459362812,0.6952013646724169,16,blocked
16247,47,0,0.11235646651723319,0.6114061915049562,16,blocked
16248,48,10,0.9609675685903305,0.6821939642804691,16,blocked
16249,49,10,0.9278507740419961,0.5722134800715737,16,blocked
16250,50,0,0.23978226657133375,0.6059773849847212,16,blocked
16251,51,0,0.961075218662311,0.6267491348464322,16,blocked
16252,52,10,0.3238018424629441,0.610398219388266,16,blocked
16253,53,0,0.32787213177160673,0.633966044765174,16,blocked
16254,54,0,0.1389741538104435,0.6113924876403887,16,blocked
16255,55,0,0.8857213536279701,0.5320001650942328,16,blocked
16256,56,0,0.8462224198571389,0.4859575745456226,16,blocked
16257,57,10,0.4023135753042928,0.5791966810537207,16,blocked
16258,58,10,0.30187979924492453,0.7210084878902188,16,blocked
16259,59,0,0.27205616623770434,0.5098916636150874,16,blocked
16260,60,0,0.5256225433910278,0.7359151337918557,16,blocked
16261,61,10,0.34089480857749477,0.41496548474253575,16,blocked
16262,62,0,0.8614716559602187,0.621897110127295,16,blocked
16263,63,0,0.747328058574762,0.42415381349758857,16,blocked
16264,64,0,0.3569165770188835,0.51324715723033,16,blocked
16265,65,0,0.9096942611651941,0.5719550530218815,16,blocked
16266,66,0,0.3561073437937936,0.5688448222350382,16,blocked
16267,67,0,0.4276755039075555,0.5531718912176163,16,blocked
16268,68,1,0.0031834118246969662,0.6446627337633066,16,blocked
16269,69,0,0.9096673833389153,0.5369714894785245,16,blocked
16270,70,10,0.3391855566200618,0.6115291973338278,16,blocked
16271,71,0,0.748263612847568,0.48642288679526524,16,blocked
16272,72,0,0.3775667499133103,0.6675761898064118,16,blocked
16273,73,0,0.9263009855454477,0.6142645565459784,16,blocked
16274,74,10,0.16392748382097344,0.6387546826028576,16,blocked
16275,75,10,0.6366334671011835,0.4235168665506802,16,blocked
16276,76,0,0.9021918063681398,0.47441547892253694,16,blocked
16277,77,0,0.4175755455709009,0.5304821702662863,16,blocked
16278,78,0,0.9199542413811875,0.49687893067922534,16,blocked
16279,79,0,0.2917604454961591,0.5319017882627908,16,blocked
16280,80,0,0.6900286201807154,0.6158066143249437,16,blocked
16281,81,0,0.6687848202040461,0.41442876872171036,16,blocked
16282,82,10,0.6578956400203868,0.615849602314727,16,blocked
16283,83,0,0.5400857818423844,0.44574856407709407,16,blocked
16284,84,0,0.524900685453402,0.5708843986147016,16,blocked
16285,85,0,0.4036087848343468,0.49750010996520005,16,blocked
16286,86,10,0.48393684306105456,0.46880864808923783,16,blocked
16287,87,10,0.13289661932326166,0.47158116664534405,16,blocked
16288,88,0,0.32266928728297917,0.36651881970022504,16,blocked
16289,89,0,0.4882744684893782,0.46012730191675943,16,blocked
16290,90,10,0.378837478601245,0.4475171477246027,16,blocked
16291,91,0,0.6195920078896044,0.514299731401296,16,blocked
16292,92,0,0.6014855064012752,0.4585194575786262,16,blocked
16293,93,0,0.6461268402485028,0.42544585389028033,16,blocked
16294,94,0,0.5781236325672594,0.4742990770774065,16,blocked
16295,95,0,0.4975199900117395,0.5784525044640648,16,blocked
16296,96,0,0.6126005336229738,0.5613329769323174,16,blocked
16297,97,10,0.40852575789504253,0.5900061334235307,16,blocked
16298,98,0,0.48123315301588065,0.5956325161115602,16,blocked
16299,99,0,0.26916742087096757,0.7189252781726126,16,blocked
16300,100,0,0.4165928497772709,0.4424438267259063,16,blocked
16301,101,0,0.46150490162317026,0.5799357319127625,16,blocked
16302,102,0,0.4342617856394132,0.4348538411429049,16,blocked
16303,103,0,0.4513480569665226,0.40172848941539874,16,blocked
16304,104,0,0.32184632693411674,0.438357365223104,16,blocked
16305,105,10,0.876643240834385,0.5964774541040665,16,blocked
16306,106,0,0.22995469663490065,0.551076190237796,16,blocked
16307,107,0,0.5629991919810369,0.5518632204423025,16,blocked
16308,108,10,0.8119419884834851,0.5186396641511243,16,blocked
16309,109,10,0.8009145418570154,0.4176435893655436,16,blocked
16310,110,0,0.3070285572178294,0.4401978984819821,16,blocked
16311,111,0,0.6741098975230051,0.44472722027769546,16,blocked
16312,112,0,0.5524786677902338,0.40484124819888667,16,blocked
16313,113,0,0.539139562027509,0.584479313451189,16,blocked
16314,114,0,0.48146595450096974,0.4695576320104402,16,blocked
16315,115,0,0.3378949382054933,0.504573215449205,16,blocked
16316,116,0,0.41284277404772796,0.42320614388310107,16,blocked
16317,117,0,0.3666311687913507,0.689359893381185,16,blocked
16318,118,10,0.8506026646283267,0.30048011104669897,16,blocked
16319,119,0,0.3895801223894731,0.47709403713303133,16,blocked
16320,120,0,0.7565149576869061,0.5020000968613925,16,blocked
16321,121,0,0.41940724230505777,0.49366064751884564,16,blocked
16322,122,10,0.8404787051416642,0.5111979392453334,16,blocked
16323,123,0,0.5226862732379683,0.4505314569312255,16,blocked
16324,124,0,0.8895818191565215,0.5664394805565085,16,blocked
16325,125,0,0.3023503554569872,0.4223243231199035,16,blocked
16326,126,0,0.8809713972114624,0.39059856891103395,16,blocked
16327,127,0,0.8182624118981394,0.44027231822342533,16,blocked
16328,128,10,0.3002573310147756,0.513020013099758,16,blocked
16329,129,0,0.39676810081548225,0.49105023366563666,16,blocked
16330,130,0,0.9525797545894492,0.411192527639762,16,blocked
16331,131,0,0.6899762607236486,0.4610568480876477,16,blocked
16332,132,10,0.550978389650839,0.6051030511106169,16,blocked
16333,133,10,0.5275840423161441,0.3683449013647654,16,blocked
16334,134,0,0.4072424010497864,0.4868009278380866,16,blocked
16335,135,0,0.6416062087754024,0.42419050533494984,16,blocked
16336,136,0,0.5901705059218341,0.5030158351669058,16,blocked
16337,137,0,0.7279599054859957,0.4962303351686217,16,blocked
16338,138,0,0.6752697508814266,0.5523550974053363,16,blocked
16339,139,0,0.47669240212549036,0.5402168000809184,16,blocked
16340,140,0,0.7702623034480119,0.3114380921066845,16,blocked
16341,141,0,0.8849620755555685,0.5581385854838681,16,blocked
16342,142,0,0.27975792432196933,0.6125666675749708,16,blocked
16343,143,0,0.6864035122291929,0.5495956639508226,16,blocked
16344,144,0,0.32716577738392977,0.3994923863776271,16,blocked
16345,145,0,0.41618018957367553,0.44988922059908765,16,blocked
16346,146,0,0.5340577910795614,0.5193494932667584,16,blocked
16347,147,2,0.45249429922806317,0.6662276895149722,16,blocked
16348,148,0,0.6942104990773232,0.3824889799777309,16,blocked
16349,149,0,0.7867960211445687,0.5747466946478215,16,blocked
16350,150,0,0.7845492593456316,0.42775167195102826,16,blocked
16351,151,0,0.562007865030073,0.41860603439168326,16,blocked
16352,152,0,0.7428670168379319,0.41276290575033225,16,blocked
16353,153,0,0.44265074937088733,0.5576829325712547,16,blocked
16354,154,0,0.6257176771164032,0.3093978615820775,16,blocked
16355,155,0,0.7420064787439796,0.5276182430989271,16,blocked
16356,156,0,0.6795744289735098,0.3380593447299214,16,blocked
16357,157,0,0.5895142809102669,0.5801713212630429,16,blocked
16358,158,0,0.7644605131520094,0.49805270489229736,16,blocked
16359,159,0,0.36687211750396626,0.5470665389228659,16,blocked
16360,160,0,0.7389560109102039,0.43409487097312294,16,blocked
16361,161,0,0.22892229280116794,0.5092298085310358,16,blocked
16362,162,0,0.5643227780847321,0.5149174053772881,16,blocked
16363,163,0,0.6603231462516699,0.3665629620787685,16,blocked
16364,164,0,0.779659444269957,0.41234313692657715,16,blocked
16365,165,0,0.6069598861775369,0.34858680381674834,16,blocked
16366,166,0,0.7766103626558913,0.44712478520143883,16,blocked
16367,167,0,0.7077120962162001,0.4370021918964,16,blocked
16368,168,0,0.6900509733249841,0.6149355978375339,16,blocked
16369,169,0,0.6034983797810138,0.5407956991904811,16,blocked
16370,170,0,0.6283850837015865,0.42876839829657337,16,blocked
16371,171,0,0.6101112378238571,0.4099936753776055,16,blocked
16372,172,0,0.5952406681284717,0.43288870694941894,16,blocked
16373,173,0,0.7952353114155082,0.41161065798650476,16,blocked
16374,174,0,0.8179860871930715,0.44991365626612245,16,blocked
16375,175,0,0.23350508060999797,0.4063228791224234,16,blocked
16376,176,0,0.7652323948438168,0.43318173503186186,16,blocked
16377,177,10,0.06008190984961472,0.558493422973468,16,blocked
16378,178,0,0.6768720102623309,0.28400806454468575,16,blocked
16379,179,0,0.19689565984677354,0.5019595690207292,16,blocked
16380,180,0,0.525780776000607,0.5111601344817612,16,blocked
16381,181,0,0.24400651276271776,0.46127207046978874,16,blocked
16382,182,0,0.7685350533396089,0.43548337240899554,16,blocked
16383,183,0,0.5894626097735347,0.38086683158258505,16,blocked
16384,184,0,0.6774597277905421,0.530493230972091,16,blocked
16385,185,0,0.6494294271274055,0.3684370349223084,16,blocked
16386,186,0,0.6228054577885707,0.39173653240371786,16,blocked
16387,187,0,0.37905419852085376,0.4911020366992317,16,blocked
16388,188,0,0.6516554900297673,0.38766283426841586,16,blocked
16389,189,0,0.7135775846170114,0.4776499474411735,16,blocked
16390,190,0,0.5482587821410619,0.427829773073982,16,blocked
16391,191,0,0.453749997059798,0.43555548939184374,16,blocked
16392,192,0,0.07545715904491257,0.5651404893681553,16,blocked
16393,193,0,0.37257018653063617,0.4071972196653256,16,blocked
16394,194,0,0.7592635516882276,0.38246968224610767,16,blocked
16395,195,0,0.28625922714677904,0.5741519958159342,16,blocked
16396,196,0,0.28104005399843707,0.43662572646740627,16,blocked
16397,197,0,0.544808150224345,0.5790509587812913,16,blocked
16398,198,0,0.19784745618111843,0.5084888650018808,16,blocked
16399,199,0,0.32643667885263833,0.32350026023026746,16,blocked
16400,0,0,0.3712027282817209,0.5919440459198307,16,early
16401,1,1,0.35941916735864404,0.8359959758574371,16,early
16402,2,0,0.3907480929697396,0.547327675796812,16,early
16403,3,2,0.6294649870487337,0.8689489092334899,16,early
16404,4,3,0.5104937924146066,0.7179210250563014,16,early
16405,5,0,0.623607325614531,0.5246388609926875,16,early
16406,6,4,0.05623864587155386,0.9409925248023068,16,early
16407,7,5,0.9392524275436833,0.8338461456988584,16,early
16408,8,6,0.5934597353941463,0.7519973683693958,16,early
16409,9,0,0.38085768957714117,0.44940190057126206,16,early
16410,10,3,0.37924986561925855,0.7030029655676042,16,early
16411,11,6,0.13745095814820532,0.7323204361916047,16,early
16412,12,6,0.577793576690782,0.6244660756197,16,early
16413,13,6,0.41497804807229566,0.7126323357408763,16,early
16414,14,6,0.40599896121797574,0.7374742551156735,16,early
16415,15,6,0.33246793632825683,0.7529644197382132,16,early
16416,16,7,0.52707604105458,0.9439814218027347,16,early
16417,17,7,0.4496574671867848,0.6283038639718912,16,early
16418,18,0,0.5824271602872115,0.6335949599485473,16,early
16419,19,6,0.3310959461589129,0.5822577737065822,16,early
16420,20,0,0.39401958315472574,0.565535434377551,16,early
16421,21,8,0.5000827796418796,0.9958737316917996,16,early
16422,22,9,0.4644447596925671,0.9931841373586313,16,early
16423,23,10,0.36945627028678274,0.7445465278583221,16,early
16424,24,11,0.1922823202639175,1.1133270855984345,16,early
16425,25,7,0.7200268943485927,0.8044267170578407,16,early
16426,26,0,0.5911954525720665,0.6558099819220904,16,early
16427,27,11,0.8302302541641325,0.7074862343470646,16,early
16428,28,6,0.7782335219475043,0.7250222210977724,16,early
16429,29,3,0.5178341596158277,0.5474094583807223,16,early
16430,30,3,0.5089288505694131,0.5413107080487812,16,early
16431,31,0,0.1295236583408136,0.6960473511349792,16,early
16432,32,0,0.6115976854546138,0.5509946042602337,16,early
16433,33,0,0.637341471310779,0.4813955678649262,16,early
16434,34,0,0.6283109362015449,0.594635317695084,16,early
16435,35,0,0.35893183383164506,0.7935248804380234,16,early
16436,36,11,0.16579659453462622,0.7384227502102346,16,early
16437,37,12,0.17354108919024766,1.183767897325683,16,early
16438,38,13,0.3450022750501312,0.746230363441984,16,early
16439,39,0,0.5749154179939359,0.6433844155088673,16,early
16440,40,0,0.1305280622672139,0.6349116978164737,16,early
16441,41,0,0.8614884484600458,0.5643218421514947,16,early
16442,42,14,0.39398191637515106,0.8638756033554029,16,early
16443,43,15,0.1759478532284891,0.8945161440111382,16,early
16444,44,0,0.25801199937531455,0.6931805620584618,16,early
16445,45,13,0.0016733657632374541,0.7960000149863093,16,early
16446,46,13,0.9895334984316911,0.6244781430482762,16,early
16447,47,11,0.7134143696868747,0.6259038257992271,16,early
16448,48,0,0.6782533448469444,0.5850567717416464,16,early
16449,49,0,0.875556593157644,0.5870673834847144,16,early
16450,50,0,0.8644280735455178,0.31658264707292094,16,early
16451,51,0,0.18765187539150757,0.7779694535767283,16,early
16452,52,0,0.142698391319772,0.6117592799919671,16,early
16453,53,0,0.2139136884945841,0.6539737697535973,16,early
16454,54,0,0.17195482740015502,0.654832083743649,16,early
16455,55,0,0.23359313853852154,0.7220978581495406,16,early
16456,56,0,0.21141943582881395,0.5750536556063293,16,early
16457,57,0,0.7482969069700234,0.46887954011326927,16,early
16458,58,0,0.21970470401527475,0.5115672094661793,16,early
16459,59,0,0.8418011260377032,0.5925368407016313,16,early
16460,60,0,0.6608001314271996,0.6196654425121346,16,early
16461,61,0,0.758742370159522,0.5311894876711514,16,early
16462,62,0,0.16139125618206912,0.5500961788070498,16,early
16463,63,0,0.8387441375198794,0.5752488265135989,16,early
16464,64,0,0.237796333746805,0.47538557172266505,16,early
16465,65,0,0.7634716546355168,0.3983543644677632,16,early
16466,66,0,0.2864413453535395,0.5752596318950722,16,early
16467,67,0,0.6815303679271538,0.5418583329660858,16,early
16468,68,0,0.19793326730183913,0.5974104290310522,16,early
16469,69,0,0.2890947644137831,0.5161068531610551,16,early
16470,70,0,0.3152167701552224,0.4660104219770462,16,early
16471,71,0,0.24377341640299807,0.6187926417470384,16,early
16472,72,0,0.7875929429996797,0.6234149753634919,16,early
16473,73,0,0.41211498619119236,0.664404890085101,16,early
16474,74,0,0.5776917657032717,0.5623263100827872,16,early
16475,75,0,0.3271105417342511,0.6065463988275602,16,early
16476,76,0,0.544372377640914,0.38286886688818766,16,early
16477,77,0,0.32578156361273924,0.37269782219835745,16,early
16478,78,0,0.5825541499855292,0.428649003352243,16,early
16479,79,0,0.3976172000797966,0.4056671900914157,16,early
16480,80,0,0.4800707276527881,0.4998002309851781,16,early
16481,81,0,0.49381120541275686,0.5399623194549171,16,early
16482,82,0,0.43862890523577314,0.6518738269388142,16,early
16483,83,0,0.6426252225465647,0.6058170007959205,16,early
16484,84,0,0.2737034115497645,0.5067653968294302,16,early
16485,85,0,0.6588219714964865,0.4414433859767991,16,early
16486,86,0,0.386981694628191,0.4960329147348005,16,early
16487,87,0,0.5538132883298746,0.5089718418565482,16,early
16488,88,0,0.6367685831663039,0.528518702181586,16,early
16489,89,0,0.4956732890619172,0.6038479555286496,16,early
16490,90,0,0.7029573811686561,0.45597087273846126,16,early
16491,91,0,0.5128286878487929,0.5215137305604803,16,early
16492,92,0,0.7169146783010685,0.5040530906400504,16,early
16493,93,0,0.620225029082212,0.4630768058602478,16,early
16494,94,0,0.8310479343445527,0.5980097106201002,16,early
16495,95,0,0.3319715814562264,0.3753873407262103,16,early
16496,96,0,0.1247051600633815,0.43198675867841285,16,early
16497,97,0,0.5351523131171527,0.4889669021083509,16,early
16498,98,0,0.4197430565922661,0.5384013762267725,16,early
16499,99,0,0.5446619678931457,0.5281096705735688,16,early
16500,100,0,0.5487215354242847,0.36713915091235905,16,early
16501,101,0,0.3775060523668003,0.4719480491073891,16,early
16502,102,0,0.8863855994988912,0.6870118691932005,16,early
16503,103,0,0.7295269205951833,0.4583731553865484,16,early
16504,104,0,0.20388208078526776,0.4967895633384339,16,early
16505,105,0,0.3773673031888874,0.4523721284000019,16,early
16506,106,0,0.6249778218300909,0.5440330715717655,16,early
16507,107,0,0.48052618330372154,0.5257311306994092,16,early
16508,108,0,0.6930765250208775,0.3331368541724931,16,early
16509,109,0,0.4761928920925811,0.4290076926678243,16,early
16510,110,0,0.71230758861702,0.5046078595397823,16,early
16511,111,0,0.4653233013741928,0.41505635872594016,16,early
16512,112,0,0.8487638364708308,0.46375547504725345,16,early
16513,113,0,0.5172673552375946,0.5889034967610751,16,early
16514,114,0,0.08914691991263092,0.4823959489664479,16,early
16515,115,0,0.39920914941919183,0.30225961337040697,16,early
16516,116,0,0.8187440808285376,0.3806068587653426,16,early
16517,117,0,0.5675820047820879,0.4543254026222572,16,early
16518,118,0,0.12695719130267613,0.4070756959690295,16,early
16519,119,0,0.41902122445353335,0.3800270067949684,16,early
16520,120,0,0.6075887686880103,0.4963157697357067,16,early
16521,121,0,0.4707334947984329,0.4753532858607959,16,early
16522,122,0,0.5465332369159552,0.5314203377007881,16,early
16523,123,0,0.5814565079001981,0.3438594304736635,16,early
16524,124,0,0.6869687429741056,0.34793835753194075,16,early
16525,125,0,0.7969087216610837,0.48845696961209484,16,early
16526,126,0,0.8799289517073525,0.46589418389246273,16,early
16527,127,0,0.3517995509245127,0.5521353147470677,16,early
16528,128,0,0.6277864932102393,0.4478660544646408,16,early
16529,129,0,0.4947716718985815,0.46834730291550486,16,early
16530,130,0,0.8643922358718825,0.39208423445875507,16,early
16531,131,0,0.26468875518742885,0.5764627681065411,16,early
16532,132,0,0.18183138618311906,0.4694052542330638,16,early
16533,133,0,0.3896492481667101,0.5656600309628348,16,early
16534,134,0,0.07773371595473547,0.4854943781773447,16,early
16535,135,0,0.40324969801583777,0.5371908958298165,16,early
16536,136,0,0.703608188843236,0.36804205362294623,16,early
16537,137,0,0.664580111867469,0.5070250827809336,16,early
16538,138,0,0.7981853779586239,0.4403596691053817,16,early
16539,139,0,0.48837507926145496,0.4955877849094711,16,early
16540,140,0,0.19411556393594814,0.4541355600704312,16,early
16541,141,0,0.4853871469552412,0.541272948347136,16,early
16542,142,0,0.23095903156597458,0.43036153047684733,16,early
16543,143,0,0.44248934008538426,0.41343353811891526,16,early
16544,144,0,0.19390135377776851,0.4580836515453843,16,early
16545,145,0,0.6745877983507198,0.652752058243036,16,early
16546,146,0,0.6059415300657283,0.3533702644809472,16,early
16547,147,0,0.295783861500967,0.5953544314522634,16,early
16548,148,0,0.797796344753521,0.5511168475155442,16,early
16549,149,0,0.4957522333952896,0.44270538539802406,16,early
16550,150,0,0.73488942634258,0.43724564696535895,16,early
16551,151,0,0.47922011506006157,0.31383390624621976,16,early
16552,152,0,0.21875354915491313,0.44944159417715535,16,early
16553,153,0,0.4446168234992872,0.4262078964955024,16,early
16554,154,0,0.36416005001557494,0.511654321905427,16,early
16555,155,0,0.3997348100663821,0.4105065657456599,16,early
16556,156,0,0.16484243248217662,0.4854007308785906,16,early
16557,157,0,0.4684958001203764,0.4820183717306866,16,early
16558,158,0,0.793363380782317,0.4388229317327653,16,early
16559,159,0,0.43805660458626494,0.6154768030362918,16,early
16560,160,0,0.48228561819402394,0.4751224111671694,16,early
16561,161,0,0.4964981924165543,0.38473392466996936,16,early
16562,162,0,0.2122920003943937,0.49318372153639944,16,early
16563,163,0,0.8014638449932666,0.4179591953294736,16,early
16564,164,0,0.5405689431734885,0.44231279769732923,16,early
16565,165,0,0.8501575485022584,0.49332921481065845,16,early
16566,166,0,0.28146131330017427,0.555983648880312,16,early
16567,167,0,0.27099630641286343,0.523760253456637,16,early
16568,168,0,0.7008189807415233,0.4633800158369433,16,early
16569,169,0,0.11534088125602687,0.5191852092383158,16,early
16570,170,0,0.5701693347317607,0.512161021393975,16,early
16571,171,0,0.1613804153603762,0.5282412474417605,16,early
16572,172,0,0.5596657058824916,0.43240276843614556,16,early
16573,173,0,0.6585446382489234,0.48337391158067305,16,early
16574,174,0,0.5022075370128165,0.4298814391053212,16,early
16575,175,0,0.3744167200242748,0.5532777493286012,16,early
16576,176,0,0.3320446418263839,0.5353664772933704,16,early
16577,177,0,0.22446896745794453,0.4779010958037988,16,early
16578,178,0,0.38272296887065205,0.516752449463838,16,early
16579,179,0,0.5360790451629737,0.44059872968330105,16,early
16580,180,0,0.3872054261109178,0.4374268757279446,16,early
16581,181,0,0.3645548308896952,0.4335998829882912,16,early
16582,182,0,0.24815562106628658,0.49899346483170814,16,early
16583,183,0,0.2577037600214734,0.44861320452922754,16,early
16584,184,0,0.7411062178282785,0.38803125084743934,16,early
16585,185,0,0.4639898922611927,0.46509217166246386,16,early
16586,186,0,0.5036951053633351,0.39055259082346555,16,early
16587,187,0,0.46507267429857413,0.468262931111601,16,early
16588,188,0,0.4997481690824829,0.5026303488198272,16,early
16589,189,0,0.4137941721841192,0.4247394308522582,16,early
16590,190,0,0.5626714297808673,0.4898763194321224,16,early
16591,191,0,0.5578364229399038,0.46094432717821676,16,early
16592,192,0,0.3977142274396738,0.5848409496684052,16,early
16593,193,0,0.47420603527550514,0.47713680616376875,16,early
16594,194,0,0.3294657905411963,0.3685272539876568,16,early
16595,195,0,0.556017718097767,0.49432135491688045,16,early
16596,196,0,0.7754575393832691,0.46836163986379886,16,early
16597,197,0,0.5541114867870147,0.4743876001172247,16,early
16598,198,0,0.479619118879491,0.3697617472665557,16,early
16599,199,0,0.6393178413326683,0.5834104646733198,16,early
16600,0,0,0.7735125194656893,0.5711723647098211,16,middle
16601,1,0,0.6477730574442544,0.7375448443072141,16,middle
16602,2,0,0.6689165778630048,0.5903663343989267,16,middle
16603,3,0,0.6585978840700512,0.4867688256082743,16,middle
16604,4,1,0.5147141450975489,1.1568316944922241,16,middle
16605,5,0,0.4958384035075195,0.5925530987721059,16,middle
16606,6,2,0.00046618509416839474,1.3279393554573415,16,middle
16607,7,0,0.5132847491416894,0.4193315393962682,16,middle
16608,8,0,0.3091352195165293,0.5541976297568354,16,middle
16609,9,0,0.5203665488023684,0.6255092382564154,16,middle
16610,10,0,0.3151911323121934,0.5916019592642452,16,middle
16611,11,0,0.6023131793159888,0.5744809787529532,16,middle
16612,12,0,0.3888008432140879,0.5981654801483791,16,middle
16613,13,3,0.46518945870814815,0.748214314926752,16,middle
16614,14,0,0.4004808770217384,0.509522154018159,16,middle
16615,15,0,0.4757866038247614,0.47872711257933254,16,middle
16616,16,0,0.5735490899616758,0.4120041698098273,16,middle
16617,17,0,0.3673694415622044,0.5653036120387482,16,middle
16618,18,0,0.2584617903199047,0.47058167854616473,16,middle
16619,19,0,0.47576080333607595,0.5066710925412226,16,middle
16620,20,0,0.5968003683415667,0.5600498712040487,16,middle
16621,21,0,0.5811705534770283,0.4971558464246437,16,middle
16622,22,4,0.8444408893157216,1.2667344965704745,16,middle
16623,23,0,0.4130828527096743,0.4991387508650537,16,middle
16624,24,0,0.3679063409000589,0.43209357905964085,16,middle
16625,25,0,0.5437543530933003,0.4980405222260721,16,middle
16626,26,0,0.6829295094850658,0.5091238741132572,16,middle
16627,27,0,0.515837828832235,0.3992567954619618,16,middle
16628,28,0,0.5782141777462572,0.5059956378293727,16,middle
16629,29,0,0.42696941297177693,0.6473333842638314,16,middle
16630,30,0,0.7555988192466422,0.39988762441938397,16,middle
16631,31,0,0.3912468162578274,0.5567027231455712,16,middle
16632,32,0,0.6299280149375743,0.35858712131484705,16,middle
16633,33,0,0.8316937268139958,0.45425814632767847,16,middle
16634,34,0,0.8393727714633195,0.5690310171480123,16,middle
16635,35,0,0.29228056913919703,0.5172522666265882,16,middle
16636,36,0,0.5710421990011258,0.38849060487793924,16,middle
16637,37,0,0.728730655258699,0.3388095659377246,16,middle
16638,38,0,0.6229851925934312,0.5293315380511856,16,middle
16639,39,0,0.406021298798221,0.42624797972391965,16,middle
16640,40,0,0.8520087973380588,0.6346946596272769,16,middle
16641,41,0,0.4105756166104695,0.39473052207040904,16,middle
16642,42,0,0.5956032635469182,0.4776078840112516,16,middle
16643,43,0,0.7068301618294528,0.6269553048289491,16,middle
16644,44,0,0.40403260642656946,0.4619019665991919,16,middle
16645,45,0,0.6471426007799679,0.6005825467541664,16,middle
16646,46,0,0.4675488113055909,0.4753213065488956,16,middle
16647,47,0,0.5393454044647026,0.40709894540766084,16,middle
16648,48,0,0.5469002466045627,0.4354672495600779,16,middle
16649,49,0,0.4806285565235826,0.6813302417455306,16,middle
16650,50,0,0.6147864919348414,0.4241036692391296,16,middle
16651,51,0,0.496435793118631,0.4541040601623243,16,middle
16652,52,0,0.6087287627304627,0.47261258370850506,16,middle
16653,53,0,0.5211223029228504,0.6571917436002883,16,middle
16654,54,0,0.48056373692471677,0.4645850104654704,16,middle
16655,55,0,0.35945793126427744,0.4865835445989936,16,middle
16656,56,0,0.47727745130401705,0.3833786596608555,16,middle
16657,57,0,0.7135882844524299,0.48658222706571597,16,middle
16658,58,0,0.6846710193946389,0.4615739484107061,16,middle
16659,59,0,0.4863378311896063,0.37303938444847695,16,middle
16660,60,0,0.4774475188381593,0.40420321794940395,16,middle
16661,61,0,0.5035303946347951,0.4460988740864342,16,middle
16662,62,0,0.5821256885938617,0.4065829931027502,16,middle
16663,63,0,0.5956388413102703,0.48591776038269374,16,middle
16664,64,0,0.5500526619756376,0.4403748806505673,16,middle
16665,65,0,0.5675560259388382,0.5019662614150814,16,middle
16666,66,0,0.5894203980760601,0.4231701834306022,16,middle
16667,67,0,0.597757376131912,0.31272655614107425,16,middle
16668,68,0,0.47170487962961555,0.36764924605832516,16,middle
16669,69,0,0.5170060559917914,0.406743749039268,16,middle
16670,70,0,0.49346532754125694,0.5424932007473424,16,middle
16671,71,0,0.5567664893001063,0.45244859367737045,16,middle
16672,72,0,0.631656775095604,0.3459662095021354,16,middle
16673,73,0,0.48111665625376354,0.4734206892517598,16,middle
16674,74,0,0.5510895949208933,0.4476353341334597,16,middle
16675,75,0,0.4922961889845104,0.5361864366162695,16,middle
16676,76,0,0.6437413700188089,0.4547982280953896,16,middle
16677,77,0,0.7343717570719204,0.44161777930500434,16,middle
16678,78,0,0.3417319044509958,0.3340418061388686,16,middle
16679,79,0,0.3250341975338963,0.4620825130209355,16,middle
16680,80,0,0.6506140293708529,0.49710287653445756,16,middle
16681,81,0,0.597426599519759,0.45235182878419533,16,middle
16682,82,0,0.5064785876358154,0.3746544991510747,16,middle
16683,83,0,0.8768570400324471,0.3957401907913992,16,middle
16684,84,0,0.6284415223196713,0.5266500151541944,16,middle
16685,85,0,0.37838092168072723,0.48371216994390276,16,middle
16686,86,0,0.12259659344763547,0.39357634296488797,16,middle
16687,87,0,0.16064092253796286,0.48051999036535215,16,middle
16688,88,0,0.8870354290795124,0.41232389659501806,16,middle
16689,89,0,0.8449991851322585,0.4531092438528242,16,middle
16690,90,0,0.14772853454840953,0.4354995248960585,16,middle
16691,91,0,0.8533779606246812,0.37319950799419976,16,middle
16692,92,0,0.7286677232382457,0.5561668383664252,16,middle
16693,93,0,0.16896593499859375,0.4268201446785968,16,middle
16694,94,0,0.8765132498117133,0.47003425086898387,16,middle
16695,95,0,0.14613455061269048,0.4385960026454908,16,middle
16696,96,0,0.2574274299204415,0.40066213770702297,16,middle
16697,97,0,0.5785365405187453,0.5911810404088669,16,middle
16698,98,0,0.16561442553603403,0.5222400966447336,16,middle
16699,99,0,0.10033136815364052,0.4847163794353636,16,middle
16700,100,0,0.8392091897507339,0.43968179786851397,16,middle
16701,101,0,0.33207263839595524,0.41593595753919954,16,middle
16702,102,0,0.46045916609210935,0.43682961390900105,16,middle
16703,103,0,0.48119459585909974,0.4747168148582438,16,middle
16704,104,0,0.1377641454317616,0.4602823081547399,16,middle
16705,105,0,0.28564522100213063,0.5384716369820912,16,middle
16706,106,0,0.7251266729060807,0.43070388459217773,16,middle
16707,107,0,0.3457815549854729,0.40364181052966264,16,middle
16708,108,0,0.7100487371248934,0.32833736143297354,16,middle
16709,109,0,0.863148969412791,0.3025770155703922,16,middle
16710,110,0,0.8910362059420421,0.3466478363815891,16,middle
16711,111,0,0.34142355143887304,0.5174042154036992,16,middle
16712,112,0,0.3709147734476978,0.5044619087583986,16,middle
16713,113,0,0.8730153352568412,0.3518488485214405,16,middle
16714,114,0,0.8131320260027297,0.43017355512026156,16,middle
16715,115,0,0.6004742352030478,0.4710877785797997,16,middle
16716,116,0,0.27610211961763,0.4118278388033537,16,middle
16717,117,0,0.23981996056626625,0.5946755091976141,16,middle
16718,118,0,0.6829879866443777,0.5177150767109766,16,middle
16719,119,0,0.6388627150064559,0.42151810316144994,16,middle
16720,120,0,0.547505711810665,0.5011306656388057,16,middle
16721,121,0,0.8821903716110566,0.2821031429118552,16,middle
16722,122,0,0.5747655412449737,0.34740098869743097,16,middle
16723,123,0,0.4009213518346532,0.5352084671666992,16,middle
16724,124,0,0.6868664385481807,0.3580967730016557,16,middle
16725,125,0,0.34728460034182584,0.4181399356645729,16,middle
16726,126,0,0.7671012216245419,0.49903578671549026,16,middle
16727,127,0,0.15334620120678752,0.3980554744086635,16,middle
16728,128,0,0.600107296349988,0.39739789038811085,16,middle
16729,129,0,0.5506074937999144,0.440270701870233,16,middle
16730,130,0,0.5230668368860122,0.36446960061392875,16,middle
16731,131,0,0.45316913840715384,0.5457861901296084,16,middle
16732,132,0,0.29977015969586623,0.363229829130144,16,middle
16733,133,0,0.5407930234826331,0.5517181654829979,16,middle
16734,134,0,0.4330344939862715,0.5816329537046843,16,middle
16735,135,0,0.5347851360490281,0.48038860988104903,16,middle
16736,136,0,0.38282069862451107,0.4244393519055748,16,middle
16737,137,0,0.7481833037772617,0.4034770832627975,16,middle
16738,138,0,0.5435162849661218,0.5512291506126422,16,middle
16739,139,0,0.8128671337765156,0.34184786711065174,16,middle
16740,140,0,0.3824020447012145,0.4182688280422461,16,middle
16741,141,0,0.8821419779614736,0.41297399435893495,16,middle
16742,142,0,0.5350910630913521,0.38921668910700724,16,middle
16743,143,0,0.34535500735881197,0.4791996257927407,16,middle
16744,144,0,0.26363974245429295,0.4684806696619925,16,middle
16745,145,0,0.4577034980179188,0.42100523351322855,16,middle
16746,146,0,0.3604275732731591,0.5582982977592705,16,middle
16747,147,0,0.6983969518332562,0.3609493799222082,16,middle
16748,148,0,0.5246592666389556,0.4419415913793057,16,middle
16749,149,0,0.31714518529939506,0.42528763578607737,16,middle
16750,150,0,0.46383227032113744,0.39156365803963256,16,middle
16751,151,0,0.9040407002709404,0.3763319378690874,16,middle
16752,152,0,0.49430612388177003,0.5001813644501762,16,middle
16753,153,0,0.16233087212017047,0.41616513368252434,16,middle
16754,154,0,0.7353236748007366,0.4558195036388677,16,middle
16755,155,0,0.853938689846562,0.47898563972722974,16,middle
16756,156,0,0.6284945955414705,0.4878283246710008,16,middle
16757,157,0,0.878704310083814,0.4898267419923724,16,middle
16758,158,0,0.47568277874093334,0.3478556272638251,16,middle
16759,159,0,0.3024479488925706,0.44668396906389346,16,middle
16760,160,0,0.4578031440919302,0.42246806696055134,16,middle
16761,161,0,0.8968986296079098,0.434659942398692,16,middle
16762,162,0,0.5048487050564135,0.5048413358905365,16,middle
16763,163,0,0.7694861289017867,0.43690562620372697,16,middle
16764,164,0,0.5758176902910334,0.3361654491238918,16,middle
16765,165,0,0.06548277626770305,0.4983311068938997,16,middle
16766,166,0,0.3571998138759737,0.5458558733994844,16,middle
16767,167,0,0.7999841399886238,0.550172453363377,16,middle
16768,168,0,0.18714634632432078,0.4430111737848044,16,middle
16769,169,0,0.10973746528418538,0.43811452495659153,16,middle
16770,170,0,0.3768179984720577,0.5630943623798128,16,middle
16771,171,0,0.8723877514344116,0.5504772166550733,16,middle
16772,172,0,0.3901231748837334,0.4914657677495342,16,middle
16773,173,0,0.5542056848263207,0.47283505235454104,16,middle
16774,174,0,0.7921897040912813,0.3267527911176792,16,middle
16775,175,0,0.8574539592431571,0.3179451105154983,16,middle
16776,176,0,0.49880589797031677,0.31117491096099303,16,middle
16777,177,0,0.34169201623132167,0.3986188593200828,16,middle
16778,178,0,0.5768686897117609,0.39210763588600994,16,middle
16779,179,0,0.4664724286160397,0.40157015027676357,16,middle
16780,180,0,0.46875737109292287,0.3677270074363806,16,middle
16781,181,0,0.11930094509660087,0.4562075680614656,16,middle
16782,182,0,0.8157621202914659,0.3388748427410593,16,middle
16783,183,0,0.5237897964241237,0.45142325069199385,16,middle
16784,184,0,0.500479349545928,0.34040382599266705,16,middle
16785,185,0,0.47734565219614244,0.3664087200839238,16,middle
16786,186,0,0.5339846003619915,0.3379608409998153,16,middle
16787,187,0,0.1764604051048997,0.48560434203970476,16,middle
16788,188,0,0.5332273882423653,0.3763489319223001,16,middle
16789,189,0,0.9070179132285283,0.35049851818122213,16,middle
16790,190,0,0.4583389522286406,0.4237322802614324,16,middle
16791,191,0,0.4896387382530383,0.4271396963702615,16,middle
16792,192,0,0.7166466397331925,0.3566062928040924,16,middle
16793,193,0,0.5452481705526528,0.4252104091917624,16,middle
16794,194,0,0.5572520492916202,0.45063181519078466,16,middle
16795,195,0,0.5594044007534977,0.40523089913455307,16,middle
16796,196,0,0.6948306410537906,0.5036778400077744,16,middle
16797,197,0,0.609831090173479,0.3414622070569851,16,middle
16798,198,0,0.5139066820831117,0.3541134544941704,16,middle
16799,199,0,0.5211234547509602,0.34892865592303995,16,middle
16800,0,0,0.6995523683829333,0.6613958276650372,16,late
16801,1,0,0.8669727386271928,0.6829736110292383,16,late
16802,2,0,0.6786635346295924,0.5100523898046623,16,late
16803,3,0,0.7667959531054656,0.6137899247173206,16,late
16804,4,0,0.5861164493737117,0.6459758931425419,16,late
16805,5,0,0.8975219023301484,0.814884708364592,16,late
16806,6,0,0.4843999026923278,0.6569408599430182,16,late
16807,7,0,0.8711193277644386,0.5322800961686276,16,late
16808,8,0,0.6364062787872176,0.5998029265219832,16,late
16809,9,0,0.9004683450501044,0.5607457271270928,16,late
16810,10,0,0.486344456881606,0.673473989343589,16,late
16811,11,0,0.08755593164268642,0.6374756223749132,16,late
16812,12,0,0.6863472784154998,0.5785507792876777,16,late
16813,13,0,0.1316067293686798,0.47892631839159516,16,late
16814,14,0,0.4191123319732363,0.520236984685295,16,late
16815,15,0,0.8228296975680838,0.5173185972853991,16,late
16816,16,0,0.45465245448728997,0.5420817866276194,16,late
16817,17,0,0.11437635110928891,0.5960271167226547,16,late
16818,18,0,0.4066362523246325,0.5354525492543062,16,late
16819,19,0,0.15836941551019726,0.7888291628447013,16,late
16820,20,0,0.4763188067872909,0.5444721782327511,16,late
16821,21,0,0.2494226297965425,0.5341771180648177,16,late
16822,22,0,0.4739007234383992,0.4744364313759626,16,late
16823,23,0,0.21301169148103105,0.6234427857057798,16,late
16824,24,0,0.6400982463036065,0.535032082903189,16,late
16825,25,0,0.2041017932599947,0.6002720944912696,16,late
16826,26,0,0.7169345628724759,0.5180667262555569,16,late
16827,27,0,0.1795518841097897,0.5267258986707903,16,late
16828,28,0,0.4733012215057518,0.46384809320467063,16,late
16829,29,0,0.82363905558708,0.365407838220698,16,late
16830,30,0,0.35414340050160203,0.5795542596096076,16,late
16831,31,0,0.7992129596041555,0.4499699549914595,16,late
16832,32,0,0.6073011201007283,0.3830570235593112,16,late
16833,33,0,0.2900960514762372,0.6170701497566242,16,late
16834,34,0,0.4480344311761931,0.485896109539116,16,late
16835,35,0,0.8212253913028471,0.330381823036787,16,late
16836,36,0,0.6149956378062539,0.4738174830947729,16,late
16837,37,0,0.24284953495774103,0.418576385699046,16,late
16838,38,0,0.6201016733619349,0.33474349435617046,16,late
16839,39,0,0.2941316170834794,0.4428254997415154,16,late
16840,40,0,0.5389503241519085,0.5791505208473366,16,late
16841,41,0,0.3369996406431876,0.6033091852692476,16,late
16842,42,0,0.24595386168387373,0.6862349497425015,16,late
16843,43,0,0.8006706121190329,0.6109545476682379,16,late
16844,44,0,0.48770168249689194,0.5158930882184699,16,late
16845,45,0,0.7732258748565687,0.33039540534659473,16,late
16846,46,0,0.5028254698230168,0.4441347422974182,16,late
16847,47,0,0.2831686946075618,0.45573254461209267,16,late
16848,48,0,0.6605730101972397,0.5183742844303523,16,late
16849,49,0,0.8508511433259682,0.4269340366280965,16,late
16850,50,0,0.69155934414432,0.5256633967141663,16,late
16851,51,0,0.8350776937901079,0.46953901132933645,16,late
16852,52,0,0.7505520421691096,0.511805973858575,16,late
16853,53,0,0.796623905101146,0.4474086162655987,16,late
16854,54,0,0.3002292984042678,0.5988356454274899,16,late
16855,55,0,0.6980245705374782,0.46039851231857404,16,late
16856,56,0,0.7033512793932625,0.5615683182394499,16,late
16857,57,0,0.20724819920926432,0.44218614479901636,16,late
16858,58,0,0.43018871653026536,0.4389803892400733,16,late
16859,59,0,0.20029354438954383,0.7285517221792248,16,late
16860,60,0,0.428285115414734,0.4857416292002381,16,late
16861,61,0,0.8215225768103309,0.41192031649505534,16,late
16862,62,0,0.44924616007692963,0.5611601368875254,16,late
16863,63,0,0.8372330989151977,0.5236792029350148,16,late
16864,64,0,0.5308252933383446,0.5547196627532158,16,late
16865,65,0,0.31986582959740417,0.5828272902950512,16,late
16866,66,0,0.5258730935121068,0.5076165587009781,16,late
16867,67,0,0.7578120057592338,0.5209532904319775,16,late
16868,68,0,0.4228465099303347,0.5278230505499615,16,late
16869,69,0,0.09946466036661313,0.537656493267223,16,late
16870,70,0,0.43597622615461795,0.4192179825317768,16,late
16871,71,0,0.18726684478116884,0.48555952012357373,16,late
16872,72,0,0.6101770140576175,0.5135444332354223,16,late
16873,73,0,0.23823826261890452,0.5582545347182777,16,late
16874,74,0,0.2982847828723731,0.5569641216190749,16,late
16875,75,0,0.2267287234198493,0.49735947754597576,16,late
16876,76,0,0.3765655628297159,0.3672850871497133,16,late
16877,77,0,0.7991200011198001,0.5210676461963666,16,late
16878,78,0,0.4323765818664742,0.4350679984954668,16,late
16879,79,0,0.16253377191502907,0.6346615309184265,16,late
16880,80,0,0.23721725956455833,0.4365516207249064,16,late
16881,81,0,0.20814245004499596,0.464486188902327,16,late
16882,82,0,0.5279326692989372,0.5541941652019688,16,late
16883,83,0,0.4034243319120716,0.4666755889693385,16,late
16884,84,0,0.6795667105830774,0.3844111691740183,16,late
16885,85,0,0.6314931781830018,0.4168855280868053,16,late
16886,86,0,0.646383542539366,0.3427036475028053,16,late
16887,87,0,0.33186249887213815,0.6028043457737624,16,late
16888,88,0,0.4708987667148752,0.6322664703617409,16,late
16889,89,0,0.3455798022349166,0.4315556702137876,16,late
16890,90,0,0.4866090734725997,0.5865117424621343,16,late
16891,91,0,0.3449948900761901,0.4480010949590837,16,late
16892,92,0,0.6848936657901249,0.49671473269553656,16,late
16893,93,0,0.4048520273665822,0.40573289725706546,16,late
16894,94,0,0.49139195404787506,0.6478047753426555,16,late
16895,95,0,0.4648409188051737,0.5316579481473535,16,late
16896,96,0,0.410158056246706,0.35707815271898646,16,late
16897,97,0,0.4559234483345219,0.6848602571449793,16,late
16898,98,0,0.4433361902826418,0.43760714502414677,16,late
16899,99,0,0.4809985019079548,0.4032326605355955,16,late
16900,100,0,0.4126022003135309,0.3755204452082944,16,late
16901,101,0,0.5636889458816277,0.44702798991041826,16,late
16902,102,0,0.5379369527370063,0.4177639698591935,16,late
16903,103,0,0.3074475692539116,0.5207655577753698,16,late
16904,104,0,0.4659825440772998,0.43335930246268684,16,late
16905,105,0,0.4578137115251718,0.46177357571848676,16,late
16906,106,0,0.4522461234677258,0.5970450778050023,16,late
16907,107,0,0.4448338887444302,0.41276886611070807,16,late
16908,108,0,0.5140335738770895,0.46929396229425674,16,late
16909,109,0,0.6125291370858339,0.5026141072589937,16,late
16910,110,0,0.7715375780577447,0.4705223141015117,16,late
16911,111,0,0.3345898475033007,0.6146269063211293,16,late
16912,112,0,0.7572843605912485,0.427436320289717,16,late
16913,113,0,0.1697191861671411,0.4678827092236211,16,late
16914,114,0,0.28877245537911095,0.5342080285199172,16,late
16915,115,0,0.35959724342904104,0.38409137689431383,16,late
16916,116,0,0.7415721743062142,0.44974536470824467,16,late
16917,117,0,0.35778288494294797,0.4755379013770985,16,late
16918,118,0,0.3399910222692858,0.6289499672585549,16,late
16919,119,0,0.5036725134886428,0.4298463893564261,16,late
16920,120,0,0.8174858268795533,0.6088785910598343,16,late
16921,121,0,0.39249807375050183,0.6390209198248609,16,late
16922,122,0,0.8357300041384061,0.5116977421585223,16,late
16923,123,0,0.5561843167561966,0.44670774341751784,16,late
16924,124,0,0.6567064512674422,0.36927385366871024,16,late
16925,125,0,0.16820418260249323,0.5751527598305748,16,late
16926,126,0,0.13141566137005406,0.5416819735636702,16,late
16927,127,0,0.26970034543221805,0.5111985735597322,16,late
16928,128,0,0.8202169836079711,0.4290033251935035,16,late
16929,129,0,0.1530382149004312,0.44365973183028007,16,late
16930,130,0,0.7848125447655954,0.3931756775111495,16,late
16931,131,0,0.15509519103000022,0.5349366954671657,16,late
16932,132,0,0.8227951964249128,0.3260444936534182,16,late
16933,133,0,0.18243022100476503,0.4437081370514195,16,late
16934,134,0,0.7931257154113158,0.43461640633562393,16,late
16935,135,0,0.23530714822902454,0.6030052078386334,16,late
16936,136,0,0.22981805590858898,0.521178587942032,16,late
16937,137,0,0.16542845432345793,0.530539289761095,16,late
16938,138,0,0.755843378179925,0.3354651382074601,16,late
16939,139,0,0.1768086084778349,0.4617759151374401,16,late
16940,140,0,0.26055724105672595,0.47626672175437507,16,late
16941,141,0,0.7683178543874746,0.3471324438319116,16,late
16942,142,0,0.7808209268479344,0.4190346734944692,16,late
16943,143,0,0.3515628313227379,0.5526321482801808,16,late
16944,144,0,0.20255064041242546,0.490943518434313,16,late
16945,145,0,0.8857592301842699,0.5096702786418761,16,late
16946,146,0,0.23973496802932426,0.4625390025824846,16,late
16947,147,0,0.712632621243263,0.3492978862354055,16,late
16948,148,0,0.744250919443473,0.5150682576795025,16,late
16949,149,0,0.7871053523748459,0.34193759128570445,16,late
16950,150,0,0.2188118291536253,0.4631178971421996,16,late
16951,151,0,0.711907391391517,0.3747690266549072,16,late
16952,152,0,0.21435461123630678,0.5593496820026298,16,late
16953,153,0,0.7817897599150232,0.27206052901160804,16,late
16954,154,0,0.8178063441183869,0.3033248917857987,16,late
16955,155,0,0.2922779958716474,0.601539730001815,16,late
16956,156,0,0.25757496116588224,0.5669757170287946,16,late
16957,157,0,0.7729390507932496,0.37505364755607173,16,late
16958,158,0,0.6558872122613066,0.3179685630538595,16,late
16959,159,0,0.6909402534934671,0.3856266113926896,16,late
16960,160,0,0.37475902526876503,0.56954049853981,16,late
16961,161,0,0.4323554952426092,0.5694955210944204,16,late
16962,162,0,0.2867525709098794,0.41848381966999304,16,late
16963,163,0,0.6756068985411692,0.5114954135869829,16,late
16964,164,0,0.337871124875948,0.49335748525682527,16,late
16965,165,0,0.8244875156623843,0.4735124657033474,16,late
16966,166,0,0.4936882883686079,0.6265667178852448,16,late
16967,167,0,0.30187169138697834,0.6503782385169158,16,late
16968,168,0,0.792162723199031,0.4775289081137307,16,late
16969,169,0,0.47603390739457224,0.4642422915879516,16,late
16970,170,0,0.7347194445504189,0.33205225056958115,16,late
16971,171,0,0.25085533490280243,0.4930993335796173,16,late
16972,172,0,0.4026416803473182,0.46985881821518327,16,late
16973,173,0,0.46442205553546795,0.5199852861345822,16,late
16974,174,0,0.5059947613641125,0.45745232659122714,16,late
16975,175,0,0.24465842310479063,0.4627130549133573,16,late
16976,176,0,0.18808789422691796,0.48124698387566434,16,late
16977,177,0,0.5474781052826199,0.5965429081144713,16,late
16978,178,0,0.36709761317743084,0.5123263036006063,16,late
16979,179,0,0.43787895205125615,0.504710845516552,16,late
16980,180,0,0.37306219960795756,0.5172883365579996,16,late
16981,181,0,0.5764757748519901,0.529490250743817,16,late
16982,182,0,0.6600443515965333,0.5493506853816916,16,late
16983,183,0,0.41211467607664426,0.538053852431222,16,late
16984,184,0,0.8172571084403233,0.4343978446081345,16,late
16985,185,0,0.4144689877900951,0.48161229867087757,16,late
16986,186,0,0.2480008191461266,0.4547224770046272,16,late
16987,187,0,0.8570397327983097,0.3649068381127092,16,late
16988,188,0,0.5438141422757587,0.42012826361570454,16,late
16989,189,0,0.7448605314156747,0.39277942142276717,16,late
16990,190,0,0.4629644279569148,0.5538191117678727,16,late
16991,191,0,0.3900923443499544,0.4074643049208373,16,late
16992,192,0,0.37434969892218917,0.5210416949211719,16,late
16993,193,0,0.3707808004266992,0.4966646141670493,16,late
16994,194,0,0.2774731325605395,0.5249653501582272,16,late
16995,195,0,0.6094839693824319,0.3506963071535911,16,late
16996,196,0,0.7380969570749472,0.5075576909462776,16,late
16997,197,0,0.6233698169406012,0.5499311429019486,16,late
16998,198,0,0.39496369082460636,0.46522351698701137,16,late
16999,199,0,0.6021099427136699,0.4066089386934484,16,late
17000,0,0,0.8427113024656566,0.7021886853164585,17,interleaved
17001,1,1,0.20028521075548977,0.9016547580233063,17,interleaved
17002,2,2,0.1723918560242514,0.8096821915561239,17,interleaved
17003,3,3,0.3135878568990252,0.5950910855628182,17,interleaved
17004,4,4,0.14342161951933663,0.6196511394965911,17,interleaved
17005,5,4,0.8977753117508656,0.5992812039034294,17,interleaved
17006,6,0,0.13039047333432516,0.6409215306654463,17,interleaved
17007,7,0,0.6034742572977386,0.6680477871787327,17,interleaved
17008,8,5,0.1840072198723263,1.0774802423815457,17,interleaved
17009,9,0,0.6472617891562673,0.43054201295134087,17,interleaved
17010,10,0,0.8699170068059714,0.6500530319630293,17,interleaved
17011,11,6,0.5424802215563918,0.7753092465908489,17,interleaved
17012,12,0,0.2228346905727143,0.48884397511951694,17,interleaved
17013,13,0,0.5846657464074798,0.701454556993214,17,interleaved
17014,14,0,0.20022868090544876,0.6371308663209677,17,interleaved
17015,15,0,0.3142542792769353,0.3900553905554283,17,interleaved
17016,16,0,0.7392554550926891,0.6776809484304489,17,interleaved
17017,17,0,0.663457777875658,0.48413952156290974,17,interleaved
17018,18,0,0.19279701158704013,0.5444492464118607,17,interleaved
17019,19,0,0.5413892866910515,0.7397637840345743,17,interleaved
17020,20,0,0.75758048865908,0.4028886983924195,17,interleaved
17021,21,4,0.5246713687720231,0.48879495845065934,17,interleaved
17022,22,0,0.2163303691266374,0.5185417626503277,17,interleaved
17023,23,0,0.3340836725657871,0.4481082218460112,17,interleaved
17024,24,0,0.6437132147767222,0.4903262487487178,17,interleaved
17025,25,0,0.5075793047194431,0.6093689948663373,17,interleaved
17026,26,0,0.32130590453762564,0.44885201782674206,17,interleaved
17027,27,0,0.6564595613312698,0.6332762842160604,17,interleaved
17028,28,0,0.2739788455274037,0.43042354392793836,17,interleaved
17029,29,0,0.7220874059321196,0.46212871048502135,17,interleaved
17030,30,0,0.6543857311788472,0.4365307866047733,17,interleaved
17031,31,0,0.32445550788121313,0.6100271356143327,17,interleaved
17032,32,0,0.25526350175110457,0.5231619656876976,17,interleaved
17033,33,0,0.2811072495055418,0.5471798696093386,17,interleaved
17034,34,7,0.7349782346359277,0.8487664180987704,17,interleaved
17035,35,0,0.28159319901509716,0.5338219366207861,17,interleaved
17036,36,0,0.29231135057480445,0.5108316457141036,17,interleaved
17037,37,0,0.4321386820709753,0.4220004136662048,17,interleaved
17038,38,0,0.6396266003155426,0.4793627510226864,17,interleaved
17039,39,0,0.6236746611671657,0.5324331288754066,17,interleaved
17040,40,0,0.7037944784042923,0.3605507985998263,17,interleaved
17041,41,0,0.7381479395976127,0.43124357421195536,17,interleaved
17042,42,0,0.7220663478561155,0.4268050333949154,17,interleaved
17043,43,0,0.3864680275856147,0.429307009462981,17,interleaved
17044,44,0,0.28365787645626384,0.46039211236107075,17,interleaved
17045,45,0,0.6424277388351968,0.3738721809663965,17,interleaved
17046,46,0,0.6474810476334075,0.4198681012650049,17,interleaved
17047,47,0,0.6845199605128285,0.38555780455744115,17,interleaved
17048,48,0,0.77101579968573,0.30943828039092447,17,interleaved
17049,49,0,0.38505074639180054,0.5193065855133862,17,interleaved
17050,50,0,0.389391056842522,0.6149105089518546,17,interleaved
17051,51,0,0.644253303531715,0.3845978857289021,17,interleaved
17052,52,0,0.26064172948334696,0.5555592241129403,17,interleaved
17053,53,0,0.32933075866975026,0.4439536867365333,17,interleaved
17054,54,0,0.5692417243758318,0.4110453721500602,17,interleaved
17055,55,0,0.33406318360729126,0.472635578208933,17,interleaved
17056,56,0,0.33583869294743574,0.5552153219756335,17,interleaved
17057,57,0,0.2671040792417776,0.42007085867036364,17,interleaved
17058,58,0,0.5765849939818961,0.550977721156392,17,interleaved
17059,59,0,0.34267625619643854,0.4711114219544237,17,interleaved
17060,60,0,0.27007071169521346,0.4770574514181519,17,interleaved
17061,61,0,0.6739073230549539,0.42516180825874417,17,interleaved
17062,62,0,0.3464415542270267,0.3910720983740441,17,interleaved
17063,63,0,0.17210547163152634,0.4687381906078478,17,interleaved
17064,64,0,0.3576715060058494,0.4861447105027826,17,interleaved
17065,65,0,0.3865296539001798,0.529236473953369,17,interleaved
17066,66,0,0.41575718603652134,0.37503526360259537,17,interleaved
17067,67,0,0.621427087618986,0.3207965720334864,17,interleaved
17068,68,0,0.46229113274522377,0.42575512985612374,17,interleaved
17069,69,0,0.5264993189646032,0.39300530240232817,17,interleaved
17070,70,0,0.4509375722574289,0.3559656854827859,17,interleaved
17071,71,0,0.42062145833838893,0.4531771625762166,17,interleaved
17072,72,0,0.3040408685715378,0.44862505279092646,17,interleaved
17073,73,0,0.46784901369952936,0.47904581153707704,17,interleaved
17074,74,0,0.4183781951376944,0.3387941240010065,17,interleaved
17075,75,0,0.6391471039747696,0.40922192394405243,17,interleaved
17076,76,0,0.5047714259230207,0.453344342520854,17,interleaved
17077,77,0,0.28380305809943834,0.4130169741988832,17,interleaved
17078,78,0,0.4697875799319672,0.28604947788419066,17,interleaved
17079,79,0,0.38472210660879624,0.3959867930983688,17,interleaved
17080,80,0,0.4341568256277391,0.514926073035877,17,interleaved
17081,81,0,0.5228501014636942,0.475485548658716,17,interleaved
17082,82,0,0.40344497151689784,0.46205002268323214,17,interleaved
17083,83,0,0.5963860442505847,0.40417135594770087,17,interleaved
17084,84,0,0.6152803069967168,0.3824501356822963,17,interleaved
17085,85,0,0.5417766486438864,0.44278456964924184,17,interleaved
17086,86,0,0.529925738236914,0.39590241508877966,17,interleaved
17087,87,0,0.3753353929024782,0.33168888011239317,17,interleaved
17088,88,0,0.6885566089148998,0.44686336655654557,17,interleaved
17089,89,0,0.4842269661110107,0.49269083818684856,17,interleaved
17090,90,0,0.8272612518210876,0.49597656293172077,17,interleaved
17091,91,0,0.3169366515267586,0.4624725832086106,17,interleaved
17092,92,0,0.8387239989841845,0.6135743954718924,17,interleaved
17093,93,0,0.5163702635934071,0.4960627409130647,17,interleaved
17094,94,0,0.8342012120220064,0.462441626119268,17,interleaved
17095,95,0,0.4897417119344457,0.5299697531688918,17,interleaved
17096,96,0,0.21054550839041242,0.42652079180324154,17,interleaved
17097,97,0,0.45717413776314797,0.35011044960796284,17,interleaved
17098,98,0,0.7838835914571726,0.4122771935498134,17,interleaved
17099,99,0,0.5023308781550125,0.32994213484034973,17,interleaved
17100,100,0,0.23752617056186887,0.37657796749447314,17,interleaved
17101,101,0,0.5674851948306112,0.407944654964683,17,interleaved
17102,102,0,0.774207756192014,0.36992655942114616,17,interleaved
17103,103,0,0.7639620776407878,0.5459409454659261,17,interleaved
17104,104,0,0.45026682904198356,0.3621089846706678,17,interleaved
17105,105,0,0.4762705183189009,0.5470716160693645,17,interleaved
17106,106,0,0.3245312495450014,0.5138812326484143,17,interleaved
17107,107,0,0.4179494936482637,0.4166182794187159,17,interleaved
17108,108,0,0.300015259275679,0.5080856069678468,17,interleaved
17109,109,4,0.39747123275831137,0.4860503241673478,17,interleaved
17110,110,0,0.27991243259790577,0.32530232614680676,17,interleaved
17111,111,0,0.641325612918492,0.46303216671853803,17,interleaved
17112,112,0,0.43309070206843253,0.5282390988925975,17,interleaved
17113,113,0,0.19905062486944766,0.4885447062435381,17,interleaved
17114,114,0,0.534616088547749,0.5160320018827713,17,interleaved
17115,115,0,0.3347125298350145,0.384671804092463,17,interleaved
17116,116,0,0.7762028167990722,0.4076349218385258,17,interleaved
17117,117,0,0.4959774033451134,0.3969047032805497,17,interleaved
17118,118,0,0.5175619773813499,0.3423661307210243,17,interleaved
17119,119,0,0.6908177047378978,0.3195630334275734,17,interleaved
17120,120,0,0.8398460439781703,0.43329597495589456,17,interleaved
17121,121,0,0.24820806541098842,0.36208619852212276,17,interleaved
17122,122,0,0.4305128437757697,0.48701417037225847,17,interleaved
17123,123,0,0.18344112358951165,0.6202202447578041,17,interleaved
17124,124,0,0.4780690308852201,0.3676509467891235,17,interleaved
17125,125,0,0.30933881365069393,0.3729010622597799,17,interleaved
17126,126,0,0.4704481129014483,0.5284488516913873,17,interleaved
17127,127,0,0.3366664633756276,0.41544169218221627,17,interleaved
17128,128,0,0.8295242054892745,0.3972152362484086,17,interleaved
17129,129,0,0.3828464326156442,0.40998899489052754,17,interleaved
17130,130,0,0.8905531207071538,0.3835823058341443,17,interleaved
17131,131,0,0.5126588673601256,0.37315111842863014,17,interleaved
17132,132,0,0.3886354446910296,0.356380822781307,17,interleaved
17133,133,0,0.469872083809209,0.3919213396108475,17,interleaved
17134,134,0,0.17457257636801904,0.2735972775938377,17,interleaved
17135,135,0,0.5226276950128562,0.35348440841514867,17,interleaved
17136,136,0,0.3519130504855388,0.3607245125174039,17,interleaved
17137,137,0,0.46319916329736555,0.33062785099937886,17,interleaved
17138,138,0,0.9159170111019584,0.5573300410561497,17,interleaved
17139,139,0,0.6360226019394627,0.3717958891523597,17,interleaved
17140,140,0,0.28315899382696336,0.5647138618978371,17,interleaved
17141,141,0,0.809967069295568,0.4716797714451667,17,interleaved
17142,142,0,0.2946535485309368,0.3811653372913786,17,interleaved
17143,143,0,0.5008212963240561,0.44643382277766297,17,interleaved
17144,144,0,0.1981874268070706,0.44699229126371853,17,interleaved
17145,145,0,0.6175225137845326,0.5481907809522644,17,interleaved
17146,146,0,0.8682900569214433,0.5102507453019138,17,interleaved
17147,147,0,0.49805055450374214,0.39496081913012776,17,interleaved
17148,148,0,0.48004659975824,0.42403571406110185,17,interleaved
17149,149,0,0.48371988912474895,0.38261651319974327,17,interleaved
17150,150,0,0.8620965636167093,0.3050714016183491,17,interleaved
17151,151,0,0.6371791612268506,0.4433067722994428,17,interleaved
17152,152,0,0.9108547746204483,0.44598302138752505,17,interleaved
17153,153,0,0.4441930795536668,0.40855272512441265,17,interleaved
17154,154,0,0.8449323697212683,0.4731339730248171,17,interleaved
17155,155,0,0.5036586560207601,0.4148808442150577,17,interleaved
17156,156,0,0.9246389781959995,0.465005483755366,17,interleaved
17157,157,0,0.4077133662913,0.4419973269369898,17,interleaved
17158,158,0,0.9361713141386034,0.27455309293812624,17,interleaved
17159,159,0,0.5504761838458216,0.5045872266590908,17,interleaved
17160,160,0,0.7547614873804556,0.4530751351073147,17,interleaved
17161,161,0,0.38502033768560057,0.3864259752894971,17,interleaved
17162,162,0,0.21184191044521633,0.44532788085116887,17,interleaved
17163,163,0,0.4629577270176536,0.4531818560976383,17,interleaved
17164,164,0,0.9165354200905158,0.4417213808407523,17,interleaved
17165,165,0,0.4569719898115904,0.377432840139717,17,interleaved
17166,166,0,0.687179692061842,0.363685706021082,17,interleaved
17167,167,0,0.47924538871672295,0.5641006910347086,17,interleaved
17168,168,0,0.43722336256958927,0.38626777810925417,17,interleaved
17169,169,0,0.47850478008174124,0.4967303814654067,17,interleaved
17170,170,0,0.44299842940451845,0.41761586546148277,17,interleaved
17171,171,0,0.5320194181513376,0.3950730160883312,17,interleaved
17172,172,0,0.8892085670665635,0.38639931475617123,17,interleaved
17173,173,0,0.17741497806798884,0.5816190088144169,17,interleaved
17174,174,0,0.24751187270613437,0.31569616161779657,17,interleaved
17175,175,0,0.6292843996927016,0.42988073880653094,17,interleaved
17176,176,0,0.4470756107396052,0.48945507008829664,17,interleaved
17177,177,0,0.6255057038851722,0.377693393434413,17,interleaved
17178,178,0,0.6167436075166733,0.49908915384700026,17,interleaved
17179,179,0,0.45190220177272356,0.39751966040607645,17,interleaved
17180,180,0,0.4267974314616751,0.34389111936788064,17,interleaved
17181,181,0,0.6349775190515994,0.37978730585422954,17,interleaved
17182,182,0,0.479631263665838,0.5749262410169147,17,interleaved
17183,183,0,0.16736876179875124,0.4618862861768382,17,interleaved
17184,184,0,0.732109005535174,0.3610629803786165,17,interleaved
17185,185,0,0.5646869630487634,0.43911149853409326,17,interleaved
17186,186,0,0.4357985287466235,0.3670709598025122,17,interleaved
17187,187,0,0.749895237721957,0.36067988276214724,17,interleaved
17188,188,0,0.778080704895395,0.36232243683309917,17,interleaved
17189,189,0,0.36167089317893075,0.33138271004488046,17,interleaved
17190,190,0,0.6361894796070046,0.3417031370732851,17,interleaved
17191,191,0,0.34990750603540305,0.36239988293550107,17,interleaved
17192,192,0,0.8551689832728869,0.3948733094368947,17,interleaved
17193,193,0,0.6053914366575273,0.380192190738893,17,interleaved
17194,194,0,0.3933982110595522,0.49016858263561386,17,interleaved
17195,195,0,0.484331978048285,0.4771067996403451,17,interleaved
17196,196,0,0.8604863298590888,0.4409772302074935,17,interleaved
17197,197,0,0.30025143318925807,0.35695206933162804,17,interleaved
17198,198,0,0.5958558901511415,0.409835709417142,17,interleaved
17199,199,0,0.4505812349184585,0.4208056155332195,17,interleaved
17200,0,0,0.42915887542878167,0.6506474225682752,17,blocked
17201,1,0,0.4328512356413951,0.6346267531376082,17,blocked
17202,2,0,0.441163634571481,0.5975969495848698,17,blocked
17203,3,0,0.5546617463842608,0.6748274892827095,17,blocked
17204,4,0,0.5042154308107186,0.3830324642120849,17,blocked
17205,5,0,0.4182108695933391,0.6808942675710892,17,blocked
17206,6,0,0.5265726117824986,0.4796755349369587,17,blocked
17207,7,0,0.6333605393894592,0.6932471679606614,17,blocked
17208,8,0,0.46103825257063175,0.626139503512727,17,blocked
17209,9,0,0.44443525096910624,0.7305683500747118,17,blocked
17210,10,0,0.4230101353107338,0.5689112577976786,17,blocked
17211,11,0,0.4501551652641564,0.6485744847966763,17,blocked
17212,12,0,0.36022277231189975,0.5741921279495661,17,blocked
17213,13,0,0.4886401914001609,0.7508534801394424,17,blocked
17214,14,0,0.7053475112831717,0.4657232237957313,17,blocked
17215,15,0,0.558220250695654,0.3977677783528354,17,blocked
17216,16,0,0.48223798819437413,0.4762575270858398,17,blocked
17217,17,0,0.48715627578988224,0.46470153696868916,17,blocked
17218,18,0,0.5615420873602779,0.49622512068307273,17,blocked
17219,19,0,0.46161909255555866,0.6809467671527739,17,blocked
17220,20,0,0.5743133683678047,0.5896840330352613,17,blocked
17221,21,0,0.5674477244347524,0.4344059263997553,17,blocked
17222,22,0,0.5504378528086603,0.5381800119568994,17,blocked
17223,23,0,0.5343409855183812,0.4612135336324998,17,blocked
17224,24,0,0.47727890404469775,0.5619391151953115,17,blocked
17225,25,0,0.6229962082674706,0.4868568836248065,17,blocked
17226,26,0,0.8211167591396371,0.5864705857101324,17,blocked
17227,27,0,0.3695855531548083,0.44085293900244793,17,blocked
17228,28,0,0.7567779724687282,0.483355627416447,17,blocked
17229,29,0,0.5320793675449778,0.3742597271188069,17,blocked
17230,30,0,0.2813286563809942,0.6286606618630416,17,blocked
17231,31,0,0.43042254391726187,0.5049121757495236,17,blocked
17232,32,0,0.7402636938465637,0.34196648608253616,17,blocked
17233,33,0,0.3643902811016938,0.5346728853187104,17,blocked
17234,34,0,0.3622799705948758,0.575799259431512,17,blocked
17235,35,0,0.49455902359309206,0.48135733796548147,17,blocked
17236,36,0,0.477449745458404,0.5318089649287308,17,blocked
17237,37,0,0.6301847622958902,0.48113561317988846,17,blocked
17238,38,0,0.5064411493684581,0.4038644701355356,17,blocked
17239,39,0,0.5274465992812374,0.5680710567174673,17,blocked
17240,40,0,0.5554926601466035,0.6970338958892013,17,blocked
17241,41,0,0.8415744300785128,0.5096370336684818,17,blocked
17242,42,0,0.46543930956231705,0.6697852089391967,17,blocked
17243,43,0,0.4430399094172262,0.4274842980997944,17,blocked
17244,44,0,0.4602008415035893,0.4776205863616608,17,blocked
17245,45,0,0.6448269843666075,0.3891096461116013,17,blocked
17246,46,0,0.5777426086159931,0.6232546796963071,17,blocked
17247,47,0,0.5440261909901353,0.5817763398919109,17,blocked
17248,48,0,0.2620503488085274,0.31956055399607863,17,blocked
17249,49,0,0.6486558571860761,0.6707699171186879,17,blocked
17250,50,0,0.5962951093101211,0.2914821046554294,17,blocked
17251,51,0,0.8700122738193661,0.3286367595315023,17,blocked
17252,52,0,0.8778354135496276,0.4477164307981202,17,blocked
17253,53,0,0.838682680148847,0.420168628382232,17,blocked
17254,54,0,0.3778962956799409,0.5211203763520715,17,blocked
17255,55,0,0.7772332837981817,0.36906730458374326,17,blocked
17256,56,0,0.08622390127530571,0.4810120626992205,17,blocked
17257,57,0,0.4112248541717932,0.4438872892443823,17,blocked
17258,58,0,0.3055486264556065,0.4044389990852573,17,blocked
17259,59,0,0.6252073339600159,0.3679385343443627,17,blocked
17260,60,0,0.7654821364210971,0.3601411220829944,17,blocked
17261,61,0,0.4485193818036165,0.368756353488254,17,blocked
17262,62,0,0.3210470200352392,0.5145183172718696,17,blocked
17263,63,0,0.6306623531496331,0.5328477541802247,17,blocked
17264,64,0,0.2572435950188514,0.4838836966401695,17,blocked
17265,65,0,0.8957879144842702,0.480747108305961,17,blocked
17266,66,0,0.45583728156752656,0.5442845453411853,17,blocked
17267,67,0,0.24081942508430654,0.4984628902773875,17,blocked
17268,68,0,0.7000018350195498,0.4088459525373631,17,blocked
17269,69,0,0.6071345052502681,0.5266767861079686,17,blocked
17270,70,0,0.3586670857591016,0.4802371821271927,17,blocked
17271,71,0,0.39821190254859096,0.5406374759993595,17,blocked
17272,72,0,0.4887009140192996,0.33792126404346995,17,blocked
17273,73,0,0.27399212914592785,0.4203003267269628,17,blocked
17274,74,0,0.31784955254063235,0.4379342643361794,17,blocked
17275,75,0,0.28861590144169386,0.5010915124867815,17,blocked
17276,76,0,0.6289760545007089,0.4077184298648404,17,blocked
17277,77,0,0.40847417172334816,0.4578408997232331,17,blocked
17278,78,0,0.5295928145084815,0.5223121527099571,17,blocked
17279,79,0,0.4113944008259152,0.5061631948847773,17,blocked
17280,80,0,0.6401416632231258,0.2878458628923505,17,blocked
17281,81,0,0.37873661095277744,0.4963964281957922,17,blocked
17282,82,0,0.689199857839049,0.3325489301861563,17,blocked
17283,83,0,0.2854488165866197,0.419823655739115,17,blocked
17284,84,0,0.5594102112646943,0.4436700328636212,17,blocked
17285,85,0,0.2637839530336602,0.5793810225855927,17,blocked
17286,86,0,0.45395471138155824,0.5214162374023783,17,blocked
17287,87,0,0.47289798967937535,0.4692977464678123,17,blocked
17288,88,0,0.3808376548357508,0.41800149188081415,17,blocked
17289,89,0,0.44613007384921194,0.4426526816799904,17,blocked
17290,90,0,0.555643735724582,0.43006096501901303,17,blocked
17291,91,0,0.6410890445276918,0.4966961230393362,17,blocked
17292,92,0,0.5087195791072563,0.5352739431117733,17,blocked
17293,93,0,0.6581105722272802,0.4097605801609314,17,blocked
17294,94,0,0.5573488397751593,0.4024920167945619,17,blocked
17295,95,0,0.2524187779383007,0.3823586010476766,17,blocked
17296,96,0,0.8123491542971804,0.3127445915718567,17,blocked
17297,97,0,0.8428957414592393,0.35519869704558316,17,blocked
17298,98,0,0.36333470847479254,0.4609334488414042,17,blocked
17299,99,0,0.6151008965598015,0.42866060516004423,17,blocked
17300,100,0,0.6771462270944625,0.39179285451362034,17,blocked
17301,101,0,0.6335196220929391,0.445971515150834,17,blocked
17302,102,0,0.6429323993469789,0.4342625303291121,17,blocked
17303,103,0,0.1555058180517775,0.5176530214580557,17,blocked
17304,104,0,0.6078840372956358,0.3636469269861278,17,blocked
17305,105,0,0.6798254631150347,0.41180634610729905,17,blocked
17306,106,0,0.42071865166251043,0.3706831802511602,17,blocked
17307,107,0,0.33911261234731394,0.3922453730959554,17,blocked
17308,108,0,0.5736138749580854,0.4580990428230765,17,blocked
17309,109,0,0.34494086156703785,0.4183705361950022,17,blocked
17310,110,0,0.7918977239088623,0.5412957725257734,17,blocked
17311,111,0,0.30168270123823526,0.4891734238679799,17,blocked
17312,112,0,0.3563989111777345,0.4228659347067495,17,blocked
17313,113,0,0.45814762484082006,0.2982828753921284,17,blocked
17314,114,0,0.7442931825485605,0.34127614384173854,17,blocked
17315,115,0,0.3196062276969891,0.45140754511381087,17,blocked
17316,116,0,0.29620588645260987,0.4407037448130617,17,blocked
17317,117,0,0.8372245360573762,0.36056569081401435,17,blocked
17318,118,0,0.24054566356733076,0.3531639213257544,17,blocked
17319,119,0,0.547718659210868,0.31073205989913716,17,blocked
17320,120,0,0.3199458454723345,0.4313365554072271,17,blocked
17321,121,0,0.559210732491096,0.395422846279353,17,blocked
17322,122,0,0.5169977562185989,0.39113608352169843,17,blocked
17323,123,0,0.6906868315331932,0.4072100306626585,17,blocked
17324,124,0,0.5283655492669148,0.2933570513077767,17,blocked
17325,125,0,0.4575360573805808,0.5324386105448251,17,blocked
17326,126,0,0.30812046426687756,0.3159666873960011,17,blocked
17327,127,0,0.3099316865378134,0.43979025639441255,17,blocked
17328,128,0,0.3123388565228382,0.44004677173211815,17,blocked
17329,129,0,0.4868047468273012,0.4532835245742366,17,blocked
17330,130,0,0.11003685626937407,0.43914764943807183,17,blocked
17331,131,0,0.6446909538562017,0.4573878052473561,17,blocked
17332,132,0,0.19501480271850063,0.45333566825930005,17,blocked
17333,133,0,0.30069233045819144,0.38377000953613766,17,blocked
17334,134,0,0.6879672731766866,0.26772974553881573,17,blocked
17335,135,0,0.12092646532049478,0.44008837178086263,17,blocked
17336,136,0,0.6921335032202209,0.6198650155254724,17,blocked
17337,137,0,0.33803793561004136,0.5908590323858598,17,blocked
17338,138,0,0.2998234636165322,0.4559859150657375,17,blocked
17339,139,0,0.6417491937145732,0.3371675792161545,17,blocked
17340,140,0,0.39540233405853664,0.42089881145335006,17,blocked
17341,141,0,0.463237237879366,0.40686816919757246,17,blocked
17342,142,0,0.6819709640418327,0.3950314911215256,17,blocked
17343,143,0,0.4091910895736195,0.45919330716000717,17,blocked
17344,144,0,0.6300495994545817,0.4083374118037826,17,blocked
17345,145,0,0.5482977166013066,0.44392798494857877,17,blocked
17346,146,0,0.576573832227347,0.3199560051807232,17,blocked
17347,147,0,0.3144687440006259,0.37099802813716887,17,blocked
17348,148,0,0.7502642066485661,0.4186781260885593,17,blocked
17349,149,0,0.17865753976505266,0.49191088274231953,17,blocked
17350,150,0,0.30899529384242835,0.358331573790714,17,blocked
17351,151,0,0.6841200839476977,0.3490392557987607,17,blocked
17352,152,0,0.3737963729223977,0.4105068979713135,17,blocked
17353,153,0,0.3373678084653791,0.49318682809199677,17,blocked
17354,154,0,0.2925859049129368,0.4041377253954171,17,blocked
17355,155,0,0.6918434033635552,0.5540012784349599,17,blocked
17356,156,0,0.7601525514388523,0.29828097939005405,17,blocked
17357,157,0,0.3155608104589484,0.36783606265953084,17,blocked
17358,158,0,0.7184928155401664,0.38584311257671644,17,blocked
17359,159,0,0.5152001434669526,0.37274563087861257,17,blocked
17360,160,0,0.4733314952938716,0.3497822108813573,17,blocked
17361,161,0,0.5318798926588196,0.30660230479770834,17,blocked
17362,162,0,0.37498690692233216,0.46217741967479464,17,blocked
17363,163,0,0.6944810064089924,0.4030359942973526,17,blocked
17364,164,0,0.43407504506019234,0.43539829322860707,17,blocked
17365,165,0,0.804361033622247,0.4854070899341927,17,blocked
17366,166,0,0.6744369361528513,0.31745234866692396,17,blocked
17367,167,0,0.7517901032465455,0.42593344225749824,17,blocked
17368,168,0,0.5310098927358792,0.4053827159681216,17,blocked
17369,169,0,0.623273492625804,0.6040240433217259,17,blocked
17370,170,0,0.642161555714027,0.3542315874685683,17,blocked
17371,171,0,0.651240135503775,0.35498312795649967,17,blocked
17372,172,0,0.6118142959220568,0.3123949959586315,17,blocked
17373,173,0,0.3860058675439273,0.38273365629598766,17,blocked
17374,174,0,0.4551484499734718,0.3586060532521227,17,blocked
17375,175,0,0.5800313370050386,0.46165913823041516,17,blocked
17376,176,0,0.5459455881890639,0.37498388459356513,17,blocked
17377,177,0,0.5608960411319827,0.3833573091435061,17,blocked
17378,178,0,0.29205649077125806,0.3189687379001416,17,blocked
17379,179,0,0.5467811859971063,0.4613248484744966,17,blocked
17380,180,0,0.7181635495156635,0.4301165809606132,17,blocked
17381,181,0,0.6951103301338772,0.38930663569287816,17,blocked
17382,182,0,0.32329781049486966,0.49940940634183195,17,blocked
17383,183,0,0.5215105804968796,0.35612891236327293,17,blocked
17384,184,0,0.8178772846635941,0.4623581471247312,17,blocked
17385,185,0,0.4529051106238749,0.35905727631089934,17,blocked
17386,186,0,0.6267467604576533,0.38980738156077543,17,blocked
17387,187,0,0.5893915197290388,0.4099108898126794,17,blocked
17388,188,0,0.5962701621992164,0.40549269528104825,17,blocked
17389,189,0,0.8861834622966154,0.32522870622539285,17,blocked
17390,190,0,0.4867100469350135,0.34791721829310807,17,blocked
17391,191,0,0.6917991250095369,0.4255832588509266,17,blocked
17392,192,0,0.6855929434944806,0.378438434345302,17,blocked
17393,193,0,0.7575167410129211,0.3040370399960818,17,blocked
17394,194,0,0.7447311572469495,0.2942100948020838,17,blocked
17395,195,0,0.15094124712077653,0.371166121940361,17,blocked
17396,196,0,0.5171517445859442,0.3975695799538705,17,blocked
17397,197,0,0.7615124615016122,0.4320276002280244,17,blocked
17398,198,0,0.3847591700833779,0.3221729951108082,17,blocked
17399,199,0,0.63688287857877,0.36380947233334865,17,blocked
17400,0,0,0.452479059069569,0.48239514617384804,17,early
17401,1,0,0.39408573127970203,0.5921641576368201,17,early
17402,2,0,0.4268184568149348,0.5249323494345988,17,early
17403,3,1,0.4104813359889569,0.7038225341975779,17,early
17404,4,2,0.5097256379230806,0.8630997471958115,17,early
17405,5,3,0.4189385099159511,1.240765390104941,17,early
17406,6,4,0.9946529648507121,0.8229417606454911,17,early
17407,7,0,0.4865158802621493,0.4443084117489382,17,early
17408,8,0,0.424590602781397,0.6933061932810352,17,early
17409,9,0,0.5098823201937617,0.5041275627074386,17,early
17410,10,0,0.42684510859996266,0.5900927665257825,17,early
17411,11,0,0.32308517636230244,0.5285675553270252,17,early
17412,12,4,0.9949341299343628,0.6098279541321994,17,early
17413,13,0,0.44097038800105426,0.6257731305571599,17,early
17414,14,0,0.5179631925991628,0.5710999287539754,17,early
17415,15,0,0.598532797527226,0.37594854015051704,17,early
17416,16,0,0.33162138776982,0.5514274793710323,17,early
17417,17,0,0.43880580412745285,0.4247634113272908,17,early
17418,18,0,0.5606729290300831,0.5161587013872421,17,early
17419,19,0,0.33452239305929254,0.5615967331899797,17,early
17420,20,0,0.5646697768143616,0.5035344115542267,17,early
17421,21,0,0.27680571773769636,0.48968903469608727,17,early
17422,22,0,0.4372592638248855,0.7045585541165817,17,early
17423,23,0,0.4053605883554463,0.4522568816455555,17,early
17424,24,0,0.6671057120263046,0.3469461893358642,17,early
17425,25,0,0.5366300241722497,0.5383338128813624,17,early
17426,26,0,0.4264503315087228,0.466442856605649,17,early
17427,27,0,0.18634980105320684,0.6473612788777285,17,early
17428,28,0,0.6318440004030379,0.414378871196908,17,early
17429,29,0,0.3003237628851662,0.522373515495464,17,early
17430,30,0,0.3917253777900752,0.4536712997238068,17,early
17431,31,0,0.40026834035686243,0.47522762061731083,17,early
17432,32,0,0.3141242321400648,0.5063225872324125,17,early
17433,33,0,0.6779987793760487,0.41518002988604213,17,early
17434,34,0,0.66767061005843,0.38156540098554864,17,early
17435,35,0,0.321063970297199,0.44058500895146313,17,early
17436,36,0,0.4671991767214927,0.48473408981617416,17,early
17437,37,0,0.3083323981504686,0.42610770483835536,17,early
17438,38,0,0.3122310394005402,0.4361747969430465,17,early
17439,39,0,0.6121467696157985,0.39975165564631765,17,early
17440,40,0,0.6772885068081694,0.529529056654766,17,early
17441,41,0,0.5903632623913608,0.706637181234739,17,early
17442,42,0,0.7258744271885349,0.6025330120164143,17,early
17443,43,0,0.48971007550651857,0.35347412011460944,17,early
17444,44,0,0.3640655132619821,0.6171188208379627,17,early
17445,45,0,0.520886688508881,0.44511226220223693,17,early
17446,46,0,0.36929885055673306,0.3991342937845334,17,early
17447,47,0,0.5034012966455474,0.4094177448008232,17,early
17448,48,0,0.5743411026318244,0.5018118946979748,17,early
17449,49,0,0.5434352997401867,0.5287281115667621,17,early
17450,50,0,0.7028104381079485,0.5346583166485648,17,early
17451,51,0,0.6303783685976745,0.4586948742906947,17,early
17452,52,0,0.6046154317146542,0.47720698473453926,17,early
17453,53,0,0.6790767032294864,0.5504187595085863,17,early
17454,54,0,0.45142044360863454,0.40321919313554466,17,early
17455,55,0,0.8349197295267183,0.42858097371032106,17,early
17456,56,0,0.8101357871062527,0.6174049783865767,17,early
17457,57,0,0.6337874567906616,0.3689044376797982,17,early
17458,58,0,0.3311872717513271,0.4447549865850949,17,early
17459,59,0,0.6827485532465485,0.30717858094375183,17,early
17460,60,0,0.6477359619690531,0.37970733083535513,17,early
17461,61,0,0.5740019382406343,0.5783198928691221,17,early
17462,62,0,0.33430742546273534,0.43248734751844603,17,early
17463,63,0,0.7127591993914031,0.5011094064831769,17,early
17464,64,0,0.8013799317735806,0.5424244435643011,17,early
17465,65,0,0.8110039292085767,0.44811402150783175,17,early
17466,66,0,0.37181604668890805,0.47626235777903425,17,early
17467,67,0,0.8523408445458092,0.5263168939712262,17,early
17468,68,0,0.4774316497148344,0.4898999612743571,17,early
17469,69,0,0.38753717588364006,0.417189642250836,17,early
17470,70,0,0.20440544681138004,0.3823996028737082,17,early
17471,71,0,0.6268001143073472,0.36208460869489884,17,early
17472,72,0,0.13223189896790824,0.5758136227196848,17,early
17473,73,0,0.3185613473881769,0.33528335096551587,17,early
17474,74,0,0.5313509198176299,0.3521683104486539,17,early
17475,75,0,0.7775826106064228,0.3643765645203183,17,early
17476,76,0,0.889798546420816,0.43820402066900793,17,early
17477,77,0,0.8734208020440097,0.5421024284817937,17,early
17478,78,0,0.7112168617545849,0.3080966676766953,17,early
17479,79,0,0.23602232028725983,0.38229690967027674,17,early
17480,80,0,0.4087382045047091,0.5790673885287408,17,early
17481,81,0,0.16986228505908546,0.3721048918066595,17,early
17482,82,0,0.5752975156842276,0.4480276813542307,17,early
17483,83,0,0.9265520274292982,0.6648244078199625,17,early
17484,84,0,0.45738003534706345,0.3953824716047398,17,early
17485,85,0,0.1255844076112733,0.4226235241966803,17,early
17486,86,0,0.4972878431963175,0.5632768624691507,17,early
17487,87,0,0.7699267844300227,0.2436170825640382,17,early
17488,88,0,0.3283654891888792,0.5463305817334365,17,early
17489,89,0,0.198197978033759,0.37385070687950667,17,early
17490,90,0,0.4917264997127523,0.5601080638965248,17,early
17491,91,0,0.7062541461733409,0.4054927396407736,17,early
17492,92,0,0.49148116238669415,0.3242767848428074,17,early
17493,93,0,0.36850497168953356,0.561723011155343,17,early
17494,94,0,0.44175563360918935,0.4471408765824234,17,early
17495,95,0,0.8417717800154132,0.5598254958023893,17,early
17496,96,0,0.4098699830616851,0.38417170138881684,17,early
17497,97,0,0.46810331136255523,0.43471697065991055,17,early
17498,98,0,0.3031717263924034,0.5104918331367668,17,early
17499,99,0,0.8692116045213025,0.3664959024566153,17,early
17500,100,0,0.45429775044186077,0.4140463138690952,17,early
17501,101,0,0.8099390422274875,0.3664017481550066,17,early
17502,102,0,0.5519701773970588,0.36272422589591546,17,early
17503,103,0,0.3398064655807601,0.37311673570074005,17,early
17504,104,0,0.4882948103870254,0.46883069955490747,17,early
17505,105,0,0.8231210124362895,0.5051233905555343,17,early
17506,106,0,0.643593892873245,0.37084054126914945,17,early
17507,107,0,0.8615480194309835,0.47454885978650874,17,early
17508,108,0,0.5183319304620664,0.46683125082159305,17,early
17509,109,0,0.15477201202187105,0.3737884422235136,17,early
17510,110,0,0.6952053171027852,0.3733413873747763,17,early
17511,111,0,0.704376280606935,0.44421966193828527,17,early
17512,112,0,0.5824542947680326,0.44008445256728707,17,early
17513,113,0,0.9107046032904229,0.35996592052559795,17,early
17514,114,0,0.6258927303370693,0.3545497981375681,17,early
17515,115,0,0.8502291637462169,0.42886299558971847,17,early
17516,116,0,0.603597079780763,0.3465671031449786,17,early
17517,117,0,0.19609138350965985,0.4420990189344727,17,early
17518,118,0,0.5885318358679068,0.39937030403430474,17,early
17519,119,0,0.7751188220412619,0.42999686206047627,17,early
17520,120,0,0.5905961973207909,0.3332830947983574,17,early
17521,121,0,0.2708901546914096,0.4166686057994705,17,early
17522,122,0,0.25873475589978623,0.40401927131165705,17,early
17523,123,0,0.374460918970113,0.3609348420234293,17,early
17524,124,0,0.5940149717260302,0.4834962873702438,17,early
17525,125,0,0.16500340452509984,0.5242199559631033,17,early
17526,126,0,0.4993102281659672,0.43139115502729175,17,early
17527,127,0,0.9015385210725796,0.450767474716633,17,early
17528,128,0,0.6159662927139833,0.36199587891386714,17,early
17529,129,0,0.8553062555592151,0.363474828546393,17,early
17530,130,0,0.54462113459895,0.4911714185705053,17,early
17531,131,0,0.74749030856058,0.3122684504913539,17,early
17532,132,0,0.39045354968286083,0.41365559905286076,17,early
17533,133,0,0.7355908701524254,0.5038190088796898,17,early
17534,134,0,0.6868063741998425,0.2573790128412152,17,early
17535,135,0,0.13337189764917623,0.4159084087233918,17,early
17536,136,0,0.37398531241101673,0.3977740523656085,17,early
17537,137,0,0.6847409408758873,0.5929909876002712,17,early
17538,138,0,0.5486773816054233,0.5443376294380091,17,early
17539,139,0,0.28779442034091024,0.3403596663655719,17,early
17540,140,0,0.7161798007429896,0.424757532370718,17,early
17541,141,0,0.23097533978029883,0.42355779359086076,17,early
17542,142,0,0.3957333228445696,0.4066649082578418,17,early
17543,143,0,0.2448635396719731,0.33578300271352024,17,early
17544,144,0,0.25497135227925855,0.43223159264660416,17,early
17545,145,0,0.19846314757168515,0.33558367270905864,17,early
17546,146,0,0.309575324590334,0.5694531714612633,17,early
17547,147,0,0.7797850721161395,0.28196607279489094,17,early
17548,148,0,0.5464389002735767,0.36312101224919086,17,early
17549,149,0,0.8694759545539339,0.45232796427587646,17,early
17550,150,0,0.5900172148396227,0.4311132176548981,17,early
17551,151,0,0.08993718082606567,0.5791206659404726,17,early
17552,152,0,0.5846426130852531,0.3221418019833562,17,early
17553,153,1,0.20697484122101212,0.6489298029489623,17,early
17554,154,0,0.5868645678219933,0.4745834611842301,17,early
17555,155,0,0.5555457058443919,0.5994796075832325,17,early
17556,156,0,0.38300070190480184,0.4597785859034096,17,early
17557,157,0,0.7769347623553489,0.5792423637584558,17,early
17558,158,0,0.38127975071260467,0.41195867478671827,17,early
17559,159,0,0.4196477590366937,0.48787572434948234,17,early
17560,160,0,0.8232378839520811,0.35035569721807214,17,early
17561,161,0,0.4220006961432126,0.4815127066714624,17,early
17562,162,0,0.42234453308818465,0.512690121521337,17,early
17563,163,0,0.18678165283698991,0.34884945901103936,17,early
17564,164,0,0.87627615364629,0.3303830073967421,17,early
17565,165,0,0.4361683335079796,0.5087581375514731,17,early
17566,166,0,0.8471263244023302,0.4099453342430975,17,early
17567,167,0,0.47281221674344376,0.33627309021899365,17,early
17568,168,0,0.9042008197122305,0.3385061782581541,17,early
17569,169,0,0.5261740681770836,0.3238730153773768,17,early
17570,170,0,0.25785980197677616,0.44611250066533603,17,early
17571,171,0,0.9390950851561908,0.38873198030257,17,early
17572,172,0,0.5309555087078499,0.34830343292892507,17,early
17573,173,0,0.1142488680398959,0.5283674741064289,17,early
17574,174,0,0.500597417514261,0.3761352628441914,17,early
17575,175,0,0.8883345259427877,0.29193733861310445,17,early
17576,176,0,0.19456722148946576,0.43704074139629184,17,early
17577,177,0,0.47780727830371056,0.3604770762669117,17,early
17578,178,0,0.5264392537177764,0.5595490712808304,17,early
17579,179,0,0.38013336066524356,0.4025898923749638,17,early
17580,180,0,0.5144216896042468,0.4952765531696449,17,early
17581,181,0,0.6037588169033103,0.38352664312351425,17,early
17582,182,0,0.28370405666654147,0.44228352602106363,17,early
17583,183,0,0.6476485934154349,0.33666311390982007,17,early
17584,184,0,0.6248261243166965,0.3250440616178122,17,early
17585,185,0,0.5141890745138407,0.3777937164802224,17,early
17586,186,0,0.6038264565617474,0.38482966669417795,17,early
17587,187,0,0.4665283805545294,0.33921246080772965,17,early
17588,188,0,0.4701721243236461,0.3805387692401028,17,early
17589,189,0,0.767880640458309,0.4078612168796155,17,early
17590,190,0,0.5190920934778755,0.4392469655768568,17,early
17591,191,0,0.4965109518560684,0.2997963206554274,17,early
17592,192,0,0.8019784854523264,0.4022428664436155,17,early
17593,193,0,0.4643538143892382,0.42049192911303523,17,early
17594,194,0,0.4351848489819473,0.43614476412061065,17,early
17595,195,0,0.1306110510622243,0.4353221863907497,17,early
17596,196,0,0.2622468345902198,0.41949103282442146,17,early
17597,197,0,0.4414921945184005,0.4852164195060302,17,early
17598,198,0,0.7316396165423182,0.4094417175535303,17,early
17599,199,0,0.3727761229856394,0.545608058271199,17,early
17600,0,0,0.5405080369847659,0.6063716598945484,17,middle
17601,1,1,0.9600486724932269,0.6176280492519023,17,middle
17602,2,2,0.49972027567900595,0.8190701075097941,17,middle
17603,3,2,0.999424241803659,0.548491742421636,17,middle
17604,4,3,0.5003234601774166,0.8757438754496094,17,middle
17605,5,4,0.5066025041177529,1.1059480060218103,17,middle
17606,6,5,0.501950883183621,0.8429906250382273,17,middle
17607,7,6,0.1761888785850861,1.1995839814794471,17,middle
17608,8,2,0.5001686838611147,0.4530424118589982,17,middle
17609,9,2,0.9982994809390118,0.6431836244912815,17,middle
17610,10,2,0.4999489791894053,0.6218613100447343,17,middle
17611,11,2,0.0021242189839199978,0.7793541508201841,17,middle
17612,12,7,0.49911033386921305,0.767519303631306,17,middle
17613,13,2,0.0011038291469639958,0.6215662555302742,17,middle
17614,14,2,0.4990357442033917,0.6743943796861172,17,middle
17615,15,2,0.9951692377709254,0.6194857579455555,17,middle
17616,16,7,0.21936367548310173,0.815562025431578,17,middle
17617,17,2,0.9976233063065558,0.4491920461268746,17,middle
17618,18,8,0.5014306784188243,0.8284448823339018,17,middle
17619,19,2,0.0029780263916269973,0.6656256797489744,17,middle
17620,20,2,0.49995023421642015,0.6792812746314203,17,middle
17621,21,9,0.32746342174577087,1.1697408616655145,17,middle
17622,22,10,0.502712363081208,0.9587548310522681,17,middle
17623,23,2,0.9924070255010891,0.4745595281982625,17,middle
17624,24,2,0.5000434366147302,0.45519724952546425,17,middle
17625,25,2,0.004287976245922772,0.7135933684744014,17,middle
17626,26,2,0.5005147506331067,0.5769631265733268,17,middle
17627,27,2,0.010658317122072759,0.7203585573265929,17,middle
17628,28,2,0.501971804835855,0.491817288799691,17,middle
17629,29,2,0.9799043896351519,0.736410961888579,17,middle
17630,30,2,0.5018058974650543,0.5441758078898739,17,middle
17631,31,2,0.024673571094357506,0.7078211696103266,17,middle
17632,32,2,0.4973425061627986,0.4747207506298864,17,middle
17633,33,2,0.05798436504295646,0.5938524822778811,17,middle
17634,34,2,0.4986129112578417,0.5276208927443753,17,middle
17635,35,2,0.04940176007996146,0.4788405154107992,17,middle
17636,36,2,0.475721398162093,0.46652457948341597,17,middle
17637,37,2,0.7321855266073343,0.5687810987808914,17,middle
17638,38,2,0.4630425145912006,0.4894010262010654,17,middle
17639,39,2,0.1558578760995328,0.7511066674623604,17,middle
17640,40,2,0.5076948052711772,0.4575815557530194,17,middle
17641,41,2,0.5219269434680625,0.44813805192671663,17,middle
17642,42,2,0.4881616783864975,0.3669424743623047,17,middle
17643,43,2,0.3560264387546807,0.7371311857518803,17,middle
17644,44,2,0.42062701815775255,0.3972987968103965,17,middle
17645,45,2,0.46887093141172426,0.3795045249673551,17,middle
17646,46,2,0.3914527984428965,0.48172000772376633,17,middle
17647,47,2,0.5238686490042792,0.3635313067853124,17,middle
17648,48,2,0.491922516337433,0.2904321988462348,17,middle
17649,49,2,0.5297879042057524,0.5936710701068225,17,middle
17650,50,2,0.46389391889664794,0.568602580245837,17,middle
17651,51,2,0.4493850347552322,0.4678718407056287,17,middle
17652,52,2,0.5040406209552906,0.9072648913478767,17,middle
17653,53,2,0.588146813592896,0.5113633996976228,17,middle
17654,54,2,0.45008380815040544,0.39324913398157385,17,middle
17655,55,2,0.46870824818001533,0.4331432218610305,17,middle
17656,56,2,0.43205466533785586,0.49597212536287727,17,middle
17657,57,2,0.5656932651141551,0.5118389549568985,17,middle
17658,58,2,0.5331545387371651,0.43486486804958324,17,middle
17659,59,2,0.5548106426272463,0.36297973831637775,17,middle
17660,60,2,0.4162904046962926,0.556750127355514,17,middle
17661,61,2,0.4486782069605907,0.44856426926098375,17,middle
17662,62,2,0.3872316647728245,0.4431394216961636,17,middle
17663,63,2,0.39633882699867945,0.4131080784211454,17,middle
17664,64,2,0.535169445583341,0.45610969684444364,17,middle
17665,65,2,0.5361111014573091,0.36017507509645563,17,middle
17666,66,2,0.6143096015796199,0.499399559318059,17,middle
17667,67,2,0.5288671333160129,0.47211769792196456,17,middle
17668,68,2,0.41598759830351656,0.39415458897391664,17,middle
17669,69,2,0.549879102594733,0.4577649651468584,17,middle
17670,70,2,0.5442449208363591,0.3311386364340717,17,middle
17671,71,2,0.3820358597886794,0.4094306956849638,17,middle
17672,72,2,0.5645541859205894,0.3603670967443819,17,middle
17673,73,2,0.33852408940155965,0.5704089892253419,17,middle
17674,74,2,0.4492780523768173,0.4056052786370691,17,middle
17675,75,2,0.5673792926555702,0.5754045295391804,17,middle
17676,76,2,0.3943866638793648,0.5029387748336852,17,middle
17677,77,2,0.3279621797576836,0.420544025898463,17,middle
17678,78,2,0.5474969734491798,0.29379408117103767,17,middle
17679,79,2,0.3272207495656443,0.44331791009542765,17,middle
17680,80,2,0.5386760189886652,0.42798715906954904,17,middle
17681,81,2,0.6654600363511137,0.36483365212967267,17,middle
17682,82,2,0.307538107847224,0.3858824849338597,17,middle
17683,83,2,0.4353779606957885,0.3059015998406247,17,middle
17684,84,2,0.8223224130683491,0.48684891586398693,17,middle
17685,85,2,0.5393180583993283,0.4626899117589823,17,middle
17686,86,2,0.414919298701874,0.30284367986302296,17,middle
17687,87,2,0.3731860154359234,0.5913798324279154,17,middle
17688,88,2,0.7749334668836811,0.38630908229867056,17,middle
17689,89,2,0.6485405353425822,0.5071929955898192,17,middle
17690,90,2,0.6472313235879321,0.37362117671280337,17,middle
17691,91,2,0.6694616212682515,0.34307170710368196,17,middle
17692,92,2,0.5227012217724065,0.33889360286884646,17,middle
17693,93,2,0.45154483086457364,0.5457302243746172,17,middle
17694,94,2,0.32056730177338644,0.47244591443497463,17,middle
17695,95,2,0.6132087776368483,0.4876500277686596,17,middle
17696,96,2,0.7246913149221923,0.42025292119711366,17,middle
17697,97,2,0.5782790470517992,0.44158244111830264,17,middle
17698,98,2,0.6830524788905092,0.25775390854534297,17,middle
17699,99,2,0.31328776546737935,0.4559139969230883,17,middle
17700,100,2,0.5401617929178502,0.36270087822798663,17,middle
17701,101,2,0.8217961014643157,0.40434257230664095,17,middle
17702,102,2,0.19460940968539536,0.4237424543506719,17,middle
17703,103,2,0.8033875241952122,0.5081161391065276,17,middle
17704,104,2,0.8595139814466519,0.37227645927718755,17,middle
17705,105,2,0.23513891172692641,0.4783731789458878,17,middle
17706,106,2,0.16728160931370345,0.43866756687540404,17,middle
17707,107,2,0.22593726211498866,0.43900152277610993,17,middle
17708,108,2,0.1882358574779799,0.4312805069093795,17,middle
17709,109,2,0.868964874503131,0.32106047922391173,17,middle
17710,110,2,0.3127566323417799,0.3958791539147094,17,middle
17711,111,2,0.8612995362025575,0.4409122627960562,17,middle
17712,112,2,0.29064156789032086,0.38236310035301413,17,middle
17713,113,2,0.8354946400879668,0.41001211086887546,17,middle
17714,114,2,0.878476425425416,0.3632760058809151,17,middle
17715,115,2,0.19915443398463484,0.4663469876987336,17,middle
17716,116,2,0.9150013375197921,0.35263055529532733,17,middle
17717,117,2,0.8340210447422931,0.39375714528737477,17,middle
17718,118,2,0.7240176798345861,0.3968266554509482,17,middle
17719,119,2,0.8221498856040204,0.3316326769929919,17,middle
17720,120,2,0.33448201513171905,0.5721271664222287,17,middle
17721,121,2,0.16479329493463088,0.3679593679386648,17,middle
17722,122,2,0.5468056417911703,0.40312082299683905,17,middle
17723,123,2,0.14043161483056316,0.3942372779693558,17,middle
17724,124,2,0.46885157141000766,0.4783790749275427,17,middle
17725,125,2,0.272846434377472,0.394495077938144,17,middle
17726,126,2,0.5406190039208304,0.3583028970082515,17,middle
17727,127,2,0.2629406577220015,0.46319861534506895,17,middle
17728,128,2,0.3255810356502604,0.6549355974826958,17,middle
17729,129,2,0.7632382355721643,0.4733076012989461,17,middle
17730,130,2,0.3578030921058249,0.4286649965299878,17,middle
17731,131,2,0.8063281138014737,0.48112329412162846,17,middle
17732,132,2,0.29588132294088276,0.5108540305916295,17,middle
17733,133,2,0.32051994017039387,0.3663392951490627,17,middle
17734,134,2,0.31798931143017817,0.49960144510901505,17,middle
17735,135,2,0.2517338768825784,0.3675045284573275,17,middle
17736,136,2,0.579532614062401,0.37031703463120175,17,middle
17737,137,2,0.7606266843859354,0.3886459375489233,17,middle
17738,138,2,0.39433920580023446,0.4469212664156774,17,middle
17739,139,2,0.7009699314667398,0.4779595608706583,17,middle
17740,140,2,0.31281534473346473,0.4899940583096547,17,middle
17741,141,2,0.6922401954393225,0.32666510122288994,17,middle
17742,142,2,0.34241103484869473,0.367086672572396,17,middle
17743,143,2,0.38002379528432667,0.47975853778548616,17,middle
17744,144,2,0.6144261133644284,0.29278794653034584,17,middle
17745,145,2,0.46891607388352813,0.37144818495095777,17,middle
17746,146,2,0.44252503200134286,0.49509397590974247,17,middle
17747,147,2,0.8082773413023303,0.45722890545889255,17,middle
17748,148,2,0.5025326582868791,0.41276606369602875,17,middle
17749,149,2,0.9127444179746272,0.3806009633140878,17,middle
17750,150,2,0.3634724860847784,0.49442121308632725,17,middle
17751,151,2,0.24669871594583598,0.37608106047344614,17,middle
17752,152,2,0.567195851569539,0.4944734292521289,17,middle
17753,153,2,0.4498945456630298,0.4315273457815018,17,middle
17754,154,2,0.5861879653947396,0.3166482643497952,17,middle
17755,155,2,0.34671911630666313,0.3187872496127719,17,middle
17756,156,2,0.29408190941807993,0.4956841180041551,17,middle
17757,157,2,0.7428584156254336,0.41187022359699754,17,middle
17758,158,2,0.6299126115164448,0.33699466049136184,17,middle
17759,159,2,0.8372741597719576,0.41143247771469366,17,middle
17760,160,2,0.7101711514266077,0.3055555918730991,17,middle
17761,161,2,0.643574683883852,0.4168710974828016,17,middle
17762,162,2,0.3594961892954439,0.3430558559754855,17,middle
17763,163,2,0.541062948170011,0.2823995882517606,17,middle
17764,164,2,0.48803193254623045,0.4539712935936892,17,middle
17765,165,2,0.5604823171805717,0.5246074493597144,17,middle
17766,166,2,0.5044385268271445,0.5193188799879007,17,middle
17767,167,2,0.43803394667101336,0.34966590020409877,17,middle
17768,168,2,0.34982505404678743,0.41805021283657573,17,middle
17769,169,2,0.20072953377072456,0.42371699858849093,17,middle
17770,170,2,0.7305929776353444,0.3912430278663049,17,middle
17771,171,2,0.6106231432927072,0.4075218849461918,17,middle
17772,172,2,0.7230326048530992,0.4055792250346594,17,middle
17773,173,2,0.4475303870879842,0.5908457772523048,17,middle
17774,174,2,0.5922373008825148,0.4577151556100426,17,middle
17775,175,2,0.4556598720378939,0.3367080409595573,17,middle
17776,176,2,0.6463278175769818,0.3731913472648546,17,middle
17777,177,2,0.4100633108088136,0.41990342070459585,17,middle
17778,178,2,0.25900425965128976,0.5874657413402584,17,middle
17779,179,2,0.39786665003189337,0.4421441489611353,17,middle
17780,180,2,0.6216200484415864,0.49972389880452517,17,middle
17781,181,2,0.6409497857481186,0.3756686271641498,17,middle
17782,182,2,0.8791026217979868,0.42447926105800377,17,middle
17783,183,2,0.3077131976665898,0.2721915562678686,17,middle
17784,184,2,0.733737342990078,0.47576756940561116,17,middle
17785,185,2,0.627864293806684,0.35900059206142754,17,middle
17786,186,2,0.7654750916069997,0.613484579532897,17,middle
17787,187,2,0.4075564804415145,0.5474605848897776,17,middle
17788,188,2,0.5809341027998115,0.36106027181387634,17,middle
17789,189,2,0.17397344008949117,0.4872924568499786,17,middle
17790,190,2,0.8172734246021294,0.3583195709277822,17,middle
17791,191,2,0.8516864129607551,0.2598998550050061,17,middle
17792,192,2,0.6272988803057664,0.28408274869369776,17,middle
17793,193,2,0.5344376418534016,0.27890277219635057,17,middle
17794,194,2,0.36731657014987773,0.389315007603543,17,middle
17795,195,2,0.5852778575742583,0.31018527941228213,17,middle
17796,196,2,0.4079127879467218,0.3433422884490438,17,middle
17797,197,2,0.6451205859152463,0.5357136051708566,17,middle
17798,198,2,0.37858402727498575,0.38723334562800693,17,middle
17799,199,2,0.3593587211889616,0.39295266552349917,17,middle
17800,0,0,0.5998614171823702,0.6253960347992327,17,late
17801,1,0,0.9129624259041067,0.6159563535383733,17,late
17802,2,0,0.5677079417009174,0.7257440245477678,17,late
17803,3,0,0.941586659389761,0.4089852542806528,17,late
17804,4,0,0.4282077608500139,0.5413545679268158,17,late
17805,5,1,0.042309690287534715,0.929330171369753,17,late
17806,6,2,0.545757524639225,0.6424169902563457,17,late
17807,7,0,0.09852323982895596,0.6824357132732992,17,late
17808,8,0,0.42885133347272353,0.7302855980559931,17,late
17809,9,0,0.9369264892426019,0.43495867268969834,17,late
17810,10,0,0.5331459569228895,0.7218354716967259,17,late
17811,11,0,0.10986146784191533,0.774475549157781,17,late
17812,12,3,0.12813487123811762,1.1070772703910972,17,late
17813,13,0,0.918505438202857,0.43460923390927064,17,late
17814,14,0,0.43328866332083515,0.6209681525283905,17,late
17815,15,0,0.07872018232042395,0.6812688500347662,17,late
17816,16,0,0.5476367568229369,0.7516853586971864,17,late
17817,17,0,0.13976718384653117,0.7918851878366515,17,late
17818,18,0,0.6061872572401432,0.5760175155292575,17,late
17819,19,0,0.7796859659526842,0.5105467392504979,17,late
17820,20,0,0.6042550630895874,0.5310433020940353,17,late
17821,21,0,0.10359568943503551,0.6654719102513029,17,late
17822,22,0,0.4492593723431938,0.5771836512551598,17,late
17823,23,0,0.8392458092042616,0.5102842673660355,17,late
17824,24,0,0.42894282793837,0.5273075804278768,17,late
17825,25,0,0.8542840926392461,0.6178915205352563,17,late
17826,26,0,0.5563129523687407,0.5444485437029287,17,late
17827,27,0,0.09698199798872978,0.6396109278025797,17,late
17828,28,0,0.4271821352382649,0.39562323019318907,17,late
17829,29,0,0.11541810491239235,0.5328528749799872,17,late
17830,30,0,0.466459707325246,0.5160814352101144,17,late
17831,31,0,0.8669135105346591,0.4620498855803341,17,late
17832,32,0,0.48059480575657476,0.5385929586587221,17,late
17833,33,0,0.9537930739265592,0.5766141695157871,17,late
17834,34,0,0.5650006669909846,0.6499442486824496,17,late
17835,35,0,0.7967792326177321,0.3818484779046681,17,late
17836,36,0,0.5514642283911293,0.6462435167830257,17,late
17837,37,0,0.1713602748779343,0.6008470463274524,17,late
17838,38,0,0.5071346142752562,0.44045324723795437,17,late
17839,39,0,0.8572647726046442,0.5032370735625333,17,late
17840,40,0,0.567288148147824,0.43744969425157443,17,late
17841,41,0,0.17536825992887264,0.5520480442293727,17,late
17842,42,0,0.5780561705057696,0.3755973498251758,17,late
17843,43,0,0.2694924868646505,0.5344731396091316,17,late
17844,44,0,0.5871460046360975,0.4878227514524785,17,late
17845,45,0,0.799449006073513,0.48285039037174643,17,late
17846,46,0,0.47293486025488507,0.5677681630941878,17,late
17847,47,0,0.8513699870917736,0.38622559823788893,17,late
17848,48,0,0.6069973661953859,0.5379304669704756,17,late
17849,49,0,0.15503152770040912,0.5931778331856059,17,late
17850,50,0,0.5913130062941857,0.4619730108335949,17,late
17851,51,0,0.22246615278958232,0.5526960450340437,17,late
17852,52,0,0.4389580709447495,0.6975632901360567,17,late
17853,53,0,0.7716243464066306,0.43825499708671367,17,late
17854,54,0,0.4581527742661811,0.533465025841132,17,late
17855,55,0,0.7021295159422931,0.5189102298342221,17,late
17856,56,0,0.5084079216449969,0.6965553528616815,17,late
17857,57,0,0.6552650729926679,0.4976625433370474,17,late
17858,58,0,0.4386740241964818,0.5934370239116644,17,late
17859,59,0,0.7418098944963245,0.5805150604109224,17,late
17860,60,0,0.5958701870660212,0.49468925689474136,17,late
17861,61,0,0.1673798002655994,0.48117683565324665,17,late
17862,62,0,0.4763293987425023,0.41016684967390993,17,late
17863,63,0,0.08185222272550849,0.6276089147343329,17,late
17864,64,0,0.546374489728786,0.45844604417118345,17,late
17865,65,0,0.16706418113492982,0.5861835958522588,17,late
17866,66,0,0.5692633372889221,0.5275207349596571,17,late
17867,67,0,0.1543482666755343,0.6500587550787458,17,late
17868,68,0,0.504313549084687,0.5727719254546326,17,late
17869,69,0,0.41713969393221123,0.6182140484936738,17,late
17870,70,0,0.5029043168775615,0.527579001835749,17,late
17871,71,0,0.34696433300205737,0.511200505668262,17,late
17872,72,0,0.5487851512846419,0.4424977168175199,17,late
17873,73,0,0.20741535098979952,0.6677753412603169,17,late
17874,74,0,0.6476878475681522,0.4793483532498365,17,late
17875,75,0,0.544413633561728,0.5062871370511625,17,late
17876,76,0,0.5621340611140702,0.4671442278200215,17,late
17877,77,0,0.47249907340110153,0.5019750397593378,17,late
17878,78,0,0.7749793778268017,0.617687272165867,17,late
17879,79,0,0.20470490408160247,0.6218999894793469,17,late
17880,80,0,0.6549433825021302,0.4650915458099524,17,late
17881,81,0,0.6493643373989845,0.5469095314471231,17,late
17882,82,0,0.4828532083380956,0.4305314525586156,17,late
17883,83,0,0.6507862673993743,0.5216822283988177,17,late
17884,84,0,0.7311039391138966,0.5566271036808822,17,late
17885,85,0,0.5692460568135845,0.6434968041299438,17,late
17886,86,0,0.5523475717975662,0.5521187450640324,17,late
17887,87,0,0.6104054805821721,0.3942148651511972,17,late
17888,88,0,0.5723252072499012,0.4147532583062518,17,late
17889,89,0,0.5196268073551168,0.4585894796164228,17,late
17890,90,0,0.6567457389089915,0.49900998034777555,17,late
17891,91,0,0.5309540355660732,0.49947694250689323,17,late
17892,92,0,0.49335927661303997,0.44114892323616767,17,late
17893,93,0,0.5308011089475148,0.43619114551530724,17,late
17894,94,0,0.5207278254552602,0.5044895961217173,17,late
17895,95,0,0.5319651513265484,0.4272959416987901,17,late
17896,96,0,0.42074398914358196,0.4700552570512014,17,late
17897,97,0,0.5186501396646108,0.43380085009502456,17,late
17898,98,0,0.5725162735566489,0.5189591531755631,17,late
17899,99,0,0.7366003109802085,0.5388579504231654,17,late
17900,100,0,0.558462582690639,0.5056705846877745,17,late
17901,101,0,0.6789010061194585,0.4544177383604902,17,late
17902,102,0,0.5842283434462744,0.5155454725665128,17,late
17903,103,0,0.5931000220187506,0.5243979394858087,17,late
17904,104,0,0.49900136259425054,0.41606175760180175,17,late
17905,105,0,0.8197764851638447,0.6585880616863875,17,late
17906,106,0,0.5372623415025671,0.533709199515575,17,late
17907,107,0,0.5067773012910297,0.5866792101576757,17,late
17908,108,0,0.5544531553826886,0.5237376131622402,17,late
17909,109,0,0.6063271710317615,0.49286052996874163,17,late
17910,110,0,0.6285213535916615,0.5289190293121572,17,late
17911,111,0,0.4841203356770828,0.44752344973431346,17,late
17912,112,0,0.5900224430761757,0.4888442540520922,17,late
17913,113,0,0.6207972405823409,0.4530862713552839,17,late
17914,114,0,0.47585702679178543,0.49392026794315963,17,late
17915,115,0,0.6078309426191305,0.421726145095682,17,late
17916,116,0,0.6105707464934477,0.4931226528669618,17,late
17917,117,0,0.6360057944618688,0.4498088327883941,17,late
17918,118,0,0.6702691121751853,0.47448234538309775,17,late
17919,119,0,0.5999227778108842,0.5233413382433089,17,late
17920,120,0,0.25477044281393013,0.6022148077723647,17,late
17921,121,0,0.2511275612045396,0.621738778603782,17,late
17922,122,0,0.33635773847558215,0.4896465860500847,17,late
17923,123,0,0.6180236251560289,0.6337327324063959,17,late
17924,124,0,0.29462080776291893,0.5610770486647598,17,late
17925,125,0,0.3292217971458403,0.5551014938425249,17,late
17926,126,0,0.34327994922719707,0.5518502831129265,17,late
17927,127,0,0.6296951395969446,0.5632740905435751,17,late
17928,128,0,0.37009867711164657,0.5045734285009746,17,late
17929,129,0,0.3779083757408901,0.5552226508790613,17,late
17930,130,0,0.3296411653686025,0.6115381198995106,17,late
17931,131,0,0.3726977162918622,0.463432170608871,17,late
17932,132,0,0.38419621711150254,0.5687562102943877,17,late
17933,133,0,0.5063464195291442,0.5104497974799879,17,late
17934,134,0,0.36133672644397247,0.6320876773827193,17,late
17935,135,0,0.5676484610508095,0.5560618502847625,17,late
17936,136,0,0.47912725518641525,0.5154492038086269,17,late
17937,137,0,0.5411028811043177,0.47935016098319094,17,late
17938,138,0,0.3725146300961495,0.5514234156907385,17,late
17939,139,0,0.43580097730161726,0.7731322726203571,17,late
17940,140,0,0.5495587564475222,0.38743836269704046,17,late
17941,141,0,0.5563547107829014,0.45566443618429,17,late
17942,142,0,0.35557214943379045,0.5071878311703646,17,late
17943,143,0,0.5788140793808713,0.5670770682610338,17,late
17944,144,0,0.41311861474965567,0.515077715363489,17,late
17945,145,0,0.3134204193210752,0.46025493943761153,17,late
17946,146,0,0.2419501421398368,0.5176784261373614,17,late
17947,147,0,0.7269876255627542,0.3520133299024082,17,late
17948,148,0,0.2559629237467705,0.4990677010996681,17,late
17949,149,0,0.28787409049621926,0.5323932848239492,17,late
17950,150,0,0.6104188872909053,0.3342591181660185,17,late
17951,151,0,0.3232259527233201,0.44791519365981225,17,late
17952,152,0,0.37213729624252345,0.6731039543639922,17,late
17953,153,0,0.6704820229713092,0.533026422408926,17,late
17954,154,0,0.30910317225486106,0.570429562739108,17,late
17955,155,0,0.4568196726725634,0.4538997084052475,17,late
17956,156,0,0.46335002447390644,0.5250710925461649,17,late
17957,157,0,0.5398910666095692,0.5839054011136717,17,late
17958,158,0,0.3897651358021639,0.5272137052823098,17,late
17959,159,0,0.36252149842751824,0.5730380151951391,17,late
17960,160,0,0.6317305615609845,0.37408825179434285,17,late
17961,161,0,0.3830604184869251,0.6039336021363496,17,late
17962,162,0,0.3132678683984634,0.5552451057824852,17,late
17963,163,0,0.6389709183252594,0.5309673199801885,17,late
17964,164,0,0.39411903426368583,0.5180332671951293,17,late
17965,165,0,0.6476102424975174,0.5310438170973011,17,late
17966,166,0,0.343931126413007,0.586562408645934,17,late
17967,167,0,0.6245496664157039,0.4673084687535733,17,late
17968,168,0,0.48502850297372246,0.4902359611019744,17,late
17969,169,0,0.43509625914171507,0.5905521007915717,17,late
17970,170,0,0.6209815981234246,0.6230944048624787,17,late
17971,171,0,0.3600250658057335,0.5260275450672142,17,late
17972,172,0,0.42306567792725547,0.45560367941195357,17,late
17973,173,0,0.5927461524261912,0.44500773908050834,17,late
17974,174,0,0.5595445068592266,0.45905044194847094,17,late
17975,175,0,0.35247704384548983,0.611827126817935,17,late
17976,176,0,0.3976327373291354,0.6161168030651099,17,late
17977,177,0,0.5001780926263129,0.4540405199507852,17,late
17978,178,0,0.6503236425866704,0.4809976176395718,17,late
17979,179,0,0.6311807812801057,0.6038757767883558,17,late
17980,180,0,0.44223406639778284,0.5837669149155723,17,late
17981,181,0,0.4516061766614521,0.5500191688446107,17,late
17982,182,0,0.42715017454671844,0.5059915410861806,17,late
17983,183,0,0.5231605808953614,0.5634173500043996,17,late
17984,184,0,0.6147130426033305,0.568376809762748,17,late
17985,185,0,0.468953453339113,0.5084196067812309,17,late
17986,186,0,0.38724954648168713,0.4955485446702463,17,late
17987,187,0,0.2649063344617957,0.6227925330242539,17,late
17988,188,0,0.7623685612638879,0.5491183732429854,17,late
17989,189,0,0.4887624667055346,0.33836157623708263,17,late
17990,190,0,0.5764422877001423,0.46929290473376656,17,late
17991,191,0,0.5584306970255503,0.43425555533411153,17,late
17992,192,0,0.6399149711100317,0.45413041548860666,17,late
17993,193,0,0.7122091308444869,0.40812674189480436,17,late
17994,194,0,0.3020417449677767,0.5281617830862392,17,late
17995,195,0,0.6216404533305008,0.4398886691627319,17,late
17996,196,0,0.7221996850733267,0.49867518445259496,17,late
17997,197,0,0.46813197770712184,0.3433142407174716,17,late
17998,198,0,0.49231341298592857,0.46694261761999256,17,late
17999,199,0,0.601607184424661,0.5455605220717039,17,late
18000,0,0,0.000994755233197112,0.9785901262689869,18,interleaved
18001,1,0,0.49856606820445704,0.6446138304004476,18,interleaved
18002,2,1,0.0020356067572668076,0.8989473070230667,18,interleaved
18003,3,0,0.4993888351272211,0.6591583919436355,18,interleaved
18004,4,0,0.002929205101042295,0.8213005089016983,18,interleaved
18005,5,0,0.5017296054182565,0.6968289230696018,18,interleaved
18006,6,2,0.4740395293494716,1.1030003347088777,18,interleaved
18007,7,0,0.4945467318513761,0.6963267864244779,18,interleaved
18008,8,0,0.9994275834700859,0.7196218896386746,18,interleaved
18009,9,0,0.5023399072796934,0.6471580293447012,18,interleaved
18010,10,0,0.006199562907390798,0.8285534968121774,18,interleaved
18011,11,0,0.4981200717135638,0.7323410025641812,18,interleaved
18012,12,0,0.0023888254173331978,0.6988567716822729,18,interleaved
18013,13,0,0.5012045678361148,0.757700570923022,18,interleaved
18014,14,0,0.9970157604683569,0.5110069288004664,18,interleaved
18015,15,0,0.5031905170138146,0.7184155097368345,18,interleaved
18016,16,0,0.002443148113458137,0.6279238891428638,18,interleaved
18017,17,0,0.48239780859719206,0.5092811920607843,18,interleaved
18018,18,0,0.9869591571898939,0.3788119784377396,18,interleaved
18019,19,0,0.49594873257176114,0.6035567588139027,18,interleaved
18020,20,0,0.9920650381414119,0.6537939871226564,18,interleaved
18021,21,0,0.49209363856683425,0.7799179921567974,18,interleaved
18022,22,0,0.9957978970873397,0.5033623551233374,18,interleaved
18023,23,0,0.4732342933720737,0.5855602687000656,18,interleaved
18024,24,0,0.9897705707059898,0.3838872404994909,18,interleaved
18025,25,0,0.5339957313947779,0.6409904974452805,18,interleaved
18026,26,0,0.043525975065062956,0.7671226425812248,18,interleaved
18027,27,0,0.4819901844336951,0.6453906685446481,18,interleaved
18028,28,0,0.9657761361365964,0.636524255637815,18,interleaved
18029,29,0,0.4866670541633386,0.5719024381548428,18,interleaved
18030,30,0,0.9395666710634127,0.4959879833989199,18,interleaved
18031,31,0,0.5167015112100807,0.6045688399844413,18,interleaved
18032,32,0,0.9525226996200882,0.41630356785637496,18,interleaved
18033,33,0,0.49643939189315217,0.4797054322536321,18,interleaved
18034,34,0,0.9846291457857925,0.6514263412442476,18,interleaved
18035,35,0,0.513485800419597,0.5571753291944345,18,interleaved
18036,36,0,0.018628225646976984,0.4896928023375412,18,interleaved
18037,37,0,0.4932533944339439,0.46310493815386466,18,interleaved
18038,38,0,0.9727078992648812,0.36418708504513353,18,interleaved
18039,39,0,0.4949449321441811,0.5543985681632344,18,interleaved
18040,40,0,0.9366812954156235,0.3416463823735153,18,interleaved
18041,41,0,0.44410444515408737,0.41105985939176515,18,interleaved
18042,42,0,0.9681955933955377,0.48330231741891005,18,interleaved
18043,43,0,0.517025070456235,0.4175118189326331,18,interleaved
18044,44,0,0.09895257068708857,0.4986909028713562,18,interleaved
18045,45,0,0.4971869763902866,0.35576662518430063,18,interleaved
18046,46,0,0.025754198309272877,0.43252929792624595,18,interleaved
18047,47,0,0.489781805953916,0.5323038392552634,18,interleaved
18048,48,0,0.06400919716865572,0.455768041622866,18,interleaved
18049,49,0,0.44546727893358135,0.46095732865655004,18,interleaved
18050,50,0,0.9220635382154441,0.4797742557594437,18,interleaved
18051,51,0,0.6391404294011297,0.351811802242996,18,interleaved
18052,52,0,0.05344249116033518,0.38064779322990394,18,interleaved
18053,53,0,0.5395141197125579,0.35366833962430355,18,interleaved
18054,54,0,0.1334923607699932,0.5970309638535752,18,interleaved
18055,55,0,0.3591846372971778,0.5745062940165264,18,interleaved
18056,56,0,0.890673548114706,0.36369799628663624,18,interleaved
18057,57,0,0.4336687629073014,0.4870852834074342,18,interleaved
18058,58,0,0.3037232171307007,0.46913505251610627,18,interleaved
18059,59,0,0.5377626786913161,0.39350428456133096,18,interleaved
18060,60,0,0.2401793221129377,0.44001689338216254,18,interleaved
18061,61,0,0.28325062685874625,0.5413350292386179,18,interleaved
18062,62,0,0.21121791902626968,0.3551321918644912,18,interleaved
18063,63,0,0.669433495117998,0.3791051198324917,18,interleaved
18064,64,0,0.14783821060671792,0.37688132218770665,18,interleaved
18065,65,0,0.38637232017546896,0.45544322291936173,18,interleaved
18066,66,0,0.7921395899956304,0.40701676822485033,18,interleaved
18067,67,0,0.27961987575996894,0.44024122352536943,18,interleaved
18068,68,0,0.461218009089065,0.5660477393928516,18,interleaved
18069,69,0,0.22694745038109862,0.6524533364590743,18,interleaved
18070,70,0,0.23981232991292478,0.44911052628397113,18,interleaved
18071,71,0,0.5692253929063621,0.4409272166660711,18,interleaved
18072,72,0,0.4893471087622916,0.4761148998010756,18,interleaved
18073,73,0,0.6334002174703024,0.42689545928080597,18,interleaved
18074,74,0,0.585907364918542,0.44266289296917627,18,interleaved
18075,75,0,0.3478533298062506,0.5422093202052467,18,interleaved
18076,76,0,0.8865506990750031,0.389929607301745,18,interleaved
18077,77,0,0.6198738420135295,0.39733895130357,18,interleaved
18078,78,0,0.822099745229195,0.41672805205091784,18,interleaved
18079,79,0,0.30894980427613655,0.32396112933306503,18,interleaved
18080,80,0,0.7331061589571839,0.3170472044581163,18,interleaved
18081,81,0,0.5868159181449665,0.43612629878871967,18,interleaved
18082,82,0,0.2009201746076137,0.4163855079926555,18,interleaved
18083,83,0,0.3378270210203987,0.48672598599064754,18,interleaved
18084,84,0,0.3528485798505083,0.5952789113629628,18,interleaved
18085,85,0,0.6694291124871474,0.5982852024054882,18,interleaved
18086,86,0,0.7388977602955276,0.4569860382003009,18,interleaved
18087,87,0,0.22917058479515123,0.4300596224543339,18,interleaved
18088,88,0,0.6866114910798162,0.4246802105726202,18,interleaved
18089,89,0,0.6084269062802208,0.4696102402794685,18,interleaved
18090,90,0,0.1884301654486085,0.34972791430135386,18,interleaved
18091,91,0,0.7402875522269248,0.41790229284344604,18,interleaved
18092,92,0,0.8964299017172441,0.3526002060805178,18,interleaved
18093,93,0,0.29174839192920327,0.4412438124233722,18,interleaved
18094,94,0,0.6234119990717304,0.41307965778175637,18,interleaved
18095,95,0,0.27184753510537546,0.4978269478938348,18,interleaved
18096,96,0,0.32730177509932423,0.5480554545301523,18,interleaved
18097,97,0,0.6736498765574561,0.4611289975084988,18,interleaved
18098,98,0,0.3055722626454345,0.44884334034354534,18,interleaved
18099,99,0,0.725792491045141,0.4649787371206309,18,interleaved
18100,100,0,0.5117915712512165,0.42109007946127613,18,interleaved
18101,101,0,0.19852826069093987,0.58078856956821,18,interleaved
18102,102,0,0.5395186545517281,0.4615843235847976,18,interleaved
18103,103,0,0.30102436077375494,0.3579302378469107,18,interleaved
18104,104,0,0.506235775374465,0.3607848131284988,18,interleaved
18105,105,0,0.7434358344931693,0.37756105007535956,18,interleaved
18106,106,0,0.8340636539896376,0.47912730805072884,18,interleaved
18107,107,0,0.723813685793486,0.3587793629725255,18,interleaved
18108,108,0,0.5370074310375057,0.463032203463001,18,interleaved
18109,109,0,0.67532183404185,0.3514338521993393,18,interleaved
18110,110,0,0.5172344214692056,0.39658677233895634,18,interleaved
18111,111,0,0.4486439005195185,0.39632751408100375,18,interleaved
18112,112,0,0.6129825648851995,0.4282500231678606,18,interleaved
18113,113,0,0.4369342519766671,0.49157501609514365,18,interleaved
18114,114,0,0.33252431833820517,0.4339603594589989,18,interleaved
18115,115,0,0.6834927807445715,0.3663590156207999,18,interleaved
18116,116,0,0.5879810749502041,0.2919715391287726,18,interleaved
18117,117,0,0.4530734157417533,0.43099272169175773,18,interleaved
18118,118,0,0.869366254247535,0.3742455560866852,18,interleaved
18119,119,0,0.601139717216587,0.4322029133232689,18,interleaved
18120,120,0,0.24666830400567952,0.44703585488098185,18,interleaved
18121,121,0,0.5542098990215422,0.458497100302012,18,interleaved
18122,122,0,0.4909069185442256,0.5028898329359939,18,interleaved
18123,123,0,0.510820793320235,0.5918415630197399,18,interleaved
18124,124,0,0.60743703720424,0.5553165403895444,18,interleaved
18125,125,0,0.18684489827247297,0.4302786710225114,18,interleaved
18126,126,0,0.3501649314595429,0.5876401617464582,18,interleaved
18127,127,0,0.2052620868674347,0.34608502145570863,18,interleaved
18128,128,0,0.504819062541941,0.4457339166057147,18,interleaved
18129,129,0,0.2142532558484116,0.4939462672636758,18,interleaved
18130,130,0,0.09218419342635846,0.39308874392813664,18,interleaved
18131,131,0,0.11039579686066496,0.41894959448219904,18,interleaved
18132,132,0,0.45960854350032654,0.5433286226721341,18,interleaved
18133,133,0,0.8687863917228867,0.44773630476303217,18,interleaved
18134,134,0,0.5936031230286811,0.3609968271137845,18,interleaved
18135,135,0,0.8071362958896009,0.3383291043926682,18,interleaved
18136,136,0,0.5942755670943208,0.4358057384724585,18,interleaved
18137,137,0,0.563738920660229,0.4891172964539161,18,interleaved
18138,138,0,0.3668410446291074,0.39979216217779046,18,interleaved
18139,139,0,0.4254485954986258,0.5863002908883288,18,interleaved
18140,140,0,0.5209393380140951,0.5090511982349901,18,interleaved
18141,141,0,0.40683602876141733,0.4142815458761261,18,interleaved
18142,142,0,0.9515028799291068,0.4757848121568006,18,interleaved
18143,143,0,0.6872407446531166,0.3943987827736915,18,interleaved
18144,144,0,0.8354529793817569,0.4044848688311786,18,interleaved
18145,145,0,0.48089545124111926,0.46331403809009686,18,interleaved
18146,146,0,0.2298827341238316,0.3941267998587236,18,interleaved
18147,147,0,0.6776956809311425,0.5214830670136072,18,interleaved
18148,148,0,0.867796788237539,0.4428490871660472,18,interleaved
18149,149,0,0.5719131815237481,0.36099176615356754,18,interleaved
18150,150,0,0.8641978385351707,0.38018122367034707,18,interleaved
18151,151,0,0.5078133018908365,0.3715411373203573,18,interleaved
18152,152,0,0.8948534989798016,0.39989468779289467,18,interleaved
18153,153,0,0.4442620365035626,0.41620549417868574,18,interleaved
18154,154,0,0.1555295127763445,0.4219152605805807,18,interleaved
18155,155,0,0.2750459461741848,0.39563283203746513,18,interleaved
18156,156,0,0.6641274409458167,0.4581222692748036,18,interleaved
18157,157,0,0.3192507582580017,0.43325976500514274,18,interleaved
18158,158,0,0.7752085511718692,0.3304415715099297,18,interleaved
18159,159,0,0.36677020443071,0.6819191305327253,18,interleaved
18160,160,0,0.47300625515369665,0.41826462579169493,18,interleaved
18161,161,0,0.4553765229221289,0.49698564889594554,18,interleaved
18162,162,0,0.8073590516316484,0.5001498116658056,18,interleaved
18163,163,0,0.5860413113399322,0.2848015295147608,18,interleaved
18164,164,0,0.7576090053294643,0.3622236525260949,18,interleaved
18165,165,0,0.33510210661432416,0.33802989920813964,18,interleaved
18166,166,0,0.9170626405864872,0.4410706174823902,18,interleaved
18167,167,0,0.4192908310239331,0.5196790878010882,18,interleaved
18168,168,0,0.21728226289350833,0.43890526860836665,18,interleaved
18169,169,0,0.2537454667833621,0.3629463401077924,18,interleaved
18170,170,0,0.08874094915936834,0.48766176848307835,18,interleaved
18171,171,0,0.34505011217205084,0.363960977351193,18,interleaved
18172,172,0,0.7499640288246845,0.40287739697608504,18,interleaved
18173,173,0,0.5610873170295625,0.33206345030427753,18,interleaved
18174,174,0,0.7848194109624429,0.6855262328577816,18,interleaved
18175,175,0,0.6121765354373808,0.3245907228101327,18,interleaved
18176,176,0,0.7380693135400385,0.3373054527227195,18,interleaved
18177,177,0,0.7703831343341586,0.47524817327502866,18,interleaved
18178,178,0,0.5277346839318784,0.35431507471530843,18,interleaved
18179,179,0,0.7026760026008134,0.2726186984117061,18,interleaved
18180,180,0,0.29657578963141373,0.3735897735288263,18,interleaved
18181,181,0,0.48492274494211923,0.41328806081384345,18,interleaved
18182,182,0,0.7847233519277043,0.4208593612454096,18,interleaved
18183,183,0,0.824303949306769,0.5005689671270568,18,interleaved
18184,184,0,0.42068076543995425,0.3942260685017188,18,interleaved
18185,185,0,0.9636359728818809,0.48466998763384106,18,interleaved
18186,186,0,0.6437536549639056,0.38106406074962174,18,interleaved
18187,187,0,0.6073820082946615,0.3920216340671929,18,interleaved
18188,188,0,0.2514128005508571,0.48675735262107106,18,interleaved
18189,189,0,0.45710412025124714,0.46499783757179547,18,interleaved
18190,190,0,0.16368445302863183,0.38581863396749044,18,interleaved
18191,191,0,0.8453876038040686,0.42331713147717376,18,interleaved
18192,192,0,0.6157950360038247,0.3706979972028187,18,interleaved
18193,193,0,0.49318336467522395,0.4033462350313304,18,interleaved
18194,194,0,0.5808698413995632,0.35996207066398206,18,interleaved
18195,195,0,0.7013665835702626,0.38539584161343143,18,interleaved
18196,196,0,0.4921033482486682,0.5334381986308316,18,interleaved
18197,197,0,0.18255738269023056,0.46325775074683934,18,interleaved
18198,198,0,0.686992134518978,0.4676896067477853,18,interleaved
18199,199,0,0.627109205473768,0.4762612167714984,18,interleaved
18200,0,0,0.06391070486051398,0.7806799210093106,18,blocked
18201,1,0,0.16558152709637056,0.7576355281184299,18,blocked
18202,2,1,0.7864997103942754,0.7151256434614018,18,blocked
18203,3,2,0.6769094160920812,0.9567199278512686,18,blocked
18204,4,3,0.41771899704639653,1.0963214285762206,18,blocked
18205,5,4,0.38308816933503836,0.9940818421244376,18,blocked
18206,6,0,0.21750858811249588,0.6667727708753336,18,blocked
18207,7,0,0.9433155720566678,0.6989143585768177,18,blocked
18208,8,3,0.09422477846008895,0.9038316154237285,18,blocked
18209,9,0,0.5668408603512299,0.7082913493128298,18,blocked
18210,10,5,0.5040879657024404,0.9309249989494226,18,blocked
18211,11,0,0.8619070244253635,0.5614213967077747,18,blocked
18212,12,0,0.1559039881577636,0.7800455969747475,18,blocked
18213,13,0,0.10881454166978284,0.8328385773237446,18,blocked
18214,14,0,0.29692840144262983,0.7786173132023302,18,blocked
18215,15,2,0.5287929953076491,0.755472583512873,18,blocked
18216,16,0,0.6287434117030116,0.6396575207377362,18,blocked
18217,17,0,0.11173427201150601,0.7915265216642495,18,blocked
18218,18,2,0.7423292220544319,0.7011047447365102,18,blocked
18219,19,0,0.26273671411832444,0.6692354901588025,18,blocked
18220,20,2,0.503071170819069,0.6460067638870852,18,blocked
18221,21,0,0.46941113044409744,0.7353261894699438,18,blocked
18222,22,0,0.5609492815450252,0.8248625070280664,18,blocked
18223,23,0,0.6424486098484574,0.6652874629905363,18,blocked
18224,24,0,0.6269382646758224,0.6346665566002735,18,blocked
18225,25,0,0.704622941293183,0.7491306892891321,18,blocked
18226,26,0,0.24684455232822974,0.5654423551677882,18,blocked
18227,27,0,0.29832028035113073,0.6257152475932619,18,blocked
18228,28,0,0.7943107900681213,0.6657738470681799,18,blocked
18229,29,0,0.7615613829931722,0.6871683239560422,18,blocked
18230,30,6,0.6270412745254692,0.7134345579228654,18,blocked
18231,31,0,0.7719721852520249,0.5163255619119662,18,blocked
18232,32,0,0.7752068854297449,0.5454050917016737,18,blocked
18233,33,0,0.18410946344022153,0.5231371006954675,18,blocked
18234,34,0,0.34611469734376255,0.8519507593204079,18,blocked
18235,35,0,0.12723113243864995,0.5801219461529499,18,blocked
18236,36,0,0.7835805381308347,0.4282657297351855,18,blocked
18237,37,0,0.4659872917731299,0.6216971000034106,18,blocked
18238,38,0,0.6221228974572619,0.4636107791758242,18,blocked
18239,39,0,0.6550301827001045,0.49024278923781184,18,blocked
18240,40,0,0.8188038669058776,0.5808111132607474,18,blocked
18241,41,0,0.6752884654916733,0.4658229225148733,18,blocked
18242,42,0,0.6782735918696987,0.479683373554472,18,blocked
18243,43,0,0.18969117882434156,0.5846494970890367,18,blocked
18244,44,0,0.15522993709168723,0.6149397049145107,18,blocked
18245,45,0,0.4487281814147238,0.5199200670337498,18,blocked
18246,46,0,0.18418552462299287,0.6042855677223518,18,blocked
18247,47,0,0.8031502868723086,0.43268259732986053,18,blocked
18248,48,0,0.19899107079488587,0.5444156895188252,18,blocked
18249,49,0,0.8455243053358179,0.5021304818137098,18,blocked
18250,50,0,0.709984078997312,0.6325265817467531,18,blocked
18251,51,0,0.3039434713645025,0.39859004042209245,18,blocked
18252,52,0,0.4782645362558253,0.48100299351952575,18,blocked
18253,53,0,0.497954175683645,0.6670415704249354,18,blocked
18254,54,0,0.243938187631463,0.5281510352464228,18,blocked
18255,55,0,0.3146767129152179,0.5127683986647156,18,blocked
18256,56,0,0.6137710918594954,0.5406656734512902,18,blocked
18257,57,0,0.6764366032754102,0.6445837214598333,18,blocked
18258,58,0,0.38113325857955993,0.45106154879985183,18,blocked
18259,59,0,0.5914219948052772,0.4813964368042855,18,blocked
18260,60,0,0.782882460547011,0.43386458855592686,18,blocked
18261,61,0,0.5904577927841563,0.38663940648230194,18,blocked
18262,62,0,0.6462240303223559,0.44125482173283,18,blocked
18263,63,0,0.41039107357081006,0.5560632741747795,18,blocked
18264,64,0,0.6706412327226003,0.4672592419108007,18,blocked
18265,65,0,0.5921629795789873,0.4553265108131841,18,blocked
18266,66,0,0.5250145345685231,0.4022010048111594,18,blocked
18267,67,0,0.37359912727230477,0.461614543461088,18,blocked
18268,68,0,0.7004363782120142,0.39613344873795797,18,blocked
18269,69,0,0.504913799959189,0.5945554582038186,18,blocked
18270,70,0,0.44436319109229183,0.5044822148549688,18,blocked
18271,71,0,0.43554808180787574,0.5222415250574921,18,blocked
18272,72,0,0.6285153009650428,0.5173542420598612,18,blocked
18273,73,0,0.8159805319784668,0.5120393327465623,18,blocked
18274,74,0,0.5704359848345506,0.45759471760139825,18,blocked
18275,75,0,0.2773814472025337,0.4746258466699186,18,blocked
18276,76,0,0.8344484413950091,0.6224620352561345,18,blocked
18277,77,0,0.7991612045858574,0.5443677900942829,18,blocked
18278,78,0,0.5018629377265851,0.6789409915986908,18,blocked
18279,79,0,0.6422174796953155,0.4077785828088032,18,blocked
18280,80,0,0.3114140911313443,0.6116466855796923,18,blocked
18281,81,0,0.6450459292852755,0.34430647942032255,18,blocked
18282,82,0,0.5454097310046451,0.32381218062021977,18,blocked
18283,83,0,0.53554038244446,0.5787823801532793,18,blocked
18284,84,0,0.6052505191896721,0.7880715460802916,18,blocked
18285,85,0,0.7631251188529472,0.4643451213936594,18,blocked
18286,86,0,0.6202016328623112,0.6721248549529804,18,blocked
18287,87,0,0.4082321271346694,0.5864841490138626,18,blocked
18288,88,0,0.5367562478477382,0.38831223265823134,18,blocked
18289,89,0,0.3966991260686391,0.5530324624605669,18,blocked
18290,90,0,0.790677411460092,0.520567327361441,18,blocked
18291,91,0,0.6501617894700863,0.4570391066031184,18,blocked
18292,92,0,0.6227828642214769,0.42062529286493433,18,blocked
18293,93,0,0.48005165356756185,0.34062874815496574,18,blocked
18294,94,0,0.43662627680554145,0.49820986804972417,18,blocked
18295,95,0,0.3339063304995159,0.6215919057651045,18,blocked
18296,96,0,0.3661475614785861,0.5642762541686948,18,blocked
18297,97,0,0.26459637195229757,0.43116150147992716,18,blocked
18298,98,0,0.7029918232831411,0.38493016805813773,18,blocked
18299,99,0,0.5513574906109463,0.5309167422906902,18,blocked
18300,100,0,0.7543559097378437,0.42759954760037877,18,blocked
18301,101,0,0.7289345091176719,0.4604163429245719,18,blocked
18302,102,0,0.5377998183135053,0.36998142559316927,18,blocked
18303,103,0,0.6848685378024514,0.3872009326156888,18,blocked
18304,104,0,0.5989675063758733,0.5073969907878106,18,blocked
18305,105,0,0.7229390436222576,0.3452052338893238,18,blocked
18306,106,0,0.5483433722444007,0.37711851904384064,18,blocked
18307,107,0,0.20600968409565892,0.42261670392725714,18,blocked
18308,108,0,0.743033921285961,0.4021592055314188,18,blocked
18309,109,0,0.31453788525370624,0.45789945601043125,18,blocked
18310,110,0,0.5968474633719913,0.3785899919856784,18,blocked
18311,111,0,0.6350053910480382,0.3552763206157139,18,blocked
18312,112,0,0.48999765989523497,0.3301533845972128,18,blocked
18313,113,0,0.23714494253504942,0.5678550925630912,18,blocked
18314,114,0,0.590993553246042,0.5275281973948887,18,blocked
18315,115,0,0.43290062558041603,0.5373885388358097,18,blocked
18316,116,0,0.5139962033425215,0.487646173883354,18,blocked
18317,117,0,0.5105515482608729,0.4576298222164685,18,blocked
18318,118,0,0.3648384985168017,0.5300405173690277,18,blocked
18319,119,0,0.34140067118330364,0.3743004884924681,18,blocked
18320,120,0,0.46209975532440106,0.4098394870069425,18,blocked
18321,121,0,0.43041619607652615,0.3837664627990418,18,blocked
18322,122,0,0.361809295093649,0.47660856989212474,18,blocked
18323,123,0,0.32735053413125936,0.6071684447317228,18,blocked
18324,124,0,0.7783769521896768,0.5428725796987679,18,blocked
18325,125,0,0.40537718941509704,0.5392687721759908,18,blocked
18326,126,0,0.40047849209285247,0.43370314851887704,18,blocked
18327,127,0,0.4666475029997547,0.5270476086083176,18,blocked
18328,128,0,0.31241295835233973,0.501802411674571,18,blocked
18329,129,0,0.6304603930485769,0.3312351511165625,18,blocked
18330,130,0,0.3034088351459402,0.39052302302825304,18,blocked
18331,131,0,0.33377851042329265,0.32824566419246226,18,blocked
18332,132,0,0.5564197716323611,0.5668943161614433,18,blocked
18333,133,0,0.5667350223159823,0.37526486278058224,18,blocked
18334,134,0,0.6543540045718237,0.4453200816317018,18,blocked
18335,135,0,0.17152901270921944,0.4110478963065786,18,blocked
18336,136,0,0.43562276874772987,0.37613983493694114,18,blocked
18337,137,0,0.5793977799844596,0.49849734584188515,18,blocked
18338,138,0,0.3426064988743056,0.5072970790514064,18,blocked
18339,139,0,0.5916307846164657,0.4518700552830667,18,blocked
18340,140,0,0.5095780597186013,0.4408727751029655,18,blocked
18341,141,0,0.33993110980568886,0.6015540073113539,18,blocked
18342,142,0,0.4802771334798582,0.35660568419152383,18,blocked
18343,143,0,0.35469103340341107,0.5317097481535733,18,blocked
18344,144,0,0.5264623915379248,0.40441159350047184,18,blocked
18345,145,0,0.4976127613547641,0.5115591853706192,18,blocked
18346,146,0,0.5970963733260186,0.416620294129195,18,blocked
18347,147,0,0.17500092410672313,0.4191675146306263,18,blocked
18348,148,0,0.3218706116113216,0.5456981463122759,18,blocked
18349,149,0,0.5990715207525791,0.3856401991120687,18,blocked
18350,150,0,0.3376481218180815,0.445638306469062,18,blocked
18351,151,0,0.616899583843031,0.44530592013950576,18,blocked
18352,152,0,0.5964512324467414,0.36854464016460164,18,blocked
18353,153,0,0.2991133139330863,0.4090182895875677,18,blocked
18354,154,0,0.5610763262957988,0.3653628870670673,18,blocked
18355,155,0,0.4446426550397383,0.46636511987344426,18,blocked
18356,156,0,0.5607648212220107,0.46231930278612365,18,blocked
18357,157,0,0.7066778430271611,0.5302191169864305,18,blocked
18358,158,0,0.5831186710920149,0.5537511869769853,18,blocked
18359,159,0,0.33504335964448684,0.47348136944859925,18,blocked
18360,160,0,0.644458891039514,0.31525167858894143,18,blocked
18361,161,0,0.8059538466816331,0.42672132285805,18,blocked
18362,162,0,0.460196019510985,0.3495878598056148,18,blocked
18363,163,0,0.7158473601019638,0.3762565401146958,18,blocked
18364,164,0,0.5093804695024149,0.35111011991104113,18,blocked
18365,165,0,0.6109248588087897,0.37786860561194774,18,blocked
18366,166,0,0.5866556005362213,0.5389216520379287,18,blocked
18367,167,0,0.514112795495873,0.5508137347178015,18,blocked
18368,168,0,0.5441580612956716,0.34149262848791884,18,blocked
18369,169,0,0.5879890241682664,0.4954077553034976,18,blocked
18370,170,0,0.7122187539391751,0.3879509804991009,18,blocked
18371,171,0,0.5857981824021095,0.3942738259603832,18,blocked
18372,172,0,0.7169131451972195,0.4419239517083421,18,blocked
18373,173,0,0.3105436728839157,0.5773085759349379,18,blocked
18374,174,0,0.370259241628036,0.4630350044045918,18,blocked
18375,175,0,0.5332646254476909,0.3921776858673809,18,blocked
18376,176,0,0.40453735209792596,0.46001152127888434,18,blocked
18377,177,0,0.621523895873195,0.3931120588084496,18,blocked
18378,178,0,0.44093652419870755,0.5042972869011471,18,blocked
18379,179,0,0.33814017568422994,0.5035000980550306,18,blocked
18380,180,0,0.4519327016956371,0.4672031625133173,18,blocked
18381,181,0,0.48180999258660484,0.3762401862520395,18,blocked
18382,182,0,0.5433718922262387,0.30367602109630726,18,blocked
18383,183,0,0.77823903605104,0.4324959096476803,18,blocked
18384,184,0,0.29224302827519744,0.46317882191761095,18,blocked
18385,185,0,0.6377134628671902,0.4722358659908229,18,blocked
18386,186,0,0.5746190038082795,0.535717370761615,18,blocked
18387,187,0,0.39689348316089584,0.4895472304764005,18,blocked
18388,188,0,0.8277068220988866,0.46604159504589127,18,blocked
18389,189,0,0.34077953916505327,0.45192648753609566,18,blocked
18390,190,0,0.41500812764154893,0.4547615716680563,18,blocked
18391,191,0,0.5066160965425784,0.31333183668600323,18,blocked
18392,192,0,0.7162465506101139,0.3131229202093015,18,blocked
18393,193,0,0.3826254717073687,0.4087798167210974,18,blocked
18394,194,0,0.45807109379136324,0.43638797715728805,18,blocked
18395,195,0,0.46257301941763074,0.4122740521770656,18,blocked
18396,196,0,0.7416388003060617,0.5232231497065121,18,blocked
18397,197,0,0.5814441702618127,0.3418213491978103,18,blocked
18398,198,0,0.6312493924221447,0.4395894745243325,18,blocked
18399,199,0,0.5402318999468075,0.516346662895172,18,blocked
18400,0,0,0.7270317540713911,0.5618736329840097,18,early
18401,1,1,0.34498327245231486,1.070842199235138,18,early
18402,2,2,0.5167953762374851,1.3774695800743078,18,early
18403,3,3,0.8448048788329459,0.8333016662999437,18,early
18404,4,4,0.30600499178485896,0.765473608034078,18,early
18405,5,5,0.06778354235069527,1.3399105808332965,18,early
18406,6,6,0.9483360209828959,0.9387331396760927,18,early
18407,7,7,0.5003492182389871,1.3794400114402356,18,early
18408,8,8,0.00028611999973921144,1.350946529696301,18,early
18409,9,9,0.4113983976772657,0.9779107596753172,18,early
18410,10,10,0.7905070809718198,1.0311718190100045,18,early
18411,11,0,0.9985158777466814,0.7405566604650902,18,early
18412,12,6,0.7124944269488473,0.7063148209165231,18,early
18413,13,0,0.7140780932568108,0.5409422050029993,18,early
18414,14,0,0.1991916364901736,0.7063090855713676,18,early
18415,15,11,0.21333753815445108,0.9295653953442347,18,early
18416,16,12,0.030179952215043927,1.4502259144745009,18,early
18417,17,13,8.547245037184371e-05,1.3025940847701825,18,early
18418,18,0,0.8057762519734658,0.5415077410358982,18,early
18419,19,14,0.4913949137358354,1.1113570479391803,18,early
18420,20,0,0.1777836011185304,0.6161660964332218,18,early
18421,21,0,0.8396149909806447,0.5950314147408051,18,early
18422,22,0,0.33623011970536093,0.598120157773752,18,early
18423,23,15,0.010461202393205476,1.221892777561853,18,early
18424,24,0,0.8494262524365477,0.5751105888802914,18,early
18425,25,16,0.0038192896166553032,1.1305421441809087,18,early
18426,26,0,0.8904068231461556,0.5428820136495167,18,early
18427,27,0,0.16613850474307132,0.6439785287477209,18,early
18428,28,4,0.0734718976228963,0.8140223820742662,18,early
18429,29,4,0.48827416057095263,0.672981366124731,18,early
18430,30,6,0.9808521889683726,0.8265699264020085,18,early
18431,31,17,0.10169963842748253,0.7118496065280981,18,early
18432,32,0,0.24583605983926626,0.6116824737452292,18,early
18433,33,0,0.7097398293998438,0.6584958028515064,18,early
18434,34,0,0.796486525166791,0.5099048787748902,18,early
18435,35,0,0.888049060599525,0.5169408978521229,18,early
18436,36,18,0.01028804084622341,0.8489571129339736,18,early
18437,37,0,0.14348899584017427,0.5783591845041722,18,early
18438,38,0,0.8923708771376279,0.5097052799475363,18,early
18439,39,4,0.08322167309961327,0.8299068344287688,18,early
18440,40,0,0.5725812292472396,0.4259182992280888,18,early
18441,41,0,0.3955102924935681,0.6902183380514282,18,early
18442,42,19,0.45072635614321094,0.6862827990866516,18,early
18443,43,0,0.3359582414172161,0.661324460121288,18,early
18444,44,0,0.6194674588499638,0.49751484565133236,18,early
18445,45,0,0.3839427209569068,0.6285107578356742,18,early
18446,46,0,0.5583478996017879,0.5966918278564148,18,early
18447,47,0,0.4236241900792368,0.5384446963190322,18,early
18448,48,0,0.35869387737062985,0.6508653023737974,18,early
18449,49,0,0.37091062160997434,0.4556286279406059,18,early
18450,50,0,0.6189303669210586,0.44169923300846514,18,early
18451,51,0,0.5427774561383423,0.4728790342764123,18,early
18452,52,0,0.4412712646558838,0.5079977102963584,18,early
18453,53,0,0.5533435581761192,0.4834189304586933,18,early
18454,54,0,0.366601787897758,0.5257220281861974,18,early
18455,55,0,0.56393388253695,0.44562628387797054,18,early
18456,56,0,0.3612693059639168,0.5808338953069645,18,early
18457,57,0,0.4277963041498726,0.47730239877066416,18,early
18458,58,0,0.5417128884592646,0.39479077077518604,18,early
18459,59,0,0.39618899768003196,0.4340171920248593,18,early
18460,60,0,0.4254538371511934,0.42818838615095034,18,early
18461,61,0,0.5751323581634172,0.39436366166229253,18,early
18462,62,0,0.5454559854941283,0.4296356091440074,18,early
18463,63,0,0.4538202430940025,0.35125204418652745,18,early
18464,64,0,0.5714341222277716,0.470255561702036,18,early
18465,65,0,0.5186913000915067,0.4599007092903745,18,early
18466,66,0,0.5423237243959781,0.39305433741110307,18,early
18467,67,0,0.4816786795057179,0.4270318030445054,18,early
18468,68,0,0.5349384144911244,0.4862640033801963,18,early
18469,69,0,0.5170203397393407,0.4553178364110595,18,early
18470,70,0,0.5271773535444838,0.4267454194171192,18,early
18471,71,0,0.4290690550980731,0.48444386173017817,18,early
18472,72,0,0.5065350877770222,0.5841187424982563,18,early
18473,73,0,0.5282316458930474,0.4175932877611339,18,early
18474,74,0,0.5063742668905522,0.3972269465261725,18,early
18475,75,0,0.550911099170489,0.4365898035037772,18,early
18476,76,0,0.6172909781716553,0.49160224825618093,18,early
18477,77,0,0.40736746508731303,0.4195359054066241,18,early
18478,78,0,0.5246736277157562,0.4756015415100098,18,early
18479,79,0,0.5964699762156778,0.4482622864102149,18,early
18480,80,0,0.8618930616995404,0.3460014054959196,18,early
18481,81,0,0.45730263328493864,0.5786441916214768,18,early
18482,82,0,0.7612778314232467,0.5680301219987316,18,early
18483,83,0,0.4459686325669512,0.48505548227829365,18,early
18484,84,0,0.1280094079587611,0.5180307714209922,18,early
18485,85,0,0.5681457086619935,0.5775750877463744,18,early
18486,86,0,0.9477926095196465,0.5034119072857743,18,early
18487,87,0,0.5526205848775689,0.34444546497198003,18,early
18488,88,0,0.8324408753509485,0.3775862248856747,18,early
18489,89,0,0.6265112566752491,0.5215413348763058,18,early
18490,90,0,0.7988396709443721,0.5290903918779855,18,early
18491,91,0,0.4490926839402895,0.47875551410419187,18,early
18492,92,0,0.13513338522935353,0.38879095652962503,18,early
18493,93,0,0.46159995948146765,0.3926576434536906,18,early
18494,94,0,0.9077118727416875,0.357893707603107,18,early
18495,95,0,0.5372271720161335,0.4997746163920357,18,early
18496,96,0,0.942988178454657,0.3656172920043973,18,early
18497,97,0,0.517724597595366,0.4352747100461838,18,early
18498,98,0,0.9409869628572913,0.4147954803322666,18,early
18499,99,0,0.5302994734462344,0.39953757708248705,18,early
18500,100,0,0.1807527101436744,0.45485596357794433,18,early
18501,101,0,0.5065187331214785,0.5278879676195708,18,early
18502,102,0,0.10369914972928149,0.41263550030936447,18,early
18503,103,0,0.44550961136215905,0.4981465181924073,18,early
18504,104,0,0.8019053150081579,0.43393564644018323,18,early
18505,105,0,0.4044718033305732,0.391319263807532,18,early
18506,106,0,0.7858025254685752,0.4781721863739867,18,early
18507,107,0,0.44174647816121293,0.3445774528218862,18,early
18508,108,0,0.9176662828699069,0.3919827546700736,18,early
18509,109,0,0.5001401152783055,0.5746141733260861,18,early
18510,110,0,0.16184079558902772,0.6600740140062258,18,early
18511,111,0,0.528655879469541,0.3962629622018262,18,early
18512,112,0,0.12902698705920848,0.568023431246528,18,early
18513,113,0,0.49141686206416507,0.4224130436224266,18,early
18514,114,0,0.17054343936062985,0.5005884000915231,18,early
18515,115,0,0.4826855434533308,0.4808152436815228,18,early
18516,116,0,0.2203028149866198,0.363136355969368,18,early
18517,117,0,0.518377433213874,0.3380616536208496,18,early
18518,118,0,0.19451872072784132,0.41431829849368784,18,early
18519,119,0,0.45938310486679407,0.49788906869271604,18,early
18520,120,0,0.8433395361596996,0.31384591653035504,18,early
18521,121,0,0.4016862283011945,0.31150261280705316,18,early
18522,122,0,0.2931623543182733,0.5087566601858141,18,early
18523,123,0,0.45188357781222266,0.3893181133844974,18,early
18524,124,0,0.19558133128408012,0.38415797961740944,18,early
18525,125,0,0.49411845973939067,0.4799497979588261,18,early
18526,126,0,0.15983081338492516,0.39141209130675636,18,early
18527,127,0,0.4142902058610481,0.3677077765838819,18,early
18528,128,0,0.8783025122933021,0.44349491774506944,18,early
18529,129,0,0.5144941619897546,0.3829862952393741,18,early
18530,130,0,0.8710524941789776,0.3663849799378671,18,early
18531,131,0,0.5170109849328197,0.6050605462777938,18,early
18532,132,0,0.1071365601500647,0.387741940253137,18,early
18533,133,0,0.4840339802646562,0.4357586156515097,18,early
18534,134,0,0.934501028367912,0.3759926070864881,18,early
18535,135,0,0.4827970739355427,0.44783106700334574,18,early
18536,136,0,0.9361923982774546,0.4388294742364348,18,early
18537,137,0,0.459745436559126,0.3642996022838948,18,early
18538,138,0,0.04321244653176636,0.405920697689103,18,early
18539,139,0,0.49396192371992736,0.47014934611833137,18,early
18540,140,0,0.04425962365082917,0.5172717332174339,18,early
18541,141,0,0.4773897014349283,0.4446832222901135,18,early
18542,142,0,0.8597709375734908,0.44899358970013836,18,early
18543,143,0,0.5515558247668201,0.32610873749736313,18,early
18544,144,0,0.11861866102818426,0.4789476846618549,18,early
18545,145,0,0.43844615159685113,0.3620995190233921,18,early
18546,146,0,0.8499812467611914,0.409236398829571,18,early
18547,147,0,0.543494226153459,0.617766562936843,18,early
18548,148,0,0.07580965297578889,0.5424534192264187,18,early
18549,149,0,0.42011505442289776,0.5386119770402921,18,early
18550,150,0,0.08586621749010515,0.43118065158241325,18,early
18551,151,0,0.32036213552845183,0.5514881041698978,18,early
18552,152,0,0.929946274165571,0.457254656219642,18,early
18553,153,0,0.42924295962358305,0.4208573205690947,18,early
18554,154,0,0.8482950512549503,0.49038776845894144,18,early
18555,155,0,0.4885522296256458,0.3703948968828019,18,early
18556,156,0,0.904874995121085,0.4868557959252865,18,early
18557,157,0,0.48851838570616496,0.36000250772158604,18,early
18558,158,0,0.06254622622128408,0.47495451221770596,18,early
18559,159,0,0.4642270339067174,0.3634781713100992,18,early
18560,160,0,0.09769366676401461,0.3849494207819677,18,early
18561,161,0,0.5346240148575714,0.35990105167254094,18,early
18562,162,0,0.9199268623003904,0.4104332834262523,18,early
18563,163,0,0.10785916631820518,0.5805339969600222,18,early
18564,164,0,0.07205775865654263,0.43568537860682127,18,early
18565,165,0,0.9586270564994109,0.32474786935740235,18,early
18566,166,0,0.46842520873859245,0.3873408416518872,18,early
18567,167,0,0.10227505037898463,0.3791745326494,18,early
18568,168,0,0.5125251774131175,0.3722530339327552,18,early
18569,169,0,0.868279581401074,0.4510975080626981,18,early
18570,170,0,0.8678897369942706,0.446162860117349,18,early
18571,171,0,0.8510161683074438,0.24444621560372257,18,early
18572,172,0,0.513156284783129,0.4805351922199521,18,early
18573,173,0,0.4806683745874669,0.3277954930914935,18,early
18574,174,0,0.8144334321207278,0.36739839163912485,18,early
18575,175,0,0.8098225261255636,0.32640929784600853,18,early
18576,176,0,0.44907489906878584,0.4750019800518003,18,early
18577,177,0,0.9367288111434845,0.39504921934552945,18,early
18578,178,0,0.19852690573962395,0.4145629608149669,18,early
18579,179,0,0.16508794764916196,0.39805381843255006,18,early
18580,180,0,0.18505792660483972,0.47473557064141475,18,early
18581,181,0,0.5431727008799039,0.5073648339791281,18,early
18582,182,0,0.8176641371577722,0.372604269544452,18,early
18583,183,0,0.42478696582561876,0.3071696636009069,18,early
18584,184,0,0.5023681459562636,0.2940671084767289,18,early
18585,185,0,0.9297590768039206,0.4881935059768535,18,early
18586,186,0,0.9291040422498038,0.36255237622496583,18,early
18587,187,0,0.8816428382563057,0.3688195282100475,18,early
18588,188,0,0.4710206225021333,0.38382378754912033,18,early
18589,189,0,0.49840425541933064,0.353703351639314,18,early
18590,190,0,0.917367733880011,0.3501742255554967,18,early
18591,191,0,0.4935832873562489,0.5053175885490243,18,early
18592,192,0,0.8810647983856373,0.40788014575163445,18,early
18593,193,0,0.11245191383142131,0.32829369861857693,18,early
18594,194,0,0.8836263360372623,0.48322978959612606,18,early
18595,195,0,0.5053140836772654,0.34155483142749077,18,early
18596,196,0,0.08180981476601558,0.44562558402026237,18,early
18597,197,0,0.9240305482056725,0.42208276277910517,18,early
18598,198,0,0.519918483379311,0.4686506383107041,18,early
18599,199,0,0.5278836641514347,0.39225909045168433,18,early
18600,0,0,0.45168677425602555,0.9281571022597681,18,middle
18601,1,1,0.9470161550171252,0.7874132789945807,18,middle
18602,2,2,0.9716677700023749,1.1094169822675561,18,middle
18603,3,0,0.963913249278638,0.5947840479463613,18,middle
18604,4,3,0.573567346583773,0.7571946442024872,18,middle
18605,5,0,0.015807445612799884,0.7267304529391678,18,middle
18606,6,0,0.5427643857295925,0.6966126949764131,18,middle
18607,7,0,0.9784296791492111,0.43289215341061116,18,middle
18608,8,0,0.44462521581565756,0.8149456008232145,18,middle
18609,9,0,0.8906148019718709,0.5923278922530422,18,middle
18610,10,0,0.4586647307431139,0.6799180568531965,18,middle
18611,11,0,0.8791493625263165,0.5962733779251665,18,middle
18612,12,0,0.7364891538669794,0.7705240680999546,18,middle
18613,13,0,0.8562845346741605,0.7190415644386692,18,middle
18614,14,0,0.47045196602292616,0.5227762520584947,18,middle
18615,15,0,0.04288683879221496,0.5744609486158322,18,middle
18616,16,0,0.6312915633941363,0.59537963043865,18,middle
18617,17,0,0.12874000145960152,0.6967727649556495,18,middle
18618,18,0,0.6185273925349264,0.4509911281909468,18,middle
18619,19,0,0.865371691546704,0.6074509330767699,18,middle
18620,20,0,0.7589190730425691,0.528055496386117,18,middle
18621,21,0,0.2957832780284048,0.3627603257002642,18,middle
18622,22,0,0.5960211726272319,0.35098067310823017,18,middle
18623,23,0,0.646700317502506,0.40040996026487186,18,middle
18624,24,0,0.3710998023817971,0.5082302437395463,18,middle
18625,25,0,0.29744685345101224,0.482009524362804,18,middle
18626,26,0,0.8239027921091879,0.5173050610155987,18,middle
18627,27,0,0.09601568649290114,0.6904347391522644,18,middle
18628,28,0,0.2141660084295755,0.3988448666900067,18,middle
18629,29,0,0.17814741345430002,0.6350342755640417,18,middle
18630,30,0,0.23189536375198105,0.5887152001774676,18,middle
18631,31,0,0.5573323979684623,0.4418971567537025,18,middle
18632,32,0,0.8072421434180902,0.46214689481619126,18,middle
18633,33,0,0.4176712612252807,0.6494223042808296,18,middle
18634,34,0,0.19775199596742574,0.5757698303975027,18,middle
18635,35,0,0.2886106813243876,0.49248669687909374,18,middle
18636,36,0,0.8054240185321853,0.37373477508574987,18,middle
18637,37,0,0.4091654168065885,0.33424897769366857,18,middle
18638,38,0,0.2667173474420516,0.35084640608514206,18,middle
18639,39,0,0.40491493118555716,0.45978367780964535,18,middle
18640,40,0,0.3335825402429275,0.4357119803191897,18,middle
18641,41,0,0.7865203210733198,0.6149407820225322,18,middle
18642,42,0,0.17734628309833186,0.6223027932170841,18,middle
18643,43,0,0.21126577309495656,0.42689200000999644,18,middle
18644,44,0,0.24362820345156472,0.443505484725106,18,middle
18645,45,0,0.21781417908405368,0.40990862284337637,18,middle
18646,46,0,0.1803671593106617,0.4182469415372032,18,middle
18647,47,0,0.20308703339902812,0.49203032320821444,18,middle
18648,48,0,0.21341126677143296,0.4181159775469788,18,middle
18649,49,0,0.21530191933345288,0.5834236055855146,18,middle
18650,50,0,0.8182464561225105,0.49992651267421995,18,middle
18651,51,0,0.23549743162519496,0.4633805001512178,18,middle
18652,52,0,0.8056734733247732,0.5578281742561322,18,middle
18653,53,0,0.3727864240113031,0.37842233490138577,18,middle
18654,54,0,0.8545204454395222,0.41336745447885914,18,middle
18655,55,0,0.8348394672132646,0.4230093776997934,18,middle
18656,56,0,0.8495255164035675,0.2740075683484609,18,middle
18657,57,0,0.8593064836565969,0.3228656603874138,18,middle
18658,58,0,0.1841382568044867,0.42826841764803303,18,middle
18659,59,0,0.2545169950339211,0.4066729009995631,18,middle
18660,60,0,0.17168210105577064,0.4278334905329949,18,middle
18661,61,0,0.28414249807543607,0.5084293652069858,18,middle
18662,62,0,0.7898253507328732,0.34278654227633215,18,middle
18663,63,0,0.1893354234948892,0.4089455530858543,18,middle
18664,64,0,0.717938280042451,0.43582504934833666,18,middle
18665,65,0,0.3977513732818181,0.4176397471789277,18,middle
18666,66,0,0.8427442784076196,0.5107609971343381,18,middle
18667,67,0,0.8531578933576183,0.38312778435512473,18,middle
18668,68,0,0.3066608636874261,0.4895130678557065,18,middle
18669,69,0,0.20709947652885594,0.5224162850113557,18,middle
18670,70,0,0.2668930986932652,0.49966059854605005,18,middle
18671,71,0,0.21320500919988097,0.45003854054604564,18,middle
18672,72,0,0.2487113013521541,0.47084958109782266,18,middle
18673,73,0,0.25154372493493504,0.538276674836234,18,middle
18674,74,0,0.5923980340316007,0.4594662021385764,18,middle
18675,75,0,0.2706420515275737,0.37752326969059125,18,middle
18676,76,0,0.7596592626337539,0.3918222932924623,18,middle
18677,77,0,0.556445935052092,0.36707749960560115,18,middle
18678,78,0,0.6776567138926837,0.29670150859935207,18,middle
18679,79,0,0.828359553825214,0.33962640406214006,18,middle
18680,80,0,0.5255449330252142,0.38321317528105114,18,middle
18681,81,0,0.7614359589781474,0.3336999599643675,18,middle
18682,82,0,0.9103625310664825,0.3731533475461733,18,middle
18683,83,0,0.86360808909802,0.35179867121682573,18,middle
18684,84,0,0.6244291267780397,0.42276137492104365,18,middle
18685,85,0,0.6301069214728467,0.450905148202442,18,middle
18686,86,0,0.15447580148466908,0.38587993635805096,18,middle
18687,87,0,0.8842604569217333,0.3543991109882652,18,middle
18688,88,0,0.6449822319134819,0.46998126329779694,18,middle
18689,89,0,0.6100343217514138,0.346867578466475,18,middle
18690,90,0,0.6182634047208311,0.43279074838727105,18,middle
18691,91,0,0.3477833995680631,0.3591264007653366,18,middle
18692,92,0,0.7018189504395964,0.32187094556573115,18,middle
18693,93,0,0.3883998214278284,0.4928443264016994,18,middle
18694,94,0,0.12003855997505634,0.42747425683179785,18,middle
18695,95,0,0.6031226606567655,0.37572097197179677,18,middle
18696,96,0,0.4743660032143601,0.4503855520342883,18,middle
18697,97,0,0.5979789735334767,0.49838768944639983,18,middle
18698,98,0,0.27295191677599984,0.6730637607149126,18,middle
18699,99,0,0.373074421648065,0.5172768756811207,18,middle
18700,100,0,0.39813417357018277,0.5081696723092745,18,middle
18701,101,0,0.10182962684225123,0.5866851185065335,18,middle
18702,102,0,0.38717272404073994,0.32896304940277027,18,middle
18703,103,0,0.48935303746175707,0.42122158773627266,18,middle
18704,104,0,0.4721355690890575,0.43391071276240467,18,middle
18705,105,0,0.3082979131475885,0.5394653141614657,18,middle
18706,106,0,0.2867111132900337,0.4147525420553244,18,middle
18707,107,0,0.6032562892156612,0.422947863037217,18,middle
18708,108,0,0.3743323990079223,0.5386987675781629,18,middle
18709,109,0,0.1795390234823309,0.5344927062793926,18,middle
18710,110,0,0.4285156335132242,0.4060152075128347,18,middle
18711,111,0,0.6189155227600758,0.41990932691806127,18,middle
18712,112,0,0.4526017780648095,0.36690877619359563,18,middle
18713,113,0,0.5155071916376055,0.45089071664072605,18,middle
18714,114,0,0.5829852436834059,0.4703890500346105,18,middle
18715,115,0,0.5223611803888054,0.3203912562355096,18,middle
18716,116,0,0.5513532724225623,0.38165245407614634,18,middle
18717,117,0,0.31557734961256867,0.4498001229419726,18,middle
18718,118,0,0.43805509896236133,0.3212248618044981,18,middle
18719,119,0,0.4988546194511345,0.42585898010921996,18,middle
18720,120,0,0.19494488577049196,0.534343959841552,18,middle
18721,121,0,0.5732950948769477,0.44027726984438154,18,middle
18722,122,0,0.2606595557166217,0.44250242184012667,18,middle
18723,123,0,0.6343074312622274,0.50845177658095,18,middle
18724,124,0,0.22537814158519553,0.4496889891989674,18,middle
18725,125,0,0.4886151472113571,0.4562782230773793,18,middle
18726,126,0,0.2178038796985133,0.3982986368350727,18,middle
18727,127,0,0.6170917873916515,0.46182739226952707,18,middle
18728,128,0,0.8314684745029783,0.3448846196948412,18,middle
18729,129,0,0.2298744390658045,0.5813689327186491,18,middle
18730,130,0,0.8273416370392337,0.3084389905172569,18,middle
18731,131,0,0.16681707717028885,0.33251705812726806,18,middle
18732,132,0,0.33543865587079713,0.4090169020188252,18,middle
18733,133,0,0.09415069294299876,0.4814959052526446,18,middle
18734,134,0,0.19851956391780273,0.4384406204687198,18,middle
18735,135,0,0.27813335277005335,0.5499230420450557,18,middle
18736,136,0,0.7972809905140709,0.4281548780862291,18,middle
18737,137,0,0.39543440192981855,0.3829435827181318,18,middle
18738,138,0,0.8006776687376671,0.3971912908737303,18,middle
18739,139,0,0.4056103111336087,0.589471081719415,18,middle
18740,140,0,0.8172002152967864,0.35648745609726307,18,middle
18741,141,0,0.5465874518578538,0.475484518750814,18,middle
18742,142,0,0.6829403905584692,0.28870591398345324,18,middle
18743,143,0,0.4168096160868345,0.3945496316827354,18,middle
18744,144,0,0.7271180261292706,0.4029134777498755,18,middle
18745,145,0,0.1993393430171731,0.3302798517546513,18,middle
18746,146,0,0.8540207837949392,0.5361647831419909,18,middle
18747,147,0,0.5753832400105579,0.625684314653199,18,middle
18748,148,0,0.7501729005193261,0.3485747808965235,18,middle
18749,149,0,0.5208548819590835,0.35944357135878063,18,middle
18750,150,0,0.21639871791312476,0.5454626673842395,18,middle
18751,151,0,0.6192494534708683,0.3754303353627474,18,middle
18752,152,0,0.8232322191782754,0.3481014281302266,18,middle
18753,153,0,0.5206274416056261,0.4841305082599081,18,middle
18754,154,0,0.8183281417075298,0.3904291912898035,18,middle
18755,155,0,0.3571523301773522,0.5467477942931652,18,middle
18756,156,0,0.7580023591079548,0.4143715981226557,18,middle
18757,157,0,0.6001245139645206,0.5290368698302306,18,middle
18758,158,0,0.7532665711919162,0.4049876201033738,18,middle
18759,159,0,0.3048423958558575,0.48959388912191,18,middle
18760,160,0,0.15455156529222663,0.412623377492249,18,middle
18761,161,0,0.27548190812191203,0.5223864084023633,18,middle
18762,162,0,0.22502525906708806,0.4868895676750792,18,middle
18763,163,0,0.17240237870387243,0.38518176583891195,18,middle
18764,164,0,0.8622505795839015,0.35872136800593657,18,middle
18765,165,0,0.1814583770973809,0.3963235517235848,18,middle
18766,166,0,0.5012412725432965,0.3392247819129254,18,middle
18767,167,0,0.2887562353550269,0.35995642793918997,18,middle
18768,168,0,0.19483233375340844,0.4353479901232873,18,middle
18769,169,0,0.8436881705237369,0.48552477568434455,18,middle
18770,170,0,0.8417182125932002,0.28318825906454037,18,middle
18771,171,0,0.17665505829203731,0.35712295616969114,18,middle
18772,172,0,0.8665601211967731,0.34103828930923435,18,middle
18773,173,0,0.424282796397215,0.43616689721301094,18,middle
18774,174,0,0.7260915074262982,0.38924648484732605,18,middle
18775,175,0,0.8257521826842558,0.2736036518550494,18,middle
18776,176,0,0.8043630605716522,0.354164492722003,18,middle
18777,177,0,0.722003424170109,0.33695058144677503,18,middle
18778,178,0,0.12383637904605045,0.49298081164326885,18,middle
18779,179,0,0.2043691903847556,0.4843366352233982,18,middle
18780,180,0,0.2684692372570844,0.30464044793201783,18,middle
18781,181,0,0.7802806553935291,0.31848002254479363,18,middle
18782,182,0,0.1817427279475057,0.38787351177332763,18,middle
18783,183,0,0.6744449199722116,0.3839435381256566,18,middle
18784,184,0,0.5721046700339659,0.4391456128452611,18,middle
18785,185,0,0.6281615752023558,0.560301604992384,18,middle
18786,186,0,0.16072910890912626,0.3928567606705202,18,middle
18787,187,0,0.17281600588818688,0.38100247059532405,18,middle
18788,188,0,0.14876162133509818,0.4104011673838088,18,middle
18789,189,0,0.15760745542799356,0.4144688923003379,18,middle
18790,190,0,0.21738654697720505,0.5076978839251456,18,middle
18791,191,0,0.2533557395269995,0.4821001970195232,18,middle
18792,192,0,0.6083719496293556,0.4259841640609774,18,middle
18793,193,0,0.5550033614526191,0.4354565297810193,18,middle
18794,194,0,0.7141435356006685,0.4500668001477387,18,middle
18795,195,0,0.16348391970268936,0.4277346217122934,18,middle
18796,196,0,0.8564807201661049,0.2931484156356897,18,middle
18797,197,0,0.2724314482781511,0.567631424637971,18,middle
18798,198,0,0.4423836568580747,0.3897624170260602,18,middle
18799,199,0,0.694328548786135,0.3873787529540695,18,middle
18800,0,0,0.47905767739494215,0.6531398733132787,18,late
18801,1,0,0.7929498064029687,0.5131920043185145,18,late
18802,2,0,0.8104872012075467,0.6565266707887417,18,late
18803,3,0,0.161174540322933,0.6739549640683387,18,late
18804,4,1,0.6617680661139878,0.6573764351205043,18,late
18805,5,0,0.33912799045353637,0.5608129676487151,18,late
18806,6,2,0.3704128432332077,0.7402630965503796,18,late
18807,7,0,0.8480400138719479,0.5787089239430225,18,late
18808,8,0,0.6558605926001406,0.7268063280892187,18,late
18809,9,0,0.5934596148572981,0.5895467782525751,18,late
18810,10,0,0.4823415992456249,0.5118921603976017,18,late
18811,11,0,0.7045599386040822,0.4448030905872875,18,late
18812,12,0,0.9036311265897405,0.5052928901135395,18,late
18813,13,0,0.2971898118503988,0.644977126841732,18,late
18814,14,0,0.4778770310163254,0.5033998999075435,18,late
18815,15,0,0.3572846920149817,0.6043641217022299,18,late
18816,16,0,0.3963339901681419,0.5959546424893094,18,late
18817,17,0,0.33473769502475326,0.438733423255495,18,late
18818,18,0,0.7773541201823573,0.6324511913787538,18,late
18819,19,0,0.561222630926026,0.5787395079785272,18,late
18820,20,0,0.8755395987065366,0.4240157269279303,18,late
18821,21,0,0.27166370694678027,0.520808919854495,18,late
18822,22,3,0.7623980844171737,0.8124449952814365,18,late
18823,23,0,0.7278408427877863,0.3318985033096108,18,late
18824,24,0,0.7519471468542883,0.5347675224789618,18,late
18825,25,0,0.831207445530626,0.5008569882214952,18,late
18826,26,0,0.20296711396986855,0.6265152700634492,18,late
18827,27,0,0.2884299149742729,0.5616608770483711,18,late
18828,28,0,0.7537173437670392,0.5290919006871674,18,late
18829,29,0,0.7116987836841235,0.4893738301887773,18,late
18830,30,0,0.8650567641789682,0.445797708100208,18,late
18831,31,0,0.7025619727565094,0.44485326231377653,18,late
18832,32,0,0.12146501701837922,0.6010694753699729,18,late
18833,33,0,0.2903592097023754,0.4548050339892133,18,late
18834,34,0,0.707163455128561,0.5089352824314183,18,late
18835,35,0,0.6090240563399851,0.4498779459706337,18,late
18836,36,0,0.5474362949968754,0.5689794229256644,18,late
18837,37,0,0.27366094323536655,0.4108782322259782,18,late
18838,38,0,0.7462515266232399,0.3856416141603523,18,late
18839,39,0,0.6555292357324731,0.45407214002362617,18,late
18840,40,0,0.36141865665951556,0.644277676179248,18,late
18841,41,0,0.4027865474944563,0.4829970803253504,18,late
18842,42,0,0.16027549186257917,0.46194182566597153,18,late
18843,43,0,0.42299761030632327,0.46138429585937074,18,late
18844,44,0,0.2515158100763566,0.4484288831139249,18,late
18845,45,0,0.5544113806357281,0.37133281078393576,18,late
18846,46,0,0.28270641771661886,0.49562949644197085,18,late
18847,47,0,0.3579839697470099,0.4604844425124951,18,late
18848,48,4,0.4006184085677355,1.3119018792233748,18,late
18849,49,0,0.3247642676229514,0.6183205398358009,18,late
18850,50,0,0.8685002359975951,0.3476719469687186,18,late
18851,51,0,0.3585433440207476,0.4624792129897697,18,late
18852,52,0,0.9073250925591251,0.4671255709031115,18,late
18853,53,0,0.8093035757312113,0.5034956948133275,18,late
18854,54,0,0.1411554722995967,0.5248512326146593,18,late
18855,55,0,0.6346387487142597,0.5292470582994183,18,late
18856,56,0,0.33913176211720364,0.6389360859445532,18,late
18857,57,0,0.6464835265990845,0.34778800703597534,18,late
18858,58,0,0.8223784797949213,0.38749899204046634,18,late
18859,59,0,0.2892547930596485,0.5649142432021517,18,late
18860,60,0,0.4444432728771795,0.5305209746012788,18,late
18861,61,0,0.431475458312366,0.42876152326449224,18,late
18862,62,0,0.4370746607544721,0.6716720887540295,18,late
18863,63,0,0.5177817701919087,0.4408539777865752,18,late
18864,64,0,0.6829485138621915,0.49957865749634495,18,late
18865,65,0,0.5894932107743803,0.47230528059177146,18,late
18866,66,0,0.9013888220681923,0.5365462007258297,18,late
18867,67,0,0.5832436851326441,0.45083069921900604,18,late
18868,68,0,0.23940231790629962,0.4006532792352825,18,late
18869,69,0,0.5925846369025876,0.6085096057478983,18,late
18870,70,0,0.3369122886034557,0.4097094175183471,18,late
18871,71,0,0.7049104842698024,0.38053843683986593,18,late
18872,72,0,0.21142478420390046,0.41066163413005474,18,late
18873,73,0,0.2914428788130233,0.5154706600243071,18,late
18874,74,0,0.29061301492736435,0.31696460654031156,18,late
18875,75,0,0.4329190772746476,0.4236610619064879,18,late
18876,76,0,0.7733723480439187,0.46121355521235063,18,late
18877,77,0,0.6494673267627511,0.43612230493652504,18,late
18878,78,0,0.45752565744258245,0.48420453179866585,18,late
18879,79,0,0.33065299115322905,0.37427233916311076,18,late
18880,80,0,0.18806039809191305,0.5426027492091813,18,late
18881,81,0,0.11673461709805358,0.5282425897109366,18,late
18882,82,0,0.10724275809801122,0.3931204921485991,18,late
18883,83,0,0.12631937784278296,0.4210173276982113,18,late
18884,84,0,0.3219816211939145,0.5091479403957367,18,late
18885,85,0,0.7740909258657303,0.4465815616142125,18,late
18886,86,0,0.1519048058044778,0.5071225316664028,18,late
18887,87,0,0.369516943613285,0.4834194394517066,18,late
18888,88,0,0.5320862615784878,0.47084170664124797,18,late
18889,89,0,0.13423058202503377,0.46319126488230533,18,late
18890,90,0,0.4904166255167077,0.3870768548303837,18,late
18891,91,0,0.6440455417173996,0.40322551307432936,18,late
18892,92,0,0.9042320834039641,0.32910184857497493,18,late
18893,93,0,0.7083256978397192,0.3786332171071382,18,late
18894,94,0,0.31465469086978265,0.35638499218441483,18,late
18895,95,0,0.9689277218139074,0.355008224588086,18,late
18896,96,0,0.7138445480285647,0.3169622562333762,18,late
18897,97,0,0.03649767485200553,0.5087415814625988,18,late
18898,98,0,0.1135394846301897,0.4013817536045138,18,late
18899,99,0,0.1943770129102927,0.4765255737268429,18,late
18900,100,0,0.08961278179360362,0.48948951448964717,18,late
18901,101,0,0.7784042749032307,0.45807974606475466,18,late
18902,102,0,0.05322177973926661,0.5461825091716971,18,late
18903,103,0,0.8327567800969911,0.3217683116042554,18,late
18904,104,0,0.4237196571817971,0.45090292921840214,18,late
18905,105,0,0.6182196672286508,0.35158988808279235,18,late
18906,106,0,0.8487653780422513,0.29955477396483826,18,late
18907,107,0,0.5380677129124299,0.3454969954852265,18,late
18908,108,0,0.869479440721774,0.42916607826079806,18,late
18909,109,0,0.8156778837190632,0.3580848821082522,18,late
18910,110,0,0.8884162800222937,0.22877520040656357,18,late
18911,111,0,0.26291316256622055,0.37408430865127684,18,late
18912,112,0,0.7489766265308504,0.46863302000934554,18,late
18913,113,0,0.7833396991134984,0.29934692438929716,18,late
18914,114,0,0.2819990205327762,0.47908791827012676,18,late
18915,115,0,0.20747686180137695,0.43805132119246093,18,late
18916,116,0,0.14368627867770203,0.4175306339257252,18,late
18917,117,0,0.22294101350993312,0.39563704231365204,18,late
18918,118,0,0.8531609138397017,0.28006824632855204,18,late
18919,119,0,0.6693876296151855,0.35229558134229416,18,late
18920,120,0,0.41793010007227055,0.6067381641405271,18,late
18921,121,0,0.28492663856940903,0.48128546078976775,18,late
18922,122,0,0.3945771289254878,0.4780637140021058,18,late
18923,123,0,0.4954051106129804,0.43004194015156405,18,late
18924,124,0,0.5598818147463068,0.44136932577739996,18,late
18925,125,0,0.6104629437638386,0.4103797340931629,18,late
18926,126,0,0.49384416722816205,0.3811435572826976,18,late
18927,127,0,0.5534272621270725,0.3839051877776281,18,late
18928,128,0,0.38869945009984797,0.4121345068010742,18,late
18929,129,0,0.2799872268655246,0.49072204044065226,18,late
18930,130,0,0.5797323236728759,0.40032002805038147,18,late
18931,131,0,0.49431305850117824,0.37709632155926476,18,late
18932,132,0,0.49950834263997596,0.42041215133209564,18,late
18933,133,0,0.3817925403170582,0.45878144634695206,18,late
18934,134,0,0.26998368480001117,0.49595023250551573,18,late
18935,135,0,0.6869760887287086,0.2989812556776938,18,late
18936,136,0,0.5302778113221732,0.44230059123584975,18,late
18937,137,0,0.4722638813787672,0.49364459911509595,18,late
18938,138,0,0.5180841003883532,0.3475678110601388,18,late
18939,139,0,0.43515251820354395,0.460954600452541,18,late
18940,140,0,0.5213902679548886,0.29938236061556806,18,late
18941,141,0,0.3387443580096934,0.37960284300292546,18,late
18942,142,0,0.433689085117584,0.3668653215698058,18,late
18943,143,0,0.4711245188977481,0.36010477448808187,18,late
18944,144,0,0.6736541237463292,0.38162394705380254,18,late
18945,145,0,0.2203698677823598,0.37804092718838267,18,late
18946,146,0,0.5671548775560653,0.3053863852880104,18,late
18947,147,0,0.4054247791643206,0.40289659008452827,18,late
18948,148,0,0.6642018646403341,0.29710053895710314,18,late
18949,149,0,0.579180225542684,0.3776125213385719,18,late
18950,150,0,0.7747295725785108,0.46161763314494053,18,late
18951,151,0,0.6410474760699146,0.3660166681521213,18,late
18952,152,0,0.28915983349026503,0.38332041523461535,18,late
18953,153,0,0.15860886294603072,0.4025592849990538,18,late
18954,154,0,0.6221026805420206,0.33225282649738774,18,late
18955,155,0,0.5762429468439308,0.348062903564043,18,late
18956,156,0,0.22313766659484122,0.4890618009610048,18,late
18957,157,0,0.8194319507187682,0.4381257393474761,18,late
18958,158,0,0.6953073577810144,0.3452050869953798,18,late
18959,159,0,0.2505205173577099,0.40682879630966945,18,late
18960,160,0,0.46393769391083994,0.45503122043321104,18,late
18961,161,0,0.8446851277830424,0.24115918126606684,18,late
18962,162,0,0.7655371999139995,0.42613227562459666,18,late
18963,163,0,0.5149484597428167,0.2984815089362497,18,late
18964,164,0,0.4087389630835612,0.4353800345021869,18,late
18965,165,0,0.2687107970596703,0.4998686673057514,18,late
18966,166,0,0.8825118743177415,0.2853017659472887,18,late
18967,167,0,0.5038675055432935,0.3895704588039053,18,late
18968,168,0,0.3748925233640102,0.44444434051474835,18,late
18969,169,0,0.5027335479275626,0.4503419778076618,18,late
18970,170,0,0.0580012538970064,0.4303697137555226,18,late
18971,171,0,0.3726189750432747,0.4437462522711409,18,late
18972,172,0,0.4565392764420123,0.4774177121313359,18,late
18973,173,0,0.35604863580325935,0.352252913217991,18,late
18974,174,0,0.8561316888407373,0.30448364066891576,18,late
18975,175,0,0.4520247835587223,0.3581450460177633,18,late
18976,176,0,0.27737509941013216,0.3749946078623137,18,late
18977,177,0,0.5686022852369841,0.38751235444977317,18,late
18978,178,0,0.33452710014321213,0.3688877518575705,18,late
18979,179,0,0.3067593027977097,0.361084324393567,18,late
18980,180,0,0.7800377901281947,0.3836602754746972,18,late
18981,181,0,0.2823533074256257,0.41301400936619603,18,late
18982,182,0,0.5855992985839504,0.29314854587209654,18,late
18983,183,0,0.5467440883662245,0.3701199418783042,18,late
18984,184,0,0.6763409512731384,0.3641984221433323,18,late
18985,185,0,0.6626204696523263,0.42238958824392103,18,late
18986,186,0,0.7049982807615669,0.426245671749404,18,late
18987,187,0,0.30165980169564655,0.43834547251555944,18,late
18988,188,0,0.27312603926534096,0.36873848708330637,18,late
18989,189,0,0.9164699928306712,0.4028552233080882,18,late
18990,190,0,0.07375071587933477,0.4725294265751181,18,late
18991,191,0,0.5185782754712424,0.3899445612008171,18,late
18992,192,0,0.426378419083218,0.402612176038495,18,late
18993,193,0,0.4337054662825878,0.5395296985637454,18,late
18994,194,0,0.5441495379920673,0.36350496640386887,18,late
18995,195,0,0.5425680308371665,0.3411687746218275,18,late
18996,196,0,0.2161236442796005,0.4477933275994541,18,late
18997,197,0,0.2999522782232031,0.3758258993738416,18,late
18998,198,0,0.9704169687176964,0.5285199433220283,18,late
18999,199,0,0.43066126218499334,0.31703030095070406,18,late
19000,0,0,0.05275715450586441,0.7313951110794699,19,interleaved
19001,1,0,0.38123556276801346,0.5914552871963652,19,interleaved
19002,2,0,0.787562264526618,0.5562572748010893,19,interleaved
19003,3,0,0.4191167033615939,0.6204227769805633,19,interleaved
19004,4,0,0.09982141556694613,0.6643508693198672,19,interleaved
19005,5,0,0.467258723805311,0.572979112435495,19,interleaved
19006,6,0,0.9483004860679685,0.5152110252865625,19,interleaved
19007,7,0,0.6251704974740115,0.6604662199761533,19,interleaved
19008,8,0,0.08474901223988521,0.5824401144507316,19,interleaved
19009,9,0,0.3969532884788607,0.4538872030559531,19,interleaved
19010,10,0,0.93506333124597,0.4950886426117076,19,interleaved
19011,11,0,0.5518978758996678,0.30222401060815934,19,interleaved
19012,12,0,0.9418058392391488,0.49423650689707577,19,interleaved
19013,13,0,0.5288886302490488,0.39160821523768274,19,interleaved
19014,14,0,0.10576718679354956,0.5597668006881368,19,interleaved
19015,15,0,0.46170567534652757,0.49863100204208033,19,interleaved
19016,16,0,0.9496150420395599,0.2807357735655848,19,interleaved
19017,17,0,0.49122672868904815,0.5785942519979168,19,interleaved
19018,18,0,0.8852590786219308,0.34353805507269664,19,interleaved
19019,19,0,0.5087251580540708,0.39475782674373094,19,interleaved
19020,20,0,0.06271899726295682,0.4764460865367284,19,interleaved
19021,21,0,0.5645198719117057,0.5491451174044827,19,interleaved
19022,22,0,0.14036245369889394,0.44487926239724496,19,interleaved
19023,23,0,0.4668708120485137,0.4089009852879074,19,interleaved
19024,24,0,0.954035981982311,0.4710133565923975,19,interleaved
19025,25,0,0.4614883404633334,0.6467443405126496,19,interleaved
19026,26,0,0.9469832411248551,0.28482147548494896,19,interleaved
19027,27,0,0.49129538097760245,0.41991717158801606,19,interleaved
19028,28,0,0.9455444288300877,0.34269104481251855,19,interleaved
19029,29,0,0.5136111269236883,0.5439688052936806,19,interleaved
19030,30,0,0.07221061349601667,0.5268440002320794,19,interleaved
19031,31,0,0.5262683674761638,0.4665548787471409,19,interleaved
19032,32,0,0.9217461146795349,0.41253737738860397,19,interleaved
19033,33,0,0.47605157144363885,0.4139525167935012,19,interleaved
19034,34,0,0.15834027200741052,0.5391928735215489,19,interleaved
19035,35,0,0.5620368624679423,0.36125191600809925,19,interleaved
19036,36,0,0.937933403004972,0.3678476627667361,19,interleaved
19037,37,0,0.5058039164695259,0.3229492770768536,19,interleaved
19038,38,0,0.13556652864641652,0.5915043327956471,19,interleaved
19039,39,0,0.4608465992886711,0.4046032039772485,19,interleaved
19040,40,0,0.10416961415446299,0.3658991848692179,19,interleaved
19041,41,0,0.46350852190791586,0.42065161069983453,19,interleaved
19042,42,0,0.13095386958720273,0.46913894073036083,19,interleaved
19043,43,0,0.46411996087326135,0.358585200049628,19,interleaved
19044,44,0,0.13291747292780914,0.4177930062834588,19,interleaved
19045,45,0,0.5092688740724258,0.35468717075390677,19,interleaved
19046,46,0,0.9034786469475233,0.2596647876137106,19,interleaved
19047,47,0,0.4891734784493102,0.44735966681232,19,interleaved
19048,48,0,0.1082796252234137,0.42697316336899166,19,interleaved
19049,49,0,0.24483236610764297,0.5342636967675585,19,interleaved
19050,50,0,0.13004753189974855,0.4787229153916147,19,interleaved
19051,51,0,0.582855098607177,0.47147741680197847,19,interleaved
19052,52,0,0.7890371192694314,0.5854085900806755,19,interleaved
19053,53,0,0.6489055465347182,0.4757962105235364,19,interleaved
19054,54,0,0.12903019734265858,0.4749948762979115,19,interleaved
19055,55,0,0.6494380002508992,0.4526827086512293,19,interleaved
19056,56,0,0.1789104948230331,0.5477749611484678,19,interleaved
19057,57,0,0.44259876076641186,0.5412989339886474,19,interleaved
19058,58,0,0.7764911480512449,0.33080247514820127,19,interleaved
19059,59,0,0.33576675975676173,0.3775827468163949,19,interleaved
19060,60,0,0.15865527340098623,0.5198710403063052,19,interleaved
19061,61,0,0.5398340437956675,0.39927328616241986,19,interleaved
19062,62,0,0.16533111942981768,0.4206949012401683,19,interleaved
19063,63,0,0.45695062820399857,0.4154823776452,19,interleaved
19064,64,0,0.8314408009459889,0.23272395030119702,19,interleaved
19065,65,0,0.5403884404172298,0.48709074776019656,19,interleaved
19066,66,0,0.19424748650606258,0.4800010524512055,19,interleaved
19067,67,0,0.3565020311492134,0.4232892875346457,19,interleaved
19068,68,0,0.9058248798106043,0.36799102967644737,19,interleaved
19069,69,0,0.42745381312435404,0.40990451809094186,19,interleaved
19070,70,0,0.22379412183655753,0.42821272647409203,19,interleaved
19071,71,0,0.5326864532396508,0.2636625316682554,19,interleaved
19072,72,0,0.8803309769522865,0.4571514519642671,19,interleaved
19073,73,0,0.4493169950065794,0.41006415036064514,19,interleaved
19074,74,0,0.8810972143934336,0.2509730793859122,19,interleaved
19075,75,0,0.5088972461750354,0.3968242795435575,19,interleaved
19076,76,0,0.11160035059720873,0.40784435161009946,19,interleaved
19077,77,0,0.39703188542528045,0.49626152314543764,19,interleaved
19078,78,0,0.9290265016473116,0.38457490673100514,19,interleaved
19079,79,0,0.534841233470666,0.4092198658731442,19,interleaved
19080,80,0,0.16286860341933146,0.40297161629929423,19,interleaved
19081,81,0,0.4988219255913299,0.26355346363208054,19,interleaved
19082,82,0,0.8590746469985663,0.3083195477061475,19,interleaved
19083,83,0,0.4686973799841978,0.32274385346586243,19,interleaved
19084,84,0,0.19435186496680645,0.45887812148796614,19,interleaved
19085,85,0,0.5146445206707807,0.4568642188061951,19,interleaved
19086,86,0,0.12579353581254368,0.4041427335426515,19,interleaved
19087,87,0,0.4287007581185497,0.4351370145507935,19,interleaved
19088,88,0,0.11387724720325326,0.5540805610059159,19,interleaved
19089,89,0,0.5176971684944919,0.6225554193214361,19,interleaved
19090,90,0,0.8669721987368249,0.32070705782781084,19,interleaved
19091,91,0,0.31615264926076114,0.5904865653214031,19,interleaved
19092,92,0,0.2066120282897448,0.47533396604490874,19,interleaved
19093,93,0,0.43739619141686503,0.3728004651523491,19,interleaved
19094,94,0,0.8466217060546191,0.37894660341208763,19,interleaved
19095,95,0,0.561723035999927,0.3784483865412719,19,interleaved
19096,96,0,0.17130304356918552,0.5803444131403455,19,interleaved
19097,97,0,0.46798085578569876,0.44106893982557094,19,interleaved
19098,98,0,0.8758971516283627,0.30264823902768945,19,interleaved
19099,99,0,0.4671594253361038,0.3601229547810315,19,interleaved
19100,100,0,0.8367774473894347,0.29472319704245437,19,interleaved
19101,101,0,0.40913170769976226,0.35361076282807685,19,interleaved
19102,102,0,0.131538861314934,0.4649663537231914,19,interleaved
19103,103,0,0.4444962807505694,0.7654839611449249,19,interleaved
19104,104,0,0.868173338940947,0.29564244311813004,19,interleaved
19105,105,0,0.5823856892119792,0.3106588192490383,19,interleaved
19106,106,0,0.18219730050875116,0.4435878166792737,19,interleaved
19107,107,0,0.4233764114305622,0.5259715528300635,19,interleaved
19108,108,0,0.9020350537832545,0.41061464818569965,19,interleaved
19109,109,0,0.45672310392627935,0.500396268280598,19,interleaved
19110,110,0,0.1237811551882095,0.48036008584602874,19,interleaved
19111,111,0,0.5860198809027992,0.3928227815927794,19,interleaved
19112,112,0,0.15443249106625,0.4492438316162366,19,interleaved
19113,113,0,0.6659581756958031,0.39408307391011566,19,interleaved
19114,114,0,0.1903214009137713,0.498471889069197,19,interleaved
19115,115,0,0.5794868460098374,0.310142741822231,19,interleaved
19116,116,0,0.8032634679974371,0.4883445568335004,19,interleaved
19117,117,0,0.5100298094052789,0.2841709770712423,19,interleaved
19118,118,0,0.855271853235261,0.33947852905505066,19,interleaved
19119,119,0,0.34935240027645614,0.3612657772226143,19,interleaved
19120,120,0,0.2518509694700985,0.5358270469894949,19,interleaved
19121,121,0,0.5288381457084663,0.39319443337308746,19,interleaved
19122,122,0,0.20088027467126762,0.4957127994274372,19,interleaved
19123,123,0,0.659866185615565,0.3527923502810431,19,interleaved
19124,124,0,0.30340617807107517,0.4694425293058363,19,interleaved
19125,125,0,0.6449840450408834,0.31417900016392725,19,interleaved
19126,126,0,0.2279226564243434,0.5281355678822993,19,interleaved
19127,127,0,0.3643603487511462,0.6322907198234978,19,interleaved
19128,128,0,0.3216576347596626,0.5333801489756265,19,interleaved
19129,129,0,0.5460676481487521,0.3051583099884998,19,interleaved
19130,130,0,0.8792780019179548,0.29421186267026983,19,interleaved
19131,131,0,0.694194993778153,0.3704573979640953,19,interleaved
19132,132,0,0.8873306392387603,0.2521839898224738,19,interleaved
19133,133,0,0.5456219665516832,0.44155603396554,19,interleaved
19134,134,0,0.1527260145504535,0.36976219105754704,19,interleaved
19135,135,0,0.4792355824373007,0.2644288087785739,19,interleaved
19136,136,0,0.22971023840797275,0.42030339914351855,19,interleaved
19137,137,0,0.5420589175313426,0.528876074291887,19,interleaved
19138,138,0,0.8546308447625927,0.39144061435568234,19,interleaved
19139,139,0,0.4421314183415011,0.37865493502228664,19,interleaved
19140,140,0,0.8213094961714047,0.2842946256848719,19,interleaved
19141,141,0,0.5646709643525751,0.5497120355619991,19,interleaved
19142,142,0,0.23201437621611853,0.5437524067558642,19,interleaved
19143,143,0,0.6075097523593764,0.4307416548295884,19,interleaved
19144,144,0,0.8115446460188271,0.33227667938386735,19,interleaved
19145,145,0,0.6437370545153467,0.4613831417844615,19,interleaved
19146,146,0,0.848569457810685,0.37829034088150537,19,interleaved
19147,147,0,0.4016598380279971,0.40398223255736965,19,interleaved
19148,148,0,0.8453485522957682,0.2552816165147981,19,interleaved
19149,149,0,0.3347158346460016,0.4139657052453112,19,interleaved
19150,150,0,0.8145649510069324,0.41826725101809153,19,interleaved
19151,151,0,0.4431769347916611,0.5089597873240808,19,interleaved
19152,152,0,0.833076140479662,0.2012839660109489,19,interleaved
19153,153,0,0.46374136819742157,0.4521929744182889,19,interleaved
19154,154,0,0.8757642282245434,0.3219911335108707,19,interleaved
19155,155,0,0.5674827782871423,0.32527201018506896,19,interleaved
19156,156,0,0.24684495548288482,0.4726451766356389,19,interleaved
19157,157,0,0.4274023558734389,0.41753380144958674,19,interleaved
19158,158,0,0.15412973896600674,0.4440810355312957,19,interleaved
19159,159,0,0.5162144950332863,0.4832907057768533,19,interleaved
19160,160,0,0.5559825873407555,0.5529845749374747,19,interleaved
19161,161,0,0.4491554882323296,0.47540391577079877,19,interleaved
19162,162,0,0.9217406554550351,0.3883573497053475,19,interleaved
19163,163,0,0.3739398077572371,0.40134238340667716,19,interleaved
19164,164,0,0.4571840502090407,0.23260958684797128,19,interleaved
19165,165,0,0.5488328981229831,0.3458793634506318,19,interleaved
19166,166,0,0.8266855858138351,0.26829095494879807,19,interleaved
19167,167,0,0.4783351900526447,0.3948181686346262,19,interleaved
19168,168,0,0.4594577994881487,0.33361856066196216,19,interleaved
19169,169,0,0.5052744895871992,0.35609869634316926,19,interleaved
19170,170,0,0.6644331301270752,0.3949775086524434,19,interleaved
19171,171,0,0.840982089862242,0.41023436715985323,19,interleaved
19172,172,0,0.18927289815396378,0.4082395159095551,19,interleaved
19173,173,0,0.14154029169605753,0.4475608992852268,19,interleaved
19174,174,0,0.1804654686180132,0.35852231371781623,19,interleaved
19175,175,0,0.08368880422367385,0.41815496977508054,19,interleaved
19176,176,0,0.29704232234218536,0.4207877995664117,19,interleaved
19177,177,0,0.4666632685111927,0.4077216819340006,19,interleaved
19178,178,0,0.5066454936982445,0.26121660035272093,19,interleaved
19179,179,0,0.831708900658878,0.33194243727907197,19,interleaved
19180,180,0,0.8462119925653679,0.37337932944834573,19,interleaved
19181,181,0,0.6037069516035982,0.37013229504345696,19,interleaved
19182,182,0,0.5247904062859334,0.4086313495957091,19,interleaved
19183,183,0,0.5460496234742174,0.35608636295143764,19,interleaved
19184,184,0,0.7070772885906734,0.42548144663517545,19,interleaved
19185,185,0,0.7821597779309493,0.33026101035744954,19,interleaved
19186,186,0,0.45246559155964927,0.3472513989931565,19,interleaved
19187,187,0,0.8945042718136988,0.2359865806381505,19,interleaved
19188,188,0,0.13826724736158758,0.5627976849011427,19,interleaved
19189,189,0,0.3112177466800073,0.40119805650230084,19,interleaved
19190,190,0,0.6096366848158996,0.40494199909191336,19,interleaved
19191,191,0,0.8045418663790393,0.38791173393077305,19,interleaved
19192,192,0,0.8316743793432555,0.3358800384299839,19,interleaved
19193,193,0,0.6673656738153194,0.4383962397384317,19,interleaved
19194,194,0,0.6935779065288431,0.3840260479848777,19,interleaved
19195,195,0,0.4605789980041073,0.39948270244983125,19,interleaved
19196,196,0,0.47917623742332227,0.4262111649877398,19,interleaved
19197,197,0,0.3228957341341849,0.4708385847299774,19,interleaved
19198,198,0,0.6554461202857826,0.30460848634826687,19,interleaved
19199,199,0,0.2301230163116084,0.38224390953022286,19,interleaved
19200,0,0,0.9914511486178748,0.6206439605615645,19,blocked
19201,1,0,0.04348395171514797,0.548079444913008,19,blocked
19202,2,0,0.9270102649174994,0.6293038703932434,19,blocked
19203,3,0,0.9099094664705965,0.4103474386058515,19,blocked
19204,4,1,0.1946416552340931,0.7338148497187498,19,blocked
19205,5,0,0.9520103299948226,0.4942546840520048,19,blocked
19206,6,0,0.3044438624649602,0.5033189740420598,19,blocked
19207,7,0,0.8249600180269872,0.37686571552672155,19,blocked
19208,8,0,0.6487619212976772,0.6670679561872352,19,blocked
19209,9,0,0.8514152734242958,0.4325668124112485,19,blocked
19210,10,0,0.8426259962746693,0.5198255895035873,19,blocked
19211,11,0,0.8654077440688537,0.48357549307343645,19,blocked
19212,12,0,0.9697084074741342,0.5376307006706283,19,blocked
19213,13,0,0.44390073828415777,0.6146168445478617,19,blocked
19214,14,0,0.9551334003968668,0.5283811189076799,19,blocked
19215,15,0,0.851500310402673,0.48292311666257204,19,blocked
19216,16,0,0.23923781953108572,0.4046059966788883,19,blocked
19217,17,0,0.20352341004298774,0.5135359353147249,19,blocked
19218,18,0,0.6451971803936416,0.493377260843771,19,blocked
19219,19,0,0.12419769751765951,0.5041039278908357,19,blocked
19220,20,0,0.9444807312853064,0.29313787949885683,19,blocked
19221,21,0,0.9192316931519184,0.5379166776979664,19,blocked
19222,22,0,0.46710228243958474,0.41967487921814395,19,blocked
19223,23,0,0.3513692886640053,0.5169334153809608,19,blocked
19224,24,2,0.7517054838059195,0.6422047091073205,19,blocked
19225,25,0,0.5750141598715798,0.36974766733393627,19,blocked
19226,26,0,0.41138895314394963,0.3539918330991344,19,blocked
19227,27,0,0.8431513376959328,0.4564338058547589,19,blocked
19228,28,0,0.6847015133773928,0.5515794647522971,19,blocked
19229,29,0,0.5764043843913177,0.388599247709621,19,blocked
19230,30,0,0.6750005479447121,0.5750534821425071,19,blocked
19231,31,0,0.7735277470060823,0.26770490603777747,19,blocked
19232,32,0,0.5909141908565345,0.38578532217537037,19,blocked
19233,33,0,0.3522447806681502,0.46264806679722076,19,blocked
19234,34,0,0.06002025665824085,0.6831697759120193,19,blocked
19235,35,0,0.5867222321370957,0.39139267461341204,19,blocked
19236,36,0,0.7464811982890045,0.2944497248402077,19,blocked
19237,37,0,0.7427050658114438,0.34408290371332784,19,blocked
19238,38,0,0.6785609009885665,0.37816745925808315,19,blocked
19239,39,0,0.47146504762438796,0.3889464903818662,19,blocked
19240,40,0,0.1963670992500542,0.4825384125427065,19,blocked
19241,41,0,0.5956727449387276,0.31013143847678387,19,blocked
19242,42,0,0.4409047738986992,0.34062357110796126,19,blocked
19243,43,0,0.6757523268558503,0.5106043879675877,19,blocked
19244,44,0,0.45422931473139716,0.4225726121848569,19,blocked
19245,45,0,0.4781990622240256,0.45056170546082774,19,blocked
19246,46,0,0.6018251578726669,0.4106012168009838,19,blocked
19247,47,0,0.34263245520261215,0.5042651560225001,19,blocked
19248,48,0,0.25402818349078815,0.5257512812839009,19,blocked
19249,49,0,0.3765758717304591,0.5640823208193237,19,blocked
19250,50,0,0.4839018586669239,0.34360769243620715,19,blocked
19251,51,0,0.37347291931699633,0.29878875008512934,19,blocked
19252,52,0,0.5784785613959458,0.31921570951762623,19,blocked
19253,53,0,0.49612324623351,0.46661317217078985,19,blocked
19254,54,0,0.6964748034745063,0.4781879570097213,19,blocked
19255,55,0,0.47034945691005403,0.3959902699418171,19,blocked
19256,56,0,0.5348753489531713,0.42659171093440024,19,blocked
19257,57,0,0.649542350574625,0.43215108384616235,19,blocked
19258,58,0,0.312884677554876,0.43990361523213417,19,blocked
19259,59,0,0.471896721032564,0.47487228187413366,19,blocked
19260,60,0,0.1817510092872035,0.5148549315915599,19,blocked
19261,61,0,0.5137106888243408,0.4738104124002315,19,blocked
19262,62,0,0.2783175982965192,0.4699252431215436,19,blocked
19263,63,0,0.3479283695904891,0.39723876252954227,19,blocked
19264,64,0,0.5545491721063103,0.3119702615294228,19,blocked
19265,65,0,0.6094681923465454,0.5317798659527955,19,blocked
19266,66,0,0.5753816714024381,0.30789395278872933,19,blocked
19267,67,0,0.39020635418328203,0.3346421834633865,19,blocked
19268,68,0,0.3138559437060736,0.44836548444700064,19,blocked
19269,69,0,0.5746577700489893,0.4902282134683891,19,blocked
19270,70,0,0.37034113767393345,0.3086147600324546,19,blocked
19271,71,0,0.47020545388586954,0.29504997987592646,19,blocked
19272,72,0,0.2064808932419776,0.4634063499842176,19,blocked
19273,73,0,0.5045343310323678,0.4110659768659414,19,blocked
19274,74,0,0.5611809322619695,0.5191674938130796,19,blocked
19275,75,0,0.315150640959639,0.559371917414844,19,blocked
19276,76,0,0.6009561425951482,0.31271724290821223,19,blocked
19277,77,0,0.4452262936871044,0.3779939420678695,19,blocked
19278,78,0,0.49594448942747105,0.36512936808803576,19,blocked
19279,79,0,0.5960230361016303,0.3796436286377953,19,blocked
19280,80,0,0.7540948459935737,0.38322444335426903,19,blocked
19281,81,0,0.8411765676641,0.3357217328610348,19,blocked
19282,82,0,0.09255465227101967,0.36755987287886005,19,blocked
19283,83,0,0.7720772833658611,0.4003757736292919,19,blocked
19284,84,0,0.8864767083321656,0.325730984022205,19,blocked
19285,85,0,0.12918558328021984,0.6757770416652422,19,blocked
19286,86,0,0.21478458381827728,0.5678122605554236,19,blocked
19287,87,0,0.4082093811902068,0.5089184877799748,19,blocked
19288,88,0,0.3877965608387235,0.39890983870997443,19,blocked
19289,89,0,0.5213785605646122,0.3921694093168264,19,blocked
19290,90,0,0.8190687883484417,0.3754354564684417,19,blocked
19291,91,0,0.4030586309664171,0.45885282912774245,19,blocked
19292,92,0,0.5170746207933369,0.37299318898373135,19,blocked
19293,93,0,0.9172094735669432,0.3543695677612141,19,blocked
19294,94,0,0.6371989820460175,0.4604017811265503,19,blocked
19295,95,0,0.3219766324360193,0.46220182616350636,19,blocked
19296,96,0,0.5605194211816342,0.3531114419651411,19,blocked
19297,97,0,0.5431197345554328,0.39625676311680924,19,blocked
19298,98,0,0.42844142124549034,0.5903120798371185,19,blocked
19299,99,0,0.7436500565142086,0.3451176110095072,19,blocked
19300,100,0,0.640883373783169,0.3200402493408754,19,blocked
19301,101,0,0.6063312057021397,0.402367260215402,19,blocked
19302,102,0,0.6030147951381704,0.3352566660715648,19,blocked
19303,103,0,0.6878514313322257,0.33095746339631704,19,blocked
19304,104,0,0.33895789553570277,0.4290248185941583,19,blocked
19305,105,0,0.3436348635496089,0.35192965593298214,19,blocked
19306,106,0,0.4145013022948304,0.2923031401950651,19,blocked
19307,107,0,0.1348936544294142,0.44831934519006617,19,blocked
19308,108,0,0.7769266789846084,0.30567167986179145,19,blocked
19309,109,0,0.47031541425896933,0.3924303583731662,19,blocked
19310,110,0,0.8504520209070744,0.3412503079106096,19,blocked
19311,111,0,0.4774631477005268,0.45649562660604304,19,blocked
19312,112,0,0.875876960102104,0.402115022141566,19,blocked
19313,113,0,0.37509557287795037,0.36099589136613996,19,blocked
19314,114,0,0.49210751520680696,0.30522764745968944,19,blocked
19315,115,0,0.23948033997789617,0.3401676728859213,19,blocked
19316,116,0,0.3439021579154331,0.392379389848623,19,blocked
19317,117,0,0.3464760228231186,0.43432698608003084,19,blocked
19318,118,0,0.4010152629393793,0.3973659681749103,19,blocked
19319,119,0,0.7761195145972308,0.3767206299096374,19,blocked
19320,120,1,0.9200577976483921,0.6293758819184743,19,blocked
19321,121,0,0.5649305776343254,0.23643841257709164,19,blocked
19322,122,0,0.7007640538566637,0.2680953239892588,19,blocked
19323,123,0,0.2509465619030743,0.5174295941232694,19,blocked
19324,124,0,0.42749569334503634,0.6309457067136701,19,blocked
19325,125,0,0.4009836105106194,0.4737037168061303,19,blocked
19326,126,0,0.6397543907556867,0.2933101063318623,19,blocked
19327,127,0,0.7882773663331298,0.5273157323723638,19,blocked
19328,128,0,0.41948392725628186,0.2708201701556484,19,blocked
19329,129,0,0.612590537987522,0.3802671672177581,19,blocked
19330,130,0,0.6637450422968112,0.4124734106337809,19,blocked
19331,131,0,0.7126114539161181,0.35167702817228486,19,blocked
19332,132,0,0.5116658583450102,0.6200034446390239,19,blocked
19333,133,0,0.8773278715521764,0.5125921049244289,19,blocked
19334,134,0,0.3507116640770034,0.39528868750831925,19,blocked
19335,135,0,0.7352377983623294,0.26386920735211944,19,blocked
19336,136,0,0.42921874603674853,0.36287186193692744,19,blocked
19337,137,0,0.7263118526773752,0.49528929027971613,19,blocked
19338,138,0,0.547436842535799,0.4741886731645104,19,blocked
19339,139,0,0.4371865562204961,0.2963965590641361,19,blocked
19340,140,0,0.5896475560691616,0.3507005701495386,19,blocked
19341,141,0,0.2042225920412963,0.4157322613013571,19,blocked
19342,142,0,0.6036961565306054,0.33303906560546126,19,blocked
19343,143,0,0.3853918547767572,0.4894875554808338,19,blocked
19344,144,0,0.5105566214653064,0.35436651025430016,19,blocked
19345,145,0,0.3281703317078301,0.5551785677453477,19,blocked
19346,146,0,0.640955056240748,0.32598630180010746,19,blocked
19347,147,0,0.4657331855162769,0.4812814559362788,19,blocked
19348,148,0,0.40993482736717857,0.4244353528801628,19,blocked
19349,149,0,0.12083310581445718,0.4955822796576769,19,blocked
19350,150,0,0.4358315350175438,0.35200220444839925,19,blocked
19351,151,0,0.2923819250362778,0.3937558846381177,19,blocked
19352,152,0,0.22231585741396484,0.3705956782932852,19,blocked
19353,153,0,0.6882503704501889,0.28897448978878915,19,blocked
19354,154,0,0.25758622228829453,0.34121251141535647,19,blocked
19355,155,0,0.6590569464803039,0.2994691514486295,19,blocked
19356,156,0,0.6868807085666561,0.35911012470718784,19,blocked
19357,157,0,0.5488255726432442,0.45775994160049926,19,blocked
19358,158,0,0.6784309694001843,0.4849312904252035,19,blocked
19359,159,0,0.7437985672747078,0.33109191854919284,19,blocked
19360,160,0,0.4409007926933261,0.34341188113130194,19,blocked
19361,161,0,0.5138042457519398,0.3313861003046723,19,blocked
19362,162,0,0.45312074459215285,0.5478913831433186,19,blocked
19363,163,0,0.6733165191100271,0.3934755707782229,19,blocked
19364,164,0,0.5604801960890754,0.3233997244599731,19,blocked
19365,165,0,0.9820577796774079,0.4091464934718688,19,blocked
19366,166,0,0.6146480267621781,0.46411353201507816,19,blocked
19367,167,0,0.5499169095873521,0.36128940598356024,19,blocked
19368,168,0,0.4667969992127924,0.3721648859048572,19,blocked
19369,169,0,0.814345311609948,0.3780957406654557,19,blocked
19370,170,0,0.26056566347718413,0.46068906048817865,19,blocked
19371,171,0,0.22367234239001332,0.4014233982954679,19,blocked
19372,172,0,0.4148039812095432,0.26700599178555046,19,blocked
19373,173,0,0.7766619671337355,0.3056621292381314,19,blocked
19374,174,0,0.33698414583703684,0.31014358790553237,19,blocked
19375,175,0,0.299149708291817,0.34143197353171484,19,blocked
19376,176,0,0.18442466228082804,0.45128374707747254,19,blocked
19377,177,0,0.6908930408350658,0.23778553667331415,19,blocked
19378,178,0,0.47256542602430496,0.25789544710997364,19,blocked
19379,179,0,0.853905114885833,0.37395637075910104,19,blocked
19380,180,0,0.8491517079831186,0.36293895892129613,19,blocked
19381,181,0,0.8121137781702394,0.3778723275725486,19,blocked
19382,182,0,0.8293371104252105,0.29427513909880487,19,blocked
19383,183,0,0.6591682069026219,0.4338603996742201,19,blocked
19384,184,0,0.20082613295764318,0.3646758548202179,19,blocked
19385,185,0,0.8002948197661053,0.37823344155386285,19,blocked
19386,186,0,0.7307723203318646,0.30121162252889366,19,blocked
19387,187,0,0.9258375565523926,0.3201812519199506,19,blocked
19388,188,0,0.929719611738769,0.3598555974247255,19,blocked
19389,189,0,0.4186616677545032,0.3364972239656124,19,blocked
19390,190,0,0.5596083438042784,0.29211425555309534,19,blocked
19391,191,0,0.41803765879029403,0.3293636713424284,19,blocked
19392,192,0,0.5949931621794295,0.489725776186986,19,blocked
19393,193,0,0.4456595483709318,0.5180964946034765,19,blocked
19394,194,0,0.5077921273912895,0.3633865748788817,19,blocked
19395,195,0,0.8343641715925644,0.28605384506572373,19,blocked
19396,196,0,0.12847956080432574,0.47860854674244285,19,blocked
19397,197,0,0.41651503636250475,0.4439411221750762,19,blocked
19398,198,0,0.5425149290362039,0.37019651249009233,19,blocked
19399,199,0,0.7368354613323469,0.2851670789187002,19,blocked
19400,0,0,0.9811823388881288,1.021397288198492,19,early
19401,1,1,0.1507700641990906,0.9583686369088755,19,early
19402,2,2,0.9983566567467259,0.928757862797664,19,early
19403,3,3,0.010295522193635819,0.8295694161293716,19,early
19404,4,4,0.9999353321933883,0.8151785794439252,19,early
19405,5,5,0.12481660884076377,1.2553965127915112,19,early
19406,6,6,0.9790276958069797,0.6539644905936955,19,early
19407,7,7,0.007811466185939203,1.1532655304143615,19,early
19408,8,8,0.4843480925712074,1.147214800773177,19,early
19409,9,9,0.0069958897243118864,1.0125339332220087,19,early
19410,10,10,0.21145456784689,1.2637246942211113,19,early
19411,11,0,0.9804457890004895,0.6050448191285173,19,early
19412,12,11,0.009930192705813329,0.8107053391363013,19,early
19413,13,12,0.9842702905111393,0.8430996726400247,19,early
19414,14,13,0.00018350880368891466,0.985499064658903,19,early
19415,15,14,0.9698731177772454,0.8631276886633727,19,early
19416,16,15,0.12540867898504088,0.923352402367164,19,early
19417,17,16,0.19273559701313214,1.55108358836997,19,early
19418,18,17,3.7468096751769303e-05,1.5038815987642373,19,early
19419,19,18,0.960850416630493,1.2377392913680634,19,early
19420,20,0,0.9824143000728242,0.49845392032277064,19,early
19421,21,0,0.9832380098306726,0.67716782484433,19,early
19422,22,4,0.9996923253820729,0.5322717696486021,19,early
19423,23,4,0.9997210601987008,0.5633416671440235,19,early
19424,24,19,0.001404846772897104,0.992720684583295,19,early
19425,25,20,0.9754031855487031,0.967371122749662,19,early
19426,26,21,0.9943836911976566,0.9756735195191499,19,early
19427,27,22,0.9996295451031822,1.0750876833197,19,early
19428,28,23,0.9985490095043614,1.0056344438783933,19,early
19429,29,0,0.015575420968213679,0.6701906490052234,19,early
19430,30,24,0.9785446382568679,0.8050467226669408,19,early
19431,31,25,0.0045872959320059,1.2851864542433589,19,early
19432,32,26,0.9999100860398475,1.1273792161353424,19,early
19433,33,27,0.0015117482615261068,0.8445035757227675,19,early
19434,34,28,0.9991788668640764,1.1003266881155407,19,early
19435,35,29,0.6340869015912156,0.8568967793172904,19,early
19436,36,30,0.5853601161972957,1.2270752921065133,19,early
19437,37,31,0.006762798039987559,0.8900196874384565,19,early
19438,38,32,0.979222127270752,0.8956027068808361,19,early
19439,39,33,0.05192865724523006,0.8821040407381151,19,early
19440,40,34,0.5090064941212241,0.6882193673931987,19,early
19441,41,35,0.45348624647444097,1.1610928101213744,19,early
19442,42,15,0.8702647092902536,0.7061305959633313,19,early
19443,43,36,0.02117299058532928,0.8811293847374408,19,early
19444,44,35,0.5085913400898615,0.6635879205516366,19,early
19445,45,37,0.0233151346273976,1.1231309827589282,19,early
19446,46,38,0.5029576757894466,0.6943698242348599,19,early
19447,47,39,0.5064383170574449,1.007898138229905,19,early
19448,48,40,0.850596351849933,0.7620841205067046,19,early
19449,49,35,0.47669920744936073,0.6152430871344594,19,early
19450,50,33,0.6543358782717439,0.6203150446065648,19,early
19451,51,41,0.49407335245641526,0.6764240908511241,19,early
19452,52,42,0.3449806554032488,1.0312143049734148,19,early
19453,53,43,0.6534583079529207,1.0130144759760218,19,early
19454,54,0,0.5016779920390687,0.4583329370407675,19,early
19455,55,0,0.49325967198044046,0.64888680194814,19,early
19456,56,44,0.8456439101635862,0.9136143217568513,19,early
19457,57,35,0.028830686343308744,1.0260234513583626,19,early
19458,58,35,0.08242124843271156,0.9347161478091477,19,early
19459,59,33,0.9188101759964391,0.858254831401281,19,early
19460,60,45,0.9728391035024054,0.925558713342295,19,early
19461,61,33,0.8690655375453524,0.6311443648607407,19,early
19462,62,46,0.01063403019574105,1.0189463581924167,19,early
19463,63,47,0.935763920253329,0.9161260522222419,19,early
19464,64,33,0.1981678428192894,0.5844158301952009,19,early
19465,65,0,0.5031042923671449,0.6964764652053641,19,early
19466,66,48,0.503957987926528,0.7627231410716384,19,early
19467,67,0,0.49647873986459745,0.732181227278166,19,early
19468,68,49,0.5045166087938411,0.7800072902142723,19,early
19469,69,33,0.8417068304955848,0.6451455354782207,19,early
19470,70,41,0.5079506937446555,0.6746394897307075,19,early
19471,71,50,0.49836353449729587,0.7646979119622144,19,early
19472,72,51,0.4900810566471872,0.8641699865238565,19,early
19473,73,35,0.517242400244114,0.6248951867166658,19,early
19474,74,35,0.5163135012444338,0.7039592249492483,19,early
19475,75,33,0.45801699806237506,0.7304825268948646,19,early
19476,76,41,0.5005059471472703,0.5740935019433915,19,early
19477,77,0,0.5002249622852826,0.6933392174450351,19,early
19478,78,31,0.5026628534013413,0.7290480256457283,19,early
19479,79,35,0.5201890001480997,0.7486470252662838,19,early
19480,80,41,0.001817555650527085,0.6472170893676485,19,early
19481,81,41,0.5039890251521602,0.608893742271533,19,early
19482,82,41,0.9969900176130598,0.49404164689123803,19,early
19483,83,35,0.03770392625269462,0.7522250736181351,19,early
19484,84,41,0.9977357123557788,0.43876892411887114,19,early
19485,85,52,0.4188538913691726,1.2905662275511758,19,early
19486,86,53,0.03802760103615337,0.8561171788699233,19,early
19487,87,41,0.4959400674623397,0.4570019088177932,19,early
19488,88,54,0.9998666963982212,0.625428001369233,19,early
19489,89,55,0.8137900299013349,1.329857815273488,19,early
19490,90,41,0.9982199791722599,0.34200085745387626,19,early
19491,91,41,0.5119646377298654,0.603374696164934,19,early
19492,92,41,0.9980110998129007,0.4373126065828238,19,early
19493,93,35,0.504129309170585,0.6771014248837793,19,early
19494,94,41,0.003179979438868959,0.45574065928563057,19,early
19495,95,41,0.5049117255083826,0.6051073139268159,19,early
19496,96,33,0.7495943556841654,0.3800048141757429,19,early
19497,97,35,0.48519551381757653,0.7702191466068986,19,early
19498,98,41,0.9953097755306192,0.3700160858739022,19,early
19499,99,35,0.04124918396881044,0.8053770047243531,19,early
19500,100,35,0.031069133344780397,0.7425024751742886,19,early
19501,101,35,0.3615984577713641,0.8642559830485876,19,early
19502,102,0,0.021635131519414336,0.6926989379207115,19,early
19503,103,0,0.5064600379469144,0.6986247864622861,19,early
19504,104,41,0.9949718811098147,0.4877949283277839,19,early
19505,105,41,0.5024914293427929,0.5726084990147403,19,early
19506,106,33,0.4349535164068697,0.5361182842276543,19,early
19507,107,0,0.5009702472268894,0.7028301387936886,19,early
19508,108,0,0.02364204408035909,0.7169452460556272,19,early
19509,109,33,0.7691898856099614,0.5671417958784025,19,early
19510,110,41,0.991402021275326,0.43693848094783094,19,early
19511,111,47,0.135443834897412,0.641083270295302,19,early
19512,112,56,0.009169422220486681,1.094337857796994,19,early
19513,113,33,0.21232190172661666,0.8085315484112865,19,early
19514,114,33,0.5976813810558987,0.5655951399443084,19,early
19515,115,33,0.4885033502893449,0.6774325490638549,19,early
19516,116,41,0.992835028437843,0.499764881630212,19,early
19517,117,33,0.4965849752492162,0.7394941800202409,19,early
19518,118,41,0.9947018328685879,0.3878675066978672,19,early
19519,119,41,0.5281154166951938,0.5360046109052479,19,early
19520,120,41,0.5893715155306702,0.5664322310603613,19,early
19521,121,41,0.49265970282908805,0.527595089220097,19,early
19522,122,41,0.9916686133423777,0.3757738798316577,19,early
19523,123,53,0.10388274051524574,0.6901029485014936,19,early
19524,124,0,0.023861190764499572,0.7236901446501414,19,early
19525,125,0,0.49837502997246014,0.5467525237937804,19,early
19526,126,35,0.5029472371115021,0.5866371588800778,19,early
19527,127,41,0.5074297887395952,0.4245020479807591,19,early
19528,128,0,0.04342604643999226,0.6979704512717013,19,early
19529,129,41,0.48022676194974157,0.5212649324535412,19,early
19530,130,41,0.008175880388486592,0.6440343811739286,19,early
19531,131,41,0.4970590984379823,0.5468468292976654,19,early
19532,132,41,0.9943663792806025,0.3681263751517884,19,early
19533,133,15,0.1010753167115437,0.5793278397826629,19,early
19534,134,33,0.6532726901442878,0.5221427476649828,19,early
19535,135,41,0.5013682849020897,0.6028751075615388,19,early
19536,136,41,0.9960325174251412,0.41084636355609,19,early
19537,137,41,0.4793847931901089,0.5555548812941974,19,early
19538,138,0,0.028620512594658275,0.6065751946383571,19,early
19539,139,33,0.9389417561049459,0.5515505842059849,19,early
19540,140,0,0.9610154886724447,0.522643887924139,19,early
19541,141,41,0.45843624241593256,0.482024625195727,19,early
19542,142,33,0.6823481159604312,0.4496137865994161,19,early
19543,143,41,0.5128498321964644,0.4403379051421757,19,early
19544,144,0,0.03077772966526651,0.6298265477981477,19,early
19545,145,33,0.48025677969330993,0.5642704998593644,19,early
19546,146,0,0.9522018374635178,0.5275014270244662,19,early
19547,147,41,0.5183816483275919,0.4351304056605919,19,early
19548,148,0,0.02818798147992558,0.590293829147075,19,early
19549,149,41,0.5061438576447721,0.4406689454617825,19,early
19550,150,35,0.9379904071691951,0.6449297883939571,19,early
19551,151,41,0.08137150955633536,0.6804559725458442,19,early
19552,152,33,0.7544810490054259,0.36496318965249497,19,early
19553,153,0,0.4902706332673339,0.5778473137378939,19,early
19554,154,41,0.02208081998366043,0.6195594821760272,19,early
19555,155,0,0.5023020571879129,0.5753331252770897,19,early
19556,156,0,0.05019282355173332,0.7520656638436107,19,early
19557,157,41,0.5157060188786372,0.6477527319336926,19,early
19558,158,41,0.04338761015773236,0.5713167373805254,19,early
19559,159,41,0.5604750693644199,0.4268714271875084,19,early
19560,160,0,0.5094203868898243,0.5650063037910048,19,early
19561,161,41,0.08292690897260477,0.48582397477012174,19,early
19562,162,41,0.5814981037975213,0.4458101374630916,19,early
19563,163,35,0.4684170841618994,0.7533749466309834,19,early
19564,164,41,0.1142900109740373,0.6862996710227633,19,early
19565,165,41,0.5180030022698469,0.5664672885844152,19,early
19566,166,41,0.5403101539326021,0.5286010296563188,19,early
19567,167,41,0.09710563115870252,0.48156045095615374,19,early
19568,168,41,0.3506103802006265,0.6147734251227633,19,early
19569,169,0,0.4973067930204409,0.4743761832077068,19,early
19570,170,41,0.522174034527511,0.5721332573174778,19,early
19571,171,0,0.056304522997363014,0.6595566096191945,19,early
19572,172,41,0.3092595353791484,0.4855502960729791,19,early
19573,173,41,0.7044441039421531,0.37308703337211346,19,early
19574,174,41,0.6485824483881149,0.33808463818410184,19,early
19575,175,41,0.3584987542792669,0.4680414753618841,19,early
19576,176,0,0.5002811697126374,0.5662787375205901,19,early
19577,177,41,0.8703946316436598,0.2893394801703808,19,early
19578,178,41,0.7305379092940308,0.4261608036837252,19,early
19579,179,33,0.38414888413604803,0.5803516992757008,19,early
19580,180,41,0.8445812238642685,0.2625113083934742,19,early
19581,181,41,0.5977411496353937,0.5009927662030469,19,early
19582,182,41,0.2921380084735564,0.4072653474996961,19,early
19583,183,41,0.2875346861007046,0.5526105425614867,19,early
19584,184,41,0.7418789775956144,0.38445426390134374,19,early
19585,185,41,0.9484017401053647,0.5679250158981541,19,early
19586,186,0,0.5007272634319214,0.46658010034687053,19,early
19587,187,41,0.15635810006400402,0.4907123603618445,19,early
19588,188,41,0.16267849819750715,0.5128278138643502,19,early
19589,189,41,0.295937995737132,0.5570342222514518,19,early
19590,190,41,0.7242826151697337,0.5410190181482706,19,early
19591,191,41,0.6121346191339164,0.3680301987244784,19,early
19592,192,41,0.7123815765337729,0.41036860925915,19,early
19593,193,41,0.724832349008075,0.6212278362263918,19,early
19594,194,41,0.7336588817593348,0.4179149272616108,19,early
19595,195,41,0.40780521758930594,0.6329971506232762,19,early
19596,196,41,0.7180686239865157,0.3706016137265407,19,early
19597,197,41,0.15257096263059206,0.44909280846668975,19,early
19598,198,33,0.4302469138952063,0.5660753034069836,19,early
19599,199,41,0.7356126444800078,0.3285525517022646,19,early
19600,0,0,0.7570891927433003,0.40913556852751176,19,middle
19601,1,0,0.5834902067628183,0.36951634713276366,19,middle
19602,2,0,0.8587694632447197,0.553723519652072,19,middle
19603,3,0,0.40177549338765717,0.5469948098480948,19,middle
19604,4,0,0.17265514137695126,0.6722320594138709,19,middle
19605,5,0,0.3883835283165922,0.5035574531937611,19,middle
19606,6,0,0.2852458536215945,0.5970272332579931,19,middle
19607,7,0,0.5084912960957282,0.5138542813336605,19,middle
19608,8,0,0.3863189617037604,0.570087461753886,19,middle
19609,9,0,0.6336886910806804,0.3717999646079934,19,middle
19610,10,0,0.35140197261657075,0.4611669477772798,19,middle
19611,11,0,0.48007761728149506,0.694538932941782,19,middle
19612,12,0,0.557830531677284,0.4305844770453599,19,middle
19613,13,0,0.21253448375610193,0.6141277795654605,19,middle
19614,14,0,0.32198528449495006,0.5206794303278872,19,middle
19615,15,0,0.8252986238511859,0.6496278836109104,19,middle
19616,16,0,0.2272909065063231,0.5065692574786397,19,middle
19617,17,0,0.60410960886808,0.5261496381620964,19,middle
19618,18,0,0.4813388526965705,0.5769655085186935,19,middle
19619,19,0,0.493641073991403,0.46003873997809813,19,middle
19620,20,0,0.41120595850378283,0.4414786971885568,19,middle
19621,21,0,0.7358907575278613,0.4788736439626634,19,middle
19622,22,0,0.6356810014719584,0.34101552370797844,19,middle
19623,23,0,0.6163504412604737,0.41936729422999863,19,middle
19624,24,0,0.5705159204073438,0.4985228480838328,19,middle
19625,25,0,0.6293133723875532,0.36629134741429287,19,middle
19626,26,0,0.4537687783864689,0.4261794855507295,19,middle
19627,27,0,0.2391790955280272,0.43503161603383833,19,middle
19628,28,0,0.43484520400848903,0.5425316155934232,19,middle
19629,29,0,0.7743855571511624,0.48665684768993234,19,middle
19630,30,0,0.5890615849699165,0.4220597692011227,19,middle
19631,31,0,0.728909885814232,0.39856978199165016,19,middle
19632,32,0,0.34988693359149303,0.35634477634348755,19,middle
19633,33,0,0.8229918517412735,0.34164698979373853,19,middle
19634,34,0,0.4981089442276344,0.44944141948448296,19,middle
19635,35,0,0.3321668076698545,0.5155349289058446,19,middle
19636,36,0,0.5146818660212482,0.5874178190397197,19,middle
19637,37,0,0.8010381240798223,0.35000977936710786,19,middle
19638,38,0,0.4563158421453782,0.38955381070631645,19,middle
19639,39,0,0.24814676604640445,0.5717930828816615,19,middle
19640,40,0,0.4517473636035346,0.44761653971378673,19,middle
19641,41,0,0.44958794574854655,0.43516744701854504,19,middle
19642,42,0,0.7129522025300088,0.38586993418279464,19,middle
19643,43,0,0.6762101168546625,0.6030961085448125,19,middle
19644,44,0,0.3889932771516863,0.3465803964288915,19,middle
19645,45,0,0.6509957958650953,0.46237246419241484,19,middle
19646,46,0,0.656140985381554,0.3652164224331018,19,middle
19647,47,0,0.5673481811700688,0.464683990348429,19,middle
19648,48,0,0.5643700589498065,0.518610346903521,19,middle
19649,49,0,0.4114183085277731,0.5243257386482055,19,middle
19650,50,0,0.43784714046654943,0.4475412174519733,19,middle
19651,51,0,0.3642324832804502,0.5130518112408887,19,middle
19652,52,0,0.777925326925653,0.5625819075534428,19,middle
19653,53,0,0.3655633373055263,0.400447044610991,19,middle
19654,54,0,0.6914837687443273,0.4292846102178852,19,middle
19655,55,0,0.3995501840888383,0.4811818760548986,19,middle
19656,56,0,0.46590716243629327,0.4336952487862462,19,middle
19657,57,0,0.7335936718131987,0.5995809587965284,19,middle
19658,58,0,0.6481569226298164,0.5164263514210137,19,middle
19659,59,0,0.421091976034462,0.5251495487096957,19,middle
19660,60,0,0.6960047793515365,0.4951454707317197,19,middle
19661,61,0,0.42498092626213363,0.3935845770673956,19,middle
19662,62,0,0.7597541986098012,0.2997156295047275,19,middle
19663,63,0,0.3461037872785323,0.5138974512480621,19,middle
19664,64,0,0.4284539654926458,0.3979144748602311,19,middle
19665,65,0,0.6934322828815216,0.4646975105074105,19,middle
19666,66,0,0.6971408844095116,0.36004645535617136,19,middle
19667,67,0,0.6215486644624324,0.48022251229392265,19,middle
19668,68,0,0.6317785945218815,0.40051743914747284,19,middle
19669,69,0,0.2777400492443054,0.5388276800259671,19,middle
19670,70,0,0.38345799698855276,0.4890454632598197,19,middle
19671,71,0,0.5442010182088672,0.49480010349542014,19,middle
19672,72,0,0.5638941004657065,0.3649458599887154,19,middle
19673,73,0,0.439015258668801,0.46157890794475925,19,middle
19674,74,0,0.7528821857221712,0.30531164223343754,19,middle
19675,75,0,0.35223318272326964,0.37927267693625233,19,middle
19676,76,0,0.38605810139585167,0.5514790672266751,19,middle
19677,77,0,0.8059543669121947,0.4670239710001373,19,middle
19678,78,0,0.8139486871077241,0.39942722555644605,19,middle
19679,79,0,0.6819188947997239,0.41955913176470416,19,middle
19680,80,0,0.6035637055548503,0.5523396886172587,19,middle
19681,81,0,0.15148856772157115,0.5488672361630079,19,middle
19682,82,0,0.7418577615427695,0.36737115085797445,19,middle
19683,83,0,0.7121004156875741,0.3498417857802403,19,middle
19684,84,0,0.7543859243774564,0.5032998504672207,19,middle
19685,85,0,0.18319202449189032,0.42934484495119307,19,middle
19686,86,0,0.8217875571840352,0.2955887022367556,19,middle
19687,87,0,0.339380475156808,0.5149346191477956,19,middle
19688,88,0,0.4217682736928473,0.43839191766769314,19,middle
19689,89,0,0.344020215640532,0.4528727524953522,19,middle
19690,90,0,0.6305171315469805,0.41725329794246413,19,middle
19691,91,0,0.673277850567383,0.34060046688013934,19,middle
19692,92,0,0.29293156345966365,0.3347630411784715,19,middle
19693,93,0,0.11477424822581758,0.35203449363229816,19,middle
19694,94,0,0.3190577535223689,0.4163962499584718,19,middle
19695,95,0,0.6943293558046033,0.4625820100799733,19,middle
19696,96,0,0.7872670852160241,0.3727568375007444,19,middle
19697,97,0,0.6702189211937515,0.2978217739857013,19,middle
19698,98,0,0.1527718008870433,0.528297954950876,19,middle
19699,99,0,0.6627354190086215,0.5068474590465122,19,middle
19700,100,0,0.08821457491312662,0.3962607603323175,19,middle
19701,101,0,0.8666077489896081,0.4937096146739133,19,middle
19702,102,0,0.8433682715239026,0.7215059532222428,19,middle
19703,103,0,0.11781962253126353,0.38814008127769456,19,middle
19704,104,0,0.9114090196757577,0.4450695807421595,19,middle
19705,105,0,0.6609713664726746,0.3982856538413835,19,middle
19706,106,0,0.870068962217643,0.4398926333713316,19,middle
19707,107,0,0.510740982984582,0.5987402146827571,19,middle
19708,108,0,0.07008339483590162,0.4409391998079868,19,middle
19709,109,0,0.87793483721115,0.39455500345684186,19,middle
19710,110,0,0.17669434581799576,0.4454858284491954,19,middle
19711,111,0,0.633927550382311,0.42853077660324607,19,middle
19712,112,0,0.06475003022505911,0.47862803963944356,19,middle
19713,113,0,0.2792324713513003,0.4654016753055423,19,middle
19714,114,0,0.7104498639998255,0.4257167855715546,19,middle
19715,115,0,0.14905435721007265,0.4548346995410981,19,middle
19716,116,0,0.05879263576840786,0.5603873037518521,19,middle
19717,117,0,0.17685452315397118,0.43637366851391035,19,middle
19718,118,0,0.8851142521774288,0.32745350713394045,19,middle
19719,119,0,0.17036839001629367,0.48829733713178314,19,middle
19720,120,0,0.4902427522696225,0.4247645341419655,19,middle
19721,121,0,0.07824248507944802,0.37866186351997444,19,middle
19722,122,0,0.4369059439533926,0.36120828603373345,19,middle
19723,123,0,0.2119057219257126,0.5199397587353061,19,middle
19724,124,0,0.4564712999942935,0.44204063266323146,19,middle
19725,125,0,0.7847201962307303,0.47880866569545216,19,middle
19726,126,0,0.4065531664413423,0.37704661876619433,19,middle
19727,127,0,0.7338729504473915,0.3198379486331479,19,middle
19728,128,0,0.41817766559760844,0.44391054795740337,19,middle
19729,129,0,0.10067267847201826,0.4045308289038032,19,middle
19730,130,0,0.42409015600020644,0.46375882753362396,19,middle
19731,131,0,0.7913276991573778,0.37530236247904325,19,middle
19732,132,0,0.637307100316101,0.4133495054382631,19,middle
19733,133,0,0.8157197145229673,0.36393723735478556,19,middle
19734,134,0,0.45353699280705784,0.37749437076218884,19,middle
19735,135,0,0.1961701143704831,0.44696896645724027,19,middle
19736,136,0,0.3819920125548022,0.4179619747090668,19,middle
19737,137,0,0.08708532424150263,0.42303025241576253,19,middle
19738,138,0,0.6205646215109419,0.4054437260479509,19,middle
19739,139,0,0.7232181429671463,0.5125064290640298,19,middle
19740,140,0,0.344224931618027,0.41969571278863504,19,middle
19741,141,0,0.8799387976312023,0.5687672316870249,19,middle
19742,142,0,0.3860895833371333,0.3808953770352852,19,middle
19743,143,0,0.22033421027003763,0.4345938401961117,19,middle
19744,144,0,0.6310705025410406,0.2542239061022478,19,middle
19745,145,0,0.8105795248681185,0.518472916582251,19,middle
19746,146,0,0.7350946730267125,0.37466634887193534,19,middle
19747,147,0,0.06279748970656202,0.42804069481610535,19,middle
19748,148,0,0.5803969603578321,0.39002453188939235,19,middle
19749,149,0,0.16120162695028364,0.4663177761749827,19,middle
19750,150,0,0.6350681188478822,0.4216817850487419,19,middle
19751,151,0,0.5580890259219194,0.4298580772183427,19,middle
19752,152,0,0.568425850365562,0.32379824966263177,19,middle
19753,153,0,0.6810135710046168,0.4256602747083188,19,middle
19754,154,0,0.48192134625742405,0.5145212340328575,19,middle
19755,155,0,0.7209117216235192,0.3830494251052581,19,middle
19756,156,0,0.4991948259007045,0.4235934201809079,19,middle
19757,157,0,0.26302285979264406,0.4216618417010116,19,middle
19758,158,0,0.5800570757211418,0.37704313502377856,19,middle
19759,159,0,0.24845614741735306,0.522810676030159,19,middle
19760,160,0,0.21939658345102442,0.3901609212406332,19,middle
19761,161,0,0.4813835505660301,0.3789209157880258,19,middle
19762,162,0,0.654322641077044,0.437613639819192,19,middle
19763,163,0,0.6733895441587618,0.5095954507250262,19,middle
19764,164,0,0.7870089023470914,0.5518064742138803,19,middle
19765,165,0,0.4771585669688281,0.31328859132091963,19,middle
19766,166,0,0.4851935842560841,0.4186153628891092,19,middle
19767,167,0,0.57071860983227,0.35708059957211846,19,middle
19768,168,0,0.6119071879314054,0.28139101109101483,19,middle
19769,169,0,0.42640503688661757,0.3582550635560862,19,middle
19770,170,0,0.5753356958204814,0.45724848872763113,19,middle
19771,171,0,0.26437502317527306,0.3754452892454031,19,middle
19772,172,0,0.7987899092925248,0.4055087587345524,19,middle
19773,173,0,0.6172760534416195,0.4696491969482919,19,middle
19774,174,0,0.6531296959092312,0.4425987870746845,19,middle
19775,175,0,0.5275595554484013,0.5361670926762835,19,middle
19776,176,0,0.23879019065271467,0.33860053326370987,19,middle
19777,177,0,0.6281843844577926,0.42192157625551296,19,middle
19778,178,0,0.7242459765451547,0.49482597765570924,19,middle
19779,179,0,0.4767047430941779,0.402719647727942,19,middle
19780,180,0,0.6941016886103225,0.39965797485673615,19,middle
19781,181,0,0.7705674285340196,0.42784583840880613,19,middle
19782,182,0,0.1827066577617637,0.4325413728548335,19,middle
19783,183,0,0.2539451330202172,0.3836297339054052,19,middle
19784,184,0,0.7438410920434224,0.4736061889213606,19,middle
19785,185,0,0.7948513834502886,0.4051061133314755,19,middle
19786,186,0,0.23151589476131887,0.431537010677462,19,middle
19787,187,0,0.4891962660543284,0.5616393663803292,19,middle
19788,188,0,0.5000289802103196,0.2978841358957365,19,middle
19789,189,0,0.731780761479859,0.4111413742591036,19,middle
19790,190,0,0.13861728102233586,0.3432698343464774,19,middle
19791,191,0,0.7084956927658673,0.5028911260527693,19,middle
19792,192,0,0.4293263085221827,0.359449704443613,19,middle
19793,193,0,0.56209922669978,0.4089328812270281,19,middle
19794,194,0,0.3202180543082253,0.5440042382367354,19,middle
19795,195,0,0.6488043374360583,0.38447295201433695,19,middle
19796,196,0,0.17348613705439883,0.34679319698809363,19,middle
19797,197,0,0.6450255413500299,0.39887198205064217,19,middle
19798,198,0,0.17329572536872567,0.4555255949258382,19,middle
19799,199,0,0.41147184466220316,0.37951966038484064,19,middle
19800,0,0,0.3580855804732468,0.934542814417451,19,late
19801,1,0,0.9385480603943359,0.7286129298304342,19,late
19802,2,0,0.4418043491110664,0.8661021611522406,19,late
19803,3,0,0.29397381550679874,0.5795527855030751,19,late
19804,4,1,0.45060649061574387,0.8561795071345926,19,late
19805,5,0,0.855674453824762,0.5481072398135083,19,late
19806,6,0,0.8153444281057358,0.43841992628898263,19,late
19807,7,2,0.9913846053742374,1.027380679058566,19,late
19808,8,0,0.2861407659343006,0.7907752097134753,19,late
19809,9,0,0.7823846175965892,0.696474894912385,19,late
19810,10,0,0.7347716553933556,0.6546633927546148,19,late
19811,11,0,0.8783758869551666,0.772330905326229,19,late
19812,12,0,0.4047083065908007,0.8456071305199881,19,late
19813,13,0,0.11220176224248785,0.8083439340961442,19,late
19814,14,0,0.1753581289769955,0.7053277460988532,19,late
19815,15,0,0.1622603388958834,0.701379293533909,19,late
19816,16,0,0.3660177529084148,0.7131751096020236,19,late
19817,17,0,0.6650706765861842,0.6462356594333688,19,late
19818,18,0,0.8157682137344724,0.6087155880809854,19,late
19819,19,0,0.6208776737116457,0.6266186075924797,19,late
19820,20,0,0.27538990714096845,0.6875402442529147,19,late
19821,21,0,0.7293607782311275,0.5907693359527939,19,late
19822,22,0,0.9189329132382944,0.5501210230158796,19,late
19823,23,0,0.18390179210775243,0.6365373021007318,19,late
19824,24,0,0.76854336529228,0.43879666595555483,19,late
19825,25,0,0.5112986846359219,0.4894468331881033,19,late
19826,26,0,0.8044692885945837,0.5309656816147246,19,late
19827,27,0,0.6314816488708285,0.5103518479411794,19,late
19828,28,0,0.8212595327305248,0.3777671261717781,19,late
19829,29,0,0.3841905212202398,0.4240185763614749,19,late
19830,30,0,0.7134304694233239,0.4897109429413295,19,late
19831,31,0,0.6731382866604283,0.51742397420765,19,late
19832,32,0,0.8166338240792546,0.55191077460063,19,late
19833,33,0,0.564032376022276,0.44448769680291367,19,late
19834,34,0,0.620679101033438,0.6270582080774587,19,late
19835,35,0,0.28785451794726435,0.4851921736244142,19,late
19836,36,0,0.7711424503840391,0.4532964507101711,19,late
19837,37,0,0.5849529928782211,0.3737354470112607,19,late
19838,38,0,0.24979958603299493,0.42737493936493565,19,late
19839,39,0,0.5469114706023042,0.5214146097404363,19,late
19840,40,0,0.6132276502645753,0.49121357153325235,19,late
19841,41,0,0.1291891478542427,0.6860247681768901,19,late
19842,42,0,0.40530977743233815,0.7107354330607321,19,late
19843,43,0,0.5749529416768514,0.525789356787719,19,late
19844,44,0,0.7803747031759034,0.6344535429434716,19,late
19845,45,0,0.6363071637700244,0.4646424077732836,19,late
19846,46,0,0.6924368605627523,0.38287220132256705,19,late
19847,47,0,0.5675100392420018,0.5552695359222177,19,late
19848,48,0,0.33324210197876597,0.5316653224610627,19,late
19849,49,0,0.27168372653002804,0.6009966079048922,19,late
19850,50,0,0.5611312785755245,0.415246730684498,19,late
19851,51,0,0.3263954527991093,0.48059327650137473,19,late
19852,52,0,0.8543955519500177,0.43300227636905675,19,late
19853,53,0,0.6771855727708758,0.5122203807634065,19,late
19854,54,0,0.5378385859795078,0.5353423611935266,19,late
19855,55,0,0.09420736448311239,0.6194373317321848,19,late
19856,56,0,0.5433873312589123,0.5961053555112286,19,late
19857,57,0,0.7000817193086486,0.34598643210633295,19,late
19858,58,0,0.4599740024366256,0.6006132211692465,19,late
19859,59,0,0.5643535271312918,0.5952485720042131,19,late
19860,60,0,0.5846183064863323,0.46439491010071043,19,late
19861,61,0,0.14268022356652563,0.5463148266951776,19,late
19862,62,0,0.6971848251557278,0.503389335077011,19,late
19863,63,0,0.43166205315782846,0.4864609434625359,19,late
19864,64,0,0.6489324788137841,0.3809895212955412,19,late
19865,65,0,0.10308914545775383,0.6872447711249321,19,late
19866,66,0,0.5517784075814478,0.4431591911731023,19,late
19867,67,0,0.722919301275411,0.5541326989362996,19,late
19868,68,0,0.5673110666884644,0.6395579868581727,19,late
19869,69,0,0.4825814760227832,0.3647976429218299,19,late
19870,70,0,0.6831915024939071,0.58811360873832,19,late
19871,71,0,0.8542978832734891,0.4764563674754586,19,late
19872,72,0,0.7005092559984318,0.4573274407472925,19,late
19873,73,0,0.3995745565046164,0.5097197925499923,19,late
19874,74,0,0.7354415475822143,0.4474982552055725,19,late
19875,75,0,0.22230511333881048,0.5628541367116215,19,late
19876,76,0,0.3795889047526092,0.4588158788042739,19,late
19877,77,0,0.5506299512428745,0.3890288101212267,19,late
19878,78,0,0.5062018156497161,0.46713141402783687,19,late
19879,79,0,0.7797235712708754,0.6657182459745816,19,late
19880,80,0,0.4752110481398048,0.43159064916026924,19,late
19881,81,0,0.5206150959100668,0.6188201841028402,19,late
19882,82,0,0.3649134780389425,0.46337458242149865,19,late
19883,83,0,0.43981005765072934,0.6154727267716513,19,late
19884,84,0,0.503883931862586,0.469519621761835,19,late
19885,85,0,0.5536231160321854,0.3519508497926003,19,late
19886,86,0,0.3505097551684178,0.5138835174646201,19,late
19887,87,0,0.3811828191873559,0.4969493175563951,19,late
19888,88,0,0.35830730909251174,0.507860410532097,19,late
19889,89,0,0.22503875408425972,0.512224015416566,19,late
19890,90,0,0.6451650117247927,0.41077359054419227,19,late
19891,91,0,0.4341610395026966,0.5445172047443827,19,late
19892,92,0,0.31592796900574294,0.3779175070090312,19,late
19893,93,0,0.4018299466041598,0.478138647046466,19,late
19894,94,0,0.4403800339188303,0.4934089500230585,19,late
19895,95,0,0.510295514028481,0.44797372931282575,19,late
19896,96,0,0.624363082881455,0.5890982209645992,19,late
19897,97,0,0.6045250155538332,0.4341253587715214,19,late
19898,98,0,0.7384465911521647,0.513598360300481,19,late
19899,99,0,0.5751397329025639,0.5114277333317445,19,late
19900,100,0,0.5769384387634423,0.36919319137907336,19,late
19901,101,0,0.6207776034711109,0.49869413470457313,19,late
19902,102,0,0.5765940030779804,0.37773839850423785,19,late
19903,103,0,0.36103137535439556,0.4627743354091525,19,late
19904,104,0,0.21640293105172703,0.5538669281223808,19,late
19905,105,0,0.5262144621292478,0.5031233377903841,19,late
19906,106,0,0.5703187002825836,0.4285925900062484,19,late
19907,107,0,0.21034585926363064,0.5651050472832131,19,late
19908,108,0,0.4909870971441187,0.35779194938205133,19,late
19909,109,0,0.35205101787582893,0.5489226401338698,19,late
19910,110,0,0.6467717492628704,0.33696151784554784,19,late
19911,111,0,0.5409649007776868,0.4271103010763935,19,late
19912,112,0,0.761617111660388,0.5405479002178476,19,late
19913,113,0,0.7284246026492415,0.5966542657577245,19,late
19914,114,0,0.6328976340923658,0.43357755298375295,19,late
19915,115,0,0.5097863250770918,0.4477331924000345,19,late
19916,116,0,0.4883817990251696,0.46094945970022316,19,late
19917,117,0,0.2567089377668659,0.5247596172560052,19,late
19918,118,0,0.7380570689403814,0.45852386991707844,19,late
19919,119,0,0.43819363823009494,0.4983824352874106,19,late
19920,120,0,0.502824865660962,0.4361793363660008,19,late
19921,121,0,0.6686400332362459,0.49512110126109943,19,late
19922,122,0,0.48327618493855873,0.4541250309514324,19,late
19923,123,0,0.7717624433456092,0.3340891267773225,19,late
19924,124,0,0.38445208841467327,0.31586545923510234,19,late
19925,125,0,0.5187866515880682,0.4548907727487797,19,late
19926,126,0,0.4957899707790655,0.5008049986261595,19,late
19927,127,0,0.6382053150851377,0.482400822879802,19,late
19928,128,0,0.5769885149506677,0.4028274283539911,19,late
19929,129,0,0.6517556832319988,0.49738782136301674,19,late
19930,130,0,0.7770355227225032,0.42064388689774174,19,late
19931,131,0,0.7177332969563577,0.5420998857567889,19,late
19932,132,0,0.6875663802465399,0.4409500501227179,19,late
19933,133,0,0.2163590483808139,0.5075370856885957,19,late
19934,134,0,0.5035576730987738,0.4961224668494917,19,late
19935,135,0,0.6331253955397019,0.4111205558518435,19,late
19936,136,0,0.5770955735502354,0.41403901032552803,19,late
19937,137,0,0.5431376519201168,0.5246843105410264,19,late
19938,138,0,0.47358594610686255,0.5400590115140602,19,late
19939,139,0,0.8657346450013221,0.5932493841115742,19,late
19940,140,0,0.4261527428873347,0.4605451161991343,19,late
19941,141,0,0.3039426475712169,0.6265041809863874,19,late
19942,142,0,0.7021086433995255,0.3791542174617555,19,late
19943,143,0,0.7039286296399042,0.3743682698526142,19,late
19944,144,0,0.6742846038815511,0.42636872602151066,19,late
19945,145,0,0.3140094458349976,0.49357304807706603,19,late
19946,146,0,0.4896203506649759,0.45623761992155687,19,late
19947,147,0,0.7843733729393162,0.3989309182489148,19,late
19948,148,0,0.44949601658941074,0.4390496373925832,19,late
19949,149,0,0.387362693503248,0.41493333269106625,19,late
19950,150,0,0.7666057943497395,0.4956243775554866,19,late
19951,151,0,0.8602757758199748,0.41182890781810333,19,late
19952,152,0,0.5744562154892792,0.47318285391624626,19,late
19953,153,0,0.8505052751056337,0.5070213730185184,19,late
19954,154,0,0.4649545787099784,0.5628892973148583,19,late
19955,155,0,0.22750389504100127,0.48379116997345994,19,late
19956,156,0,0.47967587045572946,0.34312507030538364,19,late
19957,157,0,0.67569703486709,0.34906886999022757,19,late
19958,158,0,0.28263054262951737,0.4251537648688637,19,late
19959,159,0,0.5967893678508697,0.44882007234767185,19,late
19960,160,0,0.7771506594416205,0.3478505096399193,19,late
19961,161,0,0.758693295749308,0.4973257238967671,19,late
19962,162,0,0.4308607307420542,0.5505438308662292,19,late
19963,163,0,0.7658622659654112,0.5423061184537683,19,late
19964,164,0,0.45069374386964833,0.4422360129559754,19,late
19965,165,0,0.6618676002354222,0.4751548874810429,19,late
19966,166,0,0.47954264860128054,0.33074586089041325,19,late
19967,167,0,0.3714315701200775,0.55034239130862,19,late
19968,168,0,0.21433682537585247,0.4190665907208742,19,late
19969,169,0,0.6289023311411754,0.49847571098995647,19,late
19970,170,0,0.8528376025678048,0.4588682639341861,19,late
19971,171,0,0.4453741438630184,0.40795845156137234,19,late
19972,172,0,0.7143595003121362,0.43385015177891695,19,late
19973,173,0,0.4615737984539906,0.48318686715178616,19,late
19974,174,0,0.21647803140158373,0.45707662049320336,19,late
19975,175,0,0.3685171352720412,0.5182784703812324,19,late
19976,176,0,0.5175549917486899,0.5327250505496919,19,late
19977,177,0,0.3230988860340448,0.5449007446356738,19,late
19978,178,0,0.5521848942446973,0.4528936187198369,19,late
19979,179,0,0.45084786638473623,0.4147092995512282,19,late
19980,180,0,0.5353357616321643,0.49274092736428277,19,late
19981,181,0,0.5470789233782611,0.3421548399885085,19,late
19982,182,0,0.37048087478482594,0.43649266829958966,19,late
19983,183,0,0.6282563974553137,0.5265163052786024,19,late
19984,184,0,0.4972671791573251,0.5028332808742694,19,late
19985,185,0,0.44081063394328346,0.5237752472523518,19,late
19986,186,0,0.5676244015175486,0.36106283517477433,19,late
19987,187,0,0.610262972610228,0.34785732091041405,19,late
19988,188,0,0.6548446040441327,0.40418728008844035,19,late
19989,189,0,0.38602503879911654,0.45379333859150583,19,late
19990,190,0,0.5764528740269208,0.43458652454525626,19,late
19991,191,0,0.7535593062257417,0.49304464283055033,19,late
19992,192,0,0.8854754275051508,0.3512326266898022,19,late
19993,193,0,0.7067962672011542,0.4828348356277129,19,late
19994,194,0,0.24814869580637727,0.3969218640769885,19,late
19995,195,0,0.6023236590103498,0.40871185581791913,19,late
19996,196,0,0.7167021358650255,0.51535312704901,19,late
19997,197,0,0.4524946160552013,0.3187823251468024,19,late
19998,198,0,0.6637453727324305,0.3074246713469305,19,late
19999,199,0,0.629127715308861,0.366721742569171,19,late
20000,0,0,0.18335013989367482,0.6213701960896024,20,interleaved
20001,1,0,0.5342780591735066,0.5534468271396898,20,interleaved
20002,2,0,0.9415125520403346,0.6689794907420761,20,interleaved
20003,3,0,0.4477020232128001,0.5164117646867618,20,interleaved
20004,4,0,0.10890255443213767,0.5245772039548392,20,interleaved
20005,5,0,0.511084134737339,0.6572182467857668,20,interleaved
20006,6,0,0.7211147565807311,0.5968823066226909,20,interleaved
20007,7,0,0.4103300510127991,0.5079409253108618,20,interleaved
20008,8,0,0.90020282883669,0.6331280367881769,20,interleaved
20009,9,0,0.462814390645146,0.4940394861755938,20,interleaved
20010,10,0,0.8433750740770215,0.45919244393785774,20,interleaved
20011,11,0,0.5136068063615923,0.6146313028783903,20,interleaved
20012,12,0,0.8524938877363715,0.5439840484156756,20,interleaved
20013,13,0,0.40341495444869846,0.4502569476207646,20,interleaved
20014,14,0,0.17495256251778657,0.7060312133762086,20,interleaved
20015,15,0,0.4365746016518219,0.6215966187299375,20,interleaved
20016,16,0,0.8535165799435607,0.4982051125113034,20,interleaved
20017,17,0,0.5002730516876293,0.46865375311485935,20,interleaved
20018,18,0,0.242928168901721,0.5770102175462701,20,interleaved
20019,19,0,0.4656567395985096,0.5315032915705962,20,interleaved
20020,20,0,0.310043383843038,0.633670158244015,20,interleaved
20021,21,0,0.5473045264100649,0.5851605975933474,20,interleaved
20022,22,0,0.705722143093276,0.4199583491950043,20,interleaved
20023,23,0,0.3810643163192544,0.5477032761955005,20,interleaved
20024,24,0,0.17314866171532278,0.6820376496671097,20,interleaved
20025,25,0,0.3423756151709092,0.5098257415024892,20,interleaved
20026,26,0,0.4500431916056421,0.532821798894271,20,interleaved
20027,27,0,0.45492703319320804,0.5600951206275646,20,interleaved
20028,28,0,0.44423335099358907,0.5629813172128899,20,interleaved
20029,29,0,0.4115226630699402,0.7681520054595737,20,interleaved
20030,30,0,0.27258639169715976,0.5753347127897561,20,interleaved
20031,31,0,0.39974469590704487,0.61937272045662,20,interleaved
20032,32,0,0.47769430558790593,0.44968288135132184,20,interleaved
20033,33,0,0.32979503759001394,0.3409601897707908,20,interleaved
20034,34,0,0.6470032972910387,0.5391358249601154,20,interleaved
20035,35,0,0.5538961878850921,0.5628901683304015,20,interleaved
20036,36,0,0.6076057976878935,0.4644106164345806,20,interleaved
20037,37,0,0.4057420740972712,0.5516762163791682,20,interleaved
20038,38,0,0.2580425397820154,0.6640797669531658,20,interleaved
20039,39,0,0.31021001595752723,0.44423851383104185,20,interleaved
20040,40,0,0.7702790335741001,0.6148843714271492,20,interleaved
20041,41,0,0.47410775843743264,0.4635973146307565,20,interleaved
20042,42,0,0.2565124940784296,0.5082088471220444,20,interleaved
20043,43,0,0.44130325996875014,0.4897829766312508,20,interleaved
20044,44,0,0.32345395281695744,0.4542054126676601,20,interleaved
20045,45,0,0.4472213446463524,0.5655990968252378,20,interleaved
20046,46,0,0.5507041579111879,0.6426273713746717,20,interleaved
20047,47,0,0.4335246840463206,0.6483921417137436,20,interleaved
20048,48,0,0.2831556972854295,0.48203335375938944,20,interleaved
20049,49,0,0.4613716436149785,0.7674236391923384,20,interleaved
20050,50,0,0.3037074825020913,0.44824573963982006,20,interleaved
20051,51,0,0.2549575719002761,0.4131821508061586,20,interleaved
20052,52,0,0.5079372023772775,0.32952695291876966,20,interleaved
20053,53,0,0.3445769332799593,0.5468648706517583,20,interleaved
20054,54,0,0.3139945111950958,0.47070062465309137,20,interleaved
20055,55,0,0.6916529302105219,0.3690614945167914,20,interleaved
20056,56,0,0.29052166626765386,0.582939941485795,20,interleaved
20057,57,0,0.5519409306186313,0.4217297736420365,20,interleaved
20058,58,0,0.5266946711430049,0.5132976041288003,20,interleaved
20059,59,0,0.4543916672201804,0.5297528747068555,20,interleaved
20060,60,0,0.18219621321537322,0.5772336197015431,20,interleaved
20061,61,0,0.4890292947709679,0.5744578052824182,20,interleaved
20062,62,0,0.5750293394573891,0.46937599165476046,20,interleaved
20063,63,0,0.7720381359976791,0.4812006186683705,20,interleaved
20064,64,0,0.5891452174425729,0.40794384935015054,20,interleaved
20065,65,0,0.5493644579513064,0.4506315602738018,20,interleaved
20066,66,0,0.37024252569852045,0.5118558540838464,20,interleaved
20067,67,0,0.48111825121198815,0.4462179009852278,20,interleaved
20068,68,0,0.47910986727938204,0.6378202458406927,20,interleaved
20069,69,0,0.6595234971440554,0.41143440101320866,20,interleaved
20070,70,0,0.460153475924837,0.4641795599018754,20,interleaved
20071,71,0,0.4403710350485412,0.4571479918983833,20,interleaved
20072,72,0,0.7230631674232911,0.570676167020981,20,interleaved
20073,73,0,0.689297207162249,0.5534439001289885,20,interleaved
20074,74,0,0.5177076390789488,0.3125111426765438,20,interleaved
20075,75,0,0.28411930309801975,0.49377096246524516,20,interleaved
20076,76,0,0.3626653041274612,0.6936744529404733,20,interleaved
20077,77,0,0.596108384050587,0.37212149387418736,20,interleaved
20078,78,0,0.285159383624343,0.5707237904945537,20,interleaved
20079,79,0,0.29011623868612646,0.46324841123811916,20,interleaved
20080,80,0,0.8775213982627407,0.474608915423439,20,interleaved
20081,81,0,0.6464554338332004,0.4644674605888564,20,interleaved
20082,82,0,0.26730320344741093,0.4747046810381022,20,interleaved
20083,83,0,0.5098705683465589,0.5827236633286481,20,interleaved
20084,84,0,0.4334607356937736,0.4200276074572008,20,interleaved
20085,85,0,0.226434850356394,0.5281074910822567,20,interleaved
20086,86,0,0.6007328503358643,0.4615792834125392,20,interleaved
20087,87,0,0.5742955590702498,0.40093588701644167,20,interleaved
20088,88,0,0.78877174593288,0.48078733223601267,20,interleaved
20089,89,0,0.5628742230299498,0.5537580301896252,20,interleaved
20090,90,0,0.31244723457901846,0.5174402663177937,20,interleaved
20091,91,0,0.7476237870347577,0.5410243483832563,20,interleaved
20092,92,0,0.5518084866501451,0.6538365621737696,20,interleaved
20093,93,0,0.49788477904948486,0.5688549792088933,20,interleaved
20094,94,0,0.5691424340669555,0.5410885493230344,20,interleaved
20095,95,0,0.4604913668584568,0.4165340389632477,20,interleaved
20096,96,0,0.5844552879183421,0.5598436530998976,20,interleaved
20097,97,0,0.5476320928976824,0.47680580054534943,20,interleaved
20098,98,0,0.5982108474388786,0.5398977949552285,20,interleaved
20099,99,0,0.5328003617079788,0.44776199315014037,20,interleaved
20100,100,0,0.6780291369054634,0.48845575321447043,20,interleaved
20101,101,0,0.5563814685951096,0.4534647634832175,20,interleaved
20102,102,0,0.5646856936489529,0.5427916526788307,20,interleaved
20103,103,0,0.469130234184174,0.7079665382371916,20,interleaved
20104,104,0,0.7901749061967954,0.43327671600310075,20,interleaved
20105,105,0,0.712026332346589,0.3953856356987162,20,interleaved
20106,106,0,0.48345020253126525,0.5541725262707303,20,interleaved
20107,107,0,0.4156955273451009,0.44916426480665844,20,interleaved
20108,108,0,0.5973658233789377,0.4873412427967454,20,interleaved
20109,109,0,0.42737164157006674,0.5172123678329716,20,interleaved
20110,110,0,0.527936778411995,0.5272721213578533,20,interleaved
20111,111,0,0.4812793798013846,0.4164383330094129,20,interleaved
20112,112,0,0.4694132236030536,0.4694674649035371,20,interleaved
20113,113,0,0.6100529047927883,0.49523081812275604,20,interleaved
20114,114,0,0.5086976878390638,0.3990979184569007,20,interleaved
20115,115,0,0.6710781100332024,0.5116354521522096,20,interleaved
20116,116,0,0.5929888619966998,0.464088800939618,20,interleaved
20117,117,0,0.8259241390442635,0.5129984638226033,20,interleaved
20118,118,0,0.5862044246245788,0.47580102506249494,20,interleaved
20119,119,0,0.39621218333694086,0.40425101715969725,20,interleaved
20120,120,0,0.48309961649919175,0.3611403778834791,20,interleaved
20121,121,0,0.7194063168968682,0.5580828907182604,20,interleaved
20122,122,0,0.5333960591381582,0.4926721121677236,20,interleaved
20123,123,0,0.4298448306057051,0.4751843595562987,20,interleaved
20124,124,0,0.4582584820331094,0.5956952778713747,20,interleaved
20125,125,0,0.3658121488381476,0.5323694401432401,20,interleaved
20126,126,0,0.40071352792581977,0.5321956778569595,20,interleaved
20127,127,0,0.8215192008940422,0.31413192427441794,20,interleaved
20128,128,0,0.49672962497898854,0.4730719788339033,20,interleaved
20129,129,0,0.8819287920045722,0.5069010896291305,20,interleaved
20130,130,0,0.4285978941229899,0.3525097085240514,20,interleaved
20131,131,0,0.7825273452183159,0.4994530090005007,20,interleaved
20132,132,0,0.1540525626754022,0.5921937172018858,20,interleaved
20133,133,0,0.7141517157163546,0.5940046626696438,20,interleaved
20134,134,0,0.5629925125213225,0.5626458100026579,20,interleaved
20135,135,0,0.2247293704831201,0.5687990928248913,20,interleaved
20136,136,0,0.44507876364960725,0.5263212369275108,20,interleaved
20137,137,0,0.7954002366534323,0.33709518356527013,20,interleaved
20138,138,0,0.48202769687175295,0.4966014550743034,20,interleaved
20139,139,0,0.26030866807121106,0.4501578949205235,20,interleaved
20140,140,0,0.43748606033154086,0.44793830070207336,20,interleaved
20141,141,0,0.8635360332884849,0.4198360512587017,20,interleaved
20142,142,0,0.5404810135867008,0.4337919642963782,20,interleaved
20143,143,0,0.8246879216396312,0.3290274635015379,20,interleaved
20144,144,0,0.5527058046501149,0.41611920579593087,20,interleaved
20145,145,0,0.7765871683790075,0.4539067670780931,20,interleaved
20146,146,0,0.6486970075104002,0.5302149921322856,20,interleaved
20147,147,0,0.7947320739477746,0.45124624346693876,20,interleaved
20148,148,0,0.5954544506716153,0.3188350353440016,20,interleaved
20149,149,0,0.8521110965240819,0.41927110339638096,20,interleaved
20150,150,0,0.06513800522170118,0.5495254953505223,20,interleaved
20151,151,0,0.8915090065250255,0.381022094952534,20,interleaved
20152,152,0,0.4960883962101582,0.5092540913978941,20,interleaved
20153,153,0,0.8415511767668347,0.42546917774527215,20,interleaved
20154,154,0,0.5338193920804324,0.46868195552540415,20,interleaved
20155,155,0,0.2962782177111556,0.6150723360429995,20,interleaved
20156,156,0,0.574162507975545,0.46303639354661863,20,interleaved
20157,157,0,0.4865759030245755,0.48769520134375277,20,interleaved
20158,158,0,0.7901850184485757,0.3805152206393856,20,interleaved
20159,159,0,0.6716661874075838,0.4594843086222047,20,interleaved
20160,160,0,0.8927900872431562,0.49278674021683927,20,interleaved
20161,161,0,0.5232020695038686,0.4516377240814614,20,interleaved
20162,162,0,0.33286391141204985,0.4551840369176877,20,interleaved
20163,163,0,0.5092954463847341,0.4578776290283837,20,interleaved
20164,164,0,0.3786480447129667,0.6110122777239217,20,interleaved
20165,165,0,0.7061313910316194,0.5818605691760688,20,interleaved
20166,166,0,0.5550371051418447,0.5820635968077015,20,interleaved
20167,167,0,0.6718992492695843,0.597173052642413,20,interleaved
20168,168,0,0.4349316066722175,0.42185639164080335,20,interleaved
20169,169,0,0.5553411005924839,0.5148427028193674,20,interleaved
20170,170,0,0.5408524508852284,0.485696944215203,20,interleaved
20171,171,0,0.4456498027585856,0.4830258980701295,20,interleaved
20172,172,0,0.4732495983316343,0.48305417116709065,20,interleaved
20173,173,0,0.7985058251236244,0.6080615582460667,20,interleaved
20174,174,0,0.2508186316732815,0.43610059736873996,20,interleaved
20175,175,0,0.34465561572495873,0.4189230447144412,20,interleaved
20176,176,0,0.18599495481734374,0.5437810577742026,20,interleaved
20177,177,0,0.5524183674806091,0.44691915592851506,20,interleaved
20178,178,0,0.36903836038367455,0.4652233347995015,20,interleaved
20179,179,0,0.5151889894161875,0.36686376066172977,20,interleaved
20180,180,0,0.8539909011785773,0.3689473149667318,20,interleaved
20181,181,0,0.6981468420378129,0.47350535375971065,20,interleaved
20182,182,0,0.47071212581771993,0.329365509610723,20,interleaved
20183,183,0,0.46263400229504675,0.5045568178104076,20,interleaved
20184,184,0,0.6614387473726674,0.435315007190721,20,interleaved
20185,185,0,0.24020400586627919,0.45195563529259275,20,interleaved
20186,186,0,0.42371503658701243,0.5862796114160262,20,interleaved
20187,187,0,0.8500380487259787,0.38064488589612566,20,interleaved
20188,188,0,0.43439130538064585,0.49078945803452884,20,interleaved
20189,189,0,0.44204003049559926,0.5534825441154889,20,interleaved
20190,190,0,0.8757911922164314,0.5184689226549284,20,interleaved
20191,191,0,0.48458141705455127,0.4155249690212561,20,interleaved
20192,192,0,0.5474548462577173,0.5257786158059363,20,interleaved
20193,193,0,0.6428380174227438,0.33033310415567807,20,interleaved
20194,194,0,0.6275802609394223,0.480390524605958,20,interleaved
20195,195,0,0.5473458594327152,0.5294772916294875,20,interleaved
20196,196,0,0.8535865921909185,0.3488145004014819,20,interleaved
20197,197,0,0.8381251618304422,0.319630652847979,20,interleaved
20198,198,0,0.1085954564002934,0.49657185209368737,20,interleaved
20199,199,0,0.4646974466001718,0.4313355247715141,20,interleaved
20200,0,0,0.3337085104342582,0.828395610224093,20,blocked
20201,1,0,0.13107091240382224,0.779164946252229,20,blocked
20202,2,1,0.4864382290271577,0.9868736919929103,20,blocked
20203,3,2,0.48052407462611135,0.7268216686025408,20,blocked
20204,4,0,0.2848709552651354,0.6296562705591193,20,blocked
20205,5,3,0.03458766395142639,0.8701043042357024,20,blocked
20206,6,0,0.3194181540562464,0.6182323598511772,20,blocked
20207,7,4,0.5071160560497909,1.1419858949678747,20,blocked
20208,8,5,0.500889296713348,0.899981025707002,20,blocked
20209,9,0,0.3764499703531597,0.5717021122740298,20,blocked
20210,10,6,0.05158971457038285,1.021638274619079,20,blocked
20211,11,3,0.06312066461479152,0.694836588702437,20,blocked
20212,12,0,0.950996983110647,0.4907487001755824,20,blocked
20213,13,0,0.48027740264496666,0.6231438741202084,20,blocked
20214,14,0,0.8154037553475522,0.6646209264026528,20,blocked
20215,15,3,0.8428049594768736,0.6141240869828362,20,blocked
20216,16,7,0.4999863304619518,1.1385292126986557,20,blocked
20217,17,8,0.5564828502169077,1.0084072989457138,20,blocked
20218,18,0,0.8158713041508134,0.5998093651637924,20,blocked
20219,19,0,0.6472041546363493,0.5160168122654325,20,blocked
20220,20,0,0.17113774573577445,0.5454656164790904,20,blocked
20221,21,0,0.8808528010272796,0.3638039536582215,20,blocked
20222,22,0,0.5685729048269699,0.5559557919518671,20,blocked
20223,23,0,0.06469518540783094,0.5995170708290694,20,blocked
20224,24,0,0.4934181399613641,0.6956718304955982,20,blocked
20225,25,3,0.035163775093188875,1.0328180688057547,20,blocked
20226,26,0,0.9614674106882107,0.5534316487479366,20,blocked
20227,27,3,0.059307635736368707,0.5612232567928163,20,blocked
20228,28,9,2.9899129354746027e-06,1.3201011500253483,20,blocked
20229,29,0,0.520329642983985,0.5800738407225592,20,blocked
20230,30,0,0.6708190532726571,0.4068644295561648,20,blocked
20231,31,0,0.2229877494113386,0.5083001256394861,20,blocked
20232,32,0,0.48661985092298454,0.6169685730861896,20,blocked
20233,33,0,0.4601598802820364,0.6796676409693188,20,blocked
20234,34,0,0.5567126643856932,0.5655554436648818,20,blocked
20235,35,0,0.7179477477238541,0.5615084711112505,20,blocked
20236,36,0,0.07324508791432861,0.6790454944036435,20,blocked
20237,37,0,0.6395188996060461,0.5959940361400582,20,blocked
20238,38,0,0.5959407594893638,0.4507331053892155,20,blocked
20239,39,0,0.27694994390248184,0.7257455060523712,20,blocked
20240,40,0,0.4927037822076409,0.520624633791903,20,blocked
20241,41,0,0.6258196769358786,0.5647458415645867,20,blocked
20242,42,0,0.6676031858913223,0.5633411094317686,20,blocked
20243,43,0,0.6945025871457207,0.590745763935224,20,blocked
20244,44,0,0.6070765195765617,0.45279493505709073,20,blocked
20245,45,0,0.7345894439662197,0.468268483552256,20,blocked
20246,46,0,0.6335516928699741,0.37703233557140436,20,blocked
20247,47,0,0.45592281020018416,0.6484606505723474,20,blocked
20248,48,0,0.40646986034886223,0.3991709682256125,20,blocked
20249,49,0,0.49524133684706023,0.367362056829978,20,blocked
20250,50,0,0.5089869197821512,0.3896047809098149,20,blocked
20251,51,0,0.4400059844706698,0.45165097022232925,20,blocked
20252,52,0,0.43125851994510195,0.48548638954298506,20,blocked
20253,53,0,0.5922098074326564,0.4640534901010192,20,blocked
20254,54,0,0.5537642923584998,0.42287748808833087,20,blocked
20255,55,0,0.5902569446431177,0.4110831346170564,20,blocked
20256,56,0,0.2857668887666657,0.5697621708582119,20,blocked
20257,57,0,0.6645700490986384,0.39426811656819694,20,blocked
20258,58,0,0.48554387700718715,0.39246095993981606,20,blocked
20259,59,0,0.7610466125769785,0.47515338427578424,20,blocked
20260,60,0,0.6312395639543749,0.5028085755085445,20,blocked
20261,61,0,0.2782129004055796,0.6961057116115072,20,blocked
20262,62,0,0.5003596739028732,0.46593993813679246,20,blocked
20263,63,0,0.6981841594638121,0.5901848932976226,20,blocked
20264,64,0,0.44112665439746923,0.3765855369710993,20,blocked
20265,65,0,0.708561304714312,0.45240730714565125,20,blocked
20266,66,0,0.4486588557831348,0.43031221212239235,20,blocked
20267,67,0,0.686217996625051,0.4955038681377808,20,blocked
20268,68,0,0.47435797823955733,0.49729269351879524,20,blocked
20269,69,0,0.49112533984525847,0.42056797873830243,20,blocked
20270,70,0,0.46435855261232023,0.6832405330088761,20,blocked
20271,71,0,0.43379258241486174,0.5573875498993622,20,blocked
20272,72,0,0.5970078142254333,0.43375594157700437,20,blocked
20273,73,0,0.510722141960549,0.47455335010106126,20,blocked
20274,74,0,0.5296971502732243,0.3491122406767443,20,blocked
20275,75,0,0.5087977373664778,0.3127404952700496,20,blocked
20276,76,0,0.5709745135363061,0.4026564987414121,20,blocked
20277,77,0,0.7192454410745963,0.4462889826924079,20,blocked
20278,78,0,0.6582152436935753,0.45021805588344815,20,blocked
20279,79,0,0.5761986479753098,0.453778084000272,20,blocked
20280,80,0,0.6232874521931268,0.4353898499319703,20,blocked
20281,81,0,0.2927522617222655,0.46134381803093005,20,blocked
20282,82,0,0.19524128093614826,0.4829552930490285,20,blocked
20283,83,0,0.6105878867634553,0.5815812702159732,20,blocked
20284,84,0,0.698791392442023,0.6356515653615982,20,blocked
20285,85,0,0.34741743229019967,0.5211740518252808,20,blocked
20286,86,0,0.3216682607523572,0.5493349066716164,20,blocked
20287,87,0,0.12504778996527582,0.5458110912383596,20,blocked
20288,88,0,0.6749946419583321,0.3144859010910953,20,blocked
20289,89,0,0.5993908255608442,0.34146651131712696,20,blocked
20290,90,0,0.5851010694435079,0.37249802153101275,20,blocked
20291,91,0,0.5507458836174487,0.3748093381455452,20,blocked
20292,92,0,0.5405561781917225,0.41591667887773587,20,blocked
20293,93,0,0.3733524050096114,0.48511019628219676,20,blocked
20294,94,0,0.47685936043007815,0.5277865086183382,20,blocked
20295,95,0,0.3355668814928356,0.5716414948306056,20,blocked
20296,96,0,0.12887949981504948,0.4927515600884398,20,blocked
20297,97,0,0.3408395016056342,0.4015156733140979,20,blocked
20298,98,0,0.5754510418873571,0.5845209600343838,20,blocked
20299,99,0,0.7661371576875502,0.46502381729111614,20,blocked
20300,100,0,0.8218599146583061,0.33530143907569754,20,blocked
20301,101,0,0.4908198123791684,0.41514716087018466,20,blocked
20302,102,0,0.6496007191652637,0.5110667299824474,20,blocked
20303,103,0,0.13229597321441194,0.5422221940281041,20,blocked
20304,104,0,0.2971394828933682,0.5742451402823491,20,blocked
20305,105,0,0.2394564970475785,0.424808046469111,20,blocked
20306,106,0,0.6326656475128815,0.32289243851415916,20,blocked
20307,107,0,0.37379885416931213,0.4740343150560945,20,blocked
20308,108,0,0.7565241816892658,0.6240666038137368,20,blocked
20309,109,0,0.6865348095196143,0.5151902275524232,20,blocked
20310,110,0,0.17881544572504687,0.42135976637196987,20,blocked
20311,111,0,0.9459456404958648,0.45457745148072704,20,blocked
20312,112,0,0.6025489241937968,0.424573148867201,20,blocked
20313,113,0,0.7883899479395051,0.5339368663845101,20,blocked
20314,114,0,0.24618539564760292,0.43201535990579387,20,blocked
20315,115,0,0.7543309371424947,0.41986938225927883,20,blocked
20316,116,0,0.7871446870421348,0.47310563435873054,20,blocked
20317,117,0,0.7940470688313999,0.35589716215624245,20,blocked
20318,118,0,0.11138554461001186,0.4682380965352563,20,blocked
20319,119,0,0.26536635064607583,0.540628160734264,20,blocked
20320,120,0,0.545784707964901,0.4400309991288118,20,blocked
20321,121,0,0.490949228323588,0.6187544424311291,20,blocked
20322,122,0,0.6711916757855663,0.49252617194392456,20,blocked
20323,123,0,0.6301156967710154,0.36933316867701593,20,blocked
20324,124,0,0.7815189430874501,0.47810237499682295,20,blocked
20325,125,0,0.5916602199343909,0.46777070893119777,20,blocked
20326,126,0,0.7286836489751993,0.5412066671954439,20,blocked
20327,127,0,0.5421707781830184,0.4349586316059879,20,blocked
20328,128,0,0.7578704289463638,0.5601050130990198,20,blocked
20329,129,0,0.39493014957213857,0.4017840287476,20,blocked
20330,130,0,0.39912652102622603,0.3760408618500257,20,blocked
20331,131,0,0.445307113243058,0.5556642094197854,20,blocked
20332,132,0,0.6309385708311732,0.552218130595409,20,blocked
20333,133,0,0.4550565498058736,0.47837168372561945,20,blocked
20334,134,0,0.3984117172947795,0.6036968919119922,20,blocked
20335,135,0,0.47527568946240967,0.4323772300490946,20,blocked
20336,136,0,0.531511919315669,0.3642253301558226,20,blocked
20337,137,0,0.4815205249818203,0.4279973392425519,20,blocked
20338,138,0,0.5541303578468065,0.42960135217040984,20,blocked
20339,139,0,0.6121616082938454,0.4703112472740005,20,blocked
20340,140,0,0.5032914991587661,0.44139098222311174,20,blocked
20341,141,0,0.26965458362256445,0.6503326038326194,20,blocked
20342,142,0,0.5578182433902255,0.5271516108412385,20,blocked
20343,143,0,0.5430149910535174,0.6216998896017019,20,blocked
20344,144,0,0.6340328930958388,0.4146560963605904,20,blocked
20345,145,0,0.5553336145056909,0.5209536126972343,20,blocked
20346,146,0,0.7120891778454608,0.3744261836693192,20,blocked
20347,147,0,0.47965970613746317,0.5098788077191436,20,blocked
20348,148,0,0.6351036886327546,0.5550621997426178,20,blocked
20349,149,0,0.5900306416369092,0.5233378546520888,20,blocked
20350,150,0,0.5475783131731928,0.414275983537247,20,blocked
20351,151,0,0.5178411812091659,0.5839039755242509,20,blocked
20352,152,0,0.4038304722165193,0.34422835489211584,20,blocked
20353,153,0,0.5209447611485286,0.36772693980578597,20,blocked
20354,154,0,0.5449911223500309,0.34829416989647366,20,blocked
20355,155,0,0.5728456659875536,0.39220824555346967,20,blocked
20356,156,0,0.4783738750710316,0.48757479651328817,20,blocked
20357,157,0,0.6301634737471902,0.36400650581001115,20,blocked
20358,158,0,0.44793432380483755,0.33412427986163884,20,blocked
20359,159,0,0.6751265568536364,0.3928693417269635,20,blocked
20360,160,0,0.404155722763747,0.4958344521322796,20,blocked
20361,161,0,0.26514728874224275,0.4725018136509386,20,blocked
20362,162,0,0.7067061897350962,0.36052147441198945,20,blocked
20363,163,0,0.6431112337320903,0.5244034558447805,20,blocked
20364,164,0,0.5897979705868847,0.45818569500908457,20,blocked
20365,165,0,0.6118562429905079,0.5397672885744227,20,blocked
20366,166,0,0.13941194427024414,0.4683587403034742,20,blocked
20367,167,0,0.33430693366477127,0.5169757900937952,20,blocked
20368,168,0,0.6448064493830918,0.3497234272775193,20,blocked
20369,169,0,0.5482747491045527,0.39296360188580004,20,blocked
20370,170,0,0.7279597747639679,0.33664046135672177,20,blocked
20371,171,0,0.6335037738860053,0.34493169912977817,20,blocked
20372,172,0,0.42240600123451993,0.4631159652693726,20,blocked
20373,173,0,0.3796014642008046,0.6164415680843967,20,blocked
20374,174,0,0.4520723255555641,0.31908821750121763,20,blocked
20375,175,0,0.38578525240308503,0.40930615828968275,20,blocked
20376,176,0,0.3032988508803374,0.409280095358298,20,blocked
20377,177,0,0.46808396755492554,0.56906328066088,20,blocked
20378,178,0,0.6301502070690455,0.4708503362949004,20,blocked
20379,179,0,0.7063414087971627,0.391465104807574,20,blocked
20380,180,0,0.7406300829747343,0.290285046229149,20,blocked
20381,181,0,0.5136215053587994,0.4473033537363751,20,blocked
20382,182,0,0.6474763993643589,0.47691156585991046,20,blocked
20383,183,0,0.34345203767977805,0.4098370998652989,20,blocked
20384,184,0,0.34327011454110445,0.48127083270509063,20,blocked
20385,185,0,0.44311314007445834,0.42476498103070004,20,blocked
20386,186,0,0.1512075507988851,0.4929454134551523,20,blocked
20387,187,0,0.4827620339380263,0.3121583265410772,20,blocked
20388,188,0,0.5061567659431532,0.36928631927036,20,blocked
20389,189,0,0.5180930190592621,0.3450938883548741,20,blocked
20390,190,0,0.3058222194599588,0.48778246428249483,20,blocked
20391,191,0,0.7606783986175605,0.3584586658051211,20,blocked
20392,192,0,0.9350664741452833,0.4366212806114186,20,blocked
20393,193,0,0.47493009791149443,0.5311233178069628,20,blocked
20394,194,0,0.5178639276782893,0.4688252543332121,20,blocked
20395,195,0,0.6757535667066952,0.44504735156577957,20,blocked
20396,196,0,0.6364947375027777,0.3510514027294274,20,blocked
20397,197,0,0.47164080928691576,0.4186459723625726,20,blocked
20398,198,0,0.5519235492239577,0.33523713961848056,20,blocked
20399,199,0,0.5749950838087435,0.34164529437387503,20,blocked
20400,0,0,0.6095263448693189,0.6567924724250342,20,early
20401,1,0,0.5815546065260342,0.6236547745544252,20,early
20402,2,0,0.21503656314615419,0.5448820014324359,20,early
20403,3,0,0.20921219220384654,0.586557777494152,20,early
20404,4,0,0.06804216339309965,0.7957259992388599,20,early
20405,5,0,0.7419011614555365,0.41765578240054935,20,early
20406,6,0,0.6592530561296976,0.4427316168143137,20,early
20407,7,0,0.14616481468936118,0.7041257449105558,20,early
20408,8,0,0.12413647915351998,0.5332565970793,20,early
20409,9,0,0.6253053371085864,0.4704437866664888,20,early
20410,10,0,0.1491752969022972,0.5769369674633,20,early
20411,11,0,0.7401393890594306,0.35883438566270576,20,early
20412,12,0,0.21092233436749186,0.4812073049448419,20,early
20413,13,0,0.21712081578551248,0.46435617227361786,20,early
20414,14,0,0.27687206879340276,0.5345924718726551,20,early
20415,15,0,0.3827501389054752,0.5828665416262402,20,early
20416,16,0,0.7000801096584308,0.3847768531720702,20,early
20417,17,0,0.2763053686926223,0.420200349705748,20,early
20418,18,0,0.3131934181292595,0.5442037776950783,20,early
20419,19,0,0.17020736678407444,0.6910816175791423,20,early
20420,20,0,0.7113962491402472,0.35211046350289266,20,early
20421,21,0,0.5180455970577836,0.44468608225836526,20,early
20422,22,0,0.2087700562164883,0.6765361572050963,20,early
20423,23,0,0.1687413462053343,0.4924862455524606,20,early
20424,24,0,0.3945987889061561,0.5651899536846543,20,early
20425,25,0,0.3000762253129589,0.45486625450912394,20,early
20426,26,0,0.6048072065740644,0.3716951887257834,20,early
20427,27,0,0.24002786117384806,0.5416690164797282,20,early
20428,28,0,0.7824540928765913,0.5946301651305762,20,early
20429,29,0,0.3315033810155984,0.5183761772791946,20,early
20430,30,0,0.44311830601939545,0.4849492974976108,20,early
20431,31,0,0.623623038587595,0.3548149267656996,20,early
20432,32,0,0.567029542562513,0.5242170234406113,20,early
20433,33,0,0.5749366224183702,0.5251075602356707,20,early
20434,34,0,0.6422494470611239,0.5359053760161555,20,early
20435,35,0,0.5278532691178437,0.6059293194097074,20,early
20436,36,0,0.5525187337203623,0.5145983719254832,20,early
20437,37,0,0.2278707823167878,0.4836012140891455,20,early
20438,38,0,0.34470672350488235,0.45751771806682273,20,early
20439,39,0,0.7335791639831735,0.49259704767639395,20,early
20440,40,0,0.5926065285344473,0.4563750217613305,20,early
20441,41,0,0.28354874087805104,0.4856378370154474,20,early
20442,42,0,0.7597587578748726,0.4937336886490247,20,early
20443,43,0,0.8525397361228872,0.49220299121803884,20,early
20444,44,0,0.7580955836592635,0.40435304676204953,20,early
20445,45,0,0.5907694901126062,0.3184645826817525,20,early
20446,46,0,0.27288605337866,0.6303523599160549,20,early
20447,47,0,0.613076817020525,0.38101126745008673,20,early
20448,48,0,0.37689504379316985,0.503872391025035,20,early
20449,49,0,0.44397446361503634,0.4472866588096137,20,early
20450,50,0,0.5694836635966048,0.5955458840242791,20,early
20451,51,0,0.4235277453890292,0.5900374027143396,20,early
20452,52,0,0.542025149410362,0.4930049944893794,20,early
20453,53,0,0.7050933851325706,0.4781863444633013,20,early
20454,54,0,0.450727211528007,0.40400442949147475,20,early
20455,55,0,0.4290858030892586,0.44825782784834944,20,early
20456,56,0,0.4714671112798585,0.7011034551902284,20,early
20457,57,0,0.24112971983033737,0.45858748461649734,20,early
20458,58,0,0.6511813095294379,0.5615752172037495,20,early
20459,59,0,0.3793934564033228,0.6015010741304945,20,early
20460,60,0,0.4398344509659301,0.5532061691512051,20,early
20461,61,0,0.3581077144222772,0.4438655795267803,20,early
20462,62,0,0.3423967020486563,0.48995833540035716,20,early
20463,63,0,0.5016120725312485,0.45511137411739977,20,early
20464,64,0,0.5826106631018938,0.47961604894651294,20,early
20465,65,0,0.5961877240413667,0.38511237458167824,20,early
20466,66,0,0.44171675143533107,0.5129610718348847,20,early
20467,67,0,0.45517517990965545,0.4271532357508553,20,early
20468,68,0,0.471280405401847,0.5559209244908438,20,early
20469,69,0,0.4702376536677385,0.5391797117636453,20,early
20470,70,0,0.47928272012187445,0.48999957033498687,20,early
20471,71,0,0.34266229236113205,0.4503384854224024,20,early
20472,72,0,0.4760994317346728,0.34949430970672435,20,early
20473,73,0,0.4819100069360629,0.5863652622743595,20,early
20474,74,0,0.3945289339621936,0.5123196724547057,20,early
20475,75,0,0.4242918092243065,0.49418157630331916,20,early
20476,76,0,0.505288833995099,0.5489965582917449,20,early
20477,77,0,0.30097740250676774,0.45800535123275166,20,early
20478,78,0,0.6249108669027624,0.6867848688160654,20,early
20479,79,0,0.4794718991904373,0.4084881937944169,20,early
20480,80,0,0.44353229244440373,0.4531550787660001,20,early
20481,81,0,0.7008961736315711,0.6734716376338892,20,early
20482,82,0,0.5655407218834666,0.4584123278742537,20,early
20483,83,0,0.4972941378558146,0.5336868463670755,20,early
20484,84,0,0.427111165199379,0.4821135307992477,20,early
20485,85,0,0.6134587664136819,0.3775757447944579,20,early
20486,86,0,0.5638582122110585,0.44378454618535723,20,early
20487,87,0,0.37512036184427655,0.4132693828091706,20,early
20488,88,0,0.4775052547397304,0.45943982548140827,20,early
20489,89,0,0.4320311145669507,0.5168424268008383,20,early
20490,90,0,0.43497379123500224,0.43869679044060544,20,early
20491,91,0,0.3998288482671908,0.44180448308576753,20,early
20492,92,0,0.4992285286235893,0.33831297665741106,20,early
20493,93,0,0.6298335644077107,0.46668847792819945,20,early
20494,94,0,0.3286497694597219,0.4968763360940296,20,early
20495,95,0,0.5793676045806022,0.4710465466747282,20,early
20496,96,0,0.31546677051740085,0.7158077450934716,20,early
20497,97,0,0.6120748446799055,0.5155943267419488,20,early
20498,98,0,0.2323255979792364,0.751760489117294,20,early
20499,99,0,0.606781981993708,0.43180909582853244,20,early
20500,100,0,0.67429130587086,0.47857099168608974,20,early
20501,101,0,0.45909906134663425,0.49419055108805227,20,early
20502,102,0,0.362242109144742,0.536934738168613,20,early
20503,103,0,0.41549839711811143,0.616858093533273,20,early
20504,104,0,0.5676778549708845,0.4977736070653025,20,early
20505,105,0,0.20589569929102125,0.5173734227178572,20,early
20506,106,0,0.33977493969911854,0.5492163074448916,20,early
20507,107,0,0.23752592791254,0.33856068295975666,20,early
20508,108,0,0.6048584411059635,0.5064475059437429,20,early
20509,109,0,0.5089267042105529,0.4253899294520467,20,early
20510,110,0,0.5608761204758452,0.5236675564169488,20,early
20511,111,0,0.26706504882533216,0.44952244258423035,20,early
20512,112,0,0.4300212114479296,0.41356534673220174,20,early
20513,113,0,0.7404902819448218,0.4796892787598962,20,early
20514,114,0,0.47432384219868595,0.348605687500414,20,early
20515,115,0,0.7655434653364692,0.3952983168333757,20,early
20516,116,0,0.6341093781990335,0.4891652233576318,20,early
20517,117,0,0.5265088244868534,0.4797815606529018,20,early
20518,118,0,0.303147741513662,0.5426945556239684,20,early
20519,119,0,0.24583601074455697,0.6090162501264369,20,early
20520,120,0,0.46815926375343153,0.45407812690539245,20,early
20521,121,0,0.4602048272479725,0.43139034704935564,20,early
20522,122,0,0.24206959552751423,0.46781037623566085,20,early
20523,123,0,0.2389322314978909,0.41513174777240325,20,early
20524,124,0,0.5166244129317964,0.5213156003655354,20,early
20525,125,0,0.3086635626019811,0.39623506566978006,20,early
20526,126,0,0.7026956635876609,0.4641947768796474,20,early
20527,127,0,0.29898752967945824,0.5728053194605024,20,early
20528,128,0,0.5912524558592638,0.3447419810786564,20,early
20529,129,0,0.5219417466550095,0.5268681106548735,20,early
20530,130,0,0.6348099250089827,0.506609612835989,20,early
20531,131,0,0.32082056091728867,0.43137313050045795,20,early
20532,132,0,0.38475591336833304,0.4403441175077448,20,early
20533,133,0,0.40389199907316253,0.36648941559433645,20,early
20534,134,0,0.4549044012761575,0.4518566942860599,20,early
20535,135,0,0.5554029099313328,0.45924972789982377,20,early
20536,136,0,0.7252449376771553,0.40170232988061194,20,early
20537,137,0,0.6572211956604775,0.48963247142735095,20,early
20538,138,0,0.35458787974641576,0.4593750149422082,20,early
20539,139,0,0.5029518892189483,0.46367335179463925,20,early
20540,140,0,0.3680232963592326,0.3782585417379849,20,early
20541,141,0,0.7593842714782333,0.4551402089108786,20,early
20542,142,0,0.5513775996624078,0.42552591450298655,20,early
20543,143,0,0.4036584787479114,0.5598032291074596,20,early
20544,144,0,0.3186076775806401,0.4183380899155109,20,early
20545,145,0,0.5764737941079392,0.3988316533889856,20,early
20546,146,0,0.5684656426902487,0.3990609208970396,20,early
20547,147,0,0.5920329264989006,0.4298779835134058,20,early
20548,148,0,0.6127981082947092,0.4522033742736181,20,early
20549,149,0,0.5128487295032406,0.47302950593395743,20,early
20550,150,0,0.6154117188225898,0.4929270164103515,20,early
20551,151,0,0.35954938946903614,0.4646701009573414,20,early
20552,152,0,0.5408186374898752,0.3712771720197767,20,early
20553,153,0,0.3847628386982469,0.4486469266508999,20,early
20554,154,0,0.45481339667501997,0.4529676759590466,20,early
20555,155,0,0.7999483240908716,0.42868161833468627,20,early
20556,156,0,0.5538990747308719,0.3530235265615569,20,early
20557,157,0,0.4808915010494763,0.4052514472442227,20,early
20558,158,0,0.5896493206953857,0.5524398812336169,20,early
20559,159,0,0.3742020819204005,0.39073400310785916,20,early
20560,160,0,0.504790479499612,0.43046551964190055,20,early
20561,161,0,0.5358421973068506,0.3854926521536969,20,early
20562,162,0,0.3445281346079966,0.42638654193160175,20,early
20563,163,0,0.28370917000883544,0.4233780650607547,20,early
20564,164,0,0.46086696984395115,0.4217109084064784,20,early
20565,165,0,0.1986864785588775,0.5084104711256565,20,early
20566,166,0,0.3189986599741902,0.40751651809156947,20,early
20567,167,0,0.49794092298183423,0.4823671183846472,20,early
20568,168,0,0.6427629058299902,0.4545621195277878,20,early
20569,169,0,0.4384741336431145,0.32216429790184975,20,early
20570,170,0,0.44176335906045106,0.39423724616103084,20,early
20571,171,0,0.46694210114602874,0.42710679261976714,20,early
20572,172,0,0.2013868898606286,0.4150517145406879,20,early
20573,173,0,0.6077182755639452,0.4433020732594246,20,early
20574,174,0,0.6581094137405838,0.65268009878611,20,early
20575,175,0,0.3390039608862468,0.5425175911101889,20,early
20576,176,0,0.30594490982106887,0.5399664840665372,20,early
20577,177,0,0.594674210724853,0.47205431804235204,20,early
20578,178,0,0.5168338935843433,0.47695353846477095,20,early
20579,179,0,0.8682415639835314,0.47594903047344406,20,early
20580,180,0,0.2583478519978574,0.5310996267335004,20,early
20581,181,0,0.44711503914176143,0.4644464309232307,20,early
20582,182,0,0.672681531111966,0.4813671042085062,20,early
20583,183,0,0.5058311431230395,0.423517649689249,20,early
20584,184,0,0.525666808325125,0.4424286694342735,20,early
20585,185,0,0.19024645988699881,0.47993365111187003,20,early
20586,186,0,0.36641507970339554,0.3629698382984821,20,early
20587,187,0,0.2976072473515897,0.47748211569414334,20,early
20588,188,0,0.3442848061473216,0.4524133398067287,20,early
20589,189,0,0.4090912559717905,0.4225695683836411,20,early
20590,190,0,0.48209356590969665,0.3940380156159514,20,early
20591,191,0,0.5807815826085584,0.5198446880566315,20,early
20592,192,0,0.38077914223549914,0.4887759393798973,20,early
20593,193,0,0.5593614817578528,0.3590852285681415,20,early
20594,194,0,0.4389757667862636,0.3979363530280714,20,early
20595,195,0,0.36028556782781057,0.3608126542450637,20,early
20596,196,0,0.6685248723614878,0.4819399941909944,20,early
20597,197,0,0.5953738482415605,0.41632576639168406,20,early
20598,198,0,0.7006314485371173,0.4482596429920225,20,early
20599,199,0,0.5855092142879916,0.4374095377482111,20,early
20600,0,0,0.005428348770529359,0.8474460528689618,20,middle
20601,1,1,0.501986354156938,1.1477353770905356,20,middle
20602,2,2,0.9877404572948281,1.2205586441260938,20,middle
20603,3,3,0.5001532232975321,1.4096734827150683,20,middle
20604,4,4,0.03858223352763524,1.1370110239154143,20,middle
20605,5,5,0.48558319162208124,1.089399674410957,20,middle
20606,6,6,0.20082840651801284,1.181284434633505,20,middle
20607,7,7,0.48628150201846515,0.7486057224345933,20,middle
20608,8,8,0.6626066044795221,0.9835763145608569,20,middle
20609,9,9,0.49654399288804213,1.2475473544166982,20,middle
20610,10,10,0.9864256675357869,1.2472498218972499,20,middle
20611,11,11,0.5352805245296367,0.8549339023685116,20,middle
20612,12,12,0.9990474889805468,0.844362540081413,20,middle
20613,13,13,0.49536596117937226,0.960003883529909,20,middle
20614,14,14,0.0015627440848629383,1.266223928307153,20,middle
20615,15,15,0.5002901140883894,1.0605489742572187,20,middle
20616,16,16,0.0008378690633356155,1.1022835487927267,20,middle
20617,17,17,0.7177679330422009,1.0412891251139897,20,middle
20618,18,18,0.8644677156671605,1.0144232777960425,20,middle
20619,19,11,0.4761489037052043,0.8524845546978503,20,middle
20620,20,19,0.0003660680618986665,1.4665474031943346,20,middle
20621,21,20,0.5030784268552152,1.2282539035105242,20,middle
20622,22,21,0.5048456496245161,1.2914130487527897,20,middle
20623,23,22,0.4995153352173907,1.0593975191461285,20,middle
20624,24,23,0.24667291328289442,1.1018127012721632,20,middle
20625,25,24,0.5113306769041422,1.1737551879795243,20,middle
20626,26,25,0.9989411538237051,1.1312853739252131,20,middle
20627,27,26,0.7975142229986418,1.0937165700661784,20,middle
20628,28,27,0.010305622885743698,1.1619823797206572,20,middle
20629,29,27,0.45324365608794803,0.7612043067968415,20,middle
20630,30,28,0.9813096269935201,1.1542256129771844,20,middle
20631,31,29,0.3092816186304944,1.5158750604435025,20,middle
20632,32,30,0.7610439798246594,0.9692600970756897,20,middle
20633,33,31,0.5409587210718828,1.0631583748859605,20,middle
20634,34,32,0.959680570706863,1.0057392549177837,20,middle
20635,35,33,0.4952593997190447,1.1484084958170668,20,middle
20636,36,27,0.016864545009310235,0.9623139581956139,20,middle
20637,37,34,0.5424338287913785,0.8401554090396045,20,middle
20638,38,35,0.4988633715699864,1.11151584846795,20,middle
20639,39,36,0.4608476988881389,1.2012834335104805,20,middle
20640,40,37,0.187380165732442,1.0642874533954951,20,middle
20641,41,11,0.9800844197236025,0.9508819734894728,20,middle
20642,42,38,0.9995443891579385,1.0148770122922208,20,middle
20643,43,39,0.2163991709404981,1.376626809978117,20,middle
20644,44,15,0.9994353432065364,0.674805268067953,20,middle
20645,45,40,0.0011565633853220976,1.2274128210215078,20,middle
20646,46,0,0.9876072599862745,0.555126718955611,20,middle
20647,47,41,0.0020699806712344932,1.1484611629714485,20,middle
20648,48,42,0.001622796845072277,1.0863559750123444,20,middle
20649,49,43,0.0006039309965236688,0.9073539540811457,20,middle
20650,50,15,0.0006716565019472078,0.9439121975925879,20,middle
20651,51,44,0.006554810311700073,1.278643475231953,20,middle
20652,52,15,0.9274405658272762,0.6613081215377781,20,middle
20653,53,45,6.280512655247795e-05,1.5896479600361713,20,middle
20654,54,27,0.9228159276240016,0.7463195312659037,20,middle
20655,55,42,0.8735113955828748,0.6919325656196735,20,middle
20656,56,15,0.9990443372539568,0.762042216293586,20,middle
20657,57,0,0.007589373224291836,0.7774890748640555,20,middle
20658,58,46,0.0009828611201976663,1.0804192932943062,20,middle
20659,59,47,0.0017870806775436144,1.450321871592698,20,middle
20660,60,15,0.9987571465599767,0.7933759718580902,20,middle
20661,61,48,0.008077918080574191,1.1768453858678862,20,middle
20662,62,49,0.014296447265321418,1.007583003390827,20,middle
20663,63,50,0.10386260616700897,0.9337755975236004,20,middle
20664,64,18,0.9497442386720851,0.6287874151110318,20,middle
20665,65,15,0.9992044294268544,0.7195524685443286,20,middle
20666,66,18,0.19780278685879854,0.9686547742705371,20,middle
20667,67,51,0.04718891038985399,1.1001503331585074,20,middle
20668,68,15,0.9988420065327284,0.8091176947255352,20,middle
20669,69,52,0.0016553580717061913,1.2341966423470345,20,middle
20670,70,27,0.9318880705950474,0.6093145710635164,20,middle
20671,71,27,0.06044997100737112,0.7431151278100925,20,middle
20672,72,18,0.9853554087375255,0.8835358791755696,20,middle
20673,73,27,0.08110310748404373,0.8655579475849837,20,middle
20674,74,27,0.9122222563021196,0.7348753642593628,20,middle
20675,75,50,0.06004047047973503,0.8584627654778243,20,middle
20676,76,15,0.9979211358130979,0.7425696667424571,20,middle
20677,77,53,0.017673675683366533,0.9047903312334187,20,middle
20678,78,53,0.35727759521058705,0.7018637617465455,20,middle
20679,79,18,0.7921234252620994,0.6558036483068136,20,middle
20680,80,15,0.49954203587183804,0.7065664320705312,20,middle
20681,81,15,0.5004560955399467,0.7809889080402106,20,middle
20682,82,15,0.49747049418708006,0.7833569953987001,20,middle
20683,83,50,0.6856277610184442,0.6839565118757125,20,middle
20684,84,15,0.4993025695666148,0.8215013426710912,20,middle
20685,85,15,0.49639861404341734,0.7625762925149695,20,middle
20686,86,15,0.5013155206032223,0.7293786525491938,20,middle
20687,87,50,0.5775367501154638,0.6707487303583296,20,middle
20688,88,18,0.3463733955661317,0.6689232770533495,20,middle
20689,89,27,0.35445815953354515,0.6201823613929875,20,middle
20690,90,15,0.4660088795061896,0.8732851361778164,20,middle
20691,91,15,0.4866941856131687,0.7961394203988337,20,middle
20692,92,15,0.5054940378610371,0.6559655974532429,20,middle
20693,93,15,0.5192286900472198,0.7401310885963458,20,middle
20694,94,15,0.5327943205346573,0.6545113981640067,20,middle
20695,95,15,0.42836278208908757,0.46289412383013206,20,middle
20696,96,15,0.38987408027923226,0.655426672362545,20,middle
20697,97,15,0.4524883690929697,0.5684625187255572,20,middle
20698,98,15,0.4495538114287083,0.5294633613853449,20,middle
20699,99,15,0.6258517883209076,0.5841224547440369,20,middle
20700,100,15,0.3166887539224279,0.6975360895914042,20,middle
20701,101,15,0.22840212621081454,0.5470143293791032,20,middle
20702,102,15,0.7452878540658305,0.5082473697230165,20,middle
20703,103,15,0.20981921553636942,0.5616418885736535,20,middle
20704,104,15,0.27007972573996897,0.40556343740435186,20,middle
20705,105,15,0.4568505805412982,0.5856987382919683,20,middle
20706,106,15,0.6401410413701915,0.642006709066615,20,middle
20707,107,18,0.30460298120153073,0.6720748211829742,20,middle
20708,108,15,0.2976978161026887,0.6300126183791961,20,middle
20709,109,15,0.6499906921718785,0.5495515619548718,20,middle
20710,110,15,0.22535386249014908,0.6741285875352001,20,middle
20711,111,15,0.7591845454270671,0.4996764135035438,20,middle
20712,112,15,0.1657283453640913,0.8527209858586718,20,middle
20713,113,15,0.4755398525145509,0.6232086822480272,20,middle
20714,114,15,0.6091760697564894,0.560803319574099,20,middle
20715,115,15,0.601080971173604,0.413717948301218,20,middle
20716,116,15,0.6565602663373972,0.6908603105119246,20,middle
20717,117,15,0.21438820269017217,0.6188753771858357,20,middle
20718,118,15,0.4097929237860378,0.5701534709573952,20,middle
20719,119,15,0.33631138685599465,0.6709543331979224,20,middle
20720,120,15,0.2402754632532818,0.5046841911308588,20,middle
20721,121,15,0.3483564435722678,0.5235298453366014,20,middle
20722,122,15,0.5536346804942641,0.5793735051687376,20,middle
20723,123,15,0.53456146950843,0.4691147177081778,20,middle
20724,124,15,0.6382806442134112,0.5335126854869563,20,middle
20725,125,15,0.4668398978614286,0.5666718367386426,20,middle
20726,126,15,0.39616152015460543,0.5934455800938842,20,middle
20727,127,15,0.6572186868605856,0.4077921388942428,20,middle
20728,128,15,0.7533549094288079,0.4532134136925793,20,middle
20729,129,15,0.4715746889719214,0.3834590502949668,20,middle
20730,130,15,0.8061508808235437,0.34141737958700885,20,middle
20731,131,15,0.3783802513506442,0.4247310205394545,20,middle
20732,132,15,0.6238133104807345,0.6692969552486573,20,middle
20733,133,15,0.2694275106342453,0.5605574120243424,20,middle
20734,134,15,0.45900473515512963,0.5428839204529425,20,middle
20735,135,15,0.706950001377644,0.5000139429380177,20,middle
20736,136,15,0.6675335724423744,0.5004030402037043,20,middle
20737,137,15,0.20479919404909433,0.620562236436954,20,middle
20738,138,15,0.5525412953382702,0.43704802918550023,20,middle
20739,139,15,0.2367121987454056,0.6315277859160372,20,middle
20740,140,15,0.44633174373842455,0.5590974610352494,20,middle
20741,141,15,0.6220870487071957,0.47254092578584106,20,middle
20742,142,15,0.38200952034125774,0.5651150546570145,20,middle
20743,143,15,0.6336856480647737,0.46821468127112387,20,middle
20744,144,15,0.7572880822707967,0.5527727652945075,20,middle
20745,145,15,0.5970598638663559,0.6065488994056534,20,middle
20746,146,15,0.2516408865382329,0.6265815202966355,20,middle
20747,147,15,0.17726789241731775,0.4946903008945852,20,middle
20748,148,15,0.30958603371421584,0.524238044251013,20,middle
20749,149,15,0.7885344746318406,0.5056336292930785,20,middle
20750,150,15,0.5352289782551778,0.4495814066807252,20,middle
20751,151,15,0.7629278818356797,0.5452050181162043,20,middle
20752,152,15,0.5471473371223899,0.49386566688668304,20,middle
20753,153,15,0.16937204038616707,0.5667655733050865,20,middle
20754,154,15,0.524786810203137,0.5064375868506223,20,middle
20755,155,15,0.7497421857592104,0.4470394590552245,20,middle
20756,156,15,0.3431801399995685,0.49710261632571606,20,middle
20757,157,15,0.6549203244217108,0.6489299158444198,20,middle
20758,158,15,0.8360963975429417,0.46451557048641645,20,middle
20759,159,15,0.15002121996119072,0.6142348021668615,20,middle
20760,160,15,0.36179697176720665,0.49908322759820495,20,middle
20761,161,15,0.8241320393919451,0.551831754646209,20,middle
20762,162,15,0.5496558242091822,0.4470406123213042,20,middle
20763,163,15,0.7626515169699618,0.4892283402364768,20,middle
20764,164,15,0.1603173115231068,0.5967137201577577,20,middle
20765,165,15,0.6239181204950474,0.5784307473556096,20,middle
20766,166,15,0.21404357334093704,0.43237038844150166,20,middle
20767,167,15,0.37113700501579044,0.42165602999707125,20,middle
20768,168,15,0.9032606180339646,0.40133004568919917,20,middle
20769,169,15,0.3788404010387833,0.5002400572342127,20,middle
20770,170,15,0.4400659767625204,0.5831830984141703,20,middle
20771,171,15,0.5235376984934539,0.5622333334596701,20,middle
20772,172,15,0.6617428872095731,0.5005861924441608,20,middle
20773,173,15,0.39283273120088813,0.4541460534094248,20,middle
20774,174,15,0.5297101656606336,0.5960175195184225,20,middle
20775,175,15,0.4336291885363165,0.6169797550816156,20,middle
20776,176,15,0.23142736564918348,0.6562336727390496,20,middle
20777,177,15,0.4132408802701638,0.5174954379633037,20,middle
20778,178,15,0.16091605498452283,0.5694402671287513,20,middle
20779,179,15,0.6262895432232565,0.4551944141139228,20,middle
20780,180,15,0.6574325331797712,0.47033236372457865,20,middle
20781,181,15,0.2253944220041887,0.5531345967868952,20,middle
20782,182,15,0.6092045108057057,0.5492259092392296,20,middle
20783,183,15,0.4650362189581786,0.4751114892932111,20,middle
20784,184,15,0.2551941374766207,0.5628854532707925,20,middle
20785,185,15,0.8040388423866616,0.56749898126524,20,middle
20786,186,15,0.5203792728962292,0.5608448452216355,20,middle
20787,187,15,0.22354148260071108,0.5703292126197079,20,middle
20788,188,15,0.210251979133747,0.4308445260511025,20,middle
20789,189,15,0.7674889681909671,0.39072427726137304,20,middle
20790,190,15,0.3366749282390644,0.6339957577117141,20,middle
20791,191,15,0.6811255791576661,0.40939848589029615,20,middle
20792,192,15,0.34324133578126464,0.49978316204320244,20,middle
20793,193,15,0.717650272466716,0.5321174150386169,20,middle
20794,194,15,0.577364382019277,0.534104280093258,20,middle
20795,195,15,0.5984038483275462,0.4450920843721632,20,middle
20796,196,15,0.6720470990469859,0.5451154352070522,20,middle
20797,197,15,0.572580974735353,0.5367550259164902,20,middle
20798,198,15,0.29378441635433644,0.43492485986840745,20,middle
20799,199,15,0.5543437378867329,0.5246207002737704,20,middle
20800,0,0,0.5204641050027671,0.5867634043258343,20,late
20801,1,0,0.9843976265487105,0.5889216046006451,20,late
20802,2,1,0.5096603092144819,0.7141634769642813,20,late
20803,3,2,0.997394700506686,0.8287180879058079,20,late
20804,4,3,0.46911531381434685,0.6208104991300556,20,late
20805,5,4,0.48856276735196325,1.2123848418976415,20,late
20806,6,5,0.4880110823982316,0.7040179572792898,20,late
20807,7,6,0.9994368222996912,0.9875697012028017,20,late
20808,8,0,0.4840407910810908,0.5895485320586602,20,late
20809,9,0,0.035927120328540854,0.6657040547886469,20,late
20810,10,0,0.5190987936138531,0.6290447959984955,20,late
20811,11,7,0.9999293516269627,1.1323742179685274,20,late
20812,12,8,0.47335644455677633,0.9491260750673816,20,late
20813,13,9,0.6810820858702595,0.796500641462804,20,late
20814,14,0,0.5531752664646875,0.5121499280071435,20,late
20815,15,0,0.9710926891039753,0.5637504065388426,20,late
20816,16,0,0.4567069738033419,0.5894596221345305,20,late
20817,17,10,0.024321244305190483,0.8121076199697554,20,late
20818,18,0,0.4523580620293045,0.5417003153980398,20,late
20819,19,0,0.13271564930131488,0.6012105556782539,20,late
20820,20,0,0.46183779697950095,0.6465476889030757,20,late
20821,21,11,0.8722054579031965,0.8699225191299538,20,late
20822,22,11,0.5582893235741528,0.7595460097377281,20,late
20823,23,12,0.014668048361658314,0.704017746060932,20,late
20824,24,0,0.529384327413085,0.5341790765914617,20,late
20825,25,0,0.9575525754901929,0.5389158110567775,20,late
20826,26,0,0.5140326848169803,0.5038366218246911,20,late
20827,27,0,0.9932087872702219,0.5953406978757131,20,late
20828,28,0,0.7847081753210683,0.8242921343188314,20,late
20829,29,0,0.7250429579218667,0.6496216091463485,20,late
20830,30,0,0.5869305835353736,0.516554443852417,20,late
20831,31,0,0.1890156964202908,0.7156759142920139,20,late
20832,32,0,0.5233865354576924,0.46998361035720015,20,late
20833,33,0,0.05223961141757837,0.662260849014596,20,late
20834,34,0,0.6514097525999354,0.4436067785012516,20,late
20835,35,0,0.08816899726481328,0.5959117819683568,20,late
20836,36,0,0.67422524021131,0.7718752235916544,20,late
20837,37,0,0.5882900476360943,0.5365539248995408,20,late
20838,38,0,0.41634166129805983,0.5086781026838049,20,late
20839,39,0,0.03750225120236135,0.6115409068522007,20,late
20840,40,0,0.3960841410161841,0.5361314367051583,20,late
20841,41,0,0.08991697959513441,0.5374362865368465,20,late
20842,42,0,0.6234143884814481,0.5598391428920453,20,late
20843,43,0,0.9325692451978507,0.6916982746469207,20,late
20844,44,0,0.4549695808821534,0.6547007893222505,20,late
20845,45,0,0.04952176805517538,0.7722819231609258,20,late
20846,46,0,0.3899739301555073,0.40800827108488347,20,late
20847,47,0,0.18651064890463062,0.5837631495437439,20,late
20848,48,11,0.46800882996592114,0.6096052290725089,20,late
20849,49,0,0.8782156427162868,0.562048643840529,20,late
20850,50,0,0.3606064792951075,0.3436662752438319,20,late
20851,51,0,0.8048264457692976,0.31316372691446126,20,late
20852,52,0,0.6172496865169541,0.5264021099588174,20,late
20853,53,0,0.8401883563857304,0.5807610143657118,20,late
20854,54,0,0.5456811338790002,0.3666242771446096,20,late
20855,55,0,0.8931061239691476,0.5249566764093652,20,late
20856,56,0,0.4157884822772651,0.524135228054666,20,late
20857,57,0,0.20754843687716873,0.530997416200297,20,late
20858,58,0,0.4159770256294173,0.5270536416504894,20,late
20859,59,0,0.9204330605677817,0.40144211319404,20,late
20860,60,0,0.6883287938371514,0.4294177680377374,20,late
20861,61,0,0.7329064736729222,0.4510017278257642,20,late
20862,62,0,0.548728481167544,0.4318726541950024,20,late
20863,63,0,0.7714215665089115,0.3609445789279765,20,late
20864,64,0,0.5934684516049672,0.5242875102935713,20,late
20865,65,0,0.7208315308315323,0.4972046959905593,20,late
20866,66,0,0.5559871417877151,0.49487127362032346,20,late
20867,67,0,0.5202138860397105,0.5213861320917085,20,late
20868,68,0,0.42983604723995983,0.5232314673467555,20,late
20869,69,0,0.434984588464805,0.4281952233902634,20,late
20870,70,0,0.5900107118481497,0.3562818519276004,20,late
20871,71,0,0.7038114060263405,0.40991788736677515,20,late
20872,72,0,0.4115325221504691,0.4150916227196585,20,late
20873,73,0,0.40595130917961797,0.41998910851961935,20,late
20874,74,0,0.5244600659186864,0.3875141965786596,20,late
20875,75,0,0.5427212063339537,0.3743440962144081,20,late
20876,76,0,0.3464904057868995,0.36467145397261613,20,late
20877,77,0,0.44743172580216345,0.5399825109738213,20,late
20878,78,0,0.5853259071459451,0.3956118442333477,20,late
20879,79,0,0.28983923484451934,0.3947896423087301,20,late
20880,80,0,0.3295882398280504,0.5082288212106447,20,late
20881,81,0,0.5223820530165247,0.5668391378646163,20,late
20882,82,0,0.5528516796838658,0.42321558541527293,20,late
20883,83,0,0.3539905253082397,0.37905475731452853,20,late
20884,84,0,0.3904171224695446,0.545899110362037,20,late
20885,85,0,0.28111038766721697,0.3744446751728656,20,late
20886,86,0,0.5777872211320606,0.522151568621292,20,late
20887,87,0,0.31217329047714415,0.7671682295725779,20,late
20888,88,0,0.44877103525566686,0.4808863677650973,20,late
20889,89,0,0.5099765989345248,0.4468856771488229,20,late
20890,90,0,0.5519028973899318,0.5726483397248097,20,late
20891,91,0,0.4173239590179565,0.5835418934456542,20,late
20892,92,0,0.5746418684642276,0.38011961464652055,20,late
20893,93,0,0.39393086924987264,0.41751888705456563,20,late
20894,94,0,0.5863780732335062,0.5547398782575931,20,late
20895,95,0,0.430683385241399,0.540559415615089,20,late
20896,96,0,0.3694084284156951,0.41291958834693343,20,late
20897,97,0,0.3401247141711531,0.3856436111772906,20,late
20898,98,0,0.42421212865598207,0.4577163304623886,20,late
20899,99,0,0.4300496216113913,0.4456307410238939,20,late
20900,100,0,0.5976492324060106,0.3603291123510376,20,late
20901,101,0,0.525215931790503,0.447903356866304,20,late
20902,102,0,0.5601181287526956,0.4280455143033487,20,late
20903,103,0,0.4729284246711922,0.37917990131629625,20,late
20904,104,0,0.48714645961382413,0.4785935588852111,20,late
20905,105,0,0.4983177271487862,0.5203214028641907,20,late
20906,106,0,0.5117360474056051,0.46551569262610426,20,late
20907,107,0,0.49540049075556025,0.442916342319397,20,late
20908,108,0,0.4960170241596378,0.477974906939303,20,late
20909,109,0,0.5179709277834345,0.47024383931824376,20,late
20910,110,0,0.5049185214183498,0.4687321044978213,20,late
20911,111,0,0.5832374012076682,0.4159895562542133,20,late
20912,112,0,0.5054075572537295,0.3724173193513617,20,late
20913,113,0,0.37670305220905864,0.5151062883466767,20,late
20914,114,0,0.5260113318215944,0.47709727167204674,20,late
20915,115,0,0.5173170669589764,0.5952033855181672,20,late
20916,116,0,0.6570888540998716,0.6690726756365215,20,late
20917,117,0,0.6083454674986984,0.48508375235162826,20,late
20918,118,0,0.4647561017114602,0.5973953647064016,20,late
20919,119,0,0.4715814435021485,0.5255862096837487,20,late
20920,120,0,0.6435243533752119,0.4452048016187823,20,late
20921,121,0,0.5679887097590972,0.5760104473221451,20,late
20922,122,0,0.14325350646738202,0.6171465275010568,20,late
20923,123,0,0.42142814130655415,0.3763114896162709,20,late
20924,124,0,0.41140747641564346,0.3551433797615209,20,late
20925,125,0,0.2432679151301168,0.38419745226173174,20,late
20926,126,0,0.1851832869712647,0.3811463877875829,20,late
20927,127,0,0.713629180313833,0.30994597050801526,20,late
20928,128,0,0.5157441515223848,0.5015508946332669,20,late
20929,129,0,0.5305442435505426,0.5093470400475282,20,late
20930,130,0,0.8579087136287958,0.3620831946699834,20,late
20931,131,0,0.5735585417786458,0.499992394550278,20,late
20932,132,0,0.7808779645395103,0.42677293821014994,20,late
20933,133,0,0.433320818343349,0.5975789810838184,20,late
20934,134,0,0.3953504735545831,0.4109901054107275,20,late
20935,135,0,0.4423269345313434,0.3002618901198525,20,late
20936,136,0,0.42025300389177267,0.4693926380321002,20,late
20937,137,0,0.5579106884578067,0.40701064291161326,20,late
20938,138,0,0.6372063491276636,0.4944181430719945,20,late
20939,139,0,0.6409099433705989,0.5034099025565065,20,late
20940,140,0,0.5603706891430342,0.3596295221705823,20,late
20941,141,0,0.31225311563351066,0.4699954376138288,20,late
20942,142,0,0.39062503617703326,0.43212451697200216,20,late
20943,143,0,0.6524169970239011,0.388105559755788,20,late
20944,144,0,0.6681112770555468,0.5049133015805214,20,late
20945,145,0,0.5369356638890066,0.4600937967515059,20,late
20946,146,0,0.9112812617491511,0.35638413996156765,20,late
20947,147,0,0.5967298111956302,0.5678282810470086,20,late
20948,148,0,0.39921874387054246,0.4708607792003305,20,late
20949,149,0,0.58973605762261,0.40632769913845035,20,late
20950,150,0,0.31575422922582486,0.5563414795172936,20,late
20951,151,0,0.3073012071185273,0.47539984829169635,20,late
20952,152,0,0.554932394432079,0.3810852060863282,20,late
20953,153,0,0.5438570676588756,0.4606192211877079,20,late
20954,154,0,0.44113702792813836,0.5668411106959268,20,late
20955,155,0,0.720697231688548,0.45694768092547217,20,late
20956,156,0,0.43269698113803123,0.43355817226748405,20,late
20957,157,0,0.6664253798613495,0.5069092138345708,20,late
20958,158,0,0.18142800746621185,0.5028107216550431,20,late
20959,159,0,0.38703509510697803,0.3238453710504125,20,late
20960,160,0,0.5373659324175752,0.4687707373584177,20,late
20961,161,0,0.5825002433505373,0.4005109284420846,20,late
20962,162,0,0.49159197414862,0.4124430156811245,20,late
20963,163,0,0.6501525205972876,0.49373907411143947,20,late
20964,164,0,0.5412485248729081,0.37482049108126536,20,late
20965,165,0,0.580860342801857,0.39838639713535917,20,late
20966,166,0,0.5287107800414202,0.4314561866572941,20,late
20967,167,0,0.34569620747001556,0.37552442125063934,20,late
20968,168,0,0.45356850903335827,0.5546445607670694,20,late
20969,169,0,0.27598641170048854,0.4112850162952652,20,late
20970,170,0,0.6811353320884103,0.3484249526242291,20,late
20971,171,0,0.3354605747494282,0.2797370879982838,20,late
20972,172,0,0.335335663801847,0.40420638123969566,20,late
20973,173,0,0.36080076873310535,0.4142866219558587,20,late
20974,174,0,0.7975462503170088,0.3533541604589761,20,late
20975,175,0,0.5695107933862371,0.564460842919763,20,late
20976,176,0,0.3369234165522983,0.521831413044046,20,late
20977,177,0,0.4292747469690335,0.3829672408927457,20,late
20978,178,0,0.5397614590798875,0.41000509765776105,20,late
20979,179,0,0.5298627380739669,0.4076254089464556,20,late
20980,180,0,0.5352256679123659,0.5285942482207594,20,late
20981,181,0,0.5076300454985383,0.3709686740787067,20,late
20982,182,0,0.6103102429156173,0.5429289376915827,20,late
20983,183,0,0.2695130583210245,0.40859912401083665,20,late
20984,184,0,0.5670741976496587,0.2954238977109639,20,late
20985,185,0,0.485719194987024,0.5065073660638866,20,late
20986,186,0,0.6261951200285122,0.40851743484556213,20,late
20987,187,0,0.48395525639354275,0.41951789606871154,20,late
20988,188,0,0.45369785972833654,0.3795669268384711,20,late
20989,189,0,0.4717853642100256,0.6134732841511683,20,late
20990,190,0,0.5122388655284446,0.34967362961728155,20,late
20991,191,0,0.700265530465049,0.43677769530384625,20,late
20992,192,0,0.4515389340915988,0.408034610456003,20,late
20993,193,0,0.5424979993548678,0.41964353971974194,20,late
20994,194,0,0.6260475856842211,0.34021727960153714,20,late
20995,195,0,0.4018220157281691,0.4397863698783385,20,late
20996,196,0,0.4622539677987242,0.42237451521603103,20,late
20997,197,0,0.21288510812807748,0.4032770669771818,20,late
20998,198,0,0.5131006857393465,0.42243839643527237,20,late
20999,199,0,0.5901197666450178,0.6225037986672003,20,late
21000,0,0,0.6882557426680121,0.6503890166892324,21,interleaved
21001,1,0,0.721387379489543,0.6999748436572653,21,interleaved
21002,2,0,0.7251251165649988,0.5707317281223406,21,interleaved
21003,3,0,0.18394945781315056,0.5278878993103386,21,interleaved
21004,4,0,0.3820140623992205,0.6164776797800164,21,interleaved
21005,5,0,0.8121368210698888,0.5028439221753739,21,interleaved
21006,6,0,0.7419252454262287,0.46430451761016756,21,interleaved
21007,7,0,0.7540088230596917,0.36816043552310995,21,interleaved
21008,8,0,0.6082897122078292,0.6442830853954813,21,interleaved
21009,9,0,0.8565091644040146,0.5918216503443795,21,interleaved
21010,10,0,0.6713666933060175,0.4013788478704592,21,interleaved
21011,11,0,0.7811963976712182,0.6946379962300795,21,interleaved
21012,12,0,0.591761325920647,0.3727722104283864,21,interleaved
21013,13,0,0.10249951156757967,0.6315704778485669,21,interleaved
21014,14,0,0.33204092634011584,0.42185445617525574,21,interleaved
21015,15,0,0.8257841864059434,0.37033490207859066,21,interleaved
21016,16,0,0.6029876877705413,0.46696074165532,21,interleaved
21017,17,0,0.7488353124901421,0.5272724051588128,21,interleaved
21018,18,0,0.5517232618194319,0.6929508729536917,21,interleaved
21019,19,0,0.1016669872126865,0.539358349122312,21,interleaved
21020,20,0,0.37574753689396034,0.7735872949340254,21,interleaved
21021,21,0,0.7886415373645099,0.5582749387637247,21,interleaved
21022,22,0,0.3634754689260737,0.4708934059763943,21,interleaved
21023,23,0,0.1590949042287291,0.6567674716971932,21,interleaved
21024,24,0,0.591336530804832,0.5086899877337514,21,interleaved
21025,25,0,0.8087972614260523,0.6608045140331253,21,interleaved
21026,26,0,0.4668602076500114,0.47152246326250413,21,interleaved
21027,27,0,0.8785170650088043,0.42619365360571826,21,interleaved
21028,28,0,0.4361314172113782,0.4544396271559082,21,interleaved
21029,29,0,0.1368893094191032,0.7782494951935373,21,interleaved
21030,30,0,0.45116650071099623,0.49388508015309796,21,interleaved
21031,31,0,0.8036189599101543,0.5560533944223123,21,interleaved
21032,32,0,0.5319310064528553,0.6062712590108355,21,interleaved
21033,33,0,0.8231488523383401,0.5920291231872168,21,interleaved
21034,34,0,0.40862116746283683,0.5317049188036038,21,interleaved
21035,35,0,0.8301871731090669,0.40780364095382843,21,interleaved
21036,36,0,0.3886131349170636,0.5282592371272409,21,interleaved
21037,37,0,0.1327676536848934,0.5963154114630067,21,interleaved
21038,38,0,0.4763712482350796,0.39158836234015837,21,interleaved
21039,39,0,0.23748776442107,0.5915535989483788,21,interleaved
21040,40,0,0.48954285184109414,0.4295936053625845,21,interleaved
21041,41,0,0.7498391276494578,0.3069031909618096,21,interleaved
21042,42,0,0.4702172106323553,0.4609095375503489,21,interleaved
21043,43,0,0.1919677017423177,0.6689926875650278,21,interleaved
21044,44,0,0.5290021338845468,0.46372678328718475,21,interleaved
21045,45,0,0.23417766224721803,0.5000617141764025,21,interleaved
21046,46,0,0.4603248701346534,0.41782220500398765,21,interleaved
21047,47,0,0.8016585796688074,0.4211942830410571,21,interleaved
21048,48,0,0.5366114029629353,0.5210992533536614,21,interleaved
21049,49,0,0.7694580424094545,0.49811777742732666,21,interleaved
21050,50,0,0.4671415476197941,0.5459141529592468,21,interleaved
21051,51,0,0.772193413297542,0.3643871415158595,21,interleaved
21052,52,0,0.3894458339598028,0.40621826374021436,21,interleaved
21053,53,0,0.7756224048186732,0.4937564895884431,21,interleaved
21054,54,0,0.4289165184124507,0.5473870417208162,21,interleaved
21055,55,0,0.12459628381795942,0.6234145590757999,21,interleaved
21056,56,0,0.41610977707109925,0.548946197096557,21,interleaved
21057,57,0,0.8126022861067825,0.3220542073856457,21,interleaved
21058,58,0,0.4627245336159177,0.5442442969868861,21,interleaved
21059,59,0,0.8634855321622219,0.6170832805501492,21,interleaved
21060,60,0,0.4735814143036844,0.47127602486181025,21,interleaved
21061,61,0,0.19383470580891296,0.5606279387995223,21,interleaved
21062,62,0,0.5479891594477908,0.4453379730959489,21,interleaved
21063,63,0,0.09416038734696108,0.5653252435895599,21,interleaved
21064,64,0,0.4724566432131405,0.5712497713838636,21,interleaved
21065,65,0,0.11966619132723452,0.6342471000303302,21,interleaved
21066,66,0,0.5593084173262413,0.4606161577017134,21,interleaved
21067,67,0,0.8186245799366254,0.40758822457252397,21,interleaved
21068,68,0,0.4232119533661447,0.37408576897028967,21,interleaved
21069,69,0,0.19075543991683605,0.47971798685093553,21,interleaved
21070,70,0,0.466405064787225,0.42346580872407874,21,interleaved
21071,71,0,0.8250786258856797,0.41903592624367686,21,interleaved
21072,72,0,0.47603671253043595,0.5543238524227563,21,interleaved
21073,73,0,0.8732633062379537,0.5281644889027393,21,interleaved
21074,74,0,0.5431341415545645,0.5280154833798711,21,interleaved
21075,75,0,0.08617946591444338,0.5004969543928737,21,interleaved
21076,76,0,0.5641852317852992,0.6990879294529164,21,interleaved
21077,77,0,0.16665754388927848,0.5750621225137125,21,interleaved
21078,78,0,0.47677473906873513,0.48604599377837354,21,interleaved
21079,79,0,0.8379303940542071,0.3721961973631137,21,interleaved
21080,80,0,0.5118610210014758,0.44691571587932194,21,interleaved
21081,81,0,0.8604156718511122,0.4288625802804884,21,interleaved
21082,82,0,0.43390595672682025,0.4802040164486705,21,interleaved
21083,83,0,0.8807459616734814,0.48597734040504303,21,interleaved
21084,84,0,0.4697567870148719,0.4826950370468809,21,interleaved
21085,85,0,0.877331790667915,0.49591126227113325,21,interleaved
21086,86,0,0.4792581017478407,0.38890789764508094,21,interleaved
21087,87,0,0.1490224616973273,0.48796579370339016,21,interleaved
21088,88,0,0.4590408328556666,0.45259371246737956,21,interleaved
21089,89,0,0.8520303420704083,0.39885501402645107,21,interleaved
21090,90,0,0.4406003385667239,0.5280489820029226,21,interleaved
21091,91,0,0.8739769387049616,0.49900783235182716,21,interleaved
21092,92,0,0.39701568848933044,0.43435804277269935,21,interleaved
21093,93,0,0.8732414827151047,0.5587827598317272,21,interleaved
21094,94,0,0.5547531003989733,0.4194413811468374,21,interleaved
21095,95,0,0.874661152206905,0.5883932164404362,21,interleaved
21096,96,0,0.4580016710270856,0.5149431505874614,21,interleaved
21097,97,0,0.10292300069679979,0.6054862650845956,21,interleaved
21098,98,0,0.4961452261928756,0.4284356334917223,21,interleaved
21099,99,0,0.8996878641283648,0.4562723739176625,21,interleaved
21100,100,0,0.4304179696886897,0.5297903442011005,21,interleaved
21101,101,0,0.8848553165640989,0.35423292016519514,21,interleaved
21102,102,0,0.43585447587850096,0.375740427263007,21,interleaved
21103,103,0,0.10705919686723672,0.5378775291425157,21,interleaved
21104,104,0,0.4818790166940137,0.5745297147276116,21,interleaved
21105,105,0,0.8790765938834748,0.34584379062568543,21,interleaved
21106,106,0,0.5377658012845592,0.4458031266297512,21,interleaved
21107,107,0,0.8774046263329401,0.3243247076997233,21,interleaved
21108,108,0,0.5486736442446829,0.5994278208744577,21,interleaved
21109,109,0,0.1134573619250838,0.6732044975968783,21,interleaved
21110,110,0,0.5329539060269085,0.632278468337204,21,interleaved
21111,111,0,0.9068347001726635,0.42949100680570296,21,interleaved
21112,112,0,0.5539976323191314,0.37120431063152526,21,interleaved
21113,113,0,0.08892084288486185,0.40473793033953565,21,interleaved
21114,114,0,0.5568697970409218,0.3313809483003479,21,interleaved
21115,115,0,0.1381067014016336,0.5659237729678921,21,interleaved
21116,116,0,0.5228039794073572,0.42179889500398393,21,interleaved
21117,117,0,0.1249619902704864,0.45048147410322115,21,interleaved
21118,118,0,0.5620036336879763,0.4835145525491336,21,interleaved
21119,119,0,0.8479523618666934,0.38067984562459467,21,interleaved
21120,120,0,0.42179073209856355,0.46101976545518764,21,interleaved
21121,121,0,0.120735274953395,0.6957557867969959,21,interleaved
21122,122,0,0.6424272210929761,0.4407255982542409,21,interleaved
21123,123,0,0.13489150925121207,0.41391730785040426,21,interleaved
21124,124,0,0.532062595871334,0.5933306553154485,21,interleaved
21125,125,0,0.7943291765282778,0.33528299345067136,21,interleaved
21126,126,0,0.5925540048083197,0.4087415998599675,21,interleaved
21127,127,0,0.16043079463768586,0.4075273072746659,21,interleaved
21128,128,0,0.47882492777773206,0.519756754791914,21,interleaved
21129,129,0,0.8601147211184594,0.5263022864231941,21,interleaved
21130,130,0,0.6412005212104419,0.3270636861256061,21,interleaved
21131,131,0,0.7973045386961048,0.43471249343613394,21,interleaved
21132,132,0,0.4742377170582438,0.5274608745084957,21,interleaved
21133,133,0,0.8558077769478405,0.3287831492409039,21,interleaved
21134,134,0,0.5243423570573917,0.4374628788670246,21,interleaved
21135,135,0,0.16925599579910425,0.5986021288048176,21,interleaved
21136,136,0,0.449679328812272,0.5190118966497912,21,interleaved
21137,137,0,0.19999110946393683,0.4486143682699722,21,interleaved
21138,138,0,0.535598490974547,0.43971510319094975,21,interleaved
21139,139,0,0.8218856657422895,0.39595973641376514,21,interleaved
21140,140,0,0.6415400785962342,0.4958701401695138,21,interleaved
21141,141,0,0.8163664693227428,0.4152666126564437,21,interleaved
21142,142,0,0.6212804398286007,0.4848254463794023,21,interleaved
21143,143,0,0.18723619058662389,0.47057482954566165,21,interleaved
21144,144,0,0.41327706191132957,0.4087088051407513,21,interleaved
21145,145,0,0.8606893774619696,0.4765308874275405,21,interleaved
21146,146,0,0.4611800794395575,0.4654943375809489,21,interleaved
21147,147,0,0.10546786112093633,0.537135725131746,21,interleaved
21148,148,0,0.6427467074068816,0.6694632193293233,21,interleaved
21149,149,0,0.16137523593005465,0.48025363864692905,21,interleaved
21150,150,0,0.44229874107284356,0.494518035123603,21,interleaved
21151,151,0,0.15903413054614807,0.5005796633786059,21,interleaved
21152,152,0,0.4256202699496788,0.46234379262928604,21,interleaved
21153,153,0,0.17593140588635756,0.4118494403413486,21,interleaved
21154,154,0,0.48456428630753845,0.42104470603218136,21,interleaved
21155,155,0,0.7327914285797376,0.4430310244238539,21,interleaved
21156,156,0,0.5455285859959536,0.5808581717569241,21,interleaved
21157,157,0,0.7428916926666622,0.4546694043991048,21,interleaved
21158,158,0,0.5217271227753263,0.41329847722329727,21,interleaved
21159,159,0,0.7552737779891816,0.619428096792283,21,interleaved
21160,160,0,0.143709239933985,0.591027277844293,21,interleaved
21161,161,0,0.4751320986353428,0.5227035222423049,21,interleaved
21162,162,0,0.4472427751973226,0.45264083021415735,21,interleaved
21163,163,0,0.4638128745986917,0.3611834120019638,21,interleaved
21164,164,0,0.16427538273760992,0.5789811114380421,21,interleaved
21165,165,0,0.4372790018474904,0.5458393655002528,21,interleaved
21166,166,0,0.19620325360638946,0.6917797603869795,21,interleaved
21167,167,0,0.4438594001050811,0.39872738431386195,21,interleaved
21168,168,0,0.7152651652775788,0.4224365694334635,21,interleaved
21169,169,0,0.7189301607992906,0.4159593752026255,21,interleaved
21170,170,0,0.7623617710377959,0.4009704730629631,21,interleaved
21171,171,0,0.4801999053664944,0.3653694641798938,21,interleaved
21172,172,0,0.7855050574947131,0.4080604381300088,21,interleaved
21173,173,0,0.6982385933469877,0.534789567002185,21,interleaved
21174,174,0,0.20197518139772455,0.3659296572362073,21,interleaved
21175,175,0,0.21383513118975855,0.592155821553235,21,interleaved
21176,176,0,0.4930371261293893,0.43350520260663816,21,interleaved
21177,177,0,0.18708535914851146,0.5685280886816619,21,interleaved
21178,178,0,0.6908574042147303,0.5248294681543587,21,interleaved
21179,179,0,0.4122233035230161,0.5185315527202052,21,interleaved
21180,180,0,0.5728935782685851,0.33932289504949925,21,interleaved
21181,181,0,0.39585399232507334,0.356541673499158,21,interleaved
21182,182,0,0.1860675523655285,0.3714754322963108,21,interleaved
21183,183,0,0.39152990614815075,0.4550457425097518,21,interleaved
21184,184,0,0.5093019635195437,0.40230700706537625,21,interleaved
21185,185,0,0.7505754528579341,0.420427112538341,21,interleaved
21186,186,0,0.8152468977655891,0.4097186894736614,21,interleaved
21187,187,0,0.16683118204685177,0.5235204787648992,21,interleaved
21188,188,0,0.16076605035152325,0.592710203042364,21,interleaved
21189,189,0,0.2631068300966355,0.6510688386840575,21,interleaved
21190,190,0,0.25616468016997823,0.45117442134992647,21,interleaved
21191,191,0,0.7383360652001123,0.3957847984135484,21,interleaved
21192,192,0,0.6105453407117375,0.3466998936587026,21,interleaved
21193,193,0,0.3629048633975681,0.6096986732609538,21,interleaved
21194,194,0,0.6788875448956306,0.35986361164197717,21,interleaved
21195,195,0,0.28322806421435526,0.5436098525535699,21,interleaved
21196,196,0,0.7358425528290486,0.46154035588186404,21,interleaved
21197,197,0,0.3687708613504139,0.37298481504816816,21,interleaved
21198,198,0,0.6785409158928898,0.4198079524753102,21,interleaved
21199,199,0,0.19950044883562507,0.7690732690443124,21,interleaved
21200,0,0,0.09709429304972053,0.48328978288833835,21,blocked
21201,1,0,0.8094786831587595,0.5558125087953,21,blocked
21202,2,0,0.28478440537322497,0.770755307945191,21,blocked
21203,3,0,0.6309644708156266,0.7772843337947828,21,blocked
21204,4,0,0.0739630740325356,0.6488080283351219,21,blocked
21205,5,0,0.3668989173777724,0.6586440387314159,21,blocked
21206,6,1,0.7623371702172135,0.6144034876980522,21,blocked
21207,7,2,0.32665797970447186,0.9318283832591718,21,blocked
21208,8,0,0.5691100228223299,0.5822106616294203,21,blocked
21209,9,0,0.41976085635494886,0.6953253196593612,21,blocked
21210,10,0,0.2609749084064772,0.774661538028827,21,blocked
21211,11,0,0.6116775561916851,0.5258037352217616,21,blocked
21212,12,1,0.1923177939662496,0.7660519038818954,21,blocked
21213,13,0,0.22621720700354964,0.6106641969457711,21,blocked
21214,14,0,0.6667126842739552,0.556124992558767,21,blocked
21215,15,0,0.6420597370977277,0.6480632090595833,21,blocked
21216,16,0,0.4829968966698034,0.7234112477893682,21,blocked
21217,17,0,0.7081328001722562,0.6645360684886241,21,blocked
21218,18,0,0.586675969287429,0.4569989880107105,21,blocked
21219,19,0,0.5192192057938485,0.5679530561734147,21,blocked
21220,20,0,0.5441727931705503,0.7134819574624873,21,blocked
21221,21,0,0.4381800657938625,0.5655912284033011,21,blocked
21222,22,0,0.49874278406130645,0.6152674874084935,21,blocked
21223,23,0,0.43362416724077113,0.7508414412160223,21,blocked
21224,24,0,0.502766299594684,0.6639752078653292,21,blocked
21225,25,0,0.36996307747573337,0.6741093624443408,21,blocked
21226,26,0,0.581763677992011,0.5245978440569969,21,blocked
21227,27,0,0.5566106934280463,0.5745389161745156,21,blocked
21228,28,0,0.6314717694077435,0.4667986183011966,21,blocked
21229,29,0,0.396936250333964,0.6801730851680244,21,blocked
21230,30,0,0.35219134688239145,0.7778854653975111,21,blocked
21231,31,0,0.6043732458111841,0.5245300232006481,21,blocked
21232,32,0,0.521582742347343,0.46571668849426906,21,blocked
21233,33,0,0.3771783579174523,0.562890617902839,21,blocked
21234,34,0,0.6313432776327782,0.46497792364219415,21,blocked
21235,35,0,0.5211205206692904,0.8056995541202676,21,blocked
21236,36,0,0.22291214672823206,0.6394063324066555,21,blocked
21237,37,0,0.5566503522592364,0.559960040495076,21,blocked
21238,38,0,0.384567167001756,0.5401532967510909,21,blocked
21239,39,0,0.41526757306764184,0.5347553883705664,21,blocked
21240,40,0,0.8035485608642936,0.4418562448015714,21,blocked
21241,41,0,0.5926578142238803,0.5161807962032622,21,blocked
21242,42,0,0.6142013257481683,0.42559983838938276,21,blocked
21243,43,0,0.17692643600594898,0.46040668360929615,21,blocked
21244,44,0,0.22313717274264921,0.45866126724052436,21,blocked
21245,45,0,0.856262335007389,0.5273515693983616,21,blocked
21246,46,0,0.3620595450642246,0.5320194049507501,21,blocked
21247,47,0,0.5164375130477269,0.4952089122295956,21,blocked
21248,48,0,0.23284136730678207,0.42833966702364135,21,blocked
21249,49,0,0.1430705530168702,0.5038774738008319,21,blocked
21250,50,0,0.10002088101025947,0.7437391115778773,21,blocked
21251,51,0,0.6913046385540331,0.6453229519943142,21,blocked
21252,52,0,0.3893560378368307,0.5222917765114292,21,blocked
21253,53,0,0.8315844723175331,0.48874592002827,21,blocked
21254,54,0,0.7516578698359959,0.48285944503004535,21,blocked
21255,55,0,0.7398112685781948,0.4896119416918562,21,blocked
21256,56,0,0.6413344629942532,0.5162591860422492,21,blocked
21257,57,0,0.8442671625614266,0.5048566995707432,21,blocked
21258,58,0,0.18326556760561136,0.42191091933794733,21,blocked
21259,59,0,0.853147425100996,0.44825391324377895,21,blocked
21260,60,0,0.8067626521716817,0.4106357034341339,21,blocked
21261,61,0,0.11108382645612681,0.7759197740323408,21,blocked
21262,62,0,0.19841044639227212,0.5400951313273115,21,blocked
21263,63,0,0.7124225152849128,0.4625584732160598,21,blocked
21264,64,0,0.2629191511871563,0.5747611641673877,21,blocked
21265,65,0,0.7283424562937284,0.46678224789174894,21,blocked
21266,66,0,0.35550162190871715,0.5346784118485239,21,blocked
21267,67,0,0.7787597392634426,0.5565449830766879,21,blocked
21268,68,0,0.7366194670263158,0.5094668818207854,21,blocked
21269,69,0,0.3385764311208187,0.6155793218594181,21,blocked
21270,70,0,0.2611378706100157,0.6754249478006837,21,blocked
21271,71,0,0.6985617637213084,0.4554014148840514,21,blocked
21272,72,0,0.7467570635903782,0.555038850911934,21,blocked
21273,73,0,0.6926505653490214,0.4534473647098237,21,blocked
21274,74,0,0.0627411910900259,0.5837533749601257,21,blocked
21275,75,0,0.08488011421798172,0.5501268007739248,21,blocked
21276,76,0,0.674854242957639,0.43789282516903305,21,blocked
21277,77,0,0.7647009200775052,0.48805592982440416,21,blocked
21278,78,0,0.7370595960609709,0.45418575620977686,21,blocked
21279,79,0,0.19208542015947744,0.5667155201308759,21,blocked
21280,80,0,0.31648766452926463,0.4954164923003188,21,blocked
21281,81,0,0.5466965916298964,0.41466091046874354,21,blocked
21282,82,0,0.4109788530490034,0.47951303687793234,21,blocked
21283,83,0,0.38142557949669226,0.3703045464321179,21,blocked
21284,84,0,0.41999464479368387,0.3859579473709671,21,blocked
21285,85,0,0.6651036223637115,0.38441157124840664,21,blocked
21286,86,0,0.47680912642047024,0.5102018265449103,21,blocked
21287,87,0,0.5798909032312208,0.5774702537676838,21,blocked
21288,88,0,0.5843481387971836,0.5063442403104037,21,blocked
21289,89,0,0.5381741484411724,0.4076804158323588,21,blocked
21290,90,0,0.6870294821314706,0.3905541862235662,21,blocked
21291,91,0,0.5337175313343738,0.3204737750766027,21,blocked
21292,92,0,0.4116026656624786,0.4519103363370519,21,blocked
21293,93,0,0.6233151396240738,0.3872072515746316,21,blocked
21294,94,0,0.35310100392759936,0.4397147735208221,21,blocked
21295,95,0,0.4462454030409608,0.4980197267891662,21,blocked
21296,96,0,0.63368307701992,0.5161583853100847,21,blocked
21297,97,0,0.7335845124615317,0.4161086701583121,21,blocked
21298,98,0,0.25042731730954104,0.4081440634394139,21,blocked
21299,99,0,0.41172680749574214,0.4778660727986339,21,blocked
21300,100,0,0.27887678598301036,0.5000290735533606,21,blocked
21301,101,0,0.6527643819967155,0.42211578671734096,21,blocked
21302,102,0,0.34753203494403206,0.48547959269403934,21,blocked
21303,103,0,0.48880151364844804,0.5234450674543896,21,blocked
21304,104,0,0.4883748972270979,0.4857246881693411,21,blocked
21305,105,0,0.34296676069149606,0.48963620954562576,21,blocked
21306,106,0,0.2524652894475737,0.4643533038868335,21,blocked
21307,107,0,0.565641242264948,0.4354392053836579,21,blocked
21308,108,0,0.644234564107588,0.4167486857906515,21,blocked
21309,109,0,0.194128443284938,0.5035948410344815,21,blocked
21310,110,0,0.35517068319261913,0.48941347818322317,21,blocked
21311,111,0,0.33691046222550647,0.5540385276696107,21,blocked
21312,112,0,0.7621882961447506,0.44545205688978806,21,blocked
21313,113,0,0.32168720835471776,0.37620196980906734,21,blocked
21314,114,0,0.7437824673771487,0.4671163259928678,21,blocked
21315,115,0,0.3660242623346516,0.5408916057740137,21,blocked
21316,116,0,0.2913337820514261,0.42203627917603553,21,blocked
21317,117,0,0.22665096523424225,0.4232027526381409,21,blocked
21318,118,0,0.4171099441685805,0.4657610074415557,21,blocked
21319,119,0,0.4084805144676329,0.5312421980718595,21,blocked
21320,120,0,0.7663653091725752,0.4277264762769979,21,blocked
21321,121,0,0.7378606913908967,0.47923583349827137,21,blocked
21322,122,0,0.19940891967618973,0.4090082473856575,21,blocked
21323,123,0,0.21462759941908682,0.41202932779813767,21,blocked
21324,124,0,0.8310855111703762,0.4573806567156803,21,blocked
21325,125,0,0.19303122653973392,0.4714502911689913,21,blocked
21326,126,0,0.7610318977096707,0.4222162644164552,21,blocked
21327,127,0,0.6783173455532598,0.4941668633893448,21,blocked
21328,128,0,0.8045567398103126,0.6787105048277469,21,blocked
21329,129,0,0.23634586461898205,0.28957567872366086,21,blocked
21330,130,0,0.7344492174619677,0.4562216676994811,21,blocked
21331,131,0,0.8018194016442528,0.3576028108118934,21,blocked
21332,132,0,0.7457869917277538,0.37116295529563326,21,blocked
21333,133,0,0.16134585188177888,0.5697869840497507,21,blocked
21334,134,0,0.8297171815262385,0.46993597501987927,21,blocked
21335,135,0,0.8053464870778548,0.3677922836803783,21,blocked
21336,136,0,0.7219939458913861,0.45076578054932737,21,blocked
21337,137,0,0.8710155355047728,0.5774171878015502,21,blocked
21338,138,0,0.2324270671517199,0.4536439290724651,21,blocked
21339,139,0,0.6461845915507568,0.44957196581161224,21,blocked
21340,140,0,0.8238388435786846,0.5091317175663772,21,blocked
21341,141,0,0.14714060304147464,0.449867256657412,21,blocked
21342,142,0,0.1371067816251853,0.43042533902980895,21,blocked
21343,143,0,0.8265142900871016,0.40201842852200786,21,blocked
21344,144,0,0.23262153320993362,0.4985475096870904,21,blocked
21345,145,0,0.793565651245542,0.41781176004875387,21,blocked
21346,146,0,0.17648348475987163,0.46899078874110706,21,blocked
21347,147,0,0.16526994496871694,0.5837372264969756,21,blocked
21348,148,0,0.905362155149786,0.4326129498656227,21,blocked
21349,149,0,0.8499460093127958,0.49185263735218765,21,blocked
21350,150,0,0.1583999465370845,0.5046543368662175,21,blocked
21351,151,0,0.7063842592567281,0.41753119784210635,21,blocked
21352,152,0,0.8405237693995491,0.3332218555991677,21,blocked
21353,153,0,0.8227969659847628,0.3647852411366604,21,blocked
21354,154,0,0.8402740168697738,0.35455305238199186,21,blocked
21355,155,0,0.16869344757831906,0.5328753122621726,21,blocked
21356,156,0,0.6574532148193738,0.4066167596605974,21,blocked
21357,157,0,0.21352435648898846,0.5689920855899244,21,blocked
21358,158,0,0.8430063294433161,0.45091318801861635,21,blocked
21359,159,0,0.9200115002526996,0.5854070892145489,21,blocked
21360,160,0,0.3740756816886066,0.44698184172216304,21,blocked
21361,161,0,0.1360392668797784,0.6008003349997484,21,blocked
21362,162,0,0.5017880612757207,0.46565626904007296,21,blocked
21363,163,0,0.3930813052575552,0.3429562875674992,21,blocked
21364,164,0,0.3401955821712732,0.39052231755327294,21,blocked
21365,165,0,0.5673303529666042,0.45083904288284626,21,blocked
21366,166,0,0.8322597462096722,0.5414276291386245,21,blocked
21367,167,0,0.38731387523778926,0.44726080387037376,21,blocked
21368,168,0,0.11437552718330452,0.5354707647517429,21,blocked
21369,169,0,0.6213125690107931,0.4610345293949054,21,blocked
21370,170,0,0.3255019086730852,0.4681169736305558,21,blocked
21371,171,0,0.4936769362829793,0.35720237056427445,21,blocked
21372,172,0,0.43176898557419374,0.4085403090648164,21,blocked
21373,173,0,0.6644809999852591,0.4469223911555685,21,blocked
21374,174,0,0.7363801867484847,0.42699856542174447,21,blocked
21375,175,0,0.6829837924778183,0.33115815559314793,21,blocked
21376,176,0,0.8202911261906494,0.43607975195888826,21,blocked
21377,177,0,0.8127552094160424,0.3608956976511655,21,blocked
21378,178,0,0.305549537215757,0.4140076349972338,21,blocked
21379,179,0,0.4347299297474803,0.5237922783308522,21,blocked
21380,180,0,0.6621334593853416,0.4806307851087849,21,blocked
21381,181,0,0.41287404784236714,0.559459738216864,21,blocked
21382,182,0,0.2431974401763486,0.505014846011131,21,blocked
21383,183,0,0.40217089506850995,0.6177469974770533,21,blocked
21384,184,0,0.7393932435820966,0.47309186701735345,21,blocked
21385,185,0,0.41121886177640404,0.43800427613316056,21,blocked
21386,186,0,0.7448006625200926,0.47815029047633517,21,blocked
21387,187,0,0.7713189543223109,0.4744345196363728,21,blocked
21388,188,0,0.6669583591427306,0.6076024496890058,21,blocked
21389,189,0,0.6821794657920778,0.4498248526937805,21,blocked
21390,190,0,0.40642287786090847,0.5635214603968305,21,blocked
21391,191,0,0.39809759978597664,0.4728632139468295,21,blocked
21392,192,0,0.3376769780593063,0.46573123534573657,21,blocked
21393,193,0,0.806732997858087,0.3812671806439284,21,blocked
21394,194,0,0.5542110627666443,0.551352309090511,21,blocked
21395,195,0,0.8758879332539249,0.49818543780367347,21,blocked
21396,196,0,0.6423730897975974,0.3299753670523011,21,blocked
21397,197,0,0.602667115323589,0.3449301959787434,21,blocked
21398,198,0,0.7875460856740032,0.3287609252900874,21,blocked
21399,199,0,0.24107038964071414,0.5839725812366411,21,blocked
21400,0,0,0.6152570040133608,0.5404498369444646,21,early
21401,1,0,0.48575227889515765,0.557760252136882,21,early
21402,2,0,0.6154991867044461,0.5000311942924185,21,early
21403,3,0,0.50975666446148,0.5200274598455831,21,early
21404,4,0,0.34557537569577845,0.5404095133902216,21,early
21405,5,0,0.8088110683627905,0.47151437064042434,21,early
21406,6,0,0.3298300572809689,0.6962021186720759,21,early
21407,7,0,0.7875104844568184,0.3444270102743413,21,early
21408,8,0,0.6428596713796432,0.5048514450592048,21,early
21409,9,0,0.47939966874673723,0.7264887870501938,21,early
21410,10,0,0.6175893149532343,0.597763399400737,21,early
21411,11,0,0.5511724625574692,0.5015009535616322,21,early
21412,12,0,0.5592434145652463,0.47472050841405417,21,early
21413,13,0,0.24730031116319168,0.6283864937455205,21,early
21414,14,0,0.2429539116755161,0.5502951680644846,21,early
21415,15,0,0.45984503895564616,0.8388065158043041,21,early
21416,16,0,0.25177666375336244,0.5980860607789684,21,early
21417,17,0,0.5218270317284577,0.6024088814209767,21,early
21418,18,0,0.7119680714343983,0.5381659052263132,21,early
21419,19,0,0.5540425908154417,0.5021864923670022,21,early
21420,20,0,0.5203528950747176,0.41968644458865767,21,early
21421,21,0,0.6446266411499972,0.5940166206590913,21,early
21422,22,0,0.5035930371762606,0.4778432221985731,21,early
21423,23,0,0.44776152601950836,0.6296846708001005,21,early
21424,24,0,0.3573760630520404,0.42021306799573066,21,early
21425,25,0,0.41126915241514617,0.5059733628878011,21,early
21426,26,0,0.9179344669039389,0.5691330462179074,21,early
21427,27,0,0.2002728000086786,0.6113984185519108,21,early
21428,28,0,0.3906727085285828,0.449541417395149,21,early
21429,29,0,0.6562156670081436,0.47256714599726946,21,early
21430,30,0,0.5602362038443879,0.5353814616850195,21,early
21431,31,0,0.41751949562471957,0.5306338245945157,21,early
21432,32,0,0.41426639161952805,0.6455985396996469,21,early
21433,33,0,0.8394157943950361,0.5602846416080882,21,early
21434,34,0,0.3979124161192379,0.6026480459445089,21,early
21435,35,0,0.5081769827532274,0.41607433769166446,21,early
21436,36,0,0.4172073700035638,0.3558202123181715,21,early
21437,37,0,0.609740010494426,0.46945803398829833,21,early
21438,38,0,0.7449723257904408,0.6514987490263027,21,early
21439,39,0,0.6528120505392071,0.5435597859401411,21,early
21440,40,0,0.6143852387157149,0.5969112475356084,21,early
21441,41,0,0.5691584438075515,0.4159753285874179,21,early
21442,42,0,0.48558767334392544,0.5610514427501838,21,early
21443,43,0,0.455140094567274,0.4703996924947897,21,early
21444,44,0,0.46297649831851656,0.5411406148941733,21,early
21445,45,0,0.46688187478609466,0.4657635708914941,21,early
21446,46,0,0.4046545331489448,0.4478542744983659,21,early
21447,47,0,0.3422002448751694,0.5875019526103207,21,early
21448,48,0,0.4282699271159538,0.43845309795786075,21,early
21449,49,0,0.4684330314260332,0.476763300982346,21,early
21450,50,0,0.503529516060944,0.4430969697765439,21,early
21451,51,0,0.446045823795961,0.45764269060689955,21,early
21452,52,0,0.5224016055990293,0.3694894995526539,21,early
21453,53,0,0.35450927969908885,0.5525937571662702,21,early
21454,54,0,0.5087402808548158,0.36859499986151323,21,early
21455,55,0,0.5462003949543769,0.5085086545489925,21,early
21456,56,0,0.4825986955386685,0.42560839830862873,21,early
21457,57,0,0.47342362382044834,0.5209912829100789,21,early
21458,58,0,0.4358375747610554,0.5193961419818155,21,early
21459,59,0,0.4566707686277159,0.45568243461659025,21,early
21460,60,0,0.4688548654617348,0.40582501272473637,21,early
21461,61,0,0.4766377622307746,0.4657276145714938,21,early
21462,62,0,0.45291041960536316,0.42048377166333606,21,early
21463,63,0,0.6361370222867436,0.47106978833746027,21,early
21464,64,0,0.3541880407108773,0.48366269988340516,21,early
21465,65,0,0.45474784602997426,0.4965451043754492,21,early
21466,66,0,0.37594872195239215,0.39988190216037595,21,early
21467,67,0,0.5320417829031192,0.45695323689866757,21,early
21468,68,0,0.647350305441178,0.47443099540894407,21,early
21469,69,0,0.527326379565696,0.4338416209362902,21,early
21470,70,0,0.3335147603464027,0.48632733304166287,21,early
21471,71,0,0.46538035365736785,0.4702660511860535,21,early
21472,72,0,0.5307476612629448,0.41110755718511427,21,early
21473,73,0,0.5125642959989394,0.5762929392003129,21,early
21474,74,0,0.545351645777195,0.4498060029384956,21,early
21475,75,0,0.4808591910139627,0.490739560084273,21,early
21476,76,0,0.5216923872986777,0.4451898794286022,21,early
21477,77,0,0.7256455242043781,0.5851996954284211,21,early
21478,78,0,0.5700374451909889,0.5249501134373229,21,early
21479,79,0,0.6655907034182205,0.41222750333528635,21,early
21480,80,0,0.7146713629695012,0.4783491147617487,21,early
21481,81,0,0.6615881766395233,0.4449846979333188,21,early
21482,82,0,0.28337997669068,0.5272127529008204,21,early
21483,83,0,0.40016572842700837,0.45603592154756156,21,early
21484,84,0,0.24951984394941695,0.5802894232126554,21,early
21485,85,0,0.5115661964936625,0.42291711781652075,21,early
21486,86,0,0.635624844861328,0.49866231553784823,21,early
21487,87,0,0.45217758075311704,0.7829703150520343,21,early
21488,88,0,0.2746435417070823,0.4339580885825095,21,early
21489,89,0,0.4692356637548826,0.5808388124815596,21,early
21490,90,0,0.35005220513888563,0.6944515241377938,21,early
21491,91,0,0.4815331487701328,0.643725100940681,21,early
21492,92,0,0.41120166988002715,0.441646479870245,21,early
21493,93,0,0.5521312019618398,0.4169968963537916,21,early
21494,94,0,0.48842206491405615,0.4426353043199668,21,early
21495,95,0,0.4738083298744352,0.5357930529475893,21,early
21496,96,0,0.5886504611865075,0.35742593825956115,21,early
21497,97,0,0.4429162894690617,0.44043084529690024,21,early
21498,98,0,0.8279667084674364,0.5064402763337446,21,early
21499,99,0,0.44521515360109887,0.5692603658094747,21,early
21500,100,0,0.48150505381001985,0.39724951011486453,21,early
21501,101,0,0.4104824639987783,0.6497274237757389,21,early
21502,102,0,0.6697154723152932,0.4029133486695182,21,early
21503,103,0,0.3062325300408931,0.570362193651051,21,early
21504,104,0,0.3535955646091063,0.3721505180274407,21,early
21505,105,0,0.5447602774922704,0.47634407511503574,21,early
21506,106,0,0.512644221826678,0.5045262220810041,21,early
21507,107,0,0.48688078131069057,0.4525767231728566,21,early
21508,108,0,0.7731872229265782,0.49507427662685133,21,early
21509,109,0,0.45028480177606234,0.4842189056486214,21,early
21510,110,0,0.404205829376724,0.6480312117781175,21,early
21511,111,0,0.5589076390719233,0.4869867300618588,21,early
21512,112,0,0.34909889940780353,0.5975418949686904,21,early
21513,113,0,0.5773335842975973,0.5084491322126672,21,early
21514,114,0,0.24100769469463784,0.6202905772592069,21,early
21515,115,0,0.47950178029525015,0.6257702114735635,21,early
21516,116,0,0.3353280004743523,0.5399571693613316,21,early
21517,117,0,0.4690038625145603,0.4873137868999211,21,early
21518,118,0,0.7375621662387806,0.41449386249406855,21,early
21519,119,0,0.5488338699868931,0.44157163790765264,21,early
21520,120,0,0.5274246428137985,0.5671524862209771,21,early
21521,121,0,0.45043919558340884,0.4647443582255928,21,early
21522,122,0,0.48372348660525233,0.5124536102070404,21,early
21523,123,0,0.47190943762808873,0.5633591934429867,21,early
21524,124,0,0.7337302739493984,0.35165626669667804,21,early
21525,125,0,0.45522302932125863,0.3748099329015799,21,early
21526,126,0,0.35749569886492677,0.49342627413995266,21,early
21527,127,0,0.4616716374093174,0.4739762855842879,21,early
21528,128,0,0.748636498465828,0.49752674525480056,21,early
21529,129,0,0.5031483499747688,0.510392206212651,21,early
21530,130,0,0.6849532405612512,0.5378202859429996,21,early
21531,131,0,0.4523575685087862,0.39326863252035404,21,early
21532,132,0,0.857553835833029,0.5446826115615362,21,early
21533,133,0,0.5512244497543233,0.6912312704990575,21,early
21534,134,0,0.3784310854462564,0.48026271378646723,21,early
21535,135,0,0.48699992677021964,0.4495536949972987,21,early
21536,136,0,0.4918792787690238,0.4906918564785099,21,early
21537,137,0,0.39473785649502396,0.4921367629784149,21,early
21538,138,0,0.5106946731247254,0.640936660149169,21,early
21539,139,0,0.5253742808885062,0.46286688016605837,21,early
21540,140,0,0.34321804567154873,0.35958644915075144,21,early
21541,141,0,0.4390023375967763,0.64270353568016,21,early
21542,142,0,0.5186549681880861,0.3433615317819113,21,early
21543,143,0,0.44917450425904043,0.4190064238416843,21,early
21544,144,0,0.5672254839731788,0.38900654306383553,21,early
21545,145,0,0.465764303163953,0.5348419947572205,21,early
21546,146,0,0.4974274584852069,0.41939418963962866,21,early
21547,147,0,0.56044562418999,0.44160822506355757,21,early
21548,148,0,0.4690628254666231,0.4402338485355235,21,early
21549,149,0,0.4537035799581183,0.4954370199363921,21,early
21550,150,0,0.5235307118622912,0.5369966612296275,21,early
21551,151,0,0.48404124631132117,0.3992344898681262,21,early
21552,152,0,0.5914196307416841,0.46822908796896634,21,early
21553,153,0,0.5089330782413216,0.45229536746737203,21,early
21554,154,0,0.26204149833577517,0.5220875497926161,21,early
21555,155,0,0.5195766574117442,0.4314195889824907,21,early
21556,156,0,0.724653185902759,0.5077617636987424,21,early
21557,157,0,0.48602947061390755,0.3318008994612702,21,early
21558,158,0,0.6979025901053504,0.47508169895782537,21,early
21559,159,0,0.6399981399840913,0.44091891699388985,21,early
21560,160,0,0.5406969999215703,0.45003965033225546,21,early
21561,161,0,0.6648076775243603,0.42926980739506304,21,early
21562,162,0,0.46637697225722163,0.5255642628849946,21,early
21563,163,0,0.5670926624694494,0.37723370792264765,21,early
21564,164,0,0.28818116932619664,0.5909042801117279,21,early
21565,165,0,0.5103872072550183,0.44338544230720767,21,early
21566,166,0,0.45783488521998317,0.437478669030417,21,early
21567,167,0,0.30098367637094037,0.46044869665543087,21,early
21568,168,0,0.7067149320067121,0.4374716901558083,21,early
21569,169,0,0.47205139400018703,0.44904948679226464,21,early
21570,170,0,0.5954302272789884,0.4699338698324011,21,early
21571,171,0,0.5816256908925139,0.37987014820858356,21,early
21572,172,0,0.1548618270894224,0.42728968013051605,21,early
21573,173,0,0.4452032198728325,0.43149305224413775,21,early
21574,174,0,0.6890534482126853,0.4031465293339309,21,early
21575,175,0,0.587219916457649,0.36609223732840124,21,early
21576,176,0,0.6441781927200777,0.4574350317037681,21,early
21577,177,0,0.5927408457676173,0.4498873307391368,21,early
21578,178,0,0.5521988449823219,0.3083062006500632,21,early
21579,179,0,0.581078346525773,0.31829401840263866,21,early
21580,180,0,0.5731742610357451,0.463000648912848,21,early
21581,181,0,0.43334124328668433,0.4206821196136851,21,early
21582,182,0,0.41618371390683295,0.4326488878630378,21,early
21583,183,0,0.39444995429498436,0.38531601269155,21,early
21584,184,0,0.41458432630936326,0.44837394427919497,21,early
21585,185,0,0.29444265421167126,0.5570684901585428,21,early
21586,186,0,0.7180058669533944,0.42312125311232524,21,early
21587,187,0,0.5848400640251623,0.38866141194986603,21,early
21588,188,0,0.536001538111425,0.5905494366683575,21,early
21589,189,0,0.3721053455452745,0.4907064659382071,21,early
21590,190,0,0.5148487786563516,0.43832261033802244,21,early
21591,191,0,0.515894448515983,0.4653008727932766,21,early
21592,192,0,0.4698670804527868,0.3845969486073622,21,early
21593,193,0,0.4796088684933192,0.5344187188550287,21,early
21594,194,0,0.5339052553115398,0.4259799591374649,21,early
21595,195,0,0.5390224168216844,0.4158443317603785,21,early
21596,196,0,0.423360605406931,0.48263357998171436,21,early
21597,197,0,0.40865496231061216,0.4078287210965834,21,early
21598,198,0,0.4321069155250551,0.5165706686046725,21,early
21599,199,0,0.5723918414726243,0.49593830068161177,21,early
21600,0,0,0.5160339781797586,0.8390370151994546,21,middle
21601,1,0,0.9812281474710545,0.5853067550257263,21,middle
21602,2,0,0.5584716421413144,0.5670670044693988,21,middle
21603,3,0,0.9816525596858297,0.6058418626078683,21,middle
21604,4,0,0.5239566755866576,0.5500399860268212,21,middle
21605,5,0,0.9300313116479337,0.5525351313122644,21,middle
21606,6,1,0.5355235266943422,0.6672135066954425,21,middle
21607,7,2,0.000295846839249471,1.1658901878857926,21,middle
21608,8,3,0.07066164973678611,0.9208944714519365,21,middle
21609,9,0,0.9896723141813917,0.4549254147930686,21,middle
21610,10,0,0.48257847930507913,0.5241294166392142,21,middle
21611,11,4,0.0011995307629337078,1.311921016966222,21,middle
21612,12,0,0.5337093621948529,0.6192697649732581,21,middle
21613,13,0,0.9855978444127967,0.529942855437661,21,middle
21614,14,0,0.5957848701300066,0.47866250930421655,21,middle
21615,15,0,0.9547780051854038,0.5662194387139934,21,middle
21616,16,0,0.5687125727904551,0.37135360171629883,21,middle
21617,17,0,0.9367022628491513,0.2834556112155984,21,middle
21618,18,0,0.5753754170277465,0.35964485497434984,21,middle
21619,19,0,0.011738125805056381,0.7216594384424067,21,middle
21620,20,5,0.49990404851131787,0.9061116731080234,21,middle
21621,21,0,0.9873553163765043,0.3722542896109394,21,middle
21622,22,0,0.5099626454403227,0.5370789425702188,21,middle
21623,23,0,0.21215775192470637,0.7340208051827228,21,middle
21624,24,0,0.574551155713922,0.5772925157747332,21,middle
21625,25,0,0.8799097062841315,0.35193015625370094,21,middle
21626,26,0,0.5672805383350266,0.3798905186930135,21,middle
21627,27,0,0.09397281670557445,0.6311156990246269,21,middle
21628,28,0,0.25672375017584126,0.4463851089018452,21,middle
21629,29,0,0.9050066789085808,0.47437678699846775,21,middle
21630,30,0,0.44325226538216267,0.5406759138222772,21,middle
21631,31,0,0.30432524024933394,0.46864253163903635,21,middle
21632,32,0,0.6139780307995891,0.35707172402711224,21,middle
21633,33,0,0.4159501401430483,0.38683421879737157,21,middle
21634,34,0,0.6664248852847445,0.4549574490601531,21,middle
21635,35,0,0.9160807150163386,0.38922996691571843,21,middle
21636,36,0,0.6747656315197333,0.3076398485819937,21,middle
21637,37,0,0.9337340527689195,0.5725237307712068,21,middle
21638,38,0,0.34321248991169606,0.5487161774494661,21,middle
21639,39,0,0.24763441682915385,0.45967289065222605,21,middle
21640,40,0,0.46530616995858526,0.5513150607615523,21,middle
21641,41,0,0.5719565169095365,0.4551897327737253,21,middle
21642,42,0,0.2510303914153725,0.5394408264333342,21,middle
21643,43,0,0.608699310875509,0.3236582669320519,21,middle
21644,44,0,0.5479783918523958,0.4738764453322849,21,middle
21645,45,0,0.5794147245450401,0.5349792260789379,21,middle
21646,46,0,0.5663275049378946,0.3793330854984164,21,middle
21647,47,0,0.12045069947703388,0.48538537480032273,21,middle
21648,48,0,0.6264219266765353,0.39771371969591696,21,middle
21649,49,0,0.28385261336224327,0.36554477931722945,21,middle
21650,50,0,0.7055169900934544,0.4619247316468267,21,middle
21651,51,0,0.5642913662276196,0.40271060695850847,21,middle
21652,52,0,0.6549342167033709,0.3940750543361483,21,middle
21653,53,0,0.7008135372480008,0.35834750330261717,21,middle
21654,54,0,0.08192518683372213,0.40774831949792695,21,middle
21655,55,0,0.8974274526430781,0.5690359122117986,21,middle
21656,56,0,0.13160122513934197,0.577180778377191,21,middle
21657,57,0,0.3050814868403634,0.4839873273272518,21,middle
21658,58,0,0.16238867765349102,0.43431793002407193,21,middle
21659,59,0,0.3422793250670775,0.46200145910809165,21,middle
21660,60,0,0.18186569694506474,0.46989891742397316,21,middle
21661,61,0,0.23202898222987797,0.48253067957318924,21,middle
21662,62,0,0.18468492999722144,0.5767479631956471,21,middle
21663,63,0,0.3556860685134302,0.515618646813742,21,middle
21664,64,0,0.28450280584606646,0.537181566335977,21,middle
21665,65,0,0.5991595180943924,0.41221398193144704,21,middle
21666,66,0,0.48137249245822133,0.3949852379688047,21,middle
21667,67,0,0.5948119749246572,0.3965854900310416,21,middle
21668,68,0,0.3215653210095009,0.4002633142739275,21,middle
21669,69,0,0.6458122575450256,0.417410261153302,21,middle
21670,70,0,0.575220197656487,0.37087291355115576,21,middle
21671,71,0,0.34729969823987183,0.4935276700025965,21,middle
21672,72,0,0.22612443530771556,0.38250863537614055,21,middle
21673,73,0,0.405884330111504,0.5897437952213578,21,middle
21674,74,0,0.31158114710948526,0.4980184503045805,21,middle
21675,75,0,0.5806765927649897,0.5641502878129733,21,middle
21676,76,0,0.6443484054178061,0.5045015789227315,21,middle
21677,77,0,0.5998089843055998,0.5114980530827615,21,middle
21678,78,0,0.41498207919244035,0.4708397774674413,21,middle
21679,79,0,0.48495186459423223,0.48788313974409664,21,middle
21680,80,0,0.3141781127126758,0.40012926133628013,21,middle
21681,81,0,0.2664357916238358,0.4632333137919794,21,middle
21682,82,0,0.33114455300472334,0.3542268427960774,21,middle
21683,83,0,0.3377405751913809,0.38742467448618173,21,middle
21684,84,0,0.5373644871115076,0.3099865571247272,21,middle
21685,85,0,0.4188094243413291,0.40373847248487094,21,middle
21686,86,0,0.6282473828942128,0.35737331208595563,21,middle
21687,87,0,0.027713804080317435,0.43106433613599804,21,middle
21688,88,0,0.16196526646085574,0.4325605473491233,21,middle
21689,89,0,0.5810827276596536,0.7319935070864851,21,middle
21690,90,0,0.263668213157244,0.4147411486048929,21,middle
21691,91,0,0.3458331036109422,0.5219514227971054,21,middle
21692,92,0,0.6410712337374547,0.382053123306898,21,middle
21693,93,0,0.8566589306530383,0.45224332751906926,21,middle
21694,94,0,0.4484729809424533,0.3577693356750156,21,middle
21695,95,0,0.4813302784413618,0.2611678427275086,21,middle
21696,96,0,0.545441100792773,0.5120683412154837,21,middle
21697,97,0,0.5269620134119146,0.4200752720449584,21,middle
21698,98,0,0.4584628087298341,0.4750833485213868,21,middle
21699,99,0,0.43261333286355336,0.5331139118823252,21,middle
21700,100,0,0.44724618358913704,0.5004884170778304,21,middle
21701,101,0,0.4415355669839884,0.3973699559507544,21,middle
21702,102,0,0.22239931650460154,0.4167349798089139,21,middle
21703,103,0,0.3874661169086866,0.47133166645653685,21,middle
21704,104,0,0.4884748322658294,0.46273194877029156,21,middle
21705,105,0,0.7057834993142007,0.3593257690649799,21,middle
21706,106,0,0.6755707322377098,0.46638858760998003,21,middle
21707,107,0,0.33074295929041053,0.4806899177289464,21,middle
21708,108,0,0.5551559011387001,0.3891648407758978,21,middle
21709,109,0,0.12276804423728246,0.5489453348737385,21,middle
21710,110,0,0.4124392278073875,0.3830501760183831,21,middle
21711,111,0,0.20872913304209173,0.4031954871246042,21,middle
21712,112,0,0.5916921611111456,0.3681998970653917,21,middle
21713,113,0,0.6533929599872687,0.4421762289528979,21,middle
21714,114,0,0.7849339177362584,0.4009638738683111,21,middle
21715,115,0,0.3388043429110071,0.49327267185827395,21,middle
21716,116,0,0.25494798918977896,0.44545198693899624,21,middle
21717,117,0,0.697140547372581,0.37685280507419894,21,middle
21718,118,0,0.6504315404970495,0.2977872281744209,21,middle
21719,119,0,0.7508019596197903,0.2898363270967532,21,middle
21720,120,0,0.7351318896259147,0.35028351835710037,21,middle
21721,121,0,0.574102161760023,0.3110472924709144,21,middle
21722,122,0,0.2289431368436578,0.4882113500267503,21,middle
21723,123,0,0.7561361516150462,0.37215752041992156,21,middle
21724,124,0,0.6820871107573344,0.29672609224850177,21,middle
21725,125,0,0.6455325601044404,0.2630404996833194,21,middle
21726,126,0,0.5775621192108974,0.3108752822601505,21,middle
21727,127,0,0.13163903050204726,0.3995894800866619,21,middle
21728,128,0,0.27514304017280733,0.3714127432375592,21,middle
21729,129,0,0.17511669764264107,0.40292131904132455,21,middle
21730,130,0,0.8511291340304413,0.5031503406246796,21,middle
21731,131,0,0.29504825923115974,0.5531828175915761,21,middle
21732,132,0,0.6639232867642898,0.33125672430251923,21,middle
21733,133,0,0.4185846097430904,0.4689412028382226,21,middle
21734,134,0,0.1854889866932612,0.4749185518353032,21,middle
21735,135,0,0.9109161708817741,0.3873971275759839,21,middle
21736,136,0,0.24436172617679636,0.48581168314274814,21,middle
21737,137,0,0.1720751765928999,0.3962976426134583,21,middle
21738,138,0,0.2938039996319274,0.558847424387402,21,middle
21739,139,0,0.30828336987122995,0.5273315318384513,21,middle
21740,140,0,0.21691551235677292,0.45870819492944676,21,middle
21741,141,0,0.4334930081398223,0.44477182270759774,21,middle
21742,142,0,0.36323827953559495,0.41558002512782427,21,middle
21743,143,0,0.261160414577764,0.3526066891394919,21,middle
21744,144,0,0.667540175668712,0.3517467833125698,21,middle
21745,145,0,0.23661951224642014,0.44247141162640774,21,middle
21746,146,0,0.6779878359444601,0.5041913005770614,21,middle
21747,147,0,0.8979871775612269,0.37458422366873256,21,middle
21748,148,0,0.648724478945187,0.3762695820816836,21,middle
21749,149,0,0.7832203851413719,0.32258380632273753,21,middle
21750,150,0,0.3389845135874343,0.36626520628395187,21,middle
21751,151,0,0.41071621335743164,0.44250641029966875,21,middle
21752,152,0,0.7559080023799438,0.41050843651696267,21,middle
21753,153,0,0.4682585469140221,0.5683446060891761,21,middle
21754,154,0,0.2536871241799196,0.4067939207579705,21,middle
21755,155,0,0.4446927931834414,0.4289925629751007,21,middle
21756,156,0,0.679268417278917,0.2837707124166726,21,middle
21757,157,0,0.669872627492318,0.4590861218646245,21,middle
21758,158,0,0.2516515325081725,0.429497183382986,21,middle
21759,159,0,0.3634296694895516,0.3348164953565542,21,middle
21760,160,0,0.177884637115521,0.40338589235267175,21,middle
21761,161,0,0.2806455785709699,0.5316762947791405,21,middle
21762,162,0,0.6431666832612172,0.33264034149034627,21,middle
21763,163,0,0.7136997102091436,0.4902599483627611,21,middle
21764,164,0,0.8773903238251004,0.32928508123072797,21,middle
21765,165,0,0.3490114495615059,0.4460750977508393,21,middle
21766,166,0,0.8599125233796521,0.2856517662368193,21,middle
21767,167,0,0.42757394914171176,0.37002182031701103,21,middle
21768,168,0,0.4609296710099878,0.3667935241292358,21,middle
21769,169,0,0.11789199726022959,0.41421709321962036,21,middle
21770,170,0,0.6759764351757174,0.36833115377254155,21,middle
21771,171,0,0.17417830625783917,0.38852997844528087,21,middle
21772,172,0,0.20904215263195372,0.45103441522257154,21,middle
21773,173,0,0.7585555571594222,0.36334090776562583,21,middle
21774,174,0,0.680266765103285,0.41558293343426217,21,middle
21775,175,0,0.6563345685509181,0.3925647297903481,21,middle
21776,176,0,0.6444218997428589,0.2628910672969029,21,middle
21777,177,0,0.37420450163827457,0.30631415221000213,21,middle
21778,178,0,0.7168796845408989,0.37834424780955167,21,middle
21779,179,0,0.3241253006362373,0.40466053137153557,21,middle
21780,180,0,0.21829669855696085,0.36042118766776265,21,middle
21781,181,0,0.6604012312267036,0.33315020605393025,21,middle
21782,182,0,0.6586618466513474,0.320883297428789,21,middle
21783,183,0,0.10257979299884282,0.42822061223195407,21,middle
21784,184,0,0.3248681072364125,0.45326826257668995,21,middle
21785,185,0,0.06566706794265904,0.4740198309744694,21,middle
21786,186,0,0.389927458007464,0.46395350842830785,21,middle
21787,187,0,0.18273765129282002,0.38765117950883454,21,middle
21788,188,0,0.6550654137399712,0.3520248898146354,21,middle
21789,189,0,0.25668940092143244,0.434196456993429,21,middle
21790,190,0,0.38025639944217493,0.4625023882432229,21,middle
21791,191,0,0.4799332713944168,0.3758008405497987,21,middle
21792,192,0,0.21801133670139503,0.3462642142933724,21,middle
21793,193,0,0.5021534094565064,0.5077799827511978,21,middle
21794,194,0,0.7704978478530466,0.39382727301282017,21,middle
21795,195,0,0.6965784230196993,0.3635279496763579,21,middle
21796,196,0,0.6807043592512655,0.32911255601088096,21,middle
21797,197,0,0.5961294738114631,0.47311161511364164,21,middle
21798,198,0,0.47920278863663934,0.3759342906508243,21,middle
21799,199,0,0.7907678165056033,0.4137361597697747,21,middle
21800,0,0,0.034643429634423295,0.9157793642583443,21,late
21801,1,0,0.49983681573155236,0.7306773258602854,21,late
21802,2,1,0.9789292579502848,1.0578781934845498,21,late
21803,3,2,0.4786357617447535,0.8756469770655928,21,late
21804,4,3,0.9600135723197151,0.7318949388457697,21,late
21805,5,3,0.5550487127335766,0.6885829702973427,21,late
21806,6,3,0.9208564053148636,0.45623839386876275,21,late
21807,7,3,0.5661325915976014,0.6182039512300479,21,late
21808,8,3,0.9706164108726645,0.7573258787096576,21,late
21809,9,4,0.4377615222228634,1.056158071840354,21,late
21810,10,0,0.12149424727636585,0.7211987234621305,21,late
21811,11,5,0.32351536765378747,1.1429194927743938,21,late
21812,12,0,0.0797637680198828,0.7449320768488941,21,late
21813,13,0,0.5060951721020791,0.6284836936223896,21,late
21814,14,3,0.8695660531364975,0.6042158870904253,21,late
21815,15,3,0.5737499174563423,0.5416530147256089,21,late
21816,16,0,0.9345141997576625,0.782172093126311,21,late
21817,17,3,0.5586224032449829,0.6227673319720197,21,late
21818,18,6,0.014470235470386623,1.2715526163796231,21,late
21819,19,3,0.5415208740497882,0.6599320896751084,21,late
21820,20,3,0.08489766195136518,0.7307819826399545,21,late
21821,21,7,0.5653628942619487,1.3923077370788832,21,late
21822,22,3,0.8915858836699307,0.6828761379325275,21,late
21823,23,3,0.3991787259416972,0.6272789488387305,21,late
21824,24,3,0.8784959636217498,0.6779683825640461,21,late
21825,25,3,0.5535237289213358,0.7169836077839824,21,late
21826,26,3,0.15516365682669564,0.7428017493533565,21,late
21827,27,3,0.37401228292843824,0.6517227589732919,21,late
21828,28,3,0.08225364128927612,0.690904871439548,21,late
21829,29,3,0.3962700753992409,0.5058798997275391,21,late
21830,30,3,0.8300720219763097,0.4882365024551859,21,late
21831,31,3,0.4106088308948994,0.6286033650249117,21,late
21832,32,3,0.17543141440752918,0.553736797833996,21,late
21833,33,3,0.34628598785174286,0.6822783141023623,21,late
21834,34,3,0.8688504057442714,0.6712527029464965,21,late
21835,35,3,0.5268436597436779,0.46181170697525864,21,late
21836,36,3,0.8227868963598008,0.5084001030683094,21,late
21837,37,3,0.5196893264926165,0.49292686577871025,21,late
21838,38,3,0.20911272619573368,0.7480546927713061,21,late
21839,39,3,0.5556027340102636,0.5584298037546203,21,late
21840,40,3,0.2743501121854409,0.5880755943414985,21,late
21841,41,3,0.47541396131488395,0.6083886493823909,21,late
21842,42,3,0.7157367484303875,0.46939131279346696,21,late
21843,43,3,0.6203738588678838,0.5802523885372841,21,late
21844,44,3,0.6111883158160999,0.5696705786377283,21,late
21845,45,3,0.581480857095713,0.6565445051312788,21,late
21846,46,3,0.6525892070458089,0.5521362486495806,21,late
21847,47,3,0.655934628543747,0.47803902814848453,21,late
21848,48,3,0.7340610714621096,0.40900378761196166,21,late
21849,49,3,0.6397798091813302,0.3125750107224784,21,late
21850,50,3,0.2019578255730604,0.6991158744111903,21,late
21851,51,3,0.6820575908505808,0.49994493732732614,21,late
21852,52,3,0.5683634731580878,0.5138052601576907,21,late
21853,53,0,0.4419518476330056,0.5491069723814603,21,late
21854,54,0,0.6267722983938796,0.6217543826346694,21,late
21855,55,3,0.7735544393213654,0.4040704280148746,21,late
21856,56,3,0.40157065477850484,0.48089916694740903,21,late
21857,57,3,0.31528711215689953,0.5350035176785533,21,late
21858,58,3,0.26651522483967294,0.5324867886072029,21,late
21859,59,3,0.651637974663245,0.4076596941805844,21,late
21860,60,3,0.34484748433823853,0.4197001708561082,21,late
21861,61,3,0.823113074625431,0.45247375598282324,21,late
21862,62,3,0.5569649146010349,0.538490921243663,21,late
21863,63,3,0.2241084042137446,0.5224009081952637,21,late
21864,64,3,0.35309056138709244,0.46748965570235523,21,late
21865,65,3,0.8065581035155837,0.4378073497813827,21,late
21866,66,3,0.5366371602273323,0.5979526874787033,21,late
21867,67,3,0.1857567367498683,0.5095088146761506,21,late
21868,68,3,0.6210177657012643,0.4760982869158923,21,late
21869,69,3,0.1403707296209239,0.529818323475433,21,late
21870,70,3,0.46520132114929047,0.454734251383367,21,late
21871,71,0,0.4168102098181737,0.4906930962587118,21,late
21872,72,3,0.5364052101534952,0.4313424836231742,21,late
21873,73,3,0.23173321313885575,0.4852053122713922,21,late
21874,74,3,0.4866122264896984,0.525782798302071,21,late
21875,75,3,0.7712289124260467,0.5319532326479472,21,late
21876,76,3,0.5320428089527023,0.41463750559082324,21,late
21877,77,3,0.8252858800984499,0.5186322547566888,21,late
21878,78,3,0.6659544277708832,0.5892873855989581,21,late
21879,79,3,0.12948872479021803,0.47370335560527954,21,late
21880,80,3,0.5035473630395723,0.4841368564456655,21,late
21881,81,3,0.5155198507060663,0.49785325896104304,21,late
21882,82,3,0.5416623656953786,0.5838331105405226,21,late
21883,83,3,0.4460319305665092,0.6588109609015831,21,late
21884,84,3,0.7566112204356077,0.5378798894210107,21,late
21885,85,3,0.4220940430458152,0.4458522137026276,21,late
21886,86,0,0.5870729434232929,0.5057794825405751,21,late
21887,87,3,0.7002262132511363,0.4869075949301775,21,late
21888,88,3,0.40100745630966916,0.39303255327751146,21,late
21889,89,3,0.5599950770169644,0.4548449542784483,21,late
21890,90,3,0.4364099180795534,0.6074352441364362,21,late
21891,91,3,0.5929757395679984,0.5486531407077821,21,late
21892,92,3,0.5914101164797256,0.5798424610569237,21,late
21893,93,3,0.47362248730700485,0.5758249655870346,21,late
21894,94,3,0.5237142159636388,0.5373724880270828,21,late
21895,95,3,0.5471926873032423,0.5538243853050524,21,late
21896,96,3,0.5191576370842197,0.49778740515340014,21,late
21897,97,3,0.4732921862273144,0.5766415621149918,21,late
21898,98,3,0.41219814726491966,0.4397592971328709,21,late
21899,99,3,0.6426271217405525,0.4913106654786925,21,late
21900,100,3,0.38395573486356405,0.4992924017556304,21,late
21901,101,3,0.4694387059105935,0.49178967108105076,21,late
21902,102,3,0.41044381272956587,0.5424627908650808,21,late
21903,103,3,0.670368129796662,0.4433218594319446,21,late
21904,104,3,0.481137302082967,0.4773446423376938,21,late
21905,105,3,0.4425497607757231,0.6256161935993045,21,late
21906,106,3,0.49297525826197547,0.5253368545802233,21,late
21907,107,3,0.6498409493906823,0.5977850684266884,21,late
21908,108,3,0.5513921478117874,0.5156586193274808,21,late
21909,109,3,0.48031587480258237,0.6120424036308583,21,late
21910,110,3,0.47582225236220804,0.5721549198580382,21,late
21911,111,3,0.5003527789162097,0.4065494327886651,21,late
21912,112,3,0.5831323978368078,0.5104759709582228,21,late
21913,113,3,0.5088982896157618,0.42405503247784526,21,late
21914,114,3,0.5764889708642253,0.4865128581488047,21,late
21915,115,3,0.5458870737761474,0.4188166545573029,21,late
21916,116,3,0.4866633822053613,0.5252729791054794,21,late
21917,117,3,0.4019242489103042,0.4940311800533982,21,late
21918,118,0,0.4469353470391423,0.6112029326142856,21,late
21919,119,3,0.497064349287184,0.38729691192896526,21,late
21920,120,3,0.22203749813488705,0.474058897431346,21,late
21921,121,3,0.15395883276935146,0.6543146165224577,21,late
21922,122,3,0.19926315984489357,0.5522208773547044,21,late
21923,123,3,0.2723113599214545,0.6565352634689099,21,late
21924,124,3,0.7773837283773746,0.37144163152446585,21,late
21925,125,3,0.24512952082821127,0.5337771290045316,21,late
21926,126,3,0.6561997079244754,0.5395596192106745,21,late
21927,127,3,0.24836268608151063,0.5229863086727939,21,late
21928,128,3,0.6293218621191741,0.4078700735771589,21,late
21929,129,3,0.6900704937625417,0.3627372597464854,21,late
21930,130,3,0.8170376364858805,0.5339896375581002,21,late
21931,131,3,0.2535512124496425,0.5136653887845004,21,late
21932,132,3,0.782928831041126,0.4275576520743831,21,late
21933,133,3,0.2109446348190897,0.4596188428251328,21,late
21934,134,3,0.12139824890645895,0.5616708142892101,21,late
21935,135,3,0.8686022590319213,0.4993336367088261,21,late
21936,136,3,0.18310961275860788,0.5320191992179437,21,late
21937,137,3,0.10707096482397453,0.586598757212277,21,late
21938,138,3,0.23270480279801636,0.5372447464640749,21,late
21939,139,3,0.8063806100727052,0.6441419908808316,21,late
21940,140,3,0.18127550763368594,0.49825768121681246,21,late
21941,141,3,0.8752197290264181,0.4790338063074483,21,late
21942,142,3,0.1372218818953806,0.5179501931942381,21,late
21943,143,3,0.8419032183276925,0.3286717326954761,21,late
21944,144,3,0.7721017863491934,0.4950720018976451,21,late
21945,145,3,0.14056832036396796,0.4758818582243761,21,late
21946,146,3,0.91560565990196,0.39764342170436107,21,late
21947,147,3,0.10689450507608989,0.5309299837004562,21,late
21948,148,3,0.8616085610605317,0.4094305778532908,21,late
21949,149,3,0.9341975281363767,0.46616777758621947,21,late
21950,150,3,0.12683725472370294,0.5655510670596153,21,late
21951,151,3,0.931425711010567,0.486666850030447,21,late
21952,152,3,0.1344633458696543,0.5114996500786183,21,late
21953,153,3,0.10624163445897744,0.5864680042828545,21,late
21954,154,3,0.9304740164244647,0.3652560784379497,21,late
21955,155,3,0.18101845108102665,0.5013778405366922,21,late
21956,156,3,0.06577294452437232,0.4641566082596954,21,late
21957,157,3,0.07844940120863361,0.6878564262310034,21,late
21958,158,3,0.8427251014914575,0.4922861810329712,21,late
21959,159,3,0.1205687177367759,0.48790989123801043,21,late
21960,160,3,0.8594772227570975,0.4980225915958974,21,late
21961,161,3,0.4782735096011738,0.4907833179207315,21,late
21962,162,3,0.13583098254450254,0.46994652186222885,21,late
21963,163,3,0.849010233903579,0.379671189883104,21,late
21964,164,3,0.45554889666734694,0.46802258147069753,21,late
21965,165,3,0.15089506453069715,0.459131442989938,21,late
21966,166,3,0.1413646676534027,0.5142918152868139,21,late
21967,167,3,0.8486446277888762,0.43388245149969995,21,late
21968,168,3,0.1580411527323597,0.5078098157587797,21,late
21969,169,3,0.8393204716683804,0.5358059655419144,21,late
21970,170,3,0.5168177871243563,0.3648677548022662,21,late
21971,171,3,0.5334640805911555,0.5069203101091793,21,late
21972,172,3,0.13209038315364324,0.43900987258289914,21,late
21973,173,3,0.29035162605218645,0.5266893359282473,21,late
21974,174,3,0.6146502926692623,0.5494760974959643,21,late
21975,175,3,0.20762039885674038,0.48507070491123716,21,late
21976,176,3,0.7392594664953362,0.4175696322573669,21,late
21977,177,3,0.4637006795581389,0.4331548507794673,21,late
21978,178,3,0.621449095946996,0.5089808665331605,21,late
21979,179,3,0.6034952315245631,0.4836792223656369,21,late
21980,180,3,0.23359528780241912,0.4891479738640473,21,late
21981,181,3,0.1892341851100256,0.47041389289254276,21,late
21982,182,3,0.6439816032599762,0.46975570480169204,21,late
21983,183,3,0.565829661295883,0.3829647902658131,21,late
21984,184,3,0.4172626578636328,0.4337168121794358,21,late
21985,185,3,0.8069133402907429,0.40365427624836997,21,late
21986,186,3,0.6352553314572963,0.7284044102983442,21,late
21987,187,3,0.8558127691633235,0.47777502840899744,21,late
21988,188,3,0.3839018237359284,0.507937438534637,21,late
21989,189,3,0.4601679003909446,0.43699509942465037,21,late
21990,190,3,0.3351391458673973,0.5164876626806643,21,late
21991,191,3,0.5810211675069009,0.44072195608320563,21,late
21992,192,3,0.1714425520650739,0.5301472332360059,21,late
21993,193,3,0.5641322550101284,0.39463005606277457,21,late
21994,194,3,0.8788891133861181,0.6115199026289759,21,late
21995,195,3,0.8535614170292641,0.5440642960790363,21,late
21996,196,3,0.5211848109296566,0.6993192198551063,21,late
21997,197,3,0.47415736122399904,0.3710635031103484,21,late
21998,198,3,0.455008985619891,0.41008991509995874,21,late
21999,199,3,0.8472576859531625,0.36248409930173975,21,late
22000,0,0,0.8289099744592143,0.5576315657414642,22,interleaved
22001,1,1,0.16638445730791604,0.8929450767738233,22,interleaved
22002,2,0,0.23406409214554633,0.564028257791586,22,interleaved
22003,3,0,0.40828895369144186,0.6962081608210371,22,interleaved
22004,4,0,0.8518949595244715,0.5264304366539193,22,interleaved
22005,5,0,0.3711283298517026,0.698590443197266,22,interleaved
22006,6,0,0.7719055807335815,0.6020306057492897,22,interleaved
22007,7,2,0.351160921304642,0.7200309951617805,22,interleaved
22008,8,0,0.8249544613254025,0.5140169631508096,22,interleaved
22009,9,0,0.40905993972336374,0.39477215592362824,22,interleaved
22010,10,3,0.9994733193350597,1.071549954515103,22,interleaved
22011,11,4,0.6393670979950368,0.7247149756883713,22,interleaved
22012,12,0,0.1394169382347615,0.6443146965057123,22,interleaved
22013,13,5,0.99551401546632,0.914205035165444,22,interleaved
22014,14,0,0.15095403150733994,0.619454129109974,22,interleaved
22015,15,0,0.6882372013895273,0.4825768219747416,22,interleaved
22016,16,0,0.23644062736974997,0.6700423383155454,22,interleaved
22017,17,0,0.451057471618283,0.5777314480368694,22,interleaved
22018,18,0,0.11369966046226604,0.5755848591998254,22,interleaved
22019,19,0,0.5505335857590091,0.5629035019239865,22,interleaved
22020,20,0,0.15768950104960247,0.4923173587331431,22,interleaved
22021,21,0,0.44993612317680587,0.5225387932594114,22,interleaved
22022,22,0,0.1893315244185625,0.5985116607272032,22,interleaved
22023,23,0,0.49328048212032277,0.5229799078246655,22,interleaved
22024,24,0,0.1436026472840554,0.6846570447290843,22,interleaved
22025,25,0,0.5919113067783938,0.5255811149061462,22,interleaved
22026,26,0,0.7708881509647729,0.29549999942514377,22,interleaved
22027,27,0,0.5484661692249179,0.5168508968658249,22,interleaved
22028,28,0,0.19908068364625534,0.5272430908418966,22,interleaved
22029,29,0,0.5901679811304585,0.5886263222002734,22,interleaved
22030,30,0,0.835385257458807,0.4504940613747368,22,interleaved
22031,31,0,0.6105659658080116,0.4435607090886189,22,interleaved
22032,32,0,0.7546643831084665,0.4501479291595053,22,interleaved
22033,33,0,0.5285136593591755,0.6973907864949456,22,interleaved
22034,34,0,0.22732040819882632,0.5269821492538562,22,interleaved
22035,35,0,0.5710711714506992,0.3429439300670709,22,interleaved
22036,36,0,0.6759353141160858,0.5352408957869568,22,interleaved
22037,37,0,0.6728721162375257,0.37941864068058495,22,interleaved
22038,38,0,0.7593426828493257,0.3803671367940725,22,interleaved
22039,39,0,0.5330225858953923,0.49713533693961465,22,interleaved
22040,40,0,0.7582906852044218,0.32902843968056844,22,interleaved
22041,41,0,0.43157152590324593,0.5626758507484594,22,interleaved
22042,42,0,0.28661529579738676,0.4806995179457736,22,interleaved
22043,43,0,0.565337315729409,0.34880636232989526,22,interleaved
22044,44,0,0.3353372847872937,0.46657726332480376,22,interleaved
22045,45,0,0.6794379584939376,0.4910330759557885,22,interleaved
22046,46,0,0.6828767187286693,0.3521607480601976,22,interleaved
22047,47,0,0.5796056125892959,0.41817496112427377,22,interleaved
22048,48,0,0.6441518984651732,0.41973847837694744,22,interleaved
22049,49,0,0.6674372258356037,0.49661763499756173,22,interleaved
22050,50,0,0.6124174830233373,0.45106488488577473,22,interleaved
22051,51,0,0.6528755783868194,0.4160840502988221,22,interleaved
22052,52,0,0.5917370786063226,0.3801372911624482,22,interleaved
22053,53,0,0.4296738432667981,0.5227036952224577,22,interleaved
22054,54,0,0.37718511818341344,0.38400046429130935,22,interleaved
22055,55,0,0.7324350198900701,0.4455768330492488,22,interleaved
22056,56,0,0.6187291462801263,0.6106279413630338,22,interleaved
22057,57,0,0.34278881399375993,0.4670717953195359,22,interleaved
22058,58,0,0.29851233548907496,0.4144475650142917,22,interleaved
22059,59,0,0.7218276619444178,0.40094533564181484,22,interleaved
22060,60,0,0.2886525418953425,0.4525552390250477,22,interleaved
22061,61,0,0.47398124223412164,0.4367435628624066,22,interleaved
22062,62,0,0.7308832355333403,0.4450691772800238,22,interleaved
22063,63,0,0.6723896073563629,0.504781537634646,22,interleaved
22064,64,0,0.6871281181910367,0.2860530602977226,22,interleaved
22065,65,0,0.6182877432624789,0.3290631682918167,22,interleaved
22066,66,0,0.686739025052315,0.45041289810574986,22,interleaved
22067,67,0,0.8036209832701614,0.4466781610540228,22,interleaved
22068,68,0,0.6583125483227743,0.37082728533134496,22,interleaved
22069,69,0,0.368649013705512,0.49365708858343177,22,interleaved
22070,70,0,0.23991612774825938,0.5655972405829592,22,interleaved
22071,71,0,0.7898610455645163,0.3797360713001634,22,interleaved
22072,72,0,0.2704265084321209,0.35369375145317017,22,interleaved
22073,73,0,0.7569012608620496,0.45374640407195416,22,interleaved
22074,74,0,0.367764766417214,0.548964763589554,22,interleaved
22075,75,0,0.45207361347580427,0.39506961557274617,22,interleaved
22076,76,0,0.3721991395692925,0.43824520909832254,22,interleaved
22077,77,0,0.28685809058631906,0.6367402830185637,22,interleaved
22078,78,0,0.6569457075315285,0.5049377758689104,22,interleaved
22079,79,0,0.7423220761866955,0.33335170285683624,22,interleaved
22080,80,0,0.374331513735548,0.3781268559481425,22,interleaved
22081,81,0,0.803509130412273,0.42215172013485747,22,interleaved
22082,82,0,0.28253933023596944,0.44992116122866266,22,interleaved
22083,83,0,0.34465040952260123,0.43822550636152263,22,interleaved
22084,84,0,0.6532716788517992,0.5115217354195205,22,interleaved
22085,85,0,0.26158433481473337,0.37671828386668604,22,interleaved
22086,86,0,0.33497474321445214,0.542412259419897,22,interleaved
22087,87,0,0.3035290321545614,0.5176528658162705,22,interleaved
22088,88,0,0.5983030119757341,0.35702799930273876,22,interleaved
22089,89,0,0.7969066891268717,0.3945784240592711,22,interleaved
22090,90,0,0.6973916359249012,0.44556200405560487,22,interleaved
22091,91,0,0.4501602818731813,0.5062191243435816,22,interleaved
22092,92,0,0.3216948962634665,0.45446938760539424,22,interleaved
22093,93,0,0.6049067843033479,0.4023959846290498,22,interleaved
22094,94,0,0.38072980657396116,0.48869809467315894,22,interleaved
22095,95,0,0.8595457739098767,0.31146261680248316,22,interleaved
22096,96,0,0.5084216271287343,0.475380196695122,22,interleaved
22097,97,0,0.7300861464745371,0.5587095152693048,22,interleaved
22098,98,0,0.34123725714988007,0.4803656120100883,22,interleaved
22099,99,0,0.6089621312012373,0.3805804861405165,22,interleaved
22100,100,0,0.6007948124176543,0.4497894307695426,22,interleaved
22101,101,0,0.6593313031144795,0.6002118089728572,22,interleaved
22102,102,0,0.35839218811289814,0.3893310592234953,22,interleaved
22103,103,0,0.3165275443370935,0.5083034999466982,22,interleaved
22104,104,0,0.5934980054601474,0.47985280344760006,22,interleaved
22105,105,0,0.31089442652342103,0.5152404634683876,22,interleaved
22106,106,0,0.3642031018933405,0.5326197777686831,22,interleaved
22107,107,0,0.38972988653688756,0.36485256446440617,22,interleaved
22108,108,0,0.6022931488683292,0.37576827889595066,22,interleaved
22109,109,0,0.5494511352536074,0.3721135682052442,22,interleaved
22110,110,0,0.4485124803058298,0.5627717408568178,22,interleaved
22111,111,0,0.37187473128382575,0.4227192217757508,22,interleaved
22112,112,0,0.3719919444005276,0.5080285968993633,22,interleaved
22113,113,0,0.36837634037806977,0.5925757259270361,22,interleaved
22114,114,0,0.5268739876750307,0.4134119633101777,22,interleaved
22115,115,0,0.5793578960382848,0.4783753009781929,22,interleaved
22116,116,0,0.6599695224037463,0.5192107482136815,22,interleaved
22117,117,0,0.6376766222174773,0.41597321854683295,22,interleaved
22118,118,0,0.6017268433051399,0.46912419169165676,22,interleaved
22119,119,0,0.3770313284185084,0.3714451726504787,22,interleaved
22120,120,0,0.30759766574536707,0.42141998453431606,22,interleaved
22121,121,0,0.4483652179366978,0.45166292912293415,22,interleaved
22122,122,0,0.29922052470933,0.47673276035724815,22,interleaved
22123,123,0,0.37795868185371007,0.4472702701668179,22,interleaved
22124,124,0,0.2931439702979428,0.3405608279069096,22,interleaved
22125,125,0,0.33215537682750695,0.6681195189603043,22,interleaved
22126,126,0,0.6810508873648854,0.47256159422257765,22,interleaved
22127,127,0,0.4545133213542788,0.523996991526269,22,interleaved
22128,128,0,0.3524795474391734,0.4795822388416428,22,interleaved
22129,129,0,0.5604211566390687,0.4230046395231749,22,interleaved
22130,130,0,0.3376941027422823,0.4145596254740937,22,interleaved
22131,131,0,0.6679723300409128,0.5227517059992892,22,interleaved
22132,132,0,0.5858631280677549,0.45192574783173445,22,interleaved
22133,133,0,0.4857487605452066,0.4969097331377418,22,interleaved
22134,134,0,0.3807650783029183,0.4110184157277637,22,interleaved
22135,135,0,0.5187910158233937,0.43097000865188917,22,interleaved
22136,136,0,0.5096604666097029,0.4344003755435576,22,interleaved
22137,137,0,0.5610896109362454,0.3994253217225968,22,interleaved
22138,138,0,0.45830579530940574,0.4703098940061729,22,interleaved
22139,139,0,0.6998573604642925,0.3689269086268858,22,interleaved
22140,140,0,0.6321577750956248,0.40648612857328514,22,interleaved
22141,141,0,0.7681726276271299,0.3377036358436243,22,interleaved
22142,142,0,0.6494066266738212,0.3713486646223861,22,interleaved
22143,143,0,0.8579076042728213,0.507385639610072,22,interleaved
22144,144,0,0.2632214115512963,0.5195102489024356,22,interleaved
22145,145,0,0.5810077547903327,0.6132288095012615,22,interleaved
22146,146,0,0.3535890473568537,0.5141538040349694,22,interleaved
22147,147,0,0.8684688761165896,0.49720430167170676,22,interleaved
22148,148,0,0.39617447998175165,0.37386578646587854,22,interleaved
22149,149,0,0.18430335801750647,0.47835931251125363,22,interleaved
22150,150,0,0.6860933794954016,0.5053226508106029,22,interleaved
22151,151,0,0.3776594436530318,0.4467924175762683,22,interleaved
22152,152,0,0.3258440738333861,0.6338140058888592,22,interleaved
22153,153,0,0.6920764944806586,0.45090665165050847,22,interleaved
22154,154,0,0.5138126845915506,0.3843382372315013,22,interleaved
22155,155,0,0.4277489470573397,0.4177355032941703,22,interleaved
22156,156,0,0.6600247582906248,0.4058863395812954,22,interleaved
22157,157,0,0.6094494775258359,0.403563409005543,22,interleaved
22158,158,0,0.5690304038477263,0.4327563133632297,22,interleaved
22159,159,0,0.6990453896114166,0.5351391064517413,22,interleaved
22160,160,0,0.2520447966449658,0.5230088316373108,22,interleaved
22161,161,0,0.31363617922903675,0.5334435791524148,22,interleaved
22162,162,0,0.7169310252785825,0.48181011217121733,22,interleaved
22163,163,0,0.33472911097022945,0.4539828478026171,22,interleaved
22164,164,0,0.33773566361261076,0.36911836918422714,22,interleaved
22165,165,0,0.38737616684508375,0.5806199849821931,22,interleaved
22166,166,0,0.3985839295160868,0.4333764800812252,22,interleaved
22167,167,0,0.2967828317492439,0.4012220478750397,22,interleaved
22168,168,0,0.34198126849358956,0.38799511394264785,22,interleaved
22169,169,0,0.28268749589864317,0.3783468035671743,22,interleaved
22170,170,0,0.621331229121088,0.2824362998165504,22,interleaved
22171,171,0,0.7661527298814182,0.4602116410197503,22,interleaved
22172,172,0,0.28096734636723314,0.4390430269856002,22,interleaved
22173,173,0,0.5439284236993811,0.49700202298174256,22,interleaved
22174,174,0,0.48761236930405677,0.42816031983692926,22,interleaved
22175,175,0,0.41847965414449495,0.34111979904084677,22,interleaved
22176,176,0,0.28686397115554246,0.4189875737705304,22,interleaved
22177,177,0,0.39787845059382404,0.40316062113345424,22,interleaved
22178,178,0,0.730984536955465,0.32645439425895156,22,interleaved
22179,179,0,0.6304643926749327,0.4094694989828109,22,interleaved
22180,180,0,0.6519003783891272,0.43913886029760774,22,interleaved
22181,181,0,0.3639232248332352,0.47506610136196986,22,interleaved
22182,182,0,0.41773994408147935,0.42008922856988296,22,interleaved
22183,183,0,0.39432428843811507,0.4720980466309328,22,interleaved
22184,184,0,0.3410097653270441,0.5222955165580336,22,interleaved
22185,185,0,0.28907512715531103,0.5356105901039216,22,interleaved
22186,186,0,0.6889482869159059,0.5191002109207838,22,interleaved
22187,187,0,0.4020590398454442,0.415056931704905,22,interleaved
22188,188,0,0.34072866614896313,0.5415575720540922,22,interleaved
22189,189,0,0.3272941878636534,0.47950212984648155,22,interleaved
22190,190,0,0.6068287905997258,0.4075152623889121,22,interleaved
22191,191,0,0.6848401735915312,0.3986114859017922,22,interleaved
22192,192,0,0.6476410927948728,0.38132411175931447,22,interleaved
22193,193,0,0.3547526893131624,0.3966184913484728,22,interleaved
22194,194,0,0.4503151200113078,0.4296402755325096,22,interleaved
22195,195,0,0.332717161790643,0.316298959187511,22,interleaved
22196,196,0,0.49653861105138947,0.4283995240901143,22,interleaved
22197,197,0,0.38238425843314316,0.3801877861616777,22,interleaved
22198,198,0,0.505147148334004,0.3762380424085341,22,interleaved
22199,199,0,0.7054309057333746,0.4053515018691104,22,interleaved
22200,0,0,0.9963540945011093,0.5015959089556221,22,blocked
22201,1,0,0.9987412245937672,0.49826193304260313,22,blocked
22202,2,0,0.002531460427377113,0.5762396902507558,22,blocked
22203,3,0,0.018030680767189458,0.7084395052638466,22,blocked
22204,4,0,0.00998947976480679,0.6432239221237821,22,blocked
22205,5,0,0.004850549017895635,0.6206466085629727,22,blocked
22206,6,0,0.021614115667946167,0.6032973918185648,22,blocked
22207,7,0,0.9865516932342213,0.4778925816827974,22,blocked
22208,8,0,0.014309649590296968,0.6812864387813677,22,blocked
22209,9,0,0.9930246715470588,0.3541834633005717,22,blocked
22210,10,0,0.9978222628181583,0.45004324151559083,22,blocked
22211,11,0,0.031023823418851536,0.5093327102318672,22,blocked
22212,12,0,0.9732097973118593,0.4826292116407148,22,blocked
22213,13,0,0.1014898314215211,0.7196296199334189,22,blocked
22214,14,0,0.052144586278289565,0.4762325497021018,22,blocked
22215,15,0,0.9520748641436244,0.6070191986929012,22,blocked
22216,16,0,0.04946488712549244,0.4248423735133226,22,blocked
22217,17,0,0.07710683782460948,0.5965917833296068,22,blocked
22218,18,0,0.9523234727136056,0.38552407954417167,22,blocked
22219,19,0,0.062064501758752715,0.5331598942845222,22,blocked
22220,20,0,0.04387166144760603,0.5627779674097667,22,blocked
22221,21,0,0.20600437115279707,0.4889646929102714,22,blocked
22222,22,0,0.9589030297057692,0.42708905167334443,22,blocked
22223,23,0,0.07097799040702608,0.5716441760592593,22,blocked
22224,24,0,0.9964774973611936,0.40097160826748895,22,blocked
22225,25,0,0.2574156089041106,0.3618197795187924,22,blocked
22226,26,0,0.1496206670889154,0.523272074112651,22,blocked
22227,27,0,0.8417586307624222,0.4944344566916153,22,blocked
22228,28,0,0.9886261544407603,0.5148895570492511,22,blocked
22229,29,0,0.06335290892967098,0.5038222479328854,22,blocked
22230,30,0,0.9918504102764463,0.5123122355611303,22,blocked
22231,31,0,0.35742220342186093,0.5696347849142831,22,blocked
22232,32,0,0.7538508694095406,0.4924699048884489,22,blocked
22233,33,0,0.9792381410666653,0.534198168390346,22,blocked
22234,34,0,0.09892980762897949,0.5390616775054589,22,blocked
22235,35,0,0.07955705302356997,0.5428566187155175,22,blocked
22236,36,0,0.11433872781033498,0.5257221095349508,22,blocked
22237,37,0,0.3047869238991734,0.5723645513599531,22,blocked
22238,38,0,0.2044451150308766,0.5039894061744987,22,blocked
22239,39,0,0.7906196909124878,0.44187760942909754,22,blocked
22240,40,0,0.30551222571096465,0.580248773381622,22,blocked
22241,41,0,0.36808235659143274,0.3285558337335178,22,blocked
22242,42,0,0.3740175376060787,0.49002722088552325,22,blocked
22243,43,0,0.5321904882800668,0.43265610581625447,22,blocked
22244,44,0,0.552619558741769,0.3769248224054201,22,blocked
22245,45,0,0.4723420815115349,0.5079406721983167,22,blocked
22246,46,0,0.23709505257559094,0.5420165494668681,22,blocked
22247,47,0,0.41649790641552265,0.5626716649971852,22,blocked
22248,48,0,0.49614167876249615,0.411584202895577,22,blocked
22249,49,0,0.3162307877892959,0.4309125455251789,22,blocked
22250,50,0,0.3991906785959297,0.4666601435254407,22,blocked
22251,51,0,0.25444420496654496,0.5186714229833647,22,blocked
22252,52,0,0.33273977092418205,0.38457612142588266,22,blocked
22253,53,0,0.5051847186977252,0.3820851020773043,22,blocked
22254,54,0,0.25804520057438585,0.40067315490235034,22,blocked
22255,55,0,0.34751306289376055,0.4079832717481121,22,blocked
22256,56,0,0.46936297889054734,0.530995175566068,22,blocked
22257,57,0,0.3779999574548972,0.4580865803943527,22,blocked
22258,58,0,0.37552250791486347,0.42227613427657773,22,blocked
22259,59,0,0.5072057404415482,0.48265150593147843,22,blocked
22260,60,0,0.3142018471933404,0.48203554771255863,22,blocked
22261,61,0,0.405475879380364,0.5361915001622984,22,blocked
22262,62,0,0.3564348988230997,0.45618699281502023,22,blocked
22263,63,0,0.3730463993870561,0.5393336521625648,22,blocked
22264,64,0,0.44375818970908565,0.43191495825784365,22,blocked
22265,65,0,0.3886107010819867,0.45676875936905476,22,blocked
22266,66,0,0.44241453472588876,0.45973411736713365,22,blocked
22267,67,0,0.4836814069721238,0.4255952234361453,22,blocked
22268,68,0,0.3937357517245502,0.39871904790422896,22,blocked
22269,69,0,0.4893670558532025,0.4026921511737571,22,blocked
22270,70,0,0.45469829039771614,0.5303649051860593,22,blocked
22271,71,0,0.4278890016402958,0.48139996986600686,22,blocked
22272,72,0,0.4479074588095336,0.398805616083156,22,blocked
22273,73,0,0.3839169701640736,0.4142726564106642,22,blocked
22274,74,0,0.34643353546051153,0.4129597241154692,22,blocked
22275,75,0,0.5395132836704957,0.47285173845147443,22,blocked
22276,76,0,0.515407746157597,0.351439533209683,22,blocked
22277,77,0,0.4646976619087023,0.3994004558433937,22,blocked
22278,78,0,0.5829239166442408,0.40341982100655593,22,blocked
22279,79,0,0.6397072253043817,0.515177476000498,22,blocked
22280,80,0,0.8849825827722728,0.4192172434408692,22,blocked
22281,81,0,0.7135358705849331,0.45449274172331783,22,blocked
22282,82,0,0.4871153314459672,0.5076843243921494,22,blocked
22283,83,0,0.6591304205328374,0.3601811586784475,22,blocked
22284,84,0,0.5930877070526409,0.5090302830532694,22,blocked
22285,85,0,0.7329225533351807,0.365082775489302,22,blocked
22286,86,0,0.8340275063066591,0.41298512023028294,22,blocked
22287,87,0,0.9848713549352731,0.5025494362696505,22,blocked
22288,88,0,0.6154453368283738,0.47605735554059625,22,blocked
22289,89,0,0.9247354015063203,0.4233210706062097,22,blocked
22290,90,0,0.8875632191792624,0.40798861169154155,22,blocked
22291,91,0,0.886233980458366,0.5865793517796998,22,blocked
22292,92,0,0.498646811218009,0.3409942957361719,22,blocked
22293,93,0,0.6984962047181988,0.5088698534479503,22,blocked
22294,94,0,0.9800070054697271,0.37564934965439434,22,blocked
22295,95,0,0.9870124178247,0.3638860865010606,22,blocked
22296,96,0,0.9878124164215285,0.5511005080694744,22,blocked
22297,97,0,0.9674752827511811,0.35615867430378534,22,blocked
22298,98,0,0.06708370116430411,0.425236989903743,22,blocked
22299,99,0,0.9583890600952756,0.35735512647737294,22,blocked
22300,100,0,0.9953207675742103,0.468811925960689,22,blocked
22301,101,0,0.8989388473344242,0.4215230467838227,22,blocked
22302,102,0,0.45645880927057453,0.4358590368621106,22,blocked
22303,103,0,0.1977834939786098,0.3881774462885613,22,blocked
22304,104,0,0.5548763165560259,0.5110107757945872,22,blocked
22305,105,0,0.7765285553873778,0.4577878709179594,22,blocked
22306,106,0,0.9044048761762808,0.4748698202779591,22,blocked
22307,107,0,0.640368601905444,0.39590519015658154,22,blocked
22308,108,0,0.9735563512607486,0.3816246378698852,22,blocked
22309,109,0,0.8127349051919237,0.24735166759862504,22,blocked
22310,110,0,0.5189206485338931,0.5326790509407856,22,blocked
22311,111,0,0.8854473680379962,0.2919644022493486,22,blocked
22312,112,0,0.9900527705358024,0.3981848147017958,22,blocked
22313,113,0,0.6762688622184041,0.400404739746516,22,blocked
22314,114,0,0.9271442413642967,0.31963278499347736,22,blocked
22315,115,0,0.7943103629515877,0.40048342271068604,22,blocked
22316,116,0,0.5277520011362729,0.4941350501354772,22,blocked
22317,117,0,0.475531025182859,0.44638636844168716,22,blocked
22318,118,0,0.9188746105274004,0.4590373144305957,22,blocked
22319,119,0,0.6536970988265366,0.3343939949189308,22,blocked
22320,120,0,0.46352804468022935,0.3526702424697924,22,blocked
22321,121,0,0.48604035740360013,0.5038884454050471,22,blocked
22322,122,0,0.337719293227983,0.34910665988678663,22,blocked
22323,123,0,0.4460124870628813,0.41664190287726854,22,blocked
22324,124,0,0.499270787327137,0.5807950931080662,22,blocked
22325,125,0,0.5146144912300776,0.42431995540229406,22,blocked
22326,126,0,0.24027292556914226,0.3729598718051542,22,blocked
22327,127,0,0.4640837091423517,0.2837023307374388,22,blocked
22328,128,0,0.2973442678428061,0.3938454708526291,22,blocked
22329,129,0,0.42388292974844216,0.5291153071085527,22,blocked
22330,130,0,0.39653091317264655,0.43131966154096607,22,blocked
22331,131,0,0.2583456578410028,0.4829952252690156,22,blocked
22332,132,0,0.4297236516480896,0.3750483965235667,22,blocked
22333,133,0,0.4598302206134267,0.39554427851579904,22,blocked
22334,134,0,0.4780326344246093,0.40705324641198803,22,blocked
22335,135,0,0.47441702765151905,0.42487461337280197,22,blocked
22336,136,0,0.5449687813600146,0.5502747752721413,22,blocked
22337,137,0,0.3996308777631675,0.45244888139708545,22,blocked
22338,138,0,0.5047934828307448,0.42176508593932116,22,blocked
22339,139,0,0.3015977322725505,0.4000370457648962,22,blocked
22340,140,0,0.451607089413384,0.42443496702139594,22,blocked
22341,141,0,0.24960590901055077,0.5267714023839998,22,blocked
22342,142,0,0.5936293881256125,0.41260989303975193,22,blocked
22343,143,0,0.3820208169637733,0.5106144241022716,22,blocked
22344,144,0,0.4475033731185187,0.474486590065035,22,blocked
22345,145,0,0.5770708506423394,0.48898757874460624,22,blocked
22346,146,0,0.44316583607876137,0.45111505386117356,22,blocked
22347,147,0,0.34939488553300163,0.505462119176038,22,blocked
22348,148,0,0.45168644476394343,0.40360276438706455,22,blocked
22349,149,0,0.5464511421221009,0.5037098572765004,22,blocked
22350,150,0,0.3878616866822671,0.3784680670143453,22,blocked
22351,151,0,0.45114409921857745,0.3888584961258021,22,blocked
22352,152,0,0.3745617756096985,0.5202721009854401,22,blocked
22353,153,0,0.35288817527052885,0.4080007375785942,22,blocked
22354,154,0,0.41775888035502196,0.4970386249869839,22,blocked
22355,155,0,0.4503783770974654,0.39963395500802346,22,blocked
22356,156,0,0.3172106670981764,0.42531209472289344,22,blocked
22357,157,0,0.5397001631887798,0.5103075322091873,22,blocked
22358,158,0,0.4679746146615448,0.3643720914299701,22,blocked
22359,159,0,0.4821007561189219,0.39543531055611514,22,blocked
22360,160,0,0.8035186936903155,0.42903707957434645,22,blocked
22361,161,0,0.5575119043893747,0.3207595864604348,22,blocked
22362,162,0,0.3546969399353467,0.39023263250916745,22,blocked
22363,163,0,0.34015569739597334,0.4126710056672983,22,blocked
22364,164,0,0.5404441993547145,0.38737543067095537,22,blocked
22365,165,0,0.3163723501650557,0.6381027340460697,22,blocked
22366,166,0,0.44161977721845525,0.4356875356913605,22,blocked
22367,167,0,0.31426984295756955,0.32304753443765544,22,blocked
22368,168,0,0.877601835909805,0.4539754102791972,22,blocked
22369,169,0,0.5187863295494282,0.40598689917310626,22,blocked
22370,170,0,0.3652737697083007,0.39803480089386095,22,blocked
22371,171,0,0.8937867445088754,0.35213024348303973,22,blocked
22372,172,0,0.41277050522342323,0.39762415099731546,22,blocked
22373,173,0,0.3022234273168311,0.5152917639351106,22,blocked
22374,174,0,0.9560201165676079,0.3225225799237482,22,blocked
22375,175,0,0.5030162565387696,0.42891806721906195,22,blocked
22376,176,0,0.4560998945401784,0.5209949339415858,22,blocked
22377,177,0,0.3534998805780876,0.4710175079934057,22,blocked
22378,178,0,0.2985889522219469,0.3933877980622925,22,blocked
22379,179,0,0.6149069482726772,0.4965299960513398,22,blocked
22380,180,0,0.3881528283180203,0.45804384245581586,22,blocked
22381,181,0,0.4043365435248103,0.428116862130498,22,blocked
22382,182,0,0.37582106519061925,0.44899757332753354,22,blocked
22383,183,0,0.5770048696693438,0.4107963829638084,22,blocked
22384,184,0,0.4432913861517186,0.44683383135060434,22,blocked
22385,185,0,0.8482467869001828,0.34406225540850266,22,blocked
22386,186,0,0.6044787139031901,0.36955140684041,22,blocked
22387,187,0,0.4667975832301324,0.4066712230306581,22,blocked
22388,188,0,0.4580600678202743,0.4723624153357411,22,blocked
22389,189,0,0.8719410730540156,0.4195696909915153,22,blocked
22390,190,0,0.48179400849349907,0.5313674074153408,22,blocked
22391,191,0,0.4066272528652165,0.356451263899205,22,blocked
22392,192,0,0.44069320446247223,0.4374873626676852,22,blocked
22393,193,0,0.950172949651716,0.4642998461112145,22,blocked
22394,194,0,0.184360019662688,0.4240984831441297,22,blocked
22395,195,0,0.8468193442031203,0.40741501903305344,22,blocked
22396,196,0,0.3057680322987751,0.35464964122598097,22,blocked
22397,197,0,0.5575717331198278,0.39515862128921153,22,blocked
22398,198,0,0.9684737543099065,0.4453029866795657,22,blocked
22399,199,0,0.9922646184518933,0.4753212870572996,22,blocked
22400,0,0,0.04864096857468703,0.9104334578056348,22,early
22401,1,1,0.9801735591801222,0.8942088263429865,22,early
22402,2,2,0.5050620268232098,1.1357398613311243,22,early
22403,3,3,0.0032531627548915386,1.3730695945697975,22,early
22404,4,4,0.06439915170708661,0.7438321214579096,22,early
22405,5,5,0.5211752470379675,0.8874285180172292,22,early
22406,6,6,0.495196603506399,1.1806943203291707,22,early
22407,7,7,0.9333105263208705,0.7256716865960591,22,early
22408,8,0,0.062014452151395574,0.7064393171315667,22,early
22409,9,8,0.50573214133299,1.1874348758386375,22,early
22410,10,7,0.017274822659938256,0.6710753980203098,22,early
22411,11,7,0.014486371180805629,0.578256998421111,22,early
22412,12,7,0.9891052450847748,0.6742291366331766,22,early
22413,13,9,0.021167526010417343,1.1815004927355517,22,early
22414,14,0,0.05775288411508017,0.8565698046061582,22,early
22415,15,0,0.07328092495763236,0.6433180830075609,22,early
22416,16,0,0.9399889932960303,0.5593343135533642,22,early
22417,17,0,0.9267686868442981,0.7233011430983731,22,early
22418,18,7,0.021217658625008504,0.7236184044203687,22,early
22419,19,0,0.9065503591060571,0.5114596034564989,22,early
22420,20,0,0.08547852835984193,0.7457120226650906,22,early
22421,21,10,0.8685927499824023,0.828915665178735,22,early
22422,22,0,0.9294442354120827,0.5077124035685004,22,early
22423,23,0,0.06283673104980043,0.5985854924233782,22,early
22424,24,0,0.9407227349814251,0.6054896045847353,22,early
22425,25,0,0.9371525425308165,0.5310779446793922,22,early
22426,26,0,0.023379462024439447,0.6737584203572782,22,early
22427,27,0,0.10209666502706728,0.6921308983129132,22,early
22428,28,0,0.9187493397919007,0.366824175545297,22,early
22429,29,0,0.9137490288416996,0.5283710249631817,22,early
22430,30,0,0.05890269788008355,0.6453948146996286,22,early
22431,31,0,0.06902180212937778,0.6146937783744939,22,early
22432,32,11,0.07326686043028313,1.0430167316254604,22,early
22433,33,12,0.8980185992375946,0.8586174638248238,22,early
22434,34,7,0.023285871795295583,0.8120831005561691,22,early
22435,35,0,0.9257897000085016,0.6190746378195204,22,early
22436,36,0,0.9215038419236574,0.48830228149211785,22,early
22437,37,0,0.9338437631742892,0.5524213774786939,22,early
22438,38,7,0.9054670254720814,0.6508402679455617,22,early
22439,39,0,0.0873247473975879,0.45534864610234976,22,early
22440,40,0,0.5373798609698238,0.6301397609103354,22,early
22441,41,0,0.4914668558532552,0.6370343846227792,22,early
22442,42,0,0.5114193314523574,0.6525692914550512,22,early
22443,43,0,0.38039494604419627,0.5728783582704706,22,early
22444,44,0,0.34895652121584103,0.5566894827640704,22,early
22445,45,0,0.5746138441795515,0.5391398620927308,22,early
22446,46,0,0.44401314098715555,0.4312509785743117,22,early
22447,47,0,0.44694069926523355,0.5784053905445958,22,early
22448,48,0,0.5102081290159797,0.411091160441045,22,early
22449,49,0,0.42087241201640496,0.4909881328005311,22,early
22450,50,0,0.4721940050483987,0.6707447764880097,22,early
22451,51,0,0.38954763194519026,0.634810580935693,22,early
22452,52,0,0.4302755188188214,0.6915451974664273,22,early
22453,53,0,0.5056374646160967,0.5179606542300694,22,early
22454,54,0,0.5440196237705843,0.6175084492598256,22,early
22455,55,0,0.6534282408197977,0.6121236080838811,22,early
22456,56,0,0.4620718401748155,0.49751034169643893,22,early
22457,57,0,0.5676644363930866,0.47781364329431875,22,early
22458,58,0,0.46883086364716015,0.4062315088032902,22,early
22459,59,0,0.6076741400115128,0.5632112732840518,22,early
22460,60,0,0.48454083923442526,0.5884204241902659,22,early
22461,61,0,0.6103212668947229,0.46339661512017527,22,early
22462,62,0,0.574808460669467,0.38807724248222275,22,early
22463,63,0,0.5788039352750778,0.3843379479616624,22,early
22464,64,0,0.6371333779598413,0.5258896390518524,22,early
22465,65,0,0.5983278657073229,0.6965939564633762,22,early
22466,66,0,0.6796922462541084,0.5048208675720463,22,early
22467,67,0,0.2628720670793586,0.5284868156636521,22,early
22468,68,0,0.2723241879035414,0.573769309706383,22,early
22469,69,0,0.5696276824104374,0.48386808063628306,22,early
22470,70,0,0.5710644902957719,0.53265615779911,22,early
22471,71,0,0.4026761516066459,0.5077496993978097,22,early
22472,72,7,0.4962881078434659,0.46091806183971307,22,early
22473,73,0,0.679596629107464,0.6490691249208592,22,early
22474,74,0,0.6368635733034004,0.5724729005461195,22,early
22475,75,0,0.7097650390491207,0.369584747753897,22,early
22476,76,0,0.2574540125227609,0.4460796970187182,22,early
22477,77,0,0.33346808382787346,0.48173333029470683,22,early
22478,78,0,0.6008120620617237,0.5130193876333369,22,early
22479,79,0,0.7380220314978428,0.39534066368067233,22,early
22480,80,0,0.1503494453394393,0.6266724100146345,22,early
22481,81,0,0.3542061315094617,0.7602543545376181,22,early
22482,82,0,0.14837927609448193,0.5410300131033362,22,early
22483,83,0,0.3796235318014255,0.4065720821649284,22,early
22484,84,0,0.1613373395074211,0.496993235516635,22,early
22485,85,0,0.46659494593854933,0.39969150354355953,22,early
22486,86,0,0.2068948439700211,0.6344059425498023,22,early
22487,87,0,0.4583299237353867,0.6236073379510587,22,early
22488,88,0,0.19955373292005715,0.49458439774167884,22,early
22489,89,0,0.4735533111487997,0.3565712807202299,22,early
22490,90,0,0.2288142070864937,0.6490269855791426,22,early
22491,91,0,0.5772289264409303,0.38690776691493745,22,early
22492,92,0,0.2058736136698692,0.49199916393724497,22,early
22493,93,0,0.5127026248428075,0.5632537847713566,22,early
22494,94,0,0.7346676535158334,0.409130069049211,22,early
22495,95,0,0.5377357470505105,0.6306909804163126,22,early
22496,96,0,0.6689830408748803,0.30315460132653194,22,early
22497,97,0,0.5572127477196268,0.45436669984026706,22,early
22498,98,0,0.2571277212567151,0.45597093674612743,22,early
22499,99,0,0.45222446815630984,0.5163374868391677,22,early
22500,100,0,0.6258928872179474,0.5601419998229645,22,early
22501,101,0,0.4041227687030373,0.446236593320618,22,early
22502,102,0,0.7520390706336495,0.32645054600825524,22,early
22503,103,0,0.5163162266958277,0.466212367630746,22,early
22504,104,0,0.3530440668748591,0.6216904499029101,22,early
22505,105,0,0.78664351058943,0.4585175787454201,22,early
22506,106,0,0.6688756221660112,0.3267593418693191,22,early
22507,107,0,0.6865772199279475,0.5384869947296995,22,early
22508,108,0,0.23460971450451537,0.511810117034464,22,early
22509,109,0,0.12832294479331685,0.3714651961008306,22,early
22510,110,0,0.5660678466355699,0.37704454924451875,22,early
22511,111,0,0.16078774140110608,0.5101036770071964,22,early
22512,112,0,0.6045688249438465,0.5338627168436296,22,early
22513,113,0,0.23833507440829102,0.3772235558788395,22,early
22514,114,0,0.7078825394685593,0.3726193467232576,22,early
22515,115,0,0.4895615662455805,0.4965681928195804,22,early
22516,116,0,0.6379043978451209,0.35699359840313105,22,early
22517,117,0,0.33529750055794144,0.39873538478795045,22,early
22518,118,0,0.2481864594558259,0.4547777080417498,22,early
22519,119,0,0.6883222389191894,0.449697393011324,22,early
22520,120,0,0.2609051415526769,0.5258778512048339,22,early
22521,121,0,0.42218175484232295,0.41584265312392343,22,early
22522,122,0,0.19731757517683335,0.5997718381141833,22,early
22523,123,0,0.5675542720703585,0.4577227900763523,22,early
22524,124,0,0.741485981544507,0.46742356903200466,22,early
22525,125,0,0.3641851539808033,0.42358396288046984,22,early
22526,126,0,0.7271505589830489,0.4348271303484551,22,early
22527,127,0,0.428869106104599,0.5091347625012228,22,early
22528,128,0,0.7659033400008886,0.3535562108107738,22,early
22529,129,0,0.5160720681307324,0.4731951571822669,22,early
22530,130,0,0.194740108260309,0.6457331048711548,22,early
22531,131,0,0.4920311601003999,0.6366285889720278,22,early
22532,132,0,0.7772199528868956,0.4026806246357432,22,early
22533,133,0,0.6547518274756997,0.46384736927605097,22,early
22534,134,0,0.19678224768255237,0.5062541057017583,22,early
22535,135,0,0.4608326068072676,0.3788524086096745,22,early
22536,136,0,0.22072041770718287,0.5839901187560983,22,early
22537,137,0,0.2941236494465032,0.5374578844932278,22,early
22538,138,0,0.17906275148363068,0.5226892388686697,22,early
22539,139,0,0.7535501337522622,0.43984483160394766,22,early
22540,140,0,0.1922048603472159,0.5583106533938009,22,early
22541,141,0,0.48085718257309185,0.5018486054628709,22,early
22542,142,0,0.16309904866992225,0.554162419830375,22,early
22543,143,0,0.7202811533742516,0.46584737330669634,22,early
22544,144,0,0.23827887348713084,0.5075028832125048,22,early
22545,145,0,0.5519893302019686,0.40025020634807196,22,early
22546,146,0,0.6791665191451214,0.3797813879739988,22,early
22547,147,0,0.6729028818514899,0.34690835900360795,22,early
22548,148,0,0.6277037723402377,0.41667585030519494,22,early
22549,149,0,0.5735739995267402,0.3826382409542616,22,early
22550,150,0,0.7082243191479896,0.5523414266934726,22,early
22551,151,0,0.450067263703156,0.4494397199272375,22,early
22552,152,0,0.7584241370279983,0.47575179582872085,22,early
22553,153,0,0.7611441639452947,0.3676270202773888,22,early
22554,154,0,0.19632038891175055,0.5363567761044503,22,early
22555,155,0,0.3919857371546437,0.39740015422601344,22,early
22556,156,0,0.13924130354019562,0.4185194424998459,22,early
22557,157,0,0.20989340235851597,0.4410954265472118,22,early
22558,158,0,0.7955816192017124,0.43080444747011526,22,early
22559,159,0,0.596276362106981,0.44958804563566707,22,early
22560,160,0,0.11913259148677938,0.7023345457995425,22,early
22561,161,0,0.17328923749101405,0.48947245518968524,22,early
22562,162,0,0.16414740203408457,0.49982264881300037,22,early
22563,163,0,0.8147628920190217,0.3106836685243871,22,early
22564,164,0,0.25279253225060366,0.4532446334453239,22,early
22565,165,0,0.62273885670018,0.4164457143035646,22,early
22566,166,0,0.16576162750960546,0.4912966111690751,22,early
22567,167,0,0.5759824824601039,0.48501902661827545,22,early
22568,168,0,0.5835048352384924,0.3676853235440928,22,early
22569,169,0,0.24647559845155628,0.49121584888895564,22,early
22570,170,0,0.6757968710444905,0.5145007733794839,22,early
22571,171,0,0.796230121804983,0.26882393799715104,22,early
22572,172,0,0.788473943189812,0.3693513647614056,22,early
22573,173,0,0.25641399651135227,0.493933321999633,22,early
22574,174,0,0.7071332607320522,0.38175084655787705,22,early
22575,175,0,0.41268981008628053,0.52493348312148,22,early
22576,176,0,0.2263243335316238,0.43033150573467516,22,early
22577,177,0,0.8558709011414747,0.42474557910947874,22,early
22578,178,0,0.779969366103016,0.28728343863423944,22,early
22579,179,0,0.462651174313899,0.5304538704437559,22,early
22580,180,0,0.84641361871983,0.38679944911397235,22,early
22581,181,0,0.11401069930858368,0.5381912712346606,22,early
22582,182,0,0.30962961745313916,0.39095902814093997,22,early
22583,183,0,0.4323949544777677,0.37523045732296023,22,early
22584,184,0,0.1284087914070367,0.48496357632018056,22,early
22585,185,0,0.767817037583505,0.3367497955044151,22,early
22586,186,0,0.11810859785058321,0.5914255224593781,22,early
22587,187,0,0.42264818247702574,0.68584960875985,22,early
22588,188,0,0.7883697502899901,0.45310185746241205,22,early
22589,189,0,0.17247463612211228,0.5320919590144102,22,early
22590,190,0,0.6893374934469377,0.4447385987680884,22,early
22591,191,0,0.1865593764293948,0.46435333372715915,22,early
22592,192,0,0.70240465057078,0.36845854154204327,22,early
22593,193,0,0.5718964586044759,0.3776294157941834,22,early
22594,194,0,0.5300117486294937,0.40560822207470737,22,early
22595,195,0,0.6946510724644055,0.49446371618104945,22,early
22596,196,0,0.7962379946014336,0.31298879168732907,22,early
22597,197,0,0.30978515511117793,0.3993943089807449,22,early
22598,198,0,0.8507755841098882,0.3338307171456846,22,early
22599,199,0,0.7979748006669726,0.4625589483381196,22,early
22600,0,0,0.018434547790203322,0.9505127506382248,22,middle
22601,1,0,0.5546187232332251,0.6120894551797302,22,middle
22602,2,0,0.8896495443715728,0.6447437140935177,22,middle
22603,3,0,0.5232239885261233,0.7339800695557342,22,middle
22604,4,0,0.9471833031933875,0.7903149035428279,22,middle
22605,5,0,0.4831900828061639,0.6582420872592669,22,middle
22606,6,0,0.04721397567762978,0.8276118260254969,22,middle
22607,7,0,0.5870862917978245,0.6393041495013118,22,middle
22608,8,0,0.029358166276711124,0.8055811524104076,22,middle
22609,9,0,0.5209952570118971,0.5140114977199322,22,middle
22610,10,0,0.8878285889321156,0.5542723396135436,22,middle
22611,11,0,0.46578463815684534,0.532053148546711,22,middle
22612,12,0,0.8463656513520907,0.49842893914827513,22,middle
22613,13,0,0.553706030372645,0.6502324235462953,22,middle
22614,14,0,0.8672849557876482,0.5632751914502973,22,middle
22615,15,0,0.4822370547164122,0.6330599503361036,22,middle
22616,16,0,0.8592747612192491,0.6729301880253183,22,middle
22617,17,0,0.5015079284432352,0.7256239372168823,22,middle
22618,18,0,0.022804157348883254,0.8165490378713103,22,middle
22619,19,0,0.5865864163718193,0.6321222721632747,22,middle
22620,20,0,0.1094962545970054,0.7666129532804802,22,middle
22621,21,0,0.5620456735535162,0.5131795249289895,22,middle
22622,22,0,0.8606055848193028,0.4742036039789973,22,middle
22623,23,0,0.6495246614330932,0.6095872727618925,22,middle
22624,24,0,0.06630967908761594,0.6859133899774974,22,middle
22625,25,0,0.5538961209813785,0.5911789490309667,22,middle
22626,26,0,0.8108535886491295,0.533046980102057,22,middle
22627,27,0,0.5528150732570846,0.511476339598888,22,middle
22628,28,0,0.03059721823514338,0.8257452576182056,22,middle
22629,29,0,0.49900334400436763,0.6578889392260151,22,middle
22630,30,0,0.055679631142739064,0.6808306369685508,22,middle
22631,31,0,0.5194756664217282,0.49588803876628385,22,middle
22632,32,0,0.14651961267990962,0.598321976041167,22,middle
22633,33,0,0.5377019134257122,0.42972836091238353,22,middle
22634,34,0,0.7349365800058127,0.5275543316620475,22,middle
22635,35,0,0.5354505206048548,0.657941476275272,22,middle
22636,36,0,0.8100031829763152,0.4703970527900571,22,middle
22637,37,0,0.5744925280597745,0.5455355843006928,22,middle
22638,38,0,0.8028589104467935,0.5026829734207516,22,middle
22639,39,0,0.5183114437790771,0.5524054037241564,22,middle
22640,40,0,0.8372905836567492,0.4230038951860169,22,middle
22641,41,0,0.8979357269156797,0.293023085186048,22,middle
22642,42,0,0.8636768896091216,0.4360591628918624,22,middle
22643,43,0,0.910515307293184,0.35481687240455206,22,middle
22644,44,0,0.035494925879447276,0.6393010631786671,22,middle
22645,45,0,0.06250142249941647,0.7019452723973068,22,middle
22646,46,0,0.8355958281647691,0.44267629028585775,22,middle
22647,47,0,0.0994741145906648,0.6711039563269781,22,middle
22648,48,0,0.0933002214381471,0.5754048287329143,22,middle
22649,49,0,0.8932736364991094,0.41056187489792095,22,middle
22650,50,0,0.13798329506571932,0.7071448142037532,22,middle
22651,51,0,0.7604758337139017,0.4341762662841495,22,middle
22652,52,0,0.900679630168138,0.3006509631729123,22,middle
22653,53,0,0.6872040006961575,0.4775675039465547,22,middle
22654,54,0,0.08666038749795035,0.8443555929865791,22,middle
22655,55,0,0.1349502668536888,0.6767344505942199,22,middle
22656,56,0,0.8728642132351246,0.36266308966534244,22,middle
22657,57,0,0.1324007901422228,0.5561636881213405,22,middle
22658,58,0,0.15013096257770978,0.6844611142704611,22,middle
22659,59,0,0.6553701113561619,0.7452674377354587,22,middle
22660,60,0,0.25623689114811254,0.5454687776001361,22,middle
22661,61,0,0.08696830541555349,0.6853106854962022,22,middle
22662,62,0,0.7916537186105793,0.496977182465142,22,middle
22663,63,0,0.11950298855968411,0.576377952079072,22,middle
22664,64,0,0.839602372204834,0.3417053661748902,22,middle
22665,65,0,0.06763973777746224,0.7441464577865552,22,middle
22666,66,0,0.237203918564305,0.5835017812262266,22,middle
22667,67,0,0.19985557133925475,0.5162540539291839,22,middle
22668,68,0,0.8343648976435558,0.3952642703608498,22,middle
22669,69,0,0.8098817542849018,0.48804832228208106,22,middle
22670,70,0,0.7585393941851706,0.43961133480826764,22,middle
22671,71,0,0.7621845323501257,0.36046137918153864,22,middle
22672,72,0,0.1794949431633403,0.6152326139728872,22,middle
22673,73,0,0.11972599855568666,0.5418933572004712,22,middle
22674,74,0,0.12136074687931055,0.5805205850583102,22,middle
22675,75,0,0.7409975188432614,0.4332229157173816,22,middle
22676,76,0,0.865540484718587,0.3437564484686466,22,middle
22677,77,0,0.7875316785043716,0.6353754375864171,22,middle
22678,78,0,0.20714137718242517,0.5620204931108894,22,middle
22679,79,0,0.8587776822539,0.3340067861563345,22,middle
22680,80,0,0.5121854555754988,0.5879702307124159,22,middle
22681,81,0,0.5056163423939453,0.5737289748666521,22,middle
22682,82,0,0.5280760277977663,0.46299032570483,22,middle
22683,83,0,0.5966606249656824,0.5013845565587431,22,middle
22684,84,0,0.5454276176307769,0.4095638144238986,22,middle
22685,85,0,0.4830464864211167,0.48179987494303855,22,middle
22686,86,0,0.5320093087397545,0.45377895232517185,22,middle
22687,87,0,0.5129951245629457,0.6561855208962923,22,middle
22688,88,0,0.4912656828933238,0.4652232317652635,22,middle
22689,89,0,0.5326368540341794,0.48959225144906116,22,middle
22690,90,0,0.5203819577055194,0.5298473456255904,22,middle
22691,91,0,0.48902001783172366,0.5742988604365349,22,middle
22692,92,0,0.48505122075700335,0.446893405145242,22,middle
22693,93,0,0.5085803893012496,0.4602943275945119,22,middle
22694,94,0,0.5588305642616551,0.5629529763359538,22,middle
22695,95,0,0.49724896549551756,0.5664303296786586,22,middle
22696,96,0,0.5589979502894089,0.5087256540761185,22,middle
22697,97,0,0.5393667285546209,0.4918212515614433,22,middle
22698,98,0,0.5708101936753845,0.5958814291656395,22,middle
22699,99,0,0.503716046315147,0.4721993674651737,22,middle
22700,100,0,0.5575534750894,0.40236496658190124,22,middle
22701,101,0,0.527622549485021,0.46114380969569546,22,middle
22702,102,0,0.5506122552123734,0.5342486015233233,22,middle
22703,103,0,0.5424376876871003,0.5159367113163257,22,middle
22704,104,0,0.5611369187807697,0.5072625767766493,22,middle
22705,105,0,0.49872580511806397,0.42437884325102,22,middle
22706,106,0,0.5240918270085979,0.48892599692782956,22,middle
22707,107,0,0.5175309309888845,0.504166088157468,22,middle
22708,108,0,0.48194099685980296,0.36437004416145535,22,middle
22709,109,0,0.6496912533271839,0.5030160136739661,22,middle
22710,110,0,0.5727343259812455,0.5359116351559021,22,middle
22711,111,0,0.505283746047159,0.4462540582496662,22,middle
22712,112,0,0.4528371485467179,0.5133524711227274,22,middle
22713,113,0,0.6592186681343271,0.4379442795823469,22,middle
22714,114,0,0.4157363682260491,0.7059406739830083,22,middle
22715,115,0,0.5098858601191126,0.37628289792726255,22,middle
22716,116,0,0.5566059158730086,0.6231861467107531,22,middle
22717,117,0,0.524200467618925,0.4133311865053338,22,middle
22718,118,0,0.5376498844777228,0.5414853784835706,22,middle
22719,119,0,0.5760097077150546,0.44070902743098267,22,middle
22720,120,0,0.8891719533247278,0.3211430111499985,22,middle
22721,121,0,0.5145658895846037,0.5540737035877792,22,middle
22722,122,0,0.0539978705048919,0.6600278920453241,22,middle
22723,123,0,0.49647535068314935,0.6330818169358058,22,middle
22724,124,0,0.8507713477615586,0.566224986057349,22,middle
22725,125,0,0.6189819103611561,0.3611611604729402,22,middle
22726,126,0,0.9231650311374264,0.34305643844727707,22,middle
22727,127,0,0.49615376263964356,0.4555307062375749,22,middle
22728,128,0,0.8934664760539104,0.5189892889991563,22,middle
22729,129,0,0.5715804624153187,0.4923999776169007,22,middle
22730,130,0,0.8469103150194258,0.5121573832617703,22,middle
22731,131,0,0.5727435885691999,0.3976556660747751,22,middle
22732,132,0,0.06838421434192118,0.653831144396979,22,middle
22733,133,0,0.5200569243160469,0.3599843795392579,22,middle
22734,134,0,0.9215408917397715,0.4996059629903745,22,middle
22735,135,0,0.5315087536237628,0.4552688566145853,22,middle
22736,136,0,0.919328917551861,0.27148305420487195,22,middle
22737,137,0,0.5626883248457565,0.44315251137677997,22,middle
22738,138,0,0.1374277766813225,0.6752609979583716,22,middle
22739,139,0,0.41383072732424503,0.4258977246327046,22,middle
22740,140,0,0.06770578664196152,0.676397903343702,22,middle
22741,141,0,0.4969001760291762,0.5752717835315715,22,middle
22742,142,0,0.7557079636976581,0.4124251399720583,22,middle
22743,143,0,0.5783984376815288,0.38911025627225226,22,middle
22744,144,0,0.10157400181973147,0.5208020032688242,22,middle
22745,145,0,0.5328936958117525,0.43175458365028524,22,middle
22746,146,0,0.8446880889725036,0.40281051301086446,22,middle
22747,147,0,0.47885123108872696,0.619684305453295,22,middle
22748,148,0,0.8891218188597622,0.3464512594347456,22,middle
22749,149,0,0.4968099999379087,0.5041713395383102,22,middle
22750,150,0,0.8564293481031411,0.4290147516175735,22,middle
22751,151,0,0.4940178695405045,0.5536032780481546,22,middle
22752,152,0,0.9340026991789745,0.4557675399658407,22,middle
22753,153,0,0.5499820725960347,0.5777512199179147,22,middle
22754,154,0,0.9002364357999398,0.47864378119404316,22,middle
22755,155,0,0.4835269913420789,0.4021513696444813,22,middle
22756,156,0,0.03474802000789841,0.5550831168168462,22,middle
22757,157,0,0.543374474910542,0.49920294383139185,22,middle
22758,158,0,0.07862339769874963,0.6199480549742002,22,middle
22759,159,0,0.5403003514601613,0.5041003089627545,22,middle
22760,160,0,0.5521117494679247,0.5323847241285609,22,middle
22761,161,0,0.47876005975869207,0.4026929780064772,22,middle
22762,162,0,0.4991006902023971,0.36920773034260507,22,middle
22763,163,0,0.48498102285363387,0.5000549619672655,22,middle
22764,164,0,0.039174227139794834,0.5477342918393888,22,middle
22765,165,0,0.49427373902360966,0.41888856609361713,22,middle
22766,166,0,0.5328412338416691,0.49620524662237186,22,middle
22767,167,0,0.9031896897241645,0.3819635385446747,22,middle
22768,168,0,0.9270033115399556,0.4442063538958603,22,middle
22769,169,0,0.87264180730849,0.47900826694401977,22,middle
22770,170,0,0.5343764280881397,0.5173850994688064,22,middle
22771,171,0,0.9280803336862171,0.35696995854804103,22,middle
22772,172,0,0.12102553411691994,0.5554656503926617,22,middle
22773,173,0,0.8828968202968831,0.3061883519497087,22,middle
22774,174,0,0.8271766633955072,0.3173464989787002,22,middle
22775,175,0,0.046616525409373444,0.7327960461577867,22,middle
22776,176,0,0.08934800132989135,0.6928021339558519,22,middle
22777,177,0,0.1652352988797556,0.7774983806047104,22,middle
22778,178,0,0.6797772715884067,0.47856503657530636,22,middle
22779,179,0,0.7732663006556739,0.4142871155127546,22,middle
22780,180,0,0.6724568566524298,0.6190142456176349,22,middle
22781,181,0,0.06889083628593706,0.561169931530969,22,middle
22782,182,0,0.11751658648961637,0.6047256400945253,22,middle
22783,183,0,0.513468703864969,0.5037248066135158,22,middle
22784,184,0,0.0821135434433373,0.5948916001737122,22,middle
22785,185,0,0.5194701972110766,0.6113631376315822,22,middle
22786,186,0,0.6169820184576912,0.4909505644953137,22,middle
22787,187,0,0.8796451588309224,0.31526524275025425,22,middle
22788,188,0,0.5349187471997097,0.4947610953137815,22,middle
22789,189,0,0.5654946198821381,0.4853479149727609,22,middle
22790,190,0,0.08735263626712111,0.5259592686050394,22,middle
22791,191,0,0.49887959480660954,0.6032006385785692,22,middle
22792,192,0,0.5681585446399151,0.4081994775563864,22,middle
22793,193,0,0.5128549526179381,0.4593643442404166,22,middle
22794,194,0,0.5338461745286814,0.41899212865607893,22,middle
22795,195,0,0.47361638304940507,0.5608979305900137,22,middle
22796,196,0,0.824743124813982,0.315552992690962,22,middle
22797,197,0,0.5902080294396908,0.4545858312207604,22,middle
22798,198,0,0.2238987021499873,0.5840043367157236,22,middle
22799,199,0,0.47321246620922947,0.5015085475124683,22,middle
22800,0,0,0.8806222532410065,0.5372242167832972,22,late
22801,1,1,0.05292353622836915,0.8613616238314756,22,late
22802,2,2,0.52743279472134,1.211653353278732,22,late
22803,3,0,0.5055078020560151,0.47799503345661304,22,late
22804,4,0,0.8874057776234081,0.5606564555465097,22,late
22805,5,3,0.004382963500058624,0.9793490828156446,22,late
22806,6,4,0.09023943042373514,0.9645817394261059,22,late
22807,7,5,0.5077591625341878,1.1870561632521488,22,late
22808,8,6,0.9592210973270469,1.2831657998024846,22,late
22809,9,0,0.4898653216151585,0.7125203929246973,22,late
22810,10,0,0.04439746333123679,0.7240895493677133,22,late
22811,11,0,0.5068177243750954,0.7473891129074867,22,late
22812,12,0,0.9167931585896884,0.41665139417070085,22,late
22813,13,0,0.51508966970833,0.657447627439163,22,late
22814,14,0,0.028710601231309515,0.5596094376433436,22,late
22815,15,0,0.5013425488923472,0.7269758719252186,22,late
22816,16,0,0.9535160245152059,0.5619154736608609,22,late
22817,17,0,0.5316532703128798,0.4910404534367957,22,late
22818,18,0,0.9776759585556425,0.5684901658163869,22,late
22819,19,0,0.5301326863493836,0.46950971665124785,22,late
22820,20,0,0.9471442205096052,0.427935448690187,22,late
22821,21,0,0.5095965073099447,0.5421299775543695,22,late
22822,22,0,0.9555933682089701,0.5057218327095052,22,late
22823,23,0,0.5182998871898363,0.6688914738885711,22,late
22824,24,0,0.03728819368256018,0.5031559400428012,22,late
22825,25,0,0.5510232869075349,0.3340828499707029,22,late
22826,26,0,0.9272364339018346,0.5285183096848765,22,late
22827,27,0,0.5186496579582034,0.5813034706286173,22,late
22828,28,0,0.02212176809608405,0.6550484091288518,22,late
22829,29,0,0.541801160890863,0.5353211837548297,22,late
22830,30,0,0.03424527239324206,0.5430045138529778,22,late
22831,31,0,0.5851355229581168,0.34047712996077084,22,late
22832,32,0,0.9462653744253753,0.3988410431210313,22,late
22833,33,0,0.4891410870872141,0.5267622525306529,22,late
22834,34,0,0.9510107274254982,0.39332107359153057,22,late
22835,35,0,0.48504178125661623,0.36666456281280224,22,late
22836,36,0,0.9608440404855704,0.35842571318658417,22,late
22837,37,0,0.4809162372412749,0.4175631760405772,22,late
22838,38,0,0.9660966118301013,0.4582558000982183,22,late
22839,39,0,0.5508888957986828,0.3374398651723047,22,late
22840,40,0,0.9256850968743444,0.5227970890116578,22,late
22841,41,0,0.5695266897306547,0.6433913730034817,22,late
22842,42,0,0.9718889271103803,0.5423370261902607,22,late
22843,43,0,0.5315212285011246,0.3373101829441739,22,late
22844,44,0,0.034478653320150765,0.6455308748543992,22,late
22845,45,0,0.48769689739404054,0.5979979771254271,22,late
22846,46,0,0.9499499024871714,0.26078795423195317,22,late
22847,47,0,0.5457901333997813,0.45325964318235057,22,late
22848,48,0,0.012974493328033847,0.6821870464281214,22,late
22849,49,0,0.5338321543423535,0.3957631714658684,22,late
22850,50,0,0.9568558806441008,0.37805660513356776,22,late
22851,51,0,0.5779707532820022,0.5340992518179164,22,late
22852,52,0,0.9491475969240925,0.42123397408028707,22,late
22853,53,0,0.4930696127961439,0.3979572890048708,22,late
22854,54,0,0.9234056631863052,0.48940937765468995,22,late
22855,55,0,0.5691395527929997,0.4268960750457845,22,late
22856,56,0,0.05037307875446438,0.5787140340971818,22,late
22857,57,0,0.47778684540352984,0.47373022323411274,22,late
22858,58,0,0.9216892917415599,0.34020135345253855,22,late
22859,59,0,0.5322760777051714,0.5332620838996062,22,late
22860,60,0,0.9518136001313071,0.2975118510112349,22,late
22861,61,0,0.6038373029213334,0.4216941839866163,22,late
22862,62,0,0.05402096665643811,0.4635668140530971,22,late
22863,63,0,0.6180167384492842,0.5140470499424191,22,late
22864,64,0,0.07719742166849129,0.407168859043501,22,late
22865,65,0,0.4618306082145349,0.33780895263872407,22,late
22866,66,0,0.09282299322323508,0.5832951544933742,22,late
22867,67,0,0.579153280218257,0.44746747044733426,22,late
22868,68,0,0.9193183547566192,0.37757170064028833,22,late
22869,69,0,0.5519091081135118,0.26709667052044284,22,late
22870,70,0,0.05736659020670885,0.6303550051359628,22,late
22871,71,0,0.5676903404676794,0.4009168317968659,22,late
22872,72,0,0.8479298297088977,0.31735842445539153,22,late
22873,73,0,0.5659914653811917,0.38109006644689636,22,late
22874,74,0,0.9424617788918619,0.4286410405347715,22,late
22875,75,0,0.5517234627763852,0.38055863818712954,22,late
22876,76,0,0.957483390336018,0.26451170038869337,22,late
22877,77,0,0.48816401608901916,0.3878174107263027,22,late
22878,78,0,0.04135205115769736,0.45459438727897145,22,late
22879,79,0,0.5254212238799604,0.3654421522314496,22,late
22880,80,0,0.10006523832963288,0.3497192801673633,22,late
22881,81,0,0.040028611709719525,0.5033077456516895,22,late
22882,82,0,0.021296747776629415,0.6101069118881197,22,late
22883,83,0,0.9681896752478101,0.43494776579906513,22,late
22884,84,0,0.09677657618423145,0.5653883282636899,22,late
22885,85,0,0.8302698172283438,0.36885279918405117,22,late
22886,86,0,0.10583633502240034,0.453054797348701,22,late
22887,87,0,0.08389185917333196,0.5770847466238019,22,late
22888,88,0,0.8709433565746497,0.4190296858078334,22,late
22889,89,0,0.9328382939469577,0.41679957650720323,22,late
22890,90,0,0.8489981068430568,0.4473120187952728,22,late
22891,91,0,0.7207771654320649,0.5421942348012279,22,late
22892,92,0,0.8457286742095342,0.548604244187856,22,late
22893,93,0,0.9173871112148049,0.38192233763651745,22,late
22894,94,0,0.9350556284051994,0.4043808201392958,22,late
22895,95,0,0.03401375057605949,0.5236667410095917,22,late
22896,96,0,0.12310360682606727,0.5323423105250555,22,late
22897,97,0,0.9557652641105165,0.29830431972105936,22,late
22898,98,0,0.11538693777555233,0.4992216905094202,22,late
22899,99,0,0.9483368947960573,0.3034265010063611,22,late
22900,100,0,0.9062476353284008,0.39918635371606603,22,late
22901,101,0,0.04227350202651002,0.5513907414758814,22,late
22902,102,0,0.9619608670150672,0.47433795690154845,22,late
22903,103,0,0.9715155255206475,0.3087331985726496,22,late
22904,104,0,0.9629974429638732,0.43103127591165563,22,late
22905,105,0,0.9510419217518331,0.3694125661009164,22,late
22906,106,0,0.14662814434132854,0.4774903495710753,22,late
22907,107,0,0.9515821986191799,0.40322840291738804,22,late
22908,108,0,0.06715437862762791,0.42662597328392465,22,late
22909,109,0,0.08072687854128006,0.5403148907415172,22,late
22910,110,0,0.9256595028894836,0.41424650170166144,22,late
22911,111,0,0.7200398137031305,0.5107365811282389,22,late
22912,112,0,0.7574165583293524,0.3603121018000802,22,late
22913,113,0,0.41814816577261815,0.41849930928183304,22,late
22914,114,0,0.649953484294772,0.35967489417758397,22,late
22915,115,0,0.33264041232209884,0.28451891558415604,22,late
22916,116,0,0.8855709176783658,0.3594568841551059,22,late
22917,117,0,0.1557620427035655,0.569073840303524,22,late
22918,118,0,0.11828493511111574,0.508644487067674,22,late
22919,119,0,0.9066917868462743,0.30064818501983565,22,late
22920,120,0,0.6251580819031086,0.5918940878041282,22,late
22921,121,0,0.4699331765562436,0.3258039378636105,22,late
22922,122,0,0.46585729798635545,0.2965128560027027,22,late
22923,123,0,0.5241666173845225,0.32788542901552453,22,late
22924,124,0,0.519181071468753,0.47232843405062575,22,late
22925,125,0,0.5171853504170663,0.5397847749285991,22,late
22926,126,0,0.469649116372459,0.4354727862634707,22,late
22927,127,0,0.4661248214080614,0.4092242604792623,22,late
22928,128,0,0.441110482885354,0.5161939900810474,22,late
22929,129,0,0.4333086953869101,0.46408497079122873,22,late
22930,130,0,0.5438501657594587,0.31560348080602996,22,late
22931,131,0,0.5394759008713325,0.5184802651280603,22,late
22932,132,0,0.4816036343007297,0.4940523391648919,22,late
22933,133,0,0.5009557713225857,0.45943903270802017,22,late
22934,134,0,0.490186568045449,0.3346000627724435,22,late
22935,135,0,0.5032836734145427,0.33656128674306696,22,late
22936,136,0,0.5221597952669247,0.43560699652733004,22,late
22937,137,0,0.5588348581326175,0.2676603494605664,22,late
22938,138,0,0.5296076913959674,0.5534561938251268,22,late
22939,139,0,0.5591617046373607,0.46374670109158533,22,late
22940,140,0,0.4709483970256658,0.3525862587277967,22,late
22941,141,0,0.4244921162332615,0.653539478279529,22,late
22942,142,0,0.4411446611916786,0.3776506705450775,22,late
22943,143,0,0.516522891526989,0.4671036657492089,22,late
22944,144,0,0.4544583553943026,0.4499327953191329,22,late
22945,145,0,0.5664420749074313,0.40941869271671233,22,late
22946,146,0,0.5075289436415764,0.320982613233602,22,late
22947,147,0,0.4538409198247222,0.4323853405992928,22,late
22948,148,0,0.5651383009127433,0.44457569357090143,22,late
22949,149,0,0.6045006828791228,0.3129899040029113,22,late
22950,150,0,0.5218999394683039,0.4051483929442879,22,late
22951,151,0,0.5795095267325155,0.5128539098875408,22,late
22952,152,0,0.5757846318601288,0.4046565953306336,22,late
22953,153,0,0.4565427165163632,0.3557596696011745,22,late
22954,154,0,0.4122568584086348,0.4019321447996941,22,late
22955,155,0,0.5860031838527439,0.3841927754143859,22,late
22956,156,0,0.5032291964021843,0.4609256161401775,22,late
22957,157,0,0.4272651815276791,0.47419979118481587,22,late
22958,158,0,0.614472986661008,0.37771459386021033,22,late
22959,159,0,0.4635186181038325,0.4798642440165325,22,late
22960,160,0,0.5070167031197725,0.4406580665410161,22,late
22961,161,0,0.8585239552929304,0.34735462385279026,22,late
22962,162,0,0.06387730283294411,0.5921797625446933,22,late
22963,163,0,0.8851203702762817,0.2969119673062819,22,late
22964,164,0,0.9043207143594696,0.3554278916458995,22,late
22965,165,0,0.9134783180595256,0.32603048630417497,22,late
22966,166,0,0.4633125018657735,0.547335051914029,22,late
22967,167,0,0.48265447765489466,0.41364704127246266,22,late
22968,168,0,0.8577532866036254,0.28281100563949657,22,late
22969,169,0,0.11508223194778906,0.38615185559603893,22,late
22970,170,0,0.4285041730693335,0.3154607837419982,22,late
22971,171,0,0.870285024888878,0.30530327489158604,22,late
22972,172,0,0.393509280039967,0.4477280443235329,22,late
22973,173,0,0.3952223871692036,0.4570794610875577,22,late
22974,174,0,0.20336433087670552,0.4854548372840825,22,late
22975,175,0,0.13758145733038651,0.48366284374445645,22,late
22976,176,0,0.42010814779802363,0.41294600940487863,22,late
22977,177,0,0.1057804225481991,0.3210981881769337,22,late
22978,178,0,0.9156967878373042,0.3372520710708323,22,late
22979,179,0,0.8833012547494714,0.3934621055400269,22,late
22980,180,0,0.25057632354584136,0.5486108489352802,22,late
22981,181,0,0.8784849369604408,0.34489499015587427,22,late
22982,182,0,0.1426231644326163,0.48044134533436,22,late
22983,183,0,0.7166309369732138,0.4427018535905037,22,late
22984,184,0,0.5779363068658158,0.4681965813772466,22,late
22985,185,0,0.5549201908098106,0.42315512040746045,22,late
22986,186,0,0.5645030606448908,0.4207588131501705,22,late
22987,187,0,0.8932240392051772,0.3265500644433098,22,late
22988,188,0,0.44995273543511494,0.46644566545847477,22,late
22989,189,0,0.8926186827174849,0.33341671528589456,22,late
22990,190,0,0.8960891637346289,0.2755375320198398,22,late
22991,191,0,0.9295611889445635,0.5018317254823967,22,late
22992,192,0,0.33199748373876004,0.3387419441850261,22,late
22993,193,0,0.5446684271968097,0.3738540619425095,22,late
22994,194,0,0.937951118788535,0.38856917614637443,22,late
22995,195,0,0.4664610388093682,0.4504559802445942,22,late
22996,196,0,0.6337287956572422,0.2991396081755747,22,late
22997,197,0,0.47358430494765263,0.4370361351148059,22,late
22998,198,0,0.9198108102078018,0.34281643973285836,22,late
22999,199,0,0.8619684384078636,0.43827933413391085,22,late
23000,0,0,0.6535871090518006,0.7848499266886442,23,interleaved
23001,1,1,0.7982526551339717,0.8623857926195905,23,interleaved
23002,2,2,0.5060582825002484,0.9525471581493257,23,interleaved
23003,3,3,0.0036046902458447194,1.4196670990463456,23,interleaved
23004,4,4,0.2709225877864018,1.151370445618963,23,interleaved
23005,5,5,0.471011056111181,1.3350064217542195,23,interleaved
23006,6,6,0.5002636426607343,1.2532456208740492,23,interleaved
23007,7,7,0.22381775735966966,1.117947182537846,23,interleaved
23008,8,0,0.5434692767394155,0.7882187346842218,23,interleaved
23009,9,8,0.4885156489727595,1.3321839943739553,23,interleaved
23010,10,9,0.297022753998687,0.8533661699660324,23,interleaved
23011,11,10,0.4984593901830448,0.854812489788064,23,interleaved
23012,12,11,0.22388680452137494,1.0728357824787176,23,interleaved
23013,13,12,0.8973639561193596,1.2902322030634648,23,interleaved
23014,14,0,0.5998592162729288,0.7782771561441357,23,interleaved
23015,15,0,0.742599701082387,0.6845529297199922,23,interleaved
23016,16,0,0.5470013547627932,0.5853790594340265,23,interleaved
23017,17,13,0.18956886601325493,0.80930698377442,23,interleaved
23018,18,14,0.5095897679342661,0.7277502981265964,23,interleaved
23019,19,15,0.10412185236260653,1.2536930861403466,23,interleaved
23020,20,16,0.46941404138836446,0.8177280141215151,23,interleaved
23021,21,17,0.5175644984817788,0.9187591351973773,23,interleaved
23022,22,18,0.16947500381341885,1.7826071400695878,23,interleaved
23023,23,19,0.7148180554856638,1.031090330086272,23,interleaved
23024,24,20,0.49584490259479436,1.1497103366563677,23,interleaved
23025,25,21,0.05185217304186647,1.2046734123321383,23,interleaved
23026,26,22,0.20438682266971328,0.7665784157373481,23,interleaved
23027,27,23,0.5693820587085917,1.3309449176596362,23,interleaved
23028,28,24,0.9081536806850272,1.0354122187215213,23,interleaved
23029,29,0,0.625343165429624,0.60881152226806,23,interleaved
23030,30,0,0.7080966964663105,0.6875886881693671,23,interleaved
23031,31,9,0.6149613759198949,0.607599912814395,23,interleaved
23032,32,9,0.7995917226993736,0.7097991157591361,23,interleaved
23033,33,9,0.5884824353317862,0.7450101272154934,23,interleaved
23034,34,25,0.4242781089590184,1.3958678311730126,23,interleaved
23035,35,0,0.43164755103640834,0.6485282205042597,23,interleaved
23036,36,26,0.6495348693902101,0.8408324960680045,23,interleaved
23037,37,27,0.07267448795763168,1.0278036233071741,23,interleaved
23038,38,28,0.9100024995518723,0.6863851211253891,23,interleaved
23039,39,28,0.10765278543267448,0.7312052696634672,23,interleaved
23040,40,29,0.014604079999088235,1.3321229555103178,23,interleaved
23041,41,30,0.5479325723515377,1.087130410170501,23,interleaved
23042,42,31,0.6160811291833195,0.729006891724558,23,interleaved
23043,43,32,0.1270582109888863,0.8550867948824197,23,interleaved
23044,44,31,0.5774945713394704,0.7113639026181013,23,interleaved
23045,45,31,0.903845947330727,0.6129819915160792,23,interleaved
23046,46,31,0.5564602138962986,0.6456746328601051,23,interleaved
23047,47,31,0.963160830973798,0.650628162461492,23,interleaved
23048,48,31,0.4517081570696503,0.6178971725941327,23,interleaved
23049,49,31,0.06447322212353303,0.5811474376134111,23,interleaved
23050,50,31,0.5916095118299289,0.6884511282431909,23,interleaved
23051,51,31,0.045153458349506105,0.7329206489625517,23,interleaved
23052,52,31,0.5542510603395588,0.5851857451358582,23,interleaved
23053,53,31,0.9614066373019949,0.6379237129844513,23,interleaved
23054,54,31,0.4052110997777595,0.6430292133789131,23,interleaved
23055,55,31,0.33268412528006086,0.605505597110873,23,interleaved
23056,56,31,0.5488039853699721,0.46015914942421765,23,interleaved
23057,57,31,0.9575151577202599,0.5901478433260354,23,interleaved
23058,58,31,0.5335248630067979,0.5416047665115883,23,interleaved
23059,59,9,0.7121911397643188,0.6895044422611689,23,interleaved
23060,60,31,0.5585365942167548,0.5804992932344886,23,interleaved
23061,61,31,0.9706148936898813,0.4080267368060536,23,interleaved
23062,62,31,0.5344748960988839,0.533402304588863,23,interleaved
23063,63,31,0.9516440593744402,0.3143328368378995,23,interleaved
23064,64,31,0.5311469061954205,0.47087038355267957,23,interleaved
23065,65,31,0.060241623876728136,0.5289087503599919,23,interleaved
23066,66,31,0.4923229727703903,0.5366985302880216,23,interleaved
23067,67,31,0.049491445700560306,0.5359468619048746,23,interleaved
23068,68,31,0.5524874745674805,0.5377019369897261,23,interleaved
23069,69,33,0.9503256841563766,0.6169147132229086,23,interleaved
23070,70,31,0.540798509672251,0.5216056026621501,23,interleaved
23071,71,31,0.9353904550296188,0.5455207025946455,23,interleaved
23072,72,31,0.5055137569776884,0.5246184407315503,23,interleaved
23073,73,31,0.040500260740315874,0.6042496416407854,23,interleaved
23074,74,31,0.4867256410213267,0.586686550771684,23,interleaved
23075,75,31,0.936188532874183,0.5151451268021969,23,interleaved
23076,76,31,0.39014627909335664,0.559657041502084,23,interleaved
23077,77,31,0.12302322637576835,0.5466687889674184,23,interleaved
23078,78,31,0.4867777466844697,0.505699646106012,23,interleaved
23079,79,31,0.7988357748600903,0.42175839154585065,23,interleaved
23080,80,31,0.5449632185682454,0.40551061869735017,23,interleaved
23081,81,31,0.14161699239588016,0.5481650876336043,23,interleaved
23082,82,31,0.45661417599997706,0.6317710705935328,23,interleaved
23083,83,31,0.9465137210523126,0.6345853485980459,23,interleaved
23084,84,31,0.5396194939028465,0.466131205450836,23,interleaved
23085,85,31,0.2546511383686046,0.5912951913553438,23,interleaved
23086,86,31,0.5799599409489654,0.4854932169062014,23,interleaved
23087,87,31,0.7831147543410102,0.5049507837949022,23,interleaved
23088,88,28,0.36509750120969586,0.7190124566225125,23,interleaved
23089,89,31,0.871008069635393,0.4432136438641413,23,interleaved
23090,90,31,0.5357706111656195,0.7148719491891904,23,interleaved
23091,91,31,0.08663274357925067,0.5463809127172577,23,interleaved
23092,92,31,0.34384764330310924,0.547279829519397,23,interleaved
23093,93,31,0.3141128550564473,0.5232655252691127,23,interleaved
23094,94,31,0.3200417186383697,0.6635009014863384,23,interleaved
23095,95,31,0.11032235577835883,0.5640421016794577,23,interleaved
23096,96,31,0.21316193956365143,0.6736968405684227,23,interleaved
23097,97,31,0.9391964189667714,0.4717934618412339,23,interleaved
23098,98,31,0.38206759401928003,0.49551791971937886,23,interleaved
23099,99,31,0.21386736710227444,0.46914021927405825,23,interleaved
23100,100,31,0.46129014927360945,0.5693868361289958,23,interleaved
23101,101,31,0.1560105277240226,0.4699070382154149,23,interleaved
23102,102,31,0.2469089578700356,0.7071456032518408,23,interleaved
23103,103,31,0.9159198740184056,0.4542578199576635,23,interleaved
23104,104,31,0.29927656181411644,0.46347620139140455,23,interleaved
23105,105,31,0.29063326750859664,0.432945707547864,23,interleaved
23106,106,31,0.4566706136165482,0.4227437534256775,23,interleaved
23107,107,31,0.8574389880537142,0.3753930814717615,23,interleaved
23108,108,31,0.5566996623707666,0.3568015365291547,23,interleaved
23109,109,31,0.12714393102744634,0.5064924882357102,23,interleaved
23110,110,31,0.6561869192760184,0.4524600799106929,23,interleaved
23111,111,31,0.45040808170638313,0.5133510742578655,23,interleaved
23112,112,31,0.6742631944705307,0.4599172052790266,23,interleaved
23113,113,31,0.2108243407234459,0.45825673441587966,23,interleaved
23114,114,31,0.3671345602857713,0.5444676463934855,23,interleaved
23115,115,31,0.2570037210121332,0.6719698757206427,23,interleaved
23116,116,31,0.21721568021857798,0.48480786450538543,23,interleaved
23117,117,31,0.32240874616842646,0.47879576559942305,23,interleaved
23118,118,31,0.21052424140528814,0.6957766498368949,23,interleaved
23119,119,31,0.3133433845443161,0.4658137193045826,23,interleaved
23120,120,31,0.6755702516152422,0.3259743110485084,23,interleaved
23121,121,31,0.7628732685006976,0.6113784596996565,23,interleaved
23122,122,31,0.49453031152522736,0.46473620083832234,23,interleaved
23123,123,31,0.4222052975507591,0.5098557368066294,23,interleaved
23124,124,31,0.4965392601287979,0.470203241608676,23,interleaved
23125,125,31,0.8843306916146574,0.5158503658245437,23,interleaved
23126,126,31,0.17806517890645507,0.5319121385570099,23,interleaved
23127,127,31,0.14994799768185968,0.5138987317183179,23,interleaved
23128,128,31,0.8649035350950683,0.47912395194612434,23,interleaved
23129,129,31,0.4603669761651577,0.5608647050322244,23,interleaved
23130,130,31,0.7479147971473012,0.43490408156806004,23,interleaved
23131,131,31,0.4258198386590087,0.4717903980234358,23,interleaved
23132,132,31,0.31194574915342377,0.5804448792141876,23,interleaved
23133,133,31,0.7665411243373246,0.5226612086492174,23,interleaved
23134,134,31,0.32203702595422684,0.48835523337729103,23,interleaved
23135,135,31,0.4413569302244979,0.6156869206289677,23,interleaved
23136,136,31,0.2154168745810378,0.5607132396062667,23,interleaved
23137,137,31,0.5510128654024209,0.5125701577752737,23,interleaved
23138,138,31,0.401827399985185,0.49463271522520313,23,interleaved
23139,139,31,0.9088829602886219,0.4583430955665312,23,interleaved
23140,140,31,0.5136090035420933,0.4750073682544218,23,interleaved
23141,141,31,0.4418815916137129,0.4436890484684114,23,interleaved
23142,142,31,0.6861529025165534,0.5307326495667133,23,interleaved
23143,143,31,0.2370739506799864,0.49637127457270025,23,interleaved
23144,144,31,0.6147192014594096,0.3816696900250271,23,interleaved
23145,145,31,0.8109311149980862,0.2815595676400763,23,interleaved
23146,146,31,0.27816999319901914,0.6145436930572679,23,interleaved
23147,147,31,0.8587021015788849,0.4726064686986151,23,interleaved
23148,148,31,0.4575686958089824,0.5327658170515446,23,interleaved
23149,149,31,0.34837075025262276,0.5599552362768282,23,interleaved
23150,150,31,0.7502194905160738,0.43740769862494244,23,interleaved
23151,151,31,0.2412217799811111,0.531620145572852,23,interleaved
23152,152,31,0.6748233439627491,0.43796637169206226,23,interleaved
23153,153,31,0.830419288215155,0.45841965152627917,23,interleaved
23154,154,31,0.7254341337027783,0.40521894625268834,23,interleaved
23155,155,31,0.7108425501657183,0.4480625094948498,23,interleaved
23156,156,31,0.14016635113964226,0.48006394623261295,23,interleaved
23157,157,31,0.4358731947040285,0.5836094747803187,23,interleaved
23158,158,31,0.5814256735519838,0.5011886563642018,23,interleaved
23159,159,31,0.3341479034320779,0.4464862300747452,23,interleaved
23160,160,31,0.3560926087751668,0.505836426830442,23,interleaved
23161,161,31,0.5966391289734829,0.5595815568488118,23,interleaved
23162,162,31,0.5782182599958741,0.5013628842778801,23,interleaved
23163,163,31,0.718236618333671,0.5592943460859139,23,interleaved
23164,164,31,0.25505242220431373,0.5083118198825181,23,interleaved
23165,165,31,0.16230691676219483,0.5871286612080041,23,interleaved
23166,166,31,0.5981797258863742,0.3695311005670068,23,interleaved
23167,167,31,0.6690737554811368,0.41193986097892543,23,interleaved
23168,168,31,0.1337865510971761,0.605502063211597,23,interleaved
23169,169,31,0.8032353661913985,0.46623551623485765,23,interleaved
23170,170,31,0.5757920950190419,0.395914095074556,23,interleaved
23171,171,31,0.3541757600083483,0.494450033749355,23,interleaved
23172,172,31,0.4785530589933728,0.44037912221810144,23,interleaved
23173,173,31,0.2622569841741745,0.5328139938084716,23,interleaved
23174,174,31,0.8461453213778323,0.447993306685351,23,interleaved
23175,175,31,0.1769879449346633,0.5254765182163299,23,interleaved
23176,176,31,0.6138834784109234,0.47248937285910986,23,interleaved
23177,177,31,0.5724264148073801,0.3807853534194743,23,interleaved
23178,178,31,0.851774079562511,0.3542926274084639,23,interleaved
23179,179,31,0.17502910013554412,0.5009475148432833,23,interleaved
23180,180,31,0.6436732956489264,0.4311012782592031,23,interleaved
23181,181,31,0.45057013810726704,0.5804442206465854,23,interleaved
23182,182,31,0.6492955954483375,0.45367434373141535,23,interleaved
23183,183,31,0.5776080889897924,0.5378501854911579,23,interleaved
23184,184,31,0.7318214716997593,0.34021431427603765,23,interleaved
23185,185,31,0.32445918646127636,0.4889254517471668,23,interleaved
23186,186,31,0.7010714896603096,0.30593487222993326,23,interleaved
23187,187,31,0.5623736909126811,0.5517920299255825,23,interleaved
23188,188,31,0.7583524861726361,0.378288132719957,23,interleaved
23189,189,31,0.5862386989438095,0.4634783644034447,23,interleaved
23190,190,31,0.3394928672174993,0.526336717827427,23,interleaved
23191,191,31,0.5108755308304833,0.5524382727532764,23,interleaved
23192,192,31,0.18674484901502592,0.5466511874439779,23,interleaved
23193,193,31,0.5727671201140149,0.5054022543494037,23,interleaved
23194,194,31,0.7089578091358708,0.3329925736243333,23,interleaved
23195,195,31,0.2029549795003364,0.49141022053234296,23,interleaved
23196,196,31,0.8584020890485364,0.48992682795429104,23,interleaved
23197,197,31,0.6710846868983397,0.36036957235585587,23,interleaved
23198,198,31,0.8020282901733374,0.5362568831606421,23,interleaved
23199,199,31,0.2186374104776956,0.5415729867624705,23,interleaved
23200,0,0,0.49373616568597284,0.9398636832741857,23,blocked
23201,1,1,0.8192331465604358,1.07917081501519,23,blocked
23202,2,2,0.4966523550679437,1.0602063152793064,23,blocked
23203,3,3,0.8259782851324358,0.9678966979451713,23,blocked
23204,4,4,0.0009258293872901039,1.0680789291195614,23,blocked
23205,5,5,0.9830534336084493,0.9462081749904345,23,blocked
23206,6,6,0.4994434970911901,1.5062890508314097,23,blocked
23207,7,7,0.6849092970962687,1.2195379847644832,23,blocked
23208,8,8,0.8423126387929678,0.7203073164622278,23,blocked
23209,9,9,0.029620173524496633,1.274558936998947,23,blocked
23210,10,10,0.42912677284471046,1.2504818216273044,23,blocked
23211,11,11,0.49996903659351405,1.2242511169871206,23,blocked
23212,12,5,0.5002014449000945,0.6852668774652053,23,blocked
23213,13,12,0.9447496404305797,0.6986399293997374,23,blocked
23214,14,13,0.5052330263219227,0.717501735303407,23,blocked
23215,15,0,0.5548921538444501,0.5377283585220289,23,blocked
23216,16,14,0.6030870882862231,1.0338387150043096,23,blocked
23217,17,15,0.5036222540288495,0.840467053241911,23,blocked
23218,18,14,0.35264944165709794,0.7836031567778265,23,blocked
23219,19,14,0.4157177377592102,0.7089701067930756,23,blocked
23220,20,16,0.5071868844478311,1.4163030559885867,23,blocked
23221,21,5,0.5000582100014727,0.7769968089061775,23,blocked
23222,22,17,0.4988267162208817,1.2909883490158518,23,blocked
23223,23,18,0.027393798635759407,0.8463514724025263,23,blocked
23224,24,18,0.5127934831230265,0.5173777856667713,23,blocked
23225,25,18,0.5018265389498938,0.6218970503481097,23,blocked
23226,26,19,0.3954003496947556,0.7196569349182227,23,blocked
23227,27,0,0.4994028577515776,0.7726982157447085,23,blocked
23228,28,0,0.49886913119472387,0.7660531361662538,23,blocked
23229,29,0,0.5083871935743504,0.8030873219533218,23,blocked
23230,30,18,0.5094944273927879,0.661943039155966,23,blocked
23231,31,0,0.5017573634393577,0.6775248536406533,23,blocked
23232,32,20,0.02172076260421787,1.0431534658209114,23,blocked
23233,33,18,0.48307793586920605,0.5415960953643426,23,blocked
23234,34,5,0.4993495923305483,0.7131635021898095,23,blocked
23235,35,18,0.5248927322731932,0.5753151983468615,23,blocked
23236,36,14,0.5950270090774912,0.7404099197473022,23,blocked
23237,37,18,0.3754238250223465,0.7871439981991422,23,blocked
23238,38,21,0.10992448395716774,1.1571289088564942,23,blocked
23239,39,22,0.49970824500425687,0.7677668793040779,23,blocked
23240,40,18,0.2282028587350715,0.6969758293255162,23,blocked
23241,41,23,0.7721677298023802,0.7866304624817839,23,blocked
23242,42,24,0.5450647901213466,0.9208249928868838,23,blocked
23243,43,25,0.6547554618993232,1.329639522711625,23,blocked
23244,44,26,0.35775205272850696,1.1593187748090314,23,blocked
23245,45,22,0.4465758049888766,0.7673192271025844,23,blocked
23246,46,18,0.6278418128040899,0.6990082773475249,23,blocked
23247,47,0,0.9751827993083158,0.7100912116497249,23,blocked
23248,48,5,0.9993207156096127,0.5690736826260923,23,blocked
23249,49,3,0.023532430693232274,0.8518618181300375,23,blocked
23250,50,14,0.754928906749799,0.8205179254421476,23,blocked
23251,51,27,0.9994860430476653,1.03544630849881,23,blocked
23252,52,0,0.9278396803681559,0.6166882774918148,23,blocked
23253,53,28,0.9748368267990288,1.195561877168902,23,blocked
23254,54,29,0.5203685764538291,1.2138511184536704,23,blocked
23255,55,0,0.022401062851877426,0.8259736886549627,23,blocked
23256,56,0,0.967784788707184,0.6525489039486811,23,blocked
23257,57,5,0.9991464051164949,0.6790162608549615,23,blocked
23258,58,0,0.0010651118770171129,0.8104889860122895,23,blocked
23259,59,30,1.0798850964071734e-05,1.7363853017725575,23,blocked
23260,60,3,0.49160964685579267,0.7553660942169782,23,blocked
23261,61,14,0.7836981486318835,0.7531547975133084,23,blocked
23262,62,18,0.02856469060901045,0.7926468905829278,23,blocked
23263,63,0,0.03586202848594171,0.6663112401850788,23,blocked
23264,64,18,0.05843553883624063,0.6483434421194367,23,blocked
23265,65,31,0.03359476404298355,0.8354450697758321,23,blocked
23266,66,0,0.9388978691552154,0.643704541892955,23,blocked
23267,67,32,0.5242145645839269,0.8881517149667362,23,blocked
23268,68,31,0.9908214752659524,0.7014144141092633,23,blocked
23269,69,0,0.9642701548515421,0.6111979779281757,23,blocked
23270,70,0,0.9474590300634784,0.7297301734118249,23,blocked
23271,71,0,0.12634448194286343,0.5647046076749764,23,blocked
23272,72,0,0.07009329328308203,0.6797167030926865,23,blocked
23273,73,0,0.03763547926861982,0.6240856776631448,23,blocked
23274,74,18,0.0944171588099168,0.45010771864645627,23,blocked
23275,75,0,0.061939345076914475,0.7194141260503251,23,blocked
23276,76,0,0.11967588782349284,0.721281917186551,23,blocked
23277,77,33,0.42429766703724014,1.1632321612217806,23,blocked
23278,78,3,0.49180608403679443,0.6843007672627948,23,blocked
23279,79,31,0.5169309622359626,0.7167007115526672,23,blocked
23280,80,0,0.3576404247893664,0.7320752847988046,23,blocked
23281,81,0,0.5558747831459061,0.5432815417635367,23,blocked
23282,82,0,0.5230731494541476,0.4317057159303041,23,blocked
23283,83,0,0.48243615868133954,0.7060096771765911,23,blocked
23284,84,18,0.4847562844533164,0.5788942255833713,23,blocked
23285,85,0,0.5446033797645115,0.5887277072082158,23,blocked
23286,86,0,0.47667549971687334,0.5237056587756298,23,blocked
23287,87,18,0.5578286117167922,0.577864724273439,23,blocked
23288,88,0,0.5257649291178322,0.6861089037856805,23,blocked
23289,89,0,0.5708346906927462,0.5177364389168844,23,blocked
23290,90,0,0.5203701241934379,0.44012238196195985,23,blocked
23291,91,0,0.6117888962456743,0.46090221207839877,23,blocked
23292,92,0,0.5284407330913506,0.6220122616925995,23,blocked
23293,93,5,0.4320483947766151,0.6459886221883568,23,blocked
23294,94,0,0.4136425684598928,0.7146164679810876,23,blocked
23295,95,0,0.4905344726684922,0.5619304510303877,23,blocked
23296,96,0,0.40876424740377054,0.6108862938937734,23,blocked
23297,97,0,0.3617771559063788,0.6524899751193819,23,blocked
23298,98,0,0.5102494617207218,0.633123172188314,23,blocked
23299,99,0,0.6035521019300659,0.7425689771048782,23,blocked
23300,100,0,0.3648750854676178,0.5798913887732772,23,blocked
23301,101,0,0.6166043056980894,0.436186338888222,23,blocked
23302,102,0,0.35879827234032374,0.6071410182550465,23,blocked
23303,103,0,0.522628598137904,0.45560282137602837,23,blocked
23304,104,0,0.45266082114447737,0.45414764716189493,23,blocked
23305,105,0,0.5214995919747845,0.4592584855535292,23,blocked
23306,106,0,0.44028239201259,0.4730390434618529,23,blocked
23307,107,0,0.5369733377878813,0.625515077621865,23,blocked
23308,108,0,0.387050483651408,0.47532928077472436,23,blocked
23309,109,0,0.5429985411958381,0.5076038772634688,23,blocked
23310,110,0,0.52636741745401,0.5156910604501653,23,blocked
23311,111,0,0.39278641327061026,0.4793977239303411,23,blocked
23312,112,0,0.4571354971921101,0.5002620777133573,23,blocked
23313,113,0,0.6242887521882352,0.6957030470452127,23,blocked
23314,114,0,0.6109233395678031,0.4497460525838935,23,blocked
23315,115,0,0.46416907538762,0.4225512628786029,23,blocked
23316,116,0,0.5867706955270499,0.4333141932738504,23,blocked
23317,117,0,0.47982439404405064,0.5044119850415587,23,blocked
23318,118,0,0.5074978064169657,0.5000410886186135,23,blocked
23319,119,0,0.36445817011670706,0.47776060890031374,23,blocked
23320,120,0,0.19646412878437297,0.36837182896085985,23,blocked
23321,121,0,0.4880501629292851,0.446788456545135,23,blocked
23322,122,0,0.5527873258267701,0.5237790482737843,23,blocked
23323,123,0,0.2208609797293896,0.5259293498990976,23,blocked
23324,124,0,0.352835268257577,0.4971361035266254,23,blocked
23325,125,0,0.4827682866246687,0.3711843020739235,23,blocked
23326,126,0,0.8226260963714418,0.41215441583641643,23,blocked
23327,127,0,0.5340935171949837,0.47189349310052997,23,blocked
23328,128,0,0.24237536367470297,0.5694054397616254,23,blocked
23329,129,0,0.46405819558070416,0.32927923252169367,23,blocked
23330,130,0,0.6657402689229395,0.4681827430917017,23,blocked
23331,131,0,0.23851482188090797,0.5583063461195463,23,blocked
23332,132,0,0.4047097009637962,0.39117380370291976,23,blocked
23333,133,0,0.48055276372441924,0.38041069770710334,23,blocked
23334,134,0,0.3816546447918551,0.47224162318710944,23,blocked
23335,135,0,0.1587295579939974,0.4675731316059586,23,blocked
23336,136,0,0.6202649596644932,0.4948757940031021,23,blocked
23337,137,0,0.6447410368222102,0.5406112617609902,23,blocked
23338,138,0,0.702740972927899,0.512604383230031,23,blocked
23339,139,0,0.5977384023413862,0.2904765398114654,23,blocked
23340,140,0,0.7083341982401858,0.5276964514476967,23,blocked
23341,141,0,0.5396985748995287,0.33690838006370083,23,blocked
23342,142,0,0.692897288320313,0.3217619926476163,23,blocked
23343,143,0,0.8557846721217225,0.514490292410877,23,blocked
23344,144,0,0.6743768585114677,0.35761980358163065,23,blocked
23345,145,0,0.35833880082934394,0.46366934983552793,23,blocked
23346,146,0,0.353021437567817,0.6112768368654315,23,blocked
23347,147,0,0.4118138496012682,0.45426845108643643,23,blocked
23348,148,0,0.8437757732709628,0.47043766858618236,23,blocked
23349,149,0,0.4629796082622185,0.3947015499707831,23,blocked
23350,150,0,0.4984136807888192,0.45088344158400634,23,blocked
23351,151,0,0.5596744249670393,0.2886470277830325,23,blocked
23352,152,0,0.3602656603431698,0.4936576269110785,23,blocked
23353,153,0,0.43913423179943223,0.4722836623640094,23,blocked
23354,154,0,0.6874931465634397,0.3096424934879934,23,blocked
23355,155,0,0.5314678441576306,0.44348430669310823,23,blocked
23356,156,0,0.6650350655392963,0.4257674217931191,23,blocked
23357,157,0,0.3513150687593768,0.4535647637380981,23,blocked
23358,158,0,0.7486911346480036,0.44891568880320365,23,blocked
23359,159,0,0.22151479073564664,0.3664957502840167,23,blocked
23360,160,0,0.4804893956065934,0.41286706311488663,23,blocked
23361,161,0,0.27359205604710785,0.38081626132971513,23,blocked
23362,162,0,0.5826870810629201,0.3175442102786091,23,blocked
23363,163,0,0.4709204219204256,0.4360759422067853,23,blocked
23364,164,0,0.3849968970912281,0.4660972161297289,23,blocked
23365,165,0,0.5777344218594511,0.34081086408672534,23,blocked
23366,166,0,0.24790919446680443,0.384283586198059,23,blocked
23367,167,0,0.493806067412518,0.3993398525760258,23,blocked
23368,168,0,0.5488070912181962,0.5038068980667966,23,blocked
23369,169,0,0.38615735263141043,0.43520782478342196,23,blocked
23370,170,0,0.4778344236059935,0.4978681441507633,23,blocked
23371,171,0,0.5009858892947259,0.49150356003605467,23,blocked
23372,172,0,0.6332011421051531,0.2320368003750352,23,blocked
23373,173,0,0.3960455422692802,0.5689003459782169,23,blocked
23374,174,0,0.3024706365700506,0.42085557826668085,23,blocked
23375,175,0,0.5781207260236868,0.4112968566025829,23,blocked
23376,176,0,0.6527762885216972,0.3993008562418938,23,blocked
23377,177,0,0.5184777827545646,0.4383042766747833,23,blocked
23378,178,0,0.43332371177619966,0.5098387547725164,23,blocked
23379,179,0,0.37493851416752355,0.5483598317384456,23,blocked
23380,180,0,0.45417160093995396,0.3882660295586862,23,blocked
23381,181,0,0.5466951399691843,0.4075513373579821,23,blocked
23382,182,0,0.2514051503964773,0.41741765880962517,23,blocked
23383,183,0,0.3770270983244048,0.3623317248515332,23,blocked
23384,184,0,0.6098983229190822,0.3253518427355932,23,blocked
23385,185,0,0.6789609969928818,0.5177446673102502,23,blocked
23386,186,0,0.5090064033902126,0.3542201372394387,23,blocked
23387,187,0,0.5713448902427921,0.373278670270065,23,blocked
23388,188,0,0.5653029518276904,0.43196829463124936,23,blocked
23389,189,0,0.4941325005789071,0.4253108438455756,23,blocked
23390,190,0,0.40227123561642153,0.40136683048645966,23,blocked
23391,191,0,0.4838532818417163,0.32438166207280184,23,blocked
23392,192,0,0.6152159378046054,0.3959429911458342,23,blocked
23393,193,0,0.5522819766318312,0.4245981575006588,23,blocked
23394,194,0,0.46790197837680314,0.41140056322716656,23,blocked
23395,195,0,0.6157499628877359,0.3429983582822652,23,blocked
23396,196,0,0.45699401599639994,0.39189432426454973,23,blocked
23397,197,0,0.34651649884261754,0.512548939593798,23,blocked
23398,198,0,0.482042793191758,0.41679871480247277,23,blocked
23399,199,0,0.3115528378016496,0.43884137833996506,23,blocked
23400,0,0,0.9416979114075061,0.6334330735664178,23,early
23401,1,0,0.06190512458408834,0.5465459845361635,23,early
23402,2,0,0.9331180709031626,0.497304067964279,23,early
23403,3,0,0.1593580381523908,0.45274959486374583,23,early
23404,4,0,0.9498670420714216,0.43857365713440016,23,early
23405,5,0,0.9665748915964789,0.5016584217825836,23,early
23406,6,0,0.06565011976358563,0.6000374903542293,23,early
23407,7,0,0.16677187585799666,0.7303470765255797,23,early
23408,8,0,0.9254763753018593,0.468569188183964,23,early
23409,9,0,0.11340766657721536,0.7321675317662792,23,early
23410,10,0,0.07148255766744765,0.381904205432616,23,early
23411,11,0,0.19677943017726418,0.4595069538993788,23,early
23412,12,0,0.7255566029779317,0.5471834703892409,23,early
23413,13,0,0.15563165923142455,0.4902378533319739,23,early
23414,14,0,0.20425988321789537,0.7388679524830574,23,early
23415,15,0,0.8643142978998766,0.27869433217968953,23,early
23416,16,0,0.9270941475763925,0.3574305367286554,23,early
23417,17,0,0.817064611847355,0.44040378020959037,23,early
23418,18,0,0.8776444697666139,0.31887572328616726,23,early
23419,19,0,0.20574295607048199,0.6767280260664325,23,early
23420,20,0,0.2658007241689543,0.4360682909326289,23,early
23421,21,0,0.8234444686714824,0.34660491192753806,23,early
23422,22,0,0.27616511629215956,0.5083405216939796,23,early
23423,23,0,0.8290938504090425,0.4582613883671,23,early
23424,24,0,0.7913837890077051,0.3358652539732726,23,early
23425,25,0,0.5068198271934484,0.632102551569815,23,early
23426,26,0,0.24838942908165743,0.5347088452942508,23,early
23427,27,0,0.8012601283062804,0.3848001265216442,23,early
23428,28,0,0.7395137918865233,0.3157131997621551,23,early
23429,29,0,0.32095185462224135,0.47089195392524963,23,early
23430,30,0,0.5084693743899226,0.40843781788470557,23,early
23431,31,0,0.7448783109022049,0.5910730676316128,23,early
23432,32,0,0.7100769441998507,0.4895682300169699,23,early
23433,33,0,0.48138517159048433,0.5788146439371505,23,early
23434,34,0,0.8495822404934575,0.40215198236997984,23,early
23435,35,0,0.3343968590830553,0.4392569782029567,23,early
23436,36,0,0.7912561168641301,0.4761101430001254,23,early
23437,37,0,0.8353296549761753,0.33089995999080835,23,early
23438,38,0,0.7993712845820102,0.4636231052842714,23,early
23439,39,0,0.8253597987033687,0.408601400596159,23,early
23440,40,0,0.617975833908146,0.5415318911703065,23,early
23441,41,0,0.3606844176222503,0.39517400296022687,23,early
23442,42,0,0.5422328729293081,0.36605411747309813,23,early
23443,43,0,0.4980184230410534,0.4192907799124994,23,early
23444,44,0,0.6730740577607455,0.4874941338479572,23,early
23445,45,0,0.2623502949262814,0.7243576340374649,23,early
23446,46,0,0.6779288299233013,0.4259065340150655,23,early
23447,47,0,0.37149851404830203,0.5038158755237618,23,early
23448,48,0,0.7748129353706114,0.4829747267950668,23,early
23449,49,0,0.4333542437337632,0.41138140472096363,23,early
23450,50,0,0.4229991397256068,0.4031518860374159,23,early
23451,51,0,0.21272573056916172,0.46241831912924775,23,early
23452,52,0,0.36382288340235314,0.6032610228122585,23,early
23453,53,0,0.4377121266129567,0.6786051703115882,23,early
23454,54,0,0.4946468211216478,0.38943672740966184,23,early
23455,55,0,0.5244764996412609,0.45872459291434653,23,early
23456,56,0,0.4572832384754931,0.3949874469312118,23,early
23457,57,0,0.41418151869639486,0.34425868292257567,23,early
23458,58,0,0.5209009780766044,0.4154266196226185,23,early
23459,59,0,0.3768839297603889,0.4668403367098917,23,early
23460,60,0,0.6173526941733882,0.3844530332753301,23,early
23461,61,0,0.33982596170246093,0.53066370860928,23,early
23462,62,0,0.5935178526103203,0.4120131636908203,23,early
23463,63,0,0.5123101264535366,0.3746339281201033,23,early
23464,64,0,0.5133233379870332,0.47120267611756805,23,early
23465,65,0,0.4455192333180412,0.42487735129032067,23,early
23466,66,0,0.5469507496270362,0.44164965097551623,23,early
23467,67,0,0.5899192174587627,0.3679817953381655,23,early
23468,68,0,0.4383757449189223,0.4872627742903748,23,early
23469,69,0,0.5402671056097172,0.3925592660056644,23,early
23470,70,0,0.5621057737391452,0.6088245103284797,23,early
23471,71,0,0.48756335704362674,0.40746049843896615,23,early
23472,72,0,0.7067439994177158,0.5253163575388825,23,early
23473,73,0,0.5847551175821324,0.41321955703267294,23,early
23474,74,0,0.7017887182773208,0.4777228849384302,23,early
23475,75,0,0.5604276373048696,0.38047691204357637,23,early
23476,76,0,0.43077618423704644,0.3632034692123549,23,early
23477,77,0,0.6055071401819077,0.48012385371880373,23,early
23478,78,0,0.4073575107000995,0.45953578996274547,23,early
23479,79,0,0.37929882379886903,0.535500297534726,23,early
23480,80,0,0.4625303627577494,0.49136983367107034,23,early
23481,81,0,0.665506918296364,0.45883988487269756,23,early
23482,82,0,0.5404262950632421,0.4260722922795425,23,early
23483,83,0,0.5690635397725344,0.5361488353369435,23,early
23484,84,0,0.7872713177911319,0.46283977224915707,23,early
23485,85,0,0.6013658730414435,0.4360538172491539,23,early
23486,86,0,0.5464548385605886,0.4409054328623386,23,early
23487,87,0,0.25405103039255306,0.43803436487758307,23,early
23488,88,0,0.5668838251910094,0.4012615007463156,23,early
23489,89,0,0.3914246411728366,0.38927347655302114,23,early
23490,90,0,0.22352049248550637,0.4471244814803602,23,early
23491,91,0,0.7402527597485027,0.5263886952705144,23,early
23492,92,0,0.3858416139361698,0.4298756469678934,23,early
23493,93,0,0.5111310791825276,0.41072346182755504,23,early
23494,94,0,0.7112445420194399,0.4365175071007581,23,early
23495,95,0,0.5086062267818225,0.4155264013477572,23,early
23496,96,0,0.9106239044279538,0.5451126671875316,23,early
23497,97,0,0.47750402341165493,0.41877037273545353,23,early
23498,98,0,0.18271391605521997,0.4857268931737392,23,early
23499,99,0,0.4720753929057842,0.40672946314166425,23,early
23500,100,0,0.6850472052578904,0.4297789368189234,23,early
23501,101,0,0.4728557047132683,0.4327430242568348,23,early
23502,102,0,0.7863306847869789,0.366314029504032,23,early
23503,103,0,0.7635384656166846,0.4535685544644533,23,early
23504,104,0,0.9455548099752696,0.3898874811612094,23,early
23505,105,0,0.31587888532425595,0.40010939984667415,23,early
23506,106,0,0.7114504663955123,0.3500329318937385,23,early
23507,107,0,0.557429469616745,0.4074439554821846,23,early
23508,108,0,0.5746961802063432,0.3273096553154536,23,early
23509,109,0,0.5001681246370755,0.4135269297498825,23,early
23510,110,0,0.5731166745146548,0.4431266479212065,23,early
23511,111,0,0.47537866800123224,0.36160642010576227,23,early
23512,112,0,0.32944262235169725,0.40347388563677056,23,early
23513,113,0,0.37551029328163976,0.42394136978443797,23,early
23514,114,0,0.4948828269697708,0.4077693639615414,23,early
23515,115,0,0.45184358282700754,0.4730677920378109,23,early
23516,116,0,0.6736369759457035,0.40256217784976467,23,early
23517,117,0,0.5001479411255869,0.4237193551239845,23,early
23518,118,0,0.7481300503310797,0.3560875472283299,23,early
23519,119,0,0.49745849017090155,0.33485006647866816,23,early
23520,120,0,0.6143435516704271,0.4601225690990313,23,early
23521,121,0,0.45508376251054294,0.37935979198760617,23,early
23522,122,0,0.6115866506586733,0.3999427362625243,23,early
23523,123,0,0.3837313752033038,0.4074304322011752,23,early
23524,124,0,0.6597820331406258,0.32790624357712167,23,early
23525,125,0,0.3304220464726199,0.47690963369454054,23,early
23526,126,0,0.27631578912419597,0.3410810533753561,23,early
23527,127,0,0.4836173167013532,0.3964601879181532,23,early
23528,128,0,0.8851275329743217,0.4442935944447244,23,early
23529,129,0,0.569276182949088,0.41207209451784416,23,early
23530,130,0,0.8257091871555011,0.42139197413705676,23,early
23531,131,0,0.6018388413642599,0.5068143794090453,23,early
23532,132,0,0.6689948742473988,0.3850891555379137,23,early
23533,133,0,0.5371156883574633,0.30616895868710936,23,early
23534,134,0,0.7588843561207307,0.3757665550983832,23,early
23535,135,0,0.5651492816738092,0.3513363814067693,23,early
23536,136,0,0.5792234521974092,0.5785210601961772,23,early
23537,137,0,0.5701294964649697,0.3988907938964258,23,early
23538,138,0,0.6953937436577706,0.3647068475618487,23,early
23539,139,0,0.6146002761579885,0.4159247374940238,23,early
23540,140,0,0.739757964195314,0.3184550036347361,23,early
23541,141,0,0.6035434355927075,0.41549849933388894,23,early
23542,142,0,0.3597982451149234,0.3312526323550037,23,early
23543,143,0,0.27030653230911983,0.34582836207936707,23,early
23544,144,0,0.26136026887400876,0.4342265315237951,23,early
23545,145,0,0.24729024732882446,0.3164552990000466,23,early
23546,146,0,0.32736767257224464,0.35425264521681366,23,early
23547,147,0,0.8586098713052537,0.32366340076254,23,early
23548,148,0,0.45685949312445295,0.6288746356088973,23,early
23549,149,0,0.28074076585585633,0.39795674763120276,23,early
23550,150,0,0.7195818340952908,0.30486544089392853,23,early
23551,151,0,0.34314860723536744,0.36853123602745,23,early
23552,152,0,0.492476012314906,0.423216724064848,23,early
23553,153,0,0.6350837443112433,0.4244936929267621,23,early
23554,154,0,0.41377802129012614,0.3311997683827954,23,early
23555,155,0,0.7537654838412707,0.2895092348477068,23,early
23556,156,0,0.6460199760791927,0.3932393269927449,23,early
23557,157,0,0.7937887689971812,0.49167269295373844,23,early
23558,158,0,0.7771792068558908,0.42134168796431476,23,early
23559,159,0,0.6735360063673188,0.3156202227131971,23,early
23560,160,0,0.7217789570937827,0.3953707162257177,23,early
23561,161,0,0.2682019235735197,0.4098905241457,23,early
23562,162,0,0.47185909264716064,0.5084362439982241,23,early
23563,163,0,0.46648959299010095,0.5291333695199694,23,early
23564,164,0,0.5617350500357676,0.33392582852922337,23,early
23565,165,0,0.5378598949098744,0.442106647154022,23,early
23566,166,0,0.5374006088179016,0.43118157764136306,23,early
23567,167,0,0.31618926542019804,0.5375803577879019,23,early
23568,168,0,0.3494598613167924,0.40820952220095513,23,early
23569,169,0,0.4795828640526757,0.5604596159181826,23,early
23570,170,0,0.40414185670535724,0.32151897402133756,23,early
23571,171,0,0.6867961367144102,0.3835221640959631,23,early
23572,172,0,0.4318556461613836,0.45578807750308514,23,early
23573,173,0,0.39068610190242076,0.27455018484458094,23,early
23574,174,0,0.2786930438585366,0.4932358494580057,23,early
23575,175,0,0.5670604399627187,0.3167660651042902,23,early
23576,176,0,0.2723372310398783,0.5628650367465573,23,early
23577,177,0,0.38038172719219304,0.40000541139776696,23,early
23578,178,0,0.37750112668281277,0.5177538623831484,23,early
23579,179,0,0.6801755616640475,0.5552552031576904,23,early
23580,180,0,0.7447312917426294,0.3700771975239133,23,early
23581,181,0,0.5743341201112373,0.3798988322849701,23,early
23582,182,0,0.7063399708792751,0.4394936244911247,23,early
23583,183,0,0.7804861267015883,0.41094343536071964,23,early
23584,184,0,0.5643096848228799,0.4275963332376108,23,early
23585,185,0,0.5677416377772703,0.3666500801500031,23,early
23586,186,0,0.6184179942512544,0.46984396833225783,23,early
23587,187,0,0.4305168489128747,0.2829736102258622,23,early
23588,188,0,0.7205195177601657,0.40301642161706125,23,early
23589,189,0,0.6415389193437933,0.5107348449765188,23,early
23590,190,0,0.41154116068489976,0.29501800336141726,23,early
23591,191,0,0.21975225358876893,0.4244531565606584,23,early
23592,192,0,0.39861172538880063,0.4466946555747945,23,early
23593,193,0,0.7441695077979725,0.4327290539247794,23,early
23594,194,0,0.5173469518505558,0.3895195693110043,23,early
23595,195,0,0.4896472990225578,0.3725628310104756,23,early
23596,196,0,0.5348026826316549,0.3234341543869814,23,early
23597,197,0,0.43565333823039837,0.41043563308018005,23,early
23598,198,0,0.6570896236004694,0.3673707689572451,23,early
23599,199,0,0.3780095777144932,0.32594443442240223,23,early
23600,0,0,0.5030155439176951,0.8285393728298014,23,middle
23601,1,0,0.0037490714492442135,0.7711655061873679,23,middle
23602,2,0,0.5019006270972062,0.782604062121244,23,middle
23603,3,1,0.9997399248637526,0.8394487995744404,23,middle
23604,4,2,0.5046634913406463,0.7599559236950323,23,middle
23605,5,3,0.7700666066784845,0.8094246253402186,23,middle
23606,6,0,0.49985065296929054,0.659229408648732,23,middle
23607,7,0,0.9913841812273518,0.6117284190500372,23,middle
23608,8,0,0.4994464644236196,0.663098440072226,23,middle
23609,9,0,0.9928172244290583,0.5136856481047006,23,middle
23610,10,0,0.5008181908948479,0.8123623178400122,23,middle
23611,11,0,0.0031580042492184526,0.8289773311636414,23,middle
23612,12,0,0.5015995521336286,0.5879143164957373,23,middle
23613,13,0,0.9887696697528627,0.6243798486579721,23,middle
23614,14,0,0.5056442287624909,0.7628027259226702,23,middle
23615,15,0,0.022735101787395674,0.5425128038171648,23,middle
23616,16,0,0.4720733814301968,0.5441952116977004,23,middle
23617,17,0,0.02329618860690548,0.6671751077043087,23,middle
23618,18,0,0.5217451247585034,0.4699827933526335,23,middle
23619,19,0,0.07503268254294712,0.67379093766313,23,middle
23620,20,0,0.542009680314967,0.5342377747599403,23,middle
23621,21,0,0.9633379021224405,0.4884721643830218,23,middle
23622,22,0,0.5387935847386378,0.474837097001383,23,middle
23623,23,0,0.8157619064695039,0.5785702038692253,23,middle
23624,24,0,0.6012879748673152,0.48206517819493583,23,middle
23625,25,0,0.1825706619265516,0.6037882697304551,23,middle
23626,26,0,0.30593574342569135,0.47142817374975615,23,middle
23627,27,0,0.8850183148896682,0.45200618032687123,23,middle
23628,28,0,0.37126755759542535,0.45307192881421265,23,middle
23629,29,0,0.3080956139431359,0.4658647730284167,23,middle
23630,30,0,0.2407644578173493,0.5508868012852761,23,middle
23631,31,0,0.2705294946390027,0.4815842207134118,23,middle
23632,32,0,0.6086445257072298,0.5651048322155658,23,middle
23633,33,0,0.395956927542016,0.7452431550556327,23,middle
23634,34,0,0.233293277758303,0.5712193164020056,23,middle
23635,35,0,0.48791345980332745,0.48525251985613593,23,middle
23636,36,0,0.17222414442976883,0.4940883030768132,23,middle
23637,37,0,0.49425221584003687,0.653036183979284,23,middle
23638,38,0,0.1441584177751766,0.5412008610709558,23,middle
23639,39,0,0.5083164130692096,0.4893934505121832,23,middle
23640,40,0,0.8656352949564805,0.4468330825349767,23,middle
23641,41,0,0.2651537540689372,0.47839452565099194,23,middle
23642,42,0,0.18374558245727998,0.49076296498118077,23,middle
23643,43,0,0.617520314509101,0.5915858706979302,23,middle
23644,44,0,0.8862982110261491,0.4506847252072451,23,middle
23645,45,0,0.8255215840744012,0.3389737213600984,23,middle
23646,46,0,0.2678204184784537,0.5512666605174612,23,middle
23647,47,0,0.8674584984483542,0.4941312647806177,23,middle
23648,48,0,0.7316534679539979,0.5285842062854752,23,middle
23649,49,0,0.14340845301214436,0.4723956292754211,23,middle
23650,50,0,0.13802349011099163,0.5278394635612251,23,middle
23651,51,0,0.42187207894940154,0.5623630090759935,23,middle
23652,52,0,0.7640922988003997,0.5190183634745957,23,middle
23653,53,0,0.24048459826167698,0.6015530788860313,23,middle
23654,54,0,0.38223494575504147,0.6417052613029326,23,middle
23655,55,0,0.3669547739654901,0.477369035275403,23,middle
23656,56,0,0.7242836230137414,0.5760615379036952,23,middle
23657,57,0,0.6598815988599982,0.5097907296825264,23,middle
23658,58,0,0.13008548210440649,0.47029977568283376,23,middle
23659,59,0,0.1129803126917147,0.6125605711866334,23,middle
23660,60,0,0.9375378658962834,0.5418751743255477,23,middle
23661,61,0,0.8799541863540083,0.46135720400152613,23,middle
23662,62,0,0.31224478838641656,0.4696509142285109,23,middle
23663,63,0,0.7366663610334546,0.5897949271845508,23,middle
23664,64,0,0.327428867452694,0.5044204261730041,23,middle
23665,65,0,0.7799823033548752,0.46678516997289354,23,middle
23666,66,0,0.9003123890592228,0.5663834578075039,23,middle
23667,67,0,0.08701039644506536,0.5370890836499219,23,middle
23668,68,0,0.20466444956044652,0.5034901051852183,23,middle
23669,69,0,0.28306839657900695,0.5124692915851865,23,middle
23670,70,0,0.11430009953948282,0.4508731192487301,23,middle
23671,71,0,0.1573925337102206,0.551073993014582,23,middle
23672,72,0,0.15894070788379627,0.5453667185544762,23,middle
23673,73,0,0.20686350969321562,0.43193691161611514,23,middle
23674,74,0,0.36953409184217206,0.5191531133756999,23,middle
23675,75,0,0.22314300359110298,0.5179860925527102,23,middle
23676,76,0,0.8264980626880086,0.3830475006795895,23,middle
23677,77,0,0.1572488122414382,0.4337766559230123,23,middle
23678,78,0,0.316393722403737,0.4334859261112999,23,middle
23679,79,0,0.7606712031835332,0.4273474458412031,23,middle
23680,80,0,0.4325807637563728,0.5153557939961831,23,middle
23681,81,0,0.5249150828956991,0.5836649059535901,23,middle
23682,82,0,0.4781531859558238,0.49283593446354035,23,middle
23683,83,0,0.37549638989811607,0.4145185460580374,23,middle
23684,84,0,0.36041111252663305,0.5473775556732533,23,middle
23685,85,0,0.4260994459738619,0.44051526568698424,23,middle
23686,86,0,0.5045803077047754,0.5298051488527877,23,middle
23687,87,0,0.5711478877716142,0.45084775881121253,23,middle
23688,88,0,0.5270631676676336,0.45529173449378224,23,middle
23689,89,0,0.4294953757273183,0.47903316787718886,23,middle
23690,90,0,0.29666185925773425,0.484466401955898,23,middle
23691,91,0,0.31309429839365843,0.45616549481865987,23,middle
23692,92,0,0.45563399243856834,0.5159920013422624,23,middle
23693,93,0,0.4462271416470673,0.5157491781046982,23,middle
23694,94,0,0.4579152839599067,0.5407517561178279,23,middle
23695,95,0,0.4614261813900624,0.31478624935592564,23,middle
23696,96,0,0.533137458448585,0.6022533569995528,23,middle
23697,97,0,0.38659722113991957,0.48813194795728165,23,middle
23698,98,0,0.4890340455761869,0.5861357437732556,23,middle
23699,99,0,0.26789418718102004,0.5895048420711426,23,middle
23700,100,0,0.6289571309334792,0.5145347918969922,23,middle
23701,101,0,0.4711149347565106,0.48672258286319436,23,middle
23702,102,0,0.43412433099967745,0.432224502194823,23,middle
23703,103,0,0.6582134627205205,0.5807913801523864,23,middle
23704,104,0,0.8617480148862461,0.5331551522907749,23,middle
23705,105,0,0.5043258144205468,0.49286669956461804,23,middle
23706,106,0,0.4531663943351485,0.3849428408449377,23,middle
23707,107,0,0.534244991669795,0.47471553476951955,23,middle
23708,108,0,0.5678981581917479,0.4721023526986947,23,middle
23709,109,0,0.5858784055847925,0.4708306720006856,23,middle
23710,110,0,0.7317617063705117,0.5342153863101774,23,middle
23711,111,0,0.5157285789339376,0.3546201404835737,23,middle
23712,112,0,0.36321496676892795,0.5681949655061561,23,middle
23713,113,0,0.31371999880356827,0.43422295291565605,23,middle
23714,114,0,0.4520048805868882,0.544095657265821,23,middle
23715,115,0,0.5810772893679741,0.4773365929003291,23,middle
23716,116,0,0.4422851221837758,0.4683520593267992,23,middle
23717,117,0,0.6397543538330857,0.6406124955287535,23,middle
23718,118,0,0.40778831822351114,0.41439965278572655,23,middle
23719,119,0,0.5778559089665152,0.5207926349117149,23,middle
23720,120,0,0.1894690736118434,0.4987060831560152,23,middle
23721,121,0,0.950881815447907,0.5256775590096262,23,middle
23722,122,0,0.7578943778019065,0.46630968595132266,23,middle
23723,123,0,0.6620158429091323,0.49708316319005685,23,middle
23724,124,0,0.7121622467257682,0.4561679198828851,23,middle
23725,125,0,0.6162399807559866,0.3935667856749014,23,middle
23726,126,0,0.3507790213320838,0.6088341102206112,23,middle
23727,127,0,0.7854112595842154,0.43899771454136727,23,middle
23728,128,0,0.6661242948813026,0.3396665904974685,23,middle
23729,129,0,0.6166271642269756,0.3079607984212418,23,middle
23730,130,0,0.7320086030298472,0.4145290047972111,23,middle
23731,131,0,0.7395642345564273,0.5432542543797634,23,middle
23732,132,0,0.3597149131171836,0.4975432744642871,23,middle
23733,133,0,0.4878983797256457,0.44904905875814805,23,middle
23734,134,0,0.7675416536736679,0.541817773361832,23,middle
23735,135,0,0.6827804436263286,0.4471850163868414,23,middle
23736,136,0,0.7167392312335233,0.39305741590689974,23,middle
23737,137,0,0.6089182991262785,0.47280092050120903,23,middle
23738,138,0,0.809784752920993,0.5355363094665431,23,middle
23739,139,0,0.6641186358901162,0.41959275085582326,23,middle
23740,140,0,0.7952986884667483,0.4440889183251576,23,middle
23741,141,0,0.3978043467562866,0.35619736004978786,23,middle
23742,142,0,0.4286090826484353,0.6108146762398895,23,middle
23743,143,0,0.640088080394429,0.38786196005998475,23,middle
23744,144,0,0.16732429124855655,0.5258482111199502,23,middle
23745,145,0,0.5793260503632367,0.39293972648316944,23,middle
23746,146,0,0.2845682899740797,0.5256022976747123,23,middle
23747,147,0,0.6065962425234643,0.33733614729463035,23,middle
23748,148,0,0.7173363800836808,0.3675345911958629,23,middle
23749,149,0,0.45455379935944873,0.5347429389202194,23,middle
23750,150,0,0.32034465263883133,0.4725006656131851,23,middle
23751,151,0,0.5265848193499277,0.550809220494841,23,middle
23752,152,0,0.7025923926803053,0.41514862651070883,23,middle
23753,153,0,0.6068378996493708,0.37407614354561836,23,middle
23754,154,0,0.15763523354622927,0.4970601380248642,23,middle
23755,155,0,0.6152151122274352,0.510077681380062,23,middle
23756,156,0,0.7711844824173094,0.5605989506515112,23,middle
23757,157,0,0.4366163996559877,0.5842959289707381,23,middle
23758,158,0,0.16099639794531037,0.513676545873951,23,middle
23759,159,0,0.48038314799480997,0.3961255528613791,23,middle
23760,160,0,0.5334169479233913,0.43023208247362643,23,middle
23761,161,0,0.8864147865774323,0.43700740034247276,23,middle
23762,162,0,0.31905241190684996,0.4731353041611859,23,middle
23763,163,0,0.24381629470996052,0.6122124571898303,23,middle
23764,164,0,0.8306178498315024,0.33162948276361465,23,middle
23765,165,0,0.8370950695968973,0.5205451245058756,23,middle
23766,166,0,0.8956458214226865,0.4359575858478903,23,middle
23767,167,0,0.23998138274827918,0.41466885434238676,23,middle
23768,168,0,0.8146756063205953,0.6054483931305679,23,middle
23769,169,0,0.7820214872216791,0.6028055739403129,23,middle
23770,170,0,0.8065879017197861,0.399884890021853,23,middle
23771,171,0,0.8356850259981803,0.38387474608145955,23,middle
23772,172,0,0.8924285510732016,0.48705744702830805,23,middle
23773,173,0,0.9423737994392176,0.4728738588518936,23,middle
23774,174,0,0.15504767350338589,0.570288122564826,23,middle
23775,175,0,0.8850385544167061,0.38813728184749274,23,middle
23776,176,0,0.45002334697175345,0.44460758839824127,23,middle
23777,177,0,0.42028706807122296,0.48513974465233733,23,middle
23778,178,0,0.9152693547064706,0.41741349891918283,23,middle
23779,179,0,0.3993729002561457,0.49781885625089783,23,middle
23780,180,0,0.41870091567646944,0.5171040321151174,23,middle
23781,181,0,0.44701050418995963,0.425034290591933,23,middle
23782,182,0,0.1688785229163683,0.5357677090282194,23,middle
23783,183,0,0.35857496853025506,0.635745178546261,23,middle
23784,184,0,0.18871590878288302,0.463968250584574,23,middle
23785,185,0,0.5236160177797844,0.4137569738167809,23,middle
23786,186,0,0.047500854255911676,0.47619306118808014,23,middle
23787,187,0,0.8966917070593916,0.3535871768932561,23,middle
23788,188,0,0.32492053748896765,0.4722722371711404,23,middle
23789,189,0,0.5053274908558958,0.3410785081910077,23,middle
23790,190,0,0.932825573294862,0.49481646417378533,23,middle
23791,191,0,0.9056900201369789,0.3344543233385948,23,middle
23792,192,0,0.5204726252467565,0.2955807011206743,23,middle
23793,193,0,0.2909935818845224,0.5972248984875956,23,middle
23794,194,0,0.9240542798429728,0.3837549008658944,23,middle
23795,195,0,0.12823992885797453,0.41675275647009646,23,middle
23796,196,0,0.369362287678426,0.4892235125230474,23,middle
23797,197,0,0.5102581800076883,0.44262714876215525,23,middle
23798,198,0,0.5399746691588139,0.44764739940356046,23,middle
23799,199,0,0.27321861693285704,0.5433917139928046,23,middle
23800,0,0,0.03194607509812845,0.6351101662385235,23,late
23801,1,0,0.4808757645914462,0.5462032105488435,23,late
23802,2,0,0.10190325964767943,0.652014791292917,23,late
23803,3,0,0.45447275106244434,0.4640892156840353,23,late
23804,4,0,0.09121843142664737,0.5810399825592583,23,late
23805,5,0,0.41902015871391396,0.6273018933815674,23,late
23806,6,0,0.9406242457644021,0.34389261390502884,23,late
23807,7,0,0.5457901147472288,0.3905932783196341,23,late
23808,8,0,0.044530703520500155,0.5640620144278126,23,late
23809,9,0,0.5240158037621602,0.4796556602047851,23,late
23810,10,0,0.9385881575026087,0.46340263569819984,23,late
23811,11,0,0.5713685944402682,0.5048762784323525,23,late
23812,12,0,0.12714837229660414,0.560259164064849,23,late
23813,13,0,0.7435417820376371,0.7152430100513378,23,late
23814,14,0,0.8073007698510082,0.6528537762847194,23,late
23815,15,0,0.5460808989383031,0.44751849093159535,23,late
23816,16,0,0.8808108573340044,0.468680665402343,23,late
23817,17,0,0.4207400859564579,0.600440741462644,23,late
23818,18,0,0.1251914061157027,0.4022046729269632,23,late
23819,19,0,0.7005036256004276,0.578789097512192,23,late
23820,20,0,0.2447975758553551,0.5501993660821699,23,late
23821,21,0,0.7230179208313712,0.4643775800056024,23,late
23822,22,0,0.8211400964131297,0.41523445289657934,23,late
23823,23,0,0.46732711602511884,0.39965561763775564,23,late
23824,24,0,0.7146438282483905,0.4844408734142809,23,late
23825,25,0,0.36932812299881895,0.4793538216527553,23,late
23826,26,0,0.2553606186996136,0.4927740780419308,23,late
23827,27,0,0.4255905848276859,0.4017839095211928,23,late
23828,28,0,0.20256574122700063,0.4066827532105153,23,late
23829,29,0,0.4179017209021618,0.46522967136733107,23,late
23830,30,0,0.17712533209246167,0.4842935270412738,23,late
23831,31,0,0.474127310316486,0.41756678049818907,23,late
23832,32,0,0.7797392863502427,0.29510821445624236,23,late
23833,33,0,0.3940265231480708,0.4147537004806728,23,late
23834,34,0,0.29020174411587163,0.5330393766593318,23,late
23835,35,0,0.6511179332645408,0.5566895762551878,23,late
23836,36,0,0.829207359902123,0.4053753380529845,23,late
23837,37,0,0.545384790815764,0.28588443299202443,23,late
23838,38,0,0.16189425347529762,0.41879880955361326,23,late
23839,39,0,0.3305857104854135,0.4004566541471153,23,late
23840,40,0,0.7806897769666754,0.5375438745667479,23,late
23841,41,0,0.3022816211638202,0.4626517552538032,23,late
23842,42,0,0.3015293478569449,0.6345213334606886,23,late
23843,43,0,0.6295251059345413,0.43258279139753497,23,late
23844,44,0,0.2282915946650464,0.3773640830860885,23,late
23845,45,0,0.6000351902050394,0.393944460233099,23,late
23846,46,0,0.7546747824495785,0.4893442155361456,23,late
23847,47,0,0.46147902470307073,0.5214243137180639,23,late
23848,48,0,0.23917070415338565,0.47004466953215507,23,late
23849,49,0,0.48097367891000564,0.5274994962797752,23,late
23850,50,0,0.8281771776370701,0.5829778530588946,23,late
23851,51,0,0.7046564095114891,0.5267795977164025,23,late
23852,52,0,0.7681822484910525,0.35119679905284173,23,late
23853,53,0,0.4169767214772284,0.4235032341050621,23,late
23854,54,0,0.8342492825128403,0.4336783067201184,23,late
23855,55,0,0.5380684590639734,0.4128956301953164,23,late
23856,56,0,0.7333528514602219,0.35630402665961936,23,late
23857,57,0,0.6673582906246102,0.363183778562727,23,late
23858,58,0,0.2410223716517228,0.3926186192307794,23,late
23859,59,0,0.3570324512415454,0.41512936229903696,23,late
23860,60,0,0.7073756182879374,0.369801689623386,23,late
23861,61,0,0.40346540991723556,0.36361262337123146,23,late
23862,62,0,0.7624069185128224,0.2574603286166645,23,late
23863,63,0,0.5377323725133183,0.32325465814158183,23,late
23864,64,0,0.32679898392306006,0.3801308917827902,23,late
23865,65,0,0.6232168930968367,0.4721336908348987,23,late
23866,66,0,0.24516938880443906,0.41937495847507655,23,late
23867,67,0,0.417208758463238,0.5186080524399007,23,late
23868,68,0,0.25591446801303547,0.4333720320289345,23,late
23869,69,0,0.41164056740734556,0.39760725441901634,23,late
23870,70,0,0.20344011000880152,0.3465754422896682,23,late
23871,71,0,0.5860455164854139,0.30128956246790395,23,late
23872,72,0,0.22233084425311167,0.498444757699978,23,late
23873,73,0,0.3715014115508189,0.4553440014402126,23,late
23874,74,0,0.22679657521858215,0.30527346926047827,23,late
23875,75,0,0.5193224673222623,0.434877458633316,23,late
23876,76,0,0.8603915847948687,0.3107615208444743,23,late
23877,77,0,0.5292937015538266,0.4236636031002237,23,late
23878,78,0,0.7513851904248929,0.484042974177702,23,late
23879,79,0,0.5360730455000021,0.39910508448236104,23,late
23880,80,0,0.8033684707063973,0.5102831344295035,23,late
23881,81,0,0.12292956284139986,0.3523782131029173,23,late
23882,82,0,0.8092745696447861,0.46192902719676143,23,late
23883,83,0,0.11734074495900115,0.4588081829242928,23,late
23884,84,0,0.16769308801703536,0.3213434501144796,23,late
23885,85,0,0.22948710481727796,0.45980796381460376,23,late
23886,86,0,0.20849671861445296,0.4251695943874457,23,late
23887,87,0,0.18441167959547544,0.42091959021419856,23,late
23888,88,0,0.23005481264907016,0.6613110606576917,23,late
23889,89,0,0.20468661058394177,0.4573255894643925,23,late
23890,90,0,0.7101907900318272,0.5015146114070734,23,late
23891,91,0,0.28473587484629254,0.38186754010128277,23,late
23892,92,0,0.6015427544723798,0.509403452691521,23,late
23893,93,0,0.5581442961672792,0.5611087215384735,23,late
23894,94,0,0.7548029711171556,0.3974692010069424,23,late
23895,95,0,0.24201527137247014,0.4589342500957198,23,late
23896,96,0,0.2923048045271943,0.4124262705733799,23,late
23897,97,0,0.3351649809612551,0.4674452957541877,23,late
23898,98,0,0.6516200749670666,0.5044299074114997,23,late
23899,99,0,0.32894111182715957,0.40742658020827516,23,late
23900,100,0,0.6254549667733684,0.4362038327836563,23,late
23901,101,0,0.3191559433439338,0.3658888015954085,23,late
23902,102,0,0.6592394451065895,0.4093788886500158,23,late
23903,103,0,0.6686586222990858,0.38974203686984704,23,late
23904,104,0,0.24814471936342564,0.31032606062816714,23,late
23905,105,0,0.3806165233225842,0.5020430413627835,23,late
23906,106,0,0.29963664090254877,0.3309306491250142,23,late
23907,107,0,0.731317226019679,0.3919876221710903,23,late
23908,108,0,0.2167155089990991,0.3622414290103313,23,late
23909,109,0,0.7004100056382029,0.4792320143461926,23,late
23910,110,0,0.7714302641302777,0.42506439423923725,23,late
23911,111,0,0.7586362560754056,0.35487690567046876,23,late
23912,112,0,0.37655576947769814,0.576959901724116,23,late
23913,113,0,0.1803459505223155,0.4269994564923737,23,late
23914,114,0,0.7374530317037562,0.356157527210308,23,late
23915,115,0,0.2658162980065252,0.41578775777003574,23,late
23916,116,0,0.30581348608247255,0.5276155300573234,23,late
23917,117,0,0.7417788061387621,0.326611291821714,23,late
23918,118,0,0.7379810438148267,0.3760450079555393,23,late
23919,119,0,0.29753521450720255,0.39755842856697127,23,late
23920,120,0,0.5766810620705255,0.44662552965077723,23,late
23921,121,0,0.46735264508175867,0.5204347483026114,23,late
23922,122,0,0.583601245693044,0.2793506160743855,23,late
23923,123,0,0.6041250545146162,0.3546941846651066,23,late
23924,124,0,0.49924729166331633,0.2812389930276178,23,late
23925,125,0,0.4821393503516911,0.4690385148142403,23,late
23926,126,0,0.600986152345393,0.48157710526238506,23,late
23927,127,0,0.4590308272215083,0.4587587352618723,23,late
23928,128,0,0.5444021120370085,0.3293319111311054,23,late
23929,129,0,0.47212214224873494,0.4114563886092011,23,late
23930,130,0,0.5225330032899819,0.3933380723856954,23,late
23931,131,0,0.5009748060914498,0.3531288342159589,23,late
23932,132,0,0.533064314232657,0.3504547498395132,23,late
23933,133,0,0.5315063749974912,0.3658366263451823,23,late
23934,134,0,0.476124849202483,0.3492042138200405,23,late
23935,135,0,0.5505559671244162,0.3828021656090832,23,late
23936,136,0,0.5018936411040921,0.4094214676170727,23,late
23937,137,0,0.526897173609975,0.35718747617527846,23,late
23938,138,0,0.7237277495987067,0.4561145238079306,23,late
23939,139,0,0.46042449877283115,0.36342867140849056,23,late
23940,140,0,0.5108062000257263,0.4861080748462698,23,late
23941,141,0,0.5608400738496473,0.6221861095369345,23,late
23942,142,0,0.4818634336067396,0.34850256215178504,23,late
23943,143,0,0.4853307794961125,0.44959982941720816,23,late
23944,144,0,0.5405509620122841,0.39904539530190636,23,late
23945,145,0,0.5699608530803745,0.32250562534232907,23,late
23946,146,0,0.5385738779772166,0.32666051145557906,23,late
23947,147,0,0.5817891613350148,0.4617037221841296,23,late
23948,148,0,0.5167838850725225,0.35545933277734965,23,late
23949,149,0,0.43050185255024387,0.43728268137515014,23,late
23950,150,0,0.5240550748972599,0.3995200417821272,23,late
23951,151,0,0.6364675944606536,0.5217144498685029,23,late
23952,152,0,0.3270014799398448,0.42936046602705263,23,late
23953,153,0,0.5454737608545408,0.4597201904920086,23,late
23954,154,0,0.5491572566382383,0.4044005063952072,23,late
23955,155,0,0.582586847904772,0.3158244201159397,23,late
23956,156,0,0.6541603885584363,0.5658085357483531,23,late
23957,157,0,0.4903234347028962,0.3045149380562276,23,late
23958,158,0,0.4623115406731496,0.3180431601294907,23,late
23959,159,0,0.39715441134037704,0.3950867349903614,23,late
23960,160,0,0.45416124965505633,0.5168268181830307,23,late
23961,161,0,0.170679761493654,0.4065919905604981,23,late
23962,162,0,0.7345662404167881,0.3032092483692264,23,late
23963,163,0,0.7005411204245633,0.42510841425409346,23,late
23964,164,0,0.24810736036076642,0.4742985994810245,23,late
23965,165,0,0.29513984572246443,0.4786017818570503,23,late
23966,166,0,0.5741205101073904,0.379822559642664,23,late
23967,167,0,0.5302797661711809,0.3356135175758729,23,late
23968,168,0,0.39760563090317425,0.40562994236011074,23,late
23969,169,0,0.5894082226990416,0.4297534050142177,23,late
23970,170,0,0.23709451713642443,0.32643407678387903,23,late
23971,171,0,0.19291862670792043,0.37828755656992596,23,late
23972,172,0,0.695208866323608,0.3627326082443515,23,late
23973,173,0,0.5787753668343809,0.417404720056805,23,late
23974,174,0,0.6933356861819866,0.38211230869991974,23,late
23975,175,0,0.5681010827065364,0.3491601043959939,23,late
23976,176,0,0.6046710858425032,0.39117362563998026,23,late
23977,177,0,0.14429761507688216,0.5493800400420399,23,late
23978,178,0,0.3648787463978053,0.37981822719294034,23,late
23979,179,0,0.16629086054452982,0.34181712039728873,23,late
23980,180,0,0.6134780163836526,0.4769452905667437,23,late
23981,181,0,0.4407590819065058,0.3600321327448518,23,late
23982,182,0,0.30441029133997743,0.46321639797323816,23,late
23983,183,0,0.19792516219797646,0.32694779479852715,23,late
23984,184,0,0.42067547032933983,0.4369581079560446,23,late
23985,185,0,0.33122355948323723,0.5257361799497056,23,late
23986,186,0,0.7053712242770798,0.37312941360966,23,late
23987,187,0,0.6398955950917216,0.4124900524820101,23,late
23988,188,0,0.4336127888665138,0.34156244092774274,23,late
23989,189,0,0.7068816984917541,0.3103469411358606,23,late
23990,190,0,0.6329217377615406,0.477906871980471,23,late
23991,191,0,0.5001974876054409,0.4692814389172441,23,late
23992,192,0,0.37252104330492325,0.29107370119553255,23,late
23993,193,0,0.6928910734814574,0.3413017141804613,23,late
23994,194,0,0.33425434314913804,0.44299500130915254,23,late
23995,195,0,0.5090001468531813,0.3974623799995274,23,late
23996,196,0,0.25214276490050813,0.41186307779019676,23,late
23997,197,0,0.2524879718406838,0.39983595978676645,23,late
23998,198,0,0.2331444184710196,0.2903792656972878,23,late
23999,199,0,0.17158331933143178,0.3506653970863146,23,late
24000,0,0,0.7133727049347875,0.8056556382175392,24,interleaved
24001,1,1,0.49846791345459945,0.8248560104375079,24,interleaved
24002,2,2,0.5083633851305321,0.8774909742462779,24,interleaved
24003,3,3,0.40777236760740343,0.8457303480586333,24,interleaved
24004,4,1,0.26118089604418854,0.7623813881339416,24,interleaved
24005,5,4,0.02730612416951265,1.3919272624898222,24,interleaved
24006,6,5,0.8909731929418038,1.4899040003259505,24,interleaved
24007,7,6,0.9381295118973629,0.9816354482852492,24,interleaved
24008,8,7,0.49951624643025944,1.2802465838399315,24,interleaved
24009,9,8,0.0024280079870916773,0.9760230794177949,24,interleaved
24010,10,9,0.0014907536124419839,1.1367703556338364,24,interleaved
24011,11,10,0.4751620983571561,1.3847204084426221,24,interleaved
24012,12,1,0.12129739496329071,0.8335999799171014,24,interleaved
24013,13,11,0.11175928980867587,1.001609969974755,24,interleaved
24014,14,12,0.7961416468268281,0.9696719998287886,24,interleaved
24015,15,13,0.534084466899167,0.8242383523704515,24,interleaved
24016,16,11,0.5354557802550235,0.7607486728173354,24,interleaved
24017,17,14,0.2224158769505193,1.150211788075182,24,interleaved
24018,18,11,0.5296542724359078,0.8425988709989614,24,interleaved
24019,19,15,0.08476275356667688,0.9392416773750036,24,interleaved
24020,20,11,0.48310586611626766,0.8163371918412916,24,interleaved
24021,21,16,0.9979553708750148,0.8653118023215052,24,interleaved
24022,22,17,0.09854361541398594,0.8476983696602655,24,interleaved
24023,23,18,0.852073412219627,1.3338789213148243,24,interleaved
24024,24,19,0.9541947190642763,0.9618787897141663,24,interleaved
24025,25,20,0.4906679130520786,0.9550548558009386,24,interleaved
24026,26,16,0.4990285107377234,0.6769220030135281,24,interleaved
24027,27,16,0.9972903332043099,0.6221625430228512,24,interleaved
24028,28,16,0.49940034195999117,0.719705466868813,24,interleaved
24029,29,1,0.42011218221451374,0.7025618003455706,24,interleaved
24030,30,16,0.5007150995000753,0.6966482294437805,24,interleaved
24031,31,1,0.46468303055677906,0.6601482071734206,24,interleaved
24032,32,16,0.5018912315561568,0.7841584118837026,24,interleaved
24033,33,16,0.9906447441522306,0.6746271753331347,24,interleaved
24034,34,16,0.48758925495767413,0.7373757859962404,24,interleaved
24035,35,16,0.0109942591253522,0.8676183879906079,24,interleaved
24036,36,16,0.49398366514255077,0.593850072142148,24,interleaved
24037,37,16,0.8657583707090106,0.7227379459179326,24,interleaved
24038,38,1,0.6849599677416818,0.6619798239289592,24,interleaved
24039,39,1,0.4456199426890026,0.7252149735585667,24,interleaved
24040,40,16,0.5150792657694407,0.557789340421937,24,interleaved
24041,41,16,0.9925577360511909,0.6500552333505081,24,interleaved
24042,42,1,0.3160041300224502,0.7522236788072094,24,interleaved
24043,43,16,0.9795423213951797,0.6391615985783361,24,interleaved
24044,44,16,0.5009793505699793,0.614764797485243,24,interleaved
24045,45,16,0.015154637377095888,0.6439134568209408,24,interleaved
24046,46,16,0.48722167766607094,0.7887870165033668,24,interleaved
24047,47,16,0.016096116419975708,0.638162992922065,24,interleaved
24048,48,16,0.482985163880676,0.7098131675100973,24,interleaved
24049,49,16,0.9799282900740216,0.4481378411037006,24,interleaved
24050,50,16,0.4252335909716382,0.6463679239444817,24,interleaved
24051,51,16,0.9212056850694228,0.5612601197502287,24,interleaved
24052,52,16,0.37956693539536085,0.6057828975057661,24,interleaved
24053,53,16,0.9028275320999621,0.4625554497071144,24,interleaved
24054,54,16,0.6441066709597818,0.6404691306378529,24,interleaved
24055,55,16,0.05776841890056129,0.618608353484932,24,interleaved
24056,56,16,0.5692858128800112,0.5924831711127911,24,interleaved
24057,57,16,0.21112218118797127,0.7626034575207324,24,interleaved
24058,58,16,0.23143933374415035,0.6191571090042416,24,interleaved
24059,59,16,0.6133586890888011,0.38602860645243237,24,interleaved
24060,60,16,0.25708785179422833,0.47290131168598926,24,interleaved
24061,61,16,0.6424494510512186,0.47370567970386057,24,interleaved
24062,62,16,0.7304853893549775,0.5619911932692745,24,interleaved
24063,63,16,0.6370544167125768,0.5142443846566497,24,interleaved
24064,64,16,0.21309888042014197,0.42952744001652876,24,interleaved
24065,65,16,0.29878268736812635,0.5696042187421144,24,interleaved
24066,66,16,0.7392753009184668,0.4321878866267884,24,interleaved
24067,67,16,0.5838691845138873,0.6153113899404318,24,interleaved
24068,68,16,0.1398584679504874,0.5215178741539019,24,interleaved
24069,69,16,0.6729846252138161,0.48865023816434006,24,interleaved
24070,70,16,0.776630307393434,0.40043708219314733,24,interleaved
24071,71,16,0.7864884071383011,0.4007538078925377,24,interleaved
24072,72,16,0.18634308614883416,0.4506787012599387,24,interleaved
24073,73,16,0.6544235575316364,0.5438460250005767,24,interleaved
24074,74,16,0.8055000805408634,0.49220504452758795,24,interleaved
24075,75,16,0.6307546326777826,0.5736300053173693,24,interleaved
24076,76,16,0.2411602722014314,0.5971209025278617,24,interleaved
24077,77,16,0.7240012327405441,0.612696742389073,24,interleaved
24078,78,16,0.2917692540303464,0.4425332123234713,24,interleaved
24079,79,16,0.6711801252991861,0.6859884866060345,24,interleaved
24080,80,16,0.6616566509611093,0.5127452539923159,24,interleaved
24081,81,16,0.9348972887116624,0.653403557834816,24,interleaved
24082,82,16,0.5969164229875852,0.4749781289532519,24,interleaved
24083,83,16,0.5996441830967189,0.4923159738473076,24,interleaved
24084,84,16,0.24801438891246802,0.5848288367936223,24,interleaved
24085,85,16,0.607663080673158,0.41498749563976123,24,interleaved
24086,86,16,0.7237641832525499,0.5034879580911182,24,interleaved
24087,87,16,0.30764047037484826,0.44209768588675236,24,interleaved
24088,88,16,0.16873216641888933,0.49248917158461203,24,interleaved
24089,89,16,0.6652502801653646,0.339607666313833,24,interleaved
24090,90,16,0.1558030284403337,0.5617144945719382,24,interleaved
24091,91,16,0.5927768386342214,0.47282521464852756,24,interleaved
24092,92,16,0.29787346510732643,0.3938633546638658,24,interleaved
24093,93,16,0.6312001260194372,0.4197947952414164,24,interleaved
24094,94,16,0.2698538788206347,0.41270319183711823,24,interleaved
24095,95,16,0.5593402828940424,0.47340560073005067,24,interleaved
24096,96,16,0.35488033973617533,0.5382129568045444,24,interleaved
24097,97,16,0.39316464649455063,0.5407877133922747,24,interleaved
24098,98,16,0.659405886084667,0.315926904728049,24,interleaved
24099,99,16,0.6563363263775766,0.539947769733159,24,interleaved
24100,100,16,0.2497502094167414,0.5184152097666223,24,interleaved
24101,101,16,0.4554510964861286,0.4783470843694471,24,interleaved
24102,102,16,0.23165534209405905,0.566149647123814,24,interleaved
24103,103,16,0.25283552029798717,0.6896058379698377,24,interleaved
24104,104,16,0.19650965222785088,0.4087315192286972,24,interleaved
24105,105,16,0.7290706240991572,0.3962203302631863,24,interleaved
24106,106,16,0.5659234295066669,0.46369215216840654,24,interleaved
24107,107,16,0.7563672192525692,0.4058601171077436,24,interleaved
24108,108,16,0.6802411484991134,0.3956506617839838,24,interleaved
24109,109,16,0.6747067997356258,0.52603339505816,24,interleaved
24110,110,16,0.6892398121551702,0.5473719101878688,24,interleaved
24111,111,16,0.8397047940436007,0.472008809167396,24,interleaved
24112,112,16,0.6975555858295237,0.5051522481531094,24,interleaved
24113,113,16,0.5694666392122926,0.4189684894353543,24,interleaved
24114,114,16,0.21994747572689977,0.48919986462841214,24,interleaved
24115,115,16,0.43496357262497465,0.504527153796968,24,interleaved
24116,116,16,0.18836207172161346,0.40268178346688777,24,interleaved
24117,117,16,0.7098661495368346,0.4141483775259485,24,interleaved
24118,118,16,0.588226148143393,0.42901187226178206,24,interleaved
24119,119,16,0.5594435778530693,0.5144388578858643,24,interleaved
24120,120,16,0.4023125158981831,0.6487891974343445,24,interleaved
24121,121,16,0.6557938365467221,0.5256641806515628,24,interleaved
24122,122,16,0.2513090136534146,0.48251246426225264,24,interleaved
24123,123,16,0.7283929040827164,0.547942378984623,24,interleaved
24124,124,16,0.21949059157925843,0.5268097259021087,24,interleaved
24125,125,16,0.6536630217847486,0.4083718383263876,24,interleaved
24126,126,16,0.6086024736056824,0.39424047487106517,24,interleaved
24127,127,16,0.6646300244287768,0.4447340441622037,24,interleaved
24128,128,16,0.22768970836585303,0.427404046982021,24,interleaved
24129,129,16,0.829649011116942,0.4919762512154435,24,interleaved
24130,130,16,0.2877922106996804,0.5825554883264958,24,interleaved
24131,131,16,0.7293394010690014,0.45934906771498973,24,interleaved
24132,132,16,0.6923673800045071,0.5543613255969697,24,interleaved
24133,133,16,0.7353291822170669,0.474657851608867,24,interleaved
24134,134,16,0.6654904798910766,0.35492311539205235,24,interleaved
24135,135,16,0.6571380820158067,0.4367000989506724,24,interleaved
24136,136,16,0.19608763998212267,0.45554576151598236,24,interleaved
24137,137,16,0.5683809509878948,0.42440990865794004,24,interleaved
24138,138,16,0.253552380733719,0.41134479149995284,24,interleaved
24139,139,16,0.7597269797624664,0.5321942136196058,24,interleaved
24140,140,16,0.6725348764995874,0.4587238119936386,24,interleaved
24141,141,16,0.8043940003434458,0.4933507378207009,24,interleaved
24142,142,16,0.19991280230882807,0.526477913205349,24,interleaved
24143,143,16,0.6894528092074903,0.3448892181483405,24,interleaved
24144,144,16,0.5729446134279852,0.3732447836935743,24,interleaved
24145,145,16,0.5312895027057367,0.41911063345541955,24,interleaved
24146,146,16,0.6292296249309537,0.4486326089828534,24,interleaved
24147,147,16,0.46235403185423357,0.35764243883194397,24,interleaved
24148,148,16,0.6914973924222867,0.4034463837510579,24,interleaved
24149,149,16,0.6542305282309838,0.5491643049762203,24,interleaved
24150,150,16,0.19471181967962084,0.5412477206789008,24,interleaved
24151,151,16,0.6768282579802585,0.4523952220559987,24,interleaved
24152,152,16,0.5502496124981917,0.4463271192513481,24,interleaved
24153,153,16,0.7172469431156561,0.4167473613829181,24,interleaved
24154,154,16,0.6864268075797526,0.39178807899086576,24,interleaved
24155,155,16,0.38224268403999434,0.5522802529611459,24,interleaved
24156,156,16,0.18409249306974285,0.41979681979226874,24,interleaved
24157,157,16,0.8032366355033107,0.5204211836558645,24,interleaved
24158,158,16,0.5498913840640512,0.5116365236870373,24,interleaved
24159,159,16,0.5572232765577281,0.45917480855527504,24,interleaved
24160,160,16,0.8262853231423358,0.46106609819229305,24,interleaved
24161,161,16,0.7122245430935454,0.4320434891950028,24,interleaved
24162,162,16,0.2202582258263021,0.5275534868842051,24,interleaved
24163,163,16,0.7759650809586096,0.49243541806811914,24,interleaved
24164,164,16,0.5748358422331712,0.516236696087554,24,interleaved
24165,165,16,0.7779375555472295,0.4652387250654755,24,interleaved
24166,166,16,0.6227907539206552,0.519328332522555,24,interleaved
24167,167,16,0.7190983265632721,0.4183990702856768,24,interleaved
24168,168,16,0.2088152435351336,0.657608909482267,24,interleaved
24169,169,16,0.5609707543548739,0.34210926669551533,24,interleaved
24170,170,16,0.2357886725995577,0.4088418686710495,24,interleaved
24171,171,16,0.575404949956152,0.49967483284808556,24,interleaved
24172,172,16,0.5394932769618795,0.5043185790156971,24,interleaved
24173,173,16,0.7604012167979546,0.462378934938901,24,interleaved
24174,174,16,0.809622135528804,0.46778420696415757,24,interleaved
24175,175,16,0.643289710230579,0.38707757461833137,24,interleaved
24176,176,16,0.7147457655453671,0.43675793347412045,24,interleaved
24177,177,16,0.6738653798436262,0.4253228483790103,24,interleaved
24178,178,16,0.3403606169218055,0.5217936586341094,24,interleaved
24179,179,16,0.5675226201424473,0.3991640946934308,24,interleaved
24180,180,16,0.23265580495466257,0.42744720850336193,24,interleaved
24181,181,16,0.5461924307741095,0.49354871962982005,24,interleaved
24182,182,16,0.21742482301640834,0.42289299764050803,24,interleaved
24183,183,16,0.39860549258134853,0.3928134201143106,24,interleaved
24184,184,16,0.5365242580128606,0.4715298906331695,24,interleaved
24185,185,16,0.5795727925574576,0.5396986829280338,24,interleaved
24186,186,16,0.616258340305309,0.4551953631544463,24,interleaved
24187,187,16,0.8822274844492792,0.5952489372068039,24,interleaved
24188,188,16,0.21168103649905337,0.35894922088634906,24,interleaved
24189,189,16,0.365000183477017,0.24399064190931222,24,interleaved
24190,190,16,0.6146169015106644,0.42288677494848337,24,interleaved
24191,191,16,0.8593728900307329,0.36806550878628674,24,interleaved
24192,192,16,0.21690380870180156,0.48732868200826196,24,interleaved
24193,193,16,0.8861378494364949,0.4418597232776511,24,interleaved
24194,194,16,0.24470321018798807,0.6855714404434892,24,interleaved
24195,195,16,0.5848971958303921,0.35988604044394656,24,interleaved
24196,196,16,0.6213992371374127,0.4058116692091473,24,interleaved
24197,197,16,0.45274681061690714,0.5331206941116802,24,interleaved
24198,198,16,0.4338524483402078,0.6022992894868375,24,interleaved
24199,199,16,0.46238903549582244,0.4378204189880993,24,interleaved
24200,0,0,0.2683754954914589,0.8321897908251719,24,blocked
24201,1,0,0.23098678788703939,0.6597607745237001,24,blocked
24202,2,0,0.20565769614135204,0.7651261099384528,24,blocked
24203,3,0,0.7091448399044317,0.6710227969062585,24,blocked
24204,4,1,0.5924742124631809,0.6989119355436475,24,blocked
24205,5,2,0.004940216100897813,1.2341480495445754,24,blocked
24206,6,3,0.5066129757898239,0.8851639236980589,24,blocked
24207,7,0,0.14751432553920324,0.5960863528558045,24,blocked
24208,8,0,0.24978395913145982,0.6000369594424179,24,blocked
24209,9,0,0.7019409075038079,0.49218204694720347,24,blocked
24210,10,0,0.21149094920875103,0.5559913758621147,24,blocked
24211,11,0,0.20927628971534262,0.7440660673770316,24,blocked
24212,12,4,0.5393007013434908,0.9895496375903854,24,blocked
24213,13,0,0.2844768500846231,0.6306367525978888,24,blocked
24214,14,5,0.37043388547130424,0.8371786769895032,24,blocked
24215,15,5,0.38524642426321115,0.6195806186704046,24,blocked
24216,16,6,0.8979007421940451,1.2351343184992656,24,blocked
24217,17,0,0.6432145050926851,0.6061497531979896,24,blocked
24218,18,5,0.7840270260471642,0.49843838097948684,24,blocked
24219,19,0,0.3134157653499662,0.6869937339699949,24,blocked
24220,20,5,0.29094862920693604,0.5827762030956893,24,blocked
24221,21,0,0.6238323003763804,0.6797385156712649,24,blocked
24222,22,5,0.3338728517400813,0.5757148858932093,24,blocked
24223,23,5,0.6578086415588118,0.3452690976765643,24,blocked
24224,24,0,0.6890626533713168,0.6490983065367445,24,blocked
24225,25,0,0.2103728640265156,0.6829075393835019,24,blocked
24226,26,0,0.20473480579384523,0.723255540349343,24,blocked
24227,27,5,0.3264549960120726,0.5706218982385414,24,blocked
24228,28,0,0.2543402009892394,0.46864116619449314,24,blocked
24229,29,0,0.5245775218365109,0.6353245862557627,24,blocked
24230,30,0,0.21132074460355843,0.7444199994668822,24,blocked
24231,31,0,0.3041118032754685,0.5140808299484112,24,blocked
24232,32,5,0.6757318354977206,0.6265207248075259,24,blocked
24233,33,0,0.20155526697009993,0.5031564654410715,24,blocked
24234,34,5,0.4016209074583455,0.6326625112552641,24,blocked
24235,35,0,0.6486905171568583,0.5777633838313107,24,blocked
24236,36,0,0.20966726017467593,0.5177168361689548,24,blocked
24237,37,5,0.5146013237825324,0.6996920819681132,24,blocked
24238,38,5,0.5167447506453606,0.6198070933949215,24,blocked
24239,39,0,0.6811503569761861,0.5838549579048673,24,blocked
24240,40,0,0.35105732226874536,0.7154188610123355,24,blocked
24241,41,5,0.6619319541489438,0.5361027585107617,24,blocked
24242,42,0,0.610901827078347,0.4488352565472829,24,blocked
24243,43,0,0.5709301246186547,0.503854472941151,24,blocked
24244,44,5,0.6118557828383505,0.6387520801663499,24,blocked
24245,45,5,0.3152683873810298,0.4827013720865827,24,blocked
24246,46,0,0.25440785544488526,0.7083994734719636,24,blocked
24247,47,0,0.7768097887916141,0.6438796043935702,24,blocked
24248,48,0,0.3907738048338218,0.6255283840722761,24,blocked
24249,49,0,0.6186092442480848,0.3409112278266738,24,blocked
24250,50,0,0.5387733575402537,0.5314978126612451,24,blocked
24251,51,0,0.6970012601881813,0.4586680039496463,24,blocked
24252,52,0,0.7192476266839024,0.6170252559785987,24,blocked
24253,53,5,0.6326185259140802,0.6285112321494986,24,blocked
24254,54,0,0.46635941855577134,0.4554372097118121,24,blocked
24255,55,5,0.6470213208030643,0.6450367730438166,24,blocked
24256,56,0,0.7188220517668523,0.44207826565102354,24,blocked
24257,57,5,0.7587117573516539,0.5819929534091495,24,blocked
24258,58,5,0.17445603220241612,0.6114749432309814,24,blocked
24259,59,0,0.5006877028001063,0.42235686540131523,24,blocked
24260,60,0,0.4017255807144906,0.4971037220465222,24,blocked
24261,61,0,0.4281953054140839,0.5577416558971985,24,blocked
24262,62,0,0.5981448025197982,0.49885918001317225,24,blocked
24263,63,0,0.4593645789308379,0.7896407976285887,24,blocked
24264,64,5,0.23769074788007352,0.56667189925483,24,blocked
24265,65,0,0.5519489877280619,0.5130601778116282,24,blocked
24266,66,0,0.6568638130173395,0.32840658176461424,24,blocked
24267,67,0,0.3251929129038714,0.5088896091892812,24,blocked
24268,68,0,0.5918942157799035,0.4277763727925791,24,blocked
24269,69,0,0.45512076970811977,0.5953100645199423,24,blocked
24270,70,0,0.6910927540844278,0.49143497211431125,24,blocked
24271,71,0,0.6339867887502074,0.4029266219520337,24,blocked
24272,72,0,0.6242180770812682,0.3369712159624184,24,blocked
24273,73,0,0.5489125090780037,0.5475915998825717,24,blocked
24274,74,0,0.5224661579865799,0.5258921898304925,24,blocked
24275,75,0,0.49326366973002234,0.5135267511748234,24,blocked
24276,76,0,0.484041024568842,0.48764720326932015,24,blocked
24277,77,0,0.6773094783694814,0.5625092351973888,24,blocked
24278,78,0,0.21786830254474715,0.5145354508030184,24,blocked
24279,79,0,0.29997147105090827,0.6653928511361519,24,blocked
24280,80,0,0.44193773524332314,0.45216852400900287,24,blocked
24281,81,0,0.3858908293346039,0.4515601734827438,24,blocked
24282,82,0,0.5439682686550191,0.49439020881307555,24,blocked
24283,83,0,0.43245818679256165,0.433858464159263,24,blocked
24284,84,0,0.4553615334263355,0.34674890282348847,24,blocked
24285,85,0,0.5108910015362097,0.5758012535845733,24,blocked
24286,86,0,0.6110568762972679,0.43016950594453784,24,blocked
24287,87,0,0.4644060326761559,0.5305380490065685,24,blocked
24288,88,0,0.40851839179936633,0.523756396183453,24,blocked
24289,89,0,0.4356099650786027,0.32861334577649914,24,blocked
24290,90,0,0.4997213698769892,0.5465459389463377,24,blocked
24291,91,0,0.1797068026598899,0.6865246376119724,24,blocked
24292,92,0,0.3953763608930279,0.4711084982957178,24,blocked
24293,93,0,0.5019663488938829,0.6004407741194637,24,blocked
24294,94,0,0.453330229976013,0.5383384944812573,24,blocked
24295,95,0,0.495430634045365,0.48839584286447624,24,blocked
24296,96,0,0.6366319528177103,0.5724609054934449,24,blocked
24297,97,0,0.445626368881506,0.3727161704160522,24,blocked
24298,98,0,0.33218570877368403,0.575377394927204,24,blocked
24299,99,0,0.5283023132303449,0.46540683148154616,24,blocked
24300,100,0,0.5616183086325709,0.33304933677120896,24,blocked
24301,101,0,0.49491529595994904,0.4397513067749237,24,blocked
24302,102,0,0.22691881057364055,0.5188054609255621,24,blocked
24303,103,0,0.39641576787261007,0.41327813240693834,24,blocked
24304,104,0,0.3905858033107315,0.46617996514371435,24,blocked
24305,105,0,0.5201532888613252,0.4663093108976709,24,blocked
24306,106,0,0.5093232033133334,0.435325341698347,24,blocked
24307,107,0,0.4035872255427655,0.4325116605748984,24,blocked
24308,108,0,0.436012999613693,0.6399217434331275,24,blocked
24309,109,0,0.44331005812820173,0.41336692390153185,24,blocked
24310,110,0,0.4853355595723838,0.3899822288261162,24,blocked
24311,111,0,0.4822604356461543,0.4716339328336919,24,blocked
24312,112,0,0.5262634514406415,0.39074934936888095,24,blocked
24313,113,0,0.5604008643770322,0.4502958250900416,24,blocked
24314,114,0,0.5047592369463245,0.4834138253057737,24,blocked
24315,115,0,0.39504635209218997,0.49533485502528063,24,blocked
24316,116,0,0.5296386786853513,0.342020016813812,24,blocked
24317,117,0,0.4449898227286021,0.43079089117541725,24,blocked
24318,118,0,0.6658493156922398,0.44961593140177153,24,blocked
24319,119,0,0.5445568425355314,0.5198166128405063,24,blocked
24320,120,0,0.6870971831606435,0.4090783809481252,24,blocked
24321,121,0,0.5617732090960668,0.42612107769919655,24,blocked
24322,122,0,0.4698412501026892,0.5435916295590071,24,blocked
24323,123,0,0.4066798861571007,0.45209232344670447,24,blocked
24324,124,0,0.49163578631705035,0.5231974517082008,24,blocked
24325,125,0,0.6421889040167316,0.5002387303026505,24,blocked
24326,126,0,0.422356392185496,0.3997591246112679,24,blocked
24327,127,0,0.40795444955763926,0.6107604105331094,24,blocked
24328,128,0,0.6456932547009318,0.5464352410040795,24,blocked
24329,129,0,0.6836501670428552,0.49983317418463497,24,blocked
24330,130,0,0.8367466701947464,0.4431946053127078,24,blocked
24331,131,0,0.6810601453981165,0.4867730473294045,24,blocked
24332,132,0,0.48439144143945834,0.5959389857692163,24,blocked
24333,133,0,0.6077020111313871,0.34090264777901663,24,blocked
24334,134,0,0.6777202633732552,0.4533276395906888,24,blocked
24335,135,0,0.8376030940744827,0.4372640711400265,24,blocked
24336,136,0,0.6803484252927259,0.34524869442102424,24,blocked
24337,137,0,0.21954699366007172,0.426156125051649,24,blocked
24338,138,0,0.8486632253722471,0.44368798227810613,24,blocked
24339,139,0,0.7153624533886397,0.4635700291806333,24,blocked
24340,140,0,0.5527992997551234,0.3711300373287152,24,blocked
24341,141,0,0.8330656126010376,0.4027367204981893,24,blocked
24342,142,0,0.1522782133203909,0.3227650312700058,24,blocked
24343,143,0,0.26315126963529933,0.4959397017345419,24,blocked
24344,144,0,0.29041707351017604,0.47780704073597785,24,blocked
24345,145,0,0.2865113288175819,0.43511648779066825,24,blocked
24346,146,0,0.8234164225929046,0.4000227031221505,24,blocked
24347,147,0,0.12506901552081237,0.4075084841885611,24,blocked
24348,148,0,0.2354654258411542,0.36612095892545216,24,blocked
24349,149,0,0.2082694755330105,0.4187312438838509,24,blocked
24350,150,0,0.4571523401640976,0.4914925953563165,24,blocked
24351,151,0,0.5164163011353224,0.5870810501381929,24,blocked
24352,152,0,0.7349297053722528,0.36947665080417336,24,blocked
24353,153,0,0.7803151343504384,0.3341603460370848,24,blocked
24354,154,0,0.3343632266555199,0.49181623736913005,24,blocked
24355,155,0,0.19661055757381526,0.3812191698878956,24,blocked
24356,156,0,0.33677978539346437,0.38061195934857783,24,blocked
24357,157,0,0.912329830189669,0.5866016476587477,24,blocked
24358,158,0,0.41785425345559063,0.5550740691963193,24,blocked
24359,159,5,0.43675416400896705,0.5149320458082289,24,blocked
24360,160,0,0.6523720173308122,0.458556396756264,24,blocked
24361,161,0,0.546912895826192,0.4800984389546731,24,blocked
24362,162,0,0.7778126500479063,0.47779937702078745,24,blocked
24363,163,0,0.4646500702678934,0.5110944638198456,24,blocked
24364,164,0,0.817090381905562,0.3715691132817559,24,blocked
24365,165,0,0.7939263639241234,0.4463327393475276,24,blocked
24366,166,0,0.5420762256830329,0.42951545645327116,24,blocked
24367,167,0,0.8902471121272824,0.41683480566650677,24,blocked
24368,168,0,0.5212803551449041,0.45016672346356335,24,blocked
24369,169,0,0.36611997644799366,0.543615574908263,24,blocked
24370,170,0,0.513947476732789,0.37381123592761817,24,blocked
24371,171,0,0.826101366085173,0.3356413250933346,24,blocked
24372,172,0,0.43895032523332045,0.4795977349934052,24,blocked
24373,173,0,0.6358361103044106,0.31153531749171337,24,blocked
24374,174,0,0.5988312332921024,0.481023256890625,24,blocked
24375,175,0,0.43530189168128347,0.3261079774314257,24,blocked
24376,176,0,0.5521200822070395,0.4033053894086412,24,blocked
24377,177,0,0.3797384945202703,0.47101199457615994,24,blocked
24378,178,0,0.21940327908672203,0.43715911095222315,24,blocked
24379,179,0,0.4409793393540592,0.5716824237642522,24,blocked
24380,180,0,0.5301882660239836,0.37116202850468244,24,blocked
24381,181,0,0.6802174103957674,0.4913285707075121,24,blocked
24382,182,0,0.19901134395980313,0.36787550306378747,24,blocked
24383,183,0,0.5272416442530561,0.44684314706201445,24,blocked
24384,184,0,0.5213403943733319,0.5661388316135263,24,blocked
24385,185,0,0.48468632340061135,0.45403800277451223,24,blocked
24386,186,0,0.41809002024060415,0.4408458557060163,24,blocked
24387,187,0,0.5945360804570654,0.42895105926476057,24,blocked
24388,188,0,0.7157583265937456,0.41515628071335997,24,blocked
24389,189,0,0.30256152221759713,0.4529778768263995,24,blocked
24390,190,0,0.22885469411114653,0.45642064414319367,24,blocked
24391,191,0,0.6596288193479883,0.3251312778707038,24,blocked
24392,192,0,0.6601430042036577,0.36065048459201343,24,blocked
24393,193,0,0.6407876300656263,0.3600733690408124,24,blocked
24394,194,0,0.5822202168432192,0.5095564793942158,24,blocked
24395,195,0,0.31309622457158404,0.438423599935719,24,blocked
24396,196,0,0.6691019146394102,0.4367674131177538,24,blocked
24397,197,0,0.3718619557285942,0.38846291178792036,24,blocked
24398,198,0,0.4926529929168416,0.43486237304273995,24,blocked
24399,199,0,0.3991265906335565,0.5001728670576753,24,blocked
24400,0,0,0.9725624655012262,0.5854310979862001,24,early
24401,1,0,0.9659654230273949,0.8781723079393323,24,early
24402,2,0,0.012033873444673483,0.5659293521242712,24,early
24403,3,1,0.5257434270352344,0.9251966121380806,24,early
24404,4,2,0.4998381763704677,1.1243218779733997,24,early
24405,5,0,0.9666388035606782,0.5519901360706425,24,early
24406,6,0,0.9830503105249584,0.6625599315705024,24,early
24407,7,3,0.0040569719276364125,0.9035163241167209,24,early
24408,8,4,0.9986056959307348,1.3133380699706088,24,early
24409,9,0,0.011375858371761404,0.7615134917381328,24,early
24410,10,0,0.029023446079964637,0.6119406458248645,24,early
24411,11,0,0.007402505628676158,0.8792458147394919,24,early
24412,12,0,0.9714503074342015,0.7127510682265192,24,early
24413,13,5,0.024047960116613074,0.9974149460654067,24,early
24414,14,0,0.93152033154976,0.4754856678660315,24,early
24415,15,0,0.03925431673757423,0.5856816084260666,24,early
24416,16,0,0.9334824836709443,0.608410597481288,24,early
24417,17,0,0.020689441136135335,0.744883911820839,24,early
24418,18,0,0.026596690496896013,0.5519527440359336,24,early
24419,19,0,0.07293901086552572,0.5266260462147985,24,early
24420,20,0,0.05822291621847017,0.6121527029923965,24,early
24421,21,0,0.023648349861304034,0.7226074551878034,24,early
24422,22,0,0.024176050846499455,0.7069501302407227,24,early
24423,23,0,0.9427143464112606,0.5316455311921829,24,early
24424,24,0,0.04678917266174541,0.6859473507461815,24,early
24425,25,0,0.9816816823101906,0.6955791955032313,24,early
24426,26,0,0.038079246862385716,0.469425849938847,24,early
24427,27,0,0.11172763883369714,0.5221144845239735,24,early
24428,28,0,0.039466170981237045,0.6383077473025633,24,early
24429,29,0,0.03927572079142566,0.6644632185185727,24,early
24430,30,0,0.10838743387657714,0.5081186696637505,24,early
24431,31,0,0.15747094357396957,0.7218418484311044,24,early
24432,32,0,0.1458318432900006,0.45780944272098645,24,early
24433,33,0,0.19535931138207369,0.6075686899819979,24,early
24434,34,0,0.11826862087677632,0.6727829544323551,24,early
24435,35,0,0.7638786287545949,0.5013601651364913,24,early
24436,36,0,0.7072119090289081,0.4152400445867148,24,early
24437,37,0,0.2093330637552937,0.42945353765160366,24,early
24438,38,0,0.7313071853049706,0.5027278869942959,24,early
24439,39,0,0.26858864516375225,0.41393616169142866,24,early
24440,40,0,0.45409033844950747,0.5750975591322882,24,early
24441,41,0,0.6353968811684343,0.5863033117110963,24,early
24442,42,0,0.3006846746884828,0.5015471171228476,24,early
24443,43,0,0.18829952076022882,0.456860310420556,24,early
24444,44,0,0.24644083090046048,0.392602164004237,24,early
24445,45,0,0.6197728386464572,0.5398167524266964,24,early
24446,46,0,0.664492685278504,0.6550753948130416,24,early
24447,47,0,0.7631067585837287,0.42733825041093376,24,early
24448,48,0,0.6686927834847101,0.5936516862236372,24,early
24449,49,0,0.4540909246070477,0.5213248247431814,24,early
24450,50,0,0.307409537408053,0.4742141172633279,24,early
24451,51,0,0.6628815030212714,0.5668215841587102,24,early
24452,52,0,0.8748934413389462,0.3388707351408682,24,early
24453,53,0,0.3007403738955265,0.6589439237050537,24,early
24454,54,0,0.5636214886879725,0.6036944595510143,24,early
24455,55,0,0.7274676326055476,0.5114471811781263,24,early
24456,56,0,0.5690550618162683,0.5913768160112801,24,early
24457,57,0,0.22432868219926008,0.6703622069946409,24,early
24458,58,0,0.5115448245541397,0.48605752681967873,24,early
24459,59,0,0.6468529596558052,0.4104481522391593,24,early
24460,60,0,0.539560692051517,0.5425803791712032,24,early
24461,61,0,0.4552024883558392,0.45368747829712375,24,early
24462,62,0,0.3991301109701013,0.3576787565472256,24,early
24463,63,0,0.48686899935673567,0.30920683947638594,24,early
24464,64,0,0.2514884525688094,0.4587072765237097,24,early
24465,65,0,0.22207082212770163,0.36619809629601024,24,early
24466,66,0,0.2111868618980518,0.5358437737399111,24,early
24467,67,0,0.8177866347490571,0.3363284098030317,24,early
24468,68,0,0.7496830880379388,0.3725704239932762,24,early
24469,69,0,0.35702660212075293,0.20682872095711594,24,early
24470,70,0,0.642280747029139,0.3877838655104696,24,early
24471,71,0,0.5839540822114194,0.502199621732534,24,early
24472,72,0,0.56923088909076,0.40612629238295106,24,early
24473,73,0,0.6184205955334909,0.38610928378960474,24,early
24474,74,0,0.7722837018262583,0.3040179982993807,24,early
24475,75,0,0.8333706820284548,0.43615857383694634,24,early
24476,76,0,0.8251697703887877,0.37893592626916306,24,early
24477,77,0,0.40582509885445406,0.28547520664892206,24,early
24478,78,0,0.3837676749461387,0.44193816929038265,24,early
24479,79,0,0.3592848207446031,0.4615994812466375,24,early
24480,80,0,0.5511701059976387,0.5357291899842351,24,early
24481,81,0,0.5600412364283336,0.3944811255467222,24,early
24482,82,0,0.25672635237796143,0.5077448999600984,24,early
24483,83,0,0.6681240706372557,0.5120697538862602,24,early
24484,84,0,0.5615911089005963,0.35432157707681783,24,early
24485,85,0,0.6389759733846708,0.27556312005651873,24,early
24486,86,0,0.5622172780139687,0.5543638522027484,24,early
24487,87,0,0.4253130999537661,0.44413489546420193,24,early
24488,88,0,0.5292711348498823,0.35796093882339014,24,early
24489,89,0,0.5895067630154578,0.4212089996398975,24,early
24490,90,0,0.6059283389291535,0.3336644654484895,24,early
24491,91,0,0.5330203074505484,0.4211693355781678,24,early
24492,92,0,0.6617407821751247,0.4674639545196021,24,early
24493,93,0,0.6249702863223683,0.4016234697118775,24,early
24494,94,0,0.3594438964315792,0.4085600536815709,24,early
24495,95,0,0.5934832998716024,0.2804912235780621,24,early
24496,96,0,0.6091306507851977,0.36696690250043673,24,early
24497,97,0,0.5608647942728917,0.40143327078886987,24,early
24498,98,0,0.41399518993759615,0.38314866040513895,24,early
24499,99,0,0.39435963252332246,0.736742370380888,24,early
24500,100,0,0.5558984350285769,0.4060067490108816,24,early
24501,101,0,0.8422228097097868,0.4001089717479497,24,early
24502,102,0,0.5016326287027782,0.4075907629406945,24,early
24503,103,0,0.25798411572246144,0.5388825548771335,24,early
24504,104,0,0.5643179445158251,0.3432536866448323,24,early
24505,105,0,0.5893354668268083,0.4769538268247341,24,early
24506,106,0,0.4559980995643379,0.3019131029745852,24,early
24507,107,0,0.52239343240994,0.3689125373202078,24,early
24508,108,0,0.4248745410911391,0.30167555216492004,24,early
24509,109,0,0.4821480367992682,0.4412781845522967,24,early
24510,110,0,0.5427965768061447,0.36682081031719027,24,early
24511,111,0,0.623585963314056,0.42791989257845375,24,early
24512,112,0,0.33903960856490284,0.4825493548144488,24,early
24513,113,0,0.658011956716393,0.3891837911847806,24,early
24514,114,0,0.5112352175620416,0.4988991269369012,24,early
24515,115,0,0.40609317931312283,0.4755205771510713,24,early
24516,116,0,0.6267675402054926,0.5309439165744672,24,early
24517,117,0,0.667086364020951,0.34748244846321624,24,early
24518,118,0,0.3582003896871543,0.34306382324031415,24,early
24519,119,0,0.42389297446336227,0.38386177663040305,24,early
24520,120,0,0.6406703600281441,0.3118241692338045,24,early
24521,121,0,0.6103519847293306,0.28832244589173606,24,early
24522,122,0,0.4434532299894125,0.40465497854946064,24,early
24523,123,0,0.6544330451431439,0.3265456058844256,24,early
24524,124,0,0.6569305028290242,0.4721348251065154,24,early
24525,125,0,0.4397685333388349,0.3149586425278113,24,early
24526,126,0,0.4067503901708177,0.3630434821768752,24,early
24527,127,0,0.5952035058328383,0.5201896053936501,24,early
24528,128,0,0.12331821363330181,0.6970225783667121,24,early
24529,129,0,0.6585161632231041,0.39658008294188163,24,early
24530,130,0,0.4539963793362197,0.2934733964047658,24,early
24531,131,0,0.658492738320392,0.4561940155559349,24,early
24532,132,0,0.2478512648262023,0.5422116918304563,24,early
24533,133,0,0.5869919962608742,0.32212711495791113,24,early
24534,134,0,0.36721911797504614,0.47395152528389206,24,early
24535,135,0,0.6858964308396973,0.29716584260711093,24,early
24536,136,0,0.3488008431215268,0.49089410072410933,24,early
24537,137,0,0.4730443653284545,0.38902671250817417,24,early
24538,138,0,0.45591239046667753,0.4453750227451171,24,early
24539,139,0,0.4151694906809028,0.3889021293040221,24,early
24540,140,0,0.42269185560597466,0.2619975541850125,24,early
24541,141,0,0.6230233294870946,0.3423302105255073,24,early
24542,142,0,0.6781485241799359,0.3247719779178798,24,early
24543,143,0,0.5411579203300124,0.5211284144139534,24,early
24544,144,0,0.49892743385675475,0.6221822585023404,24,early
24545,145,0,0.6099021663938611,0.3060700000639608,24,early
24546,146,0,0.3964408121837343,0.4277184639389685,24,early
24547,147,0,0.670681016261528,0.38367366208607956,24,early
24548,148,0,0.3785928713403488,0.5228680746192749,24,early
24549,149,0,0.6336698179150888,0.34915894280687976,24,early
24550,150,0,0.534898642197398,0.3254548689110186,24,early
24551,151,0,0.5801651985921741,0.2945330755338641,24,early
24552,152,0,0.5221858372995627,0.3997451650172325,24,early
24553,153,0,0.7290971046573076,0.40148090893406263,24,early
24554,154,0,0.4362905235725647,0.48416115693939843,24,early
24555,155,0,0.4291945189931483,0.34596099584580664,24,early
24556,156,0,0.4045840275986067,0.4415175151247671,24,early
24557,157,0,0.4867104616248652,0.3188885673429702,24,early
24558,158,0,0.3821305186174382,0.47557239712325317,24,early
24559,159,0,0.4739903641730143,0.4273482276386219,24,early
24560,160,0,0.35752270389116503,0.38081958856634907,24,early
24561,161,0,0.5268936504350112,0.3378467587302164,24,early
24562,162,0,0.44370586152376135,0.408467670088523,24,early
24563,163,0,0.5433354832013039,0.5097960130017591,24,early
24564,164,0,0.6378191634984076,0.3226533129697985,24,early
24565,165,0,0.43032628538660644,0.3934398702089622,24,early
24566,166,0,0.486112077767785,0.40592591654888044,24,early
24567,167,0,0.4927433687048972,0.3618459190500499,24,early
24568,168,0,0.6332416355543883,0.3147428802889606,24,early
24569,169,0,0.49330266731610806,0.39088715635040394,24,early
24570,170,0,0.4584359333795762,0.5653647335670569,24,early
24571,171,0,0.4909614189871122,0.5433429218498452,24,early
24572,172,0,0.632148947562687,0.5254231830312193,24,early
24573,173,0,0.2680026845436888,0.4778044766623695,24,early
24574,174,0,0.33870463698272923,0.42208619683133125,24,early
24575,175,0,0.618972611782159,0.5804633224703324,24,early
24576,176,0,0.5870854717352332,0.382914344785519,24,early
24577,177,0,0.5757781079980084,0.37237833610507437,24,early
24578,178,0,0.5749237977309716,0.43880592882809955,24,early
24579,179,0,0.7038734123656005,0.2921226565779349,24,early
24580,180,0,0.42703950568325,0.5353357093898732,24,early
24581,181,0,0.4370026409119482,0.3780561215108963,24,early
24582,182,0,0.5116492584066785,0.3165655450337761,24,early
24583,183,0,0.4533035909441535,0.37033718174241037,24,early
24584,184,0,0.42070886350134096,0.3811782832516669,24,early
24585,185,0,0.5641193564171901,0.47601052239172137,24,early
24586,186,0,0.6728545510061776,0.3944565884504422,24,early
24587,187,0,0.5346561515655431,0.30868448501755247,24,early
24588,188,0,0.44525507705222866,0.5393023019823898,24,early
24589,189,0,0.41376087531918204,0.5774619642384572,24,early
24590,190,0,0.5154976714818511,0.36886763344053886,24,early
24591,191,0,0.39889527353048865,0.30521754057405387,24,early
24592,192,0,0.5333919800344423,0.3807997212399933,24,early
24593,193,0,0.5776507281268348,0.34495571540997627,24,early
24594,194,0,0.4644157644317708,0.230025573539762,24,early
24595,195,0,0.4372752132771841,0.4174775653929619,24,early
24596,196,0,0.33017768070044806,0.46072147795100904,24,early
24597,197,0,0.593752475121257,0.38380043349065013,24,early
24598,198,0,0.5024278518953379,0.5086909064583677,24,early
24599,199,0,0.3880700061922521,0.3712552053960214,24,early
24600,0,0,0.30915332033334836,1.1643294155370139,24,middle
24601,1,0,0.17904373879725535,0.7021745160915392,24,middle
24602,2,0,0.24651018685539236,0.7094453014646771,24,middle
24603,3,0,0.21317934807319006,0.6762064053554622,24,middle
24604,4,1,0.5018483357491956,1.2422807422823725,24,middle
24605,5,0,0.17596962598889046,0.6738358734284791,24,middle
24606,6,0,0.8150812964054237,0.5679148532386826,24,middle
24607,7,0,0.31372104279670626,0.529434000180378,24,middle
24608,8,0,0.39715182116072817,0.7219448625439977,24,middle
24609,9,0,0.3054811862918625,0.4589238763731338,24,middle
24610,10,0,0.4089335086217529,0.6189841471309495,24,middle
24611,11,0,0.6847515147252738,0.41896215717825636,24,middle
24612,12,0,0.6133470355695052,0.5637097336293395,24,middle
24613,13,0,0.2812590809755235,0.7677901841817716,24,middle
24614,14,0,0.28650407364785047,0.5193652987812092,24,middle
24615,15,0,0.5929572525028128,0.8118142345231489,24,middle
24616,16,0,0.32767242240210764,0.46684366591869675,24,middle
24617,17,0,0.15849298440408804,0.7822404770889937,24,middle
24618,18,0,0.24853347313057034,0.6645661701749092,24,middle
24619,19,0,0.26816383749275186,0.6259413365407163,24,middle
24620,20,0,0.7860047189111787,0.5037750109919367,24,middle
24621,21,0,0.48175158694056214,0.559819424197538,24,middle
24622,22,0,0.11005525344663732,0.7494638752696903,24,middle
24623,23,0,0.4621034436456146,0.38883233879331347,24,middle
24624,24,0,0.7513760794092637,0.42661921331893726,24,middle
24625,25,0,0.6315988422555433,0.5405663919521816,24,middle
24626,26,0,0.259134808278482,0.6453501896655406,24,middle
24627,27,0,0.4822616498688983,0.45657754374405923,24,middle
24628,28,0,0.3018536885687944,0.4815422512320664,24,middle
24629,29,0,0.1886506041854841,0.7509622271855358,24,middle
24630,30,0,0.7842622573835754,0.48191003938578214,24,middle
24631,31,0,0.6885936196642802,0.5940279212738506,24,middle
24632,32,0,0.7602894151564428,0.3600155880535259,24,middle
24633,33,0,0.25202440940887033,0.5114639425527853,24,middle
24634,34,0,0.578953994546008,0.41315701840265817,24,middle
24635,35,0,0.8805611889847893,0.485209812991345,24,middle
24636,36,0,0.6623101448846884,0.5246373057970286,24,middle
24637,37,0,0.25989624731499594,0.6054620527870627,24,middle
24638,38,0,0.5525385904247857,0.4291730265285551,24,middle
24639,39,0,0.49855555052093226,0.44819494196230336,24,middle
24640,40,0,0.39029083910453366,0.3533355586549968,24,middle
24641,41,0,0.2615606745235393,0.49943229744094175,24,middle
24642,42,0,0.33371251871073926,0.4403748476153738,24,middle
24643,43,0,0.3776602040823418,0.5168160105770699,24,middle
24644,44,0,0.7981606089847115,0.4822582235416306,24,middle
24645,45,0,0.4918488300316175,0.6287608587121338,24,middle
24646,46,0,0.5634117409142021,0.5208601140664848,24,middle
24647,47,0,0.47857483851221533,0.5714975202788543,24,middle
24648,48,0,0.5183904247077737,0.3521975571569216,24,middle
24649,49,0,0.31191546670977344,0.5831321289954268,24,middle
24650,50,0,0.5188086077020759,0.3611615234658356,24,middle
24651,51,0,0.5176874093521588,0.41657291694347676,24,middle
24652,52,0,0.286088875597614,0.7211350881562901,24,middle
24653,53,0,0.47075596151241894,0.4988501080530773,24,middle
24654,54,0,0.3030802967628113,0.40053071463343115,24,middle
24655,55,0,0.4217709089692343,0.3352186812897654,24,middle
24656,56,0,0.646122714981046,0.4442280948844253,24,middle
24657,57,0,0.5520320729607451,0.4349997834565915,24,middle
24658,58,0,0.6307606134985582,0.573722659278108,24,middle
24659,59,0,0.5526565781634785,0.38206676269758827,24,middle
24660,60,0,0.43535665912934635,0.6222120224322756,24,middle
24661,61,0,0.2017169216877896,0.5249217628152654,24,middle
24662,62,0,0.648180279679274,0.501281339293661,24,middle
24663,63,0,0.7231255002595892,0.37782078424988325,24,middle
24664,64,0,0.5652891742074402,0.5300699779304363,24,middle
24665,65,0,0.5196186713686657,0.5309178711467806,24,middle
24666,66,0,0.38635478379822186,0.3947809017737671,24,middle
24667,67,0,0.5461774246367537,0.5422723135157447,24,middle
24668,68,0,0.5730020875154062,0.4801215691527004,24,middle
24669,69,0,0.260965088748012,0.4798694979896331,24,middle
24670,70,0,0.7793121314744078,0.4400255041284866,24,middle
24671,71,0,0.6797703642696189,0.3417250742439971,24,middle
24672,72,0,0.1986448307439523,0.6347522373192869,24,middle
24673,73,0,0.7375799892287076,0.451322897268995,24,middle
24674,74,0,0.6343428971615468,0.5000713633766684,24,middle
24675,75,0,0.7159696711383878,0.538580270276643,24,middle
24676,76,0,0.2094943669057957,0.5184860415696775,24,middle
24677,77,0,0.47804122656035514,0.4881469311037163,24,middle
24678,78,0,0.6432614977321902,0.6181599918192107,24,middle
24679,79,0,0.5531668492493862,0.5686733675523967,24,middle
24680,80,0,0.30457073910671045,0.6555763855292555,24,middle
24681,81,0,0.44131156363425794,0.38385939201277985,24,middle
24682,82,0,0.594988745946998,0.5108081376646608,24,middle
24683,83,0,0.49475840532688836,0.505105996147756,24,middle
24684,84,0,0.45755667580068216,0.4539297013957665,24,middle
24685,85,0,0.51883021463289,0.5127834418427435,24,middle
24686,86,0,0.22813563690793476,0.605276395315153,24,middle
24687,87,0,0.4936368593875673,0.32231294672338195,24,middle
24688,88,0,0.5182217439960167,0.43343942743175967,24,middle
24689,89,0,0.5833590551775399,0.4652405169110523,24,middle
24690,90,0,0.41219272317247846,0.38807844065413477,24,middle
24691,91,0,0.36609589685450206,0.4810259237227412,24,middle
24692,92,0,0.4082617762207977,0.4562760392454426,24,middle
24693,93,0,0.3548215349201568,0.4101023679894651,24,middle
24694,94,0,0.6885794422737392,0.4302423622516829,24,middle
24695,95,0,0.44535767433468243,0.4759752049327268,24,middle
24696,96,0,0.4141896466396353,0.6847496777226034,24,middle
24697,97,0,0.5461956131594733,0.3618144480751856,24,middle
24698,98,0,0.4507632732860309,0.43707158275546865,24,middle
24699,99,0,0.40718351949147646,0.35022604440695393,24,middle
24700,100,0,0.6521929682957235,0.5095866367761914,24,middle
24701,101,0,0.36301925409361524,0.5383529850135684,24,middle
24702,102,0,0.6446425213132405,0.4694189323529213,24,middle
24703,103,0,0.38527913290734583,0.4089186657012501,24,middle
24704,104,0,0.30510308057007157,0.4846760866299451,24,middle
24705,105,0,0.5828401030582493,0.4283950165894256,24,middle
24706,106,0,0.2689796146945098,0.4886746561925032,24,middle
24707,107,0,0.40479531183499573,0.4272999988184688,24,middle
24708,108,0,0.4713495413501412,0.5351943232300236,24,middle
24709,109,0,0.5180841968040594,0.4204070272176691,24,middle
24710,110,0,0.6129663909029561,0.5798291958058204,24,middle
24711,111,0,0.33534168992413727,0.4807953813861039,24,middle
24712,112,0,0.3152061934475419,0.48973947958028297,24,middle
24713,113,0,0.38036172596957385,0.39667529383032313,24,middle
24714,114,0,0.5318846039243008,0.4319809380503298,24,middle
24715,115,0,0.3867091689588529,0.44672194260679743,24,middle
24716,116,0,0.407075902337473,0.5171420167882778,24,middle
24717,117,0,0.578316226265348,0.4677224622976023,24,middle
24718,118,0,0.6218303490553991,0.45865336304256443,24,middle
24719,119,0,0.5684526341707707,0.411639614258719,24,middle
24720,120,0,0.5723136814606976,0.5102548553018331,24,middle
24721,121,0,0.8360661428588586,0.5562352140912166,24,middle
24722,122,0,0.7731989884532434,0.6147842351432975,24,middle
24723,123,0,0.5370080966186036,0.4699662466569867,24,middle
24724,124,0,0.4390140199243947,0.475372996441367,24,middle
24725,125,0,0.4434097995162771,0.39147799029067976,24,middle
24726,126,0,0.8510140141876639,0.47911788142555467,24,middle
24727,127,0,0.5497763359219927,0.4872180246657544,24,middle
24728,128,0,0.18720539904024924,0.5747309549173736,24,middle
24729,129,0,0.537804250539385,0.4409582212834794,24,middle
24730,130,0,0.44054149032701895,0.4575600256894512,24,middle
24731,131,0,0.5955497574968066,0.455844401448893,24,middle
24732,132,0,0.5878066045333775,0.3852079589405647,24,middle
24733,133,0,0.6073009589278819,0.54546985799981,24,middle
24734,134,0,0.5059136098270783,0.47094947268869847,24,middle
24735,135,0,0.7007121687744484,0.34480839243010764,24,middle
24736,136,0,0.31466570668885263,0.3430576237505223,24,middle
24737,137,0,0.7043868395324423,0.43108959574010275,24,middle
24738,138,0,0.573480324426073,0.4316139407895029,24,middle
24739,139,0,0.49889400230449765,0.5233366415501647,24,middle
24740,140,0,0.4757537536659338,0.5553204310599517,24,middle
24741,141,0,0.7562137558323165,0.43661422403138317,24,middle
24742,142,0,0.5687310732672997,0.5002075890881317,24,middle
24743,143,0,0.2406960837489567,0.5704105691797515,24,middle
24744,144,0,0.4093919225398881,0.35636493580255124,24,middle
24745,145,0,0.5938309937012716,0.4386706566503077,24,middle
24746,146,0,0.7061517797268059,0.44778903447337515,24,middle
24747,147,0,0.39811505835132543,0.4481071730762136,24,middle
24748,148,0,0.6171576666259774,0.42621440716237174,24,middle
24749,149,0,0.6662475542079092,0.4051137062738561,24,middle
24750,150,0,0.46106046058117234,0.4146999983650427,24,middle
24751,151,0,0.6781139912997434,0.37271621495799845,24,middle
24752,152,0,0.4779728318244093,0.4657404786499994,24,middle
24753,153,0,0.51488804547751,0.4679993860616083,24,middle
24754,154,0,0.5014534542354764,0.409159028335879,24,middle
24755,155,0,0.3922077750994054,0.43697275329952284,24,middle
24756,156,0,0.667823040164701,0.41806136951066414,24,middle
24757,157,0,0.38570191548534105,0.7083007737880754,24,middle
24758,158,0,0.4636180979496933,0.48282245336084834,24,middle
24759,159,0,0.31819885104551004,0.42374181233031033,24,middle
24760,160,0,0.43382162731491064,0.4970692270770957,24,middle
24761,161,0,0.6236295215272865,0.44626696483497047,24,middle
24762,162,0,0.3959620492384343,0.4518185658972931,24,middle
24763,163,0,0.25225010427411715,0.48323107113631636,24,middle
24764,164,0,0.4682071513577791,0.5071207009006989,24,middle
24765,165,0,0.5494812579013093,0.35680331071302,24,middle
24766,166,0,0.5484425499790123,0.4680095521434201,24,middle
24767,167,0,0.3665280257044957,0.5584042741955375,24,middle
24768,168,0,0.3601451260628443,0.5313331147268558,24,middle
24769,169,0,0.6348630746132742,0.4305389730806515,24,middle
24770,170,0,0.43707653512841826,0.4526015881022102,24,middle
24771,171,0,0.34796253959287005,0.4346158112871453,24,middle
24772,172,0,0.6142424124519015,0.38867472487051624,24,middle
24773,173,0,0.24823280631782074,0.44220470288657987,24,middle
24774,174,0,0.49501425875440763,0.38567231337016306,24,middle
24775,175,0,0.35144308932924895,0.4859863615030582,24,middle
24776,176,0,0.35107660908346594,0.38686214043849027,24,middle
24777,177,0,0.5328472169800402,0.4551486300991742,24,middle
24778,178,0,0.4551548648406278,0.47347299314938907,24,middle
24779,179,0,0.6237712328980458,0.5859744508861399,24,middle
24780,180,0,0.48938821072044547,0.5263269377449495,24,middle
24781,181,0,0.5518801856657778,0.5470508289956753,24,middle
24782,182,0,0.4679408736486687,0.43709135866371784,24,middle
24783,183,0,0.5333762882116644,0.4755526793785346,24,middle
24784,184,0,0.5546606068716036,0.46502123981004306,24,middle
24785,185,0,0.4141189679669294,0.4011556244527468,24,middle
24786,186,0,0.41068525423143054,0.42909731595344835,24,middle
24787,187,0,0.1970884494639878,0.4442194563248082,24,middle
24788,188,0,0.35794047743762236,0.35751345802641576,24,middle
24789,189,0,0.23955329107642642,0.3767005507478063,24,middle
24790,190,0,0.3918723995855522,0.3536666250427749,24,middle
24791,191,0,0.562984992806159,0.4969355710925535,24,middle
24792,192,0,0.2972637288800875,0.42430187092616317,24,middle
24793,193,0,0.4084350975112667,0.4428985281915465,24,middle
24794,194,0,0.7131776292867076,0.4762978124305428,24,middle
24795,195,0,0.3193276801344884,0.3543399919191136,24,middle
24796,196,0,0.2862055427409639,0.442893580952447,24,middle
24797,197,0,0.5554769350112898,0.5282680831624155,24,middle
24798,198,0,0.6581982870002469,0.568533428619812,24,middle
24799,199,0,0.7348148661570779,0.5677982193583218,24,middle
24800,0,0,0.43032512668295,0.6281073161572178,24,late
24801,1,0,0.9065259457452567,0.5570592060387687,24,late
24802,2,1,0.48792494576504253,0.6489305956506013,24,late
24803,3,0,0.8149174053842442,0.46787272211509934,24,late
24804,4,2,0.4996150679346448,1.0536315784118222,24,late
24805,5,0,0.920482784498605,0.49016468797547313,24,late
24806,6,0,0.6484621573246933,0.5111821866372351,24,late
24807,7,0,0.2070853881570577,0.6018961787334557,24,late
24808,8,0,0.4946995748816401,0.6013479958623416,24,late
24809,9,0,0.9327933265602301,0.42238876539887715,24,late
24810,10,0,0.503739777635156,0.6391202549815234,24,late
24811,11,0,0.5007208199435275,0.6194257230474658,24,late
24812,12,0,0.23478963368472483,0.42840784850915137,24,late
24813,13,0,0.2789154854087418,0.4604519431938014,24,late
24814,14,0,0.6808471161009212,0.509803011917191,24,late
24815,15,0,0.4054233450128865,0.47595808951958113,24,late
24816,16,0,0.7868562764711369,0.4631813308009223,24,late
24817,17,0,0.5209528447439107,0.4169484459507028,24,late
24818,18,0,0.46488065364961056,0.516356544936714,24,late
24819,19,0,0.1881078649025231,0.3574643160915313,24,late
24820,20,0,0.6869843224533543,0.5393488724271098,24,late
24821,21,0,0.6083107064079583,0.4227731061649902,24,late
24822,22,0,0.4362981472335164,0.4359109380295225,24,late
24823,23,0,0.7166637764590191,0.5728742714568216,24,late
24824,24,0,0.05876846566730899,0.6920387342887081,24,late
24825,25,0,0.7704802874059848,0.4511577556992464,24,late
24826,26,0,0.5327265423997213,0.5057186175476525,24,late
24827,27,0,0.4359979401420051,0.4590207544797711,24,late
24828,28,0,0.5988033899071864,0.332709576465156,24,late
24829,29,0,0.4256454180041449,0.4236160763239817,24,late
24830,30,0,0.9013860531227909,0.3788360752016334,24,late
24831,31,0,0.3703319692744131,0.4833303521951642,24,late
24832,32,0,0.7260031167891006,0.419491458569791,24,late
24833,33,0,0.4429548056906085,0.42903110324627775,24,late
24834,34,0,0.7894576384462384,0.5770510275655489,24,late
24835,35,0,0.6684469797618718,0.34611669502251385,24,late
24836,36,0,0.334100072719567,0.38999917744669527,24,late
24837,37,0,0.1706286016892638,0.5425975203908422,24,late
24838,38,0,0.16411554129496445,0.47353062257637824,24,late
24839,39,0,0.5743556605561358,0.3401429712831754,24,late
24840,40,0,0.6388603819662395,0.46748860582748974,24,late
24841,41,0,0.6206006630872808,0.44358407574613234,24,late
24842,42,0,0.16212360038336804,0.45094587390513446,24,late
24843,43,0,0.7018844127515804,0.432537325707252,24,late
24844,44,0,0.7252603691795356,0.3764955786193362,24,late
24845,45,0,0.3932083183381052,0.4524972790796614,24,late
24846,46,0,0.38928586015547095,0.42392253420376147,24,late
24847,47,0,0.4857109014838471,0.4760905650814198,24,late
24848,48,0,0.21944949743418235,0.37959442972575674,24,late
24849,49,0,0.8378802852012159,0.44252284230459127,24,late
24850,50,0,0.7682487417462449,0.2742705855009825,24,late
24851,51,0,0.6487594520985969,0.34360381006895613,24,late
24852,52,0,0.6301126279270306,0.4590075368938693,24,late
24853,53,0,0.8237305240317763,0.3952120590090133,24,late
24854,54,0,0.6074700527824225,0.5696272530377622,24,late
24855,55,0,0.4599222993147488,0.5967860180008969,24,late
24856,56,0,0.24407236225478574,0.46990820314138343,24,late
24857,57,0,0.23583478450710915,0.30561586318134204,24,late
24858,58,0,0.6396033700856318,0.36178798663706924,24,late
24859,59,0,0.6177636612570584,0.49917269447452794,24,late
24860,60,0,0.4562853120247991,0.3697580724200311,24,late
24861,61,0,0.13243178194401417,0.5143404476693804,24,late
24862,62,0,0.7667054747712672,0.43495281924120666,24,late
24863,63,0,0.7324386001750791,0.4020765353060718,24,late
24864,64,0,0.5216925360876514,0.4503690256228444,24,late
24865,65,0,0.8990802837062777,0.39574377351256873,24,late
24866,66,0,0.6241932547042484,0.4475705771589622,24,late
24867,67,0,0.8087445673508894,0.3464019924306484,24,late
24868,68,0,0.3681172358684679,0.44751895324817426,24,late
24869,69,0,0.8256676536143401,0.3723165530123893,24,late
24870,70,0,0.21508788153066627,0.5260058808484832,24,late
24871,71,0,0.16547225203258725,0.6546748402624312,24,late
24872,72,0,0.46731066057251736,0.46245747092045714,24,late
24873,73,0,0.2413586758813181,0.5120237826871281,24,late
24874,74,0,0.4394970624624662,0.3253933837671718,24,late
24875,75,0,0.2760334929073691,0.4683073304838479,24,late
24876,76,0,0.545816110899844,0.45069365482059387,24,late
24877,77,0,0.7567581263350723,0.43146798665014485,24,late
24878,78,0,0.4496305563883124,0.45463795574205407,24,late
24879,79,0,0.8809014439548837,0.45259924623881775,24,late
24880,80,0,0.3845699673382844,0.4157020717972535,24,late
24881,81,0,0.13412830873124354,0.43342286144024356,24,late
24882,82,0,0.26473070400783333,0.48564721909538916,24,late
24883,83,0,0.6636868831270673,0.327205990102593,24,late
24884,84,0,0.2856913107409065,0.34138844726017326,24,late
24885,85,0,0.38259260548396,0.45680266156790567,24,late
24886,86,0,0.598346819565357,0.40524264779628927,24,late
24887,87,0,0.4769195363800885,0.4373322179220831,24,late
24888,88,0,0.4007797708053358,0.33079335271721744,24,late
24889,89,0,0.24141435761174523,0.40552068562884513,24,late
24890,90,0,0.3769561007351653,0.43998758512221225,24,late
24891,91,0,0.896674610143965,0.38695379611146286,24,late
24892,92,0,0.2988633450719206,0.46413998665547285,24,late
24893,93,0,0.313840157469904,0.37043294517266256,24,late
24894,94,0,0.4725073801104732,0.6082170059757923,24,late
24895,95,0,0.43672817667847313,0.36360227509840587,24,late
24896,96,0,0.5986630013073226,0.38749316116739957,24,late
24897,97,0,0.5082836152419661,0.5265946672300675,24,late
24898,98,0,0.604691384599352,0.25300118055299325,24,late
24899,99,0,0.6515460393054161,0.40411783073920815,24,late
24900,100,0,0.7310498913290318,0.4252557543620415,24,late
24901,101,0,0.11624269124154685,0.510162518356341,24,late
24902,102,0,0.7684904109323967,0.21218379073903973,24,late
24903,103,0,0.23820014398704564,0.3589911128940172,24,late
24904,104,0,0.3477495747854372,0.4768718426591688,24,late
24905,105,0,0.39484281534581617,0.40133701256309073,24,late
24906,106,0,0.2608372890023958,0.5465911689725578,24,late
24907,107,0,0.6885247655110278,0.31561307564801894,24,late
24908,108,0,0.4105089453149695,0.5062669521221879,24,late
24909,109,0,0.2400763976753814,0.2829238295320279,24,late
24910,110,0,0.4013575462565523,0.5297628514062447,24,late
24911,111,0,0.5639232941137782,0.5140693200808328,24,late
24912,112,0,0.1700582114265992,0.7003675545698451,24,late
24913,113,0,0.11679073611265439,0.562178622722068,24,late
24914,114,0,0.8705595573486342,0.2661678751069937,24,late
24915,115,0,0.4624435863233952,0.3469767638894232,24,late
24916,116,0,0.3184004869010635,0.3832888842460487,24,late
24917,117,0,0.4189037335103405,0.5214908969625416,24,late
24918,118,0,0.22747252440093185,0.36992681356293655,24,late
24919,119,0,0.8710550650357207,0.35462622695736085,24,late
24920,120,0,0.5365722688466554,0.4233757266233304,24,late
24921,121,0,0.22937843876446248,0.34000546646855434,24,late
24922,122,0,0.49316770033132024,0.47926007681548977,24,late
24923,123,0,0.6070810819451145,0.419964933561509,24,late
24924,124,0,0.5677754326653035,0.25502569406993736,24,late
24925,125,0,0.49447030949622417,0.4540262139440747,24,late
24926,126,0,0.5442079909960471,0.39068191727060286,24,late
24927,127,0,0.427216417691088,0.4781431157252087,24,late
24928,128,0,0.5311678577894062,0.41433103138081767,24,late
24929,129,0,0.46063890140958286,0.5623898742223954,24,late
24930,130,0,0.36553839025887375,0.2933264846968413,24,late
24931,131,0,0.5611647727370389,0.4260882098695894,24,late
24932,132,0,0.6061603766353013,0.3646342199851084,24,late
24933,133,0,0.7338377099401088,0.5084161934674423,24,late
24934,134,0,0.35556606210582037,0.31459786165403036,24,late
24935,135,0,0.4968423728373947,0.42979370546975904,24,late
24936,136,0,0.3328901177326651,0.46776032644039744,24,late
24937,137,0,0.42904394620037234,0.42210685695141903,24,late
24938,138,0,0.5087803276010324,0.348606972255462,24,late
24939,139,0,0.5357600843100337,0.3804731295779714,24,late
24940,140,0,0.2284134427137312,0.31454950393147274,24,late
24941,141,0,0.4770245027660879,0.34192001208852896,24,late
24942,142,0,0.336681876868131,0.5489078863392323,24,late
24943,143,0,0.3892475752132399,0.43925121114646215,24,late
24944,144,0,0.49559574399470474,0.3969605371516298,24,late
24945,145,0,0.49328359714879316,0.455217642781998,24,late
24946,146,0,0.5694255587021331,0.513662353313883,24,late
24947,147,0,0.4907760043680749,0.4268981551036579,24,late
24948,148,0,0.2745964320604596,0.37088357867056004,24,late
24949,149,0,0.11123525993935945,0.38212088843232506,24,late
24950,150,0,0.7394961686282017,0.40243947117753776,24,late
24951,151,0,0.7965591240521266,0.4557864975440838,24,late
24952,152,0,0.6398832322662213,0.4981340521317701,24,late
24953,153,0,0.5660469252293868,0.3790704360430899,24,late
24954,154,0,0.48050542606581786,0.4259453083070534,24,late
24955,155,0,0.5225153364473013,0.4234878330422198,24,late
24956,156,0,0.6391871067973671,0.4905384981161624,24,late
24957,157,0,0.49454921184757694,0.3413345216587061,24,late
24958,158,0,0.7881054825526805,0.35116970976380313,24,late
24959,159,0,0.5125452959090369,0.43177787938803547,24,late
24960,160,0,0.5653842884247091,0.3508942879712412,24,late
24961,161,0,0.22267128692474603,0.4781662176964835,24,late
24962,162,0,0.8830554304183482,0.49569435552061986,24,late
24963,163,0,0.36352138024223074,0.45401941782149546,24,late
24964,164,0,0.1466799817357281,0.4992712167751227,24,late
24965,165,0,0.6871761782584334,0.39185489989794275,24,late
24966,166,0,0.6817971705238015,0.3189367338639404,24,late
24967,167,0,0.6825183136310518,0.4626115298568083,24,late
24968,168,0,0.6478607475474136,0.28896956116198824,24,late
24969,169,0,0.30306359747208533,0.4364838557077177,24,late
24970,170,0,0.2849950387144699,0.43281608526659754,24,late
24971,171,0,0.3235267954483234,0.5976843695234095,24,late
24972,172,0,0.38879670454114135,0.4090393068191147,24,late
24973,173,0,0.8107007817964725,0.4160572199399695,24,late
24974,174,0,0.2329774373736504,0.4675766181095761,24,late
24975,175,0,0.42055201973114775,0.5122789235834382,24,late
24976,176,0,0.8720363363929209,0.34927822912683554,24,late
24977,177,0,0.47239163482077484,0.2673724810208885,24,late
24978,178,0,0.3225648447622254,0.462824959310671,24,late
24979,179,0,0.45167689086535046,0.6100950742629478,24,late
24980,180,0,0.3657451465668105,0.3594704355171275,24,late
24981,181,0,0.8014932526998717,0.36449864046658687,24,late
24982,182,0,0.632433073390839,0.2703236772790011,24,late
24983,183,0,0.46910801500073457,0.42748075107032,24,late
24984,184,0,0.6196395388345385,0.3584719674395751,24,late
24985,185,0,0.4943064500426216,0.33781017849422545,24,late
24986,186,0,0.6191308811829658,0.3696035124018686,24,late
24987,187,0,0.42996486387318705,0.3725052637791919,24,late
24988,188,0,0.5737211593994341,0.3482751573784619,24,late
24989,189,0,0.38383812409485674,0.45909103325199413,24,late
24990,190,0,0.22765123281577562,0.402442346259143,24,late
24991,191,0,0.41265158456414686,0.502275649471198,24,late
24992,192,0,0.2703275441221702,0.39593542555747485,24,late
24993,193,0,0.8525799122169126,0.5120358336261358,24,late
24994,194,0,0.3113318015700629,0.4471624653905751,24,late
24995,195,0,0.08828992186431747,0.3817631861363596,24,late
24996,196,0,0.90271490046132,0.35466343551108825,24,late
24997,197,0,0.5100669288356994,0.35614469360542383,24,late
24998,198,0,0.5276179309429543,0.37424933503657914,24,late
24999,199,0,0.3870648401285829,0.3315506119685694,24,late
25000,0,0,0.49810532024660253,0.6887223180184993,25,interleaved
25001,1,0,0.15005983108897233,0.7690397409841887,25,interleaved
25002,2,0,0.499998279598491,0.5855733852663536,25,interleaved
25003,3,0,0.900013891659046,0.6703938879249378,25,interleaved
25004,4,0,0.49725804334898893,0.5304204378700168,25,interleaved
25005,5,0,0.913733638656251,0.6353527582413576,25,interleaved
25006,6,0,0.37572107246454167,0.4974761251582287,25,interleaved
25007,7,0,0.8947345140402023,0.5371237162336141,25,interleaved
25008,8,0,0.4945546064839281,0.5419146022969216,25,interleaved
25009,9,0,0.18936638031224212,0.5587133531842416,25,interleaved
25010,10,0,0.33273567925679626,0.634299514901892,25,interleaved
25011,11,0,0.15587722028679807,0.4920839179245504,25,interleaved
25012,12,0,0.33414824601701487,0.5577169708568732,25,interleaved
25013,13,0,0.26325773086719606,0.5543898164721641,25,interleaved
25014,14,0,0.3747457181360323,0.41473844844437935,25,interleaved
25015,15,0,0.19531316438243232,0.5889372023576098,25,interleaved
25016,16,0,0.5008244073309707,0.6599039988842574,25,interleaved
25017,17,0,0.3146031913555891,0.4418413478468243,25,interleaved
25018,18,0,0.27810239575376594,0.5245806373527137,25,interleaved
25019,19,0,0.6765124262893147,0.60319502563258,25,interleaved
25020,20,0,0.6731325253882072,0.42352166700737437,25,interleaved
25021,21,0,0.8361316254090612,0.4827192505009641,25,interleaved
25022,22,0,0.5584893954824474,0.4966660258866373,25,interleaved
25023,23,0,0.3033244659064261,0.5371730433926181,25,interleaved
25024,24,0,0.5165508796933956,0.6174044505557126,25,interleaved
25025,25,0,0.2034468943240857,0.5130730748949703,25,interleaved
25026,26,0,0.7417005523159106,0.3216205682991949,25,interleaved
25027,27,0,0.13561828575895044,0.7129581001026737,25,interleaved
25028,28,0,0.3571928265121229,0.5481539866548124,25,interleaved
25029,29,0,0.7049102444910066,0.35185717684149,25,interleaved
25030,30,0,0.5688024332490802,0.4944533073463883,25,interleaved
25031,31,0,0.24778775190453994,0.5974889213629221,25,interleaved
25032,32,0,0.2642706097094776,0.6672895899272651,25,interleaved
25033,33,0,0.3179928969899787,0.32958922728262485,25,interleaved
25034,34,0,0.29560005632369857,0.6147271008950581,25,interleaved
25035,35,0,0.18314125343786594,0.5476789225946694,25,interleaved
25036,36,0,0.6148847683187235,0.4292452428207706,25,interleaved
25037,37,0,0.28516582485130304,0.515256994809607,25,interleaved
25038,38,0,0.3127596792029835,0.48981065107123234,25,interleaved
25039,39,0,0.300962279211896,0.5455524939517715,25,interleaved
25040,40,0,0.7837720463295033,0.3103791527569904,25,interleaved
25041,41,0,0.618340267221372,0.46996688938113296,25,interleaved
25042,42,0,0.11701332532668689,0.5331212205778547,25,interleaved
25043,43,0,0.41085213033808204,0.5176031005525766,25,interleaved
25044,44,0,0.7988355103624849,0.44332755199291035,25,interleaved
25045,45,0,0.36088462293693246,0.525314961807478,25,interleaved
25046,46,0,0.11565339114518752,0.5841096856623276,25,interleaved
25047,47,0,0.6974541774930048,0.47202664407296524,25,interleaved
25048,48,0,0.21655860206208577,0.529773166042335,25,interleaved
25049,49,0,0.2802611048318114,0.4159379254759593,25,interleaved
25050,50,0,0.19627366829132264,0.48327355518720294,25,interleaved
25051,51,0,0.5411600643850658,0.4723677058495029,25,interleaved
25052,52,0,0.7865544663103086,0.33404474489433467,25,interleaved
25053,53,0,0.744642613983779,0.6716810064765504,25,interleaved
25054,54,0,0.11914440176882002,0.4970629601825578,25,interleaved
25055,55,0,0.36944051672720923,0.5116343038023147,25,interleaved
25056,56,0,0.8305661877903865,0.401900872938303,25,interleaved
25057,57,0,0.7493308276507173,0.5271193364191668,25,interleaved
25058,58,0,0.6667912653658424,0.4436150059070685,25,interleaved
25059,59,0,0.3987935444132841,0.5157775781052258,25,interleaved
25060,60,0,0.2118046874282034,0.47659826141007333,25,interleaved
25061,61,0,0.6077317914856022,0.4175924770085375,25,interleaved
25062,62,0,0.7207519873152561,0.3916362857690616,25,interleaved
25063,63,0,0.7635099430523011,0.3028127639230468,25,interleaved
25064,64,0,0.15878037229082942,0.516536001753692,25,interleaved
25065,65,0,0.4309192425884032,0.41612546169544606,25,interleaved
25066,66,0,0.7612234564831393,0.36671019913842473,25,interleaved
25067,67,0,0.36094982097949363,0.5171960955376254,25,interleaved
25068,68,0,0.7506833701018167,0.3891012849672987,25,interleaved
25069,69,0,0.6710303150465999,0.3253021576700934,25,interleaved
25070,70,0,0.8144237498245352,0.388288040291785,25,interleaved
25071,71,0,0.7038124803138329,0.5080541021351361,25,interleaved
25072,72,0,0.7020549541682669,0.5485914004641234,25,interleaved
25073,73,0,0.35828553711604477,0.4681694303281748,25,interleaved
25074,74,0,0.21438757525704133,0.4471935899263303,25,interleaved
25075,75,0,0.39780329292457633,0.39740227752586593,25,interleaved
25076,76,0,0.7560079347482671,0.4381915151380751,25,interleaved
25077,77,0,0.40691668745799225,0.5064100016628417,25,interleaved
25078,78,0,0.2039844067411684,0.6001380290174916,25,interleaved
25079,79,0,0.5812214061329368,0.4067143819752253,25,interleaved
25080,80,0,0.17520254807480976,0.5037079824789206,25,interleaved
25081,81,0,0.3650813641967234,0.40538608260057396,25,interleaved
25082,82,0,0.8021404695289148,0.3305332690405776,25,interleaved
25083,83,0,0.7286654336963635,0.3547859099240707,25,interleaved
25084,84,0,0.7881117701388627,0.4250895392299363,25,interleaved
25085,85,0,0.38585742515014826,0.5335270149873036,25,interleaved
25086,86,0,0.7041121734463452,0.4640328704312078,25,interleaved
25087,87,0,0.31194716243688103,0.519802182786418,25,interleaved
25088,88,0,0.8156569667417408,0.29498592987614614,25,interleaved
25089,89,0,0.6797645130775765,0.5173820771515724,25,interleaved
25090,90,0,0.7479458503511088,0.3686151716144238,25,interleaved
25091,91,0,0.6744166331718912,0.6226796273013038,25,interleaved
25092,92,0,0.21208839212021596,0.5428406217460299,25,interleaved
25093,93,0,0.6963214742868312,0.33977512641876695,25,interleaved
25094,94,0,0.9001116712512174,0.4787762840527268,25,interleaved
25095,95,0,0.6246837654089549,0.3672009316634335,25,interleaved
25096,96,0,0.17662653706471843,0.5270460541303337,25,interleaved
25097,97,0,0.44111688346181627,0.4857746409547732,25,interleaved
25098,98,0,0.17872064402703858,0.7214385618600487,25,interleaved
25099,99,0,0.3936773141323489,0.45919297818343896,25,interleaved
25100,100,0,0.20021214775562785,0.5148953362667665,25,interleaved
25101,101,0,0.3150660651371112,0.3941725136488625,25,interleaved
25102,102,0,0.2557791200782387,0.41188626720998817,25,interleaved
25103,103,0,0.43377916798018124,0.5346944357944534,25,interleaved
25104,104,0,0.33365353259387787,0.5215481688304631,25,interleaved
25105,105,0,0.2886831220608943,0.3857423616432617,25,interleaved
25106,106,0,0.7691323075372563,0.4225313989627012,25,interleaved
25107,107,0,0.41399456634568965,0.5317564447770893,25,interleaved
25108,108,0,0.24873506063448367,0.4899675198478277,25,interleaved
25109,109,0,0.7405948761427708,0.4441156607159982,25,interleaved
25110,110,0,0.19927360030264615,0.4480577879101547,25,interleaved
25111,111,0,0.3125146610323091,0.5826740845498286,25,interleaved
25112,112,0,0.3192323840100917,0.4924808899090708,25,interleaved
25113,113,0,0.36854671589626087,0.4017270313041409,25,interleaved
25114,114,0,0.24928181807333913,0.5004464584369875,25,interleaved
25115,115,0,0.25004758779799957,0.32792696205286254,25,interleaved
25116,116,0,0.26454438600986235,0.41779066932790565,25,interleaved
25117,117,0,0.35363502773788014,0.38574888320017187,25,interleaved
25118,118,0,0.35328165504358444,0.4773353921790051,25,interleaved
25119,119,0,0.5302403406381581,0.4228261655906508,25,interleaved
25120,120,0,0.2759438755253623,0.4802543575726341,25,interleaved
25121,121,0,0.7683318789378355,0.39369545917300997,25,interleaved
25122,122,0,0.29172269353604274,0.4385491711755705,25,interleaved
25123,123,0,0.4583151226745562,0.4724966703706591,25,interleaved
25124,124,0,0.2529803657093614,0.5181428718754439,25,interleaved
25125,125,0,0.7364455535016128,0.4257740796849887,25,interleaved
25126,126,0,0.29837131658939736,0.41380065870656235,25,interleaved
25127,127,0,0.726311325415496,0.3544109017288296,25,interleaved
25128,128,0,0.21177149270880014,0.4534766906830364,25,interleaved
25129,129,0,0.3050843796687894,0.43603638602606226,25,interleaved
25130,130,0,0.7080367120660062,0.47793330430038605,25,interleaved
25131,131,0,0.851945114482837,0.3256932182248732,25,interleaved
25132,132,0,0.7318904490297533,0.42908577522481334,25,interleaved
25133,133,0,0.8822851705466298,0.5269825794182916,25,interleaved
25134,134,0,0.18961699544130942,0.41177516506144674,25,interleaved
25135,135,0,0.7848407067676473,0.2787154392933513,25,interleaved
25136,136,0,0.733011601319516,0.27738594095820174,25,interleaved
25137,137,0,0.8598260008540405,0.4824618552305748,25,interleaved
25138,138,0,0.7761021482754469,0.4127366942350665,25,interleaved
25139,139,0,0.3194144862385816,0.425046725157291,25,interleaved
25140,140,0,0.33207668858825157,0.4627605398503237,25,interleaved
25141,141,0,0.7877089851314177,0.4944768726900367,25,interleaved
25142,142,0,0.11231322368029886,0.5474522908476604,25,interleaved
25143,143,0,0.6263677055152221,0.417932036338988,25,interleaved
25144,144,0,0.696185829963995,0.46700590238514206,25,interleaved
25145,145,0,0.4139566849692844,0.47971391076459746,25,interleaved
25146,146,0,0.8570796844103103,0.3277331558743509,25,interleaved
25147,147,0,0.6211658380380495,0.4135936378894055,25,interleaved
25148,148,0,0.6965065216244561,0.41312578515435294,25,interleaved
25149,149,0,0.34839672775206393,0.4349583284021534,25,interleaved
25150,150,0,0.872236270674287,0.35695849849438077,25,interleaved
25151,151,0,0.42971193397392315,0.4570011734308938,25,interleaved
25152,152,0,0.875270849341903,0.42699749082924254,25,interleaved
25153,153,0,0.47143181427941744,0.5975499555757107,25,interleaved
25154,154,0,0.11158347302519864,0.46282404387133236,25,interleaved
25155,155,0,0.86457887811232,0.4931219039037593,25,interleaved
25156,156,0,0.8086407694977524,0.4902606985287214,25,interleaved
25157,157,0,0.48735051164618526,0.3828015988644584,25,interleaved
25158,158,0,0.8833101105475762,0.30481527877205594,25,interleaved
25159,159,0,0.4420980297389392,0.48288355170193964,25,interleaved
25160,160,0,0.9308181112461226,0.3770034627625688,25,interleaved
25161,161,0,0.7364658860334046,0.3638588306870305,25,interleaved
25162,162,0,0.13910541059015183,0.5289808991199252,25,interleaved
25163,163,0,0.2809791247638324,0.5033991270030878,25,interleaved
25164,164,0,0.33169591489450845,0.4029175534407754,25,interleaved
25165,165,0,0.2932879892111519,0.42042858166592234,25,interleaved
25166,166,0,0.8484849534280334,0.4078082640413939,25,interleaved
25167,167,0,0.21461633190907908,0.4179243888695042,25,interleaved
25168,168,0,0.4371647096514961,0.6007162500676934,25,interleaved
25169,169,0,0.3364545034655388,0.3824735413985668,25,interleaved
25170,170,0,0.892833171293163,0.5176588959180679,25,interleaved
25171,171,0,0.3624353122172464,0.4080773911682033,25,interleaved
25172,172,0,0.2642862024466076,0.49525412520319756,25,interleaved
25173,173,0,0.6609467354771614,0.4929627803512605,25,interleaved
25174,174,0,0.8180820925382177,0.6249298162615018,25,interleaved
25175,175,0,0.3485297942291732,0.41146583985551616,25,interleaved
25176,176,0,0.19335395889008497,0.5443277905780742,25,interleaved
25177,177,0,0.35632660013906686,0.6059670711621262,25,interleaved
25178,178,0,0.3083829229048515,0.5690740625684523,25,interleaved
25179,179,0,0.5238101822569051,0.49293709129718083,25,interleaved
25180,180,0,0.4319907208855069,0.4760249516887097,25,interleaved
25181,181,0,0.5032562388625031,0.42845911761992345,25,interleaved
25182,182,0,0.4903671982861126,0.47899593280715014,25,interleaved
25183,183,0,0.35881803402108875,0.5482256220845841,25,interleaved
25184,184,0,0.30039140817864773,0.4944402016956701,25,interleaved
25185,185,0,0.43590267985384146,0.5910585524336321,25,interleaved
25186,186,0,0.7868276383242285,0.3458217552442002,25,interleaved
25187,187,0,0.7977001302663198,0.3509129848465202,25,interleaved
25188,188,0,0.3799145870660779,0.45535386023093666,25,interleaved
25189,189,0,0.49728127682082846,0.49180916441291117,25,interleaved
25190,190,0,0.7766257057566102,0.48786899356175617,25,interleaved
25191,191,0,0.2922287529528359,0.4208610242811044,25,interleaved
25192,192,0,0.24690995134632943,0.4260010857604266,25,interleaved
25193,193,0,0.37013525994089735,0.45703293421963387,25,interleaved
25194,194,0,0.4976812472016944,0.5747220816700095,25,interleaved
25195,195,0,0.7649674881486268,0.34887886602370444,25,interleaved
25196,196,0,0.5790634236628989,0.4518914359398085,25,interleaved
25197,197,0,0.7327528782488599,0.336032513135899,25,interleaved
25198,198,0,0.295052175379551,0.48392293943378817,25,interleaved
25199,199,0,0.5562650804131525,0.3868878622194733,25,interleaved
25200,0,0,0.3175108116347378,0.8693966876026678,25,blocked
25201,1,0,0.5921181880097216,0.7420578881120465,25,blocked
25202,2,0,0.6377023409061702,0.6827021192117351,25,blocked
25203,3,0,0.3566991052146619,0.6507027700938621,25,blocked
25204,4,1,0.34561076510957417,0.8427214033536958,25,blocked
25205,5,0,0.47364020885972735,0.540012609680757,25,blocked
25206,6,2,0.8840106929470428,1.1016324905410477,25,blocked
25207,7,3,0.6567664310689451,0.6448980009986227,25,blocked
25208,8,0,0.5635121870779575,0.5693618808224001,25,blocked
25209,9,0,0.30946475364359033,0.7028277382088992,25,blocked
25210,10,0,0.43701796474860005,0.6044635108512637,25,blocked
25211,11,0,0.7840941333444322,0.798630282411531,25,blocked
25212,12,0,0.40166406639883034,0.58882465953076,25,blocked
25213,13,0,0.5802753406491135,0.5418254885025819,25,blocked
25214,14,0,0.5163084746552794,0.6257211679013845,25,blocked
25215,15,0,0.7900513318432097,0.7206284420105339,25,blocked
25216,16,0,0.26728480821819506,0.863955247261706,25,blocked
25217,17,0,0.6329664947479976,0.5595266445770474,25,blocked
25218,18,0,0.6053148744613515,0.58752058219358,25,blocked
25219,19,0,0.7568839873225318,0.5421641063198761,25,blocked
25220,20,0,0.2852702754079189,0.6951618875275789,25,blocked
25221,21,0,0.7059282912192287,0.5052288044770588,25,blocked
25222,22,0,0.438997677530809,0.4301460918565259,25,blocked
25223,23,0,0.4630977849326881,0.6137334157424752,25,blocked
25224,24,0,0.4117879647644791,0.5786059029362325,25,blocked
25225,25,0,0.5910567740508716,0.6746922302695435,25,blocked
25226,26,0,0.6749294443193298,0.4819991605538526,25,blocked
25227,27,0,0.3385063833318554,0.6980944177221272,25,blocked
25228,28,0,0.5602753080946944,0.5828753614773369,25,blocked
25229,29,0,0.6022272194611288,0.523002242296438,25,blocked
25230,30,0,0.5232156220675668,0.4156674573280954,25,blocked
25231,31,0,0.6411542960572019,0.7486365817107458,25,blocked
25232,32,0,0.7516165272963052,0.6358904918099697,25,blocked
25233,33,0,0.6084554279457511,0.5071870100273774,25,blocked
25234,34,0,0.7295690615647924,0.6164006221918565,25,blocked
25235,35,0,0.808296334190771,0.5552650162513748,25,blocked
25236,36,0,0.40390524935851496,0.5437725499604882,25,blocked
25237,37,0,0.49097761427874226,0.5967366779482661,25,blocked
25238,38,0,0.6092878912873221,0.7346043549089014,25,blocked
25239,39,0,0.8417233687192414,0.5651800232895627,25,blocked
25240,40,0,0.69221372072193,0.5011035537616315,25,blocked
25241,41,0,0.20987522534545516,0.5923641478990972,25,blocked
25242,42,0,0.5663025021165993,0.42240913348409714,25,blocked
25243,43,0,0.4619019285794459,0.5961093017761057,25,blocked
25244,44,0,0.19190972022263408,0.5576211298078891,25,blocked
25245,45,0,0.29635051145973945,0.4761241975929461,25,blocked
25246,46,3,0.4967679043756937,0.8517113758434905,25,blocked
25247,47,0,0.47275987156438637,0.5232714358112962,25,blocked
25248,48,0,0.6206452354543746,0.45434714124105857,25,blocked
25249,49,0,0.6655894670165854,0.6714127539583827,25,blocked
25250,50,0,0.5265830038420377,0.6133570690632878,25,blocked
25251,51,0,0.3565345625524884,0.4436926377810222,25,blocked
25252,52,0,0.28850048964610325,0.438674629664026,25,blocked
25253,53,0,0.5158721620878968,0.6935990528877863,25,blocked
25254,54,0,0.45460351275768984,0.5757785488354414,25,blocked
25255,55,0,0.5099791565173062,0.5217301726061421,25,blocked
25256,56,0,0.862849257010342,0.5595649384102388,25,blocked
25257,57,0,0.6170674460566195,0.4533831722436392,25,blocked
25258,58,0,0.20762959819636037,0.6525048542050191,25,blocked
25259,59,0,0.7745806447683138,0.5134323020280404,25,blocked
25260,60,0,0.7087934346959279,0.4152795800649531,25,blocked
25261,61,0,0.1446020336132015,0.45287661117758726,25,blocked
25262,62,0,0.21782424810865011,0.5694181618655494,25,blocked
25263,63,0,0.7115677712051336,0.5195261979162862,25,blocked
25264,64,0,0.18129070603281142,0.4597913706441761,25,blocked
25265,65,0,0.24304798973822256,0.43902852045858287,25,blocked
25266,66,0,0.7156780251038,0.5805249966631278,25,blocked
25267,67,0,0.5170198872663649,0.552935631930797,25,blocked
25268,68,0,0.6419750839579093,0.4768094998067981,25,blocked
25269,69,0,0.2708603781928504,0.4511697684036012,25,blocked
25270,70,0,0.14659574685007237,0.6310009289789721,25,blocked
25271,71,0,0.49586915606767673,0.45447197310096843,25,blocked
25272,72,0,0.590230161823891,0.54417626089282,25,blocked
25273,73,0,0.504351435203933,0.49438373901599736,25,blocked
25274,74,0,0.5311456633254846,0.42037111588374354,25,blocked
25275,75,0,0.2393207534352373,0.42508306429050524,25,blocked
25276,76,0,0.5793019372614847,0.3815781991885113,25,blocked
25277,77,0,0.7078081189395613,0.43562420173710537,25,blocked
25278,78,0,0.34371605917788994,0.44930532461719563,25,blocked
25279,79,0,0.622500497171435,0.4319937083370189,25,blocked
25280,80,0,0.3455234783517114,0.562547115810915,25,blocked
25281,81,0,0.7189488836349543,0.4698874025903731,25,blocked
25282,82,0,0.25267843040394716,0.5411287994763379,25,blocked
25283,83,0,0.30966714996007055,0.628941936225218,25,blocked
25284,84,0,0.7069119743359227,0.43890173658834075,25,blocked
25285,85,0,0.6674625832167336,0.544392741745252,25,blocked
25286,86,0,0.37900625390785747,0.3803506424812625,25,blocked
25287,87,0,0.6786055083853941,0.48823575516952034,25,blocked
25288,88,0,0.7048313766863031,0.5068294056304722,25,blocked
25289,89,0,0.3823831773189139,0.469119507794194,25,blocked
25290,90,0,0.711252340023786,0.5435834876082152,25,blocked
25291,91,0,0.6701963430644794,0.44593157967820396,25,blocked
25292,92,0,0.3639426059611389,0.6421338591930668,25,blocked
25293,93,0,0.8586014676923606,0.6255984207098582,25,blocked
25294,94,0,0.2995332959280056,0.4826734853351423,25,blocked
25295,95,0,0.8568538633181086,0.4940461215488794,25,blocked
25296,96,0,0.3957348669745332,0.5519115367442229,25,blocked
25297,97,0,0.40293458928431225,0.4937782213446996,25,blocked
25298,98,0,0.4309410203362055,0.4667990404963951,25,blocked
25299,99,0,0.5207290872169424,0.4103268159314376,25,blocked
25300,100,0,0.39649659194157977,0.4762431084842945,25,blocked
25301,101,0,0.6948687880967012,0.43736239810761135,25,blocked
25302,102,0,0.6650446253704315,0.6751685077358556,25,blocked
25303,103,0,0.4195488821979315,0.5086780503729629,25,blocked
25304,104,0,0.6919893016027545,0.4944993128910814,25,blocked
25305,105,0,0.38309639458532363,0.5343853584858641,25,blocked
25306,106,0,0.35801647075648113,0.6537373046105928,25,blocked
25307,107,0,0.7071645362027721,0.5016695431115277,25,blocked
25308,108,0,0.2912381004344881,0.5632036673336145,25,blocked
25309,109,0,0.45930661108306287,0.4994076943049747,25,blocked
25310,110,0,0.6279018605010843,0.5327931968159565,25,blocked
25311,111,0,0.46290564452794575,0.4813673290191136,25,blocked
25312,112,0,0.7088915289823672,0.48657079473741865,25,blocked
25313,113,0,0.45566382441534614,0.38603863332277455,25,blocked
25314,114,0,0.48023010327284066,0.44474483165932976,25,blocked
25315,115,0,0.6218825808281752,0.39246553113818033,25,blocked
25316,116,0,0.3735332778803217,0.3976242693165219,25,blocked
25317,117,0,0.4187482216469932,0.3399199692485422,25,blocked
25318,118,0,0.752062877525647,0.4478885455991949,25,blocked
25319,119,0,0.698209155411899,0.5157203385853002,25,blocked
25320,120,0,0.49359303387501874,0.46704501775350704,25,blocked
25321,121,0,0.1545038497173156,0.4901588251948681,25,blocked
25322,122,0,0.4542161178837515,0.4750058501700936,25,blocked
25323,123,0,0.5450396066148053,0.4532030420519983,25,blocked
25324,124,0,0.5121922461306573,0.6895078053383162,25,blocked
25325,125,0,0.7876626529984542,0.5621177224279694,25,blocked
25326,126,0,0.46151978489860174,0.5533467969895162,25,blocked
25327,127,0,0.3015534644215002,0.5995178044687127,25,blocked
25328,128,0,0.3956602786132967,0.49919158543509057,25,blocked
25329,129,0,0.3288371023844846,0.48268439494815396,25,blocked
25330,130,0,0.5049703735895879,0.5465885839810334,25,blocked
25331,131,0,0.5340804746602172,0.5207010577846178,25,blocked
25332,132,0,0.42299020471758425,0.4949267586317982,25,blocked
25333,133,0,0.6557881549312052,0.5971868663251478,25,blocked
25334,134,0,0.4059975963945427,0.4751352473062248,25,blocked
25335,135,0,0.4030360821463188,0.5581375961553645,25,blocked
25336,136,0,0.36184270015712366,0.39358395998520423,25,blocked
25337,137,0,0.8332227716065774,0.5123191222591579,25,blocked
25338,138,0,0.5267576704596719,0.4880554264089717,25,blocked
25339,139,0,0.4666599474794824,0.5304652349145936,25,blocked
25340,140,0,0.35480722925583974,0.5354768275332086,25,blocked
25341,141,0,0.4867580119847271,0.4797556377934086,25,blocked
25342,142,0,0.42663226046824043,0.5048454097224908,25,blocked
25343,143,0,0.4484303807970078,0.5229720117093155,25,blocked
25344,144,0,0.28819620885985553,0.4084877511274,25,blocked
25345,145,0,0.49028756080485203,0.4112034503810411,25,blocked
25346,146,0,0.4968917891084489,0.5695327496574341,25,blocked
25347,147,0,0.49127610369395747,0.6387652497152437,25,blocked
25348,148,0,0.5334972199157231,0.4264581902606998,25,blocked
25349,149,0,0.5054286007103757,0.46384037632556835,25,blocked
25350,150,0,0.5015498107229358,0.501217785940514,25,blocked
25351,151,0,0.5733235214218149,0.46107624298002514,25,blocked
25352,152,0,0.5575267965415696,0.5218246669629887,25,blocked
25353,153,0,0.1826763231606059,0.3872578883750224,25,blocked
25354,154,0,0.6611496847320272,0.39231387895474984,25,blocked
25355,155,0,0.4924160198439289,0.5491147013135466,25,blocked
25356,156,0,0.25861042482909025,0.4946904869767932,25,blocked
25357,157,0,0.5253964149240135,0.45300381128418954,25,blocked
25358,158,0,0.5299015882710043,0.6305567172496223,25,blocked
25359,159,0,0.3857411044954381,0.4245669046416833,25,blocked
25360,160,0,0.46008558458064563,0.43633632006474843,25,blocked
25361,161,0,0.38206584668660887,0.46836049534959345,25,blocked
25362,162,0,0.5778622421125644,0.38255378819188907,25,blocked
25363,163,0,0.6797625342463357,0.4099144106506704,25,blocked
25364,164,0,0.5915974596858713,0.37795656556306795,25,blocked
25365,165,0,0.39329623300280525,0.5240615810169529,25,blocked
25366,166,0,0.7526443125630761,0.48401418343712865,25,blocked
25367,167,0,0.4816451422783942,0.43417189710226567,25,blocked
25368,168,0,0.4954562390445204,0.3883110306966106,25,blocked
25369,169,0,0.8439418518373835,0.6211269491891629,25,blocked
25370,170,0,0.39914826844045276,0.48986071704547984,25,blocked
25371,171,0,0.555617492853477,0.5777036741518151,25,blocked
25372,172,0,0.45614669078006204,0.5856339171903484,25,blocked
25373,173,0,0.6624191945933137,0.4576801417721782,25,blocked
25374,174,0,0.8532412228828259,0.4270881280236841,25,blocked
25375,175,0,0.28846225471507037,0.5526050394805965,25,blocked
25376,176,0,0.43447421304530554,0.4405175532900479,25,blocked
25377,177,0,0.40451612862758185,0.43525966801320054,25,blocked
25378,178,0,0.5402372276774524,0.4186974501789689,25,blocked
25379,179,0,0.5691838513508727,0.598057948747277,25,blocked
25380,180,0,0.9168775430665511,0.6861351402212371,25,blocked
25381,181,0,0.4248550912752914,0.4460285642348677,25,blocked
25382,182,0,0.38726643404046146,0.42851788069904595,25,blocked
25383,183,0,0.20387652414546403,0.47691650239799216,25,blocked
25384,184,0,0.7798390616275546,0.44322805798760057,25,blocked
25385,185,0,0.637237623066,0.3962764461755135,25,blocked
25386,186,0,0.3711899403474018,0.4947004438659235,25,blocked
25387,187,0,0.5903445880077824,0.5032127130342214,25,blocked
25388,188,0,0.721279366498611,0.389295387936196,25,blocked
25389,189,0,0.37482156215558887,0.4560541088157083,25,blocked
25390,190,0,0.40923034524743523,0.34827024282366237,25,blocked
25391,191,0,0.47416216131231304,0.5655314302640977,25,blocked
25392,192,0,0.8108689182714971,0.4974551904357847,25,blocked
25393,193,0,0.38228396479136173,0.5646226095166114,25,blocked
25394,194,0,0.2832344208494553,0.46722459571648056,25,blocked
25395,195,0,0.4103996352036833,0.45141169861588604,25,blocked
25396,196,0,0.511485769524969,0.4915022823173638,25,blocked
25397,197,0,0.6268659041581278,0.411357901384997,25,blocked
25398,198,0,0.46218312823566493,0.5550494406792112,25,blocked
25399,199,0,0.8255353670808283,0.5761167501282194,25,blocked
25400,0,0,0.07852055548909909,0.9702199302909471,25,early
25401,1,1,0.1376841197197743,0.8514777042420157,25,early
25402,2,2,0.7056065071507336,0.9070181562582524,25,early
25403,3,0,0.1783295955176577,0.7351476328270754,25,early
25404,4,3,0.9499813165200208,1.0235737025615523,25,early
25405,5,0,0.6360131746025951,0.7618496403491324,25,early
25406,6,4,0.6117234811346444,1.077366631004029,25,early
25407,7,5,0.3306913728693945,1.1509518185547907,25,early
25408,8,6,0.8906752245433945,0.8608194758237564,25,early
25409,9,7,0.5151145444776157,0.7525707933169978,25,early
25410,10,8,0.6600288372342891,1.049544817366291,25,early
25411,11,9,0.9025357022699136,0.9261073632805804,25,early
25412,12,10,0.513662848647697,0.957114494874549,25,early
25413,13,6,0.9839512375675292,0.7033147952385839,25,early
25414,14,11,0.9988454629068553,1.0105638803192019,25,early
25415,15,12,0.8829142214247044,0.8888759525493999,25,early
25416,16,13,0.02112834472064592,0.8101916517591623,25,early
25417,17,14,0.004293418471963991,1.217041263840042,25,early
25418,18,15,0.9942846091805148,1.3723757472143798,25,early
25419,19,16,0.4962837531047984,1.1243227647404048,25,early
25420,20,17,0.42010437179523197,0.8611130341738902,25,early
25421,21,18,0.08945538662191149,1.0164076698141677,25,early
25422,22,19,0.7594270275724335,1.1895049690502675,25,early
25423,23,20,0.02871346848193061,1.0634928968628994,25,early
25424,24,21,0.6962996353268475,1.1092151011290126,25,early
25425,25,22,0.9811603989562068,0.8793378695466472,25,early
25426,26,0,0.21339535699149656,0.78743420849107,25,early
25427,27,23,0.7548874420012608,1.2443507940457712,25,early
25428,28,24,0.7582232342991855,0.8995788892895896,25,early
25429,29,25,0.3651532734448721,1.407023021940322,25,early
25430,30,26,0.5023088180242397,1.2224173007805643,25,early
25431,31,0,0.8523891219325483,0.8060010292691354,25,early
25432,32,0,0.9514633700206679,0.7665407431655203,25,early
25433,33,27,0.01353089688377409,1.369998342270812,25,early
25434,34,28,0.182035400298175,0.9491946817997645,25,early
25435,35,28,0.864542688683869,0.7501168761011705,25,early
25436,36,28,0.18970740779625744,0.8161984563061304,25,early
25437,37,28,0.7817999183510222,0.6134510749402273,25,early
25438,38,28,0.10817904450023938,0.8394574379269184,25,early
25439,39,28,0.8483915902280577,0.609870835311018,25,early
25440,40,28,0.73378962136869,0.6583626573390453,25,early
25441,41,28,0.8034181990176645,0.7345323592562021,25,early
25442,42,28,0.4048667365774797,0.6060928223958433,25,early
25443,43,28,0.287797609684676,0.6712561179534839,25,early
25444,44,28,0.43788944503341865,0.5217610146599114,25,early
25445,45,28,0.2535569225009836,0.7379716511305383,25,early
25446,46,28,0.40192668716202573,0.479006576467756,25,early
25447,47,28,0.3415641219509032,0.6700316721052778,25,early
25448,48,28,0.58100175166007,0.7773535908209355,25,early
25449,49,28,0.48003867478146767,0.6069421681220714,25,early
25450,50,28,0.8112872670564728,0.5275918072597907,25,early
25451,51,28,0.3563263493386318,0.5368568442091624,25,early
25452,52,28,0.5354531180778959,0.5384155774380492,25,early
25453,53,28,0.5469619967801853,0.40372076616428776,25,early
25454,54,28,0.4797966994609296,0.6654024645381429,25,early
25455,55,28,0.809473325828616,0.4047457788688702,25,early
25456,56,28,0.535188520423606,0.6153263497252653,25,early
25457,57,28,0.7773441514819154,0.48538340474866704,25,early
25458,58,28,0.5215160393725344,0.47686566177817125,25,early
25459,59,28,0.7971524963947758,0.6201094747528759,25,early
25460,60,28,0.5803266306938296,0.46643591761698683,25,early
25461,61,28,0.5309081368849119,0.5363016677725442,25,early
25462,62,28,0.3974692979665565,0.5882986128494241,25,early
25463,63,28,0.6161614347957656,0.3598809758245795,25,early
25464,64,28,0.5643816919800433,0.48813176302858724,25,early
25465,65,28,0.3239297261383963,0.4919129127827544,25,early
25466,66,28,0.514936924936083,0.5223267734210906,25,early
25467,67,28,0.5796475422354498,0.42445761720452935,25,early
25468,68,28,0.37846222382249967,0.46379561964472865,25,early
25469,69,28,0.702577680162362,0.4348746927402006,25,early
25470,70,28,0.6779433326701381,0.38455274135156947,25,early
25471,71,28,0.7431735307674884,0.47608660905865946,25,early
25472,72,28,0.42951170300265096,0.45040287797030454,25,early
25473,73,28,0.461082024254292,0.4176737608313744,25,early
25474,74,28,0.5131637202330384,0.6170285388973692,25,early
25475,75,28,0.5703471813844012,0.642680637103193,25,early
25476,76,28,0.8771641247258372,0.49541180316336175,25,early
25477,77,28,0.6945617794661325,0.5156981364683788,25,early
25478,78,28,0.4382073097551138,0.3547137764142896,25,early
25479,79,28,0.5541342571268031,0.5105531760395061,25,early
25480,80,28,0.3212342185311864,0.4510082390843146,25,early
25481,81,28,0.6839943244634085,0.43236483959834826,25,early
25482,82,28,0.3309637201253812,0.552532488777442,25,early
25483,83,28,0.5665598152363556,0.4843254095547363,25,early
25484,84,28,0.6390969209039401,0.38251606518722764,25,early
25485,85,28,0.8459089769990696,0.5067342691230277,25,early
25486,86,28,0.6019891619525982,0.502201580104842,25,early
25487,87,28,0.8668349903085011,0.3808407173604209,25,early
25488,88,28,0.3903291877215557,0.613677561929738,25,early
25489,89,28,0.8382288025811813,0.4135862656593173,25,early
25490,90,28,0.2822219065608298,0.5272535173000119,25,early
25491,91,28,0.6033505673505544,0.5006539892595646,25,early
25492,92,28,0.48275251826267446,0.50081703430902,25,early
25493,93,28,0.8929423541176871,0.49772934264703195,25,early
25494,94,28,0.45850351107628146,0.49281159121407186,25,early
25495,95,28,0.4712800695634166,0.5233044065965418,25,early
25496,96,28,0.4871106469947706,0.6189006120242622,25,early
25497,97,28,0.6472127992338599,0.3912183398425878,25,early
25498,98,28,0.5804195359546759,0.4236518362298153,25,early
25499,99,28,0.7133064304569877,0.5137131854663683,25,early
25500,100,28,0.39448122182075257,0.49092831330061554,25,early
25501,101,28,0.6165770738017757,0.4769506057224249,25,early
25502,102,28,0.3679089013982404,0.5041373408990462,25,early
25503,103,28,0.5621337102140047,0.5112638429432174,25,early
25504,104,28,0.5368985387183028,0.39957809358371954,25,early
25505,105,28,0.5860862818440424,0.48597577167184225,25,early
25506,106,28,0.5746408817522615,0.4438296570392163,25,early
25507,107,28,0.6125546276087961,0.43076602546862724,25,early
25508,108,0,0.8237207430413162,0.5200335516459701,25,early
25509,109,28,0.5310451860389531,0.44142325323864323,25,early
25510,110,28,0.36554932630605985,0.38711915795328555,25,early
25511,111,28,0.5406681976789506,0.47818752863969716,25,early
25512,112,28,0.4823455268476805,0.5069762256535044,25,early
25513,113,28,0.7445132700424351,0.5038395555404565,25,early
25514,114,28,0.43425646854911326,0.44184751169541736,25,early
25515,115,28,0.5568140452508086,0.31265133021003655,25,early
25516,116,28,0.43801323755680155,0.5377327228045985,25,early
25517,117,28,0.7097771222326876,0.39548383145801613,25,early
25518,118,28,0.5101935146062196,0.5204202361682899,25,early
25519,119,28,0.49946201662995654,0.4230625210471031,25,early
25520,120,28,0.4473747896613503,0.38108411623885974,25,early
25521,121,28,0.8936169085671073,0.4269265422306735,25,early
25522,122,28,0.5615675044297053,0.3523949578658674,25,early
25523,123,28,0.4857940944919775,0.5595815434353505,25,early
25524,124,28,0.4124302890157587,0.6232244943017916,25,early
25525,125,28,0.6133406522029041,0.4485479974853284,25,early
25526,126,28,0.3535212000284134,0.45807509865991647,25,early
25527,127,28,0.6436516884589631,0.4914538409570772,25,early
25528,128,28,0.33037900774337825,0.3666297713085288,25,early
25529,129,28,0.6182129793775012,0.529291782634633,25,early
25530,130,28,0.3515125138102261,0.44521631003337936,25,early
25531,131,28,0.4933809889689835,0.4649133680075618,25,early
25532,132,28,0.6097043275775775,0.5755742214784376,25,early
25533,133,28,0.3994519640348619,0.671224051091006,25,early
25534,134,28,0.659512152489912,0.5087967817995785,25,early
25535,135,28,0.23237155001833892,0.4208606188379393,25,early
25536,136,28,0.6278468260015183,0.502159265292677,25,early
25537,137,28,0.5072532953568064,0.37137056484304964,25,early
25538,138,28,0.3043582270596329,0.4459237308498784,25,early
25539,139,28,0.5847717191919215,0.3734482277852065,25,early
25540,140,28,0.30107014848824637,0.5983952265836598,25,early
25541,141,28,0.634724771283351,0.41377191683354964,25,early
25542,142,28,0.3576099517848876,0.3824018710021764,25,early
25543,143,28,0.6401557711895893,0.36443080574139836,25,early
25544,144,28,0.3850482802735705,0.4905232511592039,25,early
25545,145,28,0.6593380781798521,0.43453734670318234,25,early
25546,146,28,0.5010446938090892,0.3712691086188383,25,early
25547,147,28,0.6561223180488203,0.5137453682817624,25,early
25548,148,28,0.538089881963142,0.43335967005198783,25,early
25549,149,28,0.4609727296709615,0.5257521907484697,25,early
25550,150,28,0.37110899245884216,0.48098991624924736,25,early
25551,151,28,0.41053694251352735,0.4219896757041938,25,early
25552,152,28,0.4676985741903217,0.6454999822556573,25,early
25553,153,28,0.7739659686796561,0.3648153793132981,25,early
25554,154,28,0.5209359598760995,0.49204754396449607,25,early
25555,155,28,0.3433778633669001,0.636863560323608,25,early
25556,156,28,0.6714228127518509,0.4541007229691192,25,early
25557,157,28,0.6376911322757692,0.39840909575651823,25,early
25558,158,28,0.5741445353771361,0.40081075741178407,25,early
25559,159,28,0.3504913258237155,0.37054730395822433,25,early
25560,160,28,0.43276867458159757,0.6513685028935285,25,early
25561,161,28,0.5631554200924471,0.5306530177330828,25,early
25562,162,28,0.6749787814022172,0.4861955326553298,25,early
25563,163,28,0.6166810635970381,0.5103561715947856,25,early
25564,164,28,0.6770019241983167,0.4021696212013702,25,early
25565,165,28,0.6600997147152666,0.47759503613435667,25,early
25566,166,28,0.2716861317358753,0.4488472561290925,25,early
25567,167,28,0.721598208671858,0.40458214101040396,25,early
25568,168,28,0.29874014546610217,0.5126260767280216,25,early
25569,169,28,0.6071236881016953,0.46416411222986487,25,early
25570,170,28,0.8308344865483668,0.4693989241732309,25,early
25571,171,28,0.7667160653386809,0.34360786511697805,25,early
25572,172,28,0.7372492557502763,0.3848790463269087,25,early
25573,173,28,0.6460375205359123,0.606167764036781,25,early
25574,174,28,0.6508186359752716,0.3521531566235292,25,early
25575,175,28,0.6703587934246851,0.3692150556249614,25,early
25576,176,28,0.4294653732679727,0.6132457524317744,25,early
25577,177,28,0.6823268861006188,0.47432756569657786,25,early
25578,178,28,0.6713352649304739,0.5209803361512344,25,early
25579,179,28,0.6214561431332641,0.6437554209786723,25,early
25580,180,28,0.8295582526171165,0.37264221143173126,25,early
25581,181,28,0.8828483260779466,0.4080774283206813,25,early
25582,182,28,0.6828706847226755,0.37834471640201695,25,early
25583,183,28,0.27615488189736065,0.5189978766069433,25,early
25584,184,28,0.8019700638300304,0.4502439311138696,25,early
25585,185,28,0.7603595111502073,0.4510574722393737,25,early
25586,186,28,0.753128236753948,0.41889441991949533,25,early
25587,187,28,0.618204554302676,0.4520641148631639,25,early
25588,188,28,0.19902947520855024,0.4250703892866733,25,early
25589,189,28,0.8206114810068609,0.3070755539432526,25,early
25590,190,28,0.6282501510394884,0.4969291590510172,25,early
25591,191,28,0.830755289486482,0.5238243948370012,25,early
25592,192,28,0.6229745164322318,0.4630355608095663,25,early
25593,193,28,0.2831085039326795,0.5765467812768188,25,early
25594,194,28,0.6403681151941398,0.4775084387606029,25,early
25595,195,28,0.34462726280775613,0.4261331295048495,25,early
25596,196,28,0.5598382337993884,0.5133618456899085,25,early
25597,197,28,0.8093315286999938,0.4279222845845252,25,early
25598,198,28,0.5504452007801793,0.4588641263356852,25,early
25599,199,28,0.5853546862080462,0.4494914962372474,25,early
25600,0,0,0.44797825459203494,0.9182712801660289,25,middle
25601,1,0,0.13201078968665184,0.8013238810381295,25,middle
25602,2,1,0.3836345772954886,0.8963153143782512,25,middle
25603,3,0,0.9287332816853692,0.6997198577605392,25,middle
25604,4,2,0.43798119558854687,1.2376680336866588,25,middle
25605,5,3,0.06043857811554958,1.1761784606829326,25,middle
25606,6,4,0.4133052193199921,0.8745288631261927,25,middle
25607,7,5,0.06826260252355384,1.067408807779752,25,middle
25608,8,6,0.3519818944677223,0.9606581935808717,25,middle
25609,9,7,0.93048268917047,0.8136526724816131,25,middle
25610,10,0,0.6441739332917451,0.5919199308244227,25,middle
25611,11,8,0.8902477335971379,0.7218235273961554,25,middle
25612,12,9,0.40736718440030734,0.9016402333804241,25,middle
25613,13,10,0.17130606307053908,1.0921018317653985,25,middle
25614,14,11,0.0021231599464086245,1.3582487535690544,25,middle
25615,15,12,0.9879769660571567,0.9656581339519557,25,middle
25616,16,0,0.6086731790869442,0.7022801395291167,25,middle
25617,17,13,0.927827209644032,0.716429708151531,25,middle
25618,18,14,0.5821613553478133,0.8015286615279484,25,middle
25619,19,15,0.4991256193196257,1.2228505991645315,25,middle
25620,20,16,0.4961330976752154,1.050514741448357,25,middle
25621,21,17,0.9101197804278298,0.6057998143575285,25,middle
25622,22,18,0.4999167586301345,1.2591084817206422,25,middle
25623,23,19,0.09945633785306061,0.9552626951930072,25,middle
25624,24,20,0.01258098707020161,1.09289911423196,25,middle
25625,25,21,0.30954493787325044,1.15029035390999,25,middle
25626,26,22,0.5347596685277969,0.9566978854873114,25,middle
25627,27,23,0.486165239379644,1.2096380283378751,25,middle
25628,28,24,0.4976855080804492,1.2930301257485841,25,middle
25629,29,25,0.880525575525913,0.9603278285812822,25,middle
25630,30,26,0.5838199400340431,0.9508422654374229,25,middle
25631,31,27,0.09549806466168327,1.0296008761547588,25,middle
25632,32,28,0.3906788096068155,0.7453802936919216,25,middle
25633,33,27,0.25017305822629277,0.8432824144543679,25,middle
25634,34,29,0.41299232621635124,0.8400487671636536,25,middle
25635,35,30,0.893315866464917,0.7883835573691684,25,middle
25636,36,28,0.9952219255843597,0.7381359216741127,25,middle
25637,37,31,0.04983249500429604,0.8210735884519124,25,middle
25638,38,32,0.5476821665364486,0.8741745002734322,25,middle
25639,39,27,0.10717141930961614,0.8291681468416403,25,middle
25640,40,27,0.22871549589714707,0.7628637272472408,25,middle
25641,41,27,0.4609020055508111,0.7081371963577576,25,middle
25642,42,33,0.603779995634322,0.8623035054201746,25,middle
25643,43,34,0.9391542773690666,0.9984439220587433,25,middle
25644,44,27,0.5778866015877688,0.7215934071284038,25,middle
25645,45,0,0.427055909897302,0.7119782241376265,25,middle
25646,46,35,0.6697495453515608,1.4665946630863838,25,middle
25647,47,32,0.5013278099033134,0.6614057102890928,25,middle
25648,48,27,0.7350245804607026,0.6200812697187178,25,middle
25649,49,36,0.5007717782966995,0.9581801750310003,25,middle
25650,50,32,0.6314589341118652,0.6749096837173071,25,middle
25651,51,27,0.36098242651144147,0.6938821147043166,25,middle
25652,52,37,0.501859961913032,1.0487238293463552,25,middle
25653,53,38,0.004484359692486046,1.0999969883884158,25,middle
25654,54,39,0.589940915866588,0.816414571142354,25,middle
25655,55,27,0.719738247367864,0.5883163321376293,25,middle
25656,56,27,0.27774349805740983,0.7649726568611295,25,middle
25657,57,0,0.6487830795336661,0.5760650241031655,25,middle
25658,58,27,0.5867089251375006,0.6221903034227376,25,middle
25659,59,27,0.6738655973026126,0.6965783534178627,25,middle
25660,60,27,0.575119521554635,0.64451421779796,25,middle
25661,61,27,0.7546742670909419,0.5184634424943793,25,middle
25662,62,27,0.32482442945988016,0.5098303373614408,25,middle
25663,63,27,0.22487516474653302,0.7648605109466992,25,middle
25664,64,27,0.3117234319505899,0.6420895711144295,25,middle
25665,65,27,0.37876553056316825,0.6131704621197336,25,middle
25666,66,27,0.6664530409458815,0.6252858481231561,25,middle
25667,67,27,0.775890011773227,0.6133138238196032,25,middle
25668,68,27,0.17144669664285295,0.6244963348158165,25,middle
25669,69,27,0.6619131703930788,0.49944133111409894,25,middle
25670,70,27,0.2307810723015431,0.7253508161629731,25,middle
25671,71,27,0.19722643848773486,0.6626011809850703,25,middle
25672,72,27,0.6988636805454137,0.6516801006097392,25,middle
25673,73,27,0.6651738820552378,0.5920881919126963,25,middle
25674,74,27,0.44339004928589926,0.5349226337767405,25,middle
25675,75,27,0.34520765736445935,0.5029811884523725,25,middle
25676,76,27,0.6535052016322538,0.4121568254890962,25,middle
25677,77,27,0.5848583590603237,0.5329448282718972,25,middle
25678,78,27,0.5684781953211272,0.4002830296024733,25,middle
25679,79,27,0.44496365522861825,0.5644651424523968,25,middle
25680,80,27,0.5989270438111773,0.5967995430442887,25,middle
25681,81,27,0.2508801652455169,0.6524590990613487,25,middle
25682,82,27,0.5881730420220679,0.40948959477368596,25,middle
25683,83,27,0.38936553221090875,0.5074346815646351,25,middle
25684,84,27,0.5369466671222601,0.5003623257112241,25,middle
25685,85,27,0.22454094578822437,0.5186111514676041,25,middle
25686,86,27,0.6055725458649881,0.601764461266365,25,middle
25687,87,27,0.5261067714807656,0.6616375350831663,25,middle
25688,88,27,0.4458881167123843,0.4574212475542842,25,middle
25689,89,27,0.5254334852565989,0.4531346027577613,25,middle
25690,90,27,0.5467275044743823,0.4019475803136737,25,middle
25691,91,27,0.6441960023591491,0.3905145829350555,25,middle
25692,92,27,0.806712208037847,0.4478927229268674,25,middle
25693,93,27,0.24290893497903956,0.4387822250414847,25,middle
25694,94,27,0.5137273080612274,0.3381621766503389,25,middle
25695,95,27,0.4719094829513942,0.44057433204151003,25,middle
25696,96,27,0.5018357085949646,0.743247948422764,25,middle
25697,97,27,0.41261224641628047,0.38424739446707046,25,middle
25698,98,27,0.7132972639886347,0.46871004461525523,25,middle
25699,99,27,0.5863358818992802,0.5449018208468132,25,middle
25700,100,27,0.5587842692465308,0.502524894158559,25,middle
25701,101,27,0.5703357799177059,0.36362872725193696,25,middle
25702,102,27,0.5404673425031664,0.589926300946795,25,middle
25703,103,27,0.5099675068900229,0.47358493724378514,25,middle
25704,104,27,0.415940296655663,0.559663149363227,25,middle
25705,105,27,0.6009720638822498,0.37323427250872954,25,middle
25706,106,27,0.6467822851055289,0.3821857284886868,25,middle
25707,107,27,0.3738332785522653,0.4908538969167794,25,middle
25708,108,27,0.39785138669300385,0.4569108510534921,25,middle
25709,109,27,0.6402990404558686,0.39498886620129725,25,middle
25710,110,27,0.3297380642157764,0.5766846287880688,25,middle
25711,111,27,0.5630940173035994,0.5436000103157899,25,middle
25712,112,27,0.25820982184095376,0.46734295026198597,25,middle
25713,113,27,0.5687051811597774,0.45584495083835164,25,middle
25714,114,27,0.5111223382843352,0.3766269411984319,25,middle
25715,115,27,0.4409906423873623,0.45930995728570595,25,middle
25716,116,27,0.5338551279984498,0.42993859533401324,25,middle
25717,117,27,0.6536947858907869,0.440245672873797,25,middle
25718,118,27,0.632162065056629,0.48300388983676723,25,middle
25719,119,27,0.43207966127074154,0.5611561302974711,25,middle
25720,120,27,0.8231011823847876,0.6837503339926334,25,middle
25721,121,27,0.325182796039276,0.4343065726520729,25,middle
25722,122,27,0.8312667747391332,0.5867566338953835,25,middle
25723,123,27,0.5323399481726246,0.42456631387974963,25,middle
25724,124,27,0.8228005085971888,0.42167241199135175,25,middle
25725,125,27,0.5210521548334635,0.49270477892766323,25,middle
25726,126,27,0.09427290912282213,0.5855676633089352,25,middle
25727,127,27,0.5261017537237088,0.4878837902752545,25,middle
25728,128,27,0.13093902590628534,0.5416329003921836,25,middle
25729,129,27,0.5458164979187247,0.4344379313891662,25,middle
25730,130,27,0.23829078189429717,0.48524095396842976,25,middle
25731,131,27,0.46893817998526977,0.4064977036630508,25,middle
25732,132,27,0.22918800012605198,0.4742190743088926,25,middle
25733,133,27,0.6340087544919689,0.37142366115147507,25,middle
25734,134,27,0.8102115491601614,0.5278771019249395,25,middle
25735,135,27,0.6886272179894845,0.4322036879118628,25,middle
25736,136,27,0.12333726075810457,0.4727333739319452,25,middle
25737,137,27,0.4225741812425199,0.39287229642509025,25,middle
25738,138,27,0.05210915375464968,0.376411972251987,25,middle
25739,139,27,0.5136716186717163,0.38284696135718765,25,middle
25740,140,27,0.8894810072191175,0.4516588030371599,25,middle
25741,141,27,0.4228252939432858,0.5575945272491785,25,middle
25742,142,27,0.9291813135381908,0.4563566114976452,25,middle
25743,143,27,0.5591574338700247,0.5035368801034588,25,middle
25744,144,27,0.12436423957614162,0.38913410743014076,25,middle
25745,145,27,0.5799907568202435,0.43769652545327165,25,middle
25746,146,27,0.8448611546600464,0.4264693823782646,25,middle
25747,147,27,0.4595101617501359,0.5776252212689496,25,middle
25748,148,27,0.15715604147878715,0.5120174557980413,25,middle
25749,149,27,0.7248221457401882,0.5812374273201782,25,middle
25750,150,27,0.859929204305482,0.5666034730102154,25,middle
25751,151,27,0.45672954475107747,0.45580578650247905,25,middle
25752,152,27,0.7946478652887075,0.45883264508535143,25,middle
25753,153,27,0.45706705678938775,0.42517607243745853,25,middle
25754,154,27,0.1306305049576006,0.4661510485632364,25,middle
25755,155,27,0.5704860811327216,0.4133225659404008,25,middle
25756,156,27,0.9102363524815806,0.24923424478957334,25,middle
25757,157,27,0.5814686533885988,0.4319274795725255,25,middle
25758,158,27,0.757645469033907,0.35090478670454817,25,middle
25759,159,27,0.6632213608731368,0.4430699427350395,25,middle
25760,160,27,0.13615280678981856,0.3843871774600822,25,middle
25761,161,27,0.7803078842719107,0.49318581555263463,25,middle
25762,162,27,0.20173047081360992,0.46022390686544323,25,middle
25763,163,27,0.7400624114904963,0.47112153253148475,25,middle
25764,164,27,0.6883248933373216,0.44291020201016784,25,middle
25765,165,27,0.5031974060771799,0.2908125205859525,25,middle
25766,166,27,0.5029949458852382,0.4863831943551309,25,middle
25767,167,27,0.7108988419204061,0.4117829800944937,25,middle
25768,168,27,0.5865785577512771,0.425621787313141,25,middle
25769,169,27,0.4026912429000409,0.5391429420823074,25,middle
25770,170,27,0.15882486988340355,0.5367938125590948,25,middle
25771,171,27,0.48296769227436,0.4037470836766744,25,middle
25772,172,27,0.7875185668366496,0.295040256670333,25,middle
25773,173,27,0.6870020843234627,0.4072368734933697,25,middle
25774,174,27,0.2537110779447183,0.5322698474382153,25,middle
25775,175,27,0.17574213625744,0.5018260100745309,25,middle
25776,176,27,0.24524153555489037,0.5434795753327644,25,middle
25777,177,27,0.5956628536682116,0.36534077702656287,25,middle
25778,178,27,0.2460197531163152,0.4528512664802493,25,middle
25779,179,27,0.4739137092312203,0.49474554495691025,25,middle
25780,180,27,0.6933514832038669,0.5125217372961253,25,middle
25781,181,27,0.557374884364606,0.36689000012617234,25,middle
25782,182,27,0.5508769674847591,0.4518615665367087,25,middle
25783,183,27,0.7994504198748904,0.4367729506564424,25,middle
25784,184,27,0.39176518374581215,0.4483463796013305,25,middle
25785,185,27,0.3393328273338522,0.512973492604798,25,middle
25786,186,27,0.8017831653847995,0.4742163558070928,25,middle
25787,187,27,0.4143013254125298,0.3861605092915952,25,middle
25788,188,27,0.2203335250731913,0.35739432849719505,25,middle
25789,189,27,0.2191394668114753,0.3808187771179701,25,middle
25790,190,27,0.46456174709433146,0.43424933476320793,25,middle
25791,191,27,0.6343782639617572,0.42125649590343217,25,middle
25792,192,27,0.7819501266901092,0.43517839479564724,25,middle
25793,193,27,0.6385032016352562,0.38453870601625334,25,middle
25794,194,27,0.7663388720064082,0.4135617122549289,25,middle
25795,195,27,0.08749910695820982,0.48380080512542156,25,middle
25796,196,27,0.20069568128635068,0.5229446629122924,25,middle
25797,197,27,0.5874288832213316,0.5001157796178534,25,middle
25798,198,27,0.24123085295451874,0.40608179313078163,25,middle
25799,199,27,0.3076206566672685,0.6262498674497077,25,middle
25800,0,0,0.5332801137016111,1.043636119574726,25,late
25801,1,1,0.9406849870780292,0.9492106503172415,25,late
25802,2,2,0.4999819109275781,1.16870429181478,25,late
25803,3,3,0.9997531235906709,0.9617589860966109,25,late
25804,4,4,0.8359597292771164,0.8766212463827926,25,late
25805,5,5,0.33871175641910645,1.3844199231719965,25,late
25806,6,6,0.500107425628289,1.0897474736696329,25,late
25807,7,7,0.6035282376326467,0.8321623821105308,25,late
25808,8,8,0.49999963460250724,1.0745822141478474,25,late
25809,9,9,0.2014395032665417,0.6824862891655638,25,late
25810,10,9,0.24414252893599905,0.7451102252452779,25,late
25811,11,9,0.6518922464169508,0.5453031209114427,25,late
25812,12,10,0.18429134590222443,0.7126539408778283,25,late
25813,13,11,0.6023056222166392,1.0754395615228338,25,late
25814,14,12,0.49737186872110634,0.8500865952015015,25,late
25815,15,13,0.0038819282975612514,1.1590799919406802,25,late
25816,16,14,0.5133116954910613,0.7382549768074556,25,late
25817,17,15,0.9999985956838972,1.2158364522317535,25,late
25818,18,16,0.045425694025224464,0.9626610055510796,25,late
25819,19,7,0.0038078696067686446,0.7554509992020074,25,late
25820,20,12,0.5090496042132193,0.7455632564391159,25,late
25821,21,16,0.35875155567118916,0.6102779207960964,25,late
25822,22,16,0.9120375499281448,0.6871573043504904,25,late
25823,23,16,0.5750460216430584,0.7771942351616388,25,late
25824,24,16,0.05949894575499881,0.6912658857672508,25,late
25825,25,16,0.33698474109109,0.6411995468403334,25,late
25826,26,16,0.8829190728736818,0.7418787866931771,25,late
25827,27,16,0.3798627255458671,0.767804909272687,25,late
25828,28,16,0.2300164460935754,0.5310518711673804,25,late
25829,29,16,0.7012721866348863,0.5760633729073954,25,late
25830,30,16,0.898197412233203,0.5657314429799298,25,late
25831,31,16,0.09581844857265298,0.6647244185067454,25,late
25832,32,16,0.3660234788747696,0.6080318687479851,25,late
25833,33,16,0.3425027963082736,0.6400467066415374,25,late
25834,34,16,0.7226983201425008,0.55582803522949,25,late
25835,35,16,0.6818621911679484,0.46712151663994256,25,late
25836,36,16,0.6546072437326127,0.3685116289526091,25,late
25837,37,16,0.7145875131533628,0.6526665641428209,25,late
25838,38,16,0.7189605625008348,0.43383574712300366,25,late
25839,39,16,0.10152141002351364,0.7382405901718212,25,late
25840,40,16,0.701360965818127,0.5471741948260228,25,late
25841,41,16,0.8142102979304194,0.5225485504288986,25,late
25842,42,16,0.5227913838359307,0.5701426650708685,25,late
25843,43,16,0.12177005320055306,0.46280645471283344,25,late
25844,44,16,0.6326030445256994,0.6335082020389478,25,late
25845,45,16,0.1537666101457059,0.5623364214038293,25,late
25846,46,16,0.4707862302413951,0.3766428604415144,25,late
25847,47,16,0.15146723507365895,0.4748172998232886,25,late
25848,48,16,0.7008859712002482,0.4611170242147443,25,late
25849,49,16,0.7218447026908632,0.6036367737840234,25,late
25850,50,16,0.2649093844564686,0.5952054728868341,25,late
25851,51,16,0.14697269800602128,0.47488322649393566,25,late
25852,52,16,0.5730195506551572,0.3934368418337316,25,late
25853,53,16,0.8085059884449721,0.5280183297521825,25,late
25854,54,16,0.6802456563514137,0.458390219348612,25,late
25855,55,16,0.9094946695954638,0.4778871826247471,25,late
25856,56,16,0.48623054054553383,0.49996965224011414,25,late
25857,57,16,0.28357308986504226,0.6208521315069572,25,late
25858,58,16,0.8409118867934311,0.5067865730146076,25,late
25859,59,16,0.17222173422481069,0.5622720292543866,25,late
25860,60,16,0.1687976419324256,0.43046869580990343,25,late
25861,61,16,0.8738511674091743,0.5180161449696279,25,late
25862,62,16,0.6386179689914167,0.4664188368783605,25,late
25863,63,16,0.18321880025907483,0.493441689161948,25,late
25864,64,16,0.666417718748379,0.5315043666370471,25,late
25865,65,16,0.760632057869955,0.5931731570433016,25,late
25866,66,16,0.806998964650909,0.5636798439433428,25,late
25867,67,16,0.24576705358158266,0.5387085552748953,25,late
25868,68,16,0.33208706862922804,0.406437642543789,25,late
25869,69,16,0.2884181219773042,0.46538311360788653,25,late
25870,70,16,0.15139758657488914,0.4166084462374473,25,late
25871,71,16,0.3463551801881123,0.47572972897327725,25,late
25872,72,16,0.8643787457516807,0.366419458548316,25,late
25873,73,16,0.5693444699109039,0.29193275166812116,25,late
25874,74,16,0.1363562847703514,0.4815254546692824,25,late
25875,75,16,0.7682448986580467,0.29277648622381663,25,late
25876,76,16,0.14033279984900882,0.5000926343610983,25,late
25877,77,16,0.6818424077729492,0.4690308264997941,25,late
25878,78,16,0.7885109833241288,0.4666081508886837,25,late
25879,79,16,0.3473655222726068,0.4718619886091934,25,late
25880,80,16,0.22919173220043967,0.4977106588228267,25,late
25881,81,16,0.8879079013569404,0.2778610307703825,25,late
25882,82,16,0.9081503550630599,0.37418847820803147,25,late
25883,83,16,0.7207352299828598,0.5148049195690009,25,late
25884,84,16,0.8937584631054114,0.4432825467985282,25,late
25885,85,16,0.28824726627369324,0.5172133295707962,25,late
25886,86,16,0.8493048208859003,0.39234903878294597,25,late
25887,87,16,0.8247628188441789,0.43091202724368705,25,late
25888,88,16,0.8652194617009349,0.4037063924207467,25,late
25889,89,16,0.9173374845071338,0.4532323920585354,25,late
25890,90,16,0.021267302175294562,0.43653718785355705,25,late
25891,91,16,0.9641714165331452,0.37396391426450126,25,late
25892,92,16,0.2655839815062641,0.5250345646137133,25,late
25893,93,16,0.2707252920231329,0.6135053099720782,25,late
25894,94,16,0.7191265768722541,0.4248016370811872,25,late
25895,95,16,0.9436721887422976,0.3490948712554026,25,late
25896,96,16,0.9271759870481384,0.33537320136935744,25,late
25897,97,16,0.06044527067795048,0.5721845015646099,25,late
25898,98,16,0.23910459024518924,0.46517675439659467,25,late
25899,99,16,0.9524529489091373,0.4623284088218569,25,late
25900,100,16,0.9715806088263661,0.44043953480093495,25,late
25901,101,16,0.17338419451844198,0.4636386027831474,25,late
25902,102,16,0.06643333277310333,0.5993718223895841,25,late
25903,103,16,0.9072524495372144,0.4855852984170168,25,late
25904,104,16,0.837413336265363,0.3380871071489062,25,late
25905,105,16,0.15795900143187497,0.5145331450504689,25,late
25906,106,16,0.10759729753435494,0.5210275247463684,25,late
25907,107,16,0.04993240616572059,0.5125960085763714,25,late
25908,108,16,0.11145075645492616,0.4223083590745186,25,late
25909,109,16,0.09788461615290509,0.4126127747699754,25,late
25910,110,16,0.6808517576677474,0.31514304450319297,25,late
25911,111,16,0.41866339237810574,0.5387456706651808,25,late
25912,112,16,0.841851846143078,0.40083087117985816,25,late
25913,113,16,0.587828334098006,0.3812746807637474,25,late
25914,114,16,0.8718899127180493,0.3267321659174638,25,late
25915,115,16,0.841969207692127,0.4108114400429874,25,late
25916,116,16,0.6212708630394042,0.36879817745410004,25,late
25917,117,16,0.9025250441722521,0.4182407546952462,25,late
25918,118,16,0.8819977224177333,0.4173802483298471,25,late
25919,119,16,0.23902924789847882,0.5716557012751717,25,late
25920,120,16,0.6052682058196506,0.4165284837273837,25,late
25921,121,16,0.6741029463117827,0.3859939027743583,25,late
25922,122,16,0.6419212155229832,0.3081368984820545,25,late
25923,123,16,0.5128254495247777,0.5621802279873171,25,late
25924,124,16,0.4850529543140049,0.6044866238367388,25,late
25925,125,16,0.3899237619250468,0.43988113048272093,25,late
25926,126,16,0.45696216595982186,0.6280081393849719,25,late
25927,127,16,0.5106192445287939,0.5432951617707353,25,late
25928,128,16,0.30313397953284427,0.5934129913062016,25,late
25929,129,16,0.443772261185431,0.44595066180505294,25,late
25930,130,16,0.47851472470824374,0.4642652622506106,25,late
25931,131,16,0.6568982131595995,0.5804442811473768,25,late
25932,132,16,0.4873627693842256,0.5053440429710978,25,late
25933,133,16,0.2831193656929356,0.4408981533577871,25,late
25934,134,16,0.7354694444213012,0.4174973736601369,25,late
25935,135,16,0.3638786993160579,0.44964644578188245,25,late
25936,136,16,0.5237280090289466,0.5295271349619004,25,late
25937,137,16,0.657570698129275,0.3909213323083933,25,late
25938,138,16,0.284212463247664,0.4944845970989954,25,late
25939,139,16,0.25097518929004614,0.41920153742389954,25,late
25940,140,16,0.15473847070031505,0.5545442801051899,25,late
25941,141,16,0.3334927228193172,0.5979966528936287,25,late
25942,142,16,0.7311101956757459,0.3169834719808631,25,late
25943,143,16,0.250443444361865,0.42601242499322844,25,late
25944,144,16,0.41150586125485966,0.5846568771832845,25,late
25945,145,16,0.692365811089918,0.3542294302137564,25,late
25946,146,16,0.32621982856979287,0.6023552854612211,25,late
25947,147,16,0.40695509624401316,0.5093928379407837,25,late
25948,148,16,0.2110565830869479,0.4828425225522793,25,late
25949,149,16,0.7595957117509327,0.36604248077637225,25,late
25950,150,16,0.22903304343415862,0.525047859752094,25,late
25951,151,16,0.26375895140166006,0.549492402989041,25,late
25952,152,16,0.37304293672479005,0.39835280957327507,25,late
25953,153,16,0.5782897559458147,0.5235497451914094,25,late
25954,154,16,0.5258472040645359,0.5005328462264261,25,late
25955,155,16,0.6270970905675555,0.26953142755565673,25,late
25956,156,16,0.2439430678350888,0.5503748289007828,25,late
25957,157,16,0.4452886053281188,0.497461858833519,25,late
25958,158,16,0.4510163853379684,0.4955144068839212,25,late
25959,159,16,0.7169470494603863,0.4482042067709352,25,late
25960,160,16,0.9737851860166827,0.2730875054698271,25,late
25961,161,16,0.42616029535390787,0.6944493541756444,25,late
25962,162,16,0.7411878898033069,0.4441346718741847,25,late
25963,163,16,0.7381370868364875,0.5310261529997096,25,late
25964,164,16,0.5446341515806274,0.4827424157672062,25,late
25965,165,16,0.20244049199230021,0.5068160436433858,25,late
25966,166,16,0.15710223596304662,0.5870667196597277,25,late
25967,167,16,0.2853020288369216,0.4048742991457795,25,late
25968,168,16,0.1853952378921461,0.49911341795524866,25,late
25969,169,16,0.2814673724082268,0.41949185115398735,25,late
25970,170,16,0.8716099562852477,0.38799217433193434,25,late
25971,171,16,0.8078204457504956,0.2671890180155693,25,late
25972,172,16,0.36672920820722893,0.5303627412399765,25,late
25973,173,16,0.8819247377072614,0.40707311545057673,25,late
25974,174,16,0.5351050986867638,0.31238179620171724,25,late
25975,175,16,0.33821586110899315,0.47443067563115887,25,late
25976,176,16,0.3388866920696404,0.4484440912312631,25,late
25977,177,16,0.2878675834526663,0.5084370368480353,25,late
25978,178,16,0.5335861861337724,0.2947108374896032,25,late
25979,179,16,0.34361155281776407,0.5051656635718802,25,late
25980,180,16,0.7650208935747338,0.36561678018520527,25,late
25981,181,16,0.35338190718326196,0.5446814330457742,25,late
25982,182,16,0.6247715448496313,0.41284993822248583,25,late
25983,183,16,0.2914499632164854,0.48215767204393767,25,late
25984,184,16,0.37195165971731653,0.46022704133847503,25,late
25985,185,16,0.8629968481866197,0.28140442385464737,25,late
25986,186,16,0.16245404162314914,0.5427149949637373,25,late
25987,187,16,0.12342673847092563,0.47372321547635937,25,late
25988,188,16,0.3846092707226547,0.5484047844641617,25,late
25989,189,16,0.8910748341773695,0.2476924267868007,25,late
25990,190,16,0.5408686488562686,0.38621699022878886,25,late
25991,191,16,0.2637434870882628,0.4958408090139523,25,late
25992,192,16,0.46740009594259097,0.45346582504870275,25,late
25993,193,16,0.12704542362168425,0.5763869823255658,25,late
25994,194,16,0.08034356167254768,0.41285528064346927,25,late
25995,195,16,0.9576845536167529,0.4410742537569189,25,late
25996,196,16,0.12247318931554071,0.6326352071221035,25,late
25997,197,16,0.6731492854944663,0.5255752974818069,25,late
25998,198,16,0.9606008442385571,0.3539373437991343,25,late
25999,199,16,0.04900732931911701,0.49596592851811894,25,late
26000,0,0,0.9985702059637447,1.1967414685916409,26,interleaved
26001,1,1,0.5006716209395712,1.1455910756929497,26,interleaved
26002,2,2,0.9960796223694456,0.6747145894917113,26,interleaved
26003,3,3,0.5004865311071975,1.183081547598837,26,interleaved
26004,4,4,0.9999581860274933,1.472964584131434,26,interleaved
26005,5,5,0.5031517509958144,1.1012523246014978,26,interleaved
26006,6,6,0.9957709408157185,0.6041656640250532,26,interleaved
26007,7,6,0.5003100134395501,0.6147250334309627,26,interleaved
26008,8,6,0.9903165315354507,0.7257367202331526,26,interleaved
26009,9,6,0.5071853896292815,0.7938398842804445,26,interleaved
26010,10,7,0.9866650815933373,0.9451722304807828,26,interleaved
26011,11,6,0.5016215882428455,0.5964996284254267,26,interleaved
26012,12,6,0.9963446425052266,0.6725189862325667,26,interleaved
26013,13,6,0.4965625100194968,0.49360550407923914,26,interleaved
26014,14,6,0.9959975071264153,0.5768434933073961,26,interleaved
26015,15,6,0.5008692825614653,0.585194281683282,26,interleaved
26016,16,6,0.01871466675467611,0.7511229855080579,26,interleaved
26017,17,6,0.4824863301905555,0.5688234017222911,26,interleaved
26018,18,6,0.041946171029569775,0.6230739673370738,26,interleaved
26019,19,6,0.4770666255969722,0.6296632154606716,26,interleaved
26020,20,6,0.045390032090443094,0.545880271038859,26,interleaved
26021,21,6,0.4083547763967951,0.5835348989494977,26,interleaved
26022,22,6,0.8458499894479952,0.37232489389834544,26,interleaved
26023,23,6,0.2704019443579955,0.5039051507030061,26,interleaved
26024,24,6,0.1335628893113413,0.585437622635728,26,interleaved
26025,25,6,0.5328413084835183,0.5852579727020445,26,interleaved
26026,26,6,0.24382478842104413,0.6074739918906481,26,interleaved
26027,27,6,0.6698700188718407,0.5049726535686023,26,interleaved
26028,28,6,0.38861752646894976,0.6148006382369505,26,interleaved
26029,29,6,0.7765566556130918,0.44051128111400994,26,interleaved
26030,30,6,0.2743499039681685,0.5272797437815613,26,interleaved
26031,31,6,0.43769538005534847,0.5086212264461247,26,interleaved
26032,32,6,0.36659926187120034,0.4655575996747553,26,interleaved
26033,33,6,0.1429132460964701,0.5910446404863643,26,interleaved
26034,34,6,0.6879188840191716,0.36730963585629095,26,interleaved
26035,35,6,0.5484492005627182,0.5350673866461123,26,interleaved
26036,36,6,0.7355175476592049,0.31994440419343595,26,interleaved
26037,37,6,0.5809680792883707,0.334885052591099,26,interleaved
26038,38,6,0.5522702131066357,0.5360636511079936,26,interleaved
26039,39,6,0.5588786097561703,0.36810898871585307,26,interleaved
26040,40,6,0.6726039054681602,0.5370447082043097,26,interleaved
26041,41,6,0.7003709653085048,0.45565825649677727,26,interleaved
26042,42,6,0.758989454506011,0.3336774384560347,26,interleaved
26043,43,6,0.7449676190757868,0.4317121566006175,26,interleaved
26044,44,6,0.8943270163959947,0.40497289537873615,26,interleaved
26045,45,6,0.37360015609257524,0.41560065528041645,26,interleaved
26046,46,6,0.7088638326023801,0.3184635836740859,26,interleaved
26047,47,6,0.30066992147944754,0.5030319944797149,26,interleaved
26048,48,6,0.7777227629752805,0.5428764635739055,26,interleaved
26049,49,6,0.5571512250559579,0.38934604167320397,26,interleaved
26050,50,6,0.1145899228147235,0.5815116838536715,26,interleaved
26051,51,6,0.7482205108166763,0.40325829050721,26,interleaved
26052,52,6,0.7208403827254943,0.506632442276904,26,interleaved
26053,53,6,0.4104699253671609,0.36057766247473855,26,interleaved
26054,54,6,0.8860764166407922,0.5319483590384644,26,interleaved
26055,55,6,0.546600381114447,0.6428210673901689,26,interleaved
26056,56,6,0.9200198597057838,0.5264543560716286,26,interleaved
26057,57,6,0.296506295174185,0.440531653182835,26,interleaved
26058,58,6,0.818568660003762,0.3259728554966141,26,interleaved
26059,59,6,0.33604368261687323,0.34858895264477574,26,interleaved
26060,60,6,0.7612877847964972,0.4169915621584148,26,interleaved
26061,61,6,0.33386283459271865,0.49923776041633583,26,interleaved
26062,62,6,0.2689451829641375,0.365055784659612,26,interleaved
26063,63,6,0.2963053556766789,0.4201240731919573,26,interleaved
26064,64,6,0.21741081429463466,0.6122248985921579,26,interleaved
26065,65,6,0.6478441872614668,0.39115117171584374,26,interleaved
26066,66,6,0.48080293436649235,0.6042755110704046,26,interleaved
26067,67,6,0.21519061525454958,0.5259948313102967,26,interleaved
26068,68,6,0.49618107505175957,0.34707334305399573,26,interleaved
26069,69,6,0.7593149681072642,0.5206414223619183,26,interleaved
26070,70,6,0.48867611125900773,0.420540782997461,26,interleaved
26071,71,6,0.5991616675374904,0.5326028445094382,26,interleaved
26072,72,6,0.39932464473408497,0.4382823509799873,26,interleaved
26073,73,6,0.24166974515425413,0.6219989778356682,26,interleaved
26074,74,6,0.5582873351496755,0.4469788998599689,26,interleaved
26075,75,6,0.2003240098324715,0.3691125574021007,26,interleaved
26076,76,6,0.41143841912995616,0.37047189498865885,26,interleaved
26077,77,6,0.1484746474797489,0.4870739869680109,26,interleaved
26078,78,6,0.6982989431135395,0.605564682381183,26,interleaved
26079,79,6,0.6809235831660363,0.49588556044535104,26,interleaved
26080,80,6,0.2577921727213215,0.4315548603770756,26,interleaved
26081,81,6,0.45972313992652103,0.5185660866059738,26,interleaved
26082,82,6,0.32809174983915557,0.5506893451610334,26,interleaved
26083,83,6,0.4470924765060832,0.4581488704469796,26,interleaved
26084,84,6,0.3016633856265791,0.4676718368014436,26,interleaved
26085,85,6,0.4057280987887406,0.5548285559086303,26,interleaved
26086,86,6,0.19332984429348976,0.5835240154006289,26,interleaved
26087,87,6,0.5513592006322737,0.34936971962476887,26,interleaved
26088,88,6,0.4242001514611106,0.37008306782612377,26,interleaved
26089,89,6,0.611367610272986,0.5373951345289303,26,interleaved
26090,90,6,0.3015939664812801,0.43120413946113106,26,interleaved
26091,91,6,0.48239525964338614,0.4330261390562393,26,interleaved
26092,92,6,0.8356516181979845,0.5627456255759813,26,interleaved
26093,93,6,0.49738416711584144,0.4877351849936216,26,interleaved
26094,94,6,0.8325155983888517,0.5096941271784705,26,interleaved
26095,95,6,0.5353969053879649,0.5124723529389105,26,interleaved
26096,96,6,0.18014315672318465,0.4713712528965019,26,interleaved
26097,97,6,0.41321026410882095,0.4033030357901771,26,interleaved
26098,98,6,0.1856727938005326,0.3798133069404627,26,interleaved
26099,99,6,0.5164931118430137,0.36203330837313474,26,interleaved
26100,100,6,0.14141107463333047,0.4862783099208239,26,interleaved
26101,101,6,0.38584821784528783,0.47196333448090216,26,interleaved
26102,102,6,0.41118720249129914,0.48080173957993777,26,interleaved
26103,103,6,0.2677235044814757,0.47382203226646313,26,interleaved
26104,104,6,0.562242633429265,0.436757484684186,26,interleaved
26105,105,6,0.574595083350927,0.4392681910793568,26,interleaved
26106,106,6,0.33771724850429946,0.34505302417403605,26,interleaved
26107,107,6,0.5697513882335722,0.45669568184162507,26,interleaved
26108,108,6,0.5594552747783619,0.48911453465788524,26,interleaved
26109,109,6,0.49007099000938537,0.33120944980781997,26,interleaved
26110,110,6,0.6413257651043169,0.3908806919759086,26,interleaved
26111,111,6,0.46152767716667165,0.4458123903096541,26,interleaved
26112,112,6,0.3481848548384424,0.37133967558741054,26,interleaved
26113,113,6,0.43983711817030524,0.5134013220721605,26,interleaved
26114,114,6,0.3692557501260849,0.5340561087666068,26,interleaved
26115,115,6,0.5153176838464993,0.41017740314722617,26,interleaved
26116,116,6,0.5323119560195079,0.58807023136992,26,interleaved
26117,117,6,0.5624915762584893,0.46974637654830664,26,interleaved
26118,118,6,0.8254760599137309,0.528307693285902,26,interleaved
26119,119,6,0.597417671185022,0.5099482835838672,26,interleaved
26120,120,6,0.3597014360922464,0.4713799698790315,26,interleaved
26121,121,6,0.25679307697121584,0.3450981114174881,26,interleaved
26122,122,6,0.556669654996168,0.39562567494603884,26,interleaved
26123,123,6,0.723098693383531,0.419701152639689,26,interleaved
26124,124,6,0.36366880487779174,0.4626984369207448,26,interleaved
26125,125,6,0.15369688031958012,0.6111057432427403,26,interleaved
26126,126,6,0.5822021279602397,0.43060477145187886,26,interleaved
26127,127,6,0.643409581956103,0.42913386732374986,26,interleaved
26128,128,6,0.40166291341386573,0.44837358232142166,26,interleaved
26129,129,6,0.47447728379748094,0.3604933250822548,26,interleaved
26130,130,6,0.8881295174793606,0.4976018859225644,26,interleaved
26131,131,6,0.4421735530305918,0.40386043018539847,26,interleaved
26132,132,6,0.10389967021940799,0.5135061983696712,26,interleaved
26133,133,6,0.5295560888606181,0.5007768603454668,26,interleaved
26134,134,6,0.808042187970984,0.2738551728100379,26,interleaved
26135,135,6,0.5340014767384827,0.4274952387400902,26,interleaved
26136,136,6,0.22852909942941876,0.5189437384349385,26,interleaved
26137,137,6,0.5989203996247686,0.3705801867399733,26,interleaved
26138,138,6,0.8238876381686776,0.37343194309896754,26,interleaved
26139,139,6,0.6270939570711811,0.5338531993666142,26,interleaved
26140,140,6,0.22482736001232345,0.4381437335207602,26,interleaved
26141,141,6,0.3989372602712194,0.3509896909964326,26,interleaved
26142,142,6,0.6372394256537663,0.3597313487979287,26,interleaved
26143,143,6,0.6819542123607112,0.5149394290841367,26,interleaved
26144,144,6,0.7448645458836307,0.31770906722805614,26,interleaved
26145,145,6,0.2762100163939467,0.41650934258888733,26,interleaved
26146,146,6,0.19229317408572816,0.5440929392833671,26,interleaved
26147,147,6,0.2620299850409692,0.4474515236282647,26,interleaved
26148,148,6,0.17785435663383942,0.5126618057864519,26,interleaved
26149,149,6,0.27214014282359056,0.5116576491651997,26,interleaved
26150,150,6,0.8121429577938198,0.339805776105265,26,interleaved
26151,151,6,0.5143619575412526,0.36541999805959846,26,interleaved
26152,152,6,0.6910484554907399,0.3093392224018279,26,interleaved
26153,153,6,0.5069347402744868,0.4455784724534615,26,interleaved
26154,154,6,0.7458560354979382,0.3599812235343238,26,interleaved
26155,155,6,0.4339106126617773,0.42073954166425764,26,interleaved
26156,156,6,0.2752664990102055,0.6088841080011762,26,interleaved
26157,157,6,0.42521083592091213,0.5070584411355374,26,interleaved
26158,158,6,0.8327097547999853,0.6235189009079427,26,interleaved
26159,159,6,0.4503989884020999,0.5797074028516636,26,interleaved
26160,160,6,0.3621321901171539,0.4406797676670442,26,interleaved
26161,161,6,0.6783205812067401,0.5323210704286543,26,interleaved
26162,162,6,0.49864640048330644,0.458461735572841,26,interleaved
26163,163,6,0.49196191478923723,0.4036536254770565,26,interleaved
26164,164,6,0.45172977698867595,0.38372141756348543,26,interleaved
26165,165,6,0.6003279993046964,0.3429340745122148,26,interleaved
26166,166,6,0.7929861962354385,0.5599152949045376,26,interleaved
26167,167,6,0.30676651525035603,0.35393659741448213,26,interleaved
26168,168,6,0.12345058710147522,0.5258838605721995,26,interleaved
26169,169,6,0.4884110316132828,0.46500210569509415,26,interleaved
26170,170,6,0.451818379540009,0.5278198898610573,26,interleaved
26171,171,6,0.71071058019361,0.47047799320945016,26,interleaved
26172,172,6,0.34270044529788046,0.5061072919052578,26,interleaved
26173,173,6,0.3621314241673751,0.4321133002134139,26,interleaved
26174,174,6,0.673649889230515,0.47059283595602247,26,interleaved
26175,175,6,0.5987386696597164,0.47317191792519914,26,interleaved
26176,176,6,0.6488619690828206,0.4054403774683175,26,interleaved
26177,177,6,0.6250735431416955,0.4654943726659971,26,interleaved
26178,178,6,0.3957618964785956,0.43468651132152875,26,interleaved
26179,179,6,0.44752625515881617,0.30321691764654973,26,interleaved
26180,180,6,0.4351835458206119,0.38281356627075835,26,interleaved
26181,181,6,0.5300789854851498,0.47148533410960575,26,interleaved
26182,182,6,0.5725091350316643,0.41487315852326995,26,interleaved
26183,183,6,0.4938568229077628,0.4315979338394055,26,interleaved
26184,184,6,0.45050931280661455,0.5231514241167872,26,interleaved
26185,185,6,0.38053896810018395,0.43379488919013776,26,interleaved
26186,186,6,0.6040639304258277,0.34187964738320953,26,interleaved
26187,187,6,0.44415739256929765,0.4280227209555937,26,interleaved
26188,188,6,0.5335910441797626,0.5613020517552947,26,interleaved
26189,189,6,0.4415830242655021,0.4016373125040755,26,interleaved
26190,190,6,0.5659329253479791,0.4601797994474037,26,interleaved
26191,191,6,0.5216870255083339,0.4881877645551463,26,interleaved
26192,192,6,0.4376063282267525,0.44157051324082053,26,interleaved
26193,193,6,0.3884722066951133,0.4634522668627866,26,interleaved
26194,194,6,0.45506246474415607,0.40573964646642086,26,interleaved
26195,195,6,0.46012544181417725,0.42687755211238704,26,interleaved
26196,196,6,0.5248254574694791,0.46270080169031336,26,interleaved
26197,197,6,0.4135466534377113,0.40183838406630823,26,interleaved
26198,198,6,0.4985260388682514,0.4187329972481413,26,interleaved
26199,199,6,0.5356983700779445,0.5894686543719815,26,interleaved
26200,0,0,0.8372315160845041,0.5327956247854952,26,blocked
26201,1,0,0.08338576165089504,0.601119910296573,26,blocked
26202,2,0,0.9326096136511424,0.5533389850201222,26,blocked
26203,3,0,0.29863523898550126,0.6379323509595097,26,blocked
26204,4,0,0.902950309107512,0.33676184540984055,26,blocked
26205,5,0,0.9089970167149821,0.416526918756521,26,blocked
26206,6,0,0.17222873419401433,0.498107767114207,26,blocked
26207,7,0,0.8467579223646449,0.40001788511731096,26,blocked
26208,8,0,0.8422551819841514,0.4686568287218961,26,blocked
26209,9,0,0.8385664488408173,0.3613070288693561,26,blocked
26210,10,0,0.2691824692273088,0.4342804685381163,26,blocked
26211,11,0,0.2590966351952279,0.38802955425020647,26,blocked
26212,12,0,0.2865128080291539,0.5931251203827137,26,blocked
26213,13,0,0.3429678512602932,0.5023054729124617,26,blocked
26214,14,0,0.4183100539355005,0.5964080983909852,26,blocked
26215,15,0,0.8027756362908479,0.32903119231597167,26,blocked
26216,16,0,0.7683901353731724,0.33902764398215324,26,blocked
26217,17,0,0.3961578585807087,0.4332847335968165,26,blocked
26218,18,0,0.38740573478840185,0.39023296052526196,26,blocked
26219,19,0,0.7469104892275431,0.45654090756568966,26,blocked
26220,20,0,0.6554178296938745,0.481129137663435,26,blocked
26221,21,0,0.36528201341030364,0.4728868166647233,26,blocked
26222,22,0,0.7768470526767005,0.4187009505528141,26,blocked
26223,23,0,0.4521044970648198,0.4456898903596622,26,blocked
26224,24,0,0.36724893323643204,0.6501708074087692,26,blocked
26225,25,0,0.40960243423268344,0.4576016731094641,26,blocked
26226,26,0,0.47557057866461494,0.4129443281910693,26,blocked
26227,27,0,0.578276391883876,0.4053286328037625,26,blocked
26228,28,0,0.612301392822707,0.45262156787859475,26,blocked
26229,29,0,0.6761600020340337,0.5200825358227094,26,blocked
26230,30,0,0.7525736579570846,0.5239631380581382,26,blocked
26231,31,0,0.7223183303893341,0.3695750180352926,26,blocked
26232,32,0,0.6705827190582244,0.3579056807290397,26,blocked
26233,33,0,0.5810852054980804,0.44252254972288635,26,blocked
26234,34,0,0.7658677577072279,0.5263673765075292,26,blocked
26235,35,0,0.7668879534137467,0.4622633710196758,26,blocked
26236,36,0,0.48346018613253905,0.6025332160359304,26,blocked
26237,37,0,0.9222345188897452,0.5262266106617859,26,blocked
26238,38,0,0.7578249641034258,0.47557126549243894,26,blocked
26239,39,0,0.5313164557921628,0.39289645142082075,26,blocked
26240,40,0,0.5511490191139179,0.3941405251483051,26,blocked
26241,41,0,0.3439953509762068,0.48122117370958595,26,blocked
26242,42,0,0.5593724825688288,0.4755961971174959,26,blocked
26243,43,0,0.38280185575998266,0.4117332341562775,26,blocked
26244,44,0,0.4052242076178793,0.6071431240081453,26,blocked
26245,45,0,0.37168657762681645,0.4810942759353396,26,blocked
26246,46,0,0.3494150681291365,0.5490139070272585,26,blocked
26247,47,0,0.6591210066932591,0.5179841673878152,26,blocked
26248,48,0,0.6564459109687535,0.41937887336269286,26,blocked
26249,49,0,0.27349163528496195,0.5411863207281555,26,blocked
26250,50,0,0.5557130695449656,0.5403164769357359,26,blocked
26251,51,0,0.3710357781284772,0.578900337699428,26,blocked
26252,52,0,0.31104206450206817,0.3320575440463886,26,blocked
26253,53,0,0.32498735824730113,0.5437855663980258,26,blocked
26254,54,0,0.5622757194351133,0.5147422002934854,26,blocked
26255,55,0,0.4352676941781879,0.4138539951336836,26,blocked
26256,56,0,0.27756928021416044,0.42157654662319605,26,blocked
26257,57,0,0.22758340765043522,0.44901731337065065,26,blocked
26258,58,0,0.6451842499023508,0.416665687214172,26,blocked
26259,59,0,0.4592152752872081,0.42418464802068234,26,blocked
26260,60,0,0.4102601797649792,0.391819950351723,26,blocked
26261,61,0,0.49415713577668674,0.31629033023277914,26,blocked
26262,62,0,0.40196656483475735,0.4482324336552477,26,blocked
26263,63,0,0.6425447399402227,0.4280011038462247,26,blocked
26264,64,0,0.48775052993205825,0.5932457746634725,26,blocked
26265,65,0,0.5290454968336866,0.38145952415429507,26,blocked
26266,66,0,0.23973324498247037,0.4985898474566103,26,blocked
26267,67,0,0.44772035187515713,0.41861095009767735,26,blocked
26268,68,0,0.4531596327480287,0.32449142793165914,26,blocked
26269,69,0,0.7120016935424812,0.3105698023902521,26,blocked
26270,70,0,0.2818802161956816,0.6012643526127802,26,blocked
26271,71,0,0.3512766755500659,0.5560406293887337,26,blocked
26272,72,0,0.2020058419257292,0.676919346786248,26,blocked
26273,73,0,0.2783488710209037,0.43362594372414837,26,blocked
26274,74,0,0.38748501576753125,0.36593876252407653,26,blocked
26275,75,0,0.32741206749816426,0.5133720092519902,26,blocked
26276,76,0,0.7079779855148892,0.47776183411121786,26,blocked
26277,77,0,0.31896582124501505,0.3609339476297605,26,blocked
26278,78,0,0.644395637241401,0.33675774352416266,26,blocked
26279,79,0,0.3656891879167978,0.38404173292501226,26,blocked
26280,80,0,0.5400564420172198,0.40127884767976263,26,blocked
26281,81,0,0.7741475209931392,0.3354888424641814,26,blocked
26282,82,0,0.29944550290965044,0.3879662168758221,26,blocked
26283,83,0,0.4887454866496498,0.3925996574771728,26,blocked
26284,84,0,0.5883457390111695,0.46163114565783847,26,blocked
26285,85,0,0.6231982924562889,0.4534638453390202,26,blocked
26286,86,0,0.7614321638779535,0.41358061017649106,26,blocked
26287,87,0,0.7242621873449724,0.44817342538526816,26,blocked
26288,88,0,0.6756572792294666,0.5283627060089888,26,blocked
26289,89,0,0.6046523882466367,0.34067876605533987,26,blocked
26290,90,0,0.5876825476684331,0.4223779424664159,26,blocked
26291,91,0,0.6818026277594623,0.3783842483014346,26,blocked
26292,92,0,0.5110970728814448,0.6126784986754009,26,blocked
26293,93,0,0.605001040082387,0.3124606680894316,26,blocked
26294,94,0,0.5553752955132267,0.4384406598145868,26,blocked
26295,95,0,0.6299446609398893,0.35670140365001335,26,blocked
26296,96,0,0.5477228411929801,0.43272525724550004,26,blocked
26297,97,0,0.5318591630514306,0.49111946893843617,26,blocked
26298,98,0,0.4996876875251515,0.4654151275584178,26,blocked
26299,99,0,0.7932893656821136,0.4753704259254568,26,blocked
26300,100,0,0.5457729654111052,0.44150193460679754,26,blocked
26301,101,0,0.6959389706608722,0.4629858343397962,26,blocked
26302,102,0,0.7128875238282539,0.5819046038347659,26,blocked
26303,103,0,0.8288750414191878,0.43109942332819184,26,blocked
26304,104,0,0.7047652448324202,0.5244971945692012,26,blocked
26305,105,0,0.5025194526693773,0.324301244444145,26,blocked
26306,106,0,0.43267402970312296,0.5121445792729784,26,blocked
26307,107,0,0.8160144264143674,0.4935429931223587,26,blocked
26308,108,0,0.4957404832136072,0.36836842091556166,26,blocked
26309,109,0,0.7383923425354474,0.4114113340266271,26,blocked
26310,110,0,0.5020064287918753,0.40882270121860004,26,blocked
26311,111,0,0.8229934401721799,0.3293650430479248,26,blocked
26312,112,0,0.7015053119664891,0.36686334894398864,26,blocked
26313,113,0,0.5453546013197481,0.32817516496822974,26,blocked
26314,114,0,0.34136727501937286,0.44343427078557,26,blocked
26315,115,0,0.5456874274132951,0.4217833534667011,26,blocked
26316,116,0,0.5894126527358838,0.3578066221618995,26,blocked
26317,117,0,0.4020325347781616,0.542467748852436,26,blocked
26318,118,0,0.5021429480911874,0.46760318046464455,26,blocked
26319,119,0,0.2789215216713117,0.5526273135118325,26,blocked
26320,120,0,0.3398771939627174,0.3063904789035887,26,blocked
26321,121,0,0.32707841842377133,0.41426221223438003,26,blocked
26322,122,0,0.6041839923703359,0.32698941618910426,26,blocked
26323,123,0,0.5342989086578702,0.3507248108478573,26,blocked
26324,124,0,0.6303723113137287,0.44968056059515754,26,blocked
26325,125,0,0.435472870068996,0.4299965940098698,26,blocked
26326,126,0,0.6882873901913797,0.47035810111618115,26,blocked
26327,127,0,0.35481836794492316,0.4530535554266131,26,blocked
26328,128,0,0.6120617679116561,0.3628584370712369,26,blocked
26329,129,0,0.5026956494612573,0.3793731143651555,26,blocked
26330,130,0,0.4465259871384559,0.3549309714770963,26,blocked
26331,131,0,0.2698866873896698,0.36649428862646993,26,blocked
26332,132,0,0.5181872459254835,0.44030054012883996,26,blocked
26333,133,0,0.5384582141254719,0.4963387133163488,26,blocked
26334,134,0,0.49310227165722087,0.41335824891912193,26,blocked
26335,135,0,0.3790241892212659,0.41885476144130096,26,blocked
26336,136,0,0.6693054489909078,0.45769895911232106,26,blocked
26337,137,0,0.452940319390426,0.40774252048788884,26,blocked
26338,138,0,0.45013423473916947,0.36383151643284795,26,blocked
26339,139,0,0.7023893185379146,0.40785418115771016,26,blocked
26340,140,0,0.4317842095201177,0.40147143328077983,26,blocked
26341,141,0,0.6361979238887914,0.3124737022490899,26,blocked
26342,142,0,0.28823505912327496,0.34042665788927035,26,blocked
26343,143,0,0.26063366322941456,0.4226356975253303,26,blocked
26344,144,0,0.3782340669833338,0.4694317307553754,26,blocked
26345,145,0,0.3734342308652503,0.46390192463274194,26,blocked
26346,146,0,0.6684949351645096,0.31591449546042205,26,blocked
26347,147,0,0.3771864554789885,0.3915476110335181,26,blocked
26348,148,0,0.6440188672484621,0.34544049064366406,26,blocked
26349,149,0,0.4345305374610723,0.5052147995573141,26,blocked
26350,150,0,0.6841225006219002,0.4835664638883823,26,blocked
26351,151,0,0.3090523019704171,0.5084122123740369,26,blocked
26352,152,0,0.5127084876214887,0.48108204819349687,26,blocked
26353,153,0,0.3983787872315256,0.40520397410611986,26,blocked
26354,154,0,0.39844536316924867,0.4660943119806413,26,blocked
26355,155,0,0.5353518403479187,0.4535559969164383,26,blocked
26356,156,0,0.5106416006859241,0.4559636710957834,26,blocked
26357,157,0,0.39092129748958265,0.5064286521153398,26,blocked
26358,158,0,0.6010094934561958,0.3605030739374241,26,blocked
26359,159,0,0.5260937678176758,0.4565929440899622,26,blocked
26360,160,0,0.18838258454667556,0.44878058659042486,26,blocked
26361,161,0,0.4841831248147237,0.393577185844427,26,blocked
26362,162,0,0.8245773106647749,0.43659721919913763,26,blocked
26363,163,0,0.3730024127450188,0.5332630303270638,26,blocked
26364,164,0,0.48059809821375565,0.5435612921350176,26,blocked
26365,165,0,0.37163430683124843,0.4155610282246688,26,blocked
26366,166,0,0.42477487576562173,0.3387586885036842,26,blocked
26367,167,0,0.45648859900397776,0.3902900876403371,26,blocked
26368,168,0,0.39880065568826284,0.38267204360455076,26,blocked
26369,169,0,0.31158226971390596,0.5147685893999705,26,blocked
26370,170,0,0.3945242120351052,0.3561254040876094,26,blocked
26371,171,0,0.5634858498145143,0.3438643298212186,26,blocked
26372,172,0,0.39697827954608134,0.48670287717564953,26,blocked
26373,173,0,0.6075690910853285,0.36119054215847946,26,blocked
26374,174,0,0.6258877578844066,0.5182382027224002,26,blocked
26375,175,0,0.452160435407616,0.46208677590840863,26,blocked
26376,176,0,0.5971769191611301,0.41090423685759503,26,blocked
26377,177,0,0.3829239601027834,0.39363790352390704,26,blocked
26378,178,0,0.3563057188471644,0.38835402162864785,26,blocked
26379,179,0,0.7585664430836387,0.44753035356043325,26,blocked
26380,180,0,0.39871093847623074,0.4511848984775466,26,blocked
26381,181,0,0.4667591572924987,0.37539101034154887,26,blocked
26382,182,0,0.6615155409996903,0.4075375912729631,26,blocked
26383,183,0,0.34783814709814626,0.6520362802473509,26,blocked
26384,184,0,0.5741225719887082,0.3915364039227066,26,blocked
26385,185,0,0.37376636647946715,0.4243393449645334,26,blocked
26386,186,0,0.5119275959461997,0.3926032620501575,26,blocked
26387,187,0,0.5200880903379612,0.36412347650891347,26,blocked
26388,188,0,0.48767725187019373,0.46505166769970174,26,blocked
26389,189,0,0.8569994281408153,0.3752519450899866,26,blocked
26390,190,0,0.8409331045656815,0.31628345421239135,26,blocked
26391,191,0,0.34105340363626313,0.4577340485176405,26,blocked
26392,192,0,0.3320404470973528,0.3964830375091989,26,blocked
26393,193,0,0.6797069010418406,0.3968391420469064,26,blocked
26394,194,0,0.8256713713634061,0.44913404460911577,26,blocked
26395,195,0,0.3783312899618533,0.523315864419122,26,blocked
26396,196,0,0.23908294167173286,0.47862715373207243,26,blocked
26397,197,0,0.3967091205411606,0.35973264430819907,26,blocked
26398,198,0,0.7842166428163913,0.4958614674846399,26,blocked
26399,199,0,0.2732404622826665,0.38338321006674625,26,blocked
26400,0,0,0.9113232524557772,0.5068456558276603,26,early
26401,1,0,0.024041921167815145,0.6871161263130232,26,early
26402,2,0,0.9488625360983554,0.5197483790241684,26,early
26403,3,0,0.055376044469661635,0.6272565004466699,26,early
26404,4,0,0.041453377109649026,0.7033457299323846,26,early
26405,5,0,0.013817532890987175,0.7061901699484645,26,early
26406,6,1,0.5240337030693452,0.7365627404492121,26,early
26407,7,0,0.9438300774668169,0.4054058280433537,26,early
26408,8,0,0.9699128495212977,0.5193373707036575,26,early
26409,9,0,0.11039413825009593,0.7447626543457428,26,early
26410,10,0,0.9712476702735372,0.4135562301430847,26,early
26411,11,0,0.7716896044962578,0.6251986185619115,26,early
26412,12,0,0.9606462398174249,0.4870713930148855,26,early
26413,13,0,0.1857656280801923,0.6672184854300476,26,early
26414,14,0,0.9556873893969929,0.3573305312265287,26,early
26415,15,0,0.9010685277040413,0.6038629971046174,26,early
26416,16,0,0.04605664664829886,0.5046113225983324,26,early
26417,17,0,0.06536270569875065,0.579617003066615,26,early
26418,18,0,0.09678268477655663,0.5265993883816225,26,early
26419,19,0,0.8978506915311111,0.4244577785409336,26,early
26420,20,0,0.9587139001748903,0.5045084362776768,26,early
26421,21,0,0.9253721289785214,0.6085037787343925,26,early
26422,22,0,0.8933144441730081,0.38224561671799784,26,early
26423,23,0,0.923987596869566,0.4867220372824772,26,early
26424,24,0,0.04839728135198116,0.5052105473425939,26,early
26425,25,0,0.04886739169516634,0.43191613164966847,26,early
26426,26,0,0.9339081071491033,0.47597274200573314,26,early
26427,27,0,0.807764019672527,0.4431015620890483,26,early
26428,28,0,0.059855994238576925,0.5132390225151305,26,early
26429,29,0,0.057197712854665544,0.42020056217126084,26,early
26430,30,0,0.10381571205494348,0.38705898279397144,26,early
26431,31,0,0.05894918621978554,0.5265588631608658,26,early
26432,32,0,0.8981641743086592,0.40708301880794706,26,early
26433,33,0,0.9585182090776219,0.4790631956082997,26,early
26434,34,0,0.8464173237939441,0.6566351365976775,26,early
26435,35,0,0.9587637047824705,0.4029507169208142,26,early
26436,36,0,0.10734500959085508,0.6026870526365677,26,early
26437,37,0,0.8732724268502454,0.41993194219202856,26,early
26438,38,0,0.8829168547228988,0.4264088996254358,26,early
26439,39,0,0.928763982396023,0.45292195027592075,26,early
26440,40,0,0.5539906139600257,0.4493787061853665,26,early
26441,41,0,0.44174003535826695,0.41965468060392463,26,early
26442,42,0,0.5237083971639297,0.5358090752878756,26,early
26443,43,0,0.47247171249106684,0.4868280591069522,26,early
26444,44,0,0.6247523644424182,0.45026944359182386,26,early
26445,45,0,0.548054951367156,0.5665990198822252,26,early
26446,46,0,0.5182148765232778,0.49921145884581614,26,early
26447,47,0,0.44048896839208784,0.44617306341654467,26,early
26448,48,0,0.41794709373999106,0.4359322593920649,26,early
26449,49,0,0.5641085184295591,0.5462009372881951,26,early
26450,50,0,0.5243246699795951,0.38710636706424084,26,early
26451,51,0,0.6038412252610174,0.5004377465938206,26,early
26452,52,0,0.3548964897032618,0.4549809628383835,26,early
26453,53,0,0.525551166437932,0.4830020706487255,26,early
26454,54,0,0.6951533295502985,0.540578019991957,26,early
26455,55,0,0.5512031004819758,0.38907178892922156,26,early
26456,56,0,0.5386365362929971,0.35159538795080947,26,early
26457,57,0,0.5911515057011905,0.5887545247744159,26,early
26458,58,0,0.5585970722011099,0.4571124085404883,26,early
26459,59,0,0.4313226986660097,0.3494300395190356,26,early
26460,60,0,0.4618302696728841,0.4801042755834213,26,early
26461,61,0,0.4834897124473179,0.4311539993692647,26,early
26462,62,0,0.5433951522278851,0.4864148176156725,26,early
26463,63,0,0.4632560290507952,0.4073266384068597,26,early
26464,64,0,0.6822261891109855,0.4315054926311055,26,early
26465,65,0,0.5292179615030075,0.4868817170263251,26,early
26466,66,0,0.6884105894658239,0.45489236242142644,26,early
26467,67,0,0.6541244678644339,0.45207716391437314,26,early
26468,68,0,0.6186551146335849,0.4072635704624907,26,early
26469,69,0,0.519271975576946,0.5004385828068618,26,early
26470,70,0,0.47486142839852563,0.4653508887760609,26,early
26471,71,0,0.5160967508562595,0.3122045956733854,26,early
26472,72,0,0.41208365306525974,0.3655890734859688,26,early
26473,73,0,0.7852189262183091,0.5459011624033334,26,early
26474,74,0,0.5548340217370477,0.45287769844253273,26,early
26475,75,0,0.5739781785896232,0.368052559781203,26,early
26476,76,0,0.34936778886086145,0.49370924082227263,26,early
26477,77,0,0.41659860066825016,0.4674263328342896,26,early
26478,78,0,0.6549227016924517,0.3835393263017287,26,early
26479,79,0,0.649004352768431,0.37256878305202734,26,early
26480,80,0,0.7325389190231846,0.3951089883417952,26,early
26481,81,0,0.5727630004994064,0.5039094012144294,26,early
26482,82,0,0.17358438759518569,0.5471379264490617,26,early
26483,83,0,0.5341601719077559,0.4032890667908433,26,early
26484,84,0,0.3860490312327292,0.3829799892066793,26,early
26485,85,0,0.5776092577400882,0.4460313818254199,26,early
26486,86,0,0.2064085435898717,0.577231351062377,26,early
26487,87,0,0.7445415999408462,0.5466604551171813,26,early
26488,88,0,0.4600102148329419,0.4546951543772262,26,early
26489,89,0,0.3498321764882582,0.5367671186752059,26,early
26490,90,0,0.4888997204447836,0.45620165548606983,26,early
26491,91,0,0.602492413627455,0.4757526853957395,26,early
26492,92,0,0.3976620862279311,0.461658049731519,26,early
26493,93,0,0.6817952812037132,0.48679340095327694,26,early
26494,94,0,0.41336299474537375,0.5547381944740604,26,early
26495,95,0,0.36398631478962523,0.5013721065179766,26,early
26496,96,0,0.21512013760940918,0.49561177020497627,26,early
26497,97,0,0.3347666113547588,0.45265248944573716,26,early
26498,98,0,0.5223743290058762,0.4101373183483489,26,early
26499,99,0,0.5674169655935346,0.3192335964809125,26,early
26500,100,0,0.6815129471856832,0.5550866167764186,26,early
26501,101,0,0.6418104340674702,0.45486834017016864,26,early
26502,102,0,0.8599254702170624,0.619080393287085,26,early
26503,103,0,0.4536498985661138,0.3469139500527715,26,early
26504,104,0,0.7328495715487571,0.41851731141962517,26,early
26505,105,0,0.38549005953939275,0.3064647198340018,26,early
26506,106,0,0.6699268733216275,0.5013514558453601,26,early
26507,107,0,0.4936535306027573,0.29166255274032854,26,early
26508,108,0,0.5440592975148728,0.49789660435715766,26,early
26509,109,0,0.5631096505499503,0.4238753165988195,26,early
26510,110,0,0.21733180426249046,0.7480891316756825,26,early
26511,111,0,0.4297388562390331,0.40237722926439434,26,early
26512,112,0,0.6173780119464715,0.38157744153311035,26,early
26513,113,0,0.5642312133478968,0.43709997986716315,26,early
26514,114,0,0.6635996705311307,0.4285200189934737,26,early
26515,115,0,0.5057953052159037,0.40942987214972226,26,early
26516,116,0,0.17797271893729222,0.5119430052784497,26,early
26517,117,0,0.4774113602841981,0.46908654792300886,26,early
26518,118,0,0.48655461358688556,0.44856205424609696,26,early
26519,119,0,0.6720300046763577,0.46823346638969054,26,early
26520,120,0,0.33873692841533554,0.44890564517837306,26,early
26521,121,0,0.32500302915117196,0.39646534344363693,26,early
26522,122,0,0.648953613833304,0.35922848772987287,26,early
26523,123,0,0.7564278115305867,0.4878259205763553,26,early
26524,124,0,0.2529596401905675,0.5320164744262454,26,early
26525,125,0,0.6434570487486695,0.47648905947817155,26,early
26526,126,0,0.5878192534983425,0.4594510993364318,26,early
26527,127,0,0.4346577650075911,0.5823852365529949,26,early
26528,128,0,0.450551291175497,0.4130337362385107,26,early
26529,129,0,0.7863622548647831,0.4898420926559732,26,early
26530,130,0,0.5385769321150304,0.5689006435076922,26,early
26531,131,0,0.44338948749916374,0.36442402405154806,26,early
26532,132,0,0.635109881817933,0.3688084533841758,26,early
26533,133,0,0.31722209493782544,0.5556393059788485,26,early
26534,134,0,0.7522485305400821,0.4433713487481708,26,early
26535,135,0,0.45438990907024795,0.4727413418046697,26,early
26536,136,0,0.7937954570886019,0.3735744919565387,26,early
26537,137,0,0.3099426342046178,0.47352274361492497,26,early
26538,138,0,0.3261068427408367,0.41984041455041393,26,early
26539,139,0,0.41906920270364134,0.45825065297120254,26,early
26540,140,0,0.7693767350414055,0.583574204547525,26,early
26541,141,0,0.5819901344072049,0.49744328050699743,26,early
26542,142,0,0.5624630592863058,0.3282195778560376,26,early
26543,143,0,0.5337296395334435,0.5071048800585756,26,early
26544,144,0,0.2059043730535053,0.4423728349672822,26,early
26545,145,0,0.4793900383080957,0.31456713269337566,26,early
26546,146,0,0.42232714092245627,0.562913697615569,26,early
26547,147,0,0.6106901493212014,0.5031553628713299,26,early
26548,148,0,0.4002715973707366,0.4711703235778653,26,early
26549,149,0,0.3729226130022374,0.3517816470918753,26,early
26550,150,0,0.6086873381786732,0.6164390512528,26,early
26551,151,0,0.2822788654077443,0.38012283690490745,26,early
26552,152,0,0.6952669247501092,0.4076646465888848,26,early
26553,153,0,0.5929093326419197,0.47933016339903617,26,early
26554,154,0,0.30211650936374684,0.5673109604046018,26,early
26555,155,0,0.5037966459751867,0.3267848938100658,26,early
26556,156,0,0.3647741311347237,0.3891477442360245,26,early
26557,157,0,0.659673567779488,0.6144376875901487,26,early
26558,158,0,0.5155896609091462,0.3953914351040787,26,early
26559,159,0,0.6853420665258625,0.3275193498704387,26,early
26560,160,0,0.7200811875024251,0.3800138040305291,26,early
26561,161,0,0.45654677098365637,0.5311375197344506,26,early
26562,162,0,0.32210513339683056,0.5323095891912322,26,early
26563,163,0,0.19749892730776908,0.5710981107744506,26,early
26564,164,0,0.6225317624891812,0.2989278245856515,26,early
26565,165,0,0.5067479850654998,0.38643612877217304,26,early
26566,166,0,0.4632910194851878,0.39912596135175993,26,early
26567,167,0,0.7079749393970127,0.4214476126309466,26,early
26568,168,0,0.6513512542433744,0.39468184409118,26,early
26569,169,0,0.4752102171424046,0.2696037714064099,26,early
26570,170,0,0.2106995024976958,0.4446571074397769,26,early
26571,171,0,0.4886509714130266,0.4092513508625251,26,early
26572,172,0,0.7100490367549198,0.39407202447874695,26,early
26573,173,0,0.39896569080665095,0.44634953686203965,26,early
26574,174,0,0.44562512203429216,0.36645208212944513,26,early
26575,175,0,0.4021073860081958,0.34696052706800706,26,early
26576,176,0,0.4385391079265213,0.4299531086074223,26,early
26577,177,0,0.626599711695976,0.42200823292168876,26,early
26578,178,0,0.49174510736650845,0.35441374637189116,26,early
26579,179,0,0.5703923542431352,0.3996135236692082,26,early
26580,180,0,0.8357912010086308,0.4796096449787761,26,early
26581,181,0,0.5193853555606951,0.4029617735127268,26,early
26582,182,0,0.21257411424488823,0.4023812934537231,26,early
26583,183,0,0.5666120851074911,0.4311344287814462,26,early
26584,184,0,0.8533391810416026,0.4203899362083895,26,early
26585,185,0,0.5225513186038013,0.3949821915156386,26,early
26586,186,0,0.5801912772401764,0.40707924671958756,26,early
26587,187,0,0.2886898376335628,0.32593721753749083,26,early
26588,188,0,0.6055227733550096,0.4924931870078377,26,early
26589,189,0,0.3289202014173736,0.3666769999974715,26,early
26590,190,0,0.5379711016579591,0.44711163428264256,26,early
26591,191,0,0.2087362802357782,0.3296971468611715,26,early
26592,192,0,0.45011363188103626,0.47461736846929836,26,early
26593,193,0,0.5817835718749891,0.368641365385011,26,early
26594,194,0,0.6764494620405683,0.5042292567623815,26,early
26595,195,0,0.5526750568904876,0.44597751562865007,26,early
26596,196,0,0.4804176496159766,0.2968693996036117,26,early
26597,197,0,0.15639688742025692,0.37886728882109644,26,early
26598,198,0,0.6596504705988679,0.594509170114344,26,early
26599,199,0,0.7240879485336456,0.4440578958714713,26,early
26600,0,0,0.17453316386100817,0.7417079968290395,26,middle
26601,1,0,0.4268681236372625,0.5493335358545774,26,middle
26602,2,0,0.8177754062194518,0.6782528355891038,26,middle
26603,3,0,0.5526862554250838,0.7399461640753923,26,middle
26604,4,0,0.10171691864190804,0.7967475087319955,26,middle
26605,5,0,0.5768119130918797,0.7017903431970794,26,middle
26606,6,0,0.8520292556444751,0.51070455474612,26,middle
26607,7,0,0.5791744361835676,0.3276377967388313,26,middle
26608,8,0,0.7614905347820343,0.49223321151796484,26,middle
26609,9,0,0.5056324268590686,0.6239148939407444,26,middle
26610,10,0,0.6877339614649984,0.535363770707129,26,middle
26611,11,0,0.5242181390611931,0.625366783060165,26,middle
26612,12,0,0.19687777593946929,0.719985154426343,26,middle
26613,13,0,0.469915759435904,0.6449895548240122,26,middle
26614,14,0,0.626948945170656,0.5161132134730456,26,middle
26615,15,0,0.5253424024746712,0.623491167587447,26,middle
26616,16,0,0.49508380979003164,0.5474567107506124,26,middle
26617,17,0,0.511939696325235,0.7103566271819803,26,middle
26618,18,0,0.37641512940670085,0.6145846694973535,26,middle
26619,19,0,0.5346795653485238,0.542284789454907,26,middle
26620,20,0,0.821280866773171,0.5460403135909269,26,middle
26621,21,0,0.4477849729600162,0.611070779921442,26,middle
26622,22,0,0.7231089864083329,0.7389257683409183,26,middle
26623,23,0,0.5645146172793585,0.5031386936055862,26,middle
26624,24,0,0.2648515643759851,0.6555849193927714,26,middle
26625,25,0,0.5707123585328382,0.5924229873288014,26,middle
26626,26,0,0.4310057145186692,0.5059601059499428,26,middle
26627,27,0,0.5579719217648352,0.4842025745231555,26,middle
26628,28,0,0.3771568308876966,0.5474747592600464,26,middle
26629,29,0,0.5444914783667811,0.4733452703529171,26,middle
26630,30,0,0.5309575126994732,0.523849204664105,26,middle
26631,31,0,0.6152145095788398,0.4056219998173046,26,middle
26632,32,0,0.37493153584093536,0.4395201050988061,26,middle
26633,33,0,0.591076878382268,0.517953856435623,26,middle
26634,34,0,0.42035278389679465,0.5439660475664714,26,middle
26635,35,0,0.34408359593472915,0.5924479489703218,26,middle
26636,36,0,0.5139572704557236,0.5065780342266664,26,middle
26637,37,0,0.4179124467051383,0.5523422275261007,26,middle
26638,38,0,0.5364633454086036,0.6382013527367547,26,middle
26639,39,0,0.2966159880927594,0.6325026821309873,26,middle
26640,40,0,0.5962267766036351,0.5155751359287092,26,middle
26641,41,0,0.5267565308838699,0.5828059636751571,26,middle
26642,42,0,0.4232291987857741,0.5489961735411466,26,middle
26643,43,0,0.4539196765187889,0.4575710827515814,26,middle
26644,44,0,0.4913496049818929,0.4590163084706593,26,middle
26645,45,0,0.2234076824735697,0.6086645490861236,26,middle
26646,46,0,0.4897243541656054,0.5101092143635055,26,middle
26647,47,0,0.4800489195648823,0.5577234629075809,26,middle
26648,48,0,0.4572316243956126,0.5471268845117202,26,middle
26649,49,0,0.49706146284959096,0.5915887277074613,26,middle
26650,50,0,0.47570394009029443,0.5101244269136527,26,middle
26651,51,0,0.4497133393541449,0.5321995662635444,26,middle
26652,52,0,0.38692647795899604,0.4873851547737643,26,middle
26653,53,0,0.46222406148529827,0.3853261716693974,26,middle
26654,54,0,0.5398577573550299,0.5103336907230276,26,middle
26655,55,0,0.623498367419896,0.5189663272388501,26,middle
26656,56,0,0.3407960370651177,0.517437505862336,26,middle
26657,57,0,0.5272822819426014,0.5403990961810117,26,middle
26658,58,0,0.40957283686209345,0.5784348838568585,26,middle
26659,59,0,0.5393374631158923,0.5783498466958423,26,middle
26660,60,0,0.499034593482183,0.6327968729513875,26,middle
26661,61,0,0.46820314266903695,0.45936707905374347,26,middle
26662,62,0,0.6804250669572902,0.4454633282400986,26,middle
26663,63,0,0.2038925399336915,0.5188086733231106,26,middle
26664,64,0,0.8284282042587945,0.5860486644455383,26,middle
26665,65,0,0.3748479965498218,0.4927726858692283,26,middle
26666,66,0,0.5645204491337814,0.4399817924835068,26,middle
26667,67,0,0.42662278924175057,0.3615143911255345,26,middle
26668,68,0,0.5234508994072211,0.4326625155102221,26,middle
26669,69,0,0.413596505464477,0.44821039953176717,26,middle
26670,70,0,0.7015613476996057,0.5585462796490784,26,middle
26671,71,0,0.5701869010412274,0.4540111171492869,26,middle
26672,72,0,0.5005288157780754,0.5548889534675183,26,middle
26673,73,0,0.7106703469679001,0.4937198889112303,26,middle
26674,74,0,0.40536010874202943,0.4623015824902984,26,middle
26675,75,0,0.6894694948459539,0.361697915107115,26,middle
26676,76,0,0.3708669231883645,0.4132077957958562,26,middle
26677,77,0,0.2980353090378821,0.43570592739439284,26,middle
26678,78,0,0.7044070220648134,0.5253456069248132,26,middle
26679,79,0,0.2851540790198667,0.5426654022298043,26,middle
26680,80,0,0.4899137819357331,0.4791875359363422,26,middle
26681,81,0,0.7113194803923855,0.5057870670784381,26,middle
26682,82,0,0.627695206086043,0.5659638246759288,26,middle
26683,83,0,0.5593781255833479,0.5219492457094066,26,middle
26684,84,0,0.35360012223709625,0.6984867954326508,26,middle
26685,85,0,0.6440429979975812,0.5490462683985335,26,middle
26686,86,0,0.35168781267218685,0.5560072202307134,26,middle
26687,87,0,0.6101022653313027,0.4572032966488543,26,middle
26688,88,0,0.7113157185301254,0.43118009402306534,26,middle
26689,89,0,0.27615706554294717,0.43367269037134354,26,middle
26690,90,0,0.720251535061069,0.3386663322411466,26,middle
26691,91,0,0.7680706363535983,0.3856508570982994,26,middle
26692,92,0,0.4327953755861068,0.34425377781877564,26,middle
26693,93,0,0.7994719746702229,0.4408270591535849,26,middle
26694,94,0,0.40364617291426186,0.603403906655902,26,middle
26695,95,0,0.6879643436797083,0.39618135935729615,26,middle
26696,96,0,0.8671954101010879,0.3398726766396812,26,middle
26697,97,0,0.3395963715350316,0.5886683650997686,26,middle
26698,98,0,0.19398750904864331,0.5342010981176701,26,middle
26699,99,0,0.26931316705762187,0.46324327177766755,26,middle
26700,100,0,0.6236104079782853,0.5528282004600825,26,middle
26701,101,0,0.4534896993993669,0.47934890528087803,26,middle
26702,102,0,0.4137890671659125,0.4711068003707261,26,middle
26703,103,0,0.3207134294387855,0.42677601414424093,26,middle
26704,104,0,0.3237128735819053,0.4939435036468523,26,middle
26705,105,0,0.3518008395277116,0.3535295048533576,26,middle
26706,106,0,0.562538710209379,0.3377246173470395,26,middle
26707,107,0,0.5483556046753262,0.4135578536327214,26,middle
26708,108,0,0.3677968816406907,0.5528246799786829,26,middle
26709,109,0,0.6997033278773194,0.3585048624003889,26,middle
26710,110,0,0.38995734115072866,0.5849631643268915,26,middle
26711,111,0,0.6275692728150168,0.46985301696204584,26,middle
26712,112,0,0.5937457179475838,0.4872706592698437,26,middle
26713,113,0,0.7871655932671526,0.4896182613990756,26,middle
26714,114,0,0.3568495594789185,0.3887821169489596,26,middle
26715,115,0,0.23064216248582214,0.5512339031994244,26,middle
26716,116,0,0.4513737875655174,0.6606471606695604,26,middle
26717,117,0,0.6046068237715857,0.43317009393394706,26,middle
26718,118,0,0.47479041268149647,0.521735593797996,26,middle
26719,119,0,0.7347980394669156,0.3362718775661564,26,middle
26720,120,0,0.5650291777031992,0.6549258106116455,26,middle
26721,121,0,0.5144072867268494,0.4380832093934437,26,middle
26722,122,0,0.41358701961007754,0.6053072508339147,26,middle
26723,123,0,0.8465491938219771,0.49486853660143815,26,middle
26724,124,0,0.3193945672577338,0.4809671077322616,26,middle
26725,125,0,0.6335723821141754,0.4742775139222963,26,middle
26726,126,0,0.5317892207249544,0.452345045330923,26,middle
26727,127,0,0.37796268180363224,0.4769119228653537,26,middle
26728,128,0,0.5001275242696962,0.441027912741231,26,middle
26729,129,0,0.7047971424037293,0.49973146000079355,26,middle
26730,130,0,0.5581070089152486,0.5635578004166597,26,middle
26731,131,0,0.3457553305957627,0.44855093956438,26,middle
26732,132,0,0.6014969551750791,0.4738776495330337,26,middle
26733,133,0,0.5307983092867563,0.38607093136195847,26,middle
26734,134,0,0.58675581579212,0.5540514840639451,26,middle
26735,135,0,0.7739344780079234,0.47250794376441807,26,middle
26736,136,0,0.17721773528217186,0.49470073504807444,26,middle
26737,137,0,0.342809813990554,0.40743048350826133,26,middle
26738,138,0,0.7769137993346844,0.417491086260979,26,middle
26739,139,0,0.5951882936701645,0.33382421981605204,26,middle
26740,140,0,0.3928050240989809,0.45228150440004106,26,middle
26741,141,0,0.4392671058798905,0.49374470144651855,26,middle
26742,142,0,0.5767520590158801,0.41864087360497976,26,middle
26743,143,0,0.27118514870060745,0.44047819750311995,26,middle
26744,144,0,0.5256873511945284,0.40988041177256396,26,middle
26745,145,0,0.12786586906730246,0.43233600743934764,26,middle
26746,146,0,0.6221681363343933,0.3897951271108316,26,middle
26747,147,0,0.7780222739138072,0.373977362826434,26,middle
26748,148,0,0.6563465042801775,0.3954144586431463,26,middle
26749,149,0,0.7189163634976814,0.26851671763887586,26,middle
26750,150,0,0.34023723674048206,0.48662711397197533,26,middle
26751,151,0,0.3536430627153744,0.4167351376573838,26,middle
26752,152,0,0.2949469935759803,0.5862407649272938,26,middle
26753,153,0,0.37847223670356267,0.39960973984297876,26,middle
26754,154,0,0.35866887074267834,0.4389427133454568,26,middle
26755,155,0,0.38713426024266506,0.3747943785829679,26,middle
26756,156,0,0.479481148730462,0.5831124422524259,26,middle
26757,157,0,0.5032357689836758,0.3889394224952507,26,middle
26758,158,0,0.3597101960490777,0.451365569663997,26,middle
26759,159,0,0.2005671296400877,0.5163556610447908,26,middle
26760,160,0,0.4511345399140274,0.5470826499898865,26,middle
26761,161,0,0.8197558407500878,0.4417863927273018,26,middle
26762,162,0,0.7636396381803381,0.4741198082755882,26,middle
26763,163,0,0.4217750387239101,0.46407752028536364,26,middle
26764,164,0,0.5911666714511978,0.5306130461070404,26,middle
26765,165,0,0.08308378737333147,0.38779119915086735,26,middle
26766,166,0,0.35264137157939773,0.42768708863495475,26,middle
26767,167,0,0.653490329827076,0.32720937105132153,26,middle
26768,168,0,0.6159360203630274,0.47539769859794295,26,middle
26769,169,0,0.3633055344419758,0.43568949790364264,26,middle
26770,170,0,0.24303216625894467,0.3244297186727667,26,middle
26771,171,0,0.7754140867554193,0.3767909155343845,26,middle
26772,172,0,0.3311138407091477,0.44419473378882524,26,middle
26773,173,0,0.7843760949162355,0.5269673018536878,26,middle
26774,174,0,0.28230358837411845,0.36308963252045023,26,middle
26775,175,0,0.5172069059849813,0.4387614224210999,26,middle
26776,176,0,0.5488871436576188,0.5094585367086908,26,middle
26777,177,0,0.6330338203557108,0.4019102891457828,26,middle
26778,178,0,0.45896595575462323,0.5665922727251367,26,middle
26779,179,0,0.26235449788849374,0.3877261615640477,26,middle
26780,180,0,0.6970991625644203,0.418349204480598,26,middle
26781,181,0,0.8004442497161979,0.4848595311411308,26,middle
26782,182,0,0.4088385899604266,0.6454490720986377,26,middle
26783,183,0,0.4196295158202413,0.46390641835908797,26,middle
26784,184,0,0.43134778313517486,0.7022905587819596,26,middle
26785,185,0,0.8033366920521079,0.5838780439049929,26,middle
26786,186,0,0.3522943619766349,0.49815482820487833,26,middle
26787,187,0,0.43835351318516413,0.6189713837182751,26,middle
26788,188,0,0.43171751648873147,0.33951823777730816,26,middle
26789,189,0,0.6706451385352823,0.514938060902302,26,middle
26790,190,0,0.4158552163770162,0.4861490187274668,26,middle
26791,191,0,0.3414670919770042,0.49374744491747224,26,middle
26792,192,0,0.5207564375255996,0.6243518149837848,26,middle
26793,193,0,0.32993872340189906,0.4610840344540754,26,middle
26794,194,0,0.3924170622235003,0.4263786634840322,26,middle
26795,195,0,0.5895355565332884,0.6816078640106583,26,middle
26796,196,0,0.543283757350907,0.4417633123319251,26,middle
26797,197,0,0.530297214388341,0.4861127376108213,26,middle
26798,198,0,0.5532048565015103,0.3240270691397315,26,middle
26799,199,0,0.6003697616127639,0.3213656743668265,26,middle
26800,0,0,0.6864030231039697,0.7163755057083709,26,late
26801,1,0,0.5519935649174526,0.5576091671736811,26,late
26802,2,1,0.38979178628665223,0.9961880179601379,26,late
26803,3,0,0.5328403515224548,0.49863398034725603,26,late
26804,4,0,0.7942311920486657,0.5146073093515751,26,late
26805,5,0,0.3872389896445256,0.6196037166993597,26,late
26806,6,0,0.27536582524164743,0.6363322822704651,26,late
26807,7,0,0.2748552853472269,0.6743810382659451,26,late
26808,8,0,0.6044045946127228,0.609073673083764,26,late
26809,9,0,0.4634439358600445,0.5957746818880922,26,late
26810,10,2,0.47433613690192755,1.1512347054222798,26,late
26811,11,0,0.7731809162444376,0.5291535772069234,26,late
26812,12,0,0.20455224395764537,0.6097294079588808,26,late
26813,13,0,0.4910861827155888,0.44293855667005316,26,late
26814,14,0,0.6768034525523817,0.4746732928312702,26,late
26815,15,0,0.5478129339814779,0.4863380094200477,26,late
26816,16,0,0.5582383308407368,0.5670659342307354,26,late
26817,17,0,0.6054942487328688,0.5217640394534173,26,late
26818,18,0,0.41396610652338606,0.5821889117650171,26,late
26819,19,0,0.4394811502226809,0.5109297517171176,26,late
26820,20,0,0.6543266353939858,0.5044601251462331,26,late
26821,21,0,0.2983341751004755,0.675537666096733,26,late
26822,22,0,0.5522206199520321,0.414217368339726,26,late
26823,23,2,0.3113217424196315,0.814685165529228,26,late
26824,24,0,0.6369332649058177,0.4275718546072638,26,late
26825,25,0,0.4890568741438224,0.5120063835551298,26,late
26826,26,0,0.3481591564109512,0.6178875942289179,26,late
26827,27,0,0.733327094339659,0.5941909473410381,26,late
26828,28,0,0.6329829318716589,0.3666526610314452,26,late
26829,29,0,0.3592880362010253,0.5455350485656018,26,late
26830,30,0,0.32283048121162883,0.4800386878469728,26,late
26831,31,0,0.5532518716650405,0.39565164454460294,26,late
26832,32,0,0.6496163138332487,0.2986296608043406,26,late
26833,33,0,0.51639178995528,0.6688642111442717,26,late
26834,34,0,0.5334009574014705,0.758448898771355,26,late
26835,35,0,0.39808346918651644,0.48364097065566003,26,late
26836,36,0,0.5294510214645824,0.5015112003967677,26,late
26837,37,0,0.5571567300542293,0.4041787555153945,26,late
26838,38,0,0.3689445875670992,0.5194568877172311,26,late
26839,39,0,0.47260680346433703,0.5959415875380933,26,late
26840,40,0,0.4510452785564303,0.5286316381866256,26,late
26841,41,0,0.35603473892706794,0.46232413962713875,26,late
26842,42,0,0.6926184196747531,0.4290230483609952,26,late
26843,43,0,0.294747621768204,0.5831471756286302,26,late
26844,44,0,0.6437449990716295,0.47831697657357597,26,late
26845,45,0,0.5940468553461328,0.42621816165682125,26,late
26846,46,0,0.7044572672400475,0.42871854029830997,26,late
26847,47,0,0.279190634469391,0.43895632155729297,26,late
26848,48,0,0.6067429460640146,0.48561009774077346,26,late
26849,49,0,0.5093761394074368,0.46734573939159785,26,late
26850,50,0,0.7730525198359113,0.44536729042029566,26,late
26851,51,0,0.33499329507627973,0.5151780189935176,26,late
26852,52,0,0.5115062835912622,0.4952888582831696,26,late
26853,53,0,0.3868436111244214,0.3291585559078356,26,late
26854,54,0,0.6696927777391063,0.5801629814318336,26,late
26855,55,0,0.7333521246874437,0.38925591740412235,26,late
26856,56,0,0.804023853668288,0.5250216855600152,26,late
26857,57,0,0.34554540642528375,0.46617751465689394,26,late
26858,58,0,0.226153688840726,0.3762113408421146,26,late
26859,59,0,0.615967483654136,0.45544978319343676,26,late
26860,60,0,0.7912872169567149,0.3707519874374753,26,late
26861,61,0,0.5271592856978207,0.4946787342572726,26,late
26862,62,0,0.49976346575083636,0.3376096289202905,26,late
26863,63,0,0.6313557897877861,0.49045647405826787,26,late
26864,64,0,0.7562774924331144,0.31240941734008015,26,late
26865,65,0,0.4167044976148392,0.4987407711662034,26,late
26866,66,0,0.43274290719056585,0.40595996730510886,26,late
26867,67,0,0.42650491803432283,0.416113811337201,26,late
26868,68,0,0.14551502234244212,0.46323173447004734,26,late
26869,69,0,0.5117557980793884,0.3685687454005041,26,late
26870,70,0,0.28032821747590747,0.3850788153939724,26,late
26871,71,0,0.3870665971385529,0.38666371091622126,26,late
26872,72,0,0.6811561943802698,0.2798444311585397,26,late
26873,73,0,0.5741740439724405,0.3404556938033212,26,late
26874,74,0,0.7014258385865528,0.5290099219826139,26,late
26875,75,0,0.5240754672871273,0.46445322786904975,26,late
26876,76,0,0.35460406849275133,0.4594432769629134,26,late
26877,77,0,0.5942251226232681,0.3962959821053259,26,late
26878,78,0,0.3799195684978538,0.3213492258769473,26,late
26879,79,0,0.3645965885561053,0.34147471544220503,26,late
26880,80,0,0.8302659906834916,0.3648035893339463,26,late
26881,81,0,0.8125443404209363,0.3756525578597266,26,late
26882,82,0,0.4310477307912369,0.5417532344117676,26,late
26883,83,0,0.6797290246265381,0.2553406584653356,26,late
26884,84,0,0.7219586181540282,0.4111152313016766,26,late
26885,85,0,0.33361774144958917,0.387120773403927,26,late
26886,86,0,0.22464327866615422,0.3797223298169564,26,late
26887,87,0,0.70360115908911,0.35905049634786135,26,late
26888,88,0,0.8263722635542226,0.3395363413400646,26,late
26889,89,0,0.8176052210768909,0.4541295779877551,26,late
26890,90,0,0.7719588174874694,0.34654986054703973,26,late
26891,91,0,0.5714432330361829,0.4339172756562353,26,late
26892,92,0,0.44641465985874196,0.4763387726757549,26,late
26893,93,0,0.25747566373662356,0.4860895311507166,26,late
26894,94,1,0.99845749919962,0.59566254683083,26,late
26895,95,0,0.3776743516717163,0.36780204074779754,26,late
26896,96,0,0.2561454963721144,0.4022141188382582,26,late
26897,97,0,0.47180111133186536,0.4653183462933307,26,late
26898,98,0,0.5211016593760587,0.3581705957147483,26,late
26899,99,0,0.7904638151520544,0.3445327253126391,26,late
26900,100,0,0.6878710350199428,0.4081458989949115,26,late
26901,101,0,0.4211695514474953,0.42067978612551826,26,late
26902,102,0,0.7486571231407747,0.38077524548829167,26,late
26903,103,0,0.7822473734179232,0.48666479340025676,26,late
26904,104,0,0.6929854674609601,0.5001310624622349,26,late
26905,105,0,0.8173004145733048,0.5158109731852589,26,late
26906,106,0,0.9213088866380255,0.5198604331700319,26,late
26907,107,0,0.4256168054991257,0.43273503539234737,26,late
26908,108,0,0.22883087115268413,0.3999896103074493,26,late
26909,109,0,0.7453984629442656,0.4914386645231752,26,late
26910,110,0,0.37657379704812577,0.4786909939007832,26,late
26911,111,0,0.703366525933266,0.263032135273371,26,late
26912,112,0,0.2518767698446045,0.42180388289782356,26,late
26913,113,0,0.49067793782223146,0.5086478162992112,26,late
26914,114,0,0.8157407275025023,0.48112429537011325,26,late
26915,115,0,0.24401096770730576,0.4551231468736363,26,late
26916,116,0,0.19219433161457392,0.5205444014211624,26,late
26917,117,0,0.4543980416608477,0.5127009618186027,26,late
26918,118,0,0.6575496908968406,0.30767993181185027,26,late
26919,119,0,0.25991529188126433,0.4577741683136193,26,late
26920,120,0,0.6489278016883258,0.46396527545847005,26,late
26921,121,0,0.6564193302545556,0.4516781262170654,26,late
26922,122,0,0.6431421663899765,0.39356454967059995,26,late
26923,123,0,0.33856934925257764,0.3920092526075603,26,late
26924,124,0,0.3046606313821695,0.4311926126709786,26,late
26925,125,0,0.38227911059623587,0.4341831089824705,26,late
26926,126,0,0.6098437622894967,0.49071463233223345,26,late
26927,127,0,0.4174086745425628,0.4936125757816572,26,late
26928,128,0,0.47806873389818266,0.5398923642938713,26,late
26929,129,0,0.4522405686950489,0.3608488398006332,26,late
26930,130,0,0.4330632054567951,0.427762509599667,26,late
26931,131,0,0.4317452723684214,0.370054968441359,26,late
26932,132,0,0.46003292501707316,0.3571553350610485,26,late
26933,133,0,0.5746674459797692,0.4468306919730492,26,late
26934,134,0,0.48321551817966213,0.423111110846685,26,late
26935,135,0,0.4255648830131829,0.4497177753300927,26,late
26936,136,0,0.576162805129247,0.5533255243503865,26,late
26937,137,0,0.5398992293739887,0.5392711187881478,26,late
26938,138,0,0.3410551014337687,0.3711229121222216,26,late
26939,139,0,0.4297068541585407,0.5115004315987465,26,late
26940,140,0,0.4725594640114862,0.4279385552666485,26,late
26941,141,0,0.5175289157141713,0.3408654645452115,26,late
26942,142,0,0.5762872362298332,0.5060722686334729,26,late
26943,143,0,0.4769643107589854,0.40100183627004504,26,late
26944,144,0,0.551192979906451,0.39130191360779176,26,late
26945,145,0,0.3758138581762216,0.4449169683389598,26,late
26946,146,0,0.4746785796658678,0.45606471973355267,26,late
26947,147,0,0.4149245013445878,0.36543786160729824,26,late
26948,148,0,0.5452743552894548,0.40856526198012977,26,late
26949,149,0,0.4694491856780929,0.36983336209756396,26,late
26950,150,0,0.4897075632705806,0.3936724518789516,26,late
26951,151,0,0.415420515507717,0.41418278299638833,26,late
26952,152,0,0.5349761431638015,0.5305223295453427,26,late
26953,153,0,0.39257106227658706,0.3770108375583597,26,late
26954,154,0,0.41361678606113794,0.3971332707227557,26,late
26955,155,0,0.38056837028908197,0.3519069383638865,26,late
26956,156,0,0.47038016904133734,0.39920531757792166,26,late
26957,157,0,0.4061227719097479,0.3740671077543939,26,late
26958,158,0,0.42253202106249,0.5083224470285521,26,late
26959,159,0,0.5053878477726889,0.3127503252741256,26,late
26960,160,0,0.7591647841292368,0.4544885630226796,26,late
26961,161,0,0.4400845477462611,0.4715163576941458,26,late
26962,162,0,0.5371321355362599,0.4809099150410009,26,late
26963,163,0,0.5204975663175683,0.45991013560351796,26,late
26964,164,0,0.455338497473728,0.31851858229322966,26,late
26965,165,0,0.2514275732927502,0.39626054310741343,26,late
26966,166,0,0.37085609999923363,0.4168096077916055,26,late
26967,167,0,0.5175422497110964,0.35621981828006466,26,late
26968,168,0,0.6181152925565913,0.5261104145991203,26,late
26969,169,0,0.5024105507254533,0.5298035179815248,26,late
26970,170,0,0.820893888714314,0.43722030179828075,26,late
26971,171,0,0.8509872555910103,0.28348086642079023,26,late
26972,172,0,0.431293086484513,0.35782897111759043,26,late
26973,173,0,0.07239971486792009,0.43751026621420536,26,late
26974,174,0,0.4659497442744216,0.4538899725725977,26,late
26975,175,0,0.7071737900963881,0.41943643643428274,26,late
26976,176,0,0.7682435282395788,0.3157614847262283,26,late
26977,177,0,0.6462581480633061,0.43678321050011365,26,late
26978,178,0,0.54226512230632,0.4071546530514918,26,late
26979,179,0,0.7662486021303008,0.3820588339844908,26,late
26980,180,0,0.43118289225512885,0.353135495492338,26,late
26981,181,0,0.4185454072846435,0.4330598757493298,26,late
26982,182,0,0.8014324814167728,0.38881186225223147,26,late
26983,183,0,0.4692261798174748,0.4009725175911391,26,late
26984,184,0,0.5066976322782948,0.3598323546157818,26,late
26985,185,0,0.9017487953177301,0.3559148223717768,26,late
26986,186,0,0.7505709554815497,0.2810056923546481,26,late
26987,187,0,0.530744037783223,0.3827282200196057,26,late
26988,188,0,0.47060002510844073,0.35292143632375345,26,late
26989,189,0,0.44736924379765747,0.44988612806039274,26,late
26990,190,0,0.46554267700120916,0.3613426523996581,26,late
26991,191,0,0.8230169136642809,0.30827007872338325,26,late
26992,192,0,0.47125910379038327,0.519484717184722,26,late
26993,193,0,0.495657222983996,0.3988124448839137,26,late
26994,194,0,0.947959352511577,0.4920685722904203,26,late
26995,195,0,0.5338665868997975,0.5678425529299916,26,late
26996,196,0,0.504338680285293,0.37011100307445705,26,late
26997,197,0,0.5327438612582505,0.41852761499124214,26,late
26998,198,0,0.40593389651905143,0.6080507906587507,26,late
26999,199,0,0.500616967794568,0.5187162218609684,26,late
27000,0,0,0.5437395014881724,0.7799468223700864,27,interleaved
27001,1,0,0.9310841012717164,0.6637960543550487,27,interleaved
27002,2,0,0.5195169928595685,0.6343996094246498,27,interleaved
27003,3,0,0.14588950356510946,0.6126693144503828,27,interleaved
27004,4,1,0.5458185226964694,1.0032656196314211,27,interleaved
27005,5,0,0.9404420112490808,0.5290525733033165,27,interleaved
27006,6,0,0.6123842088495265,0.5655416311406357,27,interleaved
27007,7,0,0.08465557769195732,0.5631837758386644,27,interleaved
27008,8,0,0.4222361546014456,0.5596589248377513,27,interleaved
27009,9,0,0.90201017905602,0.5505496195395343,27,interleaved
27010,10,0,0.5375601687588915,0.42049285170460865,27,interleaved
27011,11,0,0.82424228172881,0.5053692994770641,27,interleaved
27012,12,0,0.27414963086329736,0.5425085107457823,27,interleaved
27013,13,0,0.9743433608979937,0.5177439955881462,27,interleaved
27014,14,0,0.3886666901040422,0.5804602944662136,27,interleaved
27015,15,0,0.10593981302776792,0.4965208417961523,27,interleaved
27016,16,0,0.40204939194676764,0.526195770767589,27,interleaved
27017,17,0,0.8512748617274237,0.5481208538856206,27,interleaved
27018,18,0,0.35764856646838583,0.4909594879569321,27,interleaved
27019,19,0,0.042197510667215804,0.4180425859760053,27,interleaved
27020,20,0,0.5557654475010444,0.39529396871684885,27,interleaved
27021,21,0,0.08696480181327446,0.4493089496936483,27,interleaved
27022,22,0,0.45063537272462384,0.5549404350503782,27,interleaved
27023,23,0,0.9302117203636862,0.5719730424622422,27,interleaved
27024,24,0,0.4952524004078385,0.5979069766967954,27,interleaved
27025,25,0,0.0746521324542622,0.5925651914687374,27,interleaved
27026,26,0,0.39437743845928325,0.5798882404264216,27,interleaved
27027,27,0,0.8988526321766643,0.3393771485549482,27,interleaved
27028,28,0,0.516173713935307,0.32563112663393384,27,interleaved
27029,29,0,0.8184850120628862,0.5545441134697741,27,interleaved
27030,30,0,0.25233882854875,0.7039041667979922,27,interleaved
27031,31,0,0.4012254507276073,0.6060981818086746,27,interleaved
27032,32,0,0.4465215167063247,0.4523245639535023,27,interleaved
27033,33,0,0.18936462251785538,0.5477819607726244,27,interleaved
27034,34,0,0.4519213619824356,0.4728798830346559,27,interleaved
27035,35,0,0.871532498227682,0.41291013382255604,27,interleaved
27036,36,0,0.3967704872386943,0.5001932175347359,27,interleaved
27037,37,0,0.9174839185199029,0.47810244029416166,27,interleaved
27038,38,0,0.6001018685998084,0.38415887230107953,27,interleaved
27039,39,0,0.175450700727135,0.5181663864914119,27,interleaved
27040,40,0,0.577962264680306,0.43037877909304556,27,interleaved
27041,41,0,0.42071179232156863,0.43498063134865184,27,interleaved
27042,42,0,0.5843681367899654,0.521806450321022,27,interleaved
27043,43,0,0.24538555352519176,0.4881041101697479,27,interleaved
27044,44,0,0.6031765819164778,0.42861449327762663,27,interleaved
27045,45,0,0.33729114650990444,0.41710786280990764,27,interleaved
27046,46,0,0.33698376555823684,0.5369541075378012,27,interleaved
27047,47,0,0.4268226233296659,0.5412789955522067,27,interleaved
27048,48,0,0.7066754183948604,0.39659137334963435,27,interleaved
27049,49,0,0.18134321725564626,0.5963553616726427,27,interleaved
27050,50,0,0.3010216091360237,0.4871769562338675,27,interleaved
27051,51,0,0.5438602937028487,0.41439329629238375,27,interleaved
27052,52,0,0.647265862988502,0.4494942125870818,27,interleaved
27053,53,0,0.38840319605268236,0.5555229821812985,27,interleaved
27054,54,0,0.5993309942343072,0.3340284449108647,27,interleaved
27055,55,0,0.3545665953094776,0.5455137437094673,27,interleaved
27056,56,0,0.5727361781933493,0.3641604679970175,27,interleaved
27057,57,0,0.6832320997044121,0.3364375551064976,27,interleaved
27058,58,0,0.4110925397955977,0.7245929068370558,27,interleaved
27059,59,0,0.39542271005404067,0.5898304789539068,27,interleaved
27060,60,0,0.6237311235272441,0.4097457276824609,27,interleaved
27061,61,0,0.36326531772547577,0.38800303271131953,27,interleaved
27062,62,0,0.6553999786747388,0.44274329738736784,27,interleaved
27063,63,0,0.6484164741689481,0.5639859474922687,27,interleaved
27064,64,0,0.7352679031482623,0.47551673923904547,27,interleaved
27065,65,0,0.6484285355354517,0.5216579040127007,27,interleaved
27066,66,0,0.6334677599889647,0.396162225323064,27,interleaved
27067,67,0,0.6169608291497389,0.322515111645286,27,interleaved
27068,68,0,0.6589065770642015,0.37495099836916496,27,interleaved
27069,69,0,0.6306126833141759,0.3757634295614991,27,interleaved
27070,70,0,0.3319671431699629,0.49266326740824806,27,interleaved
27071,71,0,0.4591180584901966,0.5142302395886353,27,interleaved
27072,72,0,0.6806304448047928,0.3953753806017268,27,interleaved
27073,73,0,0.5414293330092691,0.3006076469652644,27,interleaved
27074,74,0,0.6977719346974012,0.5187272688830984,27,interleaved
27075,75,0,0.5710884565500917,0.4656229703514224,27,interleaved
27076,76,0,0.4485671858221847,0.5495394731886826,27,interleaved
27077,77,0,0.7794383080432848,0.2690707051566947,27,interleaved
27078,78,0,0.6137409758942148,0.4758969913994623,27,interleaved
27079,79,0,0.6401522359556736,0.4133513974512592,27,interleaved
27080,80,0,0.7955384419333189,0.6145692236099369,27,interleaved
27081,81,0,0.7554651749846404,0.32429750037033644,27,interleaved
27082,82,0,0.6664289818977617,0.3860409367983325,27,interleaved
27083,83,0,0.8638843383756787,0.5337996476267046,27,interleaved
27084,84,0,0.7553217679072878,0.42416747923120107,27,interleaved
27085,85,0,0.45125536467957605,0.3761380552088388,27,interleaved
27086,86,0,0.5860678714206314,0.4781994519611812,27,interleaved
27087,87,0,0.30513172720546716,0.4321184085015345,27,interleaved
27088,88,0,0.5781118902685277,0.5009609951888238,27,interleaved
27089,89,0,0.4267128878769814,0.36911236510045636,27,interleaved
27090,90,0,0.5670220906066702,0.39273629887142336,27,interleaved
27091,91,0,0.6244702985417789,0.5435850923555058,27,interleaved
27092,92,0,0.32547911561633136,0.4571463902408181,27,interleaved
27093,93,0,0.318540463639572,0.46087885409051055,27,interleaved
27094,94,0,0.6040660580416158,0.36223887817266376,27,interleaved
27095,95,0,0.28476537846104555,0.4388112888216248,27,interleaved
27096,96,0,0.4406318291071395,0.4533157231018111,27,interleaved
27097,97,0,0.4394832915802235,0.46233590307859795,27,interleaved
27098,98,0,0.5938154274896671,0.44331895462561677,27,interleaved
27099,99,0,0.4377014680020359,0.3150029182450601,27,interleaved
27100,100,0,0.5859348448046474,0.585942000762344,27,interleaved
27101,101,0,0.5180703391891373,0.49539096545957917,27,interleaved
27102,102,0,0.5664985962254259,0.40348920118156884,27,interleaved
27103,103,0,0.2995428298185915,0.5618098867183413,27,interleaved
27104,104,0,0.5247478079806872,0.45566851888004317,27,interleaved
27105,105,0,0.49692791609889175,0.3146405263972535,27,interleaved
27106,106,0,0.48605790238972807,0.38539454911557874,27,interleaved
27107,107,0,0.31334607130229797,0.43519748362104926,27,interleaved
27108,108,0,0.32202629933673504,0.4529039600414416,27,interleaved
27109,109,0,0.2278090391646701,0.5172615058981137,27,interleaved
27110,110,0,0.6111040941950352,0.3819972152105662,27,interleaved
27111,111,0,0.6857597825279111,0.4200963610667675,27,interleaved
27112,112,0,0.45884249377742437,0.4543729326470086,27,interleaved
27113,113,0,0.6606579766452851,0.4421132549901884,27,interleaved
27114,114,0,0.2095510953273091,0.3803568887446419,27,interleaved
27115,115,0,0.6490981473408688,0.45802053955321514,27,interleaved
27116,116,0,0.7359533626359218,0.5031382409213927,27,interleaved
27117,117,0,0.43800478619752004,0.5239625882215931,27,interleaved
27118,118,0,0.4300927683304925,0.4378577078005622,27,interleaved
27119,119,0,0.6274745263891046,0.5022030330702885,27,interleaved
27120,120,0,0.6373073990418777,0.3474073012977582,27,interleaved
27121,121,0,0.29080264993581395,0.45265288245534724,27,interleaved
27122,122,0,0.442762082796046,0.4889671472611393,27,interleaved
27123,123,0,0.4219128172381291,0.5056536915641585,27,interleaved
27124,124,0,0.6146449049410019,0.3900617468080795,27,interleaved
27125,125,0,0.4083376437627989,0.4705473071973726,27,interleaved
27126,126,0,0.42011445585447094,0.4350952216270863,27,interleaved
27127,127,0,0.5244355706966846,0.4330881962135881,27,interleaved
27128,128,0,0.41104176853545904,0.44607725786355623,27,interleaved
27129,129,0,0.6632646279408966,0.3667096654139712,27,interleaved
27130,130,0,0.22668685106842096,0.5114965548565015,27,interleaved
27131,131,0,0.1834581946160972,0.4345872406965936,27,interleaved
27132,132,0,0.4050027853043081,0.5349996300189411,27,interleaved
27133,133,0,0.5667187556144291,0.4934013454952681,27,interleaved
27134,134,0,0.4233047588999037,0.4088207655611655,27,interleaved
27135,135,0,0.55246682351636,0.46066304489369814,27,interleaved
27136,136,0,0.44011194135369835,0.429340733027498,27,interleaved
27137,137,0,0.6173212262142393,0.3608946950512128,27,interleaved
27138,138,0,0.3968862084901932,0.4911758652531967,27,interleaved
27139,139,0,0.3123506682269568,0.3269778886802799,27,interleaved
27140,140,0,0.3067706857651008,0.3835847322772007,27,interleaved
27141,141,0,0.48495566965952375,0.4749536789475805,27,interleaved
27142,142,0,0.3039336313146433,0.40366755970944623,27,interleaved
27143,143,0,0.6937942922354718,0.4440920504966848,27,interleaved
27144,144,0,0.7333365411826576,0.4214608696943924,27,interleaved
27145,145,0,0.4901236516187025,0.35890273427116903,27,interleaved
27146,146,0,0.62553844990778,0.40726722096612283,27,interleaved
27147,147,0,0.6491222877770183,0.3279697908319609,27,interleaved
27148,148,0,0.31847650836317987,0.6156631626480003,27,interleaved
27149,149,0,0.5409553935211657,0.4295066725134417,27,interleaved
27150,150,0,0.2903028641594877,0.4515298119593121,27,interleaved
27151,151,0,0.4208554492975122,0.3941658115860348,27,interleaved
27152,152,0,0.6052059518385786,0.4336597852596579,27,interleaved
27153,153,0,0.43741892113234027,0.443749321777992,27,interleaved
27154,154,0,0.37870254017192334,0.4866387006610654,27,interleaved
27155,155,0,0.6055210776291526,0.4321351674170183,27,interleaved
27156,156,0,0.4099026554915803,0.47451847405346415,27,interleaved
27157,157,0,0.5878425881724374,0.41668836330313874,27,interleaved
27158,158,0,0.4128572881702106,0.4376657543372078,27,interleaved
27159,159,0,0.6085072367127233,0.35408384132130655,27,interleaved
27160,160,0,0.5874136680861327,0.37989922417698285,27,interleaved
27161,161,0,0.5170264852847495,0.3558081452626291,27,interleaved
27162,162,0,0.3653217642708325,0.42113442798513107,27,interleaved
27163,163,0,0.40673849795704986,0.49140171335506533,27,interleaved
27164,164,0,0.5312459383256809,0.4369834332095171,27,interleaved
27165,165,0,0.4630089742345533,0.4160233592927645,27,interleaved
27166,166,0,0.7162191931230462,0.3780394466734536,27,interleaved
27167,167,0,0.585595090904933,0.41629306336228944,27,interleaved
27168,168,0,0.6181042795740617,0.32280625325449464,27,interleaved
27169,169,0,0.6279537218889648,0.37581829831780134,27,interleaved
27170,170,0,0.5543290820678225,0.38991492614822587,27,interleaved
27171,171,0,0.46093300633400786,0.4286302651650634,27,interleaved
27172,172,0,0.3017225444171821,0.41655815567375176,27,interleaved
27173,173,0,0.6051619949028865,0.5542675428062198,27,interleaved
27174,174,0,0.566656308233526,0.47120381634320596,27,interleaved
27175,175,0,0.3885294062643533,0.5905396378702026,27,interleaved
27176,176,0,0.7848844933690173,0.45022272637708466,27,interleaved
27177,177,0,0.3706250949671569,0.4699107489326639,27,interleaved
27178,178,0,0.44284511736033805,0.46547161856780805,27,interleaved
27179,179,0,0.4400811677251667,0.5206347315839586,27,interleaved
27180,180,0,0.48473200703002484,0.3465555736630075,27,interleaved
27181,181,0,0.7382591672838281,0.44538774011424814,27,interleaved
27182,182,0,0.721322812980111,0.2710906062074798,27,interleaved
27183,183,0,0.6422441914353606,0.521286907970149,27,interleaved
27184,184,0,0.7739331121921127,0.33542859983019835,27,interleaved
27185,185,0,0.5077693687474438,0.4246245594760044,27,interleaved
27186,186,0,0.5551105453505987,0.43979671929384584,27,interleaved
27187,187,0,0.4936799065310184,0.45583260037547596,27,interleaved
27188,188,0,0.45255898631492925,0.3612231052216711,27,interleaved
27189,189,0,0.5812803440195473,0.5422672956735619,27,interleaved
27190,190,0,0.558807987333825,0.48528858751154774,27,interleaved
27191,191,0,0.4602390804205152,0.34129303186190174,27,interleaved
27192,192,0,0.4467820660872298,0.4345651024351848,27,interleaved
27193,193,0,0.6918578939958786,0.44100848217361477,27,interleaved
27194,194,0,0.5429173790656807,0.47210970074872666,27,interleaved
27195,195,0,0.5016655485477893,0.4545125850285752,27,interleaved
27196,196,0,0.4185218530899596,0.4132105984155061,27,interleaved
27197,197,0,0.7754563585599286,0.4069941822439899,27,interleaved
27198,198,0,0.5059326616492732,0.4960545496962607,27,interleaved
27199,199,0,0.5571445456872421,0.49846258836214064,27,interleaved
27200,0,0,0.710012320474107,0.6860360407176613,27,blocked
27201,1,0,0.35725486823871966,0.6819129465419034,27,blocked
27202,2,1,0.4566655343141408,0.7300910697188181,27,blocked
27203,3,0,0.3616168023015059,0.5314387720609857,27,blocked
27204,4,0,0.34167274739552345,0.4942307427450922,27,blocked
27205,5,0,0.6042534130302132,0.4211395127529959,27,blocked
27206,6,0,0.6022872925769122,0.5203621341379503,27,blocked
27207,7,0,0.41696411533501665,0.5812061232725133,27,blocked
27208,8,2,0.5566102562215024,0.7865135166191267,27,blocked
27209,9,0,0.4438980185283598,0.6418236523730663,27,blocked
27210,10,0,0.3924639191482134,0.5163065745063884,27,blocked
27211,11,0,0.5718259002523417,0.483920560802373,27,blocked
27212,12,0,0.7562436462229074,0.4910251804805241,27,blocked
27213,13,0,0.36615915282605177,0.6440291586148462,27,blocked
27214,14,0,0.5572245403632518,0.4354571907204082,27,blocked
27215,15,0,0.4533643165089019,0.4838759769435921,27,blocked
27216,16,0,0.7021995230306411,0.5667924748527889,27,blocked
27217,17,0,0.5689766109191289,0.512280724645394,27,blocked
27218,18,0,0.5375141098288461,0.43246316607768936,27,blocked
27219,19,0,0.4536837997079197,0.5410708818382082,27,blocked
27220,20,0,0.6027407495853961,0.4045491044472076,27,blocked
27221,21,0,0.4026237824224441,0.5693695538399464,27,blocked
27222,22,0,0.6146744816825994,0.3368915635160013,27,blocked
27223,23,0,0.42886079327396154,0.43136516190996516,27,blocked
27224,24,0,0.3876678905767128,0.42330599144238096,27,blocked
27225,25,0,0.6852523290957128,0.525499511741566,27,blocked
27226,26,0,0.5566429251463509,0.5734441008200409,27,blocked
27227,27,0,0.6601655523260017,0.4009843882829327,27,blocked
27228,28,0,0.4554205546758546,0.4885062983347389,27,blocked
27229,29,0,0.561320844665201,0.5828421816915026,27,blocked
27230,30,0,0.5081892593073786,0.6635063935925041,27,blocked
27231,31,0,0.6198551475870631,0.4812873984061956,27,blocked
27232,32,0,0.4963383033325567,0.5319609287840107,27,blocked
27233,33,0,0.4717652043381397,0.5380614676853143,27,blocked
27234,34,0,0.5055783250136745,0.3302546046094667,27,blocked
27235,35,0,0.37464328722489953,0.5401248333335618,27,blocked
27236,36,0,0.5339657328837841,0.5183089144646474,27,blocked
27237,37,0,0.445088944441241,0.44892012170315854,27,blocked
27238,38,0,0.5880341608257219,0.40958764111055557,27,blocked
27239,39,0,0.5003273632350383,0.5487162854747083,27,blocked
27240,40,0,0.3598931519024251,0.5865462881695136,27,blocked
27241,41,0,0.4740557272021579,0.49578659097328887,27,blocked
27242,42,0,0.4964373312545578,0.4445067927479996,27,blocked
27243,43,0,0.5640730164183625,0.43871197340804324,27,blocked
27244,44,0,0.6245538671787922,0.5418316254884767,27,blocked
27245,45,0,0.4889203088240125,0.5650657818259752,27,blocked
27246,46,0,0.6221401931747486,0.41220430305126876,27,blocked
27247,47,0,0.43067071193235845,0.4567453966224251,27,blocked
27248,48,0,0.5412251144280061,0.44148143481904567,27,blocked
27249,49,0,0.4661176327208585,0.429904305775582,27,blocked
27250,50,0,0.4393075226238764,0.5208751109990104,27,blocked
27251,51,0,0.41186346798711365,0.5724863639024158,27,blocked
27252,52,0,0.4125341981369092,0.5379791257660449,27,blocked
27253,53,0,0.3393980788198645,0.567333652689983,27,blocked
27254,54,0,0.7990674206198789,0.3993163099601983,27,blocked
27255,55,0,0.26588306768655234,0.5860917481642888,27,blocked
27256,56,0,0.31462773082505774,0.4717155780636587,27,blocked
27257,57,0,0.2933307749837736,0.4903713237134478,27,blocked
27258,58,0,0.7654124601683909,0.4275540624892384,27,blocked
27259,59,0,0.41933233703467765,0.44213324488903105,27,blocked
27260,60,0,0.6713437972173131,0.34454727356148174,27,blocked
27261,61,0,0.4987783744585282,0.6001635415965713,27,blocked
27262,62,0,0.6301360674724685,0.4075692631166844,27,blocked
27263,63,0,0.6086846933881725,0.3926954475923321,27,blocked
27264,64,0,0.6298775718832702,0.3616942474463879,27,blocked
27265,65,0,0.36109624124143747,0.5029968446522948,27,blocked
27266,66,0,0.5926636762332953,0.47959037796126663,27,blocked
27267,67,0,0.5800065310254796,0.5436832067290873,27,blocked
27268,68,0,0.31721361971033185,0.49966066709534285,27,blocked
27269,69,0,0.32469061234114494,0.5113014698189589,27,blocked
27270,70,0,0.35939893995187,0.6067511473682512,27,blocked
27271,71,0,0.3196898388127346,0.4901776411091038,27,blocked
27272,72,0,0.543501493744025,0.4119364710049417,27,blocked
27273,73,0,0.4793329151111321,0.4742601859216859,27,blocked
27274,74,0,0.49541872868202685,0.42771723727377287,27,blocked
27275,75,0,0.5114652481430184,0.3350553690300414,27,blocked
27276,76,0,0.7091387955178922,0.5468401382755792,27,blocked
27277,77,0,0.41655765715227966,0.6131183594540878,27,blocked
27278,78,0,0.7490613644128203,0.3659707890145797,27,blocked
27279,79,0,0.6690182576569312,0.41595305456410514,27,blocked
27280,80,0,0.41635541759676165,0.3915605517133519,27,blocked
27281,81,0,0.41220387636441436,0.5039929418394071,27,blocked
27282,82,0,0.40285959900145124,0.3967621305695425,27,blocked
27283,83,0,0.4900002087832524,0.48952438607739945,27,blocked
27284,84,0,0.633467631781872,0.6029365174934525,27,blocked
27285,85,0,0.7529832332543981,0.446397020308643,27,blocked
27286,86,0,0.4435911732237763,0.5346697801954408,27,blocked
27287,87,0,0.6097515447948029,0.4576323966134532,27,blocked
27288,88,0,0.6314599850031473,0.6325852842869338,27,blocked
27289,89,0,0.5056334739756063,0.45555615459959575,27,blocked
27290,90,0,0.5067687622990378,0.43596031817831915,27,blocked
27291,91,0,0.5860089432876834,0.49101496556073065,27,blocked
27292,92,0,0.43356998350517467,0.48670732188038524,27,blocked
27293,93,0,0.6314123691310776,0.5563071387300437,27,blocked
27294,94,0,0.3988369675039539,0.4976437039352597,27,blocked
27295,95,0,0.2740618139857329,0.32042747211816347,27,blocked
27296,96,0,0.4479238572797416,0.3353641022027163,27,blocked
27297,97,0,0.5783666635709028,0.4584755447630702,27,blocked
27298,98,0,0.4144513257386632,0.33242572224712863,27,blocked
27299,99,0,0.47601812130870075,0.4741208896379979,27,blocked
27300,100,0,0.4858964123825914,0.4748317281626784,27,blocked
27301,101,0,0.5173103199428171,0.3974845017611739,27,blocked
27302,102,0,0.6013247407300537,0.4629730239872184,27,blocked
27303,103,0,0.44617927628951204,0.4354947997201076,27,blocked
27304,104,0,0.5214772683884663,0.5607038422896383,27,blocked
27305,105,0,0.3340018590716275,0.42433550984099183,27,blocked
27306,106,0,0.4721903819920701,0.6678256069820336,27,blocked
27307,107,0,0.5180773765505051,0.588246986185474,27,blocked
27308,108,0,0.3998180228748162,0.4241665858731593,27,blocked
27309,109,0,0.43465208626448704,0.46764215027397205,27,blocked
27310,110,0,0.5771254942289435,0.43831274729720454,27,blocked
27311,111,0,0.2955344477331082,0.445157229135288,27,blocked
27312,112,0,0.5281651913377536,0.4144922485709567,27,blocked
27313,113,0,0.6580419247471663,0.4377333870602432,27,blocked
27314,114,0,0.5422382304638016,0.5501104251917568,27,blocked
27315,115,0,0.6076860635651675,0.5723987205201125,27,blocked
27316,116,0,0.5841302300961079,0.3963613069204078,27,blocked
27317,117,0,0.5487617270494983,0.48957549323070565,27,blocked
27318,118,0,0.6503830065358267,0.38654018036433957,27,blocked
27319,119,0,0.5631721749002494,0.5624837569308483,27,blocked
27320,120,0,0.46703646308433344,0.4601506264764048,27,blocked
27321,121,0,0.6150595990089422,0.37511165718020645,27,blocked
27322,122,0,0.5585285179002843,0.46372383070933354,27,blocked
27323,123,0,0.4835769542466807,0.5448153667107203,27,blocked
27324,124,0,0.6399371561148476,0.5166912536943598,27,blocked
27325,125,0,0.6150199634116531,0.5012891509207031,27,blocked
27326,126,0,0.6080468173693723,0.44331243140600374,27,blocked
27327,127,0,0.49250408137768703,0.45892509111828694,27,blocked
27328,128,0,0.6134758361531856,0.5374882892820434,27,blocked
27329,129,0,0.7906571470213992,0.6602903057657723,27,blocked
27330,130,0,0.6645371581831212,0.3964958345345549,27,blocked
27331,131,0,0.4122528679115959,0.45567365243441116,27,blocked
27332,132,0,0.4983322180437165,0.5271023453300054,27,blocked
27333,133,0,0.6347006933625616,0.42445734318902784,27,blocked
27334,134,0,0.5661419306139539,0.3903395446725824,27,blocked
27335,135,0,0.5196859805068922,0.3706430983005459,27,blocked
27336,136,0,0.6049272984533389,0.4631393523728055,27,blocked
27337,137,0,0.551333018251164,0.2925546107141539,27,blocked
27338,138,0,0.6776099018421236,0.6205627331561474,27,blocked
27339,139,0,0.58511842317828,0.5335864264939301,27,blocked
27340,140,0,0.3105086453663727,0.6356249805525779,27,blocked
27341,141,0,0.42948911520293415,0.37052063761745757,27,blocked
27342,142,0,0.5027428299399961,0.45151202005376245,27,blocked
27343,143,0,0.58870538944173,0.4192975745993952,27,blocked
27344,144,0,0.6532429039005736,0.4928490430859337,27,blocked
27345,145,0,0.5025947656601537,0.47008756418387615,27,blocked
27346,146,0,0.5183337437715162,0.37209724836350877,27,blocked
27347,147,0,0.6269262697777863,0.383071168398543,27,blocked
27348,148,0,0.4695683034559994,0.5290816276140685,27,blocked
27349,149,0,0.4424000540182135,0.37082976382416655,27,blocked
27350,150,0,0.6488719242528327,0.33560143178145296,27,blocked
27351,151,0,0.6823944138617005,0.528461956034612,27,blocked
27352,152,0,0.5699506133557953,0.42370150793910466,27,blocked
27353,153,0,0.23184933205268038,0.4236579831498488,27,blocked
27354,154,0,0.6223988628832045,0.5508344387935166,27,blocked
27355,155,0,0.6191606990113452,0.4546730698933834,27,blocked
27356,156,0,0.5146205682770337,0.5134960853995392,27,blocked
27357,157,0,0.46483061638716183,0.5197161204094431,27,blocked
27358,158,0,0.7686747292825209,0.4283389111342112,27,blocked
27359,159,0,0.6832617370708551,0.4717674150139938,27,blocked
27360,160,0,0.5936964982972743,0.49315080464123523,27,blocked
27361,161,0,0.5865041704135239,0.44145642774266214,27,blocked
27362,162,0,0.31130823204960156,0.4346812189730648,27,blocked
27363,163,0,0.37691955055132975,0.46579264204303816,27,blocked
27364,164,0,0.41166448239740694,0.45189921984354653,27,blocked
27365,165,0,0.30566501424908615,0.41954191006594144,27,blocked
27366,166,0,0.7403997999182541,0.5075028085266822,27,blocked
27367,167,0,0.8090193561125685,0.4273094920359784,27,blocked
27368,168,0,0.24854300275138388,0.37177540893691396,27,blocked
27369,169,0,0.6184192884396829,0.4990639268834076,27,blocked
27370,170,0,0.3061671429437394,0.44404602545380956,27,blocked
27371,171,0,0.5273956531952428,0.5643868191409606,27,blocked
27372,172,0,0.6502811257588292,0.4043817376729486,27,blocked
27373,173,0,0.5663390090213929,0.3686871859396482,27,blocked
27374,174,0,0.5265999957720365,0.4498563909897515,27,blocked
27375,175,0,0.5766315954309915,0.4571342435631749,27,blocked
27376,176,0,0.3359007912613705,0.3716634167296312,27,blocked
27377,177,0,0.8168852872411367,0.3667818019576615,27,blocked
27378,178,0,0.5688757312656036,0.46366763549525647,27,blocked
27379,179,0,0.42579191117618503,0.43143499975149274,27,blocked
27380,180,0,0.43655752175281726,0.4295509865541719,27,blocked
27381,181,0,0.47905805088173603,0.6243277628052746,27,blocked
27382,182,0,0.4146837084429934,0.4036946628337085,27,blocked
27383,183,0,0.5348316039466418,0.4289686345281104,27,blocked
27384,184,0,0.6167554652832651,0.4028182348208847,27,blocked
27385,185,0,0.48952292152911664,0.4851801640617313,27,blocked
27386,186,0,0.4945366290155088,0.4497724174030469,27,blocked
27387,187,0,0.34789513062051597,0.4763233032226072,27,blocked
27388,188,0,0.4669846883745289,0.5811474373317562,27,blocked
27389,189,0,0.5852236080490789,0.4225457497251285,27,blocked
27390,190,0,0.5443143259155035,0.4638749555863634,27,blocked
27391,191,0,0.6066124492398168,0.48423981076089545,27,blocked
27392,192,0,0.5422223488632422,0.4753389468261717,27,blocked
27393,193,0,0.3459992943993765,0.4445472089369433,27,blocked
27394,194,0,0.33576937375571453,0.4425120197546798,27,blocked
27395,195,0,0.5663833916206228,0.5361098146124639,27,blocked
27396,196,0,0.5784865239215871,0.40987851854652557,27,blocked
27397,197,0,0.6465575103206251,0.39246787214992795,27,blocked
27398,198,0,0.5039944012657698,0.49918603548608764,27,blocked
27399,199,0,0.42372815297121214,0.37117834555689044,27,blocked
27400,0,0,0.2702103043499096,0.538524876263489,27,early
27401,1,0,0.854494745559499,0.6454364377628541,27,early
27402,2,0,0.8014884326289797,0.58720259570579,27,early
27403,3,0,0.7552455413089829,0.5593724909376216,27,early
27404,4,0,0.15305267406007664,0.6522711841915987,27,early
27405,5,0,0.7608474004603385,0.5194081187513272,27,early
27406,6,0,0.18225146344605844,0.5841401482105381,27,early
27407,7,0,0.2505632074987654,0.486477589181403,27,early
27408,8,0,0.8415443027944738,0.5814709334324577,27,early
27409,9,0,0.795949380241401,0.4633166538345644,27,early
27410,10,0,0.7820228670605551,0.41219528392812954,27,early
27411,11,0,0.192865988304187,0.48253535710018447,27,early
27412,12,0,0.1919318903161991,0.5876537225149867,27,early
27413,13,0,0.7647949914249874,0.4160021546780519,27,early
27414,14,0,0.7944369456230436,0.40083601544304936,27,early
27415,15,0,0.6694903044124929,0.5578880561309045,27,early
27416,16,0,0.7916020032204261,0.490090071201688,27,early
27417,17,0,0.7225917153366042,0.3462056232908137,27,early
27418,18,0,0.2216799463199035,0.4414222690186973,27,early
27419,19,0,0.8044442191306279,0.4685355563860153,27,early
27420,20,0,0.19188091978220617,0.35200520844259736,27,early
27421,21,0,0.8298803278881084,0.3600867136088557,27,early
27422,22,0,0.8288338672086673,0.5136157217221881,27,early
27423,23,0,0.21585947405965783,0.6498981716784098,27,early
27424,24,0,0.7290472399809858,0.5976607678947479,27,early
27425,25,0,0.7595357249677287,0.561638878935992,27,early
27426,26,0,0.7984060287263686,0.44276244981291224,27,early
27427,27,0,0.11907970039429917,0.5397951581466459,27,early
27428,28,0,0.08348922040277473,0.5802440354081804,27,early
27429,29,0,0.7958271651693059,0.6824696911897772,27,early
27430,30,0,0.12494618439001928,0.5199713861499011,27,early
27431,31,0,0.12645518896178032,0.33953498333278337,27,early
27432,32,0,0.12847367241266222,0.6154869331882141,27,early
27433,33,0,0.8291827977418933,0.4031941873011623,27,early
27434,34,0,0.11787974694527623,0.4296585083275737,27,early
27435,35,0,0.7636301476808923,0.665790105980538,27,early
27436,36,0,0.8876987274108628,0.41696700795003916,27,early
27437,37,0,0.6650172424891968,0.6098463264436471,27,early
27438,38,0,0.1853318077092067,0.602864473205097,27,early
27439,39,0,0.17534573263480488,0.5035970009505535,27,early
27440,40,0,0.4942984061041571,0.3416131886201705,27,early
27441,41,0,0.46559529235861646,0.6289920600679486,27,early
27442,42,0,0.44156770613285506,0.4266095469237775,27,early
27443,43,0,0.40391670062331125,0.4468854111645099,27,early
27444,44,0,0.47974984132378984,0.5650912828278182,27,early
27445,45,0,0.449800729727481,0.5351883474999711,27,early
27446,46,0,0.5450472008547715,0.41029705442658637,27,early
27447,47,0,0.41191049938147173,0.5875216704432824,27,early
27448,48,0,0.5046278444169042,0.46148982225841917,27,early
27449,49,0,0.47714328860387656,0.5342095379487055,27,early
27450,50,0,0.5201232529157482,0.6117478966445263,27,early
27451,51,0,0.4648787336608484,0.45606679427354224,27,early
27452,52,0,0.5675806764374661,0.4064129369581472,27,early
27453,53,0,0.4034900127802169,0.44893711546562665,27,early
27454,54,0,0.42959516359110683,0.41409994632304536,27,early
27455,55,0,0.41198125706269323,0.35624643984354026,27,early
27456,56,0,0.5254465364850025,0.5839258967575631,27,early
27457,57,0,0.43079243862889344,0.41681932849453274,27,early
27458,58,0,0.5289093837427397,0.5499166472617758,27,early
27459,59,0,0.6207680670426671,0.5306302745448714,27,early
27460,60,0,0.47221941745732954,0.6187851665707162,27,early
27461,61,0,0.3888398785894686,0.4826523701063822,27,early
27462,62,0,0.5261556314537545,0.5009637593941002,27,early
27463,63,0,0.48731361509800714,0.3693023815094203,27,early
27464,64,0,0.5317255834772819,0.4148980593752204,27,early
27465,65,0,0.3784662001461802,0.5567665385661409,27,early
27466,66,0,0.5161579055484136,0.4674214055209004,27,early
27467,67,0,0.5184537383199789,0.45929406631983527,27,early
27468,68,0,0.4757998915298032,0.4559308932692338,27,early
27469,69,0,0.3948431722353522,0.43465475442309237,27,early
27470,70,0,0.5917159716460052,0.5447607040861299,27,early
27471,71,0,0.43100304035477227,0.4145517034216084,27,early
27472,72,0,0.5516900961188986,0.38613801389070473,27,early
27473,73,0,0.48937944497706287,0.4607862210439427,27,early
27474,74,0,0.44734814209710805,0.5691726495005383,27,early
27475,75,0,0.474653674715148,0.49796349208287627,27,early
27476,76,0,0.5517178837447384,0.517522639893872,27,early
27477,77,0,0.5191833439079743,0.5041890167745946,27,early
27478,78,0,0.4724385314675618,0.45723925686757744,27,early
27479,79,0,0.5047327395767139,0.4975711158465195,27,early
27480,80,0,0.8290782208706762,0.52373873221188,27,early
27481,81,0,0.49909534190705096,0.4573941863529573,27,early
27482,82,0,0.8493452470340777,0.4481848433444273,27,early
27483,83,0,0.49183911733911895,0.37270116483655025,27,early
27484,84,0,0.8720382639157793,0.4910917797489986,27,early
27485,85,0,0.5175453696995784,0.4818316636453211,27,early
27486,86,0,0.1373814542658287,0.3949683899921177,27,early
27487,87,0,0.5231509347647049,0.38313698282258535,27,early
27488,88,0,0.835778521302992,0.37216002816282723,27,early
27489,89,0,0.4857204203516445,0.4947697170429267,27,early
27490,90,0,0.2611771539792592,0.5873491804852223,27,early
27491,91,0,0.5840145455959633,0.5341112790449383,27,early
27492,92,0,0.6300807723740453,0.4287756904989548,27,early
27493,93,0,0.6152575614894095,0.5556020100460379,27,early
27494,94,0,0.6772831697364461,0.38756282758150007,27,early
27495,95,0,0.7332630993768501,0.5588396307863346,27,early
27496,96,0,0.5203716801226681,0.5689268060285313,27,early
27497,97,0,0.5377749474485657,0.312893044914079,27,early
27498,98,0,0.2925660628848635,0.5044509571066268,27,early
27499,99,0,0.6891856583640291,0.5015756837514733,27,early
27500,100,0,0.7768901571401329,0.45356952295346986,27,early
27501,101,0,0.5491923436096908,0.3973432357498151,27,early
27502,102,0,0.3121161746143333,0.6117531813406372,27,early
27503,103,0,0.2859487815051263,0.42080621930153794,27,early
27504,104,0,0.7028613226932185,0.4107228149583548,27,early
27505,105,0,0.47167936001784616,0.4539035917989225,27,early
27506,106,0,0.4854831689212822,0.5217857751151058,27,early
27507,107,0,0.508608256518032,0.4244334452990385,27,early
27508,108,0,0.14998350289727375,0.6072416656443967,27,early
27509,109,0,0.43167659838305594,0.4683412840412279,27,early
27510,110,0,0.3450409943912081,0.5534560477424331,27,early
27511,111,0,0.5598181152642066,0.5096958695300848,27,early
27512,112,0,0.16007756684884406,0.3961048473316323,27,early
27513,113,0,0.4550043434091762,0.35941093539135216,27,early
27514,114,0,0.2528002375720634,0.40632710762179114,27,early
27515,115,0,0.42889932795298424,0.46427012275537155,27,early
27516,116,0,0.6432690739682873,0.44165814451404406,27,early
27517,117,0,0.3741361381766682,0.4473666246659494,27,early
27518,118,0,0.265802568264627,0.5328339458489177,27,early
27519,119,0,0.4448860924806033,0.437660492563123,27,early
27520,120,0,0.4463454502267884,0.4799396318243795,27,early
27521,121,0,0.7486899168258204,0.45027711984046725,27,early
27522,122,0,0.6620873942770892,0.46592682763880544,27,early
27523,123,0,0.6752147133867128,0.4730570249734241,27,early
27524,124,0,0.5959373358423535,0.35238981864061797,27,early
27525,125,0,0.3330467844623546,0.46043128749914536,27,early
27526,126,0,0.6646658755123116,0.5056251250576336,27,early
27527,127,0,0.6649195399112245,0.48617815717095647,27,early
27528,128,0,0.7395335207720248,0.45683603776304205,27,early
27529,129,0,0.5158373347446334,0.3812253064811132,27,early
27530,130,0,0.7002741583445692,0.39401780816258153,27,early
27531,131,0,0.2864625950638007,0.42044903116360904,27,early
27532,132,0,0.1111571007101242,0.4223736126621332,27,early
27533,133,0,0.4638075167894497,0.48764315823538446,27,early
27534,134,0,0.24323725878615587,0.4742673000873471,27,early
27535,135,0,0.4200190387723114,0.5257738769950303,27,early
27536,136,0,0.7555481659124743,0.32873544453590425,27,early
27537,137,0,0.5401614948191974,0.31794111799752706,27,early
27538,138,0,0.20746976174666712,0.40878672334384625,27,early
27539,139,0,0.5136790883516135,0.4446102024620295,27,early
27540,140,0,0.27336984867154523,0.6527216227077886,27,early
27541,141,0,0.5499092085953525,0.5118886880644704,27,early
27542,142,0,0.7233957718405184,0.45899791760320435,27,early
27543,143,0,0.41665173918514326,0.4880532189701114,27,early
27544,144,0,0.22485899189290942,0.6236337125860214,27,early
27545,145,0,0.5100536193717212,0.4102876974323003,27,early
27546,146,0,0.47326284964118814,0.3012127270494034,27,early
27547,147,0,0.4818246696755596,0.5341223528184378,27,early
27548,148,0,0.7638415108662985,0.5444009250936088,27,early
27549,149,0,0.5770638136870845,0.4313823494859008,27,early
27550,150,0,0.37160026350560355,0.49886697169715294,27,early
27551,151,0,0.49486641676897447,0.4293517218302433,27,early
27552,152,0,0.22187995761529247,0.45024053856732765,27,early
27553,153,0,0.5466446381792723,0.48462263646122306,27,early
27554,154,0,0.3033704537416168,0.4424921527244807,27,early
27555,155,0,0.5366534694035948,0.3392731199976574,27,early
27556,156,0,0.2625718580565338,0.4781778748994052,27,early
27557,157,0,0.7161503757654593,0.5621726973056203,27,early
27558,158,0,0.6516455845116036,0.4735127465138581,27,early
27559,159,0,0.6833012210876575,0.409181257696966,27,early
27560,160,0,0.48945901777891715,0.42511471514090104,27,early
27561,161,0,0.43760827730769947,0.6061147518604704,27,early
27562,162,0,0.6501723675997333,0.5999247037115212,27,early
27563,163,0,0.38477062484045904,0.4254372165432533,27,early
27564,164,0,0.47625309188558473,0.4289565114803807,27,early
27565,165,0,0.5095265967365543,0.49003563870045186,27,early
27566,166,0,0.41141408860013545,0.37806404289290907,27,early
27567,167,0,0.2451212743392609,0.4206257845998712,27,early
27568,168,0,0.3672226875191142,0.5318865450239403,27,early
27569,169,0,0.6019364275817898,0.3964328180947458,27,early
27570,170,0,0.5579594675965007,0.5516157675987128,27,early
27571,171,0,0.42385203103967295,0.40787392093523167,27,early
27572,172,0,0.3854828053508972,0.4814299304666497,27,early
27573,173,0,0.19478115833091147,0.48407084077965523,27,early
27574,174,0,0.39342780921387954,0.4128436155595018,27,early
27575,175,0,0.21839789101412013,0.49450736141804885,27,early
27576,176,0,0.5376429361790673,0.3683589294251678,27,early
27577,177,0,0.45772502349831373,0.5082152279128088,27,early
27578,178,0,0.16934030762217572,0.37310056347589104,27,early
27579,179,0,0.5535471188850529,0.38533014051626946,27,early
27580,180,0,0.33606492745103833,0.3646167403393804,27,early
27581,181,0,0.4650030186548798,0.42299951049303575,27,early
27582,182,0,0.4592887402635481,0.4855993831915809,27,early
27583,183,0,0.3743174792743337,0.5306447656754714,27,early
27584,184,0,0.6103100281264476,0.43610040978247044,27,early
27585,185,0,0.3341787226295348,0.4573565145119359,27,early
27586,186,0,0.5352131803253913,0.44241406810182404,27,early
27587,187,0,0.3241661257245234,0.45719137039512475,27,early
27588,188,0,0.3788897976509919,0.5601727495937959,27,early
27589,189,0,0.13775840830893812,0.448548611616419,27,early
27590,190,0,0.4684209294329108,0.4414518823745579,27,early
27591,191,0,0.7116170783973181,0.3598533072137602,27,early
27592,192,0,0.5555601175067959,0.41021851528398645,27,early
27593,193,0,0.5234908456813899,0.3845929214712617,27,early
27594,194,0,0.6089540639317936,0.4429644813075806,27,early
27595,195,0,0.4677746606696827,0.3952953362641415,27,early
27596,196,0,0.5601224958340116,0.44460649639923944,27,early
27597,197,0,0.3531596790036239,0.5058229435225634,27,early
27598,198,0,0.5031136721140694,0.492500155607556,27,early
27599,199,0,0.3078273987765106,0.38630722761243996,27,early
27600,0,0,0.5220437672436204,0.8393086989265385,27,middle
27601,1,1,0.9406287256728716,0.8161809752391322,27,middle
27602,2,2,0.8714307318836207,1.1365359886761923,27,middle
27603,3,3,0.49860180137043386,0.7765356163778416,27,middle
27604,4,0,0.4489584973084381,0.6784273191196935,27,middle
27605,5,3,0.5085401052690616,0.5900339131224932,27,middle
27606,6,0,0.4911522888687888,0.8919392479510384,27,middle
27607,7,3,0.011155807061247079,0.842794616283853,27,middle
27608,8,3,0.9865440318532628,0.5499384484291241,27,middle
27609,9,3,0.5127540448641662,0.6613770179018595,27,middle
27610,10,3,0.9795214182666763,0.5571194514085265,27,middle
27611,11,3,0.4724426703441136,0.5850631569790107,27,middle
27612,12,3,0.9559668813758447,0.5187570357162856,27,middle
27613,13,3,0.5416072493541327,0.6675899816234798,27,middle
27614,14,3,0.05373495324741745,0.6503487255329298,27,middle
27615,15,3,0.5293417343382181,0.6500246614654919,27,middle
27616,16,3,0.0336265455173229,0.7379161231207673,27,middle
27617,17,3,0.5187698060901315,0.6066149140121571,27,middle
27618,18,3,0.04590606560573785,0.5325123067625566,27,middle
27619,19,3,0.5534222148759285,0.6487294631113032,27,middle
27620,20,3,0.059953423738967795,0.6411298397557941,27,middle
27621,21,3,0.4492537389474821,0.5757126167362807,27,middle
27622,22,3,0.17580712587375133,0.6774293675784999,27,middle
27623,23,3,0.4141991079714227,0.6949303537421179,27,middle
27624,24,3,0.07644007240701704,0.7610294172415889,27,middle
27625,25,3,0.593197406097403,0.5013788983731395,27,middle
27626,26,3,0.7753105839672144,0.31970722049696154,27,middle
27627,27,3,0.35318743988884427,0.45966098731972493,27,middle
27628,28,3,0.11628455465282621,0.6373082387594404,27,middle
27629,29,3,0.3542556726397593,0.48202025329231324,27,middle
27630,30,3,0.2080855942297889,0.708317765112072,27,middle
27631,31,3,0.6192626017909832,0.35376222069472474,27,middle
27632,32,3,0.26406067790153215,0.5319460734134238,27,middle
27633,33,3,0.7369933392487945,0.4578616770929407,27,middle
27634,34,3,0.5874740187722554,0.449817040351082,27,middle
27635,35,3,0.7767935071121738,0.37841791504220534,27,middle
27636,36,3,0.7255410650535468,0.4633277076411155,27,middle
27637,37,3,0.6698268415851243,0.61869211959758,27,middle
27638,38,3,0.22942915884134954,0.41062813090562533,27,middle
27639,39,3,0.19979544743578492,0.5384985532686548,27,middle
27640,40,3,0.7117742942972858,0.3911015523186551,27,middle
27641,41,3,0.7035820049190763,0.4516064059462619,27,middle
27642,42,3,0.3283507837622672,0.5799254927400224,27,middle
27643,43,3,0.18610264690885672,0.36558088037005493,27,middle
27644,44,3,0.7418894230122035,0.2950697450636011,27,middle
27645,45,3,0.7949201284145517,0.47766530083717273,27,middle
27646,46,3,0.6407566716860583,0.36691655972365966,27,middle
27647,47,3,0.20565806416494833,0.6100726227839683,27,middle
27648,48,3,0.7499565860919475,0.3862239435613193,27,middle
27649,49,3,0.6033448911629871,0.4923929568071951,27,middle
27650,50,3,0.26929071658549897,0.39283024569932157,27,middle
27651,51,3,0.259351459044207,0.5926455051761181,27,middle
27652,52,3,0.2713398303604111,0.6820826717610795,27,middle
27653,53,3,0.6604657440173747,0.3449921895828236,27,middle
27654,54,3,0.3508509722099874,0.4853014594130698,27,middle
27655,55,3,0.5101456957322689,0.5015835198412467,27,middle
27656,56,3,0.4484911305001378,0.7387781117440684,27,middle
27657,57,3,0.48710686269041137,0.3675183694241785,27,middle
27658,58,3,0.6180828299662093,0.5579345967812666,27,middle
27659,59,3,0.17062873077799226,0.5364587800828053,27,middle
27660,60,3,0.18268913331801898,0.5163540737874248,27,middle
27661,61,3,0.26194863350483955,0.5618755510836536,27,middle
27662,62,3,0.8166900291184851,0.481114505627957,27,middle
27663,63,3,0.2955996799451611,0.5075383637182955,27,middle
27664,64,3,0.7600090796284269,0.42950330569226525,27,middle
27665,65,3,0.3727224822043951,0.6317412712336814,27,middle
27666,66,3,0.6671444814098095,0.46492803321037746,27,middle
27667,67,3,0.6343411903783488,0.4175791983552161,27,middle
27668,68,3,0.5518157417639895,0.49129121337094606,27,middle
27669,69,3,0.7759524557979298,0.5828827651506837,27,middle
27670,70,3,0.6656439247479893,0.4301695497451351,27,middle
27671,71,3,0.7089291004586145,0.623147571917557,27,middle
27672,72,3,0.5341730611412703,0.6087226817606661,27,middle
27673,73,3,0.3515187030574328,0.30159470017948853,27,middle
27674,74,3,0.5878209603412746,0.35875157631141824,27,middle
27675,75,3,0.32092267026559457,0.3694121835716809,27,middle
27676,76,3,0.30331559156236254,0.3177926887667506,27,middle
27677,77,3,0.3774836407565328,0.474383402419838,27,middle
27678,78,3,0.7191057959158842,0.4394278452633834,27,middle
27679,79,3,0.6528233703952082,0.5366808551560225,27,middle
27680,80,3,0.33975235370815604,0.5045911037517409,27,middle
27681,81,3,0.5845980600969428,0.4489825505988743,27,middle
27682,82,3,0.6542043713499358,0.4122361927298972,27,middle
27683,83,3,0.3568741506781329,0.5437185140571424,27,middle
27684,84,3,0.31186175757126017,0.5469515164266806,27,middle
27685,85,3,0.32396515139181614,0.39536141493820137,27,middle
27686,86,3,0.3017864304181146,0.5207072510428005,27,middle
27687,87,3,0.31026966418388224,0.5007218283354387,27,middle
27688,88,3,0.6258631929138665,0.48117721059135654,27,middle
27689,89,3,0.640510663564454,0.45859395672381587,27,middle
27690,90,3,0.2587927930722661,0.5635634957165163,27,middle
27691,91,3,0.7002133264415717,0.3676432545155699,27,middle
27692,92,3,0.7213891536822699,0.4221219633076918,27,middle
27693,93,3,0.6810047478984043,0.3297176614105548,27,middle
27694,94,3,0.6653848858070448,0.37106892662651925,27,middle
27695,95,3,0.7054254780559326,0.6660672558134031,27,middle
27696,96,3,0.6759798606764458,0.42318807337356557,27,middle
27697,97,3,0.24575902600705424,0.4199378352865706,27,middle
27698,98,3,0.7016336946718285,0.3230448969762648,27,middle
27699,99,3,0.7153105452081583,0.30173587026429594,27,middle
27700,100,3,0.6869799883347862,0.44290693698558203,27,middle
27701,101,3,0.745128055373359,0.42596895835647197,27,middle
27702,102,3,0.2581661587652504,0.4933240574453473,27,middle
27703,103,3,0.25367626002851307,0.4885162566055655,27,middle
27704,104,3,0.7192904997758363,0.42117234637900114,27,middle
27705,105,3,0.689628857005069,0.5193446987311315,27,middle
27706,106,3,0.30355534459353684,0.38777930602018273,27,middle
27707,107,3,0.2732859303041306,0.4579102714670482,27,middle
27708,108,3,0.31597738232822625,0.4794042799722037,27,middle
27709,109,3,0.6731405071701178,0.27510638629449813,27,middle
27710,110,3,0.6565830199229812,0.37384473402887963,27,middle
27711,111,3,0.7108880578507868,0.3965331690626709,27,middle
27712,112,3,0.6404609169565672,0.31447127712525025,27,middle
27713,113,3,0.6983106636588624,0.40278305420901084,27,middle
27714,114,3,0.29572294164075996,0.5014795056663601,27,middle
27715,115,3,0.7339518961517786,0.3339348467639055,27,middle
27716,116,3,0.6708877328877159,0.35737037282331363,27,middle
27717,117,3,0.7034205475633382,0.4119935036442399,27,middle
27718,118,3,0.6855716847208614,0.4306579955387661,27,middle
27719,119,3,0.29406211137082794,0.5695767181064795,27,middle
27720,120,3,0.6861790519846467,0.47374490199540287,27,middle
27721,121,3,0.2844773679253647,0.4486888852353651,27,middle
27722,122,3,0.18933495350248114,0.5921229266058357,27,middle
27723,123,3,0.2826482158681784,0.3467607163402886,27,middle
27724,124,3,0.3892604013086429,0.468256541219299,27,middle
27725,125,3,0.30588715257851534,0.5077742924689963,27,middle
27726,126,3,0.31789039729843255,0.47394310680060214,27,middle
27727,127,3,0.7070099692285298,0.48580998162793676,27,middle
27728,128,3,0.6002876612173189,0.44298206273050156,27,middle
27729,129,3,0.7362752897801539,0.6545967669231831,27,middle
27730,130,3,0.68946622865885,0.5022274444977958,27,middle
27731,131,3,0.7294176849610357,0.41905040158182727,27,middle
27732,132,3,0.5340830679963453,0.6421523340988134,27,middle
27733,133,3,0.25275009734711346,0.5249835416341027,27,middle
27734,134,3,0.5357109217873601,0.3114096306915304,27,middle
27735,135,3,0.7125583020550829,0.46146421504676316,27,middle
27736,136,3,0.5388768382951733,0.5232884610205607,27,middle
27737,137,3,0.753631328062948,0.4615155213651687,27,middle
27738,138,3,0.4588580225117412,0.41919018311393674,27,middle
27739,139,3,0.24511684634865058,0.46522227649029785,27,middle
27740,140,3,0.5454468175382294,0.6609666352965127,27,middle
27741,141,3,0.287112158985816,0.5339924095159512,27,middle
27742,142,3,0.5782231682207516,0.379405032492385,27,middle
27743,143,3,0.6450971783711528,0.36955342938309466,27,middle
27744,144,3,0.46512467802014096,0.5732740555839102,27,middle
27745,145,3,0.5978072687291788,0.5401778829532138,27,middle
27746,146,3,0.7421328793818107,0.3844675443969805,27,middle
27747,147,3,0.7551925069516154,0.6008191891832972,27,middle
27748,148,3,0.39131738508460967,0.32423096841293,27,middle
27749,149,3,0.2577042221735144,0.5359775078986162,27,middle
27750,150,3,0.4605428106452937,0.2834799252377863,27,middle
27751,151,3,0.6600970524851346,0.48994900088228166,27,middle
27752,152,3,0.558673650893752,0.4708419743599117,27,middle
27753,153,3,0.2664002621225289,0.5574270083204532,27,middle
27754,154,3,0.5263075711755018,0.3276456420767816,27,middle
27755,155,3,0.25361155388039613,0.4261296514290528,27,middle
27756,156,3,0.6951929258845794,0.39417133875225563,27,middle
27757,157,3,0.6671896913027401,0.43020913938654204,27,middle
27758,158,3,0.5682786091813379,0.5563313531834178,27,middle
27759,159,3,0.28804365038842483,0.4449525640976209,27,middle
27760,160,3,0.7329050828060234,0.43470413486831755,27,middle
27761,161,3,0.6835999506831965,0.56920882300569,27,middle
27762,162,3,0.4549977553496203,0.34673372251281676,27,middle
27763,163,3,0.6530607932205758,0.4315757661582851,27,middle
27764,164,3,0.6949871740470288,0.3240083261316128,27,middle
27765,165,3,0.2898606956317756,0.7049658874358894,27,middle
27766,166,3,0.6007075002641425,0.5135129762123963,27,middle
27767,167,3,0.2877502443605804,0.45844472759145716,27,middle
27768,168,3,0.6362950067252164,0.3956385486632446,27,middle
27769,169,3,0.33064830490942115,0.5766294856840712,27,middle
27770,170,3,0.7059603358241695,0.42291937733043644,27,middle
27771,171,3,0.6616251426703118,0.31416382077470656,27,middle
27772,172,3,0.2916664634559173,0.35210513247255737,27,middle
27773,173,3,0.27199340148528384,0.43963443766669447,27,middle
27774,174,3,0.6238366487525456,0.402703682854162,27,middle
27775,175,3,0.5552553056963487,0.33705052926865847,27,middle
27776,176,3,0.3738908165882896,0.5026032802971613,27,middle
27777,177,3,0.6713259502326746,0.5031918696931144,27,middle
27778,178,3,0.22700354136506457,0.43005953037538186,27,middle
27779,179,3,0.2761582593765123,0.526596552051005,27,middle
27780,180,3,0.2812592404855407,0.4083703562802358,27,middle
27781,181,3,0.29565341553402086,0.49879916156060206,27,middle
27782,182,3,0.29765208680097666,0.4529979164269657,27,middle
27783,183,3,0.6960451267603995,0.3318788040476057,27,middle
27784,184,3,0.6849662118679742,0.37154288213813025,27,middle
27785,185,3,0.3044082505451163,0.3752120407814544,27,middle
27786,186,3,0.5763276155280515,0.532600943721733,27,middle
27787,187,3,0.2731951457724548,0.5751066436580174,27,middle
27788,188,3,0.3059973821077205,0.6019308480821879,27,middle
27789,189,3,0.6268565496542289,0.40971788912277585,27,middle
27790,190,3,0.5325063483618552,0.3486627725872399,27,middle
27791,191,3,0.7027323591628837,0.4739734583644243,27,middle
27792,192,3,0.6283859763002396,0.4335485703536532,27,middle
27793,193,3,0.7152963576344507,0.4038451179893122,27,middle
27794,194,3,0.3133063535295617,0.4245880894994013,27,middle
27795,195,3,0.7603641011587152,0.5265396569272889,27,middle
27796,196,3,0.7725324413100035,0.3626542582697314,27,middle
27797,197,3,0.27412827920066746,0.4063331322529187,27,middle
27798,198,3,0.4765204689830166,0.4455340602892818,27,middle
27799,199,3,0.7241578194502423,0.33465018446208455,27,middle
27800,0,0,0.864098574040534,0.42061608352859253,27,late
27801,1,0,0.34938433548216274,0.6438381370864159,27,late
27802,2,0,0.20534038969191565,0.5919774113681668,27,late
27803,3,0,0.3251084155551807,0.6750648429038537,27,late
27804,4,0,0.12746019727048946,0.6447530120249001,27,late
27805,5,0,0.7216128467710797,0.5410819223975335,27,late
27806,6,0,0.7780050172103725,0.37708807375089193,27,late
27807,7,0,0.4381119497113952,0.46160601674261803,27,late
27808,8,0,0.18611604506243024,0.4755352341446709,27,late
27809,9,0,0.7578053700281261,0.4226907259436402,27,late
27810,10,0,0.2332021351511318,0.46613260046526306,27,late
27811,11,0,0.5568070557139528,0.532291478515274,27,late
27812,12,0,0.7520809762099833,0.31284488712907804,27,late
27813,13,0,0.7585972705476248,0.4466138921206092,27,late
27814,14,0,0.767450319890862,0.44748972745647375,27,late
27815,15,0,0.465603126788073,0.4766797607944084,27,late
27816,16,0,0.783280869203949,0.38704565356016996,27,late
27817,17,0,0.7038182415488757,0.4957741023308464,27,late
27818,18,0,0.39845495804303266,0.5643142935287117,27,late
27819,19,0,0.7348267976765797,0.3277567979212678,27,late
27820,20,0,0.21664282710527843,0.44606021047776373,27,late
27821,21,0,0.8508114950394183,0.4216666159088715,27,late
27822,22,0,0.3510084513930719,0.41004977196923764,27,late
27823,23,0,0.4598017790281556,0.4837584795209101,27,late
27824,24,0,0.443063537482865,0.5290501060348269,27,late
27825,25,0,0.8728568919306638,0.4681963132739837,27,late
27826,26,0,0.5189714489009576,0.5934105099914928,27,late
27827,27,0,0.3119278535820061,0.4940654231676642,27,late
27828,28,0,0.4716614765616034,0.3328750275116259,27,late
27829,29,0,0.7258138430363862,0.4537273654703074,27,late
27830,30,0,0.5799803483276089,0.4280593825229332,27,late
27831,31,0,0.8901374367772041,0.48763464020613456,27,late
27832,32,0,0.5727009120972573,0.49152672290674504,27,late
27833,33,0,0.672350506439376,0.5453200927410837,27,late
27834,34,0,0.5278669798899407,0.5312654970999614,27,late
27835,35,0,0.8858409536906049,0.5838875566648203,27,late
27836,36,0,0.5717382466670411,0.5548825554179296,27,late
27837,37,0,0.6831063398045545,0.40286425124201813,27,late
27838,38,0,0.5492782041359675,0.4239001020306079,27,late
27839,39,0,0.09820698130957733,0.5448025600188879,27,late
27840,40,0,0.3465306373826129,0.41890338889050177,27,late
27841,41,0,0.7779117500434425,0.3793663797794553,27,late
27842,42,0,0.6923390059220829,0.6344174742042961,27,late
27843,43,0,0.6754639412068049,0.5896342894422459,27,late
27844,44,0,0.4407671023574698,0.5948298469159401,27,late
27845,45,0,0.6373929713806231,0.3160011295899411,27,late
27846,46,0,0.64445100742489,0.4137535763680938,27,late
27847,47,0,0.9107871501010915,0.3942127408965067,27,late
27848,48,0,0.5679571847341313,0.6522993323299853,27,late
27849,49,0,0.08888901038965868,0.5223509584141359,27,late
27850,50,0,0.534253127887904,0.5494182121681546,27,late
27851,51,0,0.8723461752811754,0.5303797262365741,27,late
27852,52,0,0.5536118251213927,0.4390108201914105,27,late
27853,53,0,0.8602412566866783,0.47208448431514205,27,late
27854,54,0,0.5167031165900989,0.3585251880401671,27,late
27855,55,0,0.2596146097088943,0.5357529072069278,27,late
27856,56,0,0.5646483694153691,0.620364453679809,27,late
27857,57,0,0.4320128709887381,0.5116881722929945,27,late
27858,58,0,0.4033999971224889,0.4379401065576225,27,late
27859,59,0,0.8354701137013559,0.5340995043212475,27,late
27860,60,0,0.6146149053134318,0.44338824662689136,27,late
27861,61,0,0.04332919510634702,0.47298197453236923,27,late
27862,62,0,0.567924605376103,0.5186892586767313,27,late
27863,63,0,0.7772865426986139,0.3943838074693443,27,late
27864,64,0,0.5604285389826258,0.5954189318465526,27,late
27865,65,0,0.7558857354349235,0.3421064720699537,27,late
27866,66,0,0.6688960598608961,0.44415582792654407,27,late
27867,67,0,0.9337825687105973,0.3734980930290862,27,late
27868,68,0,0.6623838567415826,0.5532685280974219,27,late
27869,69,0,0.05935330559154105,0.5357855056546164,27,late
27870,70,0,0.6039139767448978,0.45119267961084764,27,late
27871,71,0,0.06001910392959441,0.7105467982379059,27,late
27872,72,0,0.48622898074517495,0.4486037296640745,27,late
27873,73,0,0.8868341270109583,0.37621999496691827,27,late
27874,74,0,0.49773516386799,0.3693057810158237,27,late
27875,75,0,0.17737626709160642,0.3738356479441893,27,late
27876,76,0,0.5485249689317955,0.5739152800302896,27,late
27877,77,0,0.7865899148026098,0.29480201987173754,27,late
27878,78,0,0.729579214435026,0.48164119885213214,27,late
27879,79,0,0.8322685112521016,0.40109486039285686,27,late
27880,80,0,0.5072360558509865,0.46207603776227346,27,late
27881,81,0,0.29416472089484863,0.44557096666353463,27,late
27882,82,0,0.811951804585944,0.5330745466647638,27,late
27883,83,0,0.6204064404083193,0.4767316988366155,27,late
27884,84,0,0.23525352050266923,0.32144087956645795,27,late
27885,85,0,0.5355460956131415,0.4938291827944795,27,late
27886,86,0,0.4718744819653786,0.4596838326756013,27,late
27887,87,0,0.46103319136991194,0.31299379480696904,27,late
27888,88,0,0.4124169806413002,0.3938056019916055,27,late
27889,89,0,0.529886037018408,0.4616989185171828,27,late
27890,90,0,0.6881791510487915,0.38316705591826006,27,late
27891,91,0,0.7542566345840792,0.4143419523418195,27,late
27892,92,0,0.6516350935635824,0.38079678852230836,27,late
27893,93,0,0.6611208585010333,0.43391070186503133,27,late
27894,94,0,0.41681063859822076,0.4871018470282008,27,late
27895,95,0,0.4032221710105382,0.48824076025430574,27,late
27896,96,0,0.6967795492974364,0.44744328610899514,27,late
27897,97,0,0.40139190298541144,0.4760905087775858,27,late
27898,98,0,0.7096256040812967,0.34365961901129155,27,late
27899,99,0,0.6130421517333745,0.39384466120933265,27,late
27900,100,0,0.7288702960919662,0.4534434783386581,27,late
27901,101,0,0.4328373973309695,0.43139847825475003,27,late
27902,102,0,0.6718503644111513,0.4515398261932311,27,late
27903,103,0,0.7509703746752903,0.4313514949427073,27,late
27904,104,0,0.3251958974004481,0.48640789423556596,27,late
27905,105,0,0.24009538641464426,0.3747991890512719,27,late
27906,106,0,0.2679671172517623,0.5342179608421505,27,late
27907,107,0,0.3006139719776959,0.6119194443264211,27,late
27908,108,0,0.6405671519851295,0.5585655749674986,27,late
27909,109,0,0.7974762339778352,0.365978130324258,27,late
27910,110,0,0.5738612458301982,0.40466933067564936,27,late
27911,111,0,0.7013346976061123,0.3230718255160344,27,late
27912,112,0,0.5832769134190487,0.3965730710231494,27,late
27913,113,0,0.5557788667724248,0.4138738191495962,27,late
27914,114,0,0.4517727748908732,0.4053275933498491,27,late
27915,115,0,0.5843133248005097,0.3378471527471649,27,late
27916,116,0,0.6994782139803615,0.4339887846319883,27,late
27917,117,0,0.6606476132426972,0.3941885090582432,27,late
27918,118,0,0.591352627980848,0.4066517131999964,27,late
27919,119,0,0.5863211886950409,0.5067149738676963,27,late
27920,120,0,0.6674068632726335,0.39581329276983035,27,late
27921,121,0,0.5342289141061899,0.44680239977842057,27,late
27922,122,0,0.8417394173227682,0.33311278361536134,27,late
27923,123,0,0.1042585638491037,0.40610580878218955,27,late
27924,124,0,0.6765888212672929,0.6253992297031522,27,late
27925,125,0,0.7197378394136394,0.4510874433260921,27,late
27926,126,0,0.1611173076262692,0.4979916588088217,27,late
27927,127,0,0.03251600003852152,0.5185036880357604,27,late
27928,128,0,0.7874311040857486,0.3289349021794433,27,late
27929,129,0,0.5487129167214586,0.48651411095832103,27,late
27930,130,0,0.609091968786884,0.4530731624747064,27,late
27931,131,0,0.5495478393615676,0.3543999837026574,27,late
27932,132,0,0.07556348397491937,0.5189807093608882,27,late
27933,133,0,0.13248654306313512,0.440674009166361,27,late
27934,134,0,0.47196540636627443,0.40337285664441064,27,late
27935,135,0,0.7139193073116314,0.49420451856100056,27,late
27936,136,0,0.1217405288186167,0.38510245481623073,27,late
27937,137,0,0.4080864526529487,0.5206615433562208,27,late
27938,138,0,0.9410121141111915,0.5020026419075263,27,late
27939,139,0,0.7446665376963226,0.3800107700610219,27,late
27940,140,0,0.14736513090515602,0.4225181354731953,27,late
27941,141,0,0.7904256902552225,0.5690239451010605,27,late
27942,142,0,0.6955493439879425,0.3835711319687394,27,late
27943,143,0,0.06407474274189312,0.4012055683009669,27,late
27944,144,0,0.7045376182470351,0.3111858136431612,27,late
27945,145,0,0.5011087286014114,0.5675245114624432,27,late
27946,146,0,0.8633285988277903,0.4550788848120446,27,late
27947,147,0,0.26339205431139273,0.5054086633046043,27,late
27948,148,0,0.27738921962369595,0.4181745170962957,27,late
27949,149,0,0.19302747975127793,0.4039192669726185,27,late
27950,150,0,0.31841247976915504,0.4008621035003429,27,late
27951,151,0,0.7310828493590127,0.3624454250545812,27,late
27952,152,0,0.44406672591151286,0.43597918607488534,27,late
27953,153,0,0.5354774031928227,0.47716508574871164,27,late
27954,154,0,0.2991227663617986,0.3367226727131063,27,late
27955,155,0,0.30745523477493614,0.49416908697255435,27,late
27956,156,0,0.6453231419613015,0.5526060117572225,27,late
27957,157,0,0.2535601196642495,0.5113919901693749,27,late
27958,158,0,0.06928114396691613,0.5494149455025705,27,late
27959,159,0,0.259346495201773,0.5101577360697236,27,late
27960,160,0,0.48327468597338175,0.36440307996953003,27,late
27961,161,0,0.3727505358330659,0.36078339017734123,27,late
27962,162,0,0.7942364524031471,0.4355525789972664,27,late
27963,163,0,0.10712982699710874,0.4611509249889038,27,late
27964,164,0,0.39081206338045543,0.42506268336984127,27,late
27965,165,0,0.431995270510953,0.46223529779345873,27,late
27966,166,0,0.6113839225340981,0.4572278333480172,27,late
27967,167,0,0.5973536615813169,0.5185649192700008,27,late
27968,168,0,0.7380239149020418,0.5980066351171186,27,late
27969,169,0,0.6635137046913903,0.4367819235606352,27,late
27970,170,0,0.6363253109223677,0.4086630054001179,27,late
27971,171,0,0.565150293607619,0.40819436463363745,27,late
27972,172,0,0.747851119985051,0.43208605451654447,27,late
27973,173,0,0.7396110930798623,0.4836266042009826,27,late
27974,174,0,0.35538087210117575,0.3042988885605492,27,late
27975,175,0,0.8400399869209885,0.5470734070636711,27,late
27976,176,0,0.5204302503462729,0.5111050943664286,27,late
27977,177,0,0.7032562374374574,0.5162800603576785,27,late
27978,178,0,0.6727656281124911,0.33314691071480174,27,late
27979,179,0,0.739019358150496,0.3999377819077711,27,late
27980,180,0,0.7812644089747416,0.4085999021418787,27,late
27981,181,0,0.3822020276189442,0.4745495002993053,27,late
27982,182,0,0.37993677028618966,0.5381104163142499,27,late
27983,183,0,0.7686469240232914,0.40365746518018875,27,late
27984,184,0,0.7363415609966212,0.6495793134500549,27,late
27985,185,0,0.30512247729186714,0.5593764856031896,27,late
27986,186,0,0.24927869518130263,0.49108882347798344,27,late
27987,187,0,0.3764970499621467,0.42714040606830944,27,late
27988,188,0,0.7766238698888204,0.31912976335810644,27,late
27989,189,0,0.235727627149465,0.4164762932926079,27,late
27990,190,0,0.20080328599724506,0.42286035321750504,27,late
27991,191,0,0.41815834764273513,0.4353723177071891,27,late
27992,192,0,0.21965661404150288,0.4483918551642654,27,late
27993,193,0,0.3190678712295553,0.542641170536606,27,late
27994,194,0,0.3230781202229268,0.5036149011349151,27,late
27995,195,0,0.43525658820703755,0.3981891926227178,27,late
27996,196,0,0.47922461373140784,0.4753083458276201,27,late
27997,197,0,0.5841892906326083,0.44649231094343234,27,late
27998,198,0,0.4921526143470716,0.4904384774671944,27,late
27999,199,0,0.7653870131215564,0.35757967515990985,27,late
28000,0,0,0.40203432294677865,0.9079084586577173,28,interleaved
28001,1,1,0.8427028582764123,0.6623172783945864,28,interleaved
28002,2,1,0.3421875512857585,0.7805438102760847,28,interleaved
28003,3,1,0.767348621529168,0.5532555873739644,28,interleaved
28004,4,1,0.41938195373408216,0.5633025471244701,28,interleaved
28005,5,1,0.2898612076034174,0.679014709080064,28,interleaved
28006,6,1,0.42032605330497813,0.4812650244874661,28,interleaved
28007,7,0,0.7549479550537517,0.6049361819356243,28,interleaved
28008,8,2,0.4256805590772917,0.9800002498299403,28,interleaved
28009,9,3,0.005035128851339389,1.173904235604443,28,interleaved
28010,10,4,0.4904900700240768,1.2324969898715823,28,interleaved
28011,11,5,0.10752792345551512,1.0912766087349066,28,interleaved
28012,12,6,0.13403453317749364,1.0245411283340622,28,interleaved
28013,13,7,0.49271901402479096,0.7929261590423846,28,interleaved
28014,14,7,0.018046602358731196,0.9435085438952371,28,interleaved
28015,15,1,0.7445382967342986,0.554883407757332,28,interleaved
28016,16,0,0.5258535540052323,0.5978748485395726,28,interleaved
28017,17,0,0.29941125923321876,0.6904764702831223,28,interleaved
28018,18,1,0.45083542738158183,0.43708633700184896,28,interleaved
28019,19,1,0.7203823906607193,0.5333445695268755,28,interleaved
28020,20,8,0.18338559003359553,1.3432391316906145,28,interleaved
28021,21,1,0.7236070637987944,0.5245292826140164,28,interleaved
28022,22,7,0.9700874499992108,0.4981095929451925,28,interleaved
28023,23,1,0.13844047627350017,0.8153902352139653,28,interleaved
28024,24,9,0.3960077411978007,1.1223939969179084,28,interleaved
28025,25,7,0.49756866950696643,0.7161830419002568,28,interleaved
28026,26,1,0.6452034097373932,0.6756351938167642,28,interleaved
28027,27,1,0.24248345240483038,0.652623793714599,28,interleaved
28028,28,1,0.624218188778382,0.5594201696128861,28,interleaved
28029,29,1,0.23742482177314622,0.6137257414192525,28,interleaved
28030,30,7,0.041455875030307496,0.7670225583144192,28,interleaved
28031,31,7,0.5069740656607442,0.8058611151615753,28,interleaved
28032,32,1,0.4845745255979829,0.5733829277300021,28,interleaved
28033,33,1,0.6556606039231551,0.6372563956613818,28,interleaved
28034,34,1,0.48767183471637526,0.5688203820376225,28,interleaved
28035,35,1,0.7382728840888055,0.5787234779686221,28,interleaved
28036,36,1,0.7631472760439311,0.7775381047374208,28,interleaved
28037,37,1,0.7469929511237201,0.4657952992511595,28,interleaved
28038,38,1,0.509198221347412,0.6365983555567178,28,interleaved
28039,39,1,0.22329701676742492,0.5466068936342406,28,interleaved
28040,40,1,0.566610467925934,0.7026546733631561,28,interleaved
28041,41,1,0.6514726621175251,0.5079326133777834,28,interleaved
28042,42,1,0.6084501716865955,0.5438473781256314,28,interleaved
28043,43,1,0.7139954232441402,0.528916986992335,28,interleaved
28044,44,1,0.5697589178178398,0.3443929437987242,28,interleaved
28045,45,1,0.20716643757362851,0.5546114927011667,28,interleaved
28046,46,1,0.4760105768337072,0.7129589210171168,28,interleaved
28047,47,1,0.6170338101389377,0.5085926895795715,28,interleaved
28048,48,1,0.45598344378068384,0.5347530089336008,28,interleaved
28049,49,1,0.27079942578330896,0.5048596585576591,28,interleaved
28050,50,1,0.44504449593159257,0.42829831282079456,28,interleaved
28051,51,1,0.26570067185887297,0.44243952005356957,28,interleaved
28052,52,1,0.5782731978530198,0.5688388657266054,28,interleaved
28053,53,1,0.3777040206192773,0.6364740561993232,28,interleaved
28054,54,1,0.4834679762845233,0.5837440832072921,28,interleaved
28055,55,1,0.41555350955712167,0.581799582493728,28,interleaved
28056,56,1,0.4406442650173521,0.5054390744755468,28,interleaved
28057,57,1,0.5054396287700903,0.5304701586234113,28,interleaved
28058,58,1,0.48014584330023136,0.5781467675670813,28,interleaved
28059,59,1,0.5248831055159968,0.5492964212227849,28,interleaved
28060,60,1,0.5131711470461404,0.6642722529838713,28,interleaved
28061,61,1,0.44965152299695904,0.4396429205106038,28,interleaved
28062,62,1,0.3994269874707628,0.5666359777864824,28,interleaved
28063,63,1,0.4945778545604943,0.5164315826976416,28,interleaved
28064,64,1,0.4170762154137819,0.5295382611118795,28,interleaved
28065,65,1,0.5430062596842193,0.4021301702433663,28,interleaved
28066,66,1,0.7512382838179992,0.5372230286348632,28,interleaved
28067,67,1,0.4996937523562523,0.4786918306930489,28,interleaved
28068,68,1,0.2904799906766382,0.6524556788605792,28,interleaved
28069,69,1,0.412527107896964,0.5668638515670201,28,interleaved
28070,70,1,0.761646320889369,0.5324724734378373,28,interleaved
28071,71,1,0.5409701218503463,0.5260624684347859,28,interleaved
28072,72,1,0.23732083197071835,0.5858925190829294,28,interleaved
28073,73,1,0.5537467697271649,0.508253111719208,28,interleaved
28074,74,1,0.7992930345945191,0.37369426273473805,28,interleaved
28075,75,1,0.5238845045428765,0.5347715550256752,28,interleaved
28076,76,1,0.2196271643296544,0.4109904027082108,28,interleaved
28077,77,1,0.4278085553151309,0.49090042175544446,28,interleaved
28078,78,1,0.22328579160889092,0.5672267506972067,28,interleaved
28079,79,1,0.5984400198935413,0.5611862801113425,28,interleaved
28080,80,1,0.8162326151129666,0.41723013238661677,28,interleaved
28081,81,1,0.5448139833717435,0.41597099143919397,28,interleaved
28082,82,1,0.20416795896221812,0.5359869061123501,28,interleaved
28083,83,1,0.39322549984138055,0.5601529038091879,28,interleaved
28084,84,1,0.8604520129495722,0.3632104090536089,28,interleaved
28085,85,1,0.5683147911086239,0.4865052658217558,28,interleaved
28086,86,1,0.23880849453100278,0.45672738816831915,28,interleaved
28087,87,1,0.5487344312939569,0.5467212135101152,28,interleaved
28088,88,1,0.8651881844367236,0.46904463993245554,28,interleaved
28089,89,1,0.38543250336307955,0.4685788790340827,28,interleaved
28090,90,1,0.8582215952476708,0.4021843362902105,28,interleaved
28091,91,1,0.4093665056717051,0.4706749006045613,28,interleaved
28092,92,1,0.8929734201212041,0.5219919033402414,28,interleaved
28093,93,1,0.5677411166030788,0.5839528803815676,28,interleaved
28094,94,1,0.17942510506185544,0.6854965228424761,28,interleaved
28095,95,1,0.5413057376021716,0.5114291044891548,28,interleaved
28096,96,1,0.11431254821532605,0.5625248366356583,28,interleaved
28097,97,1,0.55484368717102,0.5137496537576255,28,interleaved
28098,98,1,0.1491021385694392,0.6152514061788668,28,interleaved
28099,99,1,0.3764583168359023,0.5240471159716664,28,interleaved
28100,100,1,0.8488672495142267,0.5656828425007464,28,interleaved
28101,101,1,0.3655202588735009,0.48391945263336605,28,interleaved
28102,102,1,0.8754196051217518,0.46888369048509615,28,interleaved
28103,103,1,0.4052536478926501,0.6328123713185276,28,interleaved
28104,104,1,0.17766790706191918,0.5371021840846202,28,interleaved
28105,105,1,0.6133360969337992,0.5297752189885152,28,interleaved
28106,106,1,0.19617828919700991,0.5360211978483307,28,interleaved
28107,107,1,0.42522863057417665,0.5334047307576818,28,interleaved
28108,108,1,0.8860591814850496,0.5150896435389168,28,interleaved
28109,109,1,0.39165277730450887,0.572693020011572,28,interleaved
28110,110,1,0.11865993633278238,0.5125451579411657,28,interleaved
28111,111,1,0.5472809038807667,0.6236182262084458,28,interleaved
28112,112,1,0.8707691153296317,0.42418744385726315,28,interleaved
28113,113,1,0.3481636177393259,0.5669869718080176,28,interleaved
28114,114,1,0.9141268059098778,0.3586838010869996,28,interleaved
28115,115,1,0.5449856067936077,0.4893050113642265,28,interleaved
28116,116,1,0.9190243790352681,0.38106303499702354,28,interleaved
28117,117,1,0.5796375107113038,0.4422206797704171,28,interleaved
28118,118,1,0.15580744933948076,0.5265424938780341,28,interleaved
28119,119,1,0.5555708313581162,0.4953690393044583,28,interleaved
28120,120,1,0.9254345971812211,0.4841975558279094,28,interleaved
28121,121,1,0.5546256063711336,0.412562403858482,28,interleaved
28122,122,1,0.9298706200588276,0.3347294979741495,28,interleaved
28123,123,1,0.5531652925134625,0.5508765829202474,28,interleaved
28124,124,1,0.8728124762103726,0.3871987118356705,28,interleaved
28125,125,1,0.3764399874628303,0.5898949135763247,28,interleaved
28126,126,1,0.9211215433797035,0.43491684710957146,28,interleaved
28127,127,1,0.3835132855323548,0.6163162000161138,28,interleaved
28128,128,1,0.19961914919363563,0.6244816233972815,28,interleaved
28129,129,1,0.564932483080355,0.5137749230481214,28,interleaved
28130,130,1,0.9003710701572634,0.2898279788606541,28,interleaved
28131,131,1,0.5706377024171111,0.48063667440273605,28,interleaved
28132,132,1,0.8953573036643363,0.3981660627219724,28,interleaved
28133,133,1,0.38302505648019847,0.47264214971793594,28,interleaved
28134,134,1,0.17601604987708255,0.7079958967081378,28,interleaved
28135,135,1,0.3162852197372208,0.5102545090959938,28,interleaved
28136,136,1,0.85145262980538,0.5097025147181211,28,interleaved
28137,137,1,0.3757635142284702,0.4062854097528329,28,interleaved
28138,138,1,0.8972843189847304,0.4219916741091404,28,interleaved
28139,139,1,0.3939877909580515,0.5813810823781401,28,interleaved
28140,140,1,0.9068363889062496,0.47314390808929907,28,interleaved
28141,141,1,0.45262152313451204,0.5070012858124737,28,interleaved
28142,142,1,0.9187655072366692,0.4832749458964116,28,interleaved
28143,143,1,0.52024254464735,0.536452089130555,28,interleaved
28144,144,1,0.917206906455623,0.4523438364390693,28,interleaved
28145,145,1,0.46942294636718435,0.46927525058519004,28,interleaved
28146,146,1,0.9483485058024672,0.38634454997837075,28,interleaved
28147,147,1,0.4670197026274483,0.5877573363176272,28,interleaved
28148,148,1,0.06923863052951358,0.5563019990308331,28,interleaved
28149,149,1,0.5108894947638786,0.4893969804137158,28,interleaved
28150,150,1,0.11642962606911496,0.5309290383606605,28,interleaved
28151,151,1,0.46834460179072895,0.5607508081181257,28,interleaved
28152,152,1,0.13100980455420805,0.6621742672877331,28,interleaved
28153,153,1,0.4494734604522633,0.5522781565285584,28,interleaved
28154,154,1,0.9118892788432866,0.4517961206270299,28,interleaved
28155,155,1,0.47754440365550693,0.5969316763616124,28,interleaved
28156,156,1,0.912954164576781,0.35175621598107853,28,interleaved
28157,157,1,0.48387621716591456,0.580698047328436,28,interleaved
28158,158,1,0.892666874800403,0.535736942597046,28,interleaved
28159,159,1,0.4926678551351264,0.5445548320393945,28,interleaved
28160,160,1,0.47543148368017485,0.4844627776542845,28,interleaved
28161,161,1,0.8448697354886658,0.3248051321106523,28,interleaved
28162,162,1,0.19355453384178106,0.572358645445801,28,interleaved
28163,163,1,0.1664838416787952,0.773983973269058,28,interleaved
28164,164,1,0.17756311611665668,0.4931295919648502,28,interleaved
28165,165,1,0.18010377168538477,0.44835797748521256,28,interleaved
28166,166,1,0.8753718693335469,0.4178707257753176,28,interleaved
28167,167,1,0.8685093835200819,0.3601673805507887,28,interleaved
28168,168,1,0.8661913456483199,0.28896073225209695,28,interleaved
28169,169,1,0.9138629682066337,0.5929362906386035,28,interleaved
28170,170,1,0.8976960773254058,0.3223711451143076,28,interleaved
28171,171,1,0.938660965870411,0.5119864078886756,28,interleaved
28172,172,1,0.931073771653832,0.3970130286071142,28,interleaved
28173,173,1,0.9432645250698255,0.336578774420342,28,interleaved
28174,174,1,0.4860943621056618,0.45837665420783813,28,interleaved
28175,175,1,0.10783782286715085,0.5998343732241349,28,interleaved
28176,176,1,0.47101586004511414,0.6023381481762765,28,interleaved
28177,177,1,0.5060463149467803,0.4372708612515428,28,interleaved
28178,178,1,0.4862453036474116,0.46299169466969003,28,interleaved
28179,179,1,0.9084661412591378,0.4677945069082964,28,interleaved
28180,180,1,0.47721176817187766,0.6134939705207564,28,interleaved
28181,181,1,0.4994061376771223,0.4512233560116019,28,interleaved
28182,182,1,0.4741375557718617,0.4973866262633,28,interleaved
28183,183,1,0.4986614748506154,0.5015881426542949,28,interleaved
28184,184,1,0.08350252456035683,0.5124161018815115,28,interleaved
28185,185,1,0.502058752153489,0.5471390101574745,28,interleaved
28186,186,1,0.4842154227990943,0.527309268697127,28,interleaved
28187,187,1,0.9407663497811369,0.3429426134869843,28,interleaved
28188,188,1,0.4799075686988169,0.41262785798591756,28,interleaved
28189,189,1,0.9388971189050583,0.41935068581090296,28,interleaved
28190,190,1,0.506651660413873,0.4913870442721294,28,interleaved
28191,191,1,0.5096907448371352,0.4824576897318722,28,interleaved
28192,192,1,0.08456684025685535,0.4497237008795043,28,interleaved
28193,193,1,0.4763966488016234,0.5749970495883734,28,interleaved
28194,194,1,0.49463714960900146,0.3798387457860992,28,interleaved
28195,195,1,0.9313590207757876,0.38084934674006177,28,interleaved
28196,196,1,0.5013837360496486,0.5281910411282214,28,interleaved
28197,197,1,0.07893624487878012,0.5550839238303119,28,interleaved
28198,198,1,0.504190243174486,0.5123660265909357,28,interleaved
28199,199,1,0.5150088671201397,0.4240725199836077,28,interleaved
28200,0,0,0.4263464098249329,0.8918118762486213,28,blocked
28201,1,0,0.3635305800867326,0.8490559725482227,28,blocked
28202,2,0,0.43849410324043875,0.4649075304850156,28,blocked
28203,3,0,0.44540747913873135,0.596080960236304,28,blocked
28204,4,0,0.7513844151976604,0.6933675499532228,28,blocked
28205,5,0,0.47071517891625614,0.7216143951852314,28,blocked
28206,6,0,0.39195018274030585,0.6314789157189667,28,blocked
28207,7,0,0.6608471369426101,0.6221826175973979,28,blocked
28208,8,0,0.4436659327471876,0.602168550695676,28,blocked
28209,9,0,0.4469256130965101,0.6149678297393237,28,blocked
28210,10,0,0.6647421263108046,0.6841924622833232,28,blocked
28211,11,0,0.4093792384795879,0.6056098349757572,28,blocked
28212,12,0,0.5743137788328481,0.6636818805036522,28,blocked
28213,13,0,0.5881078011747054,0.5105031219535754,28,blocked
28214,14,0,0.33443428956402643,0.546661319866301,28,blocked
28215,15,0,0.6140398731396866,0.542110648599201,28,blocked
28216,16,0,0.3298858813721075,0.6767610730015275,28,blocked
28217,17,0,0.5235396242687361,0.5603139785469335,28,blocked
28218,18,0,0.5727220914345417,0.5277358584563521,28,blocked
28219,19,0,0.4324759073199722,0.6737030642264485,28,blocked
28220,20,0,0.6195041619881752,0.5440756326551409,28,blocked
28221,21,0,0.34228140750752045,0.5995340822572779,28,blocked
28222,22,0,0.6685055596230098,0.46710072286342574,28,blocked
28223,23,0,0.5031243351150646,0.6592906498255444,28,blocked
28224,24,0,0.6092987196128852,0.569676777078286,28,blocked
28225,25,0,0.6219307198807629,0.7294818425102247,28,blocked
28226,26,0,0.2656610248895245,0.6111026176875479,28,blocked
28227,27,0,0.7587042789372878,0.6703782173418964,28,blocked
28228,28,0,0.3886341334748087,0.3899388755180785,28,blocked
28229,29,0,0.763440685726124,0.36667407364693616,28,blocked
28230,30,0,0.47074370580095926,0.4970584153961593,28,blocked
28231,31,0,0.6066693692924209,0.48059768166297323,28,blocked
28232,32,0,0.5656340882574339,0.6403378075946755,28,blocked
28233,33,0,0.7794978023893804,0.42134275574974456,28,blocked
28234,34,0,0.28887292380976615,0.6031440526396231,28,blocked
28235,35,0,0.7713128448963534,0.37921147581633174,28,blocked
28236,36,0,0.6658767501816416,0.4481329547087274,28,blocked
28237,37,0,0.5270931568357202,0.6427819897270295,28,blocked
28238,38,0,0.6510462187637788,0.4593690551715907,28,blocked
28239,39,0,0.5378094849150692,0.49884971302443437,28,blocked
28240,40,0,0.4747503574271079,0.4296777801451691,28,blocked
28241,41,0,0.6688327032661296,0.48369332909182405,28,blocked
28242,42,0,0.6237601575217921,0.48206129241442786,28,blocked
28243,43,0,0.5166979407229093,0.5601032281968341,28,blocked
28244,44,0,0.7482913486947227,0.6197370462733844,28,blocked
28245,45,0,0.4514211020857354,0.4511090633761855,28,blocked
28246,46,0,0.429444534534209,0.38819571189118673,28,blocked
28247,47,0,0.5311875010213185,0.5311893103554148,28,blocked
28248,48,0,0.4624348513764627,0.5129158775500576,28,blocked
28249,49,0,0.5096929548903162,0.3705786866358908,28,blocked
28250,50,0,0.5301966626833805,0.5197810529805347,28,blocked
28251,51,0,0.5593118363563012,0.5092263227695604,28,blocked
28252,52,0,0.41142827414935734,0.4001437426321892,28,blocked
28253,53,0,0.6393677330021766,0.40871760458297834,28,blocked
28254,54,0,0.5678815538482227,0.42544474166584056,28,blocked
28255,55,0,0.4608502692988575,0.6084844420370397,28,blocked
28256,56,0,0.5361964853922234,0.4510478858321496,28,blocked
28257,57,0,0.5869139733723843,0.6474169161079345,28,blocked
28258,58,0,0.6212627045876628,0.48186175270969633,28,blocked
28259,59,0,0.6084443217642288,0.41820436620666807,28,blocked
28260,60,0,0.39354618468485036,0.4928968872091304,28,blocked
28261,61,0,0.4098750019693658,0.5243099697086964,28,blocked
28262,62,0,0.47803598289394394,0.4789946980867603,28,blocked
28263,63,0,0.42982520307902206,0.5366753562396238,28,blocked
28264,64,0,0.4503602239206973,0.6015450524335074,28,blocked
28265,65,0,0.4086670438894494,0.5616333222239036,28,blocked
28266,66,0,0.5819111634654368,0.4877844675275953,28,blocked
28267,67,0,0.49840225828375667,0.4641893306919008,28,blocked
28268,68,0,0.40307369972969587,0.5180701230657792,28,blocked
28269,69,0,0.20639387957588695,0.6916863598550096,28,blocked
28270,70,0,0.4632025534780059,0.5195869126987052,28,blocked
28271,71,0,0.4010723554176502,0.46141060228214004,28,blocked
28272,72,0,0.5952081977191979,0.45892356492811515,28,blocked
28273,73,0,0.5830812259412654,0.5303887298208941,28,blocked
28274,74,0,0.4031435976655055,0.6787483494651059,28,blocked
28275,75,0,0.43670888643042804,0.4901805557444912,28,blocked
28276,76,0,0.4204119064308961,0.42947405989652365,28,blocked
28277,77,0,0.5306401712430764,0.5403121733964192,28,blocked
28278,78,0,0.4224634501421263,0.5064914951739274,28,blocked
28279,79,0,0.2522623158051835,0.7720234785546294,28,blocked
28280,80,0,0.4678148352063255,0.5899675079713831,28,blocked
28281,81,0,0.4688652357850007,0.5437856608246441,28,blocked
28282,82,0,0.5313849719295949,0.49682985093924625,28,blocked
28283,83,0,0.5358374283341443,0.368231540024372,28,blocked
28284,84,0,0.6556448841242302,0.5305147547645854,28,blocked
28285,85,0,0.4706200516986021,0.422943518809643,28,blocked
28286,86,0,0.5707664195932148,0.6342754839802447,28,blocked
28287,87,0,0.546017197866345,0.4982725633840719,28,blocked
28288,88,0,0.5631053457916748,0.43193400960822503,28,blocked
28289,89,0,0.36065090319176274,0.43289260636281623,28,blocked
28290,90,0,0.34531000637826315,0.47698585392862014,28,blocked
28291,91,0,0.664689088707753,0.45311483132818525,28,blocked
28292,92,0,0.5693107715100036,0.547666974063473,28,blocked
28293,93,0,0.45098520028335765,0.5135148708150108,28,blocked
28294,94,0,0.4653036677237464,0.5255934490120016,28,blocked
28295,95,0,0.6523848049113733,0.363555207759963,28,blocked
28296,96,0,0.3909131964119995,0.516514140604799,28,blocked
28297,97,0,0.5917052165873353,0.5509901248872765,28,blocked
28298,98,0,0.48360504478729915,0.4124734251622291,28,blocked
28299,99,0,0.44664338729300646,0.542233689438044,28,blocked
28300,100,0,0.5376476446235837,0.4752153728009498,28,blocked
28301,101,0,0.6173023748354423,0.48419038551942994,28,blocked
28302,102,0,0.35682623735006946,0.4143933840725847,28,blocked
28303,103,0,0.7074128843198286,0.4525119411608043,28,blocked
28304,104,0,0.4166860321929222,0.4580129591712564,28,blocked
28305,105,0,0.4654934335881997,0.6281217550704858,28,blocked
28306,106,0,0.740691465507268,0.4571178727754268,28,blocked
28307,107,0,0.6788588556866089,0.35005701863551697,28,blocked
28308,108,0,0.4401745208209976,0.5376883639439209,28,blocked
28309,109,0,0.47379945493426157,0.612812294206823,28,blocked
28310,110,0,0.3878466661218616,0.515035060137184,28,blocked
28311,111,0,0.5456333289184314,0.42656031071009204,28,blocked
28312,112,0,0.4425859502616857,0.6385907668098483,28,blocked
28313,113,0,0.7261547342397849,0.41641957281289693,28,blocked
28314,114,0,0.4809426153176321,0.5558678271631743,28,blocked
28315,115,0,0.44026100281261216,0.3422926369384215,28,blocked
28316,116,0,0.5627698036158781,0.49569868598267386,28,blocked
28317,117,0,0.7045226497083061,0.5794821969179953,28,blocked
28318,118,0,0.5413608054290205,0.6812789392643473,28,blocked
28319,119,0,0.7360065938146806,0.4759244036869839,28,blocked
28320,120,0,0.7332651705151976,0.38840759082799126,28,blocked
28321,121,0,0.3591652015212164,0.3728226440912482,28,blocked
28322,122,0,0.35216854824853716,0.4177758632298605,28,blocked
28323,123,0,0.34120060459297424,0.5452588171334124,28,blocked
28324,124,0,0.5406765750841993,0.49888708056209974,28,blocked
28325,125,0,0.3775015348599081,0.5535144121587756,28,blocked
28326,126,0,0.5349157152946565,0.5678294661612959,28,blocked
28327,127,0,0.500301842453291,0.47540282784848764,28,blocked
28328,128,0,0.4633257913453486,0.43013140048043985,28,blocked
28329,129,0,0.5421156305042527,0.5846114614887638,28,blocked
28330,130,0,0.5778160073962886,0.4513334845373784,28,blocked
28331,131,0,0.4195349023365341,0.49796216103350477,28,blocked
28332,132,0,0.506734820844494,0.5548909662704298,28,blocked
28333,133,0,0.4468736204027184,0.47161491973310476,28,blocked
28334,134,0,0.7205511463326055,0.4250938303471228,28,blocked
28335,135,0,0.680864478264485,0.46392232283805807,28,blocked
28336,136,0,0.6667510224265212,0.3529050436882215,28,blocked
28337,137,0,0.6708611867382799,0.39231867768340567,28,blocked
28338,138,0,0.30547507952666175,0.6523804194230278,28,blocked
28339,139,0,0.405156895472879,0.5439015825101019,28,blocked
28340,140,0,0.44483293195271345,0.4815449819475542,28,blocked
28341,141,0,0.6872723863727053,0.4623024944668096,28,blocked
28342,142,0,0.5687427246504331,0.39212793615359026,28,blocked
28343,143,0,0.4439166893002026,0.38900441591702484,28,blocked
28344,144,0,0.5998096712190515,0.5406212337503402,28,blocked
28345,145,0,0.3796149993827721,0.6087477059891033,28,blocked
28346,146,0,0.43746169390139356,0.4969427845065401,28,blocked
28347,147,0,0.4885420164642569,0.5496920202254341,28,blocked
28348,148,0,0.525734376081801,0.3996673463881101,28,blocked
28349,149,0,0.4269145112485337,0.45423712900608987,28,blocked
28350,150,0,0.5928240918316889,0.40638173634795977,28,blocked
28351,151,0,0.6416583887072772,0.4066879272701883,28,blocked
28352,152,0,0.5002516786794715,0.48817473161138547,28,blocked
28353,153,0,0.6360941997422662,0.4675001162674959,28,blocked
28354,154,0,0.5873698311720426,0.4187526490949301,28,blocked
28355,155,0,0.43263308495204617,0.34110105762610865,28,blocked
28356,156,0,0.5062895415846377,0.44688925940786056,28,blocked
28357,157,0,0.4652005207459702,0.5684051662348163,28,blocked
28358,158,0,0.5578164368632486,0.5125226862382233,28,blocked
28359,159,0,0.4378235026105771,0.40822266675663665,28,blocked
28360,160,0,0.5921629162899832,0.437664444786093,28,blocked
28361,161,0,0.6959096876192844,0.4171370323781003,28,blocked
28362,162,0,0.45338733808812415,0.5680541071828671,28,blocked
28363,163,0,0.48312291750106173,0.47020996654209,28,blocked
28364,164,0,0.5876900923267343,0.46075312418180026,28,blocked
28365,165,0,0.44022197308803057,0.7297023213633673,28,blocked
28366,166,0,0.2862992295644551,0.5541784200979071,28,blocked
28367,167,0,0.43062997081632637,0.5318480066709433,28,blocked
28368,168,0,0.5555193001107213,0.4079344483197932,28,blocked
28369,169,0,0.6251031337154284,0.46020927992091887,28,blocked
28370,170,0,0.4205650106620391,0.44903071535685624,28,blocked
28371,171,0,0.43316374870617824,0.5610407642576305,28,blocked
28372,172,0,0.7435047457218615,0.5873245563596576,28,blocked
28373,173,0,0.44792650773620646,0.4391852663831334,28,blocked
28374,174,0,0.37897326112853935,0.4685427130130954,28,blocked
28375,175,0,0.589634549671187,0.5053857162989775,28,blocked
28376,176,0,0.7142710464269408,0.3725829124174408,28,blocked
28377,177,0,0.4546238506376268,0.3903630865572151,28,blocked
28378,178,0,0.6629329085435434,0.46225664310984643,28,blocked
28379,179,0,0.35394260134886923,0.5808953524059542,28,blocked
28380,180,0,0.5329719586984155,0.4705171903880758,28,blocked
28381,181,0,0.24139238316867345,0.7296210952487283,28,blocked
28382,182,0,0.508574384227473,0.45275554040592425,28,blocked
28383,183,0,0.5040125790627179,0.427842589379612,28,blocked
28384,184,0,0.6137648312547723,0.5183156389429898,28,blocked
28385,185,0,0.6050565788905642,0.3945541036586,28,blocked
28386,186,0,0.5931463075354481,0.3751899526619965,28,blocked
28387,187,0,0.42942209999034553,0.4852987993603151,28,blocked
28388,188,0,0.5569195471494656,0.40787618780789237,28,blocked
28389,189,0,0.4889951273872475,0.47683311458535826,28,blocked
28390,190,0,0.6139027001635607,0.4055680601856415,28,blocked
28391,191,0,0.5095078099289976,0.7204320119193668,28,blocked
28392,192,0,0.509356997799557,0.45585819700339425,28,blocked
28393,193,0,0.3926694775471855,0.5631367476294831,28,blocked
28394,194,0,0.6362370851155477,0.38465680671178115,28,blocked
28395,195,0,0.3200762848779038,0.45381961521315534,28,blocked
28396,196,0,0.6298915778773608,0.4063428110954889,28,blocked
28397,197,0,0.5581443119706613,0.44275001078247056,28,blocked
28398,198,0,0.39332225648561125,0.42332391244327694,28,blocked
28399,199,0,0.4309226381032037,0.5139562990705653,28,blocked
28400,0,0,0.9690753985010081,0.5406062968756625,28,early
28401,1,0,0.14390510745507099,0.5565966595736114,28,early
28402,2,0,0.9400420551007456,0.6444544283718571,28,early
28403,3,1,0.9596232170402663,0.7787062207074971,28,early
28404,4,2,0.18022634091112252,0.6742385185394502,28,early
28405,5,0,0.6723214302220306,0.6644982928858262,28,early
28406,6,3,0.4647541417399514,0.885377240164029,28,early
28407,7,0,0.11362317830819782,0.5446626438865023,28,early
28408,8,0,0.20072824646768708,0.416654019913382,28,early
28409,9,0,0.23777306357019928,0.5676275589418784,28,early
28410,10,0,0.8850915480367548,0.5831496604008606,28,early
28411,11,4,0.5579559376193988,0.8238271680186505,28,early
28412,12,0,0.7518978375519704,0.48330201691315056,28,early
28413,13,0,0.13215586217133068,0.5621086435220439,28,early
28414,14,0,0.9502398748235457,0.4257121526861053,28,early
28415,15,0,0.192341213904488,0.5953294134550555,28,early
28416,16,0,0.10895270628927362,0.6658974587740087,28,early
28417,17,0,0.9044762365159819,0.4745638993440975,28,early
28418,18,0,0.7896005705929146,0.6024059700600238,28,early
28419,19,0,0.8313805296860463,0.45612716542124987,28,early
28420,20,0,0.08966826036923564,0.5270538059811165,28,early
28421,21,5,0.02645222966084576,0.8669711331645021,28,early
28422,22,0,0.1784988248440382,0.5642878217581839,28,early
28423,23,0,0.9470818711537718,0.4663227384558725,28,early
28424,24,0,0.16078151995014733,0.6132484734574462,28,early
28425,25,0,0.2040732585289191,0.54239277937814,28,early
28426,26,0,0.21907045454531565,0.5013178239096023,28,early
28427,27,0,0.13089004294450907,0.5227650140196419,28,early
28428,28,0,0.7252738122544935,0.6096664133739697,28,early
28429,29,0,0.8485082490979731,0.503370918355837,28,early
28430,30,0,0.7172152456649024,0.3897251642454045,28,early
28431,31,0,0.8464717066869791,0.5174063214431575,28,early
28432,32,0,0.7488812305325312,0.3427280916184955,28,early
28433,33,0,0.695593924795561,0.5057222464662758,28,early
28434,34,0,0.6646883037768472,0.33363412760440025,28,early
28435,35,0,0.707343091153561,0.5707462562203154,28,early
28436,36,0,0.8676867474832077,0.4580565191488728,28,early
28437,37,0,0.8456416854145714,0.4404247049028918,28,early
28438,38,0,0.8402923054461251,0.5190908452977822,28,early
28439,39,0,0.9215000689431161,0.5536912088380497,28,early
28440,40,6,0.44620515585013903,0.7054919909628544,28,early
28441,41,0,0.28005090175551445,0.48474149868062244,28,early
28442,42,0,0.4189350993171625,0.5244026352589826,28,early
28443,43,0,0.7750686451611823,0.38748940630217754,28,early
28444,44,0,0.439066251047719,0.5108975074715163,28,early
28445,45,0,0.2888185651047123,0.5960012256522252,28,early
28446,46,0,0.7401332972873677,0.4449676621322515,28,early
28447,47,0,0.3919844173982836,0.5744496516930213,28,early
28448,48,0,0.436297701926387,0.4407831414722163,28,early
28449,49,0,0.8179449015030209,0.4241795603348242,28,early
28450,50,0,0.5913291594318486,0.49372995754399085,28,early
28451,51,0,0.8378612128514588,0.35079992362450974,28,early
28452,52,0,0.7412652734685459,0.5149772862025909,28,early
28453,53,0,0.6263935811986079,0.3528361439167881,28,early
28454,54,0,0.40726537201566804,0.5684608843182954,28,early
28455,55,0,0.21315391585351556,0.4404261473140956,28,early
28456,56,0,0.8351135005046253,0.42063498836602586,28,early
28457,57,0,0.15110545484142707,0.6336483327819382,28,early
28458,58,0,0.5291367073589446,0.49728882514056294,28,early
28459,59,0,0.24130598442384055,0.39431489200114483,28,early
28460,60,0,0.32029564053875803,0.6906731841559088,28,early
28461,61,0,0.5429572427172635,0.48569381965326053,28,early
28462,62,0,0.42572718336953563,0.5530096676536305,28,early
28463,63,0,0.5698643655269495,0.48876987204281547,28,early
28464,64,0,0.6558584186286177,0.2735941424090341,28,early
28465,65,0,0.324383740793473,0.3153828325942633,28,early
28466,66,0,0.3506162808108791,0.4505798837427744,28,early
28467,67,0,0.7568325762857187,0.452332888045351,28,early
28468,68,0,0.17271842407530136,0.4575275343620405,28,early
28469,69,0,0.20651328882537218,0.4589454841928681,28,early
28470,70,0,0.6372822267063964,0.5266951791137906,28,early
28471,71,0,0.4009406431942645,0.3916066092050138,28,early
28472,72,0,0.5936507812530979,0.336419604148821,28,early
28473,73,0,0.4826589734682923,0.49438196071238905,28,early
28474,74,0,0.4778889046046919,0.6372335302318375,28,early
28475,75,0,0.5173516443498634,0.3347963007588822,28,early
28476,76,0,0.5942551697975372,0.4431172852512005,28,early
28477,77,0,0.49474839755002725,0.44961083645459954,28,early
28478,78,0,0.1838265583343259,0.3776485843895354,28,early
28479,79,0,0.4421899916214771,0.43448636642055527,28,early
28480,80,0,0.5236922851541892,0.49866399580318244,28,early
28481,81,0,0.16920475865160378,0.49832240217058815,28,early
28482,82,0,0.5288526882514885,0.3432503107947218,28,early
28483,83,0,0.22722953921878103,0.4710605118915414,28,early
28484,84,0,0.6013101217080756,0.4866842653968956,28,early
28485,85,0,0.31478841980690697,0.33560631565733967,28,early
28486,86,0,0.4575105202388859,0.35809605569546543,28,early
28487,87,0,0.8436221615227847,0.33223961242933175,28,early
28488,88,0,0.5570339157487568,0.5445811812225485,28,early
28489,89,0,0.4145309102474578,0.46931331609759885,28,early
28490,90,0,0.69128743970901,0.3916791496526605,28,early
28491,91,0,0.8367066149587981,0.41046955726702916,28,early
28492,92,0,0.45511286289268904,0.36399843650234764,28,early
28493,93,0,0.3185333809950524,0.5474101012357386,28,early
28494,94,0,0.6636774202044059,0.3386206315189795,28,early
28495,95,0,0.8464935619054437,0.439224750231669,28,early
28496,96,0,0.6664186681909123,0.4020056244189325,28,early
28497,97,0,0.8936746821531566,0.4397944092583438,28,early
28498,98,0,0.4181273245322601,0.43371456619449955,28,early
28499,99,0,0.5768636467772962,0.48046649008444686,28,early
28500,100,0,0.37460260562948877,0.41479062462169813,28,early
28501,101,0,0.7508118461649087,0.48460728465426095,28,early
28502,102,0,0.6026272653981009,0.4638039288221799,28,early
28503,103,0,0.945172198136928,0.35461599116619597,28,early
28504,104,0,0.6185863310021942,0.533439589504792,28,early
28505,105,0,0.04891341065251384,0.5476348988673712,28,early
28506,106,0,0.534843252593058,0.3157937261960899,28,early
28507,107,0,0.9522768091480507,0.37470420809615024,28,early
28508,108,0,0.527248001078366,0.439606453635795,28,early
28509,109,0,0.22311134608164918,0.4181231085163294,28,early
28510,110,0,0.35945461824797864,0.37894152034355144,28,early
28511,111,0,0.35407558276203444,0.4973465548367455,28,early
28512,112,0,0.5473457178951352,0.45980490249368744,28,early
28513,113,0,0.21395641858974118,0.462072269805032,28,early
28514,114,0,0.3926835993546673,0.43585254990376343,28,early
28515,115,0,0.305239849342912,0.3841268424040193,28,early
28516,116,0,0.673194253828066,0.38726966007878394,28,early
28517,117,0,0.24462443773736528,0.5071846600454126,28,early
28518,118,0,0.31871555544751456,0.580162641763315,28,early
28519,119,0,0.4108172828886887,0.4622234039826142,28,early
28520,120,0,0.2641054138576533,0.564343384019782,28,early
28521,121,0,0.3842428648856937,0.33162751184043016,28,early
28522,122,0,0.39597826596143904,0.47449189744562426,28,early
28523,123,0,0.7630006743178664,0.3003620029932038,28,early
28524,124,0,0.38537218003578055,0.4527234355358369,28,early
28525,125,0,0.5178472400969792,0.3976837922433719,28,early
28526,126,0,0.44456063336245943,0.3633697717064862,28,early
28527,127,0,0.7290784194860627,0.273396479910906,28,early
28528,128,0,0.3842393300835611,0.4188038971104431,28,early
28529,129,0,0.8276952150171324,0.4704831543159407,28,early
28530,130,0,0.4602968754136705,0.35147202941275346,28,early
28531,131,0,0.4168200835335676,0.35711673913856024,28,early
28532,132,0,0.5417094278752068,0.4300294815081039,28,early
28533,133,0,0.5697584247866504,0.3993206740355827,28,early
28534,134,0,0.592034519972931,0.5236253484007239,28,early
28535,135,0,0.3544895023785091,0.4307578144134028,28,early
28536,136,0,0.36341041944753677,0.45924453429400536,28,early
28537,137,0,0.25118598633958755,0.3831867245392797,28,early
28538,138,0,0.5577076896948546,0.506778241789354,28,early
28539,139,0,0.6597058892522938,0.4710373602342648,28,early
28540,140,0,0.5312712307165783,0.4997697106523977,28,early
28541,141,0,0.41821939014406606,0.48500487445074075,28,early
28542,142,0,0.567675873710509,0.42061490863616247,28,early
28543,143,0,0.3719588530187913,0.426544154216536,28,early
28544,144,0,0.550004783284221,0.5015342835433929,28,early
28545,145,0,0.6696930943494184,0.3322587456881835,28,early
28546,146,0,0.6691309634793374,0.5360202413729451,28,early
28547,147,0,0.4915586988567806,0.5684929476463731,28,early
28548,148,0,0.5761430478171639,0.34002820514572574,28,early
28549,149,0,0.27974377641997905,0.3693778124642626,28,early
28550,150,0,0.5058232511836279,0.4027864246849895,28,early
28551,151,0,0.7612892669199736,0.27506430284726735,28,early
28552,152,0,0.5211120958309462,0.5379093277223083,28,early
28553,153,0,0.5137117184867077,0.43176446795241125,28,early
28554,154,0,0.5043475217710156,0.5235161415998385,28,early
28555,155,0,0.6260636525005353,0.3976732352212854,28,early
28556,156,0,0.5305648402059718,0.44426115467512167,28,early
28557,157,0,0.05805269305149843,0.6484030383868511,28,early
28558,158,0,0.6431461305774745,0.4823131201179453,28,early
28559,159,0,0.8565252821437321,0.44037774923109146,28,early
28560,160,0,0.5601223487824039,0.37672909881238925,28,early
28561,161,0,0.872904621681059,0.4658268224424346,28,early
28562,162,0,0.14388891892721062,0.4016721276719039,28,early
28563,163,0,0.9018013367783639,0.37073998778599515,28,early
28564,164,0,0.38333026181320834,0.392521041250497,28,early
28565,165,0,0.4579167480326096,0.37704101148531166,28,early
28566,166,0,0.3942640806432908,0.6003946494773964,28,early
28567,167,0,0.6846325667519881,0.3823313589163486,28,early
28568,168,0,0.4486890708937628,0.3878983491459663,28,early
28569,169,0,0.5691889502570079,0.35316783714959576,28,early
28570,170,0,0.6017958994318038,0.43990414726555016,28,early
28571,171,0,0.5321110742548982,0.44963277026818377,28,early
28572,172,5,0.5592000155968648,0.6693247401002054,28,early
28573,173,0,0.517529268952419,0.39651804906806165,28,early
28574,174,0,0.0923252564625773,0.6425734483009069,28,early
28575,175,0,0.5411036787698361,0.4787175272791717,28,early
28576,176,0,0.45093567437158494,0.47465296449406186,28,early
28577,177,0,0.44637716404087957,0.3214005327592909,28,early
28578,178,0,0.44798616098209754,0.4562637766367133,28,early
28579,179,0,0.28085735233711107,0.3799716782739948,28,early
28580,180,0,0.7698300403160251,0.3680153791546616,28,early
28581,181,0,0.1991970092938939,0.38063596151266943,28,early
28582,182,0,0.515787214899282,0.4970888726740199,28,early
28583,183,0,0.5211306261521553,0.5026771713082774,28,early
28584,184,0,0.3619628983131634,0.29273028742387297,28,early
28585,185,0,0.5644571240231044,0.40326679340622984,28,early
28586,186,0,0.5128611376068714,0.40147447531531505,28,early
28587,187,0,0.6047161481085901,0.42522228265680645,28,early
28588,188,0,0.47619455369487756,0.391844591956227,28,early
28589,189,0,0.4641169943361096,0.33490817634988407,28,early
28590,190,0,0.8220963630699626,0.37865077353637755,28,early
28591,191,0,0.3634425671600586,0.3262204861404308,28,early
28592,192,0,0.4916964644224096,0.42672159628333506,28,early
28593,193,0,0.655377577719498,0.2916467220565685,28,early
28594,194,0,0.5206236525364791,0.4154069293661715,28,early
28595,195,0,0.5183818944595627,0.38527935228128696,28,early
28596,196,0,0.5354060778079208,0.39401840593321713,28,early
28597,197,0,0.7007869339628707,0.32238402006302036,28,early
28598,198,0,0.11301658465316572,0.38071662415641083,28,early
28599,199,0,0.45199717789231975,0.3496043711522304,28,early
28600,0,0,0.29169727248669963,0.6606945060156242,28,middle
28601,1,0,0.37675162456254185,0.6710298417603855,28,middle
28602,2,0,0.8248641001056038,0.6839908315719844,28,middle
28603,3,0,0.6007165660710668,0.5431195574889991,28,middle
28604,4,0,0.28226839286060373,0.822747922447519,28,middle
28605,5,0,0.5940102380817932,0.6480796398821149,28,middle
28606,6,0,0.5981934552721017,0.5551674074471362,28,middle
28607,7,0,0.4180036555533644,0.6365660321349382,28,middle
28608,8,0,0.5716593617759677,0.5990873239395789,28,middle
28609,9,0,0.3820725147711802,0.5057699576237882,28,middle
28610,10,0,0.24591983648620105,0.6061341024190816,28,middle
28611,11,0,0.5316625045446803,0.5949637242249773,28,middle
28612,12,0,0.44904265917186975,0.6393389549760401,28,middle
28613,13,0,0.37979284638333277,0.5924176666689489,28,middle
28614,14,0,0.42651685264418215,0.6069181861661204,28,middle
28615,15,0,0.6267511753225639,0.49871528888832184,28,middle
28616,16,0,0.3377799628899946,0.5233308237493516,28,middle
28617,17,0,0.5002124127991742,0.5397128575018284,28,middle
28618,18,0,0.48343141637193,0.5102606408385328,28,middle
28619,19,0,0.7267810912093542,0.4343084199037865,28,middle
28620,20,0,0.41509815585348014,0.6148704667054605,28,middle
28621,21,0,0.7096809599901415,0.5134805928589457,28,middle
28622,22,0,0.45292816470379016,0.40530982355734063,28,middle
28623,23,0,0.6548542223877939,0.5827034454742657,28,middle
28624,24,0,0.4115840275671727,0.5871826131004827,28,middle
28625,25,0,0.7686950968228871,0.5185472720838421,28,middle
28626,26,0,0.4964821110783756,0.5227314799982752,28,middle
28627,27,0,0.426475165194808,0.5439843558607853,28,middle
28628,28,0,0.49895630006397873,0.5033479852245114,28,middle
28629,29,0,0.09765791421525914,0.41169089145678617,28,middle
28630,30,0,0.45684340779483157,0.4216597993509377,28,middle
28631,31,0,0.45615776766893945,0.38645265289398906,28,middle
28632,32,0,0.38131367373270314,0.5548750449512339,28,middle
28633,33,0,0.5190588247082562,0.48963962600684485,28,middle
28634,34,0,0.4223150282261779,0.5177534681623777,28,middle
28635,35,0,0.5259457100619632,0.41002591194914384,28,middle
28636,36,0,0.46923067188832573,0.44123384652116215,28,middle
28637,37,0,0.6616767992039057,0.35679543222243526,28,middle
28638,38,0,0.3662078997827749,0.48146464689674506,28,middle
28639,39,0,0.5830766385608948,0.46482660647988155,28,middle
28640,40,0,0.5276077036587904,0.46165100375416723,28,middle
28641,41,0,0.4978005303800036,0.5318485008102765,28,middle
28642,42,0,0.4179669277841933,0.4888742566661046,28,middle
28643,43,0,0.524427269246003,0.546545628895924,28,middle
28644,44,0,0.5101831591253962,0.3552614503995792,28,middle
28645,45,0,0.5885378682616256,0.43089905992215605,28,middle
28646,46,0,0.3786633769866401,0.4126134363771651,28,middle
28647,47,0,0.4003875186694167,0.46804845249012,28,middle
28648,48,0,0.5536879950754473,0.4310421022998089,28,middle
28649,49,0,0.47824617831061483,0.4172292863684628,28,middle
28650,50,0,0.548468524189851,0.3924992514640423,28,middle
28651,51,0,0.43872662053007866,0.3929259200030908,28,middle
28652,52,0,0.43943878620101107,0.4162925709885651,28,middle
28653,53,0,0.21963462217458568,0.5558860076341399,28,middle
28654,54,0,0.37739794526188086,0.4196541498103215,28,middle
28655,55,0,0.6740533315929992,0.49438202871785863,28,middle
28656,56,0,0.3541347136279418,0.3774380323859491,28,middle
28657,57,0,0.34368136603382715,0.391427067092753,28,middle
28658,58,0,0.2705314935251355,0.36374788515838796,28,middle
28659,59,0,0.2649506477830905,0.463516883493996,28,middle
28660,60,0,0.44201766118092223,0.4280908494045957,28,middle
28661,61,0,0.46628418518950693,0.501329350701234,28,middle
28662,62,0,0.43075119624547226,0.45563589859875386,28,middle
28663,63,0,0.4167590810311524,0.3852304296608924,28,middle
28664,64,0,0.44288592616745004,0.4314603236836878,28,middle
28665,65,0,0.589495257176511,0.409034629061209,28,middle
28666,66,0,0.42973987790586543,0.39437844531831245,28,middle
28667,67,0,0.49185322932106745,0.4494957596635612,28,middle
28668,68,0,0.38092896154325695,0.5141030716069366,28,middle
28669,69,0,0.3428881723294476,0.37720982305928363,28,middle
28670,70,0,0.5317669932244757,0.4711104543177886,28,middle
28671,71,0,0.46824178523824783,0.4178878436544251,28,middle
28672,72,0,0.49957355460390646,0.4488482753028793,28,middle
28673,73,0,0.3822782936750295,0.35428725031008435,28,middle
28674,74,0,0.5200249011903637,0.45204801827436103,28,middle
28675,75,0,0.6368188390422642,0.3790932867423982,28,middle
28676,76,0,0.44470123896863323,0.42260829804363115,28,middle
28677,77,0,0.41004071270419806,0.46313239878231155,28,middle
28678,78,0,0.3001090024220453,0.4461193141636814,28,middle
28679,79,0,0.3868522457934905,0.4563583082157505,28,middle
28680,80,0,0.2376814111652905,0.5391719665944692,28,middle
28681,81,0,0.6234786639557663,0.4545478388790089,28,middle
28682,82,0,0.38811411790179945,0.3438767734628818,28,middle
28683,83,0,0.15718880028341609,0.4418542568047887,28,middle
28684,84,0,0.40178493831417994,0.4017551170458732,28,middle
28685,85,0,0.6434763049772709,0.3719671228133764,28,middle
28686,86,0,0.6207039164708916,0.4296985033577717,28,middle
28687,87,0,0.3521880036767764,0.6309302585640134,28,middle
28688,88,0,0.72524676979482,0.3872834227319889,28,middle
28689,89,0,0.5175527370117277,0.44250963617593525,28,middle
28690,90,0,0.6805061885152308,0.4320023898560345,28,middle
28691,91,0,0.5945897488066263,0.31677424902215523,28,middle
28692,92,0,0.25306748374970334,0.6235528217960015,28,middle
28693,93,0,0.4968731443437918,0.5259199538969783,28,middle
28694,94,0,0.18781345425117618,0.3579620304823246,28,middle
28695,95,0,0.26662107707335614,0.46897205326431446,28,middle
28696,96,0,0.31503100550144697,0.3916037217542658,28,middle
28697,97,0,0.49500465761784107,0.4459070949281856,28,middle
28698,98,0,0.2726366917962624,0.6277274605253544,28,middle
28699,99,0,0.7068603570929701,0.5550785382572887,28,middle
28700,100,0,0.8118206338759926,0.48341492820345683,28,middle
28701,101,0,0.3697918718576814,0.3435966558015716,28,middle
28702,102,0,0.18686076165837417,0.31293554165783144,28,middle
28703,103,0,0.9009304144287376,0.369517970879808,28,middle
28704,104,0,0.21879328929997544,0.3496007459865149,28,middle
28705,105,0,0.2776683527000366,0.552561280587743,28,middle
28706,106,0,0.28740381134914256,0.44746800743683657,28,middle
28707,107,0,0.2780262252383088,0.42412565195592744,28,middle
28708,108,0,0.8576088517534239,0.48380408611348646,28,middle
28709,109,0,0.7600695402610267,0.2969177590826345,28,middle
28710,110,0,0.37923563755995887,0.4622277474189215,28,middle
28711,111,0,0.24722607340011438,0.4628449064648358,28,middle
28712,112,0,0.2943035389353352,0.39538735071695663,28,middle
28713,113,0,0.7866371090664097,0.42724676149691176,28,middle
28714,114,0,0.35196967474958296,0.5745662081351898,28,middle
28715,115,0,0.641022981301308,0.26444769446717475,28,middle
28716,116,0,0.6846257956700652,0.5244254029721208,28,middle
28717,117,0,0.3273092831967429,0.34001540423682286,28,middle
28718,118,0,0.2548734102130945,0.40678085977417233,28,middle
28719,119,0,0.3629652913756114,0.3510497758052175,28,middle
28720,120,0,0.39648568870086753,0.43925739962860655,28,middle
28721,121,0,0.6389086182471053,0.4135396368859041,28,middle
28722,122,0,0.5189342354053057,0.4050934653485242,28,middle
28723,123,0,0.5188510479646142,0.5720406147930329,28,middle
28724,124,0,0.351361365922386,0.3468614198251333,28,middle
28725,125,0,0.6958555191588833,0.3586135548481642,28,middle
28726,126,0,0.5962551668236996,0.3443509049899405,28,middle
28727,127,0,0.35847271213614945,0.3617813913802978,28,middle
28728,128,0,0.5950388328865657,0.39905719564048386,28,middle
28729,129,0,0.6987398936985225,0.39229990213461874,28,middle
28730,130,0,0.35115871598628146,0.4138966469153925,28,middle
28731,131,0,0.7988708926104513,0.49254186623852936,28,middle
28732,132,0,0.4305422132282354,0.4980589655305044,28,middle
28733,133,0,0.5742931340599939,0.35326872938644044,28,middle
28734,134,0,0.4657127299738601,0.5260813680045779,28,middle
28735,135,0,0.2278576710981822,0.3411359226361782,28,middle
28736,136,0,0.5173716059019562,0.4386352778698697,28,middle
28737,137,0,0.4945099414646373,0.39344860023222816,28,middle
28738,138,0,0.4885890976058619,0.47871684403979187,28,middle
28739,139,0,0.7910162864959233,0.4115431979392006,28,middle
28740,140,0,0.4442613495236704,0.33817099107372706,28,middle
28741,141,0,0.3099808882853474,0.4831230276409972,28,middle
28742,142,0,0.4589263251507213,0.3989482401483108,28,middle
28743,143,0,0.11065587565173404,0.3807009943179837,28,middle
28744,144,0,0.5683296799965204,0.4427333498969318,28,middle
28745,145,0,0.12514240719511668,0.35247564574473544,28,middle
28746,146,0,0.6219677319187236,0.47110288112945453,28,middle
28747,147,0,0.7696320303992044,0.3182469761205857,28,middle
28748,148,0,0.5727002973919973,0.35793497526971285,28,middle
28749,149,0,0.6326000636241847,0.32969979446487724,28,middle
28750,150,0,0.6133834643248377,0.3799657056592963,28,middle
28751,151,0,0.17375087787392238,0.3711019385389638,28,middle
28752,152,0,0.5095628699578321,0.40375495524244587,28,middle
28753,153,0,0.32191927562363387,0.556107763091747,28,middle
28754,154,0,0.4011133061674805,0.4236054781386971,28,middle
28755,155,0,0.721813980396603,0.2913790909990894,28,middle
28756,156,0,0.4779973661050211,0.4290619517490224,28,middle
28757,157,0,0.9619142452432909,0.4067163261964052,28,middle
28758,158,0,0.4885340981751279,0.3747360788998969,28,middle
28759,159,0,0.8394113296611196,0.2758699161848819,28,middle
28760,160,0,0.4265838707304534,0.38370749630466294,28,middle
28761,161,0,0.63312366529423,0.46759033420201335,28,middle
28762,162,0,0.30101629313338996,0.45535187576307945,28,middle
28763,163,0,0.495754093779174,0.4646229775219954,28,middle
28764,164,0,0.44985002689225473,0.4917458856019077,28,middle
28765,165,0,0.19856738317085731,0.5220563557171864,28,middle
28766,166,0,0.36444844095182805,0.37874478554857127,28,middle
28767,167,0,0.18801364809038545,0.290216683056762,28,middle
28768,168,0,0.3829472500420979,0.4098952634055549,28,middle
28769,169,0,0.23389945053366012,0.3732068375455322,28,middle
28770,170,0,0.5551446466749517,0.31794534772315886,28,middle
28771,171,0,0.5508068433015598,0.4073085326430619,28,middle
28772,172,0,0.44939485787087763,0.476106974239938,28,middle
28773,173,0,0.5050026366286127,0.3583391952140803,28,middle
28774,174,0,0.804992198798316,0.5265742908871185,28,middle
28775,175,0,0.4278899873173811,0.5186473028537075,28,middle
28776,176,0,0.3362971889953502,0.38272769532868756,28,middle
28777,177,0,0.5379160068141584,0.4019293922316206,28,middle
28778,178,0,0.43431142037660947,0.4909330711517658,28,middle
28779,179,0,0.40861700961846903,0.4374295839704373,28,middle
28780,180,0,0.5235693217752002,0.41293855327533574,28,middle
28781,181,0,0.45812650836751745,0.3885794525246983,28,middle
28782,182,0,0.43385581044393395,0.4278106787738189,28,middle
28783,183,0,0.3685079879213085,0.36537398330131476,28,middle
28784,184,0,0.584166597581583,0.39754213340065,28,middle
28785,185,0,0.42427675054473085,0.27641070514929583,28,middle
28786,186,0,0.20839905181852575,0.39850421195012664,28,middle
28787,187,0,0.4923077709005476,0.3279503423788459,28,middle
28788,188,0,0.31287555768306197,0.3597904965917843,28,middle
28789,189,0,0.7353656470523433,0.43911091379744727,28,middle
28790,190,0,0.13038335598724218,0.3034956019074363,28,middle
28791,191,0,0.7195203176007239,0.40933937992496805,28,middle
28792,192,0,0.6937007161736835,0.37413404354399693,28,middle
28793,193,0,0.3049620525926969,0.42339686560544765,28,middle
28794,194,0,0.5060828959775965,0.3271575845353813,28,middle
28795,195,0,0.8463761525564216,0.37202345154492633,28,middle
28796,196,0,0.26145490644167046,0.3768065212566695,28,middle
28797,197,0,0.6513553642747794,0.4980896119257376,28,middle
28798,198,0,0.3835851642661439,0.32269962690826975,28,middle
28799,199,0,0.8405452162428255,0.340738494686767,28,middle
28800,0,0,0.00904001754897764,0.8282659103665939,28,late
28801,1,0,0.5170425402759498,0.6988387611405373,28,late
28802,2,0,0.024192241004992204,0.723308219336611,28,late
28803,3,0,0.4755476755518344,0.6062601028772856,28,late
28804,4,0,0.05070415236640224,0.6432561727706418,28,late
28805,5,0,0.5288174327559481,0.551132635816135,28,late
28806,6,1,0.6995919350379172,1.2048187413726255,28,late
28807,7,2,0.045903833242216786,1.2334352728845999,28,late
28808,8,0,0.022285411627213644,0.6428520256368536,28,late
28809,9,0,0.5265108852253022,0.6439842647990784,28,late
28810,10,0,0.9852764155827716,0.7732822543056894,28,late
28811,11,3,0.5202510324084665,0.8524875107459244,28,late
28812,12,4,0.059322831679374674,0.6471053593913056,28,late
28813,13,5,0.032683503748169966,1.0388209058881666,28,late
28814,14,6,0.9962651220257419,0.9308610427218871,28,late
28815,15,7,0.5752841763520055,0.7244963207372537,28,late
28816,16,8,0.13745308050979108,1.1078561913642204,28,late
28817,17,9,0.5331236092869718,0.7194115294519547,28,late
28818,18,10,0.023903919405284562,0.8418018967901217,28,late
28819,19,11,0.46178579906992934,1.3019114122281774,28,late
28820,20,12,0.7638925943870717,0.9843640247422392,28,late
28821,21,13,0.8574382503582665,1.0709235652697546,28,late
28822,22,14,0.5402198959834167,1.2426319492717575,28,late
28823,23,0,0.5584969625087168,0.4580987431093142,28,late
28824,24,9,0.9700185852115767,0.9758295710295031,28,late
28825,25,0,0.4543781636340555,0.6184382645776147,28,late
28826,26,5,0.483405090243346,0.8626925742876479,28,late
28827,27,15,0.5323168655094017,1.4161606623363383,28,late
28828,28,16,0.0004620738157627691,1.27880375845779,28,late
28829,29,17,0.23336880153438808,1.1564112232066077,28,late
28830,30,0,0.8858664702530871,0.510195761077116,28,late
28831,31,12,0.5756166359797643,0.709542462649653,28,late
28832,32,18,0.5012513714504658,0.8272745064357596,28,late
28833,33,19,0.4214066279705217,1.0133523066947154,28,late
28834,34,20,0.021647064897286225,1.0358589537864342,28,late
28835,35,0,0.6045845749935924,0.7037579119792037,28,late
28836,36,0,0.9283894022551762,0.630873990008529,28,late
28837,37,0,0.36987616768395704,0.6922833990246617,28,late
28838,38,5,0.48885929902478187,0.8184571216456071,28,late
28839,39,21,0.41953415472110506,0.7192524349213867,28,late
28840,40,0,0.15078924802814456,0.6100682459377276,28,late
28841,41,18,0.13811954559259565,0.7903961985981856,28,late
28842,42,0,0.27796411406365173,0.753922426754178,28,late
28843,43,0,0.5509085789128314,0.6252971727965901,28,late
28844,44,0,0.23397578312611558,0.577346096594286,28,late
28845,45,0,0.6273540893690084,0.5131595022572087,28,late
28846,46,0,0.25897475152262006,0.7343217540167783,28,late
28847,47,0,0.7355955900056235,0.6633676735539955,28,late
28848,48,0,0.19914008679774087,0.46769345835552,28,late
28849,49,0,0.43516861743836865,0.5793224662312221,28,late
28850,50,0,0.4941831666155696,0.6578360613407483,28,late
28851,51,0,0.87064130889861,0.5621709947771513,28,late
28852,52,0,0.07210846812881819,0.7824972861803368,28,late
28853,53,0,0.11729988598340643,0.5450369786163606,28,late
28854,54,0,0.5502862165277427,0.5412569526305784,28,late
28855,55,0,0.31428914534804087,0.5415248603958995,28,late
28856,56,0,0.38249197640292654,0.4509862453869792,28,late
28857,57,0,0.6343636530131996,0.5325168101590774,28,late
28858,58,0,0.1159897125106759,0.4819308189087188,28,late
28859,59,0,0.29327096611215775,0.4168098804059781,28,late
28860,60,0,0.1864177752816115,0.5769474375590742,28,late
28861,61,0,0.7376730580597377,0.4096439318831009,28,late
28862,62,0,0.5296158226144371,0.43160866147126725,28,late
28863,63,0,0.6883410631723643,0.3157898490238576,28,late
28864,64,0,0.44743392931512305,0.38160742721556096,28,late
28865,65,0,0.3395570173847291,0.4364818844301991,28,late
28866,66,0,0.4658564723836308,0.4503707037472696,28,late
28867,67,0,0.8061936285436653,0.4561488296859354,28,late
28868,68,0,0.6343882647601902,0.3389521724254644,28,late
28869,69,0,0.7949225898254446,0.4460090050315172,28,late
28870,70,0,0.5324125809925075,0.4453234773581428,28,late
28871,71,0,0.8311351300564545,0.5307587765035107,28,late
28872,72,0,0.45139027015771077,0.4328579403052613,28,late
28873,73,0,0.7831430688843258,0.46069340049401664,28,late
28874,74,0,0.5953495284632714,0.4278524858860684,28,late
28875,75,0,0.7909164236527664,0.4151349696054012,28,late
28876,76,0,0.4418393417792422,0.46867744270537115,28,late
28877,77,0,0.18605712686450496,0.44344155645494665,28,late
28878,78,0,0.5541024076915748,0.5103406903146445,28,late
28879,79,0,0.3020597940117122,0.5119267015423349,28,late
28880,80,0,0.3686150132773866,0.6454399485533239,28,late
28881,81,0,0.19914205873929872,0.4344578896210053,28,late
28882,82,0,0.06538379564496315,0.36800882088191933,28,late
28883,83,0,0.22383294854823144,0.49084542672846454,28,late
28884,84,0,0.29323204917418194,0.5207044112403293,28,late
28885,85,0,0.3620699800438115,0.4637085769903746,28,late
28886,86,0,0.3783710797011963,0.42633949259728166,28,late
28887,87,0,0.3474230533809888,0.5260723129077199,28,late
28888,88,0,0.5012795426428277,0.4090917896056575,28,late
28889,89,0,0.5943758522149509,0.5024752905836936,28,late
28890,90,0,0.5698639747197937,0.4565454296844519,28,late
28891,91,0,0.3259862776761003,0.5386599178139531,28,late
28892,92,0,0.4130156020906351,0.4875776668437721,28,late
28893,93,0,0.49797269968045355,0.6446378879135832,28,late
28894,94,0,0.26378105236616245,0.5332729898500115,28,late
28895,95,0,0.42028335272395334,0.37175298561116,28,late
28896,96,0,0.3783464467658405,0.39950832130339053,28,late
28897,97,0,0.33151311353761387,0.468986813234174,28,late
28898,98,0,0.21986714074577093,0.5181543799698426,28,late
28899,99,0,0.35539678833119087,0.43205481690862735,28,late
28900,100,0,0.4657387486124346,0.4259160334158115,28,late
28901,101,0,0.6099532503277801,0.4769324405075547,28,late
28902,102,0,0.4883495876365431,0.42252288703897545,28,late
28903,103,0,0.3630477291546399,0.4900987376466813,28,late
28904,104,0,0.5001381981320805,0.39884679979322013,28,late
28905,105,0,0.3126265369262078,0.4420322387726473,28,late
28906,106,0,0.45182428966709587,0.4269717051210615,28,late
28907,107,0,0.6412383220107015,0.4464269764631475,28,late
28908,108,0,0.43809466348782516,0.48768772269936933,28,late
28909,109,0,0.4891068004330555,0.4249597332528184,28,late
28910,110,0,0.5702521507383054,0.41923843960006457,28,late
28911,111,0,0.5410662392787071,0.3809689702283109,28,late
28912,112,0,0.5429831541831914,0.4369858447286294,28,late
28913,113,0,0.43001905129633855,0.45255593217950624,28,late
28914,114,0,0.19939931718995918,0.35210648588070415,28,late
28915,115,0,0.45967487969000154,0.35588259683938805,28,late
28916,116,0,0.5505688953539161,0.44134167515350464,28,late
28917,117,0,0.4671966514514888,0.4864769066691893,28,late
28918,118,0,0.5278905107524132,0.3965511142718663,28,late
28919,119,0,0.30801625300361696,0.5287884710751636,28,late
28920,120,0,0.3316102888634286,0.4302412499738283,28,late
28921,121,0,0.7248666216496651,0.4371836277408402,28,late
28922,122,0,0.22924668339569676,0.5358926098475927,28,late
28923,123,0,0.7592781258915406,0.41320906375257305,28,late
28924,124,0,0.37069591728704665,0.3614138738220277,28,late
28925,125,0,0.4325858696821876,0.47250464474027565,28,late
28926,126,0,0.3900862776119617,0.4648445014494221,28,late
28927,127,0,0.5679263931736307,0.5000839765856742,28,late
28928,128,0,0.431362635100598,0.3533720625050045,28,late
28929,129,0,0.3232820504531519,0.45063863037801855,28,late
28930,130,0,0.6337920863344144,0.2447225234104049,28,late
28931,131,0,0.4373579979867186,0.5149937595788668,28,late
28932,132,0,0.677983019698908,0.4253451063642513,28,late
28933,133,0,0.6686286342652323,0.2625024792747767,28,late
28934,134,0,0.6717861574491301,0.4349467860393018,28,late
28935,135,0,0.7527742697173991,0.3975049714898983,28,late
28936,136,0,0.2823088200629694,0.47530193432779294,28,late
28937,137,0,0.2885944835680446,0.3376831630291096,28,late
28938,138,0,0.6592888472058223,0.7155297410991337,28,late
28939,139,0,0.34838189420975046,0.3527902803808211,28,late
28940,140,0,0.3664018296100332,0.4337683182529277,28,late
28941,141,0,0.7640083118726144,0.4880886487838118,28,late
28942,142,0,0.4605124366189126,0.4510340738099942,28,late
28943,143,0,0.7421564326088412,0.50849333665304,28,late
28944,144,0,0.7207527474158695,0.3915816418036035,28,late
28945,145,0,0.7067182721334456,0.46140482639367003,28,late
28946,146,0,0.7663337422888719,0.5798040170782706,28,late
28947,147,0,0.6181866047281056,0.31872734918718904,28,late
28948,148,0,0.32034013281297924,0.501952052159663,28,late
28949,149,0,0.36994026474043173,0.4110980198179559,28,late
28950,150,0,0.3632180139801139,0.4659358678943486,28,late
28951,151,0,0.5507315477760252,0.5795127261848275,28,late
28952,152,0,0.746977782941323,0.5447098122578364,28,late
28953,153,0,0.41750345818112833,0.43960375282699965,28,late
28954,154,0,0.5620155567415674,0.34002209644390424,28,late
28955,155,0,0.5219932028171324,0.2614654053752129,28,late
28956,156,0,0.694026797251438,0.3215541619254181,28,late
28957,157,0,0.4004091400335674,0.38639527173095833,28,late
28958,158,0,0.51393859753431,0.4530619383530707,28,late
28959,159,0,0.4244938554023832,0.5268779261470641,28,late
28960,160,0,0.07100780637215953,0.4429601810863306,28,late
28961,161,0,0.14869471613099017,0.5582606660347128,28,late
28962,162,0,0.4951944771460252,0.46593521325101717,28,late
28963,163,0,0.5371679354372371,0.4078162739155178,28,late
28964,164,0,0.20530511202321072,0.4000927852155594,28,late
28965,165,0,0.5288232628336331,0.36392460614532696,28,late
28966,166,0,0.45684105827244026,0.5354580765561786,28,late
28967,167,0,0.7212734950618502,0.37910445234482776,28,late
28968,168,0,0.09796324080756769,0.49853246104112675,28,late
28969,169,0,0.6861432858952405,0.3445449615539409,28,late
28970,170,0,0.4994817750767685,0.551023807896172,28,late
28971,171,0,0.8852873920166883,0.37165828010288576,28,late
28972,172,0,0.6383083829348845,0.3556054713425744,28,late
28973,173,0,0.315837520349318,0.438686208800168,28,late
28974,174,0,0.24528109769017487,0.4744983759787103,28,late
28975,175,0,0.6533571960318506,0.5820562658692584,28,late
28976,176,0,0.4400916784288428,0.5566392571829057,28,late
28977,177,0,0.7237237047857056,0.39027303758118315,28,late
28978,178,0,0.49988759490487955,0.45672398914185053,28,late
28979,179,0,0.5282354799977689,0.3100945779058623,28,late
28980,180,0,0.4147363691806598,0.45323506198101654,28,late
28981,181,0,0.16254606338519595,0.38538861356483145,28,late
28982,182,0,0.15794284500321992,0.4267478393947606,28,late
28983,183,0,0.40561405802376826,0.3826076640014331,28,late
28984,184,0,0.5001778687416869,0.5199553850220011,28,late
28985,185,0,0.5440267433322536,0.4773252003006714,28,late
28986,186,0,0.23396917391451105,0.41660711293828656,28,late
28987,187,0,0.5201573809865483,0.48092712979926916,28,late
28988,188,0,0.5682932440629449,0.409650348427095,28,late
28989,189,0,0.7144168986028201,0.43120125147066923,28,late
28990,190,0,0.39316412121651434,0.36135321486156596,28,late
28991,191,0,0.3940856685639243,0.3003338395495849,28,late
28992,192,0,0.5646246677553184,0.42854526339370147,28,late
28993,193,0,0.6134035131796529,0.3932992135238903,28,late
28994,194,0,0.3348367142137578,0.29221020993305413,28,late
28995,195,0,0.4741704418125359,0.5664768667875683,28,late
28996,196,0,0.5383669194463923,0.4906978529115121,28,late
28997,197,0,0.6254550925283666,0.5081234689650407,28,late
28998,198,0,0.5328389050068829,0.40789346196738935,28,late
28999,199,0,0.4231633321898439,0.3621140521868989,28,late
29000,0,0,0.6106689095155424,0.6263822317249552,29,interleaved
29001,1,0,0.22183845430341292,0.6833371017428113,29,interleaved
29002,2,0,0.6505985166384156,0.5646361174849881,29,interleaved
29003,3,0,0.2462035627477125,0.5318883977222109,29,interleaved
29004,4,0,0.34522038491718476,0.7921318884465176,29,interleaved
29005,5,0,0.45866156948632236,0.5877884941003932,29,interleaved
29006,6,0,0.29362428546002706,0.4759832133402109,29,interleaved
29007,7,0,0.7152331388719924,0.6169266154194739,29,interleaved
29008,8,1,0.2350665117636341,0.7761215682262818,29,interleaved
29009,9,0,0.5243587709625546,0.59012265756806,29,interleaved
29010,10,0,0.3613859650408014,0.4753128370916769,29,interleaved
29011,11,0,0.5051891241631943,0.49819224336299994,29,interleaved
29012,12,0,0.318713606090696,0.3653252167696519,29,interleaved
29013,13,0,0.5685816181770421,0.3766583688790371,29,interleaved
29014,14,0,0.5288494427454169,0.5833547077518015,29,interleaved
29015,15,0,0.3055367627878726,0.5172404653406052,29,interleaved
29016,16,0,0.45816869063793625,0.5669346550633056,29,interleaved
29017,17,0,0.4530351084344748,0.6663304129528267,29,interleaved
29018,18,0,0.4600182429376708,0.4135872461282439,29,interleaved
29019,19,0,0.6465194125709363,0.4319685853281338,29,interleaved
29020,20,0,0.330081905696372,0.595783110174938,29,interleaved
29021,21,0,0.6454000231312024,0.48143163046874093,29,interleaved
29022,22,0,0.37202941487392693,0.5223906252323666,29,interleaved
29023,23,0,0.6928308557544218,0.39099491727327884,29,interleaved
29024,24,0,0.4303073631807124,0.5384925242788543,29,interleaved
29025,25,0,0.16161236607177085,0.4513669353523636,29,interleaved
29026,26,0,0.5784947823055677,0.5397057658271514,29,interleaved
29027,27,0,0.20652227217927194,0.5121355324438558,29,interleaved
29028,28,0,0.5630545942790461,0.41799715454874076,29,interleaved
29029,29,0,0.7678156914038141,0.4150547229450471,29,interleaved
29030,30,0,0.7533907239915214,0.5052182023622483,29,interleaved
29031,31,0,0.6125758546027466,0.3560628015773317,29,interleaved
29032,32,2,0.625974912639319,0.8295913422708345,29,interleaved
29033,33,0,0.7359040840912734,0.5854842282288628,29,interleaved
29034,34,0,0.6387797032688418,0.427016144504747,29,interleaved
29035,35,0,0.8134503247074587,0.4350402223495312,29,interleaved
29036,36,0,0.664202060513304,0.38087719353467253,29,interleaved
29037,37,0,0.23905047747451022,0.4735906121264072,29,interleaved
29038,38,0,0.396278494391045,0.604825595119905,29,interleaved
29039,39,0,0.7012116507549845,0.4402901278287404,29,interleaved
29040,40,0,0.6196993448454271,0.2976911989154106,29,interleaved
29041,41,0,0.2983338335990479,0.4319801175409852,29,interleaved
29042,42,0,0.5286045169263196,0.47109196879687076,29,interleaved
29043,43,0,0.6093400439118646,0.42319426446592534,29,interleaved
29044,44,0,0.7646939475146383,0.4126543720790406,29,interleaved
29045,45,0,0.5792591871156629,0.39017133534249226,29,interleaved
29046,46,0,0.3329582361974666,0.45276872699343584,29,interleaved
29047,47,0,0.6442815741772483,0.4644911453317829,29,interleaved
29048,48,0,0.7866496788256525,0.4158826364015652,29,interleaved
29049,49,0,0.7230526515910549,0.521135847418761,29,interleaved
29050,50,0,0.7967930082435782,0.3655656492616133,29,interleaved
29051,51,0,0.5162017709723637,0.4090575496929239,29,interleaved
29052,52,0,0.876561213414855,0.5673088701956783,29,interleaved
29053,53,0,0.5847762155979987,0.5021363064381755,29,interleaved
29054,54,0,0.2504086010198086,0.45051999692618705,29,interleaved
29055,55,0,0.23904133790802856,0.4652624936007553,29,interleaved
29056,56,0,0.7552463096703875,0.575706843356807,29,interleaved
29057,57,0,0.7412821896225463,0.43624612308451405,29,interleaved
29058,58,0,0.29347949159320225,0.5218875995207871,29,interleaved
29059,59,0,0.6944109819275768,0.3366724670777741,29,interleaved
29060,60,0,0.3235878611076077,0.45711913464454124,29,interleaved
29061,61,0,0.7150238555100537,0.3643944810882962,29,interleaved
29062,62,0,0.346630327859155,0.5295066309960046,29,interleaved
29063,63,0,0.624993164395391,0.38129360897800235,29,interleaved
29064,64,0,0.41698697152200775,0.4067699881552843,29,interleaved
29065,65,0,0.7920102013084551,0.6098496667881417,29,interleaved
29066,66,0,0.31340594785109305,0.5468135455085891,29,interleaved
29067,67,0,0.22869155398062355,0.40878013789690826,29,interleaved
29068,68,0,0.5676386733576454,0.4840886999429591,29,interleaved
29069,69,0,0.4651365345917315,0.3901073745586684,29,interleaved
29070,70,0,0.4514641151879819,0.3961792179824029,29,interleaved
29071,71,0,0.7529709459720442,0.38671949338678646,29,interleaved
29072,72,0,0.3385258398884163,0.6009463867453253,29,interleaved
29073,73,0,0.29455702041694914,0.4555924250447797,29,interleaved
29074,74,0,0.5056749443151247,0.4097365757706797,29,interleaved
29075,75,0,0.38075369276820237,0.5605430884590346,29,interleaved
29076,76,0,0.6082114253686428,0.4519125284249932,29,interleaved
29077,77,0,0.4875318760225257,0.7106516533469387,29,interleaved
29078,78,0,0.35478675138170324,0.4313822148882906,29,interleaved
29079,79,0,0.17380186648694135,0.46928010222393857,29,interleaved
29080,80,0,0.40129485058773584,0.3976024167607215,29,interleaved
29081,81,0,0.7084523824246023,0.33492496345345896,29,interleaved
29082,82,0,0.50717066946113,0.3404013268298479,29,interleaved
29083,83,0,0.5468842853057702,0.38136455772678135,29,interleaved
29084,84,0,0.24822419310762703,0.5322933132306575,29,interleaved
29085,85,0,0.7570986564334445,0.3797556714213368,29,interleaved
29086,86,0,0.7380302444865646,0.49146824635911923,29,interleaved
29087,87,0,0.4229922243582026,0.5551978327699296,29,interleaved
29088,88,0,0.42687487253918316,0.509766806142411,29,interleaved
29089,89,0,0.36464923894270446,0.520955924703649,29,interleaved
29090,90,0,0.4173882576189389,0.4254561085810444,29,interleaved
29091,91,0,0.2807944010646507,0.43566617400233076,29,interleaved
29092,92,0,0.7849771150956542,0.42147986990725417,29,interleaved
29093,93,0,0.6305161798564178,0.41931450765812406,29,interleaved
29094,94,0,0.6036991793520748,0.35056332115901345,29,interleaved
29095,95,0,0.42664349698531695,0.4900420110249562,29,interleaved
29096,96,0,0.1875506061151962,0.4414988949329889,29,interleaved
29097,97,0,0.5330631876596867,0.3884487881142036,29,interleaved
29098,98,0,0.6086710702261865,0.40066551480750123,29,interleaved
29099,99,0,0.6416121408657429,0.4049295735636207,29,interleaved
29100,100,0,0.7057360273343065,0.29684535671933776,29,interleaved
29101,101,0,0.6229302589907936,0.44183699260382925,29,interleaved
29102,102,0,0.26717746978769047,0.49590892568688816,29,interleaved
29103,103,0,0.3037741422848591,0.3664190544837586,29,interleaved
29104,104,0,0.3649609561856019,0.5001505470166334,29,interleaved
29105,105,0,0.7258529743815103,0.4180592050632476,29,interleaved
29106,106,0,0.3846838489106904,0.38860144702997623,29,interleaved
29107,107,0,0.4338518501073766,0.5171497378241552,29,interleaved
29108,108,0,0.3541577697969512,0.45139593523382204,29,interleaved
29109,109,0,0.7297929580350415,0.49361652662403677,29,interleaved
29110,110,0,0.33403780679670514,0.4637843108887254,29,interleaved
29111,111,0,0.6569500642723674,0.38388405331340114,29,interleaved
29112,112,0,0.7870574806491675,0.4157223211359602,29,interleaved
29113,113,0,0.6354996844338614,0.4184078306972733,29,interleaved
29114,114,0,0.6281567873564229,0.3323164111155783,29,interleaved
29115,115,0,0.7313078759817937,0.5304903108004017,29,interleaved
29116,116,0,0.2107600219085754,0.4007027043870782,29,interleaved
29117,117,0,0.2960518642718212,0.48563924027370586,29,interleaved
29118,118,0,0.3499445722622191,0.4761959688628601,29,interleaved
29119,119,0,0.2565307567559899,0.4636541966248943,29,interleaved
29120,120,0,0.34366123273252935,0.4859871249929754,29,interleaved
29121,121,0,0.6508987479553185,0.4424253014309689,29,interleaved
29122,122,0,0.6458178416762491,0.46480540173663526,29,interleaved
29123,123,0,0.272193868592814,0.4116656307557494,29,interleaved
29124,124,0,0.6067299575597489,0.37499663560699165,29,interleaved
29125,125,0,0.5012464818757565,0.49639999098779464,29,interleaved
29126,126,0,0.5238472559118957,0.3410514686458812,29,interleaved
29127,127,0,0.4926669712218572,0.5231294355223589,29,interleaved
29128,128,0,0.48546572568770385,0.4404118745554687,29,interleaved
29129,129,0,0.6158415859319735,0.5155830535299026,29,interleaved
29130,130,0,0.5976647066799594,0.49928189481137375,29,interleaved
29131,131,0,0.38352736333912907,0.5763999141722428,29,interleaved
29132,132,0,0.4537887145187919,0.5115687544296137,29,interleaved
29133,133,0,0.63875745688608,0.32104254584834324,29,interleaved
29134,134,0,0.42703777285789035,0.4851054831586244,29,interleaved
29135,135,0,0.3200983730011426,0.5223410314794275,29,interleaved
29136,136,0,0.5228211613281959,0.5260621854072554,29,interleaved
29137,137,0,0.573371261861986,0.5494764656169049,29,interleaved
29138,138,0,0.49563357837300437,0.4986804471273003,29,interleaved
29139,139,0,0.5025934846151696,0.5992113221760846,29,interleaved
29140,140,0,0.6797130904271869,0.33808043570996776,29,interleaved
29141,141,0,0.4495177328105089,0.3583498941401072,29,interleaved
29142,142,0,0.6605085308531791,0.28439944924169014,29,interleaved
29143,143,0,0.3181038454244104,0.306123785387066,29,interleaved
29144,144,0,0.713950626912272,0.43046055681824524,29,interleaved
29145,145,0,0.5439971448262325,0.5062297587143173,29,interleaved
29146,146,0,0.43053953830459324,0.5041307871073047,29,interleaved
29147,147,0,0.7473260307364653,0.4111408238649842,29,interleaved
29148,148,0,0.3797186700861695,0.4617436300626725,29,interleaved
29149,149,0,0.5692940645811779,0.4470910569902356,29,interleaved
29150,150,0,0.39573851081790434,0.4817866341718976,29,interleaved
29151,151,0,0.4585643517892451,0.43772555634998067,29,interleaved
29152,152,0,0.22134850877401302,0.5278427633262528,29,interleaved
29153,153,0,0.33164847571388206,0.32588281092617305,29,interleaved
29154,154,0,0.3406434384114787,0.4198656927836964,29,interleaved
29155,155,0,0.25287161130467206,0.509961881174172,29,interleaved
29156,156,0,0.41490250461368544,0.41203003340967925,29,interleaved
29157,157,0,0.6133644875694833,0.4699801413159348,29,interleaved
29158,158,0,0.5139487271119646,0.3950765592405147,29,interleaved
29159,159,0,0.7044717278659223,0.34308226372165496,29,interleaved
29160,160,0,0.703464155980979,0.3654562460740196,29,interleaved
29161,161,0,0.3953145144995527,0.34891580103572495,29,interleaved
29162,162,0,0.6977544929167684,0.3865155231784456,29,interleaved
29163,163,0,0.5247260936441179,0.5241217050066986,29,interleaved
29164,164,0,0.21509385918734572,0.3353828159406515,29,interleaved
29165,165,0,0.5369582061449786,0.4545154439263649,29,interleaved
29166,166,0,0.6245549912673491,0.5457781337768417,29,interleaved
29167,167,0,0.4645794430556127,0.40837920189033283,29,interleaved
29168,168,0,0.5154019184699774,0.39053045219077986,29,interleaved
29169,169,0,0.566422602432299,0.4269878914202683,29,interleaved
29170,170,0,0.42728197938019535,0.34545385313306215,29,interleaved
29171,171,0,0.6584398072455273,0.3079953238527603,29,interleaved
29172,172,0,0.25469285770306727,0.4929051321843144,29,interleaved
29173,173,0,0.26914386342286845,0.415073207405969,29,interleaved
29174,174,0,0.40041546374936066,0.45641077507892364,29,interleaved
29175,175,0,0.4392680138122217,0.4131479830854391,29,interleaved
29176,176,0,0.37669437483458196,0.3506840417610893,29,interleaved
29177,177,0,0.16929109237302675,0.3190334434906443,29,interleaved
29178,178,0,0.334931567795633,0.356369517371858,29,interleaved
29179,179,0,0.776432845118226,0.4705842277766156,29,interleaved
29180,180,0,0.5570667404571139,0.5355234606551296,29,interleaved
29181,181,0,0.5295417121126702,0.4159539901925449,29,interleaved
29182,182,0,0.42935143859561264,0.42879497436908176,29,interleaved
29183,183,0,0.3586269563848135,0.47614410988849004,29,interleaved
29184,184,0,0.28752968795387335,0.3831173307076672,29,interleaved
29185,185,0,0.3733529766728157,0.42707599265590596,29,interleaved
29186,186,0,0.41600769516595204,0.4191430604642,29,interleaved
29187,187,0,0.5392336423711236,0.5583826673448624,29,interleaved
29188,188,0,0.4265948928093122,0.42605262397899923,29,interleaved
29189,189,0,0.30244753364164667,0.44753299373497646,29,interleaved
29190,190,0,0.4418383660657206,0.3873982590177887,29,interleaved
29191,191,0,0.670913315794396,0.4452032606151062,29,interleaved
29192,192,0,0.4356031938375836,0.4094386611670611,29,interleaved
29193,193,0,0.35891820810812003,0.47537219593098534,29,interleaved
29194,194,0,0.4567650223443239,0.36826042192818714,29,interleaved
29195,195,0,0.34698354403249904,0.5522763422923721,29,interleaved
29196,196,0,0.5548551127216839,0.4202664668666816,29,interleaved
29197,197,0,0.345710047506944,0.37828772526139537,29,interleaved
29198,198,0,0.6313173825493499,0.41129832128717553,29,interleaved
29199,199,0,0.5381756975989015,0.4745525474115798,29,interleaved
29200,0,0,0.6304841067693976,0.7867577946410647,29,blocked
29201,1,0,0.5832606380585686,0.45345468073707845,29,blocked
29202,2,0,0.6143467373274323,0.5382675653433555,29,blocked
29203,3,0,0.3779835820775128,0.5484025739417742,29,blocked
29204,4,0,0.36548693110963043,0.6282656040662868,29,blocked
29205,5,0,0.4076715247305298,0.5282961296982214,29,blocked
29206,6,0,0.3774095705525587,0.48678098066184117,29,blocked
29207,7,0,0.32337829003645946,0.4501310981116793,29,blocked
29208,8,0,0.27095092889087935,0.6468352612354005,29,blocked
29209,9,0,0.38420597142372725,0.579667783223343,29,blocked
29210,10,0,0.7853471012918417,0.665043397513988,29,blocked
29211,11,0,0.6591389308048052,0.5836220112877286,29,blocked
29212,12,0,0.3376857881004227,0.7236580807345103,29,blocked
29213,13,0,0.728750195711438,0.4045743052075967,29,blocked
29214,14,0,0.691107286203003,0.5104117929036214,29,blocked
29215,15,0,0.28472710380779936,0.6499760272763159,29,blocked
29216,16,0,0.24875311690830984,0.559836651060705,29,blocked
29217,17,0,0.3798270176349451,0.46918346596114324,29,blocked
29218,18,0,0.5730375183358336,0.5692230831777162,29,blocked
29219,19,0,0.43870820169901975,0.5999899561108499,29,blocked
29220,20,0,0.27977502832880724,0.6668449166586219,29,blocked
29221,21,0,0.6714769751306385,0.5453852409121144,29,blocked
29222,22,0,0.4189393339410773,0.43815698004451575,29,blocked
29223,23,0,0.7262616809055138,0.38275645113806356,29,blocked
29224,24,0,0.23076754544804629,0.6114852997062293,29,blocked
29225,25,0,0.2634707913171958,0.5310454712163561,29,blocked
29226,26,0,0.7240654031339984,0.40508878890570094,29,blocked
29227,27,0,0.71066600507367,0.389338185799706,29,blocked
29228,28,0,0.3131054291469207,0.6438109774011254,29,blocked
29229,29,0,0.82479459837614,0.5750073523592236,29,blocked
29230,30,0,0.7142667045103432,0.4245514534536098,29,blocked
29231,31,0,0.32143501486441317,0.6092657466491755,29,blocked
29232,32,0,0.7406212936752166,0.500392308047548,29,blocked
29233,33,0,0.8350662135330471,0.4463979050288104,29,blocked
29234,34,0,0.10594839425381296,0.7192720951248965,29,blocked
29235,35,0,0.2639060569698676,0.5821318968714982,29,blocked
29236,36,0,0.7416817627977108,0.5353718028013239,29,blocked
29237,37,0,0.2668246457910056,0.5582660496727528,29,blocked
29238,38,0,0.2574782901220877,0.5842972921646821,29,blocked
29239,39,0,0.5226811676176741,0.6405643351183652,29,blocked
29240,40,0,0.24472689892611305,0.6154853283340967,29,blocked
29241,41,0,0.563481833957214,0.7407125206484806,29,blocked
29242,42,0,0.34243276305747483,0.5544523497502271,29,blocked
29243,43,0,0.2594551467813242,0.6949004775185276,29,blocked
29244,44,0,0.28369568071957835,0.5091644025860451,29,blocked
29245,45,0,0.532583509406596,0.48688792151372884,29,blocked
29246,46,0,0.25895454208487817,0.5007687019392218,29,blocked
29247,47,0,0.5596857340531477,0.5906550029293676,29,blocked
29248,48,0,0.3746773682088932,0.41962843183637955,29,blocked
29249,49,0,0.6536107348827074,0.43010415296095067,29,blocked
29250,50,0,0.6508818407997401,0.4795282540156717,29,blocked
29251,51,0,0.7093031913565577,0.36920025812875545,29,blocked
29252,52,0,0.7166171060017594,0.44449229309435156,29,blocked
29253,53,0,0.6789827374465074,0.45608047170303784,29,blocked
29254,54,0,0.5659006070576211,0.6788823964665307,29,blocked
29255,55,0,0.27578782550627456,0.6443819507596361,29,blocked
29256,56,0,0.8253422809929531,0.4375700103743986,29,blocked
29257,57,0,0.13220003234594235,0.49869684039845097,29,blocked
29258,58,0,0.21935318969736917,0.47879592168525,29,blocked
29259,59,0,0.7507267247930662,0.4611350627082842,29,blocked
29260,60,0,0.3257614181819866,0.6065396442696156,29,blocked
29261,61,0,0.2047259798408734,0.4736115643796165,29,blocked
29262,62,0,0.2830221865550708,0.5528753220953463,29,blocked
29263,63,0,0.23042143045139787,0.576090950491625,29,blocked
29264,64,0,0.3516767994392012,0.5543387672817099,29,blocked
29265,65,0,0.6952792208500664,0.4707495674496198,29,blocked
29266,66,0,0.6941492235474906,0.4983669812757566,29,blocked
29267,67,0,0.6062463578014743,0.4031094314069635,29,blocked
29268,68,0,0.6357846348688649,0.39210073112502797,29,blocked
29269,69,0,0.2907628684213568,0.660680851183306,29,blocked
29270,70,0,0.28292219166104127,0.48838581999856046,29,blocked
29271,71,0,0.2841949271504258,0.6752541189339089,29,blocked
29272,72,0,0.41859672464633346,0.5252704108069928,29,blocked
29273,73,0,0.3824968473270215,0.41390937067932165,29,blocked
29274,74,0,0.5848900882365652,0.4671786426418758,29,blocked
29275,75,0,0.7703080900743102,0.42946625927366944,29,blocked
29276,76,0,0.3494355270753443,0.6376432305821381,29,blocked
29277,77,0,0.730009928965992,0.46221814307737874,29,blocked
29278,78,0,0.32719185361380704,0.5095763694726683,29,blocked
29279,79,0,0.4414328233217594,0.4414392784308011,29,blocked
29280,80,0,0.22854305269166286,0.6171412482052377,29,blocked
29281,81,0,0.6691017050117254,0.3958338726374956,29,blocked
29282,82,0,0.6719307251872608,0.427154920371296,29,blocked
29283,83,0,0.4948304002347984,0.5236707618036849,29,blocked
29284,84,0,0.3053174319336286,0.5137472599992505,29,blocked
29285,85,0,0.45888278495966306,0.531648119908629,29,blocked
29286,86,0,0.6830144297856595,0.48724886382566546,29,blocked
29287,87,0,0.6339084657429173,0.46785611865117427,29,blocked
29288,88,0,0.560875148464343,0.4416386684579541,29,blocked
29289,89,0,0.6235821234447797,0.4601190716880855,29,blocked
29290,90,0,0.3078513887335417,0.5127748720653584,29,blocked
29291,91,0,0.5187588303125039,0.4631052674493462,29,blocked
29292,92,0,0.2408482091423497,0.5876952513630194,29,blocked
29293,93,0,0.7691158474901298,0.4128727569854816,29,blocked
29294,94,0,0.34591214867092623,0.5288582178900021,29,blocked
29295,95,0,0.3638384698875659,0.4124681905602243,29,blocked
29296,96,0,0.6647019093891233,0.4805718325462369,29,blocked
29297,97,0,0.36849158555979944,0.4797952938622403,29,blocked
29298,98,0,0.6847344677086245,0.39281604596489217,29,blocked
29299,99,0,0.6860871246117555,0.473686449887209,29,blocked
29300,100,0,0.4995577451977956,0.4755034555982683,29,blocked
29301,101,0,0.18179291789611518,0.6440227495194475,29,blocked
29302,102,0,0.34700892105968656,0.4993905581874893,29,blocked
29303,103,0,0.512598879120631,0.4771295369561744,29,blocked
29304,104,0,0.4034018659859988,0.4833877381474315,29,blocked
29305,105,0,0.2792748955299253,0.6229510812981502,29,blocked
29306,106,0,0.4100459608445034,0.5105563401866878,29,blocked
29307,107,0,0.5093820674385504,0.5797970912116455,29,blocked
29308,108,0,0.47143791036484534,0.6060589110860117,29,blocked
29309,109,0,0.3702881271985877,0.4956040258674717,29,blocked
29310,110,0,0.4886184266750318,0.42981523189404847,29,blocked
29311,111,0,0.47991520466264226,0.47931264845223054,29,blocked
29312,112,0,0.4038393700006708,0.5467087877598553,29,blocked
29313,113,0,0.40656668242168004,0.4866430352224179,29,blocked
29314,114,0,0.4498318542242957,0.46177128815624136,29,blocked
29315,115,0,0.7075161472192211,0.4904030979492935,29,blocked
29316,116,0,0.40781353083012517,0.49861929146761313,29,blocked
29317,117,0,0.5420354138482217,0.594921013633322,29,blocked
29318,118,0,0.3323819285952271,0.5366381261019274,29,blocked
29319,119,0,0.7192383913977158,0.5133046375786079,29,blocked
29320,120,0,0.4680798086472711,0.491582102745266,29,blocked
29321,121,0,0.44390595344846073,0.40574307135560694,29,blocked
29322,122,0,0.4369488043391977,0.560961189793286,29,blocked
29323,123,0,0.5722478901624546,0.4836234620553266,29,blocked
29324,124,0,0.4552823124872153,0.40157490368215576,29,blocked
29325,125,0,0.4961524450232797,0.4323098930999768,29,blocked
29326,126,0,0.3892262301335544,0.5310437416921967,29,blocked
29327,127,0,0.3924024879969734,0.4549504453927441,29,blocked
29328,128,0,0.43720434802500924,0.5507419752821423,29,blocked
29329,129,0,0.508687716372791,0.4367491530108837,29,blocked
29330,130,0,0.4375242304975105,0.7493141664856234,29,blocked
29331,131,0,0.590610629208496,0.5526624502237854,29,blocked
29332,132,0,0.6317754798760699,0.5196950436956939,29,blocked
29333,133,0,0.38727415465021797,0.5739260927966102,29,blocked
29334,134,0,0.3829343995751213,0.4063252820352339,29,blocked
29335,135,0,0.6465333852329287,0.47171109351004537,29,blocked
29336,136,0,0.3694726638179062,0.4724931439840888,29,blocked
29337,137,0,0.6628582384018655,0.5236126822748703,29,blocked
29338,138,0,0.4538087933187783,0.44235760908129695,29,blocked
29339,139,0,0.4451644808387181,0.5572778998979572,29,blocked
29340,140,0,0.686661007802569,0.416712648649428,29,blocked
29341,141,0,0.45616067067705696,0.44577357339652907,29,blocked
29342,142,0,0.5263242451154335,0.47533410336254756,29,blocked
29343,143,0,0.6158414447868759,0.4419937338986971,29,blocked
29344,144,0,0.2907059453506893,0.4589571449175206,29,blocked
29345,145,0,0.6114390881657852,0.4567766713738268,29,blocked
29346,146,0,0.5854683652259134,0.4521119891263968,29,blocked
29347,147,0,0.4956068901649384,0.432610872792546,29,blocked
29348,148,0,0.6256878955789219,0.5531063309282039,29,blocked
29349,149,0,0.596063178694391,0.4501393750769582,29,blocked
29350,150,0,0.34762619121270566,0.4492680939319997,29,blocked
29351,151,0,0.28869969038540816,0.4254750672088454,29,blocked
29352,152,0,0.6120472926820208,0.39610449318888974,29,blocked
29353,153,0,0.6554365575193352,0.5126285112336694,29,blocked
29354,154,0,0.5321130494023212,0.609936466888542,29,blocked
29355,155,0,0.6914640841114965,0.47655363039357673,29,blocked
29356,156,0,0.7817314823351812,0.4114070759499513,29,blocked
29357,157,0,0.29932827414938956,0.5594461214602022,29,blocked
29358,158,0,0.5921162081029152,0.4297484056146103,29,blocked
29359,159,0,0.4476870924594105,0.5939476916343096,29,blocked
29360,160,0,0.2808877711199443,0.6478132895709492,29,blocked
29361,161,0,0.4087609315459023,0.541623562571925,29,blocked
29362,162,0,0.6793031308487418,0.35226882658327274,29,blocked
29363,163,0,0.37079691458067354,0.41634625816499515,29,blocked
29364,164,0,0.5189238452987979,0.5113005900419354,29,blocked
29365,165,0,0.6471280807083305,0.39456692570618485,29,blocked
29366,166,0,0.40403439706872524,0.5494070548593009,29,blocked
29367,167,0,0.3159167334166619,0.4798000122780008,29,blocked
29368,168,0,0.6430325243852348,0.5010084105183272,29,blocked
29369,169,0,0.2787590445679873,0.4798783131375323,29,blocked
29370,170,0,0.7083701709874474,0.33828016271292183,29,blocked
29371,171,0,0.6843775515739452,0.4251400184706934,29,blocked
29372,172,0,0.577158890480138,0.5853798049989303,29,blocked
29373,173,0,0.5725326202309653,0.4301443202828874,29,blocked
29374,174,0,0.5496527955095643,0.35058951190264653,29,blocked
29375,175,0,0.6458335576858261,0.5568404890126187,29,blocked
29376,176,0,0.6920873605175124,0.48808704996787583,29,blocked
29377,177,0,0.6676753629318379,0.4261582626609911,29,blocked
29378,178,0,0.6522739104058087,0.43262036928910574,29,blocked
29379,179,0,0.6414222961952004,0.5062777317590907,29,blocked
29380,180,0,0.3134482690972038,0.5204672019295872,29,blocked
29381,181,0,0.2136205751565044,0.5094392026114076,29,blocked
29382,182,0,0.7221487669986715,0.3828864539339377,29,blocked
29383,183,0,0.30512470624005383,0.36985838995379294,29,blocked
29384,184,0,0.40041855740873483,0.384791119933538,29,blocked
29385,185,0,0.27307183081167175,0.4805429258699575,29,blocked
29386,186,0,0.40477102633390155,0.3478939365662618,29,blocked
29387,187,0,0.5345024278826801,0.44228757769699456,29,blocked
29388,188,0,0.6786117541178266,0.40750988448767855,29,blocked
29389,189,0,0.2178964696583249,0.5271792127475066,29,blocked
29390,190,0,0.6390349249514788,0.6050316274540481,29,blocked
29391,191,0,0.16933769704420243,0.47529515562503283,29,blocked
29392,192,0,0.2571541629779583,0.4588731335018197,29,blocked
29393,193,0,0.7479178434277978,0.5505676030189535,29,blocked
29394,194,0,0.4134757577817225,0.36856776743312714,29,blocked
29395,195,0,0.27147872683103574,0.5351386874017706,29,blocked
29396,196,0,0.6978523120354909,0.49629118668603617,29,blocked
29397,197,0,0.5854486587341317,0.5488484793667129,29,blocked
29398,198,0,0.6736118406974974,0.44896715014513355,29,blocked
29399,199,0,0.7646735948212946,0.4473387080059007,29,blocked
29400,0,0,0.6044143185943024,0.7459290484905229,29,early
29401,1,0,0.6011136614872727,0.8608786076296708,29,early
29402,2,1,0.3386708397214413,0.7988731595382578,29,early
29403,3,2,0.526306182545354,1.0483734584250934,29,early
29404,4,3,0.3227440580763232,0.821519318951581,29,early
29405,5,4,0.08071104430115236,0.9949217326500541,29,early
29406,6,5,0.23223591027695895,0.9018848158891832,29,early
29407,7,6,0.6708189822687552,0.7274682636048544,29,early
29408,8,0,0.6603892088550753,0.73174195929938,29,early
29409,9,7,0.058395433744281626,1.077297985134885,29,early
29410,10,0,0.6033903484151881,0.6355118054473258,29,early
29411,11,0,0.2990001044390379,0.6119597367772169,29,early
29412,12,0,0.5565570984117589,0.6409408362728173,29,early
29413,13,0,0.2203966102122508,0.5908360582601249,29,early
29414,14,0,0.2457529729741211,0.5907387365083858,29,early
29415,15,0,0.7395132335460138,0.4985208183864003,29,early
29416,16,0,0.2629450926106668,0.5467558011778559,29,early
29417,17,0,0.1559119895342392,0.6742755507623972,29,early
29418,18,0,0.8688616875165133,0.5443131638130256,29,early
29419,19,0,0.13550452604330962,0.5700667493579392,29,early
29420,20,0,0.3614659969723053,0.731886022308555,29,early
29421,21,0,0.6423057777483033,0.6346754889699784,29,early
29422,22,0,0.6989554235321238,0.595559248773009,29,early
29423,23,0,0.44065625496755934,0.6340989191484182,29,early
29424,24,0,0.5601932211575732,0.514191697936798,29,early
29425,25,0,0.7725979116078747,0.35221181561104953,29,early
29426,26,0,0.610776969971234,0.630493606949009,29,early
29427,27,0,0.3811651996448571,0.5526958616672394,29,early
29428,28,0,0.206804384309244,0.6329699186577147,29,early
29429,29,0,0.6075456523432982,0.4196092376132079,29,early
29430,30,0,0.6703427506649224,0.46756468467040335,29,early
29431,31,0,0.6785793250438805,0.4324501880008794,29,early
29432,32,0,0.8133724072207702,0.4472614534461787,29,early
29433,33,0,0.2593466890691716,0.7906287177547888,29,early
29434,34,0,0.4411589060127713,0.5970716068952795,29,early
29435,35,0,0.783021146691372,0.34448223443009207,29,early
29436,36,0,0.5791856282177045,0.5052479075567584,29,early
29437,37,0,0.49709475379169493,0.6884214519450281,29,early
29438,38,0,0.4895989781269259,0.3455059732544115,29,early
29439,39,0,0.4689799758237045,0.5956343651857477,29,early
29440,40,0,0.7832485349044459,0.39452739614612087,29,early
29441,41,0,0.378226873065768,0.5881076886855955,29,early
29442,42,0,0.6539395218839011,0.4569182793447488,29,early
29443,43,0,0.5385095977021831,0.4216985699815924,29,early
29444,44,0,0.8001663374603565,0.4432158429184506,29,early
29445,45,0,0.7081622224161657,0.3164067202487849,29,early
29446,46,0,0.28955059244130366,0.5472500965580772,29,early
29447,47,0,0.33072844415290514,0.4827190345643154,29,early
29448,48,0,0.45006205355509843,0.5190568140007915,29,early
29449,49,0,0.22229894744416087,0.5376349410370879,29,early
29450,50,0,0.40888892761682666,0.38087747813626427,29,early
29451,51,0,0.5399914570233522,0.4584978289538105,29,early
29452,52,0,0.3371103851441691,0.5028788779062554,29,early
29453,53,0,0.807437423052134,0.4899128508841866,29,early
29454,54,0,0.5091851356207295,0.3461825078921062,29,early
29455,55,0,0.3416177529044681,0.3711584693696823,29,early
29456,56,0,0.46831195855628077,0.3936371111732967,29,early
29457,57,0,0.7709644089718853,0.46976911963019663,29,early
29458,58,0,0.13860142074839668,0.5949397143111774,29,early
29459,59,0,0.3539179494797059,0.3627214101275401,29,early
29460,60,0,0.35735803332789895,0.41640136586344567,29,early
29461,61,0,0.40713125372139514,0.45954192768591107,29,early
29462,62,0,0.34215519603624595,0.499882728761228,29,early
29463,63,0,0.3022670706665225,0.5085832424560692,29,early
29464,64,0,0.3090440851415096,0.5049413726810393,29,early
29465,65,0,0.18952181917619104,0.4421118527656487,29,early
29466,66,0,0.534461578292497,0.43257901437335866,29,early
29467,67,0,0.5818599578928673,0.6420954315359026,29,early
29468,68,0,0.42932079095404563,0.6094015567247049,29,early
29469,69,0,0.5242248753728038,0.40074239620234897,29,early
29470,70,0,0.6419063083940465,0.37910601660739,29,early
29471,71,0,0.7794981190648926,0.4417135695089891,29,early
29472,72,0,0.2946343896274327,0.5551730007705851,29,early
29473,73,0,0.2279907073118527,0.396594659456898,29,early
29474,74,0,0.7974262913945509,0.42324612792010663,29,early
29475,75,0,0.13917705936057823,0.4665975578022331,29,early
29476,76,0,0.900886835221753,0.5004300423434692,29,early
29477,77,0,0.11585528308945434,0.6521748190741878,29,early
29478,78,0,0.1598405930875067,0.4135844777630123,29,early
29479,79,0,0.10840880236166685,0.6189386498890954,29,early
29480,80,0,0.5662153454795984,0.4691358682425859,29,early
29481,81,0,0.7718010933520982,0.4948806617294441,29,early
29482,82,0,0.416119155038495,0.39568255483720427,29,early
29483,83,0,0.1278504137746615,0.6270911078823707,29,early
29484,84,0,0.6476618151064393,0.5807808450486931,29,early
29485,85,0,0.476015965172242,0.5000455690796596,29,early
29486,86,0,0.6546887263631358,0.5037410991542455,29,early
29487,87,0,0.24014343317646822,0.4215618771708538,29,early
29488,88,0,0.519067716211169,0.5796945308234187,29,early
29489,89,0,0.5846669278799363,0.3737974516880056,29,early
29490,90,0,0.4680424618544854,0.49510208160321456,29,early
29491,91,0,0.7912774830064195,0.43646523748368893,29,early
29492,92,0,0.6360779557459072,0.41356577016455065,29,early
29493,93,0,0.5227472542194537,0.43033816792294494,29,early
29494,94,0,0.632225611380959,0.43936670750989254,29,early
29495,95,0,0.2251548790085531,0.5102033798039235,29,early
29496,96,0,0.5721493597117069,0.4060943133701204,29,early
29497,97,0,0.6306310554627226,0.4346559304735357,29,early
29498,98,0,0.4629926457826621,0.4284254553193144,29,early
29499,99,0,0.7034807741396237,0.3836693367827918,29,early
29500,100,0,0.6802260946750449,0.5077065904558571,29,early
29501,101,0,0.21259055528119292,0.3472547536255539,29,early
29502,102,0,0.6919633665414199,0.5201636354016043,29,early
29503,103,0,0.17905430742056097,0.4887837126723295,29,early
29504,104,0,0.7173535610865611,0.48062448005489944,29,early
29505,105,0,0.35699953379012284,0.3716186053279432,29,early
29506,106,0,0.33179559554800625,0.4066911344173211,29,early
29507,107,0,0.34085249855584027,0.36996680112512215,29,early
29508,108,0,0.366424128334762,0.4856448839420714,29,early
29509,109,0,0.46574227764451004,0.4434194148336671,29,early
29510,110,0,0.32517926762787,0.5189459809842822,29,early
29511,111,0,0.7350171433481367,0.47922559302299783,29,early
29512,112,0,0.6697827514505426,0.44634191497487785,29,early
29513,113,0,0.24474707564585696,0.5093517505214686,29,early
29514,114,0,0.5179469382946037,0.4562675766885846,29,early
29515,115,0,0.32190800594105495,0.48454253272842684,29,early
29516,116,0,0.6369382786377276,0.4123426433427364,29,early
29517,117,0,0.5651224470139327,0.46234915274611166,29,early
29518,118,0,0.4383546201567454,0.4644450370671699,29,early
29519,119,0,0.7526890019261658,0.3585800551680582,29,early
29520,120,0,0.2728550159089672,0.6155122185635573,29,early
29521,121,0,0.29745530586907326,0.5893104867539315,29,early
29522,122,0,0.5477551238113935,0.5302111119246545,29,early
29523,123,0,0.5280964938188266,0.5138128421283401,29,early
29524,124,0,0.5158209461207047,0.5682424869253713,29,early
29525,125,0,0.6731041957555092,0.4272988298205317,29,early
29526,126,0,0.48495188980082526,0.49637231500524714,29,early
29527,127,0,0.3850329016709011,0.43927668504343614,29,early
29528,128,0,0.42781428147094236,0.44536808062711575,29,early
29529,129,0,0.5680331796637668,0.5113889208918887,29,early
29530,130,0,0.4020989047958613,0.4270896488282283,29,early
29531,131,0,0.4264181747101727,0.3651914042119808,29,early
29532,132,0,0.40496979916934267,0.4039331053524591,29,early
29533,133,0,0.5483449689509033,0.4955808158849082,29,early
29534,134,0,0.5382385993183977,0.46530260955067704,29,early
29535,135,0,0.6658743925133707,0.45455409230233745,29,early
29536,136,0,0.676840628474682,0.43687939880089705,29,early
29537,137,0,0.2024114212464081,0.5033706155576178,29,early
29538,138,0,0.7008743936373553,0.4881841125613546,29,early
29539,139,0,0.5598144786143305,0.4429159762722694,29,early
29540,140,0,0.3865599065083828,0.4412247797149994,29,early
29541,141,0,0.18840613453241797,0.492567456084881,29,early
29542,142,0,0.6936915356538178,0.43035056039125497,29,early
29543,143,0,0.5639437418047424,0.36656742411092813,29,early
29544,144,0,0.4395463846314207,0.4639536626388825,29,early
29545,145,0,0.34167250365640206,0.3692190428221631,29,early
29546,146,0,0.2984119015398984,0.49172252046307674,29,early
29547,147,0,0.17324119410076363,0.4593844977912276,29,early
29548,148,0,0.7628049506985797,0.515228592263171,29,early
29549,149,0,0.21575904555442071,0.41746959315847054,29,early
29550,150,0,0.5991358129331594,0.4721917574896755,29,early
29551,151,0,0.19512869343960682,0.5359516485623942,29,early
29552,152,0,0.30053450674908316,0.3845115702981188,29,early
29553,153,0,0.2988556853384617,0.6134632397800621,29,early
29554,154,0,0.2835340595957195,0.5119136793414384,29,early
29555,155,0,0.35779440013617264,0.5307670125529804,29,early
29556,156,0,0.7016397880180507,0.31141177196292624,29,early
29557,157,0,0.530063699108109,0.470690467443646,29,early
29558,158,0,0.39500970967013915,0.42629668142028754,29,early
29559,159,0,0.5339845320717547,0.33371296280143525,29,early
29560,160,0,0.6378707572845707,0.3933927660473231,29,early
29561,161,0,0.5985816757161082,0.496111062191596,29,early
29562,162,0,0.370138337486551,0.38770290312519967,29,early
29563,163,0,0.23598958235319148,0.3366373131527223,29,early
29564,164,0,0.5227002551906946,0.5441201471024983,29,early
29565,165,0,0.6392910376327663,0.4057965564737785,29,early
29566,166,0,0.731172077706123,0.372652050189355,29,early
29567,167,0,0.7959555215511527,0.526487218881434,29,early
29568,168,0,0.7810853668807503,0.426042769258302,29,early
29569,169,0,0.30943822118585457,0.4051660758402356,29,early
29570,170,0,0.2286379733327275,0.43022582628458794,29,early
29571,171,0,0.6815306222157355,0.40681828348677374,29,early
29572,172,0,0.4495726108368545,0.3781648336434569,29,early
29573,173,0,0.6569331422867166,0.4077358757686965,29,early
29574,174,0,0.3118634737029636,0.436458099155126,29,early
29575,175,0,0.3423178537835401,0.39459280357296095,29,early
29576,176,0,0.6856470529497039,0.4029432843379203,29,early
29577,177,0,0.7861467279074984,0.3710124486307659,29,early
29578,178,0,0.4759564464691396,0.2900423842765639,29,early
29579,179,0,0.36017123137047535,0.4705066784131283,29,early
29580,180,0,0.4847823917854111,0.41506702060118494,29,early
29581,181,0,0.37042675610941334,0.5007319785839953,29,early
29582,182,0,0.5826424839359394,0.5457052178350392,29,early
29583,183,0,0.33826381949414575,0.4797243468246588,29,early
29584,184,0,0.4363552388021218,0.40512329739228187,29,early
29585,185,0,0.3010518521452672,0.48192204808210815,29,early
29586,186,0,0.5097662238709282,0.39919873673604356,29,early
29587,187,0,0.4189310718983333,0.4610147183772543,29,early
29588,188,0,0.4864497710249186,0.36973153832915573,29,early
29589,189,0,0.7721032076694794,0.48463280643176176,29,early
29590,190,0,0.6702059462894729,0.4906926904201935,29,early
29591,191,0,0.3946405224014324,0.4384717478367085,29,early
29592,192,0,0.4526740840891072,0.5626254325349892,29,early
29593,193,0,0.4355692975260912,0.40586136623496294,29,early
29594,194,0,0.508321675811677,0.5274372211345806,29,early
29595,195,0,0.40301300266641904,0.36932551244754985,29,early
29596,196,0,0.49188807184178457,0.3963259429058338,29,early
29597,197,0,0.728369493057905,0.4966882484716718,29,early
29598,198,0,0.3065015030691367,0.485558428583445,29,early
29599,199,0,0.37797320846235016,0.37900482363619425,29,early
29600,0,0,0.0258865359968984,0.5811405210475258,29,middle
29601,1,1,0.4856657290573517,1.0514265143506174,29,middle
29602,2,0,0.9235569381581711,0.41891083617528424,29,middle
29603,3,0,0.5556347757358286,0.3985377880825231,29,middle
29604,4,0,0.9625984940753095,0.4619647206349036,29,middle
29605,5,2,0.541003821607203,0.8107908848570861,29,middle
29606,6,2,0.3604537321322311,0.6367412100691656,29,middle
29607,7,3,0.500568083419304,1.2218009499082916,29,middle
29608,8,2,0.12207946645415704,0.6085836037108037,29,middle
29609,9,0,0.3415291865206962,0.5371537513550697,29,middle
29610,10,0,0.7893216780491282,0.5008676700685174,29,middle
29611,11,0,0.3659326677266758,0.6813505988898791,29,middle
29612,12,0,0.9147167698785367,0.48023821311212284,29,middle
29613,13,0,0.5376688875497523,0.5747822661764359,29,middle
29614,14,0,0.9394145616665771,0.3097921755475318,29,middle
29615,15,0,0.4765241883382177,0.46363021853970665,29,middle
29616,16,0,0.045019556542744116,0.7272444313706592,29,middle
29617,17,0,0.464468687186106,0.5886249384625175,29,middle
29618,18,0,0.871210450108493,0.4049260843160559,29,middle
29619,19,0,0.4923074635308225,0.6383748675967582,29,middle
29620,20,0,0.9077090692415997,0.46155522753714506,29,middle
29621,21,0,0.5720106226422681,0.32984062289900196,29,middle
29622,22,0,0.07291834418845351,0.5089927080696466,29,middle
29623,23,0,0.44942968103303294,0.5127692151734926,29,middle
29624,24,2,0.9118319105053303,0.5938266946793018,29,middle
29625,25,0,0.4225198496457848,0.42817723380714445,29,middle
29626,26,0,0.11662568382892348,0.414990744983831,29,middle
29627,27,0,0.5817300007413851,0.531354977350241,29,middle
29628,28,0,0.12492212302878891,0.4777016422704814,29,middle
29629,29,0,0.5057782560820857,0.5010135412471071,29,middle
29630,30,0,0.9242509782470192,0.41052618326803325,29,middle
29631,31,0,0.6412861504641363,0.4761311003478514,29,middle
29632,32,0,0.913938915285418,0.33295123941180393,29,middle
29633,33,1,0.5035801669263754,0.5866499615086951,29,middle
29634,34,0,0.1254441567045287,0.5145799983743891,29,middle
29635,35,0,0.645389546911348,0.5834456275716379,29,middle
29636,36,0,0.22075449680702158,0.5064298095725157,29,middle
29637,37,0,0.42938336891704126,0.4434593064220652,29,middle
29638,38,0,0.8328545195366464,0.5150238364521976,29,middle
29639,39,0,0.6298662216651402,0.41030588670606843,29,middle
29640,40,0,0.8661299154229317,0.281443534141529,29,middle
29641,41,0,0.07024741490223903,0.625711163207324,29,middle
29642,42,0,0.755185999333865,0.42441542405961724,29,middle
29643,43,0,0.7833261768201565,0.4976301908884695,29,middle
29644,44,0,0.6893485626994915,0.5664458995069924,29,middle
29645,45,0,0.07482357486881681,0.667964605108308,29,middle
29646,46,0,0.0920395098184048,0.4959865035515376,29,middle
29647,47,0,0.24035273999796353,0.6167424176285705,29,middle
29648,48,0,0.906809544721989,0.5394873222482143,29,middle
29649,49,0,0.0752229279767788,0.7094150700727968,29,middle
29650,50,0,0.8671323679316609,0.5281110522526558,29,middle
29651,51,0,0.8503980500936027,0.4050733350124759,29,middle
29652,52,0,0.7302606314913873,0.4432960760172341,29,middle
29653,53,0,0.7489857291558497,0.4856706747165517,29,middle
29654,54,0,0.21007951688484497,0.5313003976972221,29,middle
29655,55,0,0.7970142030658247,0.43225271327662684,29,middle
29656,56,0,0.8217797467375711,0.42337492280579764,29,middle
29657,57,0,0.8986930383751384,0.3927830050453943,29,middle
29658,58,0,0.7636625183615677,0.3653837163745052,29,middle
29659,59,0,0.7303062660054089,0.5402186251957746,29,middle
29660,60,0,0.8303505979868524,0.37401044423408775,29,middle
29661,61,0,0.7227639090469414,0.2971364273598983,29,middle
29662,62,0,0.18597870570995081,0.5271785839092475,29,middle
29663,63,0,0.24999242241366862,0.3912619751722679,29,middle
29664,64,0,0.15468392601757164,0.5511271376501021,29,middle
29665,65,0,0.24450351370265527,0.5621793547469698,29,middle
29666,66,0,0.23040398994022257,0.5479364767505795,29,middle
29667,67,0,0.5442633463193592,0.5573949117874242,29,middle
29668,68,0,0.7534516088560539,0.4358012215788515,29,middle
29669,69,0,0.16452235780257973,0.4584130240614296,29,middle
29670,70,0,0.3084703894832709,0.5702164053733683,29,middle
29671,71,0,0.7919316918303178,0.3342074806703912,29,middle
29672,72,0,0.829053818260419,0.3424798949775496,29,middle
29673,73,0,0.7826903473562026,0.30462716399735273,29,middle
29674,74,0,0.6625018099041495,0.382171190081545,29,middle
29675,75,0,0.3271108495490805,0.38271547432781133,29,middle
29676,76,0,0.28871910378207705,0.4531473720589019,29,middle
29677,77,0,0.44271554194567403,0.5286103970626128,29,middle
29678,78,0,0.718087882403543,0.42664664042625833,29,middle
29679,79,0,0.7459225978530171,0.4577131460377407,29,middle
29680,80,0,0.6954436508146584,0.36614811235340927,29,middle
29681,81,0,0.5945346278535351,0.5143038380860321,29,middle
29682,82,0,0.4290458135087882,0.6189156286083742,29,middle
29683,83,0,0.3957290341431354,0.5184736630488641,29,middle
29684,84,0,0.689684637713684,0.2837332833646845,29,middle
29685,85,0,0.5395490954054075,0.5795943895102666,29,middle
29686,86,0,0.35317656263614544,0.5610798580119838,29,middle
29687,87,0,0.5828309202307344,0.50376470908129,29,middle
29688,88,0,0.5416358804474775,0.4996858391447766,29,middle
29689,89,0,0.5897970260325895,0.4819019273880797,29,middle
29690,90,0,0.46127105583144457,0.4503832728622381,29,middle
29691,91,0,0.3803697204548322,0.45882206261201386,29,middle
29692,92,0,0.4824933048401564,0.5444230641709114,29,middle
29693,93,0,0.333325853592313,0.4499155377838902,29,middle
29694,94,0,0.46534459438870834,0.4552374507224278,29,middle
29695,95,0,0.45641660585493166,0.4627630186594814,29,middle
29696,96,0,0.4649409207833012,0.5275593884805926,29,middle
29697,97,0,0.6714135406139387,0.5292039041822865,29,middle
29698,98,0,0.44358474017387844,0.44259884833072727,29,middle
29699,99,0,0.537973018034661,0.429233626835936,29,middle
29700,100,0,0.47910956842573726,0.5540404440026225,29,middle
29701,101,0,0.4547423425268692,0.4670878147191202,29,middle
29702,102,0,0.45636444960254907,0.42973491246373763,29,middle
29703,103,0,0.595887185907938,0.4373632518751334,29,middle
29704,104,0,0.626701776495763,0.3934829171972294,29,middle
29705,105,0,0.4856157874463762,0.4297977897309675,29,middle
29706,106,0,0.5831904860478108,0.3984906699295576,29,middle
29707,107,0,0.5990703130645452,0.6895936251481313,29,middle
29708,108,0,0.6131675408702881,0.5150468298447448,29,middle
29709,109,0,0.5108838091663533,0.43236527008887127,29,middle
29710,110,0,0.4506556399614611,0.5993156981887908,29,middle
29711,111,0,0.5253969968392611,0.38631038780888294,29,middle
29712,112,0,0.5344912500351381,0.39877689523319726,29,middle
29713,113,0,0.5532923998466356,0.6054571194094472,29,middle
29714,114,0,0.6416142346415404,0.3810931904751715,29,middle
29715,115,0,0.6760852392408488,0.3633797946203757,29,middle
29716,116,0,0.46027964021830026,0.4332704350775093,29,middle
29717,117,0,0.6597038175884834,0.2934700304660415,29,middle
29718,118,0,0.6604952013886567,0.34672107170220384,29,middle
29719,119,0,0.6235821660945166,0.39391849634221593,29,middle
29720,120,0,0.8114064333100492,0.39496406325942945,29,middle
29721,121,0,0.5232928025467635,0.5287917351698216,29,middle
29722,122,0,0.1857290726224132,0.5215766284232913,29,middle
29723,123,0,0.6942589579446838,0.3309261290639208,29,middle
29724,124,0,0.6833465684322666,0.4337853818518767,29,middle
29725,125,0,0.3717184392355066,0.5185919792867945,29,middle
29726,126,0,0.40564606054754515,0.3597759933300865,29,middle
29727,127,0,0.5674035480015112,0.4235977008546079,29,middle
29728,128,0,0.6585392717100268,0.43917636976318053,29,middle
29729,129,0,0.3845326030166913,0.474623585851276,29,middle
29730,130,0,0.23738688436564825,0.6443435809134034,29,middle
29731,131,0,0.42859295803959774,0.4971052068735524,29,middle
29732,132,0,0.4621002725304142,0.4739425862167964,29,middle
29733,133,0,0.6523107190914857,0.32149027954076803,29,middle
29734,134,0,0.8458296784472314,0.31377225620815985,29,middle
29735,135,0,0.4474178420208005,0.41544059861098587,29,middle
29736,136,0,0.7341699217400557,0.40213362693107646,29,middle
29737,137,0,0.37975814772172184,0.47022785252010446,29,middle
29738,138,0,0.3657833320385391,0.3910405938226271,29,middle
29739,139,0,0.6669972845434318,0.43960044834391865,29,middle
29740,140,0,0.4878024512553155,0.5587721355825485,29,middle
29741,141,0,0.39569677124431624,0.4473641958518172,29,middle
29742,142,0,0.4619418839389059,0.5845996862321701,29,middle
29743,143,0,0.2505184917185689,0.4113853044340471,29,middle
29744,144,0,0.5073452250612599,0.39719452302261016,29,middle
29745,145,0,0.3233564127470947,0.4434039496853738,29,middle
29746,146,0,0.34762310947994274,0.448385770227517,29,middle
29747,147,0,0.3561007132412789,0.46005218211875276,29,middle
29748,148,0,0.5943131612844967,0.384428162927154,29,middle
29749,149,0,0.32493781489198104,0.38872964118663794,29,middle
29750,150,0,0.418018570840616,0.624347889418571,29,middle
29751,151,0,0.7723807525229662,0.39582254406027195,29,middle
29752,152,0,0.6396482595323407,0.4416383165960061,29,middle
29753,153,0,0.7601621239299448,0.3499431748594115,29,middle
29754,154,0,0.6295967544207433,0.3701451613660789,29,middle
29755,155,0,0.7175454379386161,0.46534085964616456,29,middle
29756,156,0,0.27998792272901696,0.44999576130329866,29,middle
29757,157,0,0.32694977039227696,0.5578521889125161,29,middle
29758,158,0,0.35753541380918075,0.5000815868170603,29,middle
29759,159,0,0.17158680163343026,0.5496535794478451,29,middle
29760,160,0,0.8030302955039825,0.3438926811454847,29,middle
29761,161,0,0.7604381499813907,0.5103600979017373,29,middle
29762,162,0,0.7795415689873163,0.2492461545702095,29,middle
29763,163,0,0.7763062721849339,0.36112423253432935,29,middle
29764,164,0,0.6686020920935316,0.37065193177135103,29,middle
29765,165,0,0.25898397666113754,0.43480717343068154,29,middle
29766,166,0,0.6721981470983145,0.3393336676647509,29,middle
29767,167,0,0.7420447775533232,0.3406713451024779,29,middle
29768,168,0,0.21316027099805057,0.3819245383018633,29,middle
29769,169,0,0.2621346688519566,0.5331812582161418,29,middle
29770,170,0,0.2593898547846739,0.3554581405205995,29,middle
29771,171,0,0.7467088605697414,0.36085843131580486,29,middle
29772,172,0,0.6076023612800149,0.4433832582778051,29,middle
29773,173,0,0.255898316733429,0.45057647798649025,29,middle
29774,174,0,0.209465498300613,0.5355192635467169,29,middle
29775,175,0,0.43644695904129255,0.42958913189749104,29,middle
29776,176,0,0.7471015626400608,0.48093013473681456,29,middle
29777,177,0,0.7404544848298292,0.4253682997600298,29,middle
29778,178,0,0.8670275270712793,0.31626601493091006,29,middle
29779,179,0,0.6984087686176621,0.36129754517486345,29,middle
29780,180,0,0.36902107333931994,0.4741885342792663,29,middle
29781,181,0,0.39578230352668936,0.4188562814358652,29,middle
29782,182,0,0.621445606879927,0.29797528228614156,29,middle
29783,183,0,0.6870370347115115,0.494090603545411,29,middle
29784,184,0,0.33034774943130196,0.42528846062700354,29,middle
29785,185,0,0.3936379646372189,0.45299714653576795,29,middle
29786,186,0,0.36230303193962,0.37578979053659367,29,middle
29787,187,0,0.6346259856048972,0.4414087430884528,29,middle
29788,188,0,0.4244750666685604,0.40737512060096,29,middle
29789,189,0,0.24379374727527392,0.5165843039218097,29,middle
29790,190,0,0.6978571179374408,0.507268745331926,29,middle
29791,191,0,0.3386447632311413,0.43592541862220896,29,middle
29792,192,0,0.6904485953641868,0.3804348335056312,29,middle
29793,193,0,0.8820520003155827,0.45051430311367524,29,middle
29794,194,0,0.10592396427640222,0.5643981224530257,29,middle
29795,195,0,0.7841877846412438,0.3832531308953827,29,middle
29796,196,0,0.8104908419132296,0.28914927405359003,29,middle
29797,197,0,0.8352097023772771,0.35715546613091265,29,middle
29798,198,0,0.7277626041097385,0.4538239967787236,29,middle
29799,199,0,0.8143899407331013,0.4566166184400525,29,middle
29800,0,0,0.0078033711731272,0.6811086199168179,29,late
29801,1,1,0.5075571059661877,1.2144383672047772,29,late
29802,2,2,0.9120668465465073,1.340845555609096,29,late
29803,3,3,0.6843334285242553,0.7187677128469842,29,late
29804,4,4,0.9969869388400217,0.9849508182273239,29,late
29805,5,5,0.499967787035086,1.052744845254044,29,late
29806,6,6,5.435820637770162e-05,1.323847572003129,29,late
29807,7,7,0.5221380487059171,1.1068593368875912,29,late
29808,8,0,0.9865634321411603,0.4476675260252132,29,late
29809,9,0,0.4883850896978072,0.6100992857815146,29,late
29810,10,0,0.9849290779896478,0.7048834393098777,29,late
29811,11,8,0.5000061119437809,1.0983277892980585,29,late
29812,12,9,5.698820989640548e-05,1.121723218375283,29,late
29813,13,10,0.43713945328266013,1.1258220598807422,29,late
29814,14,10,0.8737226911566556,0.7253706575147363,29,late
29815,15,11,0.4990646381664425,1.0630812450217095,29,late
29816,16,12,0.22516798214866837,1.2069296929797435,29,late
29817,17,13,0.4803088798449601,1.1252579901126647,29,late
29818,18,14,0.9991900464529795,0.9313913264514513,29,late
29819,19,15,0.5000418473543907,1.0347093028195824,29,late
29820,20,16,0.08184865206179227,1.1037710756657768,29,late
29821,21,10,0.5701923425645414,0.6789866118055847,29,late
29822,22,17,0.04915129082037199,0.958535781547599,29,late
29823,23,18,0.4557198607113733,1.0567681871364465,29,late
29824,24,3,0.6821046046408352,0.6806215214775935,29,late
29825,25,19,0.533446087166226,0.8201695995949281,29,late
29826,26,20,0.9991937232796684,1.0126623935405823,29,late
29827,27,19,0.5338596013994886,0.628621275083918,29,late
29828,28,21,0.9358988905772233,0.9263511762947304,29,late
29829,29,22,0.6833852015527664,0.9413315547742704,29,late
29830,30,23,0.2835680483549059,0.9844168541888412,29,late
29831,31,24,0.5004726739793548,0.7922602554406164,29,late
29832,32,25,0.0012535038373591861,0.9592288175754444,29,late
29833,33,24,0.5006986312518544,0.4978354370109852,29,late
29834,34,24,0.9949465623389033,0.5723012142608621,29,late
29835,35,24,0.5002150826854298,0.6639235501180143,29,late
29836,36,24,0.9952497070497437,0.47245284186279013,29,late
29837,37,24,0.500442266536931,0.6004987442015544,29,late
29838,38,24,0.0032949459947454224,0.6041534990585593,29,late
29839,39,24,0.5002353979547768,0.7353211514165794,29,late
29840,40,24,0.003981051156177756,0.7061721751457002,29,late
29841,41,24,0.521412913652029,0.5125931945775428,29,late
29842,42,24,0.9825461139419596,0.5833140934582127,29,late
29843,43,26,0.49996835780321514,1.3289927940791595,29,late
29844,44,24,0.9916088095081236,0.5786502743277396,29,late
29845,45,27,0.501059814128417,0.8602722830763224,29,late
29846,46,24,0.9926475286951658,0.5654184937162566,29,late
29847,47,24,0.5076183585650493,0.4593362913119766,29,late
29848,48,24,0.991100640852989,0.5375538191515874,29,late
29849,49,24,0.49810707722670167,0.6256500437934314,29,late
29850,50,24,0.008975312492042427,0.6401444964762126,29,late
29851,51,24,0.5058518604895625,0.5531483026429205,29,late
29852,52,24,0.010019581184621078,0.5654636123563737,29,late
29853,53,24,0.5199255256864066,0.6243353450895051,29,late
29854,54,28,0.006069464227305577,1.0091566472817517,29,late
29855,55,24,0.5102134066839829,0.4838063187840562,29,late
29856,56,24,0.946086178840057,0.561281960634168,29,late
29857,57,24,0.5019863648150268,0.7596933516668423,29,late
29858,58,24,0.9921472523224565,0.7175479014749884,29,late
29859,59,24,0.5714189526033178,0.46538293916717255,29,late
29860,60,24,0.9272035053239731,0.39782053075767626,29,late
29861,61,24,0.5254194230430718,0.5995510223534208,29,late
29862,62,24,0.9042338966381966,0.5574985098192735,29,late
29863,63,24,0.43120111508252557,0.554599875130106,29,late
29864,64,24,0.04457267742634194,0.5398479286614409,29,late
29865,65,24,0.4239520648293654,0.6298099757018616,29,late
29866,66,24,0.8634396017821326,0.5362930596761857,29,late
29867,67,24,0.6487568325981656,0.4155961123895945,29,late
29868,68,24,0.05706377717621926,0.40363503327436034,29,late
29869,69,24,0.6565048974158706,0.3801790854562506,29,late
29870,70,24,0.06678119910570515,0.6047092983197204,29,late
29871,71,24,0.30442177056894415,0.6231998305289248,29,late
29872,72,24,0.1514003453446159,0.6792716395429741,29,late
29873,73,24,0.32603863219604656,0.4250435024718253,29,late
29874,74,24,0.5584122447038066,0.6353290332707624,29,late
29875,75,24,0.4535611419398441,0.4927933282389897,29,late
29876,76,24,0.738944851507245,0.4655750920612667,29,late
29877,77,24,0.7821485621271431,0.623806022920427,29,late
29878,78,24,0.5580777363575881,0.6475671532297236,29,late
29879,79,24,0.3436019614896115,0.5050122939137731,29,late
29880,80,24,0.28993289802127997,0.5148469475982871,29,late
29881,81,24,0.20043339372275962,0.5261468516462355,29,late
29882,82,24,0.4810339373747231,0.30805706636066826,29,late
29883,83,24,0.5209662358675582,0.42720291492760115,29,late
29884,84,24,0.1598554069728928,0.5424900396964943,29,late
29885,85,24,0.558579772616297,0.4898502820579467,29,late
29886,86,24,0.4954896644598609,0.35609612144548164,29,late
29887,87,24,0.6892926193476645,0.49205834712989405,29,late
29888,88,24,0.5282946980262277,0.39069805355605897,29,late
29889,89,24,0.19451847860192376,0.5363145549523312,29,late
29890,90,24,0.42250314052717985,0.417713414503966,29,late
29891,91,24,0.3833303043424453,0.40124071165468467,29,late
29892,92,24,0.389451133092038,0.5782466471846911,29,late
29893,93,24,0.37311978499194487,0.44113759435599476,29,late
29894,94,24,0.42267536973348385,0.419422782861105,29,late
29895,95,24,0.4183024922034465,0.48563941952607204,29,late
29896,96,24,0.6853412291190915,0.3783150169760465,29,late
29897,97,24,0.5079081160909527,0.5221596876518451,29,late
29898,98,24,0.5431033331919852,0.46723656207240927,29,late
29899,99,24,0.32846452361460976,0.38347849565120073,29,late
29900,100,24,0.4499705630277233,0.5472425300532747,29,late
29901,101,24,0.4663886054909504,0.43044450954810853,29,late
29902,102,24,0.49426656602566554,0.4081687820584301,29,late
29903,103,24,0.6888438322840644,0.5841725346007947,29,late
29904,104,24,0.5263226915557631,0.3578072072779198,29,late
29905,105,24,0.696445950860248,0.41453157271592067,29,late
29906,106,24,0.5125818392589282,0.4037490353875306,29,late
29907,107,24,0.3580337929315752,0.4856377864453084,29,late
29908,108,24,0.4308834586857734,0.4107662123421208,29,late
29909,109,24,0.5478470026628536,0.4084524208533224,29,late
29910,110,24,0.5947473941987309,0.38987958655892074,29,late
29911,111,24,0.4173006004080712,0.6081910110341103,29,late
29912,112,24,0.21509953380249278,0.41326712323651726,29,late
29913,113,24,0.18724190421233336,0.48125903342456494,29,late
29914,114,24,0.5767092251722238,0.3631039526005949,29,late
29915,115,24,0.39544973788565835,0.44093875912678815,29,late
29916,116,24,0.5651638677290812,0.5301406274161333,29,late
29917,117,24,0.5068338424946716,0.526286411715511,29,late
29918,118,24,0.5502110021246978,0.39810883064326286,29,late
29919,119,24,0.476241187774516,0.5508840871208486,29,late
29920,120,24,0.8809434116682995,0.30773468411011,29,late
29921,121,24,0.8788421886128308,0.38676569468219524,29,late
29922,122,24,0.9264134761667165,0.47462093164898445,29,late
29923,123,24,0.1842431534068218,0.44958590776719687,29,late
29924,124,24,0.8926301569310544,0.4495512986721679,29,late
29925,125,24,0.9023261514404936,0.34349012959407293,29,late
29926,126,24,0.8300091598592835,0.44721776600628993,29,late
29927,127,24,0.8142885907454518,0.33195121180990034,29,late
29928,128,24,0.19193761721329397,0.4450805703704038,29,late
29929,129,24,0.24228871148227688,0.4813811978903372,29,late
29930,130,24,0.2539263651561385,0.5352816795867181,29,late
29931,131,24,0.27605038273049676,0.4366035732387378,29,late
29932,132,24,0.2379206127630864,0.5698480093253255,29,late
29933,133,24,0.22708270114096946,0.5634322948105772,29,late
29934,134,24,0.1827214356402741,0.47685651291133174,29,late
29935,135,24,0.7246458057796579,0.4589005810075901,29,late
29936,136,24,0.6464414804995258,0.5594932058280979,29,late
29937,137,24,0.8646542855895845,0.41321042150630416,29,late
29938,138,24,0.8030366572749073,0.5007258855061478,29,late
29939,139,24,0.8011154185769997,0.34343896173335425,29,late
29940,140,24,0.9109637773682278,0.4816129293929111,29,late
29941,141,24,0.1307496516740145,0.4820552312723617,29,late
29942,142,24,0.16425146016223494,0.5095377563028529,29,late
29943,143,24,0.825013446588382,0.4151051200145578,29,late
29944,144,24,0.9265829799963989,0.4761332321735714,29,late
29945,145,24,0.14546457794090373,0.44816117155795243,29,late
29946,146,24,0.8634924037467409,0.3096735252192861,29,late
29947,147,24,0.12622415721125166,0.5921389973048471,29,late
29948,148,24,0.8790242781368147,0.5621233537368346,29,late
29949,149,24,0.9087827535128599,0.38490671139701915,29,late
29950,150,24,0.9306269238700062,0.4975515495161403,29,late
29951,151,24,0.8959592129351146,0.3299252907180108,29,late
29952,152,24,0.8562178145679445,0.47213963705308504,29,late
29953,153,24,0.9282210757824128,0.43824530435259235,29,late
29954,154,24,0.8294579812926478,0.38486715789742265,29,late
29955,155,24,0.9000883419611165,0.3298064794696507,29,late
29956,156,24,0.1348020324278416,0.587958275146637,29,late
29957,157,24,0.28959874454007933,0.3731757780304378,29,late
29958,158,24,0.16350315542005528,0.40863988647319627,29,late
29959,159,24,0.21683241918489699,0.41752879303867024,29,late
29960,160,24,0.865184974035949,0.35247650315993717,29,late
29961,161,24,0.3996820107019601,0.49467416730303815,29,late
29962,162,24,0.49970241762261036,0.4377879492862613,29,late
29963,163,24,0.16822671204959996,0.38363893393560344,29,late
29964,164,24,0.23318755623339538,0.522582682300425,29,late
29965,165,24,0.35229785111136325,0.4948971070387951,29,late
29966,166,24,0.2912219423642974,0.36761911623779053,29,late
29967,167,24,0.5003793482421126,0.3737102406306313,29,late
29968,168,24,0.2723247145672405,0.4501223337139343,29,late
29969,169,24,0.5739438526876249,0.37233141995554486,29,late
29970,170,24,0.2157014156996045,0.5169518526886101,29,late
29971,171,24,0.26137387637959286,0.46341860388421463,29,late
29972,172,24,0.36208583727175137,0.4961269356554817,29,late
29973,173,24,0.47272426997933825,0.448752589183819,29,late
29974,174,24,0.2766872471811539,0.41538115134354425,29,late
29975,175,24,0.4884034688060872,0.36907565718423,29,late
29976,176,24,0.31319708092732707,0.3690226888805496,29,late
29977,177,24,0.7928786989274712,0.4615936149389113,29,late
29978,178,24,0.2603453103484683,0.48292061698732475,29,late
29979,179,24,0.36159588059632897,0.48729224208023114,29,late
29980,180,24,0.7621612070873066,0.4219229905030317,29,late
29981,181,24,0.39199757249309863,0.4801581361860948,29,late
29982,182,24,0.30064426626559204,0.5882580809480424,29,late
29983,183,24,0.2540998600227554,0.48871546837428637,29,late
29984,184,24,0.7954225977905846,0.3063947589439275,29,late
29985,185,24,0.5219572680405427,0.4262931272234006,29,late
29986,186,24,0.25610467726776065,0.45072768448995904,29,late
29987,187,24,0.7750875729897463,0.42091178763455916,29,late
29988,188,24,0.35925362291274127,0.3694573637842079,29,late
29989,189,24,0.837575488988946,0.3257788142693223,29,late
29990,190,24,0.781321514200904,0.3592694029837095,29,late
29991,191,24,0.2705610040451424,0.4101551422846324,29,late
29992,192,24,0.4253706818054591,0.43552799797644887,29,late
29993,193,24,0.17239119337011094,0.40812742377506706,29,late
29994,194,24,0.8498211210704107,0.4654687187647221,29,late
29995,195,24,0.8542972508344958,0.3116730174068919,29,late
29996,196,24,0.42308087441401593,0.37812633523085215,29,late
29997,197,24,0.8881698958037669,0.4200019440453212,29,late
29998,198,24,0.31430666455291356,0.5194007275240774,29,late
29999,199,24,0.5622930701384274,0.43512331698981194,29,late
30000,0,0,0.8709795906147078,0.3163500791195836,30,interleaved
30001,1,0,0.4902602804878876,0.6550940592380732,30,interleaved
30002,2,0,0.9130608698119229,0.5394507822254492,30,interleaved
30003,3,0,0.4813352186624249,0.7540360560540746,30,interleaved
30004,4,0,0.07499583417079979,0.4702411684383796,30,interleaved
30005,5,0,0.47829867345760313,0.4290617597670894,30,interleaved
30006,6,0,0.9616526576827078,0.607778605817889,30,interleaved
30007,7,0,0.49654046719700135,0.6728657003419973,30,interleaved
30008,8,0,0.8550720445707127,0.39283485147633135,30,interleaved
30009,9,0,0.5057116921824047,0.5002272080654996,30,interleaved
30010,10,0,0.04307433965381953,0.6674335100643991,30,interleaved
30011,11,0,0.47790885396255967,0.6500111931708132,30,interleaved
30012,12,0,0.7935295508125928,0.4452259556631988,30,interleaved
30013,13,0,0.519221574923252,0.5910008132214531,30,interleaved
30014,14,0,0.11215317708059308,0.6207931933778474,30,interleaved
30015,15,0,0.4060947392353982,0.49901993252347904,30,interleaved
30016,16,0,0.8840121858888847,0.47138810024325895,30,interleaved
30017,17,0,0.5595700301467778,0.6121421313922271,30,interleaved
30018,18,0,0.827146915659585,0.5225224115038372,30,interleaved
30019,19,0,0.5885421241027144,0.6214087587941727,30,interleaved
30020,20,0,0.12413638319491188,0.654516908454247,30,interleaved
30021,21,0,0.5377202514216769,0.328657211626247,30,interleaved
30022,22,0,0.10406583286052067,0.6550443748344917,30,interleaved
30023,23,0,0.577314534418454,0.2782689340262098,30,interleaved
30024,24,0,0.17792013909676802,0.6448722905283413,30,interleaved
30025,25,0,0.4595311323793395,0.5266737494563777,30,interleaved
30026,26,0,0.3146148595190287,0.36005637329189955,30,interleaved
30027,27,0,0.4998891048999555,0.6102486560150009,30,interleaved
30028,28,0,0.27128916919178225,0.5413245816642533,30,interleaved
30029,29,0,0.4196516103566814,0.4034998744887541,30,interleaved
30030,30,0,0.7647412064488652,0.632381278790998,30,interleaved
30031,31,0,0.6548895747796236,0.47287866177415505,30,interleaved
30032,32,0,0.8500121588615255,0.45436473448700415,30,interleaved
30033,33,0,0.5512445335443645,0.5419068733172223,30,interleaved
30034,34,0,0.9090529630828827,0.5646848958271276,30,interleaved
30035,35,0,0.5004872721068663,0.3923153092809897,30,interleaved
30036,36,0,0.7816260634993062,0.3257503613858473,30,interleaved
30037,37,0,0.49989050537911583,0.4960983077931447,30,interleaved
30038,38,0,0.18217422128648283,0.5427536877149887,30,interleaved
30039,39,0,0.6087736322114159,0.48085225555993094,30,interleaved
30040,40,0,0.5879173504289454,0.588833875267914,30,interleaved
30041,41,0,0.4251741138674847,0.5140481211724972,30,interleaved
30042,42,0,0.11166316223377144,0.6500386170993403,30,interleaved
30043,43,0,0.5662712372830279,0.39528880409809347,30,interleaved
30044,44,0,0.6970017996024861,0.4712392028415804,30,interleaved
30045,45,0,0.6220973444777049,0.3910600480238665,30,interleaved
30046,46,0,0.7380689763688146,0.7000220128725756,30,interleaved
30047,47,0,0.505814257430405,0.42797950996968037,30,interleaved
30048,48,0,0.2783829749570985,0.5771083388245726,30,interleaved
30049,49,0,0.6424884656075323,0.5819491506918044,30,interleaved
30050,50,0,0.8876908028880977,0.5040355637844616,30,interleaved
30051,51,0,0.4654039834937631,0.36940647481747946,30,interleaved
30052,52,0,0.0463625789886453,0.529360285722687,30,interleaved
30053,53,0,0.5227537177815688,0.4409675054781429,30,interleaved
30054,54,0,0.8414188163633785,0.35521786885179674,30,interleaved
30055,55,0,0.4891463594527038,0.3731557855032555,30,interleaved
30056,56,0,0.9256937436196198,0.40537042574791426,30,interleaved
30057,57,0,0.48095747960700186,0.3455561353842941,30,interleaved
30058,58,0,0.725740236971357,0.44451491408344596,30,interleaved
30059,59,0,0.5070638847407354,0.5393672565171712,30,interleaved
30060,60,0,0.9046504548574517,0.49862823780455956,30,interleaved
30061,61,0,0.5056779891922776,0.5811149269123839,30,interleaved
30062,62,0,0.8283190392127746,0.4362083775219651,30,interleaved
30063,63,0,0.4768508262167445,0.3810954501837023,30,interleaved
30064,64,0,0.3173680540904814,0.44912034799334766,30,interleaved
30065,65,0,0.4687192097000498,0.5170453376799566,30,interleaved
30066,66,0,0.7720246279079133,0.48166607682984186,30,interleaved
30067,67,0,0.5774833942717834,0.4305528191732486,30,interleaved
30068,68,0,0.2790859729663949,0.5535722673337646,30,interleaved
30069,69,0,0.4413509136583783,0.7190117199694959,30,interleaved
30070,70,0,0.20672552600886945,0.48592702269623894,30,interleaved
30071,71,0,0.2544180046705961,0.3724522691357347,30,interleaved
30072,72,0,0.12091018543639141,0.6145061964203881,30,interleaved
30073,73,0,0.31318761192699596,0.3881125909097587,30,interleaved
30074,74,0,0.6811162181523821,0.4648986296188774,30,interleaved
30075,75,0,0.607191420446599,0.433118738655791,30,interleaved
30076,76,0,0.3630862226852762,0.5204992735212852,30,interleaved
30077,77,0,0.6769068600078075,0.4190647885450162,30,interleaved
30078,78,0,0.09684963921882406,0.6884688178225586,30,interleaved
30079,79,0,0.22298582329837904,0.4504005924464312,30,interleaved
30080,80,0,0.5413085125577283,0.5454484955580569,30,interleaved
30081,81,0,0.40769583742257903,0.5658956470827934,30,interleaved
30082,82,0,0.3930631352821837,0.34238593097444725,30,interleaved
30083,83,0,0.45833681428276407,0.5853961259543642,30,interleaved
30084,84,0,0.6591623801858626,0.4068813224811588,30,interleaved
30085,85,0,0.3914310660020349,0.44493623593837206,30,interleaved
30086,86,0,0.6332766383063722,0.3814776385826502,30,interleaved
30087,87,0,0.6795904143816536,0.516749085667103,30,interleaved
30088,88,0,0.5343666649067482,0.34269786685206904,30,interleaved
30089,89,0,0.7228738004277836,0.3244117330286993,30,interleaved
30090,90,0,0.5480254292974216,0.46828277761510206,30,interleaved
30091,91,0,0.3601822432441856,0.6004740489249585,30,interleaved
30092,92,0,0.5370385679854761,0.3217833893526096,30,interleaved
30093,93,0,0.6277618129271867,0.5577090482896693,30,interleaved
30094,94,0,0.7836177027925209,0.46154074016355806,30,interleaved
30095,95,0,0.63784979733592,0.38282462930149663,30,interleaved
30096,96,0,0.8263607661843231,0.31545891277522287,30,interleaved
30097,97,0,0.5085090688266004,0.594805296517386,30,interleaved
30098,98,0,0.8243545002500527,0.4436209026241883,30,interleaved
30099,99,0,0.3207107528267036,0.372312012732098,30,interleaved
30100,100,0,0.7015541145033215,0.4920857043091732,30,interleaved
30101,101,0,0.3836095843944137,0.4467657286155562,30,interleaved
30102,102,0,0.7355038650629001,0.36727619116242805,30,interleaved
30103,103,0,0.5253238067667376,0.36309546941906246,30,interleaved
30104,104,0,0.7765311929618401,0.4253924008023423,30,interleaved
30105,105,0,0.6311325690327482,0.47262776947433466,30,interleaved
30106,106,0,0.8019380274835002,0.4558773774509891,30,interleaved
30107,107,0,0.5122213870017017,0.6992567044971149,30,interleaved
30108,108,0,0.7441483114356398,0.41613876902330915,30,interleaved
30109,109,0,0.46494350117200445,0.5000689268180519,30,interleaved
30110,110,0,0.27616034533142714,0.4479318619892132,30,interleaved
30111,111,0,0.5636304345020051,0.40697109477503507,30,interleaved
30112,112,0,0.738557019398009,0.4572861915711339,30,interleaved
30113,113,0,0.5593615346605105,0.35323549034725615,30,interleaved
30114,114,0,0.7972457339635477,0.47390173123889456,30,interleaved
30115,115,0,0.48321227500086905,0.41769168601660867,30,interleaved
30116,116,0,0.8968260494543092,0.5533328878511407,30,interleaved
30117,117,0,0.5768846877875257,0.31752562036640397,30,interleaved
30118,118,0,0.12678078478791638,0.4616540775709194,30,interleaved
30119,119,0,0.5442958283387884,0.38632200208285544,30,interleaved
30120,120,0,0.367486389089419,0.5285963306521386,30,interleaved
30121,121,0,0.46322348060202023,0.4678958101026798,30,interleaved
30122,122,0,0.8947617757802102,0.4702191890864481,30,interleaved
30123,123,0,0.4394432116858674,0.44391915930050313,30,interleaved
30124,124,0,0.8760534384541702,0.42786937641283823,30,interleaved
30125,125,0,0.47301397328041717,0.4441370312099306,30,interleaved
30126,126,0,0.09526660278556091,0.5746482411232898,30,interleaved
30127,127,0,0.4850424442659025,0.6062510703379255,30,interleaved
30128,128,0,0.3536510669257684,0.29666536123334075,30,interleaved
30129,129,0,0.7234870240114766,0.4686963052463522,30,interleaved
30130,130,0,0.39892739959001766,0.4351235172242241,30,interleaved
30131,131,0,0.254189795251744,0.47988349017007564,30,interleaved
30132,132,0,0.2598171905218533,0.4531690583498188,30,interleaved
30133,133,0,0.49802199567226674,0.5546725883741617,30,interleaved
30134,134,0,0.1964651797526371,0.4457192346070711,30,interleaved
30135,135,0,0.6585619932035216,0.40154167380640204,30,interleaved
30136,136,0,0.4757743804274325,0.4957952776105885,30,interleaved
30137,137,0,0.4270956967511418,0.41702687464994925,30,interleaved
30138,138,0,0.3102905517485556,0.5064041107773408,30,interleaved
30139,139,0,0.6038547352938872,0.43389503018735587,30,interleaved
30140,140,0,0.3626224766739696,0.3328898776264898,30,interleaved
30141,141,0,0.6533790395361565,0.4429991140651486,30,interleaved
30142,142,0,0.4446715342297009,0.4344106515974315,30,interleaved
30143,143,0,0.662747906773446,0.33198370743016636,30,interleaved
30144,144,0,0.6300076046501348,0.49520926503928125,30,interleaved
30145,145,0,0.4012897894996544,0.5714640067137049,30,interleaved
30146,146,0,0.42629936681648645,0.5579616769113751,30,interleaved
30147,147,0,0.5339254120919357,0.5164577393982327,30,interleaved
30148,148,0,0.38570621630915713,0.448343922244801,30,interleaved
30149,149,0,0.409423347096101,0.5536314003339331,30,interleaved
30150,150,0,0.6072073892654539,0.4149211115253007,30,interleaved
30151,151,0,0.43568044783837473,0.41418423664190196,30,interleaved
30152,152,0,0.538152837817927,0.36952636573381825,30,interleaved
30153,153,0,0.6396817604152438,0.3882912452814511,30,interleaved
30154,154,0,0.36153572940582535,0.3930311011805724,30,interleaved
30155,155,0,0.4986919589627611,0.4820826961497087,30,interleaved
30156,156,0,0.6132405213782254,0.41663420345753155,30,interleaved
30157,157,0,0.46365266539924677,0.4403327036559438,30,interleaved
30158,158,0,0.6393645814673091,0.36139163018463627,30,interleaved
30159,159,0,0.520875350777926,0.516441098318065,30,interleaved
30160,160,0,0.4569192316909737,0.5464083095256222,30,interleaved
30161,161,0,0.5085718171758051,0.41148355794691116,30,interleaved
30162,162,0,0.3844946444999111,0.3609385375966159,30,interleaved
30163,163,0,0.42118045688032035,0.45628437908947606,30,interleaved
30164,164,0,0.4825967975767032,0.46789312270801264,30,interleaved
30165,165,0,0.2885853464859095,0.4409735051839383,30,interleaved
30166,166,0,0.6245901587899803,0.36228086118471503,30,interleaved
30167,167,0,0.3857275832133752,0.3718146014594229,30,interleaved
30168,168,0,0.7251510596300907,0.3888281689908982,30,interleaved
30169,169,0,0.4015523291138325,0.5182138055182881,30,interleaved
30170,170,0,0.43459012249906553,0.47113652986288246,30,interleaved
30171,171,0,0.5909398440976528,0.41171599129642794,30,interleaved
30172,172,0,0.7979709641797654,0.5171773460862752,30,interleaved
30173,173,0,0.3833254268093988,0.4473360047383881,30,interleaved
30174,174,0,0.4176442780769525,0.3875078709954405,30,interleaved
30175,175,0,0.2204182953867514,0.520593505107483,30,interleaved
30176,176,0,0.4381165830963093,0.4802760971256177,30,interleaved
30177,177,0,0.4790110404990767,0.4960797958170137,30,interleaved
30178,178,0,0.6018439738611574,0.485626942287233,30,interleaved
30179,179,0,0.5658622949366849,0.3508568881468427,30,interleaved
30180,180,0,0.652440139963698,0.5002560219414858,30,interleaved
30181,181,0,0.411010113034011,0.35959260934266246,30,interleaved
30182,182,0,0.732233839126434,0.4070760266693021,30,interleaved
30183,183,0,0.3890869095306385,0.34909386513411017,30,interleaved
30184,184,0,0.28279245890324445,0.42667903558868037,30,interleaved
30185,185,0,0.6984602762000452,0.5237772164945967,30,interleaved
30186,186,0,0.4792703636240149,0.40454959257079404,30,interleaved
30187,187,0,0.4391700076925221,0.3469966666206575,30,interleaved
30188,188,0,0.5302715299783203,0.39099668474029925,30,interleaved
30189,189,0,0.5446579252313128,0.49176235282498504,30,interleaved
30190,190,0,0.3719258643607297,0.31986379208436266,30,interleaved
30191,191,0,0.6060468503237504,0.4990851914240861,30,interleaved
30192,192,0,0.41692139684627216,0.42544529134961984,30,interleaved
30193,193,0,0.39064632827100176,0.3544605158050024,30,interleaved
30194,194,0,0.5333458143834847,0.45087799569076553,30,interleaved
30195,195,0,0.4083656999628197,0.3820723177928813,30,interleaved
30196,196,0,0.3103695758420161,0.5702937551419682,30,interleaved
30197,197,0,0.638071656111198,0.4225610393196123,30,interleaved
30198,198,0,0.47041927254405264,0.4876718217005571,30,interleaved
30199,199,0,0.4691220856047291,0.4815755488177284,30,interleaved
30200,0,0,0.4272026149458539,0.786442633728794,30,blocked
30201,1,0,0.5294943176478621,0.7735981575801372,30,blocked
30202,2,0,0.4495007049970248,0.5821172027144257,30,blocked
30203,3,0,0.5929869320106178,0.7921212025937963,30,blocked
30204,4,0,0.5174290052799867,0.6592549291335054,30,blocked
30205,5,0,0.5315966417509245,0.7302729707193254,30,blocked
30206,6,0,0.3883285029523257,0.7545641321872341,30,blocked
30207,7,0,0.7046860350097416,0.6769871436514852,30,blocked
30208,8,0,0.47874943239381323,0.7972660314054996,30,blocked
30209,9,0,0.586472511135221,0.6030224633620545,30,blocked
30210,10,0,0.4897624712330073,0.6849545721100541,30,blocked
30211,11,0,0.6984578666063924,0.6936573967934999,30,blocked
30212,12,0,0.4870755061867492,0.7810917450039159,30,blocked
30213,13,0,0.47630535555710646,0.5942702913546054,30,blocked
30214,14,0,0.5862323081272462,0.6177926653483554,30,blocked
30215,15,0,0.4429913203956723,0.8326752241131188,30,blocked
30216,16,0,0.45540096584831224,0.8509763217209887,30,blocked
30217,17,0,0.5469573023266183,0.4402782820504404,30,blocked
30218,18,0,0.3155909100166292,0.8168017549896494,30,blocked
30219,19,0,0.4571442237539528,0.443109812056104,30,blocked
30220,20,0,0.5145820373700564,0.6003241142064686,30,blocked
30221,21,0,0.5364306879765361,0.5887384659258297,30,blocked
30222,22,0,0.5040315352582172,0.6244935387109721,30,blocked
30223,23,0,0.6237647877935248,0.6079444780535588,30,blocked
30224,24,0,0.6456580076136123,0.5493125631168426,30,blocked
30225,25,0,0.6103419585877261,0.45089445360270064,30,blocked
30226,26,0,0.45110789237280713,0.6113725798196792,30,blocked
30227,27,0,0.596259651068463,0.5828293980201884,30,blocked
30228,28,0,0.48722441471787303,0.742204867723368,30,blocked
30229,29,0,0.4323798024687222,0.5643618259837451,30,blocked
30230,30,0,0.6452481312285185,0.5965309069700732,30,blocked
30231,31,0,0.4453766884432323,0.47412519852888907,30,blocked
30232,32,0,0.7407244894251401,0.6211011947584292,30,blocked
30233,33,0,0.3069222423993191,0.506396093398303,30,blocked
30234,34,0,0.6789473416032785,0.6188730795679581,30,blocked
30235,35,0,0.502916699612362,0.5037747510690929,30,blocked
30236,36,0,0.6788196192558844,0.6490411623582559,30,blocked
30237,37,0,0.6410721763649576,0.6921187452593088,30,blocked
30238,38,0,0.6996689939613085,0.5611670739932618,30,blocked
30239,39,0,0.7911908418932827,0.40244050928560376,30,blocked
30240,40,0,0.7840022249551193,0.4878065111487332,30,blocked
30241,41,0,0.20823017201958263,0.580195572900483,30,blocked
30242,42,0,0.35010577732531867,0.5954693026351783,30,blocked
30243,43,0,0.5757776452657344,0.5503818497618969,30,blocked
30244,44,0,0.16138686561601853,0.6186534525888605,30,blocked
30245,45,0,0.3028285485461,0.6953644441932718,30,blocked
30246,46,0,0.7146332739855361,0.5037078064334306,30,blocked
30247,47,0,0.6394224049792439,0.4660786554394996,30,blocked
30248,48,0,0.5304872810577573,0.6370141942111571,30,blocked
30249,49,0,0.8484503743322751,0.6487671821351338,30,blocked
30250,50,0,0.3606178854807694,0.7225228209651418,30,blocked
30251,51,0,0.755996930846799,0.4069335799425966,30,blocked
30252,52,0,0.7485654592648459,0.6067767819984765,30,blocked
30253,53,0,0.7436377012173991,0.48153183521336373,30,blocked
30254,54,0,0.7211613620221521,0.45761026506648844,30,blocked
30255,55,0,0.8755380785595788,0.5799531319691382,30,blocked
30256,56,0,0.23335923693868027,0.603043344938516,30,blocked
30257,57,0,0.7085826741305232,0.4108304904232854,30,blocked
30258,58,0,0.7330536707691444,0.517889099590146,30,blocked
30259,59,0,0.8517132473442562,0.5586981305419686,30,blocked
30260,60,0,0.2758515724321151,0.5811460923260227,30,blocked
30261,61,0,0.6009679440605549,0.6280703128420262,30,blocked
30262,62,0,0.248232123142854,0.7148991331894567,30,blocked
30263,63,0,0.7744988665535459,0.546092566028304,30,blocked
30264,64,0,0.29548978442606116,0.686993257090464,30,blocked
30265,65,0,0.18393745507360587,0.5952070762002976,30,blocked
30266,66,0,0.22358128534066313,0.4656837984482005,30,blocked
30267,67,0,0.6215588175448021,0.5022902803627152,30,blocked
30268,68,0,0.7471006043289715,0.412891447880131,30,blocked
30269,69,0,0.7948670509206349,0.46703367302885596,30,blocked
30270,70,0,0.6883684844774132,0.511482748227819,30,blocked
30271,71,0,0.30105118083465326,0.7153175281205801,30,blocked
30272,72,0,0.7422903785021976,0.58749665599182,30,blocked
30273,73,0,0.32410249222230214,0.5916413526426674,30,blocked
30274,74,0,0.1762906755287969,0.5311255330623348,30,blocked
30275,75,0,0.7901146891633057,0.5014947019443301,30,blocked
30276,76,0,0.18318638090940614,0.5914600131044917,30,blocked
30277,77,0,0.7850335146716902,0.535167413372772,30,blocked
30278,78,0,0.6364035679480708,0.42794229916619864,30,blocked
30279,79,0,0.7128043274974161,0.5348335814700924,30,blocked
30280,80,0,0.6399404054987287,0.5036672774936362,30,blocked
30281,81,0,0.25019344977599667,0.5951069917968952,30,blocked
30282,82,0,0.5469999069813066,0.6145671751298517,30,blocked
30283,83,0,0.5975783060082287,0.412792055479669,30,blocked
30284,84,0,0.4872013284170734,0.6412172859349172,30,blocked
30285,85,0,0.3897334686275924,0.4713438353691385,30,blocked
30286,86,0,0.5013271783045391,0.5598328564474261,30,blocked
30287,87,0,0.6797164964138607,0.47291083000083667,30,blocked
30288,88,0,0.5233538888263446,0.42789682793006734,30,blocked
30289,89,0,0.3635923159119807,0.7328299460961483,30,blocked
30290,90,0,0.46578375534784455,0.49194389360963514,30,blocked
30291,91,0,0.5814948568812123,0.45720396520245143,30,blocked
30292,92,0,0.6344727621096395,0.43805137685496354,30,blocked
30293,93,0,0.4343116281656505,0.5397539039902538,30,blocked
30294,94,0,0.7490562480690397,0.4089757929865065,30,blocked
30295,95,0,0.5070208716062512,0.526367920560052,30,blocked
30296,96,0,0.7115976132756298,0.5605356026692099,30,blocked
30297,97,0,0.35949916946627447,0.5495025853516581,30,blocked
30298,98,0,0.6405915938675382,0.566599032720325,30,blocked
30299,99,0,0.2942492895843569,0.4948797965693366,30,blocked
30300,100,0,0.6073758138700861,0.5327214937132005,30,blocked
30301,101,0,0.6686829516518764,0.5023952324420313,30,blocked
30302,102,0,0.3848602517643499,0.5705830586932846,30,blocked
30303,103,0,0.537709444622304,0.47535372641779794,30,blocked
30304,104,0,0.745585740855117,0.5425988121383142,30,blocked
30305,105,0,0.6517990653615127,0.6020233517662539,30,blocked
30306,106,0,0.37525870239619263,0.5232490039109255,30,blocked
30307,107,0,0.36793459963256103,0.46407045692360593,30,blocked
30308,108,0,0.6310864326682346,0.6086101776443706,30,blocked
30309,109,0,0.7113890523401459,0.4094670752501641,30,blocked
30310,110,0,0.5836841344378869,0.695046456765454,30,blocked
30311,111,0,0.8369206617125017,0.5932960893283572,30,blocked
30312,112,0,0.5800650456081328,0.5870591788405444,30,blocked
30313,113,0,0.8463482984024134,0.7099616977862961,30,blocked
30314,114,0,0.41324575876117137,0.5167363581731721,30,blocked
30315,115,0,0.7620293325955887,0.445424418364208,30,blocked
30316,116,0,0.7716437560295211,0.49062554146762416,30,blocked
30317,117,0,0.6630547107880912,0.49383150821754185,30,blocked
30318,118,0,0.8692764693581683,0.45123576536489735,30,blocked
30319,119,0,0.25833243340468776,0.5962004743883972,30,blocked
30320,120,0,0.32509906371709996,0.6783788984064274,30,blocked
30321,121,0,0.2977416313219096,0.5593771362778698,30,blocked
30322,122,0,0.5058271845817823,0.43202931973684217,30,blocked
30323,123,0,0.27775772430447077,0.609318051775813,30,blocked
30324,124,0,0.3058660822046933,0.5339859974054451,30,blocked
30325,125,0,0.7185427513034275,0.5782923680306573,30,blocked
30326,126,0,0.6023168249207607,0.45985586570597536,30,blocked
30327,127,0,0.28821478534782796,0.5335738063450612,30,blocked
30328,128,0,0.35447775744672316,0.5566204678333628,30,blocked
30329,129,0,0.6518831246437944,0.5816035263672217,30,blocked
30330,130,0,0.5673574980548102,0.5943337725780545,30,blocked
30331,131,0,0.2248810681938867,0.4585839467599053,30,blocked
30332,132,0,0.19173583365127755,0.6275180999596232,30,blocked
30333,133,0,0.32430642220217576,0.5622739228000967,30,blocked
30334,134,0,0.40047904241427335,0.5300186483492877,30,blocked
30335,135,0,0.542577876744718,0.6775982762505368,30,blocked
30336,136,0,0.529383587680553,0.5581819245016899,30,blocked
30337,137,0,0.25005780195479277,0.47556152282761377,30,blocked
30338,138,0,0.5510975952174353,0.5190867928307433,30,blocked
30339,139,0,0.4347213876539666,0.6389299796139274,30,blocked
30340,140,0,0.3135304988698385,0.5968763142311346,30,blocked
30341,141,0,0.39944165091583395,0.4746081360932348,30,blocked
30342,142,0,0.26442792900177886,0.4880539748493393,30,blocked
30343,143,0,0.26729053093959254,0.5313743616662496,30,blocked
30344,144,0,0.6626512151671569,0.49521682929127314,30,blocked
30345,145,0,0.6198141370813185,0.5754099270871722,30,blocked
30346,146,0,0.7420189738816108,0.5901245307325036,30,blocked
30347,147,0,0.2101469624390651,0.5046156715285894,30,blocked
30348,148,0,0.6736984302533496,0.5631437039107379,30,blocked
30349,149,0,0.549294446151503,0.5847358415166551,30,blocked
30350,150,0,0.4156867471551592,0.5188584105183516,30,blocked
30351,151,0,0.3389159560322845,0.4806904552520489,30,blocked
30352,152,0,0.49969612074477615,0.5334358945733892,30,blocked
30353,153,0,0.7351331973455428,0.5637589382090432,30,blocked
30354,154,0,0.359503894343839,0.5233361822729707,30,blocked
30355,155,0,0.5443203037989224,0.5761501224528331,30,blocked
30356,156,0,0.2996799624500667,0.594315222608099,30,blocked
30357,157,0,0.25809350662539654,0.6026301939145104,30,blocked
30358,158,0,0.5576397782444862,0.6447251497450539,30,blocked
30359,159,0,0.2888699771941717,0.5508549955584597,30,blocked
30360,160,0,0.4522482666677094,0.6462925696716223,30,blocked
30361,161,0,0.6299780813749263,0.5135746050975873,30,blocked
30362,162,0,0.7275372544595402,0.5815443807601879,30,blocked
30363,163,0,0.6825939344436707,0.5198078830211763,30,blocked
30364,164,0,0.29251464938444754,0.5401675334521717,30,blocked
30365,165,0,0.2583242537185004,0.5106365398769076,30,blocked
30366,166,0,0.42641881056322684,0.6330302579394329,30,blocked
30367,167,0,0.5561481246368966,0.4365853103014602,30,blocked
30368,168,0,0.5180800374011671,0.5309313153096983,30,blocked
30369,169,0,0.4704542767169162,0.41072725933856236,30,blocked
30370,170,0,0.6326483857042416,0.5505343429378086,30,blocked
30371,171,0,0.5885703421576868,0.46859677045021975,30,blocked
30372,172,0,0.7464363124258766,0.52969204306954,30,blocked
30373,173,0,0.6705577362111665,0.5422041363628949,30,blocked
30374,174,0,0.571831300756335,0.514095214298901,30,blocked
30375,175,0,0.5476561339800093,0.6107643279818366,30,blocked
30376,176,0,0.5792895337204962,0.4691153968814453,30,blocked
30377,177,0,0.5417730280972329,0.4264594546422017,30,blocked
30378,178,0,0.5879970896256499,0.4383422194159987,30,blocked
30379,179,0,0.58310572391929,0.4922460480596672,30,blocked
30380,180,0,0.5823411663419066,0.48584811044492127,30,blocked
30381,181,0,0.4156425732450049,0.3958281073662263,30,blocked
30382,182,0,0.5787886756429281,0.49387018707240454,30,blocked
30383,183,0,0.2448714571242408,0.5431545371774253,30,blocked
30384,184,0,0.4469160301920041,0.4105734889382485,30,blocked
30385,185,0,0.3882543643084221,0.5452072259092547,30,blocked
30386,186,0,0.4833047956303293,0.5982225340545225,30,blocked
30387,187,0,0.5543243877661378,0.5867530426275905,30,blocked
30388,188,0,0.36994111764294474,0.4906065083416561,30,blocked
30389,189,0,0.25806877194529326,0.628498402776194,30,blocked
30390,190,0,0.5992751602408758,0.5253188868651791,30,blocked
30391,191,0,0.7290853262754491,0.5596349654198426,30,blocked
30392,192,0,0.3598744077581797,0.5750689350843801,30,blocked
30393,193,0,0.6016676104830817,0.5636164884013909,30,blocked
30394,194,0,0.6969773012406417,0.46162725503465324,30,blocked
30395,195,0,0.7130889422331932,0.5847302225506128,30,blocked
30396,196,0,0.6836103034859216,0.5773534459069252,30,blocked
30397,197,0,0.8030382881223772,0.5362389944509066,30,blocked
30398,198,0,0.7341809954843506,0.43118315596082857,30,blocked
30399,199,0,0.2812644812331765,0.5883899872238865,30,blocked
30400,0,0,0.3438034797363153,0.7187480482487447,30,early
30401,1,1,0.4975276369280382,1.2586482856406218,30,early
30402,2,2,0.2144954003269227,1.1685826135656736,30,early
30403,3,3,0.028410904287055578,0.8649436793302407,30,early
30404,4,4,0.924662707505384,0.771775980707583,30,early
30405,5,5,0.9938876784104135,1.1525140719359532,30,early
30406,6,6,0.3801828368513556,1.229419650460941,30,early
30407,7,7,0.4377201187484228,0.582551121474099,30,early
30408,8,8,0.21940832029395047,1.0764477134615111,30,early
30409,9,9,0.9735332303981696,0.8795443841293028,30,early
30410,10,10,0.9999508551283025,0.7199486149238548,30,early
30411,11,11,0.3541509090577931,1.3536467484266286,30,early
30412,12,12,0.9258619423818192,1.1063535714738513,30,early
30413,13,13,0.036353913718514846,1.2082058765705188,30,early
30414,14,14,0.00043968968667866326,1.2804464131924769,30,early
30415,15,15,0.7879544290594307,1.082055465615597,30,early
30416,16,16,0.8030036583393239,0.892180838582469,30,early
30417,17,17,0.9856417454361821,0.9142010372675039,30,early
30418,18,18,0.46204235689914847,1.017331683854187,30,early
30419,19,19,0.45878593635741527,1.1157596797949492,30,early
30420,20,20,0.0036705620448589547,0.8528603382805606,30,early
30421,21,21,0.057921151423694014,1.3722119131316863,30,early
30422,22,22,0.014718175165212071,1.2734996375263095,30,early
30423,23,23,0.5085366340736829,1.0933175752157256,30,early
30424,24,24,0.6215891509993171,1.0109154056063863,30,early
30425,25,25,0.9996980797005137,0.825480431599692,30,early
30426,26,26,0.16001750019281077,1.377142372643833,30,early
30427,27,27,0.35647556976887135,0.8164103383058208,30,early
30428,28,27,0.25352280601306676,0.6387406949395988,30,early
30429,29,28,0.7240223940764168,0.8363119936938802,30,early
30430,30,29,0.38740290096319174,1.0384799576182338,30,early
30431,31,30,0.40534600295153983,0.8780061905166205,30,early
30432,32,31,0.039901833253050085,1.3792909319868685,30,early
30433,33,30,0.4973856085310311,0.700819015812868,30,early
30434,34,32,0.01729318321390759,1.1255821241721213,30,early
30435,35,17,0.9787279653478791,0.6658184051865959,30,early
30436,36,33,0.48782187633554663,0.9268966087655601,30,early
30437,37,34,0.49186352648351356,0.7892497823514417,30,early
30438,38,35,0.8946052011579645,1.1803937286036406,30,early
30439,39,36,0.9568210974862479,0.9907038384102906,30,early
30440,40,37,0.0012864856380303729,1.2494378664943162,30,early
30441,41,38,0.2116567987345503,1.197065806613169,30,early
30442,42,39,0.16488908801573637,1.2785581511704596,30,early
30443,43,40,0.4180938348455676,0.8434819660498437,30,early
30444,44,41,0.1770860950655569,1.2074510639441045,30,early
30445,45,42,0.5369905499984413,1.1936138162030263,30,early
30446,46,43,0.5004080464304987,1.269890440411336,30,early
30447,47,44,0.5010690965066923,1.0884626054412387,30,early
30448,48,45,0.06304647531713835,1.3254964034032997,30,early
30449,49,46,0.08088962818055577,1.1489797242234392,30,early
30450,50,0,0.8936581560359926,0.5256453459722226,30,early
30451,51,47,0.2976462481220055,1.1160004295003385,30,early
30452,52,48,0.3085730863860297,0.998555428662113,30,early
30453,53,0,0.11918221135556518,0.6552311383879241,30,early
30454,54,49,0.11953255457568601,1.0170683707351984,30,early
30455,55,50,0.011138901487773302,1.4193023020096889,30,early
30456,56,51,0.259508780006677,0.8266154501640838,30,early
30457,57,52,0.5159102270339013,0.7123453181028188,30,early
30458,58,53,0.9452910605370437,0.9309944512838677,30,early
30459,59,54,0.5178949106426481,0.5999564977177065,30,early
30460,60,0,0.8933735142228892,0.5068300067147098,30,early
30461,61,55,0.7403909196742291,1.1494374686384796,30,early
30462,62,56,0.0021856904764696494,1.3989183811791865,30,early
30463,63,57,0.004115598209133709,1.1092053728432933,30,early
30464,64,52,0.5028619078309664,0.5864888281093692,30,early
30465,65,58,0.5104654899706853,0.7816849527927708,30,early
30466,66,58,0.505316350782422,0.6760776965253779,30,early
30467,67,59,0.9283662990007971,0.9336349384198117,30,early
30468,68,60,0.03201351918874214,0.7786082185753317,30,early
30469,69,51,0.9198919705823297,0.6842893996974724,30,early
30470,70,61,0.49106954780145273,1.1180578146854687,30,early
30471,71,62,0.9688516282274192,0.9115267709558326,30,early
30472,72,63,0.2670920069793461,0.8720848595515946,30,early
30473,73,63,0.796949774956665,0.6304161623105866,30,early
30474,74,52,0.2931168372906455,0.5592132342377059,30,early
30475,75,51,0.5727057626469735,0.5792262313747456,30,early
30476,76,64,0.531796776576441,0.5957892917153154,30,early
30477,77,51,0.3634472814195269,0.5544566758657269,30,early
30478,78,65,0.5138548686456049,0.9190214060020853,30,early
30479,79,66,0.46782471524265434,0.6978620723701006,30,early
30480,80,67,0.23927667199200872,1.25164992845313,30,early
30481,81,68,0.5716975226571317,1.0896108971858163,30,early
30482,82,69,0.9584798177103854,0.864471063876219,30,early
30483,83,17,0.5258464162912705,0.6789123676341908,30,early
30484,84,52,0.9277655489806212,0.5277282997948046,30,early
30485,85,70,0.7790610825851202,0.6878086930340925,30,early
30486,86,70,0.651192599218198,0.6174638861599576,30,early
30487,87,70,0.47669246294577805,0.6184783505008903,30,early
30488,88,70,0.7537560111720827,0.6061626065537681,30,early
30489,89,63,0.4374541263413623,0.7566648854993137,30,early
30490,90,71,0.9991269608127764,0.7095487121255153,30,early
30491,91,72,0.49995578497758747,1.2707143938118246,30,early
30492,92,63,0.15939134440799763,0.846305521310122,30,early
30493,93,73,0.9415772994964802,0.8268139326327844,30,early
30494,94,70,0.37092493954248656,0.4351782293017966,30,early
30495,95,70,0.7651186888933471,0.6499130942721564,30,early
30496,96,60,0.5307392737533642,0.693228626531299,30,early
30497,97,70,0.2687668386952775,0.6251146839836275,30,early
30498,98,70,0.2510145226462651,0.6032989109157951,30,early
30499,99,52,0.5477768589055079,0.5658067403532436,30,early
30500,100,70,0.6616456287860562,0.5276664580534774,30,early
30501,101,70,0.44889625467892147,0.6485946851236803,30,early
30502,102,70,0.6501795394849866,0.6477222812046279,30,early
30503,103,70,0.30235612788144856,0.5501421240448405,30,early
30504,104,70,0.2151621455957728,0.3561131195389361,30,early
30505,105,70,0.4552624426967952,0.3821684309115868,30,early
30506,106,70,0.6760468217415571,0.522526380372202,30,early
30507,107,70,0.6493988599259995,0.46852271876685814,30,early
30508,108,70,0.798222626491238,0.571941691997829,30,early
30509,109,70,0.6519319481723953,0.41563654037146114,30,early
30510,110,70,0.768901352560349,0.48232334549956235,30,early
30511,111,70,0.4089806380370034,0.481606745773852,30,early
30512,112,70,0.7956798114649841,0.5207972355595598,30,early
30513,113,70,0.6000986055945855,0.31740286391994876,30,early
30514,114,70,0.15624274478424585,0.5860666885588011,30,early
30515,115,70,0.6094326498282284,0.5102499230985369,30,early
30516,116,70,0.7563067581205649,0.4776859992662329,30,early
30517,117,58,0.5092903611422385,0.660635468187992,30,early
30518,118,70,0.8876744771068087,0.44998688830486855,30,early
30519,119,70,0.6343765534665115,0.5439582625910877,30,early
30520,120,70,0.770467015084805,0.5669278338247248,30,early
30521,121,70,0.513330337122328,0.5160669348252348,30,early
30522,122,70,0.758780881918642,0.33949512100199897,30,early
30523,123,70,0.7347504165287171,0.43026521464794454,30,early
30524,124,70,0.8597197653303508,0.37883468410307647,30,early
30525,125,70,0.558641855115103,0.38935290200565253,30,early
30526,126,52,0.03140526992239892,0.5717607853014759,30,early
30527,127,70,0.42543643368289774,0.45189630556364696,30,early
30528,128,70,0.13127847928731995,0.6263076158412774,30,early
30529,129,70,0.5871920856807165,0.36592933741381883,30,early
30530,130,70,0.23328427203255947,0.6375591164222443,30,early
30531,131,70,0.4577559164652366,0.348460124435076,30,early
30532,132,70,0.32607617426649366,0.5164665641144635,30,early
30533,133,70,0.588881506759716,0.4911871667680208,30,early
30534,134,70,0.4662427506630525,0.37373930457857285,30,early
30535,135,70,0.4285598686436052,0.4225352631166136,30,early
30536,136,70,0.36302357648904526,0.3406125527128778,30,early
30537,137,70,0.683022447549923,0.46764296142001927,30,early
30538,138,70,0.502360112454719,0.5024095783220465,30,early
30539,139,70,0.6649052420191114,0.38686718276919585,30,early
30540,140,70,0.4221046396114817,0.3299904715857256,30,early
30541,141,70,0.5112182253193595,0.518830265365294,30,early
30542,142,70,0.4447730390600564,0.5520267223528176,30,early
30543,143,70,0.5256603814859728,0.4225627989589653,30,early
30544,144,70,0.34167737852975166,0.28172659632727,30,early
30545,145,70,0.4763211503061662,0.36128876027224155,30,early
30546,146,70,0.39436856062346726,0.5908415598406774,30,early
30547,147,70,0.616048248011848,0.3549862816796445,30,early
30548,148,70,0.5315356989790017,0.34247012695832946,30,early
30549,149,70,0.7352621243230126,0.34722071641853525,30,early
30550,150,70,0.6238180793031358,0.47577094189620095,30,early
30551,151,70,0.3346593317205368,0.5208203367430034,30,early
30552,152,70,0.359206428539097,0.3762449747231034,30,early
30553,153,70,0.49442107479012587,0.47541525709200205,30,early
30554,154,70,0.4000814494925189,0.4104318409904884,30,early
30555,155,70,0.3836024865977802,0.33863447136475133,30,early
30556,156,70,0.5079280405630328,0.4249686348718785,30,early
30557,157,70,0.3774323978700589,0.4868293531826706,30,early
30558,158,70,0.30011972929232816,0.33633323935343173,30,early
30559,159,70,0.3963588923278697,0.4056232426694725,30,early
30560,160,70,0.5986759932834895,0.2772959773685782,30,early
30561,161,70,0.5182340814438051,0.35849823082586374,30,early
30562,162,70,0.3012218105638136,0.41390036856424317,30,early
30563,163,70,0.6946343616728896,0.41776178592256585,30,early
30564,164,70,0.3926569719394039,0.5443764216059825,30,early
30565,165,70,0.7201638947408873,0.4235555587861728,30,early
30566,166,70,0.49025020009710585,0.24153804213657512,30,early
30567,167,70,0.41352548051891325,0.27179633607673326,30,early
30568,168,70,0.34364752946118443,0.34949001435872284,30,early
30569,169,70,0.40119145434063597,0.3626462463348037,30,early
30570,170,70,0.7810519555942954,0.33223015656210053,30,early
30571,171,70,0.5430520137938003,0.40790359216080674,30,early
30572,172,70,0.46917773028755366,0.4088003642939065,30,early
30573,173,70,0.6324705842394693,0.5313547791692876,30,early
30574,174,70,0.6151120051064298,0.595528268829712,30,early
30575,175,70,0.36135869645695884,0.32441883955614875,30,early
30576,176,70,0.2824867415876575,0.5331741781530123,30,early
30577,177,70,0.37418180057766265,0.5785566992533469,30,early
30578,178,70,0.40850614350216496,0.36843521767553733,30,early
30579,179,70,0.4130688049949167,0.37793427944589475,30,early
30580,180,70,0.4400395442136765,0.35711163341712066,30,early
30581,181,70,0.4835965615252471,0.5760478866208998,30,early
30582,182,70,0.7891555451251484,0.37524115615215997,30,early
30583,183,70,0.4349654217890174,0.35409651835410555,30,early
30584,184,70,0.4509331705501578,0.3750113495095193,30,early
30585,185,70,0.38926724571533067,0.5561303743459173,30,early
30586,186,70,0.8349661841974463,0.4404246408552999,30,early
30587,187,70,0.7549438757458323,0.43424205628304835,30,early
30588,188,70,0.8158362435256552,0.4049224931517419,30,early
30589,189,70,0.5043341619463275,0.422228380957519,30,early
30590,190,70,0.6211874618060247,0.2638622877850313,30,early
30591,191,70,0.2092489398942981,0.5138828310714791,30,early
30592,192,70,0.48609518348324643,0.5624072454429799,30,early
30593,193,70,0.18650506210340978,0.45507708624479853,30,early
30594,194,70,0.43182145577090025,0.785720463758794,30,early
30595,195,70,0.5075503237968984,0.40889316434026385,30,early
30596,196,70,0.8351558208808245,0.3461258407369883,30,early
30597,197,70,0.39237790167746317,0.4233377841584765,30,early
30598,198,70,0.49098646033870064,0.6307546405893627,30,early
30599,199,70,0.2959338407568038,0.3586525683000308,30,early
30600,0,0,0.5050204290743974,0.8383964753685114,30,middle
30601,1,0,0.03703801269705678,0.5595767345201005,30,middle
30602,2,0,0.4965334348755859,0.806910918043493,30,middle
30603,3,0,0.03480062788190457,0.7275113652677212,30,middle
30604,4,0,0.5027314634454338,0.6219098894509689,30,middle
30605,5,0,0.0245826699433551,0.7254210337217335,30,middle
30606,6,0,0.4902747186387676,0.6210152959652171,30,middle
30607,7,0,0.05438940446759934,0.8076723963314545,30,middle
30608,8,0,0.4698652101649699,1.1018111368833172,30,middle
30609,9,0,0.9665707391421952,0.6664493008719227,30,middle
30610,10,0,0.5019781329729687,0.7069047170187752,30,middle
30611,11,0,0.08657806573527264,0.42022795639460786,30,middle
30612,12,0,0.4955907285318773,0.587504467348421,30,middle
30613,13,0,0.9275348645313695,0.5257601920362881,30,middle
30614,14,0,0.3786788455070304,0.7880360741632264,30,middle
30615,15,0,0.9195750724110058,0.5821093077554491,30,middle
30616,16,0,0.502442597890102,0.6430234385655906,30,middle
30617,17,0,0.9201137105402162,0.45624842847362623,30,middle
30618,18,0,0.4362089429453153,0.7380027360367581,30,middle
30619,19,0,0.08390482004177058,0.6672637293763676,30,middle
30620,20,0,0.4891376234133113,0.7225637566476618,30,middle
30621,21,0,0.7892426912122814,0.5029298908151286,30,middle
30622,22,0,0.4952127512634378,0.6841447250391677,30,middle
30623,23,0,0.8561033560611107,0.6462568719780655,30,middle
30624,24,0,0.48212630989057426,0.7268577104119963,30,middle
30625,25,0,0.9405666385395599,0.5115276623802387,30,middle
30626,26,0,0.4431134533704212,0.8062748900181402,30,middle
30627,27,0,0.21825058691181626,0.6192297530844789,30,middle
30628,28,0,0.5439372000900116,0.5800550257042021,30,middle
30629,29,0,0.2781545653646943,0.550028463767273,30,middle
30630,30,0,0.4973126508909663,0.6334745019580423,30,middle
30631,31,0,0.7676771382924608,0.5011468630090518,30,middle
30632,32,0,0.4644477104117294,0.4073347598628262,30,middle
30633,33,0,0.5908283684004897,0.6224415454365767,30,middle
30634,34,0,0.5894816421283954,0.6124866403165969,30,middle
30635,35,0,0.4897647586958499,0.4197531171480582,30,middle
30636,36,0,0.5518779647922079,0.6979251748838826,30,middle
30637,37,0,0.6514556566066994,0.5392557359994054,30,middle
30638,38,0,0.6542448733018686,0.58780491205934,30,middle
30639,39,0,0.7249904047334799,0.42014178814799424,30,middle
30640,40,0,0.6837049798513652,0.5406107984542083,30,middle
30641,41,0,0.5516946270422285,0.41294390722901086,30,middle
30642,42,0,0.43583361842871654,0.4630888970763368,30,middle
30643,43,0,0.5961553430172278,0.4631000969592556,30,middle
30644,44,0,0.2788684093338077,0.44814713574047826,30,middle
30645,45,0,0.5992362673847067,0.554547433656683,30,middle
30646,46,0,0.7395608752130975,0.5634966929108484,30,middle
30647,47,0,0.6710696451138006,0.44484239361262745,30,middle
30648,48,0,0.7498439220111922,0.45341808048477167,30,middle
30649,49,0,0.22304288004385892,0.5885188786014393,30,middle
30650,50,0,0.4680689529998091,0.5251210836406943,30,middle
30651,51,0,0.21961785555475966,0.495141146161829,30,middle
30652,52,0,0.6540973321161296,0.4921820457343583,30,middle
30653,53,0,0.310795558681108,0.3965099067122153,30,middle
30654,54,0,0.6542088998941913,0.39473129584056543,30,middle
30655,55,0,0.33475155545212526,0.5079095511735503,30,middle
30656,56,0,0.3507643199996709,0.6827148442883071,30,middle
30657,57,0,0.6488209782116358,0.6544482461229211,30,middle
30658,58,0,0.3858850956616341,0.47323039757861024,30,middle
30659,59,0,0.6904890782750841,0.5408114270015211,30,middle
30660,60,0,0.42295561235118806,0.44148063419409644,30,middle
30661,61,0,0.3574197849548041,0.5431361206889194,30,middle
30662,62,0,0.33542218170662425,0.5905980060902026,30,middle
30663,63,0,0.5897642305069211,0.5925035192977337,30,middle
30664,64,0,0.6109624600063758,0.4207984191129185,30,middle
30665,65,0,0.4638328732417432,0.39005689547957045,30,middle
30666,66,0,0.3655892240864142,0.4984454250272832,30,middle
30667,67,0,0.5900491950096932,0.4887554335306294,30,middle
30668,68,0,0.5156753278506255,0.48048962221943825,30,middle
30669,69,0,0.568216132475766,0.5515434127410839,30,middle
30670,70,0,0.2439849164098679,0.579960114905669,30,middle
30671,71,0,0.39677679179488423,0.6394262927315918,30,middle
30672,72,0,0.4647503029638661,0.5178657156467085,30,middle
30673,73,0,0.6298756541678847,0.5948676645763453,30,middle
30674,74,0,0.7247744198692982,0.43904072599337796,30,middle
30675,75,0,0.360187835974377,0.3561065241273278,30,middle
30676,76,0,0.7626646830989784,0.4893722213706385,30,middle
30677,77,0,0.6377277811540037,0.40474704967645286,30,middle
30678,78,0,0.7668861659787531,0.5276819800487493,30,middle
30679,79,0,0.4788723464757968,0.532939985887154,30,middle
30680,80,0,0.584997096597885,0.5886401799516605,30,middle
30681,81,0,0.6865710163993347,0.36037220378945783,30,middle
30682,82,0,0.5990687220471258,0.534691927691315,30,middle
30683,83,0,0.8535576051444893,0.4634298613344894,30,middle
30684,84,0,0.8516152591241422,0.4361480105302704,30,middle
30685,85,0,0.36606794330980275,0.4372074815839471,30,middle
30686,86,0,0.48238646849509165,0.5074383667769415,30,middle
30687,87,0,0.6990349582469314,0.5098086169855613,30,middle
30688,88,0,0.3936414556198903,0.48154209308902496,30,middle
30689,89,0,0.8701478875906394,0.4194237425246725,30,middle
30690,90,0,0.7569635271608217,0.5013497973518264,30,middle
30691,91,0,0.21516342585518514,0.6868671347779491,30,middle
30692,92,0,0.3229618379406494,0.41406403015668786,30,middle
30693,93,0,0.16588549210688947,0.7656161987417165,30,middle
30694,94,0,0.6046298412493818,0.5896008610441872,30,middle
30695,95,0,0.24276129657710577,0.5955103600522373,30,middle
30696,96,0,0.44957181912315103,0.3715065501028221,30,middle
30697,97,0,0.5222965771585192,0.5799668782020555,30,middle
30698,98,0,0.30477769036091595,0.4888190877182005,30,middle
30699,99,0,0.6485758862310746,0.36120439902249146,30,middle
30700,100,0,0.5240410708183727,0.47489335068012584,30,middle
30701,101,0,0.557727510123674,0.46179586661449307,30,middle
30702,102,0,0.36681056912575594,0.49440415723351483,30,middle
30703,103,0,0.33553959203659267,0.3996971673075267,30,middle
30704,104,0,0.38195649982483204,0.4836984969863586,30,middle
30705,105,0,0.1953750807130954,0.5412042310055178,30,middle
30706,106,0,0.6643328204079456,0.4913125898471699,30,middle
30707,107,0,0.5389863204465226,0.6575900435748352,30,middle
30708,108,0,0.3683597577829422,0.5316618030504627,30,middle
30709,109,0,0.3896894192485788,0.6732139383534614,30,middle
30710,110,0,0.2405825659214917,0.4361097869064786,30,middle
30711,111,0,0.46150719879789026,0.4205882892291888,30,middle
30712,112,0,0.38189427546063737,0.43729514409659764,30,middle
30713,113,0,0.5213107075005152,0.5962423962048703,30,middle
30714,114,0,0.6786860111505826,0.4670817645803843,30,middle
30715,115,0,0.7867010584764955,0.43260995697680493,30,middle
30716,116,0,0.5289507932027765,0.43130915003584364,30,middle
30717,117,0,0.7195151987526083,0.5610922131819329,30,middle
30718,118,0,0.5108042464376892,0.5504604313073387,30,middle
30719,119,0,0.7453758830934045,0.5567712006979262,30,middle
30720,120,0,0.5195021623979355,0.5301412677255438,30,middle
30721,121,0,0.5501582805095319,0.4776434230980919,30,middle
30722,122,0,0.5549831187438913,0.4790498283124361,30,middle
30723,123,0,0.6997953645134662,0.514878791686916,30,middle
30724,124,0,0.4518440151431525,0.42844800909686165,30,middle
30725,125,0,0.488963528710868,0.4291810497338493,30,middle
30726,126,0,0.4117855509198356,0.4480437286865435,30,middle
30727,127,0,0.6012189428115815,0.48288719448544654,30,middle
30728,128,0,0.556188341356557,0.4469078776671971,30,middle
30729,129,0,0.7046057631685272,0.4489301994959011,30,middle
30730,130,0,0.3527753559240002,0.5237839044393522,30,middle
30731,131,0,0.42348927688370264,0.37974004241789333,30,middle
30732,132,0,0.41645730490036775,0.5912258150048875,30,middle
30733,133,0,0.5474997422675656,0.4824069918850714,30,middle
30734,134,0,0.3546950988610192,0.6460444541687458,30,middle
30735,135,0,0.7516142210796781,0.37870031446270414,30,middle
30736,136,0,0.615682033538318,0.5713502890904527,30,middle
30737,137,0,0.5962681590963783,0.4793283370889855,30,middle
30738,138,0,0.2439290296605692,0.46806918516653995,30,middle
30739,139,0,0.6254357754097242,0.5402171441034109,30,middle
30740,140,0,0.5412224379261906,0.4435765101230935,30,middle
30741,141,0,0.4565364340986144,0.4099797074273341,30,middle
30742,142,0,0.5028316436362013,0.44054993492010236,30,middle
30743,143,0,0.5639387631084132,0.3823621485290828,30,middle
30744,144,0,0.5390095308233556,0.41480212834034835,30,middle
30745,145,0,0.5669264485116656,0.6070004033865021,30,middle
30746,146,0,0.5010451891133977,0.6132106654067924,30,middle
30747,147,0,0.3508594349027423,0.5177534599604146,30,middle
30748,148,0,0.4162993617101458,0.40900174713244575,30,middle
30749,149,0,0.7305252240950053,0.4574045409709159,30,middle
30750,150,0,0.4732985306428564,0.39719700008674563,30,middle
30751,151,0,0.7985207841224373,0.43901737072903446,30,middle
30752,152,0,0.41776650210677774,0.4526136126114839,30,middle
30753,153,0,0.367319288718315,0.4362716958623003,30,middle
30754,154,0,0.5304533521688931,0.48684738490707,30,middle
30755,155,0,0.7867863026253257,0.5222419370954043,30,middle
30756,156,0,0.5584930274085877,0.35296234130761756,30,middle
30757,157,0,0.8043374180348011,0.4073748758974036,30,middle
30758,158,0,0.31275449267522304,0.46200610758065086,30,middle
30759,159,0,0.8941095267622878,0.5094506827698521,30,middle
30760,160,0,0.6926839500025737,0.3466655882560331,30,middle
30761,161,0,0.43212020345681834,0.3543717161611966,30,middle
30762,162,0,0.4178387945471237,0.46632217928381614,30,middle
30763,163,0,0.3760971384329107,0.49902499872285594,30,middle
30764,164,0,0.7850965273578927,0.35754708176230054,30,middle
30765,165,0,0.774046690624996,0.4975374958996692,30,middle
30766,166,0,0.44605961208000955,0.41019345031893784,30,middle
30767,167,0,0.6559777348214071,0.4554209398358439,30,middle
30768,168,0,0.35351582314999297,0.6226963018892869,30,middle
30769,169,0,0.46841072751283364,0.3529586190203388,30,middle
30770,170,0,0.7274810192886226,0.42658861706157253,30,middle
30771,171,0,0.4620842603613007,0.4609710982573345,30,middle
30772,172,0,0.30511067282453885,0.43899435319085756,30,middle
30773,173,0,0.7852563480738384,0.5228599677847692,30,middle
30774,174,0,0.4037213732309352,0.5181084047813558,30,middle
30775,175,0,0.7425211394405931,0.40797872827150283,30,middle
30776,176,0,0.4458322645881059,0.5586543895193237,30,middle
30777,177,0,0.6118962922172104,0.3859612773492125,30,middle
30778,178,0,0.3254120326783103,0.4720673767096638,30,middle
30779,179,0,0.8176197727704231,0.4814496123004166,30,middle
30780,180,0,0.2966699254070525,0.43725580950447085,30,middle
30781,181,0,0.37000960667812366,0.5334691204138612,30,middle
30782,182,0,0.2828508084379885,0.42322171463573033,30,middle
30783,183,0,0.49114736951098736,0.397008427019392,30,middle
30784,184,0,0.8482412661784413,0.45809148098459995,30,middle
30785,185,0,0.423526564913574,0.37413328564397835,30,middle
30786,186,0,0.49951454804988427,0.44021285559947454,30,middle
30787,187,0,0.573924278624782,0.4511800542806189,30,middle
30788,188,0,0.5764545078764167,0.40610209294405786,30,middle
30789,189,0,0.7910092847317314,0.41601332847884503,30,middle
30790,190,0,0.5252984100003908,0.3988670765779124,30,middle
30791,191,0,0.466437681285809,0.5442648891105532,30,middle
30792,192,0,0.4221995745244745,0.7326465385740194,30,middle
30793,193,0,0.4197589377610756,0.49830100467171345,30,middle
30794,194,0,0.3692977138181827,0.4872535394936218,30,middle
30795,195,0,0.7934867128530199,0.4161438337150181,30,middle
30796,196,0,0.44931227101980714,0.483675892184,30,middle
30797,197,0,0.5402162489860999,0.5579781903519807,30,middle
30798,198,0,0.39716201260718526,0.412367332942356,30,middle
30799,199,0,0.3598076008250759,0.49206506877952594,30,middle
30800,0,0,0.31521947954822566,0.5135852705268609,30,late
30801,1,1,0.44528184055578546,0.8546818211542315,30,late
30802,2,2,0.9994357834358407,0.8773201072362162,30,late
30803,3,3,0.35401877192658143,0.8822461715611603,30,late
30804,4,4,0.7824231671160367,0.6536842166535997,30,late
30805,5,0,0.2169515519727981,0.555937169253903,30,late
30806,6,0,0.8136758909750945,0.779951958674159,30,late
30807,7,5,0.38871488711080476,0.8870119402997712,30,late
30808,8,6,0.9999198347116085,0.7094201948594603,30,late
30809,9,7,0.3571834521450992,0.8105367316570793,30,late
30810,10,0,0.8067786536895147,0.49225026589240617,30,late
30811,11,8,0.5644883339108979,0.7519564614532961,30,late
30812,12,9,0.06591866856990153,1.3587155743059176,30,late
30813,13,10,0.656571380161056,0.6599704422870207,30,late
30814,14,11,0.3584652940498994,1.3051234454641736,30,late
30815,15,12,0.7166327690817949,0.6618344976430743,30,late
30816,16,0,0.1484369240396358,0.6787176586972681,30,late
30817,17,0,0.4640402743462619,0.663300011528932,30,late
30818,18,13,0.27635538207883076,0.7077526375315311,30,late
30819,19,13,0.5890012955116455,0.8141018142017862,30,late
30820,20,14,0.8343852109154708,0.7007582584500014,30,late
30821,21,0,0.4953353296439362,0.6653081879486274,30,late
30822,22,15,0.9996094281632708,1.1559176887171885,30,late
30823,23,16,0.3513742569690909,0.7154747304471163,30,late
30824,24,17,0.5000225010058678,0.9806199536868131,30,late
30825,25,18,0.12917288685653908,1.0659096780129755,30,late
30826,26,19,0.1877045125398246,0.6976371047402288,30,late
30827,27,20,0.3710281813644118,0.7488444610459031,30,late
30828,28,21,0.28475371447187886,0.7804666225270738,30,late
30829,29,21,0.6420611154828297,0.5030522078222411,30,late
30830,30,22,0.17537984988467248,0.7494412401640989,30,late
30831,31,23,0.49767235690958467,1.5391894217030562,30,late
30832,32,24,0.4998843471477536,0.966494139968075,30,late
30833,33,14,0.26514310581389006,0.6910801606080597,30,late
30834,34,0,0.9226015138779073,0.5820074256722975,30,late
30835,35,25,0.6225500609084654,0.7438638286521844,30,late
30836,36,26,0.5142811540195614,1.0480727127833513,30,late
30837,37,22,0.39650527548834763,0.6785531996824058,30,late
30838,38,27,0.49692654092186994,1.2685892304313442,30,late
30839,39,0,0.3833465360173744,0.6370634059769311,30,late
30840,40,20,0.09411584423001369,0.7924733430030382,30,late
30841,41,22,0.6349341276696681,0.6588042463240631,30,late
30842,42,0,0.7619665583419897,0.507916871278579,30,late
30843,43,6,0.4999424665370475,0.7236689344987528,30,late
30844,44,28,0.8595359363142393,0.7221765198101169,30,late
30845,45,22,0.6534062626754915,0.5905730355846639,30,late
30846,46,22,0.15631224424114243,0.5479492421193558,30,late
30847,47,0,0.3724040678024308,0.7735879164282256,30,late
30848,48,29,0.3798402912862139,1.5710134853812694,30,late
30849,49,22,0.9142172638347652,0.9274347565844718,30,late
30850,50,0,0.824386494885849,0.6424485680877787,30,late
30851,51,30,0.39192694136889245,0.7747527727000662,30,late
30852,52,0,0.8558437457866929,0.41859730784676663,30,late
30853,53,0,0.5468824675357296,0.5213346579340384,30,late
30854,54,0,0.8469175564339638,0.7380537585242053,30,late
30855,55,21,0.5972093450639658,0.7149877505564202,30,late
30856,56,22,0.8322943247766208,0.6810658389720396,30,late
30857,57,22,0.3375487823760297,0.5822184664186447,30,late
30858,58,22,0.8925192936101668,0.6184870381237595,30,late
30859,59,22,0.5693843048965952,0.5709029948968012,30,late
30860,60,0,0.15703883994669224,0.5737048478660507,30,late
30861,61,20,0.5715639464644423,0.6737521656954022,30,late
30862,62,0,0.2061335311626138,0.7190311796962314,30,late
30863,63,0,0.29154246108689214,0.6551602492111154,30,late
30864,64,22,0.14303890740150058,0.6430237002998678,30,late
30865,65,22,0.4580252496324706,0.6319405598060834,30,late
30866,66,0,0.1678836697965311,0.572081108693799,30,late
30867,67,0,0.38447051162783413,0.646901527995605,30,late
30868,68,0,0.8895477380436707,0.5494042379295633,30,late
30869,69,21,0.525266847952175,0.5582711233568884,30,late
30870,70,22,0.8473296988800034,0.5957741072898188,30,late
30871,71,22,0.44980415627677584,0.5702858341370205,30,late
30872,72,22,0.19100829937574182,0.4647831182058385,30,late
30873,73,22,0.4577030018573359,0.6329711030364467,30,late
30874,74,22,0.20557315746995902,0.7060228900699687,30,late
30875,75,22,0.4046571340460936,0.6160038607646976,30,late
30876,76,0,0.1577675113920902,0.44789002398918226,30,late
30877,77,0,0.6077070007320037,0.61327579813656,30,late
30878,78,0,0.8142412853301273,0.6777929194564222,30,late
30879,79,22,0.5372718874229128,0.41283201399714853,30,late
30880,80,0,0.7170136555813196,0.5587754281011459,30,late
30881,81,0,0.2834458693579462,0.5940115479530917,30,late
30882,82,0,0.3144478015757855,0.6353324316601012,30,late
30883,83,0,0.2933317543643672,0.42329810593267814,30,late
30884,84,0,0.15121360241905155,0.6154933494633548,30,late
30885,85,0,0.3898313720189885,0.5731289064827836,30,late
30886,86,0,0.36448909429903664,0.5314038243884267,30,late
30887,87,22,0.7716296718268196,0.6230086595034714,30,late
30888,88,22,0.3013492987485342,0.7606821109988965,30,late
30889,89,0,0.36638862718380266,0.42537642660095343,30,late
30890,90,0,0.3906359255937445,0.4863076625089151,30,late
30891,91,0,0.6751992862390708,0.6750027320953402,30,late
30892,92,0,0.3518663099769328,0.5784671385722715,30,late
30893,93,22,0.3480506700621411,0.7535349764311543,30,late
30894,94,0,0.20977644954789157,0.7683708425686981,30,late
30895,95,0,0.2584589066124266,0.44513987265491634,30,late
30896,96,0,0.7245556246799365,0.48223944106577354,30,late
30897,97,0,0.5152098852457478,0.48971415357759995,30,late
30898,98,0,0.721263625791374,0.4700023777887834,30,late
30899,99,0,0.5409961612721909,0.5369280485582392,30,late
30900,100,0,0.5550017220952931,0.3079964727418042,30,late
30901,101,22,0.5249590030194332,0.6175235173757881,30,late
30902,102,0,0.5018157382078564,0.5592134146886034,30,late
30903,103,0,0.5594326678789229,0.40237481037511524,30,late
30904,104,22,0.7354478248286446,0.37374968122491636,30,late
30905,105,0,0.6750991451949109,0.4816418251609581,30,late
30906,106,22,0.8049415099880248,0.37755084010671425,30,late
30907,107,0,0.4757028910638974,0.7999016212654562,30,late
30908,108,22,0.720539324666305,0.4000333121406846,30,late
30909,109,0,0.3315126081141033,0.6243621882364612,30,late
30910,110,0,0.47980300256614455,0.4869225673329878,30,late
30911,111,0,0.5051162938854761,0.39407772897194165,30,late
30912,112,0,0.5585395694731451,0.5470081882755952,30,late
30913,113,22,0.7753245351171967,0.3635993651901922,30,late
30914,114,0,0.4934917195152364,0.5357192794782346,30,late
30915,115,0,0.4968939139268541,0.5698838601457225,30,late
30916,116,0,0.5911761939899227,0.5349699362805415,30,late
30917,117,0,0.41243345805285325,0.5062224457348501,30,late
30918,118,0,0.6533231967493949,0.5145611488239776,30,late
30919,119,0,0.48614078204982986,0.3623658416508396,30,late
30920,120,14,0.3949248553564866,0.6319881952745323,30,late
30921,121,22,0.500771524305455,0.4723659063587803,30,late
30922,122,22,0.28209766625627103,0.46430895678307105,30,late
30923,123,22,0.5469429839955442,0.5032649156820845,30,late
30924,124,0,0.29128301931123635,0.3505828298710763,30,late
30925,125,0,0.3297732948108031,0.42416709538867187,30,late
30926,126,0,0.3205981281524406,0.6817935024625227,30,late
30927,127,0,0.3763535064084036,0.5316987197630886,30,late
30928,128,0,0.46212411328832625,0.37702614923081595,30,late
30929,129,22,0.5289430276786353,0.44382717687516215,30,late
30930,130,0,0.406847554485384,0.47113143219455866,30,late
30931,131,0,0.48279702062292473,0.4209598160572876,30,late
30932,132,0,0.5442634760909186,0.41180720760950207,30,late
30933,133,0,0.618242363516164,0.45714236832808824,30,late
30934,134,0,0.4761803293358019,0.45165612629778257,30,late
30935,135,0,0.4360983923691464,0.5643938500406496,30,late
30936,136,0,0.3742912164893322,0.3633130436403371,30,late
30937,137,0,0.6015459922484987,0.6216145782147037,30,late
30938,138,0,0.4436037171333726,0.3731614957440915,30,late
30939,139,0,0.6309527210995003,0.45373048757846035,30,late
30940,140,22,0.4753623760971185,0.48347973230478425,30,late
30941,141,0,0.3648508652326321,0.42241231383787436,30,late
30942,142,0,0.5553718760009068,0.35332815491366676,30,late
30943,143,0,0.42617910472865733,0.4915567386917651,30,late
30944,144,0,0.3045628952318664,0.5232847456181499,30,late
30945,145,0,0.4014525774272907,0.46453244171903363,30,late
30946,146,0,0.6183611849611572,0.44805974624939066,30,late
30947,147,0,0.672325831061872,0.43611450122292506,30,late
30948,148,0,0.25614187057797877,0.5511874569647903,30,late
30949,149,0,0.6449649815933391,0.5443209792334358,30,late
30950,150,0,0.3367197536701231,0.38881156375075904,30,late
30951,151,0,0.43589173866566194,0.2934466722939039,30,late
30952,152,0,0.6048004472806969,0.46857304979938896,30,late
30953,153,0,0.581540029423257,0.35561087925188833,30,late
30954,154,0,0.2913012064548596,0.5484341093286116,30,late
30955,155,0,0.452746177832395,0.28509433414562485,30,late
30956,156,0,0.6419672488874861,0.534002836470461,30,late
30957,157,0,0.4820114750639257,0.462146687158574,30,late
30958,158,0,0.5713571230950059,0.4229836137642895,30,late
30959,159,0,0.4717398084533408,0.4298915803832686,30,late
30960,160,0,0.37579392394862127,0.47343005373113434,30,late
30961,161,0,0.7199324556235982,0.4882725980392466,30,late
30962,162,0,0.6572581852385846,0.4827555196457869,30,late
30963,163,0,0.47070017535745545,0.5114983682622156,30,late
30964,164,0,0.30245178616278756,0.3893040932452597,30,late
30965,165,0,0.4411904156472545,0.5298611798803442,30,late
30966,166,0,0.2430311094559972,0.3795210589936447,30,late
30967,167,0,0.6561518787124955,0.474041070174204,30,late
30968,168,0,0.6658407105832909,0.4384130744791638,30,late
30969,169,0,0.6582965289640412,0.3713595348623806,30,late
30970,170,0,0.5932716778116793,0.512788884969247,30,late
30971,171,0,0.6413049382738336,0.44389885348608704,30,late
30972,172,0,0.799926197089956,0.5670689831246578,30,late
30973,173,0,0.5818066321036957,0.615224275051829,30,late
30974,174,0,0.5745939456950037,0.42861508471696963,30,late
30975,175,0,0.7557661388147052,0.34010094398580326,30,late
30976,176,0,0.46983393767830767,0.4035035418883705,30,late
30977,177,0,0.2248513062329809,0.614508900944843,30,late
30978,178,0,0.6212380117369499,0.4504569905473725,30,late
30979,179,0,0.7745873627926929,0.3641330982258538,30,late
30980,180,0,0.5240637506632471,0.4960593621555184,30,late
30981,181,0,0.810683624112603,0.24986506044441031,30,late
30982,182,0,0.3194252808055619,0.33762573024213094,30,late
30983,183,0,0.47666012645676425,0.5297192489011509,30,late
30984,184,0,0.5112360922781041,0.4142985421362985,30,late
30985,185,0,0.28933779734841725,0.5202110039002152,30,late
30986,186,0,0.6502926745597246,0.41161243848520246,30,late
30987,187,0,0.35366834208476805,0.5824921704585726,30,late
30988,188,0,0.38641345269577987,0.37439287847579494,30,late
30989,189,0,0.40214800210872914,0.40158283343468115,30,late
30990,190,0,0.5427361553305607,0.4579599569320581,30,late
30991,191,0,0.37083575353872655,0.45920478953006716,30,late
30992,192,0,0.506643266647399,0.40524811431955365,30,late
30993,193,0,0.49187624473176395,0.47115135006724396,30,late
30994,194,0,0.5606764324043347,0.4732330243048638,30,late
30995,195,0,0.4504322155558194,0.47694091242956094,30,late
30996,196,0,0.38296161153519115,0.43529866335323797,30,late
30997,197,0,0.47397646124313647,0.4128667188305192,30,late
30998,198,0,0.483479329035886,0.5461676880036215,30,late
30999,199,22,0.7447989544033291,0.4180464202634316,30,late
31000,0,0,0.05307834937234767,1.1904748308393767,31,interleaved
31001,1,1,0.015705329356192742,0.9638482123963772,31,interleaved
31002,2,2,0.4955276781387613,1.202725070001462,31,interleaved
31003,3,0,0.766597387544295,0.6711581303331411,31,interleaved
31004,4,0,0.7913143500193716,0.6460372587885349,31,interleaved
31005,5,3,0.1180671966875339,0.9677430649873413,31,interleaved
31006,6,0,0.2495951037822327,0.5161252289863001,31,interleaved
31007,7,0,0.8135775525298539,0.5248933332982926,31,interleaved
31008,8,0,0.1878918245735426,0.5113956799248427,31,interleaved
31009,9,0,0.680938255388355,0.6496567852114148,31,interleaved
31010,10,0,0.26363524897752255,0.6543488445321668,31,interleaved
31011,11,0,0.5960031751032994,0.7308984161984504,31,interleaved
31012,12,0,0.17419225645225847,0.5530693003134275,31,interleaved
31013,13,0,0.4931511659210571,0.6627505814025707,31,interleaved
31014,14,0,0.12484253755622635,0.49198277637716104,31,interleaved
31015,15,0,0.24561045838761406,0.6702541993415135,31,interleaved
31016,16,0,0.7406387726431922,0.5167347681716385,31,interleaved
31017,17,0,0.7442337813918203,0.634486623563798,31,interleaved
31018,18,0,0.8684869579159895,0.6878200368688225,31,interleaved
31019,19,0,0.9252946158463109,0.6904902450603699,31,interleaved
31020,20,0,0.31390710469753735,0.6883137987031844,31,interleaved
31021,21,0,0.04341948741862553,0.5858972116468553,31,interleaved
31022,22,0,0.5535873933261919,0.6409132285725923,31,interleaved
31023,23,0,0.46299634729486283,0.47058086375315966,31,interleaved
31024,24,0,0.2785075619306165,0.617331226373012,31,interleaved
31025,25,0,0.11028089709726727,0.6819716344947108,31,interleaved
31026,26,0,0.3156353362857938,0.503138115064977,31,interleaved
31027,27,0,0.06930665553161032,0.6402738758156609,31,interleaved
31028,28,0,0.5434524322080244,0.6545173707108249,31,interleaved
31029,29,0,0.1492994441706224,0.5414324855881916,31,interleaved
31030,30,0,0.49523951222493373,0.37223971514826015,31,interleaved
31031,31,0,0.09292108948841601,0.5949129321852498,31,interleaved
31032,32,0,0.5400939710745435,0.48910102010444856,31,interleaved
31033,33,0,0.3334422453040206,0.6407602205310838,31,interleaved
31034,34,0,0.5580195552121103,0.49759309790864753,31,interleaved
31035,35,0,0.8965115763040439,0.6534936323839071,31,interleaved
31036,36,0,0.5111579979643532,0.6133595322065399,31,interleaved
31037,37,0,0.14863863385848192,0.5224385094184648,31,interleaved
31038,38,0,0.5476388116522333,0.6842591187428186,31,interleaved
31039,39,0,0.7124569670946808,0.4468981203774508,31,interleaved
31040,40,0,0.2213678508373923,0.5816958148098642,31,interleaved
31041,41,0,0.3833356497666164,0.5287331642065201,31,interleaved
31042,42,0,0.102229130259103,0.6775025685625038,31,interleaved
31043,43,0,0.35428014611370073,0.5798466760497132,31,interleaved
31044,44,0,0.1830362147086399,0.5599637370655159,31,interleaved
31045,45,0,0.4361331263477907,0.6871229807434278,31,interleaved
31046,46,0,0.5787023698914922,0.44330695709709456,31,interleaved
31047,47,0,0.6479864926484351,0.5319207648532975,31,interleaved
31048,48,0,0.08790865770454234,0.442141118591557,31,interleaved
31049,49,0,0.42649499241459976,0.4441603579248903,31,interleaved
31050,50,0,0.11957693755458924,0.43179873462564,31,interleaved
31051,51,0,0.7459605352943977,0.5373500143444845,31,interleaved
31052,52,0,0.2433362557606254,0.47919863321960876,31,interleaved
31053,53,0,0.4373746241444789,0.5580758194058948,31,interleaved
31054,54,0,0.5313260292662744,0.5679204052713142,31,interleaved
31055,55,0,0.32159781009322236,0.4531879782556215,31,interleaved
31056,56,0,0.19001819907110384,0.5280091419340613,31,interleaved
31057,57,0,0.4070467147905925,0.49784377599862983,31,interleaved
31058,58,0,0.35683715307811303,0.5610923885543684,31,interleaved
31059,59,0,0.42663936065363905,0.47122922663053457,31,interleaved
31060,60,0,0.316421007621999,0.5938709699712379,31,interleaved
31061,61,0,0.551327423511446,0.6399855575084642,31,interleaved
31062,62,0,0.23072483325302556,0.3620676715185806,31,interleaved
31063,63,0,0.7651510721291555,0.42235307986101933,31,interleaved
31064,64,0,0.41183992982286877,0.6106998397953793,31,interleaved
31065,65,0,0.4453744888027516,0.5413651026928608,31,interleaved
31066,66,0,0.21920255033375413,0.4397822730661248,31,interleaved
31067,67,0,0.644181264725782,0.47438225880047014,31,interleaved
31068,68,0,0.2695611019996147,0.4323260661612755,31,interleaved
31069,69,0,0.3983456217581796,0.5044056309299548,31,interleaved
31070,70,0,0.7016736394689047,0.4552896997434672,31,interleaved
31071,71,0,0.7233007979129402,0.4731140195333948,31,interleaved
31072,72,0,0.8001791936159977,0.47011084815994697,31,interleaved
31073,73,0,0.622476543697266,0.37567627678942184,31,interleaved
31074,74,0,0.5716202223054818,0.6011589482287799,31,interleaved
31075,75,0,0.462340323010187,0.5027603202256465,31,interleaved
31076,76,0,0.8605465775303601,0.38859157887240126,31,interleaved
31077,77,0,0.6904877395113289,0.6572103001978409,31,interleaved
31078,78,0,0.7802717354981472,0.401510219497493,31,interleaved
31079,79,0,0.5444186387105832,0.4491703826785185,31,interleaved
31080,80,0,0.8944863982383586,0.5907972303530884,31,interleaved
31081,81,0,0.758473455478127,0.5137221332325073,31,interleaved
31082,82,0,0.2432541069119845,0.394631073812293,31,interleaved
31083,83,0,0.6650059093689791,0.3966383803165913,31,interleaved
31084,84,0,0.21958852539776763,0.6061596071713944,31,interleaved
31085,85,0,0.3584013634943952,0.5094429410889398,31,interleaved
31086,86,0,0.22356080916313187,0.5664522185237951,31,interleaved
31087,87,0,0.4644413076755875,0.529320146001649,31,interleaved
31088,88,0,0.8391304600203271,0.39644186691128946,31,interleaved
31089,89,0,0.4581097889502235,0.5798144083687291,31,interleaved
31090,90,0,0.23672253241100416,0.395474518307402,31,interleaved
31091,91,0,0.5840755783472215,0.4284547353961481,31,interleaved
31092,92,0,0.46221922521717457,0.5063779578045082,31,interleaved
31093,93,0,0.724682957080853,0.35102327413215345,31,interleaved
31094,94,0,0.35301167706186376,0.5714204305198408,31,interleaved
31095,95,0,0.5732116780371048,0.4009133448458482,31,interleaved
31096,96,0,0.4010873335449995,0.40071310835284174,31,interleaved
31097,97,0,0.33880501721026396,0.5175750424613057,31,interleaved
31098,98,0,0.3673887584558956,0.5572021003420126,31,interleaved
31099,99,0,0.4535178363937764,0.4654546309694696,31,interleaved
31100,100,0,0.5182785642960076,0.5399010333217804,31,interleaved
31101,101,0,0.5789051415275467,0.5509053885272248,31,interleaved
31102,102,0,0.2067675523288099,0.4582230842450995,31,interleaved
31103,103,0,0.5710718404843247,0.38692701457430134,31,interleaved
31104,104,0,0.5360150035716013,0.6221302188389919,31,interleaved
31105,105,0,0.6217300975904527,0.4733592261009754,31,interleaved
31106,106,0,0.47129152890603165,0.47484428776576526,31,interleaved
31107,107,0,0.4193080228217597,0.4394562888760335,31,interleaved
31108,108,0,0.3936657395818454,0.4260249910768369,31,interleaved
31109,109,0,0.4616242629907244,0.46695182531177426,31,interleaved
31110,110,0,0.9251809326798414,0.5869586089354719,31,interleaved
31111,111,0,0.5429895308414359,0.5051415225756521,31,interleaved
31112,112,0,0.40828742865139706,0.3160834866578374,31,interleaved
31113,113,0,0.5420456351652241,0.41813947892821035,31,interleaved
31114,114,0,0.38686401034973344,0.48909767303483076,31,interleaved
31115,115,0,0.4704151515568853,0.5327702685201815,31,interleaved
31116,116,0,0.5520074995556488,0.38743378860308586,31,interleaved
31117,117,0,0.5992520148737726,0.43842704805256816,31,interleaved
31118,118,0,0.34753688681741945,0.4418492269939649,31,interleaved
31119,119,0,0.20138184592322161,0.5800284703244019,31,interleaved
31120,120,0,0.5790492379958092,0.4954409570100999,31,interleaved
31121,121,0,0.720127445841341,0.33887003726867865,31,interleaved
31122,122,0,0.5153414936017577,0.316704162425831,31,interleaved
31123,123,0,0.4311127120801119,0.43320357435078827,31,interleaved
31124,124,0,0.4481905494978493,0.49925456798735673,31,interleaved
31125,125,0,0.31714652274694777,0.5234069962472268,31,interleaved
31126,126,0,0.5364536357479596,0.4423079120879342,31,interleaved
31127,127,0,0.5715377915962869,0.4688940352879918,31,interleaved
31128,128,0,0.5688553701867809,0.5860859877460859,31,interleaved
31129,129,0,0.339937049456392,0.5267154864963131,31,interleaved
31130,130,0,0.42170885909907946,0.491308500754399,31,interleaved
31131,131,0,0.674915110864693,0.4626388704838903,31,interleaved
31132,132,0,0.4262468670486168,0.37246573494461455,31,interleaved
31133,133,0,0.5186032037703325,0.4573441206543525,31,interleaved
31134,134,0,0.719809240639155,0.4922674208244109,31,interleaved
31135,135,0,0.3537037427801531,0.38656292157139327,31,interleaved
31136,136,0,0.6474744713380458,0.4230974645328053,31,interleaved
31137,137,0,0.32048162573851213,0.49517376266955443,31,interleaved
31138,138,0,0.6337472799037547,0.4019886837863123,31,interleaved
31139,139,0,0.4935083600588138,0.4687360565472334,31,interleaved
31140,140,0,0.5644438335784625,0.49854264090231487,31,interleaved
31141,141,0,0.38672386716132356,0.3996423633621231,31,interleaved
31142,142,0,0.4709430836207009,0.513159438024432,31,interleaved
31143,143,0,0.35423301436073984,0.5581578576783788,31,interleaved
31144,144,0,0.4652730122763099,0.5469252236609409,31,interleaved
31145,145,0,0.3506991331696291,0.4609159137785885,31,interleaved
31146,146,0,0.6154302675244199,0.4109037937777761,31,interleaved
31147,147,0,0.40970718450244004,0.37678251589440576,31,interleaved
31148,148,0,0.5093746319095585,0.4490296842811584,31,interleaved
31149,149,0,0.7415523350888625,0.45977741535336253,31,interleaved
31150,150,0,0.5797712917580073,0.421449336962072,31,interleaved
31151,151,0,0.4499560294603983,0.45994560817866537,31,interleaved
31152,152,0,0.2627185905437901,0.40616934871788324,31,interleaved
31153,153,0,0.5066532014113861,0.48883653716646563,31,interleaved
31154,154,0,0.42806128469200067,0.39267724014704775,31,interleaved
31155,155,0,0.4662286558885016,0.5513999708856238,31,interleaved
31156,156,0,0.6028721660481074,0.4922015984467509,31,interleaved
31157,157,0,0.5047517960386846,0.49439550614032474,31,interleaved
31158,158,0,0.40351603079852055,0.3764535347679317,31,interleaved
31159,159,0,0.45330080764283787,0.378236371397848,31,interleaved
31160,160,0,0.39715510801225057,0.40652131698039107,31,interleaved
31161,161,0,0.43851122803314035,0.43235092023235416,31,interleaved
31162,162,0,0.31838648015614074,0.5427272834179719,31,interleaved
31163,163,0,0.5243887298085599,0.36794755724488054,31,interleaved
31164,164,0,0.29572122973836473,0.5398021922412708,31,interleaved
31165,165,0,0.3811157471483813,0.4873323315610235,31,interleaved
31166,166,0,0.680104471993084,0.42844021013755174,31,interleaved
31167,167,0,0.30452944967482887,0.41817167816559125,31,interleaved
31168,168,0,0.5011486688994657,0.4875462354767926,31,interleaved
31169,169,0,0.434281184700022,0.37980982547420356,31,interleaved
31170,170,0,0.7327744028320782,0.4399393653730155,31,interleaved
31171,171,0,0.5158956813336285,0.2810988690563289,31,interleaved
31172,172,0,0.49312910991403425,0.4648223680502445,31,interleaved
31173,173,0,0.8249983919499941,0.43591066024220215,31,interleaved
31174,174,0,0.42356363372580524,0.44302248819743084,31,interleaved
31175,175,0,0.5847689541434894,0.452193407933563,31,interleaved
31176,176,0,0.4611189084877199,0.5127092451194342,31,interleaved
31177,177,0,0.48419832666646945,0.5129866510626988,31,interleaved
31178,178,0,0.6659855205959524,0.299420711045348,31,interleaved
31179,179,0,0.3949032051497204,0.3844729672519097,31,interleaved
31180,180,0,0.4996323986399138,0.345490686512114,31,interleaved
31181,181,0,0.48528696604415256,0.4330162121919951,31,interleaved
31182,182,0,0.6239726004206587,0.4717300842869111,31,interleaved
31183,183,0,0.2405349647006393,0.4019213041645541,31,interleaved
31184,184,0,0.5297277690565492,0.46809512342352017,31,interleaved
31185,185,0,0.4414514490487923,0.43620903567057834,31,interleaved
31186,186,0,0.6091992076602826,0.4791175272658318,31,interleaved
31187,187,0,0.42552627387586667,0.3930858722855637,31,interleaved
31188,188,0,0.4352840224200286,0.4320358932601239,31,interleaved
31189,189,0,0.3067122770499903,0.37716830986844874,31,interleaved
31190,190,0,0.3206407025782917,0.47836978553585036,31,interleaved
31191,191,0,0.3627246926841436,0.642443315576783,31,interleaved
31192,192,0,0.5435524174122315,0.3621648914888741,31,interleaved
31193,193,0,0.4366124834666989,0.5704172993087968,31,interleaved
31194,194,0,0.5038178073380378,0.49403186782823433,31,interleaved
31195,195,0,0.7121120051325298,0.5443841190583973,31,interleaved
31196,196,0,0.4859034110900642,0.6203133516515299,31,interleaved
31197,197,0,0.4442777671285811,0.5463002012464913,31,interleaved
31198,198,0,0.5516771960030975,0.4089421782123078,31,interleaved
31199,199,0,0.27295955158897456,0.5320664909260188,31,interleaved
31200,0,0,0.30498644188575796,0.7820648119559432,31,blocked
31201,1,0,0.4753646228642522,0.5882005531377181,31,blocked
31202,2,0,0.5688979963468321,0.6075758921336996,31,blocked
31203,3,0,0.6095740798818086,0.5489636878287241,31,blocked
31204,4,0,0.42258165497367234,0.44932011626775636,31,blocked
31205,5,0,0.29023595963797133,0.5465635080828107,31,blocked
31206,6,0,0.2674786869108593,0.6172193098594779,31,blocked
31207,7,0,0.7400575031041956,0.5633286376534969,31,blocked
31208,8,0,0.8690967711633379,0.5883058047639366,31,blocked
31209,9,0,0.27006433845653843,0.6830897120437045,31,blocked
31210,10,0,0.073817020486793,0.6303345136515837,31,blocked
31211,11,0,0.949744991331265,0.45468360983548584,31,blocked
31212,12,0,0.11760840977985047,0.6708530920400612,31,blocked
31213,13,0,0.7137771424532813,0.5180949505949168,31,blocked
31214,14,0,0.9455552678070358,0.4674053927444093,31,blocked
31215,15,0,0.1962294621678202,0.41466798383954756,31,blocked
31216,16,0,0.6425021965711376,0.5537410943679529,31,blocked
31217,17,0,0.7553351721022057,0.5330563593472548,31,blocked
31218,18,0,0.35257068583281803,0.6070682303968078,31,blocked
31219,19,0,0.23809400927275576,0.5813147794543204,31,blocked
31220,20,0,0.7321580328135375,0.4294545119588389,31,blocked
31221,21,0,0.8296829192428514,0.4294524261481662,31,blocked
31222,22,0,0.8393673980922365,0.32708521491910403,31,blocked
31223,23,0,0.7296450672317172,0.37807235430087915,31,blocked
31224,24,0,0.2895299938045096,0.5412672776468694,31,blocked
31225,25,0,0.2697103519465147,0.4143927867433864,31,blocked
31226,26,0,0.30256054499384966,0.5799008484558261,31,blocked
31227,27,0,0.5288991202460149,0.3638375884830112,31,blocked
31228,28,0,0.8977942838439625,0.42579396656467905,31,blocked
31229,29,0,0.5415008182892539,0.5037469790025009,31,blocked
31230,30,0,0.201259746660346,0.416473664456113,31,blocked
31231,31,0,0.6959832073329117,0.27883826259605565,31,blocked
31232,32,0,0.7003038846515584,0.42536128366088855,31,blocked
31233,33,0,0.6615167536011288,0.5000134919417925,31,blocked
31234,34,0,0.31538343690380355,0.4900387013911224,31,blocked
31235,35,0,0.11994335126549588,0.475653907796734,31,blocked
31236,36,0,0.865678035118167,0.3653160421403755,31,blocked
31237,37,0,0.35363797432044586,0.5546909370108155,31,blocked
31238,38,0,0.7053184247364146,0.4669454810548635,31,blocked
31239,39,0,0.2822811774773329,0.448794312605722,31,blocked
31240,40,0,0.43391213602798795,0.4836199887350882,31,blocked
31241,41,0,0.926481672198147,0.37908932425117137,31,blocked
31242,42,0,0.6474967610371519,0.4888871541391818,31,blocked
31243,43,0,0.6997205868880199,0.6071148511929947,31,blocked
31244,44,0,0.052137943886905264,0.559752335956698,31,blocked
31245,45,0,0.1609957573495181,0.48539743348269326,31,blocked
31246,46,0,0.7930025766854769,0.45347182440060635,31,blocked
31247,47,0,0.8465129565576077,0.5096824444270376,31,blocked
31248,48,0,0.09530719771136989,0.4797945815926854,31,blocked
31249,49,0,0.19103827505481785,0.3690941364905129,31,blocked
31250,50,0,0.802778257494872,0.5101142249852169,31,blocked
31251,51,0,0.2907791807508944,0.5190765904508337,31,blocked
31252,52,0,0.7431732357776808,0.39229747317004304,31,blocked
31253,53,0,0.7097901706804595,0.7216001364932583,31,blocked
31254,54,0,0.10781469369592157,0.4928130190497843,31,blocked
31255,55,0,0.15161559043567394,0.5826552228296913,31,blocked
31256,56,0,0.07932464777677548,0.43689886097021013,31,blocked
31257,57,0,0.2479077616587495,0.5345722482520261,31,blocked
31258,58,0,0.22955519662152013,0.4356555975580376,31,blocked
31259,59,0,0.09420706099108711,0.40143424539556116,31,blocked
31260,60,0,0.697948906824406,0.5329525653192295,31,blocked
31261,61,0,0.918864437339391,0.5420979211065808,31,blocked
31262,62,0,0.9395155785402576,0.4831397448322884,31,blocked
31263,63,0,0.07068190474921124,0.6237851844390402,31,blocked
31264,64,0,0.07850421703713302,0.5067882577652577,31,blocked
31265,65,0,0.1704586264506362,0.39178261786572416,31,blocked
31266,66,0,0.8907313272510163,0.4425072612461364,31,blocked
31267,67,0,0.9180380987133658,0.43216018965200087,31,blocked
31268,68,0,0.34916492801322097,0.6615959417282902,31,blocked
31269,69,0,0.09259276709245062,0.6145515365371583,31,blocked
31270,70,0,0.1880245798799451,0.4085415012135707,31,blocked
31271,71,0,0.8425972244101749,0.33169134314054693,31,blocked
31272,72,0,0.561671650569805,0.4623585271705014,31,blocked
31273,73,0,0.4521440062681578,0.6463929575924614,31,blocked
31274,74,0,0.2772503468974624,0.47486032175876736,31,blocked
31275,75,0,0.13500221891280031,0.6009726155348547,31,blocked
31276,76,0,0.7939195595855737,0.4098182447614489,31,blocked
31277,77,0,0.6078609081553443,0.4401483277300732,31,blocked
31278,78,0,0.5436370732920526,0.6095749946544182,31,blocked
31279,79,0,0.6267410745738493,0.45420759562556823,31,blocked
31280,80,0,0.5716150476128837,0.6246239304735328,31,blocked
31281,81,0,0.3922102742150779,0.42703553675446193,31,blocked
31282,82,0,0.534510981174396,0.4092849358214987,31,blocked
31283,83,0,0.44590082469534487,0.5176471993312465,31,blocked
31284,84,0,0.6585365947231335,0.4112927555832625,31,blocked
31285,85,0,0.2289010565080577,0.49055992034043755,31,blocked
31286,86,0,0.2757159634843911,0.5058326839547884,31,blocked
31287,87,0,0.541580803052011,0.5076434110153462,31,blocked
31288,88,0,0.5472813239919759,0.34409777891974325,31,blocked
31289,89,0,0.4379741911698471,0.506479051091675,31,blocked
31290,90,0,0.5106628471885128,0.4015699995786386,31,blocked
31291,91,0,0.5251415836560472,0.5875895959067885,31,blocked
31292,92,0,0.594716272285996,0.5891431245667491,31,blocked
31293,93,0,0.8724711178095033,0.4209707401116881,31,blocked
31294,94,0,0.6457624674351479,0.468860444913524,31,blocked
31295,95,0,0.5985832398195541,0.4212622532305962,31,blocked
31296,96,0,0.39595380928267676,0.43747685981712897,31,blocked
31297,97,0,0.4304710701396589,0.49572979942755424,31,blocked
31298,98,0,0.23230187445159547,0.37795304623654624,31,blocked
31299,99,0,0.6504414013348875,0.5255555531227244,31,blocked
31300,100,0,0.37577863036368186,0.4370772122920311,31,blocked
31301,101,0,0.6317856572808601,0.369363184657838,31,blocked
31302,102,0,0.22275625911564778,0.5160126994489153,31,blocked
31303,103,0,0.7093932073353232,0.5339270504385493,31,blocked
31304,104,0,0.6826506111618289,0.3886295330359584,31,blocked
31305,105,0,0.173799036001131,0.4514138116052377,31,blocked
31306,106,0,0.49581155948979205,0.6135343363453916,31,blocked
31307,107,0,0.6821656453434087,0.41587232271664587,31,blocked
31308,108,0,0.461765502447061,0.4757790409020576,31,blocked
31309,109,0,0.28732360541685875,0.45084271616552074,31,blocked
31310,110,0,0.5120591032738281,0.3877046082188728,31,blocked
31311,111,0,0.17517420984657017,0.36118217497859695,31,blocked
31312,112,0,0.3671173530986818,0.3635623295754066,31,blocked
31313,113,0,0.41997520073954775,0.42416885426259804,31,blocked
31314,114,0,0.511407550734415,0.45408364571798276,31,blocked
31315,115,0,0.5800293996824526,0.32706797377753044,31,blocked
31316,116,0,0.7383960725742302,0.4115402875815438,31,blocked
31317,117,0,0.3589996048525319,0.3825818064118146,31,blocked
31318,118,0,0.3436598984007542,0.3997032132672909,31,blocked
31319,119,0,0.540777472049972,0.5000254028520211,31,blocked
31320,120,0,0.6218742076012609,0.5652133924031215,31,blocked
31321,121,0,0.06535609936090042,0.4837563980652164,31,blocked
31322,122,0,0.29605935316385545,0.49143958819096506,31,blocked
31323,123,0,0.16465604794520236,0.44225656536564495,31,blocked
31324,124,0,0.3904560060437902,0.3966298111439933,31,blocked
31325,125,0,0.6015093849432468,0.45532843686842034,31,blocked
31326,126,0,0.8909522071522428,0.33174001309184575,31,blocked
31327,127,0,0.33582298747604566,0.377428100828091,31,blocked
31328,128,0,0.36003131130332416,0.5290789314953774,31,blocked
31329,129,0,0.7719270092648711,0.4557262471286102,31,blocked
31330,130,0,0.8106515294881943,0.4498924774664047,31,blocked
31331,131,0,0.8234182465174145,0.35615057186876403,31,blocked
31332,132,0,0.36476677988564044,0.513513620082411,31,blocked
31333,133,0,0.7189194693920111,0.4250097097194711,31,blocked
31334,134,0,0.34708910630114753,0.4641378624909984,31,blocked
31335,135,0,0.7777549019067661,0.4825398899940937,31,blocked
31336,136,0,0.6337154028570393,0.35034169450342556,31,blocked
31337,137,0,0.4616173222507377,0.4231796756277971,31,blocked
31338,138,0,0.39677327994260725,0.4606847978703049,31,blocked
31339,139,0,0.45880115683776845,0.42822232506247065,31,blocked
31340,140,0,0.5457087111575343,0.4313642314552192,31,blocked
31341,141,0,0.4020704316265248,0.3585645491982739,31,blocked
31342,142,0,0.7633047182851473,0.5542808000616657,31,blocked
31343,143,0,0.5105766870677829,0.3834237129450603,31,blocked
31344,144,0,0.47685963539414145,0.4854738409229187,31,blocked
31345,145,0,0.3966050382579362,0.5211245778540631,31,blocked
31346,146,0,0.7896938866046468,0.4111821471829598,31,blocked
31347,147,0,0.22042308570418978,0.36050853442027786,31,blocked
31348,148,0,0.7096589800078381,0.36414362329494443,31,blocked
31349,149,0,0.8883589455235873,0.4775055333387769,31,blocked
31350,150,0,0.8805017768422068,0.4937167556496459,31,blocked
31351,151,0,0.7417228433335751,0.4480227313780016,31,blocked
31352,152,0,0.3121340770623827,0.48088519581260286,31,blocked
31353,153,0,0.82879280800249,0.393299234075403,31,blocked
31354,154,0,0.630301910428542,0.4374896684573175,31,blocked
31355,155,0,0.7485867086393199,0.39915649197862374,31,blocked
31356,156,0,0.26118634874307123,0.46389141649667764,31,blocked
31357,157,0,0.8716932699064595,0.3967298253422559,31,blocked
31358,158,0,0.8117468088095057,0.5487283961399186,31,blocked
31359,159,0,0.4783044599080697,0.46288878443246695,31,blocked
31360,160,0,0.4161095467497568,0.4508821176906461,31,blocked
31361,161,0,0.4367493229986375,0.40158996725857476,31,blocked
31362,162,0,0.47534311095684323,0.5193749226116839,31,blocked
31363,163,0,0.6187757906649713,0.41632271554777267,31,blocked
31364,164,0,0.3800197927850514,0.4488180948300531,31,blocked
31365,165,0,0.5357237999661464,0.5518673111142935,31,blocked
31366,166,0,0.8364636532767479,0.46086921685815296,31,blocked
31367,167,0,0.3747704170809758,0.5054419474635674,31,blocked
31368,168,0,0.7235835618010847,0.4523712194670966,31,blocked
31369,169,0,0.34824564164407934,0.5937359804147044,31,blocked
31370,170,0,0.16044609239118668,0.4425145666631867,31,blocked
31371,171,0,0.15262654862862102,0.4911059529966979,31,blocked
31372,172,0,0.2932296433477795,0.39698450338769325,31,blocked
31373,173,0,0.40604583708774206,0.5508898714044057,31,blocked
31374,174,0,0.6684155456794173,0.5501997253956041,31,blocked
31375,175,0,0.48200684752857365,0.5076558670579263,31,blocked
31376,176,0,0.4848135433031799,0.3922533545108084,31,blocked
31377,177,0,0.25960165164722393,0.3409437757138113,31,blocked
31378,178,0,0.589183936900529,0.42753969964043215,31,blocked
31379,179,0,0.5339218759662034,0.439437216709221,31,blocked
31380,180,0,0.4412079182612746,0.4453809857835116,31,blocked
31381,181,0,0.5631661183425696,0.5019125916655504,31,blocked
31382,182,0,0.0880417309438322,0.5036141987479149,31,blocked
31383,183,0,0.8530006793662398,0.41943875274955356,31,blocked
31384,184,0,0.15626913358720454,0.5414750892219488,31,blocked
31385,185,0,0.5485440384688259,0.4788246845109032,31,blocked
31386,186,0,0.673396654269268,0.3755577298913601,31,blocked
31387,187,0,0.41587857972097686,0.4228311062681054,31,blocked
31388,188,0,0.7192342409090108,0.389603577151308,31,blocked
31389,189,0,0.8708334080417921,0.27430200453512077,31,blocked
31390,190,0,0.5544078909490948,0.3652338956105277,31,blocked
31391,191,0,0.6561539899039212,0.3997911258292163,31,blocked
31392,192,0,0.47181762059460464,0.4194273431490285,31,blocked
31393,193,0,0.5416494262535972,0.4073707865931525,31,blocked
31394,194,0,0.4197314751959783,0.47736983491288076,31,blocked
31395,195,0,0.5093480981474884,0.374555601333604,31,blocked
31396,196,0,0.6198097959242197,0.4223139538040217,31,blocked
31397,197,0,0.6586262092847812,0.4663935072002784,31,blocked
31398,198,0,0.6344595583958801,0.41902766087026366,31,blocked
31399,199,0,0.4848950677971007,0.40722909372040184,31,blocked
31400,0,0,0.3376378909691067,0.5605211524960513,31,early
31401,1,1,0.5616346201853872,0.9528250956583646,31,early
31402,2,2,0.760880597778838,0.8227732058771045,31,early
31403,3,0,0.39280950014031846,0.574108086244534,31,early
31404,4,0,0.225871824652919,0.5687361595829332,31,early
31405,5,0,0.7325142065513344,0.6736597114440619,31,early
31406,6,0,0.37132823775437407,0.7621108875564242,31,early
31407,7,0,0.6874742912588935,0.6164679724207918,31,early
31408,8,0,0.7044305822623178,0.8346768603375219,31,early
31409,9,0,0.7833929869458647,0.5707383116988505,31,early
31410,10,0,0.7572268042283762,0.5767484660526879,31,early
31411,11,0,0.288110715822812,0.5965168459108554,31,early
31412,12,0,0.507445981444641,0.4549494232097769,31,early
31413,13,0,0.7120149252769771,0.5372696408742575,31,early
31414,14,0,0.6541690282572488,0.47511541685878156,31,early
31415,15,0,0.8365821101598054,0.45296905920495834,31,early
31416,16,0,0.7307016219196951,0.42995486315120707,31,early
31417,17,0,0.7584144800714976,0.5668632125227404,31,early
31418,18,0,0.7139951923407895,0.5500522729743806,31,early
31419,19,0,0.7986307420509511,0.491891921121885,31,early
31420,20,0,0.5110040710463752,0.6189902804707208,31,early
31421,21,0,0.4470237179991782,0.4917741642706194,31,early
31422,22,0,0.4015901645890724,0.6213421465677276,31,early
31423,23,0,0.41520189348576575,0.3261682869648893,31,early
31424,24,0,0.3552543856908774,0.582431001651259,31,early
31425,25,0,0.3371683547433987,0.5412251445668363,31,early
31426,26,0,0.6841075296719257,0.45635347049870234,31,early
31427,27,0,0.5229131794951603,0.5029746629924244,31,early
31428,28,0,0.3938650022502852,0.5077301583783576,31,early
31429,29,0,0.5692480918663274,0.6141274856159871,31,early
31430,30,0,0.5627385945993484,0.39001807874344097,31,early
31431,31,0,0.6352412879460747,0.42993115041174496,31,early
31432,32,0,0.5157770492717216,0.5395545515245072,31,early
31433,33,0,0.6223571639906358,0.5672896954330087,31,early
31434,34,0,0.31048992902919326,0.43612027434124573,31,early
31435,35,0,0.5475886163254662,0.5764127677879475,31,early
31436,36,0,0.8144772777143605,0.4279716067577446,31,early
31437,37,0,0.5813817483161466,0.46212242850639484,31,early
31438,38,0,0.510879842185064,0.46249927182923856,31,early
31439,39,0,0.3040584282840312,0.4569201231390396,31,early
31440,40,0,0.5801220485930856,0.4348327197286741,31,early
31441,41,0,0.42242156756341265,0.541824744008775,31,early
31442,42,0,0.37628669499621287,0.5485236006697884,31,early
31443,43,0,0.5734149585970785,0.52124120496577,31,early
31444,44,0,0.2773593151044147,0.4915325246844545,31,early
31445,45,0,0.3827153158136688,0.4375961522955163,31,early
31446,46,0,0.5247294660809282,0.3242183993922455,31,early
31447,47,0,0.46173636244832966,0.47532640485823074,31,early
31448,48,0,0.26224858797827977,0.41963395700970574,31,early
31449,49,0,0.5426156288417312,0.3851436550784967,31,early
31450,50,0,0.6011442542142462,0.48026089151983564,31,early
31451,51,0,0.5767639993022704,0.4846355187028904,31,early
31452,52,0,0.4529489514837193,0.5578401710564221,31,early
31453,53,0,0.5188327164971525,0.5390459062017077,31,early
31454,54,0,0.6461342154839274,0.46035336993557463,31,early
31455,55,0,0.5354156787905598,0.5861745478441446,31,early
31456,56,0,0.2818862201722219,0.4208195019384935,31,early
31457,57,0,0.3833622019201494,0.49566700562658894,31,early
31458,58,0,0.6333292298464961,0.43917455427733054,31,early
31459,59,0,0.539089976575831,0.416691731015312,31,early
31460,60,0,0.3913593879724467,0.5667349284088274,31,early
31461,61,0,0.41838668205624185,0.5138512535377611,31,early
31462,62,0,0.5959712800752572,0.4088631089646647,31,early
31463,63,0,0.3121547921184713,0.46588362330803557,31,early
31464,64,0,0.569167457305034,0.413111507158215,31,early
31465,65,0,0.3999966287208187,0.4544925984505268,31,early
31466,66,0,0.4771639357205058,0.45695900150496604,31,early
31467,67,0,0.43491534138152954,0.4638444554272734,31,early
31468,68,0,0.33282774643910545,0.45211673842553757,31,early
31469,69,0,0.35176753338973066,0.36481735210101235,31,early
31470,70,0,0.6319569703855206,0.3666434359806453,31,early
31471,71,0,0.5049588320175771,0.45943698640098884,31,early
31472,72,0,0.43049448204863205,0.5227322034450743,31,early
31473,73,0,0.36589357288251123,0.40585817411281866,31,early
31474,74,0,0.6464765102462833,0.38210197923825806,31,early
31475,75,0,0.31409093055347426,0.6172307214819274,31,early
31476,76,0,0.46687538706770926,0.37135774531996374,31,early
31477,77,0,0.4729784821578608,0.3109532795988862,31,early
31478,78,0,0.4771824132214816,0.6715689890954586,31,early
31479,79,0,0.5367054375715186,0.6674408266878444,31,early
31480,80,0,0.49059079470459765,0.6152566587801186,31,early
31481,81,0,0.3977977746989098,0.4949483749367444,31,early
31482,82,0,0.8568642848333217,0.42314402457776357,31,early
31483,83,0,0.6956224391273516,0.5183839925315831,31,early
31484,84,0,0.6977805587578663,0.3443744649549968,31,early
31485,85,0,0.32505063830530845,0.480045364680141,31,early
31486,86,0,0.3205970880886848,0.5070606552126276,31,early
31487,87,0,0.4028048511614224,0.3588540146636294,31,early
31488,88,0,0.3372770015671028,0.463519436652839,31,early
31489,89,0,0.5226228225132359,0.37851668969658625,31,early
31490,90,0,0.3595784092790182,0.6719167534459017,31,early
31491,91,0,0.4559427612870227,0.5761118800343052,31,early
31492,92,0,0.7077720689864331,0.47283273856028407,31,early
31493,93,0,0.4395344432228178,0.48730529047668136,31,early
31494,94,0,0.8449539504722616,0.4563392449478355,31,early
31495,95,0,0.3742446876021356,0.4663366618709361,31,early
31496,96,0,0.32389427312431335,0.461936807009103,31,early
31497,97,0,0.2703598622965889,0.5959910430201325,31,early
31498,98,0,0.7560632435004717,0.4827501816743853,31,early
31499,99,0,0.5854847678006305,0.49186224247736543,31,early
31500,100,0,0.2501724273096454,0.5471658008119813,31,early
31501,101,0,0.490601470737474,0.4375625336091241,31,early
31502,102,0,0.2817179089124419,0.44166858036201007,31,early
31503,103,0,0.46083985618379864,0.5810847533276537,31,early
31504,104,0,0.2030159818575143,0.4806615336014665,31,early
31505,105,0,0.45563378732110527,0.36486065050737926,31,early
31506,106,0,0.41499726656254365,0.4320080013704713,31,early
31507,107,0,0.6476604922678033,0.5053810069924407,31,early
31508,108,0,0.46822326964961675,0.42953929313962785,31,early
31509,109,0,0.6887946505781168,0.38263847203253126,31,early
31510,110,0,0.6463075402394092,0.3886442394841032,31,early
31511,111,0,0.6166678224639509,0.36649129687695703,31,early
31512,112,0,0.399244008515284,0.39343236873110254,31,early
31513,113,0,0.6369980210266646,0.381664545473084,31,early
31514,114,0,0.469162093521603,0.4206964122202924,31,early
31515,115,0,0.5930343606481832,0.43951378585221024,31,early
31516,116,0,0.5593686998107064,0.43317285672544914,31,early
31517,117,0,0.3710219155209186,0.4456297653205265,31,early
31518,118,0,0.7229418708703739,0.443698857471415,31,early
31519,119,0,0.3713501767986944,0.4506209192336095,31,early
31520,120,0,0.7408945722841578,0.6217755335707291,31,early
31521,121,0,0.24008504997692043,0.4092425056929385,31,early
31522,122,0,0.8481618873389472,0.3754779968713374,31,early
31523,123,0,0.3886232837494976,0.3961881667334666,31,early
31524,124,0,0.7354445857989051,0.32325651094207297,31,early
31525,125,0,0.4766326831952744,0.3848006274659461,31,early
31526,126,0,0.8309188748676986,0.3346147036848469,31,early
31527,127,0,0.4582491561411675,0.5283129980865869,31,early
31528,128,0,0.7258612888147102,0.47751545105416104,31,early
31529,129,0,0.45055693671766345,0.3798690370294492,31,early
31530,130,0,0.5450267626707368,0.5138388582887371,31,early
31531,131,0,0.4773334852992619,0.30214906562821925,31,early
31532,132,0,0.9361114031426203,0.461044636173029,31,early
31533,133,0,0.4240895543417074,0.3770088817924704,31,early
31534,134,0,0.8305804259689986,0.3321556175374136,31,early
31535,135,0,0.1630050032369422,0.5549386754035768,31,early
31536,136,0,0.503887674345207,0.3003424075309907,31,early
31537,137,0,0.38951149879404157,0.5113695105761482,31,early
31538,138,0,0.37965020189046694,0.42952694803890934,31,early
31539,139,0,0.4909800924386707,0.5455453104345558,31,early
31540,140,0,0.2272548567573476,0.37931435340161546,31,early
31541,141,0,0.4923149402661938,0.4621652206625545,31,early
31542,142,0,0.7022046744131227,0.3494325903703494,31,early
31543,143,0,0.495591721980969,0.38112201804565393,31,early
31544,144,0,0.8603250522542131,0.34423156932100796,31,early
31545,145,0,0.5186534271336278,0.40499360321912836,31,early
31546,146,0,0.7527741130978316,0.3789273499727763,31,early
31547,147,0,0.4411845117421206,0.41310965032000385,31,early
31548,148,0,0.699524709058996,0.4585606472596172,31,early
31549,149,0,0.44030407031144486,0.42965784395846557,31,early
31550,150,0,0.7932669115074574,0.3773564057983615,31,early
31551,151,0,0.5248686352610069,0.480861392711188,31,early
31552,152,0,0.18692795895738623,0.5610086007519561,31,early
31553,153,0,0.560700483379429,0.4544847896228632,31,early
31554,154,0,0.9181055345355125,0.2900033080763701,31,early
31555,155,0,0.4723201113792702,0.46565522631560713,31,early
31556,156,0,0.41715655259372586,0.42686301504704544,31,early
31557,157,0,0.2346228234486275,0.44535781310226197,31,early
31558,158,0,0.6976264253963377,0.2827038414878491,31,early
31559,159,0,0.4161864762141181,0.46813664935027627,31,early
31560,160,0,0.3667750171190821,0.4994395507272521,31,early
31561,161,0,0.895363197823289,0.39910567822332393,31,early
31562,162,0,0.47367019847655206,0.47659300028557183,31,early
31563,163,0,0.5104642942137592,0.4399282614928901,31,early
31564,164,0,0.2853797791255119,0.4694356630488926,31,early
31565,165,0,0.8023122310745385,0.393317356328377,31,early
31566,166,0,0.3561037977787153,0.5087814039406648,31,early
31567,167,0,0.7504795861734794,0.5440132047691382,31,early
31568,168,0,0.3309437874755321,0.4405437115424437,31,early
31569,169,0,0.4643014890140575,0.4263239545954891,31,early
31570,170,0,0.9274893577269653,0.5075365607376446,31,early
31571,171,0,0.3940905607242264,0.43077257575487793,31,early
31572,172,0,0.11579922375784532,0.3933415755530779,31,early
31573,173,0,0.5602064960136146,0.40970909973323955,31,early
31574,174,0,0.19962700968338884,0.4238894547241252,31,early
31575,175,0,0.7466031416107719,0.29331342063367005,31,early
31576,176,0,0.5560278277276112,0.4059177128307089,31,early
31577,177,0,0.8451667522692479,0.32416503579401124,31,early
31578,178,0,0.7318384601937573,0.46896680030461824,31,early
31579,179,0,0.373228896204658,0.4572616829911464,31,early
31580,180,0,0.39019430448611725,0.5008864584224338,31,early
31581,181,0,0.18292718245390982,0.48585278415617683,31,early
31582,182,0,0.5159279034154979,0.42984179377301884,31,early
31583,183,0,0.3225185131866725,0.460665477915308,31,early
31584,184,0,0.3026875077055754,0.4788502605148074,31,early
31585,185,0,0.44317202789691545,0.42150475739521287,31,early
31586,186,0,0.7129689000677906,0.45278021525741263,31,early
31587,187,0,0.7382456169839806,0.38990915851657726,31,early
31588,188,0,0.11256228607677796,0.5348708983932408,31,early
31589,189,0,0.5342496756591817,0.42327263917725866,31,early
31590,190,0,0.811024291834342,0.45681929361707974,31,early
31591,191,0,0.7461526808531221,0.36142803739655904,31,early
31592,192,0,0.793854836226729,0.3974177105832193,31,early
31593,193,0,0.6142014040042317,0.36442824582927114,31,early
31594,194,0,0.8963817035998711,0.4664111346477603,31,early
31595,195,0,0.7700349843564128,0.39566224518743176,31,early
31596,196,0,0.42493239221684437,0.4157185729169466,31,early
31597,197,0,0.21634015830687758,0.470534860513669,31,early
31598,198,0,0.5907569955378527,0.40353640816104097,31,early
31599,199,0,0.482825222523668,0.4216786671930211,31,early
31600,0,0,0.7084769538078433,0.6308144493264387,31,middle
31601,1,0,0.508892422599794,0.6391815182787295,31,middle
31602,2,1,0.4997921059438582,1.0751530556690585,31,middle
31603,3,2,0.5190051741325998,0.7101322424521426,31,middle
31604,4,3,0.4966907371817435,1.3240766147468235,31,middle
31605,5,2,0.5131402743720053,0.6819228339085582,31,middle
31606,6,2,0.07116287790114395,0.7095999861557394,31,middle
31607,7,2,0.5125533423084156,0.526468908252111,31,middle
31608,8,2,0.18029888874257205,0.6125558465111021,31,middle
31609,9,2,0.594689433112209,0.6172088774536169,31,middle
31610,10,4,0.6115492336961741,0.9418606396237169,31,middle
31611,11,2,0.5049383733315375,0.6291399296036888,31,middle
31612,12,2,0.7459450956606294,0.6894233524583302,31,middle
31613,13,2,0.6639427017400825,0.6720618345293603,31,middle
31614,14,2,0.10626581002620542,0.5694497568302104,31,middle
31615,15,0,0.4563247273999216,0.5907240331421664,31,middle
31616,16,2,0.06453829829962587,0.6137252551521031,31,middle
31617,17,2,0.631783425994888,0.6262383709902697,31,middle
31618,18,2,0.08925734361515492,0.6777658862103562,31,middle
31619,19,2,0.5594783275716445,0.4871523363829734,31,middle
31620,20,2,0.8548291147584774,0.4787266604274544,31,middle
31621,21,2,0.4603060134288848,0.4335748511558395,31,middle
31622,22,2,0.6817455744062579,0.5438171815835717,31,middle
31623,23,2,0.550985559131603,0.6654665177374129,31,middle
31624,24,2,0.7909814699969491,0.47257096130001786,31,middle
31625,25,2,0.40246120133050267,0.39164907756204825,31,middle
31626,26,2,0.2170198765051332,0.5664268757066302,31,middle
31627,27,2,0.6332272175153064,0.4804770398062751,31,middle
31628,28,2,0.15539434343778954,0.5538853997923612,31,middle
31629,29,2,0.6802278854032304,0.6464816445244126,31,middle
31630,30,2,0.7654749321009953,0.40186197871464463,31,middle
31631,31,2,0.32543341133878023,0.3725886114487552,31,middle
31632,32,2,0.700342511175207,0.48219148561194436,31,middle
31633,33,2,0.2786494532150591,0.3713059944885543,31,middle
31634,34,2,0.4265888680244873,0.5636810083422692,31,middle
31635,35,2,0.2265915932388524,0.34339050911687635,31,middle
31636,36,2,0.4866837457810224,0.6164760976776693,31,middle
31637,37,2,0.1145230904056067,0.5169583362782084,31,middle
31638,38,2,0.558116165784856,0.4213813627880164,31,middle
31639,39,2,0.7950376474210258,0.4714134224178341,31,middle
31640,40,2,0.49307301125258873,0.33692604737255516,31,middle
31641,41,2,0.43545635676243555,0.5426433031657507,31,middle
31642,42,2,0.6191226890656523,0.4426238497300622,31,middle
31643,43,2,0.59779768892756,0.3412974789011965,31,middle
31644,44,2,0.3820984581262439,0.5145344464537078,31,middle
31645,45,2,0.564509224391186,0.5867224600703037,31,middle
31646,46,2,0.3036012291889055,0.4350776772350875,31,middle
31647,47,2,0.4480496238953986,0.3358418743180632,31,middle
31648,48,2,0.46034417946200645,0.6501138417498027,31,middle
31649,49,2,0.6034879300192695,0.442519195125362,31,middle
31650,50,2,0.4154637674592604,0.40365551408335093,31,middle
31651,51,2,0.4731095973612088,0.43746032194604345,31,middle
31652,52,2,0.480394360804788,0.3645200286506344,31,middle
31653,53,2,0.5650920939984554,0.4005504311490195,31,middle
31654,54,2,0.4740668992730284,0.6842730838022104,31,middle
31655,55,2,0.7258623007096979,0.4969416093955328,31,middle
31656,56,2,0.6866280583940026,0.4481545319845035,31,middle
31657,57,2,0.7649505607487063,0.4435465006040522,31,middle
31658,58,2,0.615033038888249,0.46244382821965296,31,middle
31659,59,2,0.22503719723696886,0.5140113520268458,31,middle
31660,60,2,0.7379523184451503,0.44985475596419655,31,middle
31661,61,2,0.6696636211145217,0.4515659739793187,31,middle
31662,62,2,0.4069252647565619,0.47315582373228765,31,middle
31663,63,2,0.7997659208599868,0.3290880239679024,31,middle
31664,64,2,0.6799506277408789,0.3603314407032563,31,middle
31665,65,2,0.27946725699289254,0.5486833032063456,31,middle
31666,66,2,0.27062432035801887,0.5053061610712255,31,middle
31667,67,2,0.5717351613232349,0.39913614294764144,31,middle
31668,68,2,0.49366545918000276,0.40148985128615056,31,middle
31669,69,2,0.5199664682331337,0.3628406379600232,31,middle
31670,70,2,0.33267883463786246,0.4709622570518985,31,middle
31671,71,2,0.339772110267332,0.45703491577656485,31,middle
31672,72,2,0.5085656573975419,0.37400643956488566,31,middle
31673,73,2,0.6907087474689436,0.5260967928314726,31,middle
31674,74,2,0.6211608223570677,0.4545911231721189,31,middle
31675,75,2,0.43135843848271993,0.34481264401585066,31,middle
31676,76,2,0.3732484581726384,0.407690231388335,31,middle
31677,77,2,0.41126740079698815,0.4933973523532469,31,middle
31678,78,2,0.5994841835197582,0.4837124364098037,31,middle
31679,79,2,0.6832917644600891,0.4465811970397059,31,middle
31680,80,2,0.2739881941747534,0.4028302473380875,31,middle
31681,81,2,0.7645290460505537,0.4162783359372937,31,middle
31682,82,2,0.6614399439031223,0.4660703706292956,31,middle
31683,83,2,0.17511359432383644,0.4747607048495642,31,middle
31684,84,2,0.07335993547777878,0.5771040867088552,31,middle
31685,85,2,0.9185882863984496,0.39292436183636803,31,middle
31686,86,2,0.8128928064230052,0.32732046060318964,31,middle
31687,87,2,0.14698617138946987,0.45669186282059243,31,middle
31688,88,2,0.8363803013769243,0.38795904590315405,31,middle
31689,89,2,0.8073119648572757,0.31243336679609063,31,middle
31690,90,2,0.1197221505396453,0.521220723933114,31,middle
31691,91,2,0.8566084208036089,0.2608796582944627,31,middle
31692,92,2,0.8666086617496647,0.43620330078634556,31,middle
31693,93,2,0.8544942910850255,0.3665414624044078,31,middle
31694,94,2,0.8187467658643102,0.3225377669611891,31,middle
31695,95,2,0.12990633340886612,0.39838124837304917,31,middle
31696,96,2,0.747871025531188,0.4132444183888296,31,middle
31697,97,2,0.25190497340212403,0.3973668255616754,31,middle
31698,98,2,0.17247442948066397,0.4709603262363036,31,middle
31699,99,2,0.16539532368212942,0.47815064608474606,31,middle
31700,100,2,0.8688103968945461,0.4309312126257191,31,middle
31701,101,2,0.1118136450300876,0.3861594283730121,31,middle
31702,102,2,0.16655571763993374,0.3910700609020409,31,middle
31703,103,2,0.155854559480189,0.38466245774376473,31,middle
31704,104,2,0.14290645934105062,0.412328278337954,31,middle
31705,105,2,0.09332742204961333,0.5774413788713633,31,middle
31706,106,2,0.08874738452811011,0.4285741986054924,31,middle
31707,107,2,0.12057924385258027,0.4071500393632439,31,middle
31708,108,2,0.08455715055900576,0.4035171282067325,31,middle
31709,109,2,0.858000407879273,0.4911875340525069,31,middle
31710,110,2,0.08561019595202984,0.5279916841395407,31,middle
31711,111,2,0.8868627002194295,0.3564737129610419,31,middle
31712,112,2,0.9008329230648326,0.2403975051390611,31,middle
31713,113,2,0.8590618994251995,0.3710268148835874,31,middle
31714,114,2,0.8319194585337237,0.3384016946294843,31,middle
31715,115,2,0.2111510759113291,0.5148541922426662,31,middle
31716,116,2,0.8302940620434994,0.49094519868029396,31,middle
31717,117,2,0.1112816510514656,0.349553684829108,31,middle
31718,118,2,0.9518627840863025,0.367547744602566,31,middle
31719,119,2,0.9540020748885334,0.39599828741366916,31,middle
31720,120,2,0.516553568801191,0.42024673849792227,31,middle
31721,121,2,0.06963601345662908,0.5019048852540747,31,middle
31722,122,2,0.4270285294687435,0.5632342544914696,31,middle
31723,123,2,0.9282823907228988,0.25587262149889517,31,middle
31724,124,2,0.4484809121274255,0.4643080518672794,31,middle
31725,125,2,0.13912527200881147,0.3572539311592543,31,middle
31726,126,2,0.5403533760300652,0.3609816088032918,31,middle
31727,127,2,0.8785169375327779,0.3213547158741961,31,middle
31728,128,2,0.6009109829672646,0.4115172456199945,31,middle
31729,129,2,0.12050760292996612,0.5470585689282933,31,middle
31730,130,2,0.4724818641853294,0.44960785679395643,31,middle
31731,131,2,0.13337720285293078,0.5073409263165305,31,middle
31732,132,2,0.554739819794197,0.4584024163260516,31,middle
31733,133,2,0.7856999929855333,0.449310982616,31,middle
31734,134,2,0.4030803007188414,0.33238990980714433,31,middle
31735,135,2,0.8395348301308182,0.39658939597790716,31,middle
31736,136,2,0.5683475289234199,0.3903998421187095,31,middle
31737,137,2,0.1425808766581684,0.4705326118711185,31,middle
31738,138,2,0.6322238920555043,0.46622823504490585,31,middle
31739,139,2,0.8269886142882077,0.46201709314464784,31,middle
31740,140,2,0.3846582399743168,0.522702833987104,31,middle
31741,141,2,0.15290911163047557,0.5484860838266244,31,middle
31742,142,2,0.523755832727587,0.32315069668674357,31,middle
31743,143,2,0.09742715696532583,0.41392998306650264,31,middle
31744,144,2,0.4517099370143127,0.44047562890639447,31,middle
31745,145,2,0.09027284894933872,0.49126500016604,31,middle
31746,146,2,0.43149873811321154,0.5069557331319112,31,middle
31747,147,2,0.7788461365097153,0.37036158362195903,31,middle
31748,148,2,0.3625316102468019,0.382923265769892,31,middle
31749,149,2,0.1402428352303207,0.4485349380194425,31,middle
31750,150,2,0.5671349103771444,0.5635440948695711,31,middle
31751,151,2,0.1503152662559899,0.46081503594078643,31,middle
31752,152,2,0.5617042778861133,0.40093783589966914,31,middle
31753,153,2,0.1466642845988046,0.33759565381322676,31,middle
31754,154,2,0.5496357000204742,0.5166133987459339,31,middle
31755,155,2,0.8478696926864149,0.38615431782167287,31,middle
31756,156,2,0.4128568282488558,0.39379447010064256,31,middle
31757,157,2,0.8496421274712799,0.3938495745423598,31,middle
31758,158,2,0.5275479513902017,0.36177290859756706,31,middle
31759,159,2,0.15873834209646126,0.4120946288718156,31,middle
31760,160,2,0.4180366225703631,0.42770302464416854,31,middle
31761,161,2,0.4335418526896022,0.5497514435266468,31,middle
31762,162,2,0.8626406270771985,0.3804667975486553,31,middle
31763,163,2,0.10849329078390489,0.3060499429400919,31,middle
31764,164,2,0.532672809040164,0.4943719649162324,31,middle
31765,165,2,0.5414000591530859,0.46155983418829993,31,middle
31766,166,2,0.8670616224437427,0.40602194271184594,31,middle
31767,167,2,0.4438877728832844,0.6032930808043201,31,middle
31768,168,2,0.5531612075110464,0.49174655206516005,31,middle
31769,169,2,0.8483670466827281,0.35035966183912015,31,middle
31770,170,2,0.54595586112087,0.34776111454316094,31,middle
31771,171,2,0.8920517911136474,0.38145172727768206,31,middle
31772,172,2,0.5532683607008644,0.35880131183507646,31,middle
31773,173,2,0.8725309315707729,0.3824946159724907,31,middle
31774,174,2,0.44014001384104023,0.45269645005349046,31,middle
31775,175,2,0.37622388658629324,0.3929260635796472,31,middle
31776,176,2,0.2284877319851945,0.6376073460835587,31,middle
31777,177,2,0.27614547777639603,0.5252367772208721,31,middle
31778,178,2,0.2594840243665936,0.41644352862709916,31,middle
31779,179,2,0.8012249045490832,0.38843822687878615,31,middle
31780,180,2,0.43643271686083773,0.34565030437130234,31,middle
31781,181,2,0.537567147181966,0.5243089914251845,31,middle
31782,182,2,0.5682641309680695,0.40812718016638255,31,middle
31783,183,2,0.5226282459455115,0.5887691731164562,31,middle
31784,184,2,0.8104172888297745,0.3771857014608372,31,middle
31785,185,2,0.6843772911421608,0.5589517422221773,31,middle
31786,186,2,0.1985843783471313,0.4886790046062633,31,middle
31787,187,2,0.7589422350784164,0.39913875391226716,31,middle
31788,188,2,0.7134572236634206,0.34894700357216624,31,middle
31789,189,2,0.41054331512004916,0.36452268976298297,31,middle
31790,190,2,0.6990506743964083,0.345378620220934,31,middle
31791,191,2,0.3571925996446086,0.28949005719279497,31,middle
31792,192,2,0.762527060846431,0.26355261943794683,31,middle
31793,193,2,0.6056451854412132,0.40010474724625156,31,middle
31794,194,2,0.7335404605600665,0.4466933526203255,31,middle
31795,195,2,0.7392070430545575,0.4242224219081683,31,middle
31796,196,2,0.26020884844099373,0.3901871456863435,31,middle
31797,197,2,0.1604975741800684,0.5095740449882431,31,middle
31798,198,2,0.331339355808818,0.4337534345610762,31,middle
31799,199,2,0.35324415262634123,0.2949261628010673,31,middle
31800,0,0,0.24698894654169928,0.6738977625379469,31,late
31801,1,1,0.7481335600462042,1.1953440194355878,31,late
31802,2,0,0.36402609515483253,0.5440920575991682,31,late
31803,3,0,0.17688990448288489,0.5807047914698557,31,late
31804,4,2,0.3202843209436357,0.6583292472454422,31,late
31805,5,2,0.1354039431123861,0.6582411269432284,31,late
31806,6,3,0.47752757644057864,0.8531647611058248,31,late
31807,7,4,0.23934214007915866,0.93485013241498,31,late
31808,8,5,0.4257428141627522,1.1599026782833222,31,late
31809,9,6,0.20398220437241604,1.2143950749071182,31,late
31810,10,7,0.27705858463670824,1.0873861048874103,31,late
31811,11,8,0.006152225523404904,1.3541859604928725,31,late
31812,12,9,0.33794595880917366,1.1658453805497309,31,late
31813,13,10,0.4982874984747166,1.121591270156182,31,late
31814,14,11,0.4204778966899626,0.8223687039410854,31,late
31815,15,12,0.49491873295357347,1.1272472936314237,31,late
31816,16,13,0.5017484027607344,0.750691912915977,31,late
31817,17,14,0.4944117076979865,1.2206276805445213,31,late
31818,18,0,0.6191441484732535,0.5583555871920152,31,late
31819,19,0,0.6114756750513284,0.4467824172234256,31,late
31820,20,0,0.33420594730633996,0.6161864656560074,31,late
31821,21,15,0.6723859153641301,0.6445966125333498,31,late
31822,22,16,0.4998737641755081,1.0485243450909358,31,late
31823,23,17,0.9998381053755808,0.7525168712875323,31,late
31824,24,0,0.31006702254653595,0.5308155901941318,31,late
31825,25,18,0.6177902865433917,0.6961807137577174,31,late
31826,26,19,0.36098481604135135,0.9399518630475086,31,late
31827,27,0,0.37181549013342075,0.4645812013149383,31,late
31828,28,2,0.3352281766960163,0.6077384719025206,31,late
31829,29,20,0.018680875166445773,1.083510992421386,31,late
31830,30,2,0.6601711487944092,0.6025984703852783,31,late
31831,31,9,0.6308917330277584,0.5045470874616754,31,late
31832,32,0,0.4237109653504676,0.5323739524880058,31,late
31833,33,21,0.48212885698225705,1.0458049891995602,31,late
31834,34,0,0.37658900959023645,0.7095684634057464,31,late
31835,35,18,0.6057577725403874,0.7282284122806505,31,late
31836,36,9,0.9163534874391491,0.7640462918514852,31,late
31837,37,22,0.1039142467376757,0.737933692821197,31,late
31838,38,0,0.400012574219679,0.6758033839626958,31,late
31839,39,0,0.7765664914555235,0.5496284556864031,31,late
31840,40,18,0.7326684318259371,0.7134397601389615,31,late
31841,41,18,0.7082767260147924,0.6897765307631156,31,late
31842,42,0,0.5608568980543857,0.6004930831600162,31,late
31843,43,0,0.4616493908456894,0.5243587845020465,31,late
31844,44,2,0.7061935271805047,0.4167616363864597,31,late
31845,45,9,0.6233312824568747,0.6807823263225858,31,late
31846,46,23,0.0008374064308873413,0.9386813436448364,31,late
31847,47,24,0.4372193739836093,1.011747627450391,31,late
31848,48,18,0.677784708882184,0.610387067204838,31,late
31849,49,25,0.31807751889071884,0.9332462211289254,31,late
31850,50,2,0.725914392757075,0.6047057105053816,31,late
31851,51,0,0.8448150524589617,0.6505128512758118,31,late
31852,52,0,0.4522233652993827,0.6762895892021383,31,late
31853,53,0,0.6361722734622086,0.5431142154991598,31,late
31854,54,0,0.5795775372202672,0.53688455357725,31,late
31855,55,0,0.4157207569567385,0.5184056614755531,31,late
31856,56,2,0.6541340374998799,0.511172148195723,31,late
31857,57,26,0.4999911462193468,0.9831878287022351,31,late
31858,58,2,0.6747252183914757,0.5291240579690066,31,late
31859,59,0,0.5965275654067765,0.6023926073899736,31,late
31860,60,0,0.39605204210919176,0.4499345644505719,31,late
31861,61,0,0.19109459174965726,0.4850106282468374,31,late
31862,62,0,0.5346381947500292,0.6619232777166815,31,late
31863,63,0,0.6189634278094285,0.636134542236353,31,late
31864,64,0,0.5188236566685289,0.5525119246382076,31,late
31865,65,0,0.6491799677884389,0.36078876288064443,31,late
31866,66,0,0.2919626520727465,0.721062420835906,31,late
31867,67,0,0.4958326758314236,0.4585078133762338,31,late
31868,68,0,0.3239862145656159,0.5145957848009399,31,late
31869,69,0,0.4699443800903276,0.5209620683986417,31,late
31870,70,0,0.5942150535063503,0.6012057981846509,31,late
31871,71,0,0.38961253273622387,0.3163737479840621,31,late
31872,72,2,0.7054632459225694,0.427442759105055,31,late
31873,73,13,0.9984534689092479,0.6682241713421566,31,late
31874,74,0,0.6100501209828193,0.47079583168068967,31,late
31875,75,0,0.40190483364804297,0.3670904102219791,31,late
31876,76,0,0.3209071255254797,0.5786641051556236,31,late
31877,77,0,0.562300385318499,0.6143534114395215,31,late
31878,78,0,0.624891510110917,0.45091279262311257,31,late
31879,79,0,0.5286720386124777,0.4964162577927685,31,late
31880,80,0,0.19997307218166932,0.5278700613075424,31,late
31881,81,2,0.7281832932407524,0.4310448522034382,31,late
31882,82,0,0.7944510748780516,0.41645544444265864,31,late
31883,83,0,0.23687585935360028,0.47883706944702953,31,late
31884,84,0,0.7875379648961179,0.3710415007476481,31,late
31885,85,0,0.23438954318727487,0.40282357395550744,31,late
31886,86,0,0.8135676125343481,0.41985297695890234,31,late
31887,87,0,0.6551384338190075,0.3741144881434488,31,late
31888,88,0,0.7350273684211559,0.5201225817454558,31,late
31889,89,0,0.7978790137433177,0.6048986496026736,31,late
31890,90,0,0.20084682427070433,0.3688247046104609,31,late
31891,91,0,0.19096297116005362,0.308086933846018,31,late
31892,92,0,0.8569197566616842,0.37977557690927377,31,late
31893,93,0,0.8389908688242961,0.4443731595228172,31,late
31894,94,0,0.1749875884993642,0.554915184749327,31,late
31895,95,0,0.87853753337646,0.44955353335039416,31,late
31896,96,0,0.8672787107757773,0.3226554390514438,31,late
31897,97,0,0.1925009230906966,0.48433984774193317,31,late
31898,98,0,0.8489828398252012,0.3292602786702813,31,late
31899,99,0,0.09360838755173494,0.5392866910193507,31,late
31900,100,0,0.8501606696830009,0.4685364489224828,31,late
31901,101,0,0.11064495202168598,0.48804941510055144,31,late
31902,102,0,0.8450352947546538,0.3571385094887558,31,late
31903,103,0,0.19579516226095828,0.47459915215211235,31,late
31904,104,0,0.24175750000228352,0.5645893280743087,31,late
31905,105,0,0.7219234241024297,0.43214185756359325,31,late
31906,106,0,0.7635413244885938,0.3979401545541293,31,late
31907,107,0,0.7644346281124301,0.38480648987013333,31,late
31908,108,0,0.8719132383469959,0.4050383973248672,31,late
31909,109,0,0.8392520489734563,0.2033361678799069,31,late
31910,110,0,0.2822263975126877,0.4472001287571471,31,late
31911,111,0,0.16002556946627028,0.49631651820798,31,late
31912,112,0,0.8577712465773344,0.4043005643170908,31,late
31913,113,0,0.13572367112693243,0.4409896638182179,31,late
31914,114,0,0.22697328709770268,0.44119248925477783,31,late
31915,115,0,0.8443523072832515,0.40431302399358304,31,late
31916,116,0,0.6784742851385184,0.4391840770135703,31,late
31917,117,0,0.17697924421804356,0.42749015696260073,31,late
31918,118,0,0.6497506390559644,0.5452747287724706,31,late
31919,119,0,0.1283578091705919,0.6172418085683091,31,late
31920,120,0,0.3848389984111415,0.3901631610194063,31,late
31921,121,0,0.5414491167586212,0.3541658071428473,31,late
31922,122,0,0.6091290753952942,0.5404890409866254,31,late
31923,123,0,0.5619029686955629,0.31365331396144164,31,late
31924,124,0,0.5045554489182985,0.4391330235279023,31,late
31925,125,0,0.46083997483707934,0.4498258443189376,31,late
31926,126,0,0.4470634294804494,0.4464139405893106,31,late
31927,127,0,0.6195696039893162,0.424725380916098,31,late
31928,128,0,0.34651717728215375,0.3467933209436573,31,late
31929,129,0,0.3567248929565825,0.33540478246812716,31,late
31930,130,0,0.33471952852173836,0.43799825167991446,31,late
31931,131,0,0.5513896218543575,0.5623275196905292,31,late
31932,132,0,0.4784226623708271,0.4481502760208872,31,late
31933,133,0,0.4967152366664644,0.4445900614248446,31,late
31934,134,0,0.5661952851815627,0.40736193522135944,31,late
31935,135,0,0.4928290598637751,0.29298188879954157,31,late
31936,136,0,0.6551866439505327,0.4343830745293995,31,late
31937,137,0,0.5532847369878592,0.5347787686334396,31,late
31938,138,0,0.5143115215624907,0.4429837567138803,31,late
31939,139,0,0.49054454504181255,0.40574496844619545,31,late
31940,140,0,0.7660321717177709,0.558088174925899,31,late
31941,141,0,0.44999218342119596,0.40185187202096573,31,late
31942,142,0,0.49588464386810466,0.359428196460141,31,late
31943,143,0,0.4699469429155181,0.5288495771276517,31,late
31944,144,0,0.5648228220421755,0.5382118058957538,31,late
31945,145,0,0.5544696416934523,0.43411300856665325,31,late
31946,146,0,0.5552800355306632,0.3685803937038912,31,late
31947,147,0,0.44719164986307447,0.4288482527771964,31,late
31948,148,0,0.32844548084942415,0.43325006894008933,31,late
31949,149,0,0.5737898056689835,0.4483912195318902,31,late
31950,150,0,0.6027343830873586,0.4011099068473497,31,late
31951,151,0,0.45619909149188126,0.4130994214727638,31,late
31952,152,0,0.47078198357977646,0.38731469889571624,31,late
31953,153,0,0.5447256935967808,0.3265935637306258,31,late
31954,154,0,0.4265571612212967,0.526652195221905,31,late
31955,155,0,0.5769763852796557,0.3851883642095031,31,late
31956,156,0,0.6946048802928801,0.46651287565142946,31,late
31957,157,0,0.5301347487109203,0.4448136805777012,31,late
31958,158,0,0.5932552195837033,0.33148277039169094,31,late
31959,159,0,0.5909457052576124,0.4124169791186808,31,late
31960,160,0,0.6653099959774567,0.4839723240609213,31,late
31961,161,0,0.39257147060809605,0.6116181312279225,31,late
31962,162,0,0.2509914264388665,0.37174505716616135,31,late
31963,163,0,0.25630322777684944,0.46765137187353456,31,late
31964,164,0,0.49127106649062025,0.4233217062491257,31,late
31965,165,0,0.6902097242014558,0.6555660533138186,31,late
31966,166,0,0.43631801676629556,0.38121535671571743,31,late
31967,167,0,0.7725829648884242,0.29626390932266017,31,late
31968,168,0,0.755865317146784,0.3899509799561742,31,late
31969,169,0,0.31855069573194617,0.5674670429419439,31,late
31970,170,0,0.5576063701568372,0.4277989596928373,31,late
31971,171,0,0.5909798462275455,0.3632134752129446,31,late
31972,172,0,0.2889193141445293,0.4085795082870022,31,late
31973,173,0,0.1666804453554121,0.5012573423697959,31,late
31974,174,0,0.4669594220937139,0.41844963883771125,31,late
31975,175,0,0.7674142005730856,0.4772058069367513,31,late
31976,176,0,0.2121286463975497,0.5155651527025107,31,late
31977,177,0,0.47759747816290177,0.4239076048539988,31,late
31978,178,0,0.48338223417123893,0.43031691759045976,31,late
31979,179,0,0.16649378778973778,0.4412922700230639,31,late
31980,180,0,0.5152606738644434,0.4514808691939455,31,late
31981,181,0,0.21732345872326483,0.3706857640750296,31,late
31982,182,0,0.7144873129494327,0.478033924108747,31,late
31983,183,0,0.3124526347468462,0.4562368836067022,31,late
31984,184,0,0.1325386891042899,0.5691975384557699,31,late
31985,185,0,0.2060620808988445,0.3073025672560644,31,late
31986,186,0,0.449152989416693,0.2576083476079022,31,late
31987,187,0,0.5518678044352281,0.4707859548397737,31,late
31988,188,0,0.5317915512739279,0.3983144472089327,31,late
31989,189,0,0.6546531612081066,0.3214514050655787,31,late
31990,190,0,0.23212752222856875,0.3499851910566881,31,late
31991,191,0,0.3256296335986459,0.4706849232136545,31,late
31992,192,0,0.22121663254028304,0.3612568358972281,31,late
31993,193,0,0.4377689150047924,0.40029057612027097,31,late
31994,194,0,0.12186130481022063,0.6130524996388687,31,late
31995,195,0,0.5727561176082496,0.37942869686556946,31,late
31996,196,0,0.5749580542894163,0.3934338527890979,31,late
31997,197,0,0.25081206738497414,0.5611596473472804,31,late
31998,198,0,0.606940621859648,0.35403044686603025,31,late
31999,199,0,0.6437332619779421,0.43826030414361883,31,late
32000,0,0,0.9151393225151896,0.8848243975830434,32,interleaved
32001,1,1,0.4259123492994081,1.011377796666191,32,interleaved
32002,2,2,0.47864162527698406,0.7990865613894411,32,interleaved
32003,3,2,0.9797304120140913,0.6430118198746746,32,interleaved
32004,4,3,0.5149546703450147,0.901218434424779,32,interleaved
32005,5,4,0.019588676415008756,1.362047250467961,32,interleaved
32006,6,5,0.0937515247921085,0.7104090363688732,32,interleaved
32007,7,6,0.09257497933361102,1.1957662539326388,32,interleaved
32008,8,7,0.07497125801114786,1.1538141999856002,32,interleaved
32009,9,8,0.6762365952606378,1.1572292804261324,32,interleaved
32010,10,0,0.8856386626254036,0.659621897595627,32,interleaved
32011,11,0,0.5532716516337622,0.6255889861685116,32,interleaved
32012,12,0,0.0725028787821383,0.6047810277895553,32,interleaved
32013,13,9,0.613756316966227,0.700245765575561,32,interleaved
32014,14,10,0.2924658489807101,0.6952801981178196,32,interleaved
32015,15,0,0.41878375303363785,0.6491792633727504,32,interleaved
32016,16,0,0.1650990884117036,0.6811984643218019,32,interleaved
32017,17,0,0.5718946612902452,0.5821999645779203,32,interleaved
32018,18,0,0.15296663156141063,0.7269053926370302,32,interleaved
32019,19,11,0.5937764882066052,1.0981419178365641,32,interleaved
32020,20,0,0.8534395390398954,0.6148861032071216,32,interleaved
32021,21,0,0.5380991546454756,0.6066146697189353,32,interleaved
32022,22,0,0.8374408666081596,0.6203045227509544,32,interleaved
32023,23,12,0.42413333234778844,0.8243220845990135,32,interleaved
32024,24,0,0.5551789291253786,0.6115201041573496,32,interleaved
32025,25,0,0.4249246259136853,0.5723341604249315,32,interleaved
32026,26,0,0.7275263467964311,0.5860015216056984,32,interleaved
32027,27,0,0.5872560413028541,0.6555905764039445,32,interleaved
32028,28,0,0.18549725638746464,0.642052233279078,32,interleaved
32029,29,0,0.4580763305346945,0.6649655843279505,32,interleaved
32030,30,0,0.13221005657199256,0.7056746175543455,32,interleaved
32031,31,0,0.6194832266549811,0.37472998620052156,32,interleaved
32032,32,0,0.2913469136855423,0.603958268599218,32,interleaved
32033,33,0,0.6051489547404235,0.8255637669085188,32,interleaved
32034,34,0,0.23550388704627762,0.9053859411991474,32,interleaved
32035,35,0,0.7129252107566142,0.5092356014559837,32,interleaved
32036,36,0,0.18855854094068722,0.6361580653131758,32,interleaved
32037,37,0,0.3660859809677492,0.5288428652207133,32,interleaved
32038,38,0,0.17513666486390045,0.6341306156098495,32,interleaved
32039,39,0,0.32879663044663876,0.5210885350152685,32,interleaved
32040,40,0,0.17292818178834451,0.5381239064725387,32,interleaved
32041,41,0,0.4311602340110648,0.42191877984600457,32,interleaved
32042,42,0,0.22859840941628218,0.5780671117364966,32,interleaved
32043,43,0,0.7443527826298744,0.5085469988255895,32,interleaved
32044,44,0,0.33269898097660994,0.7347937017758257,32,interleaved
32045,45,0,0.7449088308436655,0.5893541716882551,32,interleaved
32046,46,0,0.47402130250484953,1.000642204269364,32,interleaved
32047,47,0,0.33801421166228285,0.6292962113871265,32,interleaved
32048,48,0,0.45154306716126213,0.41830608022959215,32,interleaved
32049,49,0,0.684753153942787,0.43680207721594017,32,interleaved
32050,50,0,0.26602434951293613,0.5201458261291432,32,interleaved
32051,51,0,0.2903608313778355,0.6434080406882698,32,interleaved
32052,52,0,0.5897868454368672,0.43337771889765453,32,interleaved
32053,53,0,0.7504064114942746,0.5249911840662252,32,interleaved
32054,54,0,0.3281663606230587,0.5184470628444011,32,interleaved
32055,55,0,0.8357499898711487,0.5495099301390801,32,interleaved
32056,56,0,0.1946279346715974,0.5447415191419869,32,interleaved
32057,57,0,0.6353483908098675,0.5601043291099694,32,interleaved
32058,58,0,0.2264596729411745,0.4501238796214768,32,interleaved
32059,59,0,0.6549639561471297,0.5430256543677372,32,interleaved
32060,60,0,0.621215137738284,0.5498816385913747,32,interleaved
32061,61,0,0.772578885679948,0.35350671981681125,32,interleaved
32062,62,0,0.6881545111545473,0.5054914262522323,32,interleaved
32063,63,0,0.26070337628996076,0.7506803442560346,32,interleaved
32064,64,0,0.6342142390497109,0.3589127489018892,32,interleaved
32065,65,0,0.7295625564609636,0.46187611880357454,32,interleaved
32066,66,0,0.5619829171828195,0.6030846520351043,32,interleaved
32067,67,0,0.7136288054897115,0.619336739291489,32,interleaved
32068,68,0,0.520561836748171,0.45987310394198977,32,interleaved
32069,69,0,0.251255485822022,0.5380788868339539,32,interleaved
32070,70,0,0.44859227882779656,0.6237164161795268,32,interleaved
32071,71,0,0.7906700238499913,0.5376113148246833,32,interleaved
32072,72,0,0.6594024064337336,0.5394780756701267,32,interleaved
32073,73,0,0.4012271824439674,0.41666206376020143,32,interleaved
32074,74,0,0.2600135718623416,0.5621597048468383,32,interleaved
32075,75,0,0.7246360491249997,0.40646038494139336,32,interleaved
32076,76,0,0.36150083766532737,0.4737467565447102,32,interleaved
32077,77,0,0.2581920729685633,0.5375926360301531,32,interleaved
32078,78,0,0.4655566299284196,0.4081681982486912,32,interleaved
32079,79,0,0.27647309099547224,0.4959175329590706,32,interleaved
32080,80,0,0.446738773663672,0.4234862076102176,32,interleaved
32081,81,0,0.25271513386531413,0.4067206558250169,32,interleaved
32082,82,0,0.49262611913832716,0.42315549427974486,32,interleaved
32083,83,0,0.7771219519502857,0.40392589309755966,32,interleaved
32084,84,0,0.4089599307474099,0.6712587832522987,32,interleaved
32085,85,0,0.747651817157361,0.44522470983147533,32,interleaved
32086,86,0,0.4135583266978239,0.6373768019725268,32,interleaved
32087,87,0,0.6385797576769319,0.6276858649971536,32,interleaved
32088,88,0,0.32667132352261025,0.5777750573409393,32,interleaved
32089,89,0,0.6182735962515382,0.5189204895722537,32,interleaved
32090,90,0,0.4689916761855678,0.4017273699408561,32,interleaved
32091,91,0,0.36260485887350763,0.29119940252493165,32,interleaved
32092,92,0,0.6610988451635484,0.3736949125217184,32,interleaved
32093,93,0,0.3552503459669653,0.5736157572742472,32,interleaved
32094,94,0,0.5262081011976377,0.5118253466226614,32,interleaved
32095,95,0,0.42216129258513857,0.6492892052166088,32,interleaved
32096,96,0,0.290827334449622,0.4836821668769654,32,interleaved
32097,97,0,0.5774188532131109,0.4456360240973331,32,interleaved
32098,98,0,0.45498786151197734,0.41646527349316986,32,interleaved
32099,99,0,0.512632700321227,0.4264181916299553,32,interleaved
32100,100,0,0.6577582825174313,0.30991945423595757,32,interleaved
32101,101,0,0.5101093262876122,0.4190037935890505,32,interleaved
32102,102,0,0.4366033459888199,0.5122454846755624,32,interleaved
32103,103,0,0.4330956429362991,0.5532066384578022,32,interleaved
32104,104,0,0.5094242032288334,0.40099001718110067,32,interleaved
32105,105,0,0.5637796143764736,0.4891380738778005,32,interleaved
32106,106,0,0.43170136855174857,0.4424143053758196,32,interleaved
32107,107,0,0.5998501805928981,0.436958367259052,32,interleaved
32108,108,0,0.43143412784595053,0.5629952938829734,32,interleaved
32109,109,0,0.48474521219981703,0.5972891055999024,32,interleaved
32110,110,0,0.5840584418240762,0.6171362909171538,32,interleaved
32111,111,0,0.5233857230449789,0.5219928218487412,32,interleaved
32112,112,0,0.5439340925607954,0.5372199086525974,32,interleaved
32113,113,0,0.5547829511815109,0.46469985704353445,32,interleaved
32114,114,0,0.44982478319824526,0.42769984228499697,32,interleaved
32115,115,0,0.6604695590001282,0.6917941404118941,32,interleaved
32116,116,0,0.7536545770744236,0.5086368704969242,32,interleaved
32117,117,0,0.5984749698785804,0.4924016292232943,32,interleaved
32118,118,0,0.3058976842973234,0.45462582111214206,32,interleaved
32119,119,0,0.4580390323358989,0.586079466474716,32,interleaved
32120,120,0,0.41047214403094295,0.37754905098886615,32,interleaved
32121,121,0,0.5235737488064923,0.5392571276933443,32,interleaved
32122,122,0,0.4341822856813031,0.5147284641665734,32,interleaved
32123,123,0,0.603751197250702,0.5212269639210922,32,interleaved
32124,124,0,0.2642040930955276,0.5441440399733906,32,interleaved
32125,125,0,0.40640088074202907,0.5133280076058111,32,interleaved
32126,126,0,0.6129747031929544,0.3977949446503458,32,interleaved
32127,127,0,0.3125108920900313,0.48906466149699845,32,interleaved
32128,128,0,0.5019044561415715,0.5218720015044547,32,interleaved
32129,129,0,0.6632264355563456,0.5867015678859033,32,interleaved
32130,130,0,0.24564597960333967,0.5578315525021097,32,interleaved
32131,131,0,0.3918601571912659,0.4791536312584598,32,interleaved
32132,132,0,0.43334869057807057,0.4167536634396702,32,interleaved
32133,133,0,0.35088095215698345,0.2999713092779254,32,interleaved
32134,134,0,0.7129429878685177,0.4385551625078123,32,interleaved
32135,135,0,0.6646012785347847,0.5017916078870648,32,interleaved
32136,136,0,0.2945501123414018,0.4750298810764977,32,interleaved
32137,137,0,0.41173738470134674,0.648659469352725,32,interleaved
32138,138,0,0.5075653777133727,0.38111272245613936,32,interleaved
32139,139,0,0.5856252665326769,0.4612491710152762,32,interleaved
32140,140,0,0.5355001194405076,0.42321132111515053,32,interleaved
32141,141,0,0.603556806755196,0.39837447388817365,32,interleaved
32142,142,0,0.503995595293931,0.4693555322105144,32,interleaved
32143,143,0,0.699338508453941,0.5876013594830306,32,interleaved
32144,144,0,0.5859543156604838,0.5019140785631641,32,interleaved
32145,145,0,0.28083685251016155,0.5308150486157597,32,interleaved
32146,146,0,0.45908010719731274,0.5743716255580975,32,interleaved
32147,147,0,0.28052608502188214,0.41736886404608964,32,interleaved
32148,148,0,0.3668296140490224,0.4464126251829452,32,interleaved
32149,149,0,0.6756276770785155,0.37838267159802463,32,interleaved
32150,150,0,0.6710813834800491,0.4618693604268236,32,interleaved
32151,151,0,0.6017417605487245,0.567035408261354,32,interleaved
32152,152,0,0.42051296814077277,0.35231169000822626,32,interleaved
32153,153,0,0.697368948469476,0.4543516060887125,32,interleaved
32154,154,0,0.29991618684362253,0.582767614691436,32,interleaved
32155,155,0,0.5069912951462182,0.5541899331774665,32,interleaved
32156,156,0,0.5446988639857664,0.3897553651364839,32,interleaved
32157,157,0,0.36670105900242855,0.5765103055377031,32,interleaved
32158,158,0,0.409104325359957,0.5545623253368647,32,interleaved
32159,159,0,0.6614007079842411,0.523884270752025,32,interleaved
32160,160,0,0.463964184621223,0.46376996494368505,32,interleaved
32161,161,0,0.6010680542454894,0.4748626726324199,32,interleaved
32162,162,0,0.4751197253149388,0.3751525180854758,32,interleaved
32163,163,0,0.4149971082891416,0.4913087574276688,32,interleaved
32164,164,0,0.7978184526025498,0.6066694047362027,32,interleaved
32165,165,0,0.6475128353207611,0.43590998701521966,32,interleaved
32166,166,0,0.25185180076557034,0.37969268569343506,32,interleaved
32167,167,0,0.21586518627196405,0.47122250083245765,32,interleaved
32168,168,0,0.6424755012875543,0.4217555717601921,32,interleaved
32169,169,0,0.5112904069953222,0.41906584298857297,32,interleaved
32170,170,0,0.3654734678611388,0.6024531711207732,32,interleaved
32171,171,0,0.6500950236974232,0.5772584185799081,32,interleaved
32172,172,0,0.3719118192846951,0.5776943875989661,32,interleaved
32173,173,0,0.6217557334603303,0.41580339266802446,32,interleaved
32174,174,0,0.6882104369546264,0.47180813308583797,32,interleaved
32175,175,0,0.4096905154146194,0.3789533429776667,32,interleaved
32176,176,0,0.46835749839899776,0.4924188350547975,32,interleaved
32177,177,0,0.2522008789190248,0.42698330971440834,32,interleaved
32178,178,0,0.47049910935498174,0.3827016760332079,32,interleaved
32179,179,0,0.668384953651618,0.3198969924027707,32,interleaved
32180,180,0,0.5528845751235848,0.4731938798490855,32,interleaved
32181,181,0,0.6015153308072694,0.3926725123323721,32,interleaved
32182,182,0,0.5645849037250851,0.5892235812709621,32,interleaved
32183,183,0,0.5205201104467625,0.2948435100549936,32,interleaved
32184,184,0,0.6594790768324565,0.47502631308785914,32,interleaved
32185,185,0,0.47343232345222086,0.42340249772361227,32,interleaved
32186,186,0,0.43452051591387647,0.6179314317691568,32,interleaved
32187,187,0,0.5469628483212149,0.5314770108198523,32,interleaved
32188,188,0,0.41813038187924934,0.5071801341449416,32,interleaved
32189,189,0,0.6315436567676413,0.33236937052844695,32,interleaved
32190,190,0,0.4658722876385948,0.40859277864264376,32,interleaved
32191,191,0,0.7591207679430889,0.5082667931283669,32,interleaved
32192,192,0,0.3147528857078381,0.48330417292339856,32,interleaved
32193,193,0,0.6442266807359568,0.45422312762988104,32,interleaved
32194,194,0,0.47261446014453257,0.42163657111492225,32,interleaved
32195,195,0,0.5017101550409719,0.45591755239796583,32,interleaved
32196,196,0,0.5145665382668926,0.4910795377791056,32,interleaved
32197,197,0,0.5128711087413622,0.4587740193298123,32,interleaved
32198,198,0,0.4942800738987514,0.4031311543729235,32,interleaved
32199,199,0,0.506712347796012,0.33954335925180945,32,interleaved
32200,0,0,0.6646190598982523,0.7839250902715436,32,blocked
32201,1,0,0.49575040691555655,0.566964793547925,32,blocked
32202,2,0,0.48986250284543914,0.546323677801288,32,blocked
32203,3,0,0.19406517223636238,0.7434202550472135,32,blocked
32204,4,0,0.1205167613330701,0.5533066272185724,32,blocked
32205,5,1,0.5093184085034871,1.3466709331548237,32,blocked
32206,6,0,0.11501071563953816,0.6843922159577371,32,blocked
32207,7,0,0.20183790148240072,0.5256970276733772,32,blocked
32208,8,2,0.09080573816546077,1.0200772177136181,32,blocked
32209,9,0,0.5258031383339197,0.7621300801054789,32,blocked
32210,10,0,0.27026260393091456,0.6229018848177785,32,blocked
32211,11,0,0.2249402289688732,0.6535285796691259,32,blocked
32212,12,0,0.17062828301682553,0.5438552893229507,32,blocked
32213,13,0,0.5120852339995079,0.41127506268953196,32,blocked
32214,14,0,0.2624317193706234,0.4838582533771072,32,blocked
32215,15,0,0.6657548512330491,0.5334978759392779,32,blocked
32216,16,0,0.6701609288868062,0.5845253761090285,32,blocked
32217,17,0,0.7612322699242433,0.5236759158690274,32,blocked
32218,18,0,0.738905934338044,0.4402843565497599,32,blocked
32219,19,0,0.9459525927955714,0.5596217416789493,32,blocked
32220,20,0,0.555700513952444,0.5521594180532197,32,blocked
32221,21,0,0.7156853190527209,0.4928932115340274,32,blocked
32222,22,0,0.08143892322270686,0.5972656015749721,32,blocked
32223,23,0,0.23947376734138853,0.6060546463516324,32,blocked
32224,24,0,0.84928699153816,0.48483091491998187,32,blocked
32225,25,0,0.2289676398738429,0.6624371135349594,32,blocked
32226,26,0,0.22131364117260724,0.4896369248854444,32,blocked
32227,27,0,0.6121714912563623,0.5574266793313478,32,blocked
32228,28,0,0.6304752911206932,0.46680527894048385,32,blocked
32229,29,0,0.6929009914256745,0.4737101643557714,32,blocked
32230,30,0,0.7526479275785276,0.6662034093885851,32,blocked
32231,31,0,0.6472924092032071,0.45596310738233925,32,blocked
32232,32,0,0.1477535257771532,0.6037851708998243,32,blocked
32233,33,0,0.7167596228750068,0.48367246208288084,32,blocked
32234,34,0,0.8526860748059453,0.6457753912153987,32,blocked
32235,35,0,0.4381031904507883,0.6324232800609482,32,blocked
32236,36,0,0.16988398545201883,0.48527235895288123,32,blocked
32237,37,0,0.8009942087061027,0.4971107709997201,32,blocked
32238,38,0,0.27388634257315875,0.518505157810809,32,blocked
32239,39,0,0.34828648283776953,0.3663117862559476,32,blocked
32240,40,0,0.12977951181640635,0.6151771342755715,32,blocked
32241,41,0,0.41667441188216237,0.449566302824128,32,blocked
32242,42,0,0.5617086351292622,0.47762319623532046,32,blocked
32243,43,0,0.7097492888595333,0.44641512239361586,32,blocked
32244,44,0,0.48939225618849114,0.4800665223404112,32,blocked
32245,45,0,0.7805824931372071,0.5346991091714375,32,blocked
32246,46,0,0.30785221397867074,0.4306867467929647,32,blocked
32247,47,0,0.40073600483654903,0.6025490180124919,32,blocked
32248,48,0,0.5667156126338645,0.4338102282266745,32,blocked
32249,49,0,0.2572400829768937,0.5091180617924355,32,blocked
32250,50,0,0.3710512595514692,0.5164575336448205,32,blocked
32251,51,0,0.8684631891916565,0.45115213697629697,32,blocked
32252,52,0,0.27036914082698915,0.5673341379046591,32,blocked
32253,53,0,0.41476354856517783,0.6247432462904106,32,blocked
32254,54,0,0.24129707532264932,0.43621330898672817,32,blocked
32255,55,0,0.4467418953288095,0.5900844138420566,32,blocked
32256,56,0,0.2758161432523791,0.501547135808319,32,blocked
32257,57,0,0.39745078607060447,0.46349617760130657,32,blocked
32258,58,0,0.4666351539362033,0.40304813365806513,32,blocked
32259,59,0,0.3962017970182,0.4284153650069416,32,blocked
32260,60,0,0.5389588280317249,0.38105343397706193,32,blocked
32261,61,0,0.5648525306180233,0.4885316133044809,32,blocked
32262,62,0,0.8278821715626155,0.5652625994188984,32,blocked
32263,63,0,0.9077430823298558,0.5689184455178697,32,blocked
32264,64,0,0.37476838524446093,0.5411065753597758,32,blocked
32265,65,0,0.5917727374422141,0.43291057052451154,32,blocked
32266,66,0,0.5955717199082986,0.4229662578231212,32,blocked
32267,67,0,0.44285711617007467,0.38305039547191405,32,blocked
32268,68,0,0.45055602242106413,0.6198107995353084,32,blocked
32269,69,0,0.5325705046842316,0.4669687119885223,32,blocked
32270,70,0,0.47183103563143525,0.45826860482698695,32,blocked
32271,71,0,0.7525387056000747,0.4995160322814308,32,blocked
32272,72,0,0.3207963645010766,0.4454535630021492,32,blocked
32273,73,0,0.4503580000543463,0.5279235748527131,32,blocked
32274,74,0,0.8338517403637009,0.42519166019123356,32,blocked
32275,75,0,0.3077414170559528,0.538695621194611,32,blocked
32276,76,0,0.48083966060770816,0.5154088212196973,32,blocked
32277,77,0,0.4523471495239093,0.4682614960187286,32,blocked
32278,78,0,0.5947362384582553,0.42252258715420754,32,blocked
32279,79,0,0.7899994021126313,0.5138085205371872,32,blocked
32280,80,0,0.3310500265829728,0.46235145862663335,32,blocked
32281,81,0,0.6438109368686122,0.3970013202395092,32,blocked
32282,82,0,0.600260866014735,0.4669024615784235,32,blocked
32283,83,0,0.209077225631974,0.46865178027807286,32,blocked
32284,84,0,0.4005818825880527,0.6149997440083179,32,blocked
32285,85,0,0.44772789106034083,0.4126836686943066,32,blocked
32286,86,0,0.5862197148444883,0.4851908524388609,32,blocked
32287,87,0,0.47417622449610297,0.5435877138838825,32,blocked
32288,88,0,0.7278090719654988,0.47125877465883476,32,blocked
32289,89,0,0.5093303938599453,0.6344426012314155,32,blocked
32290,90,0,0.5755206178257379,0.5398206779501648,32,blocked
32291,91,0,0.30896881955960687,0.5055719245717671,32,blocked
32292,92,0,0.26416721928235576,0.7054458946552664,32,blocked
32293,93,0,0.1611972506135669,0.48608345428270244,32,blocked
32294,94,0,0.36435514474933006,0.4982833244292424,32,blocked
32295,95,0,0.5915759980834938,0.5932000717433603,32,blocked
32296,96,0,0.5485470311954442,0.43226723048639604,32,blocked
32297,97,0,0.5859668248252581,0.44501822875181607,32,blocked
32298,98,0,0.49803511323209604,0.47839616028147214,32,blocked
32299,99,0,0.7686913170724843,0.4255722086068353,32,blocked
32300,100,0,0.8852539099735458,0.40857048857092093,32,blocked
32301,101,0,0.8055202735988254,0.5341536341587764,32,blocked
32302,102,0,0.8712348555407166,0.4055463179368948,32,blocked
32303,103,0,0.32476302345340446,0.48680300368106616,32,blocked
32304,104,0,0.6056783001556955,0.5911301435170593,32,blocked
32305,105,0,0.23310280745231088,0.5757317243849347,32,blocked
32306,106,0,0.5616192738758288,0.5281761110166039,32,blocked
32307,107,0,0.5758947787614646,0.5205780788326075,32,blocked
32308,108,0,0.37713992280772435,0.43746063572350413,32,blocked
32309,109,0,0.4794347619813777,0.45147330080337233,32,blocked
32310,110,0,0.5548237427446612,0.47641683511118815,32,blocked
32311,111,0,0.29281516889778963,0.4210127464722755,32,blocked
32312,112,0,0.4949993587023365,0.5054269466339406,32,blocked
32313,113,0,0.6464392368244406,0.39386737111920955,32,blocked
32314,114,0,0.39737305266036643,0.493761876850434,32,blocked
32315,115,0,0.5518471279514009,0.46506282522236686,32,blocked
32316,116,0,0.7013025367129078,0.32550036078395467,32,blocked
32317,117,0,0.3719011026861468,0.5023515822896838,32,blocked
32318,118,0,0.6957535209406085,0.5471553699170169,32,blocked
32319,119,0,0.34234315310973484,0.57322539864883,32,blocked
32320,120,0,0.21757961963043476,0.5084474929653122,32,blocked
32321,121,0,0.6590856294817476,0.43537798931800553,32,blocked
32322,122,0,0.509772788656206,0.5248778062258915,32,blocked
32323,123,0,0.5965832246877738,0.5961602386099482,32,blocked
32324,124,0,0.41003304038655675,0.5627521694290074,32,blocked
32325,125,0,0.7096884852171252,0.3755784449090992,32,blocked
32326,126,0,0.477866800804489,0.418581157348493,32,blocked
32327,127,0,0.5129901769222122,0.4850722359278732,32,blocked
32328,128,0,0.4126686573098848,0.3930298657475506,32,blocked
32329,129,0,0.3483202861269392,0.5527526305248802,32,blocked
32330,130,0,0.38038961636308954,0.5379092177115807,32,blocked
32331,131,0,0.28664994762813556,0.41114811447139654,32,blocked
32332,132,0,0.3089043749070704,0.5707560768366741,32,blocked
32333,133,0,0.4738307810238168,0.4370951714631185,32,blocked
32334,134,0,0.6223711578116156,0.47344313202135574,32,blocked
32335,135,0,0.42601653817984686,0.4344235825108974,32,blocked
32336,136,0,0.657768095426386,0.46873126182272234,32,blocked
32337,137,0,0.41330742697762257,0.4718782577948182,32,blocked
32338,138,0,0.4520565128189598,0.43372065360379863,32,blocked
32339,139,0,0.48241536593574874,0.5011698602847583,32,blocked
32340,140,0,0.46399094499708593,0.4411272138519901,32,blocked
32341,141,0,0.5190261764038941,0.35725747968682725,32,blocked
32342,142,0,0.5779155818480401,0.4126880435329215,32,blocked
32343,143,0,0.4141388158678937,0.4727389403098016,32,blocked
32344,144,0,0.2656083696534547,0.4999804234766268,32,blocked
32345,145,0,0.494809821987487,0.3913841250550444,32,blocked
32346,146,0,0.569583972569417,0.4323870413438904,32,blocked
32347,147,0,0.31093110888190534,0.4022412783517596,32,blocked
32348,148,0,0.6753957566018565,0.4335296952735641,32,blocked
32349,149,0,0.5346154078752429,0.4656686744284725,32,blocked
32350,150,0,0.6452373066040582,0.465006498547366,32,blocked
32351,151,0,0.6508154440151289,0.6001674520894569,32,blocked
32352,152,0,0.7491728558661753,0.4639320331884905,32,blocked
32353,153,0,0.6072787070711658,0.39058605572875565,32,blocked
32354,154,0,0.6803249624208427,0.44514728332231857,32,blocked
32355,155,0,0.3718385667944943,0.3651173422521735,32,blocked
32356,156,0,0.6294714557084273,0.4857476953596139,32,blocked
32357,157,0,0.4391643426749745,0.4643471821585498,32,blocked
32358,158,0,0.36863797042497415,0.7150896886287065,32,blocked
32359,159,0,0.4737847376637656,0.39732423903550707,32,blocked
32360,160,0,0.4775813019946261,0.504289312882305,32,blocked
32361,161,0,0.42641169990006655,0.46834436195243234,32,blocked
32362,162,0,0.44552297968493487,0.6694911553609242,32,blocked
32363,163,0,0.6637929536947762,0.43899558134550726,32,blocked
32364,164,0,0.4154679779893302,0.5167158197194843,32,blocked
32365,165,0,0.609397593203762,0.44653850968422465,32,blocked
32366,166,0,0.46137915545414354,0.4926159766583632,32,blocked
32367,167,0,0.27089304122763597,0.48326137499968996,32,blocked
32368,168,0,0.4061479605274981,0.4682274432279503,32,blocked
32369,169,0,0.2856726609248036,0.4347286347205763,32,blocked
32370,170,0,0.6502157803205106,0.48088338340382264,32,blocked
32371,171,0,0.412089973203262,0.41609107620014296,32,blocked
32372,172,0,0.6181342998429946,0.4159217301257635,32,blocked
32373,173,0,0.6261515693902745,0.5378907757923557,32,blocked
32374,174,0,0.6420195121237003,0.4846796144678751,32,blocked
32375,175,0,0.7317503483305374,0.4372496570025447,32,blocked
32376,176,0,0.26393796987497775,0.516168451476744,32,blocked
32377,177,0,0.5531052302073511,0.4408014193192933,32,blocked
32378,178,0,0.3016401508009181,0.5094856848949061,32,blocked
32379,179,0,0.6114416790129147,0.37851858283384276,32,blocked
32380,180,0,0.6415866235585752,0.362866553682032,32,blocked
32381,181,0,0.670788928436794,0.5817557129072726,32,blocked
32382,182,0,0.2215976399766489,0.3200053013221817,32,blocked
32383,183,0,0.44064894576720676,0.4064997336175078,32,blocked
32384,184,0,0.2713674264802176,0.3822662291529207,32,blocked
32385,185,0,0.4773812023358077,0.5375587392216583,32,blocked
32386,186,0,0.45581157048821547,0.5149973569920331,32,blocked
32387,187,0,0.5853129972458344,0.30106891506839467,32,blocked
32388,188,0,0.46775470774629696,0.5413195130076145,32,blocked
32389,189,0,0.4245563862084526,0.38134254019634634,32,blocked
32390,190,0,0.7251841307800238,0.5484390810539654,32,blocked
32391,191,0,0.531180759629266,0.5373381549188181,32,blocked
32392,192,0,0.8046035134757688,0.46660008498624944,32,blocked
32393,193,0,0.3018729354542762,0.5599772319652243,32,blocked
32394,194,0,0.6379599143445986,0.4457643561436444,32,blocked
32395,195,0,0.5130196779343114,0.596336524708984,32,blocked
32396,196,0,0.6552958603913469,0.5925977510648921,32,blocked
32397,197,0,0.5061030775834173,0.4788180668770701,32,blocked
32398,198,0,0.563854952829721,0.5346766279741647,32,blocked
32399,199,0,0.4689879067232714,0.5085772738489212,32,blocked
32400,0,0,0.40606046563902876,0.6175211313511588,32,early
32401,1,0,0.3626148768521616,0.4265110157231467,32,early
32402,2,0,0.5985419378690433,0.5121894420166051,32,early
32403,3,0,0.5894738543742534,0.5026749509245141,32,early
32404,4,0,0.5617205246169564,0.4749105062708323,32,early
32405,5,0,0.6461705858206014,0.6409356717345331,32,early
32406,6,0,0.31531022607890835,0.4272363146610574,32,early
32407,7,0,0.7079136540589299,0.46788155310731633,32,early
32408,8,0,0.5962764394669834,0.5446574399703327,32,early
32409,9,0,0.33917034110742694,0.4469055142694396,32,early
32410,10,0,0.60792587442447,0.4866946023813228,32,early
32411,11,0,0.30901039494975274,0.48092078867736854,32,early
32412,12,0,0.28319758663255645,0.4932738601594209,32,early
32413,13,0,0.18906383999171164,0.5425132304685847,32,early
32414,14,0,0.6979672496605462,0.4712614555707527,32,early
32415,15,0,0.3538106199119452,0.4963478371231009,32,early
32416,16,0,0.7298916994852509,0.5497686308537397,32,early
32417,17,0,0.7699795541346721,0.4616445194681026,32,early
32418,18,0,0.2457167733772096,0.4368561009308706,32,early
32419,19,0,0.23682465219845175,0.41128759913260104,32,early
32420,20,0,0.691555342759443,0.5240280494819478,32,early
32421,21,0,0.6719309621696845,0.528829491258366,32,early
32422,22,0,0.17014130972244124,0.5050757547141391,32,early
32423,23,0,0.8178303489299958,0.3598124540569636,32,early
32424,24,0,0.8017238105354278,0.38310841008495966,32,early
32425,25,0,0.7758438573221182,0.2898915788594673,32,early
32426,26,0,0.8293843239963743,0.33017719803221934,32,early
32427,27,0,0.7813960892658809,0.4540045223504354,32,early
32428,28,0,0.7746627147471754,0.4903227961555813,32,early
32429,29,0,0.7637931406142453,0.4577359908788615,32,early
32430,30,0,0.7634824937693654,0.32170841439867026,32,early
32431,31,0,0.8606257158721766,0.41998014065535155,32,early
32432,32,0,0.23945948165450517,0.4906019325301223,32,early
32433,33,0,0.743848310033826,0.5204818782894891,32,early
32434,34,0,0.820532403573752,0.32237085622074624,32,early
32435,35,0,0.8345152340142978,0.3085207169484001,32,early
32436,36,0,0.12346524127730436,0.4310038307522561,32,early
32437,37,0,0.8605132171749328,0.40899241774975825,32,early
32438,38,0,0.2451095151161985,0.48952889731096716,32,early
32439,39,0,0.8039311684203388,0.5308537723075581,32,early
32440,40,0,0.45272491938798654,0.3706160439247165,32,early
32441,41,0,0.5344847262548467,0.32178234112294424,32,early
32442,42,0,0.40546063782783603,0.4952762448347632,32,early
32443,43,0,0.3629587313807097,0.4734140567052205,32,early
32444,44,0,0.37509013494882615,0.4206760475367284,32,early
32445,45,0,0.4190002595591862,0.42096387110655453,32,early
32446,46,0,0.4902339740328192,0.4488208530930009,32,early
32447,47,0,0.5382987492801401,0.45650681781033764,32,early
32448,48,0,0.4888351578914913,0.43603034755604797,32,early
32449,49,0,0.6060393554422755,0.44346585284673296,32,early
32450,50,0,0.6334713171024094,0.41556983511897994,32,early
32451,51,0,0.5357299702361846,0.5311472683429941,32,early
32452,52,0,0.5620358523432097,0.3283163380853136,32,early
32453,53,0,0.2250122894714046,0.6396704884504827,32,early
32454,54,0,0.33446153843301013,0.45639221980667755,32,early
32455,55,0,0.4422156565890226,0.36773366749547887,32,early
32456,56,0,0.6118751303966544,0.513844802333056,32,early
32457,57,0,0.5264067331287359,0.32387227573588867,32,early
32458,58,0,0.5854517523554964,0.5662143307885289,32,early
32459,59,0,0.5342570111051879,0.33878296858222334,32,early
32460,60,0,0.5392217339778053,0.5593188652632407,32,early
32461,61,0,0.5641965254887271,0.5327771088126071,32,early
32462,62,0,0.26883065784727145,0.37960275213277583,32,early
32463,63,0,0.2123298377747423,0.454435695647913,32,early
32464,64,0,0.25852504057663306,0.39808365502437953,32,early
32465,65,0,0.7822493039772376,0.4341132685180884,32,early
32466,66,0,0.5591394181115712,0.34788756689743416,32,early
32467,67,0,0.21654113671542408,0.5409985563691682,32,early
32468,68,0,0.802978597751826,0.4673996204783396,32,early
32469,69,0,0.26810627217164484,0.37821933838913846,32,early
32470,70,0,0.4037949785248775,0.5800806023530596,32,early
32471,71,0,0.38522378612609043,0.36767235435580403,32,early
32472,72,0,0.3230330336892092,0.5288369296217894,32,early
32473,73,0,0.31666559940011263,0.4979338850363628,32,early
32474,74,0,0.5197736399885086,0.5442909039588533,32,early
32475,75,0,0.5070283138792864,0.4060547682644914,32,early
32476,76,0,0.5194832499497124,0.49029450450904843,32,early
32477,77,0,0.5472076424269876,0.4217982760309621,32,early
32478,78,0,0.4862476563896455,0.4034945681436854,32,early
32479,79,0,0.4308486936412168,0.3884629725113023,32,early
32480,80,0,0.7249953963662075,0.39517789443220797,32,early
32481,81,0,0.2542351871091303,0.43208714157617606,32,early
32482,82,0,0.3078892547216482,0.46794554160348345,32,early
32483,83,0,0.47580909942031263,0.5103228361517145,32,early
32484,84,0,0.38529725062129777,0.48284578321106636,32,early
32485,85,0,0.20070568288407586,0.4491105161575066,32,early
32486,86,0,0.688168590645026,0.5339749993651683,32,early
32487,87,0,0.3845517608159955,0.4221208268865607,32,early
32488,88,0,0.6708912246724128,0.366519170408,32,early
32489,89,0,0.5777539809995642,0.4136427268175462,32,early
32490,90,0,0.6568333674295056,0.42961105556898715,32,early
32491,91,0,0.5057727911504493,0.631770159622932,32,early
32492,92,0,0.18830965405163025,0.4634404501854948,32,early
32493,93,0,0.39629988335169686,0.45358743172037086,32,early
32494,94,0,0.16440508338096066,0.4378397231983901,32,early
32495,95,0,0.37252135614734583,0.42945909628834816,32,early
32496,96,0,0.27204747322953654,0.5570888592406054,32,early
32497,97,0,0.5007867583619314,0.3762623781517892,32,early
32498,98,0,0.7339463735683669,0.3437003110693828,32,early
32499,99,0,0.5438011166548335,0.3926120730840025,32,early
32500,100,0,0.7420924175757309,0.31673973295209834,32,early
32501,101,0,0.421588571195738,0.392650508642369,32,early
32502,102,0,0.22023905875633465,0.44833155779934064,32,early
32503,103,0,0.6020743464035296,0.4608741640877228,32,early
32504,104,0,0.32410266424837264,0.5117242747620576,32,early
32505,105,0,0.6992548717300016,0.4750091166241486,32,early
32506,106,0,0.7256087485948398,0.5145904511891304,32,early
32507,107,0,0.5631466146171553,0.39907296700859446,32,early
32508,108,0,0.7650750111886333,0.4051875931974097,32,early
32509,109,0,0.45161353156692485,0.4364641091796685,32,early
32510,110,0,0.18841236497653202,0.4006213007537401,32,early
32511,111,0,0.5926621336009786,0.31516056502977446,32,early
32512,112,0,0.7401802070817917,0.38821595088902133,32,early
32513,113,0,0.31164962188767564,0.36828122362393556,32,early
32514,114,0,0.8002304744552398,0.4362229555186483,32,early
32515,115,0,0.45593753509384344,0.4253392147496956,32,early
32516,116,0,0.7173546268172373,0.35946391295768904,32,early
32517,117,0,0.5145506100224966,0.3618004770472458,32,early
32518,118,0,0.30654299767463583,0.5354307317004843,32,early
32519,119,0,0.5655475788429962,0.4701448557156813,32,early
32520,120,0,0.30561946828938713,0.5112283560118037,32,early
32521,121,0,0.6201602660464428,0.42703060950334804,32,early
32522,122,0,0.6244043139766566,0.45113203555351644,32,early
32523,123,0,0.6387485815611507,0.3071047653296346,32,early
32524,124,0,0.3127179456486462,0.4147662245470954,32,early
32525,125,0,0.7972008467521445,0.4236962119482054,32,early
32526,126,0,0.6641127721411212,0.3996868328972793,32,early
32527,127,0,0.3445182041280871,0.5803835553301964,32,early
32528,128,0,0.37140696086988756,0.49876794836913707,32,early
32529,129,0,0.3978049353778692,0.5007118842236092,32,early
32530,130,0,0.800327725730494,0.4024260316004402,32,early
32531,131,0,0.48044167184133313,0.40025140310817336,32,early
32532,132,0,0.4270539741097442,0.45063705896767503,32,early
32533,133,0,0.8060778706112071,0.4418977991900249,32,early
32534,134,0,0.23894316462573428,0.41582884991030267,32,early
32535,135,0,0.5488355616220383,0.5438578976625276,32,early
32536,136,0,0.6629257802648971,0.3900439893737938,32,early
32537,137,0,0.35780550737658745,0.44951752625414,32,early
32538,138,0,0.37994438551467424,0.41646374096725547,32,early
32539,139,0,0.5128392089963895,0.5922780790097595,32,early
32540,140,0,0.350182445189865,0.4307309615492513,32,early
32541,141,0,0.6168281629902606,0.5525000208107663,32,early
32542,142,0,0.20728973508571347,0.46796315076847816,32,early
32543,143,0,0.507954576556765,0.48754541118010675,32,early
32544,144,0,0.5774625050148573,0.43406661702518295,32,early
32545,145,0,0.509527368650663,0.4104474717130578,32,early
32546,146,0,0.3510452553530212,0.44568366060017106,32,early
32547,147,0,0.5756881078283961,0.5628429989935801,32,early
32548,148,0,0.23049290719796983,0.492645825956132,32,early
32549,149,0,0.40558680332359004,0.4222529818821533,32,early
32550,150,0,0.5105348240849092,0.33794561099908077,32,early
32551,151,0,0.5077270757149234,0.37469137792398793,32,early
32552,152,0,0.6840052446571858,0.4286035920336971,32,early
32553,153,0,0.5058875176480803,0.3894565429323875,32,early
32554,154,0,0.5213371132721455,0.39230934434471587,32,early
32555,155,0,0.6196681957578741,0.48305523097346303,32,early
32556,156,0,0.6163846778109565,0.5648625834212386,32,early
32557,157,0,0.4742196744011919,0.3698645054877604,32,early
32558,158,0,0.7848901464014458,0.4058976841311256,32,early
32559,159,0,0.7596938526245356,0.5836215560519337,32,early
32560,160,0,0.37781535221012236,0.44481821970327473,32,early
32561,161,0,0.6862042147386798,0.3731048940772646,32,early
32562,162,0,0.31305486771829655,0.5255765968930988,32,early
32563,163,0,0.22812737920386422,0.42755233402610926,32,early
32564,164,0,0.44001749840045984,0.43836304351208777,32,early
32565,165,0,0.6982214996868731,0.40999076208493235,32,early
32566,166,0,0.7470216958996958,0.24798001391425134,32,early
32567,167,0,0.6443245611799228,0.6047100917909072,32,early
32568,168,0,0.6141316090231684,0.4682483058752997,32,early
32569,169,0,0.6034597307239725,0.3909721388169083,32,early
32570,170,0,0.44913970340957227,0.5196501682775287,32,early
32571,171,0,0.5785767264777453,0.5056490228225129,32,early
32572,172,0,0.6392892467111964,0.41404384953038664,32,early
32573,173,0,0.36400437280528025,0.35984822453770005,32,early
32574,174,0,0.7753950342335755,0.4854081649779925,32,early
32575,175,0,0.4015868996139407,0.46514336236604714,32,early
32576,176,0,0.5571973075598693,0.34579867086067106,32,early
32577,177,0,0.4195999637283695,0.5551845235190889,32,early
32578,178,0,0.4268952715891242,0.41442910428554575,32,early
32579,179,0,0.4032909963168336,0.4830372470138598,32,early
32580,180,0,0.6956712153278422,0.26452482929682547,32,early
32581,181,0,0.30577100228089815,0.5958187788330551,32,early
32582,182,0,0.7205067130971932,0.35149209264898007,32,early
32583,183,0,0.6273159438115501,0.38990028396300325,32,early
32584,184,0,0.6041310563965401,0.41134761998761243,32,early
32585,185,0,0.7913133832096915,0.4114993309450079,32,early
32586,186,0,0.22936894684365416,0.32793401502805397,32,early
32587,187,0,0.21308488070585632,0.4538880647565939,32,early
32588,188,0,0.6486187735665282,0.41590102731395817,32,early
32589,189,0,0.38885146869483966,0.5149255419320461,32,early
32590,190,0,0.4109880439920373,0.400788265274984,32,early
32591,191,0,0.7237299513870474,0.30220360325227313,32,early
32592,192,0,0.75000136969571,0.39665115931330797,32,early
32593,193,0,0.536562247064422,0.5459253078585956,32,early
32594,194,0,0.27785758457196663,0.33761706583449724,32,early
32595,195,0,0.8102827548356696,0.3938898531991155,32,early
32596,196,0,0.08213910855518049,0.5576082731927494,32,early
32597,197,0,0.43137294693599754,0.5180307951007366,32,early
32598,198,0,0.34544299834893843,0.4177241433426879,32,early
32599,199,0,0.5488505284837284,0.2786865977919666,32,early
32600,0,0,0.6826815122203499,0.7152042296944783,32,middle
32601,1,0,0.2594175768105978,0.625931208409322,32,middle
32602,2,0,0.6042247107185008,0.5644582827006135,32,middle
32603,3,0,0.21093044428602029,0.6883988545463227,32,middle
32604,4,0,0.6514815264555677,0.45451565146736916,32,middle
32605,5,0,0.38212304557664817,0.5391352596469954,32,middle
32606,6,0,0.6954641029933502,0.357024083491292,32,middle
32607,7,0,0.25020831129526394,0.40988510933713407,32,middle
32608,8,0,0.20315327786098789,0.5396433663983178,32,middle
32609,9,0,0.7159463819082706,0.711511660559287,32,middle
32610,10,0,0.4582532788290533,0.554696892322204,32,middle
32611,11,0,0.28673143461337697,0.4949836387272448,32,middle
32612,12,0,0.5507931699114686,0.5449382936079883,32,middle
32613,13,0,0.33021761323048404,0.6353650540646589,32,middle
32614,14,0,0.4073234891428129,0.6110353074108273,32,middle
32615,15,0,0.7582555494050219,0.5044352821793665,32,middle
32616,16,0,0.31651876160207704,0.7693790527715586,32,middle
32617,17,0,0.26762180930398244,0.5542300866130843,32,middle
32618,18,0,0.589972496818012,0.5692275608970885,32,middle
32619,19,0,0.8559918721061341,0.6434263704825014,32,middle
32620,20,0,0.36888393589995494,0.3951715697676747,32,middle
32621,21,0,0.2130663787375196,0.5980823919793583,32,middle
32622,22,0,0.6308121070014193,0.4075054676910136,32,middle
32623,23,0,0.2327802163605458,0.4551627589867684,32,middle
32624,24,0,0.5266382638906428,0.44219800861611414,32,middle
32625,25,0,0.23824506498297243,0.5955943569722084,32,middle
32626,26,0,0.41899992422683485,0.48254757262308307,32,middle
32627,27,0,0.8672650260167488,0.49096582774016456,32,middle
32628,28,0,0.4070991696983348,0.5278407391494402,32,middle
32629,29,0,0.7286460449612311,0.3828914986605633,32,middle
32630,30,0,0.47024960195948917,0.5517281632415313,32,middle
32631,31,0,0.8159218492517767,0.47325951841865,32,middle
32632,32,0,0.5425033047177614,0.461530610523098,32,middle
32633,33,0,0.8029324867827996,0.44786811823901707,32,middle
32634,34,0,0.4221039980349395,0.5872346772008257,32,middle
32635,35,0,0.7982124316554504,0.44502552963005654,32,middle
32636,36,0,0.394177004567483,0.4269790616214686,32,middle
32637,37,0,0.19584334504890727,0.6553090570842648,32,middle
32638,38,0,0.45103146553766826,0.6435719921382896,32,middle
32639,39,0,0.7829922967450277,0.39896986559913805,32,middle
32640,40,0,0.4296106297065504,0.5337179244143485,32,middle
32641,41,0,0.39264637359692767,0.6609698959235328,32,middle
32642,42,0,0.5331713035869379,0.4566152110917515,32,middle
32643,43,0,0.5740555818464621,0.49236978540911913,32,middle
32644,44,0,0.5058890868522428,0.5358900860050673,32,middle
32645,45,0,0.3721759286447321,0.4875163291989193,32,middle
32646,46,0,0.31829065180942406,0.6333473945421464,32,middle
32647,47,0,0.5374713781435044,0.40032751725078863,32,middle
32648,48,0,0.3182639468632454,0.4554636970350836,32,middle
32649,49,0,0.4592230227519952,0.4773990541176869,32,middle
32650,50,0,0.5444468530934076,0.4689909383596037,32,middle
32651,51,0,0.6205917215232248,0.5294032164300533,32,middle
32652,52,0,0.38814744674484414,0.3986411540611614,32,middle
32653,53,0,0.6434340203684283,0.46954718848599697,32,middle
32654,54,0,0.4424147073151501,0.47089682217538265,32,middle
32655,55,0,0.6558269203933672,0.49790268763837076,32,middle
32656,56,0,0.6306309584921928,0.43429578700429805,32,middle
32657,57,0,0.572302794560946,0.31755820578950666,32,middle
32658,58,0,0.4244368108192456,0.5450543807752051,32,middle
32659,59,0,0.6144253719835026,0.5469923056333997,32,middle
32660,60,0,0.40885123117466493,0.5562203287987546,32,middle
32661,61,0,0.5135944995699456,0.424329278586135,32,middle
32662,62,0,0.5105179559253518,0.5238731847245279,32,middle
32663,63,0,0.4429235037857526,0.548139739880108,32,middle
32664,64,0,0.4483094538047187,0.5389408834941531,32,middle
32665,65,0,0.6265032360163627,0.5918519509317117,32,middle
32666,66,0,0.37693474137325356,0.46019510518577944,32,middle
32667,67,0,0.44196894691686245,0.41542032031061726,32,middle
32668,68,0,0.475581940739519,0.5013004002581043,32,middle
32669,69,0,0.4749331162328866,0.4266567267816215,32,middle
32670,70,0,0.6734145356598256,0.3109526080961358,32,middle
32671,71,0,0.6559138632159254,0.4076819087970682,32,middle
32672,72,0,0.5565709221602609,0.5380394613278088,32,middle
32673,73,0,0.4141658309483124,0.4716320771763469,32,middle
32674,74,0,0.6061857989331957,0.28833566516231096,32,middle
32675,75,0,0.47364517935550615,0.47403687279865725,32,middle
32676,76,0,0.47819830900484284,0.5324280806132331,32,middle
32677,77,0,0.4711982228623471,0.539498406146358,32,middle
32678,78,0,0.47943289643202375,0.4005871813301426,32,middle
32679,79,0,0.2636653495351471,0.7328979028930157,32,middle
32680,80,0,0.4494827221166925,0.5691850599512361,32,middle
32681,81,0,0.7401185195943841,0.3711900068284065,32,middle
32682,82,0,0.3381427483948247,0.5266846146015428,32,middle
32683,83,0,0.5552256874043857,0.4553578972305817,32,middle
32684,84,0,0.4082871194333892,0.5517081827644483,32,middle
32685,85,0,0.6308454581427336,0.49777884108955306,32,middle
32686,86,0,0.5454488655409705,0.4223432419379609,32,middle
32687,87,0,0.3858448777799954,0.4181735528988654,32,middle
32688,88,0,0.44842393302022887,0.37756794168159236,32,middle
32689,89,0,0.31675899146628606,0.5153374468935752,32,middle
32690,90,0,0.665125746427442,0.46085426573612887,32,middle
32691,91,0,0.6340177773408804,0.37338625179352636,32,middle
32692,92,0,0.44093180288401,0.4109911219616431,32,middle
32693,93,0,0.4880300399418912,0.5212846744490478,32,middle
32694,94,0,0.756366416052357,0.5012786382307067,32,middle
32695,95,0,0.34812699999775487,0.42158117241436016,32,middle
32696,96,0,0.38868180166221444,0.45885989613685696,32,middle
32697,97,0,0.6733835951109818,0.5096877098646677,32,middle
32698,98,0,0.2890458581084983,0.5104086474093482,32,middle
32699,99,0,0.610499096008283,0.3451677412265055,32,middle
32700,100,0,0.20245962455284267,0.4895362196594347,32,middle
32701,101,0,0.5985535647403315,0.37964892066909983,32,middle
32702,102,0,0.7292317111300561,0.46718078671017443,32,middle
32703,103,0,0.5396900324183663,0.3418948889448383,32,middle
32704,104,0,0.5153089460675038,0.42930722133684773,32,middle
32705,105,0,0.630752403682789,0.3364768599517256,32,middle
32706,106,0,0.5369503419040903,0.3927680866795896,32,middle
32707,107,0,0.5654730346490757,0.4912976739262995,32,middle
32708,108,0,0.5429680492226187,0.3829727538331303,32,middle
32709,109,0,0.5918504596237688,0.5611036205187526,32,middle
32710,110,0,0.3132478376093542,0.4233374987341488,32,middle
32711,111,0,0.47062919214669235,0.42174154287518134,32,middle
32712,112,0,0.5248052401502958,0.44042527158253975,32,middle
32713,113,0,0.31602143665487414,0.420039717783924,32,middle
32714,114,0,0.9115367552985193,0.6379532476361125,32,middle
32715,115,0,0.5392829543052202,0.45507304121281716,32,middle
32716,116,0,0.6270252988598755,0.3844120406722651,32,middle
32717,117,0,0.7082302599500582,0.3968566940459127,32,middle
32718,118,0,0.5549621116352002,0.5024086595488441,32,middle
32719,119,0,0.642454217384155,0.4654073540394652,32,middle
32720,120,0,0.3756722089471616,0.48288753674395957,32,middle
32721,121,0,0.5450166945560345,0.5344751270889145,32,middle
32722,122,0,0.5490058908087452,0.4108005498020965,32,middle
32723,123,0,0.6331612237060087,0.4716821957549091,32,middle
32724,124,0,0.41309258053226705,0.4411807267575031,32,middle
32725,125,0,0.5592505678282214,0.49259409322246217,32,middle
32726,126,0,0.3960340602143045,0.46307950203268067,32,middle
32727,127,0,0.6431766562731303,0.5326335458390066,32,middle
32728,128,0,0.5134770209507118,0.32533527197726836,32,middle
32729,129,0,0.700006856114195,0.5582164763786808,32,middle
32730,130,0,0.4420011724808709,0.32208791585806673,32,middle
32731,131,0,0.6589046385935855,0.4892513376120122,32,middle
32732,132,0,0.39516250914270595,0.4617579884828573,32,middle
32733,133,0,0.49112827425553474,0.40455019998514374,32,middle
32734,134,0,0.5001410409492774,0.5085328523168102,32,middle
32735,135,0,0.4457789539899004,0.37096724094931416,32,middle
32736,136,0,0.43109503948866107,0.38780764872707474,32,middle
32737,137,0,0.5584073856945464,0.42109340656350736,32,middle
32738,138,0,0.46878748471074894,0.5305248550258885,32,middle
32739,139,0,0.6375330236996972,0.5448848838898706,32,middle
32740,140,0,0.6659271272563942,0.39088776404679226,32,middle
32741,141,0,0.7322613349132312,0.4321399488850699,32,middle
32742,142,0,0.40102705160101637,0.37527754521945156,32,middle
32743,143,0,0.3776799658014168,0.5086127360800019,32,middle
32744,144,0,0.5552803221718128,0.32605444414917933,32,middle
32745,145,0,0.22683502139609535,0.38894174967956596,32,middle
32746,146,0,0.49324406485200323,0.43078435467769,32,middle
32747,147,0,0.5515804928403766,0.3199838900624445,32,middle
32748,148,0,0.5950185902554007,0.5591470445719913,32,middle
32749,149,0,0.60811843288708,0.38515732667219926,32,middle
32750,150,0,0.4033607281728385,0.6625739607422476,32,middle
32751,151,0,0.397502966670953,0.4493225406952155,32,middle
32752,152,0,0.3973544518962572,0.5013367116055826,32,middle
32753,153,0,0.6294878238625786,0.36326099436665166,32,middle
32754,154,0,0.5212253698263933,0.42946171606858224,32,middle
32755,155,0,0.45701416923417704,0.5078088838690786,32,middle
32756,156,0,0.44866595752384997,0.40922384471913714,32,middle
32757,157,0,0.3936363927033125,0.4559765288468163,32,middle
32758,158,0,0.3923503030740106,0.48936143321699155,32,middle
32759,159,0,0.550104284670733,0.4960455573875364,32,middle
32760,160,0,0.7896187450205617,0.39689875433309074,32,middle
32761,161,0,0.8512639342859509,0.35788530132830904,32,middle
32762,162,0,0.37033223246477687,0.39759357536460715,32,middle
32763,163,0,0.36750473263792705,0.4250551643073529,32,middle
32764,164,0,0.37536686234415156,0.33447121580857386,32,middle
32765,165,0,0.571509704406151,0.44584653804150776,32,middle
32766,166,0,0.4441180866612476,0.6397028896397117,32,middle
32767,167,0,0.3541643527476387,0.294174186404888,32,middle
32768,168,0,0.3629669766191146,0.5430320976927109,32,middle
32769,169,0,0.46729776273048457,0.41680412472322037,32,middle
32770,170,0,0.7986138979320352,0.3812607866119575,32,middle
32771,171,0,0.5832897074986885,0.4499841513991703,32,middle
32772,172,0,0.46286328695553314,0.37290527793469364,32,middle
32773,173,0,0.46650525619422234,0.36269565753385424,32,middle
32774,174,0,0.7489543452169918,0.468716103191594,32,middle
32775,175,0,0.5805300053083664,0.41113940459147746,32,middle
32776,176,0,0.44474814713394184,0.5310731402501936,32,middle
32777,177,0,0.6624113094837571,0.5163607919815487,32,middle
32778,178,0,0.46244727125766594,0.3363127434787859,32,middle
32779,179,0,0.3405796385864633,0.32892907689905154,32,middle
32780,180,0,0.5324073410857836,0.5221668640944213,32,middle
32781,181,0,0.3188607876646223,0.2900868551143535,32,middle
32782,182,0,0.3895301599525523,0.4265125997991589,32,middle
32783,183,0,0.6546734525315342,0.33411924206574295,32,middle
32784,184,0,0.3962035744846131,0.4225943870003808,32,middle
32785,185,0,0.3772219019508982,0.3420398579930086,32,middle
32786,186,0,0.542420739381125,0.4745778242287,32,middle
32787,187,0,0.7277973492024267,0.5301956991395234,32,middle
32788,188,0,0.6970667220957851,0.38607456505046267,32,middle
32789,189,0,0.4964352436021702,0.42146070646952705,32,middle
32790,190,0,0.6749389655359501,0.4418904560091087,32,middle
32791,191,0,0.37460176223596764,0.4919942085220871,32,middle
32792,192,0,0.8723361435587131,0.4119790343636983,32,middle
32793,193,0,0.44758696163511236,0.5059923594014235,32,middle
32794,194,0,0.37432345859304966,0.37523204588300063,32,middle
32795,195,0,0.1641493283529225,0.531918871401063,32,middle
32796,196,0,0.39882784109370356,0.4432384625880869,32,middle
32797,197,0,0.7454431691934076,0.4142612339527071,32,middle
32798,198,0,0.5507207729103594,0.43721166110432885,32,middle
32799,199,0,0.49024216721436975,0.4284805903981693,32,middle
32800,0,0,0.6020642671837511,0.6557294255292331,32,late
32801,1,0,0.8894096877005175,0.5832556885925939,32,late
32802,2,0,0.37850435476433086,0.6160072055256067,32,late
32803,3,0,0.19384755524850739,0.5239080573107993,32,late
32804,4,0,0.3039802836654173,0.5485160210688714,32,late
32805,5,0,0.8770987342902247,0.42348165297030904,32,late
32806,6,0,0.6271420818929434,0.5978480099497228,32,late
32807,7,0,0.05511127717865498,0.7390729582618849,32,late
32808,8,0,0.6447449693924522,0.47305341507646337,32,late
32809,9,0,0.7673922795595691,0.693396250548683,32,late
32810,10,0,0.2822512629995928,0.5832714205533893,32,late
32811,11,0,0.09065968484564188,0.5131278354814396,32,late
32812,12,0,0.5501321474474248,0.5694422016185856,32,late
32813,13,0,0.06354159132545167,0.730268314962436,32,late
32814,14,0,0.5488422517966617,0.5469789058978172,32,late
32815,15,0,0.14490532155657104,0.685073343951627,32,late
32816,16,0,0.4446460547118969,0.5128117320972841,32,late
32817,17,0,0.2418404184181233,0.4209747184643025,32,late
32818,18,0,0.686763286573275,0.4158186689309713,32,late
32819,19,0,0.9082975258808914,0.5671398499163336,32,late
32820,20,0,0.25153418117583437,0.5442339336095477,32,late
32821,21,0,0.9202319857906356,0.3816526391804408,32,late
32822,22,0,0.6488271680585896,0.4796284179059495,32,late
32823,23,0,0.8345440607260979,0.4263787061786529,32,late
32824,24,0,0.3476620436198463,0.4974398797920869,32,late
32825,25,0,0.9015760000909958,0.34639233004358133,32,late
32826,26,0,0.627234351900539,0.405942339333631,32,late
32827,27,0,0.09998452176170777,0.6540024875882215,32,late
32828,28,0,0.623397497435896,0.5107081407813656,32,late
32829,29,0,0.8988477086514917,0.3446284914454323,32,late
32830,30,0,0.6026723401441991,0.5227453679053196,32,late
32831,31,0,0.21229168513533714,0.5747928236725537,32,late
32832,32,0,0.3363869876391193,0.5022761019625881,32,late
32833,33,0,0.24377817031759397,0.36842508262094975,32,late
32834,34,0,0.3324180714819497,0.4592155861345848,32,late
32835,35,0,0.34954955272380195,0.3793669997375585,32,late
32836,36,0,0.5680890252378454,0.4731909127876386,32,late
32837,37,0,0.8454230813610242,0.4432414599250658,32,late
32838,38,0,0.6700860949086164,0.4189600337484874,32,late
32839,39,0,0.2744150412505189,0.4316259801507878,32,late
32840,40,0,0.22709224172815118,0.6464547060478082,32,late
32841,41,0,0.8537391086905495,0.5213920564649424,32,late
32842,42,0,0.602749303509102,0.5220970823354929,32,late
32843,43,0,0.2971416369873205,0.5597964243520922,32,late
32844,44,0,0.41592214228844465,0.4563610261015576,32,late
32845,45,0,0.14550535827972894,0.5207507154713541,32,late
32846,46,0,0.5950138171310755,0.38613490894160596,32,late
32847,47,0,0.19404437021309698,0.48174418202237773,32,late
32848,48,0,0.5876781982622782,0.45600204457107074,32,late
32849,49,0,0.8535192639112174,0.45067177974933825,32,late
32850,50,0,0.3457740677313705,0.4935535528836247,32,late
32851,51,0,0.17546462859246317,0.48769382632806163,32,late
32852,52,0,0.6110179112239725,0.4666606887915298,32,late
32853,53,0,0.8894896750660641,0.4347305447073229,32,late
32854,54,0,0.5254685836025228,0.4951606857837191,32,late
32855,55,0,0.7823022343389949,0.39916301039071533,32,late
32856,56,0,0.5577382878138679,0.6412655866731967,32,late
32857,57,0,0.7509299340966586,0.49120938852570417,32,late
32858,58,0,0.25754467602937764,0.5402368783823769,32,late
32859,59,0,0.8665528737547825,0.36994238351582137,32,late
32860,60,0,0.5970125721790696,0.33828046766743936,32,late
32861,61,0,0.8489398791294249,0.4825583714183589,32,late
32862,62,0,0.3772250436233022,0.4787433642908927,32,late
32863,63,0,0.1989067325196247,0.38110950493237117,32,late
32864,64,0,0.3509450831016651,0.4801612408647141,32,late
32865,65,0,0.17278110419447346,0.5865506808431352,32,late
32866,66,0,0.5597830003440262,0.5821806724672345,32,late
32867,67,0,0.9141829793733738,0.3946807629149872,32,late
32868,68,0,0.5391717080505599,0.5246748654621352,32,late
32869,69,0,0.15371236597582374,0.575823028816443,32,late
32870,70,0,0.3106155504987127,0.425928587667517,32,late
32871,71,0,0.2031613535569372,0.43125235114069643,32,late
32872,72,0,0.4112978924647632,0.4659003743684242,32,late
32873,73,0,0.6857541120629351,0.48911812870075305,32,late
32874,74,0,0.6946229352738577,0.42750911590213525,32,late
32875,75,0,0.8450327607555068,0.45883740917578797,32,late
32876,76,0,0.30291152280856515,0.4330499056143763,32,late
32877,77,0,0.8594582537365718,0.35054873857273827,32,late
32878,78,0,0.2556383383300601,0.4560732188530203,32,late
32879,79,0,0.8257933594991864,0.377105162805508,32,late
32880,80,0,0.31322542907176154,0.47370190854665983,32,late
32881,81,0,0.36167709278371507,0.6464194269714982,32,late
32882,82,0,0.608502467723845,0.44669562601957236,32,late
32883,83,0,0.6239365628251446,0.4634900414234622,32,late
32884,84,0,0.34146680087879455,0.556961351516992,32,late
32885,85,0,0.6022962346583427,0.3779964888015928,32,late
32886,86,0,0.6079858392016004,0.591500006891116,32,late
32887,87,0,0.5352608757378035,0.5613231819159705,32,late
32888,88,0,0.5430527078477658,0.4217961670622105,32,late
32889,89,0,0.5641718916106895,0.5342556989275677,32,late
32890,90,0,0.6327940567680057,0.45289229940159803,32,late
32891,91,0,0.6373775416910413,0.4748557016181827,32,late
32892,92,0,0.6389104563463026,0.4329778207883723,32,late
32893,93,0,0.4136867766795437,0.4819758271764544,32,late
32894,94,0,0.40651287419662235,0.4179603238683154,32,late
32895,95,0,0.3884926660645571,0.47483977671580146,32,late
32896,96,0,0.5915796947356482,0.41924829603483316,32,late
32897,97,0,0.6038217178301539,0.45152250115943793,32,late
32898,98,0,0.30736002198416723,0.5327085248168721,32,late
32899,99,0,0.5579980661055669,0.5002678340634092,32,late
32900,100,0,0.4246702391199385,0.547344691825752,32,late
32901,101,0,0.6067112539126914,0.46087520266381155,32,late
32902,102,0,0.5636654129452567,0.3567260782017711,32,late
32903,103,0,0.29821844454568447,0.4144544707341733,32,late
32904,104,0,0.40878138221425303,0.5959411433972853,32,late
32905,105,0,0.43108789208176906,0.3985063599177148,32,late
32906,106,0,0.6516786072713213,0.36959383940224727,32,late
32907,107,0,0.6553354566312382,0.458775713832282,32,late
32908,108,0,0.3943111753472909,0.46993471808326803,32,late
32909,109,0,0.6803232049229866,0.38867625037480025,32,late
32910,110,0,0.30783985527332697,0.4587798151210992,32,late
32911,111,0,0.6939145543411818,0.514474716885872,32,late
32912,112,0,0.3014301033971931,0.4187023786452768,32,late
32913,113,0,0.3838795343396452,0.4406119555298823,32,late
32914,114,0,0.6275074067123724,0.4802948118783956,32,late
32915,115,0,0.626384041129862,0.45499121306589996,32,late
32916,116,0,0.41661199664340387,0.5005874276773791,32,late
32917,117,0,0.29836175765433093,0.5051227850573654,32,late
32918,118,0,0.4643868599596175,0.544931038855369,32,late
32919,119,0,0.38711252483488584,0.4120357761237612,32,late
32920,120,0,0.8915005428692244,0.4301829414764481,32,late
32921,121,0,0.17400807159696893,0.6200873478730601,32,late
32922,122,0,0.21298909239419847,0.44426007374357934,32,late
32923,123,0,0.8263948076111827,0.32176613601546106,32,late
32924,124,0,0.331843298206442,0.5152315335627896,32,late
32925,125,0,0.6978643217290934,0.49779833343279434,32,late
32926,126,0,0.8673374367816173,0.4564681400205791,32,late
32927,127,0,0.29178892297772496,0.4885948786693908,32,late
32928,128,0,0.7461378063715158,0.40191375338269886,32,late
32929,129,0,0.21718240306217487,0.6197979767705861,32,late
32930,130,0,0.13412927033336008,0.52763769202549,32,late
32931,131,0,0.3015407943224576,0.45611096278719426,32,late
32932,132,0,0.22149391980206942,0.47732723559673196,32,late
32933,133,0,0.22043636803771333,0.632696887076883,32,late
32934,134,0,0.19381182639464622,0.5552457907550539,32,late
32935,135,0,0.8048187367963193,0.4158694084390012,32,late
32936,136,0,0.2868474633805909,0.5324066975382296,32,late
32937,137,0,0.31286653590850466,0.41255640856212594,32,late
32938,138,0,0.7595032608017218,0.29234022584627517,32,late
32939,139,0,0.2919572871173865,0.3936869318240257,32,late
32940,140,0,0.30204109365026804,0.5415763373652831,32,late
32941,141,0,0.5721058616728814,0.4930542811018664,32,late
32942,142,0,0.6699797011188608,0.4232326010645311,32,late
32943,143,0,0.8510317057259489,0.3996379491294252,32,late
32944,144,0,0.8184804478888881,0.31452984267572753,32,late
32945,145,0,0.35212348371815194,0.39895997574556796,32,late
32946,146,0,0.7910111911322264,0.5007742119354535,32,late
32947,147,0,0.33398459789942003,0.5847535641678507,32,late
32948,148,0,0.7876405573919825,0.5336719635518586,32,late
32949,149,0,0.32388263771891773,0.5887175153419308,32,late
32950,150,0,0.279062027508485,0.5693124988001679,32,late
32951,151,0,0.16979354885493758,0.4719031690168446,32,late
32952,152,0,0.2199398996921478,0.45901823788490115,32,late
32953,153,0,0.30456189704192643,0.53833867365993,32,late
32954,154,0,0.7632575403975084,0.6163750268052037,32,late
32955,155,0,0.17991775793704912,0.7248671593465288,32,late
32956,156,0,0.37440302035446793,0.4613904677857355,32,late
32957,157,0,0.5424274179036762,0.478264936110023,32,late
32958,158,0,0.4143388553190096,0.5135859820159023,32,late
32959,159,0,0.3365366485684776,0.47285887293635104,32,late
32960,160,0,0.35307895274319345,0.42158822904266957,32,late
32961,161,0,0.6410208859932811,0.3929865952909413,32,late
32962,162,0,0.656652380190522,0.39312006405283917,32,late
32963,163,0,0.6777413900389067,0.5169753341154893,32,late
32964,164,0,0.3674083758242981,0.4737770125810844,32,late
32965,165,0,0.41639266492119564,0.43244036056474944,32,late
32966,166,0,0.3693431217422724,0.4801134332259196,32,late
32967,167,0,0.7668259383703264,0.29641696815604346,32,late
32968,168,0,0.7764229288340041,0.46425679040097134,32,late
32969,169,0,0.4559461871030278,0.40444823481677483,32,late
32970,170,0,0.5889093459996539,0.36498061290501094,32,late
32971,171,0,0.8108137863088134,0.4972981521992563,32,late
32972,172,0,0.7417708747368783,0.4885154576952838,32,late
32973,173,0,0.3362010189873124,0.5320625583952753,32,late
32974,174,0,0.7987154581142588,0.4159682637226606,32,late
32975,175,0,0.4003328424741869,0.44986564456150147,32,late
32976,176,0,0.2951500411522438,0.4057751750157542,32,late
32977,177,0,0.7035408375687123,0.41042410485484604,32,late
32978,178,0,0.37756233346440904,0.539709819990298,32,late
32979,179,0,0.73715429957942,0.411885287527308,32,late
32980,180,0,0.8262899138196809,0.45337379358717833,32,late
32981,181,0,0.6365577033719881,0.4449899506983502,32,late
32982,182,0,0.32352232774067424,0.5557636049445283,32,late
32983,183,0,0.5774577450860359,0.5661776059675996,32,late
32984,184,0,0.6493536119549881,0.36747555067983756,32,late
32985,185,0,0.22763617384033608,0.5200901804557593,32,late
32986,186,0,0.40666581796665324,0.5652896733094488,32,late
32987,187,0,0.6532880798032095,0.559446350268479,32,late
32988,188,0,0.5329020247563407,0.4005062603907056,32,late
32989,189,0,0.28091989312860477,0.4295135212668122,32,late
32990,190,0,0.719731758782969,0.4291249015819265,32,late
32991,191,0,0.17508689711999062,0.4941559486590369,32,late
32992,192,0,0.5438964916596605,0.43366383669635555,32,late
32993,193,0,0.6847625156634444,0.39499087240455644,32,late
32994,194,0,0.7647902747020168,0.40333585468208316,32,late
32995,195,0,0.41892358757698966,0.4295791163179884,32,late
32996,196,0,0.7857299370611344,0.3576146070357844,32,late
32997,197,0,0.6625478187379144,0.3856772831205667,32,late
32998,198,0,0.327911843072244,0.5780539224142968,32,late
32999,199,0,0.6385652206997728,0.380657722651376,32,late
33000,0,0,0.773104804174511,0.8327969759592199,33,interleaved
33001,1,0,0.41798870163403334,0.4615277518138861,33,interleaved
33002,2,0,0.26379625731913364,0.5594100319655424,33,interleaved
33003,3,0,0.31443479813482456,0.5594925280670133,33,interleaved
33004,4,0,0.4351550457597152,0.4498365583550443,33,interleaved
33005,5,0,0.4193279805788288,0.5563556115143224,33,interleaved
33006,6,0,0.3953064546187056,0.5017564354891648,33,interleaved
33007,7,0,0.412558004540483,0.5718218811388551,33,interleaved
33008,8,0,0.4378198153032703,0.4405910120910375,33,interleaved
33009,9,0,0.5265854430670102,0.49805566206412977,33,interleaved
33010,10,0,0.7011114473986381,0.45036710614915787,33,interleaved
33011,11,0,0.5960005656546067,0.47649235859854744,33,interleaved
33012,12,0,0.3730693632797276,0.4848645391617404,33,interleaved
33013,13,0,0.5452386021264362,0.44806051348541875,33,interleaved
33014,14,0,0.3639207080849256,0.5093885636067205,33,interleaved
33015,15,0,0.5319905416390586,0.5227773993802235,33,interleaved
33016,16,0,0.7996419050054316,0.4988432421886353,33,interleaved
33017,17,0,0.4780620866757996,0.5519098025868552,33,interleaved
33018,18,0,0.37222019016909547,0.4738842983328997,33,interleaved
33019,19,0,0.2693203367643087,0.555447594442447,33,interleaved
33020,20,0,0.2789490910281802,0.3734773802213135,33,interleaved
33021,21,0,0.7113146162581887,0.5089348025346638,33,interleaved
33022,22,0,0.3678672075344136,0.5901336232187361,33,interleaved
33023,23,0,0.616029586172162,0.45299809983251094,33,interleaved
33024,24,0,0.8560395631980557,0.5409815535165573,33,interleaved
33025,25,0,0.6547990510485411,0.2876837784423416,33,interleaved
33026,26,0,0.4086773303384048,0.4905327899702021,33,interleaved
33027,27,0,0.49953902650481247,0.33983295161515803,33,interleaved
33028,28,0,0.7711460107132063,0.4229732890795525,33,interleaved
33029,29,0,0.4368472227235818,0.6513181695804542,33,interleaved
33030,30,0,0.7813067236874953,0.4946672899425736,33,interleaved
33031,31,0,0.30699347790769155,0.504096680017388,33,interleaved
33032,32,0,0.4368049724931043,0.4868884923307202,33,interleaved
33033,33,0,0.7614217115581854,0.547033871517286,33,interleaved
33034,34,0,0.7560531930498016,0.47037140207558026,33,interleaved
33035,35,0,0.2587747922387263,0.5207863932522792,33,interleaved
33036,36,0,0.861747911296949,0.45049991469233086,33,interleaved
33037,37,0,0.5937134289848844,0.43593102031701114,33,interleaved
33038,38,0,0.7586529787694627,0.3352328032747031,33,interleaved
33039,39,0,0.6145660191212285,0.4218411096496718,33,interleaved
33040,40,0,0.38395603838920633,0.4987558177058402,33,interleaved
33041,41,0,0.61032297638321,0.45134936132445014,33,interleaved
33042,42,0,0.6981252527604425,0.42192722231976026,33,interleaved
33043,43,0,0.3667188167973794,0.48394814671432096,33,interleaved
33044,44,0,0.3391676131463567,0.4589042686970144,33,interleaved
33045,45,0,0.4337416388704384,0.46975368366893255,33,interleaved
33046,46,0,0.844437962052612,0.4616036197287755,33,interleaved
33047,47,0,0.48050944963124836,0.5439103500034966,33,interleaved
33048,48,0,0.34458765852915824,0.5193494491223655,33,interleaved
33049,49,0,0.3993331065998836,0.5010229608800614,33,interleaved
33050,50,0,0.21335538481340802,0.5409234237452714,33,interleaved
33051,51,0,0.49209468083228247,0.5574782773709784,33,interleaved
33052,52,0,0.7958976977621689,0.3641903264488168,33,interleaved
33053,53,0,0.40056652765554857,0.5122551848621386,33,interleaved
33054,54,0,0.8098896934621055,0.38076393868345015,33,interleaved
33055,55,0,0.4469904503897695,0.5192828471622917,33,interleaved
33056,56,0,0.1844141669456832,0.4758223299616884,33,interleaved
33057,57,0,0.451408229683259,0.4093820043873892,33,interleaved
33058,58,0,0.6310151884689195,0.6489908396208559,33,interleaved
33059,59,0,0.4871393157555815,0.5381656998894109,33,interleaved
33060,60,0,0.8185445159647889,0.4007748811788887,33,interleaved
33061,61,0,0.49173360200126176,0.46412750361481075,33,interleaved
33062,62,0,0.2693621996276893,0.5270330951062719,33,interleaved
33063,63,0,0.5060806695886699,0.36001430816091495,33,interleaved
33064,64,0,0.16126644093800863,0.5922115125367098,33,interleaved
33065,65,0,0.574989036087954,0.4370493471426494,33,interleaved
33066,66,0,0.6789683354862301,0.5504825841979726,33,interleaved
33067,67,0,0.609457751325523,0.4655851984612688,33,interleaved
33068,68,0,0.20126727861598137,0.4168690094884164,33,interleaved
33069,69,0,0.4497800713529469,0.37059316605086545,33,interleaved
33070,70,0,0.8754310739949173,0.368810697444687,33,interleaved
33071,71,0,0.5019279150933387,0.41372320858399947,33,interleaved
33072,72,0,0.11219553574091777,0.5287845497556357,33,interleaved
33073,73,0,0.4797905343364478,0.5517284761611092,33,interleaved
33074,74,0,0.2411135850786078,0.4654448805984194,33,interleaved
33075,75,0,0.4197738700900389,0.36860937833518903,33,interleaved
33076,76,0,0.20891567005403913,0.5827714150591891,33,interleaved
33077,77,0,0.5132206861123871,0.4035005445736828,33,interleaved
33078,78,0,0.686045378453269,0.4989317864884618,33,interleaved
33079,79,0,0.6075494172989384,0.3590058049822793,33,interleaved
33080,80,0,0.8084610152645564,0.5159791998833259,33,interleaved
33081,81,0,0.5711884294869711,0.5676582020791057,33,interleaved
33082,82,0,0.8066502348562685,0.3513996465182859,33,interleaved
33083,83,0,0.5430039407132564,0.40439412658950413,33,interleaved
33084,84,0,0.8325765542773093,0.4514292411302483,33,interleaved
33085,85,0,0.4598836653167596,0.42745351831730405,33,interleaved
33086,86,0,0.17790346494669165,0.34637031489921155,33,interleaved
33087,87,0,0.7073587536979278,0.6609438811420985,33,interleaved
33088,88,0,0.8045861973215283,0.49057310739579335,33,interleaved
33089,89,0,0.48434927201201267,0.5564148664080899,33,interleaved
33090,90,0,0.16824085231522318,0.48262681611339897,33,interleaved
33091,91,0,0.5323139130427875,0.5121706353544314,33,interleaved
33092,92,0,0.859411646181389,0.38761727952149616,33,interleaved
33093,93,0,0.4466470551410783,0.3906966885399026,33,interleaved
33094,94,0,0.8179247847802884,0.45556059204940363,33,interleaved
33095,95,0,0.46662480625571123,0.4393800758351476,33,interleaved
33096,96,0,0.7590003013384229,0.37452105003148056,33,interleaved
33097,97,0,0.5251701728929935,0.4357333668539922,33,interleaved
33098,98,0,0.7967324313275557,0.4046263669490397,33,interleaved
33099,99,0,0.6110825799693764,0.5792075728787596,33,interleaved
33100,100,0,0.21552535667040476,0.5408294627563549,33,interleaved
33101,101,0,0.49367636005099796,0.49574543787863967,33,interleaved
33102,102,0,0.20242376080139807,0.46941859089942084,33,interleaved
33103,103,0,0.7155367296677162,0.619612965051491,33,interleaved
33104,104,0,0.8137193818633102,0.43732690055496226,33,interleaved
33105,105,0,0.4514318739844129,0.46974485825529344,33,interleaved
33106,106,0,0.7736216588269527,0.4538040493075306,33,interleaved
33107,107,0,0.479271653278698,0.37291091960818545,33,interleaved
33108,108,0,0.11971244529901723,0.451206811820958,33,interleaved
33109,109,0,0.29759232728973645,0.4696793272201505,33,interleaved
33110,110,0,0.34024765402630613,0.537956129572645,33,interleaved
33111,111,0,0.3595467415653534,0.5096972757924438,33,interleaved
33112,112,0,0.7452454389995475,0.44566498347146777,33,interleaved
33113,113,0,0.6003095748486031,0.4374265385762971,33,interleaved
33114,114,0,0.8479996915714909,0.3949747578807647,33,interleaved
33115,115,0,0.5212350487031898,0.3465208483860531,33,interleaved
33116,116,0,0.3573330747314723,0.5046922918391077,33,interleaved
33117,117,0,0.3750675850950237,0.46958558089710445,33,interleaved
33118,118,0,0.6970118798326189,0.44131116072570076,33,interleaved
33119,119,0,0.5405944849896589,0.4427735164269838,33,interleaved
33120,120,0,0.8545197159471123,0.425123977901683,33,interleaved
33121,121,0,0.5080204685619083,0.46018136423602995,33,interleaved
33122,122,0,0.2178842525475517,0.535069803854402,33,interleaved
33123,123,0,0.36908510168585956,0.5399091672724026,33,interleaved
33124,124,0,0.7813376613926271,0.4094035695083201,33,interleaved
33125,125,0,0.5552999621397484,0.41885827961205835,33,interleaved
33126,126,0,0.35777010119764396,0.3849559487401605,33,interleaved
33127,127,0,0.6784614931707679,0.4037166002995596,33,interleaved
33128,128,0,0.1960474533337049,0.36564774736816963,33,interleaved
33129,129,0,0.2823149634838423,0.5479805012760809,33,interleaved
33130,130,0,0.6765201884544749,0.5011029576940793,33,interleaved
33131,131,0,0.48891303994136115,0.5301232677226141,33,interleaved
33132,132,0,0.3260990169061694,0.4859178392719704,33,interleaved
33133,133,0,0.39078083904886174,0.3696616202186668,33,interleaved
33134,134,0,0.15248624856125903,0.4946281547871315,33,interleaved
33135,135,0,0.6025574594930094,0.4784892762606276,33,interleaved
33136,136,0,0.3804444419289911,0.5322183863664842,33,interleaved
33137,137,0,0.5573244956486676,0.4838263762253141,33,interleaved
33138,138,0,0.3554046829180656,0.45086578610711986,33,interleaved
33139,139,0,0.7162566719674187,0.39727531723872356,33,interleaved
33140,140,0,0.8761637578832033,0.4328678772884127,33,interleaved
33141,141,0,0.5389145177846051,0.470382544416767,33,interleaved
33142,142,0,0.18573547935105866,0.436379708508493,33,interleaved
33143,143,0,0.25524123428059486,0.5454528075158707,33,interleaved
33144,144,0,0.7951099380060703,0.41692952976860875,33,interleaved
33145,145,0,0.4956422452945593,0.44342345404906863,33,interleaved
33146,146,0,0.8332895196413415,0.38730368538552207,33,interleaved
33147,147,0,0.39074552161377807,0.5370083665991807,33,interleaved
33148,148,0,0.8546227162718405,0.37378180349111756,33,interleaved
33149,149,0,0.5714360262711813,0.46250202515081223,33,interleaved
33150,150,0,0.15390839333661208,0.3844554608348868,33,interleaved
33151,151,0,0.4915951366248198,0.36315629582725223,33,interleaved
33152,152,0,0.9363896207036293,0.5503322539702724,33,interleaved
33153,153,0,0.3216444764771649,0.7165169738030066,33,interleaved
33154,154,0,0.23243469377809123,0.5214857478101776,33,interleaved
33155,155,0,0.5808588449777258,0.34981357131740864,33,interleaved
33156,156,0,0.2595246340456305,0.4853978311836295,33,interleaved
33157,157,0,0.36887108950122643,0.38605678834375,33,interleaved
33158,158,0,0.7787483904071449,0.5368427076646303,33,interleaved
33159,159,0,0.6802649102133338,0.41041719610120125,33,interleaved
33160,160,0,0.5041914888137708,0.42746550501850483,33,interleaved
33161,161,0,0.5191164074388578,0.5092093976901446,33,interleaved
33162,162,0,0.7260694380030752,0.41911176324849764,33,interleaved
33163,163,0,0.43170455230318644,0.359930435665959,33,interleaved
33164,164,0,0.8777192455386,0.47959863050783225,33,interleaved
33165,165,0,0.20313648350997773,0.5804336069055978,33,interleaved
33166,166,0,0.5480696928927061,0.5370352929831446,33,interleaved
33167,167,0,0.5475869413590027,0.3654407481687689,33,interleaved
33168,168,0,0.19842858786377193,0.4616336901480809,33,interleaved
33169,169,0,0.5025331669925622,0.4093932081909988,33,interleaved
33170,170,0,0.5004290195401183,0.5787824000618377,33,interleaved
33171,171,0,0.845115431966918,0.24464280997419274,33,interleaved
33172,172,0,0.6367199584102116,0.3928487061910209,33,interleaved
33173,173,0,0.5308422742005592,0.48973427235353273,33,interleaved
33174,174,0,0.4628476458359389,0.4096747260511615,33,interleaved
33175,175,0,0.16727981638208717,0.42307071580791566,33,interleaved
33176,176,0,0.5281985214413705,0.5083355923475071,33,interleaved
33177,177,0,0.2278467870229573,0.4308540988030868,33,interleaved
33178,178,0,0.3733257024183752,0.43441709196915157,33,interleaved
33179,179,0,0.3717967174104662,0.5098517270195699,33,interleaved
33180,180,0,0.4170275314278005,0.3780847479946619,33,interleaved
33181,181,0,0.6428856014841988,0.4352749301203478,33,interleaved
33182,182,0,0.6171615944261267,0.5151412650046051,33,interleaved
33183,183,0,0.7331508144985408,0.43808925878542043,33,interleaved
33184,184,0,0.40335257790860557,0.5213041339782927,33,interleaved
33185,185,0,0.53672986991553,0.45471251963096637,33,interleaved
33186,186,0,0.532812498682542,0.5872608663575628,33,interleaved
33187,187,0,0.9015046554014966,0.41071116360994553,33,interleaved
33188,188,0,0.17416128899600042,0.41789355903524994,33,interleaved
33189,189,0,0.6235072654258,0.4570378372969359,33,interleaved
33190,190,0,0.3269914864477978,0.4631802969969917,33,interleaved
33191,191,0,0.42639390890858564,0.3860293259826035,33,interleaved
33192,192,0,0.18471932063138696,0.6064811867306221,33,interleaved
33193,193,0,0.29024717537061057,0.5143870674475481,33,interleaved
33194,194,0,0.8340836759339041,0.37972806158715355,33,interleaved
33195,195,0,0.18174652131631405,0.40905826389868355,33,interleaved
33196,196,0,0.6179253262066228,0.4479168765002062,33,interleaved
33197,197,0,0.5928484752391903,0.5295739037912903,33,interleaved
33198,198,0,0.6272563736707311,0.5432915796804335,33,interleaved
33199,199,0,0.8571198845009309,0.3913883253225737,33,interleaved
33200,0,0,0.08233650330958442,0.8900759346520811,33,blocked
33201,1,0,0.9792104025900734,0.6435291646223364,33,blocked
33202,2,1,0.01656361953542178,1.096816107703726,33,blocked
33203,3,2,0.10129558248296587,0.844197151222776,33,blocked
33204,4,3,0.018387185974368912,1.011076869496009,33,blocked
33205,5,4,0.12562824592918528,1.27214047080225,33,blocked
33206,6,5,0.9738667949610735,0.8734672250139275,33,blocked
33207,7,6,0.06674821002272133,0.8050111911245794,33,blocked
33208,8,7,0.9870555605713754,0.9014355110127696,33,blocked
33209,9,6,0.4687181377914575,0.6658914114689156,33,blocked
33210,10,6,0.5064143893858618,0.708582391931772,33,blocked
33211,11,6,0.4823355997519058,0.6892427449456218,33,blocked
33212,12,6,0.4481594933177206,0.6993111918817461,33,blocked
33213,13,8,0.49294117468748055,0.8575472070046322,33,blocked
33214,14,0,0.966006806109893,0.4134838034150839,33,blocked
33215,15,6,0.4778052168280569,0.6707058957363137,33,blocked
33216,16,9,0.5339381174241126,0.8311039997527316,33,blocked
33217,17,0,0.9550673424930394,0.6985019802137284,33,blocked
33218,18,6,0.15717251182496844,0.7873007436891999,33,blocked
33219,19,5,0.9898693048446359,0.5350785750132825,33,blocked
33220,20,0,0.9009443656695657,0.6395087203585791,33,blocked
33221,21,10,0.0447518101231648,0.7762523630447136,33,blocked
33222,22,6,0.41476978356363864,0.7478126326600647,33,blocked
33223,23,6,0.5087597768725007,0.7364387832430863,33,blocked
33224,24,6,0.5091745877833737,0.6825100665667141,33,blocked
33225,25,6,0.48505980394876974,0.5628366383718147,33,blocked
33226,26,6,0.5259520746770244,0.5483493603381651,33,blocked
33227,27,6,0.06922645140268308,0.7267895073022708,33,blocked
33228,28,6,0.648306669654295,0.6668835022888564,33,blocked
33229,29,6,0.49433250259703654,0.7140999514360691,33,blocked
33230,30,6,0.49500732679195336,0.7850291773499587,33,blocked
33231,31,6,0.5455330845655606,0.7423795863588987,33,blocked
33232,32,6,0.5294731502016325,0.6017858597396342,33,blocked
33233,33,6,0.5383535174610857,0.8784248582682399,33,blocked
33234,34,6,0.5213305297642948,0.744763001400655,33,blocked
33235,35,6,0.5223631816418958,0.5759126744243209,33,blocked
33236,36,6,0.5334989105801906,0.45814124129189193,33,blocked
33237,37,6,0.5327896308194148,0.5514291285647901,33,blocked
33238,38,5,0.9028662594105816,0.8346200592350386,33,blocked
33239,39,6,0.5255171230328939,0.5059153735419765,33,blocked
33240,40,6,0.7881519385120681,0.5306758979153094,33,blocked
33241,41,0,0.7222710025406915,0.595252635976951,33,blocked
33242,42,6,0.04678343724846353,0.748965783074242,33,blocked
33243,43,6,0.05388253010259088,0.7745510415566683,33,blocked
33244,44,6,0.9049880592928814,0.49468685570159515,33,blocked
33245,45,0,0.8891298360902059,0.5252139372191875,33,blocked
33246,46,6,0.9057527222686861,0.5728225246561416,33,blocked
33247,47,6,0.045858465044551794,0.6492604272233443,33,blocked
33248,48,6,0.03682031124948099,0.6160379215016709,33,blocked
33249,49,6,0.0890560167060152,0.7338184075771026,33,blocked
33250,50,6,0.09005607414447905,0.572037180765407,33,blocked
33251,51,6,0.12933828264296177,0.6031659955828613,33,blocked
33252,52,6,0.7341689837302554,0.49440568492281145,33,blocked
33253,53,6,0.8470031111155016,0.4029877109916612,33,blocked
33254,54,6,0.12747594006718824,0.6113199964734204,33,blocked
33255,55,6,0.8113355242530311,0.4029753080836756,33,blocked
33256,56,6,0.8896228721259538,0.5789166208649325,33,blocked
33257,57,6,0.9082417454101621,0.58056093074862,33,blocked
33258,58,6,0.06133513564323362,0.620757234894697,33,blocked
33259,59,6,0.1843675405807235,0.6041648106189581,33,blocked
33260,60,6,0.8121254126467493,0.592987356512742,33,blocked
33261,61,6,0.05449957713807243,0.6224900730721026,33,blocked
33262,62,6,0.6012871666367113,0.4650539566557689,33,blocked
33263,63,6,0.8388204508451811,0.36899719710349926,33,blocked
33264,64,6,0.08116505006583442,0.5973333585018185,33,blocked
33265,65,6,0.779623634568893,0.3988335370027121,33,blocked
33266,66,6,0.09527697209614797,0.6322010357622054,33,blocked
33267,67,6,0.8995207278474449,0.42788912023063896,33,blocked
33268,68,6,0.15673455633531194,0.5221990904924336,33,blocked
33269,69,6,0.7975083136868887,0.4308129763947458,33,blocked
33270,70,6,0.8024161840038178,0.5376820296350808,33,blocked
33271,71,6,0.07833677891056023,0.6036498602778688,33,blocked
33272,72,6,0.18534210097982384,0.5238371451264224,33,blocked
33273,73,6,0.8031046318597923,0.3444887978441191,33,blocked
33274,74,6,0.6735219843035029,0.5092240889289179,33,blocked
33275,75,6,0.788152081550263,0.3886600909431219,33,blocked
33276,76,6,0.8193175159207469,0.5170119878747499,33,blocked
33277,77,6,0.8361515371819377,0.47372425740053126,33,blocked
33278,78,6,0.8093387138107844,0.45781850788337997,33,blocked
33279,79,6,0.09004292988540671,0.7384475093365439,33,blocked
33280,80,6,0.7520325554717928,0.7747136003722763,33,blocked
33281,81,6,0.762089249506535,0.39339417958261325,33,blocked
33282,82,6,0.7721671766038476,0.43552947027045913,33,blocked
33283,83,6,0.8867654412167929,0.4741889149667612,33,blocked
33284,84,6,0.818876214253954,0.4126440947550123,33,blocked
33285,85,6,0.8600152674734494,0.39289386720465835,33,blocked
33286,86,6,0.7236613814068693,0.3467218628399059,33,blocked
33287,87,6,0.7837009229427809,0.458644962352887,33,blocked
33288,88,6,0.22013440679525995,0.4601779985882406,33,blocked
33289,89,6,0.8594533468527266,0.37477403968710393,33,blocked
33290,90,6,0.8118946518201531,0.5168329136097529,33,blocked
33291,91,6,0.16678171437589004,0.5337550323397346,33,blocked
33292,92,6,0.2894763753252858,0.5718553116842788,33,blocked
33293,93,6,0.8682397317966539,0.5209943864459066,33,blocked
33294,94,6,0.32379389514048584,0.5634356263006929,33,blocked
33295,95,6,0.2518913995868224,0.4705802981410968,33,blocked
33296,96,6,0.4592224144226595,0.8805495600388085,33,blocked
33297,97,6,0.5916284002692057,0.338338901646574,33,blocked
33298,98,6,0.41075328968708036,0.6725961875827073,33,blocked
33299,99,6,0.43727381564450174,0.6323615479083096,33,blocked
33300,100,6,0.8335299898715609,0.5194427780653806,33,blocked
33301,101,6,0.5102312875225268,0.43402562408310574,33,blocked
33302,102,6,0.30660707351120053,0.4271226291274365,33,blocked
33303,103,6,0.5009144312262973,0.4538390000032687,33,blocked
33304,104,6,0.4286947466159373,0.6209527333647932,33,blocked
33305,105,6,0.19192142886098332,0.40267811132958153,33,blocked
33306,106,6,0.44633386312290335,0.5322673710985641,33,blocked
33307,107,6,0.6013901870323847,0.5405016421825322,33,blocked
33308,108,6,0.5457302279553959,0.57615721867522,33,blocked
33309,109,6,0.2980652478240138,0.5276406856950975,33,blocked
33310,110,6,0.5547863492866857,0.3701401170930674,33,blocked
33311,111,6,0.534359707750501,0.4427032591966807,33,blocked
33312,112,6,0.6143854031774288,0.3984583225127201,33,blocked
33313,113,6,0.543623388923258,0.4609111086763584,33,blocked
33314,114,6,0.7803542890287261,0.4979933109300577,33,blocked
33315,115,6,0.5649782622185366,0.45873119100978943,33,blocked
33316,116,6,0.5061979047942119,0.4223467618095935,33,blocked
33317,117,6,0.5788708800840314,0.3269544968903191,33,blocked
33318,118,6,0.5043724900513497,0.4034684504881452,33,blocked
33319,119,6,0.5273584131367705,0.5052767997620679,33,blocked
33320,120,6,0.19546715649366866,0.5535091522757366,33,blocked
33321,121,6,0.25532297692210015,0.49472626461455094,33,blocked
33322,122,6,0.33697424872004034,0.5086745016448753,33,blocked
33323,123,6,0.5843730379619264,0.48226641603260556,33,blocked
33324,124,6,0.6325354107805753,0.42156429606725,33,blocked
33325,125,6,0.31582598744112667,0.5884458003528079,33,blocked
33326,126,6,0.7291794146620239,0.6199190961599774,33,blocked
33327,127,6,0.7449833695148546,0.3993653026359246,33,blocked
33328,128,6,0.7173462813752047,0.36521029906507796,33,blocked
33329,129,6,0.7744485551328555,0.35326919422027103,33,blocked
33330,130,6,0.2173753025048611,0.4930134481269228,33,blocked
33331,131,6,0.10228512783594207,0.6360462220585479,33,blocked
33332,132,6,0.7877872151087756,0.46380410856680154,33,blocked
33333,133,6,0.7278884413352369,0.41066029697699613,33,blocked
33334,134,6,0.8091332339682091,0.44344650333138147,33,blocked
33335,135,6,0.225879897784897,0.5894876329519451,33,blocked
33336,136,6,0.797203712231673,0.435767663734108,33,blocked
33337,137,6,0.7924781310835121,0.40910736945055454,33,blocked
33338,138,6,0.09585140581092629,0.524046550573219,33,blocked
33339,139,6,0.12012709643622127,0.5501333310488368,33,blocked
33340,140,6,0.7536141395877829,0.4736031893845853,33,blocked
33341,141,6,0.747624321466084,0.35996309809796845,33,blocked
33342,142,6,0.135561862013398,0.5968925222940118,33,blocked
33343,143,6,0.6388201581624673,0.4799400957306851,33,blocked
33344,144,6,0.2705415051315763,0.5178443885977551,33,blocked
33345,145,6,0.7797231752484446,0.4106053832727889,33,blocked
33346,146,6,0.7734455352031251,0.4187523159758744,33,blocked
33347,147,6,0.6340073405283708,0.4889222094988832,33,blocked
33348,148,6,0.15473843622058184,0.5017019136087473,33,blocked
33349,149,6,0.21620193899425483,0.5410270203364809,33,blocked
33350,150,6,0.18322932338940834,0.45268950159058624,33,blocked
33351,151,6,0.15431174041805068,0.538420465721483,33,blocked
33352,152,6,0.6383521568723293,0.3928612923681735,33,blocked
33353,153,6,0.5760978570650467,0.4716370621596969,33,blocked
33354,154,6,0.6409353367814994,0.6223517460312618,33,blocked
33355,155,6,0.6855140026427515,0.5599947855173931,33,blocked
33356,156,6,0.7881967054769294,0.4300576975211422,33,blocked
33357,157,6,0.7595835325625844,0.37136948182230833,33,blocked
33358,158,6,0.7013399338927233,0.4672915112290281,33,blocked
33359,159,6,0.21716579914458034,0.47838761736781055,33,blocked
33360,160,6,0.586316449888748,0.3321303317686912,33,blocked
33361,161,6,0.7524325588923504,0.43185436270356514,33,blocked
33362,162,6,0.6950572255644224,0.4836543860683354,33,blocked
33363,163,6,0.36189425582104184,0.535458986312481,33,blocked
33364,164,6,0.7416779473346986,0.3752957978257083,33,blocked
33365,165,6,0.5227810829453965,0.5189350155655414,33,blocked
33366,166,6,0.7822601403296177,0.4056753385729799,33,blocked
33367,167,6,0.7665840861549559,0.35995496028672375,33,blocked
33368,168,6,0.18777711808059855,0.45875917209178585,33,blocked
33369,169,6,0.5981980260689029,0.5800092988890135,33,blocked
33370,170,6,0.723045088820835,0.5334308190343348,33,blocked
33371,171,6,0.6971792564496515,0.46892268506822277,33,blocked
33372,172,6,0.5999482052232616,0.3700938114509766,33,blocked
33373,173,6,0.7771309920474252,0.4819261154185146,33,blocked
33374,174,6,0.48579185051391105,0.5053945209321583,33,blocked
33375,175,6,0.5027109764398392,0.44204056452336954,33,blocked
33376,176,6,0.1316028516764074,0.528954315104332,33,blocked
33377,177,6,0.5938204163993285,0.5548356017928432,33,blocked
33378,178,6,0.5663944554530731,0.38821425537527343,33,blocked
33379,179,6,0.7327978648945682,0.35518472010436275,33,blocked
33380,180,6,0.7758415674510719,0.3664138943224837,33,blocked
33381,181,6,0.662356961860118,0.35559581146171443,33,blocked
33382,182,6,0.6608443321124899,0.5082986982733473,33,blocked
33383,183,6,0.6003141590633183,0.41215530814369405,33,blocked
33384,184,6,0.6801255085510636,0.42682550296164035,33,blocked
33385,185,6,0.28032339987351124,0.4376105836327131,33,blocked
33386,186,6,0.4103525817893922,0.40915136826309184,33,blocked
33387,187,6,0.6431204650290001,0.4612050812468811,33,blocked
33388,188,6,0.6518958979377734,0.4367810847512119,33,blocked
33389,189,6,0.49822414101628903,0.489416929862882,33,blocked
33390,190,6,0.3728061740538513,0.4677071482996842,33,blocked
33391,191,6,0.19906425392077082,0.6574409123807237,33,blocked
33392,192,6,0.5578599413029849,0.25317542779981494,33,blocked
33393,193,6,0.7511834383411788,0.459414494002218,33,blocked
33394,194,6,0.16461927090827214,0.50396079097843,33,blocked
33395,195,6,0.6691926595482061,0.49326773278125413,33,blocked
33396,196,6,0.4341893127045145,0.42631248293992086,33,blocked
33397,197,6,0.33680827323188617,0.47098491468878334,33,blocked
33398,198,6,0.6445729366043926,0.3641003530762968,33,blocked
33399,199,6,0.43110494458359616,0.40204653278513447,33,blocked
33400,0,0,0.6010939705163837,0.56055767680081,33,early
33401,1,0,0.44599384903282896,0.6142463072717368,33,early
33402,2,0,0.6177173332982999,0.4863617412644113,33,early
33403,3,1,0.4636085129146552,0.8211808620399164,33,early
33404,4,0,0.5342145669902216,0.6417583172375179,33,early
33405,5,0,0.5932474214408369,0.4836709479822586,33,early
33406,6,0,0.5419837343983659,0.6767610156053296,33,early
33407,7,0,0.5885468396290441,0.4323967586425561,33,early
33408,8,0,0.4141204907974086,0.5338223659565662,33,early
33409,9,0,0.6824661669828759,0.5582115895826492,33,early
33410,10,0,0.41117717703357476,0.6519375970851499,33,early
33411,11,0,0.4699862020415617,0.7129211114597783,33,early
33412,12,2,0.35977370904031414,0.8310728576617692,33,early
33413,13,0,0.5669583017351221,0.588808247440155,33,early
33414,14,0,0.6619941522714267,0.5859539096182113,33,early
33415,15,0,0.4615965607649484,0.4159956443352313,33,early
33416,16,0,0.5193464086979275,0.55421868540132,33,early
33417,17,0,0.4390812506914408,0.6680275596194187,33,early
33418,18,0,0.4323317466424329,0.526369132628957,33,early
33419,19,0,0.6847716664410252,0.4440031382951094,33,early
33420,20,0,0.46772971199457075,0.5721748744718693,33,early
33421,21,0,0.5132876597911741,0.5423507599990854,33,early
33422,22,0,0.48683579603659577,0.40964949824294705,33,early
33423,23,0,0.5535335482805692,0.40745688705813266,33,early
33424,24,0,0.48653421292058424,0.6238126187153397,33,early
33425,25,0,0.5391487807855597,0.5655745861631658,33,early
33426,26,0,0.6506329493589583,0.4716612052371336,33,early
33427,27,0,0.5093811146531557,0.5564224070027117,33,early
33428,28,0,0.6755471787469216,0.5688868478942447,33,early
33429,29,0,0.5487472035144687,0.44436430358858425,33,early
33430,30,0,0.5351839780803733,0.41867361158014793,33,early
33431,31,0,0.3718343184531038,0.5111100782832483,33,early
33432,32,0,0.7615441486176836,0.4863077161403486,33,early
33433,33,0,0.8339410019736597,0.39833036652108667,33,early
33434,34,0,0.42314405610828604,0.5288333558190953,33,early
33435,35,0,0.4716911240809094,0.4675488363203535,33,early
33436,36,0,0.40413333804627627,0.493614216160134,33,early
33437,37,0,0.6148768377291332,0.4136314215565201,33,early
33438,38,0,0.4614613105172778,0.4115249401723398,33,early
33439,39,0,0.4593667853885727,0.39341331480282016,33,early
33440,40,0,0.46143361620793155,0.37580981137686076,33,early
33441,41,0,0.6737102630448648,0.43286076771253384,33,early
33442,42,0,0.4911936878435681,0.49243881713640253,33,early
33443,43,0,0.4634230117641548,0.5114750397155783,33,early
33444,44,0,0.5971484765563915,0.34733824428095683,33,early
33445,45,0,0.3521032031328807,0.35262234256410185,33,early
33446,46,0,0.5597147756407541,0.38810290011099424,33,early
33447,47,0,0.5210626836083,0.4165676595981308,33,early
33448,48,0,0.20785748739058016,0.4251456757535382,33,early
33449,49,0,0.4094519767914484,0.3934514547919611,33,early
33450,50,0,0.4993549233259444,0.4008762961566854,33,early
33451,51,0,0.6312680150997435,0.4037958792735582,33,early
33452,52,0,0.5321063858130857,0.4710038264782201,33,early
33453,53,0,0.5180415198879568,0.46696386124032113,33,early
33454,54,0,0.8123551516324988,0.33758681334158425,33,early
33455,55,0,0.5442902455262847,0.4316570526620361,33,early
33456,56,0,0.5750133327519853,0.44635430663836606,33,early
33457,57,0,0.5839034304612155,0.3461218671086285,33,early
33458,58,0,0.9445410849233054,0.5944213256445635,33,early
33459,59,0,0.29253034937418304,0.4618307538994998,33,early
33460,60,0,0.3770379895004239,0.4096920935874931,33,early
33461,61,0,0.5997181096094977,0.3614850926728566,33,early
33462,62,0,0.454945486208835,0.44485671311075103,33,early
33463,63,0,0.7974020727926447,0.35319503448068207,33,early
33464,64,0,0.6902072705788949,0.40034123564335233,33,early
33465,65,0,0.6921588483994904,0.5053854015062326,33,early
33466,66,0,0.7315040892082469,0.4623147862542484,33,early
33467,67,0,0.7182694771237101,0.4974216956641513,33,early
33468,68,0,0.535877956983114,0.38666981644581677,33,early
33469,69,0,0.18862363846416508,0.4267137790004621,33,early
33470,70,0,0.5484773021207021,0.43224185862482833,33,early
33471,71,0,0.5366592807223497,0.4792621128478613,33,early
33472,72,0,0.5151717930401739,0.50127754663155,33,early
33473,73,0,0.27539608448875963,0.4545737370514389,33,early
33474,74,0,0.3346717697078119,0.4425901486080091,33,early
33475,75,0,0.39292186942229806,0.3205314390772222,33,early
33476,76,0,0.5963772945102375,0.43550538119657745,33,early
33477,77,0,0.7141286874249251,0.34600544697774605,33,early
33478,78,0,0.5363616944339004,0.42464916669511554,33,early
33479,79,0,0.32703756432659975,0.4305487394249783,33,early
33480,80,0,0.3436677299612655,0.3049671844799078,33,early
33481,81,0,0.7579060233323693,0.5066307050607102,33,early
33482,82,0,0.2795702875266361,0.46725815002720383,33,early
33483,83,0,0.255887234628591,0.4395171586560796,33,early
33484,84,0,0.7109450853989385,0.4305758651738105,33,early
33485,85,0,0.4564274772559046,0.4651559620367887,33,early
33486,86,0,0.5435055238341462,0.35295462143497564,33,early
33487,87,0,0.7413410803717925,0.43427962124693964,33,early
33488,88,0,0.33116416777312374,0.33350731020211394,33,early
33489,89,0,0.7911002468136314,0.39056559700709564,33,early
33490,90,0,0.6964456232353957,0.35223846913376333,33,early
33491,91,0,0.4446696662422956,0.3986342658537375,33,early
33492,92,0,0.3506790528722855,0.3065096988996272,33,early
33493,93,0,0.3955237117305136,0.31403234980368455,33,early
33494,94,0,0.602986303666992,0.28791579383041654,33,early
33495,95,0,0.7378694271782326,0.39148383024205,33,early
33496,96,0,0.4366540684852779,0.3979833817649432,33,early
33497,97,0,0.6734961739857939,0.3082104620495136,33,early
33498,98,0,0.5063799764710684,0.39805245320209615,33,early
33499,99,0,0.5726353145579501,0.4725992141664194,33,early
33500,100,0,0.23566019733389681,0.4778317297845476,33,early
33501,101,0,0.6418913536775781,0.3709376682425256,33,early
33502,102,0,0.5328462454766562,0.4440088643519061,33,early
33503,103,0,0.5106660055534854,0.32676626822198573,33,early
33504,104,0,0.7868967811685423,0.4237721892944939,33,early
33505,105,0,0.7900109152146113,0.34788916785031676,33,early
33506,106,0,0.3181005375283447,0.4606504545304761,33,early
33507,107,0,0.6657505071974297,0.47692455179096555,33,early
33508,108,0,0.3763139054641854,0.4089112482694421,33,early
33509,109,0,0.4335754053350419,0.536084306882977,33,early
33510,110,0,0.48359027013561057,0.35538594446057936,33,early
33511,111,0,0.6304666053655728,0.346172120024814,33,early
33512,112,0,0.2925725425100358,0.42250810572929454,33,early
33513,113,0,0.3143413112482902,0.42299461629486507,33,early
33514,114,0,0.42205552027851184,0.26952994147514303,33,early
33515,115,0,0.5235930299733478,0.5449398436390706,33,early
33516,116,0,0.292049419828486,0.4437046882856574,33,early
33517,117,0,0.5648196964961976,0.3543451825352238,33,early
33518,118,0,0.6734693304962283,0.4194890436007993,33,early
33519,119,0,0.4434410902090367,0.47413990468438294,33,early
33520,120,0,0.8359640230214316,0.36846742635701324,33,early
33521,121,0,0.7401023610077337,0.4601187865177082,33,early
33522,122,0,0.7720403181357742,0.4692126446289316,33,early
33523,123,0,0.549984058826746,0.33616592026082354,33,early
33524,124,0,0.47591967547710545,0.36376159825289206,33,early
33525,125,0,0.5911520368213264,0.44893828164901795,33,early
33526,126,0,0.5586929067761356,0.37216505756029616,33,early
33527,127,0,0.6788204162436958,0.3954683527009534,33,early
33528,128,0,0.43048498173007466,0.4780271304870769,33,early
33529,129,0,0.5319677975508403,0.362193548334815,33,early
33530,130,0,0.5375320376138801,0.440244821736105,33,early
33531,131,0,0.4290603435644996,0.34610945284928907,33,early
33532,132,0,0.723812153342257,0.31870063734693355,33,early
33533,133,0,0.5440186643210527,0.339582579527781,33,early
33534,134,0,0.5269499952225865,0.27711796700405955,33,early
33535,135,0,0.39754043568788167,0.6032404044964139,33,early
33536,136,0,0.4223843658290332,0.25928197192198804,33,early
33537,137,0,0.6057394543422686,0.3747249192206213,33,early
33538,138,0,0.39938930025435593,0.48745029951313884,33,early
33539,139,0,0.6717705048496694,0.3467005211655504,33,early
33540,140,0,0.33913170711769974,0.3899051880517145,33,early
33541,141,0,0.6693604650351841,0.34486895226191694,33,early
33542,142,0,0.6566177506464861,0.43169947411555176,33,early
33543,143,0,0.69534221067775,0.38042382090313076,33,early
33544,144,0,0.46984846140284914,0.3296346657959246,33,early
33545,145,0,0.7408848376064966,0.3076681669883645,33,early
33546,146,0,0.501336596296919,0.36195409949854684,33,early
33547,147,0,0.3688897956723932,0.323640000229688,33,early
33548,148,0,0.6519155056913531,0.3435460519476872,33,early
33549,149,0,0.44116835440443875,0.41058615540759535,33,early
33550,150,0,0.6326347988875994,0.32134843551493775,33,early
33551,151,0,0.35961373345268666,0.5009159154769504,33,early
33552,152,0,0.5538244650457271,0.3716280051140836,33,early
33553,153,0,0.5884644942980157,0.31783899939549154,33,early
33554,154,0,0.30263371339726175,0.5025967642939488,33,early
33555,155,0,0.4724531750544372,0.4968464568797548,33,early
33556,156,0,0.25823045558838204,0.47085508981433694,33,early
33557,157,0,0.5926431225715877,0.3545255042539883,33,early
33558,158,0,0.5179339888829256,0.29999816270785556,33,early
33559,159,0,0.37721641439146103,0.3194561356830543,33,early
33560,160,0,0.5563227556145638,0.2766790763229812,33,early
33561,161,0,0.5091499358016759,0.3516150402432573,33,early
33562,162,0,0.7713443224669767,0.3798812593470151,33,early
33563,163,0,0.6364187473002765,0.36744973138372583,33,early
33564,164,0,0.5798438447051568,0.3732250744432183,33,early
33565,165,0,0.6149431051599854,0.3656306969743094,33,early
33566,166,0,0.6633149165504559,0.4031509645723811,33,early
33567,167,0,0.47535073542738837,0.26450586717852653,33,early
33568,168,0,0.4791339579923871,0.3933480535548314,33,early
33569,169,0,0.5006262611449079,0.4546428537257275,33,early
33570,170,0,0.45213814725321877,0.5186465643155662,33,early
33571,171,0,0.6694138471499942,0.4862884024797146,33,early
33572,172,0,0.4931256291462126,0.34831425412068207,33,early
33573,173,0,0.3454503801217788,0.4279233286829527,33,early
33574,174,0,0.49066814081249593,0.27672389097853867,33,early
33575,175,0,0.4771148642263229,0.33151000061998137,33,early
33576,176,0,0.4126959377519309,0.34117159549878906,33,early
33577,177,0,0.5068770802476131,0.6200370122905164,33,early
33578,178,0,0.4765955560989307,0.377511422807979,33,early
33579,179,0,0.539847496526704,0.5340470038424727,33,early
33580,180,0,0.4668130653126234,0.40005590784347145,33,early
33581,181,0,0.5237522637326074,0.40293832627950404,33,early
33582,182,0,0.470198027422709,0.30852181103121457,33,early
33583,183,0,0.5206601995679956,0.3100223390189226,33,early
33584,184,0,0.38755817916511226,0.38483430676233743,33,early
33585,185,0,0.6526526599764177,0.36495455745350225,33,early
33586,186,0,0.19147277564552412,0.37437518730042574,33,early
33587,187,0,0.7935632988492085,0.3088518305779547,33,early
33588,188,0,0.5408110634858903,0.5028422292544001,33,early
33589,189,0,0.7734981789793892,0.39946588016582774,33,early
33590,190,0,0.5235931133615129,0.3292877168637526,33,early
33591,191,0,0.6075619703650199,0.4096224910313824,33,early
33592,192,0,0.6704076941922502,0.5001431258174612,33,early
33593,193,0,0.33883587941267396,0.31922706019234676,33,early
33594,194,0,0.7615096289742782,0.29463335978714367,33,early
33595,195,0,0.776054052491237,0.3800326189171398,33,early
33596,196,0,0.3113063144185599,0.5017097982310303,33,early
33597,197,0,0.6708485237403148,0.3969576122349794,33,early
33598,198,0,0.7785374402658523,0.3824274188472992,33,early
33599,199,0,0.5659404590559712,0.41061051752195354,33,early
33600,0,0,0.44077162533785935,0.6698362374485616,33,middle
33601,1,1,0.12292424326827757,0.7690857690081878,33,middle
33602,2,0,0.41017155213857176,0.5004162897038802,33,middle
33603,3,2,0.03673563868638795,1.0903856993400374,33,middle
33604,4,3,0.5866745095144603,0.8370622780909958,33,middle
33605,5,4,0.9915703305144787,0.7975912286467359,33,middle
33606,6,5,0.516859039187058,0.9541592894600663,33,middle
33607,7,6,0.021837848188867227,0.750721306174053,33,middle
33608,8,7,0.49920579934360554,1.1649354764459094,33,middle
33609,9,8,0.6894969092778727,1.005110259093008,33,middle
33610,10,9,0.5107389314428344,1.388116490325614,33,middle
33611,11,0,0.9076842349331893,0.5125773496996503,33,middle
33612,12,0,0.7084689566153329,0.518552464710619,33,middle
33613,13,0,0.9462605922934852,0.5673875608163863,33,middle
33614,14,0,0.5784454891780381,0.6459138767148989,33,middle
33615,15,10,0.05932784144413929,0.9029299365885408,33,middle
33616,16,11,0.49346045255904153,1.1170517422468758,33,middle
33617,17,0,0.12822292852815884,0.7069868078162618,33,middle
33618,18,0,0.7159182399454587,0.5495548121885542,33,middle
33619,19,12,0.40027044495502406,0.9426447678986596,33,middle
33620,20,0,0.39748673505197396,0.5720706088801578,33,middle
33621,21,13,0.49462063543566726,1.037040110178527,33,middle
33622,22,0,0.3703234185523122,0.6347456486553087,33,middle
33623,23,0,0.06608129767537872,0.6269673728775542,33,middle
33624,24,14,0.45565620977535826,0.9973622652755458,33,middle
33625,25,15,0.9999386027225307,1.0814883138767493,33,middle
33626,26,0,0.4011628716354702,0.6802696880402327,33,middle
33627,27,16,0.004692611258507362,1.052230717167574,33,middle
33628,28,0,0.5941929103165093,0.5829736248612589,33,middle
33629,29,0,0.9195226326169226,0.5476105077057897,33,middle
33630,30,17,0.6164386881960153,0.8257112632998459,33,middle
33631,31,0,0.15898735038116885,0.5002489294787303,33,middle
33632,32,0,0.43836189604077697,0.4795566413511013,33,middle
33633,33,0,0.25359654120513203,0.5764895706314022,33,middle
33634,34,0,0.45444402558905683,0.5366037692062762,33,middle
33635,35,0,0.9158245481541587,0.6458193446139565,33,middle
33636,36,18,0.22710760293376406,0.7814129518586259,33,middle
33637,37,19,0.11729208295212173,0.7663980890413753,33,middle
33638,38,18,0.4775283606621067,0.631670330223487,33,middle
33639,39,0,0.05770867573101372,0.7742724649215347,33,middle
33640,40,0,0.41470784163189245,0.5761940904682965,33,middle
33641,41,0,0.5901522149225424,0.4174695361655569,33,middle
33642,42,0,0.5395499447379927,0.6713436679246386,33,middle
33643,43,0,0.4383905308392238,0.5851573041402515,33,middle
33644,44,0,0.5620354498671769,0.5860620596132764,33,middle
33645,45,0,0.6257086240832812,0.509402756646054,33,middle
33646,46,0,0.6216479180092312,0.642929373254198,33,middle
33647,47,0,0.373570098371164,0.5544784727223303,33,middle
33648,48,0,0.3840840583152318,0.5011504229913301,33,middle
33649,49,0,0.6924723216332945,0.4611019071873826,33,middle
33650,50,0,0.5264390048599126,0.5026204425364937,33,middle
33651,51,0,0.3945728698607145,0.5017352875303545,33,middle
33652,52,0,0.430725394234389,0.489989480676566,33,middle
33653,53,0,0.4502241563241409,0.5638619579421027,33,middle
33654,54,0,0.5898314032781623,0.41360323378768177,33,middle
33655,55,0,0.37496106696106407,0.5854938917422086,33,middle
33656,56,0,0.44820029425717595,0.5428738232491082,33,middle
33657,57,0,0.6276092241698474,0.446367594429272,33,middle
33658,58,0,0.609707053967053,0.43282133775786646,33,middle
33659,59,0,0.5749187390185053,0.5272551953172773,33,middle
33660,60,0,0.7449188335981173,0.5612188814924988,33,middle
33661,61,0,0.6178101182615537,0.475699431376036,33,middle
33662,62,0,0.6625723053465079,0.5697886353464873,33,middle
33663,63,0,0.3723474762356227,0.5068874704709476,33,middle
33664,64,0,0.41147608488460197,0.6147945218257707,33,middle
33665,65,0,0.5711891565845508,0.4483778284982064,33,middle
33666,66,0,0.6474927554321154,0.5320955172081794,33,middle
33667,67,0,0.3298181162296998,0.5577479035094944,33,middle
33668,68,0,0.31263421115997736,0.44635507235115374,33,middle
33669,69,0,0.33573237957176055,0.4341352577784538,33,middle
33670,70,0,0.812914174261963,0.45590371331051377,33,middle
33671,71,0,0.755260256736362,0.46564975507800244,33,middle
33672,72,0,0.40318635315337464,0.5327867484824326,33,middle
33673,73,0,0.35629230374356513,0.503710726472503,33,middle
33674,74,0,0.334101576353098,0.5855001788465803,33,middle
33675,75,0,0.6940476321511527,0.5334747606583976,33,middle
33676,76,0,0.6113385666730726,0.46814599211667707,33,middle
33677,77,0,0.6540592039019254,0.6458283457635854,33,middle
33678,78,0,0.4030105572384375,0.46571217370403706,33,middle
33679,79,0,0.4105546283290139,0.6990943218553729,33,middle
33680,80,0,0.8421841211872477,0.5358916287169803,33,middle
33681,81,0,0.752420182302677,0.49199832005517197,33,middle
33682,82,0,0.16674778133334087,0.5049257882179132,33,middle
33683,83,0,0.8350250649006041,0.45433319801734173,33,middle
33684,84,0,0.1456591406010568,0.6143994109866253,33,middle
33685,85,0,0.815760334611966,0.5594075310481956,33,middle
33686,86,0,0.8935545735401196,0.6172533062670732,33,middle
33687,87,0,0.8220030712128406,0.3834563450416513,33,middle
33688,88,0,0.2846095322374094,0.49829365369756295,33,middle
33689,89,0,0.21331006170080677,0.4638005512436788,33,middle
33690,90,0,0.8506370350740333,0.500342549060505,33,middle
33691,91,0,0.6976470754702189,0.2696785676050043,33,middle
33692,92,0,0.20441874775683813,0.4118332093761571,33,middle
33693,93,0,0.23607770261836175,0.5360136478975587,33,middle
33694,94,0,0.6051637021878995,0.43274688133283035,33,middle
33695,95,0,0.684044973165757,0.5209764110514228,33,middle
33696,96,0,0.1666224850476207,0.5069967408586843,33,middle
33697,97,0,0.6820135274698045,0.5397579854642209,33,middle
33698,98,0,0.7746736478605333,0.41995595280282166,33,middle
33699,99,0,0.5652208404558953,0.40930150643781377,33,middle
33700,100,0,0.7820318740269343,0.5827819243321395,33,middle
33701,101,0,0.26553383726762886,0.5579406997557492,33,middle
33702,102,0,0.1732092352469246,0.6338406564597059,33,middle
33703,103,0,0.34493195172984525,0.6060042417263868,33,middle
33704,104,0,0.28516609281021277,0.5437429075280118,33,middle
33705,105,0,0.7800713445980461,0.3990996540333337,33,middle
33706,106,0,0.6693843009061813,0.34606387469426175,33,middle
33707,107,0,0.5273256161547654,0.5120229839225006,33,middle
33708,108,0,0.13082145102728093,0.604409867927113,33,middle
33709,109,0,0.7529368329051649,0.5989375966283188,33,middle
33710,110,0,0.12072079626213021,0.5252274455746315,33,middle
33711,111,0,0.7992208805356732,0.49404265351499876,33,middle
33712,112,0,0.7778290236681757,0.5580802941485028,33,middle
33713,113,0,0.2595136884402293,0.5950529045500003,33,middle
33714,114,0,0.7925844376344194,0.4382163191228242,33,middle
33715,115,0,0.19778306170715068,0.5557845538778288,33,middle
33716,116,0,0.8234023510043702,0.5377279867113193,33,middle
33717,117,0,0.8496577106546108,0.4992219011106366,33,middle
33718,118,0,0.3719483113144923,0.45353753770178484,33,middle
33719,119,0,0.8907554583949757,0.45078314182353435,33,middle
33720,120,0,0.6870667733131779,0.4259294091982499,33,middle
33721,121,0,0.3230954570264254,0.5380522336320036,33,middle
33722,122,0,0.34800896226697453,0.49364893783161595,33,middle
33723,123,0,0.24093846025440555,0.6507451941284272,33,middle
33724,124,0,0.6656681322182534,0.41321579031719013,33,middle
33725,125,0,0.2811611904768837,0.605111948549866,33,middle
33726,126,0,0.595365607771777,0.6472907513217694,33,middle
33727,127,0,0.5877216694045595,0.5906365140342604,33,middle
33728,128,0,0.22434955453166766,0.4593816881143104,33,middle
33729,129,0,0.4287510432211846,0.32665191503877067,33,middle
33730,130,0,0.6454798082811144,0.402698532220337,33,middle
33731,131,0,0.24655498990998193,0.7251003389274602,33,middle
33732,132,0,0.6444345739405132,0.515575804655865,33,middle
33733,133,0,0.22799260154920412,0.46044272901022365,33,middle
33734,134,0,0.3657936868700456,0.43067090884260756,33,middle
33735,135,0,0.28240892002662055,0.5062573242790839,33,middle
33736,136,0,0.7050673557353389,0.4689007821625818,33,middle
33737,137,0,0.2290129430861623,0.45946082146946343,33,middle
33738,138,0,0.16015366307191614,0.48884523369559707,33,middle
33739,139,0,0.7054602096738964,0.39510014610963706,33,middle
33740,140,0,0.3421731143206602,0.720970518234336,33,middle
33741,141,0,0.5317941513670749,0.4181929971585957,33,middle
33742,142,0,0.3463440645161637,0.5625399280556093,33,middle
33743,143,0,0.3108954457349701,0.5568228964492942,33,middle
33744,144,0,0.30861551652359254,0.5134042010248066,33,middle
33745,145,0,0.4769189204067782,0.4262731612076184,33,middle
33746,146,0,0.6797631104317391,0.4443974292321341,33,middle
33747,147,0,0.7270707293387472,0.5202890929254398,33,middle
33748,148,0,0.307793057350204,0.4630500991823472,33,middle
33749,149,0,0.33487052919722404,0.36085061456697715,33,middle
33750,150,0,0.6163383882660773,0.5483325781378385,33,middle
33751,151,0,0.13807369257222737,0.6411060646459279,33,middle
33752,152,0,0.37854742315972123,0.5453529074255932,33,middle
33753,153,0,0.3456430105258225,0.5093077974201137,33,middle
33754,154,0,0.2466901203982494,0.5241695576330855,33,middle
33755,155,0,0.3059773052270485,0.47420606276516886,33,middle
33756,156,0,0.6632759268972248,0.30411364696222154,33,middle
33757,157,0,0.6070135654660499,0.6375835083125441,33,middle
33758,158,0,0.7064627602217812,0.40954460879273935,33,middle
33759,159,0,0.5843230240272048,0.49266834567555845,33,middle
33760,160,0,0.6953022983505502,0.5003819621908734,33,middle
33761,161,0,0.2945261600599569,0.4514913411055578,33,middle
33762,162,0,0.7538997997798844,0.41618416955894677,33,middle
33763,163,0,0.7340668396466693,0.39803781849015785,33,middle
33764,164,0,0.3767122486986621,0.39740890084485375,33,middle
33765,165,0,0.2489380972169435,0.5682016625677073,33,middle
33766,166,0,0.6764117698279193,0.48959383034220966,33,middle
33767,167,0,0.7110659459031469,0.6340785830316756,33,middle
33768,168,0,0.7901884686498359,0.6614413755633473,33,middle
33769,169,0,0.20549740124335525,0.5706200539794517,33,middle
33770,170,0,0.6437632084983309,0.4219419011598239,33,middle
33771,171,0,0.7745804058377177,0.36570550477692976,33,middle
33772,172,0,0.5421481339745822,0.4740263178662065,33,middle
33773,173,0,0.27615085226149133,0.37602945812661015,33,middle
33774,174,0,0.658156436282005,0.49784047441861834,33,middle
33775,175,0,0.7144133441338294,0.3745814499272334,33,middle
33776,176,0,0.7777603889856445,0.4395776285314596,33,middle
33777,177,0,0.29202686851199733,0.49188457988183165,33,middle
33778,178,0,0.38350558891154074,0.5634104534448556,33,middle
33779,179,0,0.2681379095040715,0.4223787698817318,33,middle
33780,180,0,0.36213845171852665,0.43675368457796904,33,middle
33781,181,0,0.741271918649223,0.4565326499809257,33,middle
33782,182,0,0.40192190252940324,0.5744770240005281,33,middle
33783,183,0,0.625225107590157,0.4383828823530681,33,middle
33784,184,0,0.23373828752006484,0.35197583707078306,33,middle
33785,185,0,0.4659511421123225,0.5876644026958795,33,middle
33786,186,0,0.7463851466149568,0.4789110212881408,33,middle
33787,187,0,0.7569985668893899,0.41518613339340715,33,middle
33788,188,0,0.7122613990180778,0.4065598624693105,33,middle
33789,189,0,0.6739754970987233,0.5782905162287924,33,middle
33790,190,0,0.3024661693290437,0.4462815990505502,33,middle
33791,191,0,0.656835709206778,0.5102161120983311,33,middle
33792,192,0,0.7890121153034212,0.536215927740299,33,middle
33793,193,0,0.6962399171208453,0.29273461423079766,33,middle
33794,194,0,0.7451158711892106,0.5498275074213657,33,middle
33795,195,0,0.36522804544201304,0.5569812899324664,33,middle
33796,196,0,0.3996852723876593,0.43362092736031554,33,middle
33797,197,0,0.776053272149539,0.3142086801385041,33,middle
33798,198,0,0.2971561322982638,0.46433517010095504,33,middle
33799,199,0,0.25585779703069017,0.47664933585083424,33,middle
33800,0,0,0.9435207311047571,0.5112426286385682,33,late
33801,1,0,0.4195481534655189,0.5664927515276017,33,late
33802,2,0,0.03400386681827897,0.4655145081365397,33,late
33803,3,0,0.5971004418069742,0.5833193809272716,33,late
33804,4,0,0.9002501522022461,0.43403271714237895,33,late
33805,5,1,0.9985999908071641,0.5214108241945906,33,late
33806,6,0,0.9419216900561962,0.5766571153236387,33,late
33807,7,0,0.5182801806789075,0.5392707797136389,33,late
33808,8,0,0.9506691826196028,0.6867373228055135,33,late
33809,9,0,0.5329818936162516,0.5614264216091139,33,late
33810,10,0,0.1552185919312967,0.6626489451185108,33,late
33811,11,0,0.44319310232694903,0.46618510955154563,33,late
33812,12,0,0.15672564822086846,0.6405408314490201,33,late
33813,13,0,0.613237469020748,0.4622019406147134,33,late
33814,14,0,0.9406797442291649,0.48195174398917406,33,late
33815,15,0,0.5563788353122975,0.40827426870607375,33,late
33816,16,0,0.3302283358141793,0.6664488041091254,33,late
33817,17,0,0.6550886397333894,0.445837660358965,33,late
33818,18,0,0.108150406935708,0.4889378614049795,33,late
33819,19,0,0.6653034306901476,0.39824448071300855,33,late
33820,20,0,0.755767127682095,0.5383508627012192,33,late
33821,21,0,0.3607433633140389,0.41851062847997406,33,late
33822,22,0,0.9163973505764706,0.6627113933162474,33,late
33823,23,0,0.1968531166904982,0.5829473189051825,33,late
33824,24,0,0.4059675158447916,0.572094934748328,33,late
33825,25,0,0.33866933832883905,0.5227955309321853,33,late
33826,26,0,0.2079236039089329,0.561993306901144,33,late
33827,27,0,0.34072491111403613,0.5615453935659849,33,late
33828,28,0,0.6056715824347703,0.37335360581513544,33,late
33829,29,0,0.33171142606528337,0.5360144027521705,33,late
33830,30,0,0.7111541584447206,0.4813092322963546,33,late
33831,31,0,0.43882684161269836,0.6219220165952928,33,late
33832,32,0,0.46157012331476244,0.5252153345159295,33,late
33833,33,0,0.6293382080110264,0.44572503435077204,33,late
33834,34,0,0.17485167855910594,0.4998143502612602,33,late
33835,35,0,0.48733414153774757,0.47640521657101603,33,late
33836,36,0,0.3859447927936613,0.5333845528908561,33,late
33837,37,0,0.5430067549147826,0.5309848673133626,33,late
33838,38,0,0.8831000678660852,0.5041675650602052,33,late
33839,39,0,0.2494945265933328,0.6397654138385758,33,late
33840,40,0,0.3485916453429228,0.35950518979683155,33,late
33841,41,0,0.6551923092782379,0.477535843927807,33,late
33842,42,0,0.5505804312539144,0.49520730695506987,33,late
33843,43,0,0.5947803431169311,0.49561459898371674,33,late
33844,44,0,0.2101655585506855,0.5142515624741413,33,late
33845,45,0,0.6543885641534805,0.5017009963915204,33,late
33846,46,0,0.5819620642588013,0.5414679637536505,33,late
33847,47,0,0.37821247654301093,0.45172339281820095,33,late
33848,48,0,0.4571136197170537,0.6166008639586682,33,late
33849,49,0,0.5348107015341509,0.4410131429218501,33,late
33850,50,0,0.4526297413681131,0.5821439523200547,33,late
33851,51,0,0.49815095981120816,0.4441190027457236,33,late
33852,52,0,0.49304043670086284,0.5283682962763573,33,late
33853,53,0,0.5984003391081406,0.4707829329897582,33,late
33854,54,0,0.578147686789472,0.5309265477816986,33,late
33855,55,0,0.23607180541005313,0.4267538927738682,33,late
33856,56,0,0.49091400447069133,0.5081448011098206,33,late
33857,57,0,0.2633153627674905,0.48150743952538505,33,late
33858,58,0,0.48976638660283844,0.47230376034641997,33,late
33859,59,0,0.6811125237601865,0.5329381233435191,33,late
33860,60,0,0.32230383144235364,0.4817909091559083,33,late
33861,61,0,0.3669379431005525,0.4249994870310596,33,late
33862,62,0,0.6043571473068893,0.4342567877916399,33,late
33863,63,0,0.43132553282503816,0.383637683768671,33,late
33864,64,0,0.6152085144793464,0.496224214962653,33,late
33865,65,0,0.6569574504511089,0.48421558037092427,33,late
33866,66,0,0.36677727160811713,0.45460938757208985,33,late
33867,67,0,0.25016081292020953,0.4964707946184807,33,late
33868,68,0,0.5442315560183599,0.4458760082248445,33,late
33869,69,0,0.3893537202040457,0.43334117272570216,33,late
33870,70,0,0.6223318565560785,0.4337655934837041,33,late
33871,71,0,0.5079402902813105,0.365630089336061,33,late
33872,72,0,0.508595633829671,0.4199998154164507,33,late
33873,73,0,0.8799980468460731,0.5237533081097546,33,late
33874,74,0,0.6685182545169571,0.4865146805022665,33,late
33875,75,0,0.6757113218260836,0.5561991534610489,33,late
33876,76,0,0.5926379159142193,0.4454678976405563,33,late
33877,77,0,0.9139667209815332,0.4712829016291865,33,late
33878,78,0,0.47729311725417245,0.36661847690662824,33,late
33879,79,0,0.6973500696909014,0.49452380149260156,33,late
33880,80,0,0.49982594196509833,0.5356825065534769,33,late
33881,81,0,0.45624359909013756,0.44877809109431344,33,late
33882,82,0,0.5800388778368699,0.523802816238137,33,late
33883,83,0,0.3804496355756478,0.5386314496966799,33,late
33884,84,0,0.49492302108992103,0.5370171440034143,33,late
33885,85,0,0.5780005005434428,0.4108180931195121,33,late
33886,86,0,0.650974383944248,0.4087069544392096,33,late
33887,87,0,0.40757487950338783,0.5957277807165225,33,late
33888,88,0,0.8018692761679429,0.5955426838638808,33,late
33889,89,0,0.6623258213560594,0.47824465032170504,33,late
33890,90,0,0.6057864417363685,0.6247035276585533,33,late
33891,91,0,0.7598715178366511,0.5183376911635185,33,late
33892,92,0,0.5410247753695858,0.4690037541998804,33,late
33893,93,0,0.6648214706607171,0.46085231007917504,33,late
33894,94,0,0.5088592596236777,0.44238111133651215,33,late
33895,95,0,0.4618331383057777,0.5031802754212773,33,late
33896,96,0,0.6429718878149355,0.3736943042891178,33,late
33897,97,0,0.45542058087172904,0.4500759523936694,33,late
33898,98,0,0.6651002888774011,0.46934885562464435,33,late
33899,99,0,0.590986619103308,0.49584825520302345,33,late
33900,100,0,0.7900215927744734,0.5258008232486346,33,late
33901,101,0,0.8877304737160805,0.5008205034036668,33,late
33902,102,0,0.6650467316134563,0.554932890362529,33,late
33903,103,0,0.5139691805488396,0.5176960876508051,33,late
33904,104,0,0.6418998933224953,0.5017989198602171,33,late
33905,105,0,0.8849437657294601,0.4814409936939189,33,late
33906,106,0,0.5516980188542053,0.5827683330117208,33,late
33907,107,0,0.7901906472172573,0.45813865706448453,33,late
33908,108,0,0.6006847158139316,0.5115760423053157,33,late
33909,109,0,0.4861418293095499,0.5043261856173046,33,late
33910,110,0,0.52370915515606,0.40930067220678146,33,late
33911,111,0,0.709012075036022,0.5104199556976222,33,late
33912,112,0,0.7320329190716679,0.5054064692189855,33,late
33913,113,0,0.6535759927969256,0.5212627854565528,33,late
33914,114,0,0.31706477375801156,0.49200159439031077,33,late
33915,115,0,0.6646431587254429,0.49520262227931805,33,late
33916,116,0,0.6726926921636529,0.5112411350236648,33,late
33917,117,0,0.8133901320169755,0.44545169215007263,33,late
33918,118,0,0.5703971716174663,0.4732171215485395,33,late
33919,119,0,0.41681728413823904,0.3868800605573836,33,late
33920,120,0,0.36298699080852803,0.4689007895585998,33,late
33921,121,0,0.5003917253589019,0.41718065552466765,33,late
33922,122,0,0.4000946820477687,0.4826944914631716,33,late
33923,123,0,0.5979467936807731,0.4917879694027386,33,late
33924,124,0,0.5434401163937533,0.44467184352376593,33,late
33925,125,0,0.5386047104177789,0.4506444465090018,33,late
33926,126,0,0.18867238089552119,0.5482294539430301,33,late
33927,127,0,0.5209953158752023,0.4168390624840882,33,late
33928,128,0,0.5988251598488818,0.491642956929809,33,late
33929,129,0,0.7838744138735512,0.4565700082636651,33,late
33930,130,0,0.38010263873394423,0.3607526382954551,33,late
33931,131,0,0.36523007622881,0.5487598094348975,33,late
33932,132,0,0.764374763299076,0.37764437737726597,33,late
33933,133,0,0.6397845447589945,0.5150563406590118,33,late
33934,134,0,0.614695868459229,0.4267250948561291,33,late
33935,135,0,0.4975809299475622,0.3453475360899695,33,late
33936,136,0,0.269962705695597,0.4536998380564743,33,late
33937,137,0,0.22093403083668445,0.5397142748373893,33,late
33938,138,0,0.5139645233440646,0.4422424331619865,33,late
33939,139,0,0.7178277724186872,0.49381227655865356,33,late
33940,140,0,0.38615113055011807,0.4404402918184469,33,late
33941,141,0,0.46463833439880753,0.5303820727828219,33,late
33942,142,0,0.6650953895205176,0.4204274831542443,33,late
33943,143,0,0.8479671272984308,0.43770051664263543,33,late
33944,144,0,0.5995965860805392,0.38345668061362614,33,late
33945,145,0,0.3638329583884583,0.479469596745808,33,late
33946,146,0,0.2354603165303447,0.5698218702765636,33,late
33947,147,0,0.5469017576529532,0.394557800564422,33,late
33948,148,0,0.567683360462919,0.573307334933562,33,late
33949,149,0,0.37949824732353554,0.48484138520906267,33,late
33950,150,0,0.24990942506044,0.43967019452668155,33,late
33951,151,0,0.8015571484115649,0.46523821221231343,33,late
33952,152,0,0.32531804306141654,0.4484368639501042,33,late
33953,153,0,0.5264757303037639,0.48754398942045496,33,late
33954,154,0,0.6788954556421594,0.41206305309200103,33,late
33955,155,0,0.41003026387158564,0.5271007280623031,33,late
33956,156,0,0.8749407435125913,0.560461273179298,33,late
33957,157,0,0.314005622509375,0.5580410754614495,33,late
33958,158,0,0.3845091026833757,0.41487687569154497,33,late
33959,159,0,0.3709063034051922,0.4675623763722176,33,late
33960,160,0,0.38063545828016476,0.4205540572600465,33,late
33961,161,0,0.4591783209363148,0.5218003215586464,33,late
33962,162,0,0.3087271735276963,0.41827812877969195,33,late
33963,163,0,0.6713002650965794,0.44353799797351573,33,late
33964,164,0,0.7812577900022812,0.45814871206244256,33,late
33965,165,0,0.6923550526852351,0.44567410004842883,33,late
33966,166,0,0.7173137734795368,0.47350982261218966,33,late
33967,167,0,0.6429500889512847,0.3756243857726582,33,late
33968,168,0,0.591590531966305,0.3902028489346633,33,late
33969,169,0,0.3614341717157901,0.5217302598116034,33,late
33970,170,0,0.6065878119378891,0.4807146232584659,33,late
33971,171,0,0.6590810431146397,0.3795783664261652,33,late
33972,172,0,0.4781513774904351,0.46702242123146126,33,late
33973,173,0,0.35304509746181767,0.47226616230663254,33,late
33974,174,0,0.23893658669250917,0.382882083400927,33,late
33975,175,0,0.5097420192075476,0.45848300572489054,33,late
33976,176,0,0.44076706131518634,0.3760567513312351,33,late
33977,177,0,0.6171387047082947,0.4272884387971363,33,late
33978,178,0,0.686139953696966,0.36056217596364243,33,late
33979,179,0,0.49223713283211584,0.416710027310524,33,late
33980,180,0,0.635492647822847,0.44484582098416536,33,late
33981,181,0,0.44533756369480115,0.41256648102290794,33,late
33982,182,0,0.2518155348158343,0.38150840900677613,33,late
33983,183,0,0.3346441459948569,0.35800226054972983,33,late
33984,184,0,0.5124509120815529,0.3716290971571015,33,late
33985,185,0,0.5605067051857916,0.5685864652108772,33,late
33986,186,0,0.5035579160321708,0.4040916900306397,33,late
33987,187,0,0.4824604767418632,0.44179683686072246,33,late
33988,188,0,0.7341705824995675,0.4585822699610759,33,late
33989,189,0,0.22392651303484595,0.4842089507501534,33,late
33990,190,0,0.31075683784054065,0.39044686524082484,33,late
33991,191,0,0.5269404627886619,0.41161959019227223,33,late
33992,192,0,0.5582624555552047,0.5941963661986165,33,late
33993,193,0,0.37241263934533547,0.48455998569484837,33,late
33994,194,0,0.4872769314783355,0.6024933126083416,33,late
33995,195,0,0.42723214845946783,0.4607465404898172,33,late
33996,196,0,0.5600165785581249,0.41719407775318373,33,late
33997,197,0,0.29141701042846657,0.42579889735809573,33,late
33998,198,0,0.8744235912900928,0.42427291133680695,33,late
33999,199,0,0.42329968743530333,0.37420780890143546,33,late
34000,0,0,0.6775158064250784,0.7208105286335356,34,interleaved
34001,1,0,0.42101302653685796,0.7359755694886851,34,interleaved
34002,2,1,0.013281411281918312,0.9499372062666462,34,interleaved
34003,3,0,0.3900223131203545,0.48011640685757084,34,interleaved
34004,4,2,0.7116191912964891,0.6467503242374419,34,interleaved
34005,5,0,0.33310207055342606,0.5930645301481017,34,interleaved
34006,6,0,0.12430026961313226,0.5248436628314476,34,interleaved
34007,7,3,0.7387680774858316,1.1108492484412624,34,interleaved
34008,8,4,0.43636440172223645,1.1303099481045544,34,interleaved
34009,9,5,0.5018494033745914,1.1804428539107332,34,interleaved
34010,10,0,0.32561931554418794,0.5113878992744669,34,interleaved
34011,11,0,0.6834317855649443,0.5960013337550969,34,interleaved
34012,12,6,0.8492095523604344,0.5915034492081351,34,interleaved
34013,13,0,0.3926676708346297,0.5229249893117057,34,interleaved
34014,14,0,0.13232043330867027,0.5030511159788736,34,interleaved
34015,15,7,0.7106577592078663,0.7506027399327386,34,interleaved
34016,16,0,0.1470054047771916,0.6323426220729534,34,interleaved
34017,17,8,0.30518783379073106,0.8721144665219118,34,interleaved
34018,18,9,0.13581561513458096,0.7125917480381516,34,interleaved
34019,19,10,0.6721386003297486,1.2512108935879238,34,interleaved
34020,20,11,0.3135582545438001,1.0522353088331884,34,interleaved
34021,21,0,0.42748741195452883,0.44862870348926265,34,interleaved
34022,22,12,0.050865925035494745,0.9821041769483828,34,interleaved
34023,23,0,0.5082146071520837,0.7791329620114001,34,interleaved
34024,24,13,0.9996049966822236,1.2073663387397076,34,interleaved
34025,25,0,0.5089004093415639,0.7378580199812825,34,interleaved
34026,26,0,0.7876630388517839,0.4562216574588224,34,interleaved
34027,27,0,0.3470862878938312,0.5897725192915655,34,interleaved
34028,28,0,0.16399624047196665,0.5396277783603181,34,interleaved
34029,29,0,0.36355491642314086,0.5713820505612224,34,interleaved
34030,30,0,0.13741592248398235,0.6081240087699866,34,interleaved
34031,31,0,0.4733424198892684,0.5322553035590911,34,interleaved
34032,32,0,0.10442837010426231,0.6399645934295506,34,interleaved
34033,33,14,0.29407616592655145,0.8842538925425739,34,interleaved
34034,34,14,0.3747901103074208,0.7611976323881875,34,interleaved
34035,35,0,0.46654105571402793,0.5892384211838577,34,interleaved
34036,36,0,0.9086325108701585,0.5768805448800485,34,interleaved
34037,37,0,0.788879889907732,0.45997906249596404,34,interleaved
34038,38,0,0.08507059943192358,0.5654609936810965,34,interleaved
34039,39,0,0.7096936453148012,0.3551125867097926,34,interleaved
34040,40,15,0.17483593537228423,0.784588089263216,34,interleaved
34041,41,0,0.4902029878392771,0.5778456367026275,34,interleaved
34042,42,0,0.880580543846881,0.4554471490832155,34,interleaved
34043,43,0,0.37446666457053757,0.4787331351843138,34,interleaved
34044,44,0,0.1757614522448171,0.608693262912265,34,interleaved
34045,45,0,0.48097878607374045,0.6074632683224264,34,interleaved
34046,46,0,0.18963933839300048,0.6642122107276928,34,interleaved
34047,47,0,0.5445014859951646,0.504658929930677,34,interleaved
34048,48,0,0.7160981492216989,0.4958156128313425,34,interleaved
34049,49,0,0.4848842997167351,0.3889992072877214,34,interleaved
34050,50,0,0.7972409731481683,0.4847033964130376,34,interleaved
34051,51,0,0.5409293569325297,0.5724595536274641,34,interleaved
34052,52,0,0.7718782525144381,0.443391619242555,34,interleaved
34053,53,0,0.43649082628797464,0.4511512332266283,34,interleaved
34054,54,0,0.12763660063407073,0.6172324059570333,34,interleaved
34055,55,0,0.3977604013957497,0.56374195423347,34,interleaved
34056,56,0,0.1458234858541853,0.533165311122296,34,interleaved
34057,57,0,0.7778519348008139,0.5424585308739391,34,interleaved
34058,58,0,0.5824616285060918,0.4992318507294873,34,interleaved
34059,59,0,0.8925975982949094,0.4850607203939291,34,interleaved
34060,60,0,0.7551861902456449,0.5016466281583323,34,interleaved
34061,61,0,0.6925595709170641,0.5937343675352247,34,interleaved
34062,62,0,0.6151595282807654,0.5057889885744546,34,interleaved
34063,63,0,0.2456669386922601,0.5938020170861249,34,interleaved
34064,64,0,0.6602011981348027,0.47297779898448766,34,interleaved
34065,65,0,0.793454128061719,0.3375048358996082,34,interleaved
34066,66,0,0.4030273709193803,0.49098310208943513,34,interleaved
34067,67,0,0.7445220839328017,0.40641182549322996,34,interleaved
34068,68,0,0.3847436723549325,0.6062447575568053,34,interleaved
34069,69,0,0.4013067782340271,0.5057202602269686,34,interleaved
34070,70,0,0.21564526116462396,0.49661051997426486,34,interleaved
34071,71,0,0.9285494176321815,0.4168406330441461,34,interleaved
34072,72,0,0.6077019397890013,0.5639326671980494,34,interleaved
34073,73,0,0.7542812697460353,0.6102822594306696,34,interleaved
34074,74,0,0.23085686533063043,0.4139989203027581,34,interleaved
34075,75,0,0.3450891029450952,0.4601964048040166,34,interleaved
34076,76,0,0.2736421196889669,0.567030280554245,34,interleaved
34077,77,0,0.8847681049696408,0.41310815527149464,34,interleaved
34078,78,0,0.63925741608744,0.5332321792002963,34,interleaved
34079,79,0,0.4017651010305323,0.5155346060106984,34,interleaved
34080,80,0,0.3357554459585559,0.48678377665313394,34,interleaved
34081,81,0,0.7801771245687024,0.49234815205051424,34,interleaved
34082,82,0,0.39515478830964024,0.4864549462390445,34,interleaved
34083,83,0,0.37174424395969374,0.491221529975413,34,interleaved
34084,84,0,0.29825427795121645,0.6379849012439538,34,interleaved
34085,85,0,0.7423136688449863,0.5028218016392583,34,interleaved
34086,86,0,0.28548956347817267,0.3405615473265463,34,interleaved
34087,87,0,0.25312000892088277,0.5489725429962442,34,interleaved
34088,88,0,0.6909172296205165,0.3716839690245272,34,interleaved
34089,89,0,0.26059706809518157,0.4803951662145398,34,interleaved
34090,90,0,0.34089280871455535,0.500309777529696,34,interleaved
34091,91,0,0.33981809046892514,0.5783844591861453,34,interleaved
34092,92,0,0.6042943756860949,0.45986983882693777,34,interleaved
34093,93,0,0.2782431513314385,0.4597636225771874,34,interleaved
34094,94,0,0.6007543481377273,0.4793775782097504,34,interleaved
34095,95,0,0.848070713777554,0.32718761423480147,34,interleaved
34096,96,0,0.30610187010862017,0.4702075369716885,34,interleaved
34097,97,0,0.259271275493188,0.43816288836188855,34,interleaved
34098,98,0,0.48240482006420726,0.3812260929392174,34,interleaved
34099,99,0,0.6739277170315228,0.4045338826826166,34,interleaved
34100,100,0,0.6397327308878651,0.36641800838683,34,interleaved
34101,101,0,0.7835599485101161,0.41282063986315964,34,interleaved
34102,102,0,0.5748178054272703,0.5581865616277989,34,interleaved
34103,103,0,0.16737670174940483,0.5098334305230583,34,interleaved
34104,104,0,0.459121422593781,0.5793706869342452,34,interleaved
34105,105,0,0.9457672605853504,0.49563620288446575,34,interleaved
34106,106,0,0.5991933288531858,0.4772637006212614,34,interleaved
34107,107,0,0.621841566788895,0.533211132195875,34,interleaved
34108,108,0,0.4388051623652348,0.5856726836284172,34,interleaved
34109,109,0,0.8870257715479015,0.3921270295082495,34,interleaved
34110,110,0,0.50914539723471,0.36740840901353755,34,interleaved
34111,111,0,0.14470357130037503,0.4353373744909074,34,interleaved
34112,112,0,0.4625799407729374,0.4023900872934722,34,interleaved
34113,113,0,0.3915810030423812,0.5263644067258135,34,interleaved
34114,114,0,0.5834074071848414,0.48985766525226165,34,interleaved
34115,115,0,0.6940594015162057,0.4348343139285694,34,interleaved
34116,116,0,0.5071311281666626,0.4465132702628939,34,interleaved
34117,117,0,0.23022932510761426,0.4697719932811274,34,interleaved
34118,118,0,0.502216764038209,0.42528709649374064,34,interleaved
34119,119,0,0.42392341437963366,0.4908541172671027,34,interleaved
34120,120,0,0.5048646151258899,0.4158274514319741,34,interleaved
34121,121,0,0.32278386107306956,0.564512860590714,34,interleaved
34122,122,0,0.5077171346479801,0.4498257092028628,34,interleaved
34123,123,0,0.32590077198942297,0.41925881746792976,34,interleaved
34124,124,0,0.5391639020566756,0.4125998071576088,34,interleaved
34125,125,0,0.868783383516474,0.5102939917383451,34,interleaved
34126,126,0,0.47333868442341914,0.3769236547927365,34,interleaved
34127,127,0,0.7744630161662591,0.3956481621072019,34,interleaved
34128,128,0,0.49029105262113865,0.40680335387743927,34,interleaved
34129,129,0,0.859623706666603,0.40095690568740405,34,interleaved
34130,130,0,0.5362367084388013,0.499917208526209,34,interleaved
34131,131,0,0.9033578416412562,0.4745326471197173,34,interleaved
34132,132,0,0.40625849038150863,0.5655461408064655,34,interleaved
34133,133,0,0.20454942221424244,0.3994640203848503,34,interleaved
34134,134,0,0.5217965733471905,0.4125398401535183,34,interleaved
34135,135,0,0.7023205082627444,0.4425079197497358,34,interleaved
34136,136,0,0.5330266079578955,0.43036282166803336,34,interleaved
34137,137,0,0.1716465851205196,0.34412925093179386,34,interleaved
34138,138,0,0.4692175321275338,0.37082502878020684,34,interleaved
34139,139,0,0.7586541535168733,0.468154272080927,34,interleaved
34140,140,0,0.5029385054793805,0.44205184982054185,34,interleaved
34141,141,0,0.9026641671842995,0.40432302026764866,34,interleaved
34142,142,0,0.5287243466553867,0.5205822795885232,34,interleaved
34143,143,0,0.14921127957254965,0.49136897841457394,34,interleaved
34144,144,0,0.5380864600512281,0.3716445811539588,34,interleaved
34145,145,0,0.22948743179283748,0.5497977644933867,34,interleaved
34146,146,0,0.3406062832067518,0.44457827655424986,34,interleaved
34147,147,0,0.2140911984401461,0.44955884437782806,34,interleaved
34148,148,0,0.278719456353226,0.4851162249692617,34,interleaved
34149,149,0,0.2886250568128146,0.5366857997022134,34,interleaved
34150,150,0,0.4005540194523488,0.38323536381623347,34,interleaved
34151,151,0,0.47861556313924253,0.5039326462957702,34,interleaved
34152,152,0,0.4309635894879239,0.5314835701242162,34,interleaved
34153,153,0,0.7071430476993334,0.557663393923035,34,interleaved
34154,154,0,0.4628666980961353,0.4916078574596683,34,interleaved
34155,155,0,0.7288218317189371,0.2982568433290059,34,interleaved
34156,156,0,0.4078728990812662,0.4139028581642263,34,interleaved
34157,157,0,0.764187338223778,0.33899419163842526,34,interleaved
34158,158,0,0.48037830495536543,0.3910730207151539,34,interleaved
34159,159,0,0.43583447629125943,0.5078451085450123,34,interleaved
34160,160,0,0.527048393431406,0.3732335961151858,34,interleaved
34161,161,0,0.3290607445125097,0.4794205663952581,34,interleaved
34162,162,0,0.8461144998103582,0.4721632911441259,34,interleaved
34163,163,0,0.595184785548275,0.46025255688789823,34,interleaved
34164,164,0,0.4461147006030174,0.39579885232178824,34,interleaved
34165,165,0,0.8503097140959703,0.47599454130609253,34,interleaved
34166,166,0,0.44969097917305867,0.4331525559939239,34,interleaved
34167,167,0,0.5628557937313818,0.40165587898889243,34,interleaved
34168,168,0,0.7365788386334822,0.4214651878558641,34,interleaved
34169,169,0,0.5152217391738801,0.3495016457264801,34,interleaved
34170,170,0,0.46874180063549964,0.3585186981315689,34,interleaved
34171,171,0,0.372292635262712,0.4454583839211713,34,interleaved
34172,172,0,0.45209681554021175,0.3697365142189446,34,interleaved
34173,173,0,0.44956952355671637,0.4891497128379829,34,interleaved
34174,174,0,0.42132413799087604,0.4601361038795412,34,interleaved
34175,175,0,0.4901983610093052,0.503725622022527,34,interleaved
34176,176,0,0.49580276157224673,0.2936392789307829,34,interleaved
34177,177,0,0.9009866814597036,0.3859046173308003,34,interleaved
34178,178,0,0.6790018528080091,0.35530431590717937,34,interleaved
34179,179,0,0.4392785606757677,0.546025471223577,34,interleaved
34180,180,0,0.7433995486981462,0.3789232914543327,34,interleaved
34181,181,0,0.43831563133498963,0.37351389945940894,34,interleaved
34182,182,0,0.7714612170850749,0.502000614161364,34,interleaved
34183,183,0,0.7473397025376899,0.3309941542121896,34,interleaved
34184,184,0,0.7911134853774062,0.3467235441316948,34,interleaved
34185,185,0,0.44852044516345696,0.3636504708760748,34,interleaved
34186,186,0,0.5125999258327092,0.5313690560278991,34,interleaved
34187,187,0,0.5520453925555229,0.5586945633817939,34,interleaved
34188,188,0,0.37898032774569956,0.49598204917601063,34,interleaved
34189,189,0,0.49745167666613804,0.37439400851768323,34,interleaved
34190,190,0,0.8729497397125006,0.5425873870832831,34,interleaved
34191,191,0,0.8553739431511902,0.4740070493392858,34,interleaved
34192,192,0,0.935807571989815,0.4613335612037108,34,interleaved
34193,193,0,0.8856961139539982,0.4002073093750942,34,interleaved
34194,194,0,0.1034582182641528,0.38694016965137834,34,interleaved
34195,195,0,0.479347758801475,0.35748959218802534,34,interleaved
34196,196,0,0.22446258612097555,0.4017099053941746,34,interleaved
34197,197,0,0.43640034547873063,0.4407541897377808,34,interleaved
34198,198,0,0.6637919580903253,0.4076460730929983,34,interleaved
34199,199,0,0.8891933320208423,0.30613155060147135,34,interleaved
34200,0,0,0.9523787290051489,0.6747848885238594,34,blocked
34201,1,0,0.805102297153186,0.6871013178378755,34,blocked
34202,2,0,0.08724652247428569,0.5101350726180865,34,blocked
34203,3,1,0.39022277332976557,1.0654357731489301,34,blocked
34204,4,0,0.279060757724085,0.5934190570440506,34,blocked
34205,5,2,0.6337526747353912,0.8661023723031889,34,blocked
34206,6,0,0.13167700853308392,0.7328659089276957,34,blocked
34207,7,0,0.8475982872773974,0.6675134476652129,34,blocked
34208,8,0,0.23318252457338134,0.6033728376109853,34,blocked
34209,9,0,0.7226196099091088,0.6451068304516203,34,blocked
34210,10,0,0.8605886582453386,0.6216449247636345,34,blocked
34211,11,3,0.4767822759294643,0.7651438703886235,34,blocked
34212,12,4,0.8561663103176331,0.8832856153814888,34,blocked
34213,13,5,0.43314868147873287,1.0968010210041779,34,blocked
34214,14,6,0.7563723391059101,0.7503730419491541,34,blocked
34215,15,0,0.8176853760253939,0.45077665478843687,34,blocked
34216,16,0,0.8104103935057442,0.6123675758139733,34,blocked
34217,17,0,0.8029633638494785,0.5797259287288943,34,blocked
34218,18,0,0.326435236474262,0.6499708988230621,34,blocked
34219,19,0,0.10041555048517728,0.5697619778409347,34,blocked
34220,20,0,0.08213863823868392,0.6638032240346192,34,blocked
34221,21,0,0.6323803695079786,0.6726017077119948,34,blocked
34222,22,0,0.7688180181830966,0.5539521732141617,34,blocked
34223,23,0,0.08347118626890628,0.8017132956008178,34,blocked
34224,24,0,0.2316954786484746,0.553889629806181,34,blocked
34225,25,7,0.6198894921142066,0.9533230930278569,34,blocked
34226,26,5,0.778978325914615,0.7006155235259008,34,blocked
34227,27,5,0.3393919789757337,0.7834284956666397,34,blocked
34228,28,0,0.5961479710603992,0.5519683879001505,34,blocked
34229,29,0,0.15041141393905744,0.6473402202531668,34,blocked
34230,30,0,0.8607447133502028,0.5048928563697391,34,blocked
34231,31,0,0.15832672200524053,0.7532257113759887,34,blocked
34232,32,0,0.11119204456160248,0.7304636494633989,34,blocked
34233,33,0,0.6488885803402299,0.5577905594066048,34,blocked
34234,34,0,0.16512305408808484,0.6298090280781187,34,blocked
34235,35,0,0.694950553893241,0.5349964082223175,34,blocked
34236,36,0,0.2056319246808285,0.5756271855527496,34,blocked
34237,37,0,0.2344885472151601,0.4958483968289444,34,blocked
34238,38,0,0.6689397200149069,0.5628008789868455,34,blocked
34239,39,0,0.30279128081662054,0.6382712774946266,34,blocked
34240,40,0,0.6146192590718835,0.4318798127976682,34,blocked
34241,41,0,0.5320083954798321,0.4058326130821215,34,blocked
34242,42,0,0.4518165166004825,0.7135914610004301,34,blocked
34243,43,0,0.4420510169627394,0.6129791749297645,34,blocked
34244,44,0,0.3258488458452912,0.5560928268221059,34,blocked
34245,45,0,0.5312758765517609,0.5501941526538612,34,blocked
34246,46,0,0.42463889229122204,0.5392209552392964,34,blocked
34247,47,0,0.4604351173082116,0.5467376772617336,34,blocked
34248,48,0,0.5122600016058865,0.4097040339606451,34,blocked
34249,49,0,0.5209516192472192,0.5317196918967325,34,blocked
34250,50,0,0.4535234680014645,0.4937220689533728,34,blocked
34251,51,0,0.44299032669263877,0.39798686671554284,34,blocked
34252,52,0,0.36148340779716753,0.5276487074370021,34,blocked
34253,53,0,0.6349810624383635,0.5105318008310167,34,blocked
34254,54,0,0.3471491338001553,0.5700332322515447,34,blocked
34255,55,0,0.4430716040576951,0.573197107753472,34,blocked
34256,56,0,0.4137624036383301,0.5169558141985668,34,blocked
34257,57,0,0.662618305868331,0.5591539887220769,34,blocked
34258,58,0,0.4391205218298693,0.42017522010179176,34,blocked
34259,59,0,0.6345346661313525,0.36369233052610606,34,blocked
34260,60,0,0.6025996521318371,0.522645359002011,34,blocked
34261,61,0,0.7384370870330133,0.5226774886086691,34,blocked
34262,62,0,0.38245166805538505,0.679733187152169,34,blocked
34263,63,0,0.38777235372313235,0.48822722022521803,34,blocked
34264,64,0,0.36386243320226824,0.48172393755108334,34,blocked
34265,65,0,0.678428244169708,0.5872812318423742,34,blocked
34266,66,0,0.42297051826693055,0.43171766376084864,34,blocked
34267,67,0,0.3690057998442483,0.3919572775085195,34,blocked
34268,68,0,0.2046735963874578,0.7140812045524252,34,blocked
34269,69,0,0.5677979367982257,0.4429680324320742,34,blocked
34270,70,0,0.4124029573726006,0.5714130001823654,34,blocked
34271,71,0,0.49577683683604185,0.48513638808956006,34,blocked
34272,72,0,0.5765279546960952,0.455903677437064,34,blocked
34273,73,0,0.314231036412013,0.4996711815797092,34,blocked
34274,74,0,0.40066708291150893,0.40934074033738665,34,blocked
34275,75,0,0.5441593658758029,0.36271582634748867,34,blocked
34276,76,0,0.374389060686092,0.40692313550080605,34,blocked
34277,77,0,0.14702297605543446,0.7109134889545164,34,blocked
34278,78,0,0.5729851713199088,0.469720402495576,34,blocked
34279,79,0,0.5696883189248723,0.6151378160529999,34,blocked
34280,80,0,0.27438938266396096,0.5828809569264969,34,blocked
34281,81,0,0.40806894396133353,0.4543304463182659,34,blocked
34282,82,0,0.3565911665061503,0.5346241486314656,34,blocked
34283,83,0,0.521712196092732,0.33582093704782245,34,blocked
34284,84,0,0.36482824997104024,0.3573279842926184,34,blocked
34285,85,0,0.5094975147940333,0.4400124959345247,34,blocked
34286,86,0,0.3652548323099629,0.48000971376868523,34,blocked
34287,87,0,0.5252278389907473,0.38761337099105375,34,blocked
34288,88,0,0.4484419405640579,0.5573892183877678,34,blocked
34289,89,0,0.5201319535402577,0.48775376670135484,34,blocked
34290,90,0,0.4946755871013653,0.3363543546237727,34,blocked
34291,91,0,0.28836557873129487,0.5031889361470541,34,blocked
34292,92,0,0.4587769041756318,0.6011670624154613,34,blocked
34293,93,0,0.7575519766262844,0.40863006099669186,34,blocked
34294,94,0,0.5757040033033274,0.4984315974581719,34,blocked
34295,95,0,0.5500204999393171,0.3327005445607163,34,blocked
34296,96,0,0.487310071575756,0.5280641567601521,34,blocked
34297,97,0,0.3065439587954747,0.6116365109802785,34,blocked
34298,98,0,0.5648395343001964,0.41055801625413724,34,blocked
34299,99,0,0.5383200783421874,0.497654281744625,34,blocked
34300,100,0,0.4413731055111544,0.5072320018717849,34,blocked
34301,101,0,0.32148580191027,0.6133056052924895,34,blocked
34302,102,0,0.5024516639163397,0.527087108882806,34,blocked
34303,103,0,0.3569863876018916,0.5686362060858586,34,blocked
34304,104,0,0.4418051893380732,0.39179150200058677,34,blocked
34305,105,0,0.5089892227160875,0.4160910518270623,34,blocked
34306,106,0,0.5563053193134572,0.50466028566253,34,blocked
34307,107,0,0.35789118322302527,0.7064515100291127,34,blocked
34308,108,0,0.3728947210006141,0.5753736417707122,34,blocked
34309,109,0,0.579205256439288,0.37353477296530424,34,blocked
34310,110,0,0.41368854620023826,0.5542013725729125,34,blocked
34311,111,0,0.5701313602245515,0.49235706789770556,34,blocked
34312,112,0,0.46689003948086727,0.4434852678007115,34,blocked
34313,113,0,0.5167531599019508,0.4005159968162397,34,blocked
34314,114,0,0.4091361386152425,0.6217635254489495,34,blocked
34315,115,0,0.5222568267179017,0.5031958631493837,34,blocked
34316,116,0,0.40626631116634127,0.5639424891828639,34,blocked
34317,117,0,0.4199246864174274,0.5506623866636858,34,blocked
34318,118,0,0.5013991280332968,0.5842091513440352,34,blocked
34319,119,0,0.5245707347944732,0.6517902591614407,34,blocked
34320,120,0,0.5541405509023754,0.39650310919699083,34,blocked
34321,121,0,0.3192705688530205,0.6059068127440979,34,blocked
34322,122,0,0.4412127085046294,0.41835730070518046,34,blocked
34323,123,0,0.7786807632913175,0.4241040942907127,34,blocked
34324,124,0,0.45462221233772726,0.5363509133114761,34,blocked
34325,125,0,0.3376413523418189,0.46390277224488924,34,blocked
34326,126,0,0.4867664085231995,0.48722476270454307,34,blocked
34327,127,0,0.5393475574076287,0.47921312877027,34,blocked
34328,128,0,0.46460849228925627,0.5461220718600366,34,blocked
34329,129,0,0.42772244337340615,0.3426950330982671,34,blocked
34330,130,0,0.17985797266383335,0.6777269272513893,34,blocked
34331,131,0,0.44753997529287126,0.5938304056037566,34,blocked
34332,132,0,0.4039928431207695,0.5596525930759866,34,blocked
34333,133,0,0.6231059519103157,0.47797634987678506,34,blocked
34334,134,0,0.4251595036947371,0.3897287847736338,34,blocked
34335,135,0,0.5585307777905908,0.5671120367507441,34,blocked
34336,136,0,0.5625652269372126,0.3872175330198908,34,blocked
34337,137,0,0.4845777516412253,0.41465352229349584,34,blocked
34338,138,0,0.43764467876239155,0.5144949667331035,34,blocked
34339,139,0,0.5862790033260337,0.5174281874580777,34,blocked
34340,140,0,0.45986310446257717,0.4900857035808134,34,blocked
34341,141,0,0.4952000031710003,0.48864749722175727,34,blocked
34342,142,0,0.5241452160964725,0.49007855562328634,34,blocked
34343,143,0,0.3501596943910622,0.45248813912212393,34,blocked
34344,144,0,0.5944923071072392,0.44599227250247464,34,blocked
34345,145,0,0.41423914937279827,0.422650981641421,34,blocked
34346,146,0,0.4718983637813685,0.5903229194307378,34,blocked
34347,147,0,0.5687104761814734,0.5194020121787731,34,blocked
34348,148,0,0.5637331631662226,0.5411385764499093,34,blocked
34349,149,0,0.5166609405170505,0.53843896475781,34,blocked
34350,150,0,0.42672841947067747,0.46487152542368154,34,blocked
34351,151,0,0.5146510993927721,0.46705342206055417,34,blocked
34352,152,0,0.4556508257646499,0.5736107891165776,34,blocked
34353,153,0,0.64681474390848,0.3284100620965923,34,blocked
34354,154,0,0.47993090748805867,0.5658593348994236,34,blocked
34355,155,0,0.42282522862068894,0.3816037628876813,34,blocked
34356,156,0,0.6414480817247634,0.552057611087895,34,blocked
34357,157,0,0.401756438419084,0.49744627207649983,34,blocked
34358,158,0,0.5491399069198843,0.30862245583986747,34,blocked
34359,159,0,0.4376838892492223,0.419298394073704,34,blocked
34360,160,0,0.535223930386312,0.46310043869174977,34,blocked
34361,161,0,0.5624973158834725,0.5430002329321587,34,blocked
34362,162,0,0.4656470885746671,0.5243756169265276,34,blocked
34363,163,0,0.3835913714687401,0.36364114185843055,34,blocked
34364,164,0,0.4563699525118225,0.5343936501789865,34,blocked
34365,165,0,0.48073081216412095,0.6407561098723933,34,blocked
34366,166,0,0.436029284932154,0.40308443606842664,34,blocked
34367,167,0,0.5431994030790387,0.3620516507575415,34,blocked
34368,168,0,0.6122850700632319,0.40506261928786147,34,blocked
34369,169,0,0.5209261541992725,0.5425227006767428,34,blocked
34370,170,0,0.6372739065380657,0.49243679133695684,34,blocked
34371,171,0,0.7034467396666588,0.43634699264044907,34,blocked
34372,172,0,0.546224860698719,0.40156745633799373,34,blocked
34373,173,0,0.347019892897368,0.41425035802594473,34,blocked
34374,174,0,0.45175492511904836,0.5371677067753644,34,blocked
34375,175,0,0.633229570330464,0.4515530963599544,34,blocked
34376,176,0,0.2725585934462961,0.4288883321383705,34,blocked
34377,177,0,0.4680636865414267,0.5600481317913464,34,blocked
34378,178,0,0.5838830030165646,0.43051770163688585,34,blocked
34379,179,0,0.5217824804203431,0.4347466498083163,34,blocked
34380,180,0,0.3688950642523615,0.45253866955545025,34,blocked
34381,181,0,0.6086969320305995,0.36080748690624864,34,blocked
34382,182,0,0.5022390135254028,0.5081055974674473,34,blocked
34383,183,0,0.525429662509406,0.4268099404661974,34,blocked
34384,184,0,0.3529466407927513,0.525939608585229,34,blocked
34385,185,0,0.4072454411494637,0.38059406185572886,34,blocked
34386,186,0,0.4370305502051598,0.5580337907646,34,blocked
34387,187,0,0.4678815046414102,0.363568696065234,34,blocked
34388,188,0,0.35860149026084287,0.5764456682289592,34,blocked
34389,189,0,0.5703599370685459,0.603806779081772,34,blocked
34390,190,0,0.5385232916521135,0.5584981997997792,34,blocked
34391,191,0,0.6157533313486487,0.47784503588474064,34,blocked
34392,192,0,0.7462031875492723,0.481029912643551,34,blocked
34393,193,0,0.420810523132732,0.3656358563070939,34,blocked
34394,194,0,0.589642944327608,0.574101754609335,34,blocked
34395,195,5,0.8527385317733187,0.5674226750960006,34,blocked
34396,196,0,0.7720457095003006,0.5431389820416794,34,blocked
34397,197,0,0.5856934884437792,0.482997680480983,34,blocked
34398,198,0,0.32284078595245513,0.31497876289743626,34,blocked
34399,199,0,0.6529091972907572,0.39397936657834487,34,blocked
34400,0,0,0.12142747721370938,0.8167285990549402,34,early
34401,1,0,0.11590335434038068,0.7462865237945375,34,early
34402,2,0,0.8426768370552078,0.5568447835091757,34,early
34403,3,0,0.0942546096632789,0.7800747211749431,34,early
34404,4,0,0.8872601551714694,0.6847445860111407,34,early
34405,5,0,0.7588334520275427,0.6387282944378099,34,early
34406,6,0,0.2597737143657382,0.6235114188639982,34,early
34407,7,0,0.22222075493391216,0.6160921996153597,34,early
34408,8,0,0.6676663006098631,0.6459110389946175,34,early
34409,9,0,0.8055693841027162,0.5316124735114969,34,early
34410,10,0,0.30360367584293524,0.6189885535627995,34,early
34411,11,0,0.6769789616661799,0.5704261577051729,34,early
34412,12,0,0.3573064616690466,0.6209441478237183,34,early
34413,13,0,0.2719384910782133,0.6626319682316844,34,early
34414,14,0,0.7199329021185421,0.638448957521671,34,early
34415,15,0,0.37710508626454337,0.8347142663956411,34,early
34416,16,0,0.5683108369971583,0.6932591029397427,34,early
34417,17,0,0.6279731317084725,0.5406443769557865,34,early
34418,18,0,0.7050173633088219,0.500622356169775,34,early
34419,19,0,0.7039632099437158,0.38415517013584777,34,early
34420,20,0,0.6621392220742609,0.4685293424163114,34,early
34421,21,0,0.3593613571487042,0.7216771817156987,34,early
34422,22,0,0.4556220704894932,0.7434874652673693,34,early
34423,23,0,0.5965234054645112,0.5037927604367105,34,early
34424,24,0,0.36910509556510396,0.5103333616932602,34,early
34425,25,0,0.5624505879250159,0.48765250822731676,34,early
34426,26,0,0.49105998148028873,0.6536517390842715,34,early
34427,27,0,0.5857720633728805,0.6283988370349591,34,early
34428,28,0,0.6126732994429122,0.6279998278410523,34,early
34429,29,0,0.4855554244151005,0.5074868133630227,34,early
34430,30,0,0.4708324793566134,0.446112869640821,34,early
34431,31,0,0.519337097101475,0.6452008372952689,34,early
34432,32,0,0.5743634810230482,0.6331996349284919,34,early
34433,33,0,0.6896197141436845,0.6167452813761993,34,early
34434,34,0,0.42139113398730543,0.5691200889120496,34,early
34435,35,0,0.3259258085526768,0.5055997312621492,34,early
34436,36,0,0.6732123316272223,0.4783724604766264,34,early
34437,37,0,0.4242803260256252,0.4299946994498246,34,early
34438,38,0,0.35532266630226245,0.5074028971093449,34,early
34439,39,0,0.7434462993236611,0.6251877277949066,34,early
34440,40,0,0.3118983626606583,0.5147024035658206,34,early
34441,41,0,0.32692940796148473,0.5757936784563962,34,early
34442,42,0,0.6720086567436273,0.5136124951406023,34,early
34443,43,0,0.370312873337602,0.6424594158980655,34,early
34444,44,0,0.3605920500676366,0.6343228700574257,34,early
34445,45,0,0.6172182652447251,0.4225678338108621,34,early
34446,46,0,0.651260323922255,0.5402736598399343,34,early
34447,47,0,0.3679792784194398,0.5308660233249798,34,early
34448,48,0,0.576770940066877,0.6147546117750067,34,early
34449,49,0,0.6137923570906614,0.6204061385019847,34,early
34450,50,0,0.5915850606980526,0.38929239571219587,34,early
34451,51,0,0.4058772385543373,0.5452685453330893,34,early
34452,52,0,0.5982126905231303,0.48375740831556635,34,early
34453,53,0,0.37159554198217115,0.6152134177661742,34,early
34454,54,0,0.3664028653941051,0.6714089861813759,34,early
34455,55,0,0.5643556907713215,0.46097258141678665,34,early
34456,56,0,0.4335800891853675,0.43834929248669874,34,early
34457,57,0,0.5290333282920606,0.547624698527382,34,early
34458,58,0,0.3786932215035226,0.5273436874781798,34,early
34459,59,0,0.6460015210643422,0.7177818163503779,34,early
34460,60,0,0.40385420578331777,0.4967953636613121,34,early
34461,61,0,0.5488405694473998,0.5745571417049166,34,early
34462,62,0,0.5632616200468682,0.49406407922935036,34,early
34463,63,0,0.3807280268430767,0.5620216375933457,34,early
34464,64,0,0.5715382458756438,0.537002208037202,34,early
34465,65,0,0.5546356799585548,0.5435207399909511,34,early
34466,66,0,0.535713324183822,0.43924429695717737,34,early
34467,67,0,0.5510768782229244,0.6870745095269077,34,early
34468,68,0,0.39609007980415506,0.6423713253755847,34,early
34469,69,0,0.45966706455545425,0.5946380507026297,34,early
34470,70,0,0.4316515179879083,0.48789304942703116,34,early
34471,71,0,0.4284799938609605,0.5983330830085216,34,early
34472,72,0,0.3951911438486382,0.4971228389218292,34,early
34473,73,0,0.5863031139890867,0.5507159600368924,34,early
34474,74,0,0.4920514655867418,0.43340698743442585,34,early
34475,75,0,0.430103236114327,0.4740891015471467,34,early
34476,76,0,0.49441880083657375,0.47269765756143445,34,early
34477,77,0,0.4258522399222413,0.5023899077798994,34,early
34478,78,0,0.5187819531940084,0.4485967030809869,34,early
34479,79,0,0.5131769377928104,0.5546342632021336,34,early
34480,80,0,0.8573722222244062,0.521255883279451,34,early
34481,81,0,0.5410540305963826,0.4770650687997856,34,early
34482,82,0,0.20481579096986613,0.5027064781229426,34,early
34483,83,0,0.5013793792579337,0.5168544296151527,34,early
34484,84,0,0.7602679567148021,0.40868744423978626,34,early
34485,85,0,0.5398060266244401,0.4098539748325388,34,early
34486,86,0,0.17854326068623352,0.5955824301661904,34,early
34487,87,0,0.4328596991658697,0.5290441808229294,34,early
34488,88,0,0.17994373570942573,0.5361742944991312,34,early
34489,89,0,0.4566634434987682,0.550118632039912,34,early
34490,90,0,0.17545553101570532,0.48805003981118167,34,early
34491,91,0,0.44340211300109433,0.5154470142418042,34,early
34492,92,0,0.6291176487105964,0.4655599688662633,34,early
34493,93,0,0.5260230052307342,0.47617606950919533,34,early
34494,94,0,0.8580963598395916,0.5043421031219619,34,early
34495,95,0,0.4447064182749173,0.489974682811689,34,early
34496,96,0,0.3292662079061862,0.44560031814146517,34,early
34497,97,0,0.5657776087157731,0.607231942034074,34,early
34498,98,0,0.7793803959027328,0.46532416021080447,34,early
34499,99,0,0.4284929037327901,0.4528235619393755,34,early
34500,100,0,0.8382722341916795,0.5120622810326035,34,early
34501,101,0,0.48423899831966133,0.49568665140829693,34,early
34502,102,0,0.13207889214182594,0.5330767569171737,34,early
34503,103,0,0.3070652325488776,0.5602755696122281,34,early
34504,104,0,0.7414776740846376,0.44978907071979746,34,early
34505,105,0,0.4856213760938166,0.6906397932492876,34,early
34506,106,0,0.4445590096272126,0.45349814885070505,34,early
34507,107,0,0.5721077354238343,0.5032822120271314,34,early
34508,108,0,0.3188076013566482,0.4745227714435203,34,early
34509,109,0,0.3836574744347817,0.4574817447139927,34,early
34510,110,0,0.46577700318598986,0.4500503886707916,34,early
34511,111,0,0.36189742684316084,0.5141514535486658,34,early
34512,112,0,0.3342000180451745,0.47333877186730844,34,early
34513,113,0,0.5631421802177848,0.4561132628413337,34,early
34514,114,0,0.564701329533744,0.46785052942720795,34,early
34515,115,0,0.32242545835173586,0.5860216742883952,34,early
34516,116,0,0.556185853241044,0.531563570024489,34,early
34517,117,0,0.5208816744963713,0.45880235762659616,34,early
34518,118,0,0.5202548188561729,0.6031404455539775,34,early
34519,119,0,0.39448557972294385,0.504332032289152,34,early
34520,120,0,0.5331134130707422,0.3813474030505483,34,early
34521,121,0,0.4093929204757633,0.5661321828523167,34,early
34522,122,0,0.4888607913870827,0.4712498880432695,34,early
34523,123,0,0.4829620675703693,0.5111020661330868,34,early
34524,124,0,0.5108308399549233,0.4344457209611131,34,early
34525,125,0,0.44703022187364394,0.42676414518135225,34,early
34526,126,0,0.6426040982205432,0.4156145312763286,34,early
34527,127,0,0.4977284335357811,0.5699381176523509,34,early
34528,128,0,0.47678361126574065,0.5827533254178643,34,early
34529,129,0,0.5580787997925434,0.4687160524813857,34,early
34530,130,0,0.781066675420307,0.48310572090524845,34,early
34531,131,0,0.44037687475049847,0.5114214305969531,34,early
34532,132,0,0.5523938886803679,0.48698753188451266,34,early
34533,133,0,0.5617897659067314,0.4496465659485393,34,early
34534,134,0,0.9008758467870221,0.57321137687431,34,early
34535,135,0,0.5075643944532097,0.4725103730417579,34,early
34536,136,0,0.812765543398219,0.5559249710485767,34,early
34537,137,0,0.513343199016127,0.44899066698959267,34,early
34538,138,0,0.2012650262489546,0.516698954460656,34,early
34539,139,0,0.3511449892892886,0.5271056402278991,34,early
34540,140,0,0.25393084375830344,0.5317417066516122,34,early
34541,141,0,0.6136821187423892,0.550201292687228,34,early
34542,142,0,0.7625266454581463,0.49550111969209876,34,early
34543,143,0,0.38302621809501747,0.4333175104902942,34,early
34544,144,0,0.2802519620099556,0.4999002055322647,34,early
34545,145,0,0.39406098683284707,0.451678297387649,34,early
34546,146,0,0.18065071918690362,0.42222129704216266,34,early
34547,147,0,0.5663434807682972,0.44369228384566,34,early
34548,148,0,0.8388852133082567,0.5957972003998488,34,early
34549,149,0,0.44876370170188584,0.4892859204208364,34,early
34550,150,0,0.4376921345133197,0.5760873644539366,34,early
34551,151,0,0.3437313278822241,0.5009492413061618,34,early
34552,152,0,0.7077226524988713,0.4934537100424717,34,early
34553,153,0,0.5286867645738647,0.4503980868435941,34,early
34554,154,0,0.8270968887695085,0.39733835506682313,34,early
34555,155,0,0.49724006950940536,0.48235013737428767,34,early
34556,156,0,0.6397064843193541,0.6355660909874945,34,early
34557,157,0,0.4709993736189099,0.6152011315596042,34,early
34558,158,0,0.22089120715984611,0.4280922881139466,34,early
34559,159,0,0.4909132999849556,0.6105461391034571,34,early
34560,160,0,0.2861916257297448,0.5489881945351484,34,early
34561,161,0,0.5501528692513494,0.4393611265577315,34,early
34562,162,0,0.5047224064672309,0.5673994734131622,34,early
34563,163,0,0.510731175924687,0.4934986367295445,34,early
34564,164,0,0.5549596379899088,0.4368025259660644,34,early
34565,165,0,0.7124499279417414,0.44774664331151626,34,early
34566,166,0,0.5374049401951289,0.4416887511700326,34,early
34567,167,0,0.4660027763302145,0.473809717926272,34,early
34568,168,0,0.41937882420720074,0.5236150904720546,34,early
34569,169,0,0.6043876188381961,0.5047854435620863,34,early
34570,170,0,0.4303213776735869,0.40916870862389554,34,early
34571,171,0,0.4661244339836389,0.5097265846512222,34,early
34572,172,0,0.2592267728637645,0.33279020135090975,34,early
34573,173,0,0.7193204680647933,0.35360265197373675,34,early
34574,174,0,0.345434033405043,0.42916150869212966,34,early
34575,175,0,0.3864729705882498,0.46703160945529876,34,early
34576,176,0,0.45791697751415533,0.46000617895975104,34,early
34577,177,0,0.44401196362174594,0.47282798914829927,34,early
34578,178,0,0.4367077368383312,0.41575408826917193,34,early
34579,179,0,0.7432163811176247,0.47271122573368585,34,early
34580,180,0,0.34992070078279736,0.4830232986508099,34,early
34581,181,0,0.43904631339462175,0.5936129549790643,34,early
34582,182,0,0.37786319171629207,0.544494582618904,34,early
34583,183,0,0.46504977584551066,0.46004741708005104,34,early
34584,184,0,0.6851207352315438,0.4649439411022581,34,early
34585,185,0,0.7886249414741211,0.3896093400582395,34,early
34586,186,0,0.7926717436772892,0.47142179810456075,34,early
34587,187,0,0.49505312794047596,0.39549966175871015,34,early
34588,188,0,0.47059827842447877,0.4296056814046421,34,early
34589,189,0,0.7401812083406085,0.5505860030164589,34,early
34590,190,0,0.5267624052345868,0.4290801979131186,34,early
34591,191,0,0.25442505620465194,0.5342159605045369,34,early
34592,192,0,0.6005591839153841,0.5396413461211715,34,early
34593,193,0,0.45479489688820407,0.4602280738781357,34,early
34594,194,0,0.5248096639935634,0.4051067860287384,34,early
34595,195,0,0.8015139600726181,0.46849493362334904,34,early
34596,196,0,0.37761910260062953,0.6475517477067531,34,early
34597,197,0,0.27579809916749043,0.44002564239120023,34,early
34598,198,0,0.41193752550638296,0.4483743148216577,34,early
34599,199,0,0.7916252316849841,0.3658042768682459,34,early
34600,0,0,0.533912557392145,0.9134879409960182,34,middle
34601,1,0,0.14417916711573658,0.7373695444655675,34,middle
34602,2,1,0.6309511277601496,1.0956736962306237,34,middle
34603,3,2,0.5245385414215507,1.381886673665798,34,middle
34604,4,3,0.5010621423408746,1.07327274577949,34,middle
34605,5,4,0.5348122995792707,1.095346954690883,34,middle
34606,6,5,0.3376287408736656,1.4347488872510024,34,middle
34607,7,6,0.7390902200994536,0.8324115903599885,34,middle
34608,8,7,0.9450486246370312,1.0503289469304558,34,middle
34609,9,8,0.19163272029723438,1.3005297602744057,34,middle
34610,10,9,0.37935807614448747,1.418461169224309,34,middle
34611,11,10,0.3947914190812326,1.2108010583984519,34,middle
34612,12,11,0.47269345370244925,0.688580306973217,34,middle
34613,13,12,0.6042565323226191,0.999107418125096,34,middle
34614,14,0,0.4685834275919677,0.6442339145628312,34,middle
34615,15,13,0.31389871547587633,1.4643546659263236,34,middle
34616,16,14,0.9980269144904108,1.1827779750756475,34,middle
34617,17,15,0.5387209290355394,0.995893028391167,34,middle
34618,18,16,0.027282544945996915,1.0452697372652797,34,middle
34619,19,17,0.5174335520630645,0.7853139497896481,34,middle
34620,20,18,0.6664442199056975,1.0766969755617686,34,middle
34621,21,19,0.48885070451566914,1.1878310599292043,34,middle
34622,22,20,0.29749239906914826,0.7556896634472734,34,middle
34623,23,21,0.9268310291347117,1.1153734563239204,34,middle
34624,24,22,0.14069699079857756,0.8411088431639381,34,middle
34625,25,22,0.553772437394245,0.7240157568792336,34,middle
34626,26,22,0.13919500372907442,0.7500259166545882,34,middle
34627,27,23,0.9463275908525897,0.9134078460772732,34,middle
34628,28,22,0.8224980043168837,0.8169988012832771,34,middle
34629,29,24,0.49931180106906825,1.2680023085363765,34,middle
34630,30,0,0.4384820267199346,0.719015762701277,34,middle
34631,31,22,0.43677582554805233,0.945007645706192,34,middle
34632,32,17,0.5757831289301846,0.80302637177515,34,middle
34633,33,22,0.3350126376352178,0.9542601797519931,34,middle
34634,34,25,0.3827134732990653,0.6981943839363174,34,middle
34635,35,22,0.451422772646203,0.7951759585199325,34,middle
34636,36,26,0.43213559979466015,1.0318644380051931,34,middle
34637,37,27,0.2698345446113512,1.097991741047026,34,middle
34638,38,28,0.40482944147734956,0.6390374076732754,34,middle
34639,39,22,0.4402823291259614,1.0540310653229616,34,middle
34640,40,22,0.16647265424513863,0.7613922133298849,34,middle
34641,41,22,0.8604187057034371,0.7143773327148786,34,middle
34642,42,22,0.7688447317203415,0.6945212495347044,34,middle
34643,43,22,0.12327178761965792,0.6562339714706211,34,middle
34644,44,29,0.8279019574253279,0.8927556429474899,34,middle
34645,45,22,0.6443931605105618,0.6871045561186744,34,middle
34646,46,22,0.2062711914362106,0.5891251649480811,34,middle
34647,47,22,0.8465247540766372,0.6618722616732411,34,middle
34648,48,22,0.7354672276404459,0.6434508843466393,34,middle
34649,49,22,0.17801824304615893,0.7219483466582279,34,middle
34650,50,22,0.26668288198107293,0.6295359238269361,34,middle
34651,51,22,0.7279541456067259,0.5484436380060815,34,middle
34652,52,22,0.3138337017550734,0.7359916352961331,34,middle
34653,53,22,0.2128610893395293,0.7476679514081317,34,middle
34654,54,22,0.6756783637415897,0.443424039548892,34,middle
34655,55,22,0.7003926975542452,0.6971838108745951,34,middle
34656,56,22,0.292338540618893,0.6671472041452285,34,middle
34657,57,22,0.7425024872505774,0.421135918758984,34,middle
34658,58,22,0.7206020978506581,0.6243498240280982,34,middle
34659,59,22,0.36746758712778466,0.6531978592589045,34,middle
34660,60,22,0.5908467921958649,0.517093752378241,34,middle
34661,61,22,0.42433921721806744,0.6119465559391457,34,middle
34662,62,17,0.6472062555609711,0.5453465409342977,34,middle
34663,63,22,0.2950983857492871,0.5765514207447968,34,middle
34664,64,22,0.6516684192719631,0.5395783224940757,34,middle
34665,65,22,0.41529304958196955,0.5849863404157589,34,middle
34666,66,22,0.4845837315817952,0.5776895098112249,34,middle
34667,67,22,0.5142433886482034,0.7296429452043316,34,middle
34668,68,22,0.5865474363923278,0.5617706783889855,34,middle
34669,69,22,0.5098097266209534,0.5154824924567027,34,middle
34670,70,22,0.5361670234000792,0.8416632560636257,34,middle
34671,71,22,0.5108454296927735,0.48583680168670496,34,middle
34672,72,22,0.45524269540344275,0.6182727082930399,34,middle
34673,73,22,0.46318781566454026,0.526143415433544,34,middle
34674,74,17,0.86392888759864,0.5375855323117049,34,middle
34675,75,22,0.5691111390167232,0.7655315398705058,34,middle
34676,76,22,0.4921245409998266,0.4756261583466329,34,middle
34677,77,22,0.49442670478277095,0.4814473486943343,34,middle
34678,78,22,0.5576198936073505,0.3134793162733184,34,middle
34679,79,22,0.5134215496502046,0.5790548663131854,34,middle
34680,80,22,0.856139465282127,0.4709347521299656,34,middle
34681,81,22,0.8698171108587436,0.4188203650048756,34,middle
34682,82,22,0.2517972165077761,0.28758608851501516,34,middle
34683,83,22,0.8010003448059055,0.4707330574154963,34,middle
34684,84,22,0.1360797022699073,0.5501729269637143,34,middle
34685,85,22,0.6843963415959367,0.4130839270573884,34,middle
34686,86,22,0.8961298847981258,0.46731583476589483,34,middle
34687,87,22,0.2901758972712556,0.400426829727457,34,middle
34688,88,22,0.8717280501234707,0.27544108951371826,34,middle
34689,89,22,0.811086969146068,0.44445459226301776,34,middle
34690,90,22,0.27084882788946507,0.4545585106409409,34,middle
34691,91,22,0.1910487719974275,0.4986429538994669,34,middle
34692,92,22,0.23477443869722303,0.3615464831927019,34,middle
34693,93,22,0.8812240936192988,0.29139834408598975,34,middle
34694,94,22,0.6950228641629432,0.5325036393146729,34,middle
34695,95,22,0.21800910843513008,0.4789253554493408,34,middle
34696,96,22,0.6895188226405171,0.4874965881180352,34,middle
34697,97,22,0.24875583647892335,0.5833605695244428,34,middle
34698,98,22,0.28058510291927324,0.6535089968984731,34,middle
34699,99,22,0.8492062861594716,0.4454259092945558,34,middle
34700,100,22,0.37530574344283174,0.4560171584183727,34,middle
34701,101,22,0.20168323461893947,0.45481495365820546,34,middle
34702,102,22,0.7419730421157539,0.3910999334278747,34,middle
34703,103,22,0.6363208801391395,0.4853502644629572,34,middle
34704,104,22,0.7272047440525546,0.46278202047542455,34,middle
34705,105,22,0.5961332953609442,0.3610236927581505,34,middle
34706,106,22,0.6656029232161702,0.3785742324684506,34,middle
34707,107,22,0.794207876629677,0.5465643503635065,34,middle
34708,108,22,0.5902683910881932,0.4456161393069289,34,middle
34709,109,22,0.3843073353296447,0.47687148260803974,34,middle
34710,110,22,0.2293383908239151,0.5765443508278831,34,middle
34711,111,22,0.2471504861413461,0.5584120024601208,34,middle
34712,112,22,0.3629271797697362,0.35022751300945104,34,middle
34713,113,22,0.571601051849616,0.5345841165526733,34,middle
34714,114,22,0.34130552903102834,0.4961361419942147,34,middle
34715,115,22,0.388017066906073,0.496961919112466,34,middle
34716,116,22,0.348009009035973,0.4587175574783836,34,middle
34717,117,22,0.2518952473709713,0.4488617742855583,34,middle
34718,118,22,0.8393329577412838,0.3712706485330077,34,middle
34719,119,22,0.36126717933623426,0.497749140168649,34,middle
34720,120,22,0.22134111276136628,0.7835124766053717,34,middle
34721,121,22,0.28444030111703805,0.3104645825371827,34,middle
34722,122,22,0.31295573929153475,0.4849899540507176,34,middle
34723,123,22,0.30903313361940127,0.5005771036692234,34,middle
34724,124,22,0.804053600745307,0.44445349557873715,34,middle
34725,125,22,0.47894385918392035,0.525199879539926,34,middle
34726,126,22,0.2323119009917736,0.4740412926735406,34,middle
34727,127,22,0.7167827919817188,0.41108378148445274,34,middle
34728,128,22,0.7491557616708185,0.6088800072783039,34,middle
34729,129,22,0.456235240510481,0.47267022297765166,34,middle
34730,130,22,0.8193802268256463,0.41017013724474805,34,middle
34731,131,22,0.3604510068762453,0.6304062188952491,34,middle
34732,132,22,0.18861315898323536,0.5532893876334818,34,middle
34733,133,22,0.581236644288555,0.31430978832168166,34,middle
34734,134,22,0.6373385043403689,0.535512864787099,34,middle
34735,135,22,0.507024449134109,0.3635419910788963,34,middle
34736,136,22,0.8628337946949711,0.5038056123459206,34,middle
34737,137,22,0.42016249027280644,0.42473703662010126,34,middle
34738,138,22,0.28975623725896055,0.40578289444027427,34,middle
34739,139,22,0.6907314095964301,0.27989961815955655,34,middle
34740,140,22,0.22727772824578854,0.3836261021295567,34,middle
34741,141,22,0.600590967680595,0.45945016972193253,34,middle
34742,142,17,0.6271202238734483,0.5054858567232383,34,middle
34743,143,22,0.5285578110853913,0.3409179407880231,34,middle
34744,144,22,0.7791504097186667,0.32400364148883753,34,middle
34745,145,22,0.6060663554245425,0.44480335542168836,34,middle
34746,146,22,0.920598645620994,0.4376996810123434,34,middle
34747,147,22,0.3329089075643372,0.6071697029247829,34,middle
34748,148,22,0.13282161651025984,0.5338778118764229,34,middle
34749,149,22,0.39893473871928414,0.3749002066308712,34,middle
34750,150,22,0.8749428076655357,0.2595143226368971,34,middle
34751,151,22,0.6317480459517903,0.5111267446656824,34,middle
34752,152,22,0.9109469309067877,0.37935462605218273,34,middle
34753,153,22,0.5690731709656954,0.46778737412510396,34,middle
34754,154,22,0.8925974933592284,0.3851719103533599,34,middle
34755,155,22,0.4324658467991412,0.44076924661544653,34,middle
34756,156,22,0.33292727414562173,0.5464826849369705,34,middle
34757,157,22,0.453198452283402,0.48097385375349144,34,middle
34758,158,22,0.286986204143858,0.4729756528247539,34,middle
34759,159,22,0.4802227841825427,0.5229390168396095,34,middle
34760,160,22,0.5796688778941944,0.5800389684185528,34,middle
34761,161,22,0.9192775764842428,0.47886593926310617,34,middle
34762,162,22,0.5745902432900287,0.4694699292227764,34,middle
34763,163,22,0.23277325077762406,0.46942640289162574,34,middle
34764,164,22,0.7197779313032544,0.4057139622116322,34,middle
34765,165,22,0.6855820207534515,0.3490720331959153,34,middle
34766,166,22,0.5586064659274189,0.47319930879194144,34,middle
34767,167,22,0.44162056112065307,0.6586030175883077,34,middle
34768,168,22,0.7357697828300112,0.45100894812840303,34,middle
34769,169,22,0.24959968899648804,0.6018773410459476,34,middle
34770,170,22,0.17628229479454424,0.4832855604222349,34,middle
34771,171,22,0.7255236816042443,0.5482622223340341,34,middle
34772,172,22,0.885418394068505,0.3688540702525135,34,middle
34773,173,22,0.8559996689330305,0.2867808726965295,34,middle
34774,174,22,0.271650005391497,0.4582210393091072,34,middle
34775,175,22,0.5208341037231998,0.3954249470082555,34,middle
34776,176,22,0.31889585652536423,0.46748477242620323,34,middle
34777,177,22,0.7272195289186494,0.3313586095872436,34,middle
34778,178,22,0.24231892789163473,0.5831809059132684,34,middle
34779,179,22,0.31023114823190295,0.35518815574110746,34,middle
34780,180,22,0.6751013865293304,0.27101466424242737,34,middle
34781,181,22,0.2542819014627934,0.48689757215182367,34,middle
34782,182,22,0.2198312358305301,0.43617984926290637,34,middle
34783,183,22,0.3857026215923204,0.574441487335909,34,middle
34784,184,22,0.1435416644247392,0.5189261062448677,34,middle
34785,185,22,0.7440890176691035,0.3996332803004744,34,middle
34786,186,22,0.31674402013742164,0.43875581408675435,34,middle
34787,187,22,0.7656102663844006,0.42815400284180366,34,middle
34788,188,22,0.402906709475756,0.4389078927391695,34,middle
34789,189,22,0.18373969821795444,0.5116815380159555,34,middle
34790,190,22,0.148605078814771,0.44348069286349123,34,middle
34791,191,22,0.7840043250116355,0.3479632004588757,34,middle
34792,192,22,0.551301402772968,0.4693601838637409,34,middle
34793,193,22,0.250758265426502,0.4552106271390748,34,middle
34794,194,22,0.3850604827227121,0.5277611123331953,34,middle
34795,195,22,0.6396998319286394,0.34360607750034067,34,middle
34796,196,22,0.7638384782844867,0.3723964968657124,34,middle
34797,197,22,0.6427228561989359,0.5395475904818641,34,middle
34798,198,22,0.4724224069704044,0.4311461663647913,34,middle
34799,199,22,0.5270631027082346,0.37422233547012107,34,middle
34800,0,0,0.13092417991829558,0.5025720302661069,34,late
34801,1,0,0.44007055009018237,0.6256661032176398,34,late
34802,2,0,0.18888818021869547,0.7403241565288641,34,late
34803,3,0,0.3575210121867859,0.6353342741066776,34,late
34804,4,0,0.9111118849229536,0.5461623573482808,34,late
34805,5,0,0.20451120064380265,0.6170756951790812,34,late
34806,6,0,0.7505609479018204,0.4718678252305726,34,late
34807,7,0,0.6754668752170733,0.6365625830246338,34,late
34808,8,0,0.8628765953536301,0.6735955048343104,34,late
34809,9,0,0.6614393016336333,0.4796088410466594,34,late
34810,10,0,0.17145476905270543,0.6090969626181411,34,late
34811,11,0,0.6121367538829492,0.7023581943016337,34,late
34812,12,0,0.2651283941180909,0.6431256878794491,34,late
34813,13,0,0.7392291864002495,0.4591462470605846,34,late
34814,14,0,0.3471361706753191,0.577456687141802,34,late
34815,15,0,0.2811928290195273,0.8835866432513784,34,late
34816,16,0,0.7591661716952784,0.5072397046011468,34,late
34817,17,0,0.7845826075292658,0.4535117670744152,34,late
34818,18,0,0.2651586645427174,0.4543703212873371,34,late
34819,19,0,0.49268886187809824,0.556113089285152,34,late
34820,20,0,0.3729905482809861,0.48385680034218725,34,late
34821,21,0,0.7722150567885167,0.7096271901646977,34,late
34822,22,0,0.4508013096374839,0.7917109766509809,34,late
34823,23,0,0.44778625382569537,0.6553589679841689,34,late
34824,24,0,0.24906240109240252,0.4334671758825441,34,late
34825,25,0,0.07493636465399965,0.7436880391734702,34,late
34826,26,0,0.45242221098519764,0.44258533448268744,34,late
34827,27,0,0.2947291479069207,0.48444187846829534,34,late
34828,28,0,0.45009547772603037,0.5290793684503792,34,late
34829,29,0,0.688748874120034,0.49577690936622865,34,late
34830,30,0,0.5781424134945401,0.48499083574250323,34,late
34831,31,0,0.3725327644155743,0.5606640489761732,34,late
34832,32,0,0.3637981476493374,0.40910465852401856,34,late
34833,33,0,0.6498036666012742,0.42227288510958993,34,late
34834,34,0,0.4886561385055539,0.44841502581928844,34,late
34835,35,0,0.14419529926273525,0.5232362477577654,34,late
34836,36,0,0.47301850078613883,0.4237567381944861,34,late
34837,37,0,0.7365123044795783,0.5304938737912653,34,late
34838,38,0,0.38930351091308757,0.48535969774705356,34,late
34839,39,0,0.5223574650775904,0.502684089881993,34,late
34840,40,0,0.527903047441594,0.38078121516959684,34,late
34841,41,0,0.42310498812523367,0.3157398516635373,34,late
34842,42,0,0.43847099420815633,0.5026015493867629,34,late
34843,43,0,0.5618327422443474,0.4398441686608039,34,late
34844,44,0,0.4884174732868593,0.5737349341958965,34,late
34845,45,0,0.7075701351670157,0.5536484538286643,34,late
34846,46,0,0.6449778162678912,0.6416387669260764,34,late
34847,47,0,0.7242436322125564,0.3703520109471735,34,late
34848,48,0,0.33500098054317073,0.7207115700724628,34,late
34849,49,0,0.41537135060411656,0.42863085616303076,34,late
34850,50,0,0.4017962244453268,0.4500823808699024,34,late
34851,51,0,0.7703939272040998,0.5934086080965624,34,late
34852,52,0,0.5183612501668337,0.37354584675288705,34,late
34853,53,0,0.4552948504237967,0.4950644646024651,34,late
34854,54,0,0.4108785982892027,0.3247116378776663,34,late
34855,55,0,0.5345188074250815,0.5005382318287965,34,late
34856,56,0,0.3394912138488386,0.6022351391075087,34,late
34857,57,0,0.7241550800969068,0.4854432940024531,34,late
34858,58,0,0.6702332607525809,0.44392915141023637,34,late
34859,59,0,0.43849953675892633,0.3466061731270373,34,late
34860,60,0,0.5312741322312172,0.38436752169833144,34,late
34861,61,0,0.6978648581224915,0.4392164556918804,34,late
34862,62,0,0.4310858324222117,0.7324808436385889,34,late
34863,63,0,0.5530122642167192,0.44663633078209214,34,late
34864,64,0,0.3169707317853973,0.5018175632439047,34,late
34865,65,0,0.6363922839718742,0.4967052981741189,34,late
34866,66,0,0.5164620666498413,0.5618326976391325,34,late
34867,67,0,0.4379432592919178,0.4365993690069547,34,late
34868,68,0,0.4730890213604177,0.49427405421577897,34,late
34869,69,0,0.29105674963735584,0.6062037652920721,34,late
34870,70,0,0.5346438562419574,0.35724393810465527,34,late
34871,71,0,0.4777851464209406,0.6522877128428146,34,late
34872,72,0,0.4646965907051347,0.38971791723321536,34,late
34873,73,0,0.34501797189286443,0.6435001044500799,34,late
34874,74,0,0.6354759390886291,0.3639187687579559,34,late
34875,75,0,0.38949802396512556,0.5403885841692138,34,late
34876,76,0,0.4857530492767365,0.5598273519066137,34,late
34877,77,0,0.37100643458451493,0.44734055963167363,34,late
34878,78,0,0.5500233939977254,0.5554329059114093,34,late
34879,79,0,0.58404271047793,0.2811464995312705,34,late
34880,80,0,0.32726016084164433,0.44717804387500515,34,late
34881,81,0,0.40242499264038945,0.5158161114846063,34,late
34882,82,0,0.33636258369563743,0.5039138736716819,34,late
34883,83,0,0.5050180166426115,0.41117924372871717,34,late
34884,84,0,0.5574217843050541,0.4104784447280646,34,late
34885,85,0,0.5316544877106326,0.5175480504874295,34,late
34886,86,0,0.5894780165429165,0.5315756502908169,34,late
34887,87,0,0.5487136169810776,0.4092581550327513,34,late
34888,88,0,0.4248686136105325,0.5290925857889973,34,late
34889,89,0,0.6328755624377125,0.41644476524116636,34,late
34890,90,0,0.4440632220083308,0.364790266331605,34,late
34891,91,0,0.6400378357908305,0.3304067307556591,34,late
34892,92,0,0.5358152269225599,0.55440677419618,34,late
34893,93,0,0.4245504327497972,0.4772159286043288,34,late
34894,94,0,0.4575786474927306,0.47065356130098845,34,late
34895,95,0,0.5151219333022936,0.48268888368161766,34,late
34896,96,0,0.3406743393165399,0.47606644859660907,34,late
34897,97,0,0.6419806429447986,0.5443348624542089,34,late
34898,98,0,0.5285171580124817,0.4798944859398744,34,late
34899,99,0,0.3782117059224117,0.37704176749516644,34,late
34900,100,0,0.4504782917931947,0.5338569439841884,34,late
34901,101,0,0.5163342330846881,0.6549672070767245,34,late
34902,102,0,0.6645247850885693,0.3384439869568427,34,late
34903,103,0,0.5419508219383516,0.3719133007834219,34,late
34904,104,0,0.5238690483474537,0.46138340223816876,34,late
34905,105,0,0.5461356571249785,0.45935381395871877,34,late
34906,106,0,0.5435303027850233,0.41152676753660594,34,late
34907,107,0,0.5069980951465757,0.4150728945681045,34,late
34908,108,0,0.6056950294319625,0.5469962309350709,34,late
34909,109,0,0.454218689287753,0.49749136967538327,34,late
34910,110,0,0.45451975737828776,0.436444273125565,34,late
34911,111,0,0.42127690780891414,0.557530393983037,34,late
34912,112,0,0.6843085569422247,0.561495445221444,34,late
34913,113,0,0.6327638326523553,0.48814375203734783,34,late
34914,114,0,0.49229771482738466,0.5234952968890441,34,late
34915,115,0,0.5579555333893045,0.35599850353555396,34,late
34916,116,0,0.5975307106603603,0.45753796543388536,34,late
34917,117,0,0.5268792954058724,0.4721468971669811,34,late
34918,118,0,0.568606253870293,0.3884910339520362,34,late
34919,119,0,0.4819100107942927,0.49426065862421964,34,late
34920,120,0,0.18005416617336806,0.44447356366857127,34,late
34921,121,0,0.863621979316773,0.5153404674256719,34,late
34922,122,0,0.3193711891427822,0.4897999681852118,34,late
34923,123,0,0.3365779871304936,0.33567793679732855,34,late
34924,124,0,0.4092080883339095,0.4443559380145563,34,late
34925,125,0,0.5041528661336304,0.3513793251088402,34,late
34926,126,0,0.604811816447233,0.36311036716304146,34,late
34927,127,0,0.5614392342563199,0.4613787871277921,34,late
34928,128,0,0.5047195787247347,0.5174947193696249,34,late
34929,129,0,0.344680304327751,0.3971240550912635,34,late
34930,130,0,0.3545969504210599,0.6381830883517243,34,late
34931,131,0,0.24872102871193466,0.5403687574769083,34,late
34932,132,0,0.5378594738093881,0.5268518532342923,34,late
34933,133,0,0.4310758600114255,0.3976665411358649,34,late
34934,134,0,0.13924129149854658,0.6161501628300828,34,late
34935,135,0,0.5015565759412746,0.4409342004537983,34,late
34936,136,0,0.42404405367494796,0.5178564325647652,34,late
34937,137,0,0.49305788213873364,0.4843880656507418,34,late
34938,138,0,0.28737708724621114,0.47019173600920205,34,late
34939,139,0,0.7063789945806643,0.45571218590624646,34,late
34940,140,0,0.46156966287748924,0.5373357263018974,34,late
34941,141,0,0.5295633980216465,0.31491440693602024,34,late
34942,142,0,0.29052657012599437,0.4508198700148037,34,late
34943,143,0,0.4699410452491306,0.39337862850737537,34,late
34944,144,0,0.5663867042644875,0.34763339762535905,34,late
34945,145,0,0.6236875000793837,0.5697099824077863,34,late
34946,146,0,0.2631627036482602,0.48882729807176617,34,late
34947,147,0,0.44812263775307587,0.44403677150729604,34,late
34948,148,0,0.4917789603679166,0.3866098736919553,34,late
34949,149,0,0.5991740984145398,0.30443311644150967,34,late
34950,150,0,0.6441963164107529,0.5358227815178722,34,late
34951,151,0,0.3925764950395832,0.5547654992046298,34,late
34952,152,0,0.4283003807703455,0.41295710889950077,34,late
34953,153,0,0.5105883086629418,0.3237567772072998,34,late
34954,154,0,0.4720998092626952,0.36966533738743335,34,late
34955,155,0,0.5045689844452103,0.4332064382553902,34,late
34956,156,0,0.5874928121415781,0.40465470287482985,34,late
34957,157,0,0.48088270687874934,0.34359533471322545,34,late
34958,158,0,0.1955628420051948,0.5729361392486034,34,late
34959,159,0,0.5572882326398313,0.4527223753642836,34,late
34960,160,0,0.44064023035604893,0.581816227033753,34,late
34961,161,0,0.36098437307994435,0.5579575661656931,34,late
34962,162,0,0.6126399422217745,0.4998507112726792,34,late
34963,163,0,0.5800964957812291,0.34656674432683743,34,late
34964,164,0,0.3059611421914348,0.4409042570983652,34,late
34965,165,0,0.678393932654179,0.4095052782523649,34,late
34966,166,0,0.6559541452743924,0.4966832979436817,34,late
34967,167,0,0.6981607965658498,0.3842791826526374,34,late
34968,168,0,0.5224155729044676,0.39915016996414754,34,late
34969,169,0,0.4627295792279348,0.5032403523037344,34,late
34970,170,0,0.40203947205363877,0.44993543574776296,34,late
34971,171,0,0.5581997593783286,0.3205886005735886,34,late
34972,172,0,0.6682444189152765,0.3851130761362209,34,late
34973,173,0,0.4105475061853633,0.43453201886100334,34,late
34974,174,0,0.4232941885031527,0.40898738652207,34,late
34975,175,0,0.39264902263177137,0.5001598768238271,34,late
34976,176,0,0.47879255625808353,0.47050527570829237,34,late
34977,177,0,0.6786623343187788,0.40817068151329094,34,late
34978,178,0,0.6873166104016502,0.3929638623407583,34,late
34979,179,0,0.2978705542330712,0.6608087504505155,34,late
34980,180,0,0.6719133432626245,0.4059791734190721,34,late
34981,181,0,0.3850750477063277,0.49426725768708807,34,late
34982,182,0,0.6301526749314416,0.4860990424828212,34,late
34983,183,0,0.7320497337813425,0.4238741206828286,34,late
34984,184,0,0.455751728805294,0.3536296215834601,34,late
34985,185,0,0.31027971890921385,0.44196268084462487,34,late
34986,186,0,0.5768045454764118,0.43087187475447986,34,late
34987,187,0,0.45661908916255317,0.38552231853957075,34,late
34988,188,0,0.587845656621713,0.462574347255729,34,late
34989,189,0,0.34318161970517486,0.43673512415197935,34,late
34990,190,0,0.35923387209448676,0.535198615777021,34,late
34991,191,0,0.5227587669613687,0.33217311200547595,34,late
34992,192,0,0.5410439110328096,0.6691790845819332,34,late
34993,193,0,0.5216321823652006,0.32040573542083967,34,late
34994,194,0,0.5287710489795608,0.40304330485307527,34,late
34995,195,0,0.3240832529314549,0.28085982870882376,34,late
34996,196,0,0.574616003428032,0.36984105120247657,34,late
34997,197,0,0.2171394912448733,0.5359005779679361,34,late
34998,198,0,0.373741418881733,0.4043284086480475,34,late
34999,199,0,0.6790221821031767,0.5725970628307123,34,late
35000,0,0,0.5071475908973463,0.992262738359362,35,interleaved
35001,1,0,0.00891984893858936,0.8807104583354093,35,interleaved
35002,2,0,0.511285885897668,0.663715904439153,35,interleaved
35003,3,1,0.9811264948240033,0.9264648397631194,35,interleaved
35004,4,0,0.5124849755624288,0.7185044355539887,35,interleaved
35005,5,2,0.6741680764333131,0.9780927469261322,35,interleaved
35006,6,0,0.5099536351694083,0.6645272191846875,35,interleaved
35007,7,0,0.9848352301633714,0.6665960563970794,35,interleaved
35008,8,3,0.5104984931927725,1.044109920591592,35,interleaved
35009,9,0,0.9846754679741114,0.6943738829883648,35,interleaved
35010,10,4,0.704094124300902,1.4290502183350071,35,interleaved
35011,11,0,0.028538677053460887,0.793642301833752,35,interleaved
35012,12,0,0.5063847942080787,0.664858976767368,35,interleaved
35013,13,5,0.9907356787548302,0.7892281529370697,35,interleaved
35014,14,0,0.4860231262863023,0.6523376478028113,35,interleaved
35015,15,5,0.0072302615259957044,0.8959730855542516,35,interleaved
35016,16,6,0.49724302491513794,0.9261415061846523,35,interleaved
35017,17,0,0.9905925271779907,0.9442466440303992,35,interleaved
35018,18,0,0.5145146580471293,0.6121160044650412,35,interleaved
35019,19,0,0.018545810423281673,0.741197727603282,35,interleaved
35020,20,0,0.48873900915143925,0.8186241718476674,35,interleaved
35021,21,0,0.013334035131163494,0.8833076850404222,35,interleaved
35022,22,0,0.4868599337352262,0.6636284909522278,35,interleaved
35023,23,0,0.010896406208523076,0.6564134653646485,35,interleaved
35024,24,0,0.5258441754076091,0.7035337840993815,35,interleaved
35025,25,0,0.9716174674360516,0.5722909116242895,35,interleaved
35026,26,0,0.4832178731140171,0.6795885163177007,35,interleaved
35027,27,5,0.950038085626068,0.5820736109389136,35,interleaved
35028,28,0,0.46186101163528603,0.5179095690728873,35,interleaved
35029,29,0,0.024867353237151793,0.6802908070733225,35,interleaved
35030,30,5,0.45738585249306224,0.7198343409156274,35,interleaved
35031,31,0,0.02302110779988899,0.6271298461571408,35,interleaved
35032,32,0,0.526412824721654,0.6829109568188587,35,interleaved
35033,33,0,0.9778792088392031,0.3405689914730028,35,interleaved
35034,34,0,0.5424205074324894,0.5382217076150195,35,interleaved
35035,35,0,0.9657202744570366,0.5524087332419926,35,interleaved
35036,36,0,0.5457031823536187,0.5653929179931728,35,interleaved
35037,37,0,0.03438114585382804,0.6661736827877671,35,interleaved
35038,38,0,0.46907676906947543,0.6939394989018863,35,interleaved
35039,39,0,0.979351201403726,0.6196619583920909,35,interleaved
35040,40,0,0.5395401900040482,0.6338770654567851,35,interleaved
35041,41,0,0.02367227182565505,0.8000564310345282,35,interleaved
35042,42,5,0.6505434495710838,0.5560858867790756,35,interleaved
35043,43,0,0.9717585646544095,0.5638836561750701,35,interleaved
35044,44,0,0.46501867353224413,0.5223243009360189,35,interleaved
35045,45,0,0.9581379753178776,0.461362050799744,35,interleaved
35046,46,0,0.5257816490788738,0.5354343641467362,35,interleaved
35047,47,0,0.026908450467838043,0.5621067588633792,35,interleaved
35048,48,0,0.4745386228506263,0.7052168905327165,35,interleaved
35049,49,0,0.03848546956688725,0.7430678464076133,35,interleaved
35050,50,0,0.4346857291281362,0.5814791885584654,35,interleaved
35051,51,0,0.9638773515033092,0.383942166769476,35,interleaved
35052,52,0,0.4522154015317656,0.6558808314903586,35,interleaved
35053,53,0,0.020693756798049055,0.803186676456559,35,interleaved
35054,54,0,0.47700914164622177,0.5725671302806764,35,interleaved
35055,55,0,0.9686361665288582,0.3175933797139679,35,interleaved
35056,56,0,0.517396872855802,0.5496786082351429,35,interleaved
35057,57,0,0.08459688573257336,0.6688552368850539,35,interleaved
35058,58,0,0.5331495410447652,0.48977695496950424,35,interleaved
35059,59,0,0.9449416298920389,0.4510133562104458,35,interleaved
35060,60,0,0.5222099640352609,0.494563724377842,35,interleaved
35061,61,0,0.9006299666315374,0.43601997605768256,35,interleaved
35062,62,0,0.3918504786862999,0.4813996841233138,35,interleaved
35063,63,0,0.12943880757093262,0.6685179395384305,35,interleaved
35064,64,0,0.533185829874799,0.5141699780841784,35,interleaved
35065,65,0,0.12393869635392465,0.5598603437772758,35,interleaved
35066,66,0,0.4041179663930203,0.5718550718140325,35,interleaved
35067,67,0,0.17490073788826993,0.6613552544332602,35,interleaved
35068,68,0,0.5024886389339611,0.5746540842624732,35,interleaved
35069,69,0,0.9058477886762866,0.359468260387128,35,interleaved
35070,70,0,0.5238869500018567,0.670059642046386,35,interleaved
35071,71,0,0.9138708961487273,0.4110983747291107,35,interleaved
35072,72,0,0.6167707872775707,0.5826545038821316,35,interleaved
35073,73,0,0.8506387692031134,0.4256665408290735,35,interleaved
35074,74,0,0.41343504237456913,0.5344353864468416,35,interleaved
35075,75,0,0.8559870137235517,0.3846523568357382,35,interleaved
35076,76,0,0.5308259891795977,0.5954154041596894,35,interleaved
35077,77,0,0.2260408925200806,0.6172959238390046,35,interleaved
35078,78,0,0.36367917649694115,0.3548131031397732,35,interleaved
35079,79,0,0.8295704002540527,0.5778825122961423,35,interleaved
35080,80,0,0.531406987184889,0.43919316258636176,35,interleaved
35081,81,0,0.798521995164825,0.42302475858292077,35,interleaved
35082,82,0,0.5591534348080718,0.5718910048383535,35,interleaved
35083,83,0,0.12631924631676678,0.363009299450187,35,interleaved
35084,84,0,0.3215250108004837,0.6482152422723456,35,interleaved
35085,85,0,0.8508516623007665,0.43599435679920917,35,interleaved
35086,86,0,0.6502539998649386,0.5633380921422595,35,interleaved
35087,87,0,0.6975169336964148,0.5574025940648116,35,interleaved
35088,88,0,0.4842113694306698,0.4945197323353985,35,interleaved
35089,89,0,0.15636800735459988,0.5068721873225324,35,interleaved
35090,90,0,0.6296824386863416,0.5572538455205669,35,interleaved
35091,91,0,0.332297863338154,0.5909387964035306,35,interleaved
35092,92,0,0.5255488335120734,0.3908873470366866,35,interleaved
35093,93,0,0.7235136065491232,0.4280314838726198,35,interleaved
35094,94,0,0.4190030258465433,0.5019647947550824,35,interleaved
35095,95,0,0.8642642328823902,0.5055581279913179,35,interleaved
35096,96,0,0.43664066287688996,0.539710667541103,35,interleaved
35097,97,0,0.8010285337263088,0.5193641933095708,35,interleaved
35098,98,0,0.5447215293587375,0.4485865477924673,35,interleaved
35099,99,0,0.1354899676332007,0.4760656220814181,35,interleaved
35100,100,0,0.49825216950041606,0.2956170122515679,35,interleaved
35101,101,0,0.911091679667139,0.4928791205496993,35,interleaved
35102,102,0,0.49394960182500414,0.4598125110746428,35,interleaved
35103,103,0,0.9114277040651354,0.3732550248418141,35,interleaved
35104,104,0,0.470253089403803,0.5110089929296556,35,interleaved
35105,105,0,0.20148751116426097,0.5823515456119048,35,interleaved
35106,106,0,0.4621850003854864,0.550032326064148,35,interleaved
35107,107,0,0.21873185660234135,0.4182358526484238,35,interleaved
35108,108,0,0.432874211415467,0.4135815115239103,35,interleaved
35109,109,0,0.854988268577744,0.4468743442944336,35,interleaved
35110,110,0,0.31106512997212465,0.41226219131657826,35,interleaved
35111,111,0,0.8631178547819537,0.5272676217011172,35,interleaved
35112,112,0,0.5228061420418493,0.5713395043209567,35,interleaved
35113,113,0,0.8303202849647859,0.3892714742314616,35,interleaved
35114,114,0,0.5352300262061881,0.4086211353427194,35,interleaved
35115,115,0,0.8493332627750038,0.3731188311125673,35,interleaved
35116,116,0,0.5681830883979844,0.5692106617822784,35,interleaved
35117,117,0,0.8728575217951992,0.47146156391573774,35,interleaved
35118,118,0,0.5864035719150683,0.5608983568990235,35,interleaved
35119,119,0,0.8083177181101113,0.3483911506106736,35,interleaved
35120,120,0,0.4491631420629259,0.48843787923986304,35,interleaved
35121,121,0,0.336676369863532,0.35645529367136985,35,interleaved
35122,122,0,0.4516086145465894,0.4136347368789518,35,interleaved
35123,123,0,0.8506043213437307,0.4815075065550297,35,interleaved
35124,124,0,0.5195712417055959,0.3782924192971474,35,interleaved
35125,125,0,0.19131519770223987,0.47827213215117764,35,interleaved
35126,126,0,0.5404004398463446,0.2844436859041251,35,interleaved
35127,127,0,0.11592463121624715,0.605893130176733,35,interleaved
35128,128,0,0.4601871361266817,0.342100147094779,35,interleaved
35129,129,0,0.20554549929627575,0.48758845112687865,35,interleaved
35130,130,0,0.5102285382772076,0.4370739161518943,35,interleaved
35131,131,0,0.8579512044611445,0.4452614152036859,35,interleaved
35132,132,0,0.4099108707202286,0.5276322080441008,35,interleaved
35133,133,0,0.3064978505879035,0.35744918200208264,35,interleaved
35134,134,0,0.5097427343171199,0.6494573620754666,35,interleaved
35135,135,0,0.4501970857703207,0.5180840797706131,35,interleaved
35136,136,0,0.32339804064255806,0.5903069957458705,35,interleaved
35137,137,0,0.8482311381274587,0.49192933486602247,35,interleaved
35138,138,0,0.5188690424695013,0.46774372411149473,35,interleaved
35139,139,0,0.8334681361728489,0.2956267147274235,35,interleaved
35140,140,0,0.4176519553393765,0.529330161549391,35,interleaved
35141,141,0,0.35901169023661106,0.4724341998447771,35,interleaved
35142,142,0,0.5063720099438741,0.7070044515032506,35,interleaved
35143,143,0,0.830102399788395,0.5365538590761316,35,interleaved
35144,144,0,0.5409351923547784,0.3216652763894936,35,interleaved
35145,145,0,0.353388942365618,0.47688801925226015,35,interleaved
35146,146,0,0.30113430306536904,0.636993830170105,35,interleaved
35147,147,0,0.15352759237969266,0.46505720611148715,35,interleaved
35148,148,0,0.49158133852596575,0.5301836424442546,35,interleaved
35149,149,0,0.807912638401254,0.34564950403441297,35,interleaved
35150,150,0,0.5222810403090045,0.36622705137762107,35,interleaved
35151,151,0,0.775875494746007,0.37418762254657034,35,interleaved
35152,152,0,0.49449532358293447,0.41133330121042117,35,interleaved
35153,153,0,0.8755984945894164,0.409063758882518,35,interleaved
35154,154,0,0.43752461240078344,0.4207319691289839,35,interleaved
35155,155,0,0.18589901050051305,0.5207363140028747,35,interleaved
35156,156,0,0.47649081932727033,0.4736279066142791,35,interleaved
35157,157,0,0.23097285841412876,0.6866065087331183,35,interleaved
35158,158,0,0.5800822075563692,0.48114179440188554,35,interleaved
35159,159,0,0.17418866584183518,0.40491537972621,35,interleaved
35160,160,0,0.3662754883376472,0.36934151855792186,35,interleaved
35161,161,0,0.7534821845177206,0.36189166108494963,35,interleaved
35162,162,0,0.34585602919551384,0.49911681814860975,35,interleaved
35163,163,0,0.38349150440706953,0.3056419850263332,35,interleaved
35164,164,0,0.3682476179777676,0.3700086663802291,35,interleaved
35165,165,0,0.7448378090648549,0.41745104495695645,35,interleaved
35166,166,0,0.649098327885643,0.4319917999443587,35,interleaved
35167,167,0,0.6037010904621538,0.34100245711004207,35,interleaved
35168,168,0,0.4804641808125219,0.5212068429120482,35,interleaved
35169,169,0,0.49143044613081804,0.44304482535764667,35,interleaved
35170,170,0,0.43928773756517037,0.36022626611410596,35,interleaved
35171,171,0,0.7332143767181025,0.4743143511143343,35,interleaved
35172,172,0,0.259554598815575,0.40908462893868347,35,interleaved
35173,173,0,0.8302891461423203,0.47511121220675057,35,interleaved
35174,174,0,0.1295008599405907,0.4098327787648954,35,interleaved
35175,175,0,0.16754777050712583,0.3468157582970921,35,interleaved
35176,176,0,0.4574623213265896,0.49277422037540697,35,interleaved
35177,177,0,0.3475738975459919,0.5699127509941828,35,interleaved
35178,178,0,0.4119190313577653,0.39103002714002,35,interleaved
35179,179,0,0.5002818754647353,0.66134920734856,35,interleaved
35180,180,0,0.4292331358031617,0.5952254567655235,35,interleaved
35181,181,0,0.4427023653989186,0.42921206124344063,35,interleaved
35182,182,0,0.7803903859909191,0.48868561082089834,35,interleaved
35183,183,0,0.2732180597775514,0.43162910294522827,35,interleaved
35184,184,0,0.8646390432580482,0.36614378304760764,35,interleaved
35185,185,0,0.7058215101260767,0.3859997265248176,35,interleaved
35186,186,0,0.30626814544635583,0.4946234360518197,35,interleaved
35187,187,0,0.28405886758237786,0.3385717640538989,35,interleaved
35188,188,0,0.44322681789071217,0.41295790750453265,35,interleaved
35189,189,0,0.21213106446091873,0.5002668548189456,35,interleaved
35190,190,0,0.44829077251583643,0.3460052591136261,35,interleaved
35191,191,0,0.571138242532391,0.5220067212473666,35,interleaved
35192,192,0,0.6873805470608583,0.4491836907779163,35,interleaved
35193,193,0,0.46387067472576426,0.421463013415399,35,interleaved
35194,194,0,0.730350170288401,0.6712970451869755,35,interleaved
35195,195,0,0.533857388461019,0.4467481384893442,35,interleaved
35196,196,0,0.392236901100187,0.35941755671064934,35,interleaved
35197,197,0,0.4203895557596947,0.5526839623896392,35,interleaved
35198,198,0,0.3392259623952351,0.4556958517510048,35,interleaved
35199,199,0,0.8005766218410025,0.4041672229190928,35,interleaved
35200,0,0,0.801852682403078,0.6946381758995113,35,blocked
35201,1,0,0.10228936201311203,0.6802195992564954,35,blocked
35202,2,0,0.2631464292697963,0.6054867882871877,35,blocked
35203,3,0,0.8304916504244401,0.5316377835369102,35,blocked
35204,4,1,0.4993344883934848,0.701713116898379,35,blocked
35205,5,0,0.7092551752056769,0.5519839249295462,35,blocked
35206,6,0,0.6446986855560565,0.7489227226004661,35,blocked
35207,7,0,0.6837576996509649,0.7599721525092249,35,blocked
35208,8,0,0.7817001071281294,0.6466800724144097,35,blocked
35209,9,0,0.2779041862162835,0.4625350875475207,35,blocked
35210,10,0,0.20206684557454443,0.6517231251393536,35,blocked
35211,11,0,0.24088392106350212,0.6910906119360438,35,blocked
35212,12,0,0.8583144183161082,0.530345891014546,35,blocked
35213,13,0,0.2676877962327554,0.6700469373003548,35,blocked
35214,14,0,0.32398259244595035,0.705691709238524,35,blocked
35215,15,0,0.24856047374154294,0.5370481110596388,35,blocked
35216,16,0,0.21555142837664812,0.44801987570773005,35,blocked
35217,17,0,0.18988705563626332,0.5993354943535394,35,blocked
35218,18,0,0.08251824407394717,0.6485785474116125,35,blocked
35219,19,0,0.7421939816070455,0.5216653373630796,35,blocked
35220,20,0,0.39541804604624675,0.5924836457185638,35,blocked
35221,21,0,0.26603263467598837,0.40542548480172713,35,blocked
35222,22,0,0.4811532256326171,0.43183146476154266,35,blocked
35223,23,0,0.2951018717005931,0.6462547532262833,35,blocked
35224,24,0,0.27836200748984313,0.3767177155711082,35,blocked
35225,25,0,0.7699401640972956,0.3556119146271872,35,blocked
35226,26,0,0.5816743344456698,0.38166903637529015,35,blocked
35227,27,0,0.3654750787606589,0.4801995353646459,35,blocked
35228,28,0,0.39759664278239226,0.6876061855459621,35,blocked
35229,29,0,0.689030361398279,0.5169886839340909,35,blocked
35230,30,0,0.5304289482073503,0.5057904167835922,35,blocked
35231,31,0,0.3239723845084198,0.36991421772070276,35,blocked
35232,32,0,0.4039431612361705,0.5012826797681633,35,blocked
35233,33,0,0.48394003772768684,0.28269205772091716,35,blocked
35234,34,0,0.3026560276380885,0.39699935495957883,35,blocked
35235,35,0,0.3624988330147832,0.3136388302535256,35,blocked
35236,36,0,0.33133699759061863,0.5589806426712609,35,blocked
35237,37,0,0.43570043598867325,0.5002306033955026,35,blocked
35238,38,0,0.11229109589062519,0.6396650488915618,35,blocked
35239,39,0,0.7580751926350874,0.37847894291803685,35,blocked
35240,40,0,0.6200575540942335,0.4499885988054266,35,blocked
35241,41,0,0.5591287944559604,0.603396113790604,35,blocked
35242,42,0,0.5046855597183758,0.46629609708972136,35,blocked
35243,43,0,0.5885675627422216,0.35604520758589625,35,blocked
35244,44,0,0.7375917438029387,0.3835900464905153,35,blocked
35245,45,0,0.4517562896190033,0.43374477638166853,35,blocked
35246,46,0,0.40211258260513394,0.5222703907222213,35,blocked
35247,47,0,0.43781068455047034,0.5067749155928,35,blocked
35248,48,0,0.6174125207804521,0.6409194068192291,35,blocked
35249,49,0,0.6605871389748494,0.4895999569324737,35,blocked
35250,50,0,0.5432402352817487,0.49914227874835415,35,blocked
35251,51,0,0.41568493341403306,0.37088509781469303,35,blocked
35252,52,0,0.560243836115862,0.3993317566827821,35,blocked
35253,53,0,0.8155661504504619,0.5617778023743277,35,blocked
35254,54,0,0.5382474748127215,0.559330933151814,35,blocked
35255,55,0,0.5647640257827448,0.49902965136359423,35,blocked
35256,56,0,0.605398285792311,0.4041689826642734,35,blocked
35257,57,0,0.36266594567346633,0.36916262101136654,35,blocked
35258,58,0,0.6612713305544786,0.37993185080755987,35,blocked
35259,59,0,0.6894882302948966,0.4381166904681026,35,blocked
35260,60,0,0.6402778233609298,0.4729840405246585,35,blocked
35261,61,0,0.6330171265460596,0.48693167263058806,35,blocked
35262,62,0,0.4026253075444388,0.5197904118010083,35,blocked
35263,63,0,0.8185560195125912,0.43034539585640313,35,blocked
35264,64,0,0.41881971183326416,0.4285130912151782,35,blocked
35265,65,0,0.6095419034714462,0.4926422206467219,35,blocked
35266,66,0,0.6330640144714964,0.5225971342921725,35,blocked
35267,67,0,0.3368797721670621,0.32112265229979237,35,blocked
35268,68,0,0.4809473257619609,0.607546509652882,35,blocked
35269,69,0,0.23306256610803824,0.4357660122399173,35,blocked
35270,70,0,0.5887101757995099,0.5019452009599923,35,blocked
35271,71,0,0.6913876512297947,0.5055294878885104,35,blocked
35272,72,0,0.47388950928909584,0.4304162594587496,35,blocked
35273,73,0,0.29576975713918896,0.49291776920872965,35,blocked
35274,74,0,0.6098005009496918,0.42489967670901624,35,blocked
35275,75,0,0.8955271456675258,0.516630015217137,35,blocked
35276,76,0,0.5718096755553035,0.45295082276874976,35,blocked
35277,77,0,0.6543493279405266,0.4660216249803074,35,blocked
35278,78,0,0.4950922659702104,0.37509121481924035,35,blocked
35279,79,0,0.5797630255006431,0.4558425216914914,35,blocked
35280,80,0,0.29884572920803376,0.3518460404081769,35,blocked
35281,81,0,0.44621804257023934,0.5044203302005912,35,blocked
35282,82,0,0.29665404259350514,0.5934087680983322,35,blocked
35283,83,0,0.4831754999009885,0.3282437097416404,35,blocked
35284,84,0,0.30034202819540334,0.5207604131466048,35,blocked
35285,85,0,0.5378893227107957,0.2984876067733113,35,blocked
35286,86,0,0.339889839946108,0.45451438205211414,35,blocked
35287,87,0,0.5331573970157608,0.32818500653823124,35,blocked
35288,88,0,0.629232524841094,0.4445741120277429,35,blocked
35289,89,0,0.38807576342018146,0.3694638306957254,35,blocked
35290,90,0,0.4870062814508541,0.4534850917764077,35,blocked
35291,91,0,0.402182287168645,0.604638362419484,35,blocked
35292,92,0,0.31297876071913633,0.3834687221513625,35,blocked
35293,93,0,0.20633456534999728,0.6156366385180876,35,blocked
35294,94,0,0.42735597460467234,0.41835357403510315,35,blocked
35295,95,0,0.5948111396398292,0.6113194531574145,35,blocked
35296,96,0,0.3258101905879275,0.39703586510100586,35,blocked
35297,97,0,0.2711461432025777,0.5742614939107205,35,blocked
35298,98,0,0.3561724863903852,0.49424034757305674,35,blocked
35299,99,0,0.44473599661195407,0.3479777534704881,35,blocked
35300,100,0,0.3959707260127217,0.44530962446389477,35,blocked
35301,101,0,0.6051430826446493,0.42992433490855486,35,blocked
35302,102,0,0.45177559608321927,0.4757748432161346,35,blocked
35303,103,0,0.5658672957437416,0.3968121402609527,35,blocked
35304,104,0,0.3695102354674856,0.6910100928303591,35,blocked
35305,105,0,0.4657871582772892,0.5018092564906833,35,blocked
35306,106,0,0.5256556666564554,0.43511618703471694,35,blocked
35307,107,0,0.44094721335161435,0.48910962865369956,35,blocked
35308,108,0,0.6675120421532517,0.3955626261444264,35,blocked
35309,109,0,0.20330542234733245,0.4968622008222794,35,blocked
35310,110,0,0.5360938211996227,0.5028264291680375,35,blocked
35311,111,0,0.3705847722238321,0.4739267405046548,35,blocked
35312,112,0,0.14613067566892807,0.416830467285778,35,blocked
35313,113,0,0.47805264928808927,0.48532493351005873,35,blocked
35314,114,0,0.3916710981151934,0.5176433976828345,35,blocked
35315,115,0,0.5097910088385784,0.49848028402342726,35,blocked
35316,116,0,0.5011523269370467,0.5933052028111887,35,blocked
35317,117,0,0.5152011212515965,0.3358000870138089,35,blocked
35318,118,0,0.5976953208529091,0.4604255247205387,35,blocked
35319,119,0,0.6803750050576046,0.3735495414915504,35,blocked
35320,120,0,0.6926050337185423,0.6206824416074569,35,blocked
35321,121,0,0.3136581592205188,0.3910337441270086,35,blocked
35322,122,0,0.19108828718368953,0.41601003550599386,35,blocked
35323,123,0,0.6992390230439968,0.5155181715322512,35,blocked
35324,124,0,0.6965926749114629,0.5343130012733095,35,blocked
35325,125,0,0.5772248421805776,0.4747396885897771,35,blocked
35326,126,0,0.269807619088619,0.39401688585248584,35,blocked
35327,127,0,0.8240551659740801,0.4987588538442751,35,blocked
35328,128,0,0.6289281364049666,0.6142657739433423,35,blocked
35329,129,0,0.5556396354792104,0.45951602667576397,35,blocked
35330,130,0,0.6219658910465844,0.5551843788994217,35,blocked
35331,131,0,0.6718249831223227,0.38717184758191664,35,blocked
35332,132,0,0.4828077300160556,0.3878654960234339,35,blocked
35333,133,0,0.5190157244543747,0.4501970841678942,35,blocked
35334,134,0,0.6556412390915602,0.4464537328518757,35,blocked
35335,135,0,0.4997377041878419,0.4523785749994922,35,blocked
35336,136,0,0.5563273810267243,0.45239931883094975,35,blocked
35337,137,0,0.753453876879785,0.3627106143487918,35,blocked
35338,138,0,0.32245334588765,0.4667365723906133,35,blocked
35339,139,0,0.40109598104637617,0.45681755956390147,35,blocked
35340,140,0,0.649566128383311,0.43858874677547205,35,blocked
35341,141,0,0.718730887089663,0.36719974601136635,35,blocked
35342,142,0,0.277252555042263,0.47382015722673965,35,blocked
35343,143,0,0.5724090117829382,0.4106823703298036,35,blocked
35344,144,0,0.777627746502408,0.5136988043671669,35,blocked
35345,145,0,0.5182875171730033,0.4270973367327102,35,blocked
35346,146,0,0.6444546181701378,0.5163996429279957,35,blocked
35347,147,0,0.2780507399765563,0.41488044986757,35,blocked
35348,148,0,0.5551329588121471,0.3882691776714487,35,blocked
35349,149,0,0.5501477933635158,0.3020452713329822,35,blocked
35350,150,0,0.7498853417044513,0.4438059577348066,35,blocked
35351,151,0,0.6418128542549459,0.3294242535398685,35,blocked
35352,152,0,0.3598968166726017,0.3768859651258363,35,blocked
35353,153,0,0.5099981387667978,0.3981445419613578,35,blocked
35354,154,0,0.5985756191904417,0.39439540545926394,35,blocked
35355,155,0,0.6692856195932227,0.40678556776819197,35,blocked
35356,156,0,0.37904119240233536,0.3384204298125262,35,blocked
35357,157,0,0.505943511951374,0.670641092981244,35,blocked
35358,158,0,0.8077652491336349,0.3920830724582208,35,blocked
35359,159,0,0.6888677177457602,0.35255681450816434,35,blocked
35360,160,0,0.573242159675149,0.37183689824664984,35,blocked
35361,161,0,0.49190283710726473,0.40376732273789706,35,blocked
35362,162,0,0.6163033561396378,0.4692188568885882,35,blocked
35363,163,0,0.643718037623955,0.33463749924166264,35,blocked
35364,164,0,0.691302801326336,0.42494842975521885,35,blocked
35365,165,0,0.678936864882909,0.41515528947351543,35,blocked
35366,166,0,0.25786454172844975,0.5083108497697622,35,blocked
35367,167,0,0.2976325157769305,0.5767860666748987,35,blocked
35368,168,0,0.5007649869701865,0.28429555305008836,35,blocked
35369,169,0,0.659665725862324,0.3779485559266511,35,blocked
35370,170,0,0.6012146740587123,0.46685743881078234,35,blocked
35371,171,0,0.38203929177889523,0.31303464920056684,35,blocked
35372,172,0,0.31608230183947916,0.3820020695128137,35,blocked
35373,173,0,0.32357802781376643,0.37873825277471795,35,blocked
35374,174,0,0.4789563524553063,0.3834511482254025,35,blocked
35375,175,0,0.4036027408352018,0.32160738348672707,35,blocked
35376,176,0,0.2607926918889133,0.46873648177249533,35,blocked
35377,177,0,0.5196685025120962,0.38658187788718096,35,blocked
35378,178,0,0.5015929607736042,0.2731981574316926,35,blocked
35379,179,0,0.6090613483200944,0.3890684866574404,35,blocked
35380,180,0,0.3067353208837528,0.7076340198220525,35,blocked
35381,181,0,0.46642695931064715,0.2862875904102179,35,blocked
35382,182,0,0.29655500114008604,0.3878264533796365,35,blocked
35383,183,0,0.8234785592115159,0.33253344676918517,35,blocked
35384,184,0,0.6548238897561208,0.37752266068978846,35,blocked
35385,185,0,0.6203943255173782,0.45826131830784655,35,blocked
35386,186,0,0.4529545645619729,0.46668429284688606,35,blocked
35387,187,0,0.4721541602677998,0.4788949460539461,35,blocked
35388,188,0,0.7372221621063975,0.5492770709862691,35,blocked
35389,189,0,0.5228003995383907,0.4649869762125257,35,blocked
35390,190,0,0.40930819848736705,0.4814484391698018,35,blocked
35391,191,0,0.5270919284700953,0.3915107545588348,35,blocked
35392,192,0,0.7572130227344747,0.42839263493236834,35,blocked
35393,193,0,0.4900443857992225,0.43174281151336225,35,blocked
35394,194,0,0.757374844938563,0.3876761544511427,35,blocked
35395,195,0,0.4061974556761734,0.5244905704140642,35,blocked
35396,196,0,0.40603594880367644,0.4349765098454942,35,blocked
35397,197,0,0.41279824871128434,0.3223002760171094,35,blocked
35398,198,0,0.39505197410443604,0.3026180025593961,35,blocked
35399,199,0,0.6331400108938305,0.35507550163030754,35,blocked
35400,0,0,0.4543097709791405,0.7232283328081669,35,early
35401,1,0,0.5623452760348975,0.5640364236598694,35,early
35402,2,0,0.5454042223401177,0.6327417168995678,35,early
35403,3,0,0.62359574253105,0.5113045724917619,35,early
35404,4,0,0.3635436671048108,0.6276987189022916,35,early
35405,5,0,0.47977674505317697,0.627724137778523,35,early
35406,6,0,0.34565930556437785,0.5793600926240343,35,early
35407,7,0,0.567233493350763,0.7647196911859224,35,early
35408,8,0,0.5882666145029463,0.4548287094639786,35,early
35409,9,0,0.34071029792090946,0.6085349877527753,35,early
35410,10,0,0.5975069302827024,0.3898903931938379,35,early
35411,11,0,0.3969073176833075,0.4198529234385555,35,early
35412,12,0,0.6916032777135681,0.4685934336432458,35,early
35413,13,0,0.4197841405642798,0.6011191673602649,35,early
35414,14,0,0.6286189917003907,0.439527270346772,35,early
35415,15,0,0.3916867170277829,0.6276759296171424,35,early
35416,16,0,0.7056916534203486,0.4455044663517561,35,early
35417,17,0,0.8416099798739546,0.5767447998161499,35,early
35418,18,0,0.21668461111084825,0.5499521025026926,35,early
35419,19,0,0.712709925796294,0.5773575411929801,35,early
35420,20,0,0.24519771819226638,0.5119584421264238,35,early
35421,21,0,0.5491567979397639,0.616926245207335,35,early
35422,22,0,0.3425741963900064,0.5982972743263015,35,early
35423,23,0,0.6982001502172357,0.4805521774635023,35,early
35424,24,0,0.610037294282136,0.37922768964940434,35,early
35425,25,0,0.7589335690199395,0.46020600944178636,35,early
35426,26,0,0.29004891857843906,0.6181970238633507,35,early
35427,27,0,0.7224710912078178,0.388330300496433,35,early
35428,28,0,0.3815072597618271,0.5756207447464166,35,early
35429,29,0,0.19262486603679724,0.5517445748119394,35,early
35430,30,0,0.8119144700344368,0.40192850103986055,35,early
35431,31,0,0.2710204327954789,0.424859136980557,35,early
35432,32,0,0.6128432172166715,0.6245648984584294,35,early
35433,33,0,0.25204048867402856,0.4731001559604719,35,early
35434,34,0,0.32941480281295366,0.4989025344000435,35,early
35435,35,0,0.22777184708974835,0.5076801668152979,35,early
35436,36,0,0.22131435674227926,0.4262837671229331,35,early
35437,37,0,0.6934867374945937,0.41342493075224707,35,early
35438,38,0,0.7936892794818023,0.4396881222801312,35,early
35439,39,0,0.7666331343738315,0.40540647964101284,35,early
35440,40,0,0.5371871266030395,0.5402439827261893,35,early
35441,41,0,0.4050958772865641,0.5465259765736825,35,early
35442,42,0,0.5295414319141143,0.6429233682396445,35,early
35443,43,0,0.4702111529428924,0.5970463723614048,35,early
35444,44,0,0.5123846387613541,0.5011788938821949,35,early
35445,45,0,0.27959776054993,0.5486610920766801,35,early
35446,46,0,0.7936877629191036,0.552113842946429,35,early
35447,47,0,0.133037628365531,0.7105347309635299,35,early
35448,48,0,0.2586195693389437,0.3552192132296673,35,early
35449,49,0,0.6869493643186613,0.5197962695692332,35,early
35450,50,0,0.48828689038500506,0.5165509083918947,35,early
35451,51,0,0.7374974999920506,0.5742009854713548,35,early
35452,52,0,0.413962742736729,0.5399759772718351,35,early
35453,53,0,0.49544076321868524,0.5201791461485091,35,early
35454,54,0,0.535022854746846,0.45979598510397235,35,early
35455,55,0,0.5982264622502653,0.4076898024089455,35,early
35456,56,0,0.2836902223156575,0.6311724475552549,35,early
35457,57,0,0.40866862354396294,0.4023425288387539,35,early
35458,58,0,0.30719882888623345,0.40575337897548874,35,early
35459,59,0,0.33330464010520405,0.40313127841172886,35,early
35460,60,0,0.2928203788271967,0.5861856188095459,35,early
35461,61,0,0.30710000614710736,0.5030798807360726,35,early
35462,62,0,0.49923640366396094,0.4759858568105231,35,early
35463,63,0,0.5566373778801367,0.3978826039645448,35,early
35464,64,0,0.6137159881355175,0.4049187542216015,35,early
35465,65,0,0.5182307918243927,0.4894698390000841,35,early
35466,66,0,0.24655194183711715,0.43457537393696,35,early
35467,67,0,0.4815970367719741,0.5759942011240424,35,early
35468,68,0,0.2734235882872763,0.7678833477532319,35,early
35469,69,0,0.760965497682989,0.3718126854012155,35,early
35470,70,0,0.6503122145180127,0.47410062190295554,35,early
35471,71,0,0.5374937892280393,0.5851461084904479,35,early
35472,72,0,0.4149150491525952,0.4295943844926704,35,early
35473,73,0,0.377608462653716,0.4128159803486025,35,early
35474,74,0,0.3151641055434383,0.574305530673477,35,early
35475,75,0,0.6104960955335651,0.4646000361953592,35,early
35476,76,0,0.49042093060494985,0.4941195619304827,35,early
35477,77,0,0.34577589636162664,0.3576915438417082,35,early
35478,78,0,0.28492985442105356,0.5084373727052525,35,early
35479,79,0,0.5289153184086515,0.5019871528046018,35,early
35480,80,0,0.5451644956054069,0.5210513356245519,35,early
35481,81,0,0.5686716394049011,0.6031574647866015,35,early
35482,82,0,0.530651181813073,0.5948522527258955,35,early
35483,83,0,0.6583471403863337,0.31046662367455324,35,early
35484,84,0,0.3926466371800248,0.4871560631729966,35,early
35485,85,0,0.6506221454019099,0.4498508134899719,35,early
35486,86,0,0.3660410197001711,0.42279481894645443,35,early
35487,87,0,0.6771010272436857,0.3914565707280736,35,early
35488,88,0,0.5050935219523247,0.48642586878495875,35,early
35489,89,0,0.355531390778164,0.4711100100193591,35,early
35490,90,0,0.5317417177547059,0.4965565930189607,35,early
35491,91,0,0.5705613786597096,0.37377673250999466,35,early
35492,92,0,0.501379858035906,0.46652355672223433,35,early
35493,93,0,0.6077779519822555,0.34123215536894413,35,early
35494,94,0,0.4382733433571202,0.512211113205085,35,early
35495,95,0,0.508530924012352,0.43999089414465337,35,early
35496,96,0,0.5755579782698532,0.3604044483306476,35,early
35497,97,0,0.5925524033991516,0.32462350816534186,35,early
35498,98,0,0.5184823028138069,0.37873827163076795,35,early
35499,99,0,0.5508197322309688,0.47877217117388793,35,early
35500,100,0,0.43203538044875234,0.41541920965619145,35,early
35501,101,0,0.8556924206023557,0.5997756343526659,35,early
35502,102,0,0.3122590578178269,0.38515867292744477,35,early
35503,103,0,0.5042849541653782,0.4115703246652158,35,early
35504,104,0,0.258566567750646,0.4259983523751273,35,early
35505,105,0,0.7410867564448125,0.43207256991520715,35,early
35506,106,0,0.21867631728742332,0.38498826702706057,35,early
35507,107,0,0.5372811988944006,0.37975965005481516,35,early
35508,108,0,0.5870421385532278,0.4547594926258622,35,early
35509,109,0,0.36988033174279056,0.46900667246514394,35,early
35510,110,0,0.2599304133681678,0.40776913381528257,35,early
35511,111,0,0.6480984675346501,0.4610531372159248,35,early
35512,112,0,0.2517023290294874,0.45337996276011205,35,early
35513,113,0,0.44322717176163284,0.34874963534510095,35,early
35514,114,0,0.39285312170001396,0.49893790502824453,35,early
35515,115,0,0.4882102881818302,0.414405870585166,35,early
35516,116,0,0.5076564344384402,0.6145410261266162,35,early
35517,117,0,0.8043190387999164,0.5301009140467892,35,early
35518,118,0,0.32284361040142917,0.3939564893456444,35,early
35519,119,0,0.6200542426623977,0.5991362664760616,35,early
35520,120,0,0.6471685841590441,0.5871855307647296,35,early
35521,121,0,0.6800245688465629,0.2849249869270146,35,early
35522,122,0,0.6851094933150288,0.45344717790784556,35,early
35523,123,0,0.5597150422787122,0.5042477292215581,35,early
35524,124,0,0.3579565870600129,0.4721893564191323,35,early
35525,125,0,0.6981004132533843,0.45292609368389913,35,early
35526,126,0,0.5619209677587509,0.47185694180097926,35,early
35527,127,0,0.5729221836377109,0.4831310103558143,35,early
35528,128,0,0.6283470860148981,0.5509675935890228,35,early
35529,129,0,0.574546618862291,0.44754031839980346,35,early
35530,130,0,0.301910232093643,0.5138367966897464,35,early
35531,131,0,0.7554757009153872,0.3947439923441249,35,early
35532,132,0,0.32830205040414856,0.41848162603895145,35,early
35533,133,0,0.7209961738907513,0.3743014404367222,35,early
35534,134,0,0.5997284126215742,0.4517732404964304,35,early
35535,135,0,0.5274883287950545,0.4060221842337061,35,early
35536,136,0,0.5203685328356981,0.6541302717180304,35,early
35537,137,0,0.8364474385377774,0.46271904337142045,35,early
35538,138,0,0.3255053372791404,0.6042756695336043,35,early
35539,139,0,0.3283040615651869,0.5415598165788693,35,early
35540,140,0,0.3853313045073834,0.4546556378740899,35,early
35541,141,0,0.7866461161325335,0.35145153447848837,35,early
35542,142,0,0.33905744294698187,0.4330322953429857,35,early
35543,143,0,0.571339725646394,0.4293424270246441,35,early
35544,144,0,0.31319316340570535,0.41263585632227584,35,early
35545,145,0,0.6227297428418079,0.5589991075753857,35,early
35546,146,0,0.5944224748450043,0.42779436931904247,35,early
35547,147,0,0.6902189154641349,0.4599415634923998,35,early
35548,148,0,0.3707670692803542,0.703114858209664,35,early
35549,149,0,0.3686250645403669,0.3896686301856788,35,early
35550,150,0,0.46584235292124,0.5263515642639989,35,early
35551,151,0,0.5458498568399579,0.5117678123421802,35,early
35552,152,0,0.4739842442469506,0.642006439877487,35,early
35553,153,0,0.7061893585289768,0.4122128956582367,35,early
35554,154,0,0.40980518928229637,0.47273073550739453,35,early
35555,155,0,0.5356312010051298,0.5375799332314541,35,early
35556,156,0,0.5032310252117583,0.5662451182238645,35,early
35557,157,0,0.6217222467646162,0.3824030268555406,35,early
35558,158,0,0.4150204151453266,0.5114480237448982,35,early
35559,159,0,0.8255982181635566,0.32846330130742496,35,early
35560,160,0,0.6271170536071399,0.3516604792795225,35,early
35561,161,0,0.7781514729718403,0.4464644668219435,35,early
35562,162,0,0.4810051246721609,0.4091008793808633,35,early
35563,163,0,0.6906429661708422,0.376977031621628,35,early
35564,164,0,0.8204864152395328,0.3373730811080267,35,early
35565,165,0,0.5900065536120428,0.3739026731240051,35,early
35566,166,0,0.6311655176945263,0.45218894969258383,35,early
35567,167,0,0.681586735326597,0.31058332077306566,35,early
35568,168,0,0.4309320721283524,0.4492085974725024,35,early
35569,169,0,0.506832399306262,0.4428477744526259,35,early
35570,170,0,0.5444689024400945,0.4047279524207843,35,early
35571,171,0,0.6670060021671351,0.40629245031369615,35,early
35572,172,0,0.3627689956933525,0.40012097322387263,35,early
35573,173,0,0.7688552392454671,0.4728095164574995,35,early
35574,174,0,0.47775838638118806,0.31476700425005666,35,early
35575,175,0,0.599949899963844,0.46235727525128417,35,early
35576,176,0,0.6015553148731589,0.4237009065839498,35,early
35577,177,0,0.5176822801290474,0.587569863072374,35,early
35578,178,0,0.4203106024376795,0.4471004224817797,35,early
35579,179,0,0.37785936178088614,0.698189613983175,35,early
35580,180,0,0.22470895476280014,0.5311527364458014,35,early
35581,181,0,0.46682003742054634,0.5169814842064644,35,early
35582,182,0,0.5077105153154193,0.5048062137277409,35,early
35583,183,0,0.541044801139184,0.36324752972530855,35,early
35584,184,0,0.5173727877837334,0.4481165473271329,35,early
35585,185,0,0.7061487135911686,0.29607332806027103,35,early
35586,186,0,0.6691987315133714,0.39165212135652616,35,early
35587,187,0,0.5825523910105319,0.38611851248481743,35,early
35588,188,0,0.3308169522232708,0.41743124300834467,35,early
35589,189,0,0.7816971366537935,0.36681274983109813,35,early
35590,190,0,0.8533086877906819,0.42961247780110234,35,early
35591,191,0,0.5328387280408476,0.3478612816410095,35,early
35592,192,0,0.5524248971371518,0.4429452642062839,35,early
35593,193,0,0.22962035051154517,0.4083185267363274,35,early
35594,194,0,0.9220177960968239,0.4708268868873192,35,early
35595,195,0,0.893390127216612,0.4429701981347369,35,early
35596,196,0,0.34050561821956304,0.4697283793828597,35,early
35597,197,0,0.5400092686115819,0.39629550151269466,35,early
35598,198,0,0.31570006522723787,0.5377881240388255,35,early
35599,199,0,0.61626119786094,0.6031893634664837,35,early
35600,0,0,0.46595321543004486,0.7648589432129447,35,middle
35601,1,0,0.9657556313799656,0.6098119554315755,35,middle
35602,2,1,0.47771246938990236,0.7242141799041648,35,middle
35603,3,2,0.05582801877177957,0.7046348300739735,35,middle
35604,4,1,0.444134267610071,0.6970991789096845,35,middle
35605,5,0,0.9490716925348694,0.5785825754996922,35,middle
35606,6,0,0.524952153000856,0.7068217620964213,35,middle
35607,7,0,0.9194054905518345,0.574148030380677,35,middle
35608,8,1,0.5404823346952091,0.6419746239467031,35,middle
35609,9,3,0.9919797573549989,0.9635054696886833,35,middle
35610,10,0,0.4705297683114242,0.5803418191020544,35,middle
35611,11,4,0.06317295959901034,0.7515184854408059,35,middle
35612,12,5,0.4965754122666596,1.2160327824628219,35,middle
35613,13,6,0.9754509463027986,1.224281236726186,35,middle
35614,14,0,0.47103307953441725,0.44931230389877574,35,middle
35615,15,7,0.03791883190874266,1.103683500657913,35,middle
35616,16,8,0.502788494466046,1.0280609597189674,35,middle
35617,17,1,0.05273068421942878,0.6555157630028825,35,middle
35618,18,0,0.4581243244407092,0.6075267444419885,35,middle
35619,19,9,0.9679158703002979,0.6369033382643872,35,middle
35620,20,10,0.49207154836489037,1.1287973672907747,35,middle
35621,21,0,0.9114960416500442,0.5016357785507283,35,middle
35622,22,0,0.4694116159753033,0.6404401775015736,35,middle
35623,23,11,0.8070958332511035,0.9522221744621981,35,middle
35624,24,12,0.5188780227251435,0.9249206664648858,35,middle
35625,25,11,0.7094806248809657,0.5856601310996868,35,middle
35626,26,0,0.5249471200900737,0.41450405313361327,35,middle
35627,27,11,0.8175799967665601,0.734522255540418,35,middle
35628,28,11,0.7878735719911039,0.642298493365834,35,middle
35629,29,0,0.06084681152303315,0.6649244153812408,35,middle
35630,30,0,0.47355582390359147,0.6690842961534738,35,middle
35631,31,13,0.035855790374375134,0.7941308655617205,35,middle
35632,32,0,0.4759294219235621,0.5408225449536637,35,middle
35633,33,0,0.9531695356407774,0.5171190170727759,35,middle
35634,34,0,0.46790853175218206,0.6707107859242256,35,middle
35635,35,1,0.04454109982336578,0.6388126511120841,35,middle
35636,36,0,0.5460228917681595,0.4961101320633813,35,middle
35637,37,9,0.2860136800100757,0.628835902734654,35,middle
35638,38,14,0.6588412783953363,0.728035194413789,35,middle
35639,39,0,0.02329108905315602,0.6253668115959915,35,middle
35640,40,0,0.5284537653272258,0.667672597468717,35,middle
35641,41,0,0.4652512488495065,0.5417124523609445,35,middle
35642,42,15,0.5308686672667585,0.6210859774270496,35,middle
35643,43,0,0.5533914759873961,0.5270608347053302,35,middle
35644,44,0,0.4722951161100405,0.44346279133893707,35,middle
35645,45,0,0.47996465485063977,0.5451821663029075,35,middle
35646,46,0,0.4893335605435579,0.5590180283714743,35,middle
35647,47,0,0.5158265254856497,0.6386934453757586,35,middle
35648,48,0,0.4787276566660786,0.5272050026731286,35,middle
35649,49,0,0.5233861223504023,0.5226518508817144,35,middle
35650,50,0,0.5614316410975804,0.5910839710606277,35,middle
35651,51,0,0.5338644667751359,0.6077554619514023,35,middle
35652,52,0,0.534915367435582,0.5404001457629886,35,middle
35653,53,0,0.5316085583525105,0.5509283792846851,35,middle
35654,54,0,0.4676681542083084,0.4584283094370894,35,middle
35655,55,0,0.5503310910638555,0.4702502022156662,35,middle
35656,56,0,0.49002742518139364,0.59177188942,35,middle
35657,57,0,0.43406018366717586,0.5938342528936165,35,middle
35658,58,0,0.5428232101875099,0.5576321664231603,35,middle
35659,59,0,0.4896804307986812,0.44352040188837927,35,middle
35660,60,11,0.7077130369446671,0.703038276616339,35,middle
35661,61,0,0.5411310401897446,0.457558835674455,35,middle
35662,62,0,0.49345220945804963,0.4042514007774333,35,middle
35663,63,0,0.5112290178409392,0.34551387050458116,35,middle
35664,64,0,0.39847803658045916,0.5337013041727596,35,middle
35665,65,0,0.4799743911132427,0.5806200545697389,35,middle
35666,66,0,0.49945470443517076,0.5539418480232884,35,middle
35667,67,0,0.5601947606902765,0.45707605875113316,35,middle
35668,68,0,0.5246038104071892,0.5701788577664622,35,middle
35669,69,0,0.511625829226478,0.40104073193385914,35,middle
35670,70,0,0.46912053077646765,0.5043984212686538,35,middle
35671,71,0,0.589959513805603,0.4357832201383852,35,middle
35672,72,0,0.4683695463388204,0.5445721487332075,35,middle
35673,73,0,0.5281538013931691,0.5400204729091447,35,middle
35674,74,0,0.5154025109356445,0.5065795446106296,35,middle
35675,75,0,0.681583831561022,0.6418060885815796,35,middle
35676,76,0,0.516805481868248,0.523208696039001,35,middle
35677,77,0,0.4534479574921976,0.3416209828616321,35,middle
35678,78,0,0.531986859895365,0.4762564435903205,35,middle
35679,79,0,0.5091995841707434,0.4691170008043243,35,middle
35680,80,11,0.26391671834559227,0.5571243531991232,35,middle
35681,81,0,0.85980107887464,0.415080707811877,35,middle
35682,82,0,0.6008172234144097,0.44165799814476264,35,middle
35683,83,0,0.1616068710509786,0.5249337372733451,35,middle
35684,84,0,0.9057822721742228,0.49527502792513045,35,middle
35685,85,0,0.12610082940241749,0.5036113354009208,35,middle
35686,86,0,0.08104740228304433,0.43933998758666015,35,middle
35687,87,0,0.8284679727942581,0.46482044004311696,35,middle
35688,88,0,0.10564371713604627,0.5059957648753977,35,middle
35689,89,0,0.7761346018395928,0.39569038617054064,35,middle
35690,90,0,0.8102430000347018,0.4655648893885056,35,middle
35691,91,0,0.7448192191923567,0.4624356581552784,35,middle
35692,92,0,0.042578745647829895,0.5304118913055353,35,middle
35693,93,0,0.06561739377913789,0.43416856475915844,35,middle
35694,94,0,0.08681909683506531,0.6039461038734322,35,middle
35695,95,0,0.7945865914853509,0.3382837872152872,35,middle
35696,96,0,0.26579015197686107,0.4529235688369182,35,middle
35697,97,0,0.20324184933947112,0.5950338567556925,35,middle
35698,98,0,0.8444793864263849,0.5134862192714902,35,middle
35699,99,0,0.14065110806610534,0.4913128899935232,35,middle
35700,100,0,0.027296722167128133,0.49389947668539,35,middle
35701,101,0,0.7195032644804857,0.4691204759343093,35,middle
35702,102,0,0.056450616750109844,0.6018039766584705,35,middle
35703,103,0,0.8989586727414477,0.5167553873421851,35,middle
35704,104,0,0.7987720253468631,0.38906395063524735,35,middle
35705,105,0,0.22135932221844618,0.48533615998646745,35,middle
35706,106,0,0.8173807661656085,0.530405525918155,35,middle
35707,107,0,0.18336383794327582,0.533766538085594,35,middle
35708,108,0,0.7300962040688059,0.37060257845801337,35,middle
35709,109,0,0.18642062504043544,0.4339737915740838,35,middle
35710,110,0,0.08368849844124987,0.7139022650141504,35,middle
35711,111,0,0.6267265928644723,0.5708063750477963,35,middle
35712,112,0,0.1642984547044466,0.47287367520623974,35,middle
35713,113,0,0.1570040641728735,0.6139897889046279,35,middle
35714,114,0,0.17093348652357962,0.4718336662875354,35,middle
35715,115,0,0.19799775240738177,0.3870104287678202,35,middle
35716,116,0,0.553481655685753,0.4431823635918031,35,middle
35717,117,0,0.7015286443973029,0.34033290381951153,35,middle
35718,118,0,0.4347919732675046,0.45582964348921085,35,middle
35719,119,0,0.2840177723185409,0.5226942294128618,35,middle
35720,120,0,0.565641272473717,0.500454568606645,35,middle
35721,121,0,0.48308524936627917,0.481498123031608,35,middle
35722,122,0,0.5949491176559388,0.45696773778520183,35,middle
35723,123,0,0.8147937776452345,0.4440622209542795,35,middle
35724,124,0,0.4068564857696561,0.3912804069574607,35,middle
35725,125,0,0.6840230603041871,0.41586870104244544,35,middle
35726,126,0,0.5617824543948235,0.5219621495922265,35,middle
35727,127,0,0.5078468760531505,0.4032677422948556,35,middle
35728,128,0,0.7521042362359036,0.43778546105187965,35,middle
35729,129,0,0.345463348930472,0.4929018452364722,35,middle
35730,130,0,0.5721084969489058,0.49992185641892284,35,middle
35731,131,0,0.1469941740782767,0.49263582370312387,35,middle
35732,132,0,0.39914203665407866,0.39998235686949724,35,middle
35733,133,0,0.10418473394247099,0.48843092965779644,35,middle
35734,134,0,0.4077150052953703,0.5922822869014646,35,middle
35735,135,0,0.20099586595936852,0.49322802760251794,35,middle
35736,136,0,0.48046447229860156,0.36485807331352094,35,middle
35737,137,0,0.1545505970995322,0.5452044756119379,35,middle
35738,138,0,0.4450651303867339,0.4445664403950934,35,middle
35739,139,0,0.6062237883715302,0.36433960045516806,35,middle
35740,140,0,0.5063451922225414,0.4092250875194291,35,middle
35741,141,0,0.397960835219618,0.37009192158588144,35,middle
35742,142,0,0.6044462407253917,0.4280761889555292,35,middle
35743,143,0,0.7351646623270673,0.43636851411341415,35,middle
35744,144,0,0.4734828456319131,0.42067876605699994,35,middle
35745,145,0,0.7623509116236475,0.4217322422777735,35,middle
35746,146,0,0.5310523572765178,0.4582852147495824,35,middle
35747,147,0,0.1417498611888918,0.387973913810557,35,middle
35748,148,0,0.4360939599678705,0.4350984162828536,35,middle
35749,149,0,0.8774408231511093,0.5494350738739083,35,middle
35750,150,0,0.4611973341237944,0.4113997992062193,35,middle
35751,151,0,0.7329827664949495,0.39847639620709857,35,middle
35752,152,0,0.5836885001729751,0.30842821752063726,35,middle
35753,153,0,0.5058652917869673,0.5102216782862418,35,middle
35754,154,0,0.6047313078330595,0.3413970068971578,35,middle
35755,155,0,0.23208569145673247,0.5526252097288014,35,middle
35756,156,0,0.6034185270961314,0.5584376254368466,35,middle
35757,157,0,0.4321191009562495,0.4559399570412694,35,middle
35758,158,0,0.3299834683507366,0.36270058529370486,35,middle
35759,159,0,0.24212141476016505,0.5241020876613308,35,middle
35760,160,0,0.5309952754569807,0.414033923870452,35,middle
35761,161,0,0.4865927158640776,0.3750130429226607,35,middle
35762,162,0,0.4989005258705256,0.42830257451983766,35,middle
35763,163,0,0.7759677102422866,0.4052080420990196,35,middle
35764,164,0,0.1353287856400556,0.5689871355433407,35,middle
35765,165,0,0.234437774542935,0.4179785219193592,35,middle
35766,166,0,0.5260787000024774,0.4540335240737585,35,middle
35767,167,0,0.40388659926950393,0.5483362322003471,35,middle
35768,168,0,0.7425790065502301,0.5570606651590626,35,middle
35769,169,0,0.4105231202693913,0.4096477164835678,35,middle
35770,170,0,0.6606628053144146,0.5311234619224852,35,middle
35771,171,0,0.3441453122205965,0.44663916468344855,35,middle
35772,172,0,0.5928227760943797,0.345100638718307,35,middle
35773,173,0,0.7853364237057152,0.48578513313914273,35,middle
35774,174,0,0.5629556968182133,0.5287681058081841,35,middle
35775,175,0,0.5410143949823651,0.4358490373898608,35,middle
35776,176,0,0.8184952356932547,0.45130788185469406,35,middle
35777,177,0,0.2696767789672257,0.39934383265572104,35,middle
35778,178,0,0.5165573643613891,0.3536285358384588,35,middle
35779,179,0,0.28700724902422553,0.33298491544289877,35,middle
35780,180,0,0.3557591455076603,0.2628283991874758,35,middle
35781,181,0,0.5126749174609306,0.4569527726899618,35,middle
35782,182,0,0.4320150005847031,0.3597187782222814,35,middle
35783,183,0,0.48444872799544764,0.4919476443077538,35,middle
35784,184,0,0.5190930490441898,0.48727779087802947,35,middle
35785,185,0,0.6093853553956554,0.4902901810613382,35,middle
35786,186,0,0.7121934420572114,0.40038370384026206,35,middle
35787,187,0,0.2864108196792145,0.39917894700173917,35,middle
35788,188,0,0.4726470152515864,0.37726977277656093,35,middle
35789,189,0,0.1933712414282103,0.486220469057508,35,middle
35790,190,0,0.16182437426620888,0.5147174548151827,35,middle
35791,191,0,0.4725631858412612,0.38988711803309695,35,middle
35792,192,0,0.7324405330590349,0.4175863463574478,35,middle
35793,193,0,0.6656564320761043,0.49468842188384643,35,middle
35794,194,0,0.1799777570853351,0.6059317294283949,35,middle
35795,195,0,0.540609240005129,0.4343550786831721,35,middle
35796,196,0,0.3805319290573621,0.31070786699478714,35,middle
35797,197,0,0.6971805699264297,0.3930622262372958,35,middle
35798,198,0,0.4046105676742511,0.4188266749216197,35,middle
35799,199,0,0.11353687539585233,0.48237106515940775,35,middle
35800,0,0,0.496029081248022,0.6305260022685506,35,late
35801,1,0,0.9624197860380506,0.5490600335549107,35,late
35802,2,1,0.6513718015481007,1.054172835399384,35,late
35803,3,0,0.02521324825389932,0.5384631091524846,35,late
35804,4,2,0.3446311481240552,0.7247178082291788,35,late
35805,5,2,0.19439658353138267,0.45268503835366747,35,late
35806,6,2,0.6884906079826434,0.6150690346754352,35,late
35807,7,2,0.7275937436443864,0.4176536997695548,35,late
35808,8,2,0.6817921456000338,0.5003143923231812,35,late
35809,9,2,0.552562733687099,0.49534770457881483,35,late
35810,10,2,0.23412346138979695,0.5998172161841706,35,late
35811,11,2,0.30593380067301673,0.5940640496804637,35,late
35812,12,2,0.3710233892307937,0.5418708484790784,35,late
35813,13,2,0.5058249804310719,0.44632682271364044,35,late
35814,14,0,0.6581288892006008,0.5211462759891278,35,late
35815,15,2,0.3102957985320948,0.5754753249876218,35,late
35816,16,2,0.3893640358327764,0.5911095889183198,35,late
35817,17,2,0.3223101998157779,0.5638674017901649,35,late
35818,18,2,0.29849190278413523,0.48665530757053005,35,late
35819,19,2,0.4594959072612923,0.5107778987319391,35,late
35820,20,0,0.7472410824904595,0.6090803561964917,35,late
35821,21,2,0.5260285998939598,0.3304698993413806,35,late
35822,22,2,0.3686449929901301,0.6013444619794321,35,late
35823,23,2,0.38625735889518265,0.49640785599148146,35,late
35824,24,2,0.7718307916652074,0.3651406072851392,35,late
35825,25,2,0.3950461781512895,0.6265656471479017,35,late
35826,26,2,0.7493563584517812,0.4459549386551991,35,late
35827,27,2,0.6272347422673585,0.5860722677884846,35,late
35828,28,2,0.7385620874162722,0.4418549481556866,35,late
35829,29,2,0.43640401742097024,0.5459130548782993,35,late
35830,30,2,0.2562909452345083,0.5485249657688575,35,late
35831,31,2,0.3706053484207362,0.5587618083543567,35,late
35832,32,2,0.7494173197178704,0.4944160853487163,35,late
35833,33,2,0.489020653169833,0.49204971942285125,35,late
35834,34,2,0.758563329102833,0.5043445348457932,35,late
35835,35,2,0.2587756038254494,0.5141574261454409,35,late
35836,36,2,0.2329300788638176,0.4071844380292359,35,late
35837,37,2,0.6598720326685495,0.5898075083761263,35,late
35838,38,2,0.2729169549037475,0.5331669909963253,35,late
35839,39,2,0.3607878492707469,0.6672244072999549,35,late
35840,40,2,0.7774534894507598,0.5267919261364961,35,late
35841,41,2,0.41635759659045984,0.4193256213820542,35,late
35842,42,2,0.2956784546487512,0.41606242916281166,35,late
35843,43,2,0.3713818854941472,0.6035460848241447,35,late
35844,44,2,0.7657019330038635,0.4263634986082544,35,late
35845,45,2,0.39939011083368525,0.37638909850337837,35,late
35846,46,2,0.6878834290729423,0.4265488895800398,35,late
35847,47,2,0.5406782778522652,0.45341681084184293,35,late
35848,48,2,0.7333695496370549,0.36751514672947094,35,late
35849,49,2,0.5398972513828117,0.47139214414058356,35,late
35850,50,2,0.29391152655725333,0.49254263597692155,35,late
35851,51,2,0.3163143918136995,0.5139095197806718,35,late
35852,52,2,0.3536690395542541,0.4677992069744664,35,late
35853,53,2,0.45993677988091575,0.39520702803684066,35,late
35854,54,2,0.2235737242631613,0.46241865634925805,35,late
35855,55,2,0.37398587834822583,0.6180365035144401,35,late
35856,56,2,0.3387788653600856,0.4745749762483896,35,late
35857,57,2,0.37166037589243794,0.5639237378299937,35,late
35858,58,2,0.25300698685320405,0.424291310099998,35,late
35859,59,2,0.41741617453664576,0.42379221336605766,35,late
35860,60,2,0.7547971602908592,0.44383864100980364,35,late
35861,61,2,0.5433267472924516,0.42312712213665404,35,late
35862,62,2,0.29390903292603593,0.5969739409242607,35,late
35863,63,2,0.4098150127042497,0.5075724372612964,35,late
35864,64,2,0.24690515793006643,0.45480959556128897,35,late
35865,65,2,0.46207606247773814,0.4709515937916938,35,late
35866,66,2,0.32621860051500373,0.42253619809975596,35,late
35867,67,2,0.3792340225843265,0.4612509290462066,35,late
35868,68,2,0.7577199602275182,0.5260251774291403,35,late
35869,69,2,0.33143053017847157,0.3694594346902058,35,late
35870,70,2,0.7332687290734974,0.6230546822337728,35,late
35871,71,2,0.40524186954739544,0.42442831311594476,35,late
35872,72,2,0.34298030698365056,0.400468454683839,35,late
35873,73,2,0.3455122568684817,0.4986986801211121,35,late
35874,74,2,0.7078607455919932,0.44139318248275394,35,late
35875,75,2,0.42541946549053455,0.46318759846789265,35,late
35876,76,2,0.3509355429096448,0.42010876793794594,35,late
35877,77,2,0.45849411032662873,0.2959560507570196,35,late
35878,78,2,0.4156081220233361,0.5336981095015162,35,late
35879,79,2,0.41128232382764573,0.48966336530131893,35,late
35880,80,2,0.6378497505622989,0.43521224266007374,35,late
35881,81,2,0.5589606250819383,0.4403561077901462,35,late
35882,82,2,0.5984371858476251,0.40389744361529456,35,late
35883,83,2,0.6374199481567657,0.434448046800556,35,late
35884,84,2,0.7137943702152526,0.5655944077334635,35,late
35885,85,2,0.3920131877037362,0.3509274071395414,35,late
35886,86,2,0.7094157404739003,0.47829985777050127,35,late
35887,87,2,0.7261326477832577,0.5039243208961203,35,late
35888,88,2,0.7490227936678155,0.43614786152614804,35,late
35889,89,2,0.29367157253945714,0.40971132320105486,35,late
35890,90,2,0.765985403568881,0.4594113907309789,35,late
35891,91,2,0.3549789111311322,0.4337993174076187,35,late
35892,92,2,0.30671562301804944,0.5311494373543735,35,late
35893,93,2,0.270996139770661,0.31563523078581907,35,late
35894,94,2,0.299834665776457,0.5019431729308107,35,late
35895,95,2,0.3225141105838213,0.5146487544272512,35,late
35896,96,2,0.21672690613080609,0.46333954800558996,35,late
35897,97,2,0.8111594850993991,0.4038358826432043,35,late
35898,98,2,0.6687452587311002,0.38487775676810265,35,late
35899,99,2,0.821569076578606,0.3662270115178241,35,late
35900,100,2,0.8029599760726092,0.449000556079414,35,late
35901,101,2,0.2528198565881281,0.5382985550379984,35,late
35902,102,2,0.8262060133170744,0.43956523552905524,35,late
35903,103,2,0.2702240186395315,0.4587529639577701,35,late
35904,104,2,0.806409809476863,0.45395172248816407,35,late
35905,105,2,0.7573837862259678,0.40661857475582963,35,late
35906,106,2,0.8446823617832673,0.4507045435484123,35,late
35907,107,2,0.8059281928609099,0.40779128637236994,35,late
35908,108,2,0.8253281677965054,0.6063947144701696,35,late
35909,109,2,0.7627808448935346,0.34890402239018636,35,late
35910,110,2,0.353909600578036,0.48656138627050755,35,late
35911,111,2,0.24616760855137038,0.4487406820128229,35,late
35912,112,2,0.7897859432720429,0.3701025501836849,35,late
35913,113,2,0.333385437668981,0.4846757705030864,35,late
35914,114,2,0.31570076940774805,0.4339127079370425,35,late
35915,115,2,0.7773561008691221,0.3840009184699812,35,late
35916,116,2,0.2726668889247348,0.4047613346279547,35,late
35917,117,2,0.8134033601011081,0.5041556757610635,35,late
35918,118,0,0.31599042777501835,0.5926786581627126,35,late
35919,119,2,0.2815173542318409,0.41068740328557063,35,late
35920,120,2,0.4656228554689163,0.5144876360235903,35,late
35921,121,2,0.35045351887264936,0.4418111495945166,35,late
35922,122,2,0.42849352416137604,0.3514844173346364,35,late
35923,123,2,0.3134435350686727,0.3678035845796621,35,late
35924,124,2,0.42265203624537073,0.38664380684727906,35,late
35925,125,2,0.3488968480786479,0.4009312867991776,35,late
35926,126,2,0.4195201955967936,0.31993407737030105,35,late
35927,127,2,0.5077594701894268,0.4485182116478642,35,late
35928,128,2,0.2421321461565795,0.4082008244043688,35,late
35929,129,2,0.4054145109225056,0.44390160620016156,35,late
35930,130,2,0.431830269233017,0.6005459318262926,35,late
35931,131,2,0.42372231134183336,0.3356468590383384,35,late
35932,132,2,0.3279789510060718,0.4450565406100928,35,late
35933,133,2,0.3318464622352589,0.5079162754563311,35,late
35934,134,2,0.3700344470982786,0.34284773726512474,35,late
35935,135,2,0.4013972449385109,0.4263867196156699,35,late
35936,136,2,0.4805120583194064,0.27618690982749233,35,late
35937,137,2,0.4797975334956352,0.5405767564898685,35,late
35938,138,2,0.35829895209681106,0.411820161529179,35,late
35939,139,2,0.3385628098922294,0.4147192302698143,35,late
35940,140,2,0.3524276574319697,0.5025283815656126,35,late
35941,141,2,0.43749420568821396,0.3232914930881968,35,late
35942,142,2,0.36667337481964596,0.44150773272095045,35,late
35943,143,2,0.5733024564118772,0.3821511246537468,35,late
35944,144,2,0.3692801949286794,0.4777855729833173,35,late
35945,145,2,0.39515850487595083,0.596644538242697,35,late
35946,146,2,0.40333817412336725,0.3719737891625484,35,late
35947,147,2,0.45497617734557094,0.43292496287738025,35,late
35948,148,2,0.5102147656345372,0.4175239921359851,35,late
35949,149,2,0.6050806072780739,0.48990220137719837,35,late
35950,150,2,0.3271857133658924,0.5874858673977779,35,late
35951,151,2,0.3166623892222547,0.45162431794333335,35,late
35952,152,2,0.5696940850653336,0.40505277372709225,35,late
35953,153,2,0.5225948565147471,0.5775100269830151,35,late
35954,154,2,0.509790786336501,0.4446195742794009,35,late
35955,155,2,0.3088574148643375,0.40965714650749685,35,late
35956,156,2,0.5571348380245729,0.3155529881693824,35,late
35957,157,2,0.2931861401520814,0.4058650838681477,35,late
35958,158,2,0.3849734066327275,0.331347585126598,35,late
35959,159,2,0.32375629125473804,0.5891044737394062,35,late
35960,160,2,0.795770130881154,0.531635522188234,35,late
35961,161,2,0.24808830290258865,0.6059509206761875,35,late
35962,162,2,0.28774249854732675,0.5573610801139919,35,late
35963,163,2,0.8525659323704602,0.537504394370605,35,late
35964,164,2,0.2284742326945283,0.4292740587577195,35,late
35965,165,2,0.4606688253985851,0.33403638693180193,35,late
35966,166,2,0.43994809468082885,0.6147576530071769,35,late
35967,167,2,0.46152152219546694,0.5057684673908082,35,late
35968,168,2,0.42767828359525173,0.4703110799530301,35,late
35969,169,2,0.4968053147327374,0.43435586150279026,35,late
35970,170,2,0.8377101079312566,0.3732373071112415,35,late
35971,171,2,0.4757473038240468,0.4051374169106517,35,late
35972,172,2,0.4475954197519091,0.5238393597707314,35,late
35973,173,2,0.8579345134278333,0.5791028091989416,35,late
35974,174,2,0.8101744787852159,0.392915807230925,35,late
35975,175,2,0.7820147015039869,0.32512990855730595,35,late
35976,176,2,0.21906474637563264,0.41822592070956216,35,late
35977,177,2,0.473569314817998,0.4404229724253186,35,late
35978,178,2,0.48894753514347555,0.3240207323408155,35,late
35979,179,2,0.8232381494514128,0.33611888275578716,35,late
35980,180,2,0.21564784281012211,0.40271895883245895,35,late
35981,181,2,0.3890688225152466,0.45299263372150167,35,late
35982,182,2,0.4093435907717311,0.4878094078694907,35,late
35983,183,2,0.44244151652492675,0.46579454653053703,35,late
35984,184,2,0.44603508089124144,0.41834417480484654,35,late
35985,185,2,0.6863048146817297,0.4098154543458015,35,late
35986,186,2,0.7525230812880797,0.5416830265607753,35,late
35987,187,2,0.25425025801351625,0.46031073120954,35,late
35988,188,2,0.3196682199049189,0.47325422685596746,35,late
35989,189,2,0.46985726065705147,0.5384442178845275,35,late
35990,190,2,0.5234387235868045,0.5122154670825482,35,late
35991,191,2,0.7368412713066008,0.36556771303985147,35,late
35992,192,2,0.5168268116730999,0.4798783902442122,35,late
35993,193,2,0.23205240298072327,0.5865883096279323,35,late
35994,194,2,0.6955978645802094,0.43551912397572823,35,late
35995,195,2,0.2648661168541734,0.45830447060492563,35,late
35996,196,2,0.28433082817042055,0.4354772482976398,35,late
35997,197,2,0.5251772143119592,0.43422146746335566,35,late
35998,198,2,0.7068005793839671,0.3575698551088644,35,late
35999,199,2,0.45413514417278433,0.41966632213990596,35,late
36000,0,0,0.9916773067277234,0.7541132021544646,36,interleaved
36001,1,1,0.8003024272899165,0.9141055612258855,36,interleaved
36002,2,0,0.9841035694306639,0.5465260828434786,36,interleaved
36003,3,2,0.46671323605129367,1.0147861094867023,36,interleaved
36004,4,3,0.0067054299876619615,1.1090232123501709,36,interleaved
36005,5,4,0.7543074406886028,1.081262573940773,36,interleaved
36006,6,5,0.5168932052567333,1.1030582658660177,36,interleaved
36007,7,6,0.7058342537313914,0.6686963059639492,36,interleaved
36008,8,7,0.10538924885514726,0.9398207552623559,36,interleaved
36009,9,6,0.39426491543177494,0.6756052665478325,36,interleaved
36010,10,8,0.8136006479165969,0.6919576544404502,36,interleaved
36011,11,9,0.49693627216114944,1.210741581437356,36,interleaved
36012,12,0,0.006477148547300775,0.5887846367746874,36,interleaved
36013,13,10,0.5072842913923634,1.3791426812625778,36,interleaved
36014,14,0,0.9923881723893819,0.5225005265627258,36,interleaved
36015,15,11,0.38721065035725843,1.0656971310163388,36,interleaved
36016,16,12,0.9938464028949413,0.9157484681192709,36,interleaved
36017,17,6,0.6717966872615609,0.4644496291847392,36,interleaved
36018,18,6,0.17726561165509844,0.6749854544101628,36,interleaved
36019,19,6,0.39688243086003383,0.6702249850779094,36,interleaved
36020,20,0,0.9880547818064213,0.6163603910837423,36,interleaved
36021,21,13,0.5028283362795651,0.7823116794035512,36,interleaved
36022,22,14,0.027468892049363553,0.6223059012416331,36,interleaved
36023,23,14,0.5258652253710328,0.6013934314422803,36,interleaved
36024,24,0,0.8862991155397948,0.5317880954606831,36,interleaved
36025,25,15,0.6486798103784834,0.6319299427501917,36,interleaved
36026,26,16,0.2973114536787037,0.9158295468339404,36,interleaved
36027,27,17,0.9700767367937945,1.032782678071401,36,interleaved
36028,28,6,0.7339630589665327,0.5402117586730271,36,interleaved
36029,29,18,0.04805992182813306,1.2599804188654127,36,interleaved
36030,30,14,0.8671590263023528,0.6414085049309686,36,interleaved
36031,31,19,0.0006505525000127869,0.838852880910705,36,interleaved
36032,32,20,0.7262022827317169,1.0463085377650685,36,interleaved
36033,33,21,0.49953035091943304,0.8804321506916193,36,interleaved
36034,34,22,0.07267552554006687,0.7452906971150316,36,interleaved
36035,35,6,0.4429591996074567,0.7257761515938812,36,interleaved
36036,36,6,0.0547251162550464,0.5867952392377246,36,interleaved
36037,37,23,0.49129838210851917,0.8112381468003684,36,interleaved
36038,38,6,0.6938216051262048,0.6265878811965617,36,interleaved
36039,39,24,0.5032212681910004,0.8734222669461987,36,interleaved
36040,40,25,0.00497526365584635,0.8602962804626051,36,interleaved
36041,41,6,0.733802346125919,0.605906599035174,36,interleaved
36042,42,14,0.05518449195553818,0.6645638571455622,36,interleaved
36043,43,6,0.6936556977132,0.49267775659354085,36,interleaved
36044,44,6,0.2771223612849878,0.6556289425718616,36,interleaved
36045,45,6,0.3979045708217517,0.6369952373442458,36,interleaved
36046,46,1,0.27880998906894505,0.6163626330784338,36,interleaved
36047,47,6,0.7233744976248017,0.4449350983782938,36,interleaved
36048,48,0,0.9837480461743286,0.4163125637267633,36,interleaved
36049,49,13,0.5040131008642106,0.672411240718011,36,interleaved
36050,50,6,0.609324712305976,0.5620365486544205,36,interleaved
36051,51,6,0.7697898940270174,0.5617674711114071,36,interleaved
36052,52,26,0.018853195759505535,0.75680189721964,36,interleaved
36053,53,6,0.7382395233979561,0.5882211010883438,36,interleaved
36054,54,6,0.15706027073323714,0.4997295353117759,36,interleaved
36055,55,6,0.7062379108539789,0.5716576700163336,36,interleaved
36056,56,6,0.11330571380727988,0.6072494533165844,36,interleaved
36057,57,6,0.7425782999210288,0.6272561118335012,36,interleaved
36058,58,6,0.2937303557014844,0.7757692988347873,36,interleaved
36059,59,6,0.004242480850667108,0.7054900575009296,36,interleaved
36060,60,0,0.019986341522815393,0.6094776023790236,36,interleaved
36061,61,6,0.3507674204691346,0.5133830185356464,36,interleaved
36062,62,6,0.6270185732424609,0.3321602733193939,36,interleaved
36063,63,6,0.8291069195992717,0.5591713101539175,36,interleaved
36064,64,6,0.6047442728570324,0.5535628898785242,36,interleaved
36065,65,6,0.20570185270399693,0.6014700211817344,36,interleaved
36066,66,6,0.5843462852522536,0.4954947775517683,36,interleaved
36067,67,6,0.7777974333041493,0.42820172524974187,36,interleaved
36068,68,6,0.5830171824195585,0.5822657575201813,36,interleaved
36069,69,6,0.40671818805059384,0.5532630599342976,36,interleaved
36070,70,6,0.6477368950225144,0.5289241073522656,36,interleaved
36071,71,6,0.7184187448846999,0.38549777429947263,36,interleaved
36072,72,6,0.1837642817429928,0.31166468899562505,36,interleaved
36073,73,6,0.2400913665031638,0.5236991214171433,36,interleaved
36074,74,6,0.06013099672238214,0.5769340950879245,36,interleaved
36075,75,6,0.3754912411709753,0.5204256158341836,36,interleaved
36076,76,6,0.2717763084612375,0.45867533093334745,36,interleaved
36077,77,6,0.4155647125104941,0.5700110003366659,36,interleaved
36078,78,21,0.9940288963577186,0.6470007917393646,36,interleaved
36079,79,6,0.6653169620953834,0.4762218120863866,36,interleaved
36080,80,6,0.774533830426783,0.5080208105759699,36,interleaved
36081,81,6,0.8159497342205144,0.5870166789778287,36,interleaved
36082,82,6,0.7741293389554438,0.4244423351653315,36,interleaved
36083,83,6,0.19305867792934914,0.5783314642034609,36,interleaved
36084,84,6,0.4328387094135736,0.5610053671081747,36,interleaved
36085,85,6,0.1920556360980958,0.4777688890574371,36,interleaved
36086,86,6,0.7315490740854971,0.5189742079367354,36,interleaved
36087,87,6,0.777650190684571,0.5605679299088573,36,interleaved
36088,88,6,0.6812853304376429,0.4848800093130122,36,interleaved
36089,89,6,0.27651202377469547,0.673241286881753,36,interleaved
36090,90,6,0.7077391469167957,0.4634613995463115,36,interleaved
36091,91,6,0.44925275485486965,0.5729918977757014,36,interleaved
36092,92,6,0.6841869217456487,0.5313855017796854,36,interleaved
36093,93,6,0.7308353170644136,0.4166922706127649,36,interleaved
36094,94,6,0.6149891757383298,0.5472905504676682,36,interleaved
36095,95,6,0.7277991151034124,0.3887207418105556,36,interleaved
36096,96,6,0.6328392469577018,0.5151867211692497,36,interleaved
36097,97,6,0.5816166365343749,0.5590665718772203,36,interleaved
36098,98,6,0.5566260973915118,0.5516824074010811,36,interleaved
36099,99,6,0.6856266123358481,0.4093031837695793,36,interleaved
36100,100,6,0.2889192207556794,0.4241870426356759,36,interleaved
36101,101,6,0.4239622217223373,0.34547526774784265,36,interleaved
36102,102,6,0.555298603327127,0.49475355464284154,36,interleaved
36103,103,6,0.8300665278004616,0.556159707283775,36,interleaved
36104,104,6,0.5023800301219808,0.5308928693166538,36,interleaved
36105,105,6,0.6119954865934785,0.39204110399239134,36,interleaved
36106,106,6,0.42414590697707755,0.3860975806167294,36,interleaved
36107,107,6,0.32749812219819097,0.5530635234542065,36,interleaved
36108,108,6,0.20168666157439794,0.5367781839246741,36,interleaved
36109,109,6,0.44015638004696284,0.5407547529134439,36,interleaved
36110,110,6,0.5945201576361767,0.54298448861792,36,interleaved
36111,111,6,0.2569446989067091,0.48615637958061214,36,interleaved
36112,112,6,0.4393380414762774,0.3932700245246139,36,interleaved
36113,113,6,0.5532850053003436,0.5097364835038771,36,interleaved
36114,114,6,0.3782100364846459,0.34987130930332955,36,interleaved
36115,115,6,0.34600541723329603,0.46091918379349817,36,interleaved
36116,116,6,0.24494669824285953,0.5137897613552733,36,interleaved
36117,117,6,0.7281572466801213,0.5153118142119992,36,interleaved
36118,118,6,0.4923130935539931,0.45335747718187247,36,interleaved
36119,119,6,0.3945169622927073,0.4261782127011395,36,interleaved
36120,120,6,0.6050640492007441,0.5202061668489616,36,interleaved
36121,121,6,0.4289042019650956,0.4020414104291446,36,interleaved
36122,122,6,0.5047764228903759,0.4390968331218241,36,interleaved
36123,123,6,0.5175950013977136,0.3620965746329544,36,interleaved
36124,124,6,0.6552153116015627,0.5842505160802101,36,interleaved
36125,125,6,0.5155578684254949,0.39392302312390126,36,interleaved
36126,126,6,0.4183134383430256,0.5503354020401485,36,interleaved
36127,127,6,0.6242818937743099,0.5334826867777861,36,interleaved
36128,128,6,0.46253237115607215,0.3455173005142889,36,interleaved
36129,129,6,0.5630433110902322,0.45871450534754443,36,interleaved
36130,130,6,0.5457640967998425,0.37959700301631566,36,interleaved
36131,131,6,0.5022778270998163,0.5150578900484521,36,interleaved
36132,132,6,0.5539835173492571,0.5066816139006425,36,interleaved
36133,133,6,0.6124739706861899,0.4103835661989308,36,interleaved
36134,134,6,0.25098156669581617,0.44073977371611894,36,interleaved
36135,135,6,0.42644258236352495,0.37107253263449136,36,interleaved
36136,136,6,0.34208752918600155,0.499492868861584,36,interleaved
36137,137,6,0.5434879154151329,0.5118616445409628,36,interleaved
36138,138,6,0.3559450193439935,0.4270437248069954,36,interleaved
36139,139,6,0.298716305698231,0.4788485434168069,36,interleaved
36140,140,6,0.4727982980477161,0.4708448109232934,36,interleaved
36141,141,6,0.3869042942901846,0.34562317579845825,36,interleaved
36142,142,6,0.24794825790907907,0.2796323090593781,36,interleaved
36143,143,6,0.567460803403448,0.37376408241772485,36,interleaved
36144,144,6,0.2395266849946969,0.6040783254914461,36,interleaved
36145,145,6,0.4848011667268569,0.4551273100176929,36,interleaved
36146,146,6,0.4023489827151583,0.5185384316449904,36,interleaved
36147,147,6,0.5313656301690632,0.5853975937601394,36,interleaved
36148,148,6,0.3128208609535772,0.4583517315103991,36,interleaved
36149,149,6,0.5113289791340991,0.4393257747894258,36,interleaved
36150,150,6,0.5055963410966443,0.4386362741874227,36,interleaved
36151,151,6,0.5016015983160413,0.43328699612663346,36,interleaved
36152,152,6,0.23464942618078133,0.3013667706509289,36,interleaved
36153,153,6,0.3944864507448229,0.46446581624523975,36,interleaved
36154,154,6,0.38315898469062415,0.4105668778281894,36,interleaved
36155,155,6,0.5135602603152934,0.34039315939164133,36,interleaved
36156,156,6,0.46361933010237205,0.4627988250311229,36,interleaved
36157,157,6,0.5061861220833654,0.4149396425916225,36,interleaved
36158,158,6,0.6673903195747464,0.44008684573989476,36,interleaved
36159,159,6,0.6311220319486657,0.4908603499036601,36,interleaved
36160,160,6,0.4053206839903334,0.4359621382494472,36,interleaved
36161,161,6,0.525743318280906,0.5647834359977927,36,interleaved
36162,162,6,0.5717357940987942,0.505211869885156,36,interleaved
36163,163,6,0.2475215395899369,0.3494011699436103,36,interleaved
36164,164,6,0.6506134840710524,0.5231379112981089,36,interleaved
36165,165,6,0.3999020457131887,0.2803355086160706,36,interleaved
36166,166,6,0.503067499586128,0.4182219952894659,36,interleaved
36167,167,6,0.21503341155559735,0.2814887882451819,36,interleaved
36168,168,6,0.5947336140108532,0.29465635522623046,36,interleaved
36169,169,6,0.21195680433273978,0.508891504825691,36,interleaved
36170,170,6,0.39529342090579184,0.4636305165494024,36,interleaved
36171,171,6,0.7006767614012335,0.48653962698501785,36,interleaved
36172,172,6,0.3280662553274444,0.44078546510521277,36,interleaved
36173,173,6,0.4796706567102983,0.45601218278075173,36,interleaved
36174,174,6,0.43585535578844303,0.41666859845963844,36,interleaved
36175,175,6,0.5506528366871168,0.36833150726616015,36,interleaved
36176,176,6,0.5331854710809044,0.40350319431871395,36,interleaved
36177,177,6,0.42426923561288954,0.4681539297887905,36,interleaved
36178,178,6,0.36175591522803,0.433283605491238,36,interleaved
36179,179,6,0.5745706873077584,0.3885274858248382,36,interleaved
36180,180,6,0.6384299095507489,0.4082959608387735,36,interleaved
36181,181,6,0.46669109010398424,0.44359865365771556,36,interleaved
36182,182,6,0.4984688522289112,0.3078736915467768,36,interleaved
36183,183,6,0.6310018633434133,0.5156486224514587,36,interleaved
36184,184,6,0.4252199876893965,0.36441373556074863,36,interleaved
36185,185,6,0.5884854807975484,0.47217816046251526,36,interleaved
36186,186,6,0.7308502822741658,0.40351645903816347,36,interleaved
36187,187,6,0.4159559270115095,0.5421992088118255,36,interleaved
36188,188,6,0.5936976566809574,0.5683439098753518,36,interleaved
36189,189,6,0.5274442745681436,0.45354013638001917,36,interleaved
36190,190,6,0.1369286390216828,0.5769176499080627,36,interleaved
36191,191,6,0.5270223714433083,0.5090549393365855,36,interleaved
36192,192,6,0.2768577970935779,0.3186523898572315,36,interleaved
36193,193,6,0.6178818475930397,0.5727915097980878,36,interleaved
36194,194,6,0.5468705685102694,0.3675907279708982,36,interleaved
36195,195,6,0.5721767579725828,0.4713164936482816,36,interleaved
36196,196,6,0.6747772483651509,0.47674053412412704,36,interleaved
36197,197,6,0.5976504496585703,0.4264328666759022,36,interleaved
36198,198,6,0.5322839874776784,0.3315964119345718,36,interleaved
36199,199,6,0.4847617855388595,0.3740513479984051,36,interleaved
36200,0,0,0.5532290253346805,0.7854082039896045,36,blocked
36201,1,0,0.4989423519640843,0.6456646486736844,36,blocked
36202,2,0,0.5915052707184314,0.6820010537394202,36,blocked
36203,3,0,0.6269155540093853,0.6475879774170495,36,blocked
36204,4,1,0.9944384164983999,0.9735627276296852,36,blocked
36205,5,2,0.5647152111540797,0.8639296635022407,36,blocked
36206,6,3,0.9038246143825983,0.5532410896148081,36,blocked
36207,7,3,0.50931726925248,0.6239054266274602,36,blocked
36208,8,4,0.5146930197295496,0.8399764278208303,36,blocked
36209,9,5,0.7854044941795799,0.8995671655483622,36,blocked
36210,10,6,0.4811382817814037,0.7606171860266285,36,blocked
36211,11,0,0.64876478028706,0.5947586703319212,36,blocked
36212,12,0,0.5318963414675081,0.61736600408938,36,blocked
36213,13,7,0.5013779094976502,0.9142805526268907,36,blocked
36214,14,0,0.5894871867524663,0.6505382670959434,36,blocked
36215,15,0,0.5212471934080376,0.641618731108031,36,blocked
36216,16,0,0.5120490166231129,0.7429205596520925,36,blocked
36217,17,8,0.9145092790591185,0.8868711945938448,36,blocked
36218,18,9,0.1171484204989978,1.329130031528043,36,blocked
36219,19,10,0.09088936244614118,0.9281783231195913,36,blocked
36220,20,3,0.5020920210229588,0.6466579341563632,36,blocked
36221,21,3,0.47933282913528613,0.6235086288008767,36,blocked
36222,22,3,0.4947572876459331,0.5679812341664884,36,blocked
36223,23,3,0.5239021914855215,0.5132272387294436,36,blocked
36224,24,0,0.5990344726501798,0.5885603543214472,36,blocked
36225,25,3,0.4981760325873242,0.544413405819182,36,blocked
36226,26,10,0.48548736221075695,0.5667061566489575,36,blocked
36227,27,10,0.5011156930724209,0.6641568454365623,36,blocked
36228,28,10,0.5051696749173181,0.6296661229085136,36,blocked
36229,29,0,0.5041400212713584,0.8022309039131057,36,blocked
36230,30,3,0.5031784202058447,0.5181317708963195,36,blocked
36231,31,10,0.5042180857101017,0.7310313215486481,36,blocked
36232,32,3,0.5038714607373258,0.5619592122612285,36,blocked
36233,33,3,0.4894207672250656,0.6846293198640692,36,blocked
36234,34,10,0.5019587542237719,0.719880513424386,36,blocked
36235,35,3,0.4883964090450466,0.6136308275895894,36,blocked
36236,36,10,0.5022806674958902,0.749572858360879,36,blocked
36237,37,3,0.49616515976379083,0.702586454180816,36,blocked
36238,38,10,0.5067452914074524,0.6439677551972045,36,blocked
36239,39,0,0.588928392337822,0.615607174839202,36,blocked
36240,40,0,0.8210645297490156,0.7419993881834279,36,blocked
36241,41,0,0.41445878711676537,0.665445197092781,36,blocked
36242,42,0,0.8622670694573504,0.5041165395361051,36,blocked
36243,43,3,0.14264371846187124,0.6941615193923573,36,blocked
36244,44,3,0.9829760798782439,0.619713631578267,36,blocked
36245,45,10,0.99561405628715,0.39597571536286097,36,blocked
36246,46,10,0.9905130283426626,0.5380455333170712,36,blocked
36247,47,0,0.003287274384056409,0.7294118953584117,36,blocked
36248,48,10,0.004005600593036402,0.7500905702290022,36,blocked
36249,49,10,0.9986504949459656,0.6179331832685591,36,blocked
36250,50,3,0.021984607811634055,0.5343823143253409,36,blocked
36251,51,0,0.36682909414266857,0.6764515908119514,36,blocked
36252,52,0,0.18278289801585856,0.645507102126379,36,blocked
36253,53,3,0.9423336277004013,0.6043188978460037,36,blocked
36254,54,0,0.873314115035273,0.5377627349783127,36,blocked
36255,55,3,0.6564885891612986,0.6950628584122751,36,blocked
36256,56,3,0.044038782413302,0.6677737269904076,36,blocked
36257,57,10,0.021337901785302156,0.8298732256229435,36,blocked
36258,58,3,0.01627268935890118,0.7445747060531063,36,blocked
36259,59,10,0.9968711445132528,0.4409670607409333,36,blocked
36260,60,0,0.3011564308618896,0.671694425781899,36,blocked
36261,61,3,0.692649876824495,0.7225463620597896,36,blocked
36262,62,0,0.9407365790841218,0.5379711182779047,36,blocked
36263,63,10,0.5274819825609327,0.6973229571105033,36,blocked
36264,64,3,0.9950073280364226,0.5172364890614245,36,blocked
36265,65,10,0.9980543265969815,0.5633685657625713,36,blocked
36266,66,10,0.0030380415523298277,0.6496476033528626,36,blocked
36267,67,10,0.027327975976936838,0.7263055341497255,36,blocked
36268,68,0,0.002870723446668133,0.5934008517474847,36,blocked
36269,69,10,0.9965210334843002,0.6862161369951554,36,blocked
36270,70,10,0.5408187507661156,0.6600272599068504,36,blocked
36271,71,10,0.9920608708352682,0.5692558834058407,36,blocked
36272,72,10,0.017739484874059536,0.5959798245314925,36,blocked
36273,73,10,0.005747991881423118,0.6933463014148548,36,blocked
36274,74,10,0.03446972184037461,0.5506407681930905,36,blocked
36275,75,3,0.03340264869544618,0.5115412509657622,36,blocked
36276,76,10,0.5116844396829541,0.5334154418791262,36,blocked
36277,77,10,0.9913470294118342,0.4221334434672892,36,blocked
36278,78,10,0.9841633417366827,0.4587998946726398,36,blocked
36279,79,10,0.058394163451948346,0.5190079179351554,36,blocked
36280,80,0,0.5184020257541848,0.6303683866740716,36,blocked
36281,81,3,0.47979022588291725,0.40764262662767736,36,blocked
36282,82,0,0.6989848525555106,0.5726358923096364,36,blocked
36283,83,10,0.5055101491957147,0.6650656668518224,36,blocked
36284,84,10,0.5765524051472097,0.49275581075522557,36,blocked
36285,85,10,0.4819051734861239,0.5951754367890677,36,blocked
36286,86,3,0.4796326063915165,0.5418917939407345,36,blocked
36287,87,10,0.6333790660074399,0.41092690247198693,36,blocked
36288,88,10,0.4695307073884821,0.48475794182283505,36,blocked
36289,89,3,0.4603615992441058,0.4774689576896426,36,blocked
36290,90,3,0.5053850999896884,0.5169542895992474,36,blocked
36291,91,3,0.4910166773005189,0.5183648592410602,36,blocked
36292,92,3,0.5113836942339779,0.6614941272505716,36,blocked
36293,93,10,0.4813585601613817,0.545583651554514,36,blocked
36294,94,10,0.5819734004140594,0.5094294517466357,36,blocked
36295,95,10,0.487762415866581,0.5332171242936108,36,blocked
36296,96,10,0.49675241810372384,0.5574057215884294,36,blocked
36297,97,10,0.6458780012110836,0.4591332119590288,36,blocked
36298,98,10,0.4408967480621573,0.4454458674595921,36,blocked
36299,99,10,0.7159794453203305,0.3455466905314588,36,blocked
36300,100,10,0.44408551187064876,0.5607220409397022,36,blocked
36301,101,10,0.4959469033983098,0.6364701063549725,36,blocked
36302,102,0,0.5102919553483463,0.512622803906182,36,blocked
36303,103,10,0.6594414403251769,0.44322096398111316,36,blocked
36304,104,10,0.42926586307865067,0.6848586257847431,36,blocked
36305,105,10,0.4534794115771091,0.508541652387725,36,blocked
36306,106,10,0.4485263389551374,0.5437287500904134,36,blocked
36307,107,0,0.5603030804458031,0.5335483041159914,36,blocked
36308,108,10,0.3765105974607849,0.40971860935837084,36,blocked
36309,109,3,0.40386650796208734,0.46003293909822807,36,blocked
36310,110,10,0.43284041259375905,0.5510656182930629,36,blocked
36311,111,10,0.2295411804448802,0.5943370431882095,36,blocked
36312,112,10,0.4943552800821594,0.5348091406914327,36,blocked
36313,113,10,0.6973939961423582,0.423732162697568,36,blocked
36314,114,10,0.3919020078063244,0.5168444312661795,36,blocked
36315,115,10,0.71502683004504,0.4203019319511518,36,blocked
36316,116,10,0.7773163317361149,0.4796243857443034,36,blocked
36317,117,3,0.4324033108516307,0.46404016696946737,36,blocked
36318,118,10,0.2125471708467889,0.4727669482181992,36,blocked
36319,119,10,0.7045101303834175,0.4403765361359983,36,blocked
36320,120,10,0.46443611673334134,0.45743206706723855,36,blocked
36321,121,10,0.4186113652539648,0.42072143069483664,36,blocked
36322,122,10,0.1431062260976897,0.5073061510202851,36,blocked
36323,123,10,0.8838586272962821,0.45135717692118216,36,blocked
36324,124,10,0.6157302061167503,0.5304735432321225,36,blocked
36325,125,10,0.7953994505472609,0.3693534390952402,36,blocked
36326,126,10,0.7344329031257071,0.469212984139451,36,blocked
36327,127,10,0.8020471228909198,0.32070955133504564,36,blocked
36328,128,10,0.745342978153797,0.6021775781786594,36,blocked
36329,129,10,0.4914218421251554,0.5282604493162157,36,blocked
36330,130,10,0.16921268707364734,0.545686981672457,36,blocked
36331,131,10,0.7685716567215488,0.45600721727832483,36,blocked
36332,132,10,0.6894066444619751,0.4595875324779676,36,blocked
36333,133,10,0.9289852266547067,0.4833835832429788,36,blocked
36334,134,10,0.7080149147049443,0.4744629410171422,36,blocked
36335,135,10,0.8937084305181417,0.5054776517441119,36,blocked
36336,136,10,0.2902265701896737,0.42033466822639476,36,blocked
36337,137,10,0.4235484937626073,0.4343032848993553,36,blocked
36338,138,10,0.8086823970537398,0.5418344659641932,36,blocked
36339,139,10,0.935683665504113,0.356805674351647,36,blocked
36340,140,10,0.930006229646746,0.47613404789413233,36,blocked
36341,141,10,0.4092497498259321,0.5437812760073766,36,blocked
36342,142,10,0.9425619564026594,0.6168914959781293,36,blocked
36343,143,10,0.8887133351823788,0.43971438350233605,36,blocked
36344,144,10,0.21625089698053873,0.4580355622808959,36,blocked
36345,145,10,0.8906403478914637,0.46770500924344427,36,blocked
36346,146,10,0.5957376226291727,0.4563430969693938,36,blocked
36347,147,10,0.9346829816073513,0.4997301286965885,36,blocked
36348,148,10,0.08264454434131309,0.6228756680104793,36,blocked
36349,149,10,0.8989260804164991,0.5099346761416591,36,blocked
36350,150,10,0.2002614775991066,0.5136968616089146,36,blocked
36351,151,10,0.12146773764608791,0.5260716677687576,36,blocked
36352,152,10,0.6138726989442468,0.5565883104247538,36,blocked
36353,153,10,0.1022541291030583,0.5890504373723621,36,blocked
36354,154,10,0.8719514290447261,0.4946738296811621,36,blocked
36355,155,10,0.6678319835864186,0.3374579481777298,36,blocked
36356,156,10,0.8984373985641865,0.36175971189318973,36,blocked
36357,157,10,0.24524980272217353,0.5093629203140506,36,blocked
36358,158,10,0.274910833523783,0.47772503907432307,36,blocked
36359,159,10,0.2557660164838417,0.3472352969411421,36,blocked
36360,160,10,0.383271600623621,0.5361096854226423,36,blocked
36361,161,10,0.8816666269756345,0.4744903266623459,36,blocked
36362,162,10,0.8897681786415863,0.49275470856602444,36,blocked
36363,163,10,0.5016041739929263,0.43458458073518885,36,blocked
36364,164,0,0.6904952774817346,0.41878754623392433,36,blocked
36365,165,10,0.4116063933193764,0.49889380750207724,36,blocked
36366,166,10,0.48038082372760693,0.5033270495855887,36,blocked
36367,167,10,0.4295895388455996,0.5184271488473644,36,blocked
36368,168,10,0.38238264779648956,0.41806776665153866,36,blocked
36369,169,10,0.4383576259353384,0.42805257121907614,36,blocked
36370,170,10,0.9482133885460657,0.2881229065378441,36,blocked
36371,171,10,0.2889106962132134,0.3755837610439665,36,blocked
36372,172,10,0.8525894655463797,0.4652409030602716,36,blocked
36373,173,10,0.9185129820587246,0.3153919822760931,36,blocked
36374,174,10,0.5218782561758489,0.5564604229535997,36,blocked
36375,175,0,0.5809600841112901,0.5218967720196243,36,blocked
36376,176,10,0.8698420244359838,0.38099268229930705,36,blocked
36377,177,10,0.9422801410770345,0.363376687502029,36,blocked
36378,178,10,0.09793720742157642,0.6199278461551072,36,blocked
36379,179,0,0.14689458734806982,0.4655027414381063,36,blocked
36380,180,10,0.14081748603601835,0.4362517609278528,36,blocked
36381,181,10,0.49178767622424946,0.5918605267753276,36,blocked
36382,182,10,0.9657389499517369,0.4335111023922601,36,blocked
36383,183,10,0.6932153030074171,0.6185627181159398,36,blocked
36384,184,10,0.8687517505084358,0.34611060551967054,36,blocked
36385,185,10,0.40227280748105265,0.6496874868758296,36,blocked
36386,186,10,0.5544818027948293,0.4118803940814156,36,blocked
36387,187,10,0.47895100123760925,0.33604013596098153,36,blocked
36388,188,10,0.44305273820659824,0.503119716473291,36,blocked
36389,189,10,0.3764668361477268,0.40142110646006357,36,blocked
36390,190,10,0.8024162853195747,0.3864360340891404,36,blocked
36391,191,3,0.47866519726273,0.3597675251553132,36,blocked
36392,192,3,0.8899110880814216,0.42057395479696835,36,blocked
36393,193,10,0.7696871280085167,0.4604064880895382,36,blocked
36394,194,10,0.9231652299392105,0.38949746332080093,36,blocked
36395,195,10,0.45814818738875546,0.4242494827932204,36,blocked
36396,196,10,0.4422606652401675,0.3587367482739213,36,blocked
36397,197,10,0.5794976197248356,0.47112909386292234,36,blocked
36398,198,10,0.4871496478486743,0.44331124106863046,36,blocked
36399,199,10,0.42622660940051116,0.3281114567007575,36,blocked
36400,0,0,0.3387605927869316,0.8961051412342336,36,early
36401,1,0,0.24371978868831262,0.5636928686312308,36,early
36402,2,1,0.13283111934942812,0.9269124452082456,36,early
36403,3,2,0.06902607179062298,0.8670709452625576,36,early
36404,4,3,0.5696887660655202,0.898195945294346,36,early
36405,5,0,0.37803159572441636,0.7189653576397556,36,early
36406,6,4,0.2624587651339239,0.9471473248041329,36,early
36407,7,0,0.7977782713408135,0.6587271032300946,36,early
36408,8,5,0.8525767784912812,1.0258988110472949,36,early
36409,9,2,0.4877497420177909,0.6549944662438238,36,early
36410,10,6,0.4311471817536295,0.7777793933685591,36,early
36411,11,7,0.8817473808325472,0.8453027522761704,36,early
36412,12,8,0.1651227888503964,0.7598569311750755,36,early
36413,13,9,0.19023521037290272,0.8806904609431668,36,early
36414,14,2,0.26267879675012334,0.7329140893543318,36,early
36415,15,0,0.7930733378665666,0.5290896563087488,36,early
36416,16,1,0.18730763958433866,0.6639069900561723,36,early
36417,17,0,0.25413881401586874,0.6444514498673517,36,early
36418,18,1,0.4739990954193944,0.7356767726395288,36,early
36419,19,2,0.5102382341462856,0.552721045675917,36,early
36420,20,6,0.33567313279863725,0.6912747385320556,36,early
36421,21,6,0.43421327799798737,0.5252982832218619,36,early
36422,22,0,0.41223735836412395,0.6337833138144559,36,early
36423,23,0,0.3287823506792629,0.8436520684258817,36,early
36424,24,0,0.35189002569362715,0.5922779591576748,36,early
36425,25,0,0.8437471298910872,0.6446129092552743,36,early
36426,26,0,0.8222933844656808,0.583554940326189,36,early
36427,27,0,0.7244352657275746,0.5108543690216891,36,early
36428,28,0,0.7999269291700932,0.7307796987660429,36,early
36429,29,0,0.8060012338817273,0.5816243440543531,36,early
36430,30,10,0.35826114886702387,0.7296323546906563,36,early
36431,31,0,0.3680222131033637,0.6179080114216441,36,early
36432,32,0,0.8739038667755477,0.4805326286948851,36,early
36433,33,0,0.2890019944032492,0.5223514894124405,36,early
36434,34,0,0.2664491554589984,0.6204497112144867,36,early
36435,35,0,0.7911141762480323,0.3984803180557357,36,early
36436,36,0,0.22441520489520672,0.7148088524660393,36,early
36437,37,0,0.1487647732168103,0.5668699063415175,36,early
36438,38,0,0.2023105727240904,0.6177069214143688,36,early
36439,39,0,0.32844023050526033,0.5211164687387437,36,early
36440,40,0,0.3575047531735689,0.5816503664668846,36,early
36441,41,0,0.32862264945105435,0.6546160640485479,36,early
36442,42,0,0.628744921323235,0.5470011835869043,36,early
36443,43,0,0.5331579454127938,0.5589157856278555,36,early
36444,44,0,0.5897473442394551,0.5933493468959592,36,early
36445,45,0,0.5293584551788195,0.5736712394925099,36,early
36446,46,2,0.5136033828637149,0.650319457540909,36,early
36447,47,0,0.4900244408893595,0.4623942338302416,36,early
36448,48,0,0.5330975628037383,0.47521173868491173,36,early
36449,49,0,0.47606817966617154,0.5436688773590289,36,early
36450,50,0,0.4877041349135546,0.5906116897751835,36,early
36451,51,0,0.5769319230146701,0.4592995133031886,36,early
36452,52,0,0.5332111118094833,0.4799866879064898,36,early
36453,53,0,0.5393030253479435,0.4385887234479986,36,early
36454,54,0,0.4915456055591201,0.44852165253615195,36,early
36455,55,0,0.5506015997887712,0.546440934748359,36,early
36456,56,0,0.4526053788354233,0.6035236734370624,36,early
36457,57,0,0.4599713883129055,0.3982728644466289,36,early
36458,58,0,0.46651456890109155,0.663328785335912,36,early
36459,59,0,0.5236845717169021,0.4218437651533147,36,early
36460,60,0,0.5220608791902017,0.5446432352250103,36,early
36461,61,0,0.39206124887912674,0.5492778340051468,36,early
36462,62,0,0.2798969410183039,0.6164694121400397,36,early
36463,63,0,0.5981200362600176,0.49020202903235777,36,early
36464,64,0,0.7279013160755852,0.47634827112987893,36,early
36465,65,0,0.6532553773383066,0.49689704976548577,36,early
36466,66,0,0.2633209085814942,0.5285271881062779,36,early
36467,67,0,0.3088076810034586,0.4534524742888621,36,early
36468,68,0,0.19960411997754823,0.5047082675077106,36,early
36469,69,0,0.37762512039148977,0.6452324355643639,36,early
36470,70,0,0.8289360394567931,0.6612308839295135,36,early
36471,71,0,0.5235338722623368,0.47637026144702943,36,early
36472,72,0,0.5078079042065162,0.5780037399590314,36,early
36473,73,0,0.41255560783935374,0.5655407203628651,36,early
36474,74,0,0.3538249293343062,0.5076708931463089,36,early
36475,75,0,0.5475944602564591,0.4634847142975196,36,early
36476,76,0,0.510704864767036,0.43668714454353974,36,early
36477,77,0,0.3524593927818846,0.3530052026540019,36,early
36478,78,0,0.4592535938073735,0.4654333710262004,36,early
36479,79,0,0.6905984265824479,0.39471964568415424,36,early
36480,80,0,0.7301756598097607,0.4715360187159273,36,early
36481,81,0,0.7121485890784329,0.6219510162126174,36,early
36482,82,0,0.275296738626589,0.4822892652927337,36,early
36483,83,0,0.5765719091604955,0.34693295000596225,36,early
36484,84,0,0.6878619109628551,0.40118353175774757,36,early
36485,85,0,0.5849731922275396,0.49256782299261326,36,early
36486,86,0,0.6654488307828913,0.36549930628902727,36,early
36487,87,0,0.6961455020530641,0.46987564361336764,36,early
36488,88,0,0.688336486375613,0.407405600564284,36,early
36489,89,0,0.5738787277923255,0.6200705720120424,36,early
36490,90,0,0.3236472018927416,0.47444435292426224,36,early
36491,91,0,0.657880495381858,0.39150918277485414,36,early
36492,92,0,0.3231154263244948,0.43403126444476514,36,early
36493,93,0,0.4593238094486364,0.3664264762544833,36,early
36494,94,0,0.7309584852734945,0.3476529942864051,36,early
36495,95,0,0.41641899320125964,0.4295175216315036,36,early
36496,96,0,0.2646428062721864,0.4585234224878724,36,early
36497,97,0,0.38313578815821225,0.3195629984683639,36,early
36498,98,0,0.19824500161785233,0.4611276561251995,36,early
36499,99,0,0.6556805011536504,0.5335758200544776,36,early
36500,100,0,0.7105298307831549,0.4101005987872822,36,early
36501,101,0,0.4768953316294176,0.4314930892776925,36,early
36502,102,0,0.6763562350498677,0.5408044354933661,36,early
36503,103,0,0.823817448394436,0.5224152466272772,36,early
36504,104,0,0.23957319267612612,0.5397067291214945,36,early
36505,105,0,0.5339051515257592,0.6224778535177616,36,early
36506,106,0,0.3559613027452273,0.7352981254103963,36,early
36507,107,0,0.6352155308398737,0.5653687331645821,36,early
36508,108,0,0.7451288520923061,0.4028506473916374,36,early
36509,109,0,0.5352228245384582,0.44058674810636234,36,early
36510,110,0,0.35066852773963664,0.4383913970507207,36,early
36511,111,0,0.6666120066219889,0.3399380425719615,36,early
36512,112,0,0.3294086069097738,0.5168920846170899,36,early
36513,113,0,0.3231818714554942,0.41715157159401195,36,early
36514,114,0,0.43243741892407794,0.4833444510417413,36,early
36515,115,0,0.5011133167790769,0.4199914950159922,36,early
36516,116,0,0.5805365985296425,0.3752865787115846,36,early
36517,117,0,0.3645822425173559,0.4123678821299277,36,early
36518,118,0,0.6664648240513462,0.38875103888165286,36,early
36519,119,0,0.5086373370191011,0.4870389225139419,36,early
36520,120,0,0.6040591900832742,0.4252943725299837,36,early
36521,121,0,0.5301335639085507,0.33427252238782584,36,early
36522,122,0,0.35286273597483264,0.6406543301755517,36,early
36523,123,0,0.5840118162871974,0.40181614275256056,36,early
36524,124,0,0.38896618882606826,0.5155261830544693,36,early
36525,125,0,0.38236221798846787,0.3795686450278579,36,early
36526,126,0,0.6002647165995969,0.32870048944311336,36,early
36527,127,0,0.5795909042512309,0.48909589375557294,36,early
36528,128,0,0.623451476281427,0.3191843590805654,36,early
36529,129,0,0.44753683216501383,0.6289492902671745,36,early
36530,130,0,0.6466127780919892,0.33267533019531687,36,early
36531,131,0,0.41178445748318726,0.515017679024593,36,early
36532,132,0,0.40521830168412915,0.5014505982094509,36,early
36533,133,0,0.4765582131621806,0.4867397348009399,36,early
36534,134,0,0.4060276502116825,0.375735203688333,36,early
36535,135,0,0.6179508301975586,0.4168949249264947,36,early
36536,136,0,0.5579966318160541,0.43432351904068545,36,early
36537,137,0,0.63626369209589,0.47995665767200124,36,early
36538,138,0,0.7088045257543858,0.424958529599024,36,early
36539,139,0,0.5757715434545163,0.42044704994453114,36,early
36540,140,0,0.3181774198070796,0.36142494512844603,36,early
36541,141,0,0.6693929968110324,0.3714670838325489,36,early
36542,142,0,0.3508608318732211,0.5293334813423771,36,early
36543,143,0,0.4272443496586197,0.29731298830032826,36,early
36544,144,0,0.46984262279161015,0.5154256918215641,36,early
36545,145,0,0.6430789770950467,0.466626262599147,36,early
36546,146,0,0.6239695398953363,0.37276839751087276,36,early
36547,147,0,0.6518628328725049,0.5598615942394193,36,early
36548,148,0,0.3234932963637144,0.5949654991974657,36,early
36549,149,0,0.8029221826196364,0.3728412411638244,36,early
36550,150,0,0.4206139216485255,0.4382495834863891,36,early
36551,151,0,0.7634511143557887,0.34409844615944196,36,early
36552,152,0,0.7111257040334533,0.44196038205469573,36,early
36553,153,0,0.4406719253262019,0.5932798879809329,36,early
36554,154,0,0.5917566984889742,0.4868695413129418,36,early
36555,155,0,0.7116192704653292,0.4473377825472472,36,early
36556,156,0,0.32225432405943233,0.44799470051168094,36,early
36557,157,0,0.7322232279347081,0.4921722042478869,36,early
36558,158,0,0.3911979464174665,0.6499668655676041,36,early
36559,159,0,0.24794451907660986,0.45909096960908113,36,early
36560,160,0,0.4930766395869556,0.4832752434558315,36,early
36561,161,0,0.1854598617622482,0.591599138505797,36,early
36562,162,0,0.6746108673135566,0.34818681784802974,36,early
36563,163,0,0.4277765273362282,0.4408878389946811,36,early
36564,164,0,0.5341082382539032,0.48789345307905374,36,early
36565,165,0,0.5120133763482586,0.47105773743775936,36,early
36566,166,0,0.5379083304303018,0.33489782589707606,36,early
36567,167,0,0.4678137346375927,0.45014042005599797,36,early
36568,168,0,0.757350538063552,0.4272415795386725,36,early
36569,169,0,0.5888575998638781,0.4274592079686258,36,early
36570,170,0,0.507571129363284,0.5253402697332851,36,early
36571,171,0,0.4531353088131685,0.39261709295840785,36,early
36572,172,0,0.2970558015234006,0.4522611328403917,36,early
36573,173,2,0.3903815962403082,0.5037296950131049,36,early
36574,174,0,0.4268294780841061,0.4559686534960057,36,early
36575,175,0,0.38592870903351884,0.36931633909105427,36,early
36576,176,0,0.6584172968438444,0.32462374859647714,36,early
36577,177,0,0.31444139701986795,0.4631076912518859,36,early
36578,178,0,0.4211976081653033,0.5700912119090478,36,early
36579,179,0,0.3842350769350799,0.43742566846895864,36,early
36580,180,0,0.3395032834935267,0.4665351026079475,36,early
36581,181,0,0.2900717572333451,0.5695752243305068,36,early
36582,182,0,0.5861217767841225,0.47133579305252726,36,early
36583,183,0,0.6079058493984223,0.36432245252993156,36,early
36584,184,0,0.7205702621434379,0.481156883673562,36,early
36585,185,0,0.3921351498053158,0.46758641413899105,36,early
36586,186,0,0.5842576306909557,0.4306106233305529,36,early
36587,187,0,0.35567445921916613,0.3825670404350261,36,early
36588,188,0,0.6267448855897877,0.41995807445487154,36,early
36589,189,0,0.7010054634223899,0.38189922462011766,36,early
36590,190,0,0.46592218728164936,0.40588225608978623,36,early
36591,191,0,0.6045762127410834,0.48045514016044366,36,early
36592,192,0,0.4794442104397928,0.5158522828208707,36,early
36593,193,0,0.5938895268930527,0.42333480889601444,36,early
36594,194,0,0.6142354847724887,0.3165459696732105,36,early
36595,195,0,0.6703951514923734,0.4355581801687177,36,early
36596,196,0,0.30326198244395536,0.5560058147596674,36,early
36597,197,0,0.33675825991156716,0.5103156515060598,36,early
36598,198,0,0.7630981319909635,0.4153054598426845,36,early
36599,199,0,0.6537346984546284,0.3658294799125977,36,early
36600,0,0,0.8583354735784698,0.753822821728346,36,middle
36601,1,0,0.6269249584216687,0.5888220932218107,36,middle
36602,2,0,0.12144706986735392,0.6882013118214627,36,middle
36603,3,0,0.7216229622725236,0.6029774193832552,36,middle
36604,4,1,0.15863333536055949,0.8696980360415141,36,middle
36605,5,2,0.4418027916875262,0.9792836729646955,36,middle
36606,6,0,0.754377959297013,0.6520895511385078,36,middle
36607,7,0,0.6650310342932843,0.453108410524354,36,middle
36608,8,3,0.5074899527557727,0.7454379580595238,36,middle
36609,9,4,0.2763875789915474,1.2580088576746644,36,middle
36610,10,5,0.01181078676071382,1.016387924158181,36,middle
36611,11,6,0.18053817854065518,0.8964146637696349,36,middle
36612,12,0,0.6981939249232808,0.5990991721517068,36,middle
36613,13,7,0.33747557278962853,0.670999191498298,36,middle
36614,14,8,0.5045473023256237,0.9167626483539162,36,middle
36615,15,9,0.4945583580126918,1.322063285858062,36,middle
36616,16,10,0.616407068792462,0.8588219176420552,36,middle
36617,17,11,0.5710920216845755,1.1217552057878448,36,middle
36618,18,0,0.27487802322901816,0.6489748138951408,36,middle
36619,19,12,0.3947495631353057,0.97749825946,36,middle
36620,20,0,0.35064259671605413,0.5646959314935032,36,middle
36621,21,0,0.6971417079784582,0.5651406169721855,36,middle
36622,22,0,0.241152231186025,0.5973678458576168,36,middle
36623,23,13,0.7079546134994874,0.8280877840946019,36,middle
36624,24,14,0.5132126416456808,0.7456393153398546,36,middle
36625,25,14,0.9889389561875115,0.7518813077549613,36,middle
36626,26,1,0.09559557686456531,0.6853184487872099,36,middle
36627,27,14,0.9949785625599534,0.6870474367491126,36,middle
36628,28,0,0.6897716132315259,0.4731175010783,36,middle
36629,29,0,0.34671320838780356,0.4795915430977668,36,middle
36630,30,0,0.3432104509716951,0.6793622790207352,36,middle
36631,31,15,0.9820459692064453,0.6481842809749414,36,middle
36632,32,0,0.2132011457548573,0.7229455297723935,36,middle
36633,33,0,0.8642219999099872,0.5481061720399831,36,middle
36634,34,0,0.7300011656990293,0.562430334897033,36,middle
36635,35,1,0.5093431504718637,0.5560904148443695,36,middle
36636,36,0,0.6153337276594459,0.5083075390252293,36,middle
36637,37,0,0.7844566430773627,0.4718428277418534,36,middle
36638,38,0,0.6594756097027734,0.617216666084572,36,middle
36639,39,0,0.17081767862832586,0.5190139869057412,36,middle
36640,40,7,0.672132471268913,0.5782694599157298,36,middle
36641,41,0,0.3567196344033571,0.6161100828381045,36,middle
36642,42,0,0.28921587159373613,0.5896436297390358,36,middle
36643,43,0,0.5833504120297516,0.4795932396307716,36,middle
36644,44,0,0.6457328965044955,0.43134612663077904,36,middle
36645,45,0,0.6020635316920744,0.39183651565985944,36,middle
36646,46,0,0.3854603273715428,0.5462595020425448,36,middle
36647,47,0,0.2902458159456062,0.47542061697618293,36,middle
36648,48,0,0.5948583431195111,0.3772762173395205,36,middle
36649,49,0,0.547743823362491,0.4161699060565586,36,middle
36650,50,0,0.5741270696505403,0.4366019020571289,36,middle
36651,51,0,0.42843224013218373,0.622348031653605,36,middle
36652,52,0,0.38491352663503925,0.49213054777646814,36,middle
36653,53,0,0.43176030245363717,0.6730621544642896,36,middle
36654,54,0,0.3363039708099007,0.5156431085033306,36,middle
36655,55,0,0.531829420435203,0.5061532207537217,36,middle
36656,56,0,0.58645599081772,0.4531554853155625,36,middle
36657,57,0,0.43057654390519445,0.6855888460245805,36,middle
36658,58,0,0.4657907328831633,0.3657682246401538,36,middle
36659,59,0,0.40671894456641805,0.5900722755096086,36,middle
36660,60,0,0.5025063949977249,0.5599452049888313,36,middle
36661,61,0,0.5372908954431839,0.43216938603592225,36,middle
36662,62,0,0.5240349549923173,0.4525118390862516,36,middle
36663,63,0,0.5426416124073351,0.49797182161508546,36,middle
36664,64,0,0.4154851742586666,0.4828423958159508,36,middle
36665,65,0,0.5013475300473005,0.4236015857140781,36,middle
36666,66,0,0.5359726839957188,0.5549744678247077,36,middle
36667,67,0,0.5398707288280526,0.6184042682185514,36,middle
36668,68,0,0.5451954579224426,0.3539693457128228,36,middle
36669,69,0,0.5007174663656967,0.34517183761848774,36,middle
36670,70,0,0.5157262493050104,0.5118728836800853,36,middle
36671,71,0,0.47219943080062843,0.56085497466417,36,middle
36672,72,0,0.4500059684399827,0.5202445863580132,36,middle
36673,73,0,0.5431813711492093,0.49205884104467346,36,middle
36674,74,0,0.4523535158742176,0.34979012333845005,36,middle
36675,75,0,0.4840166362778513,0.5177034864594938,36,middle
36676,76,0,0.49034366038295396,0.3913758026385593,36,middle
36677,77,0,0.4813460117249099,0.3793295934447575,36,middle
36678,78,0,0.29520746806844683,0.46464207833682514,36,middle
36679,79,0,0.49776960234333656,0.43645403471615696,36,middle
36680,80,0,0.1189878414201937,0.6959627880815891,36,middle
36681,81,0,0.08323655409684028,0.5792737646529299,36,middle
36682,82,0,0.1300091183862438,0.4692699680877226,36,middle
36683,83,0,0.7244267170124628,0.5114236052392209,36,middle
36684,84,0,0.6658145260411694,0.47367302802416084,36,middle
36685,85,0,0.8125989167807668,0.30618010216702296,36,middle
36686,86,0,0.1261536132724671,0.5570991326517423,36,middle
36687,87,0,0.8180548649899564,0.30905641971475145,36,middle
36688,88,0,0.7736319650826412,0.38089680279374083,36,middle
36689,89,0,0.17179760754957796,0.5090498204672089,36,middle
36690,90,0,0.7116174502118539,0.4356465837341302,36,middle
36691,91,0,0.8101487401272182,0.4493339099593029,36,middle
36692,92,0,0.17633591139401716,0.470406049087553,36,middle
36693,93,0,0.841255331038088,0.44841489064615747,36,middle
36694,94,0,0.13652635932071583,0.5717475307265709,36,middle
36695,95,0,0.7535547568458703,0.43637765882338186,36,middle
36696,96,0,0.2208281059290445,0.6261340139319408,36,middle
36697,97,0,0.7946613974286132,0.48113259830854826,36,middle
36698,98,0,0.22588956294201668,0.3536552678459984,36,middle
36699,99,0,0.813033458219161,0.34450247674692164,36,middle
36700,100,0,0.7861772685818401,0.4194975527777603,36,middle
36701,101,0,0.8139634832932128,0.4771494416716495,36,middle
36702,102,0,0.23906316016392837,0.37638986423885057,36,middle
36703,103,0,0.8082902448243945,0.45087421829365615,36,middle
36704,104,0,0.2524534763822715,0.5080002096426016,36,middle
36705,105,0,0.10409867281718359,0.6045700262794664,36,middle
36706,106,0,0.11415201408723974,0.6479647306864754,36,middle
36707,107,0,0.13022948298571457,0.5345683290166063,36,middle
36708,108,0,0.16552225656866829,0.6018326793438475,36,middle
36709,109,0,0.1546868046712565,0.4496013137931313,36,middle
36710,110,0,0.18739235517753305,0.5103674914628161,36,middle
36711,111,0,0.772960681220564,0.49201350317850645,36,middle
36712,112,0,0.1593232353661506,0.5600777280990441,36,middle
36713,113,0,0.6853694845217948,0.36623946052337003,36,middle
36714,114,0,0.8717998531070781,0.4196382606696296,36,middle
36715,115,0,0.6535579191153947,0.4012149622743527,36,middle
36716,116,0,0.5787973203995888,0.4445474337724128,36,middle
36717,117,0,0.23057363023208022,0.5246253183794524,36,middle
36718,118,0,0.20197944686286262,0.47382160896329517,36,middle
36719,119,0,0.7188631575399193,0.36513388204581076,36,middle
36720,120,0,0.2712870308793361,0.5101632392417653,36,middle
36721,121,0,0.2781923263198784,0.5208275348126266,36,middle
36722,122,0,0.44731253261645976,0.4215731011942822,36,middle
36723,123,0,0.7745362232589234,0.3768391438604779,36,middle
36724,124,0,0.5424354656882263,0.5832839568497519,36,middle
36725,125,0,0.7096378847793923,0.4707337887317596,36,middle
36726,126,0,0.34459491682016574,0.4999459596079704,36,middle
36727,127,0,0.8129326638955509,0.4797012966819314,36,middle
36728,128,0,0.4619555585632218,0.4804751653481135,36,middle
36729,129,0,0.8845603094231225,0.44103996279443397,36,middle
36730,130,0,0.4766181581952344,0.44516839707458,36,middle
36731,131,0,0.20515564750051887,0.4145483197663951,36,middle
36732,132,0,0.44944109850372443,0.47945633259377934,36,middle
36733,133,0,0.8173337784137698,0.39695248366809643,36,middle
36734,134,0,0.6388408930890289,0.47256484625933287,36,middle
36735,135,0,0.8724481519903827,0.34942397136724973,36,middle
36736,136,0,0.5311878159631869,0.30279049991209495,36,middle
36737,137,0,0.17921169655339034,0.4791319761531838,36,middle
36738,138,0,0.5526826014853674,0.5073526135110631,36,middle
36739,139,0,0.2091233378693106,0.5573478626442994,36,middle
36740,140,0,0.5249824041073721,0.5909934223605571,36,middle
36741,141,0,0.7898960450437138,0.44607780690614596,36,middle
36742,142,0,0.39199572591760845,0.33092057668764224,36,middle
36743,143,0,0.4033710530349915,0.5781829955437265,36,middle
36744,144,0,0.5010504027487167,0.5294512842527486,36,middle
36745,145,0,0.1654436412500856,0.6759746195044887,36,middle
36746,146,0,0.5426370380652588,0.41150411741238035,36,middle
36747,147,0,0.2815476286394717,0.4279418868338979,36,middle
36748,148,0,0.558884265061058,0.48636013231016145,36,middle
36749,149,0,0.5346558958254072,0.641721914028683,36,middle
36750,150,0,0.43784370319734933,0.45636061536486083,36,middle
36751,151,0,0.7607656473659687,0.3509074755412397,36,middle
36752,152,0,0.4502656416336368,0.38774263967283007,36,middle
36753,153,0,0.8470128306687381,0.39270402479786515,36,middle
36754,154,0,0.5291306711051197,0.5380479024816189,36,middle
36755,155,0,0.699615757235345,0.3100909702915448,36,middle
36756,156,0,0.5124133182628565,0.41853569926500495,36,middle
36757,157,0,0.7550079430576598,0.3857955930700334,36,middle
36758,158,0,0.664076396972892,0.3706462574661621,36,middle
36759,159,0,0.20148071296355397,0.44798333566917803,36,middle
36760,160,0,0.36315720037604077,0.4888575232065242,36,middle
36761,161,0,0.7919677115246837,0.39046092184780423,36,middle
36762,162,0,0.5658287982657695,0.4182949729673564,36,middle
36763,163,0,0.4974752944981875,0.4865119246856232,36,middle
36764,164,0,0.7756418582623745,0.37712893473576736,36,middle
36765,165,0,0.2593403450860031,0.4765186232053532,36,middle
36766,166,0,0.6005592945354266,0.559337234317397,36,middle
36767,167,0,0.489999613306514,0.43213412852692434,36,middle
36768,168,0,0.2532147587384652,0.3697625384544827,36,middle
36769,169,0,0.29552424177069575,0.44071046478528864,36,middle
36770,170,0,0.20139714901245204,0.42165258946350914,36,middle
36771,171,0,0.5149791742420159,0.5683813136205641,36,middle
36772,172,0,0.5396505778106822,0.4464755560429176,36,middle
36773,173,0,0.4631058146027519,0.44209967644219283,36,middle
36774,174,0,0.4941511119990855,0.3971947735007745,36,middle
36775,175,0,0.8115234355265837,0.504923682141088,36,middle
36776,176,0,0.8182857788934557,0.34113474621850404,36,middle
36777,177,0,0.5724464356581402,0.34986196064842745,36,middle
36778,178,0,0.676951090558497,0.39337074482720136,36,middle
36779,179,0,0.4902465177374444,0.5069095519661859,36,middle
36780,180,0,0.48673830770580745,0.4744495860882538,36,middle
36781,181,0,0.5002801518632478,0.48641069817007876,36,middle
36782,182,0,0.39584053872951913,0.3427946783571021,36,middle
36783,183,0,0.44973592246995714,0.3444735026057876,36,middle
36784,184,0,0.8164129030356433,0.43056610486314517,36,middle
36785,185,0,0.7932064695662406,0.4197281787750772,36,middle
36786,186,0,0.8599751189404231,0.4421996131597079,36,middle
36787,187,0,0.41382325761860506,0.5942561375955762,36,middle
36788,188,0,0.5497405951203155,0.5018940610730919,36,middle
36789,189,0,0.4587172616077053,0.6430405482531173,36,middle
36790,190,0,0.4707423596995985,0.5040235186969375,36,middle
36791,191,0,0.41838183706396637,0.38926132792819057,36,middle
36792,192,0,0.2932632556844139,0.5232038518910936,36,middle
36793,193,0,0.4109458006638644,0.4639089189194966,36,middle
36794,194,0,0.38104936634760667,0.4376238336467253,36,middle
36795,195,0,0.7647375638897438,0.505394432300055,36,middle
36796,196,0,0.7684477495613622,0.4861615052144893,36,middle
36797,197,0,0.5311660486960899,0.40335812105532487,36,middle
36798,198,0,0.8479468388664453,0.39313878868670826,36,middle
36799,199,0,0.4852788502100267,0.3987414163293046,36,middle
36800,0,0,0.8084804527627991,0.7256377577009968,36,late
36801,1,1,0.6830014799986808,0.7948913743305014,36,late
36802,2,0,0.63405300235301,0.6105219764753396,36,late
36803,3,2,0.4998102704640707,1.059848449549821,36,late
36804,4,3,0.06440036823506558,1.0241489788612206,36,late
36805,5,0,0.44127106415588585,0.6773942840961924,36,late
36806,6,4,0.9940999383027959,1.0452859210663923,36,late
36807,7,0,0.5085752185852308,0.44325069601137956,36,late
36808,8,0,0.10928168760441523,0.5961243989937424,36,late
36809,9,0,0.43909325372514746,0.5964891154878564,36,late
36810,10,5,0.02494113083419993,1.0117896395888997,36,late
36811,11,6,0.3078487810440821,0.9184364363439963,36,late
36812,12,7,0.918413001759364,1.3304334799660635,36,late
36813,13,8,0.4999104853629948,0.8002302972507519,36,late
36814,14,9,0.9732028178940927,1.1503882538465062,36,late
36815,15,10,0.5180686697524376,0.9907824672329707,36,late
36816,16,11,0.009095680022078926,0.9066271457474258,36,late
36817,17,0,0.39366936956574783,0.5914143742370542,36,late
36818,18,0,0.41501997240545535,0.6161363134044591,36,late
36819,19,0,0.5663855208039748,0.5372591246788027,36,late
36820,20,0,0.7434927182138074,0.6446224418742388,36,late
36821,21,0,0.43893421224578394,0.6265993994093266,36,late
36822,22,12,0.997775130118359,0.8391578399875899,36,late
36823,23,0,0.6223044697533271,0.6338360580486624,36,late
36824,24,0,0.30754617625400615,0.7415178417386143,36,late
36825,25,0,0.7306182030166448,0.6909095361512152,36,late
36826,26,0,0.383583626805089,0.47905318170038,36,late
36827,27,0,0.5081687932946142,0.5993891031327738,36,late
36828,28,0,0.3987585462065375,0.6389272677767869,36,late
36829,29,0,0.44881130608854813,0.5438033414669077,36,late
36830,30,0,0.3960792249851886,0.5205094298504289,36,late
36831,31,0,0.6247809805810153,0.5667074354428191,36,late
36832,32,0,0.532597315412154,0.6397728794938292,36,late
36833,33,0,0.5317429587821063,0.6767584056383864,36,late
36834,34,0,0.4222751470322226,0.438857002175597,36,late
36835,35,0,0.4728695733247512,0.5873070327402962,36,late
36836,36,0,0.5117147467024034,0.4906908442254244,36,late
36837,37,0,0.4521442747143326,0.6082103795419629,36,late
36838,38,0,0.6435188061295765,0.5820118665925154,36,late
36839,39,0,0.3427012514511571,0.6118271637500544,36,late
36840,40,0,0.33397294196717725,0.621226177068742,36,late
36841,41,0,0.45815549518458665,0.5070652902338063,36,late
36842,42,0,0.6192060144851327,0.5893764709968838,36,late
36843,43,0,0.5390024503653885,0.5785308178021547,36,late
36844,44,0,0.34229898992508,0.7157169657186101,36,late
36845,45,0,0.5675263514246074,0.5650661266060071,36,late
36846,46,0,0.6623362189651896,0.4769895391491256,36,late
36847,47,0,0.5005682579016156,0.5178110075067607,36,late
36848,48,0,0.8032477371347402,0.6101504654012408,36,late
36849,49,0,0.6192614223817057,0.430136235103034,36,late
36850,50,0,0.28085399684827533,0.5219680154192328,36,late
36851,51,0,0.5877993271255129,0.5234577245961075,36,late
36852,52,0,0.7785135954490174,0.5291281392889913,36,late
36853,53,0,0.4562058803482652,0.5594191494424288,36,late
36854,54,0,0.32585922756093716,0.5197274386179482,36,late
36855,55,0,0.540477179352484,0.641531829956506,36,late
36856,56,0,0.6068253227267977,0.4604734469046864,36,late
36857,57,0,0.3899732200645179,0.478119551976181,36,late
36858,58,0,0.2859933310197621,0.570039495378202,36,late
36859,59,0,0.3625524743678771,0.43278270016172043,36,late
36860,60,0,0.38336583406922575,0.3840943407945275,36,late
36861,61,0,0.4806467821191938,0.4285085509247808,36,late
36862,62,0,0.5302920975740039,0.6077690650665433,36,late
36863,63,0,0.45107951004304936,0.6010600956659371,36,late
36864,64,0,0.5709452008977238,0.33690147437648643,36,late
36865,65,0,0.37729067475782807,0.6361582786065996,36,late
36866,66,0,0.4640200728125422,0.44594306711165466,36,late
36867,67,0,0.2330555513297861,0.4988754156108922,36,late
36868,68,0,0.7217452779414464,0.3272941461191854,36,late
36869,69,0,0.7398111203832114,0.5337423254048514,36,late
36870,70,0,0.7267978965668349,0.3493451981871256,36,late
36871,71,0,0.6526824681982086,0.5388448847028819,36,late
36872,72,0,0.28929668626143507,0.5445708840148998,36,late
36873,73,0,0.4240988493405213,0.45895000743132813,36,late
36874,74,0,0.7671043662612758,0.4070502842395285,36,late
36875,75,0,0.4866437549236784,0.5293185044728452,36,late
36876,76,0,0.8258658297075177,0.3567809675745053,36,late
36877,77,0,0.6645796270805598,0.4293714518217867,36,late
36878,78,0,0.26114044807486714,0.5099725785628875,36,late
36879,79,0,0.6246086161903083,0.5290074736454535,36,late
36880,80,0,0.8527219857984845,0.5097359274273882,36,late
36881,81,0,0.717375972526614,0.40848633125900946,36,late
36882,82,0,0.843398895601986,0.2631221074211985,36,late
36883,83,0,0.2689331885549511,0.32927118794759025,36,late
36884,84,0,0.8294381435655065,0.5477964857235904,36,late
36885,85,0,0.19841592966531388,0.5990715183521941,36,late
36886,86,0,0.7392698065959428,0.5010039571413565,36,late
36887,87,0,0.2386379234674184,0.49814530093703857,36,late
36888,88,0,0.8004478076334307,0.3995033571820672,36,late
36889,89,0,0.4236177162727638,0.5250722245796019,36,late
36890,90,0,0.35293799077734855,0.4413322766364146,36,late
36891,91,0,0.746327539434877,0.35708895197626966,36,late
36892,92,0,0.36769982728362044,0.6120171789723144,36,late
36893,93,0,0.6123159767747384,0.4712272933118351,36,late
36894,94,0,0.3755836537287497,0.5516618959444117,36,late
36895,95,0,0.7574323147687316,0.48608162128247956,36,late
36896,96,0,0.6523389489089488,0.3112323134588536,36,late
36897,97,0,0.2862222093473674,0.4621543413710566,36,late
36898,98,0,0.6936384864835939,0.38903960738730925,36,late
36899,99,0,0.7857977794474178,0.47146145104825643,36,late
36900,100,0,0.31762241801933416,0.47511107435705546,36,late
36901,101,0,0.8615492316637366,0.634210070604061,36,late
36902,102,0,0.2698516817329582,0.4594877055961093,36,late
36903,103,0,0.7998142826132943,0.38451883045030155,36,late
36904,104,0,0.4564369177002866,0.5421572431347578,36,late
36905,105,0,0.6646228911923395,0.34333136419504434,36,late
36906,106,0,0.8472947077860995,0.6084683466509041,36,late
36907,107,0,0.29977995985303196,0.4788460477194264,36,late
36908,108,0,0.34119683311277643,0.4342332009522567,36,late
36909,109,0,0.1835413659222485,0.6307440347890807,36,late
36910,110,0,0.3734774355842562,0.4218343661596836,36,late
36911,111,0,0.8060592638648396,0.3081950769529346,36,late
36912,112,0,0.8562449812453239,0.36491547949635916,36,late
36913,113,0,0.23759371044679908,0.5318148425187539,36,late
36914,114,0,0.2802973664393681,0.4690010323210576,36,late
36915,115,0,0.46305520900105346,0.6277498033872462,36,late
36916,116,0,0.5765886866240206,0.41750676017482224,36,late
36917,117,0,0.3694325842399536,0.46554650625283195,36,late
36918,118,0,0.7175835852720852,0.49024102544983306,36,late
36919,119,0,0.6962554945504869,0.3384534629687267,36,late
36920,120,0,0.6081569569437852,0.4164358063396148,36,late
36921,121,0,0.5075726670874696,0.4920248102816702,36,late
36922,122,0,0.48734889056310426,0.4364075513343211,36,late
36923,123,0,0.5811259161027589,0.3687687349240983,36,late
36924,124,0,0.4196461923796179,0.5926462934545293,36,late
36925,125,0,0.22960334738436297,0.49360455671202547,36,late
36926,126,0,0.38026282111473675,0.4264070075599754,36,late
36927,127,0,0.635822383307087,0.42732741348050673,36,late
36928,128,0,0.34731535400598934,0.5138882785729469,36,late
36929,129,0,0.6418069342202775,0.445512766534906,36,late
36930,130,0,0.539814143757932,0.532189171416791,36,late
36931,131,0,0.4592823194762766,0.5608323675385696,36,late
36932,132,0,0.40329447173003785,0.4601439494823166,36,late
36933,133,0,0.2615407690887747,0.5216902775909504,36,late
36934,134,0,0.34482184297662544,0.5737753995703195,36,late
36935,135,0,0.5078856595874943,0.5114568977786106,36,late
36936,136,0,0.6895970148083111,0.38918118427584436,36,late
36937,137,0,0.436149421107439,0.5346347588449628,36,late
36938,138,0,0.3569792203592725,0.4005183901153636,36,late
36939,139,0,0.5359999085038571,0.422738701057747,36,late
36940,140,0,0.5789512038976561,0.4907429331286065,36,late
36941,141,0,0.4580346332887249,0.4958428867067927,36,late
36942,142,0,0.6337708577460763,0.368531350709166,36,late
36943,143,0,0.36891737461037577,0.5701937661408331,36,late
36944,144,0,0.44098214921093026,0.3810897459179695,36,late
36945,145,0,0.4697428274709687,0.4969597358978678,36,late
36946,146,0,0.4376673615264548,0.5090578991659793,36,late
36947,147,0,0.48886479790461795,0.40717776857237964,36,late
36948,148,0,0.6835645215759611,0.5494870920566262,36,late
36949,149,0,0.5784493332187626,0.4783910520612832,36,late
36950,150,0,0.4734975855759493,0.3795871846123041,36,late
36951,151,0,0.40896400273275796,0.4547359033180889,36,late
36952,152,0,0.6330899577755937,0.37348479398927936,36,late
36953,153,0,0.564658521513071,0.3380998571688778,36,late
36954,154,0,0.5575504671840323,0.5036895071953393,36,late
36955,155,0,0.6424909137880987,0.31888991595391225,36,late
36956,156,0,0.39326958677319995,0.4547676176879126,36,late
36957,157,0,0.4968840522985679,0.45557968007086685,36,late
36958,158,0,0.6232703434188835,0.4070715631953228,36,late
36959,159,0,0.4565495944017798,0.3614913820351673,36,late
36960,160,0,0.4769981957014519,0.6247823614450871,36,late
36961,161,0,0.7383119305930166,0.3818247728775396,36,late
36962,162,0,0.6739169187813684,0.3808301140467024,36,late
36963,163,0,0.661903632966612,0.5565986540705588,36,late
36964,164,0,0.5492875453666191,0.43361496202201844,36,late
36965,165,0,0.4936067166276329,0.45644623637942006,36,late
36966,166,0,0.37745781745589413,0.44507822774221395,36,late
36967,167,0,0.8389537840912509,0.4694768680687277,36,late
36968,168,0,0.35258335345833697,0.5481037496703226,36,late
36969,169,0,0.8424112899330448,0.33620038808561103,36,late
36970,170,0,0.27407316394192294,0.40517075418200765,36,late
36971,171,0,0.3068593760763304,0.4429560051069322,36,late
36972,172,0,0.593312964746055,0.40825930339945593,36,late
36973,173,0,0.7249716992753867,0.34964981257096694,36,late
36974,174,0,0.8403651981124625,0.3692623225803978,36,late
36975,175,0,0.7856910899381411,0.4009458785032421,36,late
36976,176,0,0.2720900227892633,0.5646599020984494,36,late
36977,177,0,0.4364945780112675,0.40896505170102426,36,late
36978,178,0,0.4200679510507618,0.38913717049009267,36,late
36979,179,0,0.8856617140808369,0.44640154012958366,36,late
36980,180,0,0.53611341411243,0.5239381702034392,36,late
36981,181,0,0.5073161990408395,0.48104917364403876,36,late
36982,182,0,0.17807911611439547,0.4971930635285178,36,late
36983,183,0,0.419881917393898,0.4150571786973216,36,late
36984,184,0,0.13674031261752365,0.5140477355978386,36,late
36985,185,0,0.3689214749036535,0.5109645572316247,36,late
36986,186,0,0.2291225439848461,0.5792869613128329,36,late
36987,187,0,0.1991606855027057,0.49010543453461775,36,late
36988,188,0,0.4363454624975447,0.6098243217381316,36,late
36989,189,0,0.4188200041269914,0.6029272009159136,36,late
36990,190,0,0.6686870021578197,0.40773932360297804,36,late
36991,191,0,0.6377364544949755,0.4317665994862748,36,late
36992,192,0,0.6035317621938883,0.34219211319709725,36,late
36993,193,0,0.7196252180717405,0.5050887990178213,36,late
36994,194,0,0.3810242577482751,0.4609814380779471,36,late
36995,195,0,0.2795741200879893,0.4198893449474384,36,late
36996,196,0,0.3913641206146869,0.37103712939574457,36,late
36997,197,0,0.654842250272301,0.37935444258481454,36,late
36998,198,0,0.2472110961087884,0.49659650872304895,36,late
36999,199,0,0.30059178014638877,0.561012336389765,36,late
37000,0,0,0.9986616241141771,0.9821737471623287,37,interleaved
37001,1,1,0.839044958030811,1.339655132751341,37,interleaved
37002,2,2,0.9998166749709445,1.0999291564285558,37,interleaved
37003,3,3,0.7999984622871061,0.9709468197588242,37,interleaved
37004,4,4,0.03548708554151367,1.3165101333108726,37,interleaved
37005,5,5,0.5000118162081453,1.4829540079321557,37,interleaved
37006,6,6,0.9999858629471072,1.1091427402494818,37,interleaved
37007,7,7,0.8587558927406493,0.9419215574060911,37,interleaved
37008,8,8,0.0013295295681370444,1.1643411825571865,37,interleaved
37009,9,9,0.1315775323721209,1.336236587753091,37,interleaved
37010,10,10,0.8901709643873783,1.089344317745522,37,interleaved
37011,11,11,0.5392677287680173,1.1530737534019408,37,interleaved
37012,12,12,0.9932919396909738,1.2086259851087167,37,interleaved
37013,13,13,0.4671189938276974,1.2183381926039822,37,interleaved
37014,14,14,0.49109325216025806,1.1579417215898107,37,interleaved
37015,15,15,0.5143519418366929,1.445356929536346,37,interleaved
37016,16,16,0.963866240229454,1.5378475366951896,37,interleaved
37017,17,14,0.5970982812041346,0.9444074229375699,37,interleaved
37018,18,17,0.30947562196056927,1.3647445720693359,37,interleaved
37019,19,18,0.30442202522354994,1.294963710710443,37,interleaved
37020,20,19,0.0005555302303060296,1.6075982052269941,37,interleaved
37021,21,20,0.013716059191073637,1.2708260856130846,37,interleaved
37022,22,21,0.22076471181456067,1.0053086170519099,37,interleaved
37023,23,22,0.7184529881708732,1.4632584810623483,37,interleaved
37024,24,23,0.9999966215395943,1.2129466077278415,37,interleaved
37025,25,24,0.5000007125814835,1.1229535575869676,37,interleaved
37026,26,25,0.002051253655466158,1.553895150713116,37,interleaved
37027,27,26,0.9677620214568188,1.4044033760810972,37,interleaved
37028,28,27,0.5103399926292694,1.0336858950161698,37,interleaved
37029,29,28,0.5073845124351933,1.0935115176230161,37,interleaved
37030,30,29,0.046115138436915185,1.2403946895255347,37,interleaved
37031,31,30,0.906156718194687,1.1876869619006798,37,interleaved
37032,32,31,0.4752268051771229,1.1575654892171419,37,interleaved
37033,33,32,0.5000099817045477,1.175889333100313,37,interleaved
37034,34,14,0.0018452421755408182,1.1394017054189167,37,interleaved
37035,35,33,0.5020156129504058,1.3353491913628486,37,interleaved
37036,36,34,7.634356081105365e-06,1.3285141109133756,37,interleaved
37037,37,35,0.5297107994975035,1.0521570532993123,37,interleaved
37038,38,36,0.00012483074044652677,1.2589585711473714,37,interleaved
37039,39,37,0.49989005681365145,1.2015067642407562,37,interleaved
37040,40,38,0.9998114578186182,1.3875341914981267,37,interleaved
37041,41,39,0.35804459513796805,1.4263031072521208,37,interleaved
37042,42,40,0.0001914872676055355,1.2247272291168936,37,interleaved
37043,43,8,0.4992411372807499,0.7712115554685149,37,interleaved
37044,44,41,0.00015026382906430528,1.1943455186312195,37,interleaved
37045,45,31,0.982995765000698,0.9043110028612726,37,interleaved
37046,46,42,0.99995035723969,1.621125185725063,37,interleaved
37047,47,27,0.05996575882113893,0.7766857464073751,37,interleaved
37048,48,43,0.7956653581368864,1.0250591051011022,37,interleaved
37049,49,44,0.49806077706687857,1.2837505193696979,37,interleaved
37050,50,45,0.999156479925956,1.6103855421498015,37,interleaved
37051,51,14,0.9744569645457075,0.7909638860570775,37,interleaved
37052,52,46,1.1451882837925056e-05,1.7963242570139353,37,interleaved
37053,53,47,0.49993846685949733,0.9866881509261347,37,interleaved
37054,54,48,0.0003652872429312891,1.193507364472962,37,interleaved
37055,55,49,0.5000000710625937,1.4388387250026922,37,interleaved
37056,56,27,0.4939972923555368,0.6396775324625231,37,interleaved
37057,57,50,0.4976811869550676,1.056720591256036,37,interleaved
37058,58,51,0.023410527601844686,1.0189713140505212,37,interleaved
37059,59,8,0.5003772066769855,1.0058741005695944,37,interleaved
37060,60,52,3.20530242500096e-07,1.3824151446115298,37,interleaved
37061,61,53,0.5006005505879575,0.9416345354721352,37,interleaved
37062,62,54,0.05202067919391635,1.6150220476955452,37,interleaved
37063,63,51,0.533464875114495,0.7484423944396966,37,interleaved
37064,64,27,0.4961915293291148,0.7794183858236949,37,interleaved
37065,65,27,0.9505079420784306,0.7163903083162471,37,interleaved
37066,66,51,0.94812125600063,1.015537189467362,37,interleaved
37067,67,55,0.5002577165110953,1.2590737869979471,37,interleaved
37068,68,56,0.26680826453750167,0.9513992817824202,37,interleaved
37069,69,57,0.4916736647189714,1.6647216346708578,37,interleaved
37070,70,58,0.568617355661737,1.3565400913902477,37,interleaved
37071,71,59,0.5000004503160705,1.1162610749205832,37,interleaved
37072,72,51,0.42461991806501337,1.0240537542479171,37,interleaved
37073,73,60,0.0789861196728137,1.3216628389945515,37,interleaved
37074,74,27,0.500985023653941,0.7464948126515647,37,interleaved
37075,75,61,0.48957737215697444,1.22369678163943,37,interleaved
37076,76,27,0.5059986251344593,0.7338029235752083,37,interleaved
37077,77,8,0.5003454197080971,0.7885163270656548,37,interleaved
37078,78,62,0.9367255049091021,1.4192737210052666,37,interleaved
37079,79,27,0.9493994912059869,0.6676972884304092,37,interleaved
37080,80,27,0.5234789763462593,0.6594321470872366,37,interleaved
37081,81,27,0.9370483885371605,0.6847264756459246,37,interleaved
37082,82,27,0.5144647990832469,0.7286595047575608,37,interleaved
37083,83,27,0.914451518193439,0.54339752296508,37,interleaved
37084,84,27,0.5046042649788777,0.6038511569789968,37,interleaved
37085,85,27,0.8667066664437206,0.4950127876536422,37,interleaved
37086,86,27,0.33639292062079956,0.597869400902221,37,interleaved
37087,87,27,0.22695570738647836,0.5786836667101041,37,interleaved
37088,88,27,0.4196694266083759,0.4106208839925638,37,interleaved
37089,89,27,0.8216596068827802,0.5079678992192203,37,interleaved
37090,90,27,0.47408799302635096,0.6483407228340846,37,interleaved
37091,91,27,0.21547814913974517,0.43059126685676863,37,interleaved
37092,92,27,0.34363597038745397,0.48479769243792065,37,interleaved
37093,93,27,0.7784848072033517,0.5626454785927651,37,interleaved
37094,94,27,0.6933705695098623,0.5501825844837261,37,interleaved
37095,95,27,0.9101678971029754,0.6000469977563074,37,interleaved
37096,96,27,0.40123210135561016,0.3957714992008191,37,interleaved
37097,97,27,0.8737322693230777,0.5277702351681919,37,interleaved
37098,98,27,0.1445102438260199,0.7674037728495685,37,interleaved
37099,99,27,0.8383437880786814,0.4260582250030186,37,interleaved
37100,100,27,0.2553251438987893,0.541589361746724,37,interleaved
37101,101,27,0.37388102272371543,0.6076505550920108,37,interleaved
37102,102,27,0.6678932767179352,0.5722044242243856,37,interleaved
37103,103,27,0.13899579832912795,0.49595526826969705,37,interleaved
37104,104,27,0.634963434106587,0.404083972217431,37,interleaved
37105,105,27,0.8512986735042615,0.6202346778918015,37,interleaved
37106,106,27,0.7330567876460176,0.5305438426638003,37,interleaved
37107,107,27,0.8467259363941617,0.43643281282028157,37,interleaved
37108,108,27,0.4984323269212768,0.45116091904690525,37,interleaved
37109,109,27,0.16150331410965613,0.529366719963531,37,interleaved
37110,110,27,0.3307716904494413,0.4882249335343509,37,interleaved
37111,111,27,0.831657583235656,0.42198491154594564,37,interleaved
37112,112,27,0.4766231752440323,0.7726110099067136,37,interleaved
37113,113,27,0.24158955953319766,0.5659970427706977,37,interleaved
37114,114,27,0.3876526571136454,0.6489949625523855,37,interleaved
37115,115,27,0.8333128162541757,0.5727307529761915,37,interleaved
37116,116,27,0.44095451743586866,0.41920067347764256,37,interleaved
37117,117,27,0.2136797070874078,0.4936260796930041,37,interleaved
37118,118,27,0.5819129480662822,0.5099742539104029,37,interleaved
37119,119,27,0.2059641735898231,0.4648802999072825,37,interleaved
37120,120,27,0.3391742249805396,0.6445685721951093,37,interleaved
37121,121,27,0.24800392907536326,0.5124742928226835,37,interleaved
37122,122,27,0.5366141928354168,0.33748204999954823,37,interleaved
37123,123,27,0.24981239917502363,0.5312496488574237,37,interleaved
37124,124,27,0.6780188202860415,0.4303212394732452,37,interleaved
37125,125,27,0.2642029360983763,0.47416659429167574,37,interleaved
37126,126,27,0.4318770027509473,0.44900518825486235,37,interleaved
37127,127,27,0.771016098247538,0.5351264733734438,37,interleaved
37128,128,27,0.5016820219804065,0.4918261713649906,37,interleaved
37129,129,27,0.7197634708614764,0.4058162728887936,37,interleaved
37130,130,27,0.4949899138021181,0.48057537809470663,37,interleaved
37131,131,27,0.18093209500448781,0.45917406595493504,37,interleaved
37132,132,27,0.5891589433925634,0.5139214852898852,37,interleaved
37133,133,27,0.8228850036232241,0.6451155876221502,37,interleaved
37134,134,27,0.42712146866264666,0.5540600510355893,37,interleaved
37135,135,27,0.23325846970488412,0.4985431148714543,37,interleaved
37136,136,27,0.38600571293473984,0.4832587851537429,37,interleaved
37137,137,27,0.8105409223431801,0.35007275233142837,37,interleaved
37138,138,27,0.5214575071962301,0.4843612518597661,37,interleaved
37139,139,27,0.7901515100824194,0.5310376528461955,37,interleaved
37140,140,27,0.40272378975319495,0.4820396943518582,37,interleaved
37141,141,27,0.776187872159905,0.37602561831099934,37,interleaved
37142,142,27,0.4636331753311702,0.4229346009559401,37,interleaved
37143,143,27,0.15847748650387972,0.3544476013626625,37,interleaved
37144,144,27,0.4685496422813497,0.353151357963425,37,interleaved
37145,145,27,0.19684032931832401,0.4620669358349023,37,interleaved
37146,146,27,0.5114937552373816,0.43598168130150056,37,interleaved
37147,147,27,0.186666134206387,0.4991012849185088,37,interleaved
37148,148,27,0.46003401225496343,0.5426661884491653,37,interleaved
37149,149,27,0.7938683906795159,0.4647096078648849,37,interleaved
37150,150,27,0.45604465713097003,0.4515439523871104,37,interleaved
37151,151,27,0.1970033444187664,0.6155742517740518,37,interleaved
37152,152,27,0.49618105244770633,0.5322361607657893,37,interleaved
37153,153,27,0.2847820032235424,0.44585682063211285,37,interleaved
37154,154,27,0.527969191905457,0.4894888470638896,37,interleaved
37155,155,27,0.805484942665063,0.36424081636262773,37,interleaved
37156,156,27,0.36924124167241457,0.5396477242541258,37,interleaved
37157,157,27,0.2391405392389224,0.4947360172567914,37,interleaved
37158,158,27,0.5753135475137635,0.4869933433519819,37,interleaved
37159,159,27,0.24963691292717,0.5198180084123385,37,interleaved
37160,160,27,0.28257464820377637,0.4952523187043963,37,interleaved
37161,161,27,0.31758273027548295,0.6573162409302775,37,interleaved
37162,162,27,0.47196964649624895,0.5107503306054416,37,interleaved
37163,163,27,0.7801051662896141,0.4841648612008846,37,interleaved
37164,164,27,0.31596985823160295,0.4857892053118166,37,interleaved
37165,165,27,0.6353877437659221,0.48656242414599793,37,interleaved
37166,166,27,0.7649704365352679,0.3408719278248268,37,interleaved
37167,167,27,0.7744823102300504,0.4044021738306943,37,interleaved
37168,168,27,0.443722502689024,0.4952284184523944,37,interleaved
37169,169,27,0.7193683417291759,0.5712249591183511,37,interleaved
37170,170,27,0.46691414128706743,0.5352081025067701,37,interleaved
37171,171,27,0.86276030808882,0.39777935839235956,37,interleaved
37172,172,27,0.4273915244006398,0.4465411238869307,37,interleaved
37173,173,27,0.5742018576252463,0.540169696597767,37,interleaved
37174,174,27,0.48815243621501375,0.47892962402659467,37,interleaved
37175,175,27,0.41708421017180547,0.4702493577497342,37,interleaved
37176,176,27,0.5872994169129657,0.4506008426197677,37,interleaved
37177,177,27,0.6051833672953948,0.485825282987576,37,interleaved
37178,178,27,0.80147413660728,0.4528933579836115,37,interleaved
37179,179,27,0.8240186226201227,0.414796480174073,37,interleaved
37180,180,27,0.39036253392398784,0.47777732550232965,37,interleaved
37181,181,27,0.8549797616520667,0.308110297966865,37,interleaved
37182,182,27,0.37999253433887703,0.525012058512329,37,interleaved
37183,183,27,0.15885595067118335,0.5799724341894976,37,interleaved
37184,184,27,0.8445765104198655,0.359183455558078,37,interleaved
37185,185,27,0.5514444787559278,0.3421535736954655,37,interleaved
37186,186,27,0.13039156333261367,0.5685010529336144,37,interleaved
37187,187,27,0.41626628837863394,0.6261661467467103,37,interleaved
37188,188,27,0.17719957180104381,0.4998506368634694,37,interleaved
37189,189,27,0.16685632219937363,0.42151797998302215,37,interleaved
37190,190,27,0.4674063643336913,0.4029520835984385,37,interleaved
37191,191,27,0.837192419600471,0.43142065327929624,37,interleaved
37192,192,27,0.8505313561744847,0.31847228742664285,37,interleaved
37193,193,27,0.8439723553461262,0.3724273742642116,37,interleaved
37194,194,27,0.15573242784649252,0.4186667373843179,37,interleaved
37195,195,27,0.8528496171143194,0.4735175038338806,37,interleaved
37196,196,27,0.5443263164061328,0.3403370986160743,37,interleaved
37197,197,27,0.8630084906276643,0.6107378303563635,37,interleaved
37198,198,27,0.8900087613313126,0.4388060636398801,37,interleaved
37199,199,27,0.43209589877871146,0.44880388410127775,37,interleaved
37200,0,0,0.4621297702628427,0.7354922803451442,37,blocked
37201,1,1,0.9755562741140184,0.7603004066951864,37,blocked
37202,2,0,0.48238028685358814,0.5129474224932974,37,blocked
37203,3,2,0.4386027512513681,1.0406609093187091,37,blocked
37204,4,3,0.532131791206373,0.9239755981743325,37,blocked
37205,5,4,0.48363306841307213,0.90095282353821,37,blocked
37206,6,5,0.47904708999456114,0.8003499684609738,37,blocked
37207,7,0,0.40301474089129535,0.6213165383453245,37,blocked
37208,8,6,0.4039085081874091,1.1083956233589156,37,blocked
37209,9,7,0.4407095286024914,0.774378975413794,37,blocked
37210,10,7,0.5184873932250608,0.6160892617278598,37,blocked
37211,11,8,0.06715553152412786,0.7100656229452944,37,blocked
37212,12,8,0.8644316724244838,0.6122984247253511,37,blocked
37213,13,0,0.2455315294391018,0.6215322918792726,37,blocked
37214,14,8,0.8962364526499943,0.593931993308175,37,blocked
37215,15,8,0.24811778441499957,0.6995227466688947,37,blocked
37216,16,8,0.22165140374293377,0.7694736097380797,37,blocked
37217,17,7,0.5125448483481589,0.651325960352954,37,blocked
37218,18,8,0.17750955200819946,0.5707770343157833,37,blocked
37219,19,8,0.8646779390386966,0.37951471800787584,37,blocked
37220,20,8,0.17967080016483242,0.6284297352730991,37,blocked
37221,21,8,0.833188025843669,0.5119351480574119,37,blocked
37222,22,8,0.7412380242639883,0.7443916614798685,37,blocked
37223,23,8,0.684786630165392,0.7843500574125656,37,blocked
37224,24,7,0.40069665217810657,0.5688609232563847,37,blocked
37225,25,8,0.35602723917763784,0.522526800453003,37,blocked
37226,26,0,0.48834836125347986,0.4059717579662455,37,blocked
37227,27,0,0.5010580650709613,0.5562588261063556,37,blocked
37228,28,8,0.7329837534277825,0.6189283561344329,37,blocked
37229,29,8,0.845390412880432,0.6655949377098288,37,blocked
37230,30,8,0.7089327516054611,0.4252143241891604,37,blocked
37231,31,8,0.3171650432824841,0.7091473545866865,37,blocked
37232,32,8,0.775672247802602,0.43283838508085026,37,blocked
37233,33,8,0.798282837536493,0.6863685943479765,37,blocked
37234,34,8,0.5840418416651956,0.5650648081757462,37,blocked
37235,35,8,0.4400673037203482,0.6163890486076176,37,blocked
37236,36,8,0.40311796879498213,0.6318869910222376,37,blocked
37237,37,8,0.7394957269430634,0.509656349063472,37,blocked
37238,38,8,0.6118735980114385,0.34111065776788013,37,blocked
37239,39,8,0.6165342269105739,0.48838140366608296,37,blocked
37240,40,8,0.22105357402269907,0.4800030013805229,37,blocked
37241,41,8,0.7209275748242916,0.5337139492957388,37,blocked
37242,42,8,0.23493584983678928,0.543136272393141,37,blocked
37243,43,8,0.8059158009956224,0.43557739394541617,37,blocked
37244,44,8,0.2892766834365189,0.5875644129181352,37,blocked
37245,45,8,0.3291248975771093,0.7192059017879955,37,blocked
37246,46,8,0.7291560895786809,0.5257842453101299,37,blocked
37247,47,8,0.19576466814079618,0.47899217676443484,37,blocked
37248,48,8,0.2776635097844385,0.49351097655713994,37,blocked
37249,49,8,0.8402294780971783,0.4032736986198846,37,blocked
37250,50,8,0.8046313126303841,0.4311907415165174,37,blocked
37251,51,8,0.17976501430869724,0.45206444248136113,37,blocked
37252,52,8,0.2379951134572073,0.3926189270250789,37,blocked
37253,53,8,0.2423438526615923,0.7729611244105199,37,blocked
37254,54,8,0.733899963645207,0.43136492033756313,37,blocked
37255,55,8,0.5133135547751122,0.6810081264175336,37,blocked
37256,56,8,0.7497458633448624,0.4408595170567667,37,blocked
37257,57,8,0.3370812796124814,0.47867261416905504,37,blocked
37258,58,8,0.7560502567572448,0.4601934526376572,37,blocked
37259,59,8,0.3137524386622317,0.5213220986613847,37,blocked
37260,60,8,0.31597894153085526,0.4566135212958019,37,blocked
37261,61,8,0.43188703697663855,0.4793320904883524,37,blocked
37262,62,8,0.42666642034344976,0.4522813285807321,37,blocked
37263,63,8,0.4422378800650104,0.4475316119665458,37,blocked
37264,64,8,0.7428739570191575,0.5459633005230429,37,blocked
37265,65,8,0.5202015727796718,0.3782655363554145,37,blocked
37266,66,8,0.3434106061340019,0.5646613478132785,37,blocked
37267,67,8,0.635918752459135,0.46191758689878204,37,blocked
37268,68,8,0.5422296867706424,0.42983574497436694,37,blocked
37269,69,8,0.5379341830146258,0.49897682097918306,37,blocked
37270,70,8,0.5870437366831629,0.4239162804808733,37,blocked
37271,71,8,0.6460467647970138,0.4387423306353214,37,blocked
37272,72,8,0.5737499732871383,0.613717443120403,37,blocked
37273,73,8,0.5470185483689274,0.4058490632127275,37,blocked
37274,74,8,0.6476929796582283,0.43059242805594566,37,blocked
37275,75,8,0.6614096570297024,0.3849551232389696,37,blocked
37276,76,8,0.4809970768456026,0.6750371651277909,37,blocked
37277,77,8,0.6763130720916155,0.46183228055216496,37,blocked
37278,78,8,0.5732244615435184,0.4975960198951459,37,blocked
37279,79,8,0.7140886054436872,0.27041602427635825,37,blocked
37280,80,8,0.35612617851008466,0.4257686029666431,37,blocked
37281,81,8,0.434662609096341,0.48586616521318615,37,blocked
37282,82,8,0.39924510187766216,0.46584146337712473,37,blocked
37283,83,8,0.38775419379022674,0.41002218019244685,37,blocked
37284,84,8,0.4486832743674165,0.4468737965986206,37,blocked
37285,85,8,0.4191631268479338,0.4665598493465301,37,blocked
37286,86,8,0.16826414508957827,0.5744961883966135,37,blocked
37287,87,8,0.4959857508565084,0.4325503747139596,37,blocked
37288,88,8,0.1758935097726593,0.5486982208726878,37,blocked
37289,89,8,0.48303195335509386,0.45868496829194677,37,blocked
37290,90,8,0.4436551712025787,0.5452750239707709,37,blocked
37291,91,8,0.2757667101000588,0.4274859635506759,37,blocked
37292,92,8,0.3575462462630871,0.4926081678917917,37,blocked
37293,93,8,0.2920662287906364,0.7296647757451156,37,blocked
37294,94,8,0.499606521186603,0.40632032293643605,37,blocked
37295,95,8,0.4930199885982935,0.47430315284933167,37,blocked
37296,96,8,0.5954054759567688,0.4024052155083063,37,blocked
37297,97,8,0.36868349555204066,0.5078793391871961,37,blocked
37298,98,8,0.4484784919994602,0.44581448340707924,37,blocked
37299,99,8,0.31660612056240345,0.5532937703717614,37,blocked
37300,100,8,0.6216025449989653,0.4143210537594925,37,blocked
37301,101,8,0.41404080029129486,0.5765856327390019,37,blocked
37302,102,8,0.40148425820392936,0.5843241228798923,37,blocked
37303,103,8,0.3940816360123466,0.5167840612011931,37,blocked
37304,104,8,0.4339266715527186,0.5520366866774697,37,blocked
37305,105,8,0.37203176230777557,0.5192340456675524,37,blocked
37306,106,8,0.45360493057253093,0.6354724337247037,37,blocked
37307,107,8,0.6913654744036601,0.44820970514397007,37,blocked
37308,108,8,0.3788973710620198,0.35591819117602486,37,blocked
37309,109,8,0.7024750957000949,0.40509281131020647,37,blocked
37310,110,8,0.4611628264591842,0.5601021172528478,37,blocked
37311,111,8,0.29852430596018475,0.4325227568835426,37,blocked
37312,112,8,0.5101489459163868,0.49532607447577137,37,blocked
37313,113,8,0.3297281976258376,0.47349009329706027,37,blocked
37314,114,8,0.6285511238144678,0.432048442356307,37,blocked
37315,115,8,0.4533801927448923,0.4464219323307821,37,blocked
37316,116,8,0.3900362632000646,0.537597765739255,37,blocked
37317,117,8,0.5239121748095168,0.4216422353510182,37,blocked
37318,118,8,0.24139814513068086,0.4401509353449674,37,blocked
37319,119,8,0.5170373058941093,0.4395023280119169,37,blocked
37320,120,8,0.7194074561561591,0.44362068672606103,37,blocked
37321,121,8,0.3901052636661191,0.46397287610939475,37,blocked
37322,122,8,0.40871563023344304,0.4875565367208474,37,blocked
37323,123,8,0.6836898666415216,0.41721799549512584,37,blocked
37324,124,8,0.7310915635476557,0.4064274347913838,37,blocked
37325,125,8,0.49281661326779824,0.5006791650596086,37,blocked
37326,126,8,0.5288398634588491,0.527802375355249,37,blocked
37327,127,8,0.3980254029672774,0.41139437610055285,37,blocked
37328,128,8,0.36395517123949517,0.3831601433670663,37,blocked
37329,129,8,0.5310276226167233,0.4674375741422805,37,blocked
37330,130,8,0.5456110232697793,0.6163230763695755,37,blocked
37331,131,8,0.6053312486685947,0.6609483701734802,37,blocked
37332,132,8,0.5948794233043931,0.4181616322584872,37,blocked
37333,133,8,0.41094949312026446,0.5477814336208534,37,blocked
37334,134,8,0.4799157940974236,0.4658524523652902,37,blocked
37335,135,8,0.5081567871636334,0.4604496982816505,37,blocked
37336,136,8,0.5979739634322729,0.3596278407815638,37,blocked
37337,137,8,0.5877749820449272,0.49770960274524123,37,blocked
37338,138,8,0.6098442596035107,0.509573726111109,37,blocked
37339,139,8,0.5205012383570345,0.34586425377249785,37,blocked
37340,140,8,0.5842354397087933,0.3890517301412729,37,blocked
37341,141,8,0.6358180851193687,0.4413186680477901,37,blocked
37342,142,8,0.579569885271317,0.4762440053639865,37,blocked
37343,143,8,0.7481001797089093,0.3980203215039878,37,blocked
37344,144,8,0.5555158606551017,0.4742074232973075,37,blocked
37345,145,8,0.5127559170874649,0.46926503660007945,37,blocked
37346,146,8,0.7089181670507584,0.39025606604572816,37,blocked
37347,147,8,0.5603313771337499,0.47078921428334464,37,blocked
37348,148,8,0.7057019252091776,0.47817588299830716,37,blocked
37349,149,8,0.6310903162770823,0.5159221469315083,37,blocked
37350,150,8,0.6872814397453305,0.44431740490285243,37,blocked
37351,151,8,0.7741755127957854,0.40137395638789214,37,blocked
37352,152,8,0.478023146863002,0.49053086561549014,37,blocked
37353,153,8,0.7847240376891123,0.450848365576621,37,blocked
37354,154,8,0.4903058176863794,0.5319734594161376,37,blocked
37355,155,8,0.732495291099325,0.3797279535077167,37,blocked
37356,156,8,0.2807668753879716,0.5062742547401209,37,blocked
37357,157,8,0.6368918158369852,0.34834677843322115,37,blocked
37358,158,8,0.5449077717688897,0.5431248825478439,37,blocked
37359,159,8,0.5590436200326044,0.5539906750011627,37,blocked
37360,160,8,0.5671690538837779,0.38107751978390525,37,blocked
37361,161,8,0.647548732219142,0.33398002904222523,37,blocked
37362,162,8,0.4828425124187626,0.5146247505889644,37,blocked
37363,163,8,0.26620534581628147,0.4650190932782904,37,blocked
37364,164,8,0.38442914131968026,0.407630025816894,37,blocked
37365,165,8,0.47428662888224593,0.5205803398817899,37,blocked
37366,166,8,0.7030294798001402,0.33238060840261374,37,blocked
37367,167,8,0.6386103605871201,0.5549180485529321,37,blocked
37368,168,8,0.5834154013624706,0.42588511104290316,37,blocked
37369,169,8,0.4635239041090886,0.5060495034511129,37,blocked
37370,170,8,0.6979765647009396,0.27917203264162527,37,blocked
37371,171,8,0.5053873131729467,0.421983891709508,37,blocked
37372,172,8,0.4465350765980373,0.29648228738117394,37,blocked
37373,173,8,0.7058820331641821,0.3568175850722553,37,blocked
37374,174,8,0.16262627063184676,0.47197605557726036,37,blocked
37375,175,8,0.7627972327252586,0.35175676627764796,37,blocked
37376,176,8,0.6650407897052595,0.30178024730551556,37,blocked
37377,177,8,0.7508152167402804,0.5173801046269355,37,blocked
37378,178,8,0.7654097794849088,0.42287192107632143,37,blocked
37379,179,8,0.40887453600395784,0.3938355765175878,37,blocked
37380,180,8,0.6087172540472794,0.6006196985380886,37,blocked
37381,181,8,0.6377832590826962,0.4258374670967468,37,blocked
37382,182,8,0.7029013065881927,0.4467466891362468,37,blocked
37383,183,8,0.3940174485144204,0.4677940737350935,37,blocked
37384,184,8,0.645625336976758,0.3260977170433207,37,blocked
37385,185,8,0.37881190552280025,0.6297274101348308,37,blocked
37386,186,8,0.6202430172035354,0.5138661291476011,37,blocked
37387,187,8,0.5813910358250189,0.442135926518486,37,blocked
37388,188,8,0.46986002990211195,0.40587180748046503,37,blocked
37389,189,8,0.663534441298107,0.4117865525905534,37,blocked
37390,190,8,0.4039514863254975,0.536493696700054,37,blocked
37391,191,8,0.6490467911619857,0.36103676983724065,37,blocked
37392,192,8,0.4257615506834311,0.4674407627052619,37,blocked
37393,193,8,0.3330277586587997,0.4669902321839455,37,blocked
37394,194,8,0.597007307370897,0.46071919192329935,37,blocked
37395,195,8,0.5850083170487732,0.38960267016138356,37,blocked
37396,196,8,0.7282516218189946,0.41781340225899494,37,blocked
37397,197,8,0.4968960236703885,0.45439694450187373,37,blocked
37398,198,8,0.6224184828323167,0.4979361741523957,37,blocked
37399,199,8,0.7604621853666678,0.48740151718078994,37,blocked
37400,0,0,0.6212570171127537,0.8526473357138675,37,early
37401,1,0,0.697930189931243,0.6701167694146342,37,early
37402,2,1,0.7966485176696994,0.7210219893880183,37,early
37403,3,0,0.2308312143507315,0.5039305879993365,37,early
37404,4,0,0.6997003921507656,0.454514118517599,37,early
37405,5,0,0.6671417966666996,0.7270909365315263,37,early
37406,6,0,0.3074399590823069,0.5252380987411921,37,early
37407,7,2,0.6053748780583533,0.7842976509256249,37,early
37408,8,3,0.9171398318940431,0.8488908097313224,37,early
37409,9,0,0.2544657200088867,0.6521968382299197,37,early
37410,10,0,0.8795613423639828,0.5707940593132517,37,early
37411,11,0,0.8949505299460458,0.6475725810851355,37,early
37412,12,0,0.8272421577404405,0.48538510889077724,37,early
37413,13,0,0.7536336839760396,0.45557987427246993,37,early
37414,14,0,0.7775579222130827,0.6832345796571944,37,early
37415,15,0,0.7260960214653609,0.5299822636906294,37,early
37416,16,0,0.8830578330984901,0.49898271062143795,37,early
37417,17,0,0.25329526108449796,0.6671465432023247,37,early
37418,18,0,0.2680290429094135,0.5856614615020616,37,early
37419,19,0,0.255312256193845,0.5874247458908,37,early
37420,20,0,0.32565148109158154,0.7446801368468924,37,early
37421,21,0,0.2144379584592248,0.5224802979506536,37,early
37422,22,0,0.7219000039043676,0.43911047331257436,37,early
37423,23,0,0.29192712354839023,0.5742099163213454,37,early
37424,24,0,0.7267237176293688,0.6726486755702936,37,early
37425,25,0,0.22345853466450322,0.573084230958968,37,early
37426,26,0,0.1624769410159073,0.5048031624286361,37,early
37427,27,0,0.39534287940290014,0.5604760209230872,37,early
37428,28,0,0.7072688388491342,0.4038853877752529,37,early
37429,29,0,0.8256071069632016,0.6064630408073528,37,early
37430,30,0,0.310301011142118,0.4791361270635286,37,early
37431,31,0,0.47376445164837266,0.47716558579398927,37,early
37432,32,0,0.3841354484367537,0.45232679215039195,37,early
37433,33,0,0.6676583286612757,0.47705720991549755,37,early
37434,34,0,0.6889664578415513,0.6713607648892963,37,early
37435,35,0,0.7499039955391428,0.5750557047029564,37,early
37436,36,0,0.25173374771987633,0.37986422258920965,37,early
37437,37,0,0.763579648433885,0.4656197232578613,37,early
37438,38,0,0.4883337840953175,0.5457228087556794,37,early
37439,39,0,0.6413192486433613,0.46282826076176575,37,early
37440,40,0,0.3606095780326907,0.6199946174146569,37,early
37441,41,0,0.614241313011265,0.571226919064878,37,early
37442,42,0,0.4390372765300086,0.4958651155406404,37,early
37443,43,0,0.4492602682593444,0.31103267120817274,37,early
37444,44,0,0.5995405391677494,0.4655211403215062,37,early
37445,45,0,0.43741559208444025,0.5311314863189499,37,early
37446,46,0,0.38933866838663944,0.6079946674138024,37,early
37447,47,0,0.5659837540509517,0.4329676542543109,37,early
37448,48,0,0.4173330956877541,0.47460025280947804,37,early
37449,49,0,0.2988123414890112,0.692107304632264,37,early
37450,50,0,0.3110802604555979,0.49902802055751777,37,early
37451,51,0,0.3821870834135629,0.4178694444622665,37,early
37452,52,0,0.4179262753453598,0.5747356832013752,37,early
37453,53,0,0.32484870320819126,0.43143967053976795,37,early
37454,54,0,0.31318918629227516,0.6838429434412148,37,early
37455,55,0,0.6057571340672705,0.5095810392405167,37,early
37456,56,0,0.4292170502918199,0.5472459616651129,37,early
37457,57,0,0.4948734842748854,0.6785858053514511,37,early
37458,58,0,0.5548299090583678,0.4789096339538015,37,early
37459,59,0,0.42535157194011597,0.42905747849382053,37,early
37460,60,0,0.6034618072059549,0.5842666342841915,37,early
37461,61,0,0.6595553108090509,0.5770741632449312,37,early
37462,62,0,0.7391477899714549,0.40161405452698495,37,early
37463,63,0,0.5522181783334715,0.4019816305345858,37,early
37464,64,0,0.6129405625198552,0.5207155844484488,37,early
37465,65,0,0.3847525154691641,0.6597584577575103,37,early
37466,66,0,0.2669398916426078,0.5022393077542243,37,early
37467,67,0,0.5495749710502977,0.5113687028425737,37,early
37468,68,0,0.49684017502346817,0.47780141225103134,37,early
37469,69,0,0.4253988154437009,0.45862327298135513,37,early
37470,70,0,0.4775627975984172,0.6069089997799441,37,early
37471,71,0,0.35829916913319054,0.48394292412362605,37,early
37472,72,0,0.5066730628913964,0.42090679759415706,37,early
37473,73,0,0.3726951186580777,0.46524363937842234,37,early
37474,74,0,0.4783410678067659,0.4798961773287627,37,early
37475,75,0,0.5193694679054038,0.548074032539161,37,early
37476,76,0,0.5322016068769129,0.49582019410571876,37,early
37477,77,0,0.6223752005546046,0.6313705255575978,37,early
37478,78,0,0.23208798245434398,0.6273405047821567,37,early
37479,79,0,0.47677262580922797,0.5414012009918514,37,early
37480,80,0,0.719646937477104,0.4174057749895099,37,early
37481,81,0,0.2932122297514845,0.3617648483154409,37,early
37482,82,0,0.6579950716952171,0.3753098867475392,37,early
37483,83,0,0.2623521503892724,0.4330124283266333,37,early
37484,84,0,0.6957637710902257,0.5050628373133728,37,early
37485,85,0,0.44181426687513226,0.5087600473928978,37,early
37486,86,0,0.5005013965967847,0.413959869308743,37,early
37487,87,0,0.4685405127243346,0.6170461971726913,37,early
37488,88,0,0.6249481951463383,0.46519059197833124,37,early
37489,89,0,0.6921870153016692,0.4757664660891676,37,early
37490,90,0,0.7679601720987155,0.4797623570887177,37,early
37491,91,0,0.539309320164278,0.5294844419284044,37,early
37492,92,0,0.6436046612569014,0.4467919422651125,37,early
37493,93,0,0.4552150718828599,0.3273554211356666,37,early
37494,94,0,0.29701765012405745,0.4226159023543561,37,early
37495,95,0,0.5445632489814788,0.5079574382522147,37,early
37496,96,0,0.4751143805847651,0.5766784422186659,37,early
37497,97,0,0.5892491131790707,0.5396851255944654,37,early
37498,98,0,0.48318911637538425,0.5739565758307721,37,early
37499,99,0,0.43793095573520635,0.35136126198112033,37,early
37500,100,0,0.3233673169407688,0.3691620116828873,37,early
37501,101,0,0.5783568542071905,0.46793452749431363,37,early
37502,102,0,0.43176370732485336,0.48662532416217036,37,early
37503,103,0,0.4993773176668199,0.46646819569001463,37,early
37504,104,0,0.5488274127271237,0.5294229146111493,37,early
37505,105,0,0.541821022428734,0.4500420260003283,37,early
37506,106,0,0.45890412982309803,0.44204108516910695,37,early
37507,107,0,0.4860032084323701,0.49152377616636567,37,early
37508,108,0,0.5420321667267485,0.49588184421576686,37,early
37509,109,0,0.3945938514115285,0.6036835748706102,37,early
37510,110,0,0.39837891055935126,0.47802032557892216,37,early
37511,111,0,0.33135074004962306,0.5050786537314387,37,early
37512,112,0,0.28166567271071297,0.5689163183273135,37,early
37513,113,0,0.4856792509384099,0.5248644435929979,37,early
37514,114,0,0.5322984315908682,0.431555025396915,37,early
37515,115,0,0.6529808416547997,0.4061681141407735,37,early
37516,116,0,0.6806172409268059,0.6408128262922199,37,early
37517,117,0,0.3322615550791002,0.53798224591234,37,early
37518,118,0,0.5907190443414215,0.6662572730831142,37,early
37519,119,0,0.5799992553200944,0.4705685546675198,37,early
37520,120,0,0.5888048751882506,0.4776580699474371,37,early
37521,121,0,0.5093273892491881,0.4436697475211846,37,early
37522,122,0,0.566035694818064,0.460823728283682,37,early
37523,123,0,0.4996571058732033,0.4264799364568699,37,early
37524,124,0,0.5492147855555756,0.48328086721387387,37,early
37525,125,0,0.43207360482515067,0.4535458667781358,37,early
37526,126,0,0.39129791923790425,0.5968461346113123,37,early
37527,127,0,0.5868244022145315,0.5223995297644418,37,early
37528,128,0,0.3793562409720219,0.4988532932969485,37,early
37529,129,0,0.6715622740501388,0.4286218345290362,37,early
37530,130,0,0.4483453509222489,0.37743265677478305,37,early
37531,131,0,0.6042682513831017,0.5041223212180271,37,early
37532,132,0,0.42765082511145935,0.4347610030207901,37,early
37533,133,0,0.28117398531790416,0.5226893931717727,37,early
37534,134,0,0.5480926303705664,0.63440388263371,37,early
37535,135,0,0.618604165337241,0.44998232525455206,37,early
37536,136,0,0.36162008560802283,0.34397092656820377,37,early
37537,137,0,0.638411603043446,0.5552352359325188,37,early
37538,138,0,0.2655201337913065,0.4490307078905733,37,early
37539,139,0,0.5229813823639161,0.5065312665746307,37,early
37540,140,0,0.2775048752388293,0.5092144597607531,37,early
37541,141,0,0.6535604078328165,0.4584348962927596,37,early
37542,142,0,0.4184823419022169,0.3988432292695944,37,early
37543,143,0,0.5012034255538875,0.42746868471175925,37,early
37544,144,0,0.4094965403795377,0.45969014196787816,37,early
37545,145,0,0.327929132829917,0.44188321391809127,37,early
37546,146,0,0.4234102580804353,0.4213156697258631,37,early
37547,147,0,0.6185920287218278,0.4641116515726521,37,early
37548,148,0,0.4440721229903267,0.49687111202860634,37,early
37549,149,0,0.6478521879723695,0.5174770576753096,37,early
37550,150,0,0.6485360407389622,0.5534870132278816,37,early
37551,151,0,0.3791569492209589,0.36081109273107626,37,early
37552,152,0,0.4933030934813537,0.46206781317261914,37,early
37553,153,0,0.5102440255653304,0.43863547846877693,37,early
37554,154,0,0.37995365587473273,0.41229241612224155,37,early
37555,155,0,0.5472980051341969,0.48700800604094563,37,early
37556,156,0,0.6129745157426474,0.6674582355670482,37,early
37557,157,0,0.40010930018479696,0.3564228332656259,37,early
37558,158,0,0.5744052715458337,0.47509544167639384,37,early
37559,159,0,0.561086663292349,0.3841728847477286,37,early
37560,160,0,0.40317030016053657,0.36731513248832265,37,early
37561,161,0,0.4126002687949091,0.48204521108156073,37,early
37562,162,0,0.5351942023705365,0.5020676643683211,37,early
37563,163,0,0.6876760972636946,0.6091742638269357,37,early
37564,164,0,0.5429297025803311,0.35790830972349774,37,early
37565,165,0,0.5260250785665455,0.3748215774162928,37,early
37566,166,0,0.49911346417676783,0.43231873499715334,37,early
37567,167,0,0.46768093428044605,0.4340588454944836,37,early
37568,168,0,0.36468814205827416,0.5544279952546022,37,early
37569,169,0,0.4874780160132108,0.4581405525183204,37,early
37570,170,0,0.49455638400362,0.47186238253499946,37,early
37571,171,0,0.4331540528619527,0.3970987243241669,37,early
37572,172,0,0.4278486163590015,0.4716186973829507,37,early
37573,173,0,0.18340720040059447,0.4665498096974138,37,early
37574,174,0,0.4971869971802281,0.4688346885847517,37,early
37575,175,0,0.4204476479260272,0.4663958879681488,37,early
37576,176,0,0.4800634823173185,0.48472283848551456,37,early
37577,177,0,0.6652497763145638,0.5024154556641485,37,early
37578,178,0,0.431297580632656,0.529154690792016,37,early
37579,179,0,0.5623987566881422,0.5945885640964976,37,early
37580,180,0,0.5720226042784052,0.4936944384687634,37,early
37581,181,0,0.7185515410490482,0.47923052552642387,37,early
37582,182,0,0.41989884661076016,0.46933534828792395,37,early
37583,183,0,0.4700432012576719,0.5158810999525034,37,early
37584,184,0,0.6693324242169949,0.40572284904795386,37,early
37585,185,0,0.6228046535614831,0.4113269144622608,37,early
37586,186,0,0.41601317992392917,0.44482966096355236,37,early
37587,187,0,0.5147104526371888,0.4945629395883625,37,early
37588,188,0,0.4167603160794987,0.46366975359960216,37,early
37589,189,0,0.3866718626322162,0.5058004148292495,37,early
37590,190,0,0.36935600796068563,0.3668849926914246,37,early
37591,191,0,0.5527588700709771,0.41077037695718127,37,early
37592,192,0,0.5939202015132546,0.36297049348545274,37,early
37593,193,0,0.24233799240589454,0.5063532619934552,37,early
37594,194,0,0.5753141237061146,0.4627374398844243,37,early
37595,195,0,0.6314705402223655,0.4459727490251948,37,early
37596,196,0,0.3802173746157731,0.48814501527841264,37,early
37597,197,0,0.3065802382402813,0.40193090872451503,37,early
37598,198,0,0.5776875464714563,0.4340818557605046,37,early
37599,199,0,0.31519881028522906,0.5440777925433194,37,early
37600,0,0,0.9326321193153119,0.771453556110453,37,middle
37601,1,0,0.49398700957136743,0.7121257174580115,37,middle
37602,2,0,0.29118661528119294,0.7176389977879356,37,middle
37603,3,0,0.5658897276602335,0.6857620468071901,37,middle
37604,4,0,0.36071620558913925,0.8296753248764529,37,middle
37605,5,1,0.6205904853876252,0.9383457204678621,37,middle
37606,6,2,0.09207692975181488,0.79371943756189,37,middle
37607,7,0,0.4996744152142513,0.5999427486824248,37,middle
37608,8,0,0.44761440093710325,0.7162132320722749,37,middle
37609,9,0,0.4442802229071742,0.7944520501695641,37,middle
37610,10,0,0.12893228697134068,0.588330161471851,37,middle
37611,11,0,0.2789416291877743,0.7292540261617815,37,middle
37612,12,0,0.9277857748709067,0.5650491141932815,37,middle
37613,13,0,0.521314782362829,0.6081003963795666,37,middle
37614,14,0,0.3130679949488743,0.6476464124928106,37,middle
37615,15,0,0.3287000104824673,0.682775293944073,37,middle
37616,16,0,0.9167207178807788,0.681443234935287,37,middle
37617,17,0,0.37558482718333747,0.6581933120687081,37,middle
37618,18,0,0.9342181847225881,0.6320455097548265,37,middle
37619,19,0,0.4815992726008065,0.5314748185357737,37,middle
37620,20,0,0.6872613888349975,0.44605085099050124,37,middle
37621,21,0,0.5634605041787761,0.4943461829454079,37,middle
37622,22,0,0.5402347087753393,0.37226647567866195,37,middle
37623,23,0,0.5511283281658267,0.48103290989038805,37,middle
37624,24,0,0.833691569492935,0.5873244993636371,37,middle
37625,25,0,0.552348258921451,0.520012836518454,37,middle
37626,26,0,0.830814414009433,0.5035816283530528,37,middle
37627,27,0,0.5300691001203381,0.4843187649445887,37,middle
37628,28,0,0.8569123952078799,0.45375886358642165,37,middle
37629,29,0,0.2975475772547001,0.41847434860808885,37,middle
37630,30,0,0.7014295371048143,0.5710910440460863,37,middle
37631,31,0,0.5979072233434399,0.33961327637500116,37,middle
37632,32,0,0.27017984103741355,0.4435355719934883,37,middle
37633,33,0,0.552626083763234,0.4022615961135589,37,middle
37634,34,0,0.4507168913750202,0.5365288219567148,37,middle
37635,35,0,0.47705120865325845,0.49820362244680394,37,middle
37636,36,0,0.143732292101045,0.6623365086525628,37,middle
37637,37,0,0.22793274763457816,0.6298405958615088,37,middle
37638,38,0,0.6442863314965985,0.43525071817646044,37,middle
37639,39,0,0.4901611359328958,0.4126333602090734,37,middle
37640,40,0,0.6621066629457639,0.431946188530327,37,middle
37641,41,0,0.509070731234941,0.5739825203588754,37,middle
37642,42,0,0.4607104697896922,0.5421895332137907,37,middle
37643,43,0,0.7309406138834205,0.5552183692290977,37,middle
37644,44,0,0.6496262440210723,0.5327309453656612,37,middle
37645,45,0,0.6619542261802887,0.40306885779234836,37,middle
37646,46,0,0.5122156261757241,0.4586898273546802,37,middle
37647,47,0,0.4796538947985898,0.47818768577234155,37,middle
37648,48,0,0.6264775094320971,0.4910694806439819,37,middle
37649,49,0,0.8206723111043663,0.48603974420718044,37,middle
37650,50,0,0.3981781059959938,0.4779093727919065,37,middle
37651,51,0,0.4215284631951784,0.43777692358724535,37,middle
37652,52,0,0.5745174812987104,0.35794281792661536,37,middle
37653,53,0,0.24658871133690224,0.5227017519973477,37,middle
37654,54,0,0.4323069967768814,0.48475130152559864,37,middle
37655,55,0,0.665210689835786,0.4754972224459708,37,middle
37656,56,0,0.6032972895533324,0.6944805924281308,37,middle
37657,57,0,0.6979770432442745,0.32981095397405724,37,middle
37658,58,0,0.6199747078811988,0.5410461664038244,37,middle
37659,59,0,0.42350813860392794,0.43242834903344285,37,middle
37660,60,0,0.6920929485188358,0.4337812855103854,37,middle
37661,61,0,0.4984359913962839,0.5136779962701333,37,middle
37662,62,0,0.27833432092983323,0.464922829634405,37,middle
37663,63,0,0.677962608946142,0.4206134929986476,37,middle
37664,64,0,0.4889625676462034,0.552852233865335,37,middle
37665,65,0,0.3278285600245236,0.4270485331199496,37,middle
37666,66,0,0.8812650569276331,0.5159577246158124,37,middle
37667,67,0,0.5277448942176819,0.4466221134042773,37,middle
37668,68,0,0.35335341153580735,0.4731539636055717,37,middle
37669,69,0,0.8186937062056246,0.4320360701661028,37,middle
37670,70,0,0.6675683338340868,0.4160775360620783,37,middle
37671,71,0,0.5703320702451699,0.500645741997136,37,middle
37672,72,0,0.4432912315408069,0.48249294148234745,37,middle
37673,73,0,0.6161309325055269,0.3475599887094214,37,middle
37674,74,0,0.44615074467796645,0.4708954415911087,37,middle
37675,75,0,0.242398331025154,0.6520702058960871,37,middle
37676,76,0,0.6906195336068783,0.3806742183755629,37,middle
37677,77,0,0.7066417562432561,0.44704638158054566,37,middle
37678,78,0,0.7040013041946076,0.4460928079659726,37,middle
37679,79,0,0.34196015223064513,0.5419903100388972,37,middle
37680,80,0,0.4909943114002405,0.4049136673475944,37,middle
37681,81,0,0.40531694861520823,0.4493584442160666,37,middle
37682,82,0,0.46173043499237304,0.3627620816153283,37,middle
37683,83,0,0.4221660640153163,0.5746279534507275,37,middle
37684,84,0,0.4589204058739995,0.43775022628779015,37,middle
37685,85,0,0.5592291645354941,0.4845933744269153,37,middle
37686,86,0,0.5450495594279832,0.6612138039666118,37,middle
37687,87,0,0.5799560656553546,0.48957308571728597,37,middle
37688,88,0,0.4250148784643619,0.41288047210372075,37,middle
37689,89,0,0.29269919408982714,0.4240786649430338,37,middle
37690,90,0,0.4342420839558506,0.5254606253583723,37,middle
37691,91,0,0.5773070258513604,0.4643777875161261,37,middle
37692,92,0,0.33869933702266103,0.6531027942301257,37,middle
37693,93,0,0.2681258320408917,0.3952499716527917,37,middle
37694,94,0,0.40694591048342865,0.4292270792162514,37,middle
37695,95,0,0.33847914860902223,0.3628869861704831,37,middle
37696,96,0,0.39460501146130794,0.5852431333633861,37,middle
37697,97,0,0.5624583313116288,0.6286188228731462,37,middle
37698,98,0,0.4757238329500022,0.4143325012638137,37,middle
37699,99,0,0.462741837439816,0.45915952647343317,37,middle
37700,100,0,0.6347273477060893,0.39068984054715766,37,middle
37701,101,0,0.34844384693529074,0.5027491842813601,37,middle
37702,102,0,0.5604854864707598,0.6563467109222586,37,middle
37703,103,0,0.3846906776869921,0.38105695529149913,37,middle
37704,104,0,0.34231714934823176,0.5583150042737947,37,middle
37705,105,0,0.6216874259657728,0.4940941950334919,37,middle
37706,106,0,0.3237045366713463,0.4589587121904135,37,middle
37707,107,0,0.5597608847574405,0.5952385398617057,37,middle
37708,108,0,0.5125320228100908,0.40909062212843716,37,middle
37709,109,0,0.40632790992818124,0.5401055086667165,37,middle
37710,110,0,0.40474864253525755,0.4765397558406872,37,middle
37711,111,0,0.4054504264327169,0.4441885732357382,37,middle
37712,112,0,0.3985318005963391,0.4722755269141312,37,middle
37713,113,0,0.45249353013423665,0.5623771709128331,37,middle
37714,114,0,0.4742275831239111,0.4671280807772572,37,middle
37715,115,0,0.6548459990760476,0.3425380540737429,37,middle
37716,116,0,0.49639097741946236,0.45925473546535955,37,middle
37717,117,0,0.6905582338029629,0.5351693696316098,37,middle
37718,118,0,0.6001125411579706,0.450382614444235,37,middle
37719,119,0,0.5977840748905457,0.45961702048217506,37,middle
37720,120,0,0.7828179219801608,0.4038387538522777,37,middle
37721,121,0,0.5754977808407401,0.4145285529261178,37,middle
37722,122,0,0.29899957780523456,0.37626899396084007,37,middle
37723,123,0,0.4235324462567065,0.4494558537037389,37,middle
37724,124,0,0.6035512839275827,0.47612883709557513,37,middle
37725,125,0,0.4079168397418191,0.5291048546984252,37,middle
37726,126,0,0.5027776287352245,0.4888468454361988,37,middle
37727,127,0,0.47685306340932804,0.44752436146141095,37,middle
37728,128,0,0.6101255974708971,0.5242545587480301,37,middle
37729,129,0,0.7104854002585955,0.480290888644747,37,middle
37730,130,0,0.6956023744393862,0.3901350016185168,37,middle
37731,131,0,0.49846996794448906,0.5591579302173604,37,middle
37732,132,0,0.4064945398910652,0.6715926427914869,37,middle
37733,133,0,0.5451798922863929,0.4676846561284989,37,middle
37734,134,0,0.8108115192205236,0.7005800750946394,37,middle
37735,135,0,0.5156607919967973,0.3359851128031755,37,middle
37736,136,0,0.731842369958629,0.4457287214921626,37,middle
37737,137,0,0.5765539035206642,0.47836652123840284,37,middle
37738,138,0,0.4111202212352338,0.5019462268677259,37,middle
37739,139,0,0.6591971069751854,0.49658173857854565,37,middle
37740,140,0,0.4598494926285397,0.4362354311625124,37,middle
37741,141,0,0.4125576080413075,0.46319929324777354,37,middle
37742,142,0,0.4132881820102734,0.4111253221978781,37,middle
37743,143,0,0.5554838824580443,0.3725355762866318,37,middle
37744,144,0,0.795223412226149,0.44081350072805825,37,middle
37745,145,0,0.41807942583085744,0.667890777898154,37,middle
37746,146,0,0.4728304280249014,0.5165303943089501,37,middle
37747,147,0,0.7130389914903053,0.38051011844863203,37,middle
37748,148,0,0.34986762495779505,0.4145196988202561,37,middle
37749,149,0,0.3091912077198298,0.5356838674785961,37,middle
37750,150,0,0.27836016503963756,0.4917369209791501,37,middle
37751,151,0,0.5441310105615768,0.37422252739027084,37,middle
37752,152,0,0.6603055031088801,0.3545182294738452,37,middle
37753,153,0,0.39013609816341965,0.3816084683506318,37,middle
37754,154,0,0.6245120580638177,0.44056634193104593,37,middle
37755,155,0,0.39837056545691363,0.46489316005340586,37,middle
37756,156,0,0.8742227108564022,0.42050349351093785,37,middle
37757,157,0,0.5592069921956234,0.4737882054648833,37,middle
37758,158,0,0.40413928326741416,0.5104740643002527,37,middle
37759,159,0,0.6247056726265072,0.41950516425938655,37,middle
37760,160,0,0.4911571496405268,0.4619704890977576,37,middle
37761,161,0,0.5080516479154492,0.5315718571011474,37,middle
37762,162,0,0.5588835770495466,0.41861070571562686,37,middle
37763,163,0,0.7859371128515145,0.4315983157755195,37,middle
37764,164,0,0.5749192089190549,0.41176747091943133,37,middle
37765,165,0,0.7081030062878111,0.37849756950792335,37,middle
37766,166,0,0.6648910847861077,0.4917744453316157,37,middle
37767,167,0,0.4673096516689781,0.45030672252500054,37,middle
37768,168,0,0.381181016773048,0.2600791290442436,37,middle
37769,169,0,0.27297294896931434,0.5172635231613153,37,middle
37770,170,0,0.4264641333176475,0.47413956751720276,37,middle
37771,171,0,0.5323803867506242,0.4807657755515049,37,middle
37772,172,0,0.7677375001944864,0.4621295284904739,37,middle
37773,173,0,0.8299885618535405,0.39849631038137945,37,middle
37774,174,0,0.413761793301026,0.6195870023946428,37,middle
37775,175,0,0.7929597724945722,0.4496895159627917,37,middle
37776,176,0,0.356766576050787,0.5809951239015363,37,middle
37777,177,0,0.3558811185902595,0.4032010143434715,37,middle
37778,178,0,0.6108881828505894,0.5661846525701029,37,middle
37779,179,0,0.6707454262937753,0.34018150703465466,37,middle
37780,180,0,0.6386441320084801,0.3102105051152765,37,middle
37781,181,0,0.451828414970469,0.5750801300631675,37,middle
37782,182,0,0.04329456310576813,0.7424444569038557,37,middle
37783,183,0,0.4718905541311115,0.3995572723128501,37,middle
37784,184,0,0.5703752304455793,0.4063096503557274,37,middle
37785,185,0,0.6791315032734861,0.5222196118572711,37,middle
37786,186,0,0.5631768618532992,0.3056234990193202,37,middle
37787,187,0,0.5645401453543585,0.42525488636053665,37,middle
37788,188,0,0.5535836644131963,0.47868967102728555,37,middle
37789,189,0,0.5409702780661442,0.4337923593323042,37,middle
37790,190,0,0.5828376008554148,0.3579701138837554,37,middle
37791,191,0,0.38804743076805925,0.5012166218580941,37,middle
37792,192,0,0.4535244343818113,0.444405867799171,37,middle
37793,193,0,0.5000550206632738,0.4563600941110303,37,middle
37794,194,0,0.4748807552922205,0.4724281913105409,37,middle
37795,195,0,0.6942497469156285,0.44538766059713586,37,middle
37796,196,0,0.9046303396975262,0.6526533103973289,37,middle
37797,197,0,0.42184550946635396,0.5243447284408904,37,middle
37798,198,0,0.7401886421626578,0.2778589262928334,37,middle
37799,199,0,0.8254261940240255,0.370658081205151,37,middle
37800,0,0,0.5371573002278694,0.6154733625564863,37,late
37801,1,0,0.8533786471735465,0.43723127442448184,37,late
37802,2,1,0.2868144317722662,0.8701871016619156,37,late
37803,3,0,0.34193171033938824,0.6067779808683307,37,late
37804,4,0,0.4804745698001276,0.48316976505318854,37,late
37805,5,0,0.6336516041377621,0.6241451619699232,37,late
37806,6,0,0.5153256919712816,0.6586935614332626,37,late
37807,7,0,0.8247963148183923,0.6117053816050385,37,late
37808,8,0,0.6194844485939532,0.6385063778563762,37,late
37809,9,0,0.7687145536491475,0.5764346002232859,37,late
37810,10,0,0.45922546152944144,0.4555232024554,37,late
37811,11,0,0.6698747517471025,0.5085137904604728,37,late
37812,12,0,0.5078960023647724,0.5806532639736873,37,late
37813,13,0,0.324950251621251,0.5834876618934446,37,late
37814,14,0,0.5583029486332367,0.6321201278610398,37,late
37815,15,0,0.7891176842310422,0.5414616718282058,37,late
37816,16,0,0.5613214656505192,0.4698018494734236,37,late
37817,17,0,0.3264067852906617,0.5681923754642114,37,late
37818,18,0,0.6710016947370305,0.4871890482279555,37,late
37819,19,0,0.5720024017888536,0.5293876901858009,37,late
37820,20,0,0.4680667841968076,0.5301120399541224,37,late
37821,21,0,0.37511675250035587,0.5707205355129368,37,late
37822,22,0,0.25127556755360425,0.7063679716497231,37,late
37823,23,0,0.4924715441118493,0.5181381543853987,37,late
37824,24,0,0.7551046499580931,0.6941819592752387,37,late
37825,25,0,0.5296397415328928,0.4694563955592225,37,late
37826,26,0,0.7382512645578871,0.5665040260670162,37,late
37827,27,0,0.49454928616422944,0.517939957979763,37,late
37828,28,0,0.9229543759349901,0.4714204475088507,37,late
37829,29,0,0.5739201778036184,0.5700743320618331,37,late
37830,30,0,0.9141275415832054,0.400392888087328,37,late
37831,31,0,0.5829720565365443,0.49502571014560437,37,late
37832,32,0,0.07860212171038441,0.5414301118835376,37,late
37833,33,0,0.5391955726351098,0.6566463200252549,37,late
37834,34,0,0.8480686284350001,0.38721801369962905,37,late
37835,35,0,0.5248988563364481,0.5555447655868114,37,late
37836,36,0,0.7462627039890005,0.476028767060383,37,late
37837,37,0,0.5289452255153735,0.5016122987037638,37,late
37838,38,0,0.0645282966835096,0.533694335913399,37,late
37839,39,0,0.5599757681614055,0.5509604277261063,37,late
37840,40,0,0.8216106294617629,0.625432234185832,37,late
37841,41,0,0.5092214593860701,0.46885863119500965,37,late
37842,42,0,0.06539198376873276,0.6553005505230916,37,late
37843,43,0,0.44308170240833833,0.5635575475624809,37,late
37844,44,0,0.8648053701751253,0.42017316407419303,37,late
37845,45,0,0.5534471601945231,0.5956810719706473,37,late
37846,46,0,0.1175382370651212,0.43924961949369123,37,late
37847,47,0,0.5203855778663312,0.5424426367804274,37,late
37848,48,0,0.9631895610918991,0.5294989809842414,37,late
37849,49,0,0.4276230189332578,0.6314211992016131,37,late
37850,50,0,0.03536073443286847,0.6696876714143436,37,late
37851,51,0,0.53125552550425,0.5655920660179141,37,late
37852,52,0,0.9392387193249179,0.463721727976544,37,late
37853,53,0,0.4711352061723585,0.5520345453430708,37,late
37854,54,0,0.07436865369974308,0.6584534938771851,37,late
37855,55,0,0.5814296947017786,0.4984601713351984,37,late
37856,56,0,0.08715263728501597,0.5421989662906187,37,late
37857,57,0,0.5757985917262938,0.49291463036824334,37,late
37858,58,0,0.9250991005077678,0.5145990604480446,37,late
37859,59,0,0.5448944457720997,0.5053853556253077,37,late
37860,60,0,0.14998896370173234,0.3905879957939966,37,late
37861,61,0,0.5258973967876133,0.4917084521962075,37,late
37862,62,0,0.902215633412436,0.43711122368190236,37,late
37863,63,0,0.5140485095277271,0.44043659113331557,37,late
37864,64,0,0.04981174224018864,0.5961760331312826,37,late
37865,65,0,0.5180836538536729,0.43322515149132357,37,late
37866,66,0,0.14785355011787166,0.5539052986173988,37,late
37867,67,0,0.5380199497042796,0.4938416386840724,37,late
37868,68,0,0.24255730039142198,0.5050738864341278,37,late
37869,69,0,0.4775552049201155,0.4217734628666914,37,late
37870,70,0,0.8798243449273324,0.5409083109213171,37,late
37871,71,0,0.5387318976899056,0.5665043695093837,37,late
37872,72,0,0.8654167219001111,0.5446358531262918,37,late
37873,73,0,0.5182476091901362,0.5445392611133277,37,late
37874,74,0,0.9482969156877653,0.5835866248180116,37,late
37875,75,0,0.5196759126511312,0.5021300824167793,37,late
37876,76,0,0.940421739039644,0.3518202424005175,37,late
37877,77,0,0.4894628161503781,0.4451391947284392,37,late
37878,78,0,0.9870752477175202,0.45461898757063884,37,late
37879,79,0,0.516883486338461,0.5494724698311957,37,late
37880,80,0,0.9589743145536557,0.4245289005250386,37,late
37881,81,0,0.09104248133675712,0.5472803680107752,37,late
37882,82,0,0.9448552355311347,0.4157695165817932,37,late
37883,83,0,0.9807254813777945,0.44694983859857235,37,late
37884,84,0,0.9254700180385953,0.4283242808542288,37,late
37885,85,0,0.07759203587641947,0.5685134454062828,37,late
37886,86,0,0.0723332753379327,0.5775533385675604,37,late
37887,87,0,0.22249706751819975,0.6513918842843449,37,late
37888,88,0,0.07197523608329799,0.6838098769308165,37,late
37889,89,0,0.06764328640354528,0.49126113040318975,37,late
37890,90,0,0.7429063740490653,0.4421947088368357,37,late
37891,91,0,0.1335872426387803,0.6728199160850108,37,late
37892,92,0,0.963590943961625,0.5382466861051434,37,late
37893,93,0,0.7510123816350691,0.4433552713604062,37,late
37894,94,0,0.9336085522709763,0.4477031405173343,37,late
37895,95,0,0.9216092158862341,0.47007138785600167,37,late
37896,96,0,0.14949421070836777,0.5560570888292109,37,late
37897,97,0,0.04894406927476502,0.4986236668649412,37,late
37898,98,0,0.08281348347402134,0.5986923553521333,37,late
37899,99,0,0.04979795425251887,0.5145333703780646,37,late
37900,100,0,0.8443005794710545,0.449835782651796,37,late
37901,101,0,0.8551746616883837,0.5227606484365221,37,late
37902,102,0,0.929266213402989,0.46778343371849074,37,late
37903,103,0,0.9087081098941796,0.43237464838643175,37,late
37904,104,0,0.049625342373793783,0.5211939591176574,37,late
37905,105,0,0.24577048795766362,0.6926467407780129,37,late
37906,106,0,0.9747316516263558,0.3837283620908304,37,late
37907,107,0,0.8926710350521077,0.469762035693733,37,late
37908,108,0,0.04898561051881083,0.6004687394388804,37,late
37909,109,2,0.5653902915395249,1.0162328116557897,37,late
37910,110,0,0.8440048915898966,0.4800917209159164,37,late
37911,111,0,0.8804390994385012,0.409226211898321,37,late
37912,112,0,0.9501521185832706,0.44502920143210434,37,late
37913,113,0,0.08177963423033843,0.5575312779913462,37,late
37914,114,0,0.960669288781952,0.4104424513350831,37,late
37915,115,0,0.06478529940131554,0.6112708629512726,37,late
37916,116,0,0.9146474903250587,0.40149542845707553,37,late
37917,117,0,0.13448593781776172,0.5236303549382781,37,late
37918,118,0,0.05904960602796848,0.7699016163578891,37,late
37919,119,0,0.9605275545223666,0.3459110361432734,37,late
37920,120,0,0.4586677423632673,0.5825627686757886,37,late
37921,121,0,0.4678036576235386,0.5876133838965012,37,late
37922,122,0,0.5786931350532338,0.4950973027483768,37,late
37923,123,0,0.46208979875691536,0.46723379543787347,37,late
37924,124,0,0.4842722060278004,0.42063069566950484,37,late
37925,125,0,0.5652814300761743,0.5677887487075458,37,late
37926,126,0,0.4112437286749819,0.36609878715020605,37,late
37927,127,0,0.5324059453964551,0.47807822232563946,37,late
37928,128,0,0.4849523052370923,0.4981842558860028,37,late
37929,129,0,0.6309889288346111,0.4399724011046157,37,late
37930,130,0,0.4828336302701136,0.5843907967373241,37,late
37931,131,0,0.45609552195356345,0.47466015049778143,37,late
37932,132,0,0.6706815290508028,0.5297469813585054,37,late
37933,133,0,0.5152656773983598,0.5276705525464925,37,late
37934,134,0,0.5077340682179424,0.6410928677025012,37,late
37935,135,0,0.5522106476293981,0.4744988278203949,37,late
37936,136,0,0.46405176457725505,0.4589478352261226,37,late
37937,137,0,0.5349790980223323,0.5704513770456889,37,late
37938,138,0,0.5405036985763909,0.5723329629941942,37,late
37939,139,0,0.5212738234047408,0.4749843260827297,37,late
37940,140,0,0.5963558959306282,0.5396965014972633,37,late
37941,141,0,0.5826152419621821,0.4927905725572763,37,late
37942,142,0,0.4633984508659809,0.5895839995653508,37,late
37943,143,0,0.5744814521479625,0.40376967720731743,37,late
37944,144,0,0.6069546930679228,0.39678504958882466,37,late
37945,145,0,0.4730260583671796,0.3988642178155917,37,late
37946,146,0,0.43209579403033405,0.6208626643656809,37,late
37947,147,0,0.5324634114265184,0.5690224539963061,37,late
37948,148,0,0.46682810945535563,0.5562521738697285,37,late
37949,149,0,0.5420196613319012,0.444031843167083,37,late
37950,150,0,0.5348921053373297,0.5870463347569497,37,late
37951,151,0,0.5314824803745968,0.4902832118351371,37,late
37952,152,0,0.5309513470625484,0.492320747140033,37,late
37953,153,0,0.43893513532788025,0.5375683226162544,37,late
37954,154,0,0.463440062103877,0.4288050132075709,37,late
37955,155,0,0.6817666013117388,0.5066360735003956,37,late
37956,156,0,0.5522591545445176,0.4787152955420725,37,late
37957,157,0,0.5722715775314384,0.5757831180369645,37,late
37958,158,0,0.48745898221173567,0.3951657348720187,37,late
37959,159,0,0.6770205922512943,0.547420548399082,37,late
37960,160,0,0.8592848717244277,0.5013706715237073,37,late
37961,161,0,0.8992699256029948,0.4918815760951092,37,late
37962,162,0,0.08552481224643851,0.4302299965701564,37,late
37963,163,0,0.14079192413850936,0.5263891243344556,37,late
37964,164,0,0.8399624697208854,0.38652077745999297,37,late
37965,165,0,0.821394039303394,0.4906143522444187,37,late
37966,166,0,0.6744467342209173,0.4048593222343583,37,late
37967,167,0,0.48898158568993966,0.5286915755974574,37,late
37968,168,0,0.5971872088853809,0.51419333818931,37,late
37969,169,0,0.8381563411686179,0.6178252981357778,37,late
37970,170,0,0.052653576350392306,0.6767353871973896,37,late
37971,171,0,0.5030774220986409,0.49414756194338627,37,late
37972,172,0,0.6081281228697627,0.44839697574089227,37,late
37973,173,0,0.5768090996203886,0.46194569928670826,37,late
37974,174,0,0.9280981376118258,0.5066286154346957,37,late
37975,175,0,0.5381150093117806,0.4964108470699746,37,late
37976,176,0,0.5890025383008995,0.499020741843654,37,late
37977,177,0,0.5398651736914692,0.5151117023609862,37,late
37978,178,0,0.13371580087444496,0.6841159267951987,37,late
37979,179,0,0.06277687234883791,0.749680774603188,37,late
37980,180,0,0.12839100358700317,0.5517641183504016,37,late
37981,181,0,0.8946737252500151,0.4744595633150725,37,late
37982,182,0,0.12236862361065715,0.6644945297502792,37,late
37983,183,0,0.45300536380501205,0.42331395523679327,37,late
37984,184,0,0.5575025820201736,0.5159284437632303,37,late
37985,185,0,0.07965102611207833,0.6378810637526591,37,late
37986,186,0,0.5179007574263733,0.5871083385064095,37,late
37987,187,0,0.8856707411829636,0.5714613385772275,37,late
37988,188,0,0.14759263347558838,0.5123663617439206,37,late
37989,189,0,0.3011845931954116,0.6692216618369201,37,late
37990,190,0,0.10436123751948198,0.5343808344001344,37,late
37991,191,0,0.5640829774212733,0.45690416526062194,37,late
37992,192,0,0.11389252668334951,0.722668834934248,37,late
37993,193,0,0.55937008650945,0.5424843454366097,37,late
37994,194,0,0.3685863430929701,0.49975337975897904,37,late
37995,195,0,0.28255358234372335,0.6079638772661049,37,late
37996,196,0,0.622760591253078,0.5142577464694709,37,late
37997,197,0,0.6959126085685268,0.462516005930497,37,late
37998,198,0,0.8221605690392626,0.6347027254006652,37,late
37999,199,0,0.5555629915206423,0.5498338727789465,37,late
38000,0,0,0.944506097733101,0.7641656290625891,38,interleaved
38001,1,1,0.012614159812368693,0.9281981208944952,38,interleaved
38002,2,0,0.16095140894758306,0.6573040580194716,38,interleaved
38003,3,2,0.6833661604935432,0.9045308029941204,38,interleaved
38004,4,3,0.30917173365338946,1.389976039918849,38,interleaved
38005,5,4,0.14366372620846396,0.8458728190676195,38,interleaved
38006,6,5,0.6339431723766232,0.6381715312218853,38,interleaved
38007,7,5,0.16206226701309154,0.8181771128049949,38,interleaved
38008,8,5,0.7286289783990756,0.6490834434543928,38,interleaved
38009,9,0,0.5232486485805565,0.6736214702453573,38,interleaved
38010,10,6,0.44149441350347596,0.8793675550969831,38,interleaved
38011,11,7,0.04575915707947913,0.9480376027477428,38,interleaved
38012,12,5,0.617970828483413,0.6953999361390987,38,interleaved
38013,13,5,0.22327271791948178,0.6933982851438216,38,interleaved
38014,14,2,0.22836686431499564,0.7689222933349531,38,interleaved
38015,15,8,0.9335958788394065,0.8290896964982242,38,interleaved
38016,16,0,0.5595602825756614,0.6591520550795056,38,interleaved
38017,17,2,0.47165185435424256,0.7773474836388168,38,interleaved
38018,18,2,0.44479652676725356,0.7935232549364533,38,interleaved
38019,19,9,0.7324055340748143,0.7913541335736429,38,interleaved
38020,20,10,0.0825787166257718,0.7290540473236002,38,interleaved
38021,21,2,0.3431130411566647,0.7407666916831721,38,interleaved
38022,22,11,0.9737839555833316,1.003305943165476,38,interleaved
38023,23,2,0.6743606313050746,0.7504223859756997,38,interleaved
38024,24,2,0.26835245206862857,0.7857874339192061,38,interleaved
38025,25,12,0.544720576849592,0.8454025748090794,38,interleaved
38026,26,13,0.4355903598840861,1.068316547560401,38,interleaved
38027,27,5,0.05428703350521028,0.7788948958060802,38,interleaved
38028,28,2,0.04653793573795064,0.9647474580841077,38,interleaved
38029,29,2,0.3779589824448181,0.9285016871573504,38,interleaved
38030,30,0,0.9493341297681794,0.5340605836297263,38,interleaved
38031,31,0,0.528324276463086,0.6643554146687405,38,interleaved
38032,32,14,0.5359434365093718,1.100370782320343,38,interleaved
38033,33,15,0.553687853811222,1.069656223372427,38,interleaved
38034,34,16,0.5315860663635449,0.9576046496790875,38,interleaved
38035,35,2,0.35023018249760735,0.7509437208661734,38,interleaved
38036,36,5,0.602677659832271,0.8040515192435347,38,interleaved
38037,37,2,0.31539281962795546,0.7198981902271369,38,interleaved
38038,38,0,0.04766349617594495,0.6306596376271649,38,interleaved
38039,39,5,0.6857039901834157,0.5467726779938595,38,interleaved
38040,40,5,0.6012800731764303,0.7400787291297413,38,interleaved
38041,41,2,0.43431617318048465,0.766106986598138,38,interleaved
38042,42,2,0.291605428934945,0.715644949675688,38,interleaved
38043,43,2,0.4578894746368821,0.8030851985462844,38,interleaved
38044,44,2,0.4099884366047909,0.7831692465353851,38,interleaved
38045,45,17,0.3761910448387572,0.7983827150161178,38,interleaved
38046,46,2,0.5675299882606786,0.7067109422302381,38,interleaved
38047,47,2,0.4916248089829786,0.7059358028245052,38,interleaved
38048,48,16,0.029188886811978797,0.887775940744737,38,interleaved
38049,49,2,0.5687013826278564,0.649993616050305,38,interleaved
38050,50,9,0.11777872652954852,0.5237175793504931,38,interleaved
38051,51,16,0.5074398466555428,0.7712525848958536,38,interleaved
38052,52,17,0.5054669284571724,0.5940515963155323,38,interleaved
38053,53,2,0.5145494150045895,0.6851759862902147,38,interleaved
38054,54,2,0.8857463668795571,0.5400226622803015,38,interleaved
38055,55,2,0.6365226036654719,0.49615247235212084,38,interleaved
38056,56,5,0.6626574493765027,0.5622313397659828,38,interleaved
38057,57,2,0.4208221889085942,0.6288087222979868,38,interleaved
38058,58,2,0.3798728205710727,0.6960786902722516,38,interleaved
38059,59,2,0.2781559853801693,0.6868217148163889,38,interleaved
38060,60,2,0.3377506034742854,0.6008879281283689,38,interleaved
38061,61,2,0.6905522104695831,0.5723173849028327,38,interleaved
38062,62,5,0.6904919158294568,0.6239331164748503,38,interleaved
38063,63,2,0.42800543377596983,0.6172742702322442,38,interleaved
38064,64,2,0.5840418569006267,0.5346504809774025,38,interleaved
38065,65,17,0.7406942533242414,0.6172494460368846,38,interleaved
38066,66,2,0.24777268820955134,0.5966106345719917,38,interleaved
38067,67,2,0.45506940977886895,0.5061823357392798,38,interleaved
38068,68,5,0.6027315350824631,0.6761895693924009,38,interleaved
38069,69,2,0.4768214793260475,0.584344573741332,38,interleaved
38070,70,2,0.4940545284121586,0.5213652601015089,38,interleaved
38071,71,2,0.49604086028732536,0.5642314381400586,38,interleaved
38072,72,2,0.7167103979969265,0.48340723302491945,38,interleaved
38073,73,2,0.5743836403928253,0.4725859844890039,38,interleaved
38074,74,2,0.7685280986934965,0.5784751514534203,38,interleaved
38075,75,2,0.4620880423569732,0.4454553349534673,38,interleaved
38076,76,2,0.3774181616025949,0.5756049207581555,38,interleaved
38077,77,2,0.40848458374701746,0.5398866316399583,38,interleaved
38078,78,2,0.3086740867261066,0.5364822574365129,38,interleaved
38079,79,2,0.5830114087043762,0.5239035075922336,38,interleaved
38080,80,2,0.5676544826215033,0.5096482214991038,38,interleaved
38081,81,2,0.5147494627881933,0.5277042708926225,38,interleaved
38082,82,2,0.7568530461013292,0.6271029593484856,38,interleaved
38083,83,2,0.6082852155733132,0.4353581789580077,38,interleaved
38084,84,2,0.639284279809709,0.39411389134147934,38,interleaved
38085,85,2,0.3697282580897511,0.47743733134305494,38,interleaved
38086,86,2,0.4427157879757432,0.3932598122686043,38,interleaved
38087,87,2,0.7187550355875052,0.533623344006909,38,interleaved
38088,88,2,0.32072817041885127,0.5323901159782826,38,interleaved
38089,89,2,0.2705817688918602,0.5076437647941772,38,interleaved
38090,90,0,0.5011126614719383,0.5548121681340425,38,interleaved
38091,91,0,0.548641946129931,0.5421712812124145,38,interleaved
38092,92,2,0.6779774023054311,0.45024314632678286,38,interleaved
38093,93,2,0.6883368767716893,0.4088093822926063,38,interleaved
38094,94,2,0.4037644588165706,0.45138261808685487,38,interleaved
38095,95,2,0.6096823495277007,0.5142537003378734,38,interleaved
38096,96,2,0.6532648286047396,0.6597163032297173,38,interleaved
38097,97,2,0.2533295819308255,0.5155069087797246,38,interleaved
38098,98,2,0.46813784019618426,0.488208704290346,38,interleaved
38099,99,2,0.393267461916221,0.43348839415980067,38,interleaved
38100,100,2,0.6632719382957981,0.39879305041104085,38,interleaved
38101,101,2,0.7532116286179241,0.5093979695810983,38,interleaved
38102,102,2,0.4535458882972394,0.545703160387341,38,interleaved
38103,103,2,0.7610538256596668,0.4149549954418617,38,interleaved
38104,104,2,0.6157336296842812,0.4128759453006545,38,interleaved
38105,105,2,0.6354960080859817,0.5158116426809967,38,interleaved
38106,106,2,0.4610703723373322,0.4109635769154899,38,interleaved
38107,107,2,0.21267579519589974,0.5329598002766021,38,interleaved
38108,108,2,0.6515911375306946,0.5537080225553627,38,interleaved
38109,109,2,0.24741147772362826,0.406864855718045,38,interleaved
38110,110,2,0.3052571316237589,0.4005308101940219,38,interleaved
38111,111,2,0.807490741912078,0.4167122528840883,38,interleaved
38112,112,2,0.4346327631151991,0.43473549841947234,38,interleaved
38113,113,2,0.8156787763358826,0.5262921353641083,38,interleaved
38114,114,2,0.5469077947246376,0.4770876443005392,38,interleaved
38115,115,2,0.7697849780497583,0.4705946538172782,38,interleaved
38116,116,2,0.5072181032736898,0.4183839266077944,38,interleaved
38117,117,2,0.2521289592053859,0.5876926337780755,38,interleaved
38118,118,2,0.5087643424206492,0.5121064634391199,38,interleaved
38119,119,2,0.2608583699913614,0.5279566881397826,38,interleaved
38120,120,2,0.502098616867904,0.4671006183578824,38,interleaved
38121,121,2,0.7926196898998696,0.42363904912695804,38,interleaved
38122,122,2,0.5115838803791983,0.5716265162716059,38,interleaved
38123,123,2,0.7667667053215546,0.6001400291143857,38,interleaved
38124,124,2,0.6582066509650059,0.4945847958559587,38,interleaved
38125,125,2,0.8422267695370931,0.35813886819476926,38,interleaved
38126,126,2,0.39123742534757405,0.36323385766529603,38,interleaved
38127,127,2,0.7755923474203673,0.48503189676114167,38,interleaved
38128,128,2,0.5120833083467304,0.4735365131443226,38,interleaved
38129,129,2,0.22770620009475118,0.39910353392492715,38,interleaved
38130,130,2,0.6268870820369169,0.4496039942124326,38,interleaved
38131,131,2,0.20405993046720003,0.5608433699096688,38,interleaved
38132,132,2,0.5229477292807486,0.5255516487171186,38,interleaved
38133,133,2,0.8357841189060806,0.4049050726965293,38,interleaved
38134,134,2,0.5981155454471274,0.4593618620767058,38,interleaved
38135,135,2,0.30297874597204977,0.42458058736072257,38,interleaved
38136,136,2,0.5945257248835478,0.4381386601471463,38,interleaved
38137,137,2,0.1576261677367226,0.5640573914755593,38,interleaved
38138,138,2,0.4100948376607657,0.5779303490496541,38,interleaved
38139,139,2,0.6802201905208489,0.35365095847158035,38,interleaved
38140,140,2,0.7066956350725428,0.5581672801231471,38,interleaved
38141,141,2,0.18905913040751762,0.47697693991073087,38,interleaved
38142,142,2,0.4947413494248186,0.5057715127504927,38,interleaved
38143,143,2,0.25513646776410237,0.5166999037320402,38,interleaved
38144,144,2,0.7763391306388622,0.47471096650886246,38,interleaved
38145,145,2,0.2788692695616557,0.4643187031523367,38,interleaved
38146,146,2,0.718467084698939,0.47302532973334765,38,interleaved
38147,147,2,0.17755097463266967,0.4539669601511398,38,interleaved
38148,148,2,0.5481531923448353,0.5875958870787359,38,interleaved
38149,149,2,0.30310832468709803,0.4466293707143877,38,interleaved
38150,150,2,0.6224474390749329,0.5172283681510774,38,interleaved
38151,151,2,0.29207905213498936,0.5580780966717089,38,interleaved
38152,152,2,0.8682373747250359,0.388837688203839,38,interleaved
38153,153,2,0.2946602543608716,0.49874011737939256,38,interleaved
38154,154,2,0.22293928918223838,0.5762386808372943,38,interleaved
38155,155,2,0.21908101438941846,0.4697624928964842,38,interleaved
38156,156,2,0.43325456089948544,0.5113165774606152,38,interleaved
38157,157,2,0.2355269325895365,0.5991993280287641,38,interleaved
38158,158,2,0.566596700803003,0.5901076521234574,38,interleaved
38159,159,2,0.3285631635886534,0.4603715089972866,38,interleaved
38160,160,2,0.4397437430747297,0.4573597273696007,38,interleaved
38161,161,2,0.3125222641725452,0.4373259485816534,38,interleaved
38162,162,2,0.7993919805793235,0.3733824811957508,38,interleaved
38163,163,2,0.6939802314862195,0.3957964467169517,38,interleaved
38164,164,2,0.42797711180743303,0.46482460768287737,38,interleaved
38165,165,2,0.41542231802707896,0.5079905453310652,38,interleaved
38166,166,2,0.6468701446115086,0.4748161775626577,38,interleaved
38167,167,2,0.33505296598282164,0.6468613841717787,38,interleaved
38168,168,2,0.8172459284333307,0.48283401754144345,38,interleaved
38169,169,2,0.5206139400791339,0.3926286760024015,38,interleaved
38170,170,2,0.33118262478904553,0.48955504018842577,38,interleaved
38171,171,2,0.6874567733610131,0.42743229100001834,38,interleaved
38172,172,2,0.8684061333425235,0.49208561010515495,38,interleaved
38173,173,2,0.6809079177262167,0.5182604897064356,38,interleaved
38174,174,2,0.7037167864585383,0.5362802621654734,38,interleaved
38175,175,2,0.4909357337873901,0.5662426289304201,38,interleaved
38176,176,2,0.2712843453739796,0.56909867399105,38,interleaved
38177,177,2,0.43682347493259366,0.4557331031113768,38,interleaved
38178,178,2,0.5386083937828257,0.5119149856174046,38,interleaved
38179,179,2,0.8574618871470832,0.3954039057427867,38,interleaved
38180,180,2,0.5919162842728919,0.4532351865967553,38,interleaved
38181,181,2,0.5301162699279534,0.525357149571227,38,interleaved
38182,182,2,0.86507761776432,0.35668381037353347,38,interleaved
38183,183,2,0.4314254809355777,0.44069512696778557,38,interleaved
38184,184,2,0.8649185889446332,0.4068631765445771,38,interleaved
38185,185,2,0.5400115168313062,0.5530782876812048,38,interleaved
38186,186,2,0.6743446705478884,0.6557060614689032,38,interleaved
38187,187,2,0.8338598163127157,0.34817900496704,38,interleaved
38188,188,2,0.5870111910055088,0.5505109166237532,38,interleaved
38189,189,2,0.6838633645782628,0.34789215994672107,38,interleaved
38190,190,2,0.5834952709416062,0.47759141795065446,38,interleaved
38191,191,2,0.11201757714245739,0.5338015916248071,38,interleaved
38192,192,2,0.38587111040870214,0.5179637249879715,38,interleaved
38193,193,2,0.7728606219033278,0.38360297403116006,38,interleaved
38194,194,2,0.1714354887214606,0.6487637758877443,38,interleaved
38195,195,2,0.5358317017117867,0.4684603254645485,38,interleaved
38196,196,2,0.2539616732523081,0.5700130597124593,38,interleaved
38197,197,2,0.7937162467533323,0.33595542149905355,38,interleaved
38198,198,2,0.6060829798837417,0.4818603427096128,38,interleaved
38199,199,2,0.7887297204081907,0.5658985869899286,38,interleaved
38200,0,0,0.5170008903263263,0.6167387226289134,38,blocked
38201,1,0,0.6507634265006617,0.5719263343422742,38,blocked
38202,2,0,0.47302031154948776,0.6003766213785112,38,blocked
38203,3,1,0.4945561951649191,0.7900713075771185,38,blocked
38204,4,0,0.46589422186624013,0.6652960997719898,38,blocked
38205,5,0,0.6001414817208468,0.5734802862242954,38,blocked
38206,6,0,0.5108523018591178,0.5682311729894137,38,blocked
38207,7,0,0.5029578296804372,0.5709025938310154,38,blocked
38208,8,0,0.444420575780947,0.5288718693514078,38,blocked
38209,9,0,0.5578749461264623,0.5856886282346843,38,blocked
38210,10,0,0.6350145368463622,0.5427492890476242,38,blocked
38211,11,0,0.4127101873651978,0.5294607452958748,38,blocked
38212,12,2,0.24388623884774893,0.7679640932079566,38,blocked
38213,13,0,0.49543011499383083,0.5274754062335367,38,blocked
38214,14,0,0.48122055208037595,0.5641532565109613,38,blocked
38215,15,0,0.3990704672802595,0.680580321904602,38,blocked
38216,16,0,0.47975826078398265,0.5456258841071622,38,blocked
38217,17,0,0.43409613961122473,0.6528184396213798,38,blocked
38218,18,0,0.3874635736376766,0.6412972760086572,38,blocked
38219,19,0,0.47724547702272246,0.49705146078545137,38,blocked
38220,20,0,0.4282297646059686,0.5745169562003374,38,blocked
38221,21,0,0.5610012824651258,0.42913273944442315,38,blocked
38222,22,0,0.6330094016468504,0.5464334462811639,38,blocked
38223,23,0,0.5571660380932502,0.46940901043461647,38,blocked
38224,24,0,0.36452038366934425,0.4384412825446218,38,blocked
38225,25,0,0.43306748452379284,0.6044850882075767,38,blocked
38226,26,0,0.5567118176663555,0.7285014923010656,38,blocked
38227,27,0,0.5200046353713113,0.5016105381500475,38,blocked
38228,28,0,0.4515983140254315,0.4654240848088847,38,blocked
38229,29,0,0.5135148246874389,0.5541454533680474,38,blocked
38230,30,0,0.3865561957191526,0.5499076031336543,38,blocked
38231,31,0,0.4003064899410447,0.5741211479333257,38,blocked
38232,32,0,0.45806880708613396,0.45951801860344554,38,blocked
38233,33,0,0.5592326775879034,0.4975167352592921,38,blocked
38234,34,0,0.5066510170638874,0.4805531813503642,38,blocked
38235,35,0,0.6463900588618361,0.39434040300175777,38,blocked
38236,36,0,0.5628754280852255,0.5462925407796104,38,blocked
38237,37,0,0.5900349136582106,0.46355912623478046,38,blocked
38238,38,0,0.6447458666533834,0.4976350091085373,38,blocked
38239,39,0,0.844328664083811,0.524146502057995,38,blocked
38240,40,0,0.40641263146594797,0.4515775806754114,38,blocked
38241,41,0,0.508274112435791,0.4855665744586841,38,blocked
38242,42,0,0.243049407666967,0.7932698053619522,38,blocked
38243,43,0,0.479323332764927,0.5511736642227172,38,blocked
38244,44,0,0.5857286164034028,0.6026037124367347,38,blocked
38245,45,0,0.667451938119586,0.45498786694541565,38,blocked
38246,46,0,0.6373668642290482,0.3972282743050902,38,blocked
38247,47,0,0.34099754328020604,0.4974715051511086,38,blocked
38248,48,0,0.5497918470730965,0.6244212743180062,38,blocked
38249,49,0,0.4431387365715026,0.54115488216899,38,blocked
38250,50,0,0.5373411145027663,0.4075227752635243,38,blocked
38251,51,0,0.5379689898474044,0.6459997313463617,38,blocked
38252,52,0,0.4572061422364543,0.6781587653789947,38,blocked
38253,53,0,0.40382985568354923,0.47211712179313803,38,blocked
38254,54,0,0.39889055705302434,0.48161060931841515,38,blocked
38255,55,0,0.4553798591103937,0.6140377816243203,38,blocked
38256,56,0,0.40719429522868317,0.6675522858818321,38,blocked
38257,57,0,0.5334661315616513,0.3989998810860529,38,blocked
38258,58,0,0.540542401110022,0.4369432416208478,38,blocked
38259,59,0,0.3894685784683007,0.5873823104442739,38,blocked
38260,60,0,0.4397005784301863,0.6584017644236884,38,blocked
38261,61,0,0.4829600005348168,0.5097143824073495,38,blocked
38262,62,0,0.4791753943025931,0.5884373690242553,38,blocked
38263,63,0,0.41736927889209724,0.487769837916998,38,blocked
38264,64,0,0.5703309190767046,0.3746663867208397,38,blocked
38265,65,0,0.4095116041125656,0.5753207810029819,38,blocked
38266,66,0,0.6180548232098293,0.45894292373949774,38,blocked
38267,67,0,0.4027007592927052,0.5572629206834923,38,blocked
38268,68,0,0.3932217990941368,0.6637659022256167,38,blocked
38269,69,0,0.44971008765502496,0.6210976602407391,38,blocked
38270,70,0,0.3835038960696252,0.47777303902253987,38,blocked
38271,71,0,0.463208175373899,0.4573525695518361,38,blocked
38272,72,0,0.608650484035971,0.602752808452304,38,blocked
38273,73,0,0.4782528209968482,0.4315485618966684,38,blocked
38274,74,0,0.5127354202124748,0.6337261909460884,38,blocked
38275,75,0,0.3721478062175906,0.46823954409971974,38,blocked
38276,76,0,0.43947415734480394,0.6728394887674884,38,blocked
38277,77,0,0.6145377410476232,0.446173094129079,38,blocked
38278,78,0,0.5009225557212122,0.45542184165547706,38,blocked
38279,79,0,0.5204102416033762,0.4411556799262965,38,blocked
38280,80,0,0.26109137953540174,0.4689432984575015,38,blocked
38281,81,0,0.30825600241544304,0.7167591892652228,38,blocked
38282,82,0,0.2261522681945517,0.5932039395879367,38,blocked
38283,83,0,0.6313335154976786,0.38561884088862053,38,blocked
38284,84,0,0.744052529000487,0.4014624533420993,38,blocked
38285,85,0,0.7333396017911195,0.39300645678357243,38,blocked
38286,86,0,0.7745779167665919,0.4647617825312469,38,blocked
38287,87,0,0.1676800901002737,0.6923971917427505,38,blocked
38288,88,0,0.23926003573362947,0.5658229028615643,38,blocked
38289,89,0,0.7545125636034192,0.5204490943204135,38,blocked
38290,90,0,0.7156671292755556,0.5011335111603101,38,blocked
38291,91,0,0.7688928683551592,0.45124784076403346,38,blocked
38292,92,0,0.2908520113833133,0.4958222718097042,38,blocked
38293,93,0,0.6481945729100914,0.4263715259324401,38,blocked
38294,94,0,0.6840745777638626,0.3640307335520643,38,blocked
38295,95,0,0.27321076625498875,0.5649593928455489,38,blocked
38296,96,0,0.2341054103359001,0.49475982311645406,38,blocked
38297,97,0,0.7310217601610309,0.4575429468758868,38,blocked
38298,98,0,0.19698988222678676,0.48593310569919657,38,blocked
38299,99,0,0.2613857144575751,0.583762279651107,38,blocked
38300,100,0,0.4176442875121916,0.6094513464067031,38,blocked
38301,101,0,0.8404986144629936,0.48112332713670514,38,blocked
38302,102,0,0.2465324761849783,0.487263730847978,38,blocked
38303,103,0,0.7920162136826863,0.39730021045276276,38,blocked
38304,104,0,0.7616477366919229,0.539151126084144,38,blocked
38305,105,0,0.635469287862925,0.5164552802023895,38,blocked
38306,106,0,0.261687857189939,0.4905501534902772,38,blocked
38307,107,0,0.7487325790007866,0.4173863808795012,38,blocked
38308,108,0,0.3691525150215816,0.712704872823238,38,blocked
38309,109,0,0.7592692992239276,0.3612670246447082,38,blocked
38310,110,0,0.37502937613775955,0.5219908781123298,38,blocked
38311,111,0,0.8195886451211012,0.5442556699456479,38,blocked
38312,112,0,0.22630115492882177,0.49523102113156436,38,blocked
38313,113,0,0.714418005765769,0.5159860427000734,38,blocked
38314,114,0,0.3616121192768742,0.4288844449443495,38,blocked
38315,115,0,0.5881005684112246,0.46734954422880604,38,blocked
38316,116,0,0.3889064328354821,0.4192385959606878,38,blocked
38317,117,0,0.7472589633240256,0.5092429736614079,38,blocked
38318,118,0,0.7852834548815679,0.4720845539285864,38,blocked
38319,119,0,0.8248044730290949,0.43851055579497733,38,blocked
38320,120,0,0.5989011395623751,0.5043834401488339,38,blocked
38321,121,0,0.37244859867409114,0.4560551054895477,38,blocked
38322,122,0,0.4930828142609145,0.5053941668818955,38,blocked
38323,123,0,0.5622246205355228,0.5104218121239908,38,blocked
38324,124,0,0.2930613338124043,0.5304173717181199,38,blocked
38325,125,0,0.5256915142799008,0.5119905604360717,38,blocked
38326,126,0,0.4164637340444861,0.6625988971824827,38,blocked
38327,127,0,0.5961352967849248,0.3795788706118412,38,blocked
38328,128,0,0.6826661489924519,0.4941285427269192,38,blocked
38329,129,0,0.4450334494719126,0.5258110123636066,38,blocked
38330,130,0,0.6610097216754558,0.4389939150283869,38,blocked
38331,131,0,0.5668258578796278,0.6232575509562817,38,blocked
38332,132,0,0.6715094760624691,0.3805706854076997,38,blocked
38333,133,0,0.4803922173185345,0.4805539425391983,38,blocked
38334,134,0,0.3165161658333183,0.5004812349829082,38,blocked
38335,135,0,0.1777201078528226,0.4819992328908123,38,blocked
38336,136,0,0.2205406911362442,0.7080346549129214,38,blocked
38337,137,0,0.3028469559384195,0.4661317670987195,38,blocked
38338,138,0,0.7546020897879033,0.5584864262547837,38,blocked
38339,139,0,0.6705971803591392,0.3903639946459784,38,blocked
38340,140,0,0.5516873984872305,0.3854359016169115,38,blocked
38341,141,0,0.6248614722395129,0.5295195009501317,38,blocked
38342,142,0,0.660922125652226,0.40368477187094054,38,blocked
38343,143,0,0.4812147334679506,0.48738314350976575,38,blocked
38344,144,0,0.2835498687177815,0.476943685723098,38,blocked
38345,145,0,0.4900935465157895,0.509473111225485,38,blocked
38346,146,0,0.4604493403409692,0.4187732366361121,38,blocked
38347,147,0,0.40312374518046945,0.43847875174021,38,blocked
38348,148,0,0.45244197225895577,0.48990030371508325,38,blocked
38349,149,0,0.4087005909215182,0.4457744311213703,38,blocked
38350,150,0,0.5333685526668199,0.5150357148803251,38,blocked
38351,151,0,0.48883010143436983,0.5132437432386467,38,blocked
38352,152,0,0.3752283029174175,0.5856881491559159,38,blocked
38353,153,0,0.5902899450116448,0.4384419400971352,38,blocked
38354,154,0,0.6342420733286933,0.411962306815306,38,blocked
38355,155,0,0.40501180372821954,0.5696843059483523,38,blocked
38356,156,0,0.4822550681405887,0.4501343860757597,38,blocked
38357,157,0,0.8045172795895311,0.6317110629065956,38,blocked
38358,158,0,0.4820370438370311,0.43409515184309644,38,blocked
38359,159,0,0.6485055280710297,0.591192591087055,38,blocked
38360,160,0,0.5483685506933537,0.4338283497496142,38,blocked
38361,161,0,0.41268850156292775,0.6099631828726306,38,blocked
38362,162,0,0.5055373629023119,0.49563583268800804,38,blocked
38363,163,0,0.4573346180528863,0.4175216900278995,38,blocked
38364,164,0,0.5936360158509671,0.3941502840503609,38,blocked
38365,165,0,0.3297037293069035,0.4764580970591025,38,blocked
38366,166,0,0.42535634757527574,0.41910028078614747,38,blocked
38367,167,0,0.23591938730349193,0.6250001883782925,38,blocked
38368,168,0,0.6145917438190633,0.41179403806646936,38,blocked
38369,169,0,0.48735646635930296,0.47807989229045345,38,blocked
38370,170,0,0.6104229562430813,0.4041706504457181,38,blocked
38371,171,0,0.5760257025079394,0.5216496396562303,38,blocked
38372,172,0,0.5317814613114812,0.5947497509038416,38,blocked
38373,173,0,0.4422934032130852,0.5062187772564563,38,blocked
38374,174,0,0.6261476716610253,0.4712592004789109,38,blocked
38375,175,0,0.6788532147953317,0.35825737305061456,38,blocked
38376,176,0,0.2860659546496278,0.5111863665562499,38,blocked
38377,177,0,0.5025304205225538,0.44125651198561583,38,blocked
38378,178,0,0.36783565949757907,0.4545720135013369,38,blocked
38379,179,0,0.5812865611433882,0.529358775739089,38,blocked
38380,180,0,0.6248017569949813,0.48678408249315097,38,blocked
38381,181,0,0.580558163968198,0.47637595729706717,38,blocked
38382,182,0,0.736963899250497,0.4775524230499284,38,blocked
38383,183,0,0.4166562478965965,0.45916708652015936,38,blocked
38384,184,0,0.6912966455610194,0.5694692147407636,38,blocked
38385,185,0,0.4246087966179152,0.5760711511880893,38,blocked
38386,186,0,0.5857674195013971,0.5313655437579603,38,blocked
38387,187,0,0.830592183205126,0.4542841286587602,38,blocked
38388,188,0,0.20583452975603048,0.6152136566564843,38,blocked
38389,189,0,0.7557531047706643,0.5193514042108671,38,blocked
38390,190,0,0.6075975296470528,0.4441059393082035,38,blocked
38391,191,0,0.5423289510042585,0.5955720574543457,38,blocked
38392,192,0,0.39399974545752026,0.45605286168252984,38,blocked
38393,193,0,0.5664187170106298,0.44135120783814896,38,blocked
38394,194,0,0.6963642601985058,0.5702179031263117,38,blocked
38395,195,0,0.47727648742150564,0.42413889529396853,38,blocked
38396,196,0,0.6519106094334226,0.4236223780392616,38,blocked
38397,197,0,0.8596635651301794,0.42338068438342197,38,blocked
38398,198,0,0.40603635760053713,0.5651267175334989,38,blocked
38399,199,0,0.8803280307461867,0.4627262190746262,38,blocked
38400,0,0,0.6220970460438678,0.7085082411096378,38,early
38401,1,0,0.5794221383697769,0.7388154541206096,38,early
38402,2,0,0.5458940417295213,0.5883024142182571,38,early
38403,3,0,0.3320358229956219,0.6327147444560375,38,early
38404,4,0,0.5914656565003646,0.6266938671197346,38,early
38405,5,0,0.4567839407725923,0.6189979388197691,38,early
38406,6,0,0.7184663940636398,0.5699066700207696,38,early
38407,7,0,0.39417925633701256,0.6665898940848329,38,early
38408,8,0,0.6208955810260821,0.5596560713137633,38,early
38409,9,0,0.5017674387731266,0.6137558335391747,38,early
38410,10,0,0.37261130801697767,0.4641908033953971,38,early
38411,11,0,0.7851600949683307,0.7510536169829388,38,early
38412,12,0,0.6092287293962546,0.6641256931454549,38,early
38413,13,0,0.3981491151412325,0.4996884712249461,38,early
38414,14,0,0.49145678915994934,0.5448567797749324,38,early
38415,15,0,0.3830103564037902,0.4922391117631067,38,early
38416,16,0,0.5932833575446084,0.5508741015533933,38,early
38417,17,0,0.4604192444123294,0.4916712304353484,38,early
38418,18,0,0.3895266652482638,0.5464938797208748,38,early
38419,19,0,0.5361735458720983,0.5405263132819751,38,early
38420,20,0,0.5374636769165029,0.4857547532812831,38,early
38421,21,0,0.5942086085677972,0.5924732152561658,38,early
38422,22,0,0.4173262862065594,0.35613111774489237,38,early
38423,23,0,0.4043271764346555,0.51361194278793,38,early
38424,24,0,0.4629093164711077,0.5770422245770757,38,early
38425,25,0,0.6269810576531887,0.5277320711509357,38,early
38426,26,0,0.4654516741605291,0.45336127100901247,38,early
38427,27,0,0.5442123137102632,0.49545170737076305,38,early
38428,28,0,0.6295064422382186,0.45019677685938303,38,early
38429,29,0,0.305501277514756,0.7004555338017735,38,early
38430,30,0,0.4770040953165634,0.4180514871103817,38,early
38431,31,0,0.3799488497112282,0.5352879249632619,38,early
38432,32,0,0.416379761936267,0.7068944709106721,38,early
38433,33,0,0.4681274351817878,0.5415734311632634,38,early
38434,34,0,0.35767084398180105,0.45564910483422255,38,early
38435,35,0,0.4852707420950389,0.416864318411318,38,early
38436,36,0,0.3225510286452061,0.5224451576703346,38,early
38437,37,0,0.5561699757484924,0.48668120653940383,38,early
38438,38,0,0.4635894842670838,0.5370992749576621,38,early
38439,39,0,0.4804147646645096,0.5892296641385302,38,early
38440,40,0,0.6774184645696822,0.4664282228649839,38,early
38441,41,0,0.4164671901097815,0.4983139262920584,38,early
38442,42,0,0.7007963761338667,0.45422121686137007,38,early
38443,43,0,0.5742365977638788,0.5141877707249518,38,early
38444,44,0,0.29035825874370447,0.42357699717282604,38,early
38445,45,0,0.28576539597339734,0.48574945980157846,38,early
38446,46,0,0.6131901144928964,0.44611158787470256,38,early
38447,47,0,0.2332801172848624,0.6449472382864213,38,early
38448,48,0,0.47364457301277707,0.4354710534258765,38,early
38449,49,0,0.45828385264447247,0.4263229763009372,38,early
38450,50,0,0.4418542765505974,0.5162823001899985,38,early
38451,51,0,0.6228910005000164,0.39755595169414504,38,early
38452,52,0,0.32174438250979737,0.36494694945648565,38,early
38453,53,0,0.4469239672546696,0.5124991747309648,38,early
38454,54,0,0.6286531062877796,0.48539341523285806,38,early
38455,55,0,0.47860985786144467,0.42361337957662404,38,early
38456,56,0,0.5540955750196951,0.47179336298200353,38,early
38457,57,0,0.5135019991132269,0.48127733913828763,38,early
38458,58,0,0.39367091775469787,0.43684088758460815,38,early
38459,59,0,0.5261567946718451,0.47714066633520086,38,early
38460,60,0,0.4488861927218042,0.48540124392357986,38,early
38461,61,0,0.56716755669501,0.43176871607068046,38,early
38462,62,0,0.5876850171150099,0.5881465038063218,38,early
38463,63,0,0.42347997371963886,0.5659294544474547,38,early
38464,64,0,0.3821091370827733,0.4170809758162708,38,early
38465,65,0,0.456671399121162,0.42856806036552964,38,early
38466,66,0,0.5061131764509201,0.5255598328549677,38,early
38467,67,0,0.5231041599245251,0.3814111453355706,38,early
38468,68,0,0.5503005020083891,0.5825991271643911,38,early
38469,69,0,0.45963246758961757,0.4475123377994337,38,early
38470,70,0,0.614738919181004,0.29835072093130194,38,early
38471,71,0,0.4714497220581543,0.49292133031405516,38,early
38472,72,0,0.3132767319950067,0.4771337988678218,38,early
38473,73,0,0.46892888709611025,0.48136635261378985,38,early
38474,74,0,0.5588705385434165,0.5047097034068505,38,early
38475,75,0,0.453959215513649,0.5596800959812778,38,early
38476,76,0,0.556524738405153,0.31787781819899097,38,early
38477,77,0,0.4234876446236095,0.41553570215929486,38,early
38478,78,0,0.48450740402808246,0.3585971473637355,38,early
38479,79,0,0.5137853493031791,0.3402469400238514,38,early
38480,80,0,0.2804082843890396,0.3415819288531937,38,early
38481,81,0,0.3333333988572766,0.36753214749985497,38,early
38482,82,0,0.26525511081376396,0.5372639122887737,38,early
38483,83,0,0.4399492864459622,0.4046821277192087,38,early
38484,84,0,0.1990431274828974,0.49746942362809465,38,early
38485,85,0,0.4942367764623816,0.5126167950678865,38,early
38486,86,0,0.2670033718763386,0.5225248412142027,38,early
38487,87,0,0.5359177762892393,0.5076550054351258,38,early
38488,88,0,0.7416786920968123,0.43538856871604703,38,early
38489,89,0,0.4049391810336216,0.38442931495896493,38,early
38490,90,0,0.38984292301405826,0.4025344874030451,38,early
38491,91,0,0.45404779600291945,0.4573977245120576,38,early
38492,92,0,0.6583300433212558,0.3416459688633819,38,early
38493,93,0,0.33072618251573854,0.4773133835273682,38,early
38494,94,0,0.6802625873464094,0.46443315337767066,38,early
38495,95,0,0.4628356154994474,0.5825432265025297,38,early
38496,96,0,0.7515878729055119,0.40936149600054417,38,early
38497,97,0,0.46004972489362495,0.538167842468212,38,early
38498,98,0,0.26711135123986524,0.6788266758728072,38,early
38499,99,0,0.5953586068983274,0.3933803983771587,38,early
38500,100,0,0.3246280076181829,0.4484036287129335,38,early
38501,101,0,0.6249449242034877,0.5140698224022437,38,early
38502,102,0,0.6919615417445646,0.4189961024468496,38,early
38503,103,0,0.62802251260486,0.5195599051251145,38,early
38504,104,0,0.30966775640958993,0.3405902839207564,38,early
38505,105,0,0.5576114786056184,0.3494614748969376,38,early
38506,106,0,0.7817004669956755,0.40789748678530724,38,early
38507,107,0,0.4199724872473876,0.4063426499273475,38,early
38508,108,0,0.8763844551313615,0.44993706185938204,38,early
38509,109,0,0.5393561445707409,0.4863032166940281,38,early
38510,110,0,0.33646494592925946,0.5146677615845341,38,early
38511,111,0,0.49959025124434564,0.48497606300977036,38,early
38512,112,0,0.13166414290324974,0.5061981343362931,38,early
38513,113,0,0.45779600972521645,0.42746283386005024,38,early
38514,114,0,0.30258320085921864,0.33845396046098003,38,early
38515,115,0,0.40687141277575545,0.5889223513682118,38,early
38516,116,0,0.8432849303932379,0.40607102408417756,38,early
38517,117,0,0.48588613065116926,0.45847353037736605,38,early
38518,118,0,0.7923762028860613,0.3746661461255918,38,early
38519,119,0,0.5066259526032979,0.4270111919008793,38,early
38520,120,0,0.7695378572851932,0.41720173155086676,38,early
38521,121,0,0.47633567961431206,0.33885962513289974,38,early
38522,122,0,0.23656789088240246,0.4402160391685748,38,early
38523,123,0,0.49824401283183106,0.4211318201077633,38,early
38524,124,0,0.43789034199172633,0.49192110727217253,38,early
38525,125,0,0.45358328217874255,0.47549371965510306,38,early
38526,126,0,0.22679232316737463,0.5466266575413935,38,early
38527,127,0,0.3787261226340333,0.4805800325493287,38,early
38528,128,0,0.31419656599093926,0.49730510500800107,38,early
38529,129,0,0.5375172264013243,0.4794202245959973,38,early
38530,130,0,0.2297085783261425,0.3554987257357093,38,early
38531,131,0,0.4595704585137422,0.4135099296130429,38,early
38532,132,0,0.3382614685270129,0.4462154327660218,38,early
38533,133,0,0.4507011222357763,0.41222458254107447,38,early
38534,134,0,0.1931652269931822,0.3627654303973694,38,early
38535,135,0,0.4720404029332358,0.31400960534664674,38,early
38536,136,0,0.16388288643514232,0.4627181891390173,38,early
38537,137,0,0.4836203535862702,0.3840427024361144,38,early
38538,138,0,0.6361978238951855,0.30320897177648665,38,early
38539,139,0,0.5290535606808434,0.4818615678247112,38,early
38540,140,0,0.26816407155472494,0.39806496802691455,38,early
38541,141,0,0.4135311848699093,0.28306596750193064,38,early
38542,142,0,0.4215221454136465,0.476110616891412,38,early
38543,143,0,0.4943999549248076,0.36300871798542056,38,early
38544,144,0,0.6297669175214273,0.5260071842764436,38,early
38545,145,0,0.4318122744737602,0.6432466666844099,38,early
38546,146,0,0.48500417926591544,0.508815978423441,38,early
38547,147,0,0.5152553515827198,0.4349529391627852,38,early
38548,148,0,0.28393324954665333,0.5650803619064348,38,early
38549,149,0,0.6008543635224031,0.3509660529791372,38,early
38550,150,0,0.28690464779178393,0.47972868828403725,38,early
38551,151,0,0.5381461987277947,0.40135489197506724,38,early
38552,152,0,0.7335376565234408,0.49365671501599917,38,early
38553,153,0,0.5790114458245423,0.4507688474273487,38,early
38554,154,0,0.34459968131935426,0.417964595026979,38,early
38555,155,0,0.425048576696391,0.42904852961345896,38,early
38556,156,0,0.6154372743538633,0.2787160209683029,38,early
38557,157,0,0.5975114708993543,0.4503582114302902,38,early
38558,158,0,0.3290686829524514,0.49273794680385785,38,early
38559,159,0,0.4898932551652121,0.6976429416448997,38,early
38560,160,0,0.54136725125636,0.5003261300493836,38,early
38561,161,0,0.7329009156856341,0.6129268078981231,38,early
38562,162,0,0.5039569090827426,0.5059330527817764,38,early
38563,163,0,0.5790760361162441,0.36961009930965905,38,early
38564,164,0,0.6612950883985932,0.5661772434260994,38,early
38565,165,0,0.44938919612750416,0.3696534104755508,38,early
38566,166,0,0.2778935111273674,0.3263387333035015,38,early
38567,167,0,0.6707681151270292,0.36982298091247834,38,early
38568,168,0,0.5614386124117223,0.3957948074039068,38,early
38569,169,0,0.6344336132095978,0.4280343048313324,38,early
38570,170,0,0.6394749228735581,0.4189618156346713,38,early
38571,171,0,0.4584514970382743,0.590263877190057,38,early
38572,172,0,0.44038197296561854,0.3859434837857565,38,early
38573,173,0,0.7043165898111385,0.4370842936098278,38,early
38574,174,0,0.4925904257782364,0.5136204477104072,38,early
38575,175,0,0.25021362148729764,0.5451449135279871,38,early
38576,176,0,0.26615174314975565,0.36517059968161963,38,early
38577,177,0,0.4558633194312176,0.4549061420151075,38,early
38578,178,0,0.623270868675265,0.3601407503083136,38,early
38579,179,0,0.4097593941949519,0.48759989469250054,38,early
38580,180,0,0.5899355485441712,0.29400490643541366,38,early
38581,181,0,0.38845776464249715,0.4831930856563076,38,early
38582,182,0,0.6040027742872438,0.4432774931270569,38,early
38583,183,0,0.5546936183254585,0.3715528136351558,38,early
38584,184,0,0.516172148053591,0.47530242758547536,38,early
38585,185,0,0.5393854137517448,0.3080221506276989,38,early
38586,186,0,0.2982170117797401,0.549262029822775,38,early
38587,187,0,0.5232472259239767,0.3874396059266937,38,early
38588,188,0,0.26730983385663276,0.34768427079597364,38,early
38589,189,0,0.6353773103216238,0.36696984744288624,38,early
38590,190,0,0.6027414053518929,0.3021517248135906,38,early
38591,191,0,0.5128075836909133,0.6287487146001265,38,early
38592,192,0,0.5697766438087566,0.4277357385161612,38,early
38593,193,0,0.676188466450558,0.3249917482768784,38,early
38594,194,0,0.4902216668105338,0.4641890397404728,38,early
38595,195,0,0.5261305884507623,0.42425840964262707,38,early
38596,196,0,0.5664759981502968,0.2741531774262407,38,early
38597,197,0,0.5019989687948595,0.41212885195121696,38,early
38598,198,0,0.6348490253066816,0.32766020184820144,38,early
38599,199,0,0.690806401981655,0.3786260545763139,38,early
38600,0,0,0.3841152467416605,0.5607245237924745,38,middle
38601,1,0,0.29391658872465515,0.6722733424754812,38,middle
38602,2,0,0.49822761496229906,0.547647855824172,38,middle
38603,3,0,0.3205841200299079,0.6097324118152418,38,middle
38604,4,0,0.560020737021095,0.5823565301955167,38,middle
38605,5,0,0.8612191966401599,0.6050412555178684,38,middle
38606,6,0,0.5249117908573484,0.5620282158972828,38,middle
38607,7,0,0.5292938794271441,0.5805786417477945,38,middle
38608,8,0,0.5607792281909065,0.5129216678890018,38,middle
38609,9,0,0.5681472247333761,0.6875210710739317,38,middle
38610,10,0,0.5372454444057659,0.7394328956210949,38,middle
38611,11,0,0.3579466701929097,0.6564746314301964,38,middle
38612,12,0,0.45945430044319513,0.5506757951222826,38,middle
38613,13,0,0.36440808099288113,0.6031496298076875,38,middle
38614,14,0,0.6254532027208015,0.4881886119080895,38,middle
38615,15,0,0.5518967657460219,0.5816430771634631,38,middle
38616,16,0,0.44255032618571577,0.5242166207764578,38,middle
38617,17,0,0.8999541195933345,0.5054562716485749,38,middle
38618,18,0,0.4385088404769901,0.5434451509010096,38,middle
38619,19,0,0.6404801167223129,0.3725528106893501,38,middle
38620,20,0,0.6064777816177644,0.6243785540123066,38,middle
38621,21,0,0.6817515936925371,0.5891177268359585,38,middle
38622,22,0,0.39545464455252965,0.5038616900168378,38,middle
38623,23,0,0.183632273525974,0.4357390179141726,38,middle
38624,24,0,0.5987778785121629,0.4614478206325314,38,middle
38625,25,0,0.5878556284777701,0.41702040192864687,38,middle
38626,26,0,0.6718233882365199,0.5578640729685134,38,middle
38627,27,0,0.4410995683421408,0.45655504224111876,38,middle
38628,28,0,0.34053417200043096,0.44910349642522024,38,middle
38629,29,0,0.7744240051065499,0.7139215090303876,38,middle
38630,30,0,0.759897898150955,0.5329815747040252,38,middle
38631,31,0,0.8764149297313745,0.6149213198124861,38,middle
38632,32,0,0.24620797143740647,0.5475091739287063,38,middle
38633,33,0,0.5879942852714051,0.39522758721556617,38,middle
38634,34,0,0.3010720736903582,0.4329806635436234,38,middle
38635,35,0,0.21650964591052962,0.4769806819882839,38,middle
38636,36,0,0.7541092986568427,0.3375058857582204,38,middle
38637,37,0,0.7379985810893256,0.42197441518337536,38,middle
38638,38,0,0.2875459028751965,0.42191883285657766,38,middle
38639,39,0,0.6884789439110888,0.3974630702850908,38,middle
38640,40,0,0.6988016914474011,0.4055462857889265,38,middle
38641,41,0,0.7572074905231067,0.2847829908789793,38,middle
38642,42,0,0.23301007418784378,0.4443632010000839,38,middle
38643,43,0,0.822265385898366,0.3328675876671021,38,middle
38644,44,0,0.7353478072060964,0.28323561985601825,38,middle
38645,45,0,0.2175152299312516,0.47233747571611573,38,middle
38646,46,0,0.7400232916989106,0.2838641182387662,38,middle
38647,47,0,0.8095382392156809,0.39619047710930333,38,middle
38648,48,0,0.37723447291760775,0.509364410151659,38,middle
38649,49,0,0.2792648453407568,0.5620320883259942,38,middle
38650,50,0,0.37312438241009893,0.49285104334918395,38,middle
38651,51,0,0.2731727333147754,0.41684260365041403,38,middle
38652,52,0,0.28477209658207636,0.45296558473757886,38,middle
38653,53,0,0.709689517306009,0.4163090472505383,38,middle
38654,54,0,0.7283702469979045,0.4593629716080916,38,middle
38655,55,0,0.7664593054467748,0.34789345896402507,38,middle
38656,56,0,0.7619295171948368,0.38794584912853003,38,middle
38657,57,0,0.7598775312119432,0.4806894271885615,38,middle
38658,58,0,0.30681985150295976,0.5282632194704618,38,middle
38659,59,0,0.2144596252913166,0.47117059795077354,38,middle
38660,60,0,0.20977267990976645,0.4393258466421918,38,middle
38661,61,0,0.2911553664127797,0.44258271768534696,38,middle
38662,62,0,0.7488748269922294,0.4506764485852436,38,middle
38663,63,0,0.37241577700796713,0.4538331594860233,38,middle
38664,64,0,0.2860467615793132,0.39225108800054087,38,middle
38665,65,0,0.409872531898009,0.42830211255542366,38,middle
38666,66,0,0.29709389154149674,0.4969837619918188,38,middle
38667,67,0,0.7197726045442714,0.4580357002861123,38,middle
38668,68,0,0.35563236337130827,0.39461091715688035,38,middle
38669,69,0,0.4134271185369216,0.5145586410546493,38,middle
38670,70,0,0.6647168301746307,0.30032930620861015,38,middle
38671,71,0,0.6425674769381671,0.5111655235413487,38,middle
38672,72,0,0.3793186528481707,0.45822300743769073,38,middle
38673,73,0,0.6577340183616527,0.4019072408999022,38,middle
38674,74,0,0.3177246139956381,0.4491711948851156,38,middle
38675,75,0,0.6592232325664182,0.298083009039252,38,middle
38676,76,0,0.33179716428441514,0.44840690223724283,38,middle
38677,77,0,0.6252697474775847,0.38251189555567777,38,middle
38678,78,0,0.6340344147595911,0.43838931998143765,38,middle
38679,79,0,0.4011046205240588,0.5547052022581962,38,middle
38680,80,0,0.31200904575978916,0.419883088947061,38,middle
38681,81,0,0.18196795150044642,0.4945066173364928,38,middle
38682,82,0,0.18723561254749263,0.46800868971385945,38,middle
38683,83,0,0.39772381133452883,0.48577388047133163,38,middle
38684,84,0,0.3409127438092319,0.47978399566612207,38,middle
38685,85,0,0.7348031163469788,0.2831769541864372,38,middle
38686,86,0,0.22983677691428167,0.3820984924879016,38,middle
38687,87,0,0.22994803983510725,0.5475859087318655,38,middle
38688,88,0,0.6043006503942597,0.37112379629375414,38,middle
38689,89,0,0.6756082739945557,0.42538752385810985,38,middle
38690,90,0,0.37678958650487426,0.43111085829762524,38,middle
38691,91,0,0.5978926062776636,0.3695768605862796,38,middle
38692,92,0,0.30959546153613143,0.3877748625148493,38,middle
38693,93,0,0.4973998485197715,0.5013812959032565,38,middle
38694,94,0,0.5384045369545563,0.3321871799611682,38,middle
38695,95,0,0.6345604339025412,0.32984297077848307,38,middle
38696,96,0,0.42159095512254346,0.5102744679612279,38,middle
38697,97,0,0.6115867697006601,0.4527814409265377,38,middle
38698,98,0,0.611017453680359,0.44543965159233223,38,middle
38699,99,0,0.40664875691196856,0.3712279836246971,38,middle
38700,100,0,0.6096954845023139,0.42262114770306647,38,middle
38701,101,0,0.5621385898269822,0.3443795412240198,38,middle
38702,102,0,0.635578006011009,0.5436804895129883,38,middle
38703,103,0,0.5551321053542997,0.3883088793341853,38,middle
38704,104,0,0.5023291070373002,0.5710125943281745,38,middle
38705,105,0,0.36560561502602296,0.49898417324053157,38,middle
38706,106,0,0.3998961445278202,0.4348376560205429,38,middle
38707,107,0,0.59184265022627,0.34859989732483915,38,middle
38708,108,0,0.3965789554000167,0.44421696983986186,38,middle
38709,109,0,0.724921073944544,0.5512261817793115,38,middle
38710,110,0,0.4570460511137521,0.4055195139154656,38,middle
38711,111,0,0.6029143127777458,0.35788313004303607,38,middle
38712,112,0,0.5044823199204933,0.4817205701450805,38,middle
38713,113,0,0.4834742520187135,0.34998662874194386,38,middle
38714,114,0,0.26438279761370065,0.31415056335002506,38,middle
38715,115,0,0.3992317282292123,0.5096863709553006,38,middle
38716,116,0,0.3734782356123227,0.4144971694972217,38,middle
38717,117,0,0.6697016144337358,0.3890240062966105,38,middle
38718,118,0,0.6617329090106736,0.41139081886705203,38,middle
38719,119,0,0.5260919258957464,0.32632730697516976,38,middle
38720,120,0,0.3418579717267439,0.46553203610844746,38,middle
38721,121,0,0.8091342863769242,0.38529315692410593,38,middle
38722,122,0,0.3867609502044483,0.5679919004415125,38,middle
38723,123,0,0.29495079778115146,0.6550987644426618,38,middle
38724,124,0,0.7376484401192219,0.41736850286022387,38,middle
38725,125,0,0.4289379329520021,0.4838079715248365,38,middle
38726,126,0,0.8117180114568561,0.4738716240540619,38,middle
38727,127,0,0.6645568905685533,0.40699080695513257,38,middle
38728,128,0,0.8567284519382747,0.5201215694505656,38,middle
38729,129,0,0.5406566615105557,0.3559055494806558,38,middle
38730,130,0,0.6302729420743055,0.4893137795572128,38,middle
38731,131,0,0.7363452594008362,0.3288521167455325,38,middle
38732,132,0,0.3674916885688856,0.5028887262520269,38,middle
38733,133,0,0.7620343870376514,0.44027004402605896,38,middle
38734,134,0,0.6991852545147168,0.4550391059471419,38,middle
38735,135,0,0.8360990358658922,0.5559934432535234,38,middle
38736,136,0,0.3227389283266828,0.5167183777705845,38,middle
38737,137,0,0.1320771208938814,0.4145979291740512,38,middle
38738,138,0,0.4013657344744103,0.4848868890729467,38,middle
38739,139,0,0.2213398605049392,0.40457353933209017,38,middle
38740,140,0,0.6553293598106973,0.3953907966378456,38,middle
38741,141,0,0.17203619057278166,0.43601354289566363,38,middle
38742,142,0,0.69440825997948,0.4165553108319634,38,middle
38743,143,0,0.7211442289015901,0.4022819666366291,38,middle
38744,144,0,0.40996958314959614,0.4728716761922306,38,middle
38745,145,0,0.6599924768843486,0.3006757977041953,38,middle
38746,146,0,0.19967383467958938,0.5553159396671812,38,middle
38747,147,0,0.28885081774634647,0.3878724541846629,38,middle
38748,148,0,0.6482177245241296,0.45120690043149736,38,middle
38749,149,0,0.7363559470615761,0.4440994436888356,38,middle
38750,150,0,0.4416252652036718,0.52684908556901,38,middle
38751,151,0,0.7373128558305398,0.4217026928630384,38,middle
38752,152,0,0.18165462495661674,0.44017780860412586,38,middle
38753,153,0,0.25744194291247874,0.4220496951185194,38,middle
38754,154,0,0.38612427897498025,0.5285211184292584,38,middle
38755,155,0,0.3309116450145031,0.4949364045769258,38,middle
38756,156,0,0.6820595358920135,0.4135247305345407,38,middle
38757,157,0,0.7000359880033777,0.26331875214655626,38,middle
38758,158,0,0.47107886687818856,0.4676657162283553,38,middle
38759,159,0,0.35430424482087164,0.39113229720184994,38,middle
38760,160,0,0.31727242330915506,0.4747852090966874,38,middle
38761,161,0,0.8859459133198572,0.45322550081095575,38,middle
38762,162,0,0.2722089970638953,0.5165640873935949,38,middle
38763,163,0,0.4237592864683887,0.49686996405777123,38,middle
38764,164,0,0.5770568123751545,0.3358991298457973,38,middle
38765,165,0,0.44269853982577817,0.4207382361534752,38,middle
38766,166,0,0.6073650170613327,0.3265078294470253,38,middle
38767,167,0,0.710241354863343,0.40638131685712897,38,middle
38768,168,0,0.7731041192134562,0.41471185825493295,38,middle
38769,169,0,0.8070819482728513,0.29954719889899145,38,middle
38770,170,0,0.6892084861190493,0.38950779854484485,38,middle
38771,171,0,0.33783543904064783,0.46020482575181554,38,middle
38772,172,0,0.7379562143426932,0.2842176108201272,38,middle
38773,173,0,0.6489290865567168,0.2747758194334369,38,middle
38774,174,0,0.32150640594670726,0.5000582681934853,38,middle
38775,175,0,0.4307754639479951,0.49305010949830597,38,middle
38776,176,0,0.7124766169858382,0.36446256279013606,38,middle
38777,177,0,0.3998785011736004,0.4555129773558133,38,middle
38778,178,0,0.7431276016780841,0.4061718045950705,38,middle
38779,179,0,0.687422832732111,0.3543459688264937,38,middle
38780,180,0,0.8306787710672037,0.40546596014365777,38,middle
38781,181,0,0.7052613996406746,0.27717209155519884,38,middle
38782,182,0,0.9016581380178899,0.5326585354498601,38,middle
38783,183,0,0.7064838421563968,0.3682892945716624,38,middle
38784,184,0,0.7641835395990113,0.384574962984729,38,middle
38785,185,0,0.7357694177698999,0.4164278781873418,38,middle
38786,186,0,0.8612550264519208,0.4930201568434269,38,middle
38787,187,0,0.28394718661767054,0.3957179943164371,38,middle
38788,188,0,0.806959072957979,0.4367511032443189,38,middle
38789,189,0,0.38238000611115197,0.38383987461530716,38,middle
38790,190,0,0.778711624704764,0.34894201663746094,38,middle
38791,191,0,0.3689739018121863,0.320955710663652,38,middle
38792,192,0,0.3204648548740011,0.33129028906431296,38,middle
38793,193,0,0.4749205192013774,0.45184162048692955,38,middle
38794,194,0,0.5909155657976987,0.4670688911396239,38,middle
38795,195,0,0.6575783402118521,0.2892544638146722,38,middle
38796,196,0,0.260360066095638,0.35486443580636406,38,middle
38797,197,0,0.5789555780873331,0.3419445890018513,38,middle
38798,198,0,0.674707733316525,0.49293993584306306,38,middle
38799,199,0,0.9099596939982293,0.4592147610611137,38,middle
38800,0,0,0.040362215297050724,0.8133429046964525,38,late
38801,1,0,0.5014825466446131,0.5934897463256763,38,late
38802,2,0,0.04597629311447984,0.7607812830611277,38,late
38803,3,0,0.5166999266366848,0.5664771380064272,38,late
38804,4,0,0.07373725992987698,0.41958664290933,38,late
38805,5,1,0.5005778321374011,0.9785525575858078,38,late
38806,6,0,0.08095592039440143,0.6504848776319954,38,late
38807,7,0,0.5295867280223948,0.5858376067426345,38,late
38808,8,0,0.07957519773893454,0.5923308304983339,38,late
38809,9,0,0.2312238147104935,0.5074646822571952,38,late
38810,10,0,0.9218597614315668,0.6601114158246665,38,late
38811,11,0,0.32056484105202865,0.5642131157240962,38,late
38812,12,0,0.6483080606324914,0.5278660256871204,38,late
38813,13,2,0.00023458903342789018,1.0932606280784294,38,late
38814,14,0,0.7344343355791096,0.5576414222265053,38,late
38815,15,0,0.6516570794327193,0.5024479167625338,38,late
38816,16,0,0.7111532791836183,0.42095634124198583,38,late
38817,17,0,0.7233134389348234,0.7038097621419264,38,late
38818,18,0,0.48651797533051533,0.4181313353390804,38,late
38819,19,0,0.5597812612144298,0.37866968657610256,38,late
38820,20,0,0.8219155193805647,0.37564815035258614,38,late
38821,21,0,0.4716878218865486,0.4252407148964161,38,late
38822,22,0,0.5314337114761117,0.5462756495170521,38,late
38823,23,0,0.7559639196912117,0.38241936415321354,38,late
38824,24,0,0.05549084646885152,0.796649294928236,38,late
38825,25,0,0.27089228811663846,0.49518392754515383,38,late
38826,26,0,0.29231424415681684,0.5052954125940846,38,late
38827,27,0,0.49591303192451835,0.43861159177736253,38,late
38828,28,0,0.4147701943588889,0.5497201016819784,38,late
38829,29,0,0.31356556385053097,0.3329428519681612,38,late
38830,30,0,0.4123895962366403,0.539988251888537,38,late
38831,31,0,0.13503335548911333,0.3916596266606846,38,late
38832,32,0,0.4266137690569333,0.5730782272148072,38,late
38833,33,0,0.7803295411668538,0.45417001552110714,38,late
38834,34,0,0.7066892273170822,0.3575508150372877,38,late
38835,35,0,0.4886498685918758,0.4231951142559394,38,late
38836,36,0,0.7802134075831619,0.3869051814465023,38,late
38837,37,0,0.12329009492791754,0.2863381033788518,38,late
38838,38,0,0.5158150897881002,0.5795015918157478,38,late
38839,39,0,0.29792140684743007,0.36990778198214563,38,late
38840,40,0,0.2113014328750323,0.49064554205789246,38,late
38841,41,0,0.4421676615863894,0.3569091373788561,38,late
38842,42,0,0.5651599917141295,0.40454919546055357,38,late
38843,43,0,0.6103494377900383,0.46144848831958574,38,late
38844,44,0,0.7873272244805534,0.468667256166115,38,late
38845,45,0,0.44552402146140446,0.4920720194609559,38,late
38846,46,0,0.3361929105514003,0.3872386107479143,38,late
38847,47,0,0.40095127856811114,0.6000210201620224,38,late
38848,48,0,0.8138565725141055,0.4600616567465613,38,late
38849,49,0,0.7948508844504358,0.471420858614378,38,late
38850,50,0,0.7203552269393441,0.3544294052729031,38,late
38851,51,0,0.4635140454828491,0.453527419943565,38,late
38852,52,0,0.6913789988464462,0.41277102055237247,38,late
38853,53,0,0.4300558678153011,0.6527899719603254,38,late
38854,54,0,0.6852218876020069,0.2643253896817519,38,late
38855,55,0,0.36102334332875163,0.3059518082715652,38,late
38856,56,0,0.4904569921801538,0.36138087508737915,38,late
38857,57,0,0.37774676661576634,0.38374252283667704,38,late
38858,58,0,0.5151026372475879,0.5492403096454324,38,late
38859,59,0,0.5216423527857454,0.29987426838927944,38,late
38860,60,0,0.6740833343941413,0.40784851030115854,38,late
38861,61,0,0.28499641289630734,0.3694517938814983,38,late
38862,62,0,0.9585992173035535,0.644456418747711,38,late
38863,63,0,0.7274342688006296,0.37657689490582946,38,late
38864,64,0,0.7541620866400819,0.3725145763503479,38,late
38865,65,0,0.4457738637993294,0.4895714889244332,38,late
38866,66,0,0.712318651128558,0.5835877366083287,38,late
38867,67,0,0.6463505276223884,0.3031500104292423,38,late
38868,68,0,0.8038809398467827,0.34883271207361527,38,late
38869,69,0,0.29419920841069247,0.5309029385827169,38,late
38870,70,0,0.8631074069161988,0.33356741549765156,38,late
38871,71,0,0.5904004928133553,0.41038812768682975,38,late
38872,72,0,0.7735789184831817,0.3588724326969499,38,late
38873,73,0,0.7881787183462892,0.345467385724586,38,late
38874,74,0,0.8620754767523082,0.3928843221659336,38,late
38875,75,0,0.4692650427047824,0.3517204659027898,38,late
38876,76,0,0.1990723141460664,0.35657190509980646,38,late
38877,77,0,0.34537386762415234,0.3385085008281632,38,late
38878,78,0,0.5505634179778169,0.39285527368669193,38,late
38879,79,0,0.1896265976737964,0.3911414460474485,38,late
38880,80,0,0.905411516044865,0.40344889930727534,38,late
38881,81,0,0.1635098721671807,0.34643864765640187,38,late
38882,82,0,0.07490353061451781,0.5280630289558333,38,late
38883,83,0,0.8379145880477665,0.3861842678235142,38,late
38884,84,0,0.5674713257437347,0.5608671167484123,38,late
38885,85,0,0.5818208305290165,0.4321024327130029,38,late
38886,86,0,0.46293192440885034,0.41824103722659073,38,late
38887,87,0,0.7668138481824678,0.35172793697536875,38,late
38888,88,0,0.3391039288130516,0.5256281386865075,38,late
38889,89,0,0.7180090374811445,0.3997135623769005,38,late
38890,90,0,0.4052663042787956,0.6270615825153336,38,late
38891,91,0,0.20805092654342366,0.3783727731786466,38,late
38892,92,0,0.33478834415770764,0.4019111250938151,38,late
38893,93,0,0.4461713249747118,0.3663900771914564,38,late
38894,94,0,0.4901338008643821,0.38903445939973413,38,late
38895,95,0,0.21402566677963766,0.5152803250197266,38,late
38896,96,0,0.1907151257920633,0.3867895934298515,38,late
38897,97,0,0.4661544531656417,0.4195001591131824,38,late
38898,98,0,0.31896521128405064,0.32602342570152343,38,late
38899,99,0,0.516206024375863,0.33146868586546135,38,late
38900,100,0,0.41500696949063837,0.37282539229411993,38,late
38901,101,0,0.5774520160212644,0.4228655264083204,38,late
38902,102,0,0.6005026324053541,0.32276582473584436,38,late
38903,103,0,0.3452897381102824,0.3292556625270899,38,late
38904,104,0,0.5587377609406315,0.37682190930048015,38,late
38905,105,0,0.17921151039507277,0.5554062259891859,38,late
38906,106,0,0.494288365315973,0.4308947671930428,38,late
38907,107,0,0.2910369145379768,0.4774460102905813,38,late
38908,108,0,0.5954885905267329,0.43863598331731446,38,late
38909,109,0,0.31223832351689773,0.36383780782520087,38,late
38910,110,0,0.4627422202845608,0.4471047139903177,38,late
38911,111,0,0.5005857177644485,0.4666276402921493,38,late
38912,112,0,0.4707670969824686,0.3733819618858716,38,late
38913,113,0,0.6270461851811178,0.30882050344514,38,late
38914,114,0,0.3848278641727345,0.4670111374437786,38,late
38915,115,0,0.302943067282401,0.3932839512823785,38,late
38916,116,0,0.5316114261337685,0.44787389956334095,38,late
38917,117,0,0.6907274546323139,0.3425301014690125,38,late
38918,118,0,0.4163872676843211,0.480735730129782,38,late
38919,119,0,0.6456707055690467,0.38011928780345905,38,late
38920,120,0,0.8065827211295281,0.31066100632843663,38,late
38921,121,0,0.242239530973687,0.43107319447038395,38,late
38922,122,0,0.3819728091896945,0.4027099459088014,38,late
38923,123,0,0.15414006247384085,0.4902901612918182,38,late
38924,124,0,0.36470091551102674,0.5276369593573906,38,late
38925,125,0,0.05825402082743683,0.4054980157865168,38,late
38926,126,0,0.27954086410095186,0.4523547336062674,38,late
38927,127,0,0.1292631221019983,0.3957720833542811,38,late
38928,128,0,0.3816694080013926,0.4011802748000545,38,late
38929,129,0,0.6246529951113469,0.30827482872243617,38,late
38930,130,0,0.23221964062859404,0.30162498797071213,38,late
38931,131,0,0.20848460995692206,0.40847953250223257,38,late
38932,132,0,0.6251147714455962,0.4300493873696393,38,late
38933,133,0,0.3936331297805473,0.39949296351964286,38,late
38934,134,0,0.8359893884686056,0.36432267495655024,38,late
38935,135,0,0.7370350415104292,0.4667065934661555,38,late
38936,136,0,0.29712701865624597,0.47603042483623426,38,late
38937,137,0,0.6692072304807453,0.49232651820433104,38,late
38938,138,0,0.8429317749698018,0.42758885172687633,38,late
38939,139,0,0.2320853099728436,0.43047348189061596,38,late
38940,140,0,0.7842814158498412,0.46121025668963667,38,late
38941,141,0,0.47946725026990095,0.4172763501764971,38,late
38942,142,0,0.9069590364165239,0.4296242641408079,38,late
38943,143,0,0.23375317265950218,0.5193943490021162,38,late
38944,144,0,0.7160497270587689,0.48765392944027297,38,late
38945,145,0,0.8268988150478029,0.5318364858448176,38,late
38946,146,0,0.8438465206723538,0.4318373703531345,38,late
38947,147,0,0.856104947092392,0.46508571389719666,38,late
38948,148,0,0.12154422853557292,0.49250208403555207,38,late
38949,149,0,0.736186299420323,0.3511436833796411,38,late
38950,150,0,0.1385119165312133,0.46406028972075686,38,late
38951,151,0,0.8420397662094072,0.5239268102252761,38,late
38952,152,0,0.18558258936062327,0.4878957207725358,38,late
38953,153,0,0.8224566454685737,0.3160647564146661,38,late
38954,154,0,0.7767530174246068,0.427147070220483,38,late
38955,155,0,0.5385491587330461,0.5563208638652706,38,late
38956,156,0,0.23136805671528834,0.34755803968612875,38,late
38957,157,0,0.44336424162242666,0.39592960715941267,38,late
38958,158,0,0.600190615248295,0.28686757662079543,38,late
38959,159,0,0.2716494307146576,0.4491360771001697,38,late
38960,160,0,0.21354553705293108,0.4766695972332601,38,late
38961,161,0,0.5088746358394315,0.4291306794393581,38,late
38962,162,0,0.20677009337850838,0.3182348084410893,38,late
38963,163,0,0.6115416806907683,0.236227548219335,38,late
38964,164,0,0.6049534790170652,0.4228893419126295,38,late
38965,165,0,0.38317329771862946,0.42418797474503345,38,late
38966,166,0,0.2116981413768137,0.3634817528121054,38,late
38967,167,0,0.27362619133355615,0.5127583532872982,38,late
38968,168,0,0.18197756139757287,0.36786279662814136,38,late
38969,169,0,0.8465092969222502,0.4292740959362208,38,late
38970,170,0,0.5296839941037419,0.3500926326052646,38,late
38971,171,0,0.22014628090712443,0.39610426840024987,38,late
38972,172,0,0.1247667629253454,0.4843352735938634,38,late
38973,173,0,0.7496172868514859,0.31855583273892407,38,late
38974,174,0,0.5358187265572731,0.3746951379673282,38,late
38975,175,0,0.6569871066873683,0.3441167873340196,38,late
38976,176,0,0.6768901836966839,0.4406722085660518,38,late
38977,177,0,0.2735978606894477,0.3277309910037141,38,late
38978,178,0,0.3855230072521767,0.28159996271708576,38,late
38979,179,0,0.5915426626801276,0.3516373983482924,38,late
38980,180,0,0.6387502142758055,0.40679945450773647,38,late
38981,181,0,0.6920399474577741,0.6044734519988213,38,late
38982,182,0,0.34255164578452824,0.3848842429742183,38,late
38983,183,0,0.7529403444600337,0.3943011184032912,38,late
38984,184,0,0.7249572820152418,0.3541719347783675,38,late
38985,185,0,0.6058254864154344,0.379508693284049,38,late
38986,186,0,0.28767122609469487,0.3551445790815053,38,late
38987,187,0,0.9053366178277296,0.3977205429926597,38,late
38988,188,0,0.3367379822436864,0.4219560173143303,38,late
38989,189,0,0.41062053247466496,0.390217894952396,38,late
38990,190,0,0.5596660858047068,0.4572774168719842,38,late
38991,191,0,0.8799858170174719,0.44374882838134433,38,late
38992,192,0,0.5232640356956347,0.48519716626285514,38,late
38993,193,0,0.4410359782013368,0.40929429698607445,38,late
38994,194,0,0.2965995906144831,0.469766755441186,38,late
38995,195,0,0.5123865301163918,0.45087806674656616,38,late
38996,196,0,0.2037821304311007,0.4649675470640796,38,late
38997,197,0,0.4886292255250768,0.5104670794212702,38,late
38998,198,0,0.19236537303566859,0.4735349474784202,38,late
38999,199,0,0.5437700265618441,0.5467656889652787,38,late
39000,0,0,0.28552615242382734,0.86983463975524,39,interleaved
39001,1,1,0.01550274443571003,0.7302350715159978,39,interleaved
39002,2,2,0.5021146421533187,1.2365347671142017,39,interleaved
39003,3,0,0.06724916304706877,0.6362769202078422,39,interleaved
39004,4,0,0.4353540139884789,0.5551819039489978,39,interleaved
39005,5,0,0.08984159156069561,0.7329124747909417,39,interleaved
39006,6,3,0.454701966813716,0.9269140041269579,39,interleaved
39007,7,4,0.0024258911246923046,0.7788939590503372,39,interleaved
39008,8,5,0.02547515060806679,1.246899563941156,39,interleaved
39009,9,0,0.8611620843298717,0.47145161807990543,39,interleaved
39010,10,0,0.46627714384844987,0.4988628242155218,39,interleaved
39011,11,0,0.9597541762998767,0.6975658390382196,39,interleaved
39012,12,0,0.410311524643286,0.5743345165851163,39,interleaved
39013,13,0,0.9425674992953442,0.6708735480606156,39,interleaved
39014,14,0,0.4624324657354297,0.6734654499918968,39,interleaved
39015,15,0,0.2535265033164594,0.7759657847120409,39,interleaved
39016,16,0,0.44720483565058866,0.6184094171507413,39,interleaved
39017,17,0,0.05202235189989326,0.7916073999893537,39,interleaved
39018,18,0,0.4960081528247459,0.5509585131469801,39,interleaved
39019,19,0,0.12289384019784763,0.4947800356168388,39,interleaved
39020,20,0,0.48619179926216227,0.6457648422559805,39,interleaved
39021,21,0,0.08368715468497206,0.5755094938873406,39,interleaved
39022,22,0,0.4808135785006233,0.5847771982461993,39,interleaved
39023,23,0,0.9659424228996282,0.41441311422682253,39,interleaved
39024,24,0,0.2697075508080511,0.6046024015715821,39,interleaved
39025,25,0,0.9309773804762658,0.34842045360077345,39,interleaved
39026,26,0,0.48071354666751853,0.35466200413169224,39,interleaved
39027,27,0,0.7650262820437828,0.49733234217188205,39,interleaved
39028,28,0,0.5916476458573723,0.6152393356712844,39,interleaved
39029,29,0,0.12477492797178308,0.5193422249645944,39,interleaved
39030,30,0,0.424093580934778,0.4120020243115498,39,interleaved
39031,31,0,0.9098834586791675,0.4636516043432989,39,interleaved
39032,32,0,0.6713841901540611,0.5059753083157731,39,interleaved
39033,33,0,0.7990634606885691,0.51910691609244,39,interleaved
39034,34,0,0.38554372958641825,0.6215699103792229,39,interleaved
39035,35,0,0.1419273426459368,0.569435608674754,39,interleaved
39036,36,0,0.3295669327398444,0.6528562485693643,39,interleaved
39037,37,0,0.37613660994890896,0.6541900190334491,39,interleaved
39038,38,0,0.547624190775915,0.4332292804166185,39,interleaved
39039,39,0,0.8394566694281973,0.5584286849631035,39,interleaved
39040,40,0,0.6251797485710862,0.35259663930157514,39,interleaved
39041,41,0,0.1539001858475827,0.46372938788597795,39,interleaved
39042,42,0,0.5252423744676016,0.511912792494452,39,interleaved
39043,43,0,0.16789091266333728,0.4273748164640021,39,interleaved
39044,44,0,0.42020005686202716,0.497613593167504,39,interleaved
39045,45,0,0.2420483153773428,0.49180830954455035,39,interleaved
39046,46,0,0.6367319939426909,0.4796514829548239,39,interleaved
39047,47,0,0.5953326165916704,0.509718115599656,39,interleaved
39048,48,0,0.7449837609862339,0.3809920432757524,39,interleaved
39049,49,0,0.8025765286670457,0.5776662795781742,39,interleaved
39050,50,0,0.36547888519393423,0.5368640304712382,39,interleaved
39051,51,0,0.7027625656648785,0.350711921024612,39,interleaved
39052,52,0,0.3036501334747892,0.4693144513774259,39,interleaved
39053,53,0,0.21735966263731332,0.5435171307334292,39,interleaved
39054,54,0,0.6144028047626321,0.4233512321327893,39,interleaved
39055,55,0,0.7341579576537334,0.33416862501566,39,interleaved
39056,56,0,0.5894780012183235,0.35548969401825464,39,interleaved
39057,57,0,0.47114803279758316,0.5589194231099791,39,interleaved
39058,58,0,0.036581069117259786,0.49728266028698015,39,interleaved
39059,59,0,0.799588161593525,0.5744657621740736,39,interleaved
39060,60,0,0.34785923287807385,0.6496627851335397,39,interleaved
39061,61,0,0.8124088608745003,0.36631334003245014,39,interleaved
39062,62,0,0.33448584225315986,0.38032207469239626,39,interleaved
39063,63,0,0.8637833097049084,0.4745800830960646,39,interleaved
39064,64,0,0.14216565076257118,0.5697496556642494,39,interleaved
39065,65,0,0.2873547589856047,0.5179864969721775,39,interleaved
39066,66,0,0.49232663413243277,0.3221618334430817,39,interleaved
39067,67,0,0.46363804031285377,0.46740466624225085,39,interleaved
39068,68,0,0.5368638394847792,0.4001652435078247,39,interleaved
39069,69,0,0.3779410179688531,0.5152015077637542,39,interleaved
39070,70,0,0.42684602681871936,0.5815153312316231,39,interleaved
39071,71,0,0.7092402165831945,0.3569294709126647,39,interleaved
39072,72,0,0.4692465856480218,0.5520144611394626,39,interleaved
39073,73,0,0.7037618860563644,0.4464107661218797,39,interleaved
39074,74,0,0.5906123401961239,0.4893350311260755,39,interleaved
39075,75,0,0.8199174861890896,0.3347144301239804,39,interleaved
39076,76,0,0.5961938200479115,0.45021690091522915,39,interleaved
39077,77,0,0.8594933305851449,0.4462622732163878,39,interleaved
39078,78,0,0.5731067098652245,0.4505385620359601,39,interleaved
39079,79,0,0.2685715248021655,0.5417673810206929,39,interleaved
39080,80,0,0.3697590176614808,0.39533120569366387,39,interleaved
39081,81,0,0.6122711490123167,0.5263767613730777,39,interleaved
39082,82,0,0.3826563255312748,0.4276446076960293,39,interleaved
39083,83,0,0.5040440277542453,0.47005984307781834,39,interleaved
39084,84,0,0.3982761891209259,0.5452836359776296,39,interleaved
39085,85,0,0.5111876859815481,0.40574738419688994,39,interleaved
39086,86,0,0.450260221354313,0.5177595216056298,39,interleaved
39087,87,0,0.37770415789281253,0.48302544336380704,39,interleaved
39088,88,0,0.2737216283179923,0.4189524182583989,39,interleaved
39089,89,0,0.6732955663542431,0.46029914794663096,39,interleaved
39090,90,0,0.6631274703380363,0.41317124304810016,39,interleaved
39091,91,0,0.5100890874344808,0.5001030466697315,39,interleaved
39092,92,0,0.3746996350577788,0.3830093945413403,39,interleaved
39093,93,0,0.5172210069498058,0.45506697098323035,39,interleaved
39094,94,0,0.7829147771312464,0.43232907051576397,39,interleaved
39095,95,0,0.5284840605289408,0.44349810591017835,39,interleaved
39096,96,0,0.27575818234806265,0.5537676624398498,39,interleaved
39097,97,0,0.6720781827926681,0.45109572414961596,39,interleaved
39098,98,0,0.3203534550123858,0.5668731763706346,39,interleaved
39099,99,0,0.42425497955093755,0.4522418717687888,39,interleaved
39100,100,0,0.29258585978875845,0.35552696464388545,39,interleaved
39101,101,0,0.4846277120018534,0.5538797780320509,39,interleaved
39102,102,0,0.6504783434418004,0.36218827293449884,39,interleaved
39103,103,0,0.5329347441600566,0.49173811597090905,39,interleaved
39104,104,0,0.11929836680994108,0.5892971068966284,39,interleaved
39105,105,0,0.44196016359637436,0.3214766676916602,39,interleaved
39106,106,0,0.8514796931447404,0.42633150410483056,39,interleaved
39107,107,0,0.465338606822198,0.3867344245809201,39,interleaved
39108,108,0,0.8690720873849445,0.39309257278466647,39,interleaved
39109,109,0,0.15165014230810547,0.4856355114170009,39,interleaved
39110,110,0,0.20368747332770673,0.4251817482578405,39,interleaved
39111,111,0,0.2899004700181724,0.6096475414412683,39,interleaved
39112,112,0,0.7006846207276836,0.32758501844295573,39,interleaved
39113,113,0,0.3785463423665919,0.47270017833405664,39,interleaved
39114,114,0,0.8147433216611634,0.40196294927296894,39,interleaved
39115,115,0,0.376310551389288,0.3874817629780779,39,interleaved
39116,116,0,0.8388285677376073,0.43373559108815973,39,interleaved
39117,117,0,0.6492581343885778,0.38044524101668037,39,interleaved
39118,118,0,0.07901285661979535,0.4172049223432517,39,interleaved
39119,119,0,0.5564553363323137,0.3288069012215534,39,interleaved
39120,120,0,0.9042447480233864,0.5984177086937096,39,interleaved
39121,121,0,0.3632646391243929,0.4117232670491835,39,interleaved
39122,122,0,0.12929170306236082,0.5101715566085807,39,interleaved
39123,123,0,0.4876257534073107,0.38386570486331595,39,interleaved
39124,124,0,0.9145345348391303,0.40651886343089594,39,interleaved
39125,125,0,0.5927045317975785,0.41327941746159774,39,interleaved
39126,126,0,0.10228107681596964,0.4166206435998874,39,interleaved
39127,127,0,0.3578669480028829,0.4652499499479422,39,interleaved
39128,128,0,0.3265692854719413,0.4695221312594635,39,interleaved
39129,129,0,0.38892026707624305,0.38708590162012807,39,interleaved
39130,130,0,0.9022214260080799,0.3678875664423554,39,interleaved
39131,131,0,0.5401655747077749,0.4496749937902357,39,interleaved
39132,132,0,0.8141873296924322,0.3280638602864429,39,interleaved
39133,133,0,0.5268505378008923,0.3718315996491298,39,interleaved
39134,134,0,0.014736671834476928,0.4394904086563207,39,interleaved
39135,135,0,0.493200578504521,0.5066537782750702,39,interleaved
39136,136,0,0.014402531891525624,0.6116993269525202,39,interleaved
39137,137,0,0.7827107362764145,0.4196745235809538,39,interleaved
39138,138,0,0.25259226845180416,0.41895313858318217,39,interleaved
39139,139,0,0.4907155950601624,0.37264354738415817,39,interleaved
39140,140,0,0.8781039083559428,0.3382383386244976,39,interleaved
39141,141,0,0.15213346519578366,0.5322144252782592,39,interleaved
39142,142,0,0.2569217259809399,0.38940113919356767,39,interleaved
39143,143,0,0.3800842841215245,0.4385281184417128,39,interleaved
39144,144,0,0.6707809780466791,0.523767157722812,39,interleaved
39145,145,0,0.7865099916571293,0.4892362264097396,39,interleaved
39146,146,0,0.3997651261165019,0.42560870661323846,39,interleaved
39147,147,0,0.3489613094080076,0.42393526578369417,39,interleaved
39148,148,0,0.4373659213326658,0.5634819429756015,39,interleaved
39149,149,0,0.7188977196082658,0.3973222560073546,39,interleaved
39150,150,0,0.5773490087278234,0.3783286422080238,39,interleaved
39151,151,0,0.2639586878837825,0.5401157636122699,39,interleaved
39152,152,0,0.8388787700247752,0.34944836091760834,39,interleaved
39153,153,0,0.5444788953986661,0.29910576248827947,39,interleaved
39154,154,0,0.14054418822583864,0.5213446897237328,39,interleaved
39155,155,0,0.5461587992562659,0.38294952688716455,39,interleaved
39156,156,0,0.512003182559285,0.42916245158235655,39,interleaved
39157,157,0,0.6013040746051654,0.3776384367339939,39,interleaved
39158,158,0,0.6459817147938314,0.38146991131727076,39,interleaved
39159,159,0,0.4556707226519334,0.5293178708339106,39,interleaved
39160,160,0,0.14091887935934055,0.4215801290801698,39,interleaved
39161,161,0,0.1934790742450575,0.4524659594049402,39,interleaved
39162,162,0,0.864250412517852,0.3041948157269451,39,interleaved
39163,163,0,0.7549532506217471,0.3654621502915515,39,interleaved
39164,164,0,0.7946683648642852,0.45585950031148614,39,interleaved
39165,165,0,0.2907822841174981,0.5128433652711037,39,interleaved
39166,166,0,0.3781448976142204,0.43425716934883196,39,interleaved
39167,167,0,0.33762575094705466,0.3980591735467197,39,interleaved
39168,168,0,0.11266494378867954,0.4830972721287038,39,interleaved
39169,169,0,0.6203614611784856,0.3069567602101208,39,interleaved
39170,170,0,0.18258556079970073,0.4439117720227545,39,interleaved
39171,171,0,0.7938429289211841,0.4146798268594568,39,interleaved
39172,172,0,0.3631759878554271,0.4154669204131759,39,interleaved
39173,173,0,0.3975414032200261,0.3353446942836683,39,interleaved
39174,174,0,0.7478613517452758,0.4865136533667039,39,interleaved
39175,175,0,0.9374411704006957,0.4460526964660093,39,interleaved
39176,176,0,0.23929582079109432,0.3765426893767706,39,interleaved
39177,177,0,0.6621281935207157,0.37376627834379156,39,interleaved
39178,178,0,0.2611953611315946,0.4328909876816017,39,interleaved
39179,179,0,0.9763131144650806,0.5133333976366616,39,interleaved
39180,180,0,0.6111644813550908,0.3504028940240485,39,interleaved
39181,181,0,0.7485641920461119,0.3160187101261788,39,interleaved
39182,182,0,0.24204572227649707,0.48623329413748023,39,interleaved
39183,183,0,0.6240308507263888,0.32346096071888963,39,interleaved
39184,184,0,0.5560974812583456,0.43858225102783416,39,interleaved
39185,185,0,0.5839375729384157,0.31528094148634367,39,interleaved
39186,186,0,0.3772627126449943,0.40375354701783717,39,interleaved
39187,187,0,0.701411362700715,0.2815131110956979,39,interleaved
39188,188,0,0.5578933214820206,0.45862362075575447,39,interleaved
39189,189,0,0.44884590721539286,0.3920492645503529,39,interleaved
39190,190,0,0.15470832237764587,0.41184631210063305,39,interleaved
39191,191,0,0.5939299292867856,0.4602832481052147,39,interleaved
39192,192,0,0.20727153540895,0.5553079222233391,39,interleaved
39193,193,0,0.5445431364436414,0.47172456100181437,39,interleaved
39194,194,0,0.1885960053475926,0.42323087881871924,39,interleaved
39195,195,0,0.2954955426031764,0.3955051571954491,39,interleaved
39196,196,0,0.7582695826624095,0.3320872122095657,39,interleaved
39197,197,0,0.8785896893699203,0.4227313427189906,39,interleaved
39198,198,0,0.5853630973257556,0.35950454373788876,39,interleaved
39199,199,0,0.2416075665131186,0.4153030829722203,39,interleaved
39200,0,0,0.9413438656964155,0.7613516503172436,39,blocked
39201,1,0,0.9147283968838231,0.5011325972211995,39,blocked
39202,2,1,0.04477536611781286,1.0626261110889976,39,blocked
39203,3,2,0.0001278387111293593,0.970560993933094,39,blocked
39204,4,3,0.45261352172763697,1.076708106835697,39,blocked
39205,5,4,0.30158635019030755,0.9302754971497702,39,blocked
39206,6,5,0.5759524335259865,0.9117247883128516,39,blocked
39207,7,0,0.9056840946081051,0.5952079539681818,39,blocked
39208,8,0,0.9478089910160533,0.6990299094758549,39,blocked
39209,9,0,0.02413893532655519,0.7952992854759391,39,blocked
39210,10,6,0.030914413992012425,0.794445945175178,39,blocked
39211,11,7,0.9457976162392947,0.6757850679003325,39,blocked
39212,12,0,0.19906542351031226,0.5950391898393319,39,blocked
39213,13,0,0.897751667396947,0.583422822165012,39,blocked
39214,14,0,0.848888858416051,0.38804313203266916,39,blocked
39215,15,0,0.11377741478054157,0.8500904792381068,39,blocked
39216,16,0,0.07147157424417216,0.7289509485472645,39,blocked
39217,17,0,0.0779879950360199,0.7097004414105692,39,blocked
39218,18,0,0.30608357811569,0.8350939348793355,39,blocked
39219,19,0,0.11997421746148057,0.808810195995572,39,blocked
39220,20,0,0.7682906772986788,0.5687065583325224,39,blocked
39221,21,0,0.656575681502344,0.5350116697628801,39,blocked
39222,22,0,0.6126345543041413,0.6306602494124036,39,blocked
39223,23,0,0.20352785121804917,0.6014593479038286,39,blocked
39224,24,0,0.7532687043359689,0.6974177641324762,39,blocked
39225,25,0,0.7852850789056414,0.3885433241104751,39,blocked
39226,26,0,0.5878403632391577,0.5192919164467363,39,blocked
39227,27,0,0.8145463139453958,0.4466802091198073,39,blocked
39228,28,0,0.41503668358665213,0.5924274992635956,39,blocked
39229,29,0,0.5583317844046263,0.609038895626815,39,blocked
39230,30,0,0.603165814936617,0.5615171552116422,39,blocked
39231,31,0,0.7998893649656453,0.48723624815108024,39,blocked
39232,32,0,0.36477697750448945,0.47936446741253264,39,blocked
39233,33,0,0.2728844467204431,0.6204243829106193,39,blocked
39234,34,0,0.3881320394934508,0.4750871311824451,39,blocked
39235,35,0,0.6965705726186566,0.607973436292067,39,blocked
39236,36,0,0.6623148220641184,0.422717072177763,39,blocked
39237,37,0,0.577198785528692,0.4650974456759247,39,blocked
39238,38,0,0.5154726890528923,0.5053698550639215,39,blocked
39239,39,0,0.5283494627384634,0.3985889386045857,39,blocked
39240,40,0,0.7163046191759481,0.42238191545659076,39,blocked
39241,41,0,0.44392037276361485,0.5501498000578646,39,blocked
39242,42,0,0.5002804035493422,0.5743168923185142,39,blocked
39243,43,0,0.49445955843628553,0.5707997644776348,39,blocked
39244,44,0,0.2573612032315289,0.5662247968756822,39,blocked
39245,45,0,0.2672829140108464,0.4278501781988393,39,blocked
39246,46,0,0.5929268878060461,0.4894557825680542,39,blocked
39247,47,0,0.6882331700902498,0.40137548199585116,39,blocked
39248,48,0,0.25541542564220926,0.564219350552965,39,blocked
39249,49,0,0.6810928865940744,0.5316077727007174,39,blocked
39250,50,0,0.6644005011933951,0.5532373151507637,39,blocked
39251,51,0,0.7880039863658261,0.433125155384227,39,blocked
39252,52,0,0.8382089531979035,0.32112295271877883,39,blocked
39253,53,0,0.8242770130312456,0.3851055399332252,39,blocked
39254,54,0,0.24670454445241907,0.46474254678645555,39,blocked
39255,55,0,0.1680522343928103,0.479133086217271,39,blocked
39256,56,0,0.1267220258093673,0.5139331067122096,39,blocked
39257,57,0,0.272124813988165,0.6089260000033754,39,blocked
39258,58,0,0.715450165015917,0.4509672995856133,39,blocked
39259,59,0,0.6178980426515246,0.46212872912928254,39,blocked
39260,60,0,0.15539126125212543,0.5476606702158932,39,blocked
39261,61,0,0.7473242732326897,0.4990829772084312,39,blocked
39262,62,0,0.23746180443271045,0.5173911849580057,39,blocked
39263,63,0,0.7804800669118857,0.41242239081896936,39,blocked
39264,64,0,0.25871669862872454,0.4248555664199616,39,blocked
39265,65,0,0.6124835983549684,0.5194827961528414,39,blocked
39266,66,0,0.8253280765164934,0.35417422538502474,39,blocked
39267,67,0,0.2748103384359786,0.5232950296867485,39,blocked
39268,68,0,0.16706142175060001,0.49365119191543716,39,blocked
39269,69,0,0.6966198538410668,0.3523542091660472,39,blocked
39270,70,0,0.4706179330559156,0.44765658897895677,39,blocked
39271,71,0,0.5434147705793158,0.340834308251166,39,blocked
39272,72,0,0.78675752044793,0.47496650144321023,39,blocked
39273,73,0,0.6757710340744072,0.3887725948396973,39,blocked
39274,74,0,0.8062641393261523,0.4076329436072271,39,blocked
39275,75,0,0.664946797970309,0.5441421729340559,39,blocked
39276,76,0,0.8318885137230061,0.3653362326304478,39,blocked
39277,77,0,0.3005921198263636,0.5255037270179538,39,blocked
39278,78,0,0.3143520327054708,0.5715876932011144,39,blocked
39279,79,0,0.26017880273574173,0.7042076160021186,39,blocked
39280,80,0,0.32815037440481204,0.45234802965938214,39,blocked
39281,81,0,0.7497264084241481,0.4018396353529936,39,blocked
39282,82,0,0.49686321041056347,0.3950752839832424,39,blocked
39283,83,0,0.4374251287896069,0.47124923651201717,39,blocked
39284,84,0,0.6616803898390531,0.48029907187671284,39,blocked
39285,85,0,0.6218815472838841,0.48303550965372277,39,blocked
39286,86,0,0.3538222342987984,0.5298110023225813,39,blocked
39287,87,0,0.3470513614545278,0.5537830717786946,39,blocked
39288,88,0,0.674321473275509,0.47273515872704136,39,blocked
39289,89,0,0.7520553581625693,0.4323062433300883,39,blocked
39290,90,0,0.45508240632808816,0.45886155922281646,39,blocked
39291,91,0,0.6806338982035671,0.41523287581733415,39,blocked
39292,92,0,0.813300686467896,0.48332372862808687,39,blocked
39293,93,0,0.5658736745333084,0.49597149242080873,39,blocked
39294,94,0,0.24709592114938034,0.4024845725479762,39,blocked
39295,95,0,0.9100632382863348,0.3585939405231264,39,blocked
39296,96,0,0.15571522578432823,0.495824879336651,39,blocked
39297,97,0,0.1504011179353087,0.446733221164752,39,blocked
39298,98,0,0.5051475752927688,0.4665714977561447,39,blocked
39299,99,0,0.2669884940116465,0.517101360665053,39,blocked
39300,100,0,0.331750607732922,0.4482255422346946,39,blocked
39301,101,0,0.716153586750821,0.4836284828047693,39,blocked
39302,102,0,0.7060650577832401,0.6286929198265092,39,blocked
39303,103,0,0.7110628193769899,0.4850134134096267,39,blocked
39304,104,0,0.389353791324026,0.6003285343690551,39,blocked
39305,105,0,0.9564937353258631,0.5150115844313434,39,blocked
39306,106,0,0.15764377075691316,0.511672350781447,39,blocked
39307,107,0,0.8289867891589067,0.5154468970902548,39,blocked
39308,108,0,0.7927890271822978,0.4279236338558615,39,blocked
39309,109,0,0.2391602003403917,0.5412285335529856,39,blocked
39310,110,0,0.7239184692791599,0.49765224588292656,39,blocked
39311,111,0,0.924909713460988,0.42636563287467577,39,blocked
39312,112,0,0.4351310524738212,0.6375411705585246,39,blocked
39313,113,0,0.7835724759155094,0.5013361583812047,39,blocked
39314,114,0,0.6797221811138278,0.4893394459707853,39,blocked
39315,115,0,0.49185730141657197,0.5194838472884625,39,blocked
39316,116,0,0.3260273302343992,0.44538166959731784,39,blocked
39317,117,0,0.7258874951795741,0.4846732915266334,39,blocked
39318,118,0,0.6689564090225706,0.49693018847005993,39,blocked
39319,119,0,0.34215650475411385,0.4128715041047981,39,blocked
39320,120,0,0.36254818260831234,0.37287328848048795,39,blocked
39321,121,0,0.36841731906452707,0.5472965179648215,39,blocked
39322,122,0,0.3918089270348701,0.39355941633044267,39,blocked
39323,123,0,0.47292885450237543,0.465674666566372,39,blocked
39324,124,0,0.547997250321813,0.49360461930415755,39,blocked
39325,125,0,0.5530784992832581,0.3648282236927242,39,blocked
39326,126,0,0.43929951773704623,0.41508714045162215,39,blocked
39327,127,0,0.5883815608637353,0.49926991483218236,39,blocked
39328,128,0,0.41908675990344474,0.4642037041441928,39,blocked
39329,129,0,0.6126556596283514,0.3899766709218023,39,blocked
39330,130,0,0.6114597278704358,0.5240790712997533,39,blocked
39331,131,0,0.45347391875414106,0.4606459628274373,39,blocked
39332,132,0,0.4929270391677337,0.3718039723502975,39,blocked
39333,133,0,0.3584311340009284,0.42652101721105123,39,blocked
39334,134,0,0.4111515837051506,0.5071220569574331,39,blocked
39335,135,0,0.4963739718781434,0.4980973617725063,39,blocked
39336,136,0,0.5793765850959578,0.5317221541164654,39,blocked
39337,137,0,0.5703265642576358,0.3947386789951184,39,blocked
39338,138,0,0.4322719266340019,0.5570000099270735,39,blocked
39339,139,0,0.5107398471474056,0.4209140253772183,39,blocked
39340,140,0,0.5138600405626234,0.37551340113796167,39,blocked
39341,141,0,0.5393984657122338,0.49491921617274337,39,blocked
39342,142,0,0.6223354050262289,0.4535206606365978,39,blocked
39343,143,0,0.5367877727670789,0.49593388073122324,39,blocked
39344,144,0,0.26590440693454664,0.4659852586247979,39,blocked
39345,145,0,0.23165082334919335,0.4850769719076953,39,blocked
39346,146,0,0.4776622844773567,0.5277624035958397,39,blocked
39347,147,0,0.37724183898902974,0.4733818046147169,39,blocked
39348,148,0,0.48121215982831594,0.3927993900103225,39,blocked
39349,149,0,0.6165207523185338,0.35369847962132006,39,blocked
39350,150,0,0.6603516342307026,0.467514527018148,39,blocked
39351,151,0,0.4751951528342772,0.6198017525949655,39,blocked
39352,152,0,0.30213425041987646,0.6558471008853121,39,blocked
39353,153,0,0.46905127479574293,0.41783319281154585,39,blocked
39354,154,0,0.6735457471517323,0.6187260808105219,39,blocked
39355,155,0,0.5753163019284495,0.3112300628419844,39,blocked
39356,156,0,0.3564937233650818,0.43170783689760395,39,blocked
39357,157,0,0.4757019269517082,0.4114084239165262,39,blocked
39358,158,0,0.3779385969272514,0.516043237732732,39,blocked
39359,159,0,0.40943554975461605,0.5351070312797019,39,blocked
39360,160,0,0.6560082210955006,0.4046871677675764,39,blocked
39361,161,0,0.6550993113775303,0.4891733653657152,39,blocked
39362,162,0,0.6449112560636683,0.5070521732120263,39,blocked
39363,163,0,0.3432066066532115,0.41712682852741323,39,blocked
39364,164,0,0.4541873190027895,0.5389945083822814,39,blocked
39365,165,0,0.5636027359511242,0.3500784956741211,39,blocked
39366,166,0,0.5515327369795866,0.3969721946879984,39,blocked
39367,167,0,0.561737811208923,0.43625417280851786,39,blocked
39368,168,0,0.3706122894217242,0.47926018926115355,39,blocked
39369,169,0,0.27768088503099053,0.5842080555740252,39,blocked
39370,170,0,0.5320050255908603,0.5270079029039815,39,blocked
39371,171,0,0.44119907301825456,0.5154912004844902,39,blocked
39372,172,0,0.6091799879328907,0.34980321209030707,39,blocked
39373,173,0,0.3453401904706365,0.45937233152747664,39,blocked
39374,174,0,0.30732420506278346,0.519461779769768,39,blocked
39375,175,0,0.4622862901784971,0.3818112843514512,39,blocked
39376,176,0,0.48901046949795196,0.3982170163418848,39,blocked
39377,177,0,0.5565561064305774,0.4066260494081038,39,blocked
39378,178,0,0.6058305344526558,0.5878629323255198,39,blocked
39379,179,0,0.44658666079870224,0.3740957260571256,39,blocked
39380,180,0,0.46129196790339705,0.5444032350551634,39,blocked
39381,181,0,0.4781408021043948,0.48099619165665775,39,blocked
39382,182,0,0.6179341597775644,0.34223029935757154,39,blocked
39383,183,0,0.4903647261000053,0.5057476837050148,39,blocked
39384,184,0,0.5063968429123205,0.4796466382619494,39,blocked
39385,185,0,0.47538286852962786,0.6143493443298835,39,blocked
39386,186,0,0.6034014728354757,0.5244667913148973,39,blocked
39387,187,0,0.35967468252369594,0.5340388642738384,39,blocked
39388,188,0,0.7985803574723418,0.43629537782842054,39,blocked
39389,189,0,0.4185892239264303,0.6250044271296618,39,blocked
39390,190,0,0.29870043148465447,0.46575486916761233,39,blocked
39391,191,0,0.4102204774010081,0.4792876382535224,39,blocked
39392,192,0,0.664911261927724,0.3597606856045248,39,blocked
39393,193,0,0.5501146851633638,0.4436002649445797,39,blocked
39394,194,0,0.41772200185084485,0.38538775013353355,39,blocked
39395,195,0,0.4689750326896889,0.45213788454358267,39,blocked
39396,196,0,0.6900015135489672,0.49192113643246943,39,blocked
39397,197,0,0.5779112710165774,0.4684779980561625,39,blocked
39398,198,0,0.6858066808184882,0.4521615858287894,39,blocked
39399,199,0,0.5758100231242339,0.44105047108574735,39,blocked
39400,0,0,0.5880580018384416,0.9295088399456695,39,early
39401,1,1,0.5002270271142917,1.010183755619472,39,early
39402,2,2,0.6134871294764205,0.6783205051106943,39,early
39403,3,3,0.519712007290038,0.7770152429936161,39,early
39404,4,2,0.8578349441941022,0.6320546750140867,39,early
39405,5,4,0.771919257725596,0.7212073441881504,39,early
39406,6,3,0.22081899059051685,0.6470686094281545,39,early
39407,7,0,0.9186803974814197,0.5721407025534007,39,early
39408,8,0,0.6658086691236333,0.5710154156614804,39,early
39409,9,0,0.6458031418761601,0.6543883004126486,39,early
39410,10,0,0.38374029566242385,0.7297735380416366,39,early
39411,11,0,0.3767077288594091,0.6308545539446594,39,early
39412,12,2,0.36014574236258073,0.6060917927586205,39,early
39413,13,4,0.7358882579985458,0.6706633008406628,39,early
39414,14,0,0.69763368140294,0.8047002872687448,39,early
39415,15,0,0.386742264599692,0.7234752592473679,39,early
39416,16,2,0.6875080231475993,0.6668348130298566,39,early
39417,17,3,0.33393677166490093,0.6824863144155273,39,early
39418,18,0,0.948447790479138,0.7845750717129822,39,early
39419,19,5,0.5966364320420099,0.9235974318561905,39,early
39420,20,4,0.7354585604323787,0.5073275389288353,39,early
39421,21,3,0.9181865855849798,0.6260576694381697,39,early
39422,22,2,0.026036933749059937,0.6844517326972355,39,early
39423,23,0,0.638393651518718,0.491816664277826,39,early
39424,24,3,0.8591761528611934,0.6271964658984411,39,early
39425,25,3,0.9454467156033926,0.6437933171450501,39,early
39426,26,0,0.37978526040138605,0.6627560843846585,39,early
39427,27,6,0.4429012201929325,0.7506251643170507,39,early
39428,28,7,0.4197092181799532,0.6479187211293057,39,early
39429,29,0,0.648132865837703,0.41781079544801136,39,early
39430,30,3,0.8653296662088669,0.5499579719162104,39,early
39431,31,0,0.6225280573330669,0.48922546204734957,39,early
39432,32,0,0.3779704044770077,0.5127563123021368,39,early
39433,33,0,0.5850487313117292,0.5096739947602593,39,early
39434,34,0,0.3536907091058323,0.5375841288887149,39,early
39435,35,0,0.7149997239673072,0.6464323111969821,39,early
39436,36,2,0.3637426489118841,0.7420819162915049,39,early
39437,37,0,0.4164136540428065,0.8543243799807534,39,early
39438,38,0,0.42387632392874647,0.6977912252996996,39,early
39439,39,0,0.3659389232891507,0.7092280506053281,39,early
39440,40,0,0.7850449837271292,0.5695906346599567,39,early
39441,41,0,0.22189877180470113,0.5406742445376753,39,early
39442,42,0,0.7165891524910382,0.4465355344102768,39,early
39443,43,0,0.7680215328044537,0.5226120478551743,39,early
39444,44,0,0.8238774635547903,0.4544608465379947,39,early
39445,45,3,0.738623364011369,0.6464489132875532,39,early
39446,46,0,0.2973929291971196,0.5359988200160639,39,early
39447,47,0,0.2481647045513796,0.5144862439354168,39,early
39448,48,2,0.29364280876082494,0.5375140697933332,39,early
39449,49,2,0.20507786608849357,0.6546685370760432,39,early
39450,50,0,0.7290318385294935,0.5515904344274083,39,early
39451,51,0,0.21190050129808638,0.5903330263244592,39,early
39452,52,0,0.8285682118975719,0.4357517180786521,39,early
39453,53,0,0.8426453308781137,0.7108989014785915,39,early
39454,54,0,0.7910663705851602,0.43468653229275106,39,early
39455,55,0,0.7787587182731432,0.40635929455451797,39,early
39456,56,0,0.8234118377247072,0.4970693873705401,39,early
39457,57,0,0.6803109010671986,0.5645338552820565,39,early
39458,58,0,0.22502973662187883,0.4256105130111266,39,early
39459,59,0,0.22766657995336942,0.5838165251260407,39,early
39460,60,0,0.8250997404822472,0.4307571057263687,39,early
39461,61,0,0.7929967715715515,0.48549870781441806,39,early
39462,62,0,0.1423273655896277,0.5221085348733991,39,early
39463,63,0,0.3349958877493058,0.4184028466181162,39,early
39464,64,0,0.2352535303941236,0.4218637374934905,39,early
39465,65,0,0.24470732941828854,0.4011266040465956,39,early
39466,66,0,0.18060372679846268,0.573904151164904,39,early
39467,67,0,0.7940169194456728,0.5042938610025864,39,early
39468,68,0,0.7571707548110862,0.3693885228335374,39,early
39469,69,0,0.6907040598259064,0.4945088466443065,39,early
39470,70,0,0.23972894571797299,0.6289816730199228,39,early
39471,71,0,0.6170163116698173,0.5032839132367579,39,early
39472,72,0,0.38302490622794294,0.4918979248625206,39,early
39473,73,3,0.4206279077065781,0.5216935625168044,39,early
39474,74,0,0.7186464671385376,0.5086464898322837,39,early
39475,75,0,0.7293526458566664,0.5743656929175631,39,early
39476,76,0,0.7629286182257795,0.47834303620625096,39,early
39477,77,0,0.783066501672359,0.5617877797536658,39,early
39478,78,0,0.306831828967045,0.566686046013448,39,early
39479,79,0,0.6737689186471346,0.4404569482368185,39,early
39480,80,0,0.7152085423581778,0.42616911773442645,39,early
39481,81,0,0.7403948614750434,0.45962906522779723,39,early
39482,82,0,0.22537822746301647,0.5479947834700156,39,early
39483,83,0,0.6864722698267539,0.4914500312446289,39,early
39484,84,0,0.275921579137181,0.5430575294092782,39,early
39485,85,0,0.33870255104805436,0.3672065778855689,39,early
39486,86,0,0.7729217746817065,0.36667195566057076,39,early
39487,87,0,0.37230407271419735,0.4801566723474303,39,early
39488,88,0,0.7542508201829412,0.6120829670375776,39,early
39489,89,0,0.5545694260559677,0.4687928620866558,39,early
39490,90,0,0.13810954176692203,0.6232586014765147,39,early
39491,91,0,0.43316117315688124,0.531264008891257,39,early
39492,92,0,0.17241606603318066,0.3846067521123221,39,early
39493,93,0,0.5925506899212379,0.4150941542278202,39,early
39494,94,0,0.81231611652102,0.5040482826248778,39,early
39495,95,0,0.6597355706678916,0.4937533881257271,39,early
39496,96,0,0.8012112758716263,0.37779944470301263,39,early
39497,97,0,0.5672049339223618,0.506606604782804,39,early
39498,98,0,0.13253735257142707,0.43020765985891135,39,early
39499,99,0,0.35621072977401486,0.4048127907040266,39,early
39500,100,0,0.20502355001654626,0.5227648401013515,39,early
39501,101,0,0.2888408770874673,0.5737441773933476,39,early
39502,102,0,0.16638899654687256,0.4956631868631657,39,early
39503,103,0,0.6066666933579973,0.7122822929350375,39,early
39504,104,0,0.8390737371773298,0.4841902073385619,39,early
39505,105,0,0.25641757749284294,0.6737626727903933,39,early
39506,106,0,0.8341022883328445,0.41580207874042197,39,early
39507,107,0,0.43031125102822326,0.46810135023758603,39,early
39508,108,0,0.8638707747043071,0.3457022777882086,39,early
39509,109,0,0.5210527959944462,0.5065209785053127,39,early
39510,110,0,0.8860090328686432,0.4949380060863787,39,early
39511,111,0,0.3854099767355231,0.4481240264209281,39,early
39512,112,0,0.8993556452141118,0.4596782523903736,39,early
39513,113,0,0.506619329266672,0.37191872877416626,39,early
39514,114,0,0.146167800353025,0.6483326738895607,39,early
39515,115,0,0.5202469844205534,0.5873552459441478,39,early
39516,116,0,0.8885462498742561,0.5410982268929627,39,early
39517,117,0,0.5216596253947118,0.4307867735515937,39,early
39518,118,0,0.8968261175934873,0.39396922936442813,39,early
39519,119,0,0.564104420996815,0.5437752799710883,39,early
39520,120,0,0.14372111615554703,0.5254828110082861,39,early
39521,121,0,0.5577450819897625,0.4339106709272589,39,early
39522,122,0,0.8611802713720222,0.4335695673158081,39,early
39523,123,0,0.5834620826289008,0.536240478695841,39,early
39524,124,0,0.14050700081507395,0.47385702022451315,39,early
39525,125,0,0.35743142084227725,0.4316064742749224,39,early
39526,126,0,0.13991891202764695,0.6259954596121347,39,early
39527,127,0,0.6429522648676165,0.43982167789294757,39,early
39528,128,0,0.8024688557282923,0.37641964812946327,39,early
39529,129,0,0.5965392247210439,0.4114747825854246,39,early
39530,130,0,0.1573352182997093,0.4504638190796601,39,early
39531,131,0,0.47644925423740236,0.47316975064254957,39,early
39532,132,0,0.14119556506304268,0.5997544057265203,39,early
39533,133,0,0.6023347870872812,0.3998569522485368,39,early
39534,134,0,0.17459769471395345,0.45355113702512073,39,early
39535,135,0,0.49112333698787636,0.5201038716561347,39,early
39536,136,0,0.7841926405563373,0.44200681393055785,39,early
39537,137,0,0.3800674671621339,0.3861794499547079,39,early
39538,138,0,0.15095852473333257,0.5338839900812913,39,early
39539,139,0,0.5804414686337441,0.5793210284058523,39,early
39540,140,0,0.7791591792275947,0.4180097714374393,39,early
39541,141,0,0.6104999838572183,0.4590997538259866,39,early
39542,142,0,0.16078244969999542,0.48599482839411084,39,early
39543,143,0,0.5368182245261146,0.5993779364266805,39,early
39544,144,0,0.8066126380107094,0.4300180327373587,39,early
39545,145,0,0.5014312795880967,0.40538707929658063,39,early
39546,146,0,0.20613488434492633,0.6538117497745703,39,early
39547,147,0,0.5769560970370411,0.5846749214550557,39,early
39548,148,0,0.7759417182826589,0.42560031264436315,39,early
39549,149,0,0.48442663872532377,0.4978139523486328,39,early
39550,150,0,0.8074192008651735,0.4129303765442417,39,early
39551,151,0,0.47700516252103276,0.3272415327514897,39,early
39552,152,0,0.19058387951995268,0.4322413347774276,39,early
39553,153,0,0.6308137759997093,0.6285737668704591,39,early
39554,154,0,0.169957645527574,0.5492357102577852,39,early
39555,155,0,0.6797099802500275,0.4529815714189136,39,early
39556,156,0,0.7337945984655174,0.47165560672844953,39,early
39557,157,0,0.6219598511881026,0.40384669806469486,39,early
39558,158,0,0.8203570365829136,0.4925925442888077,39,early
39559,159,0,0.34716099446158294,0.38385623629944776,39,early
39560,160,0,0.13093493245192867,0.5371994399302127,39,early
39561,161,0,0.8479532464000732,0.544145838272993,39,early
39562,162,0,0.8551482524034532,0.361049178015737,39,early
39563,163,0,0.5340503051393609,0.433627060167872,39,early
39564,164,0,0.4655695579033349,0.41279692488956643,39,early
39565,165,0,0.14876277080989175,0.5085905296066614,39,early
39566,166,0,0.14468319256640913,0.49575182785528116,39,early
39567,167,0,0.5387945812208387,0.49004878007381636,39,early
39568,168,0,0.8418832531974064,0.41863197308376077,39,early
39569,169,0,0.12706044876885464,0.5132438281158808,39,early
39570,170,2,0.3437062420093464,0.5596974278133272,39,early
39571,171,0,0.5738486166710542,0.6354762547192288,39,early
39572,172,0,0.5593395254145782,0.4516327075783233,39,early
39573,173,0,0.5923892393244773,0.47388878378319194,39,early
39574,174,0,0.12949291067522758,0.4608070116367253,39,early
39575,175,0,0.3954125889175282,0.4342880584932669,39,early
39576,176,0,0.59205554640398,0.4646992805140248,39,early
39577,177,0,0.8342305792601834,0.40774919821417,39,early
39578,178,0,0.1435742098352446,0.5395004083071627,39,early
39579,179,0,0.1465041968046357,0.3961264032122692,39,early
39580,180,0,0.8525710501660199,0.4260950828607014,39,early
39581,181,0,0.8550259339565068,0.4487601780975928,39,early
39582,182,0,0.8835949827152911,0.4470812894986125,39,early
39583,183,0,0.16225176410915057,0.6677625866867987,39,early
39584,184,0,0.5176302239378674,0.45434000505965855,39,early
39585,185,0,0.4299855969178101,0.3831781646524911,39,early
39586,186,0,0.862688702412131,0.37477283268483585,39,early
39587,187,0,0.8595338547269094,0.5716450618552134,39,early
39588,188,0,0.8475820948400805,0.3666030238656628,39,early
39589,189,0,0.5320919631943275,0.4561914651082226,39,early
39590,190,0,0.5187899468485386,0.40142862323466255,39,early
39591,191,0,0.4208171089533891,0.40340411167227824,39,early
39592,192,0,0.8775495261013,0.454042495824005,39,early
39593,193,0,0.4472916857511371,0.5307834895982687,39,early
39594,194,0,0.4266008981546523,0.4410522898429279,39,early
39595,195,0,0.8928745938928632,0.631459871698337,39,early
39596,196,0,0.8348792191950957,0.5106650247582826,39,early
39597,197,0,0.8802188768617492,0.49225931846876214,39,early
39598,198,0,0.0910418708334146,0.4750166909764347,39,early
39599,199,0,0.3963943712174787,0.3759161026865555,39,early
39600,0,0,0.23218462499018627,0.7189859886504791,39,middle
39601,1,0,0.6801199335769457,0.4848406298146928,39,middle
39602,2,0,0.3392181252152644,0.4750573040772985,39,middle
39603,3,0,0.6669418684565538,0.6355294895960995,39,middle
39604,4,0,0.7995000421647704,0.5747217081967178,39,middle
39605,5,0,0.2584155828615314,0.7166358383290452,39,middle
39606,6,0,0.8669390604469954,0.5185370414381967,39,middle
39607,7,0,0.2389433284342932,0.6117894890574667,39,middle
39608,8,0,0.7893359668927354,0.6885130951150733,39,middle
39609,9,0,0.6669227470180548,0.4508475548009607,39,middle
39610,10,0,0.8059208592574505,0.5827273380342146,39,middle
39611,11,0,0.2523906338264639,0.6046408921468238,39,middle
39612,12,0,0.3426622202532525,0.4610318595216305,39,middle
39613,13,0,0.48775424082933666,0.6102988322149336,39,middle
39614,14,0,0.29085731990487995,0.7665329466595396,39,middle
39615,15,0,0.6009430094595958,0.5135745184610634,39,middle
39616,16,0,0.7981030979755996,0.6715080032320774,39,middle
39617,17,0,0.3918993653554351,0.5126865067031958,39,middle
39618,18,0,0.42489533959623815,0.49174084938927826,39,middle
39619,19,0,0.36840134709914124,0.3887332299090219,39,middle
39620,20,0,0.4982611067205286,0.5696366361715668,39,middle
39621,21,0,0.44099972544637933,0.6020898650416708,39,middle
39622,22,0,0.35007740683976174,0.49993058199465146,39,middle
39623,23,0,0.508721649345121,0.4722899968687988,39,middle
39624,24,0,0.5064507863620961,0.5377454269261414,39,middle
39625,25,0,0.4847405812160037,0.47101686074238536,39,middle
39626,26,0,0.4659633487547489,0.5265093923587342,39,middle
39627,27,0,0.5368643518815859,0.4907805442980713,39,middle
39628,28,0,0.4554692340997969,0.5378479048792644,39,middle
39629,29,0,0.37480161366843734,0.5684310015700955,39,middle
39630,30,0,0.36305225285497,0.60085926371073,39,middle
39631,31,0,0.6392648104203262,0.48573739769500685,39,middle
39632,32,0,0.44704153037356825,0.4727175024418856,39,middle
39633,33,0,0.2924206094238694,0.5458147141084456,39,middle
39634,34,0,0.4801941334479751,0.5662678649497597,39,middle
39635,35,0,0.4210491241490415,0.5137150938383603,39,middle
39636,36,0,0.5846489682964187,0.5449007964415282,39,middle
39637,37,0,0.48205455744310344,0.4402562519314049,39,middle
39638,38,0,0.6611223694284454,0.34406078390520667,39,middle
39639,39,0,0.598574022619392,0.573525029555976,39,middle
39640,40,0,0.57578035276452,0.5126525911861258,39,middle
39641,41,0,0.6169928812795875,0.4923140029692262,39,middle
39642,42,0,0.5576783901358275,0.6259007583661789,39,middle
39643,43,0,0.7892573274745874,0.5274380444868226,39,middle
39644,44,0,0.479378150117046,0.4820305342238508,39,middle
39645,45,0,0.5867031614937145,0.2984533355346851,39,middle
39646,46,0,0.5024665331677995,0.4200505629774659,39,middle
39647,47,0,0.8173199349552773,0.3989171962788952,39,middle
39648,48,0,0.6348132557637055,0.48200227872711654,39,middle
39649,49,0,0.4074642622862341,0.5139368007572236,39,middle
39650,50,0,0.6540300173895504,0.5003816974083153,39,middle
39651,51,0,0.645913862645519,0.5498757928357565,39,middle
39652,52,0,0.6987385199824224,0.5704762754466572,39,middle
39653,53,0,0.790166877048365,0.5222955768828317,39,middle
39654,54,0,0.7382262870717484,0.608739649324759,39,middle
39655,55,0,0.34994834098267547,0.6449446828265144,39,middle
39656,56,0,0.666368126463038,0.5255230416465856,39,middle
39657,57,0,0.3614074006646957,0.6704445427754879,39,middle
39658,58,0,0.7594604417257804,0.49954990361257423,39,middle
39659,59,0,0.7683040507992178,0.4629018457117323,39,middle
39660,60,0,0.7045776982283178,0.46147871934656726,39,middle
39661,61,0,0.5794244939548122,0.43981639754572954,39,middle
39662,62,0,0.43119648375263875,0.38177118320288783,39,middle
39663,63,0,0.8607313859106052,0.435490306028122,39,middle
39664,64,0,0.20418771962149485,0.4538463486770895,39,middle
39665,65,0,0.5960044081157286,0.4584282260081075,39,middle
39666,66,0,0.7547554085781252,0.3582358531721447,39,middle
39667,67,0,0.5535591823306257,0.4614607729031236,39,middle
39668,68,0,0.6180587579946422,0.5051100897049321,39,middle
39669,69,0,0.4908916417806039,0.4827948462448324,39,middle
39670,70,0,0.3212742560826744,0.42481854798561225,39,middle
39671,71,0,0.6614173179039913,0.5210895359645935,39,middle
39672,72,0,0.6689771819702366,0.5102299781893822,39,middle
39673,73,0,0.8666748075620454,0.6285834818697182,39,middle
39674,74,0,0.6193748302741728,0.4092283759206027,39,middle
39675,75,0,0.8124282587289136,0.4632785412084842,39,middle
39676,76,0,0.7522992778362176,0.477355579943995,39,middle
39677,77,0,0.263735569104911,0.36321727310736107,39,middle
39678,78,0,0.8707200174124685,0.4233361430882005,39,middle
39679,79,0,0.7988542225483035,0.48405324991721654,39,middle
39680,80,0,0.4776229560902039,0.5293619963435139,39,middle
39681,81,0,0.23939886575986816,0.4353315264362678,39,middle
39682,82,0,0.3937150274350122,0.5528797559794366,39,middle
39683,83,0,0.46744743371351105,0.354836870721559,39,middle
39684,84,0,0.4819260418724451,0.4920517270288841,39,middle
39685,85,0,0.5052125033263017,0.46002230944066547,39,middle
39686,86,0,0.3803016744793251,0.43366639268857166,39,middle
39687,87,0,0.3002082062409504,0.5565683743543499,39,middle
39688,88,0,0.4590826020447588,0.4424376617966007,39,middle
39689,89,0,0.39601044361236054,0.4610745804932077,39,middle
39690,90,0,0.4016666647644619,0.3774311369997302,39,middle
39691,91,0,0.30744403961696526,0.47752059717434425,39,middle
39692,92,0,0.42109473168625067,0.4581392888838962,39,middle
39693,93,0,0.49564229353905737,0.47370136972375,39,middle
39694,94,0,0.45204982316976994,0.5004392334491572,39,middle
39695,95,0,0.3736353166619887,0.5579474364281011,39,middle
39696,96,0,0.3498398129152923,0.5968116469556427,39,middle
39697,97,0,0.6342734858524532,0.5901017446092706,39,middle
39698,98,0,0.42406128877369964,0.5181203864910137,39,middle
39699,99,0,0.6948580641286193,0.4649798138039969,39,middle
39700,100,0,0.6307041737021197,0.4268110449172122,39,middle
39701,101,0,0.6506763802607103,0.5433062772513629,39,middle
39702,102,0,0.1890149146089214,0.5484288082625796,39,middle
39703,103,0,0.3205938254591554,0.5235939683740356,39,middle
39704,104,0,0.3146903564413296,0.5154591781483309,39,middle
39705,105,0,0.6648840322983364,0.4590391077914555,39,middle
39706,106,0,0.6001386977190698,0.5987952076091916,39,middle
39707,107,0,0.5981152224031627,0.5233435655448492,39,middle
39708,108,0,0.33602583545531495,0.481409678579669,39,middle
39709,109,0,0.7257494836181599,0.40750452849667473,39,middle
39710,110,0,0.23218740320322484,0.4644098321930427,39,middle
39711,111,0,0.29139678302409255,0.5001314620454572,39,middle
39712,112,0,0.6112409659811308,0.5511196443011415,39,middle
39713,113,0,0.37208489635603,0.5209817990869612,39,middle
39714,114,0,0.307039214742924,0.5636829677140691,39,middle
39715,115,0,0.687609215205067,0.48188614042367917,39,middle
39716,116,0,0.6934817473469959,0.4080635009090662,39,middle
39717,117,0,0.6997378338716327,0.6009378404406889,39,middle
39718,118,0,0.6017129556391918,0.4271771076438885,39,middle
39719,119,0,0.2188257691098211,0.6079581162381251,39,middle
39720,120,0,0.5810822039364484,0.565472264499578,39,middle
39721,121,0,0.746123071008383,0.3887619198231663,39,middle
39722,122,0,0.5343998504785274,0.6188844420296399,39,middle
39723,123,0,0.5344659009564298,0.41919784257218373,39,middle
39724,124,0,0.5363851146346726,0.42371471097849567,39,middle
39725,125,0,0.25494138275802136,0.42272152256508033,39,middle
39726,126,0,0.7019610357530512,0.4939794517818149,39,middle
39727,127,0,0.7306611778150172,0.4279894764463161,39,middle
39728,128,0,0.6644494514338843,0.47744859068804524,39,middle
39729,129,0,0.2980757081152081,0.6240612907119654,39,middle
39730,130,0,0.735581206109007,0.46026626040101604,39,middle
39731,131,0,0.7427028767454886,0.42157026786659,39,middle
39732,132,0,0.6421800187517913,0.5183269582296028,39,middle
39733,133,0,0.7112518477525194,0.4600065525316117,39,middle
39734,134,0,0.6123574465499566,0.4897816019345397,39,middle
39735,135,0,0.7552431546766024,0.4353177943441787,39,middle
39736,136,0,0.8657726454988384,0.5587028932776565,39,middle
39737,137,0,0.21830033913464733,0.5115108971112163,39,middle
39738,138,0,0.7409595892295551,0.45964208957246766,39,middle
39739,139,0,0.7505939250293695,0.3939891337061916,39,middle
39740,140,0,0.4571664000093685,0.37014251719658514,39,middle
39741,141,0,0.5098818952762536,0.5401468583227869,39,middle
39742,142,0,0.5667501810536979,0.3767914468343484,39,middle
39743,143,0,0.6782998501419057,0.4437536563507224,39,middle
39744,144,0,0.4838352353343918,0.39892765972970906,39,middle
39745,145,0,0.5949935615992614,0.36464727469840363,39,middle
39746,146,0,0.5471294497002872,0.47236996310161483,39,middle
39747,147,0,0.8449398964682715,0.5643199702038986,39,middle
39748,148,0,0.3847492532445852,0.47165136443787137,39,middle
39749,149,0,0.13403971831746742,0.4677421986156573,39,middle
39750,150,0,0.5676273182344295,0.5249466799792518,39,middle
39751,151,0,0.7663249411637137,0.4091058192638998,39,middle
39752,152,0,0.6883471680478978,0.5658664997568532,39,middle
39753,153,0,0.22300915245127,0.47736089961723616,39,middle
39754,154,0,0.49288451437636055,0.4150588408040269,39,middle
39755,155,0,0.2848872766102397,0.5635283179075885,39,middle
39756,156,0,0.629306042621263,0.43726679891930664,39,middle
39757,157,0,0.11323735019031662,0.5007268370574605,39,middle
39758,158,0,0.5209891048128333,0.37128738221673474,39,middle
39759,159,0,0.7685735437014876,0.412759635038146,39,middle
39760,160,0,0.562726129589837,0.4505932819545516,39,middle
39761,161,0,0.7022526430275696,0.4074786307938688,39,middle
39762,162,0,0.7569578817234413,0.43222932375588635,39,middle
39763,163,0,0.768477091353812,0.45711261659297975,39,middle
39764,164,0,0.13331417065327292,0.47470195702025747,39,middle
39765,165,0,0.5558198287187576,0.4369460342989776,39,middle
39766,166,0,0.20670965211285272,0.4804555545507963,39,middle
39767,167,0,0.67958390473008,0.3777698662287452,39,middle
39768,168,0,0.5909897907973993,0.4416989792578675,39,middle
39769,169,0,0.7463708595629964,0.45498663830235,39,middle
39770,170,0,0.6332374342856886,0.6523206024818726,39,middle
39771,171,0,0.8755931701705151,0.4560487967991219,39,middle
39772,172,0,0.8097623761499217,0.4834346446191224,39,middle
39773,173,0,0.8240686855932041,0.49734738828207725,39,middle
39774,174,0,0.3201506973981377,0.5627440151495702,39,middle
39775,175,0,0.8136998941463076,0.5215441395871627,39,middle
39776,176,0,0.5189489769749752,0.35072470909655273,39,middle
39777,177,0,0.4298228674566063,0.3884061829186718,39,middle
39778,178,0,0.5897422772818627,0.47601007946274154,39,middle
39779,179,0,0.29327872135784316,0.46771702944758764,39,middle
39780,180,0,0.1479571146676722,0.44391920722469175,39,middle
39781,181,0,0.18413022212829358,0.4488428524686233,39,middle
39782,182,0,0.3781145458300295,0.5006955394037262,39,middle
39783,183,0,0.7919350981299896,0.5177260871371334,39,middle
39784,184,0,0.46987068652808145,0.45831109460281216,39,middle
39785,185,0,0.35108657204599675,0.5446861203417989,39,middle
39786,186,0,0.3642431876530003,0.4939882759575846,39,middle
39787,187,0,0.34711194613500274,0.5928138331245416,39,middle
39788,188,0,0.8109687084417585,0.5064954441183502,39,middle
39789,189,0,0.42788285226543016,0.48077858697169507,39,middle
39790,190,0,0.42979758091958686,0.41044273493115435,39,middle
39791,191,0,0.831517265191619,0.5994829764331693,39,middle
39792,192,0,0.23870682899386075,0.4151281931947096,39,middle
39793,193,0,0.41999493849665515,0.4914274482751815,39,middle
39794,194,0,0.5877792801787023,0.3572123651829172,39,middle
39795,195,0,0.6292220576552843,0.3846201372706766,39,middle
39796,196,0,0.6211930897266633,0.48110852362175327,39,middle
39797,197,0,0.619486551540638,0.33206030522156793,39,middle
39798,198,0,0.8161114011823006,0.4427709523165138,39,middle
39799,199,0,0.753828505092659,0.33209486660845783,39,middle
39800,0,0,0.5805068219736507,0.7357704775370761,39,late
39801,1,1,0.6712076391494919,0.919350142298287,39,late
39802,2,2,0.9758204405162857,0.8402878617605336,39,late
39803,3,3,0.3528438423347091,0.8930032800021768,39,late
39804,4,4,0.35152260263754376,1.0749599389068116,39,late
39805,5,5,0.6453723302411277,0.9914365087966136,39,late
39806,6,6,0.002217628834383041,1.313654380142604,39,late
39807,7,3,0.2701680499116887,0.6864811106918896,39,late
39808,8,7,0.28228058287679186,0.8171804768904687,39,late
39809,9,8,0.18810897645443772,0.8094654150280269,39,late
39810,10,0,0.5717053513449364,0.6601318554118626,39,late
39811,11,9,0.6490852882458144,0.9054644777097423,39,late
39812,12,0,0.5483103866179113,0.5963497679842424,39,late
39813,13,10,0.39496832654938474,1.3330844142413276,39,late
39814,14,11,0.2264622117150843,1.0468164030295515,39,late
39815,15,12,0.3822359925657408,0.9817376573393631,39,late
39816,16,8,0.5857299004301992,0.6144837748100436,39,late
39817,17,13,0.7844782079937589,0.7429374772232922,39,late
39818,18,14,0.4310444720128199,0.8417441710882456,39,late
39819,19,8,0.05360406541284177,0.6116751844926216,39,late
39820,20,0,0.447031353422657,0.5188299435041638,39,late
39821,21,15,0.4605057611397243,1.1128774884293917,39,late
39822,22,16,0.43620100269701684,1.2754623517429144,39,late
39823,23,17,0.7051292138750677,0.8367333189627822,39,late
39824,24,18,0.535109867237991,0.7426847518595157,39,late
39825,25,19,0.6171256852413735,1.0431191497043084,39,late
39826,26,0,0.3292696035549866,0.6183739371206386,39,late
39827,27,8,0.8392012555788344,0.6061223357973404,39,late
39828,28,20,0.9413278446466182,0.8343753031619874,39,late
39829,29,21,0.8341865415602697,0.7893556972728483,39,late
39830,30,22,0.4896444398029947,0.5720564371629093,39,late
39831,31,0,0.6306193584193736,0.5217770087222273,39,late
39832,32,23,0.1761614565588891,1.1536955644996882,39,late
39833,33,24,0.9998546751281661,1.243846397882101,39,late
39834,34,25,0.5146781894044832,1.1970990967870485,39,late
39835,35,26,0.030613048607205873,1.0529486374586638,39,late
39836,36,27,0.592251893935046,1.0897313991934998,39,late
39837,37,3,0.2848090517909144,0.631887140473285,39,late
39838,38,28,0.501730653723394,0.8734557551381754,39,late
39839,39,29,0.49195603571559615,0.7375807591068921,39,late
39840,40,30,0.5016495062124886,1.0635283292335536,39,late
39841,41,31,0.06949769479116984,0.9936234362106582,39,late
39842,42,32,0.042483909574643756,1.2480528163679159,39,late
39843,43,0,0.4901959422445671,0.5654056952555782,39,late
39844,44,33,0.5421267849343808,0.6960657733648649,39,late
39845,45,8,0.06623441537701555,0.6221484963262311,39,late
39846,46,0,0.5107574565824228,0.570856682185289,39,late
39847,47,34,0.0005834392853200902,1.2752396415513414,39,late
39848,48,0,0.5392830520348308,0.6130431740289636,39,late
39849,49,35,0.5765990367019439,0.9238473833608543,39,late
39850,50,36,0.0008811278693886928,1.167084046542655,39,late
39851,51,37,0.8858160881872731,1.0277658241569165,39,late
39852,52,0,0.419874920472181,0.47746290131669655,39,late
39853,53,8,0.7413199883678625,0.5090719364823055,39,late
39854,54,33,0.9928783549363556,0.496209739141908,39,late
39855,55,0,0.21006904867599607,0.9196730055571659,39,late
39856,56,0,0.2529529566396032,0.6369731519468798,39,late
39857,57,38,0.319221905357154,1.2690690221501788,39,late
39858,58,39,0.7807417367733248,0.8485058952441756,39,late
39859,59,40,0.4495162066620951,1.1874096208536866,39,late
39860,60,41,0.5166372928481663,0.9861804352810712,39,late
39861,61,42,0.5677140044193367,1.1721031085986833,39,late
39862,62,0,0.4403013154208501,0.4851086594629992,39,late
39863,63,0,0.3716121147533815,0.5969196905751755,39,late
39864,64,43,0.38381198801947486,0.9458902570267004,39,late
39865,65,0,0.4204195303459603,0.6016700299054321,39,late
39866,66,44,0.6679242606833415,0.8873111423887736,39,late
39867,67,0,0.5014968643570832,0.5550545178764867,39,late
39868,68,0,0.5010852879029595,0.6394866011719551,39,late
39869,69,0,0.4939296583698959,0.6606520389310369,39,late
39870,70,0,0.3694478093535719,0.5901549908343442,39,late
39871,71,0,0.5079939540262808,0.7350397969755164,39,late
39872,72,0,0.41328910654032325,0.49857640386628577,39,late
39873,73,0,0.5918589325675969,0.3233900668043521,39,late
39874,74,0,0.4391522543109557,0.4460052249989914,39,late
39875,75,0,0.46679040596595833,0.47737183506298775,39,late
39876,76,0,0.33045441944961473,0.4336660923901219,39,late
39877,77,0,0.5524441809986573,0.4434888283336148,39,late
39878,78,0,0.4934805741084094,0.5158412317723579,39,late
39879,79,0,0.45648026635401456,0.44560334724070183,39,late
39880,80,0,0.532182064321893,0.5761392668289628,39,late
39881,81,0,0.6961162497241022,0.4299721585311823,39,late
39882,82,0,0.6051657725247381,0.4189779714930889,39,late
39883,83,0,0.34343534703482637,0.5104237914649077,39,late
39884,84,0,0.3125746903982486,0.47734107630891354,39,late
39885,85,0,0.18123576203234643,0.46870520889097783,39,late
39886,86,0,0.5976176125216539,0.41278910512799416,39,late
39887,87,0,0.4693920727456843,0.5852372674520585,39,late
39888,88,0,0.33499088559878976,0.4435830444428097,39,late
39889,89,0,0.4759665989112309,0.4937512936590294,39,late
39890,90,0,0.4140242232414161,0.4390956834854358,39,late
39891,91,0,0.5975365465973543,0.30664187009075716,39,late
39892,92,0,0.5677370877109406,0.3811004240594743,39,late
39893,93,0,0.7664107845128703,0.4812904681571102,39,late
39894,94,0,0.32814612150877553,0.42212101469710384,39,late
39895,95,0,0.5991302522103049,0.5762895503606105,39,late
39896,96,0,0.676833426714611,0.5734370280723047,39,late
39897,97,0,0.6391525650641459,0.3801228584853581,39,late
39898,98,0,0.42116949376536894,0.5460666170656416,39,late
39899,99,0,0.31082097147513366,0.3787907993085039,39,late
39900,100,0,0.3827490452791795,0.6174312858546753,39,late
39901,101,0,0.4136578450895574,0.4764282911350877,39,late
39902,102,0,0.6918268156681477,0.46018621592411935,39,late
39903,103,0,0.44819470116401017,0.4050935078205953,39,late
39904,104,0,0.5179746952325401,0.6359006718788327,39,late
39905,105,0,0.37159147293675643,0.4579501519523689,39,late
39906,106,0,0.6941389969567585,0.5586696346254569,39,late
39907,107,0,0.5042586595743536,0.3880740269441218,39,late
39908,108,0,0.4654760559699601,0.404914852602538,39,late
39909,109,0,0.614420977303872,0.3700807188446583,39,late
39910,110,0,0.2851184645623826,0.3592511446335555,39,late
39911,111,0,0.5005295397211624,0.625674793723157,39,late
39912,112,0,0.6001829181601301,0.2971211065614551,39,late
39913,113,0,0.6558744968597288,0.40771748064341523,39,late
39914,114,0,0.18445387467629265,0.4822384469781919,39,late
39915,115,0,0.5766923836937857,0.5525258417632258,39,late
39916,116,0,0.633815480310517,0.4275767473900125,39,late
39917,117,0,0.3942536363111775,0.3518263770140375,39,late
39918,118,0,0.506964840249184,0.4168857387555043,39,late
39919,119,0,0.3703674821423043,0.3772036196178491,39,late
39920,120,0,0.6250107151595965,0.444118742543537,39,late
39921,121,0,0.42082164073403855,0.3731735409018536,39,late
39922,122,0,0.5168614748000689,0.3691907494388055,39,late
39923,123,0,0.29524149243174147,0.3787815193911248,39,late
39924,124,0,0.5173124906179258,0.4964171216106221,39,late
39925,125,0,0.4978377384710166,0.3380523137788133,39,late
39926,126,0,0.45297763413198866,0.5152575213473155,39,late
39927,127,0,0.5660837645257601,0.3333748632294984,39,late
39928,128,0,0.49364406047621023,0.32217172730071175,39,late
39929,129,0,0.5374009005715319,0.31844294581893673,39,late
39930,130,0,0.5211831484739285,0.40805070011256095,39,late
39931,131,0,0.5589515962040857,0.3960478266501559,39,late
39932,132,0,0.551116633332916,0.40591832561395874,39,late
39933,133,0,0.47937882126516274,0.4441988162347789,39,late
39934,134,0,0.4502454638223917,0.4634627877711301,39,late
39935,135,0,0.497872646764717,0.3750666789068853,39,late
39936,136,0,0.5522524526303799,0.5564762327186688,39,late
39937,137,0,0.582583636711945,0.4306517846015872,39,late
39938,138,0,0.4219529252659474,0.27566653254753426,39,late
39939,139,0,0.42940882366210953,0.5339010499445614,39,late
39940,140,0,0.4532816878032029,0.48587082103819046,39,late
39941,141,0,0.556742899646144,0.40324094119059134,39,late
39942,142,0,0.40080356120950467,0.515794697664998,39,late
39943,143,0,0.49074128644285453,0.3259593742095884,39,late
39944,144,0,0.49274253850007893,0.4111543904047589,39,late
39945,145,0,0.44533535519294964,0.3834424906510179,39,late
39946,146,0,0.5091078803495652,0.47839168786418246,39,late
39947,147,0,0.39535369166029155,0.5105442307063981,39,late
39948,148,0,0.6237386507968463,0.43789815997472636,39,late
39949,149,0,0.519830466600611,0.41788084418272,39,late
39950,150,0,0.4816605753066197,0.37812578589952495,39,late
39951,151,0,0.48012347229304786,0.4395525400834419,39,late
39952,152,0,0.5032670035256317,0.40422907381911805,39,late
39953,153,0,0.5534368622210015,0.33916747346904186,39,late
39954,154,0,0.47488478762782715,0.3033186082292426,39,late
39955,155,0,0.5227442823140076,0.3562169381465162,39,late
39956,156,0,0.6059324155310042,0.4033237094229807,39,late
39957,157,0,0.5404825289627145,0.3841777220758746,39,late
39958,158,0,0.542433835918146,0.5395770915947177,39,late
39959,159,0,0.40784129904521804,0.43568183063267707,39,late
39960,160,0,0.49266273958668094,0.4880155954124153,39,late
39961,161,0,0.4469459846044406,0.5044705140493777,39,late
39962,162,0,0.5336643592607343,0.39408606280731207,39,late
39963,163,0,0.5141527082523221,0.45056831998988994,39,late
39964,164,0,0.5209643500122414,0.3426124572563606,39,late
39965,165,0,0.44240510502884733,0.4267442820480397,39,late
39966,166,0,0.5664036471097749,0.47542495563197174,39,late
39967,167,0,0.43332367910569275,0.3621544231411411,39,late
39968,168,0,0.5691496893769247,0.3422467492979535,39,late
39969,169,0,0.6042607971026615,0.3338005003610971,39,late
39970,170,0,0.3983918256288323,0.37890341077945655,39,late
39971,171,0,0.5645482683903453,0.3919989457755284,39,late
39972,172,0,0.5683800702943249,0.2713481764981047,39,late
39973,173,0,0.6228211030551436,0.5237032484828734,39,late
39974,174,0,0.5523206213924317,0.5227206045716872,39,late
39975,175,0,0.5483581167078997,0.5742169002926261,39,late
39976,176,0,0.5758752781689732,0.48422959758725836,39,late
39977,177,0,0.44610403110060903,0.33303577870383416,39,late
39978,178,0,0.7083025826904643,0.5514159658150941,39,late
39979,179,0,0.47554151423134206,0.37429216553329053,39,late
39980,180,0,0.6177981921305309,0.450603365258639,39,late
39981,181,0,0.6710124562248767,0.38390332396277455,39,late
39982,182,0,0.4935732386125124,0.4542762719165876,39,late
39983,183,0,0.6131308765609396,0.40064025396826025,39,late
39984,184,0,0.612494269339598,0.46891611697462576,39,late
39985,185,0,0.5266595220110811,0.4285291991800888,39,late
39986,186,0,0.4275443409082511,0.48773433780810593,39,late
39987,187,0,0.47417788507890746,0.34878522218764824,39,late
39988,188,0,0.6783924556959107,0.2523792885176811,39,late
39989,189,0,0.39425063563066554,0.32230728772179235,39,late
39990,190,0,0.26848817721392887,0.4482831658843158,39,late
39991,191,0,0.602300477786715,0.41286964681720717,39,late
39992,192,0,0.5383162582693721,0.3486281261262525,39,late
39993,193,0,0.3839498403785068,0.42000605412091496,39,late
39994,194,0,0.5393044286466464,0.48439396729227735,39,late
39995,195,0,0.4476420766637708,0.4521260837800629,39,late
39996,196,0,0.3849872783144748,0.49825533485481716,39,late
39997,197,0,0.5757177061659362,0.35131779844266897,39,late
39998,198,0,0.6129013399103227,0.4395111201440096,39,late
39999,199,0,0.4915656302097091,0.26173212108578175,39,late
40000,0,0,0.6139199683435896,0.6994050380561411,40,interleaved
40001,1,0,0.667831940238828,0.7032233913801973,40,interleaved
40002,2,0,0.2554883374069526,0.6903443087245755,40,interleaved
40003,3,0,0.652089619311295,0.7226772697045443,40,interleaved
40004,4,0,0.7766359937373104,0.5281596618698561,40,interleaved
40005,5,0,0.19833284976797955,0.705837165676577,40,interleaved
40006,6,1,0.20579620577114807,0.8369588969515407,40,interleaved
40007,7,0,0.4326457754683785,0.6123656861486555,40,interleaved
40008,8,0,0.5048970020717991,0.7812741866324284,40,interleaved
40009,9,0,0.7202612451923446,0.7023151459167939,40,interleaved
40010,10,0,0.6906599503677711,0.5929532141996852,40,interleaved
40011,11,0,0.34297682640759464,0.49835031436068444,40,interleaved
40012,12,0,0.7689761606866707,0.5578759314710731,40,interleaved
40013,13,0,0.4647103796714265,0.7000613961531676,40,interleaved
40014,14,0,0.5427376105771944,0.5775072563934549,40,interleaved
40015,15,0,0.23743848223234673,0.5064053566945603,40,interleaved
40016,16,0,0.719057922980463,0.6385759449279482,40,interleaved
40017,17,0,0.33044492069738773,0.6613341097133584,40,interleaved
40018,18,0,0.2566656637866648,0.7143906407934526,40,interleaved
40019,19,0,0.46592076696983015,0.4149313225535803,40,interleaved
40020,20,0,0.558580925964818,0.5656482009154071,40,interleaved
40021,21,0,0.6692706531858477,0.5445829333696914,40,interleaved
40022,22,0,0.23733304702603458,0.5887691473879777,40,interleaved
40023,23,0,0.37838279819249787,0.7017272217641963,40,interleaved
40024,24,0,0.40061344254193976,0.6088611956068,40,interleaved
40025,25,0,0.23803861388667075,0.41887867344718677,40,interleaved
40026,26,0,0.7754386157144998,0.5714998958409684,40,interleaved
40027,27,0,0.5500843777641574,0.5044296524080303,40,interleaved
40028,28,0,0.49535153653755093,0.4839344616847197,40,interleaved
40029,29,0,0.35002305608674167,0.4359996690637046,40,interleaved
40030,30,0,0.3113767333411762,0.6787534944422725,40,interleaved
40031,31,0,0.5514860583722557,0.4640119492755279,40,interleaved
40032,32,0,0.2664861428256041,0.5551070526821009,40,interleaved
40033,33,0,0.1258740607647584,0.4918679004703226,40,interleaved
40034,34,0,0.24111354848687305,0.48265682833378015,40,interleaved
40035,35,0,0.502973733138512,0.5206023819112118,40,interleaved
40036,36,0,0.54887745459339,0.48801358818028795,40,interleaved
40037,37,0,0.4614397958691492,0.6190382247744156,40,interleaved
40038,38,0,0.5736432742232376,0.4833017795353215,40,interleaved
40039,39,0,0.11773533962557281,0.554807456405889,40,interleaved
40040,40,0,0.39463095177435603,0.4937251999389365,40,interleaved
40041,41,0,0.39784362433277287,0.5319341931295569,40,interleaved
40042,42,0,0.7337229221444104,0.47059901449609554,40,interleaved
40043,43,0,0.16172508230670374,0.4711953019176265,40,interleaved
40044,44,0,0.33801804995878953,0.5210337310139546,40,interleaved
40045,45,0,0.5851399934100947,0.5780461112935703,40,interleaved
40046,46,0,0.5649593896935157,0.5347259262945373,40,interleaved
40047,47,0,0.6078681406237636,0.42349919944650855,40,interleaved
40048,48,0,0.6857653744186007,0.5453397670382842,40,interleaved
40049,49,0,0.2242557671369026,0.4388496264338301,40,interleaved
40050,50,0,0.5954605948474571,0.46538917470801144,40,interleaved
40051,51,0,0.6502219550730794,0.623603609318127,40,interleaved
40052,52,0,0.5644430126732944,0.40809617134767295,40,interleaved
40053,53,0,0.47968214956934874,0.5283203410031506,40,interleaved
40054,54,0,0.649984322975575,0.5159851136872591,40,interleaved
40055,55,0,0.5081656040813151,0.42640768198512013,40,interleaved
40056,56,0,0.6414129591953271,0.40637785314946456,40,interleaved
40057,57,0,0.41087546305306644,0.3091677861362109,40,interleaved
40058,58,0,0.3614024044334825,0.5398105788790889,40,interleaved
40059,59,0,0.573317052611634,0.4012599118715017,40,interleaved
40060,60,0,0.24028152840831535,0.45977570221824604,40,interleaved
40061,61,0,0.3832083653970193,0.5573164877379402,40,interleaved
40062,62,0,0.39231394244899037,0.5675218379870753,40,interleaved
40063,63,0,0.44818366413556426,0.4542167077261787,40,interleaved
40064,64,0,0.458432007639599,0.5092516928069343,40,interleaved
40065,65,0,0.18254821637333177,0.4975363236982026,40,interleaved
40066,66,0,0.35623241469475186,0.4123624904969131,40,interleaved
40067,67,0,0.3562707681543187,0.4336061525542758,40,interleaved
40068,68,0,0.4401172452892572,0.5958441731003944,40,interleaved
40069,69,0,0.49895171822997164,0.4331300444083882,40,interleaved
40070,70,0,0.4918211209250266,0.546592892407096,40,interleaved
40071,71,0,0.5922337021561503,0.5484064922741227,40,interleaved
40072,72,0,0.5862375049913104,0.4479603168888061,40,interleaved
40073,73,0,0.8204157501792892,0.41099254171171623,40,interleaved
40074,74,0,0.4966051333969492,0.44807005058000954,40,interleaved
40075,75,0,0.331000970751895,0.6833695284130672,40,interleaved
40076,76,0,0.4905382033544848,0.430160653764902,40,interleaved
40077,77,0,0.23012952051365254,0.46894420137298065,40,interleaved
40078,78,0,0.2684120189608181,0.5414805629132852,40,interleaved
40079,79,0,0.3931080159685436,0.6751309230152341,40,interleaved
40080,80,0,0.35886646327821514,0.5065867656599992,40,interleaved
40081,81,0,0.4691611681285211,0.5447669007035629,40,interleaved
40082,82,0,0.49987831668373767,0.4977704710121257,40,interleaved
40083,83,0,0.5905034217277846,0.5838117447419111,40,interleaved
40084,84,0,0.3029058210000196,0.5187358703722371,40,interleaved
40085,85,0,0.6142552229417505,0.386943052671665,40,interleaved
40086,86,0,0.4007130006820089,0.44250010913132387,40,interleaved
40087,87,0,0.145145338949772,0.38533177753082837,40,interleaved
40088,88,0,0.5219549114943722,0.5151509611128797,40,interleaved
40089,89,0,0.08010008226057855,0.4877614783456881,40,interleaved
40090,90,0,0.47425541071170124,0.4963759882049672,40,interleaved
40091,91,0,0.6518405718788955,0.45286488001133346,40,interleaved
40092,92,0,0.5167696726910277,0.3844958780593051,40,interleaved
40093,93,0,0.25314224868115437,0.46851946125289556,40,interleaved
40094,94,0,0.4982338940221255,0.6665250557128088,40,interleaved
40095,95,0,0.7495030709557362,0.5404930820964422,40,interleaved
40096,96,0,0.3140522423547442,0.4747606029883171,40,interleaved
40097,97,0,0.6909521773723855,0.4573545079802975,40,interleaved
40098,98,0,0.6182843209981558,0.5163141618127286,40,interleaved
40099,99,0,0.3049504315238985,0.38564941747546766,40,interleaved
40100,100,0,0.3617437152749546,0.5441512226706715,40,interleaved
40101,101,0,0.5074484325921319,0.49824746504245737,40,interleaved
40102,102,0,0.435809772220269,0.5628364356095911,40,interleaved
40103,103,0,0.3583575325201337,0.6129431120749118,40,interleaved
40104,104,0,0.5216551053478287,0.6243987151909214,40,interleaved
40105,105,0,0.6979266531160998,0.6974554826154502,40,interleaved
40106,106,0,0.30044007911431325,0.4932928899234339,40,interleaved
40107,107,0,0.3545856544557751,0.5227320593753575,40,interleaved
40108,108,0,0.43260204217064513,0.47041344746052816,40,interleaved
40109,109,0,0.29004093357621136,0.44433510609677335,40,interleaved
40110,110,0,0.35021929414971675,0.48588432043483604,40,interleaved
40111,111,0,0.674091096168854,0.47108568211351154,40,interleaved
40112,112,0,0.4045782962281481,0.5079532984544489,40,interleaved
40113,113,0,0.39816360802149536,0.4280909945401752,40,interleaved
40114,114,0,0.5436599567508917,0.5343802554012945,40,interleaved
40115,115,0,0.7484167814155577,0.517576528223144,40,interleaved
40116,116,0,0.37459751712003814,0.611040084778963,40,interleaved
40117,117,0,0.13744735845239364,0.5002320959004594,40,interleaved
40118,118,0,0.47852074182952437,0.5672193849860354,40,interleaved
40119,119,0,0.2096682016127983,0.6176782378050425,40,interleaved
40120,120,0,0.5213120456291929,0.5173626419950274,40,interleaved
40121,121,0,0.34010576848461715,0.4303011484589272,40,interleaved
40122,122,0,0.5601578865700692,0.548177396415519,40,interleaved
40123,123,0,0.7561027996522445,0.2985484043657537,40,interleaved
40124,124,0,0.5644126239831033,0.543334765264027,40,interleaved
40125,125,0,0.4379785305807259,0.3863299826034945,40,interleaved
40126,126,0,0.5272043521936998,0.4425756110885797,40,interleaved
40127,127,0,0.5471537143455162,0.3098401832805564,40,interleaved
40128,128,0,0.4886933652785293,0.40793142522325765,40,interleaved
40129,129,0,0.37495221730322814,0.5130442089111069,40,interleaved
40130,130,0,0.46300104519760643,0.4327726723957088,40,interleaved
40131,131,0,0.8146677062938813,0.5740090674202033,40,interleaved
40132,132,0,0.5169767389206531,0.6386638367883415,40,interleaved
40133,133,0,0.6277600534385489,0.43007747487181813,40,interleaved
40134,134,0,0.3950869200014743,0.4113315414799759,40,interleaved
40135,135,0,0.6424789532268731,0.36896542681275457,40,interleaved
40136,136,0,0.5136948559306495,0.44752769380194274,40,interleaved
40137,137,0,0.465541800287281,0.7041368290591046,40,interleaved
40138,138,0,0.6449563459981513,0.5567199601521334,40,interleaved
40139,139,0,0.7788752230779243,0.4685611812785669,40,interleaved
40140,140,0,0.4029212930093883,0.5305747145009801,40,interleaved
40141,141,0,0.25976964826512655,0.5084313205639438,40,interleaved
40142,142,0,0.5741360806003517,0.3956158565429878,40,interleaved
40143,143,0,0.7841654083030298,0.38588254255927534,40,interleaved
40144,144,0,0.4768037503851723,0.3509479912277612,40,interleaved
40145,145,0,0.5556666148610184,0.487479236172281,40,interleaved
40146,146,0,0.24815087884060477,0.4820931807533029,40,interleaved
40147,147,0,0.30070159223767523,0.46711412108129013,40,interleaved
40148,148,0,0.21098683647827401,0.4907814764471037,40,interleaved
40149,149,0,0.4220877369191779,0.4388247813589796,40,interleaved
40150,150,0,0.4167023462253563,0.39242610064342826,40,interleaved
40151,151,0,0.6996233130545759,0.42945088033493656,40,interleaved
40152,152,0,0.32737810578634563,0.43732303611486995,40,interleaved
40153,153,0,0.642572022323578,0.5644523327305075,40,interleaved
40154,154,0,0.5172152785816231,0.49453977209122946,40,interleaved
40155,155,0,0.37284332482646004,0.5021116959777789,40,interleaved
40156,156,0,0.6589089306387674,0.4080351120931851,40,interleaved
40157,157,0,0.35293214905384945,0.42905925006639545,40,interleaved
40158,158,0,0.3514855417673511,0.44498271682887197,40,interleaved
40159,159,0,0.7346014025084746,0.5392012752208101,40,interleaved
40160,160,0,0.6167789585199622,0.4766216263275363,40,interleaved
40161,161,0,0.30520414800982254,0.4184799857667769,40,interleaved
40162,162,0,0.4179453687761909,0.4970019876537755,40,interleaved
40163,163,0,0.6561748640589985,0.3098875616256488,40,interleaved
40164,164,0,0.3852770432997132,0.4130420019142913,40,interleaved
40165,165,0,0.40189151572250875,0.42982528229016104,40,interleaved
40166,166,0,0.5407308481567615,0.46303587128149915,40,interleaved
40167,167,0,0.21955683111191832,0.46198834898844465,40,interleaved
40168,168,0,0.5179369559064246,0.3838261824340573,40,interleaved
40169,169,0,0.2395898494170011,0.3888860609044663,40,interleaved
40170,170,0,0.6546058028336177,0.5130515877521533,40,interleaved
40171,171,0,0.5234921090957998,0.36996376105014445,40,interleaved
40172,172,0,0.66018027029325,0.4436809674294996,40,interleaved
40173,173,0,0.35211191942761133,0.49983772900605045,40,interleaved
40174,174,0,0.394497644915706,0.5407635965289562,40,interleaved
40175,175,0,0.5086583877652615,0.5351693796465635,40,interleaved
40176,176,0,0.42220578586559465,0.4916821238043744,40,interleaved
40177,177,0,0.49954432624679,0.45294026955937294,40,interleaved
40178,178,0,0.5094121373046196,0.4600809988188739,40,interleaved
40179,179,0,0.2427158036031342,0.5523766763707467,40,interleaved
40180,180,0,0.5493726414557367,0.40684196684413276,40,interleaved
40181,181,0,0.6271114162649898,0.3070260653864869,40,interleaved
40182,182,0,0.3784988390632512,0.4815309416303954,40,interleaved
40183,183,0,0.6722478031358443,0.43448583502768223,40,interleaved
40184,184,0,0.6216553800197993,0.4319942083419725,40,interleaved
40185,185,0,0.6992405551685978,0.3849755658880456,40,interleaved
40186,186,0,0.32426135376888277,0.423968897924929,40,interleaved
40187,187,0,0.6910625966170578,0.4374018579299739,40,interleaved
40188,188,0,0.5504807161743086,0.3913444323866,40,interleaved
40189,189,0,0.5642835484082656,0.44696968338008014,40,interleaved
40190,190,0,0.9395273425389374,0.4857207338314379,40,interleaved
40191,191,0,0.784519386936033,0.36449286624961585,40,interleaved
40192,192,0,0.3608390580356493,0.3992415522073173,40,interleaved
40193,193,0,0.22244850751253603,0.5545544430724569,40,interleaved
40194,194,0,0.5932538048987275,0.5306683267815359,40,interleaved
40195,195,0,0.6029385279252739,0.4799042897656723,40,interleaved
40196,196,0,0.5452223135039911,0.433656450357654,40,interleaved
40197,197,0,0.5440600995517879,0.368431260914984,40,interleaved
40198,198,0,0.3871229177182487,0.4253734345863893,40,interleaved
40199,199,0,0.6973490104282467,0.4718265332632461,40,interleaved
40200,0,0,0.9345211797952391,0.7508198030666743,40,blocked
40201,1,0,0.0716336971765955,0.6626635871125437,40,blocked
40202,2,0,0.9137149525735051,0.6939065444828318,40,blocked
40203,3,0,0.18381424350991066,0.6578015282535363,40,blocked
40204,4,0,0.09837834741998762,0.7102333471568719,40,blocked
40205,5,0,0.07922738465535518,0.6410954450224529,40,blocked
40206,6,0,0.8230664793575216,0.4436960973356998,40,blocked
40207,7,0,0.250064886089162,0.5853761639851169,40,blocked
40208,8,0,0.7818185440843899,0.47293588764802197,40,blocked
40209,9,0,0.5061653690284386,0.6447371505211597,40,blocked
40210,10,0,0.4120547125822143,0.6474430380582792,40,blocked
40211,11,0,0.2570191006154352,0.5897114779091208,40,blocked
40212,12,0,0.204866237366869,0.6377194578867252,40,blocked
40213,13,0,0.41240527518783365,0.48502750365065717,40,blocked
40214,14,0,0.5847651942539935,0.6279190982264203,40,blocked
40215,15,0,0.7272384963356391,0.5743088354027488,40,blocked
40216,16,0,0.4055798356866951,0.5688269333488619,40,blocked
40217,17,0,0.7364286185809272,0.44887509883452137,40,blocked
40218,18,0,0.7941965297530191,0.5403146876724342,40,blocked
40219,19,0,0.325589429507299,0.4591664347269092,40,blocked
40220,20,0,0.5881421966040647,0.5914935417279006,40,blocked
40221,21,0,0.34378590334600695,0.5339441380702432,40,blocked
40222,22,0,0.4901398718627771,0.5244116446395608,40,blocked
40223,23,0,0.7110843345075915,0.4564767489107006,40,blocked
40224,24,0,0.43730669232407543,0.32741749216300453,40,blocked
40225,25,0,0.608450306164673,0.3990983641963749,40,blocked
40226,26,0,0.7172914140666422,0.36510967187297283,40,blocked
40227,27,0,0.681340401619393,0.4709069058106839,40,blocked
40228,28,0,0.4835810577770796,0.46261467007065393,40,blocked
40229,29,0,0.3710966040391885,0.48311381546341825,40,blocked
40230,30,0,0.533009222712715,0.4626945072161225,40,blocked
40231,31,0,0.48758871103569024,0.4328344231436901,40,blocked
40232,32,0,0.6264138944610085,0.4799719296517787,40,blocked
40233,33,0,0.445992902538496,0.5893113932331657,40,blocked
40234,34,0,0.3753954323162998,0.3630915768030618,40,blocked
40235,35,0,0.4852668223137928,0.42950715021742125,40,blocked
40236,36,0,0.3195102450230282,0.4874051683313301,40,blocked
40237,37,0,0.7545754484618402,0.5229568085717266,40,blocked
40238,38,0,0.6527360592859102,0.3933449123913523,40,blocked
40239,39,0,0.47494294014273175,0.4708053308332113,40,blocked
40240,40,0,0.6417929009931432,0.4385806567803423,40,blocked
40241,41,0,0.6306795985202212,0.5473728055513764,40,blocked
40242,42,0,0.6775345783272891,0.5074846270986493,40,blocked
40243,43,0,0.6116951128632973,0.4648447623465717,40,blocked
40244,44,0,0.6913050943492285,0.4750423055551616,40,blocked
40245,45,0,0.5576603059541814,0.4667155603598555,40,blocked
40246,46,0,0.3749771520857256,0.4182702222484991,40,blocked
40247,47,0,0.6415656732897461,0.5126132623130487,40,blocked
40248,48,0,0.5310860241311944,0.45633247994466636,40,blocked
40249,49,0,0.39399308728513605,0.37407053285322167,40,blocked
40250,50,0,0.3885204528911467,0.48378744453302125,40,blocked
40251,51,0,0.31148772746957887,0.34459675829131853,40,blocked
40252,52,0,0.6070844107005702,0.4086290485885842,40,blocked
40253,53,0,0.6132616241069256,0.43915271106240805,40,blocked
40254,54,0,0.6143240732657732,0.4778400101316493,40,blocked
40255,55,0,0.3331433680511997,0.41342082175076356,40,blocked
40256,56,0,0.40289538951346104,0.4490368604171403,40,blocked
40257,57,0,0.3246550350724148,0.5839102988877549,40,blocked
40258,58,0,0.3195911898840431,0.5151922108290492,40,blocked
40259,59,0,0.5965066696978052,0.5977813046775694,40,blocked
40260,60,0,0.6167115007510929,0.42811983835165857,40,blocked
40261,61,0,0.3109011329735356,0.453288224158929,40,blocked
40262,62,0,0.3285942252459846,0.5596872695602775,40,blocked
40263,63,0,0.6004929801794808,0.5055902152129201,40,blocked
40264,64,0,0.5283227945560738,0.5952461827258848,40,blocked
40265,65,0,0.6514091624331809,0.38521868291890604,40,blocked
40266,66,0,0.32406722921410014,0.4907365515301514,40,blocked
40267,67,0,0.3095539221857985,0.3412343973798393,40,blocked
40268,68,0,0.6087116205164876,0.5571436699976058,40,blocked
40269,69,0,0.6283719791032606,0.428462705211717,40,blocked
40270,70,0,0.6372402023526733,0.45749924543285475,40,blocked
40271,71,0,0.4279989813879739,0.4795964293666542,40,blocked
40272,72,0,0.34495682942351374,0.4111192614645347,40,blocked
40273,73,0,0.6211868207200031,0.36182170507299133,40,blocked
40274,74,0,0.5956967333583273,0.4774117679426694,40,blocked
40275,75,0,0.622779870347061,0.3534767036125457,40,blocked
40276,76,0,0.43796453781352573,0.3486995632694946,40,blocked
40277,77,0,0.36847992320512757,0.5024796892162368,40,blocked
40278,78,0,0.6174020089866165,0.4100241945503875,40,blocked
40279,79,0,0.37552842200159636,0.5455354900167839,40,blocked
40280,80,0,0.6019502143322413,0.45099204897060674,40,blocked
40281,81,0,0.3238381825140685,0.4750581418738231,40,blocked
40282,82,0,0.34071842726912593,0.3938075135978166,40,blocked
40283,83,0,0.5660364509204563,0.3931905640678275,40,blocked
40284,84,0,0.663183054819682,0.44924672694929346,40,blocked
40285,85,0,0.5597942156460436,0.3993961397577941,40,blocked
40286,86,0,0.876693891657011,0.5180325777592107,40,blocked
40287,87,0,0.5643391393192976,0.38392663733894394,40,blocked
40288,88,0,0.6890878005258356,0.4067441230003955,40,blocked
40289,89,0,0.811856654870557,0.4988261792335705,40,blocked
40290,90,0,0.5758284505948438,0.3700223650396319,40,blocked
40291,91,0,0.850356622954562,0.4610717378836337,40,blocked
40292,92,0,0.5753258561835366,0.35032943040806747,40,blocked
40293,93,0,0.540992378359249,0.3513494610738922,40,blocked
40294,94,0,0.27561434410772084,0.550336162084217,40,blocked
40295,95,0,0.5594823210475521,0.45812796473091116,40,blocked
40296,96,0,0.4448471996927559,0.40970389544246644,40,blocked
40297,97,0,0.8014329551318765,0.34412589043704284,40,blocked
40298,98,0,0.8864854366857557,0.41672936063729715,40,blocked
40299,99,0,0.3308734239549339,0.459450588586396,40,blocked
40300,100,0,0.5750900940474466,0.433908927239514,40,blocked
40301,101,0,0.1600783353549216,0.39889414452205585,40,blocked
40302,102,0,0.6758629678423693,0.39766981876273466,40,blocked
40303,103,0,0.49344097391987546,0.4526415081550787,40,blocked
40304,104,0,0.702007902766201,0.5276393680598502,40,blocked
40305,105,0,0.8453199560443161,0.42566868995175844,40,blocked
40306,106,0,0.20356754265152083,0.3613810114792707,40,blocked
40307,107,0,0.8418540176671695,0.42033863818546374,40,blocked
40308,108,0,0.15851770690654318,0.36235653215844277,40,blocked
40309,109,0,0.9177143900074011,0.37495423810663786,40,blocked
40310,110,0,0.9559412501543054,0.30619202654814465,40,blocked
40311,111,0,0.41575546291432863,0.5988088347048317,40,blocked
40312,112,0,0.09068385362578896,0.6218058834666746,40,blocked
40313,113,0,0.2281072734297192,0.3328280500201062,40,blocked
40314,114,0,0.3515541659714944,0.4754436305464985,40,blocked
40315,115,0,0.7894743143745775,0.3853535239192775,40,blocked
40316,116,0,0.7654909215490664,0.456543862476129,40,blocked
40317,117,0,0.5459484706757106,0.43805650483118025,40,blocked
40318,118,0,0.7154281216143095,0.397075423854823,40,blocked
40319,119,0,0.06657717351813122,0.56743632907824,40,blocked
40320,120,0,0.46933075799565727,0.5750941827364007,40,blocked
40321,121,0,0.5727722000175035,0.41825965441911916,40,blocked
40322,122,0,0.36336705353758514,0.5015357177735732,40,blocked
40323,123,0,0.5436594186753757,0.48747899809645295,40,blocked
40324,124,0,0.6207557024473737,0.43134886043790976,40,blocked
40325,125,0,0.3592595352721897,0.4446094240007663,40,blocked
40326,126,0,0.6357268543402671,0.4160080773571365,40,blocked
40327,127,0,0.4689115631811985,0.52850430905798,40,blocked
40328,128,0,0.5405850979968565,0.4201153299595285,40,blocked
40329,129,0,0.37415643505742485,0.4661974371759857,40,blocked
40330,130,0,0.5590515792636439,0.480157108926816,40,blocked
40331,131,0,0.5990642431098432,0.3724104804212498,40,blocked
40332,132,0,0.5851174768181452,0.4612676866729143,40,blocked
40333,133,0,0.5788464755099764,0.36292479286355994,40,blocked
40334,134,0,0.6337999016900204,0.5067530943201748,40,blocked
40335,135,0,0.3407790182076317,0.5073670648504147,40,blocked
40336,136,0,0.34558496704865527,0.3432357864793213,40,blocked
40337,137,0,0.4213149726401123,0.5846701502199863,40,blocked
40338,138,0,0.5848931842163807,0.45101397919050285,40,blocked
40339,139,0,0.4779423373524066,0.4373171325829255,40,blocked
40340,140,0,0.5968534174337202,0.4619338794988255,40,blocked
40341,141,0,0.5373651986377534,0.3904044645963839,40,blocked
40342,142,0,0.46305471781220725,0.5038495159816525,40,blocked
40343,143,0,0.4313292797555094,0.4698734749942671,40,blocked
40344,144,0,0.563523555904903,0.46671329206789947,40,blocked
40345,145,0,0.5927238463348904,0.46905787995046266,40,blocked
40346,146,0,0.3431404814830382,0.31896740637081333,40,blocked
40347,147,0,0.4699602890981672,0.4759762548759612,40,blocked
40348,148,0,0.3661942997863066,0.5199573345249843,40,blocked
40349,149,0,0.4209107968042552,0.43379722687125855,40,blocked
40350,150,0,0.5592599821981461,0.4027382962871671,40,blocked
40351,151,0,0.3795354029910619,0.40432078937916843,40,blocked
40352,152,0,0.331309992070699,0.5251229241813886,40,blocked
40353,153,0,0.44655445373797814,0.4146062914717207,40,blocked
40354,154,0,0.6389444553055611,0.45034301497491735,40,blocked
40355,155,0,0.3867416429935857,0.4854454244272455,40,blocked
40356,156,0,0.5479243148873801,0.4650419676690516,40,blocked
40357,157,0,0.38245986403709686,0.4515066524586123,40,blocked
40358,158,0,0.5599407027202563,0.41779643598515137,40,blocked
40359,159,0,0.47938732834802456,0.4378693134792855,40,blocked
40360,160,0,0.4032566323651092,0.29491521357890615,40,blocked
40361,161,0,0.5907316949517285,0.37128026007498255,40,blocked
40362,162,0,0.5988789407962702,0.4103906747410971,40,blocked
40363,163,0,0.7099844880794587,0.4164097796952885,40,blocked
40364,164,0,0.5326400846590247,0.48563258733994336,40,blocked
40365,165,0,0.3552608546733444,0.40998315586463896,40,blocked
40366,166,0,0.37710760811537286,0.4801129490859761,40,blocked
40367,167,0,0.5930559571698943,0.4100870221886773,40,blocked
40368,168,0,0.8667885148167132,0.3066277321415065,40,blocked
40369,169,0,0.23974118345229425,0.5279244372006257,40,blocked
40370,170,0,0.613047306069801,0.40261519224242553,40,blocked
40371,171,0,0.259297019076833,0.6166414999190609,40,blocked
40372,172,0,0.3353785391942161,0.524106817399326,40,blocked
40373,173,0,0.9066264812508777,0.4311372881049705,40,blocked
40374,174,0,0.6119565831454248,0.4930022338019089,40,blocked
40375,175,0,0.46415850841677697,0.3347291384296538,40,blocked
40376,176,0,0.41521812215396137,0.3545819130236022,40,blocked
40377,177,0,0.6428403900718904,0.35019293977404586,40,blocked
40378,178,0,0.45069556584371234,0.39302777811117007,40,blocked
40379,179,0,0.4311577418599686,0.2927885405441473,40,blocked
40380,180,0,0.753744561382653,0.570159972462619,40,blocked
40381,181,0,0.6134861583295166,0.5152087628008196,40,blocked
40382,182,0,0.4252115672848138,0.3862435205876507,40,blocked
40383,183,0,0.8301676071850483,0.38992553667777535,40,blocked
40384,184,0,0.7404329151240356,0.42720315175104884,40,blocked
40385,185,0,0.3886129222346828,0.457612396174929,40,blocked
40386,186,0,0.7356711347742266,0.4286623014255101,40,blocked
40387,187,0,0.5897948778395918,0.38830659212407426,40,blocked
40388,188,0,0.603747978703533,0.3242593197005875,40,blocked
40389,189,0,0.4481813554601033,0.40432264202566304,40,blocked
40390,190,0,0.4495612209647245,0.41263255555646233,40,blocked
40391,191,0,0.4458483144258821,0.37813973132878176,40,blocked
40392,192,0,0.7504801934736909,0.3382558534854541,40,blocked
40393,193,0,0.6233474639890351,0.449307959925486,40,blocked
40394,194,0,0.7982415092643291,0.5230724539661942,40,blocked
40395,195,0,0.7742782892682987,0.365618920314214,40,blocked
40396,196,0,0.4310939720619475,0.5380052749299458,40,blocked
40397,197,0,0.3981090876534808,0.49051007077663966,40,blocked
40398,198,0,0.3350713594327036,0.4960114844344545,40,blocked
40399,199,0,0.2230908101809847,0.3873181399877839,40,blocked
40400,0,0,0.4770416834441732,0.7198782142253367,40,early
40401,1,1,0.07024852530573775,1.1716559809802434,40,early
40402,2,2,0.7189053049317395,1.1144479474320985,40,early
40403,3,3,0.3512107351724141,1.2487098258671114,40,early
40404,4,4,0.5139364578186342,0.7653184437674663,40,early
40405,5,0,0.2730391315853624,0.6626232208891247,40,early
40406,6,5,0.439979349815416,0.7219674456837755,40,early
40407,7,6,0.6554721730826424,1.187061121883537,40,early
40408,8,7,0.7968510772840877,0.8992215562706605,40,early
40409,9,8,0.5707452854152082,0.6978517619228395,40,early
40410,10,1,0.11439152172839108,0.6454244720342659,40,early
40411,11,0,0.616164728096966,0.6393442703118581,40,early
40412,12,9,0.8423929252732413,1.0457979621775475,40,early
40413,13,10,0.18968916870506414,0.8362162008760561,40,early
40414,14,11,0.521577369813837,1.201512504502133,40,early
40415,15,8,0.16983181798446007,0.6445003339328226,40,early
40416,16,0,0.35417111063875767,0.6173162249328821,40,early
40417,17,0,0.42373377223515,0.5354381042451166,40,early
40418,18,12,0.314337106596181,0.744668429177094,40,early
40419,19,13,0.04715868425175899,1.3937187534561786,40,early
40420,20,14,0.7345669701785711,0.8609906195310821,40,early
40421,21,12,0.12526054331150815,0.660000133004466,40,early
40422,22,8,0.22623951729050673,0.7087781432616194,40,early
40423,23,12,0.4057762131939656,0.5986669825269352,40,early
40424,24,8,0.8064311075104648,0.5458567677848398,40,early
40425,25,0,0.466384745406994,0.4481126650310988,40,early
40426,26,15,0.7614943499915183,0.6027526809133099,40,early
40427,27,16,0.9958523917050494,1.0905030910118358,40,early
40428,28,17,0.9147079142467156,1.0279774838747637,40,early
40429,29,18,0.1021205785935525,0.8421165497501009,40,early
40430,30,8,0.16259721772166522,0.6320504426666121,40,early
40431,31,0,0.23868725719492134,0.6983934705553492,40,early
40432,32,19,0.5508787298449149,1.168688756168116,40,early
40433,33,8,0.8909480217645942,0.6919566796939582,40,early
40434,34,8,0.23798585538124684,0.6804842857518132,40,early
40435,35,0,0.6121105899111722,0.5251542199131646,40,early
40436,36,20,0.2280131681503758,0.7984772252749,40,early
40437,37,0,0.24925281510193942,0.6653909213924303,40,early
40438,38,8,0.83409033741367,0.5744514922142878,40,early
40439,39,12,0.3835222672720103,0.6596097949749246,40,early
40440,40,0,0.5317641941685156,0.5792375244488472,40,early
40441,41,12,0.8711375519556592,0.4780631347107525,40,early
40442,42,21,0.24421891539020169,0.75982586852632,40,early
40443,43,12,0.8236986224060652,0.581199905300079,40,early
40444,44,12,0.28839571436621025,0.7035928643863059,40,early
40445,45,12,0.32066140385170444,0.760963650838733,40,early
40446,46,0,0.5095386812341512,0.46624838644210076,40,early
40447,47,12,0.9106457455942155,0.4044518580616955,40,early
40448,48,12,0.25722558894328135,0.6829422925991511,40,early
40449,49,12,0.9632583130791081,0.6314667085850713,40,early
40450,50,22,0.5212603387526992,0.7330614793226672,40,early
40451,51,8,0.5164816089000703,0.5055931431587763,40,early
40452,52,0,0.6561652259618849,0.7649600522302942,40,early
40453,53,12,0.6452830718920304,0.6429825464828764,40,early
40454,54,0,0.5266221412821959,0.5230755620165439,40,early
40455,55,0,0.6332697079735679,0.574329340644055,40,early
40456,56,12,0.7174020636134321,0.521790767101816,40,early
40457,57,12,0.7975792066473583,0.39856902605293265,40,early
40458,58,0,0.5765885441899792,0.5108955758198648,40,early
40459,59,12,0.12738850086769266,0.5244121830080131,40,early
40460,60,0,0.5342165532011136,0.4898716906083917,40,early
40461,61,0,0.6044526646746536,0.6491930565310353,40,early
40462,62,0,0.689874740861105,0.6164559051848351,40,early
40463,63,0,0.46725306464348326,0.311182693884954,40,early
40464,64,0,0.6168841176961055,0.6482416264381614,40,early
40465,65,0,0.5085717178575131,0.567314226395634,40,early
40466,66,0,0.6874844671522065,0.5285334536125894,40,early
40467,67,12,0.9622364096832077,0.7348585382425616,40,early
40468,68,0,0.5886024373642078,0.5504642007341398,40,early
40469,69,12,0.8955439118439534,0.5712529234229752,40,early
40470,70,12,0.799450339694718,0.47679845238531027,40,early
40471,71,0,0.545853715813813,0.4377567686194377,40,early
40472,72,0,0.5740396610599858,0.4803275300311787,40,early
40473,73,0,0.5382455890147589,0.6257767722906764,40,early
40474,74,0,0.448636219219805,0.5105140462444211,40,early
40475,75,0,0.569082798102116,0.5234039536486924,40,early
40476,76,0,0.5671830488851053,0.3966154090519611,40,early
40477,77,0,0.36946215685272565,0.5570693376820335,40,early
40478,78,0,0.4949581224343694,0.4158536100485088,40,early
40479,79,0,0.5404731417299462,0.3864629796371496,40,early
40480,80,12,0.45953581926107734,0.6365220251833905,40,early
40481,81,0,0.6123501681327477,0.5810913737222081,40,early
40482,82,12,0.25886887396372094,0.5612786971478088,40,early
40483,83,0,0.5653948629468726,0.5821919760626888,40,early
40484,84,0,0.47658766906546,0.5294195852255832,40,early
40485,85,12,0.6158828312173082,0.5721053400808166,40,early
40486,86,0,0.5611182944711,0.48857574006910687,40,early
40487,87,0,0.4327243610778041,0.42884650825817505,40,early
40488,88,0,0.454613081544206,0.5613954835804724,40,early
40489,89,0,0.45554038302460387,0.49660891247200134,40,early
40490,90,8,0.30740042021861197,0.4832797814755267,40,early
40491,91,0,0.7235006347149405,0.6170078852051327,40,early
40492,92,0,0.24169213168101628,0.48578927934603394,40,early
40493,93,12,0.6782451122487299,0.5431474802909128,40,early
40494,94,0,0.8240613407230082,0.5707479239953339,40,early
40495,95,0,0.4296314411539157,0.5686872984002747,40,early
40496,96,0,0.7885168340130557,0.439493747819374,40,early
40497,97,8,0.3415516764945188,0.5839559555238001,40,early
40498,98,0,0.15763815765498673,0.7892534106313565,40,early
40499,99,0,0.5408968169101847,0.5556681639604688,40,early
40500,100,0,0.17998999840605528,0.5989127388218453,40,early
40501,101,0,0.5818847329392842,0.4783143156913327,40,early
40502,102,0,0.6723398592443517,0.4478950495741232,40,early
40503,103,0,0.3373985298542235,0.49175600980706724,40,early
40504,104,12,0.2305198806600149,0.5326265422260972,40,early
40505,105,0,0.5421746484327712,0.3303868084371311,40,early
40506,106,8,0.297117820767829,0.5257560644705395,40,early
40507,107,12,0.10171238591157009,0.5877016586128491,40,early
40508,108,12,0.3946148556640609,0.6180610135397855,40,early
40509,109,0,0.6529573301718017,0.4738901766688532,40,early
40510,110,0,0.3919611521199557,0.5301569960716295,40,early
40511,111,0,0.6707419705688724,0.543571865298579,40,early
40512,112,0,0.36965062473803434,0.586983574862991,40,early
40513,113,0,0.6292568220052859,0.5445432669037795,40,early
40514,114,0,0.6584431381794561,0.37758688871717105,40,early
40515,115,0,0.6249814231370868,0.5747092786920249,40,early
40516,116,0,0.5716431972546174,0.4357393648051817,40,early
40517,117,0,0.7792226570658483,0.5658564134416143,40,early
40518,118,0,0.6920636703090193,0.5800997399113013,40,early
40519,119,0,0.5532500978417902,0.5796972333180075,40,early
40520,120,12,0.3727987929800361,0.545386134394193,40,early
40521,121,0,0.7235537951172544,0.3952109791298134,40,early
40522,122,0,0.23734538744341038,0.5650765360573586,40,early
40523,123,0,0.47728170835909817,0.420545290970326,40,early
40524,124,0,0.6225739884452715,0.2981952983295238,40,early
40525,125,0,0.6205990965177377,0.34072803999029333,40,early
40526,126,0,0.2732016239171512,0.4224047152344491,40,early
40527,127,0,0.4279236746814004,0.4985497783020493,40,early
40528,128,0,0.3811753596231681,0.37773866373858245,40,early
40529,129,0,0.5744045345330416,0.31368673422621074,40,early
40530,130,0,0.26008228732145955,0.5939162120576363,40,early
40531,131,0,0.6291617786422052,0.5554412262207298,40,early
40532,132,0,0.3538149004058494,0.5961236789055467,40,early
40533,133,0,0.6403906430462079,0.4529804883539962,40,early
40534,134,0,0.7459116604724942,0.42617083666340916,40,early
40535,135,0,0.6007662738767697,0.5335786698498697,40,early
40536,136,0,0.6447419870724134,0.43667606411548643,40,early
40537,137,0,0.35657229191021866,0.434842926209035,40,early
40538,138,0,0.2637955537368941,0.43178536405623963,40,early
40539,139,0,0.523195692530644,0.3568434303687269,40,early
40540,140,0,0.7280028567137079,0.4456263843222075,40,early
40541,141,0,0.35668009039138,0.552453278115044,40,early
40542,142,0,0.33066258544208404,0.5586449476041022,40,early
40543,143,0,0.4767681227669898,0.37212923199712566,40,early
40544,144,0,0.5969344685507414,0.48387888596068485,40,early
40545,145,0,0.6151561376671539,0.4745836664951294,40,early
40546,146,0,0.3138742862153777,0.38016061964622394,40,early
40547,147,0,0.5224242322659967,0.48001477247182245,40,early
40548,148,0,0.23629615034155851,0.5512142528286739,40,early
40549,149,0,0.5220354361402054,0.45948110096708933,40,early
40550,150,0,0.4831102918603444,0.4902756019261428,40,early
40551,151,0,0.5509717969935463,0.3337119436642478,40,early
40552,152,0,0.554531886515403,0.32067701333250914,40,early
40553,153,0,0.33944721059884964,0.4077328501566081,40,early
40554,154,0,0.6242331382340438,0.38640853344071574,40,early
40555,155,0,0.3653091937540397,0.3802513690401394,40,early
40556,156,0,0.5478358625990426,0.3958710797772351,40,early
40557,157,0,0.5688794699114563,0.5043717822648639,40,early
40558,158,0,0.458838276550706,0.3851779025768957,40,early
40559,159,0,0.5113896690348431,0.4208985190548272,40,early
40560,160,0,0.7964540024932951,0.5349991502462992,40,early
40561,161,12,0.9881640099381592,0.37019421373809674,40,early
40562,162,0,0.6020221634071893,0.43937220492350104,40,early
40563,163,0,0.5953417046069496,0.5124865704286594,40,early
40564,164,0,0.3565438469240291,0.5737261818788066,40,early
40565,165,0,0.6988693247759887,0.409447482029184,40,early
40566,166,0,0.6814356420551979,0.41462427136098845,40,early
40567,167,0,0.3810749702026499,0.5351454949651763,40,early
40568,168,0,0.45351581978450417,0.28394853664275616,40,early
40569,169,0,0.7604988387348683,0.4701248746434469,40,early
40570,170,0,0.27826626488457806,0.40826665095465486,40,early
40571,171,0,0.6926560328045375,0.29654094082112203,40,early
40572,172,0,0.18295092689307274,0.529954147254641,40,early
40573,173,0,0.626387917075353,0.35970696819170767,40,early
40574,174,0,0.5233513779497525,0.3367774486856464,40,early
40575,175,0,0.29405534782670917,0.3779294101963131,40,early
40576,176,0,0.7219975378271826,0.44341660073487243,40,early
40577,177,0,0.7101707055505274,0.4311506159762938,40,early
40578,178,0,0.4908519600308805,0.39735386677868356,40,early
40579,179,0,0.6485141734121369,0.33819373685260856,40,early
40580,180,0,0.2161470144338099,0.34637407159119254,40,early
40581,181,0,0.3828640648381298,0.3975380284733249,40,early
40582,182,0,0.4236007972631941,0.4270845947752246,40,early
40583,183,0,0.6188886527176385,0.27626244524306637,40,early
40584,184,0,0.3121087642189993,0.4937174554825442,40,early
40585,185,0,0.2263672711021556,0.47783914646514136,40,early
40586,186,0,0.5725758115773154,0.40222816408187534,40,early
40587,187,0,0.2329625562367086,0.6001616635515044,40,early
40588,188,0,0.2849638372203841,0.39226900618508403,40,early
40589,189,0,0.4347600994178361,0.3604508537866862,40,early
40590,190,0,0.524519436078504,0.5287710555773867,40,early
40591,191,0,0.6757090875217806,0.4725305918330791,40,early
40592,192,0,0.5664951353837635,0.46318150413506254,40,early
40593,193,0,0.24363130780080744,0.3792320852580112,40,early
40594,194,0,0.7151743971043197,0.4309941679744419,40,early
40595,195,0,0.548811894785832,0.5894146381690425,40,early
40596,196,0,0.5240149468303911,0.46833490274371725,40,early
40597,197,0,0.6859430602925334,0.3813024412511269,40,early
40598,198,0,0.7470143332778413,0.4268585584139397,40,early
40599,199,0,0.4219041407535775,0.49626509191439544,40,early
40600,0,0,0.916985996861361,0.462128218606925,40,middle
40601,1,0,0.5995085831381886,0.5181854048920502,40,middle
40602,2,0,0.893516649763531,0.6053980201170442,40,middle
40603,3,1,0.3589180712436262,0.9020165213631726,40,middle
40604,4,2,0.5847458974660107,1.2885837872147325,40,middle
40605,5,3,0.5181790234057952,0.6350180546516133,40,middle
40606,6,0,0.9271958252737386,0.8777678511312939,40,middle
40607,7,4,0.5727933886079868,0.9784543169716966,40,middle
40608,8,5,0.7107231982251336,0.7601394723710408,40,middle
40609,9,6,0.8638615180953476,1.0586036078386925,40,middle
40610,10,0,0.6288463305035247,0.5557356753764889,40,middle
40611,11,7,0.5264861567011196,0.8979410414209533,40,middle
40612,12,8,0.5144794846109615,1.1635418517210194,40,middle
40613,13,3,0.4829884334232856,0.5750046532623818,40,middle
40614,14,3,0.9175606498249814,0.6543063438556198,40,middle
40615,15,3,0.2637992133205623,0.8351872694316282,40,middle
40616,16,9,0.07526912908847215,0.6698851629514304,40,middle
40617,17,10,0.19333495860566682,1.0386298329666042,40,middle
40618,18,7,0.8473872618022124,0.743071036234156,40,middle
40619,19,11,0.18774806638450686,0.9254694291974523,40,middle
40620,20,7,0.7624297840818485,0.6605049436814052,40,middle
40621,21,12,0.5008453686513087,1.0218658915927101,40,middle
40622,22,13,0.48429850637421024,0.8863071505257938,40,middle
40623,23,14,0.5069481067749421,1.0856803682620648,40,middle
40624,24,7,0.8425458101748029,0.7217165132805439,40,middle
40625,25,15,0.41459820739901765,0.8292252655316203,40,middle
40626,26,9,0.5039088387113893,0.7092202542717054,40,middle
40627,27,9,0.9859686193843118,0.6534760593567839,40,middle
40628,28,16,0.5120935458754041,0.9010440466521874,40,middle
40629,29,17,0.5057005726052014,0.8124165313591791,40,middle
40630,30,18,0.04199679339124009,1.0832122958792976,40,middle
40631,31,19,0.1894534639377028,0.8312509561637318,40,middle
40632,32,20,0.9953933414400572,0.9125429950892495,40,middle
40633,33,21,0.6287096715505813,1.1942056391291023,40,middle
40634,34,22,0.35662556234351256,1.5540901314361226,40,middle
40635,35,23,0.7622545954933108,0.7965116484746669,40,middle
40636,36,3,0.0971417956476384,0.6275787711474222,40,middle
40637,37,24,0.46503139113217906,0.9962903317907473,40,middle
40638,38,25,0.30112671440132194,0.9994329272181084,40,middle
40639,39,15,0.4091730615803609,0.6462933758273511,40,middle
40640,40,26,0.0052240886785271355,1.0721726045968005,40,middle
40641,41,27,0.4450269815505059,0.9410370783081526,40,middle
40642,42,23,0.44135815200331857,0.59249427292709,40,middle
40643,43,28,0.4785135811724978,1.0628816987347314,40,middle
40644,44,7,0.7071460267442511,0.7793367531832179,40,middle
40645,45,3,0.8955718156197112,0.5814770345027498,40,middle
40646,46,29,0.5473917482776841,1.2697534447458114,40,middle
40647,47,9,0.49944079187799933,0.7435883478083196,40,middle
40648,48,3,0.8947548387830109,0.5275955788663307,40,middle
40649,49,9,0.450977947511236,0.760659899343274,40,middle
40650,50,23,0.500257598803103,0.6979735060742447,40,middle
40651,51,0,0.8512580342398484,0.45580836436764616,40,middle
40652,52,30,0.5565844767299694,0.6948855772617338,40,middle
40653,53,30,0.6842585548734966,0.6383866195531105,40,middle
40654,54,30,0.22466294755427052,0.5929076228114204,40,middle
40655,55,23,0.4837966336618521,0.7092492753085673,40,middle
40656,56,30,0.26676900885920857,0.5708714194399678,40,middle
40657,57,30,0.2155217706267669,0.654984036765315,40,middle
40658,58,0,0.4620319991315982,0.6584995628295602,40,middle
40659,59,30,0.8062049667913507,0.5945975264169592,40,middle
40660,60,30,0.16102237235962366,0.693224288512869,40,middle
40661,61,9,0.5008540847015761,0.5101215317958091,40,middle
40662,62,31,0.5101616951079309,0.919158674757661,40,middle
40663,63,9,0.49826420677110866,0.5565526186227634,40,middle
40664,64,30,0.2464010904281449,0.5690377144666519,40,middle
40665,65,30,0.2024274431403098,0.5697187731941453,40,middle
40666,66,30,0.8227472430306834,0.5700529948606023,40,middle
40667,67,30,0.7597632640683668,0.5098886376706122,40,middle
40668,68,30,0.15295106885721338,0.6850965894003977,40,middle
40669,69,30,0.8472469197816483,0.5044425936500001,40,middle
40670,70,30,0.19703405659857706,0.5002597894600054,40,middle
40671,71,30,0.16733577730586496,0.5347504902277749,40,middle
40672,72,30,0.15335332558398357,0.5262206672750304,40,middle
40673,73,30,0.1790369768869683,0.6053408610286022,40,middle
40674,74,30,0.7488657107158438,0.6247672632645738,40,middle
40675,75,30,0.2153613570867211,0.5055083680648298,40,middle
40676,76,30,0.7955265607147116,0.4613180234968527,40,middle
40677,77,30,0.21236119932934422,0.4858713440803418,40,middle
40678,78,30,0.13850884633590096,0.6193224418211916,40,middle
40679,79,30,0.6489409597329024,0.5818463717629428,40,middle
40680,80,30,0.5332354983459291,0.5782281035934943,40,middle
40681,81,30,0.5870903889672214,0.5193603284591048,40,middle
40682,82,30,0.7645137153019257,0.5730968782231745,40,middle
40683,83,30,0.5733949129971488,0.3730870211999874,40,middle
40684,84,30,0.5578188910110263,0.5864241389246935,40,middle
40685,85,30,0.5188340398359711,0.44723829644110724,40,middle
40686,86,30,0.6063080994436227,0.48525989399201075,40,middle
40687,87,30,0.5290450722847861,0.4117600632282581,40,middle
40688,88,30,0.637063027898053,0.548747369591568,40,middle
40689,89,30,0.6034196971738812,0.4864063347053675,40,middle
40690,90,30,0.4992803284353854,0.4477832792812843,40,middle
40691,91,30,0.5117676746323035,0.3905383699224857,40,middle
40692,92,30,0.487998950185891,0.4301835247172968,40,middle
40693,93,30,0.6179558774490652,0.4332302531525811,40,middle
40694,94,30,0.559982066865514,0.5021109469848222,40,middle
40695,95,30,0.4199798196471649,0.508796695174587,40,middle
40696,96,30,0.48277863409202443,0.5360568677552291,40,middle
40697,97,30,0.48606278540303693,0.5574897569117532,40,middle
40698,98,30,0.5693620599220747,0.5372119598956164,40,middle
40699,99,30,0.5306946439250888,0.44508902901692454,40,middle
40700,100,30,0.47024698450688673,0.41662445118704716,40,middle
40701,101,30,0.5624555590970637,0.40930566957435544,40,middle
40702,102,30,0.4832679585739571,0.41765258016010864,40,middle
40703,103,30,0.5833095686258045,0.46665258716727287,40,middle
40704,104,30,0.5057651449316006,0.39166529852519805,40,middle
40705,105,30,0.6018220611775345,0.5518493158140954,40,middle
40706,106,30,0.5512293815811449,0.4759057458206725,40,middle
40707,107,30,0.38269093970030676,0.556731387901903,40,middle
40708,108,30,0.3843398286697758,0.46053022854398207,40,middle
40709,109,30,0.6928730550316088,0.5334805738796009,40,middle
40710,110,30,0.4628903435040242,0.48780540067798095,40,middle
40711,111,30,0.6199034084175321,0.5780947586696749,40,middle
40712,112,30,0.46375456828287864,0.499200686182101,40,middle
40713,113,30,0.42923889200402665,0.5140084217557985,40,middle
40714,114,30,0.7131759948497893,0.5302376769132,40,middle
40715,115,30,0.3866123830636897,0.5418446834228277,40,middle
40716,116,30,0.6352350792045528,0.546266846238671,40,middle
40717,117,30,0.6723414654270425,0.47776823823616904,40,middle
40718,118,30,0.2091073186319744,0.4512906135795069,40,middle
40719,119,30,0.2919869547773209,0.5243223407922712,40,middle
40720,120,30,0.4757529199457987,0.42310086544891945,40,middle
40721,121,30,0.3238153759263592,0.4901457420406189,40,middle
40722,122,30,0.46491613825239686,0.3245541885316926,40,middle
40723,123,30,0.72124774792067,0.6356509717649146,40,middle
40724,124,30,0.5009521732955151,0.4948793336893053,40,middle
40725,125,30,0.7901395270216622,0.46179685648536695,40,middle
40726,126,30,0.5653242739749549,0.4107482459758761,40,middle
40727,127,30,0.5266219301345759,0.5019003468677887,40,middle
40728,128,30,0.362117092928918,0.689964911164318,40,middle
40729,129,30,0.4755489136534017,0.5907908010988552,40,middle
40730,130,30,0.37617289275219834,0.4451790003830949,40,middle
40731,131,30,0.5470301631940564,0.4308003240382565,40,middle
40732,132,30,0.45065628418104353,0.4318336293668971,40,middle
40733,133,30,0.29478655776806445,0.5348373489889731,40,middle
40734,134,30,0.40870560708360304,0.3326973961958368,40,middle
40735,135,30,0.6799794107656276,0.5973171956790372,40,middle
40736,136,30,0.38806391276393937,0.399252342252288,40,middle
40737,137,30,0.3803828027463145,0.48940145288703685,40,middle
40738,138,30,0.3253142980264231,0.5418704845627536,40,middle
40739,139,30,0.48509402975138355,0.38792770477921046,40,middle
40740,140,30,0.38925157428185975,0.34361576176818803,40,middle
40741,141,30,0.47223830656499943,0.5543159348137674,40,middle
40742,142,30,0.5489541764777776,0.4344526448472221,40,middle
40743,143,30,0.5578461497468058,0.5355378194381457,40,middle
40744,144,30,0.35059923046774216,0.506228007981655,40,middle
40745,145,30,0.44238586819451725,0.4976950371732367,40,middle
40746,146,30,0.4283280963894266,0.3714413873277248,40,middle
40747,147,30,0.30182292950594214,0.4105918302781771,40,middle
40748,148,30,0.533008474469167,0.4251887515438911,40,middle
40749,149,30,0.6121825391105808,0.4618065232872144,40,middle
40750,150,30,0.6075185025833927,0.4967308310913314,40,middle
40751,151,30,0.5713393585304227,0.3493896220572159,40,middle
40752,152,30,0.5217495131084149,0.4790667344007284,40,middle
40753,153,30,0.6026871995397217,0.5060568325761221,40,middle
40754,154,30,0.6089615678581745,0.43829007689672317,40,middle
40755,155,30,0.4198924602436979,0.46685044180749746,40,middle
40756,156,30,0.5412653614103576,0.514836049186202,40,middle
40757,157,30,0.5043375690587307,0.40352563045828427,40,middle
40758,158,30,0.5663824250906043,0.4565418575338328,40,middle
40759,159,30,0.7298976901718985,0.5405227955836254,40,middle
40760,160,30,0.6031342477628422,0.40818692974650744,40,middle
40761,161,30,0.6063560846614077,0.6568823887416873,40,middle
40762,162,30,0.3449230467484138,0.39167665955009934,40,middle
40763,163,30,0.3146848752877226,0.347021257439637,40,middle
40764,164,30,0.47516488719243233,0.5619998577331402,40,middle
40765,165,30,0.6614147249945896,0.43828490011462495,40,middle
40766,166,30,0.5677840972573198,0.3338546944726907,40,middle
40767,167,30,0.6051153733282788,0.5188877417613904,40,middle
40768,168,30,0.333029593116071,0.39741216654057543,40,middle
40769,169,30,0.4746686811632444,0.5257152497370554,40,middle
40770,170,30,0.5205480266560447,0.3914461446481484,40,middle
40771,171,30,0.5609958602507343,0.43569265504236593,40,middle
40772,172,30,0.48114006213215443,0.42844046936678193,40,middle
40773,173,30,0.5786682833375529,0.38352696809853615,40,middle
40774,174,30,0.5432638609268252,0.40986979961456005,40,middle
40775,175,30,0.530483427665884,0.47536642138781937,40,middle
40776,176,30,0.5184924370276595,0.4832708192936698,40,middle
40777,177,30,0.5681095242023433,0.5109395336934034,40,middle
40778,178,30,0.6731160865742292,0.46184002248001643,40,middle
40779,179,30,0.5309673033391398,0.4335957236892481,40,middle
40780,180,30,0.3156419357433479,0.6881389413841298,40,middle
40781,181,30,0.7033238716676571,0.5031182224208732,40,middle
40782,182,30,0.5680849741603876,0.37207967849764945,40,middle
40783,183,30,0.575359006908147,0.3941176363233217,40,middle
40784,184,30,0.2782111995915564,0.5277035775461318,40,middle
40785,185,30,0.5031447977360272,0.4597916664908269,40,middle
40786,186,30,0.3498886266217146,0.5666027043864053,40,middle
40787,187,30,0.5491839353108479,0.40838335685312066,40,middle
40788,188,30,0.4424495552748708,0.6018546535674956,40,middle
40789,189,30,0.5292238324184804,0.5368196027710025,40,middle
40790,190,30,0.3485420175236061,0.41255348818719484,40,middle
40791,191,30,0.5197239806695325,0.5865219551094021,40,middle
40792,192,30,0.41428928573125723,0.4899762026232726,40,middle
40793,193,30,0.6335943839810096,0.4573734297642211,40,middle
40794,194,30,0.6787481599939822,0.47177046817849977,40,middle
40795,195,30,0.5080936712603206,0.48199788108911334,40,middle
40796,196,30,0.47744003796774287,0.4672800303594904,40,middle
40797,197,30,0.4054139867845702,0.536247266584636,40,middle
40798,198,30,0.27294084152800147,0.6479378787325557,40,middle
40799,199,30,0.3096286708830211,0.5737337500236708,40,middle
40800,0,0,0.022155528498893847,0.6898121618430963,40,late
40801,1,0,0.3469260709823572,0.4963373396957348,40,late
40802,2,0,0.08908747256450571,0.4986105026950543,40,late
40803,3,0,0.6176551555148394,0.4825168277122071,40,late
40804,4,0,0.936701090231222,0.5312073651660085,40,late
40805,5,0,0.5288639449143098,0.6242305412893256,40,late
40806,6,0,0.060446265632526974,0.6544399708484397,40,late
40807,7,0,0.5892014742860208,0.5567000539830333,40,late
40808,8,0,0.23512387134303633,0.6527247214666498,40,late
40809,9,0,0.4808917265651462,0.4859640540080867,40,late
40810,10,0,0.34695371343165604,0.5479049352735146,40,late
40811,11,0,0.5439092716179447,0.47686722468564113,40,late
40812,12,0,0.5252309668439461,0.5306606224671168,40,late
40813,13,0,0.3154941771539796,0.4557499517494321,40,late
40814,14,0,0.2575306697612481,0.5084495040550616,40,late
40815,15,0,0.3711376487435859,0.54147416728959,40,late
40816,16,0,0.5931572677643385,0.512859240221048,40,late
40817,17,0,0.5278203227383601,0.3579053939168071,40,late
40818,18,0,0.4625165974450862,0.33235385742047785,40,late
40819,19,0,0.22399438990378923,0.5178202953427566,40,late
40820,20,0,0.6013966921498287,0.4729232726897279,40,late
40821,21,0,0.5763154268187253,0.5311482309293318,40,late
40822,22,0,0.6216714690830475,0.43715345929312943,40,late
40823,23,0,0.7626418807394486,0.49776737331944754,40,late
40824,24,0,0.5407964835154683,0.5495016052443172,40,late
40825,25,0,0.6424689841147576,0.4047296162432864,40,late
40826,26,0,0.34457225099019734,0.6865143026227276,40,late
40827,27,0,0.1487531755877609,0.5033400957979214,40,late
40828,28,0,0.49596140003786154,0.5691903667682123,40,late
40829,29,0,0.7703130525897683,0.43646674829682036,40,late
40830,30,0,0.4971138928704215,0.44225596534335576,40,late
40831,31,0,0.8070794386960053,0.6654552909941387,40,late
40832,32,0,0.5271125659593234,0.36397431918286094,40,late
40833,33,0,0.07066735709552058,0.5737228985625701,40,late
40834,34,0,0.5076695294428507,0.614522431841392,40,late
40835,35,0,0.2024535157139822,0.45378241877021697,40,late
40836,36,0,0.2953551904332926,0.5731960436679955,40,late
40837,37,0,0.03471558879241704,0.5370461014010189,40,late
40838,38,0,0.4280155291164705,0.6344849511620625,40,late
40839,39,0,0.07787551712709448,0.511142539625767,40,late
40840,40,0,0.4148609608858616,0.47504037953959144,40,late
40841,41,0,0.15149744733606946,0.6339214306139658,40,late
40842,42,0,0.49521454302919476,0.5302652846880729,40,late
40843,43,0,0.6398306742705089,0.4531558135068061,40,late
40844,44,0,0.6297558459243335,0.4525746299814714,40,late
40845,45,0,0.9039715853821305,0.49735068815039235,40,late
40846,46,0,0.6042913159716172,0.449900843861997,40,late
40847,47,0,0.7967654975695238,0.38294897842950826,40,late
40848,48,0,0.4996669466793626,0.4725787588378082,40,late
40849,49,0,0.12369225060548912,0.46938285297984195,40,late
40850,50,0,0.514974260357388,0.4119415233877185,40,late
40851,51,0,0.1777736911971318,0.41735325651627425,40,late
40852,52,0,0.6307174146173755,0.45375527764396384,40,late
40853,53,0,0.7839010879635606,0.49080308482931556,40,late
40854,54,0,0.4715736491126582,0.5137137945975296,40,late
40855,55,0,0.6967812642896766,0.36228720064473224,40,late
40856,56,0,0.377069200505475,0.4195052206913852,40,late
40857,57,0,0.22711763620118866,0.4208433881016556,40,late
40858,58,0,0.3552575668540216,0.396227243526337,40,late
40859,59,0,0.27034365115963777,0.5062285804455258,40,late
40860,60,0,0.5960085550487526,0.3179404806440449,40,late
40861,61,0,0.13405368027003206,0.6382602506595105,40,late
40862,62,0,0.25103528133497416,0.49687792946584386,40,late
40863,63,0,0.1104569422871518,0.4340476531280821,40,late
40864,64,0,0.4281777289948212,0.36733689666748626,40,late
40865,65,0,0.17437261273227747,0.5401069527064465,40,late
40866,66,0,0.5952190201555443,0.5018705259155641,40,late
40867,67,0,0.2290034197393798,0.47045017537596795,40,late
40868,68,0,0.6625032799728561,0.3809758864547109,40,late
40869,69,0,0.7722218655120332,0.40827788501215423,40,late
40870,70,0,0.09433085418783752,0.6057943615251287,40,late
40871,71,0,0.36343973438528804,0.44996058811995987,40,late
40872,72,0,0.6441136297608816,0.4290216461817623,40,late
40873,73,0,0.6991138021957175,0.4597620681859508,40,late
40874,74,0,0.7775775642348195,0.37908075297420163,40,late
40875,75,0,0.8349584106276438,0.355405033031559,40,late
40876,76,0,0.8452488147300503,0.4598139994365858,40,late
40877,77,0,0.264510286015033,0.6193665974003553,40,late
40878,78,0,0.7010981065966826,0.4552615708918747,40,late
40879,79,0,0.23267608263154668,0.49557282857455975,40,late
40880,80,0,0.4339698468671763,0.4314577767442034,40,late
40881,81,0,0.3211457319220875,0.4413601846571287,40,late
40882,82,0,0.7669600058393544,0.4226777083740171,40,late
40883,83,0,0.2570047100981383,0.5168581478146215,40,late
40884,84,0,0.21544970902738597,0.538738065920737,40,late
40885,85,0,0.7176221183071447,0.42302858581704283,40,late
40886,86,0,0.730350720805145,0.37405390051797227,40,late
40887,87,0,0.286075481668247,0.6006365250382151,40,late
40888,88,0,0.6042526082640852,0.4918465530724001,40,late
40889,89,0,0.5083253445953536,0.4173143171739234,40,late
40890,90,0,0.7655182908405976,0.39254345434623816,40,late
40891,91,0,0.23924414274501582,0.5355990086630578,40,late
40892,92,0,0.704731843037423,0.38514646628607885,40,late
40893,93,0,0.6701426567607431,0.45109696353684703,40,late
40894,94,0,0.6801212970024777,0.4684071878874969,40,late
40895,95,0,0.22479463305285902,0.44933905729983714,40,late
40896,96,0,0.2537260830317062,0.5017697549857166,40,late
40897,97,0,0.6807447875543841,0.44803389535992405,40,late
40898,98,0,0.339853195441705,0.5491192562676092,40,late
40899,99,0,0.6721943186262631,0.39470270461699,40,late
40900,100,0,0.8309284562124951,0.4345544376607303,40,late
40901,101,0,0.36525106618000935,0.5047531152222958,40,late
40902,102,0,0.6387952999371415,0.3025336086661215,40,late
40903,103,0,0.19620717705006582,0.5795115411585239,40,late
40904,104,0,0.24451755988605592,0.4211229936290467,40,late
40905,105,0,0.7487155228885669,0.40906298220275245,40,late
40906,106,0,0.27422729144875047,0.5122548856089779,40,late
40907,107,0,0.3003434239793217,0.6122361035285713,40,late
40908,108,0,0.5737622902932773,0.31129210687027725,40,late
40909,109,0,0.6960109800792877,0.38815783704578954,40,late
40910,110,0,0.5609215725905138,0.4731975894461754,40,late
40911,111,0,0.3026817166613631,0.40343052975675464,40,late
40912,112,0,0.42802973234550584,0.47414700531625864,40,late
40913,113,0,0.5857793570013313,0.29662188755495955,40,late
40914,114,0,0.49645068864864966,0.3943194944474526,40,late
40915,115,0,0.2927800170351434,0.3950524250599058,40,late
40916,116,0,0.19248377549431234,0.5089573815378586,40,late
40917,117,0,0.3001782875837475,0.4384945482709197,40,late
40918,118,0,0.6311003571805487,0.27325918852025055,40,late
40919,119,0,0.3465039062852381,0.5731730646263111,40,late
40920,120,0,0.7901212940926708,0.407801496951505,40,late
40921,121,0,0.14806815700348702,0.4271304437433752,40,late
40922,122,0,0.6558733745261822,0.5450987779887915,40,late
40923,123,0,0.8145450494982394,0.4544882626342205,40,late
40924,124,0,0.14228789244412493,0.5821934843179071,40,late
40925,125,0,0.835613146289657,0.36070240988723345,40,late
40926,126,0,0.20061959770549911,0.36241249065586156,40,late
40927,127,0,0.8502530874222338,0.27968041293799567,40,late
40928,128,0,0.14098679124629404,0.429513080619603,40,late
40929,129,0,0.7856254673487746,0.3548383637960423,40,late
40930,130,0,0.18406561792945,0.4429041365888019,40,late
40931,131,0,0.0900269598696269,0.5332160315764747,40,late
40932,132,0,0.8596097212259026,0.323694312248706,40,late
40933,133,0,0.8288707342546536,0.3985192094611927,40,late
40934,134,0,0.11784130084076445,0.6306715161680655,40,late
40935,135,0,0.7544151240900141,0.3779634866992817,40,late
40936,136,0,0.1407300512650777,0.4661118288432783,40,late
40937,137,0,0.8216135884787359,0.3261283024437362,40,late
40938,138,0,0.8432376220082671,0.3047380305664222,40,late
40939,139,0,0.8376678286022461,0.3028185901893246,40,late
40940,140,0,0.9099003543324286,0.3384325258594828,40,late
40941,141,0,0.09857290536619755,0.42292625281754637,40,late
40942,142,0,0.09610029809472632,0.4701666907695265,40,late
40943,143,0,0.9451809302021763,0.4700444493967817,40,late
40944,144,0,0.9169098113476261,0.35531026192364534,40,late
40945,145,0,0.16245422962287698,0.6726576909456994,40,late
40946,146,0,0.1672474106634051,0.41477023891969045,40,late
40947,147,0,0.8781726770195089,0.5398712911352137,40,late
40948,148,0,0.1168078223967693,0.3469805999177136,40,late
40949,149,0,0.8962546809087881,0.34861368257952285,40,late
40950,150,0,0.06054938941159958,0.4381690651885924,40,late
40951,151,0,0.9062055061713237,0.27593430852961653,40,late
40952,152,0,0.8869425360797444,0.3203079361419056,40,late
40953,153,0,0.1232048580217964,0.5476244155014945,40,late
40954,154,0,0.8776742795727389,0.3092704716706387,40,late
40955,155,0,0.17447951456100516,0.44720738483876504,40,late
40956,156,0,0.18729078314506636,0.5167405891926755,40,late
40957,157,0,0.7403942465918568,0.31020058346596713,40,late
40958,158,0,0.21830196801403415,0.4840148006620992,40,late
40959,159,0,0.7757265870977519,0.5374888436654763,40,late
40960,160,0,0.5048170207927021,0.390434900046999,40,late
40961,161,0,0.2410099954180247,0.6174369917062419,40,late
40962,162,0,0.17942411086446303,0.38683028189889035,40,late
40963,163,0,0.8675018890282922,0.4427116091430777,40,late
40964,164,0,0.0970783174150109,0.5396820868565047,40,late
40965,165,0,0.1437474558967942,0.50706060393756,40,late
40966,166,0,0.45224514902933793,0.4577109003903604,40,late
40967,167,0,0.17598844988218343,0.5213660562871363,40,late
40968,168,0,0.6836396596844443,0.47968267666180875,40,late
40969,169,0,0.8273539224945543,0.4721468698299065,40,late
40970,170,0,0.6443109870634911,0.4530023373071388,40,late
40971,171,0,0.39771450557594334,0.3953276270732539,40,late
40972,172,0,0.7076448586699873,0.3889679482163204,40,late
40973,173,0,0.8045424439251505,0.2728599971104579,40,late
40974,174,0,0.8293988404194794,0.32542268074543146,40,late
40975,175,0,0.5579432795556496,0.32626745038606936,40,late
40976,176,0,0.07748553108936959,0.34786430169464494,40,late
40977,177,0,0.18756621802195514,0.5311838267367708,40,late
40978,178,0,0.5532526102809532,0.3324068404314011,40,late
40979,179,0,0.22377118639347357,0.367664609712101,40,late
40980,180,0,0.11351568244842698,0.39736048122062917,40,late
40981,181,0,0.7394485545650213,0.3457014853094223,40,late
40982,182,0,0.23901235782168706,0.5673920591767437,40,late
40983,183,0,0.7704301210874314,0.3949866789649222,40,late
40984,184,0,0.25875277479165587,0.6550539112554377,40,late
40985,185,0,0.32429028775244323,0.41934637720043466,40,late
40986,186,0,0.801203454149159,0.4704470265589777,40,late
40987,187,0,0.3570509827056752,0.41020878480373957,40,late
40988,188,0,0.30135194618886724,0.4189765506789146,40,late
40989,189,0,0.4388887560174166,0.5167379577031658,40,late
40990,190,0,0.5802557838449094,0.5030294016204087,40,late
40991,191,0,0.7694140139989227,0.3714496079387618,40,late
40992,192,0,0.22194370023417373,0.3632547829631073,40,late
40993,193,0,0.6642094464350152,0.3763859430272437,40,late
40994,194,0,0.7394296073314373,0.32738415941371024,40,late
40995,195,0,0.1987725587869375,0.4310110005427519,40,late
40996,196,0,0.7130797870885935,0.47278486068950354,40,late
40997,197,0,0.7943587307231251,0.3086975297791019,40,late
40998,198,0,0.6540547927874951,0.2988448274516611,40,late
40999,199,0,0.7353999142171119,0.33119549658767894,40,late
41000,0,0,0.8895773350408207,0.6503424349626135,41,interleaved
41001,1,0,0.09122833829771536,0.8641500051615814,41,interleaved
41002,2,0,0.7649005838020693,0.7360665105510562,41,interleaved
41003,3,0,0.3906804587910971,0.5675633640094004,41,interleaved
41004,4,0,0.877461297861055,0.5629126835469445,41,interleaved
41005,5,1,0.7036412242021591,1.1105310569249673,41,interleaved
41006,6,0,0.935212723330241,0.6140138128461012,41,interleaved
41007,7,2,0.9254886168998053,0.6938389244916356,41,interleaved
41008,8,0,0.1822824031859816,0.5719232741512308,41,interleaved
41009,9,0,0.09433604699715929,0.623748062004011,41,interleaved
41010,10,0,0.20320254612783364,0.5237427944152854,41,interleaved
41011,11,0,0.07111444256452013,0.680304421578326,41,interleaved
41012,12,0,0.9000457894439571,0.4936297910339437,41,interleaved
41013,13,0,0.1554801580382974,0.5939256709728247,41,interleaved
41014,14,0,0.8215680860313866,0.4436811467357712,41,interleaved
41015,15,0,0.8350048269259605,0.6185535189974064,41,interleaved
41016,16,0,0.6688570457988701,0.4443961124663005,41,interleaved
41017,17,0,0.6867640456405429,0.5663356116278627,41,interleaved
41018,18,0,0.15443457407582983,0.459602288234931,41,interleaved
41019,19,0,0.7783908393757648,0.558842499434248,41,interleaved
41020,20,0,0.07838226932682106,0.4366306200032619,41,interleaved
41021,21,0,0.20240516720283197,0.6192807957541329,41,interleaved
41022,22,0,0.3572489634035661,0.4803260605350461,41,interleaved
41023,23,0,0.20342312251568223,0.5307325487457174,41,interleaved
41024,24,0,0.6561566122374434,0.4620417322817081,41,interleaved
41025,25,0,0.3098929919973389,0.4963248107410621,41,interleaved
41026,26,0,0.9396562137256502,0.43534436972929536,41,interleaved
41027,27,0,0.578176114669175,0.48631797612616634,41,interleaved
41028,28,0,0.9426081742466695,0.4109965239343246,41,interleaved
41029,29,0,0.33882967046470464,0.5572205311246985,41,interleaved
41030,30,0,0.9291696088144403,0.4986897600664178,41,interleaved
41031,31,0,0.394085377039999,0.3726812542376945,41,interleaved
41032,32,0,0.22393262132037695,0.4756204710589992,41,interleaved
41033,33,0,0.284184390356397,0.4776810365673966,41,interleaved
41034,34,0,0.6793690746660485,0.36164124852986324,41,interleaved
41035,35,0,0.2756068852506303,0.4607118400615554,41,interleaved
41036,36,0,0.379145446365155,0.4396657931245469,41,interleaved
41037,37,0,0.7659853911428056,0.28568201808179594,41,interleaved
41038,38,0,0.5696600505871813,0.5349018778048644,41,interleaved
41039,39,0,0.524255912600535,0.4489805858788636,41,interleaved
41040,40,0,0.25881135489546325,0.4201015559572132,41,interleaved
41041,41,0,0.0880684364926052,0.595297902091013,41,interleaved
41042,42,0,0.7795617657299936,0.3760731398260905,41,interleaved
41043,43,0,0.266819972088159,0.4169345656986381,41,interleaved
41044,44,0,0.23911950249090805,0.40343604647691544,41,interleaved
41045,45,0,0.7358965178717846,0.3839160943382341,41,interleaved
41046,46,0,0.6427229322811043,0.45858140858329455,41,interleaved
41047,47,0,0.37965383529009844,0.48603909738432016,41,interleaved
41048,48,0,0.11952275498496333,0.512096305735143,41,interleaved
41049,49,0,0.7076879854424186,0.4318521956090223,41,interleaved
41050,50,0,0.1284890398834653,0.6762429274163597,41,interleaved
41051,51,0,0.45010759120568855,0.5977771075333489,41,interleaved
41052,52,0,0.7146930810295797,0.5662665868053416,41,interleaved
41053,53,0,0.6037028403279341,0.24978116432233902,41,interleaved
41054,54,0,0.8508951489820477,0.4425972696528201,41,interleaved
41055,55,0,0.6425008670174882,0.5883344187264492,41,interleaved
41056,56,0,0.21004532491116285,0.41073738638923696,41,interleaved
41057,57,0,0.5137935459605357,0.28495440689787277,41,interleaved
41058,58,0,0.2536404622697591,0.4503647485662957,41,interleaved
41059,59,0,0.23269036119213776,0.5292415590059675,41,interleaved
41060,60,0,0.3804448407263312,0.5952652979066915,41,interleaved
41061,61,0,0.14560939589335242,0.4887160513653754,41,interleaved
41062,62,0,0.8752959984450389,0.564850571792465,41,interleaved
41063,63,0,0.6441320817011371,0.4867412315613188,41,interleaved
41064,64,0,0.06942936434895008,0.4467845234002335,41,interleaved
41065,65,0,0.20447683631100597,0.5023100408818738,41,interleaved
41066,66,0,0.8788094903460968,0.375667627750377,41,interleaved
41067,67,0,0.6239357437192898,0.4078651277598988,41,interleaved
41068,68,0,0.15918994474621873,0.42862884618066954,41,interleaved
41069,69,0,0.5619310523109009,0.32539762252341364,41,interleaved
41070,70,0,0.8565733248976453,0.4603593796009562,41,interleaved
41071,71,0,0.33081202752514377,0.3953135422096298,41,interleaved
41072,72,0,0.10127485724672758,0.49350041969184255,41,interleaved
41073,73,0,0.25865251395122846,0.4449704567221946,41,interleaved
41074,74,0,0.8973388666977622,0.38187446621394094,41,interleaved
41075,75,0,0.5384603070436155,0.4870862609871702,41,interleaved
41076,76,0,0.7273869708519747,0.27152483181831233,41,interleaved
41077,77,0,0.5460486142102557,0.3876570901241949,41,interleaved
41078,78,0,0.14188302825031218,0.5395679556702667,41,interleaved
41079,79,0,0.36760745382256266,0.48929834402185235,41,interleaved
41080,80,0,0.2664803125203661,0.5154125768329473,41,interleaved
41081,81,0,0.2051608459456736,0.3952291966031085,41,interleaved
41082,82,0,0.7653597967762664,0.30309144602112525,41,interleaved
41083,83,0,0.1819878955372947,0.40868929595547093,41,interleaved
41084,84,0,0.2747380895259859,0.4015800190833699,41,interleaved
41085,85,0,0.7707860818390895,0.45817387715191504,41,interleaved
41086,86,0,0.28988179309951556,0.39542507833315554,41,interleaved
41087,87,0,0.3773209277208752,0.4181512223499195,41,interleaved
41088,88,0,0.7138603942126647,0.4289872506930884,41,interleaved
41089,89,0,0.5618151329909857,0.5286790147354128,41,interleaved
41090,90,0,0.1697956631890557,0.4949807467012739,41,interleaved
41091,91,0,0.46962128046787993,0.38628593703572045,41,interleaved
41092,92,0,0.926194423335946,0.4317102316103172,41,interleaved
41093,93,0,0.5009974432604949,0.3759438575900041,41,interleaved
41094,94,0,0.12432227708874931,0.5074756547573513,41,interleaved
41095,95,0,0.26032380899564256,0.5127546952638165,41,interleaved
41096,96,0,0.8928968509184121,0.5238564192931308,41,interleaved
41097,97,0,0.5738654584317355,0.3910847476817245,41,interleaved
41098,98,0,0.803944933629104,0.4150872306801289,41,interleaved
41099,99,0,0.6622518114947185,0.4998991950603078,41,interleaved
41100,100,0,0.8392270674326834,0.3617250679897709,41,interleaved
41101,101,0,0.5347700665700749,0.4092493649293586,41,interleaved
41102,102,0,0.20829883962094417,0.47397470564015176,41,interleaved
41103,103,0,0.40173081535792243,0.41998388055518543,41,interleaved
41104,104,0,0.13961651097765793,0.407075422232967,41,interleaved
41105,105,0,0.31338110621028153,0.5128009070926058,41,interleaved
41106,106,0,0.8971418277229382,0.3654527961492284,41,interleaved
41107,107,0,0.5096329025250986,0.3191166123693542,41,interleaved
41108,108,0,0.9077639523037965,0.5751838127037113,41,interleaved
41109,109,0,0.5920516775434591,0.4256624290306644,41,interleaved
41110,110,0,0.8889610536225725,0.3541398286734815,41,interleaved
41111,111,0,0.6370631398350401,0.29815410054152625,41,interleaved
41112,112,0,0.8669648510496628,0.40934599996339677,41,interleaved
41113,113,0,0.6718862892005208,0.2873514503180672,41,interleaved
41114,114,0,0.8626446517647057,0.3391180313138291,41,interleaved
41115,115,0,0.5803971099507783,0.2932280472536036,41,interleaved
41116,116,0,0.9423519375802196,0.439997061023927,41,interleaved
41117,117,0,0.21428646314948535,0.4908341504638294,41,interleaved
41118,118,0,0.7179159601128475,0.34853222883696644,41,interleaved
41119,119,0,0.5243973404433812,0.5049888059594366,41,interleaved
41120,120,0,0.8829364229250404,0.3085839914930113,41,interleaved
41121,121,0,0.791553689514517,0.38421612672414107,41,interleaved
41122,122,0,0.2201851458730585,0.4869280562270559,41,interleaved
41123,123,0,0.2857707375976518,0.4151789187156165,41,interleaved
41124,124,0,0.1466795971172511,0.45703562269127873,41,interleaved
41125,125,0,0.6309434307477038,0.5070993594136144,41,interleaved
41126,126,0,0.6917477120347091,0.3688056090548392,41,interleaved
41127,127,0,0.6538008020395684,0.2556169760194876,41,interleaved
41128,128,0,0.3222021325105514,0.46176071838918387,41,interleaved
41129,129,0,0.34753410406472246,0.4196421147563201,41,interleaved
41130,130,0,0.7389100316047734,0.37357497909288884,41,interleaved
41131,131,0,0.6153050411027019,0.49023865677578937,41,interleaved
41132,132,0,0.7974004628276377,0.4199315172091248,41,interleaved
41133,133,0,0.6148464373039432,0.3418064178727195,41,interleaved
41134,134,0,0.08857687509954577,0.41959531156500907,41,interleaved
41135,135,0,0.3604848948070052,0.4772775908551915,41,interleaved
41136,136,0,0.6514623808318782,0.2923746185450956,41,interleaved
41137,137,0,0.6001268307693028,0.3659811970098481,41,interleaved
41138,138,0,0.24714057242424492,0.5103222309760207,41,interleaved
41139,139,0,0.7281888463543561,0.318084534740363,41,interleaved
41140,140,0,0.1785763765427595,0.4836946766172403,41,interleaved
41141,141,0,0.663309682870719,0.39056659286439,41,interleaved
41142,142,0,0.2781398728565594,0.3612994399926601,41,interleaved
41143,143,0,0.35788615584137756,0.5819958084326953,41,interleaved
41144,144,0,0.195301219323257,0.35477985338525275,41,interleaved
41145,145,0,0.5288468595993616,0.3549453020163383,41,interleaved
41146,146,0,0.8349756398089746,0.2884485336472751,41,interleaved
41147,147,0,0.18548469805397694,0.4838097079260525,41,interleaved
41148,148,0,0.8905985497370068,0.3603014893899006,41,interleaved
41149,149,0,0.4289073923097751,0.4687454647585847,41,interleaved
41150,150,0,0.1497305356744287,0.5322996919830882,41,interleaved
41151,151,0,0.5969495731741923,0.4508862168765735,41,interleaved
41152,152,0,0.14705274648696384,0.5046138813914134,41,interleaved
41153,153,0,0.5540178743472164,0.4487484004675894,41,interleaved
41154,154,0,0.8975718258866773,0.5201326939994004,41,interleaved
41155,155,0,0.27502405879792335,0.4801791268657286,41,interleaved
41156,156,0,0.19513052774473866,0.5039704931627298,41,interleaved
41157,157,0,0.4218676813945263,0.39331646051082014,41,interleaved
41158,158,0,0.8832756187335848,0.5631990023655052,41,interleaved
41159,159,0,0.5143933155165527,0.28772500786641486,41,interleaved
41160,160,0,0.2980195136974553,0.42539147179977993,41,interleaved
41161,161,0,0.06531923379288969,0.33360223861106214,41,interleaved
41162,162,0,0.749791112287979,0.40738516031782035,41,interleaved
41163,163,0,0.5699161091284628,0.44235513697620166,41,interleaved
41164,164,0,0.7500805327816038,0.2904881150833454,41,interleaved
41165,165,0,0.11674760163627791,0.38971892322163715,41,interleaved
41166,166,0,0.6313371322192397,0.43073110944977255,41,interleaved
41167,167,0,0.15631726668924117,0.4145089654182651,41,interleaved
41168,168,0,0.42060657150905056,0.4687986438110137,41,interleaved
41169,169,0,0.7017732974530217,0.4185667116251112,41,interleaved
41170,170,0,0.771776383020105,0.4531255978964205,41,interleaved
41171,171,0,0.8673609472361015,0.2541713153999838,41,interleaved
41172,172,0,0.3109805801756361,0.3993969690894267,41,interleaved
41173,173,0,0.4877079088267724,0.3792092842564908,41,interleaved
41174,174,0,0.34253030349554736,0.5098866017051091,41,interleaved
41175,175,0,0.6517587652471226,0.40383127605750274,41,interleaved
41176,176,0,0.1733371017164315,0.5082479483288165,41,interleaved
41177,177,0,0.42843720465329665,0.3513295117809996,41,interleaved
41178,178,0,0.31026162528476225,0.41852904954418235,41,interleaved
41179,179,0,0.7641360932377711,0.3445937949803197,41,interleaved
41180,180,0,0.8861809205642696,0.3790276386618864,41,interleaved
41181,181,0,0.6837390483709332,0.3255311908134113,41,interleaved
41182,182,0,0.1196648396565114,0.575289290597715,41,interleaved
41183,183,0,0.585742193066406,0.34093472578954975,41,interleaved
41184,184,0,0.341453859026618,0.34008072345850104,41,interleaved
41185,185,0,0.7098940797880707,0.36612160083191114,41,interleaved
41186,186,0,0.24306060248325917,0.5143643897069405,41,interleaved
41187,187,0,0.22654201341948804,0.4303210212305509,41,interleaved
41188,188,0,0.2904727272103278,0.3615636083316047,41,interleaved
41189,189,0,0.3523809054427869,0.40459575318562957,41,interleaved
41190,190,0,0.15400717311233852,0.4498660485575082,41,interleaved
41191,191,0,0.2307756919127038,0.4166139925368738,41,interleaved
41192,192,0,0.8733124191566013,0.5258071031469289,41,interleaved
41193,193,0,0.37805814091509105,0.45901712816255014,41,interleaved
41194,194,0,0.36204988172537705,0.3369903606394698,41,interleaved
41195,195,0,0.740327544207296,0.3743527766378392,41,interleaved
41196,196,0,0.17818763356615672,0.45162870137302863,41,interleaved
41197,197,0,0.23463517557668293,0.43474464015929837,41,interleaved
41198,198,0,0.09850068338420712,0.41420214715129633,41,interleaved
41199,199,0,0.21482629790968621,0.41281175154211813,41,interleaved
41200,0,0,0.5456339376815031,0.7985203939697577,41,blocked
41201,1,0,0.4562979356127409,0.6650737489859072,41,blocked
41202,2,1,0.4428276506838942,0.8464630852737328,41,blocked
41203,3,2,0.3842808047583462,1.1771991317317338,41,blocked
41204,4,3,0.5438833121107775,1.1624162301344174,41,blocked
41205,5,0,0.5001651617673282,0.7130091314624423,41,blocked
41206,6,4,0.6689858321705502,0.95533108165176,41,blocked
41207,7,5,0.5678303255648607,0.8729342659719932,41,blocked
41208,8,0,0.6381927850399957,0.7121605092550516,41,blocked
41209,9,0,0.42090580866729216,0.6041202160418289,41,blocked
41210,10,0,0.5377361554131616,0.6578874895334138,41,blocked
41211,11,6,0.5005865078524384,0.9638178632130852,41,blocked
41212,12,7,0.5310630534581584,1.3293643655222336,41,blocked
41213,13,8,0.6535857065466657,1.393363732006942,41,blocked
41214,14,9,0.023136749088124277,1.0972468313233015,41,blocked
41215,15,0,0.63808264162314,0.5761157264034196,41,blocked
41216,16,10,0.6511390279526761,0.5841339958900729,41,blocked
41217,17,11,0.48318887200807953,1.2276346534460432,41,blocked
41218,18,12,0.03209923029588239,1.0842146315927357,41,blocked
41219,19,0,0.6271692518343063,0.5728955928534843,41,blocked
41220,20,13,0.3108680087903149,0.9635506219048033,41,blocked
41221,21,14,0.4115046452525439,1.4854588342328765,41,blocked
41222,22,15,0.48600631120949306,1.3880847146674822,41,blocked
41223,23,0,0.41877182722822914,0.5347627588574706,41,blocked
41224,24,16,0.8141543037484013,0.9769339363726157,41,blocked
41225,25,17,0.8489663013359221,0.7642747516091708,41,blocked
41226,26,18,0.6010711325511948,1.0278364178269057,41,blocked
41227,27,19,0.4584254075235907,1.02004347152258,41,blocked
41228,28,19,0.48946680814115734,0.8430374084966177,41,blocked
41229,29,20,0.4947411966730919,1.1149972940671984,41,blocked
41230,30,19,0.47884458673716057,0.674036803540377,41,blocked
41231,31,0,0.569756571801829,0.6643053851246417,41,blocked
41232,32,0,0.4568799484141114,0.7050881874624422,41,blocked
41233,33,21,0.25980178936064985,1.4096448486324584,41,blocked
41234,34,0,0.670592042685057,0.617606153196249,41,blocked
41235,35,0,0.3529141002897344,0.5489392602680692,41,blocked
41236,36,0,0.4767673222483965,0.7801884940168069,41,blocked
41237,37,0,0.40729724371534487,0.6444688970240555,41,blocked
41238,38,22,0.7498032388492368,0.8886753799333588,41,blocked
41239,39,19,0.48676144056784637,0.7834050503877825,41,blocked
41240,40,0,0.8538149222443313,0.5871961166644475,41,blocked
41241,41,0,0.21480924602636767,0.6686375708444787,41,blocked
41242,42,0,0.35071665316902634,0.5655370754614636,41,blocked
41243,43,0,0.24335310750552236,0.46542397536362107,41,blocked
41244,44,0,0.7495226563516191,0.5760586889724645,41,blocked
41245,45,0,0.9620563218479043,0.6810220908969468,41,blocked
41246,46,0,0.5404540623279298,0.6777326175559881,41,blocked
41247,47,17,0.5815358687933683,0.7121114837386753,41,blocked
41248,48,23,0.006943468379354061,1.1390572654684443,41,blocked
41249,49,0,0.23821998376195508,0.7220848013590864,41,blocked
41250,50,0,0.9586606490494503,0.7040840148733271,41,blocked
41251,51,24,0.32880569984638475,1.1025886824593205,41,blocked
41252,52,0,0.8862914601905629,0.6746636897844238,41,blocked
41253,53,0,0.6045177084467005,0.6131673150112968,41,blocked
41254,54,0,0.28760251187802693,0.641150808329292,41,blocked
41255,55,0,0.321579910507405,0.5323106040427685,41,blocked
41256,56,0,0.966124804297783,0.623182374952128,41,blocked
41257,57,0,0.5680421042209406,0.5292159742145969,41,blocked
41258,58,0,0.41142783557533746,0.6009982874666622,41,blocked
41259,59,0,0.4623310557000309,0.48827948168720103,41,blocked
41260,60,0,0.447632309221245,0.6214743293544162,41,blocked
41261,61,0,0.529122382909283,0.4555422145662134,41,blocked
41262,62,0,0.555849750596047,0.6487005074906942,41,blocked
41263,63,17,0.6503248122955769,0.6696903858288816,41,blocked
41264,64,0,0.5777107411864333,0.6847630846351154,41,blocked
41265,65,0,0.3513974136448698,0.5711871186083561,41,blocked
41266,66,0,0.46539525431433565,0.5431270513526132,41,blocked
41267,67,0,0.5189435441243178,0.43765155074647566,41,blocked
41268,68,0,0.4701287541075672,0.5096102409420465,41,blocked
41269,69,0,0.4905990459605316,0.49947523097543606,41,blocked
41270,70,0,0.4993093443146166,0.5769028350051686,41,blocked
41271,71,0,0.5048773329133687,0.5398397975097949,41,blocked
41272,72,0,0.487611948148082,0.6370544356602383,41,blocked
41273,73,0,0.6152318241237194,0.5628698126528993,41,blocked
41274,74,0,0.4312363283238658,0.6716976191598911,41,blocked
41275,75,0,0.5732996284988207,0.7374858263823032,41,blocked
41276,76,0,0.4852272676083236,0.40499999203883796,41,blocked
41277,77,0,0.49809769327342956,0.5278936604236746,41,blocked
41278,78,0,0.5807808721255787,0.5593645681491021,41,blocked
41279,79,0,0.39649363315709035,0.6742221114065707,41,blocked
41280,80,0,0.8709731347375009,0.5989068622564009,41,blocked
41281,81,0,0.8358455799603949,0.3870124365911007,41,blocked
41282,82,0,0.15685769197934518,0.5459770124968459,41,blocked
41283,83,0,0.22271669366345193,0.5655379062224798,41,blocked
41284,84,0,0.3169544960764125,0.5450989500333387,41,blocked
41285,85,0,0.7729305421560942,0.47396895151695684,41,blocked
41286,86,0,0.17796399912281302,0.46380707732472876,41,blocked
41287,87,0,0.748899094135731,0.5485514569720724,41,blocked
41288,88,0,0.29018360439226043,0.467645127055841,41,blocked
41289,89,0,0.2447557074032425,0.538905283130402,41,blocked
41290,90,0,0.21337374763545164,0.4820873768934338,41,blocked
41291,91,0,0.6320256859681543,0.549929041040236,41,blocked
41292,92,0,0.28170139403567324,0.44403654553619154,41,blocked
41293,93,0,0.722966618320189,0.3667393173140168,41,blocked
41294,94,0,0.25558579689660027,0.5521148432023293,41,blocked
41295,95,0,0.22384501370603382,0.5228010574239317,41,blocked
41296,96,0,0.7450182809114672,0.4594984551228247,41,blocked
41297,97,0,0.29765457646584065,0.483395247018407,41,blocked
41298,98,0,0.6227598803790733,0.5169936781892313,41,blocked
41299,99,0,0.16725544407916929,0.6073270234265477,41,blocked
41300,100,0,0.6815218774417089,0.43275033995302414,41,blocked
41301,101,0,0.32554413073459043,0.43025842415131127,41,blocked
41302,102,0,0.18493722799646822,0.42605019010572065,41,blocked
41303,103,0,0.18636782036856753,0.523010999533587,41,blocked
41304,104,0,0.23788235128808483,0.6263802299155077,41,blocked
41305,105,0,0.7869115342969951,0.5349737800153405,41,blocked
41306,106,0,0.5800053349160919,0.5082884149153799,41,blocked
41307,107,0,0.6770871227039164,0.5406622601300619,41,blocked
41308,108,0,0.8049207040329105,0.6035937943509525,41,blocked
41309,109,0,0.20623678219499986,0.5271259584851727,41,blocked
41310,110,0,0.2154976270917332,0.5549253907486,41,blocked
41311,111,0,0.173253296110171,0.6074773054453844,41,blocked
41312,112,0,0.7122866790274036,0.46007139675580383,41,blocked
41313,113,0,0.7434563305220773,0.6246386201148586,41,blocked
41314,114,0,0.24328585506279354,0.5654352376486755,41,blocked
41315,115,0,0.3745918137839269,0.485059068973116,41,blocked
41316,116,0,0.7894231831728753,0.5426528085323677,41,blocked
41317,117,0,0.7554975087976059,0.49326398485081957,41,blocked
41318,118,0,0.6966712257136987,0.6080691285807241,41,blocked
41319,119,0,0.30565280090134467,0.41339058746228025,41,blocked
41320,120,0,0.5076640242478745,0.5283978709171832,41,blocked
41321,121,0,0.682517509587045,0.45402268852453237,41,blocked
41322,122,0,0.38927201282031704,0.45896566542311434,41,blocked
41323,123,0,0.7335176135764021,0.5120065525249426,41,blocked
41324,124,0,0.6647535159938864,0.5401172471376229,41,blocked
41325,125,0,0.6015380641650101,0.6151341229130634,41,blocked
41326,126,0,0.349148952193485,0.4645349880372722,41,blocked
41327,127,0,0.6960604094530238,0.4179680890106238,41,blocked
41328,128,0,0.6597913383151269,0.4846607184180356,41,blocked
41329,129,0,0.6049253311609686,0.45528114363136696,41,blocked
41330,130,0,0.4584366662413378,0.5409486754675342,41,blocked
41331,131,0,0.6717636848560479,0.5049927597946212,41,blocked
41332,132,0,0.6082334456567029,0.4857205319416854,41,blocked
41333,133,0,0.48094751377894074,0.5025148236707925,41,blocked
41334,134,0,0.5493359902845779,0.49305191486271727,41,blocked
41335,135,0,0.42465542582885196,0.4544673654466964,41,blocked
41336,136,0,0.5865656040735321,0.48562099935140673,41,blocked
41337,137,0,0.5316234593558408,0.5324179976342669,41,blocked
41338,138,0,0.4167474165787002,0.4437450618931884,41,blocked
41339,139,0,0.5060561587013612,0.491012683428662,41,blocked
41340,140,0,0.5756781490311107,0.3994296026061368,41,blocked
41341,141,0,0.5410021374893602,0.4646551994310433,41,blocked
41342,142,0,0.3649107972905359,0.5853224867346019,41,blocked
41343,143,0,0.50758732097153,0.4939857579165102,41,blocked
41344,144,0,0.6774030545713402,0.461083548461822,41,blocked
41345,145,0,0.5693826931559982,0.48893254275826703,41,blocked
41346,146,0,0.7144667151714741,0.5081254303300389,41,blocked
41347,147,0,0.8114729986813991,0.5150805943810781,41,blocked
41348,148,0,0.36837717742377935,0.45154054939407245,41,blocked
41349,149,0,0.3401065551686711,0.5024785006960284,41,blocked
41350,150,0,0.4293881736277145,0.4494319450158838,41,blocked
41351,151,0,0.26172055943554673,0.5519650084503491,41,blocked
41352,152,0,0.240374947298454,0.587002090533417,41,blocked
41353,153,0,0.2726454354581459,0.485521849585958,41,blocked
41354,154,0,0.6942190005118296,0.36114138484425506,41,blocked
41355,155,0,0.36715331367114784,0.4374810835456481,41,blocked
41356,156,0,0.6754827613744455,0.6812486396226559,41,blocked
41357,157,0,0.6291179980383921,0.4781889409834985,41,blocked
41358,158,0,0.6907696676395978,0.42477971687010874,41,blocked
41359,159,0,0.684114495567527,0.45269625197254776,41,blocked
41360,160,0,0.3202196265671603,0.5260879320347434,41,blocked
41361,161,0,0.6855164812073966,0.43253698361644477,41,blocked
41362,162,0,0.6448949797236484,0.4679769434091542,41,blocked
41363,163,0,0.3682719351983195,0.5962787137465762,41,blocked
41364,164,0,0.36958978830060035,0.5975144305153748,41,blocked
41365,165,0,0.6706592273963254,0.5507788054665115,41,blocked
41366,166,0,0.47793610740489484,0.4609069573703099,41,blocked
41367,167,0,0.2198638495148722,0.5367749858340813,41,blocked
41368,168,0,0.7504528055542325,0.4603220430894628,41,blocked
41369,169,0,0.6484926582945659,0.41524598740337615,41,blocked
41370,170,0,0.40820333428859035,0.5796715874775998,41,blocked
41371,171,0,0.2566374901400484,0.4906598228935918,41,blocked
41372,172,0,0.6739385809965557,0.44126259374380417,41,blocked
41373,173,0,0.535811979197915,0.42056219733077793,41,blocked
41374,174,0,0.6858976180574627,0.4542423995476443,41,blocked
41375,175,0,0.24864895526125058,0.5071760247453044,41,blocked
41376,176,0,0.7270736629267602,0.439242288778925,41,blocked
41377,177,0,0.7162008020535682,0.4586303483455162,41,blocked
41378,178,0,0.7360133544106948,0.5068375717111099,41,blocked
41379,179,0,0.43476088844609356,0.42072134600570976,41,blocked
41380,180,0,0.3592817613819231,0.5738464353823414,41,blocked
41381,181,0,0.5352846492393092,0.5643076846866764,41,blocked
41382,182,0,0.3247238722254635,0.38702377721783643,41,blocked
41383,183,0,0.3920185383167795,0.4248723958515266,41,blocked
41384,184,0,0.4020557613259108,0.5488784740466651,41,blocked
41385,185,0,0.6727818860685706,0.3710899807798296,41,blocked
41386,186,0,0.7161997609020967,0.36203302911829555,41,blocked
41387,187,0,0.7670330078776157,0.3376041668849302,41,blocked
41388,188,0,0.5758635841671971,0.4307097727570204,41,blocked
41389,189,0,0.19706372680352346,0.4940039992713004,41,blocked
41390,190,0,0.3127062356534346,0.5427169997971881,41,blocked
41391,191,0,0.388843380833166,0.5513985930021694,41,blocked
41392,192,0,0.5591314349588983,0.439393904583146,41,blocked
41393,193,0,0.42109067588872956,0.4280216585759288,41,blocked
41394,194,0,0.6595463974613942,0.5839810087097271,41,blocked
41395,195,0,0.3361534280167741,0.4723716278116617,41,blocked
41396,196,0,0.5971398243004327,0.4079566467841753,41,blocked
41397,197,0,0.4031518460555765,0.42498829564744495,41,blocked
41398,198,0,0.7582617537862087,0.4360114686599135,41,blocked
41399,199,0,0.2849320555337499,0.5935453597020754,41,blocked
41400,0,0,0.5097689016708783,0.7365745603836789,41,early
41401,1,0,0.5278069203577378,0.6618206723649274,41,early
41402,2,1,0.5028671111623604,1.0251965979676698,41,early
41403,3,2,0.8859253282352825,0.6385121666286553,41,early
41404,4,3,0.9578580483972934,1.049945876674458,41,early
41405,5,4,0.566824498798318,0.976004830876213,41,early
41406,6,5,0.5292987666992529,1.047540620207327,41,early
41407,7,0,0.46363324596455974,0.6772699085201925,41,early
41408,8,6,0.029812795513241036,1.1663732246482414,41,early
41409,9,0,0.5325205766504798,0.4610924783879983,41,early
41410,10,2,0.5546493619566769,0.6282180547913023,41,early
41411,11,2,0.4158884741963965,0.6414111652041676,41,early
41412,12,7,0.4131884630694487,1.2076145913726588,41,early
41413,13,8,0.5081638781302449,1.0994825151781769,41,early
41414,14,0,0.526872958293034,0.4682367337096904,41,early
41415,15,0,0.486919265288025,0.5915387342197167,41,early
41416,16,9,0.5447659057925691,1.0853904473937908,41,early
41417,17,10,0.09237921132664552,0.8514809069358619,41,early
41418,18,11,0.6163124552506404,0.6298851562267584,41,early
41419,19,0,0.43291817422210777,0.6403254315441198,41,early
41420,20,0,0.44041714997137055,0.5608300450482634,41,early
41421,21,12,0.471382260987479,1.2426130314813422,41,early
41422,22,2,0.6278177417176717,0.47760243978960126,41,early
41423,23,13,0.15379207451090732,0.8439575293607654,41,early
41424,24,14,0.4922377427171102,0.790784274127605,41,early
41425,25,13,0.8785003550995731,0.6612367153027008,41,early
41426,26,15,0.7592138318345476,1.2019376940862094,41,early
41427,27,0,0.14181530817896004,0.598753086609131,41,early
41428,28,16,0.9517490231497985,1.0068952500100057,41,early
41429,29,0,0.5136848628967298,0.5375893472408997,41,early
41430,30,0,0.5375832262565022,0.5562904873712587,41,early
41431,31,0,0.583202665303661,0.5157567041868035,41,early
41432,32,0,0.12591915804908738,0.5861213730989145,41,early
41433,33,0,0.4716395130805924,0.49475387267549253,41,early
41434,34,2,0.3843326544319867,0.43838463278966056,41,early
41435,35,17,0.9227366294336103,1.3087623455957984,41,early
41436,36,0,0.5600117830954878,0.4192181930839899,41,early
41437,37,0,0.5178859767437092,0.4514553274821729,41,early
41438,38,0,0.5215367740787776,0.6743024704265336,41,early
41439,39,0,0.6003329643888462,0.5588364334012802,41,early
41440,40,0,0.22655250075990874,0.5731517377739619,41,early
41441,41,0,0.3814229661956222,0.7162945407636692,41,early
41442,42,2,0.9029325802250187,0.4932310368539294,41,early
41443,43,13,0.6628834960943198,0.6161963537944466,41,early
41444,44,0,0.8189401207114462,0.5155300725300824,41,early
41445,45,0,0.2660399477202762,0.6270647518267798,41,early
41446,46,0,0.1524089896316221,0.5256142306809948,41,early
41447,47,13,0.3005154719625285,0.766054815432021,41,early
41448,48,2,0.8481898497241588,0.4619516885305347,41,early
41449,49,0,0.7701043025479568,0.5174192225336625,41,early
41450,50,0,0.37207945934360453,0.6216042969916651,41,early
41451,51,0,0.7300224532919533,0.5607376385522136,41,early
41452,52,0,0.8134475468928122,0.588682207862029,41,early
41453,53,0,0.4856718342877146,0.5460625739974525,41,early
41454,54,18,0.7305891981302814,0.9196945008500377,41,early
41455,55,0,0.32450227030984286,0.6189041985031656,41,early
41456,56,2,0.22161757282017874,0.40799086160487363,41,early
41457,57,0,0.6684401596736093,0.5814312003972457,41,early
41458,58,0,0.5416763085844322,0.48293089853385607,41,early
41459,59,0,0.7794411235957797,0.4715363653617435,41,early
41460,60,0,0.3008117764690034,0.45251305233893524,41,early
41461,61,0,0.7884685254349385,0.2758704617037067,41,early
41462,62,0,0.3957625265620066,0.4866282954578209,41,early
41463,63,0,0.28759885882405856,0.4953376454920303,41,early
41464,64,0,0.42977323067491185,0.5927612592379659,41,early
41465,65,0,0.2816191936729628,0.43334506606635237,41,early
41466,66,0,0.7617372119217706,0.43198046171512516,41,early
41467,67,13,0.4544193333191424,0.38704447161544847,41,early
41468,68,0,0.7119689027800677,0.5642615805126863,41,early
41469,69,0,0.32167196608242377,0.5602041574906227,41,early
41470,70,0,0.3461716664300618,0.42061726169976876,41,early
41471,71,0,0.5840489480528519,0.4413927612365216,41,early
41472,72,0,0.3279169034359579,0.3735826808223224,41,early
41473,73,2,0.8731460870535841,0.5294615433325615,41,early
41474,74,0,0.6851464879647444,0.5391131945548944,41,early
41475,75,0,0.6437556101775925,0.4611707540524651,41,early
41476,76,0,0.6482391764357298,0.6512138075368472,41,early
41477,77,0,0.30264375843116115,0.5297129745471851,41,early
41478,78,0,0.6692448958807345,0.4053104652033429,41,early
41479,79,0,0.42635278558813416,0.5912308562709757,41,early
41480,80,0,0.4984547758464084,0.4050994467924677,41,early
41481,81,0,0.7870900304098125,0.4291821698811836,41,early
41482,82,0,0.518411364786295,0.39453184015732085,41,early
41483,83,0,0.2705543613861506,0.46004532407108173,41,early
41484,84,0,0.490891853464393,0.360351641655701,41,early
41485,85,0,0.6449572646922135,0.4667925223204548,41,early
41486,86,0,0.42317072114685794,0.5937413811864825,41,early
41487,87,0,0.7156693764910202,0.3627937647050268,41,early
41488,88,0,0.5208270202863883,0.4101874958904827,41,early
41489,89,0,0.31747876933666186,0.32830046831761855,41,early
41490,90,19,0.04655783151171763,0.8319469564227906,41,early
41491,91,0,0.7014939293524529,0.5813626457310878,41,early
41492,92,0,0.4883831259507636,0.350966007191708,41,early
41493,93,0,0.7124084199441079,0.3652302780506267,41,early
41494,94,0,0.5768744026349876,0.46700886939141395,41,early
41495,95,0,0.4039046591521491,0.4588010764928468,41,early
41496,96,0,0.4518021538067896,0.39417528464351603,41,early
41497,97,0,0.33215718715485554,0.4316552816781828,41,early
41498,98,0,0.49032555507370534,0.6021313270694363,41,early
41499,99,0,0.3977723130864783,0.42049218046676007,41,early
41500,100,0,0.40218518322818597,0.4014103040694026,41,early
41501,101,0,0.6592446390560867,0.3904155866430902,41,early
41502,102,0,0.5129751196345382,0.45737535144801555,41,early
41503,103,0,0.25220067840665755,0.47597663424006975,41,early
41504,104,0,0.5742567740668164,0.4003494022010811,41,early
41505,105,0,0.2848778355513931,0.41776573153788865,41,early
41506,106,0,0.4207632338586468,0.4184055914262937,41,early
41507,107,2,0.8051812983998571,0.3897291736536105,41,early
41508,108,0,0.4028146998626655,0.4394353735400739,41,early
41509,109,0,0.19694667319211145,0.5346830632938075,41,early
41510,110,0,0.46689991690340127,0.3939042463038199,41,early
41511,111,0,0.3123368410115785,0.4235261714166374,41,early
41512,112,0,0.40555431695416516,0.42695302246561384,41,early
41513,113,0,0.6924261997175005,0.49805957901384573,41,early
41514,114,0,0.7070267610630979,0.4456358643701148,41,early
41515,115,0,0.43449972353401506,0.3637728414753082,41,early
41516,116,0,0.5569489809891165,0.4479518318519259,41,early
41517,117,0,0.44848795112355716,0.6068009643068942,41,early
41518,118,0,0.2653882983676027,0.39114576307454363,41,early
41519,119,0,0.3618271945006203,0.44759911017513276,41,early
41520,120,0,0.48728775273588326,0.5169975772092973,41,early
41521,121,0,0.574065403624638,0.25618216233751434,41,early
41522,122,0,0.694665364630868,0.3413678903925679,41,early
41523,123,0,0.44170401132712334,0.46393991058422634,41,early
41524,124,0,0.3002202142672457,0.5668838106435901,41,early
41525,125,0,0.4862841805299323,0.4917630138932436,41,early
41526,126,0,0.4823960434097412,0.4485538056359939,41,early
41527,127,0,0.712282320694411,0.5396130877432959,41,early
41528,128,0,0.34208694590485567,0.3839249118589889,41,early
41529,129,0,0.3509449952780058,0.27775305987851184,41,early
41530,130,0,0.5656063463219552,0.37966799323277184,41,early
41531,131,0,0.3633646356976836,0.3668153549686907,41,early
41532,132,0,0.3887729143348526,0.3511397413018876,41,early
41533,133,0,0.37833779770155457,0.4656600112546715,41,early
41534,134,0,0.5019994962782969,0.34163053624509765,41,early
41535,135,0,0.4858732201848466,0.5054367612044847,41,early
41536,136,0,0.4812709129679586,0.43166913551299957,41,early
41537,137,0,0.7010288661958682,0.44396573809707923,41,early
41538,138,0,0.5340712081671518,0.3960744976685714,41,early
41539,139,0,0.603997832631952,0.503216778645147,41,early
41540,140,0,0.5722257758980874,0.4181987083339588,41,early
41541,141,0,0.7172978992096346,0.4401608824817279,41,early
41542,142,0,0.389873512426338,0.37715060317406224,41,early
41543,143,0,0.3499884283581695,0.4292197584740325,41,early
41544,144,0,0.515811753298229,0.330363634318818,41,early
41545,145,0,0.4533170439966835,0.3915086006644553,41,early
41546,146,0,0.7082945530335231,0.5430771793235157,41,early
41547,147,0,0.529299187978814,0.37188745862515216,41,early
41548,148,0,0.4218229192402153,0.2572889884492399,41,early
41549,149,0,0.502957177766177,0.49485251218542553,41,early
41550,150,0,0.5854824444448754,0.5197841364854405,41,early
41551,151,0,0.675195662578274,0.4345617302484107,41,early
41552,152,0,0.5448279108806964,0.4457447236565331,41,early
41553,153,0,0.5272278188310338,0.37886602447004936,41,early
41554,154,0,0.6166204557395292,0.5079164957003732,41,early
41555,155,0,0.5951215249736626,0.42080880386452024,41,early
41556,156,0,0.5110902877372909,0.4290396965150061,41,early
41557,157,0,0.6653183498000164,0.44555873599735346,41,early
41558,158,0,0.3890598513116148,0.40436913572928546,41,early
41559,159,0,0.5493634125905719,0.5173276419565341,41,early
41560,160,0,0.5547724571242845,0.3232172762681935,41,early
41561,161,0,0.5885177566999891,0.3947159806525664,41,early
41562,162,0,0.41529418935174167,0.395690521126024,41,early
41563,163,0,0.5403887235071096,0.48690140627292144,41,early
41564,164,0,0.644872621145589,0.3504666421462608,41,early
41565,165,0,0.28959035070409245,0.3911649386236028,41,early
41566,166,0,0.47599219712774776,0.35120974341251854,41,early
41567,167,0,0.7550424642885378,0.3995192931653296,41,early
41568,168,0,0.4936469189106515,0.37754962115269536,41,early
41569,169,0,0.46300093071734955,0.49428866768954666,41,early
41570,170,0,0.45295817160750196,0.4507398322458559,41,early
41571,171,0,0.600218322867442,0.48941898763594305,41,early
41572,172,0,0.6893125906935564,0.4947149571971997,41,early
41573,173,0,0.5113349243306169,0.3517985262714166,41,early
41574,174,0,0.48790233540493244,0.46457404184312967,41,early
41575,175,0,0.5356785244469365,0.3613212594276743,41,early
41576,176,0,0.4182604795273401,0.5916287615461078,41,early
41577,177,0,0.589685426934132,0.3604241100088109,41,early
41578,178,0,0.6023304394202244,0.3698585671170952,41,early
41579,179,0,0.5302906739626432,0.4826186951511531,41,early
41580,180,0,0.42714484158753263,0.3468560779105212,41,early
41581,181,0,0.6976034133174456,0.5536016435779065,41,early
41582,182,0,0.5849233119203023,0.47884158326722653,41,early
41583,183,0,0.5448252764283135,0.42821897518931745,41,early
41584,184,0,0.3830946495327374,0.3129257030284925,41,early
41585,185,0,0.5309252830960701,0.2904762977363573,41,early
41586,186,0,0.4136772956613258,0.5552641329722559,41,early
41587,187,0,0.44828521805924204,0.4589927289557737,41,early
41588,188,0,0.6143458572223394,0.3191108289975274,41,early
41589,189,13,0.8949952973812685,0.5469503838797471,41,early
41590,190,0,0.5187736812490273,0.354211473170734,41,early
41591,191,0,0.3865116913643537,0.3556053843254838,41,early
41592,192,0,0.65531522617995,0.5041888441375777,41,early
41593,193,0,0.4486931945714807,0.43718460084874955,41,early
41594,194,0,0.5637812497905808,0.23353465933572182,41,early
41595,195,0,0.5991024863718036,0.550591281563079,41,early
41596,196,0,0.4640330036152997,0.30267262025315905,41,early
41597,197,0,0.5385491071870927,0.3778426533774093,41,early
41598,198,0,0.6533073533707807,0.3310475404854725,41,early
41599,199,0,0.44658468910165827,0.44973624910331655,41,early
41600,0,0,0.9693448142390995,0.5049749356170125,41,middle
41601,1,1,0.4996034193127284,0.8035767019854247,41,middle
41602,2,2,0.09512790066749724,0.9912611947542853,41,middle
41603,3,3,0.5101249098471119,1.0863896925504275,41,middle
41604,4,4,0.507055506140148,0.640171772179144,41,middle
41605,5,5,0.9621028052566103,0.7025819202481074,41,middle
41606,6,6,0.5896126970902325,1.108860199478284,41,middle
41607,7,7,0.024281296582634927,0.9325130268302955,41,middle
41608,8,8,0.02447248458571398,0.8718364486527659,41,middle
41609,9,4,0.09818948644306921,0.7271990214112979,41,middle
41610,10,4,0.5558490649118568,0.6194216778969516,41,middle
41611,11,9,0.4583749137186104,1.3622368349146905,41,middle
41612,12,10,0.039467508595062636,1.1174616637142103,41,middle
41613,13,4,0.02936286618368729,0.6610988396602238,41,middle
41614,14,4,0.5215089181453336,0.5417180933018133,41,middle
41615,15,4,0.061602379098913626,0.8135895670020601,41,middle
41616,16,5,0.10225961257902773,0.5414079430873391,41,middle
41617,17,0,0.7042632115113362,0.501069052635486,41,middle
41618,18,11,0.6637906978464878,0.8232504096416943,41,middle
41619,19,12,0.4932143435242802,0.9177249688831794,41,middle
41620,20,13,0.9697792864771577,0.7973201263601493,41,middle
41621,21,14,0.2608544879703455,0.9283148941157529,41,middle
41622,22,15,0.6286270894112387,0.7758712896486895,41,middle
41623,23,16,0.5498854700311848,0.9815038839084851,41,middle
41624,24,4,0.487567841809573,0.46838448306807334,41,middle
41625,25,4,0.04747677715566972,0.8055324659127114,41,middle
41626,26,0,0.8858034483290509,0.5452766869290184,41,middle
41627,27,5,0.5245382855446068,0.5435563797499683,41,middle
41628,28,4,0.518731222427248,0.5433152280173343,41,middle
41629,29,4,0.9692986207254946,0.6985336749078834,41,middle
41630,30,17,0.005593021239774065,0.8400078080815541,41,middle
41631,31,18,0.07580075597642977,0.6938624502564662,41,middle
41632,32,19,0.007468944046152689,1.07641511256073,41,middle
41633,33,4,0.8900867925821477,0.6140213910754384,41,middle
41634,34,4,0.4828527913999138,0.5191399648705515,41,middle
41635,35,4,0.02704369492033041,0.7469533790576255,41,middle
41636,36,0,0.757790302595881,0.8104499556514249,41,middle
41637,37,4,0.07553151670682262,0.545813614181171,41,middle
41638,38,20,0.797257828852983,0.9332206557408871,41,middle
41639,39,4,0.844117937871799,0.5552055374286191,41,middle
41640,40,4,0.5693129265222472,0.4471552769169973,41,middle
41641,41,4,0.5652924274946426,0.6449460994225402,41,middle
41642,42,21,0.4554546473425836,0.788258710683456,41,middle
41643,43,4,0.587526602250624,0.5398500105130652,41,middle
41644,44,22,0.34156781528556296,0.9257110567115752,41,middle
41645,45,4,0.4899449592995072,0.47067689260543766,41,middle
41646,46,23,0.025541302485781084,1.0319052700518434,41,middle
41647,47,4,0.3995940684497741,0.5654603109583671,41,middle
41648,48,4,0.5887461636138389,0.49098009549375665,41,middle
41649,49,4,0.6239789625354284,0.5798552804804602,41,middle
41650,50,4,0.5813262868690227,0.4893468730460422,41,middle
41651,51,4,0.3696434536034441,0.5675218199335872,41,middle
41652,52,4,0.710101313161972,0.600930258675365,41,middle
41653,53,4,0.5853943790926596,0.5816701486527143,41,middle
41654,54,4,0.46141990180965997,0.3655783245763077,41,middle
41655,55,4,0.5369492748099474,0.47959887142772184,41,middle
41656,56,4,0.6591134415813733,0.5381978383255601,41,middle
41657,57,4,0.6728308056869133,0.3994724583332897,41,middle
41658,58,4,0.44399745441736704,0.492364384056314,41,middle
41659,59,4,0.4683268091903887,0.5198237854186425,41,middle
41660,60,4,0.594085750964275,0.43192092255321485,41,middle
41661,61,4,0.5725266782853379,0.47040251206821887,41,middle
41662,62,4,0.46820366502468136,0.5821981756542999,41,middle
41663,63,4,0.41552326889311,0.40000301826218043,41,middle
41664,64,4,0.5244563439090513,0.29770242322100926,41,middle
41665,65,4,0.5744451408233685,0.38854622127497085,41,middle
41666,66,4,0.5488418351551896,0.42580280538948767,41,middle
41667,67,4,0.5723236051086824,0.5418314002080336,41,middle
41668,68,4,0.6403228790014789,0.3651945293896274,41,middle
41669,69,4,0.48578376501207515,0.49366537860766296,41,middle
41670,70,4,0.5516783507351265,0.49512180906571474,41,middle
41671,71,4,0.6743541316880082,0.40897634495059465,41,middle
41672,72,4,0.4681270132987505,0.39958062914848436,41,middle
41673,73,4,0.6296645275735726,0.5410551213680326,41,middle
41674,74,4,0.6750827046444039,0.44283311799744385,41,middle
41675,75,4,0.45882231736829593,0.3866379104884423,41,middle
41676,76,4,0.5123641383765073,0.4184787694278356,41,middle
41677,77,4,0.5729084520763651,0.5335161815506664,41,middle
41678,78,4,0.6501368951867701,0.37920633612243554,41,middle
41679,79,4,0.6408153589128862,0.424899495494796,41,middle
41680,80,4,0.6995045290579858,0.549197494202879,41,middle
41681,81,4,0.7890901276795879,0.37617322371939166,41,middle
41682,82,4,0.1356119916264602,0.4170532720102708,41,middle
41683,83,4,0.15543909509151027,0.444790562642564,41,middle
41684,84,4,0.8736331172777495,0.29582873986170843,41,middle
41685,85,4,0.1439768890305088,0.5463226053920747,41,middle
41686,86,4,0.09238190249637944,0.36555056771153516,41,middle
41687,87,4,0.18678220871470186,0.3804630268840784,41,middle
41688,88,4,0.8246848373381146,0.41814351065700417,41,middle
41689,89,4,0.08881389201197266,0.5386600439397984,41,middle
41690,90,4,0.9014744604096774,0.4873703681970567,41,middle
41691,91,4,0.23270767279382917,0.5471730806436408,41,middle
41692,92,4,0.7299677432012226,0.3255244305709341,41,middle
41693,93,4,0.7131903936867245,0.4416854365273632,41,middle
41694,94,4,0.25017704291751247,0.46237997066955483,41,middle
41695,95,4,0.8147583417800337,0.3769071520232472,41,middle
41696,96,4,0.261305723351586,0.6001146838973488,41,middle
41697,97,4,0.9326015500074853,0.5784990223184582,41,middle
41698,98,4,0.18175685979713413,0.44712059760692924,41,middle
41699,99,4,0.25192995724061,0.5154580108145712,41,middle
41700,100,4,0.8715813803151806,0.4072074622391094,41,middle
41701,101,4,0.2302443427526854,0.5636368979773974,41,middle
41702,102,4,0.5724497153153251,0.4546884830115422,41,middle
41703,103,4,0.5872916324359445,0.42071455687933723,41,middle
41704,104,4,0.4589139389037112,0.4514712837642062,41,middle
41705,105,4,0.31823003179831394,0.5262894088140223,41,middle
41706,106,4,0.7768665239719947,0.3831673970954496,41,middle
41707,107,4,0.834334308655557,0.5150393489532383,41,middle
41708,108,4,0.28951263936989813,0.35879324640092775,41,middle
41709,109,4,0.4964342883239541,0.5166387042519315,41,middle
41710,110,4,0.8288018594225404,0.37514485283387666,41,middle
41711,111,4,0.8497831002330681,0.4722953804356962,41,middle
41712,112,4,0.8579322822028824,0.5440497916201691,41,middle
41713,113,4,0.21784434445299855,0.4985720368909027,41,middle
41714,114,4,0.2042752913305272,0.5979699706701755,41,middle
41715,115,4,0.7887487911393622,0.3132441025575506,41,middle
41716,116,4,0.17437000114585152,0.5703188570796003,41,middle
41717,117,4,0.8702161226247502,0.35933181589119756,41,middle
41718,118,4,0.2568508276452022,0.48833912126029916,41,middle
41719,119,4,0.8492479346616892,0.3844838840443951,41,middle
41720,120,4,0.6983454413529876,0.5585578868576109,41,middle
41721,121,4,0.8701990487562252,0.42358070602138337,41,middle
41722,122,4,0.47272217071072775,0.5002214506246413,41,middle
41723,123,4,0.808669932383725,0.49868980788151074,41,middle
41724,124,4,0.7535040756966563,0.6663796355266003,41,middle
41725,125,4,0.9294165327209412,0.28639552351542186,41,middle
41726,126,4,0.4735372710202773,0.41328303567218877,41,middle
41727,127,4,0.8720366618153491,0.3644561480401557,41,middle
41728,128,4,0.48999992867009734,0.3449707437746851,41,middle
41729,129,4,0.8722546028670841,0.4208070062247564,41,middle
41730,130,4,0.49423588149837516,0.4298832826188554,41,middle
41731,131,0,0.7418047127275997,0.4983613872000845,41,middle
41732,132,4,0.4963965087475238,0.37038587870164563,41,middle
41733,133,4,0.9014523959137009,0.3735327513063862,41,middle
41734,134,4,0.5308205191790611,0.4098863462904865,41,middle
41735,135,4,0.304094041900122,0.6701760587373702,41,middle
41736,136,4,0.5495731704881878,0.4651777998995862,41,middle
41737,137,4,0.23536615351428858,0.47447431361569126,41,middle
41738,138,4,0.6993245268406523,0.5596289378399137,41,middle
41739,139,4,0.2282101008419049,0.36939086632483964,41,middle
41740,140,4,0.4279089012061186,0.4520753841118508,41,middle
41741,141,4,0.8304534069135376,0.3464944512133705,41,middle
41742,142,4,0.3207772421827458,0.39880679250339157,41,middle
41743,143,4,0.18811953542692905,0.5827500742112678,41,middle
41744,144,4,0.6580312171617998,0.47982189113548523,41,middle
41745,145,4,0.6727423145142218,0.373741995044644,41,middle
41746,146,4,0.5023975497163105,0.344541846297307,41,middle
41747,147,4,0.7694675131678923,0.3264022790594231,41,middle
41748,148,4,0.4376519885646887,0.41447716333281986,41,middle
41749,149,4,0.8413915756455049,0.4303268436996459,41,middle
41750,150,4,0.4471921305006536,0.410758520899663,41,middle
41751,151,4,0.8784596313385755,0.3343758774031316,41,middle
41752,152,4,0.345123868061934,0.34280227042236533,41,middle
41753,153,4,0.11120926456701943,0.5423222920090403,41,middle
41754,154,4,0.42447973766278335,0.6140834927326649,41,middle
41755,155,4,0.8477224615997101,0.2811594513013992,41,middle
41756,156,4,0.8075198841921207,0.4626661453350814,41,middle
41757,157,4,0.27479821918307423,0.4988717483922714,41,middle
41758,158,4,0.7321429746180192,0.562014192548866,41,middle
41759,159,4,0.947432908179187,0.3424444816583786,41,middle
41760,160,4,0.07655360118591771,0.3500273084169501,41,middle
41761,161,4,0.23553935351440436,0.46726777748580395,41,middle
41762,162,4,0.4228858105165433,0.349321126875744,41,middle
41763,163,4,0.5517935306490079,0.5158956378714998,41,middle
41764,164,4,0.10616282854816074,0.489457803903651,41,middle
41765,165,4,0.9460921932315285,0.3426622357121698,41,middle
41766,166,4,0.7896117565146468,0.27582575040855695,41,middle
41767,167,4,0.8502557362183276,0.6292491683346815,41,middle
41768,168,4,0.9388863741694806,0.5151934649315987,41,middle
41769,169,4,0.19783756614690168,0.4349152401289982,41,middle
41770,170,4,0.9531825061645545,0.4201592019750906,41,middle
41771,171,4,0.2344978871587041,0.4853108286715988,41,middle
41772,172,4,0.1190801780657985,0.5733642935925137,41,middle
41773,173,4,0.4446212098500769,0.4542684752258803,41,middle
41774,174,4,0.6127128062040379,0.4453896178808028,41,middle
41775,175,4,0.07521906105807169,0.4600930775631842,41,middle
41776,176,4,0.050050820754865916,0.4324352282352189,41,middle
41777,177,4,0.5349536387170039,0.40397702475161706,41,middle
41778,178,4,0.9013120579781129,0.3784471042204419,41,middle
41779,179,4,0.5778297061982165,0.44495481682358573,41,middle
41780,180,4,0.35852090298987666,0.36606762143506566,41,middle
41781,181,4,0.5276614309714153,0.5387111792279505,41,middle
41782,182,4,0.535044534375276,0.29160479032330733,41,middle
41783,183,4,0.7945166393366414,0.3001526581834085,41,middle
41784,184,4,0.5592720039464749,0.44559331201240904,41,middle
41785,185,4,0.25072435308864255,0.44916189370087023,41,middle
41786,186,4,0.5271154508508353,0.46289221816496584,41,middle
41787,187,4,0.16675196574486434,0.413300603231988,41,middle
41788,188,4,0.4606001509895442,0.33716939225243614,41,middle
41789,189,4,0.5335017932275699,0.4787850353568287,41,middle
41790,190,4,0.1476365278927117,0.5549845137200461,41,middle
41791,191,4,0.7925960731950144,0.41687676608741925,41,middle
41792,192,4,0.8776808868342206,0.40515467360367863,41,middle
41793,193,4,0.751324458724203,0.47648210152987963,41,middle
41794,194,4,0.5779437270849064,0.35798457405203576,41,middle
41795,195,4,0.15932339697232567,0.4258357458034875,41,middle
41796,196,4,0.8778897302689344,0.3538871091876098,41,middle
41797,197,4,0.4652603758239691,0.33305982445514726,41,middle
41798,198,4,0.1274214458258181,0.6123542430901522,41,middle
41799,199,4,0.7599904476572676,0.5268361861150246,41,middle
41800,0,0,0.44985896118541385,0.5565348801783943,41,late
41801,1,0,0.2629728305014567,0.580192337907435,41,late
41802,2,0,0.36822943593625,0.5400175466048687,41,late
41803,3,0,0.19142112535140907,0.5563869259607317,41,late
41804,4,0,0.44746156052520963,0.6675962021734287,41,late
41805,5,0,0.16660415508950102,0.5848290119970379,41,late
41806,6,0,0.4454524281183322,0.4276105178302553,41,late
41807,7,0,0.7898683490507985,0.6007332127208274,41,late
41808,8,0,0.3864736860434083,0.45833057307178965,41,late
41809,9,0,0.7646665959953108,0.5987558704994371,41,late
41810,10,0,0.39402570387573654,0.5407388359868881,41,late
41811,11,0,0.7237964545461486,0.48446629162913807,41,late
41812,12,0,0.49762198889251386,0.5348673361679017,41,late
41813,13,0,0.3846637048554518,0.441835064065786,41,late
41814,14,0,0.4720174964940437,0.5980017796831589,41,late
41815,15,0,0.780515233614252,0.3977673039899595,41,late
41816,16,0,0.4498133574172895,0.5902128652376308,41,late
41817,17,0,0.7397459048191837,0.4747566972238863,41,late
41818,18,0,0.5317340796868069,0.5326331690910397,41,late
41819,19,0,0.7791045887505121,0.5198894209382194,41,late
41820,20,0,0.33705685012451436,0.5078459820634735,41,late
41821,21,0,0.7687317273151304,0.49994708309762914,41,late
41822,22,0,0.6348104384505643,0.467936236025821,41,late
41823,23,0,0.6618567191003655,0.3931131222769382,41,late
41824,24,0,0.5559059251454657,0.6216104265409472,41,late
41825,25,0,0.4045618584144922,0.46565982610562995,41,late
41826,26,0,0.7509678195276951,0.4610249147889586,41,late
41827,27,0,0.4095062087805017,0.5223253332283714,41,late
41828,28,0,0.6689977473316755,0.4605057665785395,41,late
41829,29,0,0.32223137621400505,0.5240457510530859,41,late
41830,30,0,0.7984220287737336,0.35880895597846507,41,late
41831,31,0,0.6037434580824685,0.49663026098049956,41,late
41832,32,0,0.35948077991334015,0.5329360591195087,41,late
41833,33,0,0.5515104532648977,0.41489951222325505,41,late
41834,34,0,0.8552554631106422,0.5014677800431843,41,late
41835,35,0,0.33966734041252733,0.6098351400248296,41,late
41836,36,0,0.3045215589984158,0.5585657881770687,41,late
41837,37,0,0.35749339657689955,0.5356141800611111,41,late
41838,38,0,0.6808401221555,0.5282795240172891,41,late
41839,39,0,0.5060217695309159,0.544293699827568,41,late
41840,40,0,0.151533756553261,0.49148971696295196,41,late
41841,41,0,0.5459113917158273,0.4814943759411233,41,late
41842,42,0,0.7616344781700006,0.32248355549402324,41,late
41843,43,0,0.3945908325768608,0.385769373873562,41,late
41844,44,0,0.8308120226524689,0.28076113896140154,41,late
41845,45,0,0.65905923853312,0.4720956134800964,41,late
41846,46,0,0.8185581808514636,0.4466927882427858,41,late
41847,47,0,0.6823743822496897,0.5101609368534689,41,late
41848,48,0,0.1469678197972477,0.4691399891048622,41,late
41849,49,0,0.5209813312816522,0.4214042541367741,41,late
41850,50,0,0.21679143552515373,0.4602654396562447,41,late
41851,51,0,0.3075339995687873,0.42246940750112405,41,late
41852,52,0,0.813468710999401,0.32227285515032217,41,late
41853,53,0,0.379946371903333,0.6400080947956684,41,late
41854,54,0,0.37965802991137876,0.5559602381234923,41,late
41855,55,0,0.4452762944756128,0.3213463207175087,41,late
41856,56,0,0.24595255617066955,0.5992303991185688,41,late
41857,57,0,0.49310983329156055,0.37133539633402946,41,late
41858,58,0,0.4340991278010431,0.6204217586783695,41,late
41859,59,0,0.3563542776940389,0.5258180725988889,41,late
41860,60,0,0.7473486581124835,0.3549065105362559,41,late
41861,61,0,0.5259891892928439,0.3398879131763721,41,late
41862,62,0,0.5981191905645988,0.4272208649066201,41,late
41863,63,0,0.5322401695936267,0.4729037118106081,41,late
41864,64,0,0.22365163898814364,0.3966991902354452,41,late
41865,65,0,0.5782540229324058,0.35279244915217434,41,late
41866,66,0,0.23258086746666648,0.49422605315845325,41,late
41867,67,0,0.5498906369677816,0.43898181883016857,41,late
41868,68,0,0.1733989615775249,0.4232734573719164,41,late
41869,69,0,0.673345289931623,0.34366527178500517,41,late
41870,70,0,0.620700046360471,0.5117942421854338,41,late
41871,71,0,0.6703728808947931,0.5275182727102933,41,late
41872,72,0,0.45673777307983643,0.45763746062123833,41,late
41873,73,0,0.3529614027283664,0.34157299476626235,41,late
41874,74,0,0.3057400622609642,0.3298830280528886,41,late
41875,75,0,0.2182410689357706,0.4745127957902061,41,late
41876,76,0,0.7309106752703577,0.48886187056576136,41,late
41877,77,0,0.3765513198473026,0.49013266720276005,41,late
41878,78,0,0.40686746757123476,0.7078837886165392,41,late
41879,79,0,0.5451903698409806,0.5279542622878446,41,late
41880,80,0,0.4215374977383072,0.3938486971478527,41,late
41881,81,0,0.35644965666013273,0.41030008231312143,41,late
41882,82,0,0.3398955674239705,0.5226194638989523,41,late
41883,83,0,0.52883331735298,0.3254999069320487,41,late
41884,84,0,0.5922322281204371,0.35784340558222294,41,late
41885,85,0,0.42006817398223534,0.30288390513202834,41,late
41886,86,0,0.585149253119555,0.36783486767207463,41,late
41887,87,0,0.3086261861866455,0.36940091505160744,41,late
41888,88,0,0.14912053910667877,0.563272864446966,41,late
41889,89,0,0.8058713598247023,0.48634328809925664,41,late
41890,90,0,0.21225679574922274,0.43182362393198304,41,late
41891,91,0,0.4722376152318213,0.44890932504429565,41,late
41892,92,0,0.19035081422466257,0.5572794312665017,41,late
41893,93,0,0.7221181811147892,0.4775721121449801,41,late
41894,94,0,0.3718050303619393,0.5810843205345424,41,late
41895,95,0,0.715837477859736,0.3715672727352298,41,late
41896,96,0,0.6560882582367913,0.5029760212005665,41,late
41897,97,0,0.3600814235760391,0.39884742748751895,41,late
41898,98,0,0.24384641736820503,0.3806515661592256,41,late
41899,99,0,0.8063182191915966,0.5238328366281018,41,late
41900,100,0,0.21539764645402723,0.36597275860704287,41,late
41901,101,0,0.24854943749631317,0.4317231339972054,41,late
41902,102,0,0.5091637493903459,0.52417353224292,41,late
41903,103,0,0.11081990068336554,0.5786966492133702,41,late
41904,104,0,0.5679449166938176,0.4319692151100405,41,late
41905,105,0,0.6387524669486155,0.45047220795873333,41,late
41906,106,0,0.471143729122267,0.4064111937238448,41,late
41907,107,0,0.6267700224737729,0.43192797924449255,41,late
41908,108,0,0.8289186393545103,0.48942216867568894,41,late
41909,109,0,0.6439728329260586,0.347913887062392,41,late
41910,110,0,0.8886055992999108,0.4138756045343831,41,late
41911,111,0,0.07464190937263067,0.4705558261543044,41,late
41912,112,0,0.18693626001913816,0.473780278291152,41,late
41913,113,0,0.10638550277944042,0.40588970305094907,41,late
41914,114,0,0.23788191208091647,0.39901581803291164,41,late
41915,115,0,0.7023602571565349,0.39717749501887767,41,late
41916,116,0,0.4103813157144882,0.5076838693566269,41,late
41917,117,0,0.8790212264302242,0.3899673476341157,41,late
41918,118,0,0.7129665398847359,0.39746095976703444,41,late
41919,119,0,0.11179658229572395,0.4561879407958725,41,late
41920,120,0,0.3777123916356877,0.37368629014798876,41,late
41921,121,0,0.3045537520338422,0.3191052754529943,41,late
41922,122,0,0.5448041652955157,0.43788380882374917,41,late
41923,123,0,0.5153109255541541,0.40920077053237175,41,late
41924,124,0,0.7197462582363208,0.4438981617446029,41,late
41925,125,0,0.3112890940803356,0.33124076382404877,41,late
41926,126,0,0.4025782134378443,0.4569981400849941,41,late
41927,127,0,0.3952569921529594,0.5737272855473401,41,late
41928,128,0,0.46974593061611136,0.44292866992071367,41,late
41929,129,0,0.2675896089868036,0.38344280965137445,41,late
41930,130,0,0.49741875234294586,0.36091372110056996,41,late
41931,131,0,0.5971039804276117,0.5241032213404366,41,late
41932,132,0,0.5553095443687016,0.3643501511690773,41,late
41933,133,0,0.43004730140541086,0.4740685059030361,41,late
41934,134,0,0.4860006745262965,0.49428686078651674,41,late
41935,135,0,0.5278126492486498,0.3805551399329597,41,late
41936,136,0,0.45512603889583836,0.4211600118540309,41,late
41937,137,0,0.46892506511883597,0.5203816830057542,41,late
41938,138,0,0.5115197027288227,0.37479507062677897,41,late
41939,139,0,0.20840041552238264,0.3865483478449433,41,late
41940,140,0,0.29020744688673505,0.32224931722852773,41,late
41941,141,0,0.5531969988085605,0.37432740787555574,41,late
41942,142,0,0.4725121531064942,0.30807147742734686,41,late
41943,143,0,0.6859006207441771,0.4352855175678988,41,late
41944,144,0,0.500761725360104,0.36273290865680724,41,late
41945,145,0,0.6379541454915195,0.363113098400517,41,late
41946,146,0,0.4840470634032673,0.5643200629411437,41,late
41947,147,0,0.34416981695120097,0.3630897573402734,41,late
41948,148,0,0.5001081031391955,0.45276219163129905,41,late
41949,149,0,0.4759221772365474,0.5219401109523603,41,late
41950,150,0,0.5259438788604858,0.39743624365020913,41,late
41951,151,0,0.5501507171655473,0.4181953627813716,41,late
41952,152,0,0.4038416882388111,0.38988639124584035,41,late
41953,153,0,0.358410731952454,0.3619799434641322,41,late
41954,154,0,0.552725702949957,0.3959402081599876,41,late
41955,155,0,0.28888377149021327,0.4509115480620504,41,late
41956,156,0,0.39712702127897814,0.370919895170051,41,late
41957,157,0,0.6014656778527947,0.428711978778438,41,late
41958,158,0,0.29420599353247306,0.2869373443875578,41,late
41959,159,0,0.4313945641886337,0.5525376470027387,41,late
41960,160,0,0.4479069464059222,0.5033703750440913,41,late
41961,161,0,0.3305981740305048,0.3168083945116737,41,late
41962,162,0,0.3824543383152904,0.47272321089406333,41,late
41963,163,0,0.5666253798079061,0.4296461448385829,41,late
41964,164,0,0.5210298865020525,0.4079704436529456,41,late
41965,165,0,0.720688980033889,0.48505687156447863,41,late
41966,166,0,0.6930357865618081,0.3732649555063391,41,late
41967,167,0,0.6930401608422705,0.39387646247562336,41,late
41968,168,0,0.6028871374230376,0.41140123327659245,41,late
41969,169,0,0.643708983386091,0.4383503501686631,41,late
41970,170,0,0.5575347805553548,0.413148016829347,41,late
41971,171,0,0.4134605226516672,0.4466794951096629,41,late
41972,172,0,0.1793685954755949,0.5718845788485933,41,late
41973,173,0,0.5108427773702866,0.3933778833305422,41,late
41974,174,0,0.5547355316501047,0.34957896144752876,41,late
41975,175,0,0.188161794884112,0.3822367913012964,41,late
41976,176,0,0.5796236889387857,0.41312477003211356,41,late
41977,177,0,0.28353752295930323,0.5799593410167673,41,late
41978,178,0,0.7655364453233466,0.4398068964543055,41,late
41979,179,0,0.2913960008420903,0.40007795445242844,41,late
41980,180,0,0.589201185771191,0.5146616617266285,41,late
41981,181,0,0.09342632807252378,0.5567133537975751,41,late
41982,182,0,0.2465118119398912,0.4038898214017723,41,late
41983,183,0,0.6559421687770295,0.34047867857773195,41,late
41984,184,0,0.5540912389299693,0.31042947846354707,41,late
41985,185,0,0.7631309905789405,0.32555503068235836,41,late
41986,186,0,0.32613867881485176,0.3811371568509468,41,late
41987,187,0,0.5595367406217381,0.34733400776214285,41,late
41988,188,0,0.38718136946843473,0.4701412156159597,41,late
41989,189,0,0.5369082648345717,0.46887040757401865,41,late
41990,190,0,0.73274514269258,0.4494300209823118,41,late
41991,191,0,0.6958614258660525,0.446151855236154,41,late
41992,192,0,0.21871496253383,0.44232546879564594,41,late
41993,193,0,0.3328417982154454,0.3534559695956762,41,late
41994,194,0,0.5437770417247804,0.6311233123064375,41,late
41995,195,0,0.6812865190013511,0.44831401252933806,41,late
41996,196,0,0.7024112609752753,0.2997250318601926,41,late
41997,197,0,0.22863434327963375,0.4698283040552305,41,late
41998,198,0,0.6756440825364609,0.3668965211091587,41,late
41999,199,0,0.6155312592100963,0.40978496912989726,41,late
42000,0,0,0.9181934141639281,0.670881127150717,42,interleaved
42001,1,0,0.42676376351783674,0.5231155526911136,42,interleaved
42002,2,0,0.1243323230843628,0.5522562419536606,42,interleaved
42003,3,0,0.5614436662661613,0.5980485086457819,42,interleaved
42004,4,0,0.9055430826297278,0.37470584476649355,42,interleaved
42005,5,0,0.507003235474788,0.4491363109984806,42,interleaved
42006,6,0,0.879845847300188,0.33176188256947603,42,interleaved
42007,7,0,0.2969285577519015,0.4534741896475568,42,interleaved
42008,8,0,0.8904127205905279,0.43539943251220825,42,interleaved
42009,9,0,0.44609119260271035,0.4902568537719705,42,interleaved
42010,10,0,0.9081485206768709,0.23491244888361806,42,interleaved
42011,11,0,0.4762691376867552,0.5218734290792574,42,interleaved
42012,12,0,0.3621041793188623,0.6251475515937915,42,interleaved
42013,13,0,0.42677705745543515,0.4018751088615523,42,interleaved
42014,14,0,0.1809997702984502,0.45659050094311127,42,interleaved
42015,15,0,0.4957923441560853,0.37215042027811,42,interleaved
42016,16,0,0.8115688544143123,0.3832377291810267,42,interleaved
42017,17,0,0.5103926553194115,0.6004141273989567,42,interleaved
42018,18,0,0.2535483770661894,0.5114728427181379,42,interleaved
42019,19,0,0.459555458032943,0.4278798468967395,42,interleaved
42020,20,0,0.8302396676920205,0.5134503327036866,42,interleaved
42021,21,0,0.5028468178778404,0.42879965612132076,42,interleaved
42022,22,0,0.9165608253748434,0.3830805627010525,42,interleaved
42023,23,0,0.5349384209097928,0.6630801303955571,42,interleaved
42024,24,0,0.8201190251779698,0.32139296863578215,42,interleaved
42025,25,0,0.4939476142161513,0.5011138787934508,42,interleaved
42026,26,0,0.2450542953369227,0.48830976701343765,42,interleaved
42027,27,0,0.3424938525778917,0.3771741260634913,42,interleaved
42028,28,0,0.7477052724238852,0.48227820664839605,42,interleaved
42029,29,0,0.5209247178412574,0.4356078035081745,42,interleaved
42030,30,0,0.8129068882330258,0.3814106803940102,42,interleaved
42031,31,0,0.36492511564061253,0.39477813814718954,42,interleaved
42032,32,0,0.821487385119632,0.3815995848063938,42,interleaved
42033,33,0,0.6639567073973626,0.4342686081317154,42,interleaved
42034,34,0,0.40519827853271817,0.47908199578449395,42,interleaved
42035,35,0,0.38560159732891497,0.466313332296647,42,interleaved
42036,36,0,0.8404812258755504,0.3240941963951256,42,interleaved
42037,37,0,0.617277006894702,0.43879818371247725,42,interleaved
42038,38,0,0.7589121430902109,0.29714753648278214,42,interleaved
42039,39,0,0.38537223686469574,0.5017234589492945,42,interleaved
42040,40,0,0.7256809066086647,0.47691521130287473,42,interleaved
42041,41,0,0.3791326531350306,0.5571499588618798,42,interleaved
42042,42,0,0.8031581450931342,0.39311701125488285,42,interleaved
42043,43,0,0.6304612515809767,0.3825105217186304,42,interleaved
42044,44,0,0.473428202581766,0.514159345006411,42,interleaved
42045,45,0,0.3098514842035444,0.6478733247612222,42,interleaved
42046,46,0,0.6901576855115207,0.5519098625953833,42,interleaved
42047,47,0,0.4108964134888553,0.42617548065721955,42,interleaved
42048,48,0,0.7932216549587925,0.35101257354653703,42,interleaved
42049,49,0,0.4840934693497876,0.3555744487391219,42,interleaved
42050,50,0,0.4187960876176532,0.43929201642164484,42,interleaved
42051,51,0,0.4058400089907262,0.4818167663757058,42,interleaved
42052,52,0,0.47984426504706157,0.2863144266858332,42,interleaved
42053,53,0,0.2573179373865838,0.5078919458503159,42,interleaved
42054,54,0,0.3951814980640408,0.4225097136885718,42,interleaved
42055,55,0,0.3548263478789475,0.4197162125232543,42,interleaved
42056,56,0,0.6143644768345595,0.4323157592401272,42,interleaved
42057,57,0,0.5539148107048244,0.32135869199879236,42,interleaved
42058,58,0,0.461469087936903,0.527395986641998,42,interleaved
42059,59,0,0.40009079494002736,0.44189546130053325,42,interleaved
42060,60,0,0.2874704688369213,0.5011031133672206,42,interleaved
42061,61,0,0.5150287165690999,0.4240539055768008,42,interleaved
42062,62,0,0.522116224204557,0.41080207574342864,42,interleaved
42063,63,0,0.5622982350711029,0.3319514870884303,42,interleaved
42064,64,0,0.633936498233046,0.34095599812728217,42,interleaved
42065,65,0,0.44938659384244617,0.470124422725572,42,interleaved
42066,66,0,0.5227276458219076,0.36688081929506,42,interleaved
42067,67,0,0.5719938899539136,0.396609893512646,42,interleaved
42068,68,0,0.23215364997075608,0.6552009573894406,42,interleaved
42069,69,0,0.4808318972067783,0.5327933539623816,42,interleaved
42070,70,0,0.5110623406714778,0.38602979186290576,42,interleaved
42071,71,0,0.5424947744236965,0.544217909978892,42,interleaved
42072,72,0,0.4961476731565454,0.3654424999601842,42,interleaved
42073,73,0,0.6437772095525147,0.41143850313611685,42,interleaved
42074,74,0,0.5181262594248319,0.35416453272847526,42,interleaved
42075,75,0,0.34768464641825997,0.3501281662127449,42,interleaved
42076,76,0,0.5057990942253714,0.34112686897901534,42,interleaved
42077,77,0,0.5395853789731557,0.605112580156896,42,interleaved
42078,78,0,0.4226454406092024,0.5030352756891453,42,interleaved
42079,79,0,0.5146768644916143,0.3693711455063871,42,interleaved
42080,80,0,0.6145315404707232,0.3309184897872821,42,interleaved
42081,81,1,0.3434766298284393,1.1063771891485736,42,interleaved
42082,82,0,0.37121771409038057,0.46281365747008574,42,interleaved
42083,83,0,0.5412277098864514,0.4466424540660069,42,interleaved
42084,84,0,0.4554190594405047,0.35477687846864736,42,interleaved
42085,85,0,0.37347899637076526,0.4867774970242513,42,interleaved
42086,86,0,0.2594364651152066,0.6595561410650128,42,interleaved
42087,87,0,0.31936164762515146,0.5561520067740205,42,interleaved
42088,88,0,0.5093460397908547,0.3884976246303983,42,interleaved
42089,89,0,0.4060091113756461,0.28832870893931073,42,interleaved
42090,90,0,0.48979066846009994,0.353675001468217,42,interleaved
42091,91,0,0.5640052874469231,0.45781712746503267,42,interleaved
42092,92,0,0.7109316336421422,0.44644904893818277,42,interleaved
42093,93,0,0.38193481792734285,0.5596598723140146,42,interleaved
42094,94,0,0.5417272314111576,0.33725904051943567,42,interleaved
42095,95,0,0.3490761506064559,0.45647744823997116,42,interleaved
42096,96,0,0.6847991471544875,0.3040598400541866,42,interleaved
42097,97,0,0.5556435314538233,0.5150183800784122,42,interleaved
42098,98,0,0.3413987082304878,0.47632649844813796,42,interleaved
42099,99,0,0.6606678706087746,0.3897505568241406,42,interleaved
42100,100,0,0.7379895774679079,0.4309466317725366,42,interleaved
42101,101,0,0.5588884552246135,0.4128884943726043,42,interleaved
42102,102,0,0.5742236613990195,0.5252031916375208,42,interleaved
42103,103,0,0.395155046619418,0.3790932691513323,42,interleaved
42104,104,0,0.33182103856686523,0.3651898674189457,42,interleaved
42105,105,0,0.4460735628954379,0.3894814680343287,42,interleaved
42106,106,0,0.48164255567150005,0.546581373657399,42,interleaved
42107,107,0,0.4474400124394583,0.3583776007883094,42,interleaved
42108,108,0,0.5687770480858778,0.281099731439392,42,interleaved
42109,109,0,0.6114985262850918,0.3801995902807995,42,interleaved
42110,110,0,0.4393212072860568,0.4832509167107415,42,interleaved
42111,111,0,0.6617530586457714,0.3582624147911151,42,interleaved
42112,112,0,0.4800806551478948,0.38739168797781826,42,interleaved
42113,113,0,0.1646986935704323,0.6109572597518256,42,interleaved
42114,114,0,0.54526932397867,0.4664452282441399,42,interleaved
42115,115,0,0.3471752030979057,0.6385853494378118,42,interleaved
42116,116,0,0.6925249355283205,0.4166654734441875,42,interleaved
42117,117,0,0.7020786941082906,0.3696622287673751,42,interleaved
42118,118,0,0.5005659566575673,0.3866625969576729,42,interleaved
42119,119,0,0.3494355282058606,0.48987614760590814,42,interleaved
42120,120,0,0.702799719793167,0.408132521194268,42,interleaved
42121,121,0,0.7557632785783137,0.40726705332309987,42,interleaved
42122,122,0,0.6367740141384722,0.43971060660155725,42,interleaved
42123,123,0,0.3389260364763199,0.34204464357958597,42,interleaved
42124,124,0,0.562948437918227,0.43606697214176426,42,interleaved
42125,125,0,0.6983358520075176,0.5056071153092367,42,interleaved
42126,126,0,0.36867228778989003,0.3702978796733063,42,interleaved
42127,127,0,0.6448082891961721,0.22844924099477606,42,interleaved
42128,128,0,0.6499389712960991,0.30150874422375384,42,interleaved
42129,129,0,0.26346924950113093,0.4215771156126199,42,interleaved
42130,130,0,0.6883641928112365,0.430091067101713,42,interleaved
42131,131,0,0.3804227718090005,0.4335410972142182,42,interleaved
42132,132,0,0.7651628369296848,0.5270083290629658,42,interleaved
42133,133,0,0.2491346362967824,0.3449788035584858,42,interleaved
42134,134,0,0.34487354777492,0.45249391506119635,42,interleaved
42135,135,0,0.2449380959446325,0.4657263898049041,42,interleaved
42136,136,0,0.7079494673423407,0.4805098331220735,42,interleaved
42137,137,0,0.55773429389926,0.28876587871588066,42,interleaved
42138,138,0,0.40168814364067434,0.42172658126144724,42,interleaved
42139,139,0,0.6774461691420458,0.46128800274810056,42,interleaved
42140,140,0,0.6601817200318219,0.3281976095887985,42,interleaved
42141,141,0,0.44407246301452874,0.4841075626770004,42,interleaved
42142,142,0,0.44594525387991646,0.369129462377358,42,interleaved
42143,143,0,0.35688480424727,0.3359759013329737,42,interleaved
42144,144,0,0.24419422615512837,0.5394456626191675,42,interleaved
42145,145,0,0.6430673525800641,0.4902474676202395,42,interleaved
42146,146,0,0.39354578757936054,0.42745532474594017,42,interleaved
42147,147,0,0.44461094277315566,0.525696853439934,42,interleaved
42148,148,0,0.6477958047407328,0.4256724990064945,42,interleaved
42149,149,0,0.7017734519652428,0.2858962582190488,42,interleaved
42150,150,0,0.6725159547060144,0.34504680487735295,42,interleaved
42151,151,0,0.7085643628429028,0.3645329817602037,42,interleaved
42152,152,0,0.37582628749642155,0.3969199476496895,42,interleaved
42153,153,0,0.6478091073214686,0.32591825697402316,42,interleaved
42154,154,0,0.3950025738383542,0.447160520507221,42,interleaved
42155,155,0,0.6388927001986945,0.3932543187681219,42,interleaved
42156,156,0,0.796676583154044,0.6665815171025307,42,interleaved
42157,157,0,0.2783446451965013,0.5987683569313481,42,interleaved
42158,158,0,0.34582023117360977,0.40610045716020626,42,interleaved
42159,159,0,0.6134270913106786,0.46219688942582055,42,interleaved
42160,160,0,0.3305331230916435,0.3220869479363459,42,interleaved
42161,161,0,0.5480112942141888,0.5445063260615511,42,interleaved
42162,162,0,0.3444456239631569,0.458111393507729,42,interleaved
42163,163,0,0.6081344140697326,0.34936323117889245,42,interleaved
42164,164,0,0.37553171732470636,0.3580684071368155,42,interleaved
42165,165,0,0.2544969296438829,0.4893524403427862,42,interleaved
42166,166,0,0.47607989130332296,0.48176896115539586,42,interleaved
42167,167,0,0.5857169409506582,0.35954223465045,42,interleaved
42168,168,0,0.42131940333130563,0.5384853624076382,42,interleaved
42169,169,0,0.3831797467732453,0.425953797007025,42,interleaved
42170,170,0,0.41078729114017565,0.4124262567894009,42,interleaved
42171,171,0,0.5509892432800411,0.3357705591878649,42,interleaved
42172,172,0,0.4580747909580266,0.43455257114789664,42,interleaved
42173,173,0,0.7027781266426709,0.31445262753673847,42,interleaved
42174,174,0,0.2545266709540025,0.4459609436284516,42,interleaved
42175,175,0,0.7482939564635145,0.31821753949316356,42,interleaved
42176,176,0,0.5440680999178287,0.30993157401764215,42,interleaved
42177,177,0,0.3168360416798163,0.3383866430853104,42,interleaved
42178,178,0,0.21427807519227357,0.29445319139598025,42,interleaved
42179,179,0,0.7162253670318628,0.5000044787559982,42,interleaved
42180,180,0,0.3109199021670481,0.3127053788693289,42,interleaved
42181,181,0,0.552212349420528,0.35748858918563875,42,interleaved
42182,182,0,0.6114191299250161,0.46072526220641297,42,interleaved
42183,183,0,0.5651988661250857,0.33322654969099474,42,interleaved
42184,184,0,0.7493471510271573,0.41855101791335325,42,interleaved
42185,185,0,0.5091755400303558,0.35948048792133347,42,interleaved
42186,186,0,0.6543374150033833,0.4556135981802325,42,interleaved
42187,187,0,0.5916633138790652,0.42685693510153977,42,interleaved
42188,188,0,0.4711707682670539,0.4809600439023648,42,interleaved
42189,189,0,0.33530620363247166,0.37403373636531356,42,interleaved
42190,190,0,0.4403565497276031,0.37492991864612235,42,interleaved
42191,191,0,0.38022713683176285,0.4798426119263028,42,interleaved
42192,192,0,0.3243528507369645,0.5605275442448054,42,interleaved
42193,193,0,0.5781725880559483,0.46667984062842216,42,interleaved
42194,194,0,0.5019305590358543,0.4228524136261486,42,interleaved
42195,195,0,0.6529834550897937,0.48350345564119757,42,interleaved
42196,196,0,0.43558577369563917,0.5113924989344479,42,interleaved
42197,197,0,0.34393802656359984,0.3903942701831251,42,interleaved
42198,198,0,0.7130365018896725,0.38448686687799827,42,interleaved
42199,199,0,0.5188030749381474,0.5007416587156621,42,interleaved
42200,0,0,0.5051920845621589,0.6055518138677993,42,blocked
42201,1,1,0.07249943662275522,0.9023630783423473,42,blocked
42202,2,2,0.052517465792241966,0.8166124026437174,42,blocked
42203,3,0,0.5001381481109605,0.6681955373815818,42,blocked
42204,4,0,0.5047144870408229,0.7185660070439317,42,blocked
42205,5,3,0.002017979285915538,0.9195093211842149,42,blocked
42206,6,4,0.9993821204098206,1.2238849708063393,42,blocked
42207,7,5,0.5946468037141288,0.8214076202247504,42,blocked
42208,8,6,0.11886048327199909,0.6782611190127876,42,blocked
42209,9,0,0.5033580916479267,0.5376829158722063,42,blocked
42210,10,0,0.49731087799651563,0.6583382267080483,42,blocked
42211,11,7,0.41597304215343295,1.0399866821613502,42,blocked
42212,12,6,0.8648896742733588,0.7320837500494035,42,blocked
42213,13,3,0.5108565171470467,0.625742440305979,42,blocked
42214,14,8,0.5008192622067208,0.8289089880935321,42,blocked
42215,15,6,0.8582950503993187,0.529083576468508,42,blocked
42216,16,9,0.5053795923835195,0.8096931160852183,42,blocked
42217,17,10,0.05295830425932281,0.7494552595691988,42,blocked
42218,18,11,0.0004297219220923953,1.0917330806182213,42,blocked
42219,19,0,0.4842631167136332,0.6480103609272518,42,blocked
42220,20,12,0.43290978405010294,0.919989932306567,42,blocked
42221,21,13,0.006102264035468359,0.8707991164409479,42,blocked
42222,22,14,0.01938607378937406,1.1902445407948932,42,blocked
42223,23,15,0.00857916584778722,0.7497233497642055,42,blocked
42224,24,16,0.5032020911848302,0.7749110629694964,42,blocked
42225,25,15,0.007623966661521467,0.6668151472790029,42,blocked
42226,26,17,0.6154370370498354,0.9275909321845619,42,blocked
42227,27,18,0.06763150811650151,0.874915722789483,42,blocked
42228,28,15,0.9886362208092547,0.35215056684104074,42,blocked
42229,29,19,0.9978694689673306,1.1805922269605025,42,blocked
42230,30,15,0.015303802601605026,0.5533992650389438,42,blocked
42231,31,20,0.5124230727911828,0.9464989284565837,42,blocked
42232,32,0,0.49988243998238474,0.6551364043758581,42,blocked
42233,33,13,0.504081503626537,0.6654449834211029,42,blocked
42234,34,21,0.03340604449147263,0.9104065648288954,42,blocked
42235,35,15,0.9914200079451891,0.5690888048389603,42,blocked
42236,36,15,0.007899451578986267,0.5961518436297877,42,blocked
42237,37,13,0.011612630860206759,0.649622947834958,42,blocked
42238,38,0,0.500848288689569,0.4855414203458045,42,blocked
42239,39,0,0.5004858978006321,0.6678796482501799,42,blocked
42240,40,1,0.7841246493817136,0.6768381053833806,42,blocked
42241,41,22,0.5274298634051808,0.8186362973106069,42,blocked
42242,42,13,0.4994295545410504,0.6311504828143559,42,blocked
42243,43,0,0.008481088709415153,0.581694704218727,42,blocked
42244,44,0,0.909633582894906,0.6003776134542973,42,blocked
42245,45,0,0.9515028120372974,0.5232184170004963,42,blocked
42246,46,0,0.9852361089643982,0.5376594319479804,42,blocked
42247,47,15,0.5113035600565063,0.5655187959676733,42,blocked
42248,48,23,0.01636135876626997,0.7203967380529774,42,blocked
42249,49,0,0.02289982794655149,0.70325334579319,42,blocked
42250,50,0,0.9613361312664136,0.38866129038190345,42,blocked
42251,51,0,0.002771674413513007,0.7589652392256172,42,blocked
42252,52,0,0.002261468741956657,0.7020766106763913,42,blocked
42253,53,15,0.48831996238188335,0.6451759969931816,42,blocked
42254,54,15,0.4934398048598765,0.5146973008689626,42,blocked
42255,55,24,0.9993654016232982,0.9751411298876433,42,blocked
42256,56,0,0.02346766927620964,0.576220951289449,42,blocked
42257,57,0,0.009422228859957155,0.6224549136391524,42,blocked
42258,58,13,0.006904382942046371,0.7083306505749831,42,blocked
42259,59,0,0.007960232179695985,0.6552504180660063,42,blocked
42260,60,15,0.0043950301296690475,0.7718988258782841,42,blocked
42261,61,0,0.018692551359488364,0.7320203160554584,42,blocked
42262,62,0,0.005347007169039235,0.6705642431947707,42,blocked
42263,63,0,0.9548294841089746,0.48049683703945034,42,blocked
42264,64,0,0.06398357236525089,0.7836343467863287,42,blocked
42265,65,0,0.02782621123222097,0.7329990785439504,42,blocked
42266,66,0,0.06865897728971511,0.5291882581970548,42,blocked
42267,67,0,0.9484627700639735,0.5809067723621232,42,blocked
42268,68,0,0.1416247753035413,0.5138483502777276,42,blocked
42269,69,0,0.9025127926299845,0.4687500949558666,42,blocked
42270,70,0,0.12201318108148225,0.45260076746358646,42,blocked
42271,71,0,0.12743405793079787,0.7163653515064307,42,blocked
42272,72,0,0.8133037833923865,0.47085869016664506,42,blocked
42273,73,0,0.08579543429210541,0.47834140907080214,42,blocked
42274,74,0,0.22086490968842634,0.5819098666240985,42,blocked
42275,75,0,0.3728550675288875,0.4744725718137107,42,blocked
42276,76,0,0.06623851764612494,0.43879354851682717,42,blocked
42277,77,0,0.057230923257144635,0.6476562726098181,42,blocked
42278,78,0,0.7702394059484978,0.5645519080394101,42,blocked
42279,79,0,0.5926558045562731,0.44472118706455654,42,blocked
42280,80,0,0.46787973470523087,0.5686274565261658,42,blocked
42281,81,0,0.2043486607000883,0.6559143328390258,42,blocked
42282,82,0,0.7998513526839449,0.5510346299320709,42,blocked
42283,83,0,0.5306231856892774,0.42524765056049507,42,blocked
42284,84,0,0.3912456258980156,0.44519116184539187,42,blocked
42285,85,0,0.7197337097765095,0.38132445846590945,42,blocked
42286,86,0,0.31541101807560146,0.5466120599955953,42,blocked
42287,87,0,0.2549695176406755,0.42433678916185213,42,blocked
42288,88,0,0.2068712468223433,0.42225321932355697,42,blocked
42289,89,0,0.7151238208534576,0.5520730602987145,42,blocked
42290,90,0,0.227248593199616,0.5188683567213809,42,blocked
42291,91,0,0.2626245318583575,0.5481829418433191,42,blocked
42292,92,0,0.5506783414986223,0.3650282467287078,42,blocked
42293,93,0,0.4234439589604204,0.5501039167668965,42,blocked
42294,94,0,0.5217876597040662,0.42617311364130206,42,blocked
42295,95,0,0.39327169889212243,0.5126492154232829,42,blocked
42296,96,0,0.67085157678311,0.407257821459015,42,blocked
42297,97,0,0.6051684434871106,0.6182567152669539,42,blocked
42298,98,0,0.4583674686319613,0.40068621889762024,42,blocked
42299,99,0,0.41637692755978956,0.5368608874483756,42,blocked
42300,100,0,0.1603021342599744,0.512692125274609,42,blocked
42301,101,0,0.3770636890868802,0.3897894235496301,42,blocked
42302,102,0,0.7413485013393339,0.3050560482352198,42,blocked
42303,103,0,0.2781229984897803,0.32331848715728606,42,blocked
42304,104,0,0.8380161457958129,0.3807320706337165,42,blocked
42305,105,0,0.39621850373983925,0.6442388714759435,42,blocked
42306,106,15,0.9842888234001836,0.40453957121970985,42,blocked
42307,107,0,0.4238728646459327,0.4059898020885389,42,blocked
42308,108,0,0.32042736118721504,0.40048199370883564,42,blocked
42309,109,0,0.2820165096328176,0.5785848094783534,42,blocked
42310,110,0,0.4628092713299531,0.35070120086779655,42,blocked
42311,111,0,0.6109685087435258,0.37108483198721354,42,blocked
42312,112,0,0.7870308556506294,0.41161529956936277,42,blocked
42313,113,0,0.4494646513548537,0.6161535219539946,42,blocked
42314,114,0,0.7729065837201079,0.4677543855058949,42,blocked
42315,115,0,0.3997519834370531,0.39428368244389184,42,blocked
42316,116,0,0.5753901362488848,0.5762557268779367,42,blocked
42317,117,0,0.5815869805999507,0.4659837617770832,42,blocked
42318,118,0,0.2583660552175912,0.3642412430982621,42,blocked
42319,119,0,0.26469252588003916,0.3965955384640872,42,blocked
42320,120,0,0.18041891399027468,0.45279292816621985,42,blocked
42321,121,0,0.5539848485142779,0.40991285807221134,42,blocked
42322,122,0,0.16565938476875502,0.5458693493084786,42,blocked
42323,123,0,0.19282459702120386,0.5007885649130035,42,blocked
42324,124,0,0.4074498553210139,0.5334591541749316,42,blocked
42325,125,0,0.3916818253531217,0.45140950261462776,42,blocked
42326,126,0,0.5623168753083244,0.3775357092032874,42,blocked
42327,127,0,0.422624878415903,0.44726422048785897,42,blocked
42328,128,0,0.4880006431028543,0.48732963755295144,42,blocked
42329,129,0,0.3121641508246463,0.5061212607518173,42,blocked
42330,130,0,0.2357748399175801,0.48448837957533375,42,blocked
42331,131,0,0.6245284200962589,0.3920460044603839,42,blocked
42332,132,0,0.22507081836739756,0.3616465694786067,42,blocked
42333,133,0,0.4845320652328647,0.5120446648519763,42,blocked
42334,134,0,0.6021572443971059,0.28757647452305785,42,blocked
42335,135,0,0.5215478373871415,0.4635286181717422,42,blocked
42336,136,0,0.7882592673287796,0.45109677200769915,42,blocked
42337,137,0,0.1721708016638506,0.4348437879857871,42,blocked
42338,138,0,0.7371586628401485,0.2964932807223306,42,blocked
42339,139,0,0.6176098914893186,0.4496647399679358,42,blocked
42340,140,0,0.5670223686437498,0.35799489538900975,42,blocked
42341,141,0,0.12680731489573896,0.6640752232406886,42,blocked
42342,142,0,0.3315709162144872,0.5021747050790228,42,blocked
42343,143,0,0.6044935972161241,0.54557415250019,42,blocked
42344,144,0,0.6668297646558206,0.33169898606852183,42,blocked
42345,145,0,0.43030158171924054,0.3741153202247594,42,blocked
42346,146,0,0.31669342521945576,0.4704662498951401,42,blocked
42347,147,0,0.4682541060488844,0.40180134779960963,42,blocked
42348,148,0,0.3625537665150335,0.44918408247794606,42,blocked
42349,149,0,0.5219104982991587,0.39933267494696345,42,blocked
42350,150,0,0.5642654294909288,0.45328255552978924,42,blocked
42351,151,0,0.371090407961863,0.4827573822388581,42,blocked
42352,152,0,0.27666261868493125,0.46135788121536714,42,blocked
42353,153,0,0.5032486921654448,0.5319073592539402,42,blocked
42354,154,0,0.345011241474103,0.48585767966284776,42,blocked
42355,155,0,0.4974027748555561,0.5329579430613365,42,blocked
42356,156,0,0.5275554210924304,0.5023203307567645,42,blocked
42357,157,0,0.33642116647510123,0.5188891383116994,42,blocked
42358,158,0,0.6397824294641554,0.4147660593185361,42,blocked
42359,159,0,0.42898773523151645,0.42639792112232733,42,blocked
42360,160,0,0.6671225679403991,0.4115094219360792,42,blocked
42361,161,0,0.3261937914969735,0.4188533341910273,42,blocked
42362,162,0,0.5383822662287093,0.36543747001057514,42,blocked
42363,163,0,0.4241199185142082,0.5296393226783002,42,blocked
42364,164,0,0.7042098300342194,0.4620736708756008,42,blocked
42365,165,0,0.6975231136005492,0.54353251893687,42,blocked
42366,166,0,0.30141762635801017,0.3776335816355827,42,blocked
42367,167,0,0.49670321804065853,0.545691690487969,42,blocked
42368,168,0,0.37896662515461005,0.47556854169694485,42,blocked
42369,169,0,0.2763179261708845,0.419554011157402,42,blocked
42370,170,0,0.424403312636242,0.3588640401038717,42,blocked
42371,171,0,0.41390109197005065,0.4572462873435055,42,blocked
42372,172,0,0.23250252236292396,0.5630975526622686,42,blocked
42373,173,0,0.2787572432905889,0.4151906343949707,42,blocked
42374,174,0,0.47474464895466173,0.4142846521237819,42,blocked
42375,175,0,0.34363870280138603,0.4584141298524853,42,blocked
42376,176,0,0.7562900735963997,0.37008113296764267,42,blocked
42377,177,0,0.4748415058685941,0.5115365111425028,42,blocked
42378,178,0,0.4820925875211703,0.5644295276197453,42,blocked
42379,179,0,0.5650795277444383,0.4697357944858084,42,blocked
42380,180,0,0.33223455500662186,0.503364789295864,42,blocked
42381,181,0,0.5684843313407995,0.4155927351402616,42,blocked
42382,182,0,0.372362808112337,0.4453877507349848,42,blocked
42383,183,0,0.554102455901184,0.472908869787637,42,blocked
42384,184,0,0.523772292496022,0.4484810237762177,42,blocked
42385,185,0,0.732595727973488,0.4135536009916037,42,blocked
42386,186,0,0.3504593193631264,0.37290920271424965,42,blocked
42387,187,0,0.3784505112260579,0.3787758278721211,42,blocked
42388,188,0,0.5651912260893648,0.4088462894802712,42,blocked
42389,189,0,0.7355294062376639,0.34878050298938473,42,blocked
42390,190,0,0.4376409962492326,0.3356932941208617,42,blocked
42391,191,0,0.6232726809013871,0.4288512733502924,42,blocked
42392,192,0,0.3900794563704669,0.36186452201176267,42,blocked
42393,193,0,0.6086207011281862,0.5321289934938509,42,blocked
42394,194,0,0.39959321121455865,0.3777496213794449,42,blocked
42395,195,0,0.80581802595143,0.49991881895548784,42,blocked
42396,196,0,0.48771476665031965,0.4240902175897884,42,blocked
42397,197,0,0.7365285920070872,0.36067662290956426,42,blocked
42398,198,0,0.7708843926814526,0.44214637001163204,42,blocked
42399,199,0,0.48563568232090637,0.46317723105608755,42,blocked
42400,0,0,0.4989435039146154,0.7673215217024967,42,early
42401,1,0,0.5007225523717562,0.7523235704436064,42,early
42402,2,0,0.5017591771142672,0.6063167863105213,42,early
42403,3,0,0.46430967609485874,0.8162341366884168,42,early
42404,4,0,0.4874727535089789,0.7779009834702253,42,early
42405,5,0,0.49894141770961126,0.7247186359120721,42,early
42406,6,0,0.5026973928947993,0.7040724871194106,42,early
42407,7,0,0.49851416178130187,0.6847201388731453,42,early
42408,8,0,0.504329178095767,0.8264416642926934,42,early
42409,9,0,0.4861296985268085,0.7739180148067449,42,early
42410,10,0,0.5064996155745113,0.5964945075773733,42,early
42411,11,0,0.5039850644195211,0.7220299139795107,42,early
42412,12,0,0.5105943265190713,0.6183692589722413,42,early
42413,13,0,0.47421776060391985,0.7829640076350527,42,early
42414,14,0,0.4884473291464674,0.7060797235457823,42,early
42415,15,0,0.4989082671086794,0.5794590153586248,42,early
42416,16,0,0.5062958090119362,0.61028672965538,42,early
42417,17,0,0.48787872821227546,0.6518259776175996,42,early
42418,18,0,0.4424488090357813,0.6475058444490294,42,early
42419,19,0,0.5008600883174432,0.6094680583345867,42,early
42420,20,0,0.5049652553892908,0.6254560135737399,42,early
42421,21,0,0.4994431612415924,0.6112205415313218,42,early
42422,22,0,0.4960401919510609,0.40909020306491856,42,early
42423,23,0,0.5283264820031315,0.5414855573539608,42,early
42424,24,0,0.5212677375734185,0.6193630191174313,42,early
42425,25,0,0.5197990357836284,0.6259332065928382,42,early
42426,26,0,0.5094040697700586,0.4540370690734792,42,early
42427,27,0,0.4829785213560187,0.6420556940335016,42,early
42428,28,0,0.5003759218258947,0.5640398465589924,42,early
42429,29,0,0.5805264202821581,0.4855476685527691,42,early
42430,30,0,0.45987205519417196,0.5379519794996347,42,early
42431,31,0,0.4108083718770446,0.572531236571893,42,early
42432,32,0,0.5603570289377637,0.3955202375101977,42,early
42433,33,0,0.5475451597481334,0.41373377041010956,42,early
42434,34,0,0.48530836327956006,0.4631380457111919,42,early
42435,35,0,0.6122049424966641,0.5530697902492008,42,early
42436,36,0,0.5780698761599771,0.36628346242684245,42,early
42437,37,0,0.5108524319474108,0.444204633028904,42,early
42438,38,0,0.3742460176308009,0.6086901892652763,42,early
42439,39,0,0.6240771533831075,0.5203860959963589,42,early
42440,40,0,0.7770940196369005,0.3431306468392501,42,early
42441,41,0,0.7979513487277231,0.4810097894416071,42,early
42442,42,0,0.74072330481819,0.3625398972142759,42,early
42443,43,0,0.3026649722126362,0.5165499459440164,42,early
42444,44,0,0.9448489999393823,0.5721959762518412,42,early
42445,45,0,0.11515282117356335,0.5069197736692104,42,early
42446,46,0,0.33668778703982893,0.4397206278961878,42,early
42447,47,0,0.6087616896780396,0.5405373331511081,42,early
42448,48,0,0.7222385198478485,0.2779541286214232,42,early
42449,49,0,0.25544305540168005,0.638341564098174,42,early
42450,50,0,0.32239758417223185,0.538030270499243,42,early
42451,51,0,0.6063593125266702,0.535856342488708,42,early
42452,52,0,0.18133353339666883,0.6142299342103152,42,early
42453,53,0,0.1893499624121409,0.45186337950178557,42,early
42454,54,0,0.5352655436654179,0.557862264813272,42,early
42455,55,0,0.42404534977851616,0.47165048685224764,42,early
42456,56,0,0.6653660496410797,0.4571212111362419,42,early
42457,57,0,0.6944629278817045,0.4073346249114776,42,early
42458,58,0,0.19358747115022468,0.48612034289568506,42,early
42459,59,0,0.4095521286718304,0.5652498089363722,42,early
42460,60,0,0.47345689258516466,0.3494255184617017,42,early
42461,61,0,0.22227677871264462,0.4340930712393294,42,early
42462,62,0,0.1292228171725177,0.5076855139839966,42,early
42463,63,0,0.2062452726416037,0.5602379483943092,42,early
42464,64,0,0.420230071859801,0.5193330294560592,42,early
42465,65,0,0.5088886726589975,0.44006399422720816,42,early
42466,66,0,0.4994941334473172,0.41482096360803283,42,early
42467,67,0,0.09067911242683559,0.7630107914407831,42,early
42468,68,0,0.21279033383978507,0.4596447516435904,42,early
42469,69,0,0.41738235801991597,0.3586192096422023,42,early
42470,70,0,0.6273766221224808,0.5543108139917295,42,early
42471,71,0,0.3593756175801824,0.37346666492891206,42,early
42472,72,0,0.7012499202003755,0.3919281471339157,42,early
42473,73,0,0.5541404542886896,0.43843917476283056,42,early
42474,74,0,0.46961047332062233,0.43169200631557225,42,early
42475,75,0,0.5070909636933258,0.414172087295382,42,early
42476,76,0,0.7351224182776288,0.5032040440421677,42,early
42477,77,0,0.1064890332891075,0.4723748524920061,42,early
42478,78,0,0.9437239597050937,0.5708696081411763,42,early
42479,79,0,0.26907404011539277,0.5093092740291685,42,early
42480,80,0,0.40731254726645216,0.3955715436577677,42,early
42481,81,0,0.6437561017336753,0.33607153948963153,42,early
42482,82,0,0.13736232272031448,0.5751452472745227,42,early
42483,83,0,0.4393793209966904,0.40773789454597237,42,early
42484,84,0,0.7364112748950595,0.3359366894293109,42,early
42485,85,0,0.3841131387589488,0.5021069031853492,42,early
42486,86,0,0.6621954837043872,0.40698620926659046,42,early
42487,87,0,0.7848305049996235,0.44353188507281227,42,early
42488,88,0,0.47217528362192385,0.39738581202806156,42,early
42489,89,0,0.11118867988401035,0.40384539212165604,42,early
42490,90,0,0.28061669105547754,0.4422694363661318,42,early
42491,91,0,0.671011257944355,0.4858712010351413,42,early
42492,92,0,0.529750243852452,0.505061531290715,42,early
42493,93,0,0.647661361389041,0.40334008538184885,42,early
42494,94,0,0.32595766288928574,0.5675839756397114,42,early
42495,95,0,0.288928375642519,0.4788446868427525,42,early
42496,96,0,0.5409212772032456,0.3619656631393634,42,early
42497,97,0,0.3443817106466498,0.6292023528179682,42,early
42498,98,0,0.4698550525211695,0.5783488568914341,42,early
42499,99,0,0.5538484615027375,0.5643849089070132,42,early
42500,100,0,0.5765587482571746,0.3976213745476803,42,early
42501,101,0,0.5975668249951146,0.47302552309020796,42,early
42502,102,0,0.26272696052776334,0.4099944975547099,42,early
42503,103,0,0.14797418937958884,0.4169132885751409,42,early
42504,104,0,0.5902332621850341,0.42116713898866215,42,early
42505,105,0,0.2009206040842476,0.444662484668886,42,early
42506,106,0,0.5196010223010289,0.4974228684977358,42,early
42507,107,0,0.5054052207194589,0.33715657341196736,42,early
42508,108,0,0.6287728288020752,0.3111623865506261,42,early
42509,109,0,0.7472144265021196,0.4079571231846831,42,early
42510,110,0,0.29118933031732774,0.376684739390283,42,early
42511,111,0,0.769830505331365,0.41270130444631015,42,early
42512,112,0,0.5360738268156989,0.4312097600388141,42,early
42513,113,0,0.2195505458160456,0.45352138689525,42,early
42514,114,0,0.36365138796240093,0.5492217989047202,42,early
42515,115,0,0.18035683415057122,0.43736095199815495,42,early
42516,116,0,0.4342488198597086,0.5092464601915113,42,early
42517,117,0,0.8601095235063589,0.46822274370488326,42,early
42518,118,0,0.6340841713735512,0.4702240485667738,42,early
42519,119,0,0.8525893059261914,0.35472142415818314,42,early
42520,120,0,0.4867204210327335,0.46906627062496964,42,early
42521,121,0,0.2015850990982916,0.5734036212621627,42,early
42522,122,0,0.5575911312939255,0.41639158175781704,42,early
42523,123,0,0.9288347797297982,0.35751482834586035,42,early
42524,124,0,0.7318484642264702,0.3380547214587523,42,early
42525,125,0,0.5373480594512569,0.5113692431316046,42,early
42526,126,0,0.3361807305646947,0.4331435079867211,42,early
42527,127,0,0.9396513951184424,0.4081959777332437,42,early
42528,128,0,0.190745562773581,0.4970123680218661,42,early
42529,129,0,0.45779612860039937,0.44589287240489117,42,early
42530,130,0,0.33635625497214044,0.4997749779551215,42,early
42531,131,0,0.6776179553141382,0.5884202714738722,42,early
42532,132,0,0.5110660289185998,0.36662314993230516,42,early
42533,133,0,0.32834259395196164,0.34534148662866626,42,early
42534,134,0,0.5172169859645364,0.5095525067874942,42,early
42535,135,0,0.3302855769080605,0.35174935007280883,42,early
42536,136,0,0.409822037176142,0.48056992376416074,42,early
42537,137,0,0.6644655248536719,0.440418454957437,42,early
42538,138,0,0.3107617841976363,0.4330297599778592,42,early
42539,139,0,0.5355877238669029,0.4191668936083434,42,early
42540,140,0,0.3483324428096602,0.443919342086148,42,early
42541,141,0,0.4249439247672029,0.4103953659713092,42,early
42542,142,0,0.4275757041135685,0.5688232107321951,42,early
42543,143,0,0.6661143659775459,0.42932906267434334,42,early
42544,144,0,0.22252325536032308,0.5240035348887928,42,early
42545,145,0,0.5269855035676201,0.4434010197612918,42,early
42546,146,0,0.287193727608887,0.4350914162791327,42,early
42547,147,0,0.4447302164775436,0.35979505831024694,42,early
42548,148,0,0.3243856115471183,0.5037054699431257,42,early
42549,149,0,0.7997071778810699,0.32441940039257094,42,early
42550,150,0,0.488981634618673,0.39455808352433486,42,early
42551,151,0,0.7376531416454535,0.34394311134636185,42,early
42552,152,0,0.382262325714979,0.46528598327041804,42,early
42553,153,0,0.9163011453727361,0.3042918095572298,42,early
42554,154,0,0.511386813578597,0.5206492506977148,42,early
42555,155,0,0.09074721660980838,0.5454520706354954,42,early
42556,156,0,0.3546476595655643,0.5017957424774747,42,early
42557,157,0,0.8844797678189702,0.38415449792088896,42,early
42558,158,0,0.5093102716889534,0.43081402362855825,42,early
42559,159,0,0.3119859409151749,0.5218541400477026,42,early
42560,160,0,0.4988410502589228,0.3938317477935175,42,early
42561,161,0,0.3201607038415068,0.4561229778543321,42,early
42562,162,0,0.8562620736029897,0.26298131527556495,42,early
42563,163,0,0.9456248812155182,0.4103429006096232,42,early
42564,164,0,0.4654253585966682,0.3653809979285918,42,early
42565,165,0,0.7232287006936089,0.3079065176512481,42,early
42566,166,0,0.36613928781178184,0.40711178364216283,42,early
42567,167,0,0.798078542360612,0.4486587825882189,42,early
42568,168,0,0.4750813682914459,0.37232871033317394,42,early
42569,169,0,0.6293575682861567,0.3312844102445113,42,early
42570,170,0,0.47979814777133145,0.5058368696119968,42,early
42571,171,0,0.7353415922287846,0.4052667955812756,42,early
42572,172,0,0.21562993986619117,0.3641916330677556,42,early
42573,173,0,0.3232286336362633,0.419276653664521,42,early
42574,174,0,0.11952821421086199,0.5109130425382244,42,early
42575,175,0,0.6801278339568518,0.4147164082982148,42,early
42576,176,0,0.23724574752092684,0.5267635788559397,42,early
42577,177,0,0.5819336141846596,0.3116301113379935,42,early
42578,178,0,0.4756225417779089,0.363261684234402,42,early
42579,179,0,0.6410032136082509,0.3289967584841653,42,early
42580,180,0,0.6584981503819222,0.48767267806768716,42,early
42581,181,0,0.8180096344502337,0.34228457424754566,42,early
42582,182,0,0.9041814736770118,0.42721063402941184,42,early
42583,183,0,0.5410032576755138,0.3528099816864225,42,early
42584,184,0,0.5291999525859503,0.4150808048243465,42,early
42585,185,0,0.23525351667519223,0.40227017626700495,42,early
42586,186,0,0.5325155744589521,0.4602140233375317,42,early
42587,187,0,0.6544369400379525,0.3582241812389119,42,early
42588,188,0,0.4349632180502102,0.42369535793514584,42,early
42589,189,0,0.5982690595318686,0.3991458485903606,42,early
42590,190,0,0.8428799061559951,0.3721000882661962,42,early
42591,191,0,0.3804918302577003,0.4581230361736648,42,early
42592,192,0,0.6154614498550918,0.3749360014450127,42,early
42593,193,0,0.6522432629289661,0.37851453660847806,42,early
42594,194,0,0.3054224931699342,0.4375610206751749,42,early
42595,195,0,0.7478739741457028,0.36347512270375326,42,early
42596,196,0,0.5091962879312306,0.37917963390919796,42,early
42597,197,0,0.23489772442506848,0.4574806626254999,42,early
42598,198,0,0.6666066005406448,0.39016388264958574,42,early
42599,199,0,0.3749907880695328,0.4782147607081082,42,early
42600,0,0,0.7706885562813653,0.6846300220921475,42,middle
42601,1,0,0.37899336182390353,0.7518104582020438,42,middle
42602,2,0,0.25444994309585567,0.7915210198821716,42,middle
42603,3,0,0.3476466852701044,0.5675022120451384,42,middle
42604,4,0,0.3416135148908104,0.5954638830617578,42,middle
42605,5,0,0.6220314232575033,0.6153583015487808,42,middle
42606,6,0,0.6783403374213932,0.6606860175703804,42,middle
42607,7,0,0.3781985633842897,0.47138151016511826,42,middle
42608,8,0,0.2591740355112116,0.7046824893601058,42,middle
42609,9,0,0.34599138354426395,0.8531101462442684,42,middle
42610,10,0,0.7497463275965772,0.5823205028799032,42,middle
42611,11,0,0.28977979512193525,0.5134663393694304,42,middle
42612,12,0,0.303687799197617,0.6594651744712401,42,middle
42613,13,0,0.30051598240298155,0.7017770970979078,42,middle
42614,14,0,0.7489442708238997,0.6635746032715661,42,middle
42615,15,0,0.36862184356401695,0.6695408158289208,42,middle
42616,16,0,0.7315035892952078,0.5060964934595228,42,middle
42617,17,0,0.4234725274532063,0.6581800999535561,42,middle
42618,18,0,0.3083977775593907,0.6556384425007395,42,middle
42619,19,0,0.34412760790562935,0.6288224961366005,42,middle
42620,20,0,0.387463173213191,0.41301639529411427,42,middle
42621,21,0,0.2277560773046705,0.6176432838162527,42,middle
42622,22,0,0.6749532301492429,0.581782416117699,42,middle
42623,23,0,0.449473279508752,0.5055884928608374,42,middle
42624,24,0,0.4204032155074108,0.5543619220178699,42,middle
42625,25,0,0.7554376863583814,0.3774920070760638,42,middle
42626,26,0,0.34745719396848007,0.5283963678801614,42,middle
42627,27,0,0.4542100773093163,0.4342089251320291,42,middle
42628,28,0,0.6322297204798293,0.4428350863229811,42,middle
42629,29,0,0.5543284755049449,0.6412305209702203,42,middle
42630,30,0,0.44363864312084994,0.6365769149594818,42,middle
42631,31,0,0.21815239956387067,0.5677459801103422,42,middle
42632,32,0,0.4581100621190134,0.4022118374944489,42,middle
42633,33,0,0.4655408025783069,0.4226067456501384,42,middle
42634,34,0,0.6287641400182356,0.4602866395504316,42,middle
42635,35,0,0.8408981066353829,0.43637765249370797,42,middle
42636,36,0,0.5010031799363255,0.602544709632057,42,middle
42637,37,0,0.6646151774555886,0.524983311526573,42,middle
42638,38,0,0.47967495981558556,0.7390720989832484,42,middle
42639,39,0,0.1946043623921277,0.5798682721386521,42,middle
42640,40,0,0.46484708643342254,0.435619520096407,42,middle
42641,41,0,0.5809107356993204,0.45606515230613315,42,middle
42642,42,0,0.611052383798601,0.5374162189104559,42,middle
42643,43,0,0.6160607052085814,0.5469660172398754,42,middle
42644,44,0,0.549530409411097,0.5346991368720736,42,middle
42645,45,0,0.4143612316521862,0.49115406823343255,42,middle
42646,46,0,0.47121520327281674,0.5433775626236491,42,middle
42647,47,0,0.5262251831843651,0.4876074794446129,42,middle
42648,48,0,0.5542703546059573,0.4615276375955594,42,middle
42649,49,0,0.4132432864408435,0.4329186535610866,42,middle
42650,50,0,0.38848267261649694,0.6767850280836413,42,middle
42651,51,0,0.45226938784127146,0.4322787489777248,42,middle
42652,52,0,0.46852796271216607,0.5458744945613627,42,middle
42653,53,0,0.49514282675633126,0.48731828736680705,42,middle
42654,54,0,0.5334985738883677,0.5156466479504426,42,middle
42655,55,0,0.5095591134192099,0.5058401525013126,42,middle
42656,56,0,0.544684639230018,0.5539165709154247,42,middle
42657,57,0,0.46952273809196426,0.48076150923884564,42,middle
42658,58,0,0.4537674289864799,0.5956939987651428,42,middle
42659,59,0,0.37453928281134985,0.48617196659650186,42,middle
42660,60,0,0.46874365093483183,0.43217213300261276,42,middle
42661,61,0,0.41388263007451465,0.4534864666790579,42,middle
42662,62,0,0.5024689977773994,0.4942656233432529,42,middle
42663,63,0,0.5876592911796571,0.4891984448845329,42,middle
42664,64,0,0.47657974594430685,0.4400748001749329,42,middle
42665,65,0,0.5222827898996187,0.4271412169039419,42,middle
42666,66,0,0.47329604233221206,0.5001686927311522,42,middle
42667,67,0,0.45408435656183793,0.5397483249743362,42,middle
42668,68,0,0.5429597485235085,0.5616833658081395,42,middle
42669,69,0,0.4852859035384508,0.40619401997818094,42,middle
42670,70,0,0.5032004026129607,0.5017228033005594,42,middle
42671,71,0,0.5039476337456997,0.40247854156449747,42,middle
42672,72,0,0.49497223505528326,0.4607865974360342,42,middle
42673,73,0,0.5063544849087822,0.42675450931110614,42,middle
42674,74,0,0.6720917009778626,0.44851222287822967,42,middle
42675,75,0,0.4367762617636355,0.50093894851223,42,middle
42676,76,0,0.5085965639385334,0.5608401676580391,42,middle
42677,77,0,0.6007676648116473,0.4437829549080128,42,middle
42678,78,0,0.4723123282388249,0.45087383742883413,42,middle
42679,79,0,0.5866143764152143,0.5223952260287061,42,middle
42680,80,0,0.5025710867564317,0.5011955957511867,42,middle
42681,81,0,0.38442852028622243,0.4054812299254967,42,middle
42682,82,0,0.4414022323244491,0.3967438254698152,42,middle
42683,83,0,0.6133410443920881,0.4156460692208626,42,middle
42684,84,0,0.540848740792747,0.45877064205670925,42,middle
42685,85,0,0.4411403618094497,0.40397096026764573,42,middle
42686,86,0,0.3388644991820771,0.43539440573943133,42,middle
42687,87,0,0.38892955837356025,0.3577704089691852,42,middle
42688,88,0,0.2915166740192431,0.5117344405546035,42,middle
42689,89,0,0.293743891214306,0.7706134376309376,42,middle
42690,90,0,0.3375719223160418,0.5848903352716874,42,middle
42691,91,0,0.4608270079382075,0.5414889897013422,42,middle
42692,92,0,0.5615275591199012,0.4624325934646226,42,middle
42693,93,0,0.47838012344929315,0.547936795184702,42,middle
42694,94,0,0.4705681085304136,0.3998834379648495,42,middle
42695,95,0,0.6576783470794003,0.4261907401481612,42,middle
42696,96,0,0.1704714390666496,0.5851586464782907,42,middle
42697,97,0,0.30231175738437643,0.33584617349953005,42,middle
42698,98,0,0.6291675906455427,0.5448821937769173,42,middle
42699,99,0,0.5071550878526391,0.45564907208306504,42,middle
42700,100,0,0.7392971672826554,0.34354395735899856,42,middle
42701,101,0,0.3675701540188927,0.39836555285091824,42,middle
42702,102,0,0.12027521072018965,0.7395626257160283,42,middle
42703,103,0,0.36609711620253416,0.38130671034025837,42,middle
42704,104,0,0.37382584028521004,0.3990420384606539,42,middle
42705,105,0,0.38312042221428444,0.4342233267370889,42,middle
42706,106,0,0.39974783842898676,0.41271402491985126,42,middle
42707,107,0,0.4339786669797135,0.45663848202744073,42,middle
42708,108,0,0.5537490051084549,0.4732337662776408,42,middle
42709,109,0,0.6633649488556674,0.4267339455360877,42,middle
42710,110,0,0.3578774707436224,0.5371519085408536,42,middle
42711,111,0,0.5133933394784227,0.5126115094846667,42,middle
42712,112,0,0.3621009307518283,0.6085504854282926,42,middle
42713,113,0,0.25898198518721005,0.6003640437431708,42,middle
42714,114,0,0.39634686480097625,0.429714831960638,42,middle
42715,115,0,0.8027804245328354,0.36886527450921236,42,middle
42716,116,0,0.3506137675682132,0.4857535577511663,42,middle
42717,117,0,0.4768166447627945,0.4360474859443469,42,middle
42718,118,0,0.471396343660372,0.3143510336067806,42,middle
42719,119,0,0.6300280155190222,0.5401458922858384,42,middle
42720,120,0,0.46662066993517864,0.43130887939325013,42,middle
42721,121,0,0.3387332630963029,0.45049415039273044,42,middle
42722,122,0,0.41024006844256994,0.7217205313051867,42,middle
42723,123,0,0.4785355780601632,0.44321830020115055,42,middle
42724,124,0,0.47638577117477354,0.4256388750412775,42,middle
42725,125,0,0.566997037947308,0.361825953937485,42,middle
42726,126,0,0.520551973514007,0.47563773737924775,42,middle
42727,127,0,0.423571685511928,0.4527126640444814,42,middle
42728,128,0,0.5363593996235808,0.530980071716473,42,middle
42729,129,0,0.5115000590924009,0.4917695496540783,42,middle
42730,130,0,0.421854774101142,0.5094215031866698,42,middle
42731,131,0,0.6308930812013331,0.5027554667297915,42,middle
42732,132,0,0.421493321737917,0.5492308655971903,42,middle
42733,133,0,0.3984280344177914,0.5776030424231515,42,middle
42734,134,0,0.5141589172121832,0.4735861364578795,42,middle
42735,135,0,0.4083796986662165,0.6522572058851936,42,middle
42736,136,0,0.4270068822152161,0.4283926278383817,42,middle
42737,137,0,0.4945717940577138,0.4723342238956362,42,middle
42738,138,0,0.4572110854330391,0.42697438061154147,42,middle
42739,139,0,0.5694550747862737,0.4342072446044095,42,middle
42740,140,0,0.43017559812146966,0.5333932061962172,42,middle
42741,141,0,0.6455920647585808,0.5171871678347979,42,middle
42742,142,0,0.5795062302894037,0.4865154316966287,42,middle
42743,143,0,0.2580773404270609,0.5592019332862591,42,middle
42744,144,0,0.520276218752836,0.4222842146275856,42,middle
42745,145,0,0.29569254882513496,0.4528160505251468,42,middle
42746,146,0,0.44851852593237945,0.5530741509279744,42,middle
42747,147,0,0.23956664109019868,0.5049549321445898,42,middle
42748,148,0,0.4313391451033174,0.5157102433714662,42,middle
42749,149,0,0.48957412190757743,0.5059180139293755,42,middle
42750,150,0,0.52401605270109,0.42268779980751936,42,middle
42751,151,0,0.6643790760664318,0.42563296417797725,42,middle
42752,152,0,0.39994055415624474,0.46724377738410816,42,middle
42753,153,0,0.47005662431569206,0.462381535737082,42,middle
42754,154,0,0.4240294048799069,0.40804686777081445,42,middle
42755,155,0,0.5981146457573665,0.6103757719679416,42,middle
42756,156,0,0.5424123496959807,0.42734788672726587,42,middle
42757,157,0,0.4628084942233919,0.5256744237156541,42,middle
42758,158,0,0.5032022133926628,0.5237685807943218,42,middle
42759,159,0,0.47095928828291056,0.5568031491685163,42,middle
42760,160,0,0.4791963538390069,0.5399320379356174,42,middle
42761,161,0,0.44085784101460546,0.49068855516514176,42,middle
42762,162,0,0.37677189073686956,0.36898781666987734,42,middle
42763,163,0,0.3513016118496788,0.42748919120975815,42,middle
42764,164,0,0.5888175063432259,0.42230161713385783,42,middle
42765,165,0,0.4003066467328296,0.40926898383936533,42,middle
42766,166,0,0.25979557502125894,0.5079215444349896,42,middle
42767,167,0,0.7969027214348348,0.45520485100828567,42,middle
42768,168,0,0.4466595377557046,0.7003898086343456,42,middle
42769,169,0,0.4778988013682167,0.5920201097025324,42,middle
42770,170,0,0.6045586869380608,0.48014902791711717,42,middle
42771,171,0,0.599472097304698,0.449503393813965,42,middle
42772,172,0,0.40341523699092596,0.4753547476220914,42,middle
42773,173,0,0.34130110709543915,0.3781301789455483,42,middle
42774,174,0,0.48073364650178796,0.5190558563750377,42,middle
42775,175,0,0.3687063173643116,0.3755261881023706,42,middle
42776,176,0,0.8576056684767702,0.48999549523620795,42,middle
42777,177,0,0.4917346513042109,0.5025622011634757,42,middle
42778,178,0,0.5087861681336033,0.5154130950821618,42,middle
42779,179,0,0.48366897552113,0.48541145962928717,42,middle
42780,180,0,0.2705935202509554,0.49302417179006264,42,middle
42781,181,0,0.3367331341554348,0.3611932841950665,42,middle
42782,182,0,0.48462315261659095,0.46395701910089815,42,middle
42783,183,0,0.6368390950325662,0.490517130930454,42,middle
42784,184,0,0.5912449231122942,0.5119207423933786,42,middle
42785,185,0,0.393266633185975,0.3860841936387456,42,middle
42786,186,0,0.4856390377390555,0.5052999869767922,42,middle
42787,187,0,0.47116171716806776,0.46228415916605337,42,middle
42788,188,0,0.5321998904680856,0.41765378315113877,42,middle
42789,189,0,0.5084430581991799,0.33680368298033403,42,middle
42790,190,0,0.8337636792373669,0.4138931771339839,42,middle
42791,191,0,0.39238525349262343,0.3720319671265099,42,middle
42792,192,0,0.5700520009458865,0.44707706822436266,42,middle
42793,193,0,0.3509320563727667,0.42813651127627905,42,middle
42794,194,0,0.3068656351692453,0.5574043978640865,42,middle
42795,195,0,0.36043792163821464,0.4132086604358688,42,middle
42796,196,0,0.2936026067243397,0.38677915706924554,42,middle
42797,197,0,0.5225089207210366,0.4034811604971136,42,middle
42798,198,0,0.2682315211134656,0.4409165661410957,42,middle
42799,199,0,0.8865035101660581,0.4462480256109144,42,middle
42800,0,0,0.12411922486576453,0.782802874390525,42,late
42801,1,0,0.6505982531602932,0.5636162536203688,42,late
42802,2,1,0.3064773654343994,1.335080156276378,42,late
42803,3,2,0.5119354581905122,1.3232169310778485,42,late
42804,4,3,0.000966393308776131,1.6302197070649576,42,late
42805,5,4,0.7098894245403728,1.1566990395222376,42,late
42806,6,0,0.3098585020320486,0.6806704536339592,42,late
42807,7,5,0.03729523273415783,1.2591257689904258,42,late
42808,8,0,0.8546650483871969,0.6283806109295705,42,late
42809,9,6,0.32497401118722463,0.8199961180541868,42,late
42810,10,0,0.9346599852491406,0.5454460445837843,42,late
42811,11,7,0.15845059856734584,1.2733674925871963,42,late
42812,12,8,0.587924717253771,1.4190810137620595,42,late
42813,13,9,0.98103058282821,0.7887404772822164,42,late
42814,14,9,0.4891992009633182,0.7201363263292135,42,late
42815,15,9,0.10553628962967235,0.8101562490706069,42,late
42816,16,9,0.4789896940324708,0.728133182401007,42,late
42817,17,9,0.04020715967928144,0.612243618774901,42,late
42818,18,9,0.4897530279891874,0.6291000908691532,42,late
42819,19,9,0.052855774318791696,0.8568509631517027,42,late
42820,20,9,0.44236257972657,0.6701524272259021,42,late
42821,21,9,0.941903529900666,0.5901529599597981,42,late
42822,22,9,0.4429887913164827,0.7860228688119228,42,late
42823,23,9,0.94563381411399,0.5599116777107551,42,late
42824,24,9,0.5298791010114823,0.5324343223733117,42,late
42825,25,9,0.1123770213798277,0.646296429901401,42,late
42826,26,9,0.4619311737510262,0.6429150180014321,42,late
42827,27,9,0.9151037723134643,0.5653756545902066,42,late
42828,28,10,0.901286748557669,1.1491236547315467,42,late
42829,29,9,0.07423413078943382,0.6813860931016171,42,late
42830,30,9,0.5063797423294183,0.509958150688052,42,late
42831,31,9,0.936570601465111,0.61045227123126,42,late
42832,32,9,0.5401056052394367,0.63001611909455,42,late
42833,33,9,0.9412129182833702,0.4732311398177188,42,late
42834,34,9,0.5182997262623625,0.5078819140666619,42,late
42835,35,9,0.05532435022419723,0.7629861737314707,42,late
42836,36,9,0.5146224104694158,0.5921241817724141,42,late
42837,37,9,0.16493539383795197,0.4859726744903732,42,late
42838,38,9,0.4154206605900923,0.6360048713654061,42,late
42839,39,9,0.12273029503836472,0.5721664040922998,42,late
42840,40,9,0.41236654678418405,0.5081196848610081,42,late
42841,41,9,0.20501074845699507,0.5476371618509949,42,late
42842,42,9,0.4074947535202147,0.6038779451245249,42,late
42843,43,9,0.17309585988632306,0.49155647376511646,42,late
42844,44,9,0.46500547221188027,0.5892542911010237,42,late
42845,45,9,0.31068298404427835,0.4342766535678294,42,late
42846,46,9,0.43409862863575005,0.7466808563741107,42,late
42847,47,9,0.3903741398482846,0.5309200160953516,42,late
42848,48,9,0.6226134842450678,0.6099207604446405,42,late
42849,49,9,0.3672029494502809,0.3558705865469718,42,late
42850,50,9,0.512369782234958,0.5376144603898303,42,late
42851,51,9,0.4759927846620133,0.5830489078188035,42,late
42852,52,9,0.6924637193021894,0.5280989188335364,42,late
42853,53,9,0.6839933716024598,0.4735590526647996,42,late
42854,54,9,0.6725882683834901,0.44228762224946055,42,late
42855,55,9,0.7081188168166039,0.45116459192292213,42,late
42856,56,9,0.29799777415990014,0.6367577552378627,42,late
42857,57,9,0.6748095204732499,0.3804970586802564,42,late
42858,58,9,0.3048573690940804,0.5288657551397005,42,late
42859,59,9,0.7144482386382343,0.34982063753710124,42,late
42860,60,9,0.6634768255141771,0.3720799838595439,42,late
42861,61,9,0.8165579329949417,0.5462061876324039,42,late
42862,62,9,0.289392287644111,0.6892341350606721,42,late
42863,63,9,0.2942881110688724,0.4377502901640251,42,late
42864,64,9,0.3412971000883056,0.4323513380137651,42,late
42865,65,9,0.3977318676832692,0.554717246488937,42,late
42866,66,9,0.708509583334122,0.44516983732246657,42,late
42867,67,9,0.7632919297786174,0.45627006922314556,42,late
42868,68,9,0.6279223288454272,0.4680194940541953,42,late
42869,69,9,0.20169491810152446,0.7923005831451431,42,late
42870,70,9,0.6512448486978275,0.5316020091722248,42,late
42871,71,9,0.6629893301853154,0.5037762481729288,42,late
42872,72,9,0.7800861737932072,0.448937041457997,42,late
42873,73,9,0.649965523756365,0.34525660929620805,42,late
42874,74,9,0.6812949417102252,0.4721658217430879,42,late
42875,75,9,0.47319846049091063,0.5282776644066085,42,late
42876,76,9,0.2082603434089204,0.500243008301823,42,late
42877,77,9,0.6334616162882134,0.4057929701379892,42,late
42878,78,9,0.7288096640626676,0.3759474861164435,42,late
42879,79,9,0.47163787113382855,0.4971385572864352,42,late
42880,80,9,0.7080519291301357,0.4640059344811972,42,late
42881,81,9,0.22309274735665402,0.4908185725780625,42,late
42882,82,9,0.1608161962320142,0.5351531070193617,42,late
42883,83,9,0.1705737682026908,0.4478344931414405,42,late
42884,84,9,0.7849521078903378,0.33735943157883364,42,late
42885,85,9,0.6424769179921808,0.5640613949521123,42,late
42886,86,9,0.1567620224366254,0.49432225634774263,42,late
42887,87,9,0.18757711620242612,0.5343522506009692,42,late
42888,88,9,0.7534611836908298,0.5117178834878281,42,late
42889,89,9,0.18210839968990764,0.4032085001533374,42,late
42890,90,9,0.7716900518386838,0.3188805214650424,42,late
42891,91,9,0.18765670888706448,0.46465958422004594,42,late
42892,92,9,0.8142868022859453,0.3843324780355325,42,late
42893,93,9,0.8086967731388699,0.36835006156709393,42,late
42894,94,9,0.15976232061811368,0.6215919458007964,42,late
42895,95,9,0.7706696145859205,0.37680248487593826,42,late
42896,96,9,0.23386845545843093,0.5671540604418412,42,late
42897,97,9,0.6200247422031498,0.5333012484634988,42,late
42898,98,9,0.7090884163420019,0.47722782209643694,42,late
42899,99,9,0.7428165492339238,0.3642409476861661,42,late
42900,100,9,0.11921937053202425,0.6083218795359193,42,late
42901,101,9,0.7899672328133807,0.38268716126924074,42,late
42902,102,9,0.3068268039022163,0.4356812657685971,42,late
42903,103,9,0.7192474587076887,0.3145438559550059,42,late
42904,104,9,0.24042939514843886,0.4733169385364858,42,late
42905,105,9,0.7784947462568907,0.5044906949769283,42,late
42906,106,9,0.26478626120082105,0.6365596554116221,42,late
42907,107,9,0.4290210433929389,0.5748315855438058,42,late
42908,108,9,0.1994524835412892,0.5976728890536798,42,late
42909,109,9,0.3366727353124901,0.541948060797413,42,late
42910,110,9,0.35058604636426755,0.47813895766173664,42,late
42911,111,9,0.7967764920236933,0.5199103310701007,42,late
42912,112,9,0.29863595876916893,0.4166756264765146,42,late
42913,113,9,0.7603589878763386,0.5798682124559655,42,late
42914,114,9,0.6551157864219432,0.5774706684827461,42,late
42915,115,9,0.7748616391122206,0.4270037439531301,42,late
42916,116,9,0.15154362296075213,0.5330171567231475,42,late
42917,117,9,0.11412796085418067,0.5604727926284021,42,late
42918,118,9,0.2311026956450029,0.4753890096886766,42,late
42919,119,9,0.787606634828673,0.34727045877071877,42,late
42920,120,9,0.4227723154702355,0.41245959224863427,42,late
42921,121,9,0.35712397820601677,0.6974088060453933,42,late
42922,122,9,0.6856500456975918,0.5667462312161475,42,late
42923,123,9,0.5247334940375412,0.5371847665648202,42,late
42924,124,9,0.4100436909853529,0.618322096049968,42,late
42925,125,9,0.3616384425994953,0.6946589866930792,42,late
42926,126,9,0.5575373148191352,0.5377261429878629,42,late
42927,127,9,0.38442967016000146,0.5923451940985502,42,late
42928,128,9,0.5468074329566076,0.5367529837082275,42,late
42929,129,9,0.5613099723026537,0.4930935216630242,42,late
42930,130,9,0.6177624818747491,0.6100134825719523,42,late
42931,131,9,0.5166578277177349,0.500090786758112,42,late
42932,132,9,0.4965541635978007,0.38102913647394027,42,late
42933,133,9,0.48229468877771714,0.4013819123592094,42,late
42934,134,9,0.46049746488380927,0.39958955985054656,42,late
42935,135,9,0.5376228444820838,0.5124146650574818,42,late
42936,136,9,0.6525131807616447,0.40279855727342906,42,late
42937,137,9,0.5316672643830751,0.34019543603218116,42,late
42938,138,9,0.4345540531479939,0.5551967271840584,42,late
42939,139,9,0.5347294315506633,0.42620013268737444,42,late
42940,140,9,0.5501333773578303,0.5451884861254983,42,late
42941,141,9,0.47554246451636534,0.4666875069967834,42,late
42942,142,9,0.6611702220206408,0.4192314171244267,42,late
42943,143,9,0.5029517321330075,0.46699229784348145,42,late
42944,144,9,0.5842594595254912,0.44321125186429977,42,late
42945,145,9,0.6584750703511826,0.6265677227345919,42,late
42946,146,9,0.60468990378737,0.5095784762050114,42,late
42947,147,9,0.7437160506806564,0.5648559194270933,42,late
42948,148,9,0.5690817570771136,0.4224829630189992,42,late
42949,149,9,0.6042036901218613,0.35934854588123705,42,late
42950,150,9,0.5525888902349133,0.5311274199482972,42,late
42951,151,9,0.4208199705187339,0.4040372179526365,42,late
42952,152,9,0.6498190004012315,0.47487134212514853,42,late
42953,153,9,0.4880886191352354,0.5490527664131541,42,late
42954,154,9,0.4330313295417854,0.4660526367072474,42,late
42955,155,9,0.5027084357084166,0.4749922020432369,42,late
42956,156,9,0.6029073688497167,0.42489742997390206,42,late
42957,157,9,0.6699203495031693,0.448306805304151,42,late
42958,158,9,0.566985419234593,0.449844336474142,42,late
42959,159,9,0.597563453014214,0.5581382457028561,42,late
42960,160,9,0.7224988209009241,0.48459394148210344,42,late
42961,161,9,0.7100997268570757,0.5107689746925239,42,late
42962,162,9,0.706391024235606,0.5377671261023821,42,late
42963,163,9,0.55736682664973,0.41281552400634447,42,late
42964,164,9,0.8064506182143255,0.44351750590320227,42,late
42965,165,9,0.5898881167091414,0.37768187471676373,42,late
42966,166,9,0.6236975273933074,0.5407008799095232,42,late
42967,167,9,0.5859634319033815,0.565497953872458,42,late
42968,168,9,0.6728636560082216,0.39829356219964135,42,late
42969,169,9,0.7578891055539303,0.4487291746403451,42,late
42970,170,9,0.6847882100224898,0.5063540291033226,42,late
42971,171,9,0.26195916425110466,0.4923231587533739,42,late
42972,172,9,0.7932179779391904,0.3968631565039568,42,late
42973,173,9,0.7244672391537595,0.31156936732826024,42,late
42974,174,9,0.6344083212792255,0.3665001264327896,42,late
42975,175,9,0.7977064607039249,0.3967856186186696,42,late
42976,176,9,0.6559716245430649,0.5481053034010122,42,late
42977,177,9,0.7116499223545072,0.38057669492374024,42,late
42978,178,9,0.2353448197097857,0.4761121403115037,42,late
42979,179,9,0.6923786605485361,0.3669865769318513,42,late
42980,180,9,0.3317572227395945,0.46082186040691475,42,late
42981,181,9,0.240056342643261,0.5406178439183212,42,late
42982,182,9,0.2568460737299484,0.5333157855055893,42,late
42983,183,9,0.34023488353169984,0.3408593971196905,42,late
42984,184,9,0.35768523157655263,0.6854864862603306,42,late
42985,185,9,0.6214663696937414,0.4668162527545232,42,late
42986,186,9,0.4541081182823421,0.4555660696197691,42,late
42987,187,9,0.695221161954928,0.3402608112396249,42,late
42988,188,9,0.2406508985324849,0.47776226565913293,42,late
42989,189,9,0.7897704729951464,0.4011960751101109,42,late
42990,190,9,0.6964730325595724,0.5824224326837065,42,late
42991,191,9,0.4503429129638827,0.5500149092792225,42,late
42992,192,9,0.3166494306162637,0.46194796547966255,42,late
42993,193,9,0.6529451582293055,0.5401850921320446,42,late
42994,194,9,0.388153123288443,0.5999571304691671,42,late
42995,195,9,0.7037812872923197,0.41188964454488375,42,late
42996,196,9,0.7916784378458681,0.6168266362202359,42,late
42997,197,9,0.6322855594542133,0.5182362666923088,42,late
42998,198,9,0.28466378567946876,0.5138378074094196,42,late
42999,199,9,0.6160017610134065,0.4318875125294496,42,late
43000,0,0,0.6888981858471359,0.6800249208809049,43,interleaved
43001,1,1,0.7642511812348889,1.4509240162994996,43,interleaved
43002,2,2,0.11102602979900472,1.0161721788173896,43,interleaved
43003,3,3,0.8868254611301974,0.6982401911415923,43,interleaved
43004,4,4,0.18386810471962922,1.4055693589412757,43,interleaved
43005,5,5,0.04577415186581323,0.9219957845657093,43,interleaved
43006,6,6,0.08189783111314361,1.3812643072985815,43,interleaved
43007,7,7,0.4997406905870981,1.4240252482413143,43,interleaved
43008,8,8,0.32381320935909386,0.7580732266725142,43,interleaved
43009,9,0,0.22104486801438805,0.6915978969310907,43,interleaved
43010,10,9,0.4460274291262366,1.2149680137143688,43,interleaved
43011,11,10,0.30465726197107035,0.6930838788253564,43,interleaved
43012,12,11,0.9087521293937333,1.178882162740261,43,interleaved
43013,13,12,0.5035954272674218,1.178896835260078,43,interleaved
43014,14,13,0.9848994492803933,1.1105183915788284,43,interleaved
43015,15,14,0.02857908440111784,0.7365825715256059,43,interleaved
43016,16,14,0.4885059016395062,0.6159865892322178,43,interleaved
43017,17,14,0.027658766258008026,0.7949832356890368,43,interleaved
43018,18,14,0.5155531739060514,0.5622266007647913,43,interleaved
43019,19,15,0.48225135630505694,0.9019721694682209,43,interleaved
43020,20,14,0.5275764948498534,0.6343962250694379,43,interleaved
43021,21,0,0.8354401247489405,0.6549365534698781,43,interleaved
43022,22,16,0.6591098643813194,0.7704990567073038,43,interleaved
43023,23,17,0.030985292979938614,0.7194237495888037,43,interleaved
43024,24,14,0.46502809577116594,0.6486814282582878,43,interleaved
43025,25,18,0.24537394803971407,1.2701909737665908,43,interleaved
43026,26,19,4.554859834560966e-05,1.2198698297632258,43,interleaved
43027,27,14,0.024403647466708825,0.7996296479189751,43,interleaved
43028,28,14,0.6881151673157273,0.6415494962143151,43,interleaved
43029,29,20,0.0315229277700883,0.9288449365458157,43,interleaved
43030,30,21,0.027525680140557476,1.2869040107999146,43,interleaved
43031,31,22,0.5011497903325498,0.7550247766242693,43,interleaved
43032,32,23,0.8322142564136967,0.7432436126811054,43,interleaved
43033,33,14,0.9560534480430163,0.6177949045402107,43,interleaved
43034,34,24,0.3289169235435391,0.9937249955680156,43,interleaved
43035,35,23,0.295741411112998,0.7231165021101384,43,interleaved
43036,36,25,0.5206598970489643,0.7955936101785257,43,interleaved
43037,37,14,0.9329213811607968,0.4508237158479568,43,interleaved
43038,38,14,0.5116950205157962,0.6514897534952394,43,interleaved
43039,39,25,0.04040483711360899,0.8810529306074469,43,interleaved
43040,40,14,0.5376889741753551,0.41775111448570723,43,interleaved
43041,41,26,0.179002183922409,1.1752453585183196,43,interleaved
43042,42,25,0.00017099028352115492,0.9566145223759102,43,interleaved
43043,43,25,0.9787325334828769,0.5820724792055951,43,interleaved
43044,44,23,0.7939444142093857,0.6516337609073851,43,interleaved
43045,45,23,0.7600122805273966,0.7080243661691509,43,interleaved
43046,46,14,0.49722059956929243,0.585170608788671,43,interleaved
43047,47,14,0.08475821822607893,0.5594092300844732,43,interleaved
43048,48,23,0.7455468274378154,0.7192316436280176,43,interleaved
43049,49,23,0.28451112151072216,0.777987815278705,43,interleaved
43050,50,23,0.8572441525541966,0.6730108927992291,43,interleaved
43051,51,23,0.334322128564275,0.6460670159624882,43,interleaved
43052,52,25,0.44345569236460325,0.7266291393822834,43,interleaved
43053,53,14,0.035718609447391254,0.7353747053371502,43,interleaved
43054,54,25,0.43599492837628157,0.7300237012893741,43,interleaved
43055,55,25,0.058776475733461134,0.6264746924808757,43,interleaved
43056,56,25,0.541374892989037,0.5609240297122012,43,interleaved
43057,57,23,0.24080937931735974,0.8395403728407193,43,interleaved
43058,58,23,0.8413141842462553,0.5846775638553998,43,interleaved
43059,59,23,0.7514416629084011,0.7887098339105199,43,interleaved
43060,60,14,0.5021514705351179,0.6391583375924623,43,interleaved
43061,61,14,0.059604669218296685,0.665554850044195,43,interleaved
43062,62,23,0.20617892104757618,0.7892782784172274,43,interleaved
43063,63,25,0.5761550974127885,0.5517111440337725,43,interleaved
43064,64,25,0.5576979536237033,0.6542337255617265,43,interleaved
43065,65,25,0.06253404059056913,0.7413231093432311,43,interleaved
43066,66,25,0.52598192011791,0.5156202813592083,43,interleaved
43067,67,25,0.15100032258772345,0.8345741200365264,43,interleaved
43068,68,25,0.5892131021328939,0.6514863309928804,43,interleaved
43069,69,25,0.8853478808153687,0.5427855578092249,43,interleaved
43070,70,25,0.2480028585952329,0.6845295802248659,43,interleaved
43071,71,25,0.23238597893742696,0.6830444982654456,43,interleaved
43072,72,25,0.5805646048797196,0.6809131575644107,43,interleaved
43073,73,14,0.0844189597339253,0.6352065389680727,43,interleaved
43074,74,25,0.5954691742237298,0.7001259576494643,43,interleaved
43075,75,23,0.6869520927435525,0.765118142160857,43,interleaved
43076,76,25,0.2612612078646717,0.6622117238536742,43,interleaved
43077,77,25,0.22061913595424198,0.6702011808521671,43,interleaved
43078,78,25,0.674307279887519,0.5925117882472687,43,interleaved
43079,79,25,0.30319503919554436,0.5199774168403594,43,interleaved
43080,80,14,0.44929391138059543,0.4480120828495972,43,interleaved
43081,81,25,0.33105638784972113,0.5678848636523123,43,interleaved
43082,82,25,0.7974492681468444,0.4103049635047225,43,interleaved
43083,83,25,0.18937456454058973,0.5732665480708286,43,interleaved
43084,84,14,0.4546526825741873,0.6817353195756465,43,interleaved
43085,85,14,0.04561379435345405,0.6041772125992741,43,interleaved
43086,86,25,0.1062882957365086,0.5203550876834128,43,interleaved
43087,87,25,0.2533552964055276,0.6578711794549701,43,interleaved
43088,88,25,0.7223492833311042,0.5514597095218436,43,interleaved
43089,89,25,0.7701536494164173,0.5299838263730345,43,interleaved
43090,90,25,0.13603455541929738,0.47081863301793064,43,interleaved
43091,91,25,0.6690613012883029,0.4155840233493232,43,interleaved
43092,92,25,0.5962029317097648,0.6404625142741251,43,interleaved
43093,93,25,0.4345296228705114,0.30576733895678326,43,interleaved
43094,94,25,0.15778397450720305,0.48871124077620287,43,interleaved
43095,95,25,0.2937289087338812,0.585962832007605,43,interleaved
43096,96,25,0.828568255028758,0.3744555328564765,43,interleaved
43097,97,25,0.4097061243198122,0.5130103990841248,43,interleaved
43098,98,25,0.8047482327622024,0.5139184847847666,43,interleaved
43099,99,25,0.48357223842109304,0.41822347647587926,43,interleaved
43100,100,25,0.8181310336613872,0.3967527261814466,43,interleaved
43101,101,25,0.657038566957963,0.5786607318169281,43,interleaved
43102,102,25,0.21651549300921313,0.6763870876576104,43,interleaved
43103,103,25,0.4622125815562932,0.42615448749093154,43,interleaved
43104,104,25,0.1347776282879259,0.6067309592672718,43,interleaved
43105,105,25,0.636216749069244,0.40962205883489666,43,interleaved
43106,106,25,0.7226550831602578,0.35033321501940495,43,interleaved
43107,107,25,0.3820942684789088,0.5125640763276395,43,interleaved
43108,108,25,0.2023519423158423,0.41555422426547173,43,interleaved
43109,109,25,0.6468546538526527,0.42032631036649887,43,interleaved
43110,110,25,0.6473095960883931,0.46566779408840814,43,interleaved
43111,111,25,0.18027117443012652,0.5818929539495135,43,interleaved
43112,112,25,0.18845206285684385,0.5119264573557873,43,interleaved
43113,113,25,0.6012648024745779,0.3949949287320058,43,interleaved
43114,114,25,0.6866702145961965,0.48125674807439944,43,interleaved
43115,115,25,0.6720278440464648,0.39577920220096435,43,interleaved
43116,116,25,0.17093764719225896,0.4442137152992215,43,interleaved
43117,117,25,0.5180417279309066,0.5058162213778384,43,interleaved
43118,118,25,0.7365630616114722,0.3899198899786391,43,interleaved
43119,119,25,0.4218969907462965,0.6126032396607552,43,interleaved
43120,120,25,0.7016445761712327,0.4396054407086154,43,interleaved
43121,121,25,0.4406443613407205,0.47707591610625605,43,interleaved
43122,122,25,0.7733062159548162,0.2998257336634489,43,interleaved
43123,123,25,0.6172882867782754,0.39086133598992934,43,interleaved
43124,124,25,0.1522143191985,0.5151524954353786,43,interleaved
43125,125,25,0.4998969112818541,0.5874908059662498,43,interleaved
43126,126,25,0.7966207426420746,0.39836850273358976,43,interleaved
43127,127,25,0.5426648910786829,0.4774697871161223,43,interleaved
43128,128,25,0.8241551742384523,0.44697981788435803,43,interleaved
43129,129,25,0.6092319554423228,0.32319162769037746,43,interleaved
43130,130,25,0.1344695819975364,0.5184556312249797,43,interleaved
43131,131,25,0.6039096271129382,0.4853119017518015,43,interleaved
43132,132,25,0.6485020253023189,0.5709085796027847,43,interleaved
43133,133,25,0.7008859182747957,0.3162988494930167,43,interleaved
43134,134,25,0.12656735469787642,0.4832134788529952,43,interleaved
43135,135,25,0.5469243348266315,0.3531814676395353,43,interleaved
43136,136,25,0.24912731242667294,0.3193580967571036,43,interleaved
43137,137,25,0.5272616588353018,0.49624457016259216,43,interleaved
43138,138,25,0.7348021690345267,0.41616144618393025,43,interleaved
43139,139,25,0.6101518153353693,0.5468541579190629,43,interleaved
43140,140,25,0.19453930132497396,0.5254217828468801,43,interleaved
43141,141,25,0.5643562809173195,0.5531792803161562,43,interleaved
43142,142,25,0.723365316540886,0.43823240747768755,43,interleaved
43143,143,25,0.41115772975432063,0.4610619227757017,43,interleaved
43144,144,25,0.26214446554631304,0.45176038385043304,43,interleaved
43145,145,25,0.32569559394191694,0.441594196860869,43,interleaved
43146,146,25,0.7131012159317311,0.29586398080355336,43,interleaved
43147,147,25,0.56889624023456,0.35731738615164155,43,interleaved
43148,148,25,0.18140067249766129,0.5763797099373461,43,interleaved
43149,149,25,0.39772297753214797,0.39667329737676627,43,interleaved
43150,150,25,0.2846885991369007,0.5535215082715434,43,interleaved
43151,151,25,0.538864133130736,0.46196766023342806,43,interleaved
43152,152,25,0.6231371246050309,0.4885771504383377,43,interleaved
43153,153,25,0.45169609709154296,0.38428036411105004,43,interleaved
43154,154,25,0.6717636081209388,0.45365665920808124,43,interleaved
43155,155,25,0.503460773402722,0.4500289358884959,43,interleaved
43156,156,25,0.27160814803906047,0.38694609670242225,43,interleaved
43157,157,25,0.6307710755895535,0.4981862989532372,43,interleaved
43158,158,25,0.21519231729013713,0.43967764720230784,43,interleaved
43159,159,25,0.502061923669683,0.4902442772688619,43,interleaved
43160,160,25,0.15998375565567907,0.45632409072692903,43,interleaved
43161,161,25,0.6934180940869341,0.5393186583829983,43,interleaved
43162,162,25,0.6823523874511206,0.41203384712698377,43,interleaved
43163,163,25,0.40914594209562305,0.4257280150273622,43,interleaved
43164,164,25,0.627946375894743,0.3939478472686119,43,interleaved
43165,165,25,0.6174441106792227,0.4647968749009965,43,interleaved
43166,166,14,0.5010383359170643,0.6083503676348061,43,interleaved
43167,167,25,0.36989954306577827,0.5034529994731554,43,interleaved
43168,168,25,0.6483290189985763,0.3753279172458822,43,interleaved
43169,169,25,0.6562973303582651,0.4768728082193355,43,interleaved
43170,170,25,0.777392897410264,0.44710600835267866,43,interleaved
43171,171,25,0.2102487767189113,0.47161523196043736,43,interleaved
43172,172,25,0.5840228375821814,0.5014322604960829,43,interleaved
43173,173,25,0.7824595976692585,0.32905435099630465,43,interleaved
43174,174,25,0.2890528239767892,0.46168686835844985,43,interleaved
43175,175,25,0.2913797467032186,0.4768283473922843,43,interleaved
43176,176,14,0.11644066530048881,0.6381829889954707,43,interleaved
43177,177,25,0.6954525960498515,0.33208074122967934,43,interleaved
43178,178,25,0.27425587205452356,0.5422295949630505,43,interleaved
43179,179,25,0.7619183263075849,0.3976184017730075,43,interleaved
43180,180,25,0.45291445418959303,0.4875514331579067,43,interleaved
43181,181,25,0.5287870642962118,0.4744248735456722,43,interleaved
43182,182,25,0.1488324603691823,0.5609062284204647,43,interleaved
43183,183,25,0.6247638721998279,0.4505993717935472,43,interleaved
43184,184,25,0.8330580245616507,0.37922881583171814,43,interleaved
43185,185,25,0.5883021250697985,0.36685682375155276,43,interleaved
43186,186,25,0.31780331396570394,0.5892639766666041,43,interleaved
43187,187,25,0.7062786656223752,0.5689968235252976,43,interleaved
43188,188,25,0.2975302988583838,0.4694975317753681,43,interleaved
43189,189,25,0.8339997605405794,0.5250083292871395,43,interleaved
43190,190,25,0.8171693192599185,0.3559204083157217,43,interleaved
43191,191,25,0.4159572336381921,0.4030467713146787,43,interleaved
43192,192,25,0.5376109971201521,0.447300309102058,43,interleaved
43193,193,25,0.5337129434880106,0.4088786120372718,43,interleaved
43194,194,25,0.3568136631765608,0.30423047650453783,43,interleaved
43195,195,25,0.06396134611826713,0.5828171602671967,43,interleaved
43196,196,25,0.19769262426568093,0.4270639546906042,43,interleaved
43197,197,14,0.3696725381188245,0.5113028016284094,43,interleaved
43198,198,25,0.33142374973019983,0.5646493289497958,43,interleaved
43199,199,25,0.216317656435188,0.3940323888040571,43,interleaved
43200,0,0,0.8766200528172319,0.7524933879379099,43,blocked
43201,1,0,0.8112123212227778,0.5318717219624225,43,blocked
43202,2,0,0.2574437702417085,0.5151500788845552,43,blocked
43203,3,1,0.3180717546327466,0.7402458483077425,43,blocked
43204,4,0,0.10549718412806554,0.6262906369234343,43,blocked
43205,5,0,0.6945161376934816,0.44344129415163125,43,blocked
43206,6,0,0.2789769424778077,0.6493094451672592,43,blocked
43207,7,0,0.2791547357229175,0.5927195063271833,43,blocked
43208,8,0,0.2050330837404679,0.6501645231705113,43,blocked
43209,9,0,0.22049912367977398,0.6569161229304226,43,blocked
43210,10,0,0.8734578744026356,0.5144005065698276,43,blocked
43211,11,0,0.24428571454515047,0.5291238827527045,43,blocked
43212,12,0,0.3630927865906199,0.507520599292445,43,blocked
43213,13,0,0.7284914578002603,0.3824433530239265,43,blocked
43214,14,0,0.7084771672109531,0.5401843088683599,43,blocked
43215,15,0,0.12237372960543628,0.6402297603282743,43,blocked
43216,16,0,0.6324588427315738,0.5536296309027979,43,blocked
43217,17,0,0.13646519929023052,0.6172281072868844,43,blocked
43218,18,0,0.13177037577331815,0.6336478014297744,43,blocked
43219,19,0,0.1569598374879463,0.4999681506808704,43,blocked
43220,20,0,0.7634478691004591,0.41173274530990145,43,blocked
43221,21,0,0.29055136217468,0.4984664002039052,43,blocked
43222,22,0,0.22667734298272083,0.5581289001603508,43,blocked
43223,23,0,0.1448634145698166,0.5647309750784638,43,blocked
43224,24,0,0.6271265870147243,0.49522551765524025,43,blocked
43225,25,0,0.1931657160736242,0.41003924526287083,43,blocked
43226,26,0,0.6988953233647743,0.5504570718417484,43,blocked
43227,27,0,0.482673382112601,0.4456387709496988,43,blocked
43228,28,0,0.7379785346292428,0.4603659931454764,43,blocked
43229,29,0,0.28769304803797224,0.37872187675308777,43,blocked
43230,30,0,0.3023607617095801,0.2972821835456928,43,blocked
43231,31,0,0.39531730322707453,0.5049408829060272,43,blocked
43232,32,0,0.745206899600675,0.6094827880526046,43,blocked
43233,33,0,0.2371014691370089,0.5487469031542962,43,blocked
43234,34,0,0.7683716216194592,0.4941720102249381,43,blocked
43235,35,0,0.29575073505888144,0.5366402794185396,43,blocked
43236,36,0,0.3135985004290601,0.5229208887414388,43,blocked
43237,37,0,0.6590498121178219,0.5378445227039699,43,blocked
43238,38,0,0.2096336301231373,0.46416305327463486,43,blocked
43239,39,0,0.22325759238758214,0.5444198557981678,43,blocked
43240,40,0,0.48609432481428216,0.44092579581489,43,blocked
43241,41,0,0.40201239148210355,0.41857920490565226,43,blocked
43242,42,0,0.35763633535946604,0.42230589404145913,43,blocked
43243,43,0,0.38201980159737,0.5094150629060368,43,blocked
43244,44,0,0.6096159823416633,0.41234852607072214,43,blocked
43245,45,0,0.24128429234540538,0.49884414550753076,43,blocked
43246,46,0,0.5376056985699299,0.443952336510532,43,blocked
43247,47,0,0.38485028528346515,0.5828431123255859,43,blocked
43248,48,0,0.6167692262583108,0.4567182671122022,43,blocked
43249,49,0,0.293657333493434,0.4443670388053327,43,blocked
43250,50,0,0.2685390690921902,0.4173196790800575,43,blocked
43251,51,0,0.5913322066500061,0.3738506926672762,43,blocked
43252,52,0,0.2402719475612403,0.5614214534862191,43,blocked
43253,53,0,0.6325883872246816,0.4022566187540021,43,blocked
43254,54,0,0.5380584115012286,0.5809139001501586,43,blocked
43255,55,0,0.40669027636108634,0.41371194326584987,43,blocked
43256,56,0,0.5872353555567817,0.43922324950628,43,blocked
43257,57,0,0.34166550540935414,0.39925308989390795,43,blocked
43258,58,0,0.3200871982889431,0.42089962554856997,43,blocked
43259,59,0,0.743952208510954,0.4978901181213857,43,blocked
43260,60,0,0.36096308113252823,0.5353585770570098,43,blocked
43261,61,0,0.8173707206105678,0.5784879788526522,43,blocked
43262,62,0,0.6117614505793607,0.5480412588976069,43,blocked
43263,63,0,0.7310866554360143,0.3491990711551301,43,blocked
43264,64,0,0.3874455970107654,0.5123266405233395,43,blocked
43265,65,0,0.2858558926697356,0.39284716908415185,43,blocked
43266,66,0,0.2890948627257187,0.38888429785221795,43,blocked
43267,67,0,0.23412347040236173,0.42928014867482456,43,blocked
43268,68,0,0.2426180345426261,0.5161647752685415,43,blocked
43269,69,0,0.6929136359794046,0.49211700985518636,43,blocked
43270,70,0,0.672873172355122,0.4609705655181887,43,blocked
43271,71,0,0.30123521295979033,0.5156395594732202,43,blocked
43272,72,0,0.7798506141957702,0.4120217618325014,43,blocked
43273,73,0,0.2895752029967934,0.4492387362178387,43,blocked
43274,74,0,0.28585237067532066,0.4603384492761531,43,blocked
43275,75,0,0.3160933646733265,0.44833612516825866,43,blocked
43276,76,0,0.720014544097769,0.46987985868716287,43,blocked
43277,77,0,0.2604534685588977,0.3309690506837724,43,blocked
43278,78,0,0.2154345272161961,0.34761906658747765,43,blocked
43279,79,0,0.8430557710367104,0.4803279244056089,43,blocked
43280,80,0,0.33048700483124727,0.4707622429155091,43,blocked
43281,81,0,0.42744755303037624,0.38919252717084185,43,blocked
43282,82,0,0.33496636822287534,0.3974567781262206,43,blocked
43283,83,0,0.5659850252124184,0.5002962145645066,43,blocked
43284,84,0,0.3481595089973464,0.4364592243583585,43,blocked
43285,85,0,0.501654323241657,0.444741018788796,43,blocked
43286,86,0,0.5746657095797637,0.38769403947363523,43,blocked
43287,87,0,0.6332419802701659,0.43623823389214467,43,blocked
43288,88,0,0.32670337578298225,0.4059862871746629,43,blocked
43289,89,0,0.45638230037707095,0.361736749225563,43,blocked
43290,90,0,0.5429266287521067,0.41617529568784295,43,blocked
43291,91,0,0.4772458688388749,0.521036564476282,43,blocked
43292,92,0,0.49558984847962134,0.5154094616844958,43,blocked
43293,93,0,0.6481941544906562,0.5405539996286579,43,blocked
43294,94,0,0.33024347870731996,0.4099746490573574,43,blocked
43295,95,0,0.23839038677820043,0.40997536008594987,43,blocked
43296,96,0,0.7291310427185673,0.3771527689859431,43,blocked
43297,97,0,0.7136864506001225,0.44034481740246917,43,blocked
43298,98,0,0.6945849127972483,0.5127900390840441,43,blocked
43299,99,0,0.5746583152755713,0.5354152632427746,43,blocked
43300,100,0,0.715094229117055,0.36071684436721796,43,blocked
43301,101,0,0.7126679020768851,0.37332251449092224,43,blocked
43302,102,0,0.7159580018173338,0.3427188671774679,43,blocked
43303,103,0,0.7811661727289037,0.422238796313255,43,blocked
43304,104,0,0.24847057188034655,0.36240697264471256,43,blocked
43305,105,0,0.717975786889641,0.327918276269646,43,blocked
43306,106,0,0.34997915330124757,0.40302755639079424,43,blocked
43307,107,0,0.7565565522498073,0.40204113625365145,43,blocked
43308,108,0,0.5871993102071971,0.5406273449665177,43,blocked
43309,109,0,0.6457174723794108,0.40876071596727725,43,blocked
43310,110,0,0.6569975702622123,0.3135292593731024,43,blocked
43311,111,0,0.4370516180092522,0.3791582833066134,43,blocked
43312,112,0,0.4299973290683966,0.45780812344104793,43,blocked
43313,113,0,0.4372478785033549,0.40169393422567484,43,blocked
43314,114,0,0.6368339798399368,0.39401231172792384,43,blocked
43315,115,0,0.5973218694292108,0.39870741330431003,43,blocked
43316,116,0,0.5867370125402831,0.3502243991752081,43,blocked
43317,117,0,0.40744391215049564,0.45914547683628915,43,blocked
43318,118,0,0.6297616023455533,0.3935272773961608,43,blocked
43319,119,0,0.2874315649879943,0.42107637721695107,43,blocked
43320,120,0,0.7084862305574731,0.3887532535413074,43,blocked
43321,121,0,0.482055511487814,0.3596851483370507,43,blocked
43322,122,0,0.5478027759489433,0.35507621201377415,43,blocked
43323,123,0,0.34283826848936866,0.4384120312077894,43,blocked
43324,124,0,0.3261471954984704,0.4929942081002305,43,blocked
43325,125,0,0.615849306788523,0.44346921243402504,43,blocked
43326,126,0,0.6838455571281756,0.34907968840262815,43,blocked
43327,127,0,0.23045235537984293,0.3630597357896147,43,blocked
43328,128,0,0.7199135591358035,0.3767811092382901,43,blocked
43329,129,0,0.37178997906968025,0.4291278753828035,43,blocked
43330,130,0,0.5254679941288534,0.45561319808076006,43,blocked
43331,131,0,0.3345676580311244,0.4870564396671149,43,blocked
43332,132,0,0.6507915133851211,0.4341200380809514,43,blocked
43333,133,0,0.35531415653931575,0.3992297933114044,43,blocked
43334,134,0,0.37460477178767226,0.511010737477424,43,blocked
43335,135,0,0.28639185077858753,0.3461019377902329,43,blocked
43336,136,0,0.27286210152929163,0.4445998421128873,43,blocked
43337,137,0,0.34868933800095037,0.3583334672756224,43,blocked
43338,138,0,0.41768633754069984,0.3269365811399626,43,blocked
43339,139,0,0.5345250162928896,0.38090647518515247,43,blocked
43340,140,0,0.5126686439392734,0.4557691444936956,43,blocked
43341,141,0,0.3974166118003133,0.48198303658651126,43,blocked
43342,142,0,0.7147123702169005,0.36088038215849183,43,blocked
43343,143,0,0.2926347543915864,0.49408527909139943,43,blocked
43344,144,0,0.6962739573915612,0.4425937309286316,43,blocked
43345,145,0,0.5869751314313325,0.504502261145119,43,blocked
43346,146,0,0.7216755845960119,0.31577067970821815,43,blocked
43347,147,0,0.20939617337559235,0.45971676931978067,43,blocked
43348,148,0,0.36061800313884795,0.36888604238193257,43,blocked
43349,149,0,0.2142765146543967,0.4315746765103986,43,blocked
43350,150,0,0.6566763616118858,0.49387885209909177,43,blocked
43351,151,0,0.2310448540788871,0.4520192097293369,43,blocked
43352,152,0,0.7855515250788299,0.39718188338511123,43,blocked
43353,153,0,0.27681610642862686,0.41491179762061203,43,blocked
43354,154,0,0.34568413851787094,0.4542432084509649,43,blocked
43355,155,0,0.6914933735738323,0.33981847647871555,43,blocked
43356,156,0,0.32690477577471055,0.4093131018680666,43,blocked
43357,157,0,0.674843664491743,0.4971519026420451,43,blocked
43358,158,0,0.24115097966422847,0.5485331360128327,43,blocked
43359,159,0,0.8026771312144005,0.4497348197122433,43,blocked
43360,160,0,0.23316562556435796,0.34594530103930454,43,blocked
43361,161,0,0.5865329921474587,0.3411703498584123,43,blocked
43362,162,0,0.16182344101400867,0.6012787164633003,43,blocked
43363,163,0,0.20814081264104647,0.4500458635082252,43,blocked
43364,164,0,0.740481947414035,0.39903923532399377,43,blocked
43365,165,0,0.7678011365811421,0.4348969467397896,43,blocked
43366,166,0,0.78006973763287,0.35527628229305847,43,blocked
43367,167,0,0.3265867337771678,0.47181991682317204,43,blocked
43368,168,0,0.4458787747614916,0.48057571570865903,43,blocked
43369,169,0,0.38193016055801376,0.39641770769875523,43,blocked
43370,170,0,0.34960772251029326,0.4474478846930287,43,blocked
43371,171,0,0.6928002840653289,0.4356950762510733,43,blocked
43372,172,0,0.2937865141446176,0.44557456991785616,43,blocked
43373,173,0,0.3542493270608159,0.4246372190470667,43,blocked
43374,174,0,0.24693076256960483,0.49441543187598125,43,blocked
43375,175,0,0.5549937552992464,0.2889785350027343,43,blocked
43376,176,0,0.5473473674549384,0.48173326437215436,43,blocked
43377,177,0,0.3549024022510104,0.5869944496357462,43,blocked
43378,178,0,0.5266912768991889,0.3082717316896198,43,blocked
43379,179,0,0.41159277673775474,0.3921782269714464,43,blocked
43380,180,0,0.6525642946590262,0.2929979067840591,43,blocked
43381,181,0,0.6876326845823487,0.5418699138264513,43,blocked
43382,182,0,0.7178901166557864,0.4782494305225389,43,blocked
43383,183,0,0.5247430576073842,0.43758557541159204,43,blocked
43384,184,0,0.42127345710599573,0.3998796279560092,43,blocked
43385,185,0,0.6100709998290689,0.3663402640860913,43,blocked
43386,186,0,0.29052790498163095,0.4383596842919958,43,blocked
43387,187,0,0.30808579654200213,0.4390065861508543,43,blocked
43388,188,0,0.7212596765267152,0.3715162276548175,43,blocked
43389,189,0,0.5682396272309498,0.4131381662862492,43,blocked
43390,190,0,0.3324431231252622,0.3311954230745061,43,blocked
43391,191,0,0.5429661952831883,0.3843016234479153,43,blocked
43392,192,0,0.2776587210473179,0.33693431028362975,43,blocked
43393,193,0,0.48961432690339823,0.38943222859579396,43,blocked
43394,194,0,0.5033628076274277,0.3416783687952377,43,blocked
43395,195,0,0.6916091821328687,0.5283475366867922,43,blocked
43396,196,0,0.7261174909869199,0.350613070563106,43,blocked
43397,197,0,0.6878549752206415,0.3794117384420512,43,blocked
43398,198,0,0.4684796476041466,0.30628578779247706,43,blocked
43399,199,0,0.14516740642179676,0.5182290251859357,43,blocked
43400,0,0,0.7442047006683477,0.5945617140939203,43,early
43401,1,0,0.10355888084548309,0.6661860861531969,43,early
43402,2,0,0.44869502945202144,0.596825651656413,43,early
43403,3,0,0.3668257114103487,0.5546142485322552,43,early
43404,4,0,0.792675279455755,0.5233557094483087,43,early
43405,5,0,0.24609778870450139,0.5153455846021986,43,early
43406,6,0,0.5990850276069979,0.5167305381120993,43,early
43407,7,0,0.6319335461919479,0.5746679031103976,43,early
43408,8,0,0.6705149541520237,0.4056651298432676,43,early
43409,9,0,0.6789591833696794,0.4807052949626987,43,early
43410,10,0,0.5715897063504831,0.4245027712562493,43,early
43411,11,0,0.5612247159843107,0.3891280429508236,43,early
43412,12,0,0.2394422970904586,0.5076643901336216,43,early
43413,13,0,0.11252658574695466,0.508369155389349,43,early
43414,14,0,0.4658218624383458,0.4287196182912717,43,early
43415,15,0,0.2888041078229898,0.388392829040102,43,early
43416,16,0,0.837192880101137,0.4702853691368919,43,early
43417,17,0,0.07888296717223739,0.5888422075990165,43,early
43418,18,0,0.4561776825128522,0.6616915666407641,43,early
43419,19,0,0.21097828835338717,0.6373232110677802,43,early
43420,20,0,0.3106212786648441,0.4857782120090367,43,early
43421,21,0,0.19215341474957987,0.3504311771334584,43,early
43422,22,0,0.3206857037086063,0.4871261932545276,43,early
43423,23,0,0.41644242653091396,0.35779815522555003,43,early
43424,24,0,0.7723274634552064,0.5614396291537906,43,early
43425,25,0,0.3025691859928412,0.5311031858315032,43,early
43426,26,0,0.8851799693739906,0.3845288075579151,43,early
43427,27,0,0.19125117793588364,0.475649784392543,43,early
43428,28,0,0.4372629150104862,0.41508214479974015,43,early
43429,29,0,0.4670725631953916,0.33220098661218816,43,early
43430,30,0,0.7477808534973513,0.5596002760314114,43,early
43431,31,0,0.13647081297439895,0.5495651391800014,43,early
43432,32,0,0.38585524937396426,0.4660967822550173,43,early
43433,33,0,0.3112439249626201,0.4140503344637289,43,early
43434,34,0,0.5423342347815918,0.346546718422728,43,early
43435,35,0,0.49853724346761924,0.3282637024245638,43,early
43436,36,0,0.1920488399856473,0.3798846702924511,43,early
43437,37,0,0.14626317102820766,0.5666960883005352,43,early
43438,38,0,0.15105083158760568,0.5427656107732066,43,early
43439,39,0,0.37147290238958286,0.33965081210613723,43,early
43440,40,0,0.5100777518466071,0.49646112658253555,43,early
43441,41,0,0.4890341721388974,0.5110520085643354,43,early
43442,42,0,0.5991204470451306,0.41597299470911775,43,early
43443,43,0,0.5731537803428999,0.3796993087773943,43,early
43444,44,0,0.42910214861541496,0.5499033845202622,43,early
43445,45,0,0.5476162025056283,0.42069895146795433,43,early
43446,46,0,0.643399316153629,0.5776173179936708,43,early
43447,47,0,0.6028759069085273,0.4582416882780737,43,early
43448,48,0,0.4710079843273044,0.3104115167601813,43,early
43449,49,0,0.46846237985172146,0.37859871541994605,43,early
43450,50,0,0.31040464978328325,0.4147075423583827,43,early
43451,51,0,0.4095129309007064,0.6105130487634447,43,early
43452,52,0,0.728649102948305,0.5700367996713293,43,early
43453,53,0,0.42302633685075763,0.43246679797412446,43,early
43454,54,0,0.7308480621329257,0.37686727229651207,43,early
43455,55,0,0.6457758626627345,0.4512670929417849,43,early
43456,56,0,0.6512840576669556,0.3448251499642375,43,early
43457,57,0,0.20287483441033693,0.2886462471263549,43,early
43458,58,0,0.7415601278910942,0.461564055976752,43,early
43459,59,0,0.39348070469534235,0.5280946523138196,43,early
43460,60,0,0.8115425726383142,0.41334656685477555,43,early
43461,61,0,0.7228725289088183,0.3844112967530807,43,early
43462,62,0,0.6559447525746935,0.362990357325477,43,early
43463,63,0,0.6552697296513514,0.23878878819519705,43,early
43464,64,0,0.6728881785224623,0.4275369227574879,43,early
43465,65,0,0.42846280669089076,0.4294233601987155,43,early
43466,66,0,0.8129685165076399,0.4864585398994047,43,early
43467,67,0,0.6277189916113733,0.4504948331934141,43,early
43468,68,0,0.804264882066329,0.4009032625385034,43,early
43469,69,0,0.29444965169054926,0.33494151673126094,43,early
43470,70,0,0.7224861834947058,0.39195479014279866,43,early
43471,71,0,0.3364276474230661,0.4839701757907011,43,early
43472,72,0,0.2966425975022264,0.4113375058865405,43,early
43473,73,0,0.3162945976993243,0.5746178567496136,43,early
43474,74,0,0.7159112454128119,0.3956476444634389,43,early
43475,75,0,0.36942076581706446,0.4352503846243287,43,early
43476,76,0,0.42065810573020046,0.5185746348355074,43,early
43477,77,0,0.7614396149843319,0.3472596205583808,43,early
43478,78,0,0.7852107381275527,0.48541961200090666,43,early
43479,79,0,0.18915660168044202,0.31627510615313414,43,early
43480,80,0,0.268191246647828,0.5395461112165747,43,early
43481,81,0,0.7686061516619741,0.4241037687306071,43,early
43482,82,0,0.3140524693648609,0.5802815214017998,43,early
43483,83,0,0.34156499603460116,0.4076522777010017,43,early
43484,84,0,0.7020643861770175,0.4713440952943895,43,early
43485,85,0,0.23522460536941808,0.4992986040901948,43,early
43486,86,0,0.12066657558204752,0.36553213877262597,43,early
43487,87,0,0.7620957616980601,0.4042113750109932,43,early
43488,88,0,0.456119618343831,0.31929183862280397,43,early
43489,89,0,0.19699424738958704,0.5162871381325501,43,early
43490,90,0,0.06850454520363797,0.5703711361056814,43,early
43491,91,0,0.7560204544631912,0.47355572614210384,43,early
43492,92,0,0.30973089806804593,0.44767912308922164,43,early
43493,93,0,0.652285675331624,0.32489034368501807,43,early
43494,94,0,0.38583375192991054,0.3459812467114203,43,early
43495,95,0,0.18523118116095155,0.3361021398086259,43,early
43496,96,0,0.4153141182843114,0.4403687147995675,43,early
43497,97,0,0.6742382153144906,0.4775315193774099,43,early
43498,98,0,0.4709927765355598,0.5157765804779775,43,early
43499,99,0,0.3452634191006695,0.4611223982706564,43,early
43500,100,0,0.5657729584068273,0.46622856264193246,43,early
43501,101,0,0.496872014419092,0.5764026658976411,43,early
43502,102,0,0.15035160337531472,0.5484287063747173,43,early
43503,103,0,0.643491328412042,0.42991956029358236,43,early
43504,104,0,0.6641131916094813,0.3642680413841756,43,early
43505,105,0,0.5964923060340928,0.33412346355363703,43,early
43506,106,0,0.5019886143365313,0.4693609429405158,43,early
43507,107,0,0.6975240385667277,0.39288721393124837,43,early
43508,108,0,0.7423034434971989,0.4587062164017006,43,early
43509,109,0,0.6916026851049676,0.6304410965250362,43,early
43510,110,0,0.6752741472072031,0.28600329965997384,43,early
43511,111,0,0.45036443160284567,0.5136725487576497,43,early
43512,112,0,0.4175230045822337,0.3870522149667238,43,early
43513,113,0,0.20395442929799862,0.39450045269089384,43,early
43514,114,0,0.6107084438756254,0.40716204333558925,43,early
43515,115,0,0.354176583260009,0.33007333082849566,43,early
43516,116,0,0.5680888881690423,0.39311315110676137,43,early
43517,117,0,0.4307962908563693,0.4080446957689834,43,early
43518,118,0,0.30399968714500486,0.3539195859527473,43,early
43519,119,0,0.4236176649470418,0.4370730254403712,43,early
43520,120,0,0.45047446865633334,0.45304817556832916,43,early
43521,121,0,0.6596027960585416,0.41417776550395125,43,early
43522,122,0,0.4776654739574926,0.44363949032039196,43,early
43523,123,0,0.7432266701518498,0.41038454360865745,43,early
43524,124,0,0.4226625890622973,0.46037619616817443,43,early
43525,125,0,0.2867565394143259,0.49311057132442054,43,early
43526,126,0,0.4711334038701413,0.3803075571674941,43,early
43527,127,0,0.421294820282339,0.3550828722791264,43,early
43528,128,0,0.3087576327566879,0.4651000830229315,43,early
43529,129,0,0.5799048359458308,0.5348149612133106,43,early
43530,130,0,0.5938262853020058,0.47982025028950415,43,early
43531,131,0,0.37889095122083244,0.36304967774682695,43,early
43532,132,0,0.5860079577705309,0.3225775837760496,43,early
43533,133,0,0.6087616705084496,0.3217104386530016,43,early
43534,134,0,0.23067332260877477,0.4483407400300793,43,early
43535,135,0,0.671857560100573,0.3378508988183359,43,early
43536,136,0,0.41890616334061814,0.31468252710054195,43,early
43537,137,0,0.7507125573379347,0.34497540010052963,43,early
43538,138,0,0.2373657997447879,0.46672108039630633,43,early
43539,139,0,0.3539206427603202,0.3431313563336863,43,early
43540,140,0,0.35063254406566324,0.518702429671737,43,early
43541,141,0,0.7841454133921275,0.4400321352675469,43,early
43542,142,0,0.6432959499005073,0.38372573070678706,43,early
43543,143,0,0.3365733863091156,0.6045457537535568,43,early
43544,144,0,0.701360359303127,0.3117091440849036,43,early
43545,145,0,0.3608804036189922,0.4494691545949695,43,early
43546,146,0,0.20931448872764477,0.35843039861374726,43,early
43547,147,0,0.6078613544098106,0.5145495519534713,43,early
43548,148,0,0.3393151620186578,0.46935862462130995,43,early
43549,149,0,0.8026301685768855,0.4292892317460888,43,early
43550,150,0,0.4474651636795961,0.4573629734920849,43,early
43551,151,0,0.824619099260103,0.32710900739275495,43,early
43552,152,0,0.2893478062800229,0.4459613023105662,43,early
43553,153,0,0.32855888876504613,0.5326376529957952,43,early
43554,154,0,0.45315889220342714,0.4007201643696356,43,early
43555,155,0,0.688477844340174,0.32723600082147897,43,early
43556,156,0,0.3037852817859297,0.44922719477973616,43,early
43557,157,0,0.8138353617238161,0.2909966813174178,43,early
43558,158,0,0.23001281263236628,0.5450889377230979,43,early
43559,159,0,0.8921579420617918,0.3947610993016861,43,early
43560,160,0,0.3786106770514779,0.38500534723799307,43,early
43561,161,0,0.4131783644515143,0.5758192939455498,43,early
43562,162,0,0.6291421465510026,0.3772015548867584,43,early
43563,163,0,0.6020378399577022,0.44693556821325153,43,early
43564,164,0,0.42821656851092726,0.3361473524029784,43,early
43565,165,0,0.5669990060342579,0.5165283157444852,43,early
43566,166,0,0.4376443681651473,0.3734669508545463,43,early
43567,167,0,0.3919228708878991,0.45179841417962374,43,early
43568,168,0,0.6111295039834547,0.4914964138756024,43,early
43569,169,0,0.48669895475600733,0.34362846334132524,43,early
43570,170,0,0.46331151182356833,0.5168040022691771,43,early
43571,171,0,0.3689454552781125,0.5255668863693141,43,early
43572,172,0,0.39510119702017876,0.38544862911279604,43,early
43573,173,0,0.7313520399067548,0.35941551867706834,43,early
43574,174,0,0.5300840829771574,0.30945410035628534,43,early
43575,175,0,0.2504246365218458,0.4771523259940456,43,early
43576,176,0,0.30342343988696974,0.30882950646686536,43,early
43577,177,0,0.4400999407707926,0.3943772693086025,43,early
43578,178,0,0.2808086061044216,0.3064576078696114,43,early
43579,179,0,0.3576447665312207,0.5361321008938496,43,early
43580,180,0,0.8043811248216397,0.2733606110647025,43,early
43581,181,0,0.5839490835490372,0.45447639185738686,43,early
43582,182,0,0.2967331011212615,0.30614872430023005,43,early
43583,183,0,0.6483638468285837,0.5275387696654745,43,early
43584,184,0,0.5055546663570425,0.3827827063355325,43,early
43585,185,0,0.5484613390388622,0.40525964014077787,43,early
43586,186,0,0.5641028434734408,0.3837920296804167,43,early
43587,187,0,0.6288526156928718,0.43267657075320515,43,early
43588,188,0,0.48894103142428647,0.5133573555506132,43,early
43589,189,0,0.6247811674745173,0.4493589372726419,43,early
43590,190,0,0.2401127381552829,0.32006550388494004,43,early
43591,191,0,0.3939489356950699,0.41528596109943694,43,early
43592,192,0,0.3311324697083151,0.5179107654992341,43,early
43593,193,0,0.38096943129986943,0.40701420768360974,43,early
43594,194,0,0.34312888303424155,0.37449538591679754,43,early
43595,195,0,0.3489118178398868,0.2780879601125276,43,early
43596,196,0,0.4194680860250675,0.48870567811617827,43,early
43597,197,0,0.5316398405525642,0.40483039058089376,43,early
43598,198,0,0.250258284588413,0.3923066858531499,43,early
43599,199,0,0.5715287950257439,0.5247236154186159,43,early
43600,0,0,0.04683453734655227,0.7940423185759391,43,middle
43601,1,1,0.5426491521098233,0.844375459555581,43,middle
43602,2,2,0.9102198127871182,1.288946415472966,43,middle
43603,3,3,0.22392479865727136,0.9534475164571418,43,middle
43604,4,4,0.02217415367913632,0.7143476125765758,43,middle
43605,5,4,0.5519492183325778,0.7260912819795099,43,middle
43606,6,5,0.8089442582054108,1.0316020310385976,43,middle
43607,7,0,0.48633026194743506,0.6200930411973344,43,middle
43608,8,0,0.058055835261931255,0.7556021917279234,43,middle
43609,9,0,0.46934307321218527,0.7148265981025703,43,middle
43610,10,0,0.9134046342651889,0.6639682650071684,43,middle
43611,11,0,0.42038385782707194,0.6025887744640654,43,middle
43612,12,0,0.9648877710011604,0.5381374319750585,43,middle
43613,13,0,0.5371352008879665,0.6005211335457408,43,middle
43614,14,0,0.25622732800676473,0.6108357648734881,43,middle
43615,15,0,0.8227021750485264,0.5658539134155084,43,middle
43616,16,0,0.7773179377119352,0.3880569942602131,43,middle
43617,17,0,0.6756402980710798,0.3915820873684258,43,middle
43618,18,0,0.9080853413085685,0.463081336518974,43,middle
43619,19,0,0.7418454872727138,0.4798555893814156,43,middle
43620,20,0,0.68096147649141,0.6053803060146095,43,middle
43621,21,0,0.6530055560467677,0.49638017079360053,43,middle
43622,22,0,0.7205742194964349,0.45367808627049,43,middle
43623,23,0,0.3917844795281739,0.5918351865822888,43,middle
43624,24,0,0.3368512189910182,0.6511919479834944,43,middle
43625,25,0,0.5906731208459428,0.5071450847575464,43,middle
43626,26,0,0.7401615630260926,0.5061776158308776,43,middle
43627,27,0,0.7676506386179396,0.5029049497381485,43,middle
43628,28,0,0.6668439939112765,0.4344496591435485,43,middle
43629,29,0,0.32625971483368504,0.409290455740574,43,middle
43630,30,0,0.25781716574474733,0.40302680346202935,43,middle
43631,31,0,0.1884484040627125,0.4140291433413773,43,middle
43632,32,0,0.4733579358896065,0.4431419595653695,43,middle
43633,33,0,0.24229602431935307,0.5432095279253359,43,middle
43634,34,0,0.555722105464323,0.41965094026991356,43,middle
43635,35,0,0.31008566000217036,0.6017529924201293,43,middle
43636,36,0,0.3649311070397686,0.451634298151205,43,middle
43637,37,0,0.6900686999245551,0.45458435451990264,43,middle
43638,38,0,0.40562840456806415,0.39085046422041514,43,middle
43639,39,0,0.20056349939031748,0.43776637223125003,43,middle
43640,40,0,0.5372709808203449,0.3438649560002939,43,middle
43641,41,0,0.4722884175869236,0.4227882748164337,43,middle
43642,42,0,0.5513451642169969,0.5470664559163883,43,middle
43643,43,0,0.37437840728611227,0.4147412273203145,43,middle
43644,44,0,0.6336733037127213,0.44937458198891334,43,middle
43645,45,0,0.7850929766962529,0.41885626466887255,43,middle
43646,46,0,0.7581573149569307,0.5198028487544386,43,middle
43647,47,0,0.4820604878885164,0.4033009408531895,43,middle
43648,48,0,0.3827113213410026,0.35954162644357757,43,middle
43649,49,0,0.7724941900848602,0.4151600469377311,43,middle
43650,50,0,0.7854855844097481,0.4978789425260862,43,middle
43651,51,0,0.6777335224050213,0.5225898209625479,43,middle
43652,52,0,0.7893838246216733,0.6736766415459353,43,middle
43653,53,0,0.6690610619899231,0.32394868184909087,43,middle
43654,54,0,0.6542022892380575,0.3335466757510276,43,middle
43655,55,0,0.6593315667159994,0.508801190742283,43,middle
43656,56,0,0.6897870628390372,0.48583784197685487,43,middle
43657,57,0,0.27693041966051857,0.5294438176578111,43,middle
43658,58,0,0.870600528690016,0.564965190430986,43,middle
43659,59,0,0.8035749751130368,0.35262044724063496,43,middle
43660,60,0,0.7433301176533565,0.35158046281846334,43,middle
43661,61,0,0.8223652615934234,0.4454434697052206,43,middle
43662,62,0,0.6729959010668567,0.4051470391219591,43,middle
43663,63,0,0.2279334204998719,0.37098464118016583,43,middle
43664,64,0,0.37500547563577025,0.4261696252525912,43,middle
43665,65,0,0.8370327482060431,0.44773466371658716,43,middle
43666,66,0,0.8041413942375728,0.3300199029557924,43,middle
43667,67,0,0.7425967498078003,0.42756622161551877,43,middle
43668,68,0,0.8722562166550122,0.4787285155711855,43,middle
43669,69,0,0.6891696894086184,0.4127147339722089,43,middle
43670,70,0,0.4025239468985942,0.37971082301119763,43,middle
43671,71,0,0.5641548566634271,0.3957325509034573,43,middle
43672,72,0,0.6560728024412474,0.40959368767561,43,middle
43673,73,0,0.565660669544169,0.5692128592920122,43,middle
43674,74,0,0.5719350411525,0.49389284765441244,43,middle
43675,75,0,0.7836541141676452,0.4798202778696202,43,middle
43676,76,0,0.4374804617719816,0.42849370309497936,43,middle
43677,77,0,0.5152231514871825,0.5160862467931392,43,middle
43678,78,0,0.7025920551012937,0.31004515929895715,43,middle
43679,79,0,0.42251915133753537,0.4779644648494554,43,middle
43680,80,0,0.18143590351662142,0.42498303129817805,43,middle
43681,81,0,0.7650249457487203,0.33535940771220385,43,middle
43682,82,0,0.06808898155658512,0.5779344925372786,43,middle
43683,83,0,0.8644435745168879,0.4309056846928875,43,middle
43684,84,0,0.7669621815556291,0.49245176294685866,43,middle
43685,85,0,0.6647689624924653,0.3593968122389539,43,middle
43686,86,0,0.8405345513061404,0.5721867933758882,43,middle
43687,87,0,0.7327011718923002,0.3053892352228994,43,middle
43688,88,0,0.6668257495232698,0.520505512400001,43,middle
43689,89,0,0.30508045523663746,0.4228973253810064,43,middle
43690,90,0,0.70431219480753,0.6188242285785643,43,middle
43691,91,0,0.14922632199964164,0.537861423093029,43,middle
43692,92,0,0.7166876480566378,0.41191616941706255,43,middle
43693,93,0,0.8635576656845638,0.43686818957417445,43,middle
43694,94,0,0.16783625426845608,0.4621412645767131,43,middle
43695,95,0,0.13937721595783706,0.6297490940426939,43,middle
43696,96,0,0.8550561996996149,0.44665343822405557,43,middle
43697,97,0,0.2927165705460342,0.4161697697726763,43,middle
43698,98,0,0.7158660748789416,0.441070314144394,43,middle
43699,99,0,0.7187697769962218,0.28764877032540764,43,middle
43700,100,0,0.49922629955603526,0.6047188422876975,43,middle
43701,101,0,0.18198807384858384,0.5486537165133875,43,middle
43702,102,0,0.2461359469683954,0.5886365528799871,43,middle
43703,103,0,0.1861970742914217,0.47412960127831116,43,middle
43704,104,0,0.1170527839683017,0.6298329920884911,43,middle
43705,105,0,0.5776600007667592,0.4228629218819573,43,middle
43706,106,0,0.2748872538647313,0.4016047922479036,43,middle
43707,107,0,0.7446974629593907,0.37657884233930006,43,middle
43708,108,0,0.31938393637541385,0.6874861466675912,43,middle
43709,109,0,0.7321971959619407,0.44938171263845217,43,middle
43710,110,0,0.2820050445804012,0.4954760925737889,43,middle
43711,111,0,0.41838791116890306,0.48339133056661865,43,middle
43712,112,0,0.7392268876856162,0.43495213340358657,43,middle
43713,113,0,0.8154069396106436,0.3560987308035386,43,middle
43714,114,0,0.20330883930872262,0.4132770229540697,43,middle
43715,115,0,0.8304900082835032,0.43099617075316327,43,middle
43716,116,0,0.6053778105424494,0.6043383874719307,43,middle
43717,117,0,0.7361725394662275,0.4638769336552565,43,middle
43718,118,0,0.6782640688430375,0.4131888834200326,43,middle
43719,119,0,0.3181069968548955,0.44444191103977415,43,middle
43720,120,0,0.5086631708499592,0.40730986776807543,43,middle
43721,121,0,0.8396418881507475,0.3983879518579322,43,middle
43722,122,0,0.5944762338058405,0.38659694584541193,43,middle
43723,123,0,0.794878967243132,0.3255544017465816,43,middle
43724,124,0,0.6640418218510595,0.48791777081901255,43,middle
43725,125,0,0.6629464054235736,0.33979184521623035,43,middle
43726,126,0,0.7489693145071668,0.47509926655427515,43,middle
43727,127,0,0.15675708389250037,0.40599961940690465,43,middle
43728,128,0,0.49696771811901796,0.4400705606725832,43,middle
43729,129,0,0.21787490859781086,0.5774790574682959,43,middle
43730,130,0,0.45225967807229406,0.3780038031599494,43,middle
43731,131,0,0.7787205291096566,0.4646099646069698,43,middle
43732,132,0,0.8128956671242911,0.6086598958173783,43,middle
43733,133,0,0.7633411797808239,0.40635072888163404,43,middle
43734,134,0,0.46809155228473154,0.5637404522722995,43,middle
43735,135,0,0.24771573201435276,0.4528725117157688,43,middle
43736,136,0,0.5633214843601405,0.38819676065531844,43,middle
43737,137,0,0.29105099191429495,0.4209552951061608,43,middle
43738,138,0,0.6747327839879071,0.3512647768094981,43,middle
43739,139,0,0.14001448957608753,0.48262372574077067,43,middle
43740,140,0,0.7137817850360216,0.3027967415993228,43,middle
43741,141,0,0.2227307178294969,0.5053220590348958,43,middle
43742,142,0,0.7122272306041363,0.3372805179586395,43,middle
43743,143,0,0.6182985577106791,0.2991890827173543,43,middle
43744,144,0,0.5214756984361211,0.39918363430816783,43,middle
43745,145,0,0.6494071350980293,0.37483947366905523,43,middle
43746,146,0,0.8060514022088812,0.5318025968539969,43,middle
43747,147,0,0.19866487958478093,0.530620748797144,43,middle
43748,148,0,0.3893043936836682,0.32942905995993543,43,middle
43749,149,0,0.5656530680970406,0.480993648442517,43,middle
43750,150,0,0.6160928146001601,0.48458811266860735,43,middle
43751,151,0,0.3141640038749617,0.4595363599959881,43,middle
43752,152,0,0.5233572045960382,0.5342274008510188,43,middle
43753,153,0,0.6936424493894284,0.359424059106262,43,middle
43754,154,0,0.5890181883391421,0.4042389913274749,43,middle
43755,155,0,0.7546230257842299,0.35292754851245395,43,middle
43756,156,0,0.4767234995480834,0.48054198699038664,43,middle
43757,157,0,0.30977599352042473,0.4409169474467223,43,middle
43758,158,0,0.5628388417092797,0.5528537044620907,43,middle
43759,159,0,0.13872756319602864,0.396553581473102,43,middle
43760,160,0,0.6881882389640226,0.48301207427758774,43,middle
43761,161,0,0.8253680038653453,0.3701856534175514,43,middle
43762,162,0,0.8908939960410677,0.3362780589109746,43,middle
43763,163,0,0.280350458830229,0.3910973711980138,43,middle
43764,164,0,0.5115747261122718,0.5592612540749706,43,middle
43765,165,0,0.16497921198682822,0.5046726669322631,43,middle
43766,166,0,0.3977425400134916,0.35095911543165226,43,middle
43767,167,0,0.1501481308650559,0.3820659567408866,43,middle
43768,168,0,0.5718163198491582,0.4997309734495856,43,middle
43769,169,0,0.638922001872972,0.34988374402612826,43,middle
43770,170,0,0.9542184405624383,0.537637099725578,43,middle
43771,171,0,0.891932099701861,0.42424077667487353,43,middle
43772,172,0,0.7856333867003717,0.3951438410159127,43,middle
43773,173,0,0.6213561542595158,0.4287746893705792,43,middle
43774,174,0,0.3001335123455021,0.4386955282262558,43,middle
43775,175,0,0.5090595715668466,0.4009738847618149,43,middle
43776,176,0,0.759161467361765,0.2887155807933304,43,middle
43777,177,0,0.378961918255669,0.35974606445942625,43,middle
43778,178,0,0.3481035932353155,0.49604232420661915,43,middle
43779,179,0,0.3445338729421404,0.553983722115146,43,middle
43780,180,0,0.48725235490309005,0.4467535489081441,43,middle
43781,181,0,0.7987967395748001,0.39844260020586886,43,middle
43782,182,0,0.09349093165419439,0.455873164095721,43,middle
43783,183,0,0.27946929739440457,0.47074291296821275,43,middle
43784,184,0,0.560492901763777,0.3422656644915154,43,middle
43785,185,0,0.1303747188385146,0.48968542016151617,43,middle
43786,186,0,0.7313048207371935,0.3173038605025321,43,middle
43787,187,0,0.5869720717647932,0.3836913603017059,43,middle
43788,188,0,0.7274498604511781,0.24018709901872284,43,middle
43789,189,0,0.6478457240341917,0.48375102214178123,43,middle
43790,190,0,0.671971573971696,0.39275189303738534,43,middle
43791,191,0,0.2835938821262979,0.4748235079191446,43,middle
43792,192,0,0.41124868250771224,0.521607200470188,43,middle
43793,193,0,0.31068914378406143,0.4546693313669392,43,middle
43794,194,0,0.4457912381459188,0.43955973095657686,43,middle
43795,195,0,0.5995197895536214,0.3280008592784627,43,middle
43796,196,0,0.2772013870925798,0.5225581376155264,43,middle
43797,197,0,0.7480053610398432,0.36484131641154793,43,middle
43798,198,0,0.726806001167666,0.411035924915895,43,middle
43799,199,0,0.8022057235202261,0.3472390765269015,43,middle
43800,0,0,0.4945708140924534,0.8833151444990047,43,late
43801,1,1,0.5033255781190127,0.862699480441526,43,late
43802,2,2,0.008296772121591113,1.1990415884533498,43,late
43803,3,3,0.9773810901933939,1.22511295847581,43,late
43804,4,0,0.3296857016937099,0.5624380681057225,43,late
43805,5,4,0.13404860455106274,0.8754521529818716,43,late
43806,6,5,0.2735792221388228,0.7717143890439534,43,late
43807,7,6,0.41268186667844614,1.1380462333630992,43,late
43808,8,7,0.9667453417314702,0.8758551160100944,43,late
43809,9,4,0.2807677089201656,0.666950554133783,43,late
43810,10,4,0.6171196219442971,0.6071304560227687,43,late
43811,11,4,0.14458794512519207,0.6645969728813594,43,late
43812,12,8,0.03165662445858372,1.144733126943054,43,late
43813,13,9,0.4980675074322915,0.8395316394018579,43,late
43814,14,10,0.9438802092465703,1.0622857384952242,43,late
43815,15,4,0.769470044449748,0.6803314263033833,43,late
43816,16,4,0.8234775007615458,0.6472967761653734,43,late
43817,17,11,0.5004651842077055,0.9495168227932336,43,late
43818,18,4,0.6391013040616176,0.6574744523838802,43,late
43819,19,12,0.4656928980173947,1.1009280004148758,43,late
43820,20,4,0.6637634413692342,0.5923342487104073,43,late
43821,21,0,0.8143626685596884,0.5247166902322861,43,late
43822,22,4,0.4147859520327883,0.6480444632458666,43,late
43823,23,4,0.6829007776140723,0.6342321502072866,43,late
43824,24,4,0.4415611948086701,0.5519502330241859,43,late
43825,25,0,0.8601654325505355,0.5388467966661383,43,late
43826,26,4,0.5864130128284022,0.5863532866096164,43,late
43827,27,4,0.2285497015621608,0.6580631802723462,43,late
43828,28,4,0.7368131596148475,0.6500488965996544,43,late
43829,29,4,0.2310024457083112,0.5240831749268485,43,late
43830,30,4,0.4794729035018782,0.6394969922308047,43,late
43831,31,4,0.7037708269515084,0.6704010595204226,43,late
43832,32,1,0.45243678266923676,0.6711916962514661,43,late
43833,33,4,0.7561560084161612,0.46986570265793426,43,late
43834,34,4,0.4192144310066915,0.566150246915055,43,late
43835,35,4,0.08207008032403075,0.5748201736506912,43,late
43836,36,4,0.4261221482635277,0.5103230947994573,43,late
43837,37,4,0.8978441934999807,0.6049982168435002,43,late
43838,38,4,0.5124634173119793,0.5372376603013591,43,late
43839,39,4,0.08360559427215035,0.5470972594504429,43,late
43840,40,4,0.4775616633632374,0.6287352754770754,43,late
43841,41,4,0.9428238160970135,0.4351303832313437,43,late
43842,42,4,0.48352195298123807,0.6125302834112047,43,late
43843,43,4,0.1262757218120531,0.46861699877747665,43,late
43844,44,4,0.5378174514275444,0.5139501853551462,43,late
43845,45,4,0.8256205209837254,0.2551404405506495,43,late
43846,46,4,0.5166576409201751,0.5208094403693663,43,late
43847,47,4,0.8709845837682823,0.41278014242330396,43,late
43848,48,4,0.4824544319809685,0.32720922073056546,43,late
43849,49,4,0.19328792591434116,0.5342482347194553,43,late
43850,50,4,0.5105732500703711,0.4878721194996831,43,late
43851,51,4,0.8382293436000943,0.36650363773752537,43,late
43852,52,4,0.5315073631121349,0.3293612345293307,43,late
43853,53,4,0.1837464670651397,0.5306190472254217,43,late
43854,54,4,0.5618173615868525,0.5957415175958649,43,late
43855,55,4,0.8580709689096575,0.381592720123308,43,late
43856,56,4,0.4873967275704557,0.3369909728707443,43,late
43857,57,4,0.9113906460603846,0.3291837824127032,43,late
43858,58,4,0.5369809375342903,0.5350543594128128,43,late
43859,59,4,0.8147660686053325,0.36900314584069305,43,late
43860,60,4,0.581868447308406,0.4331152065777001,43,late
43861,61,4,0.12111760223943391,0.5349027204817909,43,late
43862,62,4,0.541370547347148,0.5361062490601096,43,late
43863,63,4,0.12317968887008955,0.4533492554689472,43,late
43864,64,4,0.44494070445164086,0.3840852167695686,43,late
43865,65,4,0.8836771851217917,0.5149233051709422,43,late
43866,66,4,0.4838896312577952,0.33765005296933204,43,late
43867,67,4,0.7415945502793155,0.5184321439426949,43,late
43868,68,4,0.4348890984034684,0.48541858991303777,43,late
43869,69,4,0.89028988965578,0.38779576856264997,43,late
43870,70,4,0.5642176537800728,0.5904398204513945,43,late
43871,71,4,0.8350329573725115,0.528364847111149,43,late
43872,72,4,0.4522730770285906,0.48570684756326066,43,late
43873,73,4,0.22836175555061605,0.49219215928348303,43,late
43874,74,4,0.5433417855957573,0.43486907236815997,43,late
43875,75,4,0.17459884681328103,0.44929042555093124,43,late
43876,76,4,0.4242106924280035,0.36583815760713956,43,late
43877,77,4,0.737885575404305,0.4353966575908089,43,late
43878,78,4,0.6748029412147084,0.3637647395878668,43,late
43879,79,4,0.8001375988573596,0.3073228949261495,43,late
43880,80,4,0.6385711190459596,0.36851740600536764,43,late
43881,81,4,0.6492897408263723,0.4467149869730379,43,late
43882,82,4,0.7546356713390985,0.5666574040419812,43,late
43883,83,4,0.6995440610861681,0.5418792101204677,43,late
43884,84,4,0.5980993111210648,0.42175273078151243,43,late
43885,85,4,0.7553529774100686,0.4188695170300145,43,late
43886,86,4,0.44438133388231493,0.33980463849655074,43,late
43887,87,4,0.32877914750311155,0.2768033781436334,43,late
43888,88,4,0.715754948831657,0.43595952882426514,43,late
43889,89,4,0.21388730342314066,0.46708290539433694,43,late
43890,90,4,0.5286027874119449,0.49511436930189257,43,late
43891,91,4,0.5646732203142664,0.3382528186751389,43,late
43892,92,4,0.6169712923755091,0.44730009147155364,43,late
43893,93,4,0.33084189915655854,0.4231201986024166,43,late
43894,94,4,0.5952530416404158,0.43346747192307666,43,late
43895,95,4,0.7509399417013458,0.42434654457181675,43,late
43896,96,4,0.2857039240534799,0.35319558708334986,43,late
43897,97,4,0.7210703514699734,0.3860589878514431,43,late
43898,98,4,0.21312852020076556,0.4477306077650164,43,late
43899,99,4,0.5241851317573545,0.4787127397815397,43,late
43900,100,4,0.3294360617148244,0.43247350670883244,43,late
43901,101,4,0.44854011634247076,0.45964935008734986,43,late
43902,102,4,0.706437843883501,0.4352318539681235,43,late
43903,103,4,0.7009364573773618,0.4147502177586451,43,late
43904,104,4,0.3659553133076653,0.43419496150567183,43,late
43905,105,4,0.5787066041856392,0.5902085557270771,43,late
43906,106,4,0.5429820316985364,0.5057908643583844,43,late
43907,107,4,0.6426602731998396,0.38208823080861154,43,late
43908,108,4,0.6558407061420933,0.46514070893958526,43,late
43909,109,4,0.6446277757658869,0.35995169373929825,43,late
43910,110,4,0.8256163974436743,0.5280236107161289,43,late
43911,111,4,0.4445491570343971,0.7057005957510198,43,late
43912,112,4,0.5383524084799889,0.3504596432719552,43,late
43913,113,4,0.5503104195703374,0.4890141967482039,43,late
43914,114,4,0.47777070663151283,0.435872087134053,43,late
43915,115,4,0.45517628399716437,0.5743338503187327,43,late
43916,116,4,0.45423851809477855,0.5397369359816423,43,late
43917,117,4,0.5042820636774505,0.39530234734832814,43,late
43918,118,4,0.5294990687601064,0.3948761801098565,43,late
43919,119,4,0.5384177222588249,0.4341958295788667,43,late
43920,120,4,0.13254576545300015,0.5313002032861758,43,late
43921,121,4,0.8829130463235139,0.5377542204793704,43,late
43922,122,4,0.8362521530841263,0.3600700314358024,43,late
43923,123,4,0.14078757223756144,0.5452157165253343,43,late
43924,124,4,0.12418730059412002,0.4098937303760747,43,late
43925,125,4,0.23912832103241016,0.5545226599777464,43,late
43926,126,4,0.7597190820091633,0.4000050191960614,43,late
43927,127,4,0.24715100397559497,0.5090777091616532,43,late
43928,128,4,0.19151265472324988,0.4692714299089791,43,late
43929,129,4,0.8552324419927304,0.4225129143359656,43,late
43930,130,4,0.13742841264118938,0.49311449084094666,43,late
43931,131,4,0.11107950887606412,0.5290522236634866,43,late
43932,132,4,0.1544258501136884,0.5062920770798374,43,late
43933,133,4,0.706149746403944,0.4049348665429331,43,late
43934,134,4,0.15283012613208458,0.5589089973919804,43,late
43935,135,4,0.8671893978009086,0.4106764659345603,43,late
43936,136,4,0.8193474289830169,0.5341780247964092,43,late
43937,137,4,0.8528996551346479,0.3523106025138285,43,late
43938,138,4,0.7603760803237198,0.4636324495040969,43,late
43939,139,4,0.21751210266768867,0.4779558790530596,43,late
43940,140,4,0.10495249602731758,0.6556646146163299,43,late
43941,141,4,0.1306851392576602,0.43515497717002255,43,late
43942,142,4,0.8765928411050278,0.31513000899631993,43,late
43943,143,4,0.8325646824736026,0.31892823708336426,43,late
43944,144,4,0.07908588217192268,0.5905532534416684,43,late
43945,145,4,0.7463473694882881,0.44879777620456884,43,late
43946,146,4,0.7194522217437265,0.42783188662425914,43,late
43947,147,4,0.8217007161684411,0.46678161063844337,43,late
43948,148,4,0.8614259795153444,0.3771296746765008,43,late
43949,149,4,0.8508743943129322,0.3963383290956148,43,late
43950,150,4,0.1387401885470022,0.443090143737106,43,late
43951,151,4,0.8956906845534599,0.4944083203091195,43,late
43952,152,4,0.13154912498993648,0.45186830854096194,43,late
43953,153,4,0.06337551696308868,0.4349486303168313,43,late
43954,154,4,0.903414376659261,0.4477475324124922,43,late
43955,155,4,0.9089284130163118,0.4297008903034021,43,late
43956,156,4,0.8836360477984804,0.6317786888496321,43,late
43957,157,4,0.08797903357752274,0.48178619967558023,43,late
43958,158,4,0.04575706046696562,0.44836437120632505,43,late
43959,159,4,0.060111376917390144,0.4438670505282453,43,late
43960,160,4,0.5232172552657787,0.3725082502508874,43,late
43961,161,4,0.03445981491706604,0.5433961983622951,43,late
43962,162,4,0.563763157303526,0.4658581034579223,43,late
43963,163,4,0.05236529735249397,0.45210409252150174,43,late
43964,164,4,0.08788007292352515,0.40590398200167377,43,late
43965,165,4,0.5413108749642612,0.455082044442516,43,late
43966,166,4,0.05814710061255991,0.378397996881346,43,late
43967,167,4,0.5702917323431232,0.4164804113208927,43,late
43968,168,4,0.5929954067415245,0.3839364312491253,43,late
43969,169,4,0.4774351376373868,0.42374455972148434,43,late
43970,170,4,0.9061888023800644,0.3537736292998236,43,late
43971,171,4,0.4802782683276427,0.4679146976235432,43,late
43972,172,4,0.5363340198119871,0.4062260624262603,43,late
43973,173,0,0.3651422169270001,0.5375278833713375,43,late
43974,174,4,0.025990070807622723,0.6732642587583638,43,late
43975,175,4,0.46571977408017823,0.3334110614394277,43,late
43976,176,4,0.47850815365210236,0.40915056227518415,43,late
43977,177,4,0.8963791719561618,0.46551660356287083,43,late
43978,178,4,0.4658863897316848,0.4169277769398766,43,late
43979,179,4,0.5379666941334842,0.5413442532746543,43,late
43980,180,4,0.10641659600305199,0.5125806984361746,43,late
43981,181,4,0.6045952013858883,0.46114876921690506,43,late
43982,182,4,0.5302754361288975,0.31225391133927827,43,late
43983,183,4,0.8352667332403783,0.31668841113086,43,late
43984,184,4,0.8488774763784919,0.2828894166342053,43,late
43985,185,4,0.46702486732749654,0.480374352249564,43,late
43986,186,4,0.08883825606172198,0.37577741059433767,43,late
43987,187,4,0.6967818577582607,0.43148833728210256,43,late
43988,188,4,0.14342190982410744,0.38411851834797295,43,late
43989,189,4,0.09493134223122329,0.5411224778704105,43,late
43990,190,4,0.5306112991595965,0.3958169854137136,43,late
43991,191,4,0.9265434981652606,0.33413983577129125,43,late
43992,192,4,0.5187929160360278,0.39899664580720096,43,late
43993,193,4,0.5173972456664188,0.28792200953617963,43,late
43994,194,4,0.9103007646967352,0.4610157777131766,43,late
43995,195,4,0.5687677009621667,0.40262160795831725,43,late
43996,196,4,0.5240157514076639,0.4583517909221651,43,late
43997,197,4,0.6234670099801236,0.38047914773665625,43,late
43998,198,4,0.561948803756868,0.50906070297192,43,late
43999,199,4,0.09392596684426355,0.5605145657139796,43,late
44000,0,0,0.7340947816882546,0.593373155253115,44,interleaved
44001,1,0,0.6678225712772397,0.6173686283253605,44,interleaved
44002,2,1,0.7669567831662936,0.6790156424088145,44,interleaved
44003,3,0,0.6689234672030152,0.6458161513251294,44,interleaved
44004,4,0,0.43342688046237365,0.6012775668978221,44,interleaved
44005,5,1,0.7522057321391749,0.6605760137781962,44,interleaved
44006,6,2,0.5566036908445782,0.7187625038134138,44,interleaved
44007,7,0,0.61997672541966,0.6182857974817477,44,interleaved
44008,8,1,0.5300492478025567,0.6293472338540455,44,interleaved
44009,9,0,0.6597293668965278,0.5284106053736639,44,interleaved
44010,10,0,0.11278698309187402,0.5509786066207312,44,interleaved
44011,11,0,0.335686369931942,0.5104567823000535,44,interleaved
44012,12,3,0.2561439527798489,1.0512162916800774,44,interleaved
44013,13,0,0.43703196930437194,0.6016289430272059,44,interleaved
44014,14,0,0.38898382232338385,0.7480911009728444,44,interleaved
44015,15,0,0.4777102966128992,0.6523472893273875,44,interleaved
44016,16,1,0.365941669872466,0.6645047185258699,44,interleaved
44017,17,0,0.45365381387371,0.652019142128713,44,interleaved
44018,18,0,0.2673865212232628,0.6042578009963714,44,interleaved
44019,19,1,0.1404622785177073,0.6998331515125283,44,interleaved
44020,20,1,0.34153625183277503,0.6116178640168579,44,interleaved
44021,21,1,0.8937771698526714,0.6152560220089407,44,interleaved
44022,22,0,0.7585750284948256,0.5171636308640767,44,interleaved
44023,23,0,0.32802292975042396,0.6422562761765875,44,interleaved
44024,24,0,0.5823638408579629,0.7039251128481059,44,interleaved
44025,25,0,0.4140651423366685,0.5826493453850423,44,interleaved
44026,26,4,0.6941234020100864,0.6407894818461943,44,interleaved
44027,27,1,0.8115614555478086,0.6029778109856411,44,interleaved
44028,28,0,0.5914604518349063,0.5600862908695804,44,interleaved
44029,29,0,0.3773752679294138,0.4827096261973185,44,interleaved
44030,30,0,0.8375624409551685,0.5806516171879035,44,interleaved
44031,31,0,0.27660522510237073,0.7376882222180442,44,interleaved
44032,32,0,0.6065721158158961,0.6426341600981731,44,interleaved
44033,33,0,0.49854168197981563,0.6391370909634289,44,interleaved
44034,34,0,0.6419695106213725,0.5780950397602329,44,interleaved
44035,35,0,0.5360879249113789,0.548006308451696,44,interleaved
44036,36,0,0.5749721743467033,0.5461159895071465,44,interleaved
44037,37,0,0.27018023010585895,0.5405478214116364,44,interleaved
44038,38,0,0.2149732013518667,0.4622510803473468,44,interleaved
44039,39,0,0.6409892741703526,0.6366118711178487,44,interleaved
44040,40,0,0.551542808061694,0.57556351578629,44,interleaved
44041,41,0,0.5102682079485293,0.45373641590581937,44,interleaved
44042,42,0,0.32549201930346555,0.4515549075738299,44,interleaved
44043,43,0,0.278713939251621,0.6698810970367671,44,interleaved
44044,44,0,0.4900595394495425,0.5582214613875813,44,interleaved
44045,45,0,0.4258085335299663,0.5242852098166688,44,interleaved
44046,46,0,0.3908224135143166,0.5334871972388218,44,interleaved
44047,47,0,0.4441675041899227,0.5190815626395763,44,interleaved
44048,48,0,0.5871121879165987,0.7059659359067018,44,interleaved
44049,49,0,0.33867262505843987,0.6082005672892687,44,interleaved
44050,50,0,0.8056573030876591,0.402072362203894,44,interleaved
44051,51,0,0.4354605255632811,0.610286390570065,44,interleaved
44052,52,0,0.6278242696762919,0.429379110498081,44,interleaved
44053,53,0,0.6716045877899157,0.486835090568149,44,interleaved
44054,54,0,0.7287221671960019,0.5532015238370216,44,interleaved
44055,55,0,0.7863879409268053,0.4592898483324567,44,interleaved
44056,56,0,0.289498476905983,0.5469565809300876,44,interleaved
44057,57,0,0.5023800532292658,0.3860800945562526,44,interleaved
44058,58,0,0.6000954670132217,0.5216433618028522,44,interleaved
44059,59,0,0.7151361911564539,0.5954831088409234,44,interleaved
44060,60,0,0.41078660708505466,0.4176854911684346,44,interleaved
44061,61,0,0.742925084466147,0.5293126996607622,44,interleaved
44062,62,0,0.6942200416092192,0.40385391518868946,44,interleaved
44063,63,0,0.6417252076133442,0.4414643835975012,44,interleaved
44064,64,0,0.44531919587604224,0.3953942133071966,44,interleaved
44065,65,0,0.396004186500147,0.5846578363306432,44,interleaved
44066,66,0,0.44641827190186567,0.4829753123722912,44,interleaved
44067,67,0,0.6979884770406297,0.3894542880463661,44,interleaved
44068,68,0,0.43486991751322,0.4675842218117757,44,interleaved
44069,69,0,0.3355632624063896,0.7010974783419492,44,interleaved
44070,70,0,0.21173153627112623,0.3640401650465905,44,interleaved
44071,71,0,0.5329669661687394,0.5109539963700609,44,interleaved
44072,72,0,0.45003544423628244,0.3267712303522664,44,interleaved
44073,73,0,0.546642431534312,0.4959044403019481,44,interleaved
44074,74,0,0.4980322794314091,0.5467512978141655,44,interleaved
44075,75,0,0.39353530722052793,0.423280294189856,44,interleaved
44076,76,0,0.6028778262003655,0.534891686136422,44,interleaved
44077,77,0,0.41505694738671683,0.506377855699572,44,interleaved
44078,78,0,0.5191122415876435,0.42074414504235685,44,interleaved
44079,79,0,0.4122865477023596,0.513264891453532,44,interleaved
44080,80,0,0.4036136839630842,0.5273811376865872,44,interleaved
44081,81,0,0.839452814242997,0.6402041430296316,44,interleaved
44082,82,0,0.7304146519925467,0.4430791215184637,44,interleaved
44083,83,0,0.47030754215220916,0.45779061005703464,44,interleaved
44084,84,0,0.3834712168598919,0.5308544478350502,44,interleaved
44085,85,0,0.7529346791411533,0.5588806473646689,44,interleaved
44086,86,0,0.23724602179532533,0.48413776975574646,44,interleaved
44087,87,0,0.5104455906263016,0.45159026935619706,44,interleaved
44088,88,0,0.56723145377703,0.38232312642123356,44,interleaved
44089,89,0,0.8709604070543115,0.5937573633968047,44,interleaved
44090,90,0,0.575843556152719,0.4158377662924544,44,interleaved
44091,91,0,0.6983175056561917,0.46855843424505983,44,interleaved
44092,92,0,0.6658937028704935,0.6778807330894903,44,interleaved
44093,93,0,0.19463572886101582,0.5282544535658847,44,interleaved
44094,94,0,0.5107646401453418,0.44212620078381104,44,interleaved
44095,95,0,0.7610247092628507,0.5532112046517685,44,interleaved
44096,96,0,0.7575456081500271,0.433866765734096,44,interleaved
44097,97,0,0.6868266022126881,0.36639500858678353,44,interleaved
44098,98,0,0.7660921698192217,0.5780017000307449,44,interleaved
44099,99,0,0.2868797075620555,0.5990339316333615,44,interleaved
44100,100,0,0.33572886907102417,0.5314344975928043,44,interleaved
44101,101,0,0.4190580726460652,0.5098884150193745,44,interleaved
44102,102,0,0.6718898357975951,0.5079162824933859,44,interleaved
44103,103,0,0.38550373544452227,0.44361019731230344,44,interleaved
44104,104,0,0.33325209871338424,0.44540661486704336,44,interleaved
44105,105,0,0.4518208135601891,0.4950431493513303,44,interleaved
44106,106,0,0.24346741512075512,0.4878451654592405,44,interleaved
44107,107,0,0.34137349476433604,0.53180605383541,44,interleaved
44108,108,0,0.17123711791223398,0.5682817553773423,44,interleaved
44109,109,0,0.6741555742794789,0.520825436882046,44,interleaved
44110,110,0,0.3877741623891878,0.4836815469673069,44,interleaved
44111,111,0,0.5734937027053872,0.4490066442866661,44,interleaved
44112,112,0,0.6930695375474364,0.49569106991310086,44,interleaved
44113,113,0,0.5720172551137512,0.42209434094453896,44,interleaved
44114,114,0,0.42096613422665274,0.39808300234071703,44,interleaved
44115,115,0,0.6618748993327996,0.5902499187972974,44,interleaved
44116,116,0,0.6104696676652368,0.48346188687967345,44,interleaved
44117,117,0,0.6954292053150741,0.43159829720475973,44,interleaved
44118,118,0,0.39051530363951914,0.44570345247030957,44,interleaved
44119,119,0,0.5581113515171192,0.5005007021066377,44,interleaved
44120,120,0,0.48938834221431027,0.4817355290716331,44,interleaved
44121,121,0,0.6414621397348244,0.43388801167461644,44,interleaved
44122,122,0,0.12002413795294069,0.5592401333128995,44,interleaved
44123,123,0,0.6300080569217521,0.48132086751872444,44,interleaved
44124,124,0,0.21036987826848264,0.540498760832821,44,interleaved
44125,125,0,0.5019971880643033,0.6100418430737151,44,interleaved
44126,126,0,0.6532579721199117,0.44593776654572714,44,interleaved
44127,127,0,0.43550117918314313,0.4210054132808321,44,interleaved
44128,128,0,0.5858490752991714,0.5280451571401312,44,interleaved
44129,129,0,0.4021415144752941,0.4825929861627053,44,interleaved
44130,130,0,0.3316101693592232,0.5007684711090392,44,interleaved
44131,131,0,0.46162595366457143,0.40788621049021,44,interleaved
44132,132,0,0.26701051071556886,0.5524119778098894,44,interleaved
44133,133,0,0.23893962038487004,0.4781446313456646,44,interleaved
44134,134,0,0.4499025062790134,0.45756674046508294,44,interleaved
44135,135,0,0.4640167278695189,0.535759265341502,44,interleaved
44136,136,0,0.6189115392666307,0.3410498091587858,44,interleaved
44137,137,0,0.701027202047376,0.44827629303675215,44,interleaved
44138,138,0,0.7317062310352711,0.4229165243471086,44,interleaved
44139,139,0,0.4136727681545686,0.5711765401423803,44,interleaved
44140,140,0,0.4752314728122825,0.4338130494635197,44,interleaved
44141,141,0,0.5359169575053642,0.41131147125371054,44,interleaved
44142,142,0,0.40176352240061497,0.36096000488087326,44,interleaved
44143,143,0,0.5424980279438758,0.6212115567008305,44,interleaved
44144,144,0,0.6368788948146512,0.4675651572829018,44,interleaved
44145,145,0,0.6567528861286759,0.4223272760849045,44,interleaved
44146,146,0,0.4536896438456683,0.6158502082526585,44,interleaved
44147,147,0,0.7609124006164651,0.49083535490186947,44,interleaved
44148,148,0,0.35896625504077934,0.518576264886387,44,interleaved
44149,149,0,0.5035855838404659,0.5541416073388699,44,interleaved
44150,150,0,0.38289188278349306,0.4738892590335595,44,interleaved
44151,151,0,0.7067796929834576,0.43764388167434043,44,interleaved
44152,152,0,0.31097745242091424,0.5021586985089387,44,interleaved
44153,153,0,0.5862552913500734,0.4596966826242431,44,interleaved
44154,154,0,0.40102023715384305,0.4896954257511079,44,interleaved
44155,155,0,0.6904969401322936,0.469330870805578,44,interleaved
44156,156,0,0.7282771447915606,0.40373096168425543,44,interleaved
44157,157,0,0.5986410380343173,0.48490102771439403,44,interleaved
44158,158,0,0.36595700863621095,0.5255402698795044,44,interleaved
44159,159,0,0.3039814184156472,0.4186551372128833,44,interleaved
44160,160,0,0.36060924004384276,0.36805217389307787,44,interleaved
44161,161,0,0.284932866118102,0.4600579811440122,44,interleaved
44162,162,0,0.4252558788407532,0.4532171614920516,44,interleaved
44163,163,0,0.4208550410816231,0.49205737582652787,44,interleaved
44164,164,0,0.5976022949311897,0.4384667415952114,44,interleaved
44165,165,0,0.5760103825928589,0.5551998196158112,44,interleaved
44166,166,0,0.511301451623768,0.45858894175586057,44,interleaved
44167,167,0,0.5424349190195019,0.4827564603159533,44,interleaved
44168,168,0,0.8374586478041751,0.44200272459909,44,interleaved
44169,169,0,0.5769728468986226,0.5213288337817167,44,interleaved
44170,170,0,0.28010136589154644,0.3802270193881412,44,interleaved
44171,171,0,0.6858845093912422,0.3874217240882216,44,interleaved
44172,172,0,0.24664178839459638,0.4281736595114448,44,interleaved
44173,173,0,0.2296519995627983,0.5126805796824135,44,interleaved
44174,174,0,0.5548594999860275,0.3462231554364477,44,interleaved
44175,175,0,0.4227720016925919,0.41196598998362677,44,interleaved
44176,176,0,0.6832533394290976,0.4793338568031795,44,interleaved
44177,177,0,0.6345455662542931,0.3648345041620714,44,interleaved
44178,178,0,0.43371870024031,0.328514249099925,44,interleaved
44179,179,0,0.6244276188271066,0.44526019622731206,44,interleaved
44180,180,0,0.6404190305568129,0.5046986625597033,44,interleaved
44181,181,0,0.1989579341985664,0.37113887235052734,44,interleaved
44182,182,0,0.8014131942166555,0.43086640745267735,44,interleaved
44183,183,0,0.7387350724645925,0.48410991094150263,44,interleaved
44184,184,0,0.5092980578351587,0.526668391035616,44,interleaved
44185,185,0,0.5036909910294551,0.38196510001474504,44,interleaved
44186,186,0,0.7676526296875299,0.42862142497685196,44,interleaved
44187,187,0,0.5484633112725394,0.4532734259577983,44,interleaved
44188,188,0,0.4476725528880324,0.42497782325492284,44,interleaved
44189,189,0,0.4711197930084618,0.4254825427450937,44,interleaved
44190,190,0,0.4665973027541611,0.42563011278826834,44,interleaved
44191,191,0,0.7082836751700123,0.4369858555014902,44,interleaved
44192,192,0,0.450349754615469,0.4031477267202671,44,interleaved
44193,193,0,0.4793730613157658,0.3660791285749923,44,interleaved
44194,194,0,0.6589127985528048,0.3637809496768439,44,interleaved
44195,195,0,0.4764499715852635,0.41352610043627125,44,interleaved
44196,196,0,0.5686516039274023,0.5581244988419847,44,interleaved
44197,197,0,0.5493054729643383,0.3368470422431926,44,interleaved
44198,198,0,0.4739502805693616,0.40344024850254456,44,interleaved
44199,199,0,0.6044501514638936,0.39746734055081817,44,interleaved
44200,0,0,0.440242727865332,0.6376518657146854,44,blocked
44201,1,1,0.4834784953647578,0.861878943481371,44,blocked
44202,2,2,0.5003355687164305,1.4252978752692012,44,blocked
44203,3,3,0.09131831133951697,1.1627540134105467,44,blocked
44204,4,4,0.02412375073039538,1.0650353915571693,44,blocked
44205,5,5,0.4222714962537609,0.6923310181564512,44,blocked
44206,6,6,0.3621340486121849,0.9550031610302174,44,blocked
44207,7,7,0.1570889435864662,1.1802924030167523,44,blocked
44208,8,8,0.0018534797336354526,1.4537257839877147,44,blocked
44209,9,9,0.20293536496011047,1.0946637846859175,44,blocked
44210,10,10,0.46011062256505525,1.1777317717198925,44,blocked
44211,11,11,0.03592961533381482,1.0093170959308386,44,blocked
44212,12,12,0.4955100446428789,1.1589157626520636,44,blocked
44213,13,13,0.05704971842024057,1.1906341181611393,44,blocked
44214,14,14,0.49888167986674786,1.3279886026383534,44,blocked
44215,15,15,0.4173196854512718,0.905355719578318,44,blocked
44216,16,16,0.947660402938054,0.9980968777336161,44,blocked
44217,17,17,0.47264202519831244,0.7118393485447245,44,blocked
44218,18,18,0.0446248874811077,0.9909587734455605,44,blocked
44219,19,11,0.9306525194774917,0.6755775352710889,44,blocked
44220,20,17,0.5553063375365356,0.6380757322257626,44,blocked
44221,21,11,0.025978668693152445,0.7844606288443484,44,blocked
44222,22,19,0.8926885031621405,0.6011811508317924,44,blocked
44223,23,19,0.9577353377851332,0.7240767327068944,44,blocked
44224,24,19,0.04543306422722527,0.782475822885089,44,blocked
44225,25,19,0.9124907005122318,0.8526263269649746,44,blocked
44226,26,20,0.669540213774094,0.9531314162625111,44,blocked
44227,27,19,0.9107285490732241,0.6318356479277538,44,blocked
44228,28,11,0.9464848243517477,0.6802614236640592,44,blocked
44229,29,19,0.7720093300985376,0.6397820534738845,44,blocked
44230,30,19,0.0822652554586938,0.6223681439331673,44,blocked
44231,31,21,0.06997106754364421,1.0559828018086126,44,blocked
44232,32,11,0.9237983876634468,0.6696547137183684,44,blocked
44233,33,19,0.864406215022679,0.7266844476794923,44,blocked
44234,34,19,0.8162413081804594,0.6569919423330242,44,blocked
44235,35,19,0.07740389222504764,0.6142198462364443,44,blocked
44236,36,22,0.05133210256545318,0.871269378776193,44,blocked
44237,37,19,0.9573303735828278,0.6617376991618316,44,blocked
44238,38,22,0.05450890793785927,0.6992111436546937,44,blocked
44239,39,22,0.7805868912856979,0.6984173392295266,44,blocked
44240,40,19,0.6395142973190923,0.7875564509778252,44,blocked
44241,41,19,0.15317293429902623,0.8148491120572867,44,blocked
44242,42,19,0.26435176810978883,0.7511485153209759,44,blocked
44243,43,19,0.7464618367679823,0.6075375297247649,44,blocked
44244,44,19,0.36101633155211976,0.6135661793436454,44,blocked
44245,45,19,0.8885456222040866,0.592953477282279,44,blocked
44246,46,19,0.7559610193090789,0.6102081795196438,44,blocked
44247,47,19,0.3138164667328215,0.5474828005093224,44,blocked
44248,48,19,0.9070540144189103,0.7512860810339324,44,blocked
44249,49,19,0.9323660601331596,0.4649035774690084,44,blocked
44250,50,19,0.10192966943047396,0.5484252223871982,44,blocked
44251,51,19,0.8722350345934979,0.4084401070502175,44,blocked
44252,52,19,0.15907902946529434,0.7910960942796235,44,blocked
44253,53,19,0.09896978262390102,0.5592524809225509,44,blocked
44254,54,19,0.09980485576030079,0.5218198967969301,44,blocked
44255,55,19,0.22986680514687688,0.5952046578223265,44,blocked
44256,56,19,0.11954937934585787,0.5380543208615888,44,blocked
44257,57,19,0.9204292688144609,0.4330269638975557,44,blocked
44258,58,19,0.19108105238004147,0.5642198933320748,44,blocked
44259,59,19,0.1541927114712845,0.5235984613155854,44,blocked
44260,60,19,0.9019238221425654,0.4918544080980495,44,blocked
44261,61,19,0.17996743334645293,0.5138916253579213,44,blocked
44262,62,19,0.8727425711798118,0.5176643072990404,44,blocked
44263,63,19,0.7445946855540939,0.5504601453498511,44,blocked
44264,64,19,0.8192534276581134,0.5283981057504892,44,blocked
44265,65,19,0.29139575949197283,0.4261165741014177,44,blocked
44266,66,19,0.746427043851452,0.34272543001915406,44,blocked
44267,67,19,0.6634668847015615,0.40068755757789976,44,blocked
44268,68,19,0.5739037031151822,0.6319233401400155,44,blocked
44269,69,19,0.77259154995943,0.43752369554831,44,blocked
44270,70,19,0.3538566115371809,0.45529335741064414,44,blocked
44271,71,19,0.8194258898186888,0.6374403248950385,44,blocked
44272,72,19,0.7322885765038961,0.46102983216547566,44,blocked
44273,73,19,0.8213609520031757,0.4107526100853598,44,blocked
44274,74,19,0.7305061422701444,0.45091355111803244,44,blocked
44275,75,19,0.7779180544441215,0.5713682674545382,44,blocked
44276,76,19,0.7648485615937921,0.5290557116733235,44,blocked
44277,77,19,0.48288744536700295,0.45120563545945985,44,blocked
44278,78,19,0.6806774742840994,0.4040194321808913,44,blocked
44279,79,19,0.8166174784647213,0.4120124545044266,44,blocked
44280,80,19,0.35855167886588984,0.6361805317744988,44,blocked
44281,81,19,0.49293080734607214,0.5012898404283166,44,blocked
44282,82,19,0.4313318562108598,0.52812561460047,44,blocked
44283,83,19,0.5682590824192798,0.3561877978099237,44,blocked
44284,84,19,0.263877068780832,0.46130556473029644,44,blocked
44285,85,19,0.5629101982500875,0.26142747633229707,44,blocked
44286,86,19,0.6542788075750244,0.3352859240622251,44,blocked
44287,87,19,0.6814614084202169,0.4325421481179148,44,blocked
44288,88,19,0.5014457201207314,0.6238787038404412,44,blocked
44289,89,19,0.5277058595516444,0.44061364113573553,44,blocked
44290,90,19,0.49247371802629475,0.42827851135883865,44,blocked
44291,91,19,0.5650457813133256,0.42675275495196996,44,blocked
44292,92,19,0.38743241293266917,0.44430714077765376,44,blocked
44293,93,19,0.6445367965837401,0.31998600024376933,44,blocked
44294,94,19,0.47452233459601956,0.5696935979641353,44,blocked
44295,95,19,0.3831318902482223,0.4823192625640608,44,blocked
44296,96,19,0.3552784963769743,0.44152792272658625,44,blocked
44297,97,19,0.3131751369769119,0.3902144583447051,44,blocked
44298,98,19,0.6625730019963838,0.41207472658201716,44,blocked
44299,99,19,0.8735040613513356,0.4854405407719134,44,blocked
44300,100,19,0.7748214330528713,0.3842377856499348,44,blocked
44301,101,19,0.4960175022928135,0.5337565329431261,44,blocked
44302,102,19,0.04008722884481321,0.6661925670984499,44,blocked
44303,103,19,0.21777296004452118,0.4087903128988211,44,blocked
44304,104,19,0.6360313015122414,0.39824836330609914,44,blocked
44305,105,19,0.6674430684694381,0.36184399663258515,44,blocked
44306,106,22,0.16978639244239765,0.4658754203993845,44,blocked
44307,107,19,0.6879928552773542,0.4621584712597471,44,blocked
44308,108,19,0.45894973379447085,0.5028109497325989,44,blocked
44309,109,19,0.8428053671471348,0.30452927751037684,44,blocked
44310,110,19,0.049739243960993385,0.5685391845578088,44,blocked
44311,111,19,0.9446749489588202,0.5305987579860745,44,blocked
44312,112,19,0.1578598435988524,0.5162043186455662,44,blocked
44313,113,19,0.2083546263697647,0.5225126418798853,44,blocked
44314,114,19,0.8259466976989223,0.42315581778968486,44,blocked
44315,115,19,0.846309583484905,0.4839345030971175,44,blocked
44316,116,19,0.21434650465041952,0.5986836634439838,44,blocked
44317,117,19,0.1331079017338615,0.6933918285675863,44,blocked
44318,118,19,0.09995976654879313,0.4276183798627776,44,blocked
44319,119,19,0.8570116346881023,0.36006157297001484,44,blocked
44320,120,19,0.5472508755852947,0.3930386891091341,44,blocked
44321,121,19,0.5940964982295934,0.3961439811723092,44,blocked
44322,122,19,0.5378228623344543,0.48042346367560784,44,blocked
44323,123,19,0.5188619835529326,0.4617704628968078,44,blocked
44324,124,19,0.5240419506591073,0.4620909735176948,44,blocked
44325,125,19,0.5644815882873577,0.3652172528450539,44,blocked
44326,126,19,0.40261955750759026,0.624021970517653,44,blocked
44327,127,19,0.7383745417514758,0.43464328605862157,44,blocked
44328,128,19,0.5405065503814667,0.6119567691471743,44,blocked
44329,129,19,0.6281266847410323,0.5251663209761874,44,blocked
44330,130,19,0.45341539575705064,0.5007272664470857,44,blocked
44331,131,19,0.6154446138901802,0.44578407656666263,44,blocked
44332,132,19,0.5592640371591215,0.4840941205851626,44,blocked
44333,133,19,0.5715019433269396,0.5800831761268217,44,blocked
44334,134,19,0.5758074958099315,0.43206652709752685,44,blocked
44335,135,19,0.6047273511886432,0.40882339554656905,44,blocked
44336,136,19,0.6730651240547529,0.5371189711507351,44,blocked
44337,137,19,0.4647248619397388,0.43519022652632255,44,blocked
44338,138,19,0.4273205614758755,0.4571316715427475,44,blocked
44339,139,19,0.6851654995197889,0.2984924580531418,44,blocked
44340,140,19,0.3828583468953328,0.5836482377648778,44,blocked
44341,141,19,0.720318896551672,0.44772848779033575,44,blocked
44342,142,19,0.46136600184063276,0.4575901320064595,44,blocked
44343,143,19,0.6407397483700675,0.4216941889616558,44,blocked
44344,144,19,0.4137315496300029,0.5100032860535595,44,blocked
44345,145,19,0.6523282647998081,0.33478990204552045,44,blocked
44346,146,19,0.6385499793015021,0.5870396965223477,44,blocked
44347,147,19,0.6862546028407814,0.5728975519965019,44,blocked
44348,148,19,0.4348471987524179,0.37470433018898963,44,blocked
44349,149,19,0.5939330559476264,0.46996234032889495,44,blocked
44350,150,19,0.5492021020468999,0.5114862816854344,44,blocked
44351,151,19,0.5751939039349688,0.4400855552022339,44,blocked
44352,152,19,0.4536621046651507,0.5248690779898889,44,blocked
44353,153,19,0.7202133760134658,0.4676760260011802,44,blocked
44354,154,19,0.5550251588030432,0.48733031390711845,44,blocked
44355,155,19,0.745863354697067,0.4961704568591043,44,blocked
44356,156,19,0.7229167369330373,0.3839446034944155,44,blocked
44357,157,19,0.4090076805447766,0.3614594641684817,44,blocked
44358,158,19,0.46045900595255373,0.4630050652469207,44,blocked
44359,159,19,0.3979366969275075,0.4377349690547925,44,blocked
44360,160,19,0.3467990504814811,0.5373142289589159,44,blocked
44361,161,19,0.6533735904460582,0.31342054960248333,44,blocked
44362,162,19,0.7837413910070996,0.4868958868581226,44,blocked
44363,163,19,0.617259021026428,0.28839582766254945,44,blocked
44364,164,19,0.668052002747231,0.48132666091585835,44,blocked
44365,165,19,0.6524193696517719,0.3439590516888728,44,blocked
44366,166,19,0.7039545187863387,0.3359763919886982,44,blocked
44367,167,19,0.5051682181389299,0.31338361640209894,44,blocked
44368,168,19,0.536717644609759,0.40845426675214175,44,blocked
44369,169,19,0.42447107487708263,0.46885429304390414,44,blocked
44370,170,19,0.6604764200834274,0.6279271171845857,44,blocked
44371,171,19,0.34753383819885164,0.5025206274289918,44,blocked
44372,172,19,0.11443784372556294,0.473533625933546,44,blocked
44373,173,19,0.5986516656820332,0.3264631129839911,44,blocked
44374,174,19,0.43057452631674714,0.4014274374815431,44,blocked
44375,175,19,0.842105533339947,0.4060662437076219,44,blocked
44376,176,19,0.6015763426515831,0.38977772398432087,44,blocked
44377,177,19,0.6561643166755706,0.43045209418325914,44,blocked
44378,178,19,0.7027384810620583,0.4084225308197482,44,blocked
44379,179,19,0.7309788877828429,0.4147477626716537,44,blocked
44380,180,19,0.5442731390348031,0.5339721651694698,44,blocked
44381,181,19,0.5877004063966237,0.31795386401176107,44,blocked
44382,182,19,0.17417953368173886,0.5211059342069051,44,blocked
44383,183,19,0.08534649355715818,0.5378253727364327,44,blocked
44384,184,19,0.19260261013902918,0.5388217704665579,44,blocked
44385,185,19,0.5357370764755383,0.5560047429372488,44,blocked
44386,186,19,0.5888927938390258,0.5147452903912868,44,blocked
44387,187,19,0.45832420351883885,0.5461256791626741,44,blocked
44388,188,19,0.5170960241289067,0.5172127101827471,44,blocked
44389,189,19,0.7975060919081329,0.3926169600645528,44,blocked
44390,190,19,0.6070115227159967,0.37340927463823803,44,blocked
44391,191,19,0.560380027656517,0.45453501071719804,44,blocked
44392,192,19,0.5759502827650915,0.43474876513596483,44,blocked
44393,193,19,0.5536984881398275,0.4186206189189784,44,blocked
44394,194,19,0.6908367525900038,0.39779819105167336,44,blocked
44395,195,19,0.889884844515139,0.28850081618613654,44,blocked
44396,196,19,0.5560186437738068,0.31716825422884337,44,blocked
44397,197,19,0.8457103310405893,0.47284745817897267,44,blocked
44398,198,19,0.1477678688826527,0.4512848416892473,44,blocked
44399,199,19,0.15889861111851786,0.46355159743615765,44,blocked
44400,0,0,0.9998077553059752,0.6486134043566544,44,early
44401,1,0,0.9998632571064208,0.6986940290464339,44,early
44402,2,1,4.0614741059581824e-05,1.0676298566034572,44,early
44403,3,0,0.0005485085950320959,0.6315451311105157,44,early
44404,4,0,0.999714226688694,0.6012978720012201,44,early
44405,5,0,0.9997850780505563,0.48231089569434504,44,early
44406,6,0,0.0004623318421440634,0.7614205750591994,44,early
44407,7,0,0.9993594769521194,0.5898433355584096,44,early
44408,8,2,0.9985273355466933,0.5618545604906902,44,early
44409,9,0,0.9986553255636312,0.41240835979926416,44,early
44410,10,0,0.0011097862255675514,0.6075509266998242,44,early
44411,11,0,0.0004969886900974005,0.7782493823011812,44,early
44412,12,3,0.00022074018899349564,1.0453894105110295,44,early
44413,13,0,0.0015312467833781653,0.5659005472229193,44,early
44414,14,0,0.006651427122589929,0.6508103510421318,44,early
44415,15,0,0.9982528527726593,0.5239265585706396,44,early
44416,16,0,0.9976541652648443,0.4414535586544597,44,early
44417,17,0,0.0017593489456553084,0.7886333515450492,44,early
44418,18,0,0.002052881683906065,0.6192782413529339,44,early
44419,19,0,0.017223090778470763,0.6377634709633713,44,early
44420,20,0,0.9454033867745528,0.26479706557534594,44,early
44421,21,0,0.9928859881529115,0.357037949759853,44,early
44422,22,0,0.9924385590331924,0.37759992070510795,44,early
44423,23,0,0.9554640225386344,0.6009833750649696,44,early
44424,24,0,0.07411518174405153,0.43080533295970164,44,early
44425,25,0,0.9945975921093637,0.38400662942227604,44,early
44426,26,0,0.016093795292466576,0.5892523449616065,44,early
44427,27,0,0.9888589506687645,0.3051417650610463,44,early
44428,28,0,0.01477230132030366,0.3651223642875976,44,early
44429,29,0,0.9390528402005494,0.3433607588983085,44,early
44430,30,0,0.08342917455159458,0.46882578975517397,44,early
44431,31,0,0.9742130126281989,0.39605541321801546,44,early
44432,32,0,0.9620718597175817,0.33959775069740794,44,early
44433,33,0,0.009879099414680206,0.5459515842573323,44,early
44434,34,0,0.05404708508520676,0.38297665286892574,44,early
44435,35,0,0.5610857266717779,0.5661977077270788,44,early
44436,36,0,0.7744828380091691,0.32533997114462465,44,early
44437,37,0,0.09511626310926281,0.4151689032754111,44,early
44438,38,0,0.8810201709250258,0.23782122182618676,44,early
44439,39,0,0.9225128125154803,0.4571082634907616,44,early
44440,40,0,0.35569450520430584,0.5749687863803299,44,early
44441,41,0,0.6432601949408415,0.3321321270797896,44,early
44442,42,0,0.4427415724664503,0.4528577548413105,44,early
44443,43,0,0.5458086102673702,0.4106582585471579,44,early
44444,44,0,0.3154846441462543,0.4614813573091171,44,early
44445,45,0,0.29177883241966035,0.5702853371198997,44,early
44446,46,0,0.4067530434251675,0.44854213966019796,44,early
44447,47,0,0.5500296262541923,0.361283250413465,44,early
44448,48,0,0.510482964361509,0.4153892018134092,44,early
44449,49,0,0.22128835630391572,0.45047470510848947,44,early
44450,50,0,0.5528596004581141,0.41234045725815993,44,early
44451,51,0,0.47201005793920287,0.4589243568713358,44,early
44452,52,0,0.3364923849723618,0.3687558744862266,44,early
44453,53,0,0.5033043863042876,0.4730735447740958,44,early
44454,54,0,0.3715907146273893,0.3277320106990627,44,early
44455,55,0,0.3704593721316393,0.4252149760623074,44,early
44456,56,0,0.5027909083903129,0.6432098901284711,44,early
44457,57,0,0.3593301626529807,0.4662387082939979,44,early
44458,58,0,0.49355652874122924,0.5314152386516078,44,early
44459,59,0,0.5840949755264646,0.4517898926841091,44,early
44460,60,0,0.5141462575312984,0.29374487216904455,44,early
44461,61,0,0.6270445752884333,0.4196723344949792,44,early
44462,62,0,0.4789486247192224,0.3826430874140966,44,early
44463,63,0,0.4295853895572898,0.4129589065772899,44,early
44464,64,0,0.58416917272649,0.5607608317625753,44,early
44465,65,0,0.4880292690843562,0.4141979183410851,44,early
44466,66,0,0.4618069563905711,0.5436318567625715,44,early
44467,67,0,0.30480294291154053,0.4092833498961367,44,early
44468,68,0,0.42411584619236603,0.3511254107862494,44,early
44469,69,0,0.4038522627020107,0.3544268058393423,44,early
44470,70,0,0.536053230143775,0.3335240052611921,44,early
44471,71,0,0.37611282243428307,0.4100391012492426,44,early
44472,72,0,0.7329840596956285,0.5376452834944658,44,early
44473,73,0,0.36672193303033096,0.3842022891987866,44,early
44474,74,0,0.6184879419539012,0.39191798181098225,44,early
44475,75,0,0.5503976896523616,0.4250062028942068,44,early
44476,76,0,0.5922461654501976,0.403589162145295,44,early
44477,77,0,0.2857433395993591,0.6404497908399547,44,early
44478,78,0,0.5386304908075041,0.39849551201784805,44,early
44479,79,0,0.6746442272091562,0.531018532249952,44,early
44480,80,0,0.07521715772558701,0.521684581203147,44,early
44481,81,0,0.32956328363655757,0.39115828954845033,44,early
44482,82,0,0.5118337098794089,0.4343760312707876,44,early
44483,83,0,0.3308026285056062,0.39543950518297366,44,early
44484,84,0,0.776365564824335,0.33878545760019574,44,early
44485,85,0,0.6262138624361908,0.3089484729914965,44,early
44486,86,0,0.02626711322811966,0.3876022154284585,44,early
44487,87,0,0.6562240722896675,0.35131474318046674,44,early
44488,88,0,0.3767216687697531,0.4023823510213973,44,early
44489,89,0,0.39431314403080403,0.4089033102700141,44,early
44490,90,0,0.57467168075165,0.33370550301799756,44,early
44491,91,0,0.47172517417201043,0.36998608952611733,44,early
44492,92,0,0.0935719373650345,0.5225618846878122,44,early
44493,93,0,0.17103854963580084,0.3616112268604594,44,early
44494,94,0,0.7120683078266414,0.43703250734705446,44,early
44495,95,0,0.45310849151023247,0.38127378278704704,44,early
44496,96,0,0.27030812123169934,0.44223659144569616,44,early
44497,97,0,0.6124166830994453,0.344861879022506,44,early
44498,98,0,0.7707492701225155,0.4863773377632399,44,early
44499,99,0,0.48347405141434546,0.6226429051428388,44,early
44500,100,0,0.39296210860104774,0.5276767442199086,44,early
44501,101,0,0.47929115381625187,0.4899527530899086,44,early
44502,102,0,0.4829755407990938,0.25329513492925415,44,early
44503,103,0,0.3761840025746576,0.5093464440105149,44,early
44504,104,0,0.420717640118201,0.4531338899403723,44,early
44505,105,0,0.33864166081648206,0.3612628170649758,44,early
44506,106,0,0.6773670117614834,0.41259342462411586,44,early
44507,107,0,0.5846744081751867,0.39798503805181223,44,early
44508,108,0,0.5298822302513153,0.4363239550042153,44,early
44509,109,0,0.43260983409108383,0.31944056370063173,44,early
44510,110,0,0.9351248778702136,0.2901575850379712,44,early
44511,111,0,0.431001228097121,0.4310601491067442,44,early
44512,112,0,0.852710360385482,0.31699456201554854,44,early
44513,113,0,0.49061794066827746,0.3979418255628332,44,early
44514,114,0,0.6949854612941959,0.35166873056900994,44,early
44515,115,0,0.5114951239512874,0.4277843087487043,44,early
44516,116,0,0.8856358747849278,0.44321252726885907,44,early
44517,117,0,0.49629519012393225,0.34610480236040675,44,early
44518,118,0,0.055018504719047595,0.4703185641886477,44,early
44519,119,0,0.515543734502653,0.4077286205867482,44,early
44520,120,0,0.9435770536491284,0.2664085866747117,44,early
44521,121,0,0.6245982351614152,0.35228163130709156,44,early
44522,122,0,0.2539533247294402,0.3887282197030643,44,early
44523,123,0,0.39687657235395146,0.4328697702094386,44,early
44524,124,0,0.14002748011304852,0.359938488804303,44,early
44525,125,0,0.4312735346236423,0.42215456639192817,44,early
44526,126,0,0.2245664648292108,0.483439171808386,44,early
44527,127,0,0.37226288752994124,0.3178224578801604,44,early
44528,128,0,0.2203623635382433,0.4266512973909995,44,early
44529,129,0,0.3762709390666432,0.4095803915454299,44,early
44530,130,0,0.7607440904460584,0.3764860604921506,44,early
44531,131,0,0.49192922267316574,0.3272889064671275,44,early
44532,132,0,0.7729170128572306,0.4422131084486755,44,early
44533,133,0,0.4121471383933515,0.4692566247194433,44,early
44534,134,0,0.9536562260227361,0.41561403611887004,44,early
44535,135,0,0.5262241124161859,0.36971401160310113,44,early
44536,136,0,0.19689850805366815,0.36704556965680346,44,early
44537,137,0,0.6177909444367586,0.40559858093588974,44,early
44538,138,0,0.41861074842981344,0.3412489237077611,44,early
44539,139,0,0.4043934033579294,0.48148165107618723,44,early
44540,140,0,0.4651330265211649,0.3870662244572336,44,early
44541,141,0,0.41581885125272733,0.4225761289241444,44,early
44542,142,0,0.6500017366480757,0.42441959900669757,44,early
44543,143,0,0.4880828650232978,0.45794214947586587,44,early
44544,144,0,0.4444379041114547,0.34338280833427987,44,early
44545,145,0,0.5079532469589606,0.4251504320478948,44,early
44546,146,0,0.22517356143267597,0.586634992237698,44,early
44547,147,0,0.6247830943096454,0.47459466310308807,44,early
44548,148,0,0.13639228846090337,0.41889690287177567,44,early
44549,149,0,0.6474070258331153,0.3198851512127961,44,early
44550,150,0,0.15968350467131356,0.4457143334022218,44,early
44551,151,0,0.6544449720044963,0.40249479264121313,44,early
44552,152,0,0.24844201798274756,0.29083983046351114,44,early
44553,153,0,0.46853332026846223,0.40395203007163005,44,early
44554,154,0,0.9283852737796751,0.4120486482138559,44,early
44555,155,0,0.4869483745126204,0.3916885026202436,44,early
44556,156,0,0.6913790820475403,0.3803931722931614,44,early
44557,157,0,0.6678234183855064,0.4001369198020083,44,early
44558,158,0,0.2116330946915262,0.3636775021098821,44,early
44559,159,0,0.5573320092457142,0.3385377483520831,44,early
44560,160,0,0.18227162795181373,0.4899477271252463,44,early
44561,161,0,0.4796199366186117,0.35248938730953716,44,early
44562,162,0,0.5177337361415348,0.28780679944593485,44,early
44563,163,0,0.5891562710415507,0.2787789735853671,44,early
44564,164,0,0.5155371818893786,0.41765822360920607,44,early
44565,165,0,0.3104272822046849,0.3063936892488637,44,early
44566,166,0,0.42160337281245885,0.5065331537203596,44,early
44567,167,0,0.5185979653189706,0.4058479544139315,44,early
44568,168,0,0.6176472763497283,0.3770390621673834,44,early
44569,169,0,0.5031880356692259,0.45484190512702827,44,early
44570,170,0,0.6507399461269288,0.42627604895898974,44,early
44571,171,0,0.7219301007822614,0.3510045402476376,44,early
44572,172,0,0.3571881938351179,0.452268151636101,44,early
44573,173,0,0.5034235592024713,0.3572801735414305,44,early
44574,174,0,0.5964442232100607,0.422377780327473,44,early
44575,175,0,0.6375911933433133,0.29608064219546126,44,early
44576,176,0,0.37178975358837685,0.36987886814976445,44,early
44577,177,0,0.5630208884510274,0.31079239474907583,44,early
44578,178,0,0.9849750717232402,0.4241200845797104,44,early
44579,179,0,0.240604045489524,0.37311077072990206,44,early
44580,180,0,0.43809212420088306,0.31426729758975974,44,early
44581,181,0,0.676307860275182,0.36864602801628954,44,early
44582,182,0,0.8027565595217725,0.4006764753307831,44,early
44583,183,0,0.45240511311360965,0.3949811089931173,44,early
44584,184,0,0.5548105872862029,0.3004374231296535,44,early
44585,185,0,0.5237956420923715,0.3079902715779762,44,early
44586,186,0,0.7855451194593934,0.4453531721077316,44,early
44587,187,0,0.36506649422785475,0.4137519656274182,44,early
44588,188,0,0.8582548717086953,0.3643111550105734,44,early
44589,189,0,0.6490914405537402,0.30111660811522545,44,early
44590,190,0,0.41694078187037886,0.2652203593110134,44,early
44591,191,0,0.1570468644743388,0.44393902085680914,44,early
44592,192,0,0.5920521858654189,0.41071630142632065,44,early
44593,193,0,0.49245689563689543,0.42584039558439735,44,early
44594,194,0,0.5985741207304565,0.34014445256740844,44,early
44595,195,0,0.4987871083824523,0.5372286124142964,44,early
44596,196,0,0.44160858160160976,0.3165782288963467,44,early
44597,197,0,0.5800825367070871,0.3734437347131054,44,early
44598,198,0,0.49261193165993483,0.5638651851499468,44,early
44599,199,0,0.5987528146694735,0.40482985377678166,44,early
44600,0,0,0.794279955640135,0.6512484843797213,44,middle
44601,1,1,0.4188522009155205,1.0544906132294725,44,middle
44602,2,0,0.8298992403053222,0.5489730880059532,44,middle
44603,3,2,0.49976472751573764,0.9037192160710028,44,middle
44604,4,2,0.12834471494434865,0.8414562673179772,44,middle
44605,5,3,0.4941663999722057,0.9875907485830424,44,middle
44606,6,3,0.9783838428836326,0.7546309270290577,44,middle
44607,7,4,0.8596105337173146,0.9442689479269961,44,middle
44608,8,5,0.9688600387156832,1.2095305524987978,44,middle
44609,9,6,0.37562403918098963,1.04057686737318,44,middle
44610,10,7,0.493763202709661,0.8668216759903913,44,middle
44611,11,7,0.22053442630604014,0.7661842691355172,44,middle
44612,12,8,0.27522276750876323,0.8999087415089408,44,middle
44613,13,8,0.17387332813337888,0.6303779046386682,44,middle
44614,14,2,0.09014699512230415,0.7106971566159404,44,middle
44615,15,9,0.6861152483757169,0.9512112941363842,44,middle
44616,16,2,0.7446101375066247,0.6595171210120665,44,middle
44617,17,2,0.495005816551535,0.6426748486222619,44,middle
44618,18,10,0.8550309266468255,0.788207232809409,44,middle
44619,19,2,0.5291278637981922,0.6062522624433911,44,middle
44620,20,2,0.1851110332062736,0.5840909167482061,44,middle
44621,21,2,0.4522760250322192,0.8264532947400818,44,middle
44622,22,2,0.8016754335913502,0.6425608020163693,44,middle
44623,23,2,0.45357243581917517,0.6512777561240275,44,middle
44624,24,2,0.8518597083845901,0.5940297505880004,44,middle
44625,25,8,0.777150185302651,0.5700665565712183,44,middle
44626,26,2,0.08940989262637619,0.6765513393587357,44,middle
44627,27,8,0.19049121560329407,0.7904048971122766,44,middle
44628,28,2,0.389598232120761,0.8269137547073018,44,middle
44629,29,2,0.4672744163694191,0.5323997832261286,44,middle
44630,30,2,0.13148909065205738,0.6519685794847621,44,middle
44631,31,2,0.48154178499076056,0.6491673132529625,44,middle
44632,32,2,0.16936167445432332,0.6119978965356527,44,middle
44633,33,2,0.37441361345374613,0.7375626706090652,44,middle
44634,34,2,0.7887220466191078,0.6010749674833531,44,middle
44635,35,2,0.37784796607101506,0.5437109722462408,44,middle
44636,36,2,0.7957837361358668,0.5310275762259726,44,middle
44637,37,2,0.3981564077512545,0.5301911395828367,44,middle
44638,38,8,0.6889524786880757,0.6386254644919593,44,middle
44639,39,2,0.360489545027889,0.5323671143186375,44,middle
44640,40,2,0.7202388231908834,0.6640698735238464,44,middle
44641,41,2,0.27316695962961074,0.5540715432877008,44,middle
44642,42,2,0.8956368960129726,0.5373514632223133,44,middle
44643,43,2,0.8149409720661781,0.4903766969061315,44,middle
44644,44,2,0.8028610985932144,0.4047519724855009,44,middle
44645,45,2,0.6892892572998691,0.5833598098215989,44,middle
44646,46,2,0.2826600208213487,0.4858372423220303,44,middle
44647,47,2,0.7906463476741995,0.538789560706282,44,middle
44648,48,2,0.2300086692245982,0.38892811437751995,44,middle
44649,49,2,0.23452632572261234,0.47714085853095123,44,middle
44650,50,2,0.7716452416406843,0.49258621233980193,44,middle
44651,51,2,0.785755332550289,0.5440364502737006,44,middle
44652,52,2,0.7564810361485241,0.5230878610920704,44,middle
44653,53,2,0.7953082819596133,0.4737776899040166,44,middle
44654,54,2,0.2171411850702684,0.4018018143580734,44,middle
44655,55,2,0.27121718852565824,0.553350370610149,44,middle
44656,56,2,0.2652822293449397,0.6866497114396091,44,middle
44657,57,2,0.6026000880177544,0.30264683573779255,44,middle
44658,58,2,0.323420348452851,0.5272018656804845,44,middle
44659,59,2,0.7193825640616005,0.6058808703092159,44,middle
44660,60,2,0.46115037305821505,0.5452569286460469,44,middle
44661,61,2,0.578321022780937,0.5945170505498367,44,middle
44662,62,2,0.45474681122981586,0.4774263957448701,44,middle
44663,63,2,0.3029497870057357,0.6855014555854362,44,middle
44664,64,2,0.5714803204916267,0.44430734292399526,44,middle
44665,65,2,0.7024391360385833,0.6168277206245552,44,middle
44666,66,2,0.6645793861771875,0.3942426460785286,44,middle
44667,67,2,0.7075266211451932,0.5840532352846477,44,middle
44668,68,2,0.3041281843973807,0.5556644607470971,44,middle
44669,69,2,0.6663589637759642,0.4501180892453899,44,middle
44670,70,2,0.37885011328012624,0.541185858085214,44,middle
44671,71,2,0.6635297600302829,0.5052507999160765,44,middle
44672,72,2,0.681514224051519,0.5323752062482416,44,middle
44673,73,2,0.7068290733854337,0.4896480688188375,44,middle
44674,74,2,0.5911705743863863,0.3646583081158219,44,middle
44675,75,2,0.49286540499059855,0.5277219687348479,44,middle
44676,76,2,0.6584502919051333,0.49090169702707154,44,middle
44677,77,2,0.7730871836392731,0.5287916213525122,44,middle
44678,78,2,0.3999017943977339,0.5336031336162363,44,middle
44679,79,2,0.7349381100929842,0.4256220001552976,44,middle
44680,80,2,0.3629000144463803,0.6001574201165796,44,middle
44681,81,2,0.27291864939873056,0.3709682893264544,44,middle
44682,82,2,0.6829080294750911,0.4412974057774177,44,middle
44683,83,2,0.3590624739885374,0.525497477324108,44,middle
44684,84,8,0.7704127911692984,0.6974168640489331,44,middle
44685,85,2,0.7560241486687795,0.6291698650491642,44,middle
44686,86,2,0.18000921782842147,0.524986134341175,44,middle
44687,87,2,0.22183259570420114,0.5626827402620393,44,middle
44688,88,2,0.7101241028187734,0.3999601709691865,44,middle
44689,89,2,0.7182674868574972,0.4078230201034691,44,middle
44690,90,2,0.7406523901063864,0.37664492211675293,44,middle
44691,91,2,0.2395208996916879,0.5549337690242628,44,middle
44692,92,2,0.21985885431431396,0.5931105649645199,44,middle
44693,93,2,0.6184916236913132,0.4067484187014073,44,middle
44694,94,2,0.7622751986738934,0.5282250723347377,44,middle
44695,95,2,0.7422172476127333,0.48974473879902025,44,middle
44696,96,2,0.28479889366670663,0.5226245794687665,44,middle
44697,97,2,0.68718708045439,0.4077715315040672,44,middle
44698,98,2,0.7553107874150744,0.46828269893923846,44,middle
44699,99,2,0.17483363447984088,0.4502688355139022,44,middle
44700,100,2,0.7595214803545257,0.41784518894790434,44,middle
44701,101,2,0.8230541834357767,0.509792392326959,44,middle
44702,102,2,0.7797500232854202,0.49416815584534735,44,middle
44703,103,2,0.21862437357454076,0.5656102399638541,44,middle
44704,104,2,0.18268021591357547,0.5498105460531024,44,middle
44705,105,2,0.21015444127698224,0.4170587682738409,44,middle
44706,106,2,0.7461164953441837,0.5731317772460152,44,middle
44707,107,2,0.7791207392462827,0.4944261862221091,44,middle
44708,108,2,0.8187165506016154,0.376382999518035,44,middle
44709,109,2,0.08112274722362166,0.5980055334471042,44,middle
44710,110,2,0.19658615127694823,0.4967552970446833,44,middle
44711,111,2,0.16364317989741994,0.5639243257964384,44,middle
44712,112,2,0.8224108350582982,0.4272785644946579,44,middle
44713,113,2,0.7546211482338514,0.4205918186912392,44,middle
44714,114,2,0.1812625431394439,0.38107694069920883,44,middle
44715,115,2,0.819444828973382,0.35679747846900217,44,middle
44716,116,2,0.20495234800056694,0.6213207659061458,44,middle
44717,117,2,0.8265388929714623,0.5050232795932085,44,middle
44718,118,2,0.20101600511030954,0.46532369143793273,44,middle
44719,119,2,0.7434285294053826,0.4386353521384251,44,middle
44720,120,2,0.3441467503019949,0.4519966925082425,44,middle
44721,121,2,0.7386411842525271,0.4458100908237742,44,middle
44722,122,2,0.563796684963877,0.5029893864014723,44,middle
44723,123,2,0.7413677225427275,0.40671472642262985,44,middle
44724,124,2,0.4034972741454357,0.518633112934779,44,middle
44725,125,2,0.2283676279804069,0.5009001284987735,44,middle
44726,126,2,0.23879649674720685,0.5292892586218192,44,middle
44727,127,2,0.26635188715327285,0.5362337468915459,44,middle
44728,128,2,0.41115756819797805,0.497474412156511,44,middle
44729,129,2,0.7801558942282346,0.39492928451991743,44,middle
44730,130,2,0.6305873538148772,0.44669621481981636,44,middle
44731,131,2,0.76595760963314,0.5699660477728639,44,middle
44732,132,2,0.44619099457689804,0.458049953881727,44,middle
44733,133,2,0.14248322275678552,0.40233671587531916,44,middle
44734,134,2,0.42757774300655693,0.5358153203179348,44,middle
44735,135,2,0.8499576311840813,0.37378661520634693,44,middle
44736,136,2,0.4695963637741417,0.4426416750537321,44,middle
44737,137,2,0.17484125195176883,0.4911189753546853,44,middle
44738,138,2,0.5519670257478724,0.3702583830957995,44,middle
44739,139,2,0.16751543914500644,0.39603745534866475,44,middle
44740,140,2,0.4118094028500838,0.5237032398727339,44,middle
44741,141,2,0.19440908361965284,0.45332094182089216,44,middle
44742,142,2,0.46203863364478726,0.4967007260652837,44,middle
44743,143,2,0.09906692807580089,0.5209336080266468,44,middle
44744,144,2,0.45301280367741714,0.5367667958358225,44,middle
44745,145,2,0.7814038664419367,0.43185090995536224,44,middle
44746,146,2,0.5243892119610681,0.47465927711410727,44,middle
44747,147,2,0.12853059778358467,0.43868287581470844,44,middle
44748,148,2,0.5967154942735513,0.47447955058507196,44,middle
44749,149,2,0.14560318858305574,0.5397843786717909,44,middle
44750,150,2,0.6012558087983284,0.66189521575172,44,middle
44751,151,2,0.8015642845081032,0.3862565731915367,44,middle
44752,152,2,0.27322423801846474,0.39076009469954265,44,middle
44753,153,2,0.797673648277589,0.4417514658156184,44,middle
44754,154,2,0.6301577940135947,0.3991062578767916,44,middle
44755,155,2,0.8706300130994814,0.505912547253264,44,middle
44756,156,2,0.6920766207091901,0.435595337395168,44,middle
44757,157,2,0.2033063329454992,0.41427724177713776,44,middle
44758,158,2,0.7675316285554588,0.4397067930817469,44,middle
44759,159,2,0.7483238176434883,0.49097105020027476,44,middle
44760,160,2,0.6141434214454964,0.5258330054297597,44,middle
44761,161,2,0.8007558042625225,0.38116143719698825,44,middle
44762,162,2,0.6773734514081005,0.46876266479419426,44,middle
44763,163,2,0.26441456693299725,0.4039233376757515,44,middle
44764,164,2,0.6648578022342383,0.5648391516955279,44,middle
44765,165,2,0.8799997120897098,0.49360397178645266,44,middle
44766,166,2,0.5595165114365592,0.45119860930787725,44,middle
44767,167,2,0.38938286543844897,0.3921191798099216,44,middle
44768,168,2,0.1977790189907958,0.4876954224458495,44,middle
44769,169,2,0.21964146954436023,0.3758610587078065,44,middle
44770,170,2,0.18037116242229057,0.470503077379815,44,middle
44771,171,2,0.6097209793292584,0.36122091307583626,44,middle
44772,172,2,0.7708869610767338,0.4228554622733589,44,middle
44773,173,2,0.2455282649037082,0.43243110476001567,44,middle
44774,174,2,0.2083324878579988,0.3721227599340142,44,middle
44775,175,2,0.6211593821701129,0.3644782567413711,44,middle
44776,176,2,0.48091646177106107,0.3802635100956855,44,middle
44777,177,2,0.8548607626547748,0.6425170594269642,44,middle
44778,178,2,0.1006745379675549,0.6340289918691374,44,middle
44779,179,2,0.6692439426766588,0.3282113112573665,44,middle
44780,180,2,0.573027898511858,0.6174119206667272,44,middle
44781,181,2,0.1865293821385245,0.42742077636369386,44,middle
44782,182,2,0.6391259159402716,0.3185654251741525,44,middle
44783,183,2,0.3722184453732389,0.4841950406667155,44,middle
44784,184,2,0.23973997017244703,0.44026615983842216,44,middle
44785,185,2,0.4764793970780141,0.40551068306668214,44,middle
44786,186,2,0.4678923037513326,0.42945817909654094,44,middle
44787,187,2,0.4605550627083818,0.4713232285705805,44,middle
44788,188,2,0.5362555957615783,0.41196820931759387,44,middle
44789,189,2,0.6385196019068167,0.4994190470291129,44,middle
44790,190,2,0.3657705129795328,0.4132233271352494,44,middle
44791,191,2,0.35939499374449513,0.5187171283760669,44,middle
44792,192,2,0.2703951636341322,0.4429028282360056,44,middle
44793,193,2,0.5647776508239432,0.4885352683519791,44,middle
44794,194,2,0.715796601384451,0.4133469458421253,44,middle
44795,195,2,0.6448552370119484,0.44731810692410834,44,middle
44796,196,2,0.2597387121518726,0.6180662118249994,44,middle
44797,197,2,0.6454487423038534,0.3930886168292604,44,middle
44798,198,2,0.5507111608731826,0.3559087133240831,44,middle
44799,199,2,0.7233642587692402,0.45262756529301773,44,middle
44800,0,0,0.22389690874659868,0.5879820334039088,44,late
44801,1,0,0.45070201724705905,0.5303113702875539,44,late
44802,2,0,0.8577898564425025,0.676391658832787,44,late
44803,3,0,0.5771995767473439,0.5218206935874443,44,late
44804,4,0,0.28384026789831374,0.5314974025587708,44,late
44805,5,0,0.4597251709073027,0.5561527729312125,44,late
44806,6,0,0.7051255068878302,0.4715031357048418,44,late
44807,7,0,0.45985256573076694,0.4840176356570304,44,late
44808,8,1,0.6735254416761617,0.9248354860492977,44,late
44809,9,0,0.5649167966224926,0.6387309755041088,44,late
44810,10,0,0.5916664426403335,0.6098627673829624,44,late
44811,11,0,0.5119461721090796,0.4116499312387904,44,late
44812,12,0,0.7505545943657033,0.4400543394110481,44,late
44813,13,0,0.3898023247485104,0.5581707495966481,44,late
44814,14,0,0.653911569934128,0.49434421024101105,44,late
44815,15,0,0.524554479970238,0.3896326922696038,44,late
44816,16,0,0.6461108370837254,0.41939551510985457,44,late
44817,17,0,0.4713620699953741,0.5149841570588064,44,late
44818,18,0,0.9613984190919111,0.5511305825880068,44,late
44819,19,0,0.5307815525553605,0.5200244389679036,44,late
44820,20,0,0.9313142232498084,0.5330903788045072,44,late
44821,21,0,0.4547944694213689,0.6026679085156095,44,late
44822,22,0,0.9514503067406036,0.42404476510819344,44,late
44823,23,0,0.43325931426784164,0.5277012214669274,44,late
44824,24,0,0.827304628681945,0.391469436333013,44,late
44825,25,0,0.462052089521013,0.3916458961052532,44,late
44826,26,0,0.18465435036733763,0.4993051817959496,44,late
44827,27,0,0.390162731247534,0.7480890195438221,44,late
44828,28,0,0.15515205841379057,0.5876887391588687,44,late
44829,29,0,0.3606705472925457,0.6138786919158727,44,late
44830,30,0,0.35163705772024995,0.46200463812220205,44,late
44831,31,0,0.5154023452085719,0.5156609764032675,44,late
44832,32,0,0.807319058234373,0.46521570154089037,44,late
44833,33,0,0.36612120486467276,0.5789245993102672,44,late
44834,34,0,0.08900106898903441,0.5664228427290827,44,late
44835,35,0,0.4763153951213865,0.4175184739744286,44,late
44836,36,0,0.3015018829851474,0.6382962688562153,44,late
44837,37,0,0.4945962263646633,0.37748530706706196,44,late
44838,38,0,0.9277853934634512,0.41943967107090563,44,late
44839,39,0,0.5693483468141158,0.42535269982610924,44,late
44840,40,0,0.7320452499522134,0.3238430924623298,44,late
44841,41,0,0.48829522496130107,0.5196399351971324,44,late
44842,42,0,0.8016855415218113,0.5408112086463068,44,late
44843,43,0,0.5692571772501243,0.394497187342929,44,late
44844,44,0,0.020194383795945087,0.5693164165925824,44,late
44845,45,0,0.4379230121586083,0.5912548437094161,44,late
44846,46,0,0.47580959237653275,0.5402237902553495,44,late
44847,47,0,0.44063858233518455,0.6137036975806803,44,late
44848,48,0,0.8699002847443977,0.3217034365560004,44,late
44849,49,0,0.4424063203543626,0.5739701067028167,44,late
44850,50,0,0.11071512163366137,0.5432945199938208,44,late
44851,51,0,0.4403588532571795,0.5122706419273362,44,late
44852,52,0,0.9719511208150136,0.566814196405549,44,late
44853,53,0,0.4338443118026742,0.5392104756098257,44,late
44854,54,0,0.18256440892371856,0.4910828196365503,44,late
44855,55,0,0.5893154083721207,0.482080615143139,44,late
44856,56,0,0.7877239764213233,0.6051895747751368,44,late
44857,57,0,0.4857339484025593,0.4877834715227821,44,late
44858,58,0,0.20717053888903125,0.601953903219544,44,late
44859,59,0,0.49147695490579374,0.33467550761888865,44,late
44860,60,0,0.9460379167041002,0.5015109581082984,44,late
44861,61,0,0.5338224154339785,0.5044986929668384,44,late
44862,62,0,0.18271392406237452,0.37607310578340747,44,late
44863,63,0,0.590496891581932,0.35229581194628656,44,late
44864,64,0,0.6566248330189118,0.4457844789065297,44,late
44865,65,0,0.3084560062870901,0.4681440085542402,44,late
44866,66,0,0.7452739130320056,0.5851056494139086,44,late
44867,67,0,0.39280778062050536,0.5133285943575658,44,late
44868,68,0,0.7088729211311227,0.5241963014309147,44,late
44869,69,0,0.565004042427175,0.5304690952158551,44,late
44870,70,0,0.3811933212465003,0.5433452760229773,44,late
44871,71,0,0.6282009033041855,0.5655230401712956,44,late
44872,72,0,0.28996287617855443,0.4554088461332092,44,late
44873,73,0,0.36298518403384666,0.4942586334374025,44,late
44874,74,0,0.1100772051328626,0.4381078961936939,44,late
44875,75,0,0.38670921447740864,0.4492410996969499,44,late
44876,76,0,0.7107283305385611,0.34118033251470736,44,late
44877,77,0,0.7508250390938447,0.5690228329972741,44,late
44878,78,0,0.7736705030872149,0.4913505278087872,44,late
44879,79,0,0.5955262271871335,0.35114948727673023,44,late
44880,80,0,0.1573234010937969,0.4987398215531741,44,late
44881,81,0,0.23206764606779412,0.5206067304242215,44,late
44882,82,0,0.867321440381616,0.5506913513849373,44,late
44883,83,0,0.2861507306584965,0.4371595161769113,44,late
44884,84,0,0.34170702688501,0.45620776824974196,44,late
44885,85,0,0.15828237686101315,0.5157225012230291,44,late
44886,86,0,0.16433318394089774,0.5043010803238966,44,late
44887,87,0,0.3343121005705932,0.5052835311208853,44,late
44888,88,0,0.9284088950596711,0.5458812284303151,44,late
44889,89,0,0.24576341754333744,0.4696904159586959,44,late
44890,90,0,0.2061026024124237,0.369616920614112,44,late
44891,91,0,0.30913118830229397,0.3909611964375982,44,late
44892,92,0,0.22978610607175198,0.5673669187339361,44,late
44893,93,0,0.366559973284154,0.5383062548501094,44,late
44894,94,0,0.9190052335985279,0.39589783348407714,44,late
44895,95,0,0.17499661371170686,0.4428922388918759,44,late
44896,96,0,0.37155217593671896,0.4879776949475023,44,late
44897,97,0,0.7322847260955705,0.6497053698818481,44,late
44898,98,0,0.36940850105651585,0.43799401756511425,44,late
44899,99,0,0.9064017887907752,0.5127300420365093,44,late
44900,100,0,0.45473235325426387,0.48756910840800816,44,late
44901,101,0,0.8461704747333474,0.40664222859002536,44,late
44902,102,0,0.19961080806073506,0.4088543535147616,44,late
44903,103,0,0.7677618527441603,0.38490071354519806,44,late
44904,104,0,0.782019581470138,0.39611498777025145,44,late
44905,105,0,0.46616458700648283,0.5402703464119241,44,late
44906,106,0,0.8403305132107719,0.542289394753565,44,late
44907,107,0,0.24171187631603455,0.3902553176554131,44,late
44908,108,0,0.32059015854730866,0.6088559504237441,44,late
44909,109,0,0.9141879384448496,0.5069902584267205,44,late
44910,110,0,0.5218889693960462,0.4199170586668918,44,late
44911,111,0,0.7166963449291395,0.5454402314807323,44,late
44912,112,0,0.21041817107637006,0.48984838084211096,44,late
44913,113,0,0.3699991748578281,0.6195833022927149,44,late
44914,114,0,0.5287851672463325,0.5744863762326265,44,late
44915,115,0,0.786584331627879,0.3745350257954254,44,late
44916,116,0,0.5528976564861778,0.5252520339695108,44,late
44917,117,0,0.7787674364200075,0.3961633808377544,44,late
44918,118,0,0.510305303845932,0.4557773194937253,44,late
44919,119,0,0.3079828349508321,0.4035542986357522,44,late
44920,120,0,0.5323737060920152,0.4532483270349774,44,late
44921,121,0,0.6228571386959001,0.379894837780685,44,late
44922,122,0,0.42054858770955417,0.4378033155982853,44,late
44923,123,0,0.5096378507389835,0.41500102676787054,44,late
44924,124,0,0.5959157471574551,0.5073457456111701,44,late
44925,125,0,0.3129274045773176,0.5368170367625645,44,late
44926,126,0,0.517023795949446,0.4039879486759125,44,late
44927,127,0,0.7067275808683786,0.4655783917685186,44,late
44928,128,0,0.4805140969848043,0.397758169242041,44,late
44929,129,0,0.7839803919055823,0.38095577080001286,44,late
44930,130,0,0.1426646394230638,0.520840015658526,44,late
44931,131,0,0.23167405206813738,0.5611466345754916,44,late
44932,132,0,0.11627263886024836,0.5103649815384641,44,late
44933,133,0,0.6898266972090452,0.4622140689833214,44,late
44934,134,0,0.4370027042013581,0.5352876506672206,44,late
44935,135,0,0.49349753024849463,0.39690035788524763,44,late
44936,136,0,0.6692686060456869,0.40498059599728065,44,late
44937,137,0,0.5486676215495239,0.623625452444273,44,late
44938,138,0,0.6266843999266103,0.5090061434399387,44,late
44939,139,0,0.396162625049663,0.5813130436672438,44,late
44940,140,0,0.4411325296413855,0.4976152780500899,44,late
44941,141,0,0.6774727428169143,0.38049327097560537,44,late
44942,142,0,0.30358196399539,0.5484842420447251,44,late
44943,143,0,0.3332062691678087,0.44298045886525883,44,late
44944,144,0,0.7356624517000012,0.5303987133268362,44,late
44945,145,0,0.1881113705564379,0.45834697743532615,44,late
44946,146,0,0.5544366764716521,0.4255913107346632,44,late
44947,147,0,0.21302350048187912,0.4318403788495956,44,late
44948,148,0,0.5533760523188065,0.5250894912695638,44,late
44949,149,0,0.05915937301546908,0.617239857354879,44,late
44950,150,0,0.09958013771486621,0.5231003937677441,44,late
44951,151,0,0.7648958999631476,0.3623196606373192,44,late
44952,152,0,0.21489462854314717,0.5938596670126726,44,late
44953,153,0,0.46429297693968397,0.5641974978173998,44,late
44954,154,0,0.8863228145454126,0.6246355105578947,44,late
44955,155,0,0.5781424201410424,0.41389668248695527,44,late
44956,156,0,0.26341126020508776,0.5683038781679235,44,late
44957,157,0,0.4643965377588895,0.49410720595505697,44,late
44958,158,0,0.4381018519949884,0.501640761292895,44,late
44959,159,0,0.5983172324630828,0.398357924933609,44,late
44960,160,0,0.7784044409423259,0.3729640519834347,44,late
44961,161,0,0.7433075468788908,0.5001741966436706,44,late
44962,162,0,0.3469744289628727,0.432120947160491,44,late
44963,163,0,0.3698798954810574,0.5126537220683474,44,late
44964,164,0,0.3823234711379518,0.5634760059997765,44,late
44965,165,0,0.20086867390286733,0.4458164102180179,44,late
44966,166,0,0.8200652777020885,0.37622261311093075,44,late
44967,167,0,0.4759301605439049,0.5032103255438913,44,late
44968,168,0,0.6142292807007542,0.46974556947212676,44,late
44969,169,0,0.09187646748114961,0.40940847973639394,44,late
44970,170,0,0.5910935162801965,0.5358618214991058,44,late
44971,171,0,0.8590017158381519,0.3085436579726758,44,late
44972,172,0,0.5445686927394202,0.447322724348708,44,late
44973,173,0,0.5725041535668296,0.4741818649426963,44,late
44974,174,0,0.2954583132513249,0.4609387354499668,44,late
44975,175,0,0.47240239137518325,0.5612401619233242,44,late
44976,176,0,0.5321248769916194,0.3703383226093479,44,late
44977,177,0,0.8161951788323778,0.3752280277573903,44,late
44978,178,0,0.319933987868907,0.4389539099621442,44,late
44979,179,0,0.7642335865805495,0.42345520190395014,44,late
44980,180,0,0.4142992845352172,0.43785701301257335,44,late
44981,181,0,0.15415974950165237,0.548495072500505,44,late
44982,182,0,0.215944873101009,0.4695354204821277,44,late
44983,183,0,0.44472227221945243,0.5673303594845978,44,late
44984,184,0,0.8557590426526955,0.5296530929492467,44,late
44985,185,0,0.8907102870116674,0.4703753488704606,44,late
44986,186,0,0.39443070149206716,0.4242018204723998,44,late
44987,187,0,0.9304246766988495,0.5218573940487905,44,late
44988,188,0,0.16460498172208768,0.40572247416748325,44,late
44989,189,0,0.5151714872211484,0.464646432805017,44,late
44990,190,0,0.5746135052190229,0.42998943964687797,44,late
44991,191,0,0.30671739257664926,0.5361758825172006,44,late
44992,192,0,0.7492687927555901,0.4117931528876341,44,late
44993,193,0,0.531728812834614,0.35290130653292306,44,late
44994,194,0,0.5325427094532564,0.43200080386431805,44,late
44995,195,0,0.18803023562412352,0.4156165313272836,44,late
44996,196,0,0.16875905384573728,0.4439330953784212,44,late
44997,197,0,0.8662525271523367,0.43703257284280494,44,late
44998,198,0,0.6774992023987052,0.3373288410597448,44,late
44999,199,0,0.8679860715268676,0.4154053898558214,44,late
45000,0,0,0.8811699564928802,0.7726592525316132,45,interleaved
45001,1,1,0.4920578692211612,0.9476794247174389,45,interleaved
45002,2,1,0.9808946899350364,0.7835851731565076,45,interleaved
45003,3,2,0.5444567879932408,0.661815623430115,45,interleaved
45004,4,3,0.0067759979982621975,1.157491909605344,45,interleaved
45005,5,4,0.5121460832431713,0.7670200062144203,45,interleaved
45006,6,0,0.8386964265438619,0.48384440772292925,45,interleaved
45007,7,0,0.5206680561137601,0.6468109174800261,45,interleaved
45008,8,0,0.11329026646537958,0.7216334880048416,45,interleaved
45009,9,5,0.9524717060739107,0.9872933165532802,45,interleaved
45010,10,1,0.9798632326044499,0.6285657560657592,45,interleaved
45011,11,6,0.4685017621718149,0.8806283630819506,45,interleaved
45012,12,7,0.9642939259807637,0.8697329752365089,45,interleaved
45013,13,8,0.457047009029183,0.8581052503734261,45,interleaved
45014,14,7,0.9254286180248652,0.665766183028317,45,interleaved
45015,15,0,0.6924640126785635,0.6326023497452025,45,interleaved
45016,16,7,0.881062770445605,0.7107907194523427,45,interleaved
45017,17,0,0.46828417978966913,0.6532211896006931,45,interleaved
45018,18,0,0.2245355296907165,0.6157911369766738,45,interleaved
45019,19,0,0.5131015123559125,0.7118410602015293,45,interleaved
45020,20,9,0.8145861716848601,1.0700203219767896,45,interleaved
45021,21,10,0.3993360523461613,1.0100317439258875,45,interleaved
45022,22,0,0.3149345167918627,0.8603035236079024,45,interleaved
45023,23,0,0.4357711432810201,0.6197639305263952,45,interleaved
45024,24,0,0.18663736180565102,0.7695788966685477,45,interleaved
45025,25,7,0.44645934299189066,0.8013545431597635,45,interleaved
45026,26,7,0.9329317078755428,0.7583966580495165,45,interleaved
45027,27,7,0.52133508549146,0.533949982115687,45,interleaved
45028,28,7,0.13268691141132466,0.7759385364399125,45,interleaved
45029,29,7,0.5124955393562396,0.585875790451405,45,interleaved
45030,30,7,0.8684730513518031,0.5412772398793265,45,interleaved
45031,31,7,0.6256476827385208,0.49771496340661125,45,interleaved
45032,32,7,0.8684339639386274,0.8862687701042322,45,interleaved
45033,33,0,0.41004545489995453,0.6874298835472774,45,interleaved
45034,34,7,0.809988537693537,0.48321796777737225,45,interleaved
45035,35,7,0.5351840721243912,0.5939303388448653,45,interleaved
45036,36,7,0.6643056316751208,0.5767134179671549,45,interleaved
45037,37,7,0.5147697606262704,0.548863926390085,45,interleaved
45038,38,7,0.8727722587670318,0.5802817074536584,45,interleaved
45039,39,7,0.5549130520039927,0.4351343749983295,45,interleaved
45040,40,7,0.8147483840298795,0.4352898514091835,45,interleaved
45041,41,7,0.5067576933266015,0.5695559360024458,45,interleaved
45042,42,7,0.22569559595650282,0.6376218507148662,45,interleaved
45043,43,7,0.48646207748049947,0.541245501419735,45,interleaved
45044,44,7,0.6852640313394647,0.5301849809208131,45,interleaved
45045,45,7,0.4443736483614396,0.6660214985708737,45,interleaved
45046,46,7,0.3418720972768664,0.5154603538608852,45,interleaved
45047,47,7,0.3876227705561123,0.5850372208881647,45,interleaved
45048,48,7,0.1726742378390614,0.4648649467992526,45,interleaved
45049,49,7,0.49796407244889274,0.44949536263190515,45,interleaved
45050,50,7,0.8440028896022056,0.34270171203308786,45,interleaved
45051,51,7,0.5034187227223449,0.5431032635356152,45,interleaved
45052,52,7,0.1574537212869687,0.5375825479550853,45,interleaved
45053,53,7,0.4563254280608595,0.652889192499545,45,interleaved
45054,54,7,0.8555974579487353,0.43716402744198835,45,interleaved
45055,55,7,0.5130997025985582,0.4564401712383332,45,interleaved
45056,56,7,0.9392827153436398,0.5541818118303716,45,interleaved
45057,57,7,0.5436665090291646,0.43332185796427747,45,interleaved
45058,58,7,0.8906222225182437,0.41273319527680774,45,interleaved
45059,59,7,0.5800553638075455,0.4766917933108784,45,interleaved
45060,60,7,0.08699563259848292,0.6940281038772185,45,interleaved
45061,61,7,0.4622121520914772,0.6194200698257224,45,interleaved
45062,62,7,0.8818870947007967,0.42930913841663965,45,interleaved
45063,63,7,0.6149313540286665,0.4861091068337503,45,interleaved
45064,64,7,0.8646896545641096,0.5042102737462906,45,interleaved
45065,65,7,0.4761037001820557,0.47166791114714496,45,interleaved
45066,66,7,0.2960915874297454,0.3803852195279761,45,interleaved
45067,67,7,0.4592524998429789,0.5115910513866537,45,interleaved
45068,68,7,0.782455342842063,0.5322592455878525,45,interleaved
45069,69,7,0.6053107968294983,0.38677516922766575,45,interleaved
45070,70,7,0.17379255624902817,0.4998717283458467,45,interleaved
45071,71,7,0.35928692902043624,0.4960204929685774,45,interleaved
45072,72,7,0.26124001197082874,0.42320671376179797,45,interleaved
45073,73,7,0.4177002297769122,0.6091004245509803,45,interleaved
45074,74,7,0.6903276114247119,0.48235655190528537,45,interleaved
45075,75,7,0.5437270297279019,0.5336389626023132,45,interleaved
45076,76,7,0.7706808448986224,0.45422565357235956,45,interleaved
45077,77,7,0.5656467163988739,0.3962124905160586,45,interleaved
45078,78,7,0.6535042229470158,0.46136480882234043,45,interleaved
45079,79,7,0.50047637918857,0.49690350557322843,45,interleaved
45080,80,7,0.7516959640781506,0.5168326453296881,45,interleaved
45081,81,7,0.54117748305665,0.4808391223975711,45,interleaved
45082,82,7,0.793897609642988,0.35706411554798856,45,interleaved
45083,83,7,0.3400825687954734,0.6379499076627215,45,interleaved
45084,84,7,0.1349024952964015,0.5792614403077171,45,interleaved
45085,85,7,0.5535002990540006,0.3964773090039311,45,interleaved
45086,86,7,0.2203054371198217,0.3913861434640909,45,interleaved
45087,87,7,0.5599016825785639,0.37885566858463815,45,interleaved
45088,88,7,0.718575142174215,0.42215703626009526,45,interleaved
45089,89,7,0.6246462074194583,0.505483236887928,45,interleaved
45090,90,7,0.7805311882503406,0.47358830532648194,45,interleaved
45091,91,7,0.610498803810937,0.4323195140331214,45,interleaved
45092,92,7,0.6883625045671808,0.3468698748011455,45,interleaved
45093,93,7,0.619139209330573,0.5501653839462511,45,interleaved
45094,94,7,0.341753707856018,0.44416005996501123,45,interleaved
45095,95,7,0.7103608604145397,0.5546677602223984,45,interleaved
45096,96,7,0.27608504771538606,0.429194755134196,45,interleaved
45097,97,7,0.6680256763529328,0.29938776208507745,45,interleaved
45098,98,7,0.7150707363729134,0.3819089018869751,45,interleaved
45099,99,7,0.6074223562206734,0.4578706793110667,45,interleaved
45100,100,7,0.7516169867399887,0.7016360367252632,45,interleaved
45101,101,7,0.6431283104201697,0.43984282337852965,45,interleaved
45102,102,7,0.2896933048519125,0.6617744332716147,45,interleaved
45103,103,7,0.37043318427775923,0.42801404327520454,45,interleaved
45104,104,7,0.7627855807862975,0.349024562573578,45,interleaved
45105,105,7,0.4006474032627838,0.5670833938995072,45,interleaved
45106,106,7,0.4208592545155305,0.4718965822783812,45,interleaved
45107,107,7,0.4072238590390773,0.46346716820746725,45,interleaved
45108,108,7,0.7392749409920538,0.521366417814396,45,interleaved
45109,109,7,0.7177314882663977,0.4369430576595441,45,interleaved
45110,110,7,0.7501772300850122,0.4525341047667284,45,interleaved
45111,111,7,0.4956462271738713,0.47613878717751046,45,interleaved
45112,112,7,0.6192896115784852,0.5633174469601652,45,interleaved
45113,113,7,0.5753893984480409,0.44773286428904213,45,interleaved
45114,114,7,0.4084701818066161,0.39083091939679915,45,interleaved
45115,115,7,0.6181111293697077,0.34908263282027824,45,interleaved
45116,116,7,0.478477146542986,0.7710802730313996,45,interleaved
45117,117,7,0.3589665010116523,0.442645328648796,45,interleaved
45118,118,7,0.5120729626479057,0.5578457104037784,45,interleaved
45119,119,7,0.3966289739662188,0.579034310613575,45,interleaved
45120,120,7,0.7081387380495117,0.3955360400223724,45,interleaved
45121,121,7,0.5230073455135144,0.41179349672494425,45,interleaved
45122,122,7,0.47323311349312147,0.40950139328401913,45,interleaved
45123,123,7,0.49133531249123763,0.4677046524118528,45,interleaved
45124,124,7,0.5987151934071646,0.4673376188625296,45,interleaved
45125,125,7,0.5044929619362183,0.41887718071150315,45,interleaved
45126,126,7,0.6151603579921714,0.3716773880707689,45,interleaved
45127,127,7,0.5741180667958896,0.4895139247793622,45,interleaved
45128,128,7,0.33979774132725005,0.5230636237574613,45,interleaved
45129,129,7,0.5799407040744538,0.45958996373727456,45,interleaved
45130,130,7,0.6525866506446947,0.4448965034061747,45,interleaved
45131,131,7,0.5886224578150068,0.5013911600781803,45,interleaved
45132,132,7,0.6302447748175471,0.3693221430385101,45,interleaved
45133,133,7,0.5720947155714233,0.5548918887172107,45,interleaved
45134,134,7,0.31163762588398514,0.49572345495443626,45,interleaved
45135,135,7,0.6351350078639343,0.4311850642517564,45,interleaved
45136,136,7,0.4949310285660224,0.39360431753971314,45,interleaved
45137,137,7,0.356586588064384,0.5421944506890306,45,interleaved
45138,138,7,0.5427866402847794,0.4293167337114875,45,interleaved
45139,139,7,0.4362745599723909,0.3799723083454434,45,interleaved
45140,140,7,0.7091704170544203,0.5532180774422866,45,interleaved
45141,141,7,0.5572451224583495,0.5266797128878362,45,interleaved
45142,142,7,0.7578900172010641,0.39160134286444687,45,interleaved
45143,143,7,0.4468060204339919,0.5943016687132139,45,interleaved
45144,144,7,0.606949309898144,0.4992280328864601,45,interleaved
45145,145,7,0.6635876501523894,0.3898011177252275,45,interleaved
45146,146,7,0.6548107678806745,0.45947554232642296,45,interleaved
45147,147,7,0.7092447942078275,0.47269896912231313,45,interleaved
45148,148,7,0.4087384651326005,0.4284160692636279,45,interleaved
45149,149,7,0.3765235505971141,0.5311796372023556,45,interleaved
45150,150,7,0.6970305709594069,0.5317162959218833,45,interleaved
45151,151,7,0.6780458320042723,0.35504261133718207,45,interleaved
45152,152,7,0.5056886090474461,0.43003263272764225,45,interleaved
45153,153,7,0.320932829052895,0.5099525532562937,45,interleaved
45154,154,7,0.5631620129800543,0.38264438181534466,45,interleaved
45155,155,7,0.6265225953972153,0.4195182688308602,45,interleaved
45156,156,7,0.4081909766268441,0.5437689591373784,45,interleaved
45157,157,7,0.6245414757027807,0.4505424475993307,45,interleaved
45158,158,7,0.5232748121170345,0.42505702806371,45,interleaved
45159,159,7,0.3731296209793207,0.5216432116744989,45,interleaved
45160,160,7,0.5655790363486928,0.38244031820992985,45,interleaved
45161,161,7,0.5731808910329197,0.6009124004144875,45,interleaved
45162,162,7,0.38094473138858453,0.5296756786778742,45,interleaved
45163,163,7,0.6410268820244278,0.3874548143720753,45,interleaved
45164,164,7,0.3931414710621134,0.3776637619014446,45,interleaved
45165,165,7,0.5534863781725161,0.5102685573440128,45,interleaved
45166,166,7,0.21772740573457255,0.5388376792330507,45,interleaved
45167,167,7,0.36608679655469123,0.46920890008503413,45,interleaved
45168,168,7,0.49271165593046673,0.589318300041511,45,interleaved
45169,169,7,0.4708895476484094,0.4253501212687303,45,interleaved
45170,170,7,0.5572353306877589,0.3686604598127491,45,interleaved
45171,171,7,0.7010971956895778,0.43075642712033957,45,interleaved
45172,172,7,0.5041487088307498,0.5487163799606355,45,interleaved
45173,173,7,0.2753808321105703,0.45724340211646575,45,interleaved
45174,174,7,0.39963107474747406,0.4204947123685343,45,interleaved
45175,175,7,0.7788709224005468,0.5229725897740425,45,interleaved
45176,176,7,0.4778810184586245,0.40140389892966705,45,interleaved
45177,177,7,0.3117097818876713,0.5192951168456384,45,interleaved
45178,178,7,0.7047774341748849,0.37887721824744613,45,interleaved
45179,179,7,0.7619929476535626,0.43016612280274436,45,interleaved
45180,180,7,0.3255757014053785,0.4691158703941317,45,interleaved
45181,181,7,0.42995874920359056,0.5086977364412634,45,interleaved
45182,182,7,0.3898569091772991,0.5672616318302147,45,interleaved
45183,183,7,0.3898995883759404,0.5401627011409594,45,interleaved
45184,184,7,0.6771714381476113,0.3836600120695546,45,interleaved
45185,185,7,0.5424802071550523,0.2657481519515148,45,interleaved
45186,186,7,0.46557796006426544,0.5573065553773873,45,interleaved
45187,187,7,0.4635944153958111,0.42410156959786727,45,interleaved
45188,188,7,0.40628718394984564,0.5009281627228133,45,interleaved
45189,189,7,0.26619569287631806,0.4104179680068319,45,interleaved
45190,190,7,0.44153605816902713,0.4976134124349261,45,interleaved
45191,191,7,0.5664095241702518,0.3433879711817971,45,interleaved
45192,192,7,0.2763402326137988,0.4589154069883065,45,interleaved
45193,193,7,0.6785228170044753,0.3490353304977639,45,interleaved
45194,194,7,0.5589914578821165,0.4880619095503691,45,interleaved
45195,195,7,0.5194815405895361,0.46299809606308534,45,interleaved
45196,196,7,0.30773023871748784,0.4351239749901326,45,interleaved
45197,197,7,0.7376122151657223,0.40977757524506403,45,interleaved
45198,198,7,0.5482156156591291,0.5066826883554867,45,interleaved
45199,199,7,0.3938128293758285,0.43233854510927805,45,interleaved
45200,0,0,0.979274389688076,0.9064105704789034,45,blocked
45201,1,1,0.13410834000032815,0.7774116144673149,45,blocked
45202,2,1,0.08336724770868945,0.6719788581548336,45,blocked
45203,3,1,0.21578213896711035,0.7001323398062916,45,blocked
45204,4,1,0.3090635726370973,0.6478118692158126,45,blocked
45205,5,1,0.8716731992574871,0.5285957222201187,45,blocked
45206,6,1,0.9463668282426174,0.6273395177423144,45,blocked
45207,7,2,0.5070355678239981,1.1568514187074153,45,blocked
45208,8,3,0.0021886388784313655,1.162245809984408,45,blocked
45209,9,4,0.22094690513719223,0.9066696789606906,45,blocked
45210,10,5,0.40474763962377447,0.9866609521785572,45,blocked
45211,11,1,0.9395097692437269,0.578080613796485,45,blocked
45212,12,1,0.1460820872054697,0.41195357434625846,45,blocked
45213,13,1,0.8936642984598455,0.5232379324171346,45,blocked
45214,14,1,0.1452528749593101,0.6885462346960061,45,blocked
45215,15,6,0.09755936984733593,1.1687652676407423,45,blocked
45216,16,1,0.7938316860149612,0.4791456572738106,45,blocked
45217,17,1,0.6101676162824304,0.7045804216741502,45,blocked
45218,18,7,0.4830371239298543,1.081849577049701,45,blocked
45219,19,1,0.2920281864556838,0.643398628336534,45,blocked
45220,20,1,0.09983940619948423,0.7278342671508565,45,blocked
45221,21,1,0.1824972662551399,0.5058106757015716,45,blocked
45222,22,1,0.8461597722166903,0.5792422738293381,45,blocked
45223,23,1,0.2515093738875034,0.5977531215703787,45,blocked
45224,24,1,0.4526535421326199,0.5949234811041426,45,blocked
45225,25,1,0.4315879127443414,0.6013635048437839,45,blocked
45226,26,1,0.7494530138846754,0.5146775087046115,45,blocked
45227,27,8,0.15354436972464366,1.0334943689089067,45,blocked
45228,28,1,0.20393790827011987,0.568926178767161,45,blocked
45229,29,1,0.2840334967277113,0.5615965697811878,45,blocked
45230,30,1,0.24380737699105703,0.5750489925195683,45,blocked
45231,31,9,0.15177928563057785,1.3008656602847342,45,blocked
45232,32,1,0.3215967772134051,0.3843365293923989,45,blocked
45233,33,1,0.42220475244089356,0.6684345331569539,45,blocked
45234,34,1,0.6638689400218991,0.5259316598184546,45,blocked
45235,35,1,0.3592700873022324,0.4713651604807243,45,blocked
45236,36,1,0.2788283380776634,0.563049662855458,45,blocked
45237,37,1,0.32683011535055323,0.5284732919989845,45,blocked
45238,38,1,0.37106736039263166,0.6307117874604182,45,blocked
45239,39,1,0.6597025308730913,0.5241356742367947,45,blocked
45240,40,1,0.7627515610892597,0.6633833998922551,45,blocked
45241,41,1,0.5041639351988929,0.6096781516717048,45,blocked
45242,42,1,0.570821800269189,0.44371182685948224,45,blocked
45243,43,1,0.7438041555125299,0.4448360665023974,45,blocked
45244,44,1,0.4578782586473301,0.6455322223495834,45,blocked
45245,45,1,0.5536420364314752,0.49679429260243535,45,blocked
45246,46,1,0.661766309071208,0.4278630383467158,45,blocked
45247,47,1,0.5515020169090578,0.7477549264791248,45,blocked
45248,48,1,0.5056001001356306,0.6328477658601313,45,blocked
45249,49,1,0.4032322206232918,0.42417050443005894,45,blocked
45250,50,1,0.6210867000821513,0.43945669701407064,45,blocked
45251,51,1,0.7649981018439541,0.38699694744051494,45,blocked
45252,52,1,0.40764066287846773,0.4188334886344519,45,blocked
45253,53,1,0.4698764490839864,0.5414709091132093,45,blocked
45254,54,1,0.45173473788074814,0.43233638157440224,45,blocked
45255,55,1,0.4387931513138451,0.41070060520689866,45,blocked
45256,56,1,0.39205018138016756,0.49812825259204074,45,blocked
45257,57,1,0.3456843242155362,0.522990587433461,45,blocked
45258,58,1,0.6827598050736813,0.4813792981831849,45,blocked
45259,59,1,0.7643304226306655,0.4886887795306628,45,blocked
45260,60,1,0.6821940316888033,0.4707924153422073,45,blocked
45261,61,1,0.5175324608161573,0.560842872058744,45,blocked
45262,62,1,0.32468186105658714,0.5425015230275694,45,blocked
45263,63,1,0.44105792932745846,0.38982992774386593,45,blocked
45264,64,1,0.5980914711838179,0.446721572907316,45,blocked
45265,65,1,0.6284054678404105,0.426707600227724,45,blocked
45266,66,1,0.5697637397652294,0.6014691242357079,45,blocked
45267,67,1,0.28436009212922597,0.4688727329205596,45,blocked
45268,68,1,0.6736399311711629,0.41508841067118885,45,blocked
45269,69,1,0.5303768840699268,0.48702178856614575,45,blocked
45270,70,1,0.48681291816346794,0.46389597601942245,45,blocked
45271,71,1,0.603074082418502,0.4762449829797519,45,blocked
45272,72,1,0.5838741605789144,0.5397659501706917,45,blocked
45273,73,1,0.4097545377006382,0.4655470791102938,45,blocked
45274,74,1,0.3979223573216318,0.5857580434492797,45,blocked
45275,75,1,0.656797012591676,0.5250222883375737,45,blocked
45276,76,1,0.6472534801486124,0.8061277711490933,45,blocked
45277,77,1,0.5342360248855204,0.5384423700452576,45,blocked
45278,78,1,0.5791461503529238,0.48960362126088763,45,blocked
45279,79,1,0.503964855795304,0.49123660514047296,45,blocked
45280,80,1,0.24464853852693474,0.425655066067737,45,blocked
45281,81,1,0.12701368701100732,0.5248736709199225,45,blocked
45282,82,1,0.905149469703171,0.48772321460891743,45,blocked
45283,83,1,0.70362914861116,0.5331026143825466,45,blocked
45284,84,1,0.6350448833969599,0.44730708280549936,45,blocked
45285,85,1,0.7057123147637494,0.5356787227958834,45,blocked
45286,86,1,0.3954698423867673,0.4515787826315142,45,blocked
45287,87,1,0.5883491036987216,0.5545147635786888,45,blocked
45288,88,1,0.5610495157260331,0.6604679249111425,45,blocked
45289,89,1,0.17956117713096062,0.5016776678931146,45,blocked
45290,90,1,0.8451203479256568,0.4667992830832997,45,blocked
45291,91,1,0.6480097032157585,0.37764175657312543,45,blocked
45292,92,1,0.5414219183279652,0.433495983231519,45,blocked
45293,93,1,0.16110802090612455,0.45236405760948617,45,blocked
45294,94,1,0.8835950966903867,0.4557573880381772,45,blocked
45295,95,1,0.7068531820921835,0.5077770364565807,45,blocked
45296,96,1,0.287397431495847,0.450761424822308,45,blocked
45297,97,1,0.7876844205842464,0.5337149145175124,45,blocked
45298,98,1,0.2490546838278452,0.6037464878763202,45,blocked
45299,99,1,0.6032805744206504,0.4167431803370395,45,blocked
45300,100,1,0.308997298941818,0.5209821281448712,45,blocked
45301,101,1,0.49476610351500516,0.4591932525268521,45,blocked
45302,102,1,0.6485929738210972,0.3953358990974904,45,blocked
45303,103,1,0.7847547797167657,0.43093378996818915,45,blocked
45304,104,1,0.43920805736946206,0.5417706172754218,45,blocked
45305,105,1,0.2718350092612567,0.600436224085298,45,blocked
45306,106,1,0.21689740899780444,0.49649128177202667,45,blocked
45307,107,1,0.4698584610229089,0.4416881104539235,45,blocked
45308,108,1,0.5318562404029452,0.5553242995605803,45,blocked
45309,109,1,0.4466860133250049,0.36704478276968105,45,blocked
45310,110,1,0.08967438183547771,0.6685911994843734,45,blocked
45311,111,1,0.3509728788081867,0.42889803439185814,45,blocked
45312,112,1,0.7027953207224271,0.4478052619434213,45,blocked
45313,113,1,0.7213784362385316,0.5873490236173031,45,blocked
45314,114,1,0.2666441023199313,0.5281148334692646,45,blocked
45315,115,1,0.8384536382388306,0.4519370562501221,45,blocked
45316,116,1,0.8100792097404831,0.4629617807532631,45,blocked
45317,117,1,0.8833866178400482,0.5760295606047697,45,blocked
45318,118,1,0.3435026780193979,0.5568063509267609,45,blocked
45319,119,1,0.4157909748964195,0.510422612073623,45,blocked
45320,120,1,0.3827997257788692,0.6297926297999485,45,blocked
45321,121,1,0.4767885240123595,0.5664916296098617,45,blocked
45322,122,1,0.6419282719107369,0.5670222957036928,45,blocked
45323,123,1,0.3593086891849875,0.5188051224304505,45,blocked
45324,124,1,0.51678532233597,0.6493891164651322,45,blocked
45325,125,1,0.5690307061572129,0.607710746675354,45,blocked
45326,126,1,0.4563842134763125,0.4773499873783403,45,blocked
45327,127,1,0.18496544549926483,0.586340542868487,45,blocked
45328,128,1,0.6360140901711433,0.4404592429877314,45,blocked
45329,129,1,0.4346164815596826,0.4111412036907449,45,blocked
45330,130,1,0.5138347160129465,0.5087289906363414,45,blocked
45331,131,1,0.4627963206074459,0.5149542140439942,45,blocked
45332,132,1,0.5683203703958472,0.44264065227965466,45,blocked
45333,133,1,0.3658637585370841,0.6518470801490004,45,blocked
45334,134,1,0.542349572376137,0.4599263343438097,45,blocked
45335,135,1,0.7712400804914687,0.5156167966182832,45,blocked
45336,136,1,0.6093402309800785,0.703269855205392,45,blocked
45337,137,1,0.5196165858664281,0.4019220316302834,45,blocked
45338,138,1,0.5928997676819338,0.4498561668839105,45,blocked
45339,139,1,0.8281633663274381,0.3851339576279075,45,blocked
45340,140,1,0.713567694441064,0.41959708046165894,45,blocked
45341,141,1,0.431224700326364,0.4743015797925393,45,blocked
45342,142,1,0.6726974769083838,0.50798038029664,45,blocked
45343,143,1,0.6630771774210948,0.46024797316501076,45,blocked
45344,144,1,0.6488098341972162,0.3343108670076087,45,blocked
45345,145,1,0.6694271776106908,0.38697197549997964,45,blocked
45346,146,1,0.4081201684232745,0.5011635804496858,45,blocked
45347,147,1,0.370090859099531,0.4770870782020802,45,blocked
45348,148,1,0.731728034587093,0.5074377058564468,45,blocked
45349,149,1,0.4409299209474198,0.32258755173257053,45,blocked
45350,150,1,0.32697859740701163,0.4383516543595858,45,blocked
45351,151,1,0.49070262101579176,0.3964491389929642,45,blocked
45352,152,1,0.6411708803408412,0.5826308685613439,45,blocked
45353,153,1,0.7709842542825128,0.41068049639190685,45,blocked
45354,154,1,0.6012539589501326,0.5032295473531206,45,blocked
45355,155,1,0.578116235348821,0.622676675145267,45,blocked
45356,156,1,0.6573821071226438,0.5377305170530956,45,blocked
45357,157,1,0.40180182797166664,0.43098068085920327,45,blocked
45358,158,1,0.880209375782516,0.4798366407309621,45,blocked
45359,159,1,0.5495806853036566,0.7394096761915181,45,blocked
45360,160,1,0.2924326258843332,0.3960830286763508,45,blocked
45361,161,1,0.5855140584330969,0.5248896400510712,45,blocked
45362,162,1,0.4942550908082579,0.5037285078737973,45,blocked
45363,163,1,0.5426087135390215,0.3989131576789056,45,blocked
45364,164,1,0.6203523292295302,0.5118073491540966,45,blocked
45365,165,1,0.6567357308151216,0.48133055569639643,45,blocked
45366,166,1,0.5536129043410611,0.4613886912543665,45,blocked
45367,167,1,0.7777591155815847,0.3220499278889583,45,blocked
45368,168,1,0.44909619112982946,0.485488214747201,45,blocked
45369,169,1,0.5183511545882518,0.432303467619533,45,blocked
45370,170,1,0.44606447507096114,0.5394551474988536,45,blocked
45371,171,1,0.5161252555936263,0.5651509254321454,45,blocked
45372,172,1,0.81890099968236,0.5405666245759281,45,blocked
45373,173,1,0.8312931537817152,0.4435920506821073,45,blocked
45374,174,1,0.6184120051491271,0.4660630537344085,45,blocked
45375,175,1,0.42973861845444367,0.5166020321061461,45,blocked
45376,176,1,0.5259469309367073,0.46011634944934887,45,blocked
45377,177,1,0.5289435655886112,0.5037598237372019,45,blocked
45378,178,1,0.4737741739175885,0.4811963030916448,45,blocked
45379,179,1,0.3035957713762616,0.43291537622764714,45,blocked
45380,180,1,0.8057389622088027,0.5610289679370282,45,blocked
45381,181,1,0.7744371738813856,0.5381366392819901,45,blocked
45382,182,1,0.1601586214216007,0.48646733280571486,45,blocked
45383,183,1,0.6270049903430318,0.5885253746204702,45,blocked
45384,184,1,0.21745770243049659,0.6397349149999512,45,blocked
45385,185,1,0.5578278418282261,0.3915400828743369,45,blocked
45386,186,1,0.3913844380469348,0.3353042949200069,45,blocked
45387,187,1,0.3854457326400415,0.5849078682526959,45,blocked
45388,188,1,0.3501567773732521,0.415680463878265,45,blocked
45389,189,1,0.7795972151310692,0.5520791786013117,45,blocked
45390,190,1,0.4924029701176119,0.4593623073483538,45,blocked
45391,191,1,0.6063117230805766,0.5466446356021694,45,blocked
45392,192,1,0.3890064981426822,0.40032762905472585,45,blocked
45393,193,1,0.4069680640037019,0.4076639676838171,45,blocked
45394,194,1,0.5936554360476781,0.42105500305058186,45,blocked
45395,195,1,0.6718105490474908,0.430448349171636,45,blocked
45396,196,1,0.4584755318876088,0.425241969572341,45,blocked
45397,197,1,0.46565561560487645,0.5167401581574704,45,blocked
45398,198,1,0.3732514413844458,0.4826445764800922,45,blocked
45399,199,1,0.7777376235163169,0.42037420404443887,45,blocked
45400,0,0,0.010547686886819476,0.7972870318932772,45,early
45401,1,1,0.37569932747279483,1.0813493737982376,45,early
45402,2,2,0.9996839275742991,0.8632982557362114,45,early
45403,3,3,0.015814886522173752,0.7516731356766833,45,early
45404,4,0,0.03447282521182905,0.6870934303261806,45,early
45405,5,0,0.9292355043241245,0.6270551335452169,45,early
45406,6,4,0.9084502497092071,0.6929206750052737,45,early
45407,7,0,0.9518522268967,0.507100435674055,45,early
45408,8,0,0.7793961609888107,0.5560383348471029,45,early
45409,9,0,0.06633485613244668,0.6686421515472833,45,early
45410,10,0,0.8758973242524499,0.48626733547572243,45,early
45411,11,0,0.8472517607907939,0.43478411814344653,45,early
45412,12,0,0.06003439703905598,0.6401381150510834,45,early
45413,13,0,0.06719889698594493,0.6626691831350293,45,early
45414,14,0,0.1632825449853852,0.7750683343802443,45,early
45415,15,0,0.6622423500889676,0.5398784864971277,45,early
45416,16,0,0.2985038464325001,0.6224349442284631,45,early
45417,17,0,0.7345870500916833,0.40137670669130265,45,early
45418,18,0,0.9094750789461293,0.4445314602689029,45,early
45419,19,0,0.40486194996176916,0.6259694796210155,45,early
45420,20,0,0.860905073129129,0.2522367745374945,45,early
45421,21,0,0.8070348721775007,0.6048328014321167,45,early
45422,22,0,0.6756677486695815,0.4016668800766381,45,early
45423,23,0,0.25951203373803133,0.46911194586922444,45,early
45424,24,0,0.6978255779003191,0.4337030846356893,45,early
45425,25,0,0.27024098141346764,0.3980355826255335,45,early
45426,26,0,0.7246817169771679,0.5491144547356466,45,early
45427,27,0,0.21715134109964462,0.49527834499922824,45,early
45428,28,0,0.6636384878596493,0.5689843647582749,45,early
45429,29,0,0.8676569738326938,0.6377658876001517,45,early
45430,30,0,0.7939453254210417,0.7345442694091031,45,early
45431,31,0,0.3064419630612607,0.46150020215190896,45,early
45432,32,0,0.7426996032526045,0.47052020056911803,45,early
45433,33,0,0.20122039601779929,0.5342292268205642,45,early
45434,34,0,0.3997575940468856,0.3905387259873155,45,early
45435,35,0,0.7536060687356172,0.40069684676521267,45,early
45436,36,0,0.11202110996232209,0.49528098620636485,45,early
45437,37,0,0.8728437156894103,0.4107161520373036,45,early
45438,38,0,0.4104584301305,0.5454822075135477,45,early
45439,39,0,0.17127819018182402,0.6107868092154987,45,early
45440,40,0,0.6448231295798504,0.44535755004183497,45,early
45441,41,0,0.4396742512308497,0.41105012055601076,45,early
45442,42,0,0.38203460874723066,0.6481831237951141,45,early
45443,43,0,0.3704961797993858,0.5141374703658169,45,early
45444,44,0,0.7080478133845642,0.47016817424914187,45,early
45445,45,0,0.48952642548526215,0.5278341635843429,45,early
45446,46,0,0.4015102146034659,0.5438468875331026,45,early
45447,47,0,0.3660380413412354,0.4004168992009428,45,early
45448,48,0,0.6295784530752149,0.5174461557450393,45,early
45449,49,0,0.598307594555715,0.3991978544670605,45,early
45450,50,0,0.36995227688616994,0.4466265774518471,45,early
45451,51,0,0.5810103043775562,0.5308465603129511,45,early
45452,52,0,0.4843119486930668,0.5178953713452985,45,early
45453,53,0,0.31793843378856085,0.35594896009597815,45,early
45454,54,0,0.3947603430028912,0.47584156801759103,45,early
45455,55,0,0.39855018359236916,0.41871091086087087,45,early
45456,56,0,0.5783640039893206,0.3457111329352654,45,early
45457,57,0,0.5968628224159391,0.35556004485475234,45,early
45458,58,0,0.5885275840407276,0.5045539665064807,45,early
45459,59,0,0.31399218066866863,0.4620117571061717,45,early
45460,60,0,0.5236341887136056,0.43214635205150087,45,early
45461,61,0,0.39464826415679566,0.3685596019971214,45,early
45462,62,0,0.3980989519542899,0.3642517103532358,45,early
45463,63,0,0.40406171095756,0.35787636911326803,45,early
45464,64,0,0.3663409398748172,0.47786693877581193,45,early
45465,65,0,0.3858041048281619,0.5200126863711703,45,early
45466,66,0,0.2964920356375329,0.465244069655836,45,early
45467,67,0,0.6782600951733633,0.4313157289895876,45,early
45468,68,0,0.4240735144136549,0.5118056390387271,45,early
45469,69,0,0.2631142463686361,0.4857227069285007,45,early
45470,70,0,0.38993609275868046,0.43508031396559643,45,early
45471,71,0,0.5058591973736326,0.43224135632590155,45,early
45472,72,0,0.46679697616673166,0.4373858416520906,45,early
45473,73,0,0.4978816208324615,0.3346407069165904,45,early
45474,74,0,0.40574722872564073,0.45519121434542187,45,early
45475,75,0,0.5521260491294978,0.3730418378177269,45,early
45476,76,0,0.6256714401294368,0.44343768230214103,45,early
45477,77,0,0.33591763417112075,0.42508910464656413,45,early
45478,78,0,0.7400348129382682,0.3838737161775556,45,early
45479,79,0,0.5139962757740605,0.5563961824658405,45,early
45480,80,0,0.8129503297897076,0.32925566822647584,45,early
45481,81,0,0.3645969207765791,0.506701896099708,45,early
45482,82,0,0.7729690873702321,0.49688735109852633,45,early
45483,83,0,0.5381024204246956,0.3859582186950412,45,early
45484,84,0,0.2004131115521584,0.5675718705592487,45,early
45485,85,0,0.37557586087425304,0.4455435842951409,45,early
45486,86,0,0.5710344650421387,0.39830858467161606,45,early
45487,87,0,0.5327632713687507,0.4600159838301997,45,early
45488,88,0,0.2010175111227029,0.4622060575275,45,early
45489,89,0,0.41534866037603146,0.3492183743320757,45,early
45490,90,0,0.873051621177086,0.43622974584312074,45,early
45491,91,0,0.39141751663767155,0.3159349814243849,45,early
45492,92,0,0.10627843375923221,0.39972362957700364,45,early
45493,93,0,0.4226443670371829,0.5288199271598705,45,early
45494,94,0,0.5862581546284573,0.689096883485409,45,early
45495,95,0,0.6269140836545514,0.5129583981483967,45,early
45496,96,0,0.18836833209063616,0.45930069102598525,45,early
45497,97,0,0.5365561285762327,0.4599837958749266,45,early
45498,98,0,0.38596212978799915,0.6458385372973612,45,early
45499,99,0,0.46554477806165495,0.42870175246291353,45,early
45500,100,0,0.5764675808344847,0.3514836027269403,45,early
45501,101,0,0.4666404808196223,0.40597131491499683,45,early
45502,102,0,0.24203130710242857,0.4865133271490847,45,early
45503,103,0,0.491819620444925,0.3187967706384988,45,early
45504,104,0,0.7287874932785381,0.48315679587372096,45,early
45505,105,0,0.3905375508302586,0.6308925262714566,45,early
45506,106,0,0.3238236872909134,0.4059242402190253,45,early
45507,107,0,0.4834874706333674,0.37738258100281613,45,early
45508,108,0,0.6629571483468952,0.40636864809431505,45,early
45509,109,0,0.5769800653633916,0.47853687457964733,45,early
45510,110,0,0.37905197363931,0.48380730054261145,45,early
45511,111,0,0.4429992835484703,0.422762015701064,45,early
45512,112,0,0.7832193131007439,0.26627980646090493,45,early
45513,113,0,0.5773772486022994,0.42883174334388396,45,early
45514,114,0,0.7479300544121834,0.528389402069599,45,early
45515,115,0,0.48051651699776343,0.4294531430533797,45,early
45516,116,0,0.6753551757221457,0.5057746984417583,45,early
45517,117,0,0.4622464950414735,0.36495519524286535,45,early
45518,118,0,0.6705994179869914,0.38967657432943315,45,early
45519,119,0,0.3975495459975979,0.43143235285680237,45,early
45520,120,0,0.7849321423543856,0.35650652463504096,45,early
45521,121,0,0.3227702110843934,0.3656746000409695,45,early
45522,122,0,0.7331923992519602,0.3914182997156148,45,early
45523,123,0,0.4199147556761359,0.5276063744769505,45,early
45524,124,0,0.3805429327136354,0.3359063568585633,45,early
45525,125,0,0.5484655293994558,0.40130788917999094,45,early
45526,126,0,0.5934429883271987,0.5094347870611255,45,early
45527,127,0,0.4356921405896866,0.3895107224758083,45,early
45528,128,0,0.1736614384329176,0.3360217120256875,45,early
45529,129,0,0.3554860029063034,0.4110234073539501,45,early
45530,130,0,0.2884954183268055,0.3772438937322126,45,early
45531,131,0,0.5371391033131326,0.32514611878929217,45,early
45532,132,0,0.5154510389236262,0.4063030596933703,45,early
45533,133,0,0.25174426462310595,0.4860980258121566,45,early
45534,134,0,0.5195928051245138,0.4976115894140365,45,early
45535,135,0,0.5639778766702201,0.46372108931784195,45,early
45536,136,0,0.6685502337016728,0.31615620166341013,45,early
45537,137,0,0.46727832041864725,0.38985012490001636,45,early
45538,138,0,0.2218781879275751,0.5179286974083379,45,early
45539,139,0,0.5439321870874655,0.4437224302012225,45,early
45540,140,0,0.8895992606207948,0.35754883114726377,45,early
45541,141,0,0.4766344704692152,0.42389644629600054,45,early
45542,142,0,0.32646795530175965,0.44778794623525936,45,early
45543,143,0,0.47886180041826676,0.34621880819082795,45,early
45544,144,0,0.5524903409114957,0.6259963938591542,45,early
45545,145,0,0.39437718077338274,0.4010035952891505,45,early
45546,146,0,0.6794558709892351,0.3523302498830033,45,early
45547,147,0,0.36824846803660893,0.4438209089304424,45,early
45548,148,0,0.3604619283500658,0.31936669197197454,45,early
45549,149,0,0.5860813393672015,0.44471339232864193,45,early
45550,150,0,0.6343467821649262,0.2542110922467088,45,early
45551,151,0,0.5052792479695472,0.3953604868984235,45,early
45552,152,0,0.5733512291280994,0.32589668580416126,45,early
45553,153,0,0.3943704506059308,0.38059631441624686,45,early
45554,154,0,0.7803657586310548,0.26366226791680164,45,early
45555,155,0,0.461749706975829,0.4838674792242005,45,early
45556,156,0,0.28764487012857387,0.38116305697629416,45,early
45557,157,0,0.4538629674549126,0.43484968734578666,45,early
45558,158,0,0.2825008583975701,0.4582182584661877,45,early
45559,159,0,0.5545760652115297,0.31585040467139747,45,early
45560,160,0,0.3971689831295556,0.44556387261742736,45,early
45561,161,0,0.5478658098822651,0.6010443259178936,45,early
45562,162,0,0.40700623790491497,0.43645905047745914,45,early
45563,163,0,0.3652335240329949,0.4318619640703642,45,early
45564,164,0,0.4555712439444121,0.5356946504071786,45,early
45565,165,0,0.2123410323614664,0.32515848299111744,45,early
45566,166,0,0.6960322303678894,0.4176317792217221,45,early
45567,167,0,0.6145158688176756,0.35918133454296,45,early
45568,168,0,0.31730631976493473,0.3258344747028574,45,early
45569,169,0,0.6610820817626291,0.4020056533374883,45,early
45570,170,0,0.6221932128903989,0.3869012946000868,45,early
45571,171,0,0.2463734567754923,0.36292481904040474,45,early
45572,172,0,0.49415819978823394,0.42176178222473737,45,early
45573,173,0,0.7007024196863337,0.4236028421115473,45,early
45574,174,0,0.6345511032370298,0.4719370346335289,45,early
45575,175,0,0.6996832436952722,0.6267638333063844,45,early
45576,176,0,0.5642034360569568,0.34054197709524536,45,early
45577,177,0,0.4298175488465265,0.4010781494426491,45,early
45578,178,0,0.38638592913290026,0.4855786585694466,45,early
45579,179,0,0.5386535400854119,0.3878768314196991,45,early
45580,180,0,0.531187417737556,0.46808055688888894,45,early
45581,181,0,0.45996228925479377,0.4544372852804942,45,early
45582,182,0,0.29385880433512224,0.3758611817219958,45,early
45583,183,0,0.6277841377762392,0.34268745722332555,45,early
45584,184,0,0.39334235610578283,0.4622987573895597,45,early
45585,185,0,0.49536713324380827,0.39613679802936785,45,early
45586,186,0,0.5498205994112431,0.39983058672452787,45,early
45587,187,0,0.66203297177249,0.4021695846837129,45,early
45588,188,0,0.43224424044282117,0.40775570311018305,45,early
45589,189,0,0.3906078618054333,0.3387129486758562,45,early
45590,190,0,0.5088942031874434,0.3881446542300382,45,early
45591,191,0,0.46516799549530613,0.3194150301100827,45,early
45592,192,0,0.40526302649985807,0.428200560583458,45,early
45593,193,0,0.5647377069393161,0.3399653030918607,45,early
45594,194,0,0.37986083752571426,0.3848640367495013,45,early
45595,195,0,0.4896544948534937,0.4630435736984503,45,early
45596,196,0,0.5782230963122119,0.41801015802821306,45,early
45597,197,0,0.5021720025335086,0.5005463778076732,45,early
45598,198,0,0.27394413783558025,0.39508679735683416,45,early
45599,199,0,0.4381958501798561,0.4575917826222631,45,early
45600,0,0,0.5119774981355536,0.8134175841135896,45,middle
45601,1,1,0.539849084447552,1.3984719096808347,45,middle
45602,2,2,0.14899952442426959,1.1584282981270615,45,middle
45603,3,3,0.026237407130093728,1.4082311735081612,45,middle
45604,4,4,0.4120041912545979,1.0845521684571813,45,middle
45605,5,5,0.032631875010687955,0.8462584237083497,45,middle
45606,6,6,0.49947186735904203,1.520197590626224,45,middle
45607,7,7,0.03836537047149928,0.7870842145292545,45,middle
45608,8,8,0.9768830697412862,1.4701544082208922,45,middle
45609,9,9,0.9960781834586272,1.2372318573796175,45,middle
45610,10,10,0.2658511984329271,1.1735861842794173,45,middle
45611,11,11,0.7629950598647413,1.1063232202858355,45,middle
45612,12,12,0.49950842313933047,1.186889534900029,45,middle
45613,13,13,0.5014642179842216,1.3250006731583084,45,middle
45614,14,14,0.05582406064553555,1.5310582545673,45,middle
45615,15,15,0.5223267499192304,1.250831874745228,45,middle
45616,16,16,0.5116305142552754,0.8949223430027264,45,middle
45617,17,17,0.10273189410819544,1.11759979902476,45,middle
45618,18,18,0.4995364351289854,1.3852023854852678,45,middle
45619,19,19,0.9624055962055975,1.2033501218883909,45,middle
45620,20,20,0.001755413291145391,1.1111784515145389,45,middle
45621,21,21,0.5314019862996409,1.2140018562591557,45,middle
45622,22,22,0.9030239162675513,1.3422235707451904,45,middle
45623,23,16,0.8776424469220799,0.6223087584644451,45,middle
45624,24,23,0.49071908235806155,1.0623938775941855,45,middle
45625,25,24,0.4479539107795112,0.9466577779897163,45,middle
45626,26,16,0.4856309074759121,0.89675378808575,45,middle
45627,27,24,0.4748317696005094,0.783786059349804,45,middle
45628,28,7,0.475194638823184,0.7891202907762784,45,middle
45629,29,25,0.9603546625384317,1.2674881363943247,45,middle
45630,30,26,0.5000320574838278,1.1764908338860303,45,middle
45631,31,16,0.06333169272168847,0.909671023118551,45,middle
45632,32,27,0.21782731498399838,0.8586424874001088,45,middle
45633,33,28,0.7556619085414333,1.0721637908516546,45,middle
45634,34,29,0.7464741733990047,1.1760820291310892,45,middle
45635,35,30,0.10438228667608732,0.9977845599421855,45,middle
45636,36,31,0.5305409708243413,0.8666281677677186,45,middle
45637,37,32,0.9466381961971962,0.9916870470862498,45,middle
45638,38,33,0.7411709565894506,0.7586148503467167,45,middle
45639,39,30,0.05749919817925601,0.7417937685063236,45,middle
45640,40,34,0.30763470212056165,1.077327840974541,45,middle
45641,41,35,0.41005122372176883,0.8142169522669291,45,middle
45642,42,36,0.4974143017246504,1.2678159083307605,45,middle
45643,43,37,0.9734231475750816,1.150818646940163,45,middle
45644,44,38,0.4058757314087784,0.9277762405769705,45,middle
45645,45,27,0.4786610936603377,0.7366935584625492,45,middle
45646,46,30,0.5822388525486183,0.6875823799292564,45,middle
45647,47,33,0.3705217530360007,0.7233219692381736,45,middle
45648,48,39,0.34481462007652913,0.7762385873349859,45,middle
45649,49,40,0.5325515802292807,0.8675389777249727,45,middle
45650,50,41,0.49997280338850725,1.7574962882886584,45,middle
45651,51,30,0.6002267457683627,0.7217855472588008,45,middle
45652,52,16,0.46685923904721394,0.8937886134672014,45,middle
45653,53,42,0.29040815004392145,0.8274950483100851,45,middle
45654,54,30,0.6385628945937795,0.5831363172938359,45,middle
45655,55,43,0.5343132300038815,1.0389588202551159,45,middle
45656,56,5,0.5121452947191927,0.6390938166650626,45,middle
45657,57,33,0.06475706020893995,0.9395381276206873,45,middle
45658,58,44,0.49996106174201155,1.0426278768354265,45,middle
45659,59,45,0.3663116794408734,0.7816890051430754,45,middle
45660,60,33,0.7249276558316374,0.5325471371770928,45,middle
45661,61,24,0.6432810780132363,0.6921284674671907,45,middle
45662,62,46,0.018323825483388994,1.072309489216639,45,middle
45663,63,16,0.5408428921642906,0.7312411265551523,45,middle
45664,64,30,0.5863695818546617,0.6913285773336686,45,middle
45665,65,30,0.37101213641232417,0.578679746771149,45,middle
45666,66,33,0.266012983200281,0.674946725764635,45,middle
45667,67,47,0.49969117994553497,0.9050889536091249,45,middle
45668,68,48,0.5365501030508644,0.9374169933987535,45,middle
45669,69,49,0.529082081677618,1.1734771694286312,45,middle
45670,70,50,0.3242955225523957,1.067974414807533,45,middle
45671,71,51,0.6324327233510231,1.0975080656300809,45,middle
45672,72,0,0.5004065534161786,0.5716184701447209,45,middle
45673,73,46,0.03741368029949981,0.643897773102287,45,middle
45674,74,30,0.3858489789518269,0.6067052923359021,45,middle
45675,75,46,0.49848780382773406,0.7239292474857998,45,middle
45676,76,16,0.4495096142504878,0.7619189470697056,45,middle
45677,77,46,0.9728482739594679,0.6674775338490841,45,middle
45678,78,30,0.35255688643961414,0.8235984384895508,45,middle
45679,79,30,0.64997736556531,0.5689323208311274,45,middle
45680,80,24,0.4159662253354507,0.6498781282849615,45,middle
45681,81,46,0.5372737790678419,0.6846262018642612,45,middle
45682,82,46,0.5235620633365726,0.7126520919096164,45,middle
45683,83,33,0.7749732394341726,0.6722037695021802,45,middle
45684,84,33,0.750395582331242,0.6860055545738355,45,middle
45685,85,46,0.02886072091725526,0.8256701100754924,45,middle
45686,86,30,0.19423512764768508,0.7447174932271821,45,middle
45687,87,16,0.20131600515576828,0.6708333289098174,45,middle
45688,88,33,0.2687721586885839,0.7253555696770332,45,middle
45689,89,46,0.5559482982915782,0.706525870702883,45,middle
45690,90,46,0.5558482707124331,0.9650705394759047,45,middle
45691,91,52,0.708346276930481,0.9561357563905083,45,middle
45692,92,46,0.5315526723557396,0.6369702854048361,45,middle
45693,93,33,0.7140655581951039,0.4635570630678818,45,middle
45694,94,46,0.46176511996838887,0.7562645822309293,45,middle
45695,95,46,0.5673956448538706,0.6601027105689414,45,middle
45696,96,46,0.5269620428961524,0.7791218466818981,45,middle
45697,97,33,0.18383197153249117,0.7701654792093928,45,middle
45698,98,33,0.8102222313251939,0.43990920251622617,45,middle
45699,99,33,0.8090922005454715,0.6125201920508136,45,middle
45700,100,30,0.1098084958558322,0.5851840814089788,45,middle
45701,101,33,0.7116157042405934,0.5118788988427503,45,middle
45702,102,46,0.461997260306279,0.6060255583836811,45,middle
45703,103,33,0.2068914087009593,0.55068469640841,45,middle
45704,104,33,0.8383830364280942,0.6475522532979576,45,middle
45705,105,33,0.1636053769848617,0.5730391190866443,45,middle
45706,106,33,0.24037265569637914,0.5238624886351393,45,middle
45707,107,30,0.18784865801447992,0.7122696675074542,45,middle
45708,108,33,0.2600274801204872,0.666968713562299,45,middle
45709,109,46,0.8346137614008515,0.5840508670798485,45,middle
45710,110,46,0.566509315566559,0.8218627933151655,45,middle
45711,111,46,0.5500649601900084,0.5700861225567455,45,middle
45712,112,33,0.21355465213085761,0.43144840925436145,45,middle
45713,113,16,0.5071621851902035,0.7997217455654888,45,middle
45714,114,33,0.8159540036642962,0.5214178383515686,45,middle
45715,115,33,0.17376600753849872,0.6980472786467136,45,middle
45716,116,46,0.06852932176649612,0.686592094630053,45,middle
45717,117,33,0.21125596669773983,0.5615276231649593,45,middle
45718,118,46,0.3840214276411218,0.6629598013101115,45,middle
45719,119,46,0.04198475166652583,0.7183938153448408,45,middle
45720,120,33,0.42000461196166455,0.47084109573332567,45,middle
45721,121,33,0.20847313878277793,0.4933816354402885,45,middle
45722,122,33,0.43097640182677444,0.4777774949686773,45,middle
45723,123,33,0.20420995683869958,0.6025975612085459,45,middle
45724,124,33,0.6087460470982796,0.6203396400820591,45,middle
45725,125,46,0.09911069307503816,0.5773953183943286,45,middle
45726,126,33,0.48524264699150965,0.47110010136120384,45,middle
45727,127,33,0.16858356588042278,0.5553706206132265,45,middle
45728,128,33,0.40839424585221556,0.4240319843386982,45,middle
45729,129,33,0.2186040551711125,0.6367878037408761,45,middle
45730,130,46,0.9668187499609453,0.4194867429563929,45,middle
45731,131,33,0.08874996845590678,0.6753407862943076,45,middle
45732,132,33,0.5430873667212461,0.5875753247036913,45,middle
45733,133,33,0.18754400818559855,0.5364793072182796,45,middle
45734,134,33,0.5727524715658665,0.44789979823483334,45,middle
45735,135,33,0.3088917427152573,0.4535764527866892,45,middle
45736,136,46,0.020348911032059474,0.5075586484784609,45,middle
45737,137,33,0.2755410817740228,0.4555603061889278,45,middle
45738,138,33,0.516369857203834,0.6366247463527436,45,middle
45739,139,33,0.7352908713971125,0.3636927597877714,45,middle
45740,140,33,0.6135471792297141,0.5367638302895591,45,middle
45741,141,33,0.7129171365029153,0.404274382481137,45,middle
45742,142,33,0.545766557233612,0.49644213163136175,45,middle
45743,143,33,0.31501397060993896,0.43516023654171765,45,middle
45744,144,33,0.6037921651032536,0.4631426198714226,45,middle
45745,145,33,0.24878953881537857,0.5485959596603127,45,middle
45746,146,33,0.5605725728093038,0.34712148509705043,45,middle
45747,147,33,0.7183228780348864,0.49041003600011357,45,middle
45748,148,33,0.629828805193664,0.5940066564108392,45,middle
45749,149,33,0.3737342998144881,0.3862816065402164,45,middle
45750,150,33,0.7129794560778373,0.35258651211567443,45,middle
45751,151,33,0.4900031435246621,0.4213956014431288,45,middle
45752,152,33,0.4736759690877355,0.5603973182128182,45,middle
45753,153,33,0.5030038858460806,0.47114559863585803,45,middle
45754,154,33,0.557488079149214,0.5223237963952362,45,middle
45755,155,33,0.7358114358833406,0.44724650216102185,45,middle
45756,156,33,0.358441760503017,0.5117748166555713,45,middle
45757,157,46,0.4980891803793415,0.6083201304331719,45,middle
45758,158,33,0.6214298841959587,0.5050411387364316,45,middle
45759,159,33,0.2557154737862302,0.5552023529988175,45,middle
45760,160,33,0.6029094114597733,0.3909078384106802,45,middle
45761,161,33,0.8369568490416692,0.4583386986633632,45,middle
45762,162,33,0.6410706443559804,0.34095799010376093,45,middle
45763,163,33,0.8157531760522234,0.4282838251977185,45,middle
45764,164,33,0.4079450617090108,0.37251936228115345,45,middle
45765,165,33,0.6919587526272438,0.47266744171774977,45,middle
45766,166,33,0.16925744605373472,0.5455248866527702,45,middle
45767,167,33,0.19078432651021482,0.44227043320870063,45,middle
45768,168,33,0.31751353370329505,0.3914445592071062,45,middle
45769,169,33,0.4027383655401242,0.6081826308260041,45,middle
45770,170,33,0.780834148917944,0.3196360311408036,45,middle
45771,171,33,0.3242090097002092,0.5390371874671293,45,middle
45772,172,33,0.7232161520887852,0.41055914506051927,45,middle
45773,173,33,0.37175077317522714,0.40355701968208413,45,middle
45774,174,33,0.45870270278304603,0.4738640949445375,45,middle
45775,175,33,0.5800940016020789,0.43099486225500594,45,middle
45776,176,33,0.5150747081889275,0.2802877142603133,45,middle
45777,177,33,0.7602614190925974,0.544147354229531,45,middle
45778,178,33,0.8341942421965415,0.3715559890393846,45,middle
45779,179,33,0.3958450780543346,0.5369035155062435,45,middle
45780,180,33,0.5123872477077612,0.35863048798915126,45,middle
45781,181,33,0.5800077210146015,0.3391131471378458,45,middle
45782,182,33,0.556613809515612,0.37216922046591017,45,middle
45783,183,33,0.8160174482418103,0.37444093079857377,45,middle
45784,184,33,0.8957564802636905,0.40227251617405435,45,middle
45785,185,33,0.29796480217054044,0.45614844015829015,45,middle
45786,186,46,0.9761320651299498,0.43389593096900436,45,middle
45787,187,33,0.44339616442069674,0.5574432396414675,45,middle
45788,188,33,0.23190535840991325,0.45155766294612687,45,middle
45789,189,33,0.6110532708427637,0.27417839366700314,45,middle
45790,190,33,0.6240610339990303,0.4199257804298436,45,middle
45791,191,33,0.44996666973515986,0.4410889832949123,45,middle
45792,192,33,0.3152347108277068,0.3430309026938314,45,middle
45793,193,33,0.5365025106192123,0.5468104099194981,45,middle
45794,194,33,0.560420734344743,0.5556480929344662,45,middle
45795,195,33,0.749735565682123,0.44189297185509446,45,middle
45796,196,33,0.25821021027270186,0.46709809084736825,45,middle
45797,197,33,0.3384136748051322,0.5363521412397421,45,middle
45798,198,33,0.49612265099325265,0.32941329393266783,45,middle
45799,199,33,0.6241674110502049,0.35699170344679015,45,middle
45800,0,0,0.1276007205497889,0.928908702051078,45,late
45801,1,0,0.47825639778342605,0.8463926454038608,45,late
45802,2,1,0.9346950583162172,0.805525881951573,45,late
45803,3,0,0.5565716429952919,0.6349662756812733,45,late
45804,4,2,0.6129311934012149,1.1145826699577372,45,late
45805,5,3,0.7129265888969996,1.3820770866759795,45,late
45806,6,4,0.2816411159766944,1.4732485959070485,45,late
45807,7,0,0.34448928060383044,0.8141851767302324,45,late
45808,8,5,0.5919456803782185,1.3773567970426706,45,late
45809,9,6,0.9995124126763589,1.3296431819154901,45,late
45810,10,7,0.4834254505696675,1.0974199727475829,45,late
45811,11,8,0.9842456433755172,1.2493916570456927,45,late
45812,12,9,0.13938527757059954,1.603396588367643,45,late
45813,13,10,0.0014786639336170381,0.9285300174363038,45,late
45814,14,11,0.9306302463544487,1.2599480107033778,45,late
45815,15,12,0.9909909837226655,1.4899839654968168,45,late
45816,16,13,0.7592492280463172,1.0697376415487736,45,late
45817,17,14,0.12074523389401295,1.3202453028691408,45,late
45818,18,15,0.4994347016154804,1.1613783258811667,45,late
45819,19,10,0.9987091925220015,0.6289252857033047,45,late
45820,20,16,0.055493869057590545,1.0573223577996975,45,late
45821,21,17,0.9955208113598846,1.1006844243076503,45,late
45822,22,18,0.5001592549688887,1.3950413686810026,45,late
45823,23,19,0.0027619116027759747,0.8820584383912531,45,late
45824,24,10,0.49904748190410697,0.6923722478764089,45,late
45825,25,0,0.4031658919887933,0.8038125966565208,45,late
45826,26,0,0.9508544272901109,0.715248175339668,45,late
45827,27,19,0.24804074395764286,0.818436599422335,45,late
45828,28,20,0.46550131347226387,1.1647075925417574,45,late
45829,29,13,0.5425895595216246,0.8365096344917597,45,late
45830,30,0,0.8684218696054214,0.6577786122272806,45,late
45831,31,10,0.0015950269486591697,0.8566103047489638,45,late
45832,32,10,0.4996341851627893,0.6718874291990306,45,late
45833,33,21,0.2958031408129227,0.9147628331631003,45,late
45834,34,22,0.15350232028442773,1.0881580776718347,45,late
45835,35,13,0.6349892314236757,0.7743946101570659,45,late
45836,36,23,0.0029636434971052838,1.3011554641485708,45,late
45837,37,0,0.48619080153974015,0.8102396040969853,45,late
45838,38,0,0.04616142747599619,0.8450383633612344,45,late
45839,39,0,0.38757960122263396,0.7247449997860111,45,late
45840,40,24,0.6424627543313322,0.8168440884811998,45,late
45841,41,13,0.3531355473636833,0.8665820907017934,45,late
45842,42,13,0.859194548263929,0.7076484801030719,45,late
45843,43,22,0.8016668855528175,0.7938941532774622,45,late
45844,44,25,0.0005700367840260627,1.2546968152902513,45,late
45845,45,26,0.4538683956144681,1.1698236436299432,45,late
45846,46,27,0.48981829235974333,1.3433959476037276,45,late
45847,47,0,0.4054174180713996,0.9257379767956622,45,late
45848,48,0,0.1012917207769879,0.7774678669024698,45,late
45849,49,0,0.35504853944050657,0.883922949482088,45,late
45850,50,10,0.4993857222231955,0.7802271980470754,45,late
45851,51,10,0.998498782197748,0.6373530309275819,45,late
45852,52,28,0.48839062878954764,1.1988102127402744,45,late
45853,53,13,0.43015212701332545,0.7241491040097316,45,late
45854,54,10,0.49996350738873924,0.8477669608208367,45,late
45855,55,13,0.2927179515525645,0.7176009087807393,45,late
45856,56,13,0.2441260399736036,0.6976748293029141,45,late
45857,57,10,0.7734139620903192,0.8509067447527352,45,late
45858,58,0,0.9415001366995518,0.6862051237526496,45,late
45859,59,0,0.4131400400486707,0.9314322751216919,45,late
45860,60,10,0.49949561857003466,0.7270569184634488,45,late
45861,61,10,0.8372267892511804,0.6573159598988596,45,late
45862,62,0,0.05434321221175993,0.7547939867713387,45,late
45863,63,10,0.7831817777592045,0.5903691609589066,45,late
45864,64,0,0.0238793442736893,0.9811289278798128,45,late
45865,65,0,0.529134002870947,0.674194598603337,45,late
45866,66,0,0.07659777493570777,0.8434598719262029,45,late
45867,67,10,0.004259574151921796,0.7075696521269765,45,late
45868,68,10,0.4998526497612214,0.8805965611580455,45,late
45869,69,0,0.4701562525349135,0.8413445807415574,45,late
45870,70,0,0.2665932247996827,0.7197638591397799,45,late
45871,71,0,0.42055796646457844,0.6615184749177301,45,late
45872,72,10,0.4991570044822671,0.6921680474269175,45,late
45873,73,10,0.9846677039067486,0.6275153383787472,45,late
45874,74,10,0.48947789611857595,0.6957561165209868,45,late
45875,75,10,0.9895798054420613,0.4777120980946782,45,late
45876,76,0,0.05191349410169974,0.7672981192719674,45,late
45877,77,0,0.4700521586431186,0.7163987974377708,45,late
45878,78,0,0.935908514758611,0.7219379364573284,45,late
45879,79,10,0.5165561145844402,0.6263863419601352,45,late
45880,80,0,0.9615159109672652,0.5125019190162763,45,late
45881,81,0,0.023660001321182674,0.8888967490911539,45,late
45882,82,0,0.022057260147153958,0.828009111780071,45,late
45883,83,0,0.03064321791548678,0.8227571026730678,45,late
45884,84,0,0.9299894725527902,0.6158615334330981,45,late
45885,85,10,0.49948420836704643,0.6459873270779449,45,late
45886,86,10,0.492886143539274,0.4518265650600757,45,late
45887,87,10,0.4972040133269074,0.5495260681850351,45,late
45888,88,10,0.4970107665022651,0.5948150358656541,45,late
45889,89,10,0.4886828740509299,0.6535301208992363,45,late
45890,90,10,0.49986844489462423,0.6868255476323673,45,late
45891,91,10,0.502385800823955,0.7259271971902561,45,late
45892,92,10,0.4776810335005726,0.5774601495140641,45,late
45893,93,0,0.18660002033670517,0.6109505955114338,45,late
45894,94,0,0.921463499550837,0.6224198543055934,45,late
45895,95,0,0.04507581838370218,0.7215401678665134,45,late
45896,96,0,0.04653351810500018,0.7282604916301914,45,late
45897,97,0,0.8530772424200108,0.7210447976050203,45,late
45898,98,0,0.8678568351785204,0.7209053050357441,45,late
45899,99,0,0.05248273367116343,0.6900985561555879,45,late
45900,100,0,0.8796467726387229,0.6564154895111174,45,late
45901,101,10,0.2114274727031793,0.5733776196191203,45,late
45902,102,10,0.5162013345219773,0.4997006312292902,45,late
45903,103,10,0.5057733211445656,0.864155868807452,45,late
45904,104,10,0.44974667448396066,0.5692205855297758,45,late
45905,105,0,0.9021096052131589,0.5236816156187978,45,late
45906,106,10,0.0816164547999047,0.6839235035565853,45,late
45907,107,10,0.43553642903482265,0.5028305047575905,45,late
45908,108,10,0.4203797671770103,0.5875511449018755,45,late
45909,109,0,0.8622197059650034,0.43808407615709843,45,late
45910,110,0,0.9095194233997815,0.7777874262260357,45,late
45911,111,10,0.5201946124508541,0.5125786283599993,45,late
45912,112,0,0.8663877454325489,0.5345855910823847,45,late
45913,113,10,0.17273381035268742,0.6063534713456782,45,late
45914,114,0,0.7954309931149506,0.5647450202286505,45,late
45915,115,10,0.5164923439165681,0.6311041555200769,45,late
45916,116,10,0.47611134240396236,0.4255140443102805,45,late
45917,117,0,0.8435361590856093,0.5042105662486893,45,late
45918,118,10,0.5490909535291302,0.5034263448140062,45,late
45919,119,0,0.11024608478945831,0.47478722801621825,45,late
45920,120,10,0.9361844721391275,0.37061832280406193,45,late
45921,121,10,0.9051731165402669,0.3473503976060216,45,late
45922,122,10,0.8974232001693361,0.3587523705224467,45,late
45923,123,10,0.946896019660018,0.38983464541459434,45,late
45924,124,10,0.9097462398269193,0.46687209977549143,45,late
45925,125,0,0.46820566052941703,0.42072118997897523,45,late
45926,126,0,0.39754310815795363,0.5764060121753694,45,late
45927,127,0,0.5090822779005533,0.7172389404455226,45,late
45928,128,10,0.12350360313744382,0.5205092069454911,45,late
45929,129,0,0.48386129258190497,0.6252128878523551,45,late
45930,130,0,0.4841089870109099,0.40769659494320143,45,late
45931,131,0,0.4540341326427919,0.33971256979592107,45,late
45932,132,10,0.9018792635752522,0.4482699611905078,45,late
45933,133,0,0.45916823118754524,0.4886859344216452,45,late
45934,134,0,0.4929208871592046,0.46707131767937665,45,late
45935,135,10,0.09230339013416958,0.6172825545071943,45,late
45936,136,0,0.41560190493949756,0.4512773980553896,45,late
45937,137,0,0.5733097361889518,0.46912702084909963,45,late
45938,138,0,0.5455661601856011,0.462347012207319,45,late
45939,139,0,0.5480879146204519,0.5064207592232042,45,late
45940,140,0,0.3500526198887597,0.45477126680602664,45,late
45941,141,0,0.4930480908439051,0.5037554054924089,45,late
45942,142,10,0.12611017288427284,0.5345200915372974,45,late
45943,143,0,0.4986344676937391,0.5620393903902703,45,late
45944,144,0,0.3261672534466896,0.5579988492974252,45,late
45945,145,0,0.5370562188766596,0.4782483472772411,45,late
45946,146,0,0.38847126775737856,0.4521604001386136,45,late
45947,147,0,0.3776532295142917,0.4494087865019405,45,late
45948,148,0,0.3134510404685768,0.5643819989259433,45,late
45949,149,0,0.5978290041172135,0.31949094573113607,45,late
45950,150,0,0.426805947323575,0.5290693659378576,45,late
45951,151,0,0.2561463176119329,0.5270206418780009,45,late
45952,152,0,0.46787312236204637,0.48565253283697685,45,late
45953,153,0,0.5333552857923698,0.4199630421460224,45,late
45954,154,10,0.09192428570293358,0.5989822237030666,45,late
45955,155,0,0.5962567587435047,0.4053517098847692,45,late
45956,156,0,0.4616941992539502,0.4728251658061322,45,late
45957,157,10,0.10216638094212371,0.43985917825161813,45,late
45958,158,0,0.4651614355299928,0.4661437708004512,45,late
45959,159,0,0.47359266208768586,0.4282367395481528,45,late
45960,160,0,0.6980444795914887,0.4288304474160278,45,late
45961,161,0,0.6045255029644412,0.43835440886189164,45,late
45962,162,0,0.7809388762377456,0.5336798948007144,45,late
45963,163,0,0.6748199819271872,0.5254272612156958,45,late
45964,164,0,0.17999180382275684,0.5602056127663054,45,late
45965,165,0,0.3491469282457428,0.5273704029128831,45,late
45966,166,0,0.4194269246731347,0.6306351804949231,45,late
45967,167,10,0.3990362126439574,0.44061587762916,45,late
45968,168,0,0.4586216661548922,0.4101820699962837,45,late
45969,169,0,0.5100871666727622,0.4315749126299526,45,late
45970,170,0,0.47406976983308025,0.49136712639734237,45,late
45971,171,0,0.4386869536008885,0.3719140086727907,45,late
45972,172,0,0.36487461314678205,0.5390508041187532,45,late
45973,173,10,0.586841407922878,0.37521605425519045,45,late
45974,174,0,0.5669048572224146,0.41265737406220304,45,late
45975,175,0,0.4915995689855024,0.38465294387175963,45,late
45976,176,0,0.5236749573728444,0.3737759594994578,45,late
45977,177,0,0.2955022517590651,0.5990383827265637,45,late
45978,178,0,0.6462440746006326,0.377970878323306,45,late
45979,179,0,0.38223169630875903,0.3964204299185074,45,late
45980,180,0,0.36757853225081627,0.4468151713639127,45,late
45981,181,0,0.6492176472950989,0.42714718464865986,45,late
45982,182,0,0.6133347902025055,0.3241135663208967,45,late
45983,183,0,0.5178842424612431,0.3840767827123639,45,late
45984,184,0,0.3323946418651543,0.5960064947393902,45,late
45985,185,0,0.5515429392366485,0.39030935691103863,45,late
45986,186,0,0.4428835447928617,0.4542876412144816,45,late
45987,187,0,0.25046419964596656,0.7070370197494531,45,late
45988,188,0,0.6320447183403999,0.3603107753265476,45,late
45989,189,0,0.3585575479109489,0.44862548034446814,45,late
45990,190,0,0.5521773939406724,0.5034011803709497,45,late
45991,191,0,0.6915071555698384,0.44034166739123964,45,late
45992,192,0,0.5015790474437479,0.402899862036715,45,late
45993,193,0,0.47194101421419976,0.5395668917107727,45,late
45994,194,0,0.5412352803011445,0.4085392902251571,45,late
45995,195,0,0.4635213962029977,0.35928844570833973,45,late
45996,196,0,0.688156551578218,0.4030922354589388,45,late
45997,197,0,0.2805402928480888,0.5806508594605402,45,late
45998,198,0,0.7851128129716238,0.41667679984446737,45,late
45999,199,0,0.6477977099176686,0.3988411111393093,45,late
46000,0,0,0.05216284687422468,1.0342003954797918,46,interleaved
46001,1,1,0.4994444885097033,1.248025056595655,46,interleaved
46002,2,2,0.37980146083430927,1.3600874921280859,46,interleaved
46003,3,3,0.59219584075984,1.1376859172363991,46,interleaved
46004,4,4,0.5014101782556379,0.9411586809933428,46,interleaved
46005,5,5,0.07081374393151912,1.3977112738755941,46,interleaved
46006,6,6,0.026281903381021238,1.4695881576939112,46,interleaved
46007,7,7,0.02922769498330742,1.003373138846971,46,interleaved
46008,8,8,0.0017640863779515839,1.2584426508368067,46,interleaved
46009,9,9,0.010805468558849193,0.7291575900606684,46,interleaved
46010,10,10,0.8705035464092119,0.6616947171110584,46,interleaved
46011,11,10,0.5355888451732123,0.6247404458315087,46,interleaved
46012,12,11,0.5037723818492068,1.1084638995926233,46,interleaved
46013,13,12,0.061335598565685434,1.0205602576915853,46,interleaved
46014,14,13,0.022242314892930912,1.250970794850098,46,interleaved
46015,15,14,0.6386638293341598,1.0759210938977932,46,interleaved
46016,16,15,0.6623467900593113,1.0701170739387957,46,interleaved
46017,17,16,0.9227583297567511,0.9839588057169997,46,interleaved
46018,18,17,0.9871727654152098,0.6985247289144763,46,interleaved
46019,19,17,0.5167477608419918,0.6914152227548508,46,interleaved
46020,20,0,0.9826113755928527,0.49278303401844537,46,interleaved
46021,21,17,0.5082753396757318,0.7496556084596852,46,interleaved
46022,22,17,0.014427644607336997,0.7349981372907459,46,interleaved
46023,23,17,0.49572234174299057,0.6788315772932635,46,interleaved
46024,24,18,0.01848949759128987,0.7794137172236115,46,interleaved
46025,25,19,0.499675995454852,0.870190719540819,46,interleaved
46026,26,17,0.9883601110926231,0.4764881773745089,46,interleaved
46027,27,17,0.5017310996154387,0.6891263458385812,46,interleaved
46028,28,17,0.9837407225998173,0.6383391271627026,46,interleaved
46029,29,20,0.49720453789391084,0.9657071721608327,46,interleaved
46030,30,21,0.14580186944252227,1.0242256361354514,46,interleaved
46031,31,22,0.5015196037381361,0.7020909863940028,46,interleaved
46032,32,17,0.011804528990294019,0.7082065661571861,46,interleaved
46033,33,10,0.6330544045537507,0.6266724723119363,46,interleaved
46034,34,10,0.9140819878950627,0.6195276008926247,46,interleaved
46035,35,22,0.9623445128213306,0.6063099230709476,46,interleaved
46036,36,23,0.07523982042223383,1.0945938235002064,46,interleaved
46037,37,17,0.5071704153118904,0.6255711497073617,46,interleaved
46038,38,17,0.02329685713517111,0.6643312488019111,46,interleaved
46039,39,24,0.4995860142169628,0.8021768321390947,46,interleaved
46040,40,17,0.9799481145779951,0.6125768835108578,46,interleaved
46041,41,4,0.9969978643942253,0.6392468704583585,46,interleaved
46042,42,17,0.014437349433929504,0.6427074549439367,46,interleaved
46043,43,18,0.5000399747871916,0.7014771740073769,46,interleaved
46044,44,25,0.016328707281561966,0.7034658468613084,46,interleaved
46045,45,26,0.9855932462636304,1.0068820491658368,46,interleaved
46046,46,17,0.01514099458102367,0.635188887948821,46,interleaved
46047,47,27,0.5043575443451498,0.9904786902921746,46,interleaved
46048,48,10,0.052305334739182856,0.608780081393244,46,interleaved
46049,49,28,0.4567725756757732,0.7742371718478229,46,interleaved
46050,50,28,0.5313882803868593,0.6892711839044152,46,interleaved
46051,51,10,0.4192223001805382,0.5485761303136946,46,interleaved
46052,52,29,0.00015423161847247067,0.8712994896269359,46,interleaved
46053,53,30,0.4999177990722604,0.8881533686306786,46,interleaved
46054,54,28,0.5574560739105375,0.5016505307853965,46,interleaved
46055,55,28,0.9500027756323407,0.6498596482575414,46,interleaved
46056,56,31,0.15465632643393187,1.598796142148808,46,interleaved
46057,57,17,0.5178922225371559,0.676216982383478,46,interleaved
46058,58,17,0.9663832786166903,0.5781175964079923,46,interleaved
46059,59,17,0.5042214759290259,0.659402550641127,46,interleaved
46060,60,17,0.0333814775019536,0.7233705918590447,46,interleaved
46061,61,17,0.4957849923755392,0.5738047898024247,46,interleaved
46062,62,17,0.035872213217800944,0.6901734076192196,46,interleaved
46063,63,17,0.47413406655403023,0.5035542986527155,46,interleaved
46064,64,17,0.960187169150887,0.5590663980654199,46,interleaved
46065,65,17,0.5121732680419685,0.6325774142800373,46,interleaved
46066,66,17,0.04053292743610265,0.6857411231844714,46,interleaved
46067,67,17,0.4506530723536987,0.506764406754899,46,interleaved
46068,68,17,0.9269491636435432,0.46304904547088643,46,interleaved
46069,69,17,0.5355475108354614,0.5001694975549016,46,interleaved
46070,70,17,0.9323491644688928,0.42574900957554307,46,interleaved
46071,71,17,0.42277197972459346,0.5836127674720786,46,interleaved
46072,72,17,0.8961187981698859,0.42540651992394435,46,interleaved
46073,73,17,0.5215243796735608,0.49965258437212073,46,interleaved
46074,74,17,0.11520467001812865,0.4472151447588743,46,interleaved
46075,75,17,0.5737641055137747,0.3960249092330776,46,interleaved
46076,76,17,0.7780034179890866,0.4158794180019792,46,interleaved
46077,77,17,0.49722942514864243,0.4481627470507681,46,interleaved
46078,78,17,0.09506002566267707,0.5123623511216471,46,interleaved
46079,79,17,0.5109905786116424,0.5169470031213743,46,interleaved
46080,80,17,0.11723942092654546,0.4949256109485882,46,interleaved
46081,81,17,0.5708076192826698,0.36551310463678427,46,interleaved
46082,82,17,0.13425292179599507,0.6281904492878925,46,interleaved
46083,83,17,0.41625479011872685,0.40449451150084503,46,interleaved
46084,84,17,0.1323686932178976,0.4612640091930736,46,interleaved
46085,85,17,0.5143834941644146,0.5014803911636723,46,interleaved
46086,86,17,0.7542424619634591,0.442251409167418,46,interleaved
46087,87,17,0.49839360690521295,0.42692575021194523,46,interleaved
46088,88,17,0.1888974500079173,0.3403878124996524,46,interleaved
46089,89,17,0.5304879325551549,0.493937268615372,46,interleaved
46090,90,28,0.5131435558377323,0.5713378724808157,46,interleaved
46091,91,17,0.5419929342013791,0.41085425836748624,46,interleaved
46092,92,17,0.8543091333402806,0.3862885671594808,46,interleaved
46093,93,17,0.526127516053831,0.5414661302942012,46,interleaved
46094,94,17,0.1371510761425656,0.4092568067260838,46,interleaved
46095,95,17,0.5375905918429282,0.5250266335830784,46,interleaved
46096,96,17,0.15550036604261974,0.41062614111921647,46,interleaved
46097,97,17,0.5660035689048726,0.5295117595376745,46,interleaved
46098,98,17,0.22371369335909863,0.4366582367902567,46,interleaved
46099,99,17,0.5135412354799919,0.4786130331859959,46,interleaved
46100,100,17,0.9114187679176466,0.3568331077874437,46,interleaved
46101,101,17,0.5084506845901361,0.41067592697373956,46,interleaved
46102,102,17,0.8305067804346828,0.4197805513148487,46,interleaved
46103,103,17,0.5562694234241674,0.5895256911492779,46,interleaved
46104,104,17,0.17180084611632046,0.442807896294528,46,interleaved
46105,105,17,0.4676646094619789,0.41790277653356533,46,interleaved
46106,106,17,0.2583131933389978,0.40584567090859125,46,interleaved
46107,107,17,0.48724226684182903,0.41114392461964955,46,interleaved
46108,108,17,0.12666499484840993,0.47064856489535656,46,interleaved
46109,109,17,0.5120188933677334,0.5218058658692144,46,interleaved
46110,110,17,0.9034932476269459,0.29006377422650637,46,interleaved
46111,111,17,0.514059915347943,0.4248924771209589,46,interleaved
46112,112,17,0.8912698238023968,0.5618157708395543,46,interleaved
46113,113,17,0.5122749791676925,0.5148182107130408,46,interleaved
46114,114,17,0.867423432852712,0.4817160009956363,46,interleaved
46115,115,17,0.6004034580730722,0.4999443940754632,46,interleaved
46116,116,17,0.889093614947704,0.455495244992692,46,interleaved
46117,117,17,0.5644342753048871,0.29382744771759894,46,interleaved
46118,118,17,0.27331678228905393,0.5574456425073677,46,interleaved
46119,119,17,0.5774876730184583,0.45597141230675403,46,interleaved
46120,120,17,0.11097510665927918,0.5143292237385237,46,interleaved
46121,121,17,0.47435938012282525,0.4827251089677784,46,interleaved
46122,122,17,0.13477867810630342,0.3602559480824911,46,interleaved
46123,123,17,0.492265772151693,0.37206057207705234,46,interleaved
46124,124,17,0.20141493972900876,0.3481946407689589,46,interleaved
46125,125,17,0.5863878924293883,0.42632539786676116,46,interleaved
46126,126,17,0.15751451744566228,0.3717217106110836,46,interleaved
46127,127,17,0.4515542953218093,0.4059238773990079,46,interleaved
46128,128,17,0.12922478355072808,0.6084259776375983,46,interleaved
46129,129,17,0.6012024047444485,0.3487338000425098,46,interleaved
46130,130,17,0.17686814685395938,0.5810611885645264,46,interleaved
46131,131,17,0.6825994090768149,0.38357557060868386,46,interleaved
46132,132,17,0.8018711449152581,0.30456886211802536,46,interleaved
46133,133,17,0.4683632182058628,0.38145543756599987,46,interleaved
46134,134,17,0.4996493374028713,0.5073315267871303,46,interleaved
46135,135,17,0.5696937080240231,0.40188561204036144,46,interleaved
46136,136,17,0.8106195749861324,0.3430193810644996,46,interleaved
46137,137,17,0.5522060442695723,0.43985533207677474,46,interleaved
46138,138,17,0.2562641694896396,0.4595169578302015,46,interleaved
46139,139,17,0.5249016970339553,0.4279398553587446,46,interleaved
46140,140,17,0.8744657636581896,0.4714147039839633,46,interleaved
46141,141,17,0.5385232305312427,0.4771471016292559,46,interleaved
46142,142,17,0.7129417036741783,0.4195929733731676,46,interleaved
46143,143,17,0.5432453841938791,0.39800431522092394,46,interleaved
46144,144,17,0.7546081293745011,0.2760427124328127,46,interleaved
46145,145,17,0.40622583841657645,0.40924722194310703,46,interleaved
46146,146,17,0.7473253891189597,0.5201378607767739,46,interleaved
46147,147,17,0.6430226336846546,0.419975596032626,46,interleaved
46148,148,17,0.2426149394406917,0.4095980780430379,46,interleaved
46149,149,17,0.45321055872365645,0.4445055770184262,46,interleaved
46150,150,17,0.8639129197491648,0.3968130087569204,46,interleaved
46151,151,17,0.5685884931838275,0.5278862343221081,46,interleaved
46152,152,17,0.6691079071748574,0.29880529563927327,46,interleaved
46153,153,17,0.4580690260210399,0.3590196998256754,46,interleaved
46154,154,17,0.695275457296473,0.3214277506650203,46,interleaved
46155,155,17,0.5269551832710013,0.6023334026410758,46,interleaved
46156,156,17,0.7841363922516149,0.25485080207610145,46,interleaved
46157,157,17,0.5065133038895223,0.5493480348526814,46,interleaved
46158,158,17,0.10048620335546013,0.45204125498303394,46,interleaved
46159,159,17,0.44589042724568073,0.4400910707185127,46,interleaved
46160,160,17,0.8993231131511218,0.3404815802777731,46,interleaved
46161,161,17,0.19705222017981455,0.4139549587090803,46,interleaved
46162,162,17,0.5975509929612808,0.39718612678433235,46,interleaved
46163,163,17,0.7917896825711408,0.37174278731339644,46,interleaved
46164,164,17,0.7116907707175504,0.3782138441742805,46,interleaved
46165,165,17,0.7513593879323465,0.28257652413172335,46,interleaved
46166,166,17,0.5476230583222437,0.38020771010348614,46,interleaved
46167,167,17,0.7505840147485807,0.43553552678580654,46,interleaved
46168,168,17,0.3934899579506087,0.4007734198531452,46,interleaved
46169,169,17,0.47034973749171866,0.4303607709663455,46,interleaved
46170,170,17,0.5528846119475983,0.46280043256138503,46,interleaved
46171,171,17,0.5519315445903838,0.47914595717494535,46,interleaved
46172,172,17,0.1714742011358127,0.4355150418845062,46,interleaved
46173,173,17,0.8214902112597782,0.3392555082958287,46,interleaved
46174,174,17,0.8060502786786851,0.5037426543626404,46,interleaved
46175,175,17,0.503015294695343,0.29844396405053947,46,interleaved
46176,176,17,0.5062602467101989,0.30138733589191335,46,interleaved
46177,177,17,0.5483938731250886,0.37392062059954356,46,interleaved
46178,178,17,0.09589126615869714,0.4841585666914259,46,interleaved
46179,179,17,0.4991259437494619,0.46630493241038706,46,interleaved
46180,180,17,0.869847990909983,0.3914583133841457,46,interleaved
46181,181,17,0.4960218777331846,0.39256628044527,46,interleaved
46182,182,17,0.9183441497950247,0.4735191410447342,46,interleaved
46183,183,17,0.829642881677052,0.3788183565188776,46,interleaved
46184,184,17,0.5463156175984702,0.41635239427738524,46,interleaved
46185,185,17,0.6780968000437582,0.32319435573370486,46,interleaved
46186,186,17,0.139624332560434,0.5306029330148849,46,interleaved
46187,187,17,0.2346727560680803,0.5640215907922159,46,interleaved
46188,188,17,0.6337925118607259,0.37480990305723483,46,interleaved
46189,189,17,0.5215307112717089,0.3770013480344746,46,interleaved
46190,190,17,0.5381828003246696,0.3887125164385105,46,interleaved
46191,191,17,0.7722206518949475,0.3759010988517462,46,interleaved
46192,192,17,0.5011683253591404,0.37931281332947675,46,interleaved
46193,193,17,0.3453186691041117,0.47269544304724553,46,interleaved
46194,194,17,0.8459889467085643,0.3483546970748776,46,interleaved
46195,195,17,0.690545519614298,0.4371096872362895,46,interleaved
46196,196,17,0.5429274280165781,0.3460086392980734,46,interleaved
46197,197,17,0.7346397955006028,0.40965937609576564,46,interleaved
46198,198,17,0.5274951253630509,0.5139781485541851,46,interleaved
46199,199,17,0.44910034257482556,0.450425305456442,46,interleaved
46200,0,0,0.14234394553710497,0.6715100347158485,46,blocked
46201,1,0,0.7476697209315446,0.5706279142243816,46,blocked
46202,2,0,0.7123447460455564,0.6408746451800196,46,blocked
46203,3,0,0.2032551508690154,0.7346125166228077,46,blocked
46204,4,0,0.774706776372884,0.4523007305112162,46,blocked
46205,5,1,0.08267944269043048,0.9791823284152632,46,blocked
46206,6,2,0.927232890719238,0.5539733843353671,46,blocked
46207,7,0,0.8807336432343311,0.48938893981221593,46,blocked
46208,8,0,0.08275419407288279,0.6923765327895124,46,blocked
46209,9,0,0.715975078436239,0.6344404913073948,46,blocked
46210,10,0,0.7016092403440612,0.5444212281321134,46,blocked
46211,11,3,0.008830308194380245,1.2594011708661959,46,blocked
46212,12,0,0.6760480041676237,0.5426871458864815,46,blocked
46213,13,0,0.04967543004667481,0.5592403485542384,46,blocked
46214,14,0,0.894436041626604,0.547788312169867,46,blocked
46215,15,0,0.8840840238721446,0.5386671815591261,46,blocked
46216,16,0,0.810949332159082,0.5606123422327307,46,blocked
46217,17,0,0.11534177005648055,0.6327574083616014,46,blocked
46218,18,0,0.12776656336119938,0.6274509102640626,46,blocked
46219,19,0,0.7776083420879754,0.4092424228646233,46,blocked
46220,20,0,0.5281654276112829,0.5795507797897956,46,blocked
46221,21,4,0.9455535701899374,0.6168938927970405,46,blocked
46222,22,0,0.39714979854099386,0.6066935412327235,46,blocked
46223,23,0,0.2132649900441868,0.4559377703345079,46,blocked
46224,24,0,0.2869880213773819,0.6020302132197731,46,blocked
46225,25,0,0.6641923537962383,0.4423820105441199,46,blocked
46226,26,0,0.7664889574077253,0.30608179881280706,46,blocked
46227,27,0,0.7292354833406569,0.5639344986294748,46,blocked
46228,28,0,0.2148714807512865,0.5063782659211564,46,blocked
46229,29,0,0.05348490450133178,0.5544232471596546,46,blocked
46230,30,0,0.055201231773416556,0.58012745236403,46,blocked
46231,31,0,0.8432210330756453,0.4736345223385743,46,blocked
46232,32,0,0.07328900053588629,0.5437989777935998,46,blocked
46233,33,0,0.7205258069354006,0.5003775322665045,46,blocked
46234,34,0,0.3182303670231533,0.5415485095405796,46,blocked
46235,35,0,0.7688352598716051,0.38766543351852,46,blocked
46236,36,0,0.13015763821423418,0.5064141169119243,46,blocked
46237,37,0,0.439201773535735,0.49171800034522706,46,blocked
46238,38,0,0.6747307330231656,0.483355880979384,46,blocked
46239,39,0,0.5311458140508997,0.4406692008543954,46,blocked
46240,40,0,0.3140399292906243,0.5735814492360367,46,blocked
46241,41,0,0.4961820352443417,0.3791220839743368,46,blocked
46242,42,0,0.5648529382521045,0.4797876963950801,46,blocked
46243,43,0,0.4875773068480711,0.36192008811995363,46,blocked
46244,44,0,0.4108703039712337,0.530829699559231,46,blocked
46245,45,0,0.6026396606745199,0.4291763468615125,46,blocked
46246,46,0,0.5313165851128551,0.46603004121443625,46,blocked
46247,47,0,0.40709133409427456,0.4126372252171087,46,blocked
46248,48,0,0.4973066042438733,0.46770895679765373,46,blocked
46249,49,0,0.5584137227937209,0.49110790486187994,46,blocked
46250,50,0,0.5294012345708914,0.3872544571615688,46,blocked
46251,51,0,0.5006045290860749,0.3162480965009713,46,blocked
46252,52,0,0.5550134874360881,0.3917561179114589,46,blocked
46253,53,0,0.3963764318390342,0.4009410525849885,46,blocked
46254,54,0,0.6027120308158435,0.4855878504404937,46,blocked
46255,55,0,0.545471582309162,0.424044515168301,46,blocked
46256,56,0,0.30750144333651463,0.4379823056998108,46,blocked
46257,57,0,0.6860604051326671,0.5522169446485865,46,blocked
46258,58,0,0.4764485647000094,0.45608002094089506,46,blocked
46259,59,0,0.6144766223594377,0.39717373605999445,46,blocked
46260,60,0,0.5639784609648018,0.3471847553318351,46,blocked
46261,61,0,0.5607906709636241,0.4108165086865676,46,blocked
46262,62,0,0.7503998834078502,0.5061138195732982,46,blocked
46263,63,0,0.39531706762367597,0.5029092459937172,46,blocked
46264,64,0,0.5066134721765182,0.38320297528436087,46,blocked
46265,65,0,0.6648231763396764,0.5093563020735844,46,blocked
46266,66,0,0.61353653318428,0.41366657062608403,46,blocked
46267,67,0,0.6164555445708223,0.6556802535475288,46,blocked
46268,68,0,0.40774866309539437,0.4649308040905059,46,blocked
46269,69,0,0.49423334626911547,0.42560016103745857,46,blocked
46270,70,0,0.5959748976585912,0.36386436380335874,46,blocked
46271,71,0,0.4857919698737173,0.39247977270345236,46,blocked
46272,72,0,0.6824363778728431,0.49383925133051293,46,blocked
46273,73,0,0.5953604004711972,0.4355210078686966,46,blocked
46274,74,0,0.5739810027039505,0.5522124221596363,46,blocked
46275,75,0,0.563353064149624,0.4617574665237043,46,blocked
46276,76,0,0.4721492097469686,0.5437089027483417,46,blocked
46277,77,0,0.44785989203863275,0.5197824104595961,46,blocked
46278,78,0,0.6720237917718265,0.6307973820796271,46,blocked
46279,79,0,0.7355320060756487,0.6060791736808478,46,blocked
46280,80,0,0.8050878307676859,0.44717867708019077,46,blocked
46281,81,0,0.20592362821746021,0.4115386433755412,46,blocked
46282,82,0,0.514075053987389,0.4379007933270302,46,blocked
46283,83,0,0.49649368051025156,0.44836058167465015,46,blocked
46284,84,0,0.39067753527280447,0.4293120783127491,46,blocked
46285,85,0,0.43435507405635776,0.42590289455750024,46,blocked
46286,86,0,0.7781199563794472,0.5360057336022701,46,blocked
46287,87,0,0.49598267928448825,0.3498195192588898,46,blocked
46288,88,0,0.5362122568242222,0.5084559955642214,46,blocked
46289,89,0,0.37746205911136893,0.4832006363964366,46,blocked
46290,90,0,0.6950716768632853,0.4833395771795295,46,blocked
46291,91,0,0.6625350420335957,0.39037764430896393,46,blocked
46292,92,0,0.7368379390506176,0.4278581801631163,46,blocked
46293,93,0,0.2373317052208187,0.3971257841679733,46,blocked
46294,94,0,0.4970129097921505,0.4307655040188137,46,blocked
46295,95,0,0.16027931827792116,0.5431227845343468,46,blocked
46296,96,0,0.16579100397449706,0.38334391449960903,46,blocked
46297,97,0,0.4816783286736363,0.39596914173572567,46,blocked
46298,98,0,0.43720126483609656,0.4527197906888324,46,blocked
46299,99,0,0.3632199134654781,0.47640381135087395,46,blocked
46300,100,0,0.5273435383758799,0.3639098238783629,46,blocked
46301,101,0,0.2891198217364731,0.46712046781975,46,blocked
46302,102,0,0.4298240507093273,0.5267032709748789,46,blocked
46303,103,0,0.4157316115118885,0.42654752650687705,46,blocked
46304,104,0,0.4110556856140711,0.48906127601582994,46,blocked
46305,105,0,0.4623812516431458,0.48545718353929745,46,blocked
46306,106,0,0.6670778553411626,0.3769920020259808,46,blocked
46307,107,0,0.6622121312200028,0.3652280771644785,46,blocked
46308,108,0,0.5064274787552349,0.44353268533302886,46,blocked
46309,109,0,0.43211960950182327,0.39125937282989975,46,blocked
46310,110,0,0.32558628311580484,0.4389779453979261,46,blocked
46311,111,0,0.24928895328058692,0.3999437267647734,46,blocked
46312,112,0,0.7492989784286987,0.3846098403467251,46,blocked
46313,113,0,0.23408517052743014,0.6432894438005778,46,blocked
46314,114,0,0.22617985570928167,0.4506469641421872,46,blocked
46315,115,0,0.23907391869531602,0.386364446664125,46,blocked
46316,116,0,0.12190081918597095,0.4345381223672295,46,blocked
46317,117,0,0.3418479088731179,0.4105917455025072,46,blocked
46318,118,0,0.1864239843323089,0.4012726560154909,46,blocked
46319,119,0,0.7871689753636986,0.43686592967752924,46,blocked
46320,120,0,0.47700619874304917,0.4685963316614259,46,blocked
46321,121,0,0.473483965950541,0.48080213720421394,46,blocked
46322,122,0,0.22886460162166103,0.5811245003336962,46,blocked
46323,123,0,0.26736486225842016,0.4014304922255706,46,blocked
46324,124,0,0.6616810253505248,0.505710987015848,46,blocked
46325,125,0,0.624170874819387,0.4036252306193384,46,blocked
46326,126,0,0.7442022747647079,0.4644633927964036,46,blocked
46327,127,0,0.6576237780467151,0.5142706417615617,46,blocked
46328,128,0,0.24935947908005054,0.5053686746198708,46,blocked
46329,129,0,0.3553233882943124,0.4077987670149307,46,blocked
46330,130,0,0.8114849947686085,0.40897241813126467,46,blocked
46331,131,0,0.7578914761045858,0.32011156988603306,46,blocked
46332,132,0,0.7178914996169063,0.3402331827216868,46,blocked
46333,133,0,0.21133438261870094,0.48477515113886693,46,blocked
46334,134,0,0.8867683695472433,0.5060952148753531,46,blocked
46335,135,0,0.18541753256865318,0.6189285181788433,46,blocked
46336,136,0,0.27249996710035074,0.30025582523681804,46,blocked
46337,137,0,0.7053304662108564,0.44690607118064735,46,blocked
46338,138,0,0.7053359519285949,0.5456782821186227,46,blocked
46339,139,0,0.3805384985499445,0.4911940308468411,46,blocked
46340,140,0,0.8441875785398575,0.48711721205614467,46,blocked
46341,141,0,0.7447679855091739,0.4500960418700167,46,blocked
46342,142,0,0.3140797891462029,0.5192007687668079,46,blocked
46343,143,0,0.21942419673174857,0.5522279726300428,46,blocked
46344,144,0,0.4084715026256903,0.4454679346328386,46,blocked
46345,145,0,0.37629054317670263,0.4477602576127582,46,blocked
46346,146,0,0.7481910519217587,0.4458146232878143,46,blocked
46347,147,0,0.320695535046975,0.5034879795089122,46,blocked
46348,148,0,0.2913677523554593,0.4542169859042692,46,blocked
46349,149,0,0.44422704391254764,0.3647273000327878,46,blocked
46350,150,0,0.6512374423617913,0.42010914946638334,46,blocked
46351,151,0,0.5171510446528775,0.39309194079580445,46,blocked
46352,152,0,0.5630802045864995,0.3919175530093964,46,blocked
46353,153,0,0.4344198596159845,0.35209735121020264,46,blocked
46354,154,0,0.5485039121229818,0.4700855305103352,46,blocked
46355,155,0,0.5916618616644234,0.38435086561478493,46,blocked
46356,156,0,0.4482607205944922,0.37445568039698085,46,blocked
46357,157,0,0.6110330763267305,0.41949258523680666,46,blocked
46358,158,0,0.6008053693455333,0.40282683469866154,46,blocked
46359,159,0,0.5548859251282385,0.4352913169784113,46,blocked
46360,160,0,0.4624995725420783,0.4402405351554778,46,blocked
46361,161,0,0.7082801619924326,0.4125331030286823,46,blocked
46362,162,0,0.45997193247408186,0.30494966579800004,46,blocked
46363,163,0,0.2648471070464409,0.7235833227440025,46,blocked
46364,164,0,0.6279266026730925,0.48580568826981224,46,blocked
46365,165,0,0.42793842323566944,0.39349634543448,46,blocked
46366,166,0,0.44102914049596487,0.3989847059773241,46,blocked
46367,167,0,0.7487324711934943,0.47913448584192386,46,blocked
46368,168,0,0.4590774361604669,0.42053141580513487,46,blocked
46369,169,0,0.44143477948710785,0.29907586582315326,46,blocked
46370,170,0,0.4600444531254242,0.517470044920247,46,blocked
46371,171,0,0.7669858953303768,0.5999934498701666,46,blocked
46372,172,0,0.5629306209767188,0.45989827237735137,46,blocked
46373,173,0,0.48425109336599015,0.6089017586931369,46,blocked
46374,174,0,0.31864429422041424,0.5004831155435417,46,blocked
46375,175,0,0.3632600530530422,0.4514456354177212,46,blocked
46376,176,0,0.3256308730530972,0.39363768897078055,46,blocked
46377,177,0,0.19379636843729406,0.4526292642369928,46,blocked
46378,178,0,0.5613688243377134,0.4301794155891191,46,blocked
46379,179,0,0.6966346820739411,0.3546118263057071,46,blocked
46380,180,0,0.6223452900295737,0.42370730271288803,46,blocked
46381,181,0,0.7278558942911315,0.3616131661100136,46,blocked
46382,182,0,0.5292925561763939,0.43051755097033,46,blocked
46383,183,0,0.7616182082542522,0.3575184977664798,46,blocked
46384,184,0,0.45256454948037045,0.3368299911954925,46,blocked
46385,185,0,0.32645357332853137,0.4568204587433917,46,blocked
46386,186,0,0.2869336416317249,0.45040651863095066,46,blocked
46387,187,0,0.7795387897574051,0.44337396806852003,46,blocked
46388,188,0,0.747392494599812,0.3898312504429501,46,blocked
46389,189,0,0.2400395033148504,0.38582062508734793,46,blocked
46390,190,0,0.5082938439139795,0.46774627788490813,46,blocked
46391,191,0,0.4809405314514282,0.3435567594283032,46,blocked
46392,192,0,0.4912607114696561,0.3617575962560413,46,blocked
46393,193,0,0.3897391211623413,0.39756260847365976,46,blocked
46394,194,0,0.5136576240325503,0.48444509080561093,46,blocked
46395,195,0,0.6982108251079202,0.4092810035553474,46,blocked
46396,196,0,0.587677476527865,0.39686909779101176,46,blocked
46397,197,0,0.48465035761174413,0.4410812762774394,46,blocked
46398,198,0,0.7174433331119958,0.580431840031391,46,blocked
46399,199,0,0.7566702947794882,0.4809078278024663,46,blocked
46400,0,0,0.84810028286599,0.7695983319533317,46,early
46401,1,0,0.6224119895066396,0.6454769354533301,46,early
46402,2,1,0.7291552582239448,0.5864293503400213,46,early
46403,3,2,0.8992056198080793,0.6136228498800338,46,early
46404,4,2,0.02916372740331345,0.6485200752941223,46,early
46405,5,3,0.4461717866518997,0.7776314531200013,46,early
46406,6,4,0.8204217032768939,1.0910709939630037,46,early
46407,7,0,0.23354060781354963,0.44428724560173305,46,early
46408,8,5,0.49996168928692264,1.2186856684492047,46,early
46409,9,6,0.8037978835454936,0.8889411531797518,46,early
46410,10,0,0.7765877966959783,0.6176257877701261,46,early
46411,11,0,0.7137986137629821,0.6291513143296114,46,early
46412,12,7,0.07751964687568602,1.0066098505247913,46,early
46413,13,8,0.07718995437956257,0.9615357510674989,46,early
46414,14,0,0.7145226373980422,0.6903437395317877,46,early
46415,15,0,0.27618788030561725,0.6354174569601366,46,early
46416,16,0,0.42622916027395796,0.5494994589270481,46,early
46417,17,0,0.6387205811771814,0.5790754211963753,46,early
46418,18,0,0.4496363183532308,0.6551236011235291,46,early
46419,19,0,0.6448135225994638,0.5720653152059538,46,early
46420,20,0,0.7603891693968609,0.5720834810017079,46,early
46421,21,0,0.5611828137934268,0.5532578633633976,46,early
46422,22,0,0.2627155561025723,0.6110049413709724,46,early
46423,23,0,0.4416918237133352,0.5427127310970672,46,early
46424,24,0,0.6599221423568559,0.6124842711645075,46,early
46425,25,0,0.39284589814925097,0.4920767050535317,46,early
46426,26,9,0.12951633374478044,1.3259856180237914,46,early
46427,27,10,0.4526803111632812,0.6668898471490838,46,early
46428,28,0,0.4786648199923891,0.608793834479809,46,early
46429,29,0,0.5667342630367752,0.517386634206145,46,early
46430,30,0,0.6303689523589817,0.3497899008638321,46,early
46431,31,0,0.5659087826212368,0.41571819419761125,46,early
46432,32,0,0.5548588742319542,0.5173139508845646,46,early
46433,33,0,0.5866733912830868,0.576523717207084,46,early
46434,34,0,0.5614142236124686,0.5503252881680112,46,early
46435,35,0,0.2905212269582082,0.5716061680432971,46,early
46436,36,0,0.6150079238522058,0.5940078043178864,46,early
46437,37,0,0.24499444717788804,0.5101129890402283,46,early
46438,38,0,0.7111846076908923,0.5264251422054196,46,early
46439,39,0,0.5956713726659799,0.5558564064737412,46,early
46440,40,0,0.41808955486202487,0.4831984400110712,46,early
46441,41,0,0.5829450944346638,0.42480096461683015,46,early
46442,42,0,0.41290627516458933,0.5316610045246444,46,early
46443,43,0,0.8028449010898027,0.5054268351482981,46,early
46444,44,0,0.5384846903271634,0.6334183253933463,46,early
46445,45,0,0.5028738215498688,0.48828139035978796,46,early
46446,46,0,0.5596374330928086,0.3829408423853169,46,early
46447,47,0,0.5187854929226088,0.500420176100127,46,early
46448,48,0,0.6252647963421791,0.4510384968745224,46,early
46449,49,0,0.7145357638875645,0.5798272462936851,46,early
46450,50,0,0.7211851613577718,0.35094204679459207,46,early
46451,51,0,0.5656342958771662,0.41117850083348617,46,early
46452,52,0,0.4788915906163006,0.6177477021241199,46,early
46453,53,0,0.27047915343878465,0.47951043435711405,46,early
46454,54,0,0.37270443148297977,0.35848550879334906,46,early
46455,55,0,0.6808558889717657,0.24600296132866328,46,early
46456,56,0,0.4233315279801867,0.45865043837714836,46,early
46457,57,0,0.7145181476817768,0.45766704744966513,46,early
46458,58,0,0.565478198926784,0.471237845301547,46,early
46459,59,0,0.4335670037570738,0.301031752739471,46,early
46460,60,0,0.43956144216009646,0.3610545115366359,46,early
46461,61,0,0.8473366171430066,0.3784504881662424,46,early
46462,62,0,0.5567848431777322,0.5437313729050401,46,early
46463,63,0,0.5320296620667943,0.5631981563827669,46,early
46464,64,0,0.7144411230847667,0.2883597934228178,46,early
46465,65,0,0.7475853068426422,0.4539494958156601,46,early
46466,66,0,0.30538519206696246,0.4692989098174297,46,early
46467,67,0,0.22318665871186932,0.6471299711461874,46,early
46468,68,0,0.28433956610059086,0.47738434136043806,46,early
46469,69,0,0.30828020801892014,0.4972772855838512,46,early
46470,70,0,0.5392378168854907,0.5594850598883615,46,early
46471,71,0,0.4780437086179638,0.4958974714366339,46,early
46472,72,0,0.5071078625665045,0.4007192381193722,46,early
46473,73,0,0.49139188055636723,0.4703255054866823,46,early
46474,74,0,0.3487617953417738,0.3377946870133954,46,early
46475,75,0,0.6894649521693996,0.4870262680626775,46,early
46476,76,0,0.5434965780980887,0.31528318422609947,46,early
46477,77,0,0.6274382915753365,0.3581618345425318,46,early
46478,78,0,0.35194369074525256,0.44298780409145283,46,early
46479,79,0,0.4769913260364894,0.5257367535591024,46,early
46480,80,0,0.09528287369136114,0.4708590709367258,46,early
46481,81,0,0.42424623312041476,0.400582286626346,46,early
46482,82,0,0.08617233473827113,0.3260113840426312,46,early
46483,83,0,0.4394560713025757,0.5350105215184222,46,early
46484,84,0,0.06818133774929303,0.5138622980763667,46,early
46485,85,0,0.3510094080771428,0.3949301920883177,46,early
46486,86,0,0.9298855609508347,0.48216756984903897,46,early
46487,87,0,0.31730488067042195,0.6692591372937704,46,early
46488,88,0,0.10501436265703686,0.3426640063705786,46,early
46489,89,0,0.5064252226634401,0.6478557575559704,46,early
46490,90,0,0.9320442471785784,0.3926254241872873,46,early
46491,91,0,0.6031571744294868,0.45600278324413135,46,early
46492,92,0,0.7597506639534841,0.49673279919095964,46,early
46493,93,0,0.41176876995691103,0.4606662131579923,46,early
46494,94,0,0.2833225211246667,0.4560554350776924,46,early
46495,95,0,0.5394178653565619,0.5470062114819465,46,early
46496,96,0,0.8734287680126548,0.23292594177854958,46,early
46497,97,0,0.5924556571117701,0.4644793420998793,46,early
46498,98,0,0.7061627498489085,0.548230825049906,46,early
46499,99,0,0.33916783844772735,0.4362695357232559,46,early
46500,100,0,0.06573403815829525,0.44115241098861346,46,early
46501,101,0,0.5729973106854321,0.34726090962691125,46,early
46502,102,0,0.12191576586701541,0.36681461218171807,46,early
46503,103,0,0.3178989504949006,0.5092453837499005,46,early
46504,104,0,0.22613683845775903,0.3293139239315171,46,early
46505,105,0,0.4902597787178572,0.5362672070127386,46,early
46506,106,0,0.8592235336018376,0.47181270529214214,46,early
46507,107,0,0.43467518194516597,0.5393534691548312,46,early
46508,108,0,0.8474325594398355,0.3311806303578648,46,early
46509,109,0,0.656046382868068,0.47136807673790626,46,early
46510,110,0,0.9122952132938408,0.34845611719292263,46,early
46511,111,0,0.44902824414201137,0.4634275493639747,46,early
46512,112,0,0.16376330435979536,0.3854196249469219,46,early
46513,113,0,0.5179702339307737,0.5705453499600136,46,early
46514,114,0,0.8963803767197404,0.28530226879712267,46,early
46515,115,0,0.5688237824084267,0.44770942048263673,46,early
46516,116,0,0.06442296348010625,0.5170184222483598,46,early
46517,117,0,0.7107285069030803,0.3785968435849662,46,early
46518,118,0,0.5970477177977352,0.37007729045898785,46,early
46519,119,0,0.6872487757582969,0.2491546147768838,46,early
46520,120,0,0.6481434568287018,0.33736606640473144,46,early
46521,121,0,0.6552386144714509,0.37549944987604267,46,early
46522,122,0,0.8274558266928924,0.5839041227794655,46,early
46523,123,0,0.26963171275712267,0.3731659662800928,46,early
46524,124,0,0.1148744901390527,0.5009689447572381,46,early
46525,125,0,0.7055352743617213,0.3687476856744598,46,early
46526,126,0,0.7777947620090715,0.45500845005414287,46,early
46527,127,0,0.4218759145474994,0.4441788105987686,46,early
46528,128,0,0.023463004066491447,0.4556513082974194,46,early
46529,129,0,0.5338444989126542,0.3719879350134824,46,early
46530,130,0,0.8197839962254474,0.45236431115495923,46,early
46531,131,0,0.46584467092353804,0.4003083562564894,46,early
46532,132,0,0.09656297839142822,0.4118763529744899,46,early
46533,133,0,0.7920598998781918,0.627701146018553,46,early
46534,134,0,0.02393158214582148,0.4320618212321219,46,early
46535,135,0,0.47588378142194776,0.6519696885071194,46,early
46536,136,0,0.9084120267451733,0.41274061861670247,46,early
46537,137,0,0.6539829006855564,0.2544329090118693,46,early
46538,138,0,0.14933045587637434,0.5150391105216998,46,early
46539,139,0,0.45085813911865447,0.4612452050993705,46,early
46540,140,0,0.6741649004454153,0.5898218405297421,46,early
46541,141,0,0.5443543159629374,0.5473201354467491,46,early
46542,142,0,0.9629831855034524,0.4398530479642305,46,early
46543,143,0,0.5964070750293128,0.34913216610307024,46,early
46544,144,0,0.88866401256876,0.37845448551843797,46,early
46545,145,0,0.5555776493059038,0.5529766794809681,46,early
46546,146,0,0.8921890317081042,0.3128451620797781,46,early
46547,147,0,0.5757172148133431,0.49374932939557525,46,early
46548,148,0,0.08872849707815639,0.48606245230391276,46,early
46549,149,0,0.4683699216918112,0.4461912879781726,46,early
46550,150,0,0.9033224720181487,0.5017883329463132,46,early
46551,151,0,0.546599865096244,0.4011576757261459,46,early
46552,152,0,0.9628765236067709,0.42750785351721543,46,early
46553,153,0,0.8160752366658715,0.33280559253119535,46,early
46554,154,0,0.17384077563237213,0.4600211788348557,46,early
46555,155,0,0.5300936998051852,0.5205298840002851,46,early
46556,156,0,0.2677161593686238,0.47459782291127944,46,early
46557,157,0,0.6934092528700639,0.40367512772013847,46,early
46558,158,0,0.6863519220185628,0.36356862512221266,46,early
46559,159,0,0.52928978428851,0.49596526580888556,46,early
46560,160,0,0.8680651705477331,0.4544663068461712,46,early
46561,161,0,0.42525234410205304,0.4355220819927172,46,early
46562,162,0,0.307204441635454,0.43151233843055015,46,early
46563,163,0,0.4195467513366991,0.37635142185436365,46,early
46564,164,0,0.40037690525091585,0.4000549036692733,46,early
46565,165,0,0.6292240442474714,0.30773458269487197,46,early
46566,166,0,0.48192740992251715,0.3075282614290987,46,early
46567,167,0,0.20928619160405684,0.4807617410182959,46,early
46568,168,0,0.6736403817591298,0.40557192903215833,46,early
46569,169,0,0.5333571220164399,0.5080353977220038,46,early
46570,170,0,0.42980843118577056,0.308989632256229,46,early
46571,171,0,0.12926466440445283,0.36452794802526,46,early
46572,172,0,0.9305220495095061,0.5180379026189521,46,early
46573,173,0,0.5458982997520261,0.45778044234919,46,early
46574,174,0,0.1250735305450948,0.5277546679029599,46,early
46575,175,0,0.7115342341281639,0.37465224814441556,46,early
46576,176,0,0.604332903180253,0.35990169386895887,46,early
46577,177,0,0.5737846934395284,0.6649487293557805,46,early
46578,178,0,0.6710916741249744,0.3142444598706723,46,early
46579,179,0,0.9321604565559184,0.3647423287759681,46,early
46580,180,0,0.5915408721169497,0.33908866142895144,46,early
46581,181,0,0.2975465136015727,0.468661225826555,46,early
46582,182,0,0.5557565522977196,0.5125800281686296,46,early
46583,183,0,0.19184309985136183,0.40539064380035306,46,early
46584,184,0,0.8353794184686698,0.3321815722002317,46,early
46585,185,0,0.6205845006970172,0.33988758411266407,46,early
46586,186,0,0.7988755529662914,0.4586190551613877,46,early
46587,187,0,0.8561250318894827,0.3148933390222716,46,early
46588,188,0,0.5471317199787588,0.27797340797892695,46,early
46589,189,0,0.4146650801217137,0.39816539553311026,46,early
46590,190,0,0.38385499663383443,0.4005743230432275,46,early
46591,191,0,0.7920409762661476,0.3758334976591455,46,early
46592,192,0,0.6308416276878533,0.3007704317952584,46,early
46593,193,0,0.3480657028172165,0.362787495528103,46,early
46594,194,0,0.39294752809841554,0.38815552246583646,46,early
46595,195,0,0.5474587534491069,0.38137790040534647,46,early
46596,196,0,0.389536751968902,0.2895224883346833,46,early
46597,197,0,0.30971653128955223,0.4305973999563256,46,early
46598,198,0,0.4542241685072482,0.5368700486992535,46,early
46599,199,0,0.8093072678913171,0.28296223758345224,46,early
46600,0,0,0.5170606866622455,0.7623428616506839,46,middle
46601,1,1,0.4906734119695251,1.0396081770095462,46,middle
46602,2,2,0.9756239345897109,0.9689144740389071,46,middle
46603,3,3,0.5304253235278269,1.0477267285123002,46,middle
46604,4,1,0.9745342919464468,0.7744223091142628,46,middle
46605,5,4,0.4707626365547962,0.933006662650423,46,middle
46606,6,3,0.9764424823053783,0.7728554355706081,46,middle
46607,7,5,0.9343509023576704,1.305525156433018,46,middle
46608,8,6,0.31612249117295554,1.3934685914443175,46,middle
46609,9,7,0.4757751300175925,1.5178595596717372,46,middle
46610,10,8,0.48473918160444024,1.0621725602805716,46,middle
46611,11,9,0.49887040726949294,1.0822512855664281,46,middle
46612,12,10,0.5035365489857629,1.0574684450578837,46,middle
46613,13,11,0.49908987719670034,0.8874629827995042,46,middle
46614,14,11,0.5320727837863429,0.6979781040323244,46,middle
46615,15,11,0.9177374442452111,0.5892738860961156,46,middle
46616,16,11,0.5456846363193687,0.702570520603458,46,middle
46617,17,12,0.0003196393147591851,0.9468487544834285,46,middle
46618,18,11,0.651709089460611,0.8309028816258313,46,middle
46619,19,13,0.10249055449320953,0.7676945138260641,46,middle
46620,20,11,0.5195062121658516,0.6819662653780632,46,middle
46621,21,11,0.9372990513824797,0.8085270979450425,46,middle
46622,22,11,0.5475455910820399,0.4718263356589502,46,middle
46623,23,11,0.12980242250875737,0.7216398768557747,46,middle
46624,24,11,0.3230841241477591,0.7001163256420292,46,middle
46625,25,11,0.253134314191936,0.6240326152220448,46,middle
46626,26,11,0.5392471124867727,0.6622959057582916,46,middle
46627,27,11,0.06918768337899425,0.7561069991424207,46,middle
46628,28,11,0.5067741221081259,0.6775608704051694,46,middle
46629,29,11,0.1608459830245885,0.6922673891650195,46,middle
46630,30,11,0.4754332902173298,0.5047511827056124,46,middle
46631,31,14,0.09181469774989552,0.8733837016278176,46,middle
46632,32,3,0.04229193070409915,0.657361668611432,46,middle
46633,33,11,0.9598414004722297,0.469415610990097,46,middle
46634,34,11,0.35721446640694926,0.8017618884385971,46,middle
46635,35,11,0.9650571862254533,0.555926533583748,46,middle
46636,36,11,0.5142383718111713,0.5840687036584591,46,middle
46637,37,11,0.058560168914717256,0.665659340017809,46,middle
46638,38,11,0.5432989665742917,0.5325160138793357,46,middle
46639,39,11,0.9528078867991718,0.5560742810372198,46,middle
46640,40,11,0.46975562928837855,0.678050104824949,46,middle
46641,41,3,0.980346167655106,0.6825183148146414,46,middle
46642,42,11,0.4031383432831389,0.6919628460768213,46,middle
46643,43,11,0.45344029968664745,0.6764196555841839,46,middle
46644,44,11,0.48330859604937904,0.518268785661577,46,middle
46645,45,11,0.4649011091502855,0.5466650420308503,46,middle
46646,46,11,0.4944022935114692,0.40532472865746394,46,middle
46647,47,11,0.8677236129106451,0.6732967116825787,46,middle
46648,48,11,0.4575545690245045,0.6396194654001124,46,middle
46649,49,11,0.4666006219318781,0.6306049672038907,46,middle
46650,50,11,0.4764173503941145,0.4969437827011207,46,middle
46651,51,11,0.5363757361499729,0.5033469378927464,46,middle
46652,52,11,0.5246295316196489,0.4655257497538716,46,middle
46653,53,11,0.4425671235315928,0.47956225087425863,46,middle
46654,54,11,0.5935012898819947,0.44220038035818765,46,middle
46655,55,11,0.4385506182436428,0.7323447792184916,46,middle
46656,56,11,0.7030857369865094,0.3453174925190564,46,middle
46657,57,11,0.5212054954663584,0.5194770359842191,46,middle
46658,58,11,0.532430943977649,0.728528235974925,46,middle
46659,59,11,0.39444731451069415,0.45234776757129647,46,middle
46660,60,11,0.4018690969992824,0.5732721954562519,46,middle
46661,61,11,0.7958888106534296,0.3628570334407588,46,middle
46662,62,11,0.4199062137579264,0.5896076466322691,46,middle
46663,63,11,0.2547690588097177,0.6679273223624878,46,middle
46664,64,11,0.5144785626944705,0.42406716437145653,46,middle
46665,65,11,0.27915484374207566,0.6813474256369014,46,middle
46666,66,11,0.5097166150850432,0.5181797848715453,46,middle
46667,67,11,0.5924436214554839,0.40891748624233293,46,middle
46668,68,11,0.6199954348500987,0.45731073717679804,46,middle
46669,69,11,0.29385002734502524,0.5791968588212701,46,middle
46670,70,11,0.5233968528776515,0.4980066841789307,46,middle
46671,71,11,0.7143502676569532,0.4457632868247493,46,middle
46672,72,11,0.8740194459011738,0.46583214811807216,46,middle
46673,73,11,0.31055232232287927,0.47935949130687194,46,middle
46674,74,11,0.38077568450041754,0.4506000779461253,46,middle
46675,75,11,0.7018808383953952,0.5023360413027459,46,middle
46676,76,11,0.49684968231336807,0.45635268870647533,46,middle
46677,77,11,0.8067818850904329,0.3749142568836219,46,middle
46678,78,11,0.2342859091004975,0.4795316064775511,46,middle
46679,79,11,0.588870388849608,0.4582876920929635,46,middle
46680,80,11,0.5774838032822003,0.42548662926035136,46,middle
46681,81,11,0.45405390722435857,0.3850065876741101,46,middle
46682,82,11,0.5516494021710249,0.5625495786983876,46,middle
46683,83,11,0.5688668659723921,0.5251474579798036,46,middle
46684,84,11,0.35933301081389407,0.6507584462927671,46,middle
46685,85,11,0.3581526401237886,0.46932047034429736,46,middle
46686,86,11,0.6508108804965702,0.5087790135344221,46,middle
46687,87,11,0.5277826881440664,0.5599485189878659,46,middle
46688,88,11,0.5979804517512476,0.48987986949370455,46,middle
46689,89,11,0.5758762151577038,0.2994487329094578,46,middle
46690,90,11,0.38058039654303133,0.49601713379876217,46,middle
46691,91,11,0.6744215048700584,0.4499066434559148,46,middle
46692,92,11,0.5802771201402512,0.36533874688956863,46,middle
46693,93,11,0.5058084123767964,0.6296042270257679,46,middle
46694,94,11,0.5217437668699468,0.7095494254215956,46,middle
46695,95,11,0.3675272211974209,0.47464957214379755,46,middle
46696,96,11,0.2913790396688326,0.4814540596835052,46,middle
46697,97,11,0.6816834237201942,0.4529146263122403,46,middle
46698,98,11,0.6189706396294745,0.4465234088080682,46,middle
46699,99,11,0.19624433900529276,0.4412262536800968,46,middle
46700,100,11,0.2356801804081099,0.4781533096235191,46,middle
46701,101,11,0.7854590784764175,0.5059963112299188,46,middle
46702,102,11,0.7792764062144346,0.5555872375083826,46,middle
46703,103,11,0.685948402532225,0.5962904053515052,46,middle
46704,104,11,0.7057165075142844,0.560175252542027,46,middle
46705,105,11,0.19025979618925612,0.49618352749482536,46,middle
46706,106,11,0.1852803226689002,0.48145812907631674,46,middle
46707,107,11,0.6882973052239298,0.42738564097053283,46,middle
46708,108,11,0.6472823239927971,0.5305097377290354,46,middle
46709,109,11,0.19435070766780876,0.44267298849377834,46,middle
46710,110,11,0.27754717978371773,0.6554815011781299,46,middle
46711,111,11,0.7341182176402072,0.48173434018516875,46,middle
46712,112,11,0.7456920157496814,0.4720386098900734,46,middle
46713,113,11,0.3806102118448541,0.6366631437587444,46,middle
46714,114,11,0.3958877962445695,0.5144913468583183,46,middle
46715,115,11,0.32392295155136885,0.4431299755798914,46,middle
46716,116,11,0.3769919306979599,0.4271520371777624,46,middle
46717,117,11,0.22466749027076424,0.5000353601980985,46,middle
46718,118,11,0.6974581572967427,0.49419780331192453,46,middle
46719,119,11,0.5444824328704303,0.4966940145855862,46,middle
46720,120,11,0.18866218957704184,0.6314854617102432,46,middle
46721,121,11,0.3352386644912772,0.5107771444216158,46,middle
46722,122,11,0.4625916708335636,0.4487462101033536,46,middle
46723,123,11,0.6371343588658422,0.42407443250292864,46,middle
46724,124,11,0.3580874694280908,0.37741332555684054,46,middle
46725,125,11,0.37690963686013107,0.5446661694009283,46,middle
46726,126,11,0.8449192710760894,0.4701958515711522,46,middle
46727,127,11,0.6505058892315041,0.5345040843557824,46,middle
46728,128,11,0.7677287918710931,0.31951535465015096,46,middle
46729,129,11,0.21993596877973354,0.4431975870549437,46,middle
46730,130,11,0.22315473358502044,0.5516553277331684,46,middle
46731,131,11,0.32650313024573807,0.402911750183794,46,middle
46732,132,11,0.29922936067502975,0.5280083039239757,46,middle
46733,133,11,0.7351414327211314,0.39512368722815205,46,middle
46734,134,11,0.6654975879765341,0.4908956529677243,46,middle
46735,135,11,0.6642601158159882,0.6503908724078169,46,middle
46736,136,11,0.5289040597406123,0.5311355142163684,46,middle
46737,137,11,0.2632580446635195,0.5136864119969737,46,middle
46738,138,11,0.8067217994599779,0.5100388503166147,46,middle
46739,139,11,0.7149360086400769,0.4623931287625458,46,middle
46740,140,11,0.3049065789085975,0.41201374266133073,46,middle
46741,141,11,0.24003708578410912,0.5402641411346514,46,middle
46742,142,11,0.8525276547131078,0.35559094783488465,46,middle
46743,143,11,0.7399502416736242,0.34971017808858973,46,middle
46744,144,11,0.598847007145842,0.37881046459156975,46,middle
46745,145,11,0.6281789759568938,0.4733952022551433,46,middle
46746,146,11,0.16250540475755712,0.4428509297777769,46,middle
46747,147,11,0.4303041778454698,0.7124433773568892,46,middle
46748,148,11,0.3136015468802897,0.5173922787547314,46,middle
46749,149,11,0.3416155035773859,0.3999573471054064,46,middle
46750,150,11,0.8423193552889925,0.47611673742889155,46,middle
46751,151,11,0.39553287484331523,0.6049449186207259,46,middle
46752,152,11,0.2206656435611998,0.420348173051535,46,middle
46753,153,11,0.3787060931099107,0.4996891660215542,46,middle
46754,154,11,0.15831051281397876,0.4553404987509752,46,middle
46755,155,11,0.628757034944753,0.4300944747897739,46,middle
46756,156,11,0.8515105496021533,0.4173221176190891,46,middle
46757,157,11,0.6850345001592921,0.4984005622438154,46,middle
46758,158,11,0.8338502013338824,0.4257996479639148,46,middle
46759,159,11,0.40425937974866527,0.4412654404327513,46,middle
46760,160,11,0.296944014223597,0.6084533748435172,46,middle
46761,161,11,0.3349344080105764,0.4109924355389363,46,middle
46762,162,11,0.19013015912577597,0.40987239319545443,46,middle
46763,163,11,0.34353079720440405,0.3805860604394079,46,middle
46764,164,11,0.5286020904542871,0.5207352558108537,46,middle
46765,165,11,0.5365779597300597,0.4923882911665167,46,middle
46766,166,11,0.4271862042131831,0.4890887918988823,46,middle
46767,167,11,0.4214898038054635,0.4788627951355391,46,middle
46768,168,11,0.4464677050978266,0.40212091259704685,46,middle
46769,169,11,0.534378122759056,0.45948427917039125,46,middle
46770,170,11,0.45584529043250643,0.5324707402058285,46,middle
46771,171,11,0.12056991740470674,0.6404618368133335,46,middle
46772,172,11,0.4499610408324993,0.5862571407070596,46,middle
46773,173,11,0.19245412091872577,0.5245053469696053,46,middle
46774,174,11,0.8131968935737597,0.2677147811205668,46,middle
46775,175,11,0.49433289795406743,0.3394658928690331,46,middle
46776,176,11,0.408449837313694,0.35138096316054923,46,middle
46777,177,11,0.2177005349000761,0.49619642724697344,46,middle
46778,178,11,0.2943474492638569,0.4717110400746243,46,middle
46779,179,11,0.5327178820523801,0.4332725282108496,46,middle
46780,180,11,0.2830028224033138,0.5320066864620512,46,middle
46781,181,11,0.43750267172967805,0.34647725853421685,46,middle
46782,182,11,0.784036452102751,0.37905018876213376,46,middle
46783,183,11,0.5742186725018814,0.46730936884992336,46,middle
46784,184,11,0.5129125220081616,0.49135407385078583,46,middle
46785,185,11,0.60585406308754,0.5306649799817251,46,middle
46786,186,11,0.4405068586046921,0.5336200916940628,46,middle
46787,187,11,0.42198235114979166,0.440159089433934,46,middle
46788,188,11,0.49809797848686965,0.5129361304446212,46,middle
46789,189,11,0.6958181925736673,0.5924743257242955,46,middle
46790,190,11,0.429556653285302,0.5018245131789341,46,middle
46791,191,11,0.5614428518762322,0.4662388869372378,46,middle
46792,192,11,0.6811314807636777,0.5731442705848402,46,middle
46793,193,11,0.5721430085834294,0.5235624758888269,46,middle
46794,194,11,0.39829814371155187,0.5066980768352973,46,middle
46795,195,11,0.2891776759252702,0.37036250493373357,46,middle
46796,196,11,0.4463621447653223,0.7441566229393424,46,middle
46797,197,11,0.3360742118990598,0.3724837661933067,46,middle
46798,198,11,0.6620685203285515,0.5700170303102478,46,middle
46799,199,11,0.3360094220939347,0.5351785843868432,46,middle
46800,0,0,0.45542312400756846,0.8083244015908954,46,late
46801,1,1,0.9966394461160191,1.03641198537784,46,late
46802,2,2,0.5004321818714879,1.3428187419732966,46,late
46803,3,3,0.8498489931900162,1.1215178696258623,46,late
46804,4,0,0.535503763534381,0.4838033488893717,46,late
46805,5,0,0.9915377933921011,0.6639825552146689,46,late
46806,6,0,0.4835552943356222,0.5514199584895322,46,late
46807,7,0,0.018226770044374004,0.6684802032543701,46,late
46808,8,0,0.5142904953366759,0.6544806980178515,46,late
46809,9,4,0.07513525726798764,0.8680696401644645,46,late
46810,10,5,0.4796990610115001,0.6901213145264165,46,late
46811,11,6,0.13213914993296197,1.0072570413879582,46,late
46812,12,0,0.4751756233238745,0.5602921413583684,46,late
46813,13,0,0.03331353921859007,0.5975054761104697,46,late
46814,14,0,0.4854274407071186,0.6885663225505955,46,late
46815,15,7,0.01682502155198047,0.7622375364328238,46,late
46816,16,8,0.8436408646429426,0.716745952301691,46,late
46817,17,0,0.0421169335998048,0.584552604622359,46,late
46818,18,7,0.5318412474458605,0.5797133432074102,46,late
46819,19,7,0.9632110717082976,0.5262102387761569,46,late
46820,20,7,0.5448227885344213,0.6347627754700021,46,late
46821,21,9,0.19543611705302666,0.7768368844446945,46,late
46822,22,9,0.7508171717456029,0.5753803620700744,46,late
46823,23,9,0.21442202481565173,0.6659552646472493,46,late
46824,24,0,0.5174308029439116,0.5923447034129709,46,late
46825,25,7,0.01735787765114878,0.6631255256410993,46,late
46826,26,9,0.7764195772060591,0.7098059712714389,46,late
46827,27,10,0.21204154060467995,0.749108615839978,46,late
46828,28,0,0.06647685766756713,0.7638732947465086,46,late
46829,29,9,0.26847875977133107,0.6452168914451186,46,late
46830,30,0,0.12734020271529686,0.612390621940247,46,late
46831,31,0,0.9846588350432294,0.449809549758972,46,late
46832,32,0,0.4143124378460069,0.5609477308399551,46,late
46833,33,0,0.9452311957709174,0.4062786500197737,46,late
46834,34,9,0.7322109641860677,0.54877866867165,46,late
46835,35,0,0.438478937153823,0.7484596840601716,46,late
46836,36,9,0.7639391383760274,0.5812371706707165,46,late
46837,37,0,0.4426572079163375,0.6191768321476835,46,late
46838,38,0,0.5710868608822904,0.5328543112009103,46,late
46839,39,0,0.8547218203816196,0.385219934460568,46,late
46840,40,0,0.5454842307995222,0.4590875727043042,46,late
46841,41,0,0.9096108867576074,0.47403811153892494,46,late
46842,42,9,0.7509469280400207,0.5668959775579892,46,late
46843,43,0,0.4788674686739722,0.7508451994684942,46,late
46844,44,9,0.8080792505942347,0.5209193725708833,46,late
46845,45,9,0.3004991443784743,0.6984469229622956,46,late
46846,46,9,0.7980035840547592,0.5797176056614458,46,late
46847,47,7,0.7126764872317478,0.5113281060527226,46,late
46848,48,7,0.20437291095024018,0.5951605739809732,46,late
46849,49,9,0.2507988219411183,0.500170625384892,46,late
46850,50,0,0.580123590077637,0.4346608577321406,46,late
46851,51,7,0.9605709655897317,0.556630791986744,46,late
46852,52,9,0.7008186074805467,0.4956622093496015,46,late
46853,53,0,0.09284141794406259,0.41924852610629343,46,late
46854,54,9,0.8122165948552297,0.5558256856829672,46,late
46855,55,0,0.45814402197768805,0.5716913845385877,46,late
46856,56,9,0.24056315824812388,0.6463266344800022,46,late
46857,57,9,0.7137855769944805,0.4739619797770539,46,late
46858,58,0,0.3254467440247752,0.48929627226385597,46,late
46859,59,0,0.19817168429040788,0.5566262935081994,46,late
46860,60,0,0.6288968698606388,0.4909711487053934,46,late
46861,61,0,0.060716785426640135,0.516070849315031,46,late
46862,62,7,0.5074122721211876,0.5163518557997793,46,late
46863,63,9,0.7889784401397353,0.5962318677916806,46,late
46864,64,9,0.8014516913661158,0.49885375919327696,46,late
46865,65,7,0.08435324474971839,0.5934800759199106,46,late
46866,66,0,0.5579194999073108,0.4700345599136414,46,late
46867,67,7,0.9194235169873426,0.4442584620867654,46,late
46868,68,9,0.7841754705427935,0.6229849688606095,46,late
46869,69,9,0.8005718698158522,0.372461291678385,46,late
46870,70,7,0.4801290923209738,0.5620634864684569,46,late
46871,71,0,0.7984781646142423,0.3342880810174931,46,late
46872,72,0,0.7331251676799015,0.3851049320946231,46,late
46873,73,9,0.31847407810514033,0.5239594453206344,46,late
46874,74,0,0.6132009365182509,0.5780018149520321,46,late
46875,75,7,0.056075043000588125,0.5676850599363485,46,late
46876,76,7,0.37511847267566056,0.47331612108362336,46,late
46877,77,7,0.14744734388000597,0.4843038558563995,46,late
46878,78,11,0.5754593472806995,0.9036708934464237,46,late
46879,79,7,0.9514718088938092,0.4197876534033269,46,late
46880,80,7,0.036379037799382036,0.6268596437564262,46,late
46881,81,0,0.8276431907710384,0.6022251718761773,46,late
46882,82,7,0.541147598625859,0.4659960120519463,46,late
46883,83,7,0.5395059098770386,0.43574823097731674,46,late
46884,84,7,0.48225889599981075,0.4991187597730009,46,late
46885,85,0,0.6478162847932928,0.5070620693923168,46,late
46886,86,0,0.629987621205234,0.4673717342277125,46,late
46887,87,0,0.8582655362038509,0.6094054897448786,46,late
46888,88,7,0.5266937725071098,0.37690446744808626,46,late
46889,89,0,0.4322677517328325,0.4209125631587147,46,late
46890,90,0,0.33653529038240554,0.48016273747480365,46,late
46891,91,7,0.47440041586500814,0.3955677345779306,46,late
46892,92,0,0.6160541489623168,0.40821310585455384,46,late
46893,93,0,0.6793029878214636,0.44540918967488324,46,late
46894,94,7,0.7355743512791064,0.5137430904674791,46,late
46895,95,7,0.30933152237122347,0.4555220730871997,46,late
46896,96,0,0.5721203726369861,0.47192465674117,46,late
46897,97,0,0.13762314609689572,0.7621061377003371,46,late
46898,98,7,0.5061670542462101,0.3922342132308678,46,late
46899,99,0,0.48445043981276925,0.4452073374680515,46,late
46900,100,7,0.4893957344259982,0.5001030343314138,46,late
46901,101,0,0.47174880713255696,0.4674373949544244,46,late
46902,102,0,0.35080469984408885,0.3174902945916118,46,late
46903,103,0,0.6238869131685314,0.5739459301775418,46,late
46904,104,0,0.39528003222410385,0.6240563248754577,46,late
46905,105,7,0.42277780933402764,0.5886310761603037,46,late
46906,106,0,0.28938999346984706,0.5210423145417027,46,late
46907,107,0,0.8108707385270151,0.43118321198929194,46,late
46908,108,0,0.217811651259504,0.6637434087204325,46,late
46909,109,0,0.5714160956518404,0.4734431779811671,46,late
46910,110,0,0.7786540305163063,0.6017644191864775,46,late
46911,111,0,0.33964439528550217,0.5147588993182552,46,late
46912,112,0,0.6274487385183396,0.5019051168184541,46,late
46913,113,0,0.5877936503117054,0.38125871511922427,46,late
46914,114,9,0.8063694724571863,0.4890223312890855,46,late
46915,115,0,0.5258934202501565,0.43568975387626985,46,late
46916,116,9,0.7259119290546515,0.38752592575490086,46,late
46917,117,9,0.7353219822729498,0.44428059976738754,46,late
46918,118,0,0.48670702710900704,0.461962796957074,46,late
46919,119,0,0.6118478866337482,0.39058323419836527,46,late
46920,120,0,0.28130521309118295,0.5062815260275393,46,late
46921,121,0,0.8594830170677122,0.536316239032516,46,late
46922,122,7,0.9453249241279671,0.2889309977151076,46,late
46923,123,0,0.3116901903615243,0.5330669678391631,46,late
46924,124,0,0.733086477142455,0.4686504439818312,46,late
46925,125,0,0.18742207517955367,0.47894804699663485,46,late
46926,126,7,0.9556443121573137,0.38224548810259473,46,late
46927,127,0,0.6540811908109273,0.5359494619247502,46,late
46928,128,9,0.21823703173112405,0.41336244486556417,46,late
46929,129,7,0.9543616172745746,0.3049469758707729,46,late
46930,130,7,0.028449982890097675,0.5399766899877034,46,late
46931,131,9,0.36516295382072095,0.6058392926169487,46,late
46932,132,7,0.8270817043431571,0.3307808361084915,46,late
46933,133,7,0.9211098758117434,0.47349761049323147,46,late
46934,134,0,0.31926662894567115,0.4192390807887931,46,late
46935,135,9,0.2510890103104908,0.5006975677566783,46,late
46936,136,0,0.5420642716529641,0.47294609412765753,46,late
46937,137,0,0.1622790757387681,0.5030474013558501,46,late
46938,138,9,0.23857349010541373,0.49812568157723547,46,late
46939,139,7,0.9482558877630649,0.38426361946065146,46,late
46940,140,9,0.1680191553924083,0.6416228629067289,46,late
46941,141,0,0.08728300252592874,0.7190287664377071,46,late
46942,142,0,0.6464747360491553,0.5359131887842903,46,late
46943,143,0,0.6181491952782228,0.42348209233777556,46,late
46944,144,0,0.44528496349450264,0.42754606493095315,46,late
46945,145,0,0.6078287810175098,0.48901453628518876,46,late
46946,146,0,0.960769169138393,0.4148328438767718,46,late
46947,147,7,0.9665372398736596,0.365419312343915,46,late
46948,148,7,0.9575301400683518,0.3765717518959387,46,late
46949,149,0,0.6454461380477846,0.450862080039628,46,late
46950,150,0,0.6231809855779096,0.3932411140473381,46,late
46951,151,0,0.2982883790456535,0.4616672871136982,46,late
46952,152,0,0.6750048360224495,0.4351368789633341,46,late
46953,153,9,0.7822475358298544,0.457847186686857,46,late
46954,154,9,0.29132715024707556,0.6766713179805294,46,late
46955,155,0,0.23354354989073942,0.6077173267442673,46,late
46956,156,9,0.7928945558122104,0.3869583554461573,46,late
46957,157,9,0.7082889905709125,0.5235600551053681,46,late
46958,158,9,0.1921754551282287,0.4988939561012065,46,late
46959,159,0,0.668445747768867,0.3471448176820262,46,late
46960,160,0,0.6880035403914369,0.4922427627022369,46,late
46961,161,9,0.8151776462238406,0.41430561714456937,46,late
46962,162,0,0.655624037507643,0.4984397486963549,46,late
46963,163,0,0.5307787661857364,0.383321039273551,46,late
46964,164,0,0.3475641369663287,0.4213962699596556,46,late
46965,165,7,0.971939387188144,0.4278759241890665,46,late
46966,166,0,0.3538104276278537,0.4564915857263659,46,late
46967,167,0,0.6587654560052343,0.4551473841094692,46,late
46968,168,0,0.24925978295470308,0.4078942945090322,46,late
46969,169,0,0.5928565126755622,0.31326580549728733,46,late
46970,170,0,0.6545556023664321,0.39581743786264223,46,late
46971,171,7,0.9666413915056442,0.49901392416694035,46,late
46972,172,0,0.6378272937708398,0.48819324857631213,46,late
46973,173,7,0.6368347963236538,0.5755400643305804,46,late
46974,174,0,0.3255362906339298,0.5253583091340426,46,late
46975,175,0,0.9138155330828823,0.37214202600433566,46,late
46976,176,7,0.48269875363911924,0.5279451175552797,46,late
46977,177,0,0.7398973515503964,0.4234239632319061,46,late
46978,178,0,0.1487712158206884,0.5422817651751475,46,late
46979,179,0,0.6867515893729501,0.5702211871034862,46,late
46980,180,0,0.6032433024264692,0.5639170279896389,46,late
46981,181,0,0.36210250032221086,0.5050678288121371,46,late
46982,182,0,0.3588066274176887,0.5817960641148407,46,late
46983,183,9,0.7315006097550881,0.4051223424464303,46,late
46984,184,4,0.9471331361558337,0.5551864579186399,46,late
46985,185,9,0.25511349829362395,0.5163047548101963,46,late
46986,186,0,0.32492922543036823,0.49576828155371216,46,late
46987,187,0,0.3249806176505667,0.40026397595250807,46,late
46988,188,0,0.5994781150245898,0.47367941944402847,46,late
46989,189,9,0.7830577976761848,0.47171307272047464,46,late
46990,190,0,0.7757027212527392,0.5396881171571593,46,late
46991,191,0,0.4248640710517989,0.43585128794250816,46,late
46992,192,7,0.507713352485504,0.5025136971786724,46,late
46993,193,9,0.17241821552648665,0.4687782305727113,46,late
46994,194,0,0.4373710248306252,0.38571838544301557,46,late
46995,195,9,0.7623299771190093,0.4343220836438039,46,late
46996,196,0,0.619148813400813,0.35015564032797597,46,late
46997,197,0,0.6421452219518233,0.5110095101707304,46,late
46998,198,0,0.6204878971184553,0.3314730524789406,46,late
46999,199,0,0.6747288310371884,0.4885115392137661,46,late
47000,0,0,0.4991374243114122,0.810120698657834,47,interleaved
47001,1,0,0.9966534169455208,0.6668540510190906,47,interleaved
47002,2,1,0.3494276022680982,1.3595774292961424,47,interleaved
47003,3,2,5.068268064069748e-07,1.7219053787181906,47,interleaved
47004,4,3,0.7703665720136076,0.8409167569369511,47,interleaved
47005,5,4,0.030242715728962002,1.1931424968473228,47,interleaved
47006,6,5,0.49999942882130965,1.1725422373786492,47,interleaved
47007,7,0,0.03963951956635539,0.6260353582329263,47,interleaved
47008,8,6,0.5000000787055424,1.7039026592883237,47,interleaved
47009,9,0,0.9829274372386216,0.6146442175275167,47,interleaved
47010,10,0,0.503479757642256,0.6967450314533387,47,interleaved
47011,11,0,0.9969181678072514,0.8061488490764847,47,interleaved
47012,12,0,0.45139697716345023,0.8486464762859272,47,interleaved
47013,13,7,0.2336216774059533,1.1758619545163813,47,interleaved
47014,14,0,0.5008509249679839,0.725411936302566,47,interleaved
47015,15,8,0.009062616187863312,0.8518380230116637,47,interleaved
47016,16,9,0.5020045056358523,0.7729208655755189,47,interleaved
47017,17,10,0.999938066655649,1.2115034674381957,47,interleaved
47018,18,0,0.49555024432853917,0.6830227768797075,47,interleaved
47019,19,0,0.03955395332729131,0.7876502347046533,47,interleaved
47020,20,0,0.47447864307668425,0.8343632020832668,47,interleaved
47021,21,0,0.9863616360494318,0.46900523394412763,47,interleaved
47022,22,0,0.5028307085362838,0.7809560069564756,47,interleaved
47023,23,0,0.9913563077959185,0.6274865308497874,47,interleaved
47024,24,0,0.4162365671914462,0.6293736651356634,47,interleaved
47025,25,0,0.030087177146603507,0.61647303329041,47,interleaved
47026,26,0,0.5541219799597346,0.6497776131884981,47,interleaved
47027,27,0,0.07015926658446157,0.7796372102292982,47,interleaved
47028,28,0,0.5185724259591051,0.6939255521661986,47,interleaved
47029,29,0,0.20323618607313615,0.5638903791280927,47,interleaved
47030,30,0,0.5393902276134377,0.699227814484146,47,interleaved
47031,31,0,0.9320484954673133,0.5233205321533174,47,interleaved
47032,32,0,0.8103984564899855,0.7742356349666961,47,interleaved
47033,33,0,0.7770254925324587,0.649480246453082,47,interleaved
47034,34,0,0.2349845489022746,0.5341349112959438,47,interleaved
47035,35,0,0.6525670850412846,0.5093650347716567,47,interleaved
47036,36,0,0.1025535690452526,0.5998851297615913,47,interleaved
47037,37,0,0.7335922967814241,0.5193557914510959,47,interleaved
47038,38,0,0.5743091115647645,0.30234774143471216,47,interleaved
47039,39,0,0.5674516393513365,0.528822468905106,47,interleaved
47040,40,0,0.760422084832968,0.6722729542891915,47,interleaved
47041,41,0,0.38012631659595253,0.4247592522202262,47,interleaved
47042,42,0,0.7669220995945886,0.4864744609200204,47,interleaved
47043,43,0,0.5410206177643042,0.5548401582867841,47,interleaved
47044,44,0,0.1345093259492102,0.3871663764811507,47,interleaved
47045,45,0,0.73726602351609,0.6055620737025642,47,interleaved
47046,46,0,0.7747875282993633,0.5188599718350302,47,interleaved
47047,47,0,0.491960787015573,0.5497181014740413,47,interleaved
47048,48,0,0.24047240598040284,0.5062103684448043,47,interleaved
47049,49,0,0.8445295365912386,0.5500900767266883,47,interleaved
47050,50,0,0.09202915191141013,0.5304848027052277,47,interleaved
47051,51,0,0.7966062030378834,0.643873900905428,47,interleaved
47052,52,0,0.7178484790833888,0.4273971643169501,47,interleaved
47053,53,0,0.5021041817163757,0.6256378868953993,47,interleaved
47054,54,0,0.27809250169474464,0.4208534510831741,47,interleaved
47055,55,0,0.7371175326265809,0.44390861241370605,47,interleaved
47056,56,0,0.18331344417572948,0.42785232140752016,47,interleaved
47057,57,0,0.498300861451329,0.5743513757539802,47,interleaved
47058,58,0,0.14538835936599548,0.5979428921428557,47,interleaved
47059,59,0,0.5276899221973852,0.5381001796963808,47,interleaved
47060,60,0,0.6875521479512473,0.3171626258738943,47,interleaved
47061,61,0,0.6917418462065008,0.44021054550326955,47,interleaved
47062,62,0,0.6133757343439044,0.3295180425670746,47,interleaved
47063,63,0,0.3805709464270146,0.41870100613162853,47,interleaved
47064,64,0,0.8254718709701739,0.4038306807743199,47,interleaved
47065,65,0,0.31908172866002,0.413752272908111,47,interleaved
47066,66,0,0.1479909338169071,0.4847627221258328,47,interleaved
47067,67,0,0.6265193619011551,0.43595644139159007,47,interleaved
47068,68,0,0.6813429324168239,0.48733226319204637,47,interleaved
47069,69,0,0.4483121870777616,0.48482458562735353,47,interleaved
47070,70,0,0.239937631352841,0.47444068832734365,47,interleaved
47071,71,0,0.5523516108455151,0.606669018374917,47,interleaved
47072,72,0,0.35505838939106193,0.40439357214294375,47,interleaved
47073,73,0,0.5595678627811761,0.37228166655768274,47,interleaved
47074,74,0,0.7416092460781668,0.3616835067292239,47,interleaved
47075,75,0,0.6591653071747121,0.4428129606586492,47,interleaved
47076,76,0,0.36569076899837255,0.38975751431642536,47,interleaved
47077,77,0,0.4168628048639062,0.3589240891324419,47,interleaved
47078,78,0,0.27155984295091,0.44542184542251395,47,interleaved
47079,79,0,0.49945355830302895,0.43249695368356045,47,interleaved
47080,80,0,0.22656343874895757,0.44318841136922127,47,interleaved
47081,81,0,0.5962858031975595,0.3274233212460754,47,interleaved
47082,82,0,0.5140433697569944,0.5460315897416776,47,interleaved
47083,83,0,0.4724634176986201,0.3680502989578215,47,interleaved
47084,84,0,0.5981524417849136,0.39610344589045554,47,interleaved
47085,85,0,0.6679350406012853,0.29498110226575147,47,interleaved
47086,86,0,0.16233665554287383,0.40586993442383956,47,interleaved
47087,87,0,0.6805786305432577,0.40042137538875633,47,interleaved
47088,88,0,0.34903963915601877,0.4958997832621917,47,interleaved
47089,89,0,0.29567837633326927,0.3969540826265181,47,interleaved
47090,90,0,0.7222473726703996,0.4683302837686466,47,interleaved
47091,91,0,0.5081801057064922,0.5106189088358855,47,interleaved
47092,92,0,0.2047414509256049,0.4765918991102291,47,interleaved
47093,93,0,0.6674940414324615,0.49014665058912443,47,interleaved
47094,94,0,0.7166820681620397,0.4563405547324694,47,interleaved
47095,95,0,0.8961885288076381,0.545996538771363,47,interleaved
47096,96,0,0.5528275792399817,0.32625579414567135,47,interleaved
47097,97,0,0.4457556465127148,0.36725036004403894,47,interleaved
47098,98,0,0.575240125125101,0.3230290273085965,47,interleaved
47099,99,0,0.2208884443919314,0.43383511772907757,47,interleaved
47100,100,0,0.14617885274175918,0.6170176092412856,47,interleaved
47101,101,0,0.7287867173798376,0.3720644231614173,47,interleaved
47102,102,0,0.23428796839377342,0.43757825538367856,47,interleaved
47103,103,0,0.6503973161243182,0.5730892763655607,47,interleaved
47104,104,0,0.7003596741776292,0.3687296292561254,47,interleaved
47105,105,0,0.4140596142189731,0.34820843342737284,47,interleaved
47106,106,0,0.13280906191258326,0.5810355164655804,47,interleaved
47107,107,0,0.7816240601791176,0.4505663701049951,47,interleaved
47108,108,0,0.5121116226376797,0.3428767058212939,47,interleaved
47109,109,0,0.5422414716279793,0.4044390765546946,47,interleaved
47110,110,0,0.39851212908740297,0.5089429258387487,47,interleaved
47111,111,0,0.46629429811984013,0.3552338465342061,47,interleaved
47112,112,0,0.6631526007227636,0.38071785632126487,47,interleaved
47113,113,0,0.3313553156386868,0.40286009176208515,47,interleaved
47114,114,0,0.32583703402208763,0.497180485910365,47,interleaved
47115,115,0,0.8123394890390545,0.39602647086908604,47,interleaved
47116,116,0,0.647121557512077,0.4277025005378584,47,interleaved
47117,117,0,0.66215905224645,0.42717100270755337,47,interleaved
47118,118,0,0.1659301277113781,0.62159657514727,47,interleaved
47119,119,0,0.6866456997492529,0.3338952402513551,47,interleaved
47120,120,0,0.5930716889617751,0.3654688333255245,47,interleaved
47121,121,0,0.4399625954629568,0.4308029309639393,47,interleaved
47122,122,0,0.5571228276365314,0.33495089690046054,47,interleaved
47123,123,0,0.7622271637811455,0.4060796704033225,47,interleaved
47124,124,0,0.17388705423315573,0.49043837276374425,47,interleaved
47125,125,0,0.4371470247953821,0.44582872681227337,47,interleaved
47126,126,0,0.55046373852666,0.5063871776229728,47,interleaved
47127,127,0,0.7135051864292068,0.6746469585723838,47,interleaved
47128,128,0,0.3559279894380053,0.46175373763354144,47,interleaved
47129,129,0,0.9461304716378953,0.4298542211811674,47,interleaved
47130,130,0,0.3240652273324252,0.4599434977090617,47,interleaved
47131,131,0,0.37008184813092493,0.4753116824600543,47,interleaved
47132,132,0,0.39547152419967424,0.41855238178082854,47,interleaved
47133,133,0,0.818620233573558,0.45161958436699373,47,interleaved
47134,134,0,0.5901885830387299,0.40213206453204187,47,interleaved
47135,135,0,0.884152687839358,0.39511076356797004,47,interleaved
47136,136,0,0.2467240700679369,0.4795325285056951,47,interleaved
47137,137,0,0.6384296176077363,0.48741229516590445,47,interleaved
47138,138,0,0.26064541183070555,0.3989769835292062,47,interleaved
47139,139,0,0.2740690840555766,0.305471702876772,47,interleaved
47140,140,0,0.680017469322072,0.4012256585206996,47,interleaved
47141,141,0,0.5674872923779211,0.4800812816490198,47,interleaved
47142,142,0,0.6432291136100954,0.467914882416385,47,interleaved
47143,143,0,0.5076104262801633,0.3624187958657882,47,interleaved
47144,144,0,0.22649152199803899,0.3714900086664758,47,interleaved
47145,145,0,0.912459757408928,0.5463398450608737,47,interleaved
47146,146,0,0.7158004351197818,0.36413132840092327,47,interleaved
47147,147,0,0.4874030328774354,0.4168934800871945,47,interleaved
47148,148,0,0.764648039255825,0.4016622670197887,47,interleaved
47149,149,0,0.4214666619312115,0.482590744789867,47,interleaved
47150,150,0,0.7358523688141407,0.370088972900563,47,interleaved
47151,151,0,0.5276374679248444,0.3685654024457864,47,interleaved
47152,152,0,0.1354944912210028,0.5589025594476296,47,interleaved
47153,153,0,0.43222813841780616,0.43638242323907095,47,interleaved
47154,154,0,0.1687229609924929,0.36168087635585505,47,interleaved
47155,155,0,0.4475983988800615,0.5265763238323865,47,interleaved
47156,156,0,0.23659859059179242,0.43579156107417555,47,interleaved
47157,157,0,0.6936519023006795,0.4232646344658175,47,interleaved
47158,158,0,0.8236264835633118,0.5485312413898342,47,interleaved
47159,159,0,0.6649296976653358,0.30386531916300696,47,interleaved
47160,160,0,0.1786497483663848,0.4195653021623962,47,interleaved
47161,161,0,0.6707375743045654,0.37102279072928396,47,interleaved
47162,162,0,0.7416511538439201,0.42298436494197056,47,interleaved
47163,163,0,0.4281097651512141,0.34581104494615944,47,interleaved
47164,164,0,0.4315825765186819,0.44246004869534106,47,interleaved
47165,165,0,0.4013292208896209,0.40196876844501706,47,interleaved
47166,166,0,0.1560150965508868,0.509843829819173,47,interleaved
47167,167,0,0.5808971212886835,0.45450921652561865,47,interleaved
47168,168,0,0.48317396747273267,0.5010612271392453,47,interleaved
47169,169,0,0.6278818784515503,0.31292557514218683,47,interleaved
47170,170,0,0.32297612523042496,0.5098555159423452,47,interleaved
47171,171,0,0.7558834848270521,0.3523680799877482,47,interleaved
47172,172,0,0.2428519193022174,0.39846911320478595,47,interleaved
47173,173,0,0.5748060017940406,0.27715881051004065,47,interleaved
47174,174,0,0.6052210743554252,0.35379182029531797,47,interleaved
47175,175,0,0.7263262040250407,0.32866232706569476,47,interleaved
47176,176,0,0.38576706145497436,0.4472589250142883,47,interleaved
47177,177,0,0.4059405070195681,0.3597391273473536,47,interleaved
47178,178,0,0.7559827861252969,0.40299350689246527,47,interleaved
47179,179,0,0.24354571599010838,0.3834616522495701,47,interleaved
47180,180,0,0.41988307471435793,0.4159952090685558,47,interleaved
47181,181,0,0.6130333082239717,0.438192482364967,47,interleaved
47182,182,0,0.20424773035542498,0.31812015698331936,47,interleaved
47183,183,0,0.19989449245448612,0.4062005746953833,47,interleaved
47184,184,0,0.2908693934570173,0.3315936290524135,47,interleaved
47185,185,0,0.6396592153938689,0.3639654199859035,47,interleaved
47186,186,0,0.21919011412293848,0.47286099973151374,47,interleaved
47187,187,0,0.2500136272038477,0.4965445222123265,47,interleaved
47188,188,0,0.7042854094421767,0.3075803828745296,47,interleaved
47189,189,0,0.4756574815653806,0.3493654426523505,47,interleaved
47190,190,0,0.3655433218019101,0.40515493169186545,47,interleaved
47191,191,0,0.8521620441222482,0.47514382377930964,47,interleaved
47192,192,0,0.47048480089808703,0.3395496125688833,47,interleaved
47193,193,0,0.1515511042024834,0.3625196677190382,47,interleaved
47194,194,0,0.5680186083419962,0.45056258465769305,47,interleaved
47195,195,0,0.6570018086722452,0.30552481230066164,47,interleaved
47196,196,0,0.35634469234687194,0.3682407308058087,47,interleaved
47197,197,0,0.4409346360827884,0.3595218807647741,47,interleaved
47198,198,0,0.3483986705056439,0.42612154505508126,47,interleaved
47199,199,0,0.6873634782515967,0.39319297016403243,47,interleaved
47200,0,0,0.22202016100913036,0.7330393198146108,47,blocked
47201,1,1,0.9172143262299657,1.3321144061973178,47,blocked
47202,2,2,0.1415672194983048,0.7892110708529902,47,blocked
47203,3,3,0.0008477539377750489,1.3895542786156092,47,blocked
47204,4,4,0.499225422784307,0.8145234519430826,47,blocked
47205,5,5,0.01669235055154115,1.2260275409296628,47,blocked
47206,6,6,0.45591192593373436,1.1882157210232531,47,blocked
47207,7,7,0.9973192578529078,1.0092816805804565,47,blocked
47208,8,8,0.49915597296059516,1.2799336898571325,47,blocked
47209,9,9,0.9984219486357655,1.1545271467798033,47,blocked
47210,10,10,0.556742576770476,0.8665245373863524,47,blocked
47211,11,4,0.4784707093333574,0.7828259795052552,47,blocked
47212,12,11,0.13628846356542876,0.9561463224876218,47,blocked
47213,13,12,0.3771293967698892,0.9473105808801021,47,blocked
47214,14,13,0.08328082754984655,1.3470451710208051,47,blocked
47215,15,4,0.5077680805805418,0.819966557504898,47,blocked
47216,16,14,0.3393149552517864,1.0413061067368568,47,blocked
47217,17,15,0.3969769874971856,0.8527896395753738,47,blocked
47218,18,16,0.2914144156274671,1.084436031872528,47,blocked
47219,19,17,0.5228605681242751,1.1847294764978389,47,blocked
47220,20,12,0.6368622145096002,0.7464899490160901,47,blocked
47221,21,12,0.553382214821567,0.5897271840986363,47,blocked
47222,22,18,0.49130194957641654,0.8704771234148101,47,blocked
47223,23,19,0.4992679942394919,1.122658275149801,47,blocked
47224,24,20,0.5516776555863285,1.1523530249905343,47,blocked
47225,25,21,0.03238627197379666,1.1397867042139083,47,blocked
47226,26,22,0.4374025458751955,0.896559954505141,47,blocked
47227,27,23,0.9630257137466469,1.3534341107753334,47,blocked
47228,28,24,0.4737415920564036,1.197777455366627,47,blocked
47229,29,25,0.5646113873476077,0.9874081132625878,47,blocked
47230,30,26,0.5130486756613971,0.7913483057028843,47,blocked
47231,31,27,0.39663608898913366,0.6955568965698763,47,blocked
47232,32,28,0.1980836003326385,0.8808548381189252,47,blocked
47233,33,29,0.4107405064916445,1.1962749247832,47,blocked
47234,34,30,0.5165304495234722,0.8828648966576753,47,blocked
47235,35,12,0.6300907677441201,0.5664043720444623,47,blocked
47236,36,25,0.5182353506042561,0.7758783754446932,47,blocked
47237,37,30,0.015436202759249429,1.1566139206889674,47,blocked
47238,38,31,0.49883907176332587,0.7516014316049395,47,blocked
47239,39,28,0.19412797602737686,0.8080293574644204,47,blocked
47240,40,32,0.5066939999015834,0.7914268492127238,47,blocked
47241,41,32,0.6475625057682858,0.7169675014115319,47,blocked
47242,42,32,0.4890773400495688,0.645289402341503,47,blocked
47243,43,33,0.0038834826934386482,1.246478704727325,47,blocked
47244,44,34,0.14009326641220324,1.2698772933822031,47,blocked
47245,45,35,0.3374327656954377,1.4664359349387777,47,blocked
47246,46,36,0.5133155911696874,0.9163929544019546,47,blocked
47247,47,37,0.2605643105250092,0.8139197586529245,47,blocked
47248,48,32,0.663927227783181,0.706607281736561,47,blocked
47249,49,32,0.5758397930866019,0.5652075604069399,47,blocked
47250,50,32,0.5004178036596343,0.6135341155424889,47,blocked
47251,51,32,0.599075877054051,0.6522657039368964,47,blocked
47252,52,32,0.6903031571179197,0.6257499059456058,47,blocked
47253,53,32,0.4149388333214107,0.6728152296374446,47,blocked
47254,54,32,0.4832892011984453,0.7302394772593834,47,blocked
47255,55,12,0.89476751039575,0.5944171837931153,47,blocked
47256,56,32,0.46054378875651913,0.651159906881823,47,blocked
47257,57,32,0.5629023197392965,0.5044047390623908,47,blocked
47258,58,32,0.5411444641002097,0.6427396080331602,47,blocked
47259,59,38,0.49297796807083166,0.6616510880363418,47,blocked
47260,60,32,0.31972618383159823,0.7497046903540595,47,blocked
47261,61,32,0.7341874243499138,0.5946815483667545,47,blocked
47262,62,12,0.8348070224736288,0.9041770764419332,47,blocked
47263,63,32,0.5631832616836527,0.5249807634955014,47,blocked
47264,64,32,0.559342468702692,0.44978972740595535,47,blocked
47265,65,32,0.49120201194428526,0.3206993084805372,47,blocked
47266,66,32,0.49835318680810703,0.319727731212397,47,blocked
47267,67,32,0.4917546847506244,0.3710941230487974,47,blocked
47268,68,32,0.476073801194417,0.4754331643919183,47,blocked
47269,69,32,0.5965565174871099,0.5344122978008919,47,blocked
47270,70,32,0.3370453970938724,0.483721835458326,47,blocked
47271,71,32,0.5385311928678087,0.4487946078612631,47,blocked
47272,72,32,0.7279907176954838,0.5139488712318755,47,blocked
47273,73,32,0.3468910562407026,0.48210847024181763,47,blocked
47274,74,32,0.571687489144237,0.5447323958874721,47,blocked
47275,75,32,0.529244889159183,0.5274955967612497,47,blocked
47276,76,32,0.466652385959254,0.472032070396026,47,blocked
47277,77,32,0.24004447810647578,0.41770209578863654,47,blocked
47278,78,32,0.5691841165478744,0.5359527663935315,47,blocked
47279,79,32,0.7124715238341839,0.5178449664087574,47,blocked
47280,80,32,0.537547178016114,0.4828027659253288,47,blocked
47281,81,32,0.5786570017305145,0.6529420143709714,47,blocked
47282,82,32,0.5023664044330256,0.3781538528388911,47,blocked
47283,83,32,0.4683323788534184,0.5065998640338131,47,blocked
47284,84,32,0.5648347784605314,0.5510960812070356,47,blocked
47285,85,32,0.438016252960697,0.5086832774203099,47,blocked
47286,86,32,0.42879271001393915,0.5473856942659862,47,blocked
47287,87,32,0.4905090704437075,0.40851782159976857,47,blocked
47288,88,32,0.4760304661496859,0.42455584334767016,47,blocked
47289,89,32,0.44198368491527734,0.49532848790333545,47,blocked
47290,90,32,0.36388767290550833,0.5748195933868624,47,blocked
47291,91,32,0.567629751708008,0.36660200906996077,47,blocked
47292,92,32,0.5579055955824136,0.5272230132796687,47,blocked
47293,93,32,0.5896860985280309,0.4701720299952742,47,blocked
47294,94,32,0.3000476721198154,0.36545575851238654,47,blocked
47295,95,32,0.34754892489267614,0.4303408347672861,47,blocked
47296,96,32,0.315611936382139,0.3871686386767309,47,blocked
47297,97,32,0.24684191759028776,0.5734012546107441,47,blocked
47298,98,32,0.21410091072608242,0.49236649233039653,47,blocked
47299,99,32,0.28856704668891425,0.5223253701745304,47,blocked
47300,100,32,0.6664989734415889,0.3471874002171705,47,blocked
47301,101,32,0.31345682947802034,0.40971394078771184,47,blocked
47302,102,32,0.6130572866384746,0.5715157040004928,47,blocked
47303,103,32,0.23702098247337874,0.4041069917472474,47,blocked
47304,104,32,0.26841010040224705,0.45316925830631405,47,blocked
47305,105,32,0.1838627540860957,0.4672986486778343,47,blocked
47306,106,32,0.7667108656865059,0.40777108899205544,47,blocked
47307,107,32,0.7500875236138089,0.43169539397131806,47,blocked
47308,108,32,0.13665563491283184,0.5559039920327796,47,blocked
47309,109,32,0.21559822522402605,0.44308022489838156,47,blocked
47310,110,32,0.7943836372730703,0.4845292413071465,47,blocked
47311,111,32,0.12170608294252513,0.5601207976390455,47,blocked
47312,112,32,0.22155491876354508,0.5230779330323413,47,blocked
47313,113,32,0.15684348748929783,0.5572678442862933,47,blocked
47314,114,32,0.8633424174893146,0.48019346393782236,47,blocked
47315,115,32,0.8881445230557539,0.587141436766726,47,blocked
47316,116,32,0.8715144586597265,0.31876628392647965,47,blocked
47317,117,32,0.12398292039175224,0.5611679018193786,47,blocked
47318,118,32,0.11429839011248702,0.650363247189413,47,blocked
47319,119,32,0.8597467158406942,0.5512577180151265,47,blocked
47320,120,32,0.3845226652952779,0.41469482316048456,47,blocked
47321,121,32,0.46375732929921504,0.5317259775979908,47,blocked
47322,122,32,0.460908894183637,0.4691141334770169,47,blocked
47323,123,32,0.4333419286028196,0.40724973614396953,47,blocked
47324,124,32,0.4619959912615183,0.5184844260438644,47,blocked
47325,125,32,0.5164788216149552,0.33724847368540467,47,blocked
47326,126,32,0.5187583904596089,0.3384444132305756,47,blocked
47327,127,32,0.612002900684647,0.40366062095221755,47,blocked
47328,128,32,0.5011706149462207,0.45143754057815344,47,blocked
47329,129,32,0.6007027826736616,0.5132448081577353,47,blocked
47330,130,32,0.5160122801044233,0.47571695442854367,47,blocked
47331,131,32,0.6018487738279734,0.5707467417839245,47,blocked
47332,132,32,0.5215879897400144,0.42162277394491177,47,blocked
47333,133,32,0.5717961618930769,0.46770028442233613,47,blocked
47334,134,32,0.576804417335655,0.3678053739205893,47,blocked
47335,135,32,0.5873238523628561,0.5682790748591934,47,blocked
47336,136,32,0.5932781020216766,0.4683515772523723,47,blocked
47337,137,32,0.5903246295632943,0.3680161002637013,47,blocked
47338,138,32,0.401982314808029,0.5807683170151741,47,blocked
47339,139,32,0.4737861669211023,0.4437726891588964,47,blocked
47340,140,32,0.3831679151223266,0.39687492404546104,47,blocked
47341,141,32,0.4583073621788505,0.5453543452980592,47,blocked
47342,142,32,0.5615668558025699,0.47806357595189103,47,blocked
47343,143,32,0.5042580951761392,0.33717843439032114,47,blocked
47344,144,32,0.5136550514752499,0.46976836552719764,47,blocked
47345,145,32,0.4249758378713714,0.4449463379226156,47,blocked
47346,146,32,0.5704307823477426,0.43446391418746316,47,blocked
47347,147,32,0.5575922941012039,0.383408129562623,47,blocked
47348,148,32,0.5765569070157232,0.47947350679047906,47,blocked
47349,149,32,0.49081771837578164,0.48668806090046157,47,blocked
47350,150,32,0.579654028935606,0.538782793335404,47,blocked
47351,151,32,0.5521582294751837,0.5127499502143454,47,blocked
47352,152,32,0.5555854640172629,0.5096222342797362,47,blocked
47353,153,32,0.5968933858645218,0.27051830230714957,47,blocked
47354,154,32,0.41595550864020303,0.4599105613908271,47,blocked
47355,155,32,0.6024678314777677,0.5221088691518248,47,blocked
47356,156,32,0.6387075625016018,0.3852870783028507,47,blocked
47357,157,32,0.4911873061465887,0.4370855730605874,47,blocked
47358,158,32,0.5861669501411672,0.32744127078247637,47,blocked
47359,159,32,0.5124304867959351,0.3854075734622412,47,blocked
47360,160,32,0.44715991830203994,0.4397217406047541,47,blocked
47361,161,32,0.5616100563686497,0.42656808295796,47,blocked
47362,162,32,0.12767498331019633,0.5514354836934039,47,blocked
47363,163,32,0.7047167818726214,0.38608690368595433,47,blocked
47364,164,32,0.2283668807101248,0.47937107024779096,47,blocked
47365,165,32,0.6293387646431126,0.6505634056073808,47,blocked
47366,166,32,0.7004670763211218,0.5104909064211154,47,blocked
47367,167,32,0.49825094277091553,0.3859523869574867,47,blocked
47368,168,32,0.1965895498544683,0.5970456546253304,47,blocked
47369,169,32,0.6014875185171725,0.46962785440725013,47,blocked
47370,170,32,0.6905003262022535,0.4281343427723481,47,blocked
47371,171,32,0.5724599549311258,0.6553396231973253,47,blocked
47372,172,32,0.15795727330748535,0.46629925973395236,47,blocked
47373,173,32,0.5179022900697318,0.4754932693743619,47,blocked
47374,174,32,0.6231371092682387,0.37074978941587533,47,blocked
47375,175,32,0.15055302577610902,0.6071648778779386,47,blocked
47376,176,32,0.11399796686598251,0.6131138911096616,47,blocked
47377,177,32,0.7324494685235394,0.35452265984401443,47,blocked
47378,178,32,0.3993201681558322,0.4814454855010256,47,blocked
47379,179,32,0.7989857215135614,0.44298393738823405,47,blocked
47380,180,32,0.17254482711639313,0.5356741273641503,47,blocked
47381,181,32,0.15570608750011763,0.3674153997767331,47,blocked
47382,182,32,0.5074471803918892,0.3546380805988295,47,blocked
47383,183,32,0.20514223677562443,0.4144193605807107,47,blocked
47384,184,32,0.7984560104766878,0.3731652814937356,47,blocked
47385,185,32,0.47002215702869876,0.41681424617460183,47,blocked
47386,186,32,0.7031816142789248,0.7234226387062407,47,blocked
47387,187,32,0.2683631315810658,0.45876372636511054,47,blocked
47388,188,32,0.18953198190839704,0.4548016791264641,47,blocked
47389,189,32,0.5083502148468785,0.6508227702254215,47,blocked
47390,190,32,0.5378921966529727,0.5272045333932452,47,blocked
47391,191,32,0.6744025848717413,0.47181881543810383,47,blocked
47392,192,32,0.48725435835907754,0.33350686530110457,47,blocked
47393,193,32,0.22685107672475102,0.4794781302679602,47,blocked
47394,194,32,0.7708327116131077,0.4001949291364814,47,blocked
47395,195,32,0.6261130607386297,0.4268529077757295,47,blocked
47396,196,32,0.7457834119697793,0.4127482846321489,47,blocked
47397,197,32,0.6055745607626306,0.42614324148825106,47,blocked
47398,198,32,0.6072132124199225,0.4193754770755704,47,blocked
47399,199,32,0.6155245089763007,0.45077487773711006,47,blocked
47400,0,0,0.7957884508432213,0.7164479332138428,47,early
47401,1,0,0.7804531922539585,0.5217812991691095,47,early
47402,2,0,0.7395909682701565,0.4714578103268563,47,early
47403,3,0,0.20204707934704227,0.6370118374992564,47,early
47404,4,0,0.8453360839563171,0.961311566321732,47,early
47405,5,0,0.725447074573701,0.4629239007600236,47,early
47406,6,0,0.8450194511604263,0.5882594245574807,47,early
47407,7,0,0.4673077171525828,0.3728961763609677,47,early
47408,8,0,0.24274384785374897,0.5814431117798871,47,early
47409,9,0,0.19292243508128637,0.4437812916510146,47,early
47410,10,0,0.4960200963046084,0.45860327118585653,47,early
47411,11,0,0.5915785070097064,0.3562959428024818,47,early
47412,12,0,0.3650391282391273,0.4191219791153412,47,early
47413,13,0,0.6492747409164548,0.37182473865034327,47,early
47414,14,0,0.2219396423593885,0.5365177986420326,47,early
47415,15,0,0.46741765190732987,0.42253646373490616,47,early
47416,16,0,0.42264482329912495,0.5329730582928149,47,early
47417,17,0,0.6760076919210518,0.3308721770804261,47,early
47418,18,0,0.2861681226464654,0.5356088852562528,47,early
47419,19,0,0.7648518423769286,0.47942893310703805,47,early
47420,20,0,0.45454234233703195,0.4121593648566172,47,early
47421,21,0,0.4009934929611112,0.5319750722814832,47,early
47422,22,0,0.6799780010982288,0.4373782613107283,47,early
47423,23,0,0.3779834560883743,0.4012595127369314,47,early
47424,24,0,0.4467563509029707,0.3752193060705177,47,early
47425,25,0,0.34016893153461253,0.44390116584709893,47,early
47426,26,0,0.5755082862787564,0.3476754492779093,47,early
47427,27,0,0.39751184674694096,0.5335661500254858,47,early
47428,28,0,0.8661822632418653,0.4965601801173283,47,early
47429,29,0,0.7262076154918011,0.4447350681971657,47,early
47430,30,0,0.6244707656324813,0.4531516625462513,47,early
47431,31,0,0.6769040241189423,0.4683585970831432,47,early
47432,32,0,0.7312030325360281,0.36657611755142216,47,early
47433,33,0,0.7567575459785634,0.26162617756173523,47,early
47434,34,0,0.9119652589751972,0.5683106880187412,47,early
47435,35,0,0.7946671996251644,0.4454671539314497,47,early
47436,36,0,0.9394516809415909,0.367606381978124,47,early
47437,37,0,0.11269083808229485,0.3791374507082075,47,early
47438,38,0,0.25949592674017863,0.5103996268306237,47,early
47439,39,0,0.8979467830567733,0.4127980493194381,47,early
47440,40,0,0.4938752254990293,0.41010524873183796,47,early
47441,41,0,0.5109263719773236,0.3250095137314368,47,early
47442,42,0,0.5037913879618865,0.3713877849754287,47,early
47443,43,0,0.5005929306012968,0.38413898747803393,47,early
47444,44,0,0.5323421593087331,0.4267339589857534,47,early
47445,45,0,0.4619288530269159,0.48248301190500464,47,early
47446,46,0,0.561665006591698,0.2886184794816971,47,early
47447,47,0,0.49292439463392407,0.4582956800963933,47,early
47448,48,0,0.45488772617542195,0.499892025362096,47,early
47449,49,0,0.5302608406435023,0.39895930028512094,47,early
47450,50,0,0.4306244295001338,0.4122664626123773,47,early
47451,51,0,0.5552573674995598,0.3273208355595505,47,early
47452,52,0,0.5746756454092382,0.419888048991348,47,early
47453,53,0,0.3714990343114813,0.38411743178419744,47,early
47454,54,0,0.6333006170147075,0.4750387135288634,47,early
47455,55,0,0.5754811405280316,0.46725650880516,47,early
47456,56,0,0.6744981043504228,0.5740865830390072,47,early
47457,57,0,0.33913379906741453,0.3945304833000226,47,early
47458,58,0,0.5407402367483067,0.5036293621039026,47,early
47459,59,0,0.3539615758793803,0.5060262031472131,47,early
47460,60,0,0.3685372203863111,0.39101711216729257,47,early
47461,61,0,0.6316460978412413,0.5546816081183028,47,early
47462,62,0,0.6316910256109717,0.3206892627857758,47,early
47463,63,0,0.7019042015989989,0.6238962326980371,47,early
47464,64,0,0.4559558873097765,0.49610196812470786,47,early
47465,65,0,0.5891897723618272,0.40655976729632215,47,early
47466,66,0,0.6014714112667354,0.4532843269243471,47,early
47467,67,0,0.6396419610197142,0.3698142745633387,47,early
47468,68,0,0.5583022423399516,0.41868538899098773,47,early
47469,69,0,0.4623124359207619,0.40468543193372736,47,early
47470,70,0,0.357084826907659,0.4349313988000892,47,early
47471,71,0,0.4405846129920289,0.4993990178972483,47,early
47472,72,0,0.3344365455795273,0.49810078751921383,47,early
47473,73,0,0.42027713145318957,0.44715896025588653,47,early
47474,74,0,0.3615567802087891,0.39018167407934223,47,early
47475,75,0,0.4950906780177127,0.47424087570539664,47,early
47476,76,0,0.3864318833509834,0.4204197558678169,47,early
47477,77,0,0.63874636510289,0.42514850956361594,47,early
47478,78,0,0.3599441652414431,0.42560435922652634,47,early
47479,79,0,0.33164215432313193,0.3607631951427883,47,early
47480,80,0,0.270752957189314,0.602052715001636,47,early
47481,81,0,0.7558218744369753,0.5067576793238727,47,early
47482,82,0,0.39712306569478517,0.41987582131131695,47,early
47483,83,0,0.6144387716078507,0.3667668185641635,47,early
47484,84,0,0.4624683850417796,0.4109094009005235,47,early
47485,85,0,0.6857134328504588,0.51692460222358,47,early
47486,86,0,0.5089162300398109,0.5034580315559692,47,early
47487,87,0,0.599778489049513,0.32672038523209335,47,early
47488,88,0,0.6773571257406864,0.2983148830575116,47,early
47489,89,0,0.3257574046978168,0.4671466220584893,47,early
47490,90,0,0.3587956696247552,0.32452901327367734,47,early
47491,91,0,0.27842659489751215,0.6120275509785551,47,early
47492,92,0,0.21484454099734193,0.506671067635029,47,early
47493,93,0,0.7002152422867242,0.4077087880398169,47,early
47494,94,0,0.2996791639128009,0.37100631136889445,47,early
47495,95,0,0.6870525540015231,0.40187986118480296,47,early
47496,96,0,0.5654975596509246,0.5040857134930619,47,early
47497,97,0,0.25148463406052546,0.44546624708409044,47,early
47498,98,0,0.3273509663204642,0.28285269612954544,47,early
47499,99,0,0.6234556360457431,0.38835743343229384,47,early
47500,100,0,0.602628624737783,0.28891916548122054,47,early
47501,101,0,0.33564203053558794,0.36842144672777444,47,early
47502,102,0,0.21215919423710214,0.4211666553540156,47,early
47503,103,0,0.7328530925704531,0.37477074884778744,47,early
47504,104,0,0.7481128030266269,0.5106237298087792,47,early
47505,105,0,0.34865224929067073,0.4123570824228552,47,early
47506,106,0,0.24772973174301663,0.4915750821968156,47,early
47507,107,0,0.24069802466238605,0.36249127332303444,47,early
47508,108,0,0.3970014466677161,0.5413327675908224,47,early
47509,109,0,0.24742325724661424,0.43775625092754833,47,early
47510,110,0,0.5637741047161069,0.39340830185468045,47,early
47511,111,0,0.37289474673988704,0.4296556884550419,47,early
47512,112,0,0.452064320957243,0.48895406806411734,47,early
47513,113,0,0.1717244831712315,0.42701747592387673,47,early
47514,114,0,0.4716411656028312,0.3197248093027327,47,early
47515,115,0,0.26762879861103794,0.49709049725184384,47,early
47516,116,0,0.3021887037628265,0.5118473470173446,47,early
47517,117,0,0.3600409043583333,0.42689306474612104,47,early
47518,118,0,0.646440355858781,0.3890632949460854,47,early
47519,119,0,0.7379499979428132,0.5109610006906709,47,early
47520,120,0,0.6123927035850462,0.45597729659504993,47,early
47521,121,0,0.45145526902697664,0.45640834178237466,47,early
47522,122,0,0.6855699308637122,0.5188106697378511,47,early
47523,123,0,0.2904800341286988,0.4091621197548506,47,early
47524,124,0,0.7410738835423949,0.6128659054036307,47,early
47525,125,0,0.6282287397843997,0.34762594241712874,47,early
47526,126,0,0.38742491892081105,0.44541438606450034,47,early
47527,127,0,0.5772272195273154,0.4058325366330169,47,early
47528,128,0,0.18587134644042247,0.4553744641383626,47,early
47529,129,0,0.4127938955492714,0.49405309943762377,47,early
47530,130,0,0.17881442920313895,0.8414310897282309,47,early
47531,131,0,0.38504410566488306,0.3914934865754126,47,early
47532,132,0,0.158202580865092,0.462221585574604,47,early
47533,133,0,0.6355381763686274,0.3031603139151994,47,early
47534,134,0,0.7953681285110639,0.40783871687632445,47,early
47535,135,0,0.5658128087765748,0.46972337153570975,47,early
47536,136,0,0.31985926820797694,0.607707160316012,47,early
47537,137,0,0.3671802207064335,0.4199566228732256,47,early
47538,138,0,0.7251939347502858,0.6434316888631824,47,early
47539,139,0,0.6897977430958917,0.3619708111620439,47,early
47540,140,0,0.5309752174065687,0.4162692338159458,47,early
47541,141,0,0.5731617152016506,0.341872395916732,47,early
47542,142,0,0.4557896862316834,0.3100753801671342,47,early
47543,143,0,0.4341966131732944,0.4201193981889071,47,early
47544,144,0,0.23381579414215953,0.3664343985329501,47,early
47545,145,0,0.5943316099084351,0.4076827359739175,47,early
47546,146,0,0.6388123773390413,0.46369673386531607,47,early
47547,147,0,0.22772679114866373,0.5786781153145634,47,early
47548,148,0,0.5465156838777434,0.32959592099789725,47,early
47549,149,0,0.6554709344760021,0.35041254159001256,47,early
47550,150,0,0.496658081645202,0.48475809934663905,47,early
47551,151,0,0.2857926816123102,0.4004389690218162,47,early
47552,152,0,0.6555101440822049,0.4611069786535815,47,early
47553,153,0,0.6298596522412909,0.4265077122280112,47,early
47554,154,0,0.7510343471601979,0.3457302859171316,47,early
47555,155,0,0.6889732058108922,0.40872342358875996,47,early
47556,156,0,0.8077527254085546,0.36019372362041213,47,early
47557,157,0,0.3671273106189497,0.5144797180418084,47,early
47558,158,0,0.1984106702086516,0.5319564461464092,47,early
47559,159,0,0.31458670616996043,0.3701620128044799,47,early
47560,160,0,0.38861767166032646,0.44040034136730954,47,early
47561,161,0,0.338062624488517,0.5607274043716375,47,early
47562,162,0,0.6913122794831821,0.377789417128754,47,early
47563,163,0,0.33011817447697456,0.5197366185624145,47,early
47564,164,0,0.35492655901628833,0.3537868980034107,47,early
47565,165,0,0.47908904334267954,0.4547974138596127,47,early
47566,166,0,0.35607331445603263,0.3937226659882439,47,early
47567,167,0,0.5325475544632617,0.34746688878770127,47,early
47568,168,0,0.6576901786106519,0.41050050193682563,47,early
47569,169,0,0.4428562807116091,0.416319644547099,47,early
47570,170,0,0.726567078057964,0.4419188738741257,47,early
47571,171,0,0.34186579088239344,0.5675609042666492,47,early
47572,172,0,0.30346899081775913,0.3764921613577126,47,early
47573,173,0,0.5653814656846726,0.3966629887890244,47,early
47574,174,0,0.7686887591832295,0.43591081352334776,47,early
47575,175,0,0.562784800397771,0.4230407762115279,47,early
47576,176,0,0.1745733273641073,0.3558714021003979,47,early
47577,177,0,0.3615864134448511,0.5658029309146695,47,early
47578,178,0,0.49267536946009804,0.49540505872904833,47,early
47579,179,0,0.8000839153889756,0.44326879126950486,47,early
47580,180,0,0.2682849719720518,0.4673500941501251,47,early
47581,181,0,0.3539945604295107,0.3873970913899672,47,early
47582,182,0,0.32858285829458,0.5116237848503444,47,early
47583,183,0,0.6933893143630288,0.2607806303743673,47,early
47584,184,0,0.4654636683987506,0.4242617148851624,47,early
47585,185,0,0.8443443510965991,0.3011761052406565,47,early
47586,186,0,0.17493371388866738,0.5632110724515862,47,early
47587,187,0,0.6146908368568489,0.34495428235989173,47,early
47588,188,0,0.6312976250786029,0.4411141707346016,47,early
47589,189,0,0.771318511689491,0.31868375716138503,47,early
47590,190,0,0.9124941251976785,0.37425486278699555,47,early
47591,191,0,0.7069794635157507,0.4157953087851357,47,early
47592,192,0,0.24694290208274589,0.3539027575918898,47,early
47593,193,0,0.31807575652001774,0.3540037996850749,47,early
47594,194,0,0.9061844025130752,0.673093784836533,47,early
47595,195,0,0.5556929266550513,0.415209384259309,47,early
47596,196,0,0.6962958902010759,0.36316966645816673,47,early
47597,197,0,0.35047119199569154,0.4145068599765272,47,early
47598,198,0,0.5776557221308802,0.4273528167552663,47,early
47599,199,0,0.54829313585197,0.3686519971611988,47,early
47600,0,0,0.5006954271972577,0.6321105925414583,47,middle
47601,1,0,0.9875199458219395,0.3974270002260972,47,middle
47602,2,0,0.4997029288642269,0.620619474159013,47,middle
47603,3,1,0.16389733863359401,0.9338176456769292,47,middle
47604,4,2,0.03583390509370436,1.1576916198122453,47,middle
47605,5,0,0.050641432614951146,0.7071572048157838,47,middle
47606,6,0,0.48594341614063635,0.6592586748768772,47,middle
47607,7,0,0.9780257941696666,0.45063763553923136,47,middle
47608,8,0,0.500453866312562,0.5806093800814706,47,middle
47609,9,3,0.9674280508177071,0.7916007535795289,47,middle
47610,10,4,0.46748268450531777,1.2454706845930879,47,middle
47611,11,0,0.9842374070864157,0.4539840253753593,47,middle
47612,12,5,0.4066797576594002,1.1654796330549182,47,middle
47613,13,0,0.9153035646461055,0.5355697838505987,47,middle
47614,14,0,0.4978655942440009,0.7648533675540683,47,middle
47615,15,0,0.9384066431301117,0.4521074700306724,47,middle
47616,16,0,0.5090400809037137,0.5755949561388907,47,middle
47617,17,0,0.9864923927879864,0.6843173392348569,47,middle
47618,18,0,0.48942697887506353,0.7014606554208374,47,middle
47619,19,0,0.028085758955258864,0.487052547759359,47,middle
47620,20,0,0.49959932958186903,0.5877413439192,47,middle
47621,21,0,0.8718807115923174,0.43102151261044297,47,middle
47622,22,0,0.48965522023190416,0.4651713855699291,47,middle
47623,23,0,0.9195851757874681,0.40692143113906376,47,middle
47624,24,0,0.5015042694351243,0.5309737144350755,47,middle
47625,25,0,0.5418742779489141,0.6901807737860315,47,middle
47626,26,0,0.52458545222629,0.5539757891918474,47,middle
47627,27,0,0.7192180250228251,0.5852498800760915,47,middle
47628,28,0,0.4098665558531522,0.6613726680909189,47,middle
47629,29,0,0.7398752996215894,0.40589026412097584,47,middle
47630,30,0,0.48395292016219066,0.4875551690534645,47,middle
47631,31,0,0.19703783000390251,0.4125935294147902,47,middle
47632,32,0,0.4420600016553382,0.4980940702906128,47,middle
47633,33,0,0.667998026801053,0.6153984491163105,47,middle
47634,34,0,0.441577663367578,0.4957768262904324,47,middle
47635,35,0,0.6630988327897197,0.4862574819085793,47,middle
47636,36,0,0.5009356936169257,0.4193720396753253,47,middle
47637,37,0,0.5361514662426922,0.4159788750585257,47,middle
47638,38,0,0.508731394765145,0.5569197423657692,47,middle
47639,39,0,0.8941479649300312,0.27877789060889535,47,middle
47640,40,0,0.47719851089371634,0.6146957511734883,47,middle
47641,41,0,0.5704209560588778,0.42169946700746674,47,middle
47642,42,0,0.4678484030756801,0.5100369738611674,47,middle
47643,43,0,0.4663277580930002,0.393736529811869,47,middle
47644,44,0,0.43528633945346806,0.6473089685276013,47,middle
47645,45,0,0.4571677087301328,0.4568928208296932,47,middle
47646,46,0,0.5454854558536291,0.47808355347815673,47,middle
47647,47,0,0.47558372611410954,0.47141975316866236,47,middle
47648,48,0,0.32514925165814373,0.6575162240694374,47,middle
47649,49,0,0.5489438539312745,0.5164432171819633,47,middle
47650,50,0,0.45869204010803194,0.5974124700998531,47,middle
47651,51,0,0.408046936406292,0.5294602805177003,47,middle
47652,52,0,0.36774516629387877,0.4839209046905965,47,middle
47653,53,0,0.4479763879588514,0.46431705165115394,47,middle
47654,54,0,0.5443239913510398,0.40717789401316307,47,middle
47655,55,0,0.4907496515974833,0.5462569016131238,47,middle
47656,56,0,0.40558872033876,0.4672132923921793,47,middle
47657,57,0,0.36648603024095056,0.4740149722069088,47,middle
47658,58,0,0.5003422539672076,0.5096782073558153,47,middle
47659,59,0,0.5037314165666624,0.5871583422242301,47,middle
47660,60,0,0.4484380204984245,0.39046417071270806,47,middle
47661,61,0,0.4033182829778171,0.6016645845319548,47,middle
47662,62,0,0.5595024029900464,0.4467426757862127,47,middle
47663,63,0,0.5077133940165102,0.32889836141525625,47,middle
47664,64,0,0.35433786498410286,0.6403829849406986,47,middle
47665,65,0,0.4742173573955686,0.44240307092973447,47,middle
47666,66,0,0.45577115901172516,0.5229647245244302,47,middle
47667,67,0,0.46214809566285153,0.3428048676233961,47,middle
47668,68,0,0.4481012939506049,0.4049782135330081,47,middle
47669,69,0,0.48316698113345474,0.4757564172442328,47,middle
47670,70,0,0.4343901095013687,0.4372114287431994,47,middle
47671,71,0,0.5157969989022577,0.4260735521328409,47,middle
47672,72,0,0.44532118041756397,0.4768625098520811,47,middle
47673,73,0,0.3280670800431631,0.49690113670521396,47,middle
47674,74,0,0.3484713689278322,0.49869467612512586,47,middle
47675,75,0,0.4256776554008209,0.4392045403291001,47,middle
47676,76,0,0.5565729683181242,0.44529589208636894,47,middle
47677,77,0,0.5361512875101719,0.6336207271384958,47,middle
47678,78,0,0.5707852444245978,0.3746664429954179,47,middle
47679,79,0,0.42465272979996305,0.566198764087807,47,middle
47680,80,0,0.4755046887581335,0.3899875810886868,47,middle
47681,81,0,0.4378083515261759,0.3878040901478483,47,middle
47682,82,0,0.7535844188186929,0.4096105811810531,47,middle
47683,83,0,0.8240121271934842,0.45595779164484274,47,middle
47684,84,0,0.41488148233159483,0.3719840821389828,47,middle
47685,85,0,0.32314470279530644,0.4552769609419406,47,middle
47686,86,0,0.7087632515269982,0.4009648201739818,47,middle
47687,87,0,0.39149660517400053,0.4797575532222315,47,middle
47688,88,0,0.39825113660709843,0.7029443928518682,47,middle
47689,89,0,0.8697091209276835,0.45451639415254474,47,middle
47690,90,0,0.46511862748857585,0.44145074305981213,47,middle
47691,91,0,0.5026298475163455,0.49086835592311406,47,middle
47692,92,0,0.35297876551052504,0.3761635572876243,47,middle
47693,93,0,0.9177985519643299,0.5005233494639424,47,middle
47694,94,0,0.48908849095230744,0.4101183271597253,47,middle
47695,95,0,0.6909669302249559,0.3375870956308568,47,middle
47696,96,0,0.7656400430360928,0.4513390101648238,47,middle
47697,97,0,0.30744802829908563,0.24927765540894828,47,middle
47698,98,0,0.9378751457156043,0.41513496451045806,47,middle
47699,99,0,0.8153935650713398,0.3866280451177518,47,middle
47700,100,0,0.3959188117776473,0.51202780610293,47,middle
47701,101,0,0.6099772534531118,0.2490502417021408,47,middle
47702,102,0,0.8308403702733891,0.5230386848051145,47,middle
47703,103,0,0.5452227900722975,0.5599680835286817,47,middle
47704,104,0,0.9481008195272753,0.40675263744137147,47,middle
47705,105,0,0.298492279641558,0.45322834505740783,47,middle
47706,106,0,0.6806468789205837,0.5320547354972429,47,middle
47707,107,0,0.43562625640229435,0.4340457586042368,47,middle
47708,108,0,0.537866357991734,0.4491245413232361,47,middle
47709,109,0,0.7774576480080618,0.3882660894504743,47,middle
47710,110,0,0.24912535519207885,0.3955621943215386,47,middle
47711,111,0,0.46034573394968414,0.3826101715193934,47,middle
47712,112,0,0.9217468470846397,0.5826203646873833,47,middle
47713,113,0,0.9100818009174297,0.3870181412471879,47,middle
47714,114,0,0.6061893866228143,0.4009179390049836,47,middle
47715,115,0,0.9447962021603696,0.3972284027002415,47,middle
47716,116,0,0.8073197346243529,0.3679206862244274,47,middle
47717,117,0,0.4575057637298469,0.5246706643589742,47,middle
47718,118,0,0.8534343001705809,0.44266074801973865,47,middle
47719,119,0,0.842567437212439,0.30248795220016833,47,middle
47720,120,0,0.43498362621002135,0.48774089134768667,47,middle
47721,121,0,0.05141597308521438,0.5285891922896866,47,middle
47722,122,0,0.6777210423940672,0.3769370866627903,47,middle
47723,123,0,0.6997344229168089,0.42128408670416206,47,middle
47724,124,0,0.3600922847519038,0.5423108941335952,47,middle
47725,125,0,0.6533400371677811,0.329565463230017,47,middle
47726,126,0,0.4173883308975257,0.5231301201939461,47,middle
47727,127,0,0.8979348012514459,0.5207264222882224,47,middle
47728,128,0,0.3211412543256952,0.4846275475941445,47,middle
47729,129,0,0.7264728443903521,0.3648364953696681,47,middle
47730,130,0,0.31661162853576297,0.40409616957781536,47,middle
47731,131,0,0.8562742554066816,0.46368872542996054,47,middle
47732,132,0,0.28123130362769255,0.4677172507280588,47,middle
47733,133,0,0.672399094355852,0.29035727657238747,47,middle
47734,134,0,0.47752423727150484,0.3762441574993598,47,middle
47735,135,0,0.07877978431393111,0.647120474812271,47,middle
47736,136,0,0.4300497825555424,0.42660024562482646,47,middle
47737,137,0,0.43471121866617113,0.4376502304722081,47,middle
47738,138,0,0.5750346818850555,0.40074622202820254,47,middle
47739,139,0,0.8542714746340654,0.42002376738901825,47,middle
47740,140,0,0.3532040145554488,0.5016982345234309,47,middle
47741,141,0,0.7514388438590374,0.3656806673236108,47,middle
47742,142,0,0.5397306002601185,0.3651235043881325,47,middle
47743,143,0,0.9192479788047234,0.46719821332888994,47,middle
47744,144,0,0.5287361540557057,0.4496756177140132,47,middle
47745,145,0,0.3966205335185251,0.4662515020539437,47,middle
47746,146,0,0.5580863017288626,0.5404613656556835,47,middle
47747,147,0,0.40934336228266494,0.42147090249871044,47,middle
47748,148,0,0.22827504467698004,0.5906364048435848,47,middle
47749,149,0,0.6812081266508647,0.3601781148911162,47,middle
47750,150,0,0.48513996010051574,0.3012616357001261,47,middle
47751,151,0,0.8377557899571008,0.3412259128985527,47,middle
47752,152,0,0.24363628577182075,0.3927603850907262,47,middle
47753,153,0,0.6627844242777262,0.37066960554850104,47,middle
47754,154,0,0.3308495194090259,0.47183076848629957,47,middle
47755,155,0,0.5789455872721088,0.6073728164368246,47,middle
47756,156,0,0.2555255625875045,0.4912440484874555,47,middle
47757,157,0,0.7582503608549764,0.33265514374501004,47,middle
47758,158,0,0.4598526525430383,0.4386338075159293,47,middle
47759,159,0,0.7767062424891391,0.31208003205060686,47,middle
47760,160,0,0.3715892693915405,0.4823913371076641,47,middle
47761,161,0,0.4939738096365548,0.44427463831231695,47,middle
47762,162,0,0.44871353987160106,0.3738907936011975,47,middle
47763,163,0,0.6975040875677935,0.3560608380700353,47,middle
47764,164,0,0.453862562874195,0.438944332148407,47,middle
47765,165,0,0.9061527904768725,0.503468119498258,47,middle
47766,166,0,0.8061221878936122,0.3869926962108882,47,middle
47767,167,0,0.8510285601424844,0.4125305559232706,47,middle
47768,168,0,0.3531166004403116,0.512428797585267,47,middle
47769,169,0,0.521902105124992,0.536101909427207,47,middle
47770,170,0,0.49828587550319225,0.38566544064652475,47,middle
47771,171,0,0.14985577057139504,0.3716208008497571,47,middle
47772,172,0,0.5103050809915519,0.37635938231727306,47,middle
47773,173,0,0.3245714450365168,0.4686559659760459,47,middle
47774,174,0,0.68069941367363,0.3665616095988498,47,middle
47775,175,0,0.6753653134076765,0.4717035340714708,47,middle
47776,176,0,0.27344408348472987,0.45814437987314105,47,middle
47777,177,0,0.35619558160067477,0.2870422618472495,47,middle
47778,178,0,0.35774177030064985,0.4684671148837814,47,middle
47779,179,0,0.7600875966233108,0.4177427204728382,47,middle
47780,180,0,0.38093059781785676,0.38564245960327004,47,middle
47781,181,0,0.2952380092844196,0.528385907722642,47,middle
47782,182,0,0.4182746728661735,0.3752257982529844,47,middle
47783,183,0,0.3700453148363759,0.4080668492053805,47,middle
47784,184,0,0.46468593682412274,0.4019879538822384,47,middle
47785,185,0,0.4453588790800501,0.4350857057278647,47,middle
47786,186,0,0.9083403768969998,0.47385757686923735,47,middle
47787,187,0,0.15308736332653577,0.4875759129587446,47,middle
47788,188,0,0.7509300823631289,0.29313999160816306,47,middle
47789,189,0,0.42664595430171304,0.4894217388953803,47,middle
47790,190,0,0.4419820470966552,0.35358434982693077,47,middle
47791,191,0,0.7548149622655147,0.40924578751027935,47,middle
47792,192,0,0.5606460336830813,0.3774681708631322,47,middle
47793,193,0,0.7210284050667914,0.48888822737761667,47,middle
47794,194,0,0.5209195648448707,0.4598669329634655,47,middle
47795,195,0,0.6710783930803125,0.47593906998263236,47,middle
47796,196,0,0.5206444821078208,0.3477331600706701,47,middle
47797,197,0,0.7936133490357714,0.389113957933265,47,middle
47798,198,0,0.4869883603675803,0.5532279977680342,47,middle
47799,199,0,0.697261497828068,0.39840866268112285,47,middle
47800,0,0,0.7569712610955415,0.5907053338118827,47,late
47801,1,0,0.4137786155748925,0.5509952152106286,47,late
47802,2,1,0.2336844973318286,0.6261232840113592,47,late
47803,3,0,0.631572030917592,0.4338900502381384,47,late
47804,4,0,0.27984147035623486,0.6371143826450786,47,late
47805,5,0,0.7700740439666408,0.4792397620470371,47,late
47806,6,0,0.688854234376979,0.6861606394558675,47,late
47807,7,2,0.2322554863480422,0.9040151775389977,47,late
47808,8,0,0.33501804875519126,0.5717682098648909,47,late
47809,9,3,0.39442761283826433,0.645318309707418,47,late
47810,10,4,0.4190101709080415,1.241790075597021,47,late
47811,11,0,0.6118434824520838,0.50632967224872,47,late
47812,12,0,0.4366005071251884,0.4373954014985626,47,late
47813,13,0,0.30373346758071096,0.4385789730567531,47,late
47814,14,0,0.39141273632473067,0.49332870415918495,47,late
47815,15,5,0.26883186349959093,0.6012695645973833,47,late
47816,16,6,0.8639240433947488,1.0013265368896471,47,late
47817,17,7,0.322020093460481,0.8560220260956828,47,late
47818,18,0,0.36121819403145433,0.44531547977005276,47,late
47819,19,8,0.25040769137194074,1.2052551967882847,47,late
47820,20,0,0.6791484587846262,0.5268978320097926,47,late
47821,21,0,0.30276757994099013,0.4344022659503344,47,late
47822,22,0,0.6475389720167026,0.3660569521248267,47,late
47823,23,9,0.4618540543443012,0.8824225417315232,47,late
47824,24,0,0.5982655878990754,0.3962518139387457,47,late
47825,25,0,0.6973363687704971,0.5482958320218954,47,late
47826,26,0,0.40568393104674516,0.47956462434576697,47,late
47827,27,0,0.8594337435193737,0.5941110756027836,47,late
47828,28,0,0.49555706084620443,0.6176951328419756,47,late
47829,29,0,0.8729556666667238,0.7806577460339843,47,late
47830,30,0,0.3613771911792669,0.45460237953862115,47,late
47831,31,0,0.870001178750907,0.490220910490329,47,late
47832,32,10,0.4924585605406406,0.971470653837433,47,late
47833,33,0,0.8317538930868769,0.47194660600040006,47,late
47834,34,0,0.4095540315118229,0.49825390203486075,47,late
47835,35,0,0.2693198943393522,0.35084732135765373,47,late
47836,36,0,0.467172561740515,0.5229068300345634,47,late
47837,37,0,0.8065419353948342,0.36710310876099617,47,late
47838,38,0,0.41075199768777954,0.6376150467107035,47,late
47839,39,0,0.8021820182163171,0.4941298267091106,47,late
47840,40,0,0.35914513449824165,0.5598192594172906,47,late
47841,41,0,0.1746245252671494,0.6894389564109298,47,late
47842,42,0,0.5928514975372154,0.5714822142505114,47,late
47843,43,0,0.7939073271690986,0.6305597082118297,47,late
47844,44,0,0.48344773479387876,0.48018730313809105,47,late
47845,45,0,0.24030458243352862,0.7411911528441112,47,late
47846,46,0,0.4510484051360261,0.5966865927336791,47,late
47847,47,0,0.9214703514811016,0.5440817822787433,47,late
47848,48,0,0.5610743772777766,0.6637094863112054,47,late
47849,49,0,0.2353864313054464,0.4159891021365899,47,late
47850,50,0,0.40346121329846746,0.5135320123375021,47,late
47851,51,0,0.2390149789816156,0.5117278289869907,47,late
47852,52,0,0.4139412464669178,0.44481449905736925,47,late
47853,53,0,0.393960426698214,0.4495228325841254,47,late
47854,54,0,0.5195761290266284,0.5917719848711549,47,late
47855,55,0,0.41015546820540166,0.3939281297196303,47,late
47856,56,0,0.24224082935835414,0.6456514503313575,47,late
47857,57,0,0.828723045694095,0.37444881903682536,47,late
47858,58,0,0.5475402625303476,0.415581039872576,47,late
47859,59,0,0.3007551968819635,0.6309067310847811,47,late
47860,60,0,0.3708832571801299,0.6183235259200945,47,late
47861,61,0,0.7648994073092613,0.44893469221608784,47,late
47862,62,0,0.28816443405554737,0.5710736924867925,47,late
47863,63,0,0.37386682441935026,0.6287198296440938,47,late
47864,64,0,0.38804535591309336,0.6108098146185181,47,late
47865,65,0,0.9310773710464204,0.37191559052610185,47,late
47866,66,0,0.4276425924321257,0.42036248427680745,47,late
47867,67,0,0.32995768166121003,0.576666743161973,47,late
47868,68,0,0.27299755756672633,0.619804881772951,47,late
47869,69,0,0.8475674358294338,0.37987729269126336,47,late
47870,70,0,0.44704201902113805,0.5178747743386154,47,late
47871,71,0,0.1580223288536381,0.5451234546522875,47,late
47872,72,0,0.4834620050692802,0.45040197079885835,47,late
47873,73,0,0.7537147101340461,0.416744636422143,47,late
47874,74,0,0.5734269038891471,0.5692797971367572,47,late
47875,75,0,0.4147365051489604,0.6438463746387943,47,late
47876,76,0,0.43119396046324987,0.5576727567616564,47,late
47877,77,0,0.3551002501889162,0.42180050910605904,47,late
47878,78,0,0.49343241756259837,0.5277285398760034,47,late
47879,79,0,0.7861259851841831,0.5005591758499718,47,late
47880,80,0,0.36289953695785127,0.49110869289674486,47,late
47881,81,0,0.3672449988379796,0.4708880801335149,47,late
47882,82,0,0.41185914072275337,0.5245087945905974,47,late
47883,83,0,0.3970076361465105,0.6523304276660105,47,late
47884,84,0,0.5058411357627951,0.4214548666251935,47,late
47885,85,0,0.3634916504201187,0.4094463922573676,47,late
47886,86,0,0.6044232196709333,0.4264069279275584,47,late
47887,87,0,0.37199158937314786,0.5405960986712428,47,late
47888,88,0,0.3791217965934984,0.6384355311721807,47,late
47889,89,0,0.3629415256612278,0.5018138957680516,47,late
47890,90,0,0.4313597594597587,0.5065597610817011,47,late
47891,91,0,0.46308359479363315,0.4538003063812116,47,late
47892,92,0,0.46017553109811765,0.45760564111550617,47,late
47893,93,0,0.5093492467585294,0.4196232984960794,47,late
47894,94,0,0.3307362249612208,0.558569870419114,47,late
47895,95,0,0.6109097895682558,0.4823779749632849,47,late
47896,96,0,0.41600406709498466,0.42818319151734374,47,late
47897,97,0,0.5471636929886452,0.478225407643827,47,late
47898,98,0,0.523163137967668,0.39880530264917025,47,late
47899,99,0,0.4923808347670101,0.4474097991292254,47,late
47900,100,0,0.4794852787096767,0.4477886047794257,47,late
47901,101,0,0.5275483003969882,0.4417940165094666,47,late
47902,102,0,0.5315727283745295,0.49888393697537237,47,late
47903,103,0,0.5041897267413487,0.4359173997759288,47,late
47904,104,0,0.46644923888772927,0.5746595808145019,47,late
47905,105,0,0.5077227302273555,0.31679352843821085,47,late
47906,106,0,0.5282977636407453,0.3939277382268259,47,late
47907,107,0,0.4503414187755683,0.4551143019786716,47,late
47908,108,0,0.5008770679673004,0.35444861060388944,47,late
47909,109,0,0.4218511734746673,0.6127972647952458,47,late
47910,110,0,0.5716560805357851,0.34524470402092755,47,late
47911,111,0,0.48998761041156375,0.48620030638117895,47,late
47912,112,0,0.5319926844237453,0.5356256167556703,47,late
47913,113,0,0.5063485665099169,0.5219644569765018,47,late
47914,114,0,0.6053347771736822,0.40912618361846154,47,late
47915,115,0,0.42604763592681993,0.4394145291960301,47,late
47916,116,0,0.4833478465051513,0.3588395237573632,47,late
47917,117,0,0.5187313323967834,0.4432188703036166,47,late
47918,118,0,0.5257689508132363,0.43062438860501506,47,late
47919,119,0,0.34940573363829314,0.5932696876281445,47,late
47920,120,0,0.9191917418930247,0.37637237394329026,47,late
47921,121,0,0.2207254076482555,0.3980096240212028,47,late
47922,122,0,0.34519083647861776,0.5535813116389149,47,late
47923,123,0,0.6903447483540471,0.31098312162609776,47,late
47924,124,0,0.4975512371270395,0.4788076050815141,47,late
47925,125,0,0.2219281126987232,0.5015487172809092,47,late
47926,126,0,0.7461472987873519,0.48125242897552445,47,late
47927,127,0,0.33175889440417794,0.5811959023959362,47,late
47928,128,0,0.16318270971780155,0.6803260557023819,47,late
47929,129,0,0.7871038005794138,0.48910804093375626,47,late
47930,130,0,0.6378449949620758,0.36876548079639226,47,late
47931,131,0,0.6058582610460681,0.3580802528780554,47,late
47932,132,0,0.37785297089299286,0.5031738754689105,47,late
47933,133,0,0.4089255506942156,0.5090212273411551,47,late
47934,134,0,0.2653149384829575,0.5152527304852663,47,late
47935,135,0,0.5178694691206678,0.355987037533957,47,late
47936,136,0,0.2624069963661357,0.5040908334767595,47,late
47937,137,0,0.735044383304853,0.341992717818149,47,late
47938,138,0,0.20212409802715176,0.4882202759101127,47,late
47939,139,0,0.8145527295108841,0.36445567770712994,47,late
47940,140,0,0.3405604251894796,0.34354548407183516,47,late
47941,141,0,0.9315374873796562,0.4962156249768471,47,late
47942,142,0,0.7570463418188812,0.3726936963510521,47,late
47943,143,0,0.1552758110558096,0.443804077513237,47,late
47944,144,0,0.23463592946551806,0.42800055371762746,47,late
47945,145,0,0.10742914354231493,0.5693321834062777,47,late
47946,146,0,0.14174977965418048,0.6067495501331986,47,late
47947,147,0,0.3083407934912415,0.46276296830614466,47,late
47948,148,0,0.6191144121880068,0.5021825765939144,47,late
47949,149,0,0.45241964096747234,0.3576862935145466,47,late
47950,150,0,0.4893113309116155,0.5659252957418335,47,late
47951,151,0,0.6432011329517718,0.3788259753229648,47,late
47952,152,0,0.7141909218845235,0.36755067867907604,47,late
47953,153,0,0.18932820001334422,0.44777080007418246,47,late
47954,154,0,0.8112399186751064,0.37841697671301,47,late
47955,155,0,0.795077919032938,0.46302156747705003,47,late
47956,156,0,0.32193997133607377,0.49058634884528485,47,late
47957,157,0,0.31026499776792194,0.6253772625258929,47,late
47958,158,0,0.7111815508992312,0.3955666308798602,47,late
47959,159,0,0.7775973743159836,0.43285721076934214,47,late
47960,160,0,0.38764136977948543,0.6038724573697849,47,late
47961,161,0,0.8287323119875181,0.422643282607161,47,late
47962,162,0,0.6550513031061894,0.3751214585227436,47,late
47963,163,0,0.5802910624926297,0.3777071835360263,47,late
47964,164,0,0.18567861635968494,0.5158099692667493,47,late
47965,165,0,0.3517507211558266,0.5316880214984308,47,late
47966,166,0,0.5179794350138172,0.4591784898023076,47,late
47967,167,0,0.23241950479152707,0.48015349078544606,47,late
47968,168,0,0.5735389871344502,0.4381512390515641,47,late
47969,169,0,0.6258329217608395,0.4079725503347573,47,late
47970,170,0,0.7193667416488669,0.601646153775844,47,late
47971,171,0,0.5925630945846027,0.3271801597910827,47,late
47972,172,0,0.48560776325204896,0.4165333843643989,47,late
47973,173,0,0.8541581201482644,0.4618844515574574,47,late
47974,174,0,0.3203933735138227,0.5537984047609886,47,late
47975,175,0,0.8389885179083375,0.5634230945418897,47,late
47976,176,0,0.789906689929514,0.39337653960841595,47,late
47977,177,0,0.3363278696219096,0.5774064588618251,47,late
47978,178,0,0.8057895251800355,0.34104221983051985,47,late
47979,179,0,0.7297704437091843,0.4742039141631848,47,late
47980,180,0,0.4337915019594181,0.5224499075306096,47,late
47981,181,0,0.2994478764989347,0.404071691029361,47,late
47982,182,0,0.5127951516458125,0.406268324122251,47,late
47983,183,0,0.33237503198751767,0.507877236848566,47,late
47984,184,0,0.4252078184715699,0.5387637241415278,47,late
47985,185,0,0.43755856253629194,0.43395467417112626,47,late
47986,186,0,0.5894479743663857,0.4659185106092595,47,late
47987,187,0,0.28537133808079257,0.396475432109857,47,late
47988,188,0,0.656357194709345,0.3443312100905277,47,late
47989,189,0,0.6872018678820782,0.3915353872269516,47,late
47990,190,0,0.26016328181397613,0.4782885289475126,47,late
47991,191,0,0.7760866585718889,0.2967785498173028,47,late
47992,192,0,0.11239095271683541,0.5952441286850163,47,late
47993,193,0,0.6210409515233799,0.4859430518672686,47,late
47994,194,0,0.8327425058702203,0.5486658309386654,47,late
47995,195,0,0.4818972971824549,0.5053692505597467,47,late
47996,196,0,0.35264841289834986,0.349644525113064,47,late
47997,197,0,0.5860589575894108,0.5032792095773478,47,late
47998,198,0,0.6084623348766608,0.34529052856520837,47,late
47999,199,0,0.3650776657490606,0.42333608335725853,47,late
48000,0,0,0.5099949692271946,0.923005194165202,48,interleaved
48001,1,0,0.050563127521697476,0.7166645421610096,48,interleaved
48002,2,0,0.5483924618339209,0.6917781304982301,48,interleaved
48003,3,0,0.944163232944631,0.7407015079993682,48,interleaved
48004,4,0,0.4750950376496534,0.5308651655080616,48,interleaved
48005,5,0,0.8824798495827724,0.812628132437177,48,interleaved
48006,6,0,0.5032086958483956,0.6625890322274113,48,interleaved
48007,7,0,0.05260318372501804,0.7268263788632764,48,interleaved
48008,8,0,0.5404244159119909,0.6210307299809024,48,interleaved
48009,9,0,0.08790478757947492,0.8441491928066343,48,interleaved
48010,10,0,0.6128904680233418,0.6765559884266436,48,interleaved
48011,11,0,0.12732974761965332,0.563784931411192,48,interleaved
48012,12,0,0.3578066169381176,0.606413797269689,48,interleaved
48013,13,0,0.7671973684196647,0.6269073386953641,48,interleaved
48014,14,0,0.5321879280027078,0.5349243584101793,48,interleaved
48015,15,0,0.15429949652780192,0.5183156526616495,48,interleaved
48016,16,0,0.5078786728242262,0.6005692472129144,48,interleaved
48017,17,0,0.26214967858873056,0.5797936276820568,48,interleaved
48018,18,0,0.3128214835988698,0.538568740396201,48,interleaved
48019,19,0,0.21674169330056833,0.7753294228214102,48,interleaved
48020,20,0,0.4545120703814147,0.3926065054223265,48,interleaved
48021,21,0,0.35341397267974006,0.5770471237453036,48,interleaved
48022,22,0,0.5226154177420534,0.41507416904322314,48,interleaved
48023,23,0,0.31198455264730335,0.5680942223803565,48,interleaved
48024,24,0,0.6048736935727932,0.5567323523837096,48,interleaved
48025,25,0,0.6566787172782858,0.5408167067048579,48,interleaved
48026,26,0,0.6622023847510393,0.6895057556866003,48,interleaved
48027,27,0,0.27465530426306584,0.49184514368037247,48,interleaved
48028,28,0,0.6674212696874608,0.5772397850811959,48,interleaved
48029,29,0,0.40181075532054666,0.36560785962222,48,interleaved
48030,30,0,0.4990048884727436,0.38530499240586563,48,interleaved
48031,31,0,0.34877344377569997,0.5468226660405406,48,interleaved
48032,32,0,0.6280347077254328,0.4801790477725736,48,interleaved
48033,33,0,0.5070405757765947,0.506839037816252,48,interleaved
48034,34,0,0.4822574586869417,0.534908628617681,48,interleaved
48035,35,0,0.2731242762671714,0.44602757856309855,48,interleaved
48036,36,0,0.49048493792737147,0.6139414240973324,48,interleaved
48037,37,0,0.4224740923377238,0.4837857766377964,48,interleaved
48038,38,0,0.3824414878957983,0.4633475614822739,48,interleaved
48039,39,0,0.5211076457226975,0.3288064855317734,48,interleaved
48040,40,0,0.5262295075833661,0.3261274115626197,48,interleaved
48041,41,0,0.6185684379275211,0.450203411975789,48,interleaved
48042,42,0,0.5158350316264191,0.47347922916798246,48,interleaved
48043,43,0,0.4675183179473046,0.4486675281119713,48,interleaved
48044,44,0,0.3761950999744497,0.42517074588767845,48,interleaved
48045,45,0,0.6755091233286512,0.43882471615780677,48,interleaved
48046,46,0,0.5356511274240214,0.4052024846990596,48,interleaved
48047,47,0,0.6656857419130542,0.48699377212650147,48,interleaved
48048,48,0,0.5686459278891312,0.5442001833414907,48,interleaved
48049,49,0,0.7835559134358758,0.5106100053941582,48,interleaved
48050,50,0,0.45942888917680624,0.6065666353739247,48,interleaved
48051,51,0,0.7176908007738406,0.43350133771570715,48,interleaved
48052,52,0,0.5884311729127115,0.3487008972288377,48,interleaved
48053,53,0,0.25228463277607355,0.3625795506562727,48,interleaved
48054,54,0,0.3813436979378734,0.5762369323241378,48,interleaved
48055,55,0,0.5742845821950185,0.46934539754475435,48,interleaved
48056,56,0,0.3939150539943287,0.5027670019634449,48,interleaved
48057,57,0,0.7149922223011912,0.40968227702163584,48,interleaved
48058,58,0,0.3929470270539072,0.4633914473598326,48,interleaved
48059,59,0,0.2774898208051837,0.5299237312123792,48,interleaved
48060,60,0,0.6727536528949789,0.4340638407839654,48,interleaved
48061,61,0,0.5187579642752875,0.5755690784988965,48,interleaved
48062,62,0,0.551342969455527,0.3624499349373543,48,interleaved
48063,63,0,0.31155639548972636,0.4821269620722724,48,interleaved
48064,64,0,0.3045444788356908,0.4092907469268183,48,interleaved
48065,65,0,0.4234126293526011,0.30914836814309676,48,interleaved
48066,66,0,0.6987572382896474,0.3358215437532929,48,interleaved
48067,67,0,0.26918883890794576,0.5434323236226135,48,interleaved
48068,68,0,0.46836252377093146,0.396640818383706,48,interleaved
48069,69,0,0.5427325930260725,0.42512519273270116,48,interleaved
48070,70,0,0.6268886249238704,0.31819462599106163,48,interleaved
48071,71,0,0.6805732975142182,0.5012580370941048,48,interleaved
48072,72,0,0.4291701848687971,0.46116488700723307,48,interleaved
48073,73,0,0.4772559074607198,0.5229952506144557,48,interleaved
48074,74,0,0.5765161827182129,0.4592177345554489,48,interleaved
48075,75,0,0.5112839155288422,0.4586062603326254,48,interleaved
48076,76,0,0.6085267972569339,0.599070542503276,48,interleaved
48077,77,0,0.7662829660755839,0.4426985914719639,48,interleaved
48078,78,0,0.21719122863737766,0.6022856001300709,48,interleaved
48079,79,0,0.21746546931820598,0.3700204227242523,48,interleaved
48080,80,0,0.467580961603279,0.4116451960300082,48,interleaved
48081,81,0,0.271522665685635,0.48730708700890035,48,interleaved
48082,82,0,0.5391356613250464,0.46322742469467526,48,interleaved
48083,83,0,0.17984083117648153,0.5350276002202278,48,interleaved
48084,84,0,0.5191324510142401,0.5069056387086843,48,interleaved
48085,85,0,0.2149650792535544,0.3500185083176684,48,interleaved
48086,86,0,0.7504693304688834,0.2623909786758843,48,interleaved
48087,87,0,0.3406820738011157,0.46313596847249694,48,interleaved
48088,88,0,0.4290391293131367,0.3438803824118055,48,interleaved
48089,89,0,0.7275410771040167,0.44056853623563746,48,interleaved
48090,90,0,0.30310793371517064,0.43756871421871807,48,interleaved
48091,91,0,0.5651285312223373,0.46769871239958016,48,interleaved
48092,92,0,0.8194315322639896,0.40457010732619014,48,interleaved
48093,93,0,0.6123189137987075,0.35001507267649257,48,interleaved
48094,94,0,0.41067989191319515,0.4431664191705475,48,interleaved
48095,95,0,0.2860524551094357,0.41012818490485503,48,interleaved
48096,96,0,0.42411732708505484,0.5280473162222997,48,interleaved
48097,97,0,0.6709776066270662,0.2784375707419282,48,interleaved
48098,98,0,0.6335044604423739,0.4140175118500574,48,interleaved
48099,99,0,0.44687176614016466,0.3400233044920956,48,interleaved
48100,100,0,0.39479786358512714,0.4659410200197679,48,interleaved
48101,101,0,0.8048697484650582,0.5356114218609724,48,interleaved
48102,102,0,0.4278506614458059,0.5032698528705118,48,interleaved
48103,103,0,0.43972786506962214,0.39681165543925795,48,interleaved
48104,104,0,0.561078149374266,0.350406568981792,48,interleaved
48105,105,0,0.7376699560757812,0.37573160474814593,48,interleaved
48106,106,0,0.6095821855983348,0.4004794811646942,48,interleaved
48107,107,0,0.31304968695390095,0.337412988368752,48,interleaved
48108,108,0,0.5499335461035573,0.42479012933707483,48,interleaved
48109,109,0,0.20911862097197184,0.45745906380128976,48,interleaved
48110,110,0,0.5797286845545653,0.3362126978144787,48,interleaved
48111,111,0,0.7700212408446052,0.3603286716002392,48,interleaved
48112,112,0,0.4847102204597614,0.4316570457935591,48,interleaved
48113,113,0,0.2583521660614259,0.4151955989281285,48,interleaved
48114,114,0,0.7216479143073447,0.30814626243157633,48,interleaved
48115,115,0,0.28072297839430244,0.3460383056362676,48,interleaved
48116,116,0,0.6909758621188355,0.4645715539850872,48,interleaved
48117,117,0,0.13670551462442168,0.40805490021839297,48,interleaved
48118,118,0,0.772106385539689,0.4861681226417614,48,interleaved
48119,119,0,0.21132737793760986,0.4050395342942541,48,interleaved
48120,120,0,0.6404182378784168,0.3589025791713407,48,interleaved
48121,121,0,0.4207496341834062,0.5009830023978011,48,interleaved
48122,122,0,0.7206931803601919,0.36161904045625093,48,interleaved
48123,123,0,0.7333050082817698,0.4438887936066439,48,interleaved
48124,124,0,0.659180339869819,0.5308387021304974,48,interleaved
48125,125,0,0.4028976596966375,0.44697670572425174,48,interleaved
48126,126,0,0.6740462034709018,0.3686570799667781,48,interleaved
48127,127,0,0.38338846817574423,0.36935250281274645,48,interleaved
48128,128,0,0.8560116171013428,0.42905660807637647,48,interleaved
48129,129,0,0.5102170745654966,0.38559107762264516,48,interleaved
48130,130,0,0.7008305389483652,0.3109320482813202,48,interleaved
48131,131,0,0.4188729505773161,0.32333723597629527,48,interleaved
48132,132,0,0.47324085209475486,0.44391585801123457,48,interleaved
48133,133,0,0.5704937443187674,0.41496436203517595,48,interleaved
48134,134,0,0.7622617216515293,0.32386446413455816,48,interleaved
48135,135,0,0.48818939504829584,0.36602536849991807,48,interleaved
48136,136,0,0.2724857109448766,0.4413181838968503,48,interleaved
48137,137,0,0.2531960017410443,0.3537098898885375,48,interleaved
48138,138,0,0.41063759215907053,0.5414800339883794,48,interleaved
48139,139,0,0.8076902905830865,0.4042209740326349,48,interleaved
48140,140,0,0.36126540895360826,0.38069684665458153,48,interleaved
48141,141,0,0.6217592376278369,0.3153169968748608,48,interleaved
48142,142,0,0.686802616694384,0.2743136716701463,48,interleaved
48143,143,0,0.21551280456710484,0.4679288609197912,48,interleaved
48144,144,0,0.6140425835843208,0.46575182628582995,48,interleaved
48145,145,0,0.3422673813711211,0.4075289749193929,48,interleaved
48146,146,0,0.648696286737132,0.3990728326230467,48,interleaved
48147,147,0,0.3053699347790082,0.43421522897295683,48,interleaved
48148,148,0,0.6908315881721009,0.345438198318992,48,interleaved
48149,149,0,0.5689381042770486,0.5256172950121729,48,interleaved
48150,150,0,0.7866397905976323,0.47379857163582306,48,interleaved
48151,151,0,0.34466662578683843,0.460459620173705,48,interleaved
48152,152,0,0.17039719241227075,0.3972628528426694,48,interleaved
48153,153,0,0.5112021234311508,0.2941994075688614,48,interleaved
48154,154,0,0.2069678609384581,0.489071308108707,48,interleaved
48155,155,0,0.5328128689931693,0.4676291220717054,48,interleaved
48156,156,0,0.2311848930770098,0.4145824263359478,48,interleaved
48157,157,0,0.4759842614324324,0.4135562569937599,48,interleaved
48158,158,0,0.6180493520400185,0.4107937438459396,48,interleaved
48159,159,0,0.46478779819097554,0.32475699196371965,48,interleaved
48160,160,0,0.4096520847855021,0.502847051742544,48,interleaved
48161,161,0,0.4846510558884742,0.39340859679217466,48,interleaved
48162,162,0,0.4447005162038015,0.41187421779632416,48,interleaved
48163,163,0,0.4560286158819177,0.41273988544276474,48,interleaved
48164,164,0,0.8662910061874467,0.4722410252201741,48,interleaved
48165,165,0,0.6637293244152664,0.5537988810420498,48,interleaved
48166,166,0,0.2845749319917837,0.5769615864092648,48,interleaved
48167,167,0,0.35155284413894844,0.426284001453496,48,interleaved
48168,168,0,0.46493280907567136,0.38675887088460503,48,interleaved
48169,169,0,0.5540519271714559,0.4487743975611128,48,interleaved
48170,170,0,0.3854148445182638,0.4599351491713033,48,interleaved
48171,171,0,0.729346861913841,0.4142185254254729,48,interleaved
48172,172,0,0.6222436886401076,0.311601500642139,48,interleaved
48173,173,0,0.4620364069713091,0.5336604149609414,48,interleaved
48174,174,0,0.5977342365975506,0.39275524668854545,48,interleaved
48175,175,0,0.47899958419087957,0.6569633210362037,48,interleaved
48176,176,0,0.3700598085605689,0.43877566497804776,48,interleaved
48177,177,0,0.6176577845434026,0.34371526576047373,48,interleaved
48178,178,0,0.6263490774325025,0.3465003115227179,48,interleaved
48179,179,0,0.415741048919219,0.3714089972331849,48,interleaved
48180,180,0,0.4334510998753702,0.38958417056919387,48,interleaved
48181,181,0,0.5296535736338414,0.3387507401501466,48,interleaved
48182,182,0,0.43639588863613127,0.4149992850272184,48,interleaved
48183,183,0,0.5007161126118796,0.509145788669006,48,interleaved
48184,184,0,0.5451703175570618,0.38333309270921023,48,interleaved
48185,185,0,0.5585525219536875,0.30090314292585696,48,interleaved
48186,186,0,0.6704307817136707,0.36001701110408224,48,interleaved
48187,187,0,0.5294722292585826,0.3235158957174662,48,interleaved
48188,188,0,0.5304018227199256,0.3223270750087435,48,interleaved
48189,189,0,0.40414799270190604,0.34518250809880435,48,interleaved
48190,190,0,0.3236794021957955,0.33924724236886533,48,interleaved
48191,191,0,0.824315850188954,0.42405776551993624,48,interleaved
48192,192,0,0.19392894431939428,0.45608570346048355,48,interleaved
48193,193,0,0.7197815365624137,0.3784757170840721,48,interleaved
48194,194,0,0.394562590623632,0.42243615970462556,48,interleaved
48195,195,0,0.5494025394042397,0.41728139696221034,48,interleaved
48196,196,0,0.5639920492695727,0.3142534291496486,48,interleaved
48197,197,0,0.37374916001916153,0.31641627957130486,48,interleaved
48198,198,0,0.6996074661108265,0.3707324660729949,48,interleaved
48199,199,0,0.6222871208962386,0.4126808907237718,48,interleaved
48200,0,0,0.8735845717838309,0.6584514714521066,48,blocked
48201,1,0,0.8458126004327275,0.4646311127859273,48,blocked
48202,2,1,0.4970577211447098,1.1027208635827241,48,blocked
48203,3,0,0.056795201643046994,0.6279109106978457,48,blocked
48204,4,0,0.83344363887993,0.7651221433051891,48,blocked
48205,5,2,0.49980014995863814,0.9970732851823727,48,blocked
48206,6,0,0.15712913844974818,0.8012927220958643,48,blocked
48207,7,0,0.9249319835847926,0.7021110129023915,48,blocked
48208,8,0,0.7256381168685515,0.5347123563299733,48,blocked
48209,9,0,0.24503616118966726,0.5812335873852899,48,blocked
48210,10,0,0.5708962047237892,0.684394059075023,48,blocked
48211,11,0,0.8212353017673244,0.6428823891653861,48,blocked
48212,12,0,0.7820313852375367,0.5565977827944207,48,blocked
48213,13,0,0.6302078667544707,0.56138168615492,48,blocked
48214,14,0,0.9234115733832409,0.5591432255876863,48,blocked
48215,15,0,0.16917638211614427,0.5572014620810054,48,blocked
48216,16,0,0.8030298850794901,0.6388818425503519,48,blocked
48217,17,0,0.18118564024875716,0.731183150559853,48,blocked
48218,18,0,0.7497240137889364,0.45769986049423667,48,blocked
48219,19,0,0.19406976251851632,0.8265212562893396,48,blocked
48220,20,0,0.7207980846531745,0.6021336597377418,48,blocked
48221,21,0,0.2972233034435824,0.6498069474714119,48,blocked
48222,22,0,0.8052404676424706,0.5545329191699386,48,blocked
48223,23,0,0.3477264568628883,0.6018933197242567,48,blocked
48224,24,0,0.7465408682758637,0.5020409538282311,48,blocked
48225,25,0,0.26779908141206454,0.4804959649392312,48,blocked
48226,26,0,0.6900175509555766,0.49070679422075286,48,blocked
48227,27,0,0.773456402672227,0.42587465660026147,48,blocked
48228,28,0,0.8332309008558443,0.5718163656434518,48,blocked
48229,29,0,0.415610846585722,0.629769202122846,48,blocked
48230,30,0,0.628255723307417,0.5615573656898898,48,blocked
48231,31,0,0.8918771087382951,0.4701324523350563,48,blocked
48232,32,0,0.22735693787051875,0.4716016538995822,48,blocked
48233,33,0,0.7378465165293098,0.48056710089798005,48,blocked
48234,34,0,0.49619696206453334,0.5595933497034515,48,blocked
48235,35,0,0.6513518453478276,0.5863940849284198,48,blocked
48236,36,0,0.24549477841378659,0.6483695041695708,48,blocked
48237,37,0,0.5403352278873148,0.4964822891765202,48,blocked
48238,38,0,0.4256313432409315,0.47495515805343796,48,blocked
48239,39,0,0.33727306560794784,0.45595545476412613,48,blocked
48240,40,0,0.20570437416212917,0.4690532336516279,48,blocked
48241,41,0,0.3343259300784031,0.7209904067210191,48,blocked
48242,42,0,0.9648823277294534,0.4928214707145294,48,blocked
48243,43,0,0.2176517517485756,0.6549319192899594,48,blocked
48244,44,0,0.758419575559189,0.44365070459137257,48,blocked
48245,45,0,0.16946728538626132,0.3920233353727932,48,blocked
48246,46,0,0.8446300938891496,0.338891522254113,48,blocked
48247,47,0,0.7809074622626565,0.4818879274350727,48,blocked
48248,48,0,0.8972628935315968,0.3763786635945618,48,blocked
48249,49,0,0.8295882216267518,0.4137779423055147,48,blocked
48250,50,0,0.79322348436127,0.577096227363788,48,blocked
48251,51,0,0.5636015097138907,0.4952190615421469,48,blocked
48252,52,0,0.14575995819915288,0.5554165033258446,48,blocked
48253,53,0,0.5269676209970973,0.7782404906312792,48,blocked
48254,54,0,0.08472978756561855,0.5007379885781075,48,blocked
48255,55,0,0.7238218132331115,0.45628308098459197,48,blocked
48256,56,0,0.5294824870079182,0.5945634595556153,48,blocked
48257,57,0,0.4548294552173906,0.6501653475927424,48,blocked
48258,58,0,0.7972214786316246,0.5516719098518028,48,blocked
48259,59,0,0.3413244712882501,0.6355762278436119,48,blocked
48260,60,0,0.8598277627250936,0.6716811643546063,48,blocked
48261,61,0,0.35761245979560674,0.4203169262075174,48,blocked
48262,62,0,0.7695922477477446,0.4533944364125354,48,blocked
48263,63,0,0.717615918869364,0.5271822933776031,48,blocked
48264,64,0,0.36872767605201723,0.5149186075977885,48,blocked
48265,65,0,0.05631842718360335,0.5296604133180094,48,blocked
48266,66,0,0.8684087753551826,0.40695391865222785,48,blocked
48267,67,0,0.1725612265815677,0.4416644856378052,48,blocked
48268,68,0,0.9358314152050713,0.4301610647456448,48,blocked
48269,69,0,0.10524820988815548,0.5616943728239299,48,blocked
48270,70,0,0.6853278078184877,0.4280974121928589,48,blocked
48271,71,0,0.4082634574340344,0.49147808280033484,48,blocked
48272,72,0,0.36665013850858486,0.5462176835127948,48,blocked
48273,73,0,0.28130689956361465,0.4488439239383044,48,blocked
48274,74,0,0.1823961870503564,0.5221511542143019,48,blocked
48275,75,0,0.7545085077881433,0.4726698343168625,48,blocked
48276,76,0,0.2297390601816025,0.5494775757511526,48,blocked
48277,77,0,0.17962572025533774,0.4947348322954742,48,blocked
48278,78,0,0.6896333779445638,0.47768577128820844,48,blocked
48279,79,0,0.41420594126588295,0.5728039824208471,48,blocked
48280,80,0,0.5377946123494118,0.4498242322708529,48,blocked
48281,81,0,0.7131685685427721,0.4667087082800421,48,blocked
48282,82,0,0.45861364263478627,0.46010606464040593,48,blocked
48283,83,0,0.5274189466764299,0.47416812218665494,48,blocked
48284,84,0,0.4843865944284908,0.45652187591780785,48,blocked
48285,85,0,0.3873309192748061,0.43809270930876,48,blocked
48286,86,0,0.49405942764846855,0.3881270140777613,48,blocked
48287,87,0,0.564827573448653,0.41752261144563574,48,blocked
48288,88,0,0.44200241606490354,0.5198586376625599,48,blocked
48289,89,0,0.3831107371497592,0.39913956650703264,48,blocked
48290,90,0,0.7147338721803752,0.5540293539241286,48,blocked
48291,91,0,0.7561033934633488,0.6196405059445268,48,blocked
48292,92,0,0.32241802275527226,0.37962764571141394,48,blocked
48293,93,0,0.32534135603496517,0.4424034979314354,48,blocked
48294,94,0,0.612923945425558,0.565118417887941,48,blocked
48295,95,0,0.6439626492006153,0.5366349730864107,48,blocked
48296,96,0,0.3544230405754566,0.5195415060023849,48,blocked
48297,97,0,0.8844480698321167,0.5695935268047765,48,blocked
48298,98,0,0.1475539539222626,0.4429559062727658,48,blocked
48299,99,0,0.4804648227594781,0.3997158526207744,48,blocked
48300,100,0,0.7480666956801395,0.40144102547467053,48,blocked
48301,101,0,0.5472294884935579,0.5735550195118545,48,blocked
48302,102,0,0.56915674845578,0.43723721498317725,48,blocked
48303,103,0,0.18694668147458504,0.48694871497257286,48,blocked
48304,104,0,0.7021915650917241,0.612456216986635,48,blocked
48305,105,0,0.3967703412493982,0.4516331503307244,48,blocked
48306,106,0,0.37962614463582944,0.511166244854132,48,blocked
48307,107,0,0.6138248749119257,0.5005127273736862,48,blocked
48308,108,0,0.47817297135210035,0.3868607653913076,48,blocked
48309,109,0,0.43581847054063805,0.47605669143196283,48,blocked
48310,110,0,0.5669517006833493,0.511079254644359,48,blocked
48311,111,0,0.5722611117594583,0.4052713688959906,48,blocked
48312,112,0,0.5100716735975463,0.48498329164809073,48,blocked
48313,113,0,0.4579808519415658,0.515054331240101,48,blocked
48314,114,0,0.38699974271990545,0.45648571733086674,48,blocked
48315,115,0,0.5680751209693875,0.4070727991090884,48,blocked
48316,116,0,0.3452400800152831,0.4888448786964716,48,blocked
48317,117,0,0.5403721810456044,0.48543930266286606,48,blocked
48318,118,0,0.46209394391652975,0.5169922132278437,48,blocked
48319,119,0,0.49940992939551365,0.4788982141615194,48,blocked
48320,120,0,0.8640669476291132,0.41359064444985066,48,blocked
48321,121,0,0.6089291506057062,0.5026436085871145,48,blocked
48322,122,0,0.7294008512727455,0.4236350189787996,48,blocked
48323,123,0,0.5874157352232133,0.5543984842462234,48,blocked
48324,124,0,0.21591590850115466,0.4800628455663863,48,blocked
48325,125,0,0.8485308431071,0.41419532276634907,48,blocked
48326,126,0,0.853266390969682,0.4181346004472656,48,blocked
48327,127,0,0.12493832910935801,0.5225670040334744,48,blocked
48328,128,0,0.7813605752821156,0.4450386439957246,48,blocked
48329,129,0,0.23196022182295564,0.3920506201222401,48,blocked
48330,130,0,0.8087023852658877,0.6268984985429636,48,blocked
48331,131,0,0.8869481820303675,0.3735177577615902,48,blocked
48332,132,0,0.2338659154878988,0.5520924201407666,48,blocked
48333,133,0,0.2423555165400451,0.4967452503062811,48,blocked
48334,134,0,0.2919377371609239,0.46094851298929185,48,blocked
48335,135,0,0.11681780235545973,0.5102983410777724,48,blocked
48336,136,0,0.319514016279168,0.42908004092462415,48,blocked
48337,137,0,0.47952874144194807,0.4863574020770588,48,blocked
48338,138,0,0.4911505455907855,0.46685890653344775,48,blocked
48339,139,0,0.702283296090662,0.4459415718283418,48,blocked
48340,140,0,0.7429068606150998,0.3948679868086972,48,blocked
48341,141,0,0.7539557382532716,0.4029791524915075,48,blocked
48342,142,0,0.6324679764780563,0.3022741825431998,48,blocked
48343,143,0,0.65354457679687,0.5496132270422602,48,blocked
48344,144,0,0.5538437648494816,0.3951404444613784,48,blocked
48345,145,0,0.7364186587978068,0.40925823237318804,48,blocked
48346,146,0,0.4490805691036948,0.4365613829325842,48,blocked
48347,147,0,0.671322456977538,0.4956333259294097,48,blocked
48348,148,0,0.5270374340547925,0.6253861769805378,48,blocked
48349,149,0,0.7534356773906332,0.31032652776139147,48,blocked
48350,150,0,0.5875287793928083,0.44354833307836866,48,blocked
48351,151,0,0.15063723844029286,0.46200478536917605,48,blocked
48352,152,0,0.7048903178365719,0.3444932470597952,48,blocked
48353,153,0,0.5901038484048026,0.5538544989075495,48,blocked
48354,154,0,0.43313386872348014,0.37060024400079083,48,blocked
48355,155,0,0.19111712611071585,0.5698631377067918,48,blocked
48356,156,0,0.3064498944761757,0.46511277259488826,48,blocked
48357,157,0,0.3473940498054147,0.5768902061524577,48,blocked
48358,158,0,0.40354064080085295,0.3894792622582032,48,blocked
48359,159,0,0.6466139740191496,0.515616337660642,48,blocked
48360,160,0,0.3858313371836098,0.5310575811252886,48,blocked
48361,161,0,0.5066284155017142,0.5731416455099771,48,blocked
48362,162,0,0.4048462452025159,0.5673777777185426,48,blocked
48363,163,0,0.5131412429894703,0.5769851242601364,48,blocked
48364,164,0,0.5325792292732086,0.38194897194497185,48,blocked
48365,165,0,0.44989806177517033,0.5476580191332953,48,blocked
48366,166,0,0.37126544424778474,0.4230009439212981,48,blocked
48367,167,0,0.6718286106896477,0.35971317722497786,48,blocked
48368,168,0,0.40320533993258445,0.39032059462157875,48,blocked
48369,169,0,0.575809691119707,0.49020192167518334,48,blocked
48370,170,0,0.31613700760352026,0.6438824834876471,48,blocked
48371,171,0,0.5819196362469636,0.41998442145919823,48,blocked
48372,172,0,0.48676397846094555,0.544913652875948,48,blocked
48373,173,0,0.6408290475985836,0.42544499714801065,48,blocked
48374,174,0,0.5926830501502514,0.43785694441853673,48,blocked
48375,175,0,0.36576634423096877,0.5566503731477708,48,blocked
48376,176,0,0.5863058043789795,0.3753086307997161,48,blocked
48377,177,0,0.47369335784150535,0.3642725270535284,48,blocked
48378,178,0,0.48972888266217307,0.4342567857694725,48,blocked
48379,179,0,0.5650211477777849,0.48707853124951045,48,blocked
48380,180,0,0.553023818271783,0.421695739948038,48,blocked
48381,181,0,0.6627212598585479,0.45830723865296463,48,blocked
48382,182,0,0.48161863428221696,0.6148862660605834,48,blocked
48383,183,0,0.3645374311546207,0.4696889466019476,48,blocked
48384,184,0,0.7912257924058606,0.5083064673513695,48,blocked
48385,185,0,0.40951113146931806,0.4799747501736388,48,blocked
48386,186,0,0.6185917544403954,0.43737384120963707,48,blocked
48387,187,0,0.519991315310756,0.5653805998056425,48,blocked
48388,188,0,0.48595847458126135,0.44815099681796045,48,blocked
48389,189,0,0.5126470829209238,0.43427509414173937,48,blocked
48390,190,0,0.4464885137718654,0.5413822631195099,48,blocked
48391,191,0,0.43576704897270924,0.4474584646964489,48,blocked
48392,192,0,0.5112980649914084,0.5163980399941117,48,blocked
48393,193,0,0.6245333898673892,0.5146694415548069,48,blocked
48394,194,0,0.30186028607655957,0.5114655743314491,48,blocked
48395,195,0,0.6668421635400186,0.41255118656127937,48,blocked
48396,196,0,0.4747142990585871,0.3880814452202347,48,blocked
48397,197,0,0.759454802878927,0.5420899486304559,48,blocked
48398,198,0,0.686742851848791,0.41914782942299433,48,blocked
48399,199,0,0.724595375728195,0.4678820133700605,48,blocked
48400,0,0,0.9995157767738743,0.49116191184900626,48,early
48401,1,0,0.001834173049336105,0.8089315848163833,48,early
48402,2,0,0.998632380798822,0.5550521865490532,48,early
48403,3,0,0.00027161189262729223,0.7699126007301008,48,early
48404,4,0,0.001621450257268335,0.73046088818417,48,early
48405,5,0,0.001753172854811798,0.7800646528249876,48,early
48406,6,0,0.9973777055476546,0.51660883024537,48,early
48407,7,0,0.0022226753068899452,0.6364540411908013,48,early
48408,8,0,0.0028001642982881407,0.8367690406095009,48,early
48409,9,0,0.9909623413038183,0.3906934045167415,48,early
48410,10,0,0.9970637461377259,0.6704704107431841,48,early
48411,11,0,0.02063641246526708,0.7240024649688576,48,early
48412,12,0,0.9916216225269544,0.5300570372421893,48,early
48413,13,0,0.004613971070060068,0.5417555955878675,48,early
48414,14,0,0.9979192375336154,0.5211023083689512,48,early
48415,15,0,0.9904594878828823,0.5917375614451506,48,early
48416,16,0,0.9480262513554334,0.39285283996149667,48,early
48417,17,0,0.012509720976888229,0.5602678659460298,48,early
48418,18,0,0.019579505660533045,0.5968725115016457,48,early
48419,19,0,0.0027901627158708137,0.5352636832769603,48,early
48420,20,0,0.9877947830908922,0.5498474695651181,48,early
48421,21,0,0.023779274927376186,0.6410211834811023,48,early
48422,22,0,0.9919132739720076,0.6047404831957572,48,early
48423,23,0,0.985140481852242,0.5156653144947931,48,early
48424,24,0,0.010803102580910436,0.5435220422403491,48,early
48425,25,0,0.9939121024624171,0.5400730402322613,48,early
48426,26,0,0.01671175347622554,0.5389596526593379,48,early
48427,27,0,0.02399125549516834,0.4958086983457725,48,early
48428,28,0,0.12390806014119231,0.7101484179609142,48,early
48429,29,0,0.9886470963022409,0.5838373044284257,48,early
48430,30,0,0.025015060250840486,0.5207695934173886,48,early
48431,31,0,0.9408423832870232,0.48597743585000974,48,early
48432,32,0,0.04769859371143481,0.38860121848193524,48,early
48433,33,0,0.037697212339520954,0.6511645729001011,48,early
48434,34,0,0.08718824402706514,0.4979517415852496,48,early
48435,35,0,0.9817704961952811,0.5245687449587216,48,early
48436,36,0,0.9114278338976676,0.49973606884386157,48,early
48437,37,0,0.9793569532986134,0.41518876514145625,48,early
48438,38,0,0.964049868949354,0.5160014643514628,48,early
48439,39,0,0.9753860572936015,0.528477373809586,48,early
48440,40,0,0.49963493436463,0.6770686307376266,48,early
48441,41,0,0.49645003744282235,0.5453739860819367,48,early
48442,42,0,0.49335308732179406,0.5556538845395532,48,early
48443,43,0,0.4951556565685871,0.4288145881887802,48,early
48444,44,0,0.5228887432812594,0.5483968437182126,48,early
48445,45,0,0.4867503010632,0.450049838894099,48,early
48446,46,0,0.4928553200488216,0.5349153622754007,48,early
48447,47,0,0.5047985127638568,0.489818490043406,48,early
48448,48,0,0.5002104307026476,0.4634692559125574,48,early
48449,49,0,0.49937398199348454,0.5532769641546111,48,early
48450,50,0,0.5157561536678295,0.5048837783642643,48,early
48451,51,0,0.4751201247264419,0.45414772923028773,48,early
48452,52,0,0.49421765261400763,0.7694181604959488,48,early
48453,53,0,0.4972661900261297,0.6441233876321741,48,early
48454,54,0,0.4850238821025439,0.5962451760989853,48,early
48455,55,0,0.4916705341148603,0.4725221712214165,48,early
48456,56,0,0.48817894952347923,0.4801258763943408,48,early
48457,57,0,0.46321028427645267,0.47730061589109873,48,early
48458,58,0,0.4809560382470304,0.5051484671149084,48,early
48459,59,0,0.5031420813942618,0.480472860087473,48,early
48460,60,0,0.4911628450293732,0.48391845233137143,48,early
48461,61,0,0.4985011014672263,0.4295434322323127,48,early
48462,62,0,0.4991578460301854,0.5282451411155521,48,early
48463,63,0,0.497349972808503,0.5563163126697342,48,early
48464,64,0,0.48832075814619263,0.4893573767017976,48,early
48465,65,0,0.49379805206721544,0.48785770553070223,48,early
48466,66,0,0.4820173774749755,0.5002052643576514,48,early
48467,67,0,0.48845906368199055,0.40518811862771065,48,early
48468,68,0,0.4806522242263739,0.5345912467093216,48,early
48469,69,0,0.4860010439647542,0.42802401483901753,48,early
48470,70,0,0.4893821770835604,0.4118919366695036,48,early
48471,71,0,0.4988815721929745,0.3775238757665075,48,early
48472,72,0,0.5124763316244025,0.5164683815305015,48,early
48473,73,0,0.4854725325108378,0.43787822995449815,48,early
48474,74,0,0.4959398147205047,0.5087991237663081,48,early
48475,75,0,0.4832319200514696,0.44386410440269997,48,early
48476,76,0,0.47391812244679987,0.5526748870380095,48,early
48477,77,0,0.5028397817906222,0.5177638756459207,48,early
48478,78,0,0.5011470057249235,0.44599492975717936,48,early
48479,79,0,0.4993760920029147,0.44403833373084545,48,early
48480,80,0,0.9487331317294887,0.38957084508976325,48,early
48481,81,0,0.4991058864902331,0.46994796833581876,48,early
48482,82,0,0.1562837738650529,0.6165806423882925,48,early
48483,83,0,0.49774996295584095,0.40799253962873816,48,early
48484,84,0,0.9527408573731451,0.5149998900912904,48,early
48485,85,0,0.49041954443784885,0.5951570266316935,48,early
48486,86,0,0.17749020973432136,0.5513119462801632,48,early
48487,87,0,0.5413151155981631,0.44206647771775276,48,early
48488,88,0,0.5581007777412912,0.6014511485800835,48,early
48489,89,0,0.49950015321092006,0.5012912192039864,48,early
48490,90,0,0.8864570780517823,0.3846508208509267,48,early
48491,91,0,0.4878585309710471,0.5387371363505129,48,early
48492,92,0,0.08376137185555144,0.4650169250044038,48,early
48493,93,0,0.48789686454454206,0.38626537280522794,48,early
48494,94,0,0.4334628391660301,0.5949421019082286,48,early
48495,95,0,0.49771749547096344,0.3992029765215432,48,early
48496,96,0,0.12959303715157988,0.44120550192278357,48,early
48497,97,0,0.4425265194466975,0.5227350007625086,48,early
48498,98,0,0.53644672490892,0.40693594135021527,48,early
48499,99,0,0.4825141923562251,0.4791850048448046,48,early
48500,100,0,0.12167103893021283,0.6143505664898096,48,early
48501,101,0,0.5048827009347515,0.5000762873436111,48,early
48502,102,0,0.3265669281110742,0.6273439222089063,48,early
48503,103,0,0.4895916889999899,0.3893807502589183,48,early
48504,104,0,0.8936310597095504,0.56287918629199,48,early
48505,105,0,0.39996299214307174,0.3766219760191441,48,early
48506,106,0,0.27326225204626486,0.427244841478295,48,early
48507,107,0,0.5487439079025939,0.4801324052757818,48,early
48508,108,0,0.23498420241845336,0.4029288000058143,48,early
48509,109,0,0.5003134583516365,0.5628593147080767,48,early
48510,110,0,0.08171504518442882,0.42039641840303915,48,early
48511,111,0,0.5146761101541617,0.44912454308115585,48,early
48512,112,0,0.5228145438773484,0.40078112597082555,48,early
48513,113,0,0.4844528471291301,0.4046523984267548,48,early
48514,114,0,0.35011227934013434,0.5879004418185236,48,early
48515,115,0,0.47023448998974626,0.5534341855364427,48,early
48516,116,0,0.6294319295939317,0.4674181936353263,48,early
48517,117,0,0.5230030116558719,0.5302144608205299,48,early
48518,118,0,0.6938831503529285,0.6198479280207005,48,early
48519,119,0,0.4157733735069052,0.5624177727294677,48,early
48520,120,0,0.31009939106226947,0.5924355310148551,48,early
48521,121,0,0.4887192696583147,0.4887534205134862,48,early
48522,122,0,0.5793672692115753,0.3926752696826269,48,early
48523,123,0,0.5464200538489457,0.5145110440526757,48,early
48524,124,0,0.7188581406427876,0.3615362527257903,48,early
48525,125,0,0.4613080050278421,0.5414950707524726,48,early
48526,126,0,0.8155310367704582,0.3652221950368538,48,early
48527,127,0,0.38253154033327147,0.4657999392255058,48,early
48528,128,0,0.8824015906488645,0.5137228996106352,48,early
48529,129,0,0.4954839058226016,0.3722804862198046,48,early
48530,130,0,0.4299940706993075,0.39734916056846104,48,early
48531,131,0,0.38146149471255,0.5904619832348931,48,early
48532,132,0,0.23651290520770513,0.38967599853433527,48,early
48533,133,0,0.4968492222872763,0.5452628254127194,48,early
48534,134,0,0.8447669486659029,0.3802742861241877,48,early
48535,135,0,0.4877080687070476,0.4434964309667758,48,early
48536,136,0,0.16486784102398105,0.43678867310458847,48,early
48537,137,0,0.47805683632781243,0.41141225977409884,48,early
48538,138,0,0.06477965252536882,0.4325503740125273,48,early
48539,139,0,0.4753795792390614,0.4619592728308318,48,early
48540,140,0,0.9833363420920844,0.5081060758369188,48,early
48541,141,0,0.49175455491877873,0.36601910886782374,48,early
48542,142,0,0.11703123909894991,0.4703818371276145,48,early
48543,143,0,0.4353099402018059,0.5637302199473866,48,early
48544,144,0,0.9444961225636141,0.5190410520923678,48,early
48545,145,0,0.4800944309637532,0.49161895448637777,48,early
48546,146,0,0.11352262486585155,0.5007183323970077,48,early
48547,147,0,0.46993615576525793,0.40937581534990564,48,early
48548,148,0,0.15769855663648386,0.5449483086118022,48,early
48549,149,0,0.4641909714493204,0.48360644977089023,48,early
48550,150,0,0.31889417574351286,0.5500735307797895,48,early
48551,151,0,0.4484063959835637,0.4809841039223145,48,early
48552,152,0,0.5979276044630786,0.46435874822071443,48,early
48553,153,0,0.41515062386475765,0.4105652349055612,48,early
48554,154,0,0.12579779959998974,0.523425568487653,48,early
48555,155,0,0.39644822809473856,0.5478972014849892,48,early
48556,156,0,0.4346580185317973,0.3658552345239303,48,early
48557,157,0,0.48209157948248316,0.43631162709457993,48,early
48558,158,0,0.8406208408027365,0.3362723746378955,48,early
48559,159,0,0.41414576377936196,0.39381654861168264,48,early
48560,160,0,0.4565942938024027,0.44200575897233735,48,early
48561,161,0,0.7192965889872832,0.47102987083525605,48,early
48562,162,0,0.4488861524129325,0.5824039306006406,48,early
48563,163,0,0.4054181001409777,0.4006075355753182,48,early
48564,164,0,0.8738189127913214,0.41818956582333067,48,early
48565,165,0,0.6039672816365669,0.46566076555727015,48,early
48566,166,0,0.9784304525041958,0.4423869548289577,48,early
48567,167,0,0.4922562657908078,0.4317797658888993,48,early
48568,168,0,0.765952669818234,0.3804963987223684,48,early
48569,169,0,0.9198231473768317,0.4312318718652601,48,early
48570,170,0,0.4574360664553106,0.4697086550425714,48,early
48571,171,0,0.4994099878158108,0.41077674047922097,48,early
48572,172,0,0.9295696623441112,0.41154858358410085,48,early
48573,173,0,0.31851565122047987,0.5074297664413662,48,early
48574,174,0,0.5129548845477064,0.5180675547597309,48,early
48575,175,0,0.42684779309271736,0.4060746492067727,48,early
48576,176,0,0.27316184700475477,0.424054218460578,48,early
48577,177,0,0.36894022716139396,0.5292423109593866,48,early
48578,178,0,0.8687271036254016,0.6426431770923627,48,early
48579,179,0,0.9248183893025856,0.5067391269053156,48,early
48580,180,0,0.4322722193344427,0.5085176945194461,48,early
48581,181,0,0.4925042643889512,0.47674918131896016,48,early
48582,182,0,0.4910546795526278,0.5285644110153683,48,early
48583,183,0,0.49343708462786845,0.4969401640017956,48,early
48584,184,0,0.37560992773129637,0.5541926367575725,48,early
48585,185,0,0.4932529369115334,0.2971073676334103,48,early
48586,186,0,0.43391252946308606,0.36794264936742543,48,early
48587,187,0,0.33029767146312433,0.483267726831752,48,early
48588,188,0,0.9640231315568445,0.28016729035838167,48,early
48589,189,0,0.7607164119741916,0.33475125377587467,48,early
48590,190,0,0.47710582331896895,0.47511320192015916,48,early
48591,191,0,0.43674440583152074,0.4071882463934086,48,early
48592,192,0,0.4646188429631289,0.43947600485601124,48,early
48593,193,0,0.44163932710468873,0.5520248439681597,48,early
48594,194,0,0.5975994652136158,0.3996321342643735,48,early
48595,195,0,0.4883485091958143,0.4013199739227248,48,early
48596,196,0,0.7227766334449531,0.3174884597100187,48,early
48597,197,0,0.48356778122570115,0.5183827560205254,48,early
48598,198,0,0.6671733854716442,0.5560318082920679,48,early
48599,199,0,0.4137076916155609,0.4036197361901625,48,early
48600,0,0,0.49129844507839016,1.0777575424257164,48,middle
48601,1,0,0.05513244750765981,0.4267428380952828,48,middle
48602,2,0,0.5235775859278322,0.8405514475917362,48,middle
48603,3,0,0.018708459966546964,0.838665842767824,48,middle
48604,4,0,0.45350607043125596,0.7350754375761794,48,middle
48605,5,0,0.9767152252930482,0.7522958670523971,48,middle
48606,6,0,0.4545753654064163,0.7368663270184914,48,middle
48607,7,0,0.05921700401578296,0.6797659584762488,48,middle
48608,8,1,0.4822787969145579,0.9044518593585424,48,middle
48609,9,0,0.03524799263145195,0.8157348335515905,48,middle
48610,10,0,0.49343920557442167,0.7650786640731344,48,middle
48611,11,0,0.8818152815940286,0.6630477616010867,48,middle
48612,12,0,0.5637265821980132,0.6547744163258195,48,middle
48613,13,0,0.9676824521121596,0.6615142022371843,48,middle
48614,14,0,0.4693753367721701,0.6394930198276332,48,middle
48615,15,0,0.9331434179778746,0.7151916585881499,48,middle
48616,16,0,0.37728786983035784,0.7888391616582914,48,middle
48617,17,0,0.9185012633628742,0.7885976692768881,48,middle
48618,18,0,0.4168598716912588,0.7264377998333322,48,middle
48619,19,0,0.14136434654539526,0.8079542660354926,48,middle
48620,20,0,0.5226904005323332,0.6381863900689629,48,middle
48621,21,0,0.9219614886460047,0.5825695644359988,48,middle
48622,22,0,0.6028465018174269,0.5254078952310306,48,middle
48623,23,0,0.30300925006198254,0.5051086096000179,48,middle
48624,24,0,0.38338429140645014,0.5742184368242281,48,middle
48625,25,0,0.8903272394465823,0.5246956190498254,48,middle
48626,26,0,0.38997667922784723,0.5433604971707575,48,middle
48627,27,0,0.9036941995467074,0.4444715927064987,48,middle
48628,28,0,0.5777519109288488,0.778884687187883,48,middle
48629,29,0,0.7752029389483952,0.5389081718968843,48,middle
48630,30,0,0.21260346024957824,0.5295931835297422,48,middle
48631,31,0,0.48292562367076164,0.5891030145019391,48,middle
48632,32,0,0.44097420258790476,0.5820973052585027,48,middle
48633,33,0,0.666677213637162,0.5808243290306284,48,middle
48634,34,0,0.682178607517238,0.5082337325197445,48,middle
48635,35,0,0.5085075934797221,0.6118052424154479,48,middle
48636,36,0,0.17488062111557548,0.6040579752596302,48,middle
48637,37,0,0.6313252403597636,0.45954733481375837,48,middle
48638,38,0,0.6206062479694059,0.49908855807452734,48,middle
48639,39,0,0.6536135905260064,0.4631363514456973,48,middle
48640,40,0,0.7690410578022918,0.6009441086559251,48,middle
48641,41,0,0.7181397984654871,0.3718480349047692,48,middle
48642,42,0,0.7368436846341382,0.45705199606231683,48,middle
48643,43,0,0.12978342047946528,0.46685781311291563,48,middle
48644,44,0,0.7598539521126295,0.39492080343572655,48,middle
48645,45,0,0.11915697670241356,0.42190989414773716,48,middle
48646,46,0,0.923310944372553,0.37858382010015645,48,middle
48647,47,0,0.8906321868410344,0.5653514888371167,48,middle
48648,48,0,0.12747823098475378,0.5294865845722472,48,middle
48649,49,0,0.8745602766195945,0.5355103066075302,48,middle
48650,50,0,0.26982981510989756,0.39454328144032236,48,middle
48651,51,0,0.14451540508744667,0.6997080586852928,48,middle
48652,52,0,0.8161422342138799,0.38041109703517384,48,middle
48653,53,0,0.34341550535550475,0.36566979471800803,48,middle
48654,54,0,0.43621788409376727,0.5822966603858857,48,middle
48655,55,0,0.3087275828466297,0.6640446264059572,48,middle
48656,56,0,0.8198961007815013,0.4515332669214235,48,middle
48657,57,0,0.20593469881796223,0.42822204986549184,48,middle
48658,58,0,0.7142296807572148,0.6006671732330688,48,middle
48659,59,0,0.24855712594880205,0.410063099334525,48,middle
48660,60,0,0.804791646605703,0.2907736012814035,48,middle
48661,61,0,0.7525911488535811,0.525386575363497,48,middle
48662,62,0,0.27384016692511143,0.5346408852356619,48,middle
48663,63,0,0.7465168618998947,0.5117335448987079,48,middle
48664,64,0,0.44347258134953915,0.44997982907783307,48,middle
48665,65,0,0.26166063843607457,0.4065650182973194,48,middle
48666,66,0,0.7860704814853463,0.5645076321052362,48,middle
48667,67,0,0.21813018461228711,0.4949232031459564,48,middle
48668,68,0,0.7025167811350831,0.511895157416093,48,middle
48669,69,0,0.7370712228489333,0.3719809822770579,48,middle
48670,70,0,0.6548862785877543,0.4298902387924541,48,middle
48671,71,0,0.3282176965422744,0.5776404789831178,48,middle
48672,72,0,0.6703695489849886,0.5342143860034176,48,middle
48673,73,0,0.1803378248532602,0.36908403591296773,48,middle
48674,74,0,0.6000935042564107,0.4339684389390215,48,middle
48675,75,0,0.7295217118259358,0.47308416285950283,48,middle
48676,76,0,0.3997307331858135,0.6763910772870145,48,middle
48677,77,0,0.8523277756523702,0.32521263548848517,48,middle
48678,78,0,0.8036691096314312,0.41548272616684634,48,middle
48679,79,0,0.1056452100999754,0.3842926907369235,48,middle
48680,80,0,0.3120648903488275,0.47975678970575697,48,middle
48681,81,0,0.41023360085271376,0.3837914452760739,48,middle
48682,82,0,0.5703311205062651,0.4870981037405405,48,middle
48683,83,0,0.5365965021677722,0.5355250081921888,48,middle
48684,84,0,0.42821169071431076,0.5512399439985174,48,middle
48685,85,0,0.45129139847681254,0.44263988723059644,48,middle
48686,86,0,0.562853142868505,0.4698903316983185,48,middle
48687,87,0,0.6334506451952446,0.5406443094592792,48,middle
48688,88,0,0.6032886735546175,0.6295740443708138,48,middle
48689,89,0,0.43563359917358424,0.44302206329331506,48,middle
48690,90,0,0.547582366007755,0.40626736070232405,48,middle
48691,91,0,0.6740676110900303,0.2980160399634113,48,middle
48692,92,0,0.6903429332124974,0.5110305662362209,48,middle
48693,93,0,0.7500070261126621,0.4691802402759212,48,middle
48694,94,0,0.8418733881109105,0.3861745912196325,48,middle
48695,95,0,0.829396244308908,0.445927547051442,48,middle
48696,96,0,0.8588997024962233,0.37273966328211233,48,middle
48697,97,0,0.15578574298236386,0.36092432759376425,48,middle
48698,98,0,0.9067789513452866,0.3064227724606411,48,middle
48699,99,0,0.8469619573215608,0.35411929633452943,48,middle
48700,100,0,0.7139772428965394,0.40461674313951806,48,middle
48701,101,0,0.8144171188503984,0.3842839390840259,48,middle
48702,102,0,0.13731790721664017,0.47768487878531174,48,middle
48703,103,0,0.3511528841299102,0.5256894188989266,48,middle
48704,104,0,0.37545246474630406,0.4957664549370221,48,middle
48705,105,0,0.7389628200643004,0.4231578881552038,48,middle
48706,106,0,0.27557160133259007,0.4577033231179179,48,middle
48707,107,0,0.5394743118258558,0.43016425044935247,48,middle
48708,108,0,0.767421950420075,0.4774380230197931,48,middle
48709,109,0,0.7225043399722297,0.5219760786103966,48,middle
48710,110,0,0.40882534969234025,0.45787429694574844,48,middle
48711,111,0,0.22312906950135364,0.4454153662541872,48,middle
48712,112,0,0.39392311769630395,0.4813294988356138,48,middle
48713,113,0,0.5163957964257094,0.43028533530325797,48,middle
48714,114,0,0.4836815079760489,0.3902334391511568,48,middle
48715,115,0,0.4215406418802632,0.46412896475317944,48,middle
48716,116,0,0.5024597580186796,0.4171577881166641,48,middle
48717,117,0,0.5429619006564185,0.46248634512002523,48,middle
48718,118,0,0.7091380337297047,0.3788694213584811,48,middle
48719,119,0,0.439235136065994,0.41726956477500177,48,middle
48720,120,0,0.4228085362837227,0.49546154240923607,48,middle
48721,121,0,0.6874665961750447,0.4860753491414939,48,middle
48722,122,0,0.5105031092847714,0.39055040096776217,48,middle
48723,123,0,0.6867495172428444,0.33396603729517804,48,middle
48724,124,0,0.6854054587347489,0.44480187276832694,48,middle
48725,125,0,0.6766386665919901,0.5280367237940511,48,middle
48726,126,0,0.5687661897017176,0.5821595582127361,48,middle
48727,127,0,0.7105812915171322,0.3906048256945345,48,middle
48728,128,0,0.6129870062394038,0.4451178903638845,48,middle
48729,129,0,0.4983889988184911,0.3793279152509596,48,middle
48730,130,0,0.8429290763498847,0.511318519301281,48,middle
48731,131,0,0.4421172998604077,0.4501288683664667,48,middle
48732,132,0,0.10368244030159351,0.6728832445464252,48,middle
48733,133,0,0.5382932543250873,0.4451909813089736,48,middle
48734,134,0,0.40160741092102414,0.5206948980862295,48,middle
48735,135,0,0.5809311424512913,0.41269748533019024,48,middle
48736,136,0,0.4026100957599902,0.4404136743200509,48,middle
48737,137,0,0.6311018757867793,0.37603670389444954,48,middle
48738,138,0,0.3066639107760745,0.37281584026143955,48,middle
48739,139,0,0.568161994579104,0.551750685333634,48,middle
48740,140,0,0.3154717908110981,0.4088128360323248,48,middle
48741,141,0,0.4384243507957327,0.39904590512614024,48,middle
48742,142,0,0.7029597525043931,0.394122887622429,48,middle
48743,143,0,0.5803355473909779,0.43500662949388974,48,middle
48744,144,0,0.5957648514000111,0.4529526813549799,48,middle
48745,145,0,0.7183082531703152,0.36669130060198685,48,middle
48746,146,0,0.6153335593939147,0.46045440300894186,48,middle
48747,147,0,0.6598710762031716,0.4434257070950888,48,middle
48748,148,0,0.4441574574870888,0.387870605037106,48,middle
48749,149,0,0.5666018858996417,0.395096764412794,48,middle
48750,150,0,0.6895596633440033,0.43877567640344983,48,middle
48751,151,0,0.814380831257837,0.5187691986675024,48,middle
48752,152,0,0.36827352077306263,0.4480900062883113,48,middle
48753,153,0,0.7785108858076601,0.40291896874166977,48,middle
48754,154,0,0.40917617707571996,0.43351987815452736,48,middle
48755,155,0,0.49335548723283185,0.4334490296990234,48,middle
48756,156,0,0.42683346860133115,0.49313380723390066,48,middle
48757,157,0,0.5871694835476619,0.37536419270824284,48,middle
48758,158,0,0.4708531196533493,0.40689181280205033,48,middle
48759,159,0,0.3797599861227206,0.40099332813221433,48,middle
48760,160,0,0.8136226803191724,0.5437487800195409,48,middle
48761,161,0,0.33851957860199317,0.2909930316262445,48,middle
48762,162,0,0.2652684629765293,0.5487637705107926,48,middle
48763,163,0,0.7754948629650922,0.3837823727417977,48,middle
48764,164,0,0.6801363085849743,0.3300591959119768,48,middle
48765,165,0,0.29832702323135185,0.3406911616218175,48,middle
48766,166,0,0.5805839841734611,0.3702320967835644,48,middle
48767,167,0,0.8224841057020083,0.42446926874996793,48,middle
48768,168,0,0.6354187138281038,0.448829957485242,48,middle
48769,169,0,0.7687021684765781,0.45287355565437964,48,middle
48770,170,0,0.23625644763474946,0.4763888405042625,48,middle
48771,171,0,0.6488556333110364,0.46142152001258174,48,middle
48772,172,0,0.2660213913497316,0.43919578046179597,48,middle
48773,173,0,0.6784019073220132,0.5210064229542843,48,middle
48774,174,0,0.5350816412133789,0.5002247984674176,48,middle
48775,175,0,0.44240286092133396,0.3124660557167479,48,middle
48776,176,0,0.6837128741382548,0.3660889539799834,48,middle
48777,177,0,0.13688747618102454,0.337116343096309,48,middle
48778,178,0,0.3289904974589876,0.5044160287852126,48,middle
48779,179,0,0.47044255670528706,0.3856764034642398,48,middle
48780,180,0,0.2840114624047151,0.3639324441609538,48,middle
48781,181,0,0.4565572171823269,0.47152069687807996,48,middle
48782,182,0,0.49259667536687646,0.398649411454273,48,middle
48783,183,0,0.5899373863757635,0.3346009591773469,48,middle
48784,184,0,0.28468182249756346,0.4617301881643513,48,middle
48785,185,0,0.23761973716608542,0.37619413816395925,48,middle
48786,186,0,0.5686161240714249,0.3680543844553462,48,middle
48787,187,0,0.29686380823975567,0.4934359477468009,48,middle
48788,188,0,0.43702237073658456,0.33541417312257327,48,middle
48789,189,0,0.39626480414267473,0.326451361551761,48,middle
48790,190,0,0.5606078116856226,0.48712787575302574,48,middle
48791,191,0,0.3433680190974386,0.4548238954602374,48,middle
48792,192,0,0.6355014667414052,0.4003297953650884,48,middle
48793,193,0,0.3625416305240601,0.368717787382135,48,middle
48794,194,0,0.6804220567152368,0.46248438124146374,48,middle
48795,195,0,0.7500885285765377,0.35749426796604455,48,middle
48796,196,0,0.44832667376207225,0.4273608459553844,48,middle
48797,197,0,0.4250625726454582,0.3960420463281704,48,middle
48798,198,0,0.5809677729796837,0.4177583124423319,48,middle
48799,199,0,0.491342570105198,0.48736263450570616,48,middle
48800,0,0,0.4112736532567684,0.8765029589378568,48,late
48801,1,0,0.8875840897269776,0.8767466492902071,48,late
48802,2,0,0.5339534103658815,0.7272473990279782,48,late
48803,3,1,0.8895051645605593,0.8485624266588288,48,late
48804,4,0,0.5216124536926502,0.7753186506641048,48,late
48805,5,0,0.8036125111702617,0.6339186674151807,48,late
48806,6,0,0.3809306077565099,0.7172719664654503,48,late
48807,7,2,0.0964620344797244,1.0436806464989308,48,late
48808,8,3,0.8058750887603384,1.342970712776241,48,late
48809,9,0,0.8431281620689024,0.7339107577717621,48,late
48810,10,0,0.5559641277068214,0.8179964558743011,48,late
48811,11,0,0.11751675786453138,0.6240378991701292,48,late
48812,12,0,0.5159328684909003,0.87716699386947,48,late
48813,13,0,0.10523153673025103,0.6899067422694984,48,late
48814,14,0,0.546165292766891,0.5431488033901976,48,late
48815,15,0,0.07505844937538896,0.7404923051734993,48,late
48816,16,0,0.5259104042518391,0.6563945503006349,48,late
48817,17,0,0.8349123712582578,0.5891063362647465,48,late
48818,18,0,0.5411086828083638,0.689039285593021,48,late
48819,19,0,0.14368399663656495,0.7071933108833794,48,late
48820,20,0,0.5578181245755722,0.5729569407626358,48,late
48821,21,0,0.1442860001109802,0.6796661455174426,48,late
48822,22,0,0.5332771383634485,0.5432138689501702,48,late
48823,23,0,0.16289611092126677,0.658598871375665,48,late
48824,24,0,0.483429785490911,0.5139277589464768,48,late
48825,25,0,0.11824621266691743,0.45721048393279606,48,late
48826,26,0,0.41345023070167863,0.6680812962354499,48,late
48827,27,0,0.7593856912365939,0.6532542576617718,48,late
48828,28,0,0.327724503433132,0.48910198595888105,48,late
48829,29,0,0.17028973409607542,0.5682841097069006,48,late
48830,30,0,0.5556769219939595,0.4728445966213607,48,late
48831,31,0,0.8194929286793049,0.5067744335778821,48,late
48832,32,0,0.6319120671096458,0.5178299926702181,48,late
48833,33,0,0.17236133140609033,0.5234166786821484,48,late
48834,34,0,0.1757872812745787,0.738831212859752,48,late
48835,35,0,0.8843077321830733,0.5149732251771315,48,late
48836,36,0,0.38381892144608487,0.46878357606042165,48,late
48837,37,0,0.1963641423834141,0.48337999259317954,48,late
48838,38,0,0.6344083225592708,0.425892458724667,48,late
48839,39,0,0.7111008395949695,0.48272445492763605,48,late
48840,40,0,0.4196455839018758,0.4295946862077292,48,late
48841,41,0,0.12939065090587762,0.5439523432151521,48,late
48842,42,0,0.39958059901818344,0.4534334290439692,48,late
48843,43,0,0.16988361055583223,0.48302401015594465,48,late
48844,44,0,0.4681614867388268,0.5785419370594247,48,late
48845,45,0,0.34145003406823793,0.43906343275508686,48,late
48846,46,0,0.30558069334195737,0.43970985681646046,48,late
48847,47,0,0.669714868697822,0.48500831414525913,48,late
48848,48,0,0.5501565254741756,0.36567396349460024,48,late
48849,49,0,0.7103933669429165,0.46769235447639246,48,late
48850,50,0,0.5506066654614139,0.48100341356494025,48,late
48851,51,0,0.7477969239188125,0.32283721346637695,48,late
48852,52,0,0.34137740241349435,0.5096987892577429,48,late
48853,53,0,0.32970846231404405,0.6462642305056661,48,late
48854,54,0,0.5214137157103313,0.5174105121322438,48,late
48855,55,0,0.6896686129618195,0.6626628379991941,48,late
48856,56,0,0.6285249069229111,0.6029589006017924,48,late
48857,57,0,0.6867708600119673,0.39466586843889623,48,late
48858,58,0,0.5379728187353342,0.3240927633851366,48,late
48859,59,0,0.26000259530167574,0.3820955170861484,48,late
48860,60,0,0.5125117545598918,0.4827173296839779,48,late
48861,61,0,0.7698880442023459,0.5481159599020926,48,late
48862,62,0,0.43428168581909493,0.4067903580573178,48,late
48863,63,0,0.18999521196344266,0.5135557982370345,48,late
48864,64,0,0.4316673380401377,0.3938712532781867,48,late
48865,65,0,0.7334713785174574,0.33841691250581063,48,late
48866,66,0,0.4538365993583787,0.5186806656572306,48,late
48867,67,0,0.7767468488202499,0.3428616907130404,48,late
48868,68,0,0.5010082130101361,0.583433486899972,48,late
48869,69,0,0.15943234126865083,0.47191361462490633,48,late
48870,70,0,0.3259078257772392,0.4872651745264127,48,late
48871,71,0,0.6725175595214018,0.45658228919616367,48,late
48872,72,0,0.6396787231410525,0.46197128422869027,48,late
48873,73,0,0.6452457352148087,0.4136168737262731,48,late
48874,74,0,0.4706102352264616,0.5310203344836019,48,late
48875,75,0,0.8352998086834554,0.389878598170627,48,late
48876,76,0,0.5782712563400111,0.4198519048694812,48,late
48877,77,0,0.7820490876135026,0.5511553453766596,48,late
48878,78,0,0.17984408698111976,0.5560217906911911,48,late
48879,79,0,0.8241556013260728,0.48284973026209466,48,late
48880,80,0,0.4814549221573869,0.4518188453657565,48,late
48881,81,0,0.411151897182199,0.435580058931812,48,late
48882,82,0,0.43896042088997983,0.3940917190024254,48,late
48883,83,0,0.6667052534766302,0.60403790293988,48,late
48884,84,0,0.27514234696882967,0.47423036591316037,48,late
48885,85,0,0.4025976265266493,0.43193477755993476,48,late
48886,86,0,0.6115897963854544,0.56478522031045,48,late
48887,87,0,0.47327738237895045,0.4955199642796488,48,late
48888,88,0,0.5084834330796305,0.4973902367782565,48,late
48889,89,0,0.3684922733656959,0.5611216649697793,48,late
48890,90,0,0.2732238140659544,0.5414748872674762,48,late
48891,91,0,0.34787260728091984,0.6439659201578939,48,late
48892,92,0,0.34832161855090465,0.40725830204681635,48,late
48893,93,0,0.21146974015074332,0.57238808203502,48,late
48894,94,0,0.6605995100841349,0.4088447779165182,48,late
48895,95,0,0.2706850069471838,0.46153756825343284,48,late
48896,96,0,0.527774948279526,0.41541971206826744,48,late
48897,97,0,0.5677628450719371,0.5166019871679206,48,late
48898,98,0,0.418333459674414,0.4921297059991182,48,late
48899,99,0,0.4750180230115827,0.4894991529488385,48,late
48900,100,0,0.5517698193016254,0.4676229668013807,48,late
48901,101,0,0.1973921469231674,0.3736161154293759,48,late
48902,102,0,0.47973457857832846,0.4601783740253167,48,late
48903,103,0,0.3997622576008905,0.5731618504229551,48,late
48904,104,0,0.5373793119053938,0.4660647210643064,48,late
48905,105,0,0.729821552211225,0.47515883711017015,48,late
48906,106,0,0.6603241294167286,0.442369262276022,48,late
48907,107,0,0.5892548932323705,0.42236245189138694,48,late
48908,108,0,0.4707715170257008,0.4256989475925441,48,late
48909,109,0,0.38364184351217784,0.4330801402229941,48,late
48910,110,0,0.40922589510849694,0.4000804837456389,48,late
48911,111,0,0.32791673614695216,0.3908271545396559,48,late
48912,112,0,0.3786834718525352,0.3518697955375927,48,late
48913,113,0,0.4548230757845909,0.34414140174460556,48,late
48914,114,0,0.4455458040055987,0.34737859248395864,48,late
48915,115,0,0.3373190848197152,0.4107983786751587,48,late
48916,116,0,0.591777787823815,0.4711683675427736,48,late
48917,117,0,0.5924576502955372,0.46055480851530417,48,late
48918,118,0,0.2764047017327319,0.5136592007005365,48,late
48919,119,0,0.4015913670859442,0.5984498348993612,48,late
48920,120,0,0.20296405928529626,0.44122336248663385,48,late
48921,121,0,0.300156549375066,0.5039700804823388,48,late
48922,122,0,0.6464615682716215,0.36310722894801006,48,late
48923,123,0,0.6958839940308805,0.5532511902226765,48,late
48924,124,0,0.6959055037379058,0.379653550630492,48,late
48925,125,0,0.5749320160428861,0.6444030598558792,48,late
48926,126,0,0.5738302379842195,0.3878727705651842,48,late
48927,127,0,0.8664215208188168,0.5416124250222417,48,late
48928,128,0,0.8083879496757109,0.32768688489341774,48,late
48929,129,0,0.329036580059624,0.43582165082014246,48,late
48930,130,0,0.23031413061468786,0.3881595199413006,48,late
48931,131,0,0.701239083081558,0.35095564839552085,48,late
48932,132,0,0.22111802314210757,0.6306115390354019,48,late
48933,133,0,0.2857757353783223,0.4796828893694711,48,late
48934,134,0,0.7324800010333836,0.6450329680516593,48,late
48935,135,0,0.34180566837394977,0.40330052732126476,48,late
48936,136,0,0.17919421000340968,0.514932622472088,48,late
48937,137,0,0.7563234495169373,0.43710459465610896,48,late
48938,138,0,0.7169654312978062,0.42186456696515806,48,late
48939,139,0,0.1312740526102179,0.4886038765007928,48,late
48940,140,0,0.6902741867071076,0.38054590967946517,48,late
48941,141,0,0.5831987401325899,0.4036402536082566,48,late
48942,142,0,0.5011931089609052,0.3639370868284988,48,late
48943,143,0,0.7758809409326137,0.3965199946819184,48,late
48944,144,0,0.5482856498143666,0.3310317255820413,48,late
48945,145,0,0.758268406648174,0.38529660875390703,48,late
48946,146,0,0.7794978585762029,0.4505113992760429,48,late
48947,147,0,0.5217831120476517,0.41129749199165977,48,late
48948,148,0,0.2102582923728304,0.349425739785291,48,late
48949,149,0,0.3798046500974385,0.3406077168120212,48,late
48950,150,0,0.43514553249661764,0.41846015126128855,48,late
48951,151,0,0.643190962316664,0.5003101353942984,48,late
48952,152,0,0.7514598023613643,0.4321766263993371,48,late
48953,153,0,0.598977538489805,0.5145994766258641,48,late
48954,154,0,0.8325514996844785,0.5602172138778975,48,late
48955,155,0,0.8412278455420998,0.4287964251852077,48,late
48956,156,0,0.76497421576822,0.5976382892472893,48,late
48957,157,0,0.7772240071067632,0.4475111275772644,48,late
48958,158,0,0.8254343285472078,0.42974108755045315,48,late
48959,159,0,0.3304210258257155,0.5391923952353906,48,late
48960,160,0,0.3006663009071764,0.32820283766047986,48,late
48961,161,0,0.8008218841475419,0.6756363657056204,48,late
48962,162,0,0.48520277424696,0.46121763547212746,48,late
48963,163,0,0.33022581637345105,0.4417371839795281,48,late
48964,164,0,0.39645237787880716,0.3214351377679151,48,late
48965,165,0,0.36000760975466545,0.4232249611600907,48,late
48966,166,0,0.37990549192385004,0.620884063532208,48,late
48967,167,0,0.3951911349370548,0.46424650268897355,48,late
48968,168,0,0.6988157340949146,0.44433491885584,48,late
48969,169,0,0.39530152695071086,0.4190923933345328,48,late
48970,170,0,0.25045638018779987,0.4040503957216923,48,late
48971,171,0,0.387609212207174,0.3445176096698821,48,late
48972,172,0,0.6330514397082145,0.46768338238807317,48,late
48973,173,0,0.5754589542277875,0.460151161684819,48,late
48974,174,0,0.439056735558446,0.41336573422898526,48,late
48975,175,0,0.6724515899132215,0.3914765074700748,48,late
48976,176,0,0.6677275812789965,0.34737226128144716,48,late
48977,177,0,0.28819638358693905,0.4231086801515759,48,late
48978,178,0,0.42186940472819123,0.4100738080000137,48,late
48979,179,0,0.5020414841333747,0.4468469759697569,48,late
48980,180,0,0.4846485625265419,0.47964074521762384,48,late
48981,181,0,0.18289634242709346,0.5818471513966263,48,late
48982,182,0,0.3528923576714113,0.40011600968168015,48,late
48983,183,0,0.4663685246009334,0.5673937035592834,48,late
48984,184,0,0.6616845376922024,0.45194871212518195,48,late
48985,185,0,0.295370892828743,0.35940195339121483,48,late
48986,186,0,0.5168895245357086,0.4119094758613726,48,late
48987,187,0,0.566087592192032,0.5060619063982639,48,late
48988,188,0,0.8418544437773372,0.48531709839673354,48,late
48989,189,0,0.3725096115304502,0.34364573201929594,48,late
48990,190,0,0.5523764593662945,0.3676342787250436,48,late
48991,191,0,0.4294014604396397,0.5756123179853675,48,late
48992,192,0,0.68864415055119,0.46545787844768577,48,late
48993,193,0,0.3563264872335108,0.5811026742836768,48,late
48994,194,0,0.648281065344976,0.40933498445213606,48,late
48995,195,0,0.5863226627821643,0.5401654719853767,48,late
48996,196,0,0.7546138956998155,0.3836579879859854,48,late
48997,197,0,0.18294178255094884,0.36145888268040705,48,late
48998,198,0,0.5450770291734329,0.3353946954681478,48,late
48999,199,0,0.5155180484797451,0.38715283895669145,48,late
49000,0,0,0.0028029422281969645,1.049354881810061,49,interleaved
49001,1,1,0.49948037840202525,0.7566005618156988,49,interleaved
49002,2,2,7.900112407739731e-06,1.255428095631701,49,interleaved
49003,3,3,0.5006138762343517,1.226735199317738,49,interleaved
49004,4,4,0.10469713373175948,1.3804950378974161,49,interleaved
49005,5,5,0.5162123933716368,1.048475919838576,49,interleaved
49006,6,6,0.9999792759861665,1.0746263845032202,49,interleaved
49007,7,7,0.5008279322579939,0.7256283519300107,49,interleaved
49008,8,8,6.9585930132331e-05,1.1447974805756171,49,interleaved
49009,9,9,0.4983796268741685,0.7908561071497447,49,interleaved
49010,10,10,0.0013202422017545242,0.8853781388713418,49,interleaved
49011,11,11,0.5018254584680804,1.4393341392399917,49,interleaved
49012,12,12,0.37633984955706296,1.068198271533807,49,interleaved
49013,13,13,0.48859810409151117,1.5072281287425096,49,interleaved
49014,14,14,0.9697312743533102,1.065665389400873,49,interleaved
49015,15,0,0.5019408550381168,0.604282635254016,49,interleaved
49016,16,0,0.9935754484516526,0.7776270855920006,49,interleaved
49017,17,15,0.47344940873429964,0.7362881509836021,49,interleaved
49018,18,0,0.006292560060925034,0.575050225490634,49,interleaved
49019,19,0,0.4990195066634047,0.7220583886727092,49,interleaved
49020,20,15,0.5113701607318515,0.6847935038398794,49,interleaved
49021,21,16,0.9054825586636667,1.0804959762782873,49,interleaved
49022,22,17,0.003904334153668707,1.0723331718974751,49,interleaved
49023,23,18,0.21278642210408272,1.013619850877319,49,interleaved
49024,24,18,0.43352939728522494,0.8391297954143091,49,interleaved
49025,25,0,0.501294914423023,0.6301463473253098,49,interleaved
49026,26,0,0.9855295354581243,0.6322662838086155,49,interleaved
49027,27,0,0.5169156801343726,0.7290217853624794,49,interleaved
49028,28,0,0.9903429768713432,0.5774307785192176,49,interleaved
49029,29,19,0.4941088076719388,1.3934683496965485,49,interleaved
49030,30,20,0.9382356183975573,1.0838032638674484,49,interleaved
49031,31,0,0.5368155355062829,0.6256678253665938,49,interleaved
49032,32,0,0.002730203783657949,0.6736071703086839,49,interleaved
49033,33,0,0.49776718533909053,0.6500414845849443,49,interleaved
49034,34,15,0.6072294515979044,0.6574634326645712,49,interleaved
49035,35,0,0.4905057729361824,0.5966593183069953,49,interleaved
49036,36,0,0.008069663730990106,0.684830766015846,49,interleaved
49037,37,18,0.5001474072927027,0.699560445112281,49,interleaved
49038,38,0,0.982148591516927,0.6577399431598984,49,interleaved
49039,39,0,0.4900182770473899,0.5090012358904137,49,interleaved
49040,40,0,0.9894805920582154,0.5109651285593005,49,interleaved
49041,41,0,0.49986175690303186,0.5011486434963248,49,interleaved
49042,42,0,0.07005678522585088,0.5732459616667512,49,interleaved
49043,43,0,0.49952232682415343,0.5023938033969824,49,interleaved
49044,44,0,0.06763396838292857,0.7125772352497397,49,interleaved
49045,45,0,0.5048009276773083,0.5893417433271456,49,interleaved
49046,46,0,0.8563550898206507,0.4274735070553923,49,interleaved
49047,47,0,0.5084930604439608,0.3217203302165381,49,interleaved
49048,48,0,0.943952803309311,0.5291273655864551,49,interleaved
49049,49,0,0.48575657867725475,0.41965155559756306,49,interleaved
49050,50,0,0.04820073112474038,0.6250209395915876,49,interleaved
49051,51,0,0.5226720199579948,0.4489327939586368,49,interleaved
49052,52,0,0.11265822297940761,0.5462511946816361,49,interleaved
49053,53,0,0.6230838298405519,0.47630971042621145,49,interleaved
49054,54,0,0.8906422555548557,0.673718842347613,49,interleaved
49055,55,0,0.5897190584581506,0.4208873450296596,49,interleaved
49056,56,0,0.78409616612586,0.39946043016095767,49,interleaved
49057,57,0,0.5693999805733593,0.4382398612014008,49,interleaved
49058,58,0,0.12548810288587464,0.4177328569995066,49,interleaved
49059,59,0,0.47130014008854004,0.53303082885073,49,interleaved
49060,60,0,0.18626808145371582,0.4632707445429446,49,interleaved
49061,61,0,0.5502696634356112,0.42001521996737706,49,interleaved
49062,62,0,0.6082908753295699,0.32451362141396417,49,interleaved
49063,63,0,0.3570407565155307,0.38429600020672183,49,interleaved
49064,64,0,0.1864841533210954,0.36994686350638295,49,interleaved
49065,65,0,0.4532528370978953,0.5344382437146584,49,interleaved
49066,66,0,0.8280429501801403,0.39834615947736873,49,interleaved
49067,67,0,0.565737272427473,0.2932047422904232,49,interleaved
49068,68,0,0.9551257736288689,0.36561865970164825,49,interleaved
49069,69,0,0.6048724835872397,0.43720985103359666,49,interleaved
49070,70,0,0.11598530908762646,0.36242045668425193,49,interleaved
49071,71,0,0.5567764500995837,0.4354199525307282,49,interleaved
49072,72,0,0.21509151156512984,0.427286386248137,49,interleaved
49073,73,0,0.3896429005055433,0.5316261283023638,49,interleaved
49074,74,0,0.5227587199181721,0.5093082512371838,49,interleaved
49075,75,0,0.3221925613731855,0.3932740380837306,49,interleaved
49076,76,0,0.5626494033499677,0.44381659367952125,49,interleaved
49077,77,0,0.27985844996023457,0.3782454811432334,49,interleaved
49078,78,0,0.4539932853154358,0.555144740072608,49,interleaved
49079,79,0,0.4398664951184323,0.4646604401393527,49,interleaved
49080,80,0,0.47200755674146877,0.39190122621191226,49,interleaved
49081,81,0,0.6707339488850361,0.3859049210589479,49,interleaved
49082,82,0,0.4946960087029991,0.3774387450254725,49,interleaved
49083,83,0,0.3767310961516912,0.5520845935132115,49,interleaved
49084,84,0,0.784803118645991,0.5212616328115252,49,interleaved
49085,85,0,0.6120823586648998,0.3153526165930509,49,interleaved
49086,86,0,0.565393388943034,0.3816201508329904,49,interleaved
49087,87,0,0.5221590408731305,0.5433740914495526,49,interleaved
49088,88,0,0.08157981946172202,0.5349253318133018,49,interleaved
49089,89,0,0.609365095382604,0.3412258767797848,49,interleaved
49090,90,0,0.4769000403112105,0.3582381616905279,49,interleaved
49091,91,0,0.44109049502571673,0.3586178317786691,49,interleaved
49092,92,0,0.8927271037982374,0.3120745426442246,49,interleaved
49093,93,0,0.62312735620712,0.4912935236677052,49,interleaved
49094,94,0,0.7365607600183709,0.5467451385325811,49,interleaved
49095,95,0,0.3774478968270255,0.3713642797863455,49,interleaved
49096,96,0,0.1511686464492852,0.500546568068706,49,interleaved
49097,97,0,0.42568824876666234,0.4142501559030357,49,interleaved
49098,98,0,0.6351083173902455,0.517578995094385,49,interleaved
49099,99,0,0.571127194186422,0.3727936493657372,49,interleaved
49100,100,0,0.1330272836129315,0.4149077313670342,49,interleaved
49101,101,0,0.5260051810413557,0.30512197035123867,49,interleaved
49102,102,0,0.28964245284543416,0.35962524976165366,49,interleaved
49103,103,0,0.5645014396786173,0.3735616499525696,49,interleaved
49104,104,0,0.4250110429622163,0.4741333345857798,49,interleaved
49105,105,0,0.5071481444775502,0.47589380511369994,49,interleaved
49106,106,0,0.24746153528595594,0.553402224950754,49,interleaved
49107,107,0,0.4009948003811973,0.41003002306060193,49,interleaved
49108,108,0,0.34695465712370394,0.5705391536505552,49,interleaved
49109,109,0,0.42067985762975146,0.37316416496504035,49,interleaved
49110,110,0,0.34282121681190225,0.36739920843899093,49,interleaved
49111,111,0,0.5860132703478013,0.4534328281418818,49,interleaved
49112,112,0,0.31286387953433453,0.3905568562899785,49,interleaved
49113,113,0,0.36718864875475177,0.5355844487927743,49,interleaved
49114,114,0,0.8808956399535219,0.4257175497754059,49,interleaved
49115,115,0,0.422184249207723,0.41384551559572835,49,interleaved
49116,116,0,0.4836706393628969,0.516646277369676,49,interleaved
49117,117,0,0.4714466120280898,0.3254451165354154,49,interleaved
49118,118,0,0.8723928466649689,0.3705749184264127,49,interleaved
49119,119,0,0.536037462373773,0.4058625307216023,49,interleaved
49120,120,0,0.6506040714683455,0.5175774332777293,49,interleaved
49121,121,0,0.46756997486041396,0.48125610818517456,49,interleaved
49122,122,0,0.9061256324663264,0.4793534530782875,49,interleaved
49123,123,0,0.49762190748537194,0.47488884953661814,49,interleaved
49124,124,0,0.4647152537003828,0.6867355328887839,49,interleaved
49125,125,0,0.47316612916054634,0.4009491670667309,49,interleaved
49126,126,0,0.8756096266062826,0.39805862031926,49,interleaved
49127,127,0,0.45696325245615965,0.3385505078534088,49,interleaved
49128,128,0,0.14697610356151583,0.38076351245480056,49,interleaved
49129,129,0,0.6394183877604722,0.3747012110648225,49,interleaved
49130,130,0,0.43942669468235473,0.47802800063284345,49,interleaved
49131,131,0,0.5326563310925211,0.4226852027299005,49,interleaved
49132,132,0,0.6434761476207019,0.5064333266979555,49,interleaved
49133,133,0,0.43416714154146685,0.45744615388580245,49,interleaved
49134,134,0,0.637150872000723,0.5989744566571829,49,interleaved
49135,135,0,0.46039344982494357,0.3111069817950301,49,interleaved
49136,136,0,0.3027008681508272,0.5279766222627618,49,interleaved
49137,137,0,0.5310941610534938,0.2970725599959516,49,interleaved
49138,138,0,0.41071799571906376,0.2637112550987346,49,interleaved
49139,139,0,0.49115803206361586,0.3857099137869403,49,interleaved
49140,140,0,0.5115871605127876,0.5001097807232251,49,interleaved
49141,141,0,0.5825537270237431,0.23957093032816557,49,interleaved
49142,142,0,0.3679581317031764,0.5606032321887369,49,interleaved
49143,143,0,0.6012659012299625,0.3524468134676131,49,interleaved
49144,144,0,0.4201598301771765,0.3063360616069919,49,interleaved
49145,145,0,0.6489270127855252,0.3476772335235705,49,interleaved
49146,146,0,0.6710004244464657,0.4306915560016673,49,interleaved
49147,147,0,0.4348517067104542,0.3471158779723649,49,interleaved
49148,148,0,0.7638828145508332,0.37289268742981935,49,interleaved
49149,149,0,0.584603121725968,0.4490883713224607,49,interleaved
49150,150,0,0.8289911055634585,0.40074672480569284,49,interleaved
49151,151,0,0.7545923428867207,0.3485826616605229,49,interleaved
49152,152,0,0.31796447672375194,0.44487015619426196,49,interleaved
49153,153,0,0.436321598495951,0.47166996155005153,49,interleaved
49154,154,0,0.4963925223998331,0.384401122874325,49,interleaved
49155,155,0,0.6217835526131312,0.3506842809211623,49,interleaved
49156,156,0,0.7529787526114171,0.557307902832501,49,interleaved
49157,157,0,0.5117197395853877,0.48259767815937593,49,interleaved
49158,158,0,0.4044642144116819,0.37902955016402406,49,interleaved
49159,159,0,0.5784346686391914,0.3679751734304455,49,interleaved
49160,160,0,0.5508083057107418,0.32313752882136026,49,interleaved
49161,161,0,0.6592443116524058,0.4510398308045163,49,interleaved
49162,162,0,0.4211137564385619,0.5192820403132082,49,interleaved
49163,163,0,0.3988292852350261,0.3915663095546835,49,interleaved
49164,164,0,0.36513691322205405,0.45355399749278735,49,interleaved
49165,165,0,0.4185607679235071,0.35115422106952265,49,interleaved
49166,166,0,0.37895707434859616,0.6089395288642802,49,interleaved
49167,167,0,0.6040317414527624,0.4360880417389815,49,interleaved
49168,168,0,0.6857601369179919,0.4368046383095062,49,interleaved
49169,169,0,0.39135516004591275,0.37463632553056214,49,interleaved
49170,170,0,0.3595768585144634,0.36133688056839897,49,interleaved
49171,171,0,0.2729773417995363,0.29670842644582285,49,interleaved
49172,172,0,0.47862583104397477,0.6296226010183921,49,interleaved
49173,173,0,0.6492224489497564,0.5450446508396725,49,interleaved
49174,174,0,0.5140718080706744,0.22347001839212782,49,interleaved
49175,175,0,0.5326696730170616,0.32015682786645283,49,interleaved
49176,176,0,0.4345593184002272,0.3986722801556355,49,interleaved
49177,177,0,0.6260189270582324,0.4153697244613427,49,interleaved
49178,178,0,0.5736524909081886,0.4148880897326495,49,interleaved
49179,179,0,0.6763526708127006,0.33186234918665136,49,interleaved
49180,180,0,0.3191249126257189,0.5581345808596037,49,interleaved
49181,181,0,0.6218026775068416,0.3458144314196806,49,interleaved
49182,182,0,0.5957700111124852,0.39732367035760024,49,interleaved
49183,183,0,0.4117774129190408,0.35373109781601164,49,interleaved
49184,184,0,0.43578840343546443,0.4542620888384823,49,interleaved
49185,185,0,0.3202466586458848,0.3749588346374719,49,interleaved
49186,186,0,0.3784866166237272,0.3887711975021969,49,interleaved
49187,187,0,0.4226733239494323,0.46722817970722863,49,interleaved
49188,188,0,0.7154626350251885,0.49741739223393683,49,interleaved
49189,189,0,0.4191691163457718,0.35819977389899366,49,interleaved
49190,190,0,0.3308350730453513,0.47625900763088297,49,interleaved
49191,191,0,0.497641075960657,0.49912831370851074,49,interleaved
49192,192,0,0.3840836534467621,0.4461543030439925,49,interleaved
49193,193,0,0.6454570671458254,0.3775432466195544,49,interleaved
49194,194,0,0.3910774686725528,0.4432481366924061,49,interleaved
49195,195,0,0.3305852172403296,0.3612027549143294,49,interleaved
49196,196,0,0.2610119351048985,0.49319419878153203,49,interleaved
49197,197,0,0.48835835969735486,0.3376532242979782,49,interleaved
49198,198,0,0.34920354153344535,0.30216099041886724,49,interleaved
49199,199,0,0.45950627237246844,0.3560478010095167,49,interleaved
49200,0,0,0.4040332481553602,0.7612636613849934,49,blocked
49201,1,0,0.4353004468483456,0.9710073553729439,49,blocked
49202,2,1,0.4731583877604029,0.9884427592510341,49,blocked
49203,3,2,0.1804963050895535,0.7265919065147068,49,blocked
49204,4,0,0.43203005350234996,0.7215771266450977,49,blocked
49205,5,0,0.5157272086029387,0.846110787049196,49,blocked
49206,6,0,0.4765587280444295,0.8128667834070149,49,blocked
49207,7,0,0.45198547499793595,0.7844308407765168,49,blocked
49208,8,0,0.5793118182411164,0.6132786518774787,49,blocked
49209,9,0,0.5670578078651917,0.9003164533904704,49,blocked
49210,10,0,0.5376587492750444,0.6543136011584452,49,blocked
49211,11,0,0.5341855009441732,0.7764758640979553,49,blocked
49212,12,0,0.6338717608421266,0.5623312063158754,49,blocked
49213,13,0,0.671775196500205,0.6132978407822907,49,blocked
49214,14,0,0.3591275252843665,0.5353235931669358,49,blocked
49215,15,0,0.33939400161280786,0.5679929077246813,49,blocked
49216,16,0,0.4447297898859211,0.8122635585163489,49,blocked
49217,17,0,0.5526937832553013,0.6419145375844553,49,blocked
49218,18,0,0.2853534691427358,0.7525329276527217,49,blocked
49219,19,0,0.6375072649872054,0.634445613781502,49,blocked
49220,20,0,0.5225951959063768,0.6586318658555483,49,blocked
49221,21,0,0.6087415630653307,0.46820510536710785,49,blocked
49222,22,0,0.39889920051156846,0.6192006378789157,49,blocked
49223,23,0,0.5649764213644806,0.6455329565402506,49,blocked
49224,24,0,0.5948226482778706,0.5145966183082464,49,blocked
49225,25,0,0.37556778099539734,0.678220472306444,49,blocked
49226,26,0,0.3721321073956531,0.563608826246967,49,blocked
49227,27,0,0.716853561663862,0.47690194766690625,49,blocked
49228,28,0,0.3244455224349926,0.5365546757902486,49,blocked
49229,29,0,0.25842114645712594,0.638071044509125,49,blocked
49230,30,0,0.3209851994126799,0.5802020951815243,49,blocked
49231,31,0,0.35417234221818206,0.4675876036751054,49,blocked
49232,32,0,0.3958281810658329,0.6949281456304524,49,blocked
49233,33,0,0.39713126728715453,0.5289430215374182,49,blocked
49234,34,0,0.6523107808115117,0.5909925687874156,49,blocked
49235,35,0,0.6462408366145271,0.517648741253707,49,blocked
49236,36,0,0.7230300408073126,0.4509221151304207,49,blocked
49237,37,0,0.6561078827899405,0.3487467485989631,49,blocked
49238,38,0,0.42033752337555985,0.7101497879297216,49,blocked
49239,39,0,0.26122793616430773,0.612706550501676,49,blocked
49240,40,0,0.7187804273570377,0.5939171961471779,49,blocked
49241,41,0,0.811251826791358,0.46674266432751066,49,blocked
49242,42,0,0.8473524682998507,0.5297688203632925,49,blocked
49243,43,0,0.820412307615299,0.4536529445759684,49,blocked
49244,44,0,0.8461548901393061,0.567398940519291,49,blocked
49245,45,0,0.3001266143358621,0.4288639930314395,49,blocked
49246,46,0,0.15507870143290078,0.6231863890310794,49,blocked
49247,47,0,0.7343074000958666,0.5248476426401847,49,blocked
49248,48,0,0.8105957864190674,0.5036184536758246,49,blocked
49249,49,0,0.1886240312395409,0.7086434752764066,49,blocked
49250,50,0,0.7921816334362106,0.5726048095597402,49,blocked
49251,51,0,0.28921044481861213,0.7087916404674756,49,blocked
49252,52,0,0.1905739335409912,0.5181772105446901,49,blocked
49253,53,0,0.8236802089903332,0.4802180650388056,49,blocked
49254,54,0,0.20725498562208403,0.5422838616009826,49,blocked
49255,55,0,0.23341654395253356,0.442947360693713,49,blocked
49256,56,0,0.1777486331919317,0.4623885593634305,49,blocked
49257,57,0,0.856580404183572,0.5489342639727607,49,blocked
49258,58,0,0.7999604817934549,0.4390123686239427,49,blocked
49259,59,0,0.2154436061821713,0.5513041242941008,49,blocked
49260,60,0,0.8290617782741547,0.3568262889420273,49,blocked
49261,61,0,0.24030130824214663,0.5596529406494233,49,blocked
49262,62,0,0.7331420565603608,0.4836841741751103,49,blocked
49263,63,0,0.7386831625997055,0.40140858169034166,49,blocked
49264,64,0,0.3046058772357492,0.5842533957593226,49,blocked
49265,65,0,0.2891062302648491,0.45925937548644347,49,blocked
49266,66,0,0.772198291676639,0.449185315902493,49,blocked
49267,67,0,0.8235827043089,0.49644455348539096,49,blocked
49268,68,0,0.7617766377512447,0.5931703758865916,49,blocked
49269,69,0,0.27467520482918056,0.5887354977126034,49,blocked
49270,70,0,0.7266553721551714,0.5018763424449668,49,blocked
49271,71,0,0.3428848297725152,0.33107957304019275,49,blocked
49272,72,0,0.42636214929369104,0.6367152880007263,49,blocked
49273,73,0,0.3899506726395269,0.5078005663877365,49,blocked
49274,74,0,0.7359347714889013,0.4252824512547527,49,blocked
49275,75,0,0.6904536693077995,0.5229573791407025,49,blocked
49276,76,0,0.6200448524119568,0.5679014584338993,49,blocked
49277,77,0,0.6456003906517538,0.5681729035232482,49,blocked
49278,78,0,0.6569749486387655,0.43122542353931975,49,blocked
49279,79,0,0.7702659822502256,0.515065396227032,49,blocked
49280,80,0,0.7261891708841361,0.4252364295338257,49,blocked
49281,81,0,0.6713434070912945,0.38680505758724637,49,blocked
49282,82,0,0.669945560642693,0.4097627755723901,49,blocked
49283,83,0,0.6957445258777966,0.5134476080623539,49,blocked
49284,84,0,0.8082122642225027,0.30002909558441043,49,blocked
49285,85,0,0.19386231932823703,0.5735799215122115,49,blocked
49286,86,0,0.8104742217620607,0.31493062650801756,49,blocked
49287,87,0,0.18042710264561598,0.5345730021826847,49,blocked
49288,88,0,0.17735595351278127,0.5963367224211379,49,blocked
49289,89,0,0.7477401701555402,0.45295292772274526,49,blocked
49290,90,0,0.6861954504015536,0.3683716993124541,49,blocked
49291,91,0,0.8170112646754577,0.4972399210174634,49,blocked
49292,92,0,0.2470916518891797,0.5997833803099735,49,blocked
49293,93,0,0.29298437325252563,0.5409302734959649,49,blocked
49294,94,0,0.1580541778358795,0.46147589752702867,49,blocked
49295,95,0,0.76105549612064,0.3937253572483081,49,blocked
49296,96,0,0.7461642946274756,0.32719197826904545,49,blocked
49297,97,0,0.21289735826778877,0.5486898323560652,49,blocked
49298,98,0,0.7061581092542772,0.3760394063409975,49,blocked
49299,99,0,0.7808483528190191,0.33130245520368506,49,blocked
49300,100,0,0.7137761567128895,0.40625599068453044,49,blocked
49301,101,0,0.5820785183778382,0.4276900655706095,49,blocked
49302,102,0,0.2943729761710822,0.4210957705699805,49,blocked
49303,103,0,0.15750556252553388,0.4018142726375511,49,blocked
49304,104,0,0.2974579186658671,0.45542646820597066,49,blocked
49305,105,0,0.23561448147141295,0.6023515839591815,49,blocked
49306,106,0,0.7228428644745972,0.49202244057690314,49,blocked
49307,107,0,0.6994347730077728,0.3702604039387092,49,blocked
49308,108,0,0.2640968530645829,0.523937996595532,49,blocked
49309,109,0,0.21672448476289005,0.4120626860260215,49,blocked
49310,110,0,0.2630927872015625,0.5949106087337317,49,blocked
49311,111,0,0.5998838720828497,0.47291745950220354,49,blocked
49312,112,0,0.5866321725146144,0.3760947281210306,49,blocked
49313,113,0,0.3000103493232558,0.4389907003438339,49,blocked
49314,114,0,0.24876698808864994,0.5086503514392385,49,blocked
49315,115,0,0.7018480115153638,0.44999177190443457,49,blocked
49316,116,0,0.2692719680568393,0.5129620275664074,49,blocked
49317,117,0,0.6841328639491506,0.40577362948384993,49,blocked
49318,118,0,0.7034534501046306,0.40302522291274756,49,blocked
49319,119,0,0.7612175618359357,0.45139456097608854,49,blocked
49320,120,0,0.20892886363922808,0.5166544022711292,49,blocked
49321,121,0,0.3373251654124118,0.31382825820251975,49,blocked
49322,122,0,0.2606676714280783,0.5614810809534019,49,blocked
49323,123,0,0.5130854940301913,0.6034339350718164,49,blocked
49324,124,0,0.6604670413864054,0.3963543405966394,49,blocked
49325,125,0,0.5376251169014314,0.5267582270263598,49,blocked
49326,126,0,0.29654669202157546,0.49040489790275366,49,blocked
49327,127,0,0.6814561149735401,0.43308332283423956,49,blocked
49328,128,0,0.3177737203126302,0.42413623654850596,49,blocked
49329,129,0,0.7070238893667927,0.42638848328891266,49,blocked
49330,130,0,0.3560997284061719,0.575718082904185,49,blocked
49331,131,0,0.4493782521346317,0.4640491448936662,49,blocked
49332,132,0,0.4884109916760011,0.47878737881732825,49,blocked
49333,133,0,0.7042730880245461,0.39519827590249046,49,blocked
49334,134,0,0.2517499101987884,0.693361471453703,49,blocked
49335,135,0,0.4833406247926375,0.3838405137101464,49,blocked
49336,136,0,0.4389587616622504,0.4910246166452992,49,blocked
49337,137,0,0.44975031513313957,0.4799447253085952,49,blocked
49338,138,0,0.6398618833133349,0.5086916904665744,49,blocked
49339,139,0,0.5518071626356403,0.3967846982067489,49,blocked
49340,140,0,0.5225897102275606,0.38750673868588204,49,blocked
49341,141,0,0.4396836593818409,0.38658438387788746,49,blocked
49342,142,0,0.4493862409297386,0.4257769153503801,49,blocked
49343,143,0,0.6840722482005861,0.5155164367336159,49,blocked
49344,144,0,0.5080824284044825,0.5395674287179664,49,blocked
49345,145,0,0.5365728332871788,0.4649822148867665,49,blocked
49346,146,0,0.4538034622994428,0.28114460844861916,49,blocked
49347,147,0,0.4496856248215807,0.4468247477334829,49,blocked
49348,148,0,0.5622327457588037,0.48034346246430054,49,blocked
49349,149,0,0.6434175792648207,0.514559525573598,49,blocked
49350,150,0,0.5028190729221699,0.42780333700097084,49,blocked
49351,151,0,0.6025920725224312,0.4493931246565548,49,blocked
49352,152,0,0.5098725181974766,0.4592338267882234,49,blocked
49353,153,0,0.3544881255272056,0.3530795884192283,49,blocked
49354,154,0,0.27852124176807014,0.43271361236050954,49,blocked
49355,155,0,0.5592098814927625,0.4519336593739107,49,blocked
49356,156,0,0.5212234122966631,0.35179048412489383,49,blocked
49357,157,0,0.5138466633414704,0.48681117208495617,49,blocked
49358,158,0,0.5053400157677118,0.44009262870661237,49,blocked
49359,159,0,0.4253142236521247,0.4263398300605973,49,blocked
49360,160,0,0.45722617502717444,0.38343367062169786,49,blocked
49361,161,0,0.5471926617615033,0.4674359548057068,49,blocked
49362,162,0,0.16432824995561374,0.47116282406311305,49,blocked
49363,163,0,0.5260077721189254,0.48320619944052956,49,blocked
49364,164,0,0.4998380646463956,0.5195555065123163,49,blocked
49365,165,0,0.5132677629573509,0.49699888067378367,49,blocked
49366,166,0,0.2464714850616947,0.458103656198494,49,blocked
49367,167,0,0.6490776195742084,0.4518321224007025,49,blocked
49368,168,0,0.18419131734092872,0.4023035429386205,49,blocked
49369,169,0,0.5726231660892617,0.5305597377504243,49,blocked
49370,170,0,0.44875900511761696,0.5493343927138332,49,blocked
49371,171,0,0.4891232388598555,0.4561587937803955,49,blocked
49372,172,0,0.7732250251894497,0.3953666498361398,49,blocked
49373,173,0,0.5523814759870129,0.37022435965399714,49,blocked
49374,174,0,0.647122270854625,0.43602164932794796,49,blocked
49375,175,0,0.7586194838201026,0.434743210484161,49,blocked
49376,176,0,0.2668925225650765,0.4130877004692846,49,blocked
49377,177,0,0.3918601989087984,0.46603574863455816,49,blocked
49378,178,0,0.6884881689943777,0.36802741084246526,49,blocked
49379,179,0,0.6651755977612414,0.40534184126462813,49,blocked
49380,180,0,0.5735387492009633,0.4354791086230955,49,blocked
49381,181,0,0.3055981954901078,0.3993088141286484,49,blocked
49382,182,0,0.43657387322329627,0.5490171621056519,49,blocked
49383,183,0,0.2888737058867072,0.3738184325059899,49,blocked
49384,184,0,0.7094455809037625,0.40988029330495823,49,blocked
49385,185,0,0.3522048654150225,0.5016322926455545,49,blocked
49386,186,0,0.2562783340154571,0.500580623758635,49,blocked
49387,187,0,0.5106743952020847,0.5611727695867703,49,blocked
49388,188,0,0.3394278928968558,0.4030931167986752,49,blocked
49389,189,0,0.7151036174403771,0.4525400779016029,49,blocked
49390,190,0,0.6957881042910712,0.38006108627113383,49,blocked
49391,191,0,0.5754589877318191,0.3371432817882261,49,blocked
49392,192,0,0.6916655214366757,0.511812246127232,49,blocked
49393,193,0,0.6723088598882024,0.37645282466370283,49,blocked
49394,194,0,0.6847989477502859,0.42066734985517495,49,blocked
49395,195,0,0.41636682600437425,0.4411645735084269,49,blocked
49396,196,0,0.28688530955395297,0.39769563967432076,49,blocked
49397,197,0,0.43012663561100917,0.5073525537209566,49,blocked
49398,198,0,0.4382519225651488,0.5036035098893654,49,blocked
49399,199,0,0.6059643003092815,0.32586785006393326,49,blocked
49400,0,0,0.230611801138944,0.7116883928147189,49,early
49401,1,1,0.09194468897015776,1.2171341954691752,49,early
49402,2,0,0.7984770358844477,0.6202069111852233,49,early
49403,3,0,0.1659444438934669,0.6030629285398376,49,early
49404,4,0,0.8424405323986954,0.45957619018940904,49,early
49405,5,0,0.2128937011375333,0.5015261233047779,49,early
49406,6,0,0.8199680758843196,0.551407093746812,49,early
49407,7,0,0.2208590815087325,0.6393716508784717,49,early
49408,8,0,0.8476805796351746,0.5353685751688106,49,early
49409,9,0,0.09093523296248722,0.5575370438790515,49,early
49410,10,0,0.6985929131232835,0.6409845520085619,49,early
49411,11,0,0.8187641957189113,0.5855421036880688,49,early
49412,12,0,0.8270687268035605,0.5137945009097902,49,early
49413,13,0,0.15977955578936093,0.6564621103294689,49,early
49414,14,0,0.1803596502479694,0.6309750142908834,49,early
49415,15,0,0.7950004967172475,0.46897177420933883,49,early
49416,16,0,0.842228944733814,0.3471108419610878,49,early
49417,17,0,0.27629175750330115,0.5798571189278641,49,early
49418,18,0,0.15000747894776265,0.4235954943725012,49,early
49419,19,0,0.4577114324898635,0.5797470493464565,49,early
49420,20,0,0.7364632839664689,0.5094848022593383,49,early
49421,21,0,0.8543494990155978,0.5098304008005423,49,early
49422,22,0,0.28513359309614483,0.3983951925838356,49,early
49423,23,0,0.19212323392130495,0.49147323326768516,49,early
49424,24,0,0.2668951302123966,0.4750176768071458,49,early
49425,25,0,0.8629079499751062,0.333514571312988,49,early
49426,26,0,0.5925847638371335,0.4489075397190677,49,early
49427,27,0,0.8632490608010658,0.4582439807088191,49,early
49428,28,0,0.7853425815548634,0.44044071135146723,49,early
49429,29,0,0.19994651857169077,0.45050956330809055,49,early
49430,30,0,0.2122584569693231,0.6213934278098082,49,early
49431,31,0,0.7110032072817496,0.4181630531946766,49,early
49432,32,0,0.21685532975636462,0.4176398661376689,49,early
49433,33,0,0.25937321917510753,0.4489227851084825,49,early
49434,34,0,0.6082375754666327,0.5115774477747981,49,early
49435,35,0,0.30857742521804976,0.4289273094051529,49,early
49436,36,0,0.8687168921123125,0.452142895459547,49,early
49437,37,0,0.6735952285976565,0.48219969513214195,49,early
49438,38,0,0.43430516355517235,0.4873941422785194,49,early
49439,39,0,0.7210126541576394,0.5884992124329991,49,early
49440,40,0,0.7960565836628977,0.45424181184010076,49,early
49441,41,0,0.6460229040320008,0.6478271911612252,49,early
49442,42,0,0.6710672167065019,0.3789870845964623,49,early
49443,43,0,0.6271176175768711,0.33768512516920624,49,early
49444,44,0,0.6572632992547671,0.3958914695845437,49,early
49445,45,0,0.15925035706367538,0.5324022960262522,49,early
49446,46,0,0.6793292843545888,0.4258589521788283,49,early
49447,47,0,0.8577000622382454,0.49982346994793736,49,early
49448,48,0,0.7836331478251939,0.35888310545939345,49,early
49449,49,0,0.6814438114941663,0.3068495441828293,49,early
49450,50,0,0.7710791139365432,0.37049966669548695,49,early
49451,51,0,0.21682858875021435,0.5957312336703696,49,early
49452,52,0,0.4220532550275694,0.5169202386566882,49,early
49453,53,0,0.7925623344966108,0.37989531888673345,49,early
49454,54,0,0.6086998940324646,0.5177521424546685,49,early
49455,55,0,0.8179654148789753,0.3774549179997121,49,early
49456,56,0,0.21194467247130655,0.5422520514614666,49,early
49457,57,0,0.22390991803854268,0.49836975641270265,49,early
49458,58,0,0.13959394725202492,0.6222587107972273,49,early
49459,59,0,0.40743927850623135,0.5815055061066123,49,early
49460,60,0,0.5634749235395706,0.6026190769933094,49,early
49461,61,0,0.6861792632528994,0.4242960835682386,49,early
49462,62,0,0.7102844498582893,0.5194627670499639,49,early
49463,63,0,0.770515087562895,0.4401246419053253,49,early
49464,64,0,0.2253851808695802,0.4775066546625881,49,early
49465,65,0,0.8192696097928319,0.4393691765773134,49,early
49466,66,0,0.21039426215226995,0.4072955386452557,49,early
49467,67,0,0.8464038562005689,0.29772781588657343,49,early
49468,68,0,0.16138377819362384,0.6581575753596358,49,early
49469,69,0,0.1721564584567765,0.50149360997699,49,early
49470,70,0,0.8516429907237286,0.43063663614003017,49,early
49471,71,0,0.381197146545989,0.33448811753176844,49,early
49472,72,0,0.6514984595330179,0.3106774998279317,49,early
49473,73,0,0.8172884370446514,0.3745991628056361,49,early
49474,74,0,0.7190671517134825,0.4528665220872685,49,early
49475,75,0,0.27260484436472,0.38797061797164367,49,early
49476,76,0,0.8009304935183892,0.4319478660950885,49,early
49477,77,0,0.7493365693682952,0.27997294362604536,49,early
49478,78,0,0.24134390002469,0.5395456027401779,49,early
49479,79,0,0.39227932640461466,0.3669970832712022,49,early
49480,80,0,0.23475792864080602,0.4215876729419724,49,early
49481,81,0,0.6669528493145905,0.41380750817651957,49,early
49482,82,0,0.6928472221353863,0.43070216680343554,49,early
49483,83,0,0.09887780012127928,0.5412127347159179,49,early
49484,84,0,0.5853909467961814,0.4066024116488623,49,early
49485,85,0,0.9222466653388273,0.4317238783947855,49,early
49486,86,0,0.6744657209130486,0.4706173216181132,49,early
49487,87,0,0.15960102649620664,0.570434572491046,49,early
49488,88,0,0.564391305666933,0.4889109250614058,49,early
49489,89,0,0.2375696141400907,0.4066829998820874,49,early
49490,90,0,0.5586760829196948,0.40365974210557487,49,early
49491,91,0,0.9140249659984834,0.4488752453603942,49,early
49492,92,0,0.29745696788277726,0.47619868412401145,49,early
49493,93,0,0.21718966977545645,0.3797632167349807,49,early
49494,94,0,0.6486662129525179,0.5056703095425564,49,early
49495,95,0,0.8607686828316854,0.5029574073103111,49,early
49496,96,0,0.4019628691543867,0.602043770657058,49,early
49497,97,0,0.8644585085111152,0.3768155054518688,49,early
49498,98,0,0.3897946660372891,0.48628210933918503,49,early
49499,99,0,0.8221261707430307,0.5652909464181732,49,early
49500,100,0,0.5979303027424712,0.5375758416589628,49,early
49501,101,0,0.31158850788568515,0.5937309767306231,49,early
49502,102,0,0.6405931639067262,0.43340685505681315,49,early
49503,103,0,0.2483295533112207,0.47560553272338946,49,early
49504,104,0,0.2922575440248257,0.646561383939037,49,early
49505,105,0,0.3431613358902557,0.4425978878138676,49,early
49506,106,0,0.5248183130039261,0.5619441000257568,49,early
49507,107,0,0.3029702685971716,0.4891086948574509,49,early
49508,108,0,0.6561974498048522,0.5363840712788421,49,early
49509,109,0,0.17750402620922778,0.5422326565329164,49,early
49510,110,0,0.38270576854793265,0.4876947645894741,49,early
49511,111,0,0.7475445491634115,0.4787064734671842,49,early
49512,112,0,0.28154317385883604,0.4687993420864731,49,early
49513,113,0,0.8260770084339162,0.4988978758611778,49,early
49514,114,0,0.3448737728100864,0.3870187232376034,49,early
49515,115,0,0.7816759576070864,0.3023932789280536,49,early
49516,116,0,0.5719668507473693,0.31539505296769577,49,early
49517,117,0,0.3750455570088912,0.4137586766978053,49,early
49518,118,0,0.6190514791637955,0.35789015798653123,49,early
49519,119,0,0.2777726337750378,0.47947218749854437,49,early
49520,120,0,0.5780606268250467,0.45332924808688524,49,early
49521,121,0,0.3217430514343509,0.4553864006513366,49,early
49522,122,0,0.3490504648281637,0.47454908354482894,49,early
49523,123,0,0.2204005684764686,0.5388064299944051,49,early
49524,124,0,0.38837013910217955,0.5290437310193948,49,early
49525,125,0,0.9169720870706763,0.4753407035718029,49,early
49526,126,0,0.4555318475109573,0.45644836920501386,49,early
49527,127,0,0.2667724993246264,0.35145608058439753,49,early
49528,128,0,0.5742511158241146,0.4658586602778851,49,early
49529,129,0,0.2865041759833906,0.5425526849444421,49,early
49530,130,0,0.23758602160306994,0.47885381467082655,49,early
49531,131,0,0.26800067235786634,0.5056344424154258,49,early
49532,132,0,0.22215359437890134,0.3812339305675426,49,early
49533,133,0,0.8041907577572068,0.40103833089403884,49,early
49534,134,0,0.6525581962824983,0.41507106898677043,49,early
49535,135,0,0.22784565007432375,0.42362449612521913,49,early
49536,136,0,0.6239137584455476,0.4227747814133062,49,early
49537,137,0,0.7383583530384029,0.3640985797754769,49,early
49538,138,0,0.3669986916602527,0.3952759263370743,49,early
49539,139,0,0.7655418462621993,0.37510273848159764,49,early
49540,140,0,0.6476542647370286,0.4599102132023076,49,early
49541,141,0,0.6721594585654685,0.3672063346182872,49,early
49542,142,0,0.4343691148020004,0.4695599416782865,49,early
49543,143,0,0.21856153330208178,0.4381686209507252,49,early
49544,144,0,0.2403381488934178,0.4769945602166805,49,early
49545,145,0,0.8096045055611054,0.36104705448881746,49,early
49546,146,0,0.5181543504865154,0.36834051346701224,49,early
49547,147,0,0.8105885275342954,0.5071852949992739,49,early
49548,148,0,0.32984545193544407,0.5556767011797868,49,early
49549,149,0,0.25037030512400765,0.44038846563423906,49,early
49550,150,0,0.4204565840190721,0.4137379992555804,49,early
49551,151,0,0.2426127273129769,0.4382519351279792,49,early
49552,152,0,0.4028503380487017,0.39214891414833697,49,early
49553,153,0,0.8099663813271301,0.35960822917897656,49,early
49554,154,0,0.2616124178332367,0.4426736800107145,49,early
49555,155,0,0.8284434278140043,0.4128719811776046,49,early
49556,156,0,0.5304575862121886,0.5268036690822143,49,early
49557,157,0,0.5165992710537558,0.41648766996747466,49,early
49558,158,0,0.45109120688061094,0.4124980876021198,49,early
49559,159,0,0.8945447068871468,0.34536525190699596,49,early
49560,160,0,0.27376651538274305,0.47918156427273445,49,early
49561,161,0,0.8563732706259068,0.6009511624903168,49,early
49562,162,0,0.5037297306919019,0.3870736839664115,49,early
49563,163,0,0.21420891121875546,0.5765523750702726,49,early
49564,164,0,0.31146758744511227,0.4003226916531015,49,early
49565,165,0,0.24494661582338717,0.480385762973379,49,early
49566,166,0,0.33004816419096206,0.3456924832794611,49,early
49567,167,0,0.3006380672707001,0.38301472927213237,49,early
49568,168,0,0.6562302051274409,0.41617683998982236,49,early
49569,169,0,0.5323916404769762,0.47913386940704317,49,early
49570,170,0,0.6432494399636767,0.35479016316989864,49,early
49571,171,0,0.7852232309434507,0.41071514068051695,49,early
49572,172,0,0.4378337019572388,0.5668781408979815,49,early
49573,173,0,0.537184721162367,0.37254402163873923,49,early
49574,174,0,0.7656542980008474,0.37071682373795617,49,early
49575,175,0,0.5124983640534717,0.30299438567326753,49,early
49576,176,0,0.26598612095837026,0.4727343018140524,49,early
49577,177,0,0.4065488606437144,0.3394269452654067,49,early
49578,178,0,0.48207599733760853,0.3729887323697889,49,early
49579,179,0,0.8257189872739077,0.36878113602999385,49,early
49580,180,0,0.6916681513993904,0.6159961597297268,49,early
49581,181,0,0.7871632621991804,0.4019071287818017,49,early
49582,182,0,0.7485908799553165,0.38813937410970817,49,early
49583,183,0,0.8884965394206144,0.46370043582299136,49,early
49584,184,0,0.37121881667000356,0.4434902884694628,49,early
49585,185,0,0.32108472912794295,0.4770285071042152,49,early
49586,186,0,0.27819330976484047,0.4617907602925573,49,early
49587,187,0,0.5006600936853688,0.4125886500704239,49,early
49588,188,0,0.7391546051914338,0.28480779026975356,49,early
49589,189,0,0.3889041083919004,0.5139014025773276,49,early
49590,190,0,0.39991024840629585,0.47831692587737595,49,early
49591,191,0,0.3802470699484529,0.41970040797124275,49,early
49592,192,0,0.47809985844778713,0.4342217114793515,49,early
49593,193,0,0.3925746605441147,0.48020734872429877,49,early
49594,194,0,0.638282416452764,0.4628314841003057,49,early
49595,195,0,0.4977757021869919,0.3309793942982461,49,early
49596,196,0,0.7100689813955842,0.5638829531887775,49,early
49597,197,0,0.3773259596730798,0.4031559622194336,49,early
49598,198,0,0.8011609365530155,0.35595568606908423,49,early
49599,199,0,0.5212893943458909,0.36604150721790346,49,early
49600,0,0,0.07987309528036313,0.8195528335924046,49,middle
49601,1,1,0.6401726775707872,0.8232648678387127,49,middle
49602,2,0,0.8535743281995501,0.6884691584409885,49,middle
49603,3,0,0.41725507478071905,0.5673961846376031,49,middle
49604,4,0,0.9208003886948932,0.6477778462364068,49,middle
49605,5,2,0.5946982417942562,0.8065376089163492,49,middle
49606,6,0,0.9015900525957641,0.6747007081851774,49,middle
49607,7,3,0.48287561178048294,0.9089409893496303,49,middle
49608,8,3,0.5164447408496814,0.7536988420242767,49,middle
49609,9,0,0.43881329979857364,0.5716496679351699,49,middle
49610,10,4,0.20518602845917633,0.7290814470449205,49,middle
49611,11,5,0.8650452536118034,1.4089459885159943,49,middle
49612,12,6,0.3318225833701934,1.259592595469826,49,middle
49613,13,0,0.5093636400345463,0.6119455952715099,49,middle
49614,14,0,0.9324697787216403,0.6868393969150609,49,middle
49615,15,0,0.44838978158725656,0.8081244029642565,49,middle
49616,16,0,0.2587885546620505,0.6597976381004875,49,middle
49617,17,0,0.6794768545834149,0.6688275391287523,49,middle
49618,18,0,0.6359942007050392,0.6551472861630181,49,middle
49619,19,0,0.5914322533292194,0.6617041621845212,49,middle
49620,20,7,0.2163410748334204,1.2221434657275996,49,middle
49621,21,0,0.6724911313087528,0.48266223615943804,49,middle
49622,22,8,0.33158425653908075,0.7354487105398828,49,middle
49623,23,0,0.6787617484959062,0.4968969627412448,49,middle
49624,24,0,0.6125093690514242,0.5722322977617396,49,middle
49625,25,0,0.34033617158241036,0.7853578519296973,49,middle
49626,26,0,0.668742397453078,0.5664820150551536,49,middle
49627,27,0,0.5738612103785832,0.5144265549147505,49,middle
49628,28,0,0.2547856677173705,0.6068306302393971,49,middle
49629,29,0,0.8062362786317856,0.5112520603086528,49,middle
49630,30,0,0.5345403052053632,0.534175502471621,49,middle
49631,31,0,0.0670022974808714,0.5899164118117393,49,middle
49632,32,0,0.5506565942818107,0.7576491969029386,49,middle
49633,33,0,0.3847273677880988,0.5628770033507494,49,middle
49634,34,0,0.6916864833371879,0.5485051386255122,49,middle
49635,35,0,0.8445614389645668,0.5336702522027259,49,middle
49636,36,0,0.7585175861016101,0.38300698262415217,49,middle
49637,37,0,0.42361809970326014,0.557760391249662,49,middle
49638,38,0,0.6343855963162985,0.3796037629810325,49,middle
49639,39,0,0.6571925191696889,0.5108408710754805,49,middle
49640,40,0,0.665529772515141,0.44063138224976883,49,middle
49641,41,0,0.45630334075543544,0.5855600509057298,49,middle
49642,42,0,0.40907390106589275,0.6875634099956733,49,middle
49643,43,0,0.43066616807191826,0.5560227112551221,49,middle
49644,44,0,0.7290124678286292,0.5212388711069809,49,middle
49645,45,0,0.3209191734369111,0.5397944814275764,49,middle
49646,46,0,0.5681245070381336,0.6264883793817614,49,middle
49647,47,0,0.2504593249391558,0.6484092283034781,49,middle
49648,48,0,0.5872937950318053,0.5031293871935814,49,middle
49649,49,0,0.628612848070246,0.6643179083968211,49,middle
49650,50,0,0.2935841358275235,0.6165471452983343,49,middle
49651,51,0,0.7664354756753002,0.5630630578703967,49,middle
49652,52,0,0.5829140137101104,0.35901383672445647,49,middle
49653,53,0,0.37334665889727403,0.49085234136676203,49,middle
49654,54,0,0.6604217408726742,0.5989421648677704,49,middle
49655,55,0,0.6331367022483345,0.5224808261778258,49,middle
49656,56,0,0.43719879672202744,0.5118419898754655,49,middle
49657,57,0,0.6140272633015915,0.4579365637372916,49,middle
49658,58,0,0.5062661329264374,0.49026828598429945,49,middle
49659,59,0,0.6036239715534444,0.406882718060477,49,middle
49660,60,0,0.5726423469723122,0.4356629524371207,49,middle
49661,61,0,0.49777329968270073,0.562778930394509,49,middle
49662,62,0,0.36495232183285264,0.5636223930341151,49,middle
49663,63,0,0.452212205319183,0.5441603476130467,49,middle
49664,64,0,0.45892347811916734,0.5733754593791496,49,middle
49665,65,0,0.508668597977695,0.4512784566999518,49,middle
49666,66,0,0.4406077752884582,0.5475675508453112,49,middle
49667,67,0,0.4521208322745299,0.6227450559638106,49,middle
49668,68,0,0.6349870824103063,0.4043245518032059,49,middle
49669,69,0,0.4648492621858325,0.7320717327399575,49,middle
49670,70,0,0.531034957916736,0.4595430071694982,49,middle
49671,71,0,0.44248639415963,0.4580164787260821,49,middle
49672,72,0,0.5185491264809988,0.4311823193435507,49,middle
49673,73,0,0.49127101186666905,0.5737378182391086,49,middle
49674,74,0,0.5552650481086757,0.5254727902593466,49,middle
49675,75,0,0.529022941283553,0.7425444094554903,49,middle
49676,76,0,0.5619557890267115,0.4795823854879223,49,middle
49677,77,0,0.5353497624234371,0.6744511929058359,49,middle
49678,78,0,0.5813415462764434,0.5777342025561183,49,middle
49679,79,0,0.5454314969984737,0.5253061934631371,49,middle
49680,80,0,0.8250943856100333,0.5298446905680556,49,middle
49681,81,0,0.5979650727351519,0.544838887077542,49,middle
49682,82,0,0.9291205471672941,0.4318189884630315,49,middle
49683,83,0,0.8226081764251212,0.4425597846212832,49,middle
49684,84,0,0.5807409087004082,0.3266868181344922,49,middle
49685,85,0,0.8450309065233808,0.43355643330209426,49,middle
49686,86,0,0.8864604611615305,0.3860042433792785,49,middle
49687,87,0,0.2100321512099293,0.4727841620754766,49,middle
49688,88,0,0.7827752561284986,0.5116910177947468,49,middle
49689,89,0,0.28861078676467783,0.6149457721119493,49,middle
49690,90,0,0.1346133386185503,0.7665103460660361,49,middle
49691,91,0,0.2106121507461584,0.6491882694878507,49,middle
49692,92,0,0.7619282821802912,0.4351937078249417,49,middle
49693,93,0,0.8242473984211722,0.4903129591957588,49,middle
49694,94,0,0.8108971153883239,0.39696185630028924,49,middle
49695,95,0,0.12089252746476095,0.5480841300730741,49,middle
49696,96,0,0.8472676782851511,0.488329145547895,49,middle
49697,97,0,0.750600565836892,0.39398742130359904,49,middle
49698,98,0,0.21659134636116947,0.59844313055473,49,middle
49699,99,0,0.8950611538969135,0.5322116354903397,49,middle
49700,100,0,0.10245738164695341,0.5431396956113625,49,middle
49701,101,0,0.9308737754695757,0.6100665186666065,49,middle
49702,102,0,0.3105699196617754,0.7127344996145315,49,middle
49703,103,0,0.07488505034830222,0.6124409594254564,49,middle
49704,104,0,0.6392407188671748,0.5777658233061209,49,middle
49705,105,0,0.6150045408719548,0.3358509336093129,49,middle
49706,106,0,0.9634294347371775,0.30855286441322005,49,middle
49707,107,0,0.7677922586734873,0.4636670138740231,49,middle
49708,108,0,0.06299580725186213,0.5547785766854413,49,middle
49709,109,0,0.10902943215286263,0.5766379120162027,49,middle
49710,110,0,0.8910190701047116,0.3581515714674294,49,middle
49711,111,0,0.7180410788715383,0.4570753195735467,49,middle
49712,112,0,0.965856267516635,0.4402784143575889,49,middle
49713,113,0,0.1486286239379806,0.5511614176487674,49,middle
49714,114,0,0.14912836360939205,0.5480235379094447,49,middle
49715,115,0,0.8545992699253286,0.44476837876979347,49,middle
49716,116,0,0.11829839507508441,0.48152513454516005,49,middle
49717,117,0,0.08491840103643006,0.536208345554331,49,middle
49718,118,0,0.783927337128379,0.45272671431861755,49,middle
49719,119,0,0.12560793529594266,0.5243029987106073,49,middle
49720,120,0,0.4889702889056602,0.568931523908665,49,middle
49721,121,0,0.9100331455941186,0.35828556062122174,49,middle
49722,122,0,0.5438798007537342,0.4800008510387456,49,middle
49723,123,0,0.8725910407358417,0.5178798027901508,49,middle
49724,124,0,0.5132151593446184,0.49052686934457745,49,middle
49725,125,0,0.6515456314375195,0.6338558558826346,49,middle
49726,126,0,0.503671978120476,0.4273782689518085,49,middle
49727,127,0,0.12742412103480782,0.5843787331602976,49,middle
49728,128,0,0.4972149541097079,0.3958084667382158,49,middle
49729,129,0,0.22854914150867356,0.6058521845834904,49,middle
49730,130,0,0.502004879231772,0.4372579342656959,49,middle
49731,131,0,0.8683528099960354,0.31560231395504523,49,middle
49732,132,0,0.5012654791956183,0.43946172555037577,49,middle
49733,133,0,0.7014815178426261,0.5147629893386979,49,middle
49734,134,0,0.49629496007160095,0.5203773934321183,49,middle
49735,135,0,0.1485615971340353,0.5966121574248098,49,middle
49736,136,0,0.5122094755341439,0.4058827228197023,49,middle
49737,137,0,0.9033444823802619,0.637937845251147,49,middle
49738,138,0,0.4442073550705429,0.4723038809564031,49,middle
49739,139,0,0.7226621877410705,0.4044094929539439,49,middle
49740,140,0,0.6158947826983252,0.533814561774946,49,middle
49741,141,0,0.8169339908619794,0.47176217234658774,49,middle
49742,142,0,0.552282649136765,0.4995041415548402,49,middle
49743,143,0,0.8953114773823454,0.3047186244384955,49,middle
49744,144,0,0.512056082146505,0.47055923112080245,49,middle
49745,145,0,0.201025704774804,0.6801662142545932,49,middle
49746,146,0,0.5932808164651604,0.41388180003422437,49,middle
49747,147,0,0.967830812021129,0.39217426003109845,49,middle
49748,148,0,0.4018874704034144,0.4365084534740194,49,middle
49749,149,0,0.17749204280729036,0.6244380740818508,49,middle
49750,150,0,0.6331926990846243,0.37116293555654556,49,middle
49751,151,0,0.7658301818846136,0.4416113020317122,49,middle
49752,152,0,0.44749802165296165,0.43939921658169756,49,middle
49753,153,0,0.8116483159425996,0.38916787815712034,49,middle
49754,154,0,0.36742788286557737,0.5257669773707563,49,middle
49755,155,0,0.5883117378886131,0.46869290106947037,49,middle
49756,156,0,0.5482998286632478,0.5153801026225245,49,middle
49757,157,0,0.8136246825188819,0.5898662120424503,49,middle
49758,158,0,0.4650977251356227,0.5563465317967271,49,middle
49759,159,0,0.8720405306572611,0.37029584108959523,49,middle
49760,160,0,0.7207345435679229,0.546333589271219,49,middle
49761,161,0,0.2216569221272629,0.5618952692097207,49,middle
49762,162,0,0.8112072689199796,0.2908874766505879,49,middle
49763,163,0,0.6469329941661679,0.41195847455820644,49,middle
49764,164,0,0.4916945550750614,0.5875175210510872,49,middle
49765,165,0,0.10849252206257316,0.4129968342304,49,middle
49766,166,0,0.46431249920916856,0.45560848497262496,49,middle
49767,167,0,0.9269742344621262,0.3929623187046125,49,middle
49768,168,0,0.4450487891719506,0.5651690488599569,49,middle
49769,169,0,0.10715425248583255,0.6682830482789148,49,middle
49770,170,0,0.10789316464587015,0.4958826612643751,49,middle
49771,171,0,0.3674850493742811,0.5028485872045704,49,middle
49772,172,0,0.3409814947194063,0.5748896148946572,49,middle
49773,173,0,0.6682049944910042,0.3402627525381882,49,middle
49774,174,0,0.6460505991401069,0.5720131683147571,49,middle
49775,175,0,0.8125187721804056,0.4573794549698057,49,middle
49776,176,0,0.3210747171880201,0.509932313301829,49,middle
49777,177,0,0.1033433628621288,0.4740452225850736,49,middle
49778,178,0,0.3493066284437872,0.5062822498191942,49,middle
49779,179,0,0.24248140358862125,0.5083955677110701,49,middle
49780,180,0,0.8138836379425246,0.45408243638423623,49,middle
49781,181,0,0.3179590326086421,0.6395124468188365,49,middle
49782,182,0,0.7602129229065941,0.4526559902098113,49,middle
49783,183,0,0.7355602063011105,0.40083881247801567,49,middle
49784,184,0,0.5492517423598883,0.41759433294978754,49,middle
49785,185,0,0.5240765210890884,0.5609412219190972,49,middle
49786,186,0,0.1986921667764874,0.5752608858000952,49,middle
49787,187,0,0.08307980983486964,0.5913332312909985,49,middle
49788,188,0,0.6211826004569493,0.4660575993469075,49,middle
49789,189,0,0.3011616109551265,0.6207917329266108,49,middle
49790,190,0,0.8637824350595047,0.4939699937336657,49,middle
49791,191,0,0.20953686753961717,0.4885347650890181,49,middle
49792,192,0,0.4632728276208117,0.5763704565059609,49,middle
49793,193,0,0.6633125299699199,0.5291185374861894,49,middle
49794,194,0,0.42230906455154194,0.39823272576875374,49,middle
49795,195,0,0.23639954333941926,0.5371690977356565,49,middle
49796,196,0,0.6686322922938317,0.3868333143843033,49,middle
49797,197,0,0.29527252713945734,0.518277683943528,49,middle
49798,198,0,0.4186430007953972,0.5241924997902745,49,middle
49799,199,0,0.1393068022873237,0.44138955637112953,49,middle
49800,0,0,0.02971591844839353,0.7443702127391796,49,late
49801,1,0,0.46802952555596966,0.6793530166813053,49,late
49802,2,1,0.03375827299692484,0.8749022697109743,49,late
49803,3,2,0.5032238846284554,0.6539021559114815,49,late
49804,4,3,0.002380148206559711,0.8831054185200604,49,late
49805,5,2,0.5032118419718951,0.6454805195811262,49,late
49806,6,4,0.7515986951311184,0.8608271888958048,49,late
49807,7,4,0.03046159810402206,0.7808758746704377,49,late
49808,8,2,0.5321100701572824,0.5930077455561673,49,late
49809,9,2,0.5070593391268923,0.6832762240605896,49,late
49810,10,5,0.0019166696677734938,1.0208489717735623,49,late
49811,11,0,0.5461837821570872,0.5860916473079989,49,late
49812,12,0,0.9490321290502463,0.5429505015304885,49,late
49813,13,2,0.46896574640376343,0.7436431653873599,49,late
49814,14,2,0.0024876241992392613,0.7341466482537788,49,late
49815,15,2,0.5011248521174833,0.5298343744175797,49,late
49816,16,2,0.997638902303605,0.5305586632534134,49,late
49817,17,2,0.5056878970952728,0.4922956270454079,49,late
49818,18,2,0.9957338932859325,0.5172246308085675,49,late
49819,19,2,0.5069103630310375,0.5957330412046862,49,late
49820,20,2,0.5649262067036261,0.6453934640573125,49,late
49821,21,2,0.47917796050183564,0.7109431303873868,49,late
49822,22,2,0.9965819789152314,0.46035392887395843,49,late
49823,23,2,0.49648347158321404,0.8115534408638965,49,late
49824,24,2,0.9950971127063086,0.5011266034778304,49,late
49825,25,2,0.5073918878662105,0.49968877606238876,49,late
49826,26,2,0.0065515329403095495,0.5950994784949136,49,late
49827,27,2,0.5109145860900196,0.46007293343787414,49,late
49828,28,4,0.012337702065730295,0.8442745345695647,49,late
49829,29,2,0.48005992130924535,0.5235534663836732,49,late
49830,30,2,0.005547660678163646,0.5750838442430287,49,late
49831,31,2,0.5007779759499648,0.7873936963934993,49,late
49832,32,2,0.007258235076037655,0.7035890915379441,49,late
49833,33,2,0.5042886025177983,0.6570339126462152,49,late
49834,34,2,0.9831402758701958,0.5084897175179904,49,late
49835,35,2,0.4969684427519037,0.4885478511583147,49,late
49836,36,2,0.9796309499681051,0.4181826232063524,49,late
49837,37,2,0.5104288349200891,0.5352266921220589,49,late
49838,38,2,0.025273760606531276,0.6784921974981732,49,late
49839,39,2,0.4889598739855544,0.4795817616276763,49,late
49840,40,2,0.9659330735922231,0.3786304249214771,49,late
49841,41,2,0.5033058344882616,0.5341241760087354,49,late
49842,42,2,0.9451382190801352,0.4509236581273278,49,late
49843,43,2,0.4429647432485903,0.4873442682636845,49,late
49844,44,2,0.8845250391197447,0.34986507016167834,49,late
49845,45,2,0.4451597106878117,0.5492743310153778,49,late
49846,46,2,0.8638837708549754,0.47117259313708665,49,late
49847,47,2,0.444695336728217,0.6569699883527317,49,late
49848,48,2,0.048843695197022086,0.5521911613961346,49,late
49849,49,2,0.4328455941286427,0.5455964377243416,49,late
49850,50,2,0.6871767605841288,0.6446773959556493,49,late
49851,51,4,0.48102720694838863,0.617090548083211,49,late
49852,52,2,0.9321813532711589,0.3685319094055202,49,late
49853,53,2,0.5070305631342188,0.5825924615519574,49,late
49854,54,2,0.1704971193018979,0.6664303969579795,49,late
49855,55,2,0.3822859821495846,0.6173702380744116,49,late
49856,56,2,0.9230805457839378,0.5945802426531376,49,late
49857,57,2,0.40871021533496243,0.5617130791951233,49,late
49858,58,2,0.9573736442543794,0.5136154145978242,49,late
49859,59,2,0.46742082948650543,0.4815321939085028,49,late
49860,60,2,0.10508963753708775,0.48857524348389736,49,late
49861,61,2,0.4641931240182723,0.418263217557232,49,late
49862,62,2,0.092315294398405,0.5940177604052865,49,late
49863,63,2,0.507348598829114,0.5302208101998127,49,late
49864,64,2,0.0854620413022546,0.5441396737718827,49,late
49865,65,2,0.6960346648525011,0.7082908530054302,49,late
49866,66,2,0.8334310800366795,0.36001421037728765,49,late
49867,67,2,0.6834582046173894,0.5733476630707774,49,late
49868,68,2,0.11741711780597928,0.6316674541851939,49,late
49869,69,2,0.5534827910520873,0.4790200328593882,49,late
49870,70,2,0.2730844249798235,0.6095235495174347,49,late
49871,71,2,0.634742906412969,0.4222017366239196,49,late
49872,72,2,0.31152289901332003,0.7119197933592454,49,late
49873,73,2,0.5367986708853096,0.41570530856174726,49,late
49874,74,2,0.1537320459565721,0.5299214511875434,49,late
49875,75,2,0.3022006771622702,0.47506691730968054,49,late
49876,76,2,0.5258601206683702,0.5446966134634459,49,late
49877,77,2,0.7062947884649209,0.5037864311992065,49,late
49878,78,2,0.20491473593896184,0.5686076400497352,49,late
49879,79,2,0.2614661324755396,0.41373963756526466,49,late
49880,80,2,0.4141987666837882,0.5671179730552106,49,late
49881,81,2,0.5326869691169438,0.4419704746321531,49,late
49882,82,2,0.5048772723253768,0.5053225887713788,49,late
49883,83,2,0.34252664931586696,0.43304937935002197,49,late
49884,84,2,0.6258990443129298,0.5313343708711554,49,late
49885,85,2,0.48442351341755163,0.543057696215812,49,late
49886,86,2,0.3480316643324743,0.527965704864982,49,late
49887,87,2,0.5425664676015304,0.5168631021933606,49,late
49888,88,2,0.794990563381504,0.526671836537649,49,late
49889,89,2,0.5077077880372108,0.451952822613133,49,late
49890,90,2,0.8453176163734268,0.49184481756858345,49,late
49891,91,2,0.40358715118705063,0.4170051294758639,49,late
49892,92,2,0.5062419319440036,0.5589793184674972,49,late
49893,93,2,0.5584519962034391,0.5615553599847293,49,late
49894,94,2,0.625905118558057,0.5269004463636227,49,late
49895,95,2,0.6856271034253854,0.6820633220330883,49,late
49896,96,2,0.2593989071002743,0.5752773625705104,49,late
49897,97,2,0.4520162028394064,0.5170337851508714,49,late
49898,98,2,0.44387486860541675,0.492506581956241,49,late
49899,99,2,0.3838412999269806,0.5184353664623005,49,late
49900,100,2,0.6277582879601825,0.44851975883675016,49,late
49901,101,2,0.5113934201858094,0.44125149055114776,49,late
49902,102,2,0.35468818095697424,0.42315025225197,49,late
49903,103,2,0.6558947156615884,0.43947039537991106,49,late
49904,104,2,0.4928802736593805,0.43945326780867755,49,late
49905,105,2,0.6755139501220842,0.5446339192982932,49,late
49906,106,2,0.6912338798890836,0.4312437501048235,49,late
49907,107,2,0.5582331748186354,0.46459601427878633,49,late
49908,108,2,0.3543496212711764,0.610106840746734,49,late
49909,109,2,0.7392677724778949,0.5592932250350229,49,late
49910,110,2,0.6529441466587078,0.37769648240472015,49,late
49911,111,2,0.479782908936866,0.3612098340793565,49,late
49912,112,2,0.6294967098326889,0.5505267270446137,49,late
49913,113,2,0.2048915378551796,0.6622689103275619,49,late
49914,114,0,0.8195385472658994,0.5331545551618605,49,late
49915,115,2,0.46778457702345966,0.5923819487753708,49,late
49916,116,2,0.6066242149305446,0.411051132235432,49,late
49917,117,2,0.5925652856657444,0.4523852514112157,49,late
49918,118,2,0.6515267459784518,0.4309153346121851,49,late
49919,119,2,0.5844185194919184,0.5782429433195413,49,late
49920,120,2,0.19711778566900007,0.5136817656462545,49,late
49921,121,2,0.837598229641207,0.5198570352005529,49,late
49922,122,2,0.7837803501350686,0.5005128976084194,49,late
49923,123,2,0.23604279167999395,0.4997583495611755,49,late
49924,124,2,0.7812502604091454,0.4932448745560871,49,late
49925,125,2,0.2828318719494073,0.6750951234971384,49,late
49926,126,2,0.23818853164109,0.6820731383499917,49,late
49927,127,2,0.7859884005072473,0.49955377287055935,49,late
49928,128,2,0.760806252591997,0.35554044739618884,49,late
49929,129,2,0.7337283947111477,0.5043500860566159,49,late
49930,130,2,0.17834150255647696,0.5455092518807747,49,late
49931,131,2,0.11946212059830817,0.5906279826096817,49,late
49932,132,2,0.19861506289730801,0.440908447301016,49,late
49933,133,2,0.7162729665890621,0.4511712846395085,49,late
49934,134,2,0.7493068016783646,0.4020959070071623,49,late
49935,135,2,0.7277285539737699,0.4217536104618357,49,late
49936,136,2,0.7161005831005532,0.33163941249274986,49,late
49937,137,2,0.7323076042855035,0.421584834858283,49,late
49938,138,2,0.17654232324126898,0.47588207558099715,49,late
49939,139,2,0.6692679241402809,0.46047190241627645,49,late
49940,140,2,0.13308181318211873,0.5185496009003847,49,late
49941,141,2,0.7444694099930422,0.3867143525452241,49,late
49942,142,2,0.22027168481952053,0.460987500657006,49,late
49943,143,2,0.6305211443354165,0.612467490653327,49,late
49944,144,2,0.6588391183256196,0.3887304440355548,49,late
49945,145,2,0.7365711872149835,0.35496253950399315,49,late
49946,146,2,0.6716106507993234,0.3591854889214352,49,late
49947,147,2,0.282728229007315,0.5370113898971304,49,late
49948,148,2,0.16133206818660872,0.48026030096018013,49,late
49949,149,2,0.11917317257334073,0.61465017694779,49,late
49950,150,2,0.7267883165119718,0.484644843255435,49,late
49951,151,2,0.6232027587314594,0.45304983481702543,49,late
49952,152,2,0.7299329797748813,0.43063501412319927,49,late
49953,153,2,0.2795176603063437,0.6037288165362968,49,late
49954,154,2,0.597174708794862,0.5193704251829852,49,late
49955,155,2,0.19822927320254402,0.5604070951654074,49,late
49956,156,2,0.32847891513273164,0.6697268526965316,49,late
49957,157,2,0.6497625837133005,0.378358616030126,49,late
49958,158,2,0.31605176706442634,0.5657090641295878,49,late
49959,159,2,0.6338007205416454,0.48356413577580604,49,late
49960,160,2,0.33555652735891456,0.41812588263417716,49,late
49961,161,2,0.847362566326306,0.41838237443208837,49,late
49962,162,2,0.3138056606593296,0.5448256074569753,49,late
49963,163,2,0.3718406784251827,0.55047853364859,49,late
49964,164,2,0.7783185588525233,0.5387631573875467,49,late
49965,165,2,0.718920076758948,0.47806221324017883,49,late
49966,166,2,0.3190829441534632,0.6285875495503099,49,late
49967,167,2,0.8128612002840381,0.47366589765375045,49,late
49968,168,2,0.5476501783599179,0.4699659466930446,49,late
49969,169,2,0.3302219232646855,0.4482850171674496,49,late
49970,170,2,0.2358676189362262,0.6747801014148069,49,late
49971,171,2,0.34272805235417647,0.5304985231121953,49,late
49972,172,2,0.4116531233816409,0.5342174894808256,49,late
49973,173,2,0.8105050725568888,0.49814247882501206,49,late
49974,174,2,0.38576184533766616,0.5218672378296876,49,late
49975,175,2,0.31496794271268225,0.5901951071952994,49,late
49976,176,2,0.21835289368192287,0.563003226874929,49,late
49977,177,2,0.6090824047954407,0.504170461001004,49,late
49978,178,2,0.3881914560042228,0.5208744728800339,49,late
49979,179,2,0.36462184347822824,0.45606648113262516,49,late
49980,180,2,0.1951327658896299,0.5023961068002476,49,late
49981,181,2,0.22146146127904304,0.6312321165879918,49,late
49982,182,2,0.353403141578261,0.5007966180073165,49,late
49983,183,2,0.6192261019786954,0.3344126487510848,49,late
49984,184,2,0.4041276098726221,0.4647637406954596,49,late
49985,185,2,0.4234755539291815,0.3800543333293964,49,late
49986,186,2,0.4660784905134714,0.536925816223271,49,late
49987,187,2,0.6504971442002958,0.5151489276484215,49,late
49988,188,2,0.5664251623954414,0.5563557732310127,49,late
49989,189,2,0.49777895693058666,0.4845281690515683,49,late
49990,190,2,0.6446615753753273,0.4244978859359444,49,late
49991,191,2,0.6837860344233669,0.38736273311397273,49,late
49992,192,2,0.4133333003460136,0.4435986699632545,49,late
49993,193,2,0.5616801828368262,0.39099325569957044,49,late
49994,194,2,0.6307553696295255,0.549178457394675,49,late
49995,195,2,0.27218637683891345,0.5284546580213862,49,late
49996,196,2,0.29401946803992995,0.46520166635392635,49,late
49997,197,2,0.2875149183499046,0.5430701527346056,49,late
49998,198,2,0.5279324248691529,0.4015722721318378,49,late
49999,199,2,0.4695978469778762,0.42765833011429566,49,late
