,t,e_hat,Accuracy,pe,batch,Condition
0,0,0,0.05433135638442044,0.9134086220225758,0,interleaved
1,1,0,0.5670400816187684,0.6349278220606793,0,interleaved
2,2,0,0.48552080883110094,0.6274942555027715,0,interleaved
3,3,0,0.6157629836325131,0.5870401367854975,0,interleaved
4,4,0,0.46674050440974507,0.4218020844745436,0,interleaved
5,5,0,0.035843645235512214,0.7533781801603874,0,interleaved
6,6,0,0.4647930338381449,0.41409087919284565,0,interleaved
7,7,0,0.0217752691473437,0.812097761090155,0,interleaved
8,8,0,0.056487498600536576,0.8343955082381009,0,interleaved
9,9,0,0.5715644666386726,0.7272513287997161,0,interleaved
10,10,0,0.9720709787466508,0.72755649189969,0,interleaved
11,11,0,0.6517111082586443,0.45313181310425266,0,interleaved
12,12,0,0.42437697754815595,0.6552141651579158,0,interleaved
13,13,0,0.4984895627160161,0.8363170345164239,0,interleaved
14,14,0,0.05277609762434734,0.6405394562042637,0,interleaved
15,15,0,0.36000130975688416,0.6194037870696638,0,interleaved
16,16,0,0.5027275767624637,0.6559925496463066,0,interleaved
17,17,0,0.6446554314343571,0.6001871272960814,0,interleaved
18,18,0,0.5146683777566281,0.7283102831807906,0,interleaved
19,19,0,0.48946672994750273,0.7068035192569038,0,interleaved
20,20,0,0.5064341023027286,0.6205984079870512,0,interleaved
21,21,0,0.8129702284286913,0.570033434901347,0,interleaved
22,22,0,0.08147631597837575,0.8448985143782868,0,interleaved
23,23,0,0.4963243953067574,0.9419758396187088,0,interleaved
24,24,0,0.44940085269591173,0.8656827225483794,0,interleaved
25,25,0,0.4592337416568494,0.4178805295480884,0,interleaved
26,26,0,0.48694349636824275,0.666463734673922,0,interleaved
27,27,0,0.3943456751126123,0.8919856050454211,0,interleaved
28,28,0,0.4167043368785861,1.020142745671068,0,interleaved
29,29,0,0.009825512880694115,0.8080247068869206,0,interleaved
30,30,0,0.9770090176907313,0.6473248286273481,0,interleaved
31,31,0,0.04892238799411913,0.8799261839201602,0,interleaved
32,32,0,0.43167070943316027,0.4596610792622779,0,interleaved
33,33,0,0.4014414228367894,0.7276889714493855,0,interleaved
34,34,0,0.5040617659460777,0.7981907695922565,0,interleaved
35,35,0,9.37651681377345e-06,1.3671503190379963,0,interleaved
36,36,0,0.5002353371078718,1.029651234087202,0,interleaved
37,37,0,0.5538168475979012,0.6888219385068293,0,interleaved
38,38,0,0.49947510449098564,0.7268345606935349,0,interleaved
39,39,0,0.7192866587461666,0.6784867225397798,0,interleaved
40,40,0,0.5155124246433883,0.8711516553407637,0,interleaved
41,41,0,0.4856463625342451,0.5996048315332347,0,interleaved
42,42,0,0.10602931990124942,1.2606313270290825,0,interleaved
43,43,0,0.0024353537552843046,1.119460811053657,0,interleaved
44,44,0,0.46715221984070116,0.6591931183134491,0,interleaved
45,45,0,0.18026585229467634,0.7286753322296948,0,interleaved
46,46,0,0.5575563959109788,0.3742000760170098,0,interleaved
47,47,0,0.9725541700904722,0.6349581200289882,0,interleaved
48,48,0,0.06758828946143361,0.7136891064138213,0,interleaved
49,49,0,0.2949570123539523,0.7607024429758007,0,interleaved
50,50,0,0.6367351980752425,0.7995366550802243,0,interleaved
51,51,0,0.9640149319982436,0.780654374757361,0,interleaved
52,52,0,0.040979481891078404,0.6182821657083788,0,interleaved
53,53,0,0.49169728839645044,0.6647135527506939,0,interleaved
54,54,0,0.21213527776047447,0.9115573659607275,0,interleaved
55,55,0,0.2904077387840952,0.7148096992782612,0,interleaved
56,56,0,0.5072373764078739,0.9519227480649918,0,interleaved
57,57,0,0.4526857533494202,0.597757318652998,0,interleaved
58,58,0,0.4960203692304435,0.4511975837399724,0,interleaved
59,59,0,0.013854122367318495,0.7185820907678075,0,interleaved
60,60,0,0.5089813297583403,0.6189848677186565,0,interleaved
61,61,0,0.005512018310466619,0.8220898480576685,0,interleaved
62,62,0,0.556184100425863,0.6238821160705483,0,interleaved
63,63,0,0.5242683945024369,0.5508654757923077,0,interleaved
64,64,0,0.002233163080509391,1.2429464178477097,0,interleaved
65,65,0,0.14316476122290617,1.0070124141773453,0,interleaved
66,66,0,0.23331606086304316,1.0374148615275036,0,interleaved
67,67,0,0.4996704986024869,0.73077553308074,0,interleaved
68,68,0,0.9839961073462806,0.8324744501582302,0,interleaved
69,69,0,0.9528136370303851,1.0789302539602394,0,interleaved
70,70,0,0.2488802443677401,0.8994668186493981,0,interleaved
71,71,0,0.4992652314049822,0.6554553632304869,0,interleaved
72,72,0,0.5335584633016165,0.7585853872453305,0,interleaved
73,73,0,0.29203666999346206,0.8179714086372843,0,interleaved
74,74,0,0.4771272598469261,0.6205525686611371,0,interleaved
75,75,0,0.8295879346302896,0.885347501845442,0,interleaved
76,76,0,0.2786349002256551,0.7700842384219315,0,interleaved
77,77,0,0.6511282571537669,0.5897010264967792,0,interleaved
78,78,0,0.4990459954149663,0.4880219772317369,0,interleaved
79,79,0,0.8436358602469728,0.6188606390002264,0,interleaved
80,80,0,0.2590325636504433,0.8135859953947366,0,interleaved
81,81,0,0.9951478397873487,0.7709604408279226,0,interleaved
82,82,0,0.15768360668107753,0.7714201501481042,0,interleaved
83,83,0,0.896798375992721,0.4671627222882653,0,interleaved
84,84,0,0.5995187834445093,0.4724367479342986,0,interleaved
85,85,0,0.7685224034188811,0.6063502924567672,0,interleaved
86,86,0,0.40917921621391884,0.599981965343517,0,interleaved
87,87,0,0.9791090392945113,0.596737872557529,0,interleaved
88,88,0,0.7343347649345585,0.42281862640400875,0,interleaved
89,89,0,0.8930468161481748,0.671127165099827,0,interleaved
90,90,0,0.4638203572449634,0.6836328293948669,0,interleaved
91,91,0,0.9890112722056662,0.3478689889657403,0,interleaved
92,92,0,0.230331661492649,0.8631269508169497,0,interleaved
93,93,0,0.1366721543128349,0.4310055595703965,0,interleaved
94,94,0,0.8073754138614881,0.6378667126111912,0,interleaved
95,95,0,0.40249312482456984,0.625682613316168,0,interleaved
96,96,0,0.558169500321671,0.535651131248918,0,interleaved
97,97,0,0.8191398288327731,0.7580585059534861,0,interleaved
98,98,0,0.9528073236154695,0.7209093059748024,0,interleaved
99,99,0,0.965256358091751,0.7441229039898569,0,interleaved
100,100,0,0.5990844215062128,0.6951754904102132,0,interleaved
101,101,0,0.5040977637192854,0.7001308779266272,0,interleaved
102,102,0,0.7172617353320848,0.5353933397502746,0,interleaved
103,103,0,0.18866944131602317,0.5731983827114355,0,interleaved
104,104,0,0.5867226794692522,0.7773261767728191,0,interleaved
105,105,0,0.8955178785856868,0.7336010106243767,0,interleaved
106,106,0,0.8209928566466567,0.5020167210488016,0,interleaved
107,107,0,0.5043272952652452,0.46492518461390536,0,interleaved
108,108,0,0.28649263054298435,0.5547828678781235,0,interleaved
109,109,0,0.49793434491840294,0.5507645581984955,0,interleaved
110,110,0,0.7033524702539309,0.7983225731561953,0,interleaved
111,111,0,0.4940609585103809,0.5995841469404046,0,interleaved
112,112,0,0.5504172750282939,0.44218258354760775,0,interleaved
113,113,0,0.042356369098901475,0.6684857035886862,0,interleaved
114,114,0,0.8867418211220165,0.5745545552003977,0,interleaved
115,115,0,0.7837542620845991,0.47603960680807433,0,interleaved
116,116,0,0.49426920639495325,0.8441683348742721,0,interleaved
117,117,0,0.01936038211950525,0.9862962189513907,0,interleaved
118,118,0,0.24471799895863805,0.499698974851078,0,interleaved
119,119,0,0.9366449104729637,0.5668316900404404,0,interleaved
120,120,0,0.5678733320554846,0.4772678298710731,0,interleaved
121,121,0,0.4340358693138683,0.5662595277919817,0,interleaved
122,122,0,0.4721693514754384,0.5989902549596005,0,interleaved
123,123,0,0.07499624421500156,0.6738140981414826,0,interleaved
124,124,0,0.5163113324431785,0.6311632555899411,0,interleaved
125,125,0,0.5001837745763166,0.593156360634767,0,interleaved
126,126,0,0.5491705823124573,0.5013821510223218,0,interleaved
127,127,0,0.5707629440288883,0.5859864208061414,0,interleaved
128,128,0,0.5033475267890872,0.3708249648434987,0,interleaved
129,129,0,0.9970692995259542,0.6550639710934683,0,interleaved
130,130,0,0.9214278530770248,0.42978797367197086,0,interleaved
131,131,0,0.4964288075117528,0.6231813235764367,0,interleaved
132,132,0,0.47057019560557617,0.6139300695315028,0,interleaved
133,133,0,0.8424189600217618,0.44925423333176134,0,interleaved
134,134,0,0.4757833236512162,0.5734277452650074,0,interleaved
135,135,0,0.4389949608046877,0.6879293832335395,0,interleaved
136,136,0,0.4420317225464674,0.4189605680124214,0,interleaved
137,137,0,0.49951827046591024,0.6440950781971221,0,interleaved
138,138,0,0.2767751571465163,0.5757451442879628,0,interleaved
139,139,0,0.7252295895107344,0.24005705461930152,0,interleaved
140,140,0,0.5463767992679608,0.623299857162362,0,interleaved
141,141,0,0.7734428903991604,0.5181802656845198,0,interleaved
142,142,0,0.5153971972666851,0.7278696829289937,0,interleaved
143,143,0,0.4238729124939632,0.5377456126459914,0,interleaved
144,144,0,0.2567604116088029,0.6207427877251197,0,interleaved
145,145,0,0.052093085974816926,1.0614708324743232,0,interleaved
146,146,0,0.8148731615996128,0.532943003784539,0,interleaved
147,147,0,0.8797989994866092,0.6676500514916621,0,interleaved
148,148,0,0.05696589525278978,0.656642456842391,0,interleaved
149,149,0,0.49854856313677065,0.655988114645857,0,interleaved
150,150,0,0.8116005808104909,0.6493699920478966,0,interleaved
151,151,0,0.7829571708015299,0.5802222183424202,0,interleaved
152,152,0,0.55263943971216,0.30406172476658255,0,interleaved
153,153,0,0.981691568457816,0.4065994050435706,0,interleaved
154,154,0,0.6118297705692881,0.4372898812677962,0,interleaved
155,155,0,0.027201163395297462,0.7242138697306288,0,interleaved
156,156,0,0.6539206960781904,0.5435524413345633,0,interleaved
157,157,0,0.9892848504556863,0.4390603975707334,0,interleaved
158,158,0,0.6589901933049576,0.5902909581559161,0,interleaved
159,159,0,0.652480610906935,0.6037252140300386,0,interleaved
160,160,0,0.28910879765267844,0.7984200170380984,0,interleaved
161,161,0,0.4996201516899942,0.7365106014963447,0,interleaved
162,162,0,0.7260723061667487,0.5824028090250453,0,interleaved
163,163,0,0.7333297399456457,0.5122317563938563,0,interleaved
164,164,0,0.49055020654320636,0.5328076920237245,0,interleaved
165,165,0,0.4216466274416148,0.44528464610489427,0,interleaved
166,166,0,0.956988479507068,0.4452243680899506,0,interleaved
167,167,0,0.14173203380876284,0.6622500421590615,0,interleaved
168,168,0,0.6048860744162683,0.3101478869668476,0,interleaved
169,169,0,0.5028184389996613,0.7983690516947819,0,interleaved
170,170,0,0.9604189057302339,0.5891826614621463,0,interleaved
171,171,0,0.44469349408484904,0.6616703276249096,0,interleaved
172,172,0,0.7458814180860326,0.5330732483670019,0,interleaved
173,173,0,0.9991402242398599,0.42031097290668334,0,interleaved
174,174,0,0.32157103913584634,0.6545435919451765,0,interleaved
175,175,0,0.07541077287090507,0.7215887192064153,0,interleaved
176,176,0,0.5182564028204137,0.5629974808548299,0,interleaved
177,177,0,0.04027378610383458,0.5717794715050789,0,interleaved
178,178,0,0.9861728877349034,0.42066381232020994,0,interleaved
179,179,0,0.47137173201086696,0.4679818515576834,0,interleaved
180,180,0,0.4238496403927432,0.47407526239691705,0,interleaved
181,181,0,0.11828927724398208,0.5586289931044569,0,interleaved
182,182,0,0.23025034098510663,0.47913293910263277,0,interleaved
183,183,0,0.9379437850338903,0.5296780628729622,0,interleaved
184,184,0,0.879419921096288,0.44938757955453756,0,interleaved
185,185,0,0.4899592898252774,0.6158899689904624,0,interleaved
186,186,0,0.9997452481866907,0.5186173763335675,0,interleaved
187,187,0,0.689535518095812,0.3817273442062855,0,interleaved
188,188,0,0.774942452431323,0.5127006407544883,0,interleaved
189,189,0,0.6095583177529647,0.40299705206612474,0,interleaved
190,190,0,0.5739668505540471,0.4667462279396821,0,interleaved
191,191,0,0.7752131921043173,0.48275715196824953,0,interleaved
192,192,0,0.3408000430862529,0.5718150753172571,0,interleaved
193,193,0,0.9002135357965577,0.3527460788213057,0,interleaved
194,194,0,0.6410275127887616,0.2867183593511584,0,interleaved
195,195,0,0.36768177376059663,0.48707180031465,0,interleaved
196,196,0,0.5325403429734017,0.7679996349527023,0,interleaved
197,197,0,0.5299421567642432,0.5043606978402202,0,interleaved
198,198,0,0.9869923250444141,0.5923990885341968,0,interleaved
199,199,0,0.8438362968947581,0.6019884885710944,0,interleaved
200,0,0,0.46669973770690293,0.659181637385378,0,blocked
201,1,0,0.40810065899520254,0.3979069045868763,0,blocked
202,2,0,0.11931585607035064,0.6533274640452438,0,blocked
203,3,0,0.5037995246970742,0.49918350376104026,0,blocked
204,4,0,0.5043884345418754,0.4960704012176659,0,blocked
205,5,0,0.4986390759591673,0.8705076685244741,0,blocked
206,6,0,0.47620013374444975,0.8535403273158563,0,blocked
207,7,0,0.2058247947471827,0.6812537460790484,0,blocked
208,8,0,0.5700054446049019,0.7172507494978948,0,blocked
209,9,0,0.5331699040789338,0.9927031003022107,0,blocked
210,10,0,0.368738890589028,1.0744631545998364,0,blocked
211,11,0,0.09560957733035945,0.9722229736494747,0,blocked
212,12,0,0.629315700356876,0.5493506282625161,0,blocked
213,13,0,0.6418866035846692,0.4585662560597425,0,blocked
214,14,0,0.1643080101600312,0.9426789365094773,0,blocked
215,15,0,0.5083573818964127,0.5756746812420215,0,blocked
216,16,0,0.39508922787053924,0.6897605673774251,0,blocked
217,17,0,0.7871694902043176,0.49655305570238706,0,blocked
218,18,0,0.05296296159334245,0.7399186909915674,0,blocked
219,19,0,0.5111741966161674,0.607817722933228,0,blocked
220,20,0,0.6271597441997624,0.6072353189981691,0,blocked
221,21,0,0.526784653027146,0.6530563390457268,0,blocked
222,22,0,0.3736734848868841,0.4574943634931838,0,blocked
223,23,0,0.5935844626049575,0.6351938968431018,0,blocked
224,24,0,0.2746216335542507,0.8313318309286024,0,blocked
225,25,0,0.6444710406498229,0.681045907724722,0,blocked
226,26,0,0.5734397238561857,0.5489721838392478,0,blocked
227,27,0,0.8664588213352515,0.5209822982724868,0,blocked
228,28,0,0.8721986729167828,0.6844168618366508,0,blocked
229,29,0,0.9906423883974881,0.7258882187800966,0,blocked
230,30,0,0.8018655683631829,0.5450017442285904,0,blocked
231,31,0,0.03771225944758131,0.8197943505298875,0,blocked
232,32,0,0.6866549096898932,0.5326480341854638,0,blocked
233,33,0,0.5605325359031708,0.49829050183623824,0,blocked
234,34,0,0.8246752548552483,0.6392052501596907,0,blocked
235,35,0,0.38346796682117,0.7611151712125019,0,blocked
236,36,0,0.9603440242222715,0.7160218835227252,0,blocked
237,37,0,0.5648433680904505,0.6090824687017709,0,blocked
238,38,0,0.4978611754007015,0.5932458895726092,0,blocked
239,39,0,0.9284328326290197,0.5998995789236945,0,blocked
240,40,0,0.013299008841874049,0.4779998438467711,0,blocked
241,41,0,0.30342564244743514,0.6626743550793274,0,blocked
242,42,0,0.9843806652869285,0.6147174189535978,0,blocked
243,43,0,0.5014071789649869,0.7336523322004664,0,blocked
244,44,0,0.5104818009489812,0.6612617117630568,0,blocked
245,45,0,0.2644655388873927,0.5564931526124061,0,blocked
246,46,0,0.4499754683454748,0.6973034107722784,0,blocked
247,47,0,0.49785827563569757,0.7562541593949879,0,blocked
248,48,0,0.15843472897438862,0.7652848161824423,0,blocked
249,49,0,0.9540468624137626,0.4385215766577015,0,blocked
250,50,0,0.9501992052093822,0.4952928772151737,0,blocked
251,51,0,0.047365957902435335,0.6912555278205696,0,blocked
252,52,0,0.058951767517543815,0.4517578907591676,0,blocked
253,53,0,0.7551757521185944,0.4767735664078864,0,blocked
254,54,0,0.5702678780362311,0.3641821328407082,0,blocked
255,55,0,0.6096456887282435,0.3966814207740842,0,blocked
256,56,0,0.8016002262067381,0.3861291050089616,0,blocked
257,57,0,0.9238032781829029,0.4360347351058943,0,blocked
258,58,0,0.3811993377335157,0.6442165520730805,0,blocked
259,59,0,0.4999787262935977,0.9876977502201933,0,blocked
260,60,0,0.2658846294391433,0.7277954151546571,0,blocked
261,61,0,8.89784166612368e-05,0.8114234599051704,0,blocked
262,62,0,0.6882397149572755,0.4120691159346344,0,blocked
263,63,0,0.5778669228953289,0.5157535170013903,0,blocked
264,64,0,0.3447740268215182,0.5446782159956652,0,blocked
265,65,0,0.9872540192854175,0.5867721935667815,0,blocked
266,66,0,0.18355860597247511,0.6599671436652579,0,blocked
267,67,0,0.4878795318334848,0.5007045257419143,0,blocked
268,68,0,0.9870973349513708,0.657000027742481,0,blocked
269,69,0,0.500958197098856,0.6275412084079561,0,blocked
270,70,0,0.4982855956750315,0.7930385923210408,0,blocked
271,71,0,0.34064789141679697,0.5479573499651081,0,blocked
272,72,0,0.6134585226061329,0.3996088484137952,0,blocked
273,73,0,0.9907152486362033,0.4083535033290991,0,blocked
274,74,0,0.8720418436912556,0.348311145803894,0,blocked
275,75,0,0.6704602779728936,0.5813120029711801,0,blocked
276,76,0,0.5458228752335208,0.6248654468342272,0,blocked
277,77,0,0.03138262682747243,0.5469854847570106,0,blocked
278,78,0,0.9653502861309543,0.3845287879091104,0,blocked
279,79,0,0.9980740001828623,0.34546615851308216,0,blocked
280,80,0,0.8171365609379864,0.6417904180982441,0,blocked
281,81,0,0.4976783123344318,0.6989622603443816,0,blocked
282,82,0,0.9984627679543068,0.6645957540882407,0,blocked
283,83,0,0.9845774133271283,0.7050891534533087,0,blocked
284,84,0,0.5006098097045529,0.8767880905285932,0,blocked
285,85,0,0.5897542630339382,0.6901456762954021,0,blocked
286,86,0,0.4508138217151864,0.8565220628629435,0,blocked
287,87,0,0.6770849072881696,0.4546717791805437,0,blocked
288,88,0,0.43216403920249447,0.5417071263145754,0,blocked
289,89,0,0.47575857146681294,0.5058467083008226,0,blocked
290,90,0,0.2107201510062615,0.5526476137481628,0,blocked
291,91,0,0.4116602506722431,0.6632361985265096,0,blocked
292,92,0,0.8731850206494988,0.5325640250093218,0,blocked
293,93,0,0.8666666904003942,0.4536432128256326,0,blocked
294,94,0,0.6948925312892666,0.5635853593291399,0,blocked
295,95,0,0.29533649835201214,0.5911001246633358,0,blocked
296,96,0,0.49762302470701447,0.7381644387553166,0,blocked
297,97,0,0.4683585655924951,0.38981939645786245,0,blocked
298,98,0,0.4876540234425449,0.46218749441313384,0,blocked
299,99,0,0.5247764055517824,0.5556140307309679,0,blocked
300,100,0,0.40989801150068117,0.7060298729078558,0,blocked
301,101,0,0.5117744356065708,0.7978211320760069,0,blocked
302,102,0,0.5000918589350514,0.9539197074424624,0,blocked
303,103,0,0.9696338871366557,0.5070472549093346,0,blocked
304,104,0,0.4642397705715743,0.5219843991479791,0,blocked
305,105,0,0.09891021131160235,0.6133258853487975,0,blocked
306,106,0,0.46741312221685594,0.7464768703796759,0,blocked
307,107,0,0.5271601680570108,0.6295447951682911,0,blocked
308,108,0,0.9833965881263016,0.5953256274057361,0,blocked
309,109,0,0.3997169749051707,0.8164122796345801,0,blocked
310,110,0,0.9852846126845063,0.7642333384593774,0,blocked
311,111,0,0.2778183349269462,0.5636806048386611,0,blocked
312,112,0,0.49229930574216474,0.693322501483142,0,blocked
313,113,0,0.626003561733236,0.768967525418491,0,blocked
314,114,0,0.9864586734038758,0.6817491605298032,0,blocked
315,115,0,0.197504862900589,0.7517060872117141,0,blocked
316,116,0,0.3835870173173523,0.5017564936533844,0,blocked
317,117,0,0.5787471601557412,0.618157933327391,0,blocked
318,118,0,0.7471054524986865,0.5388041612023975,0,blocked
319,119,0,0.7464328436444597,0.6173871388833179,0,blocked
320,120,0,0.4117762339082374,0.5356062599019731,0,blocked
321,121,0,0.7834891008701366,0.5335269514296883,0,blocked
322,122,0,0.0010975002487474703,0.7197431012209445,0,blocked
323,123,0,0.04041305266921852,0.7159424888397267,0,blocked
324,124,0,0.9919075221753202,0.6100548596871345,0,blocked
325,125,0,0.3050115790795649,0.5859338592738452,0,blocked
326,126,0,0.9919931915260937,0.712527737444544,0,blocked
327,127,0,0.9118733222781286,0.6730922471966132,0,blocked
328,128,0,0.2926884945549225,0.48238848923927014,0,blocked
329,129,0,0.9879075095658704,0.4438532591586116,0,blocked
330,130,0,0.41593972237380117,0.5375727198848443,0,blocked
331,131,0,0.803599226987554,0.5896731355421073,0,blocked
332,132,0,0.27962945394254146,0.5809195459829686,0,blocked
333,133,0,0.0874458573113276,0.7418210709055013,0,blocked
334,134,0,0.47240627438820504,0.5678172575208991,0,blocked
335,135,0,0.9816123253173876,0.6571831243594595,0,blocked
336,136,0,0.7901566775972455,0.3793052700650332,0,blocked
337,137,0,0.9976992248425831,0.2831618103533792,0,blocked
338,138,0,0.762865386894034,0.49406981357572366,0,blocked
339,139,0,0.7006098784393552,0.7422473082673371,0,blocked
340,140,0,0.9994985164370174,0.631316072283752,0,blocked
341,141,0,0.7790358246011055,0.49340093409380287,0,blocked
342,142,0,0.9952266055050143,0.3082495971619449,0,blocked
343,143,0,0.2898103658142717,0.4366313166561231,0,blocked
344,144,0,0.023524725721777103,0.6058459881787999,0,blocked
345,145,0,0.6557042992746136,0.46705803807787716,0,blocked
346,146,0,0.9519340424822915,0.5905097926115918,0,blocked
347,147,0,0.8904115763797481,0.5018826539440763,0,blocked
348,148,0,0.9470746365336962,0.556309329086979,0,blocked
349,149,0,0.8742892807558214,0.5326086919040032,0,blocked
350,150,0,0.5142395276651537,0.677146917562778,0,blocked
351,151,0,0.9054511951146351,0.6346930509247617,0,blocked
352,152,0,0.5951046688670207,0.3988895994853794,0,blocked
353,153,0,0.8973656922982104,0.33608792513407726,0,blocked
354,154,0,0.9556129295494326,0.6051560837528396,0,blocked
355,155,0,0.994787619964522,0.5106135157880116,0,blocked
356,156,0,0.757864727388879,0.44651509499026243,0,blocked
357,157,0,0.572698766001717,0.734238597445491,0,blocked
358,158,0,0.4994268566099063,0.6816022564520363,0,blocked
359,159,0,0.07824650341658075,0.7455511013501013,0,blocked
360,160,0,0.4999337557475391,1.023015492510777,0,blocked
361,161,0,0.5901882941025738,0.6825855058687058,0,blocked
362,162,0,0.7285915523388549,0.40421836391090177,0,blocked
363,163,0,0.9967660260266922,0.692122766193274,0,blocked
364,164,0,0.9659846789386817,0.36634417921594653,0,blocked
365,165,0,0.5523706557222866,0.39607374488327496,0,blocked
366,166,0,0.21454361155071136,0.5528006857777024,0,blocked
367,167,0,0.26862918665234015,0.5736496393482897,0,blocked
368,168,0,0.9721677386755778,0.4077704661214886,0,blocked
369,169,0,0.9854985517420738,0.3332437105645555,0,blocked
370,170,0,0.15896020243730094,0.6961354172058725,0,blocked
371,171,0,0.518487154986299,0.5908844418644016,0,blocked
372,172,0,0.6302992106711179,0.33337848384295976,0,blocked
373,173,0,0.9936983387353469,0.3637415357167078,0,blocked
374,174,0,0.931921115702113,0.7029300751344756,0,blocked
375,175,0,0.5147192798388772,0.45260008871104185,0,blocked
376,176,0,0.3697061802769737,0.4896579489003219,0,blocked
377,177,0,0.5832283512278162,0.379136407335264,0,blocked
378,178,0,0.0001805633110486729,0.8854413415966065,0,blocked
379,179,0,0.6843328010363132,0.4435239814601885,0,blocked
380,180,0,0.7971344156375293,0.44805589717836003,0,blocked
381,181,0,0.34456282111724246,0.6177496464028149,0,blocked
382,182,0,0.5439017579854801,0.7765217911713143,0,blocked
383,183,0,0.9832224414492696,0.5426422617279394,0,blocked
384,184,0,0.9167373139606253,0.38952876930202057,0,blocked
385,185,0,0.5320670515888389,0.3887745656288542,0,blocked
386,186,0,0.4251264182371446,0.7455041704655303,0,blocked
387,187,0,0.5065712642529011,0.535812385793178,0,blocked
388,188,0,0.34887466873019835,0.5731137915243139,0,blocked
389,189,0,0.2017329234068236,0.48835700267699556,0,blocked
390,190,0,0.708390148474282,0.6177908479593308,0,blocked
391,191,0,0.704513294123732,0.658861468678837,0,blocked
392,192,0,0.9738001497470139,0.24139938163297475,0,blocked
393,193,0,0.7332897503604975,0.3629714459737736,0,blocked
394,194,0,0.6132118722468604,0.4933610858906253,0,blocked
395,195,0,0.49917848063721193,0.5338689018425581,0,blocked
396,196,0,0.7500523444026952,0.3628672541569156,0,blocked
397,197,0,0.9352197510739073,0.3150682791219288,0,blocked
398,198,0,0.40950734053702176,0.40951660788949706,0,blocked
399,199,0,0.051038364223517756,0.47058342071186493,0,blocked
400,0,0,0.4722983775423409,0.7303731699223306,0,early
401,1,0,0.7144282503446802,0.40366089671901056,0,early
402,2,0,0.5405074515622917,0.47367858854474165,0,early
403,3,0,0.40850274089565497,0.476210481960581,0,early
404,4,0,0.8179176073913228,0.36286090649643066,0,early
405,5,0,0.49837340629585997,0.8805687263248034,0,early
406,6,0,0.7926197860299052,0.914661691383766,0,early
407,7,0,0.5074276458691046,0.5423005882386094,0,early
408,8,0,0.5255114243299707,0.5492299500785289,0,early
409,9,0,0.8292259930703322,0.7775583820757315,0,early
410,10,0,0.6073592387858933,0.45259128949390504,0,early
411,11,0,0.9386997115632594,0.46450881429026936,0,early
412,12,0,0.49807923202145,0.4681038721630031,0,early
413,13,0,0.39748924686699627,1.1538922804733853,0,early
414,14,0,0.021819563933844602,0.9044207265983613,0,early
415,15,0,0.9934038811563662,0.8004743333794213,0,early
416,16,0,0.04545067847036611,0.7370184482964055,0,early
417,17,0,0.24199470723711436,1.0582238347424608,0,early
418,18,0,0.9896740108469797,0.7056838552163022,0,early
419,19,0,0.4800919269424562,0.6391504261735019,0,early
420,20,0,0.06285701586902338,1.0058918336624811,0,early
421,21,0,0.09238418752827382,1.09246600070353,0,early
422,22,0,0.4793355273172261,1.0759602343789134,0,early
423,23,0,0.48830526963761844,0.7105453614569077,0,early
424,24,0,0.773436555894184,1.0117728817193232,0,early
425,25,0,0.6672336604477899,1.002608690494363,0,early
426,26,0,0.9719854197699755,0.7841800434926581,0,early
427,27,0,0.4383400329177062,0.7632820350475732,0,early
428,28,0,0.5115547828238343,0.6843679047919495,0,early
429,29,0,0.7557281021869113,0.7348017352072651,0,early
430,30,0,0.24262432151909918,1.0467716975151828,0,early
431,31,0,0.9999630071984049,0.7205543339846237,0,early
432,32,0,0.8694724601853607,0.45535536987527725,0,early
433,33,0,0.0072914063456623246,0.88667779009923,0,early
434,34,0,0.0031764035523540843,1.0610838930652546,0,early
435,35,0,0.9999505577268877,0.41848825324244754,0,early
436,36,0,0.0044742065855525185,0.8477362176218213,0,early
437,37,0,0.25262544565827394,0.6426342915757903,0,early
438,38,0,0.0006245119781615853,0.9649215758148824,0,early
439,39,0,0.43553292319716197,1.0518549485852158,0,early
440,40,0,0.16883334361956304,0.9463931546486358,0,early
441,41,0,0.0028674217999741345,1.0119218576465945,0,early
442,42,0,0.8453017800171122,0.4778293733627489,0,early
443,43,0,0.18501347582175817,0.9434450051515284,0,early
444,44,0,0.4468897248845107,0.8707137558995262,0,early
445,45,0,0.17143981216691997,0.9370343094336997,0,early
446,46,0,0.5171759687247314,0.8054092222917928,0,early
447,47,0,0.7043659708960741,0.719438148576343,0,early
448,48,0,0.9307457253971729,0.9846302166329861,0,early
449,49,0,0.6381280506701776,0.5074655719384576,0,early
450,50,0,0.9289101869253915,0.6018832119299298,0,early
451,51,0,0.9820825505098252,0.6997517486889999,0,early
452,52,0,0.7946232488502762,0.39219963211705966,0,early
453,53,0,0.5020480361298111,0.9310961833466507,0,early
454,54,0,0.5134804958226445,0.9771275283903234,0,early
455,55,0,0.9978099073197053,0.4706399172420799,0,early
456,56,0,0.45835629912857234,0.7180135538333536,0,early
457,57,0,0.7075578714967354,0.8842252075653534,0,early
458,58,0,0.30252290616332544,0.8666141668595091,0,early
459,59,0,0.9256532855973585,0.8301422060411381,0,early
460,60,0,0.8425121579112416,0.6165537948571315,0,early
461,61,0,0.9967870581834699,0.8050508889738027,0,early
462,62,0,0.5776659596385118,0.7991908861651236,0,early
463,63,0,0.007272502003722598,0.9069899769150958,0,early
464,64,0,0.5668436841279284,0.505477360827006,0,early
465,65,0,0.49945842808457896,0.9956993913621581,0,early
466,66,0,0.49085245994125853,1.3375046232653434,0,early
467,67,0,0.15959223957939875,0.5231861739384462,0,early
468,68,0,0.9972493228080108,0.751579753909084,0,early
469,69,0,0.983330630950846,0.7838383041147279,0,early
470,70,0,0.07815716638001699,0.7925799884581222,0,early
471,71,0,0.9764850239529301,0.7890724154244528,0,early
472,72,0,0.4893680376302261,0.7322448648861387,0,early
473,73,0,0.9995466641709515,0.7441186597015235,0,early
474,74,0,0.4881703454624289,1.038634068994526,0,early
475,75,0,0.5014704195810801,0.7323497326795749,0,early
476,76,0,0.8253564984664464,0.7292586098654715,0,early
477,77,0,0.4146573538231474,0.8249010116972881,0,early
478,78,0,0.5523084167328015,0.4885891470122563,0,early
479,79,0,0.6411310362868589,0.7843637149617864,0,early
480,80,0,0.05019004511110546,0.6350368050279984,0,early
481,81,0,0.5326134531840759,0.6920966872921575,0,early
482,82,0,0.346927646550154,0.5208932823414609,0,early
483,83,0,0.22271274889522039,0.667434483372354,0,early
484,84,0,0.5477037028494771,1.3144685773297204,0,early
485,85,0,0.7404342389392863,0.6743833057870189,0,early
486,86,0,0.41389793867261654,0.4819611060557316,0,early
487,87,0,0.09278982839987507,0.8577017813836207,0,early
488,88,0,0.9699637303569997,0.6545041010643405,0,early
489,89,0,0.5063350551623178,0.6835560418062243,0,early
490,90,0,0.2370148472675859,0.9117061214589159,0,early
491,91,0,0.9756090685205111,0.881406967585016,0,early
492,92,0,0.11568874690956943,0.5876583301738605,0,early
493,93,0,0.912079762490295,0.560354699743123,0,early
494,94,0,0.14444461991244198,0.7050270143414623,0,early
495,95,0,0.5086925173879255,0.9113217102727046,0,early
496,96,0,0.4751812824334958,0.9045610338986931,0,early
497,97,0,0.6756591899392445,0.5099085548482691,0,early
498,98,0,0.6001369011760193,0.5235870755001961,0,early
499,99,0,0.5309399481538232,0.8123716390712387,0,early
500,100,0,0.3077359453672284,0.5832194961511117,0,early
501,101,0,0.7107270753995731,0.532200789364146,0,early
502,102,0,0.5527931700452982,0.47506775812290625,0,early
503,103,0,0.7315515739118575,0.6161239928164559,0,early
504,104,0,0.509412738560308,0.7261288716114991,0,early
505,105,0,0.9839332963965407,0.5084511328336314,0,early
506,106,0,0.9925478022970522,0.3949746385493839,0,early
507,107,0,0.9926821568183379,0.6001367241027316,0,early
508,108,0,0.9789251980791704,0.47625762555704043,0,early
509,109,0,0.9956265524524426,0.4724966713701595,0,early
510,110,0,0.5152712488095348,0.5527908200379597,0,early
511,111,0,0.5063495936388281,0.5338705059854548,0,early
512,112,0,0.5078403782050693,0.4913978120434733,0,early
513,113,0,0.03916278788973183,0.58519063283984,0,early
514,114,0,0.9926926249873048,0.5962360682868539,0,early
515,115,0,0.8010202171219343,0.3291677501967273,0,early
516,116,0,0.7642131677017013,0.3011997973955539,0,early
517,117,0,0.893645616270129,0.3872164250910345,0,early
518,118,0,0.9982712650348793,0.6312123760984087,0,early
519,119,0,0.952771186541362,0.5331123390478286,0,early
520,120,0,0.8527746152583737,0.42724324945283076,0,early
521,121,0,0.5085555648198493,0.6882784531498118,0,early
522,122,0,0.41801267249313306,0.6781542120121118,0,early
523,123,0,0.9800945962694492,0.7597296980432477,0,early
524,124,0,0.8483116477538046,0.5386721051849952,0,early
525,125,0,0.6540821697933483,0.43405622878961664,0,early
526,126,0,0.631229116799888,0.4180778110144697,0,early
527,127,0,0.9812414417440205,0.8265883207777671,0,early
528,128,0,0.5516353846998011,0.5694516149178458,0,early
529,129,0,0.5032292746055795,0.546384659182022,0,early
530,130,0,0.5027953078045847,0.42746277894055185,0,early
531,131,0,0.7725511142057035,0.497924569314003,0,early
532,132,0,0.29421135460350456,0.8457267379362977,0,early
533,133,0,0.8202566028123792,0.8142584961723134,0,early
534,134,0,0.5014762834027893,0.85130543989471,0,early
535,135,0,0.499855424884657,0.6652078827068987,0,early
536,136,0,0.5338801262141258,0.5550791094766335,0,early
537,137,0,0.9253797791427726,0.24118831811603367,0,early
538,138,0,0.5520616377218026,0.5215843506798444,0,early
539,139,0,0.5342540615851044,0.7294257798598145,0,early
540,140,0,0.4948354412462033,0.7205404973402086,0,early
541,141,0,0.5085498431527805,0.4702456175985942,0,early
542,142,0,0.5042782681485168,0.6702414545748335,0,early
543,143,0,0.27900706835776595,0.7538454302647757,0,early
544,144,0,0.8082247463485919,0.7925827643885961,0,early
545,145,0,0.6943157862473208,0.5099348000916526,0,early
546,146,0,0.4683310489354483,0.49863579859605067,0,early
547,147,0,0.9347033432820949,0.5420177373710386,0,early
548,148,0,0.5126710849339454,0.6857734694805758,0,early
549,149,0,0.45728403882795365,0.5624595038146865,0,early
550,150,0,0.47668880016914317,0.7448862503281365,0,early
551,151,0,0.9969277873702489,0.7704107756761611,0,early
552,152,0,0.5078776531621798,0.7816047833387029,0,early
553,153,0,0.7904095742215563,0.7182697061213432,0,early
554,154,0,0.9991193890988155,0.6102919790742025,0,early
555,155,0,0.5000391646863775,0.671271889004075,0,early
556,156,0,0.4569843021610082,0.4639235749646391,0,early
557,157,0,0.7061653711594138,0.5729009611060581,0,early
558,158,0,0.97785739397485,0.4255482500942052,0,early
559,159,0,0.9579182425347569,0.3921113674571947,0,early
560,160,0,0.6625991847976457,0.5669499856946307,0,early
561,161,0,0.35531742902344493,0.8294923275562682,0,early
562,162,0,0.7832806612899368,0.6325489021072492,0,early
563,163,0,0.585864743020092,0.700651406760131,0,early
564,164,0,0.741423820772946,0.6322424676235803,0,early
565,165,0,0.4444239153176234,0.5190289233317824,0,early
566,166,0,0.5443452612363258,0.7476762504937301,0,early
567,167,0,0.5565316071735152,0.643187045206381,0,early
568,168,0,0.6009161817907142,0.5901309273348012,0,early
569,169,0,0.5010423798977062,0.5202845748136558,0,early
570,170,0,0.6663816403539198,0.5414573666797532,0,early
571,171,0,0.5013805767931925,1.020491708137493,0,early
572,172,0,0.04056776551337909,0.8550353058399847,0,early
573,173,0,0.19433170819470177,0.8234977805073433,0,early
574,174,0,0.47498819028149364,0.8027590448744417,0,early
575,175,0,0.5010855444939306,0.9328977990198388,0,early
576,176,0,0.9683093627227127,0.6017441938979837,0,early
577,177,0,0.9995764439116339,0.42568715906049187,0,early
578,178,0,0.6166445130359008,0.6559910010757056,0,early
579,179,0,0.5054916038663488,0.8601252226292396,0,early
580,180,0,0.5377126108247071,0.6203388337714808,0,early
581,181,0,0.5564485189386621,0.41206532339866175,0,early
582,182,0,0.3387142217381373,0.72525751250475,0,early
583,183,0,0.8787179737139623,0.4000644590174593,0,early
584,184,0,0.9992108245173738,0.4633911188624753,0,early
585,185,0,0.8838025927452589,0.516653453298247,0,early
586,186,0,0.5258615553435751,0.4295553088429712,0,early
587,187,0,0.9779318670253657,0.26543564062187,0,early
588,188,0,0.47420667821532725,0.4228927204476455,0,early
589,189,0,0.35911903295817443,0.714001243035613,0,early
590,190,0,0.8983162123252016,0.6392046272116958,0,early
591,191,0,0.5012218728569171,0.7916807741689764,0,early
592,192,0,0.5156700967816524,0.45931999125516676,0,early
593,193,0,0.86585317479242,0.40665846630315,0,early
594,194,0,0.9955323817167507,0.45566405774832763,0,early
595,195,0,0.848341549304136,0.3526324414964568,0,early
596,196,0,0.9763818400002477,0.6211035865585252,0,early
597,197,0,0.6562942427312692,0.568061417202977,0,early
598,198,0,0.9635219331636784,0.5511906593043321,0,early
599,199,0,0.47220227323106173,0.7016822511592666,0,early
600,0,0,0.995099845220673,0.5908801586936276,0,middle
601,1,0,0.5141091859210326,0.5979828885935148,0,middle
602,2,0,0.5778964245757496,0.5696824785106678,0,middle
603,3,0,0.28012557508678604,0.48300412776971263,0,middle
604,4,0,0.19643064328516668,0.4558550620637076,0,middle
605,5,0,0.5001507229853149,0.4226738792702638,0,middle
606,6,0,0.6394049593292184,0.3701991464487013,0,middle
607,7,0,0.43072272124410527,0.45781690791950425,0,middle
608,8,0,0.03481717396518359,0.8025991976631656,0,middle
609,9,0,0.8498592155449474,0.48191419580442746,0,middle
610,10,0,0.5559349995860055,0.5304720352181528,0,middle
611,11,0,0.49867216442193824,0.781654442630588,0,middle
612,12,0,0.7285184136865821,0.7517077929201325,0,middle
613,13,0,0.07670446494737396,0.8311288305921687,0,middle
614,14,0,0.503168343211815,0.6091078486912184,0,middle
615,15,0,0.3526149312343395,0.8659656441279451,0,middle
616,16,0,0.5845661756265164,0.9724446167865515,0,middle
617,17,0,0.43649014063349084,0.7453235554690972,0,middle
618,18,0,0.8873806121259923,0.5653478881351368,0,middle
619,19,0,0.5034138834113198,0.65835317297035,0,middle
620,20,0,0.486289185187917,0.8588926467381863,0,middle
621,21,0,0.5044460456955151,1.03312368244921,0,middle
622,22,0,0.2144063277178834,0.8222725340969981,0,middle
623,23,0,0.14928600525419028,0.8397793440374286,0,middle
624,24,0,0.11143197712478634,0.6942672283187667,0,middle
625,25,0,0.4908178707963438,0.6793530136512469,0,middle
626,26,0,0.9939680939450302,0.36741114009604114,0,middle
627,27,0,0.7893462449665546,0.5128718419078487,0,middle
628,28,0,0.9998967690646416,0.7685710137227546,0,middle
629,29,0,0.491060187913751,0.8178945577668436,0,middle
630,30,0,0.06256860667563034,1.1823439042469008,0,middle
631,31,0,0.49998086629507216,0.7727271698176424,0,middle
632,32,0,0.986292211806929,0.6440071759985099,0,middle
633,33,0,0.5924142605687314,0.550342074497392,0,middle
634,34,0,0.09544021048816981,0.6628832592983714,0,middle
635,35,0,0.340606347807202,0.7292177729859456,0,middle
636,36,0,0.23199926237386082,0.5481698810054803,0,middle
637,37,0,0.49647454560392534,0.567060067655598,0,middle
638,38,0,0.605881072522104,0.3446800849008924,0,middle
639,39,0,0.5001599016940286,0.9853503129193293,0,middle
640,40,0,0.2693212095696362,1.2634457850240866,0,middle
641,41,0,0.26085608930915993,0.9194882966547093,0,middle
642,42,0,0.9999998601065454,1.270128883992351,0,middle
643,43,0,0.9993582647537798,0.7296526518690123,0,middle
644,44,0,0.7706544323994209,0.8465799588630373,0,middle
645,45,0,0.021389891622780495,0.7140633915531082,0,middle
646,46,0,0.9942058932058327,0.43825623630746546,0,middle
647,47,0,0.8548718978692351,0.5866109451331851,0,middle
648,48,0,0.50915847956284,0.5992551292151879,0,middle
649,49,0,0.9441412164732312,0.5607330971240954,0,middle
650,50,0,0.40466724060075454,0.7751680378125609,0,middle
651,51,0,0.7782939088139593,0.47359012945704215,0,middle
652,52,0,0.9857609925248847,0.3050924407172355,0,middle
653,53,0,0.039947951938138236,0.9049364676404178,0,middle
654,54,0,0.46613726754876966,0.8555399102617693,0,middle
655,55,0,0.04093049625606787,0.6272507493660697,0,middle
656,56,0,0.9843462242342553,1.095242330133133,0,middle
657,57,0,0.45647336974236574,1.0714476528104881,0,middle
658,58,0,0.6180430771821037,0.8481659348583901,0,middle
659,59,0,0.9527760651453852,0.45396143652233856,0,middle
660,60,0,0.9958961538611859,1.0318381354262662,0,middle
661,61,0,0.5289707432144672,1.1946797900264503,0,middle
662,62,0,0.48545487017145783,0.8279164613209335,0,middle
663,63,0,0.5108072434039407,0.6148433809662194,0,middle
664,64,0,0.25720588778773673,0.7530053431186318,0,middle
665,65,0,0.00033394688971573084,0.8398197093588903,0,middle
666,66,0,0.16367175840811574,0.5268491007388365,0,middle
667,67,0,0.999982700877095,0.6766621910266075,0,middle
668,68,0,0.8798877707202231,0.48623563738118236,0,middle
669,69,0,0.9877634420388586,0.3871168314564398,0,middle
670,70,0,0.9984493816353108,0.38140148795849454,0,middle
671,71,0,0.9912586771355761,0.5634475195761118,0,middle
672,72,0,0.9474316119324446,0.5953308079833374,0,middle
673,73,0,0.041190595479713585,0.6442451258771311,0,middle
674,74,0,0.6790461877937414,0.6637067873711235,0,middle
675,75,0,0.9769564157683067,0.3996969876223124,0,middle
676,76,0,0.9994452309096196,0.49342224378608257,0,middle
677,77,0,0.42802036574396707,0.586295782303211,0,middle
678,78,0,0.9922910481150184,0.38432080020847365,0,middle
679,79,0,0.9947327218437827,0.5032518646596243,0,middle
680,80,0,0.4965782361789849,0.8129432753939569,0,middle
681,81,0,0.85855815750267,0.5971376492431214,0,middle
682,82,0,0.24109813848718797,0.5532718452652936,0,middle
683,83,0,0.19561457957784098,0.5872625185899789,0,middle
684,84,0,0.24967882348671394,0.5135207846291936,0,middle
685,85,0,0.8345651882991464,0.3857108089656017,0,middle
686,86,0,0.7136640331764407,0.8685971985335937,0,middle
687,87,0,0.5006307100749147,0.8078166158691857,0,middle
688,88,0,0.5046121142288829,0.7737381566657819,0,middle
689,89,0,0.5009134557450883,0.738723788499394,0,middle
690,90,0,0.49819074176975137,0.7384848109361632,0,middle
691,91,0,0.6210981348756413,0.7470099045524923,0,middle
692,92,0,0.5745504983694474,0.852977556295972,0,middle
693,93,0,0.49649793781874096,0.7519405570533799,0,middle
694,94,0,0.5000245244629423,1.1156357566381006,0,middle
695,95,0,0.49918598347392534,0.913914451017795,0,middle
696,96,0,0.9764394649274684,0.6320585207094085,0,middle
697,97,0,0.5249192009114703,0.7546608663156343,0,middle
698,98,0,0.8752565387247084,0.4776554165242778,0,middle
699,99,0,0.5001772088524788,1.1200054487514048,0,middle
700,100,0,0.914803569436945,0.5152572233609822,0,middle
701,101,0,0.5488101398659481,0.7860890829157763,0,middle
702,102,0,0.5717585606661608,0.8332972670247405,0,middle
703,103,0,0.49669243513572353,0.7375635783334942,0,middle
704,104,0,0.6072077110270074,0.7549023254355982,0,middle
705,105,0,0.5327716675951275,0.6780882899779296,0,middle
706,106,0,0.5722365228749025,0.6167634519571635,0,middle
707,107,0,0.5252372803711455,0.9322987810774646,0,middle
708,108,0,0.4722121117077458,0.754052832984631,0,middle
709,109,0,0.8432503734264998,0.4983787081974231,0,middle
710,110,0,0.3486545267289769,0.7702586198773984,0,middle
711,111,0,0.9293322736653944,0.6416394641218897,0,middle
712,112,0,0.4939864953648023,0.9531037049719895,0,middle
713,113,0,0.9838266768518874,0.508441454249174,0,middle
714,114,0,0.865173240923519,0.4289744317616504,0,middle
715,115,0,0.5153795360397075,0.7023153034134734,0,middle
716,116,0,0.49836181743550256,0.7090502987458168,0,middle
717,117,0,0.8848969738999857,0.7163000470099606,0,middle
718,118,0,0.5000563749547737,1.1574009895349349,0,middle
719,119,0,0.8333245357528396,0.4744939362526866,0,middle
720,120,0,0.0005251633537945192,1.0632859562918777,0,middle
721,121,0,0.500044872923982,0.9147989795050258,0,middle
722,122,0,0.27108800508533143,0.5883484794918072,0,middle
723,123,0,0.5676267459772466,0.47652661153976017,0,middle
724,124,0,0.9948549309086113,0.6666389889517719,0,middle
725,125,0,0.5270713182756076,0.6719386669068583,0,middle
726,126,0,0.9997800712841518,0.7296455335273374,0,middle
727,127,0,0.6551079364848038,0.49260199490538165,0,middle
728,128,0,0.41980478948195177,0.48729745396541657,0,middle
729,129,0,0.4998892037883754,0.9122985624315041,0,middle
730,130,0,0.047478536691031706,0.9547301517419358,0,middle
731,131,0,0.9147400595770754,0.5772912352537289,0,middle
732,132,0,0.9828169829515332,0.38072403801219,0,middle
733,133,0,0.5008940895165197,0.686131972877636,0,middle
734,134,0,0.9957284630485386,0.44260430132984663,0,middle
735,135,0,0.6098552714567074,0.4490970345268288,0,middle
736,136,0,0.9662017234496973,0.3751311557715142,0,middle
737,137,0,0.6420050366703408,0.5357185940251891,0,middle
738,138,0,0.28606025848888206,0.7177432290691682,0,middle
739,139,0,0.9699113692510075,0.7632381590377986,0,middle
740,140,0,0.0009947724164228399,0.8747605108134413,0,middle
741,141,0,0.4932594680722019,0.4393839587315113,0,middle
742,142,0,0.3538793328730042,0.7076846482516561,0,middle
743,143,0,0.8696690597897216,0.3388587385210107,0,middle
744,144,0,0.07262004477855029,0.5954591418064966,0,middle
745,145,0,0.5585884728850462,0.5274999939030713,0,middle
746,146,0,0.4521856838647747,0.5935233688900335,0,middle
747,147,0,0.5304404113172487,0.4777645928692406,0,middle
748,148,0,0.5971038857559285,0.5677914726677459,0,middle
749,149,0,0.5000077696142382,1.208754625702987,0,middle
750,150,0,0.4831654161918953,0.6241556413913786,0,middle
751,151,0,0.8213483102137905,0.5401020740299937,0,middle
752,152,0,0.9785270687530334,0.4461391508688708,0,middle
753,153,0,0.9848562634188816,0.7950130454819058,0,middle
754,154,0,0.9999530558369043,0.6610680090398909,0,middle
755,155,0,0.515212269314009,0.7269788285970086,0,middle
756,156,0,0.5140644880653286,0.6902138981321966,0,middle
757,157,0,0.4957907501095416,0.5543631425017324,0,middle
758,158,0,0.97510434239397,0.3491105115053106,0,middle
759,159,0,0.8907583487060498,0.3802867770555406,0,middle
760,160,0,0.04132549049621961,0.6024835434823936,0,middle
761,161,0,0.8242835011455991,0.43850655833530205,0,middle
762,162,0,0.5694331986230674,0.9010215623407087,0,middle
763,163,0,0.04141202990552093,0.7239549073751623,0,middle
764,164,0,0.5199796388740121,0.7993488898354766,0,middle
765,165,0,0.8977079866421829,0.479589133287177,0,middle
766,166,0,0.046271371729340594,0.8712343147548862,0,middle
767,167,0,0.5002941969040047,0.5600700355158841,0,middle
768,168,0,0.5942184933580412,0.4360307499811701,0,middle
769,169,0,0.4966955669926909,0.6206647921822686,0,middle
770,170,0,0.9846889352163954,0.33741506998438,0,middle
771,171,0,0.9980057101484308,0.5060100690668461,0,middle
772,172,0,0.9552924569063959,0.3667133313841199,0,middle
773,173,0,0.8031351159990756,0.5405835425955866,0,middle
774,174,0,0.5003967794473364,0.8998728896433932,0,middle
775,175,0,0.7529879572768761,0.5104504754339148,0,middle
776,176,0,0.8503233124073744,0.44488098360353656,0,middle
777,177,0,0.5008861770465523,0.7953182356823673,0,middle
778,178,0,0.5010713683087263,0.7931862210807256,0,middle
779,179,0,0.7659797551724922,0.6257314613288093,0,middle
780,180,0,0.5007400445758414,0.936997023981055,0,middle
781,181,0,0.7704440604333707,0.5155914613059012,0,middle
782,182,0,0.7925130746051605,0.48843293594361903,0,middle
783,183,0,0.9609344627024713,0.5375026277430983,0,middle
784,184,0,0.9607114270550257,0.6977475916226332,0,middle
785,185,0,0.9880835534734438,0.4925766597281567,0,middle
786,186,0,0.9996148598107709,0.5190081935440438,0,middle
787,187,0,0.5605633930030206,0.5090977646792887,0,middle
788,188,0,0.943558374439198,0.46046807011805135,0,middle
789,189,0,0.00019242791130957056,1.0865161142695543,0,middle
790,190,0,3.671819547405108e-05,1.2203464053490318,0,middle
791,191,0,0.993887851103423,0.5002002408475319,0,middle
792,192,0,0.5015303341819232,0.7791854327497287,0,middle
793,193,0,0.36554900282573766,0.5355246357512506,0,middle
794,194,0,0.50829704201664,0.5359985839933914,0,middle
795,195,0,0.9835288119058749,0.7958346612233851,0,middle
796,196,0,0.5110855395476399,0.7528990023501457,0,middle
797,197,0,0.7195159475492487,0.4892807808715516,0,middle
798,198,0,0.5129764030206586,0.848720135409572,0,middle
799,199,0,0.5169342358546157,0.9695853872291804,0,middle
800,0,0,0.8321907365232639,0.5471870622322632,0,late
801,1,0,0.22971288585259853,0.7065531807254204,0,late
802,2,0,0.5113661037782771,0.6189533241205303,0,late
803,3,0,0.4544541078324351,0.36219946983225176,0,late
804,4,0,0.5670909518445546,0.7549061735969609,0,late
805,5,0,0.267075089466291,0.9356411780987528,0,late
806,6,0,0.5195325607621165,0.532664786971235,0,late
807,7,0,0.8755466861197836,0.415413484141985,0,late
808,8,0,0.2890467495542049,0.7164744350229857,0,late
809,9,0,0.4188745167137037,0.5820953969468148,0,late
810,10,0,0.5177263748654058,0.45057217076043765,0,late
811,11,0,0.08424625164672406,0.9147126415799504,0,late
812,12,0,0.36878873352592173,0.6333931795118135,0,late
813,13,0,0.03797253032453141,0.8331370020033546,0,late
814,14,0,0.7490226507839606,0.7885425054707189,0,late
815,15,0,0.38416621520391875,0.7642974516975456,0,late
816,16,0,0.17229017102025151,0.7770934041865762,0,late
817,17,0,0.5133889050539236,0.6183984419345612,0,late
818,18,0,0.47176694624182414,0.5564148547463583,0,late
819,19,0,0.0003748536430000156,1.1208556734172268,0,late
820,20,0,0.5007759066776086,0.5908852544697434,0,late
821,21,0,0.007337404982578707,0.7635848253879176,0,late
822,22,0,0.48296058882638476,0.654522789599133,0,late
823,23,0,0.11911332891174597,0.5772806733414351,0,late
824,24,0,0.550880066721031,0.4976714547661092,0,late
825,25,0,0.9904124443648994,0.6394071148376125,0,late
826,26,0,0.47985436333178844,0.6941185958540226,0,late
827,27,0,0.4220542288669206,0.7501282290764761,0,late
828,28,0,0.48327813374152345,0.7879111218691537,0,late
829,29,0,0.5225472321312896,0.3475042232208836,0,late
830,30,0,0.6503610985669865,0.5863966032533554,0,late
831,31,0,0.9999533860986716,0.8688263369878181,0,late
832,32,0,0.5181788703670657,0.5095306135240366,0,late
833,33,0,0.9792352226325927,0.6788995856087279,0,late
834,34,0,0.25552111844510933,0.7704686282338435,0,late
835,35,0,0.002703067083481493,0.8690584823455276,0,late
836,36,0,0.46411620000301157,0.6423195156666789,0,late
837,37,0,0.08674570979253009,0.5077711183467205,0,late
838,38,0,0.7663166737790447,0.3398963341548711,0,late
839,39,0,0.058660354219349745,0.708649197230822,0,late
840,40,0,0.48420652228096744,0.565886372009889,0,late
841,41,0,0.5883623851749434,0.5288850888872352,0,late
842,42,0,0.5497298898825946,0.4870254197712197,0,late
843,43,0,0.9653089923013918,0.7156710927368819,0,late
844,44,0,0.08989786492055438,0.9384754874767733,0,late
845,45,0,0.2027189263540386,0.6510335241885539,0,late
846,46,0,0.49996237768866836,0.629204230434397,0,late
847,47,0,0.31700044149177325,0.818768146292483,0,late
848,48,0,0.5001053032992822,0.8057507278382687,0,late
849,49,0,0.49650385424428767,1.1609553385577556,0,late
850,50,0,0.49829215439516666,0.7193842438787384,0,late
851,51,0,0.5811966974977673,0.6680859275154541,0,late
852,52,0,0.5878812214415274,0.7179218851665514,0,late
853,53,0,0.005722261763122109,0.6154328817491869,0,late
854,54,0,0.9725114141225525,0.6622511734836101,0,late
855,55,0,0.040104184197035334,0.6772662823787219,0,late
856,56,0,0.4923100120642309,0.6973252700058047,0,late
857,57,0,0.45504351319828756,0.6514627373535219,0,late
858,58,0,0.4602930549992173,0.6384568566313273,0,late
859,59,0,0.9432798395348969,0.5439488846695711,0,late
860,60,0,0.42664071933436465,0.7365787333530893,0,late
861,61,0,0.5052272404680321,0.7089780072255669,0,late
862,62,0,0.5035728158443118,0.8227639196911578,0,late
863,63,0,0.010723193746023148,0.9534287135393141,0,late
864,64,0,0.5748847913237127,0.47625836084324247,0,late
865,65,0,0.020264219760893754,0.6122662503373847,0,late
866,66,0,0.8847305776708554,0.5309634145498191,0,late
867,67,0,0.4050010954202431,0.7684491727787717,0,late
868,68,0,0.4983002074842519,0.6176572308979307,0,late
869,69,0,0.2506678923261487,0.8972395234025755,0,late
870,70,0,0.9532647264784715,0.9681125879666336,0,late
871,71,0,0.24400906604415032,1.0370450866705783,0,late
872,72,0,0.7670882521803823,0.7831504848898806,0,late
873,73,0,0.2566730672583843,0.5816494911963853,0,late
874,74,0,0.489658390725278,0.683224848615702,0,late
875,75,0,0.34903137218210295,0.6324181504333783,0,late
876,76,0,0.03348369024804398,1.0878320207762575,0,late
877,77,0,0.6680323342662136,0.9236330549732945,0,late
878,78,0,0.4849308003137612,0.7920973612219502,0,late
879,79,0,0.3865324386185336,0.9218021989587728,0,late
880,80,0,0.8545922530272714,0.8496949805206444,0,late
881,81,0,0.7241196329206018,0.8767851968816734,0,late
882,82,0,0.5028386920458099,0.8032504963162739,0,late
883,83,0,0.04607478881965948,1.1123235841960761,0,late
884,84,0,0.8673555270180177,0.7621814964765183,0,late
885,85,0,0.5038347686186191,0.7610256149200176,0,late
886,86,0,0.9905516770911318,0.5223379363866218,0,late
887,87,0,0.9996152131338056,0.6441809766622063,0,late
888,88,0,0.988285709461784,0.5580279363660116,0,late
889,89,0,0.6410231438817022,0.3509765422249842,0,late
890,90,0,0.9547597504186041,0.6939539217892206,0,late
891,91,0,0.6651105483191111,0.6037302849170814,0,late
892,92,0,0.6322502126355044,0.7297923897591574,0,late
893,93,0,0.3114040599092702,0.8971609586047735,0,late
894,94,0,0.9837234060697373,0.4059279170963047,0,late
895,95,0,0.9312363170287441,0.5476389215652314,0,late
896,96,0,0.6655905158836979,0.6410262468970696,0,late
897,97,0,0.9222105698023793,0.6255375627487567,0,late
898,98,0,0.9983130490331933,0.4589785703848083,0,late
899,99,0,0.8696209116331399,0.6536450755100931,0,late
900,100,0,0.9885499647617495,0.5275959973768622,0,late
901,101,0,0.729764919634767,0.4800947744450196,0,late
902,102,0,0.5410180366174904,0.7082505708272124,0,late
903,103,0,0.9875635428552814,0.601609136198973,0,late
904,104,0,0.9675394872397101,0.656273010527115,0,late
905,105,0,0.5932379857437298,0.4905509804385217,0,late
906,106,0,0.28798971276870017,0.49993623943709664,0,late
907,107,0,0.6696154671678832,0.5225384487150435,0,late
908,108,0,0.7564151018607255,0.4700153779562936,0,late
909,109,0,0.9951208682203891,0.6531371932764826,0,late
910,110,0,0.8280438977225968,0.6357326941965449,0,late
911,111,0,0.5142095764180835,0.5697659072123364,0,late
912,112,0,0.5029207093985677,1.1636225646583254,0,late
913,113,0,0.4979163643430552,0.644407648640567,0,late
914,114,0,0.8831629646964461,0.5173699806658841,0,late
915,115,0,0.9978010859505754,0.6893365764235332,0,late
916,116,0,0.7460877818773759,0.4009150141578236,0,late
917,117,0,0.5931099336631601,0.6405059930728307,0,late
918,118,0,0.6318953850621052,0.49964339095799043,0,late
919,119,0,0.9967790292284031,0.7347551627870519,0,late
920,120,0,0.02033118565599069,0.6771262528731905,0,late
921,121,0,0.0284421269000949,0.598050442732839,0,late
922,122,0,0.9890805550692583,0.5385806104923228,0,late
923,123,0,0.3502294874740944,0.5633025088715622,0,late
924,124,0,0.9728218626888296,0.48335470143008163,0,late
925,125,0,0.0007497629046171546,0.7676932013043825,0,late
926,126,0,0.802530523274307,0.6865300942636945,0,late
927,127,0,0.6649245912860033,0.8774562006754587,0,late
928,128,0,0.008208198220554425,0.578643613493327,0,late
929,129,0,0.4421362870698381,0.4089586935105949,0,late
930,130,0,0.9658841546576984,0.4101828155389493,0,late
931,131,0,0.8195374143429013,0.4956779091859326,0,late
932,132,0,0.6559751627760637,0.7438874789117665,0,late
933,133,0,4.805072049143344e-06,1.3350321918031032,0,late
934,134,0,0.9667366337964887,0.6782428030097185,0,late
935,135,0,0.975735020322525,0.5586006953875893,0,late
936,136,0,0.8970535501077633,0.9181760934184782,0,late
937,137,0,0.11075517172557892,0.6599739938502911,0,late
938,138,0,0.492638028024174,0.7211186695840184,0,late
939,139,0,0.012078403199880097,0.8044041554903432,0,late
940,140,0,0.9137110988135007,0.5816478959003717,0,late
941,141,0,0.9663636513108151,0.6465142884171723,0,late
942,142,0,0.2016489184774094,0.8026514710983533,0,late
943,143,0,0.006833443022837306,0.8169736617907493,0,late
944,144,0,0.46674793192698427,0.6322690813556642,0,late
945,145,0,0.5717240537348672,0.6315614438331185,0,late
946,146,0,0.24436524016111116,0.6242602773317811,0,late
947,147,0,0.5182983010769672,0.9617985239798579,0,late
948,148,0,0.9977523643284972,0.758566098373441,0,late
949,149,0,0.9794337803836999,0.9417294533891707,0,late
950,150,0,0.17182556767413412,0.7632747681820617,0,late
951,151,0,0.2555520602669406,0.9085868893124951,0,late
952,152,0,0.9897627725970511,0.4791761400462244,0,late
953,153,0,0.5074459684281493,0.48747738929168466,0,late
954,154,0,0.6901478579728824,0.5183512574826665,0,late
955,155,0,0.14402572881299971,0.619844992544312,0,late
956,156,0,0.7126395940702113,0.5164013810762024,0,late
957,157,0,0.9580999141091983,0.7026710129314779,0,late
958,158,0,0.14425338642616226,0.6809375072308246,0,late
959,159,0,0.9995407882059093,0.5474371431531961,0,late
960,160,0,0.9997958864663727,0.5653835639976701,0,late
961,161,0,0.9962389473018205,0.5188074062839912,0,late
962,162,0,0.8123154433063418,1.1141874154707436,0,late
963,163,0,0.9333360025935598,0.4290513829511883,0,late
964,164,0,0.6611795516758543,0.4753006839363424,0,late
965,165,0,0.38340990916737544,0.8052537381879898,0,late
966,166,0,0.050495476468481106,0.6061182835824341,0,late
967,167,0,0.8714255465403277,0.6891265297652913,0,late
968,168,0,0.5138343218805638,0.9465792287337396,0,late
969,169,0,0.15887730745389755,0.5426131181076831,0,late
970,170,0,0.5257699002353143,0.7363665638408181,0,late
971,171,0,0.14300091175798943,0.7035033631191921,0,late
972,172,0,0.4645970546807747,0.7301131332861017,0,late
973,173,0,0.3927659388517691,0.7643345726511686,0,late
974,174,0,0.9833717557352255,0.46790017449916244,0,late
975,175,0,0.2114607242398296,0.6420425428720753,0,late
976,176,0,0.5024740162777278,0.8066067911694952,0,late
977,177,0,0.5518946483857028,0.8599760601773909,0,late
978,178,0,0.45049714295968996,0.626596770777514,0,late
979,179,0,0.7402156088650249,0.3933886578667074,0,late
980,180,0,0.6911598971891237,0.6768077398376493,0,late
981,181,0,0.6929677960647812,0.614697189216218,0,late
982,182,0,0.3192456453273878,0.7925646734645522,0,late
983,183,0,0.00987425278401341,0.6628469943941617,0,late
984,184,0,0.0065797543285231325,0.7912413458339848,0,late
985,185,0,0.4858752319812493,0.8746844708749566,0,late
986,186,0,0.5423396425415681,0.7208614546785184,0,late
987,187,0,0.5068169354519787,0.546562240092086,0,late
988,188,0,0.7084302491930913,0.5749606082607888,0,late
989,189,0,0.5255665223964046,0.6184816052814303,0,late
990,190,0,0.00290114399127732,0.7794940251806826,0,late
991,191,0,0.3777463550086654,0.8580781746105473,0,late
992,192,0,0.983246116172185,0.5784233734138258,0,late
993,193,0,3.622427607789393e-05,1.0600275673953399,0,late
994,194,0,0.37454644566332784,0.9033524085980139,0,late
995,195,0,0.8336603583930107,0.7190997261956987,0,late
996,196,0,0.9091479736172073,0.8615150515919816,0,late
997,197,0,0.04247675241040104,0.7356122116620203,0,late
998,198,0,0.8111006531560575,0.610994187895133,0,late
999,199,0,0.9830858263489752,0.7574787534324243,0,late
1000,0,0,0.4799030211952888,0.8737642468066005,1,interleaved
1001,1,0,0.2733235272999399,0.6597894504574844,1,interleaved
1002,2,0,0.01779648584529998,0.6474066485434422,1,interleaved
1003,3,0,0.9731987016055503,0.6914677851182551,1,interleaved
1004,4,0,0.4821463336436446,0.6748451693872533,1,interleaved
1005,5,0,0.4480154146322697,0.6755117542582447,1,interleaved
1006,6,0,0.5172635091657697,0.43079136538387997,1,interleaved
1007,7,0,0.48928633161148993,0.7128908574034034,1,interleaved
1008,8,0,0.46217105985975215,0.7020670559594188,1,interleaved
1009,9,0,0.9539993163860271,0.47342554392384195,1,interleaved
1010,10,0,0.4995962185936276,1.103080758909357,1,interleaved
1011,11,0,0.6345655419953241,0.6850902789863068,1,interleaved
1012,12,0,0.4510072758912431,0.5296601863273878,1,interleaved
1013,13,0,0.3440170431859777,0.7151229411544537,1,interleaved
1014,14,0,0.24666523838327709,0.5509462666016653,1,interleaved
1015,15,0,0.5872933685369701,0.3844852518813191,1,interleaved
1016,16,0,0.42114436941890154,0.8122119738395945,1,interleaved
1017,17,0,0.09956699775828604,1.0601846366342274,1,interleaved
1018,18,0,0.488884303967163,0.9236381213536631,1,interleaved
1019,19,0,0.004306226498639678,0.9205226225728771,1,interleaved
1020,20,0,0.5000250339802625,0.9339584813089779,1,interleaved
1021,21,0,0.786349530399067,0.4436124634454916,1,interleaved
1022,22,0,0.5016978630379211,0.8837972129473888,1,interleaved
1023,23,0,0.3491061177849309,0.969356133193841,1,interleaved
1024,24,0,0.3118773496968123,0.5437632510333508,1,interleaved
1025,25,0,0.40486390101320036,0.7645002490546731,1,interleaved
1026,26,0,0.4890633334576479,0.637051179719891,1,interleaved
1027,27,0,0.7996458437633768,0.6208889286682033,1,interleaved
1028,28,0,0.006755229027514042,0.6495397636396968,1,interleaved
1029,29,0,0.6527411138423549,0.7739098075964079,1,interleaved
1030,30,0,0.9975828286747651,0.4623777282693634,1,interleaved
1031,31,0,0.038886302409282446,0.5963641230470758,1,interleaved
1032,32,0,0.052439507519537534,0.899823030505174,1,interleaved
1033,33,0,0.4998508850183874,0.8146768844192178,1,interleaved
1034,34,0,0.3465086582923706,0.4251955505615783,1,interleaved
1035,35,0,0.9994422457253818,1.1779530849383872,1,interleaved
1036,36,0,0.090218299194354,0.8660011916119108,1,interleaved
1037,37,0,0.49769853307606254,0.8065153074530066,1,interleaved
1038,38,0,0.16612318187474948,0.8731871352914031,1,interleaved
1039,39,0,0.9402226152130362,0.664771598978914,1,interleaved
1040,40,0,0.42765413834286226,0.8111504563975682,1,interleaved
1041,41,0,0.8138935831205489,1.1188321035252795,1,interleaved
1042,42,0,0.00876082645154024,0.7215423382845206,1,interleaved
1043,43,0,0.24791236910966769,0.9338584798424792,1,interleaved
1044,44,0,0.0025105949695136747,1.0911568466303851,1,interleaved
1045,45,0,0.0646626773969959,0.8383581422500459,1,interleaved
1046,46,0,0.5005421355434382,0.6023428460643042,1,interleaved
1047,47,0,0.5025099112336656,0.9271682865448485,1,interleaved
1048,48,0,0.4237116197547504,1.0824301257659248,1,interleaved
1049,49,0,0.9999787975340572,0.9410459650352316,1,interleaved
1050,50,0,0.2625292639936886,0.5965791211242204,1,interleaved
1051,51,0,0.48824272608875197,0.8362839148772911,1,interleaved
1052,52,0,0.480315936664814,0.7209475571183289,1,interleaved
1053,53,0,0.5012661700076739,0.8726539850070114,1,interleaved
1054,54,0,0.046598063433496026,1.1191182944637215,1,interleaved
1055,55,0,0.5002129406061601,0.7055581338560886,1,interleaved
1056,56,0,0.7018138288215329,0.7801227888288302,1,interleaved
1057,57,0,0.9467894159844139,0.9871650358969755,1,interleaved
1058,58,0,0.5162707132488433,0.5185546342688263,1,interleaved
1059,59,0,0.46857986751823566,0.7105730278426121,1,interleaved
1060,60,0,0.9998652907094359,0.8797674399953335,1,interleaved
1061,61,0,0.47316623900728944,0.7407050521336414,1,interleaved
1062,62,0,0.9953528859044617,0.6525783882360496,1,interleaved
1063,63,0,0.031384719659681835,0.8597133311922107,1,interleaved
1064,64,0,0.5009756402983944,0.6822051815496962,1,interleaved
1065,65,0,0.04410271946905138,0.8444760500478017,1,interleaved
1066,66,0,0.5513455042290563,0.8145533658483053,1,interleaved
1067,67,0,0.5388273099099946,0.6794946961297494,1,interleaved
1068,68,0,0.5727617588787657,0.6467608690743181,1,interleaved
1069,69,0,0.049465624694619265,0.5657181886773143,1,interleaved
1070,70,0,0.5001051053495815,0.8233100701817384,1,interleaved
1071,71,0,0.9997589195909538,0.7665656049218199,1,interleaved
1072,72,0,0.7356613996291597,0.6279636423547043,1,interleaved
1073,73,0,0.23676331519230415,0.8833011606684125,1,interleaved
1074,74,0,0.496502335605908,0.6145174779752276,1,interleaved
1075,75,0,0.9895336439477083,0.49248005450449095,1,interleaved
1076,76,0,0.4919652774881419,0.8165359626566362,1,interleaved
1077,77,0,0.9755433397752684,0.6486167511343216,1,interleaved
1078,78,0,0.3158574515807148,0.6916338566559292,1,interleaved
1079,79,0,0.6713613625074046,0.8179345488722578,1,interleaved
1080,80,0,0.4895646633551069,0.8260940432839924,1,interleaved
1081,81,0,0.8601601212903007,0.624027544350899,1,interleaved
1082,82,0,0.4052315959821971,0.7980067756242162,1,interleaved
1083,83,0,0.8958754241693174,0.7847759668204835,1,interleaved
1084,84,0,0.9886026297297212,0.8910116684010811,1,interleaved
1085,85,0,0.9989482124985195,0.7396668208383831,1,interleaved
1086,86,0,0.2542264844654349,0.7832217847179197,1,interleaved
1087,87,0,0.49805371425590966,0.6593209333943271,1,interleaved
1088,88,0,0.5121178763922064,0.7352305486553202,1,interleaved
1089,89,0,0.4990674113914083,0.7623806368021001,1,interleaved
1090,90,0,0.6553341936746411,0.6464678616275026,1,interleaved
1091,91,0,0.5164506561973351,0.7786415467505845,1,interleaved
1092,92,0,0.4458796294022014,0.7657830835121002,1,interleaved
1093,93,0,0.5637897210335511,0.8861208575501818,1,interleaved
1094,94,0,0.36532697777364304,0.9471405348191602,1,interleaved
1095,95,0,0.48041210998468625,0.8918475947657646,1,interleaved
1096,96,0,0.48360860584779164,1.015154844394358,1,interleaved
1097,97,0,0.539462593364496,0.6882562198085027,1,interleaved
1098,98,0,0.7552146070466503,0.5609547683063074,1,interleaved
1099,99,0,0.5090348549728019,0.6782994990581488,1,interleaved
1100,100,0,0.48390017308322114,0.7896856932446902,1,interleaved
1101,101,0,0.49149251402766764,0.8596543789337983,1,interleaved
1102,102,0,0.5022137766349509,0.8443359754795463,1,interleaved
1103,103,0,0.5401623696583362,0.69294838236555,1,interleaved
1104,104,0,0.4958842651380253,0.660182700499657,1,interleaved
1105,105,0,0.18017681959597323,0.8182876250812126,1,interleaved
1106,106,0,0.9996366322335817,0.9239768669160591,1,interleaved
1107,107,0,0.0008570293471844908,0.9160208658454883,1,interleaved
1108,108,0,0.6029109740132265,0.6768252025086657,1,interleaved
1109,109,0,0.013452631721468634,0.8978449243951465,1,interleaved
1110,110,0,0.49514797828751383,0.9053688719248747,1,interleaved
1111,111,0,0.999933534821217,0.705241389753569,1,interleaved
1112,112,0,0.4860812366164358,0.8897149903857394,1,interleaved
1113,113,0,0.06127725866782461,1.0166634522416302,1,interleaved
1114,114,0,0.5058439099704333,0.5630023836290043,1,interleaved
1115,115,0,0.0026160224267669716,1.2045832801392247,1,interleaved
1116,116,0,0.5086934228366982,0.5895043925325405,1,interleaved
1117,117,0,0.6896861295531553,0.8014684730325554,1,interleaved
1118,118,0,0.4952850526602205,0.7410129669397321,1,interleaved
1119,119,0,0.25422025841737117,0.7742668769751165,1,interleaved
1120,120,0,0.7911496420888207,0.6446731559344556,1,interleaved
1121,121,0,0.703851860059226,0.4416456804194201,1,interleaved
1122,122,0,0.6290269030306573,0.9080787887538053,1,interleaved
1123,123,0,0.5094934140837212,0.6239274365897258,1,interleaved
1124,124,0,0.5436764553487998,0.8440774226255763,1,interleaved
1125,125,0,0.6922439638961924,0.43503846876728675,1,interleaved
1126,126,0,0.46848381602861633,0.4824225198962652,1,interleaved
1127,127,0,0.28357244580422997,0.8693941148160536,1,interleaved
1128,128,0,0.5464498903107342,0.6353482190473795,1,interleaved
1129,129,0,0.2631892556285494,0.7862745760507621,1,interleaved
1130,130,0,0.561774496464664,0.5345548664229556,1,interleaved
1131,131,0,0.637486817089185,0.6163965035342891,1,interleaved
1132,132,0,0.271802623818096,0.8211491116769017,1,interleaved
1133,133,0,0.9645236065256023,0.5122465147764239,1,interleaved
1134,134,0,0.3042096569035496,0.6263810214389369,1,interleaved
1135,135,0,0.9454618025811822,0.4257614493655867,1,interleaved
1136,136,0,0.5193569605614818,0.7985641834268258,1,interleaved
1137,137,0,0.4860500256034202,0.9079260727313729,1,interleaved
1138,138,0,0.6000437827223783,0.6484113216120376,1,interleaved
1139,139,0,0.49892850975837555,0.4554591600165443,1,interleaved
1140,140,0,0.15420426750360455,0.6021317501453205,1,interleaved
1141,141,0,0.5010913989968673,0.6961878806201891,1,interleaved
1142,142,0,0.7155874754718957,0.5639912864533644,1,interleaved
1143,143,0,0.7028785575310919,0.4664498006151321,1,interleaved
1144,144,0,0.5005053795122586,0.7888341341185359,1,interleaved
1145,145,0,0.038040607060042246,0.8140926387658676,1,interleaved
1146,146,0,0.5082824541966448,0.769057847268398,1,interleaved
1147,147,0,0.9143563700046793,0.4883892152765279,1,interleaved
1148,148,0,0.4833925085145722,0.7608464372675934,1,interleaved
1149,149,0,0.45583533278524774,0.5686134970871012,1,interleaved
1150,150,0,0.26527890510857927,0.6601901168064257,1,interleaved
1151,151,0,0.4253749021479143,0.41063733283904835,1,interleaved
1152,152,0,0.4608619803468126,0.5098317401880885,1,interleaved
1153,153,0,0.6244686044678526,0.4729635132599499,1,interleaved
1154,154,0,0.1364685233850945,1.1138209253043008,1,interleaved
1155,155,0,0.4796744622371017,0.8208806637416548,1,interleaved
1156,156,0,0.09184224704590759,0.6263507654552387,1,interleaved
1157,157,0,0.5952627367142401,0.7779906054597088,1,interleaved
1158,158,0,0.03257322164352959,0.9450882184291238,1,interleaved
1159,159,0,0.11831951655472736,0.8831393512945989,1,interleaved
1160,160,0,0.7909972120350304,0.7581997300870007,1,interleaved
1161,161,0,0.9987409894892811,0.48873743123340263,1,interleaved
1162,162,0,0.32637540807313753,0.5537130995967081,1,interleaved
1163,163,0,0.02130667048551445,0.6943313048819488,1,interleaved
1164,164,0,0.5347578431347029,0.7706750264600862,1,interleaved
1165,165,0,0.535029577343232,0.6249614679942543,1,interleaved
1166,166,0,0.7932040721838514,0.7891577034062303,1,interleaved
1167,167,0,0.47086363566987505,0.6436089289781207,1,interleaved
1168,168,0,0.014889271851064612,0.9328660565764612,1,interleaved
1169,169,0,0.9974335725668104,0.7492299969080847,1,interleaved
1170,170,0,0.9200707042587968,0.5199322172499874,1,interleaved
1171,171,0,0.02355530572216187,1.097048265609338,1,interleaved
1172,172,0,0.5007990155111489,0.8683050646030019,1,interleaved
1173,173,0,0.6768264891968561,0.5552225328585101,1,interleaved
1174,174,0,0.8744864737047069,0.5820206806655066,1,interleaved
1175,175,0,0.7622006785990313,0.5852492363784253,1,interleaved
1176,176,0,0.4389780318035641,0.5874596738461946,1,interleaved
1177,177,0,0.022581982513841612,0.7011405229392598,1,interleaved
1178,178,0,0.9225353905124152,0.28519656982236347,1,interleaved
1179,179,0,0.587249641176711,0.3978805975939196,1,interleaved
1180,180,0,0.7729576934010833,0.525815183000934,1,interleaved
1181,181,0,0.07774674621442816,0.8786991971409034,1,interleaved
1182,182,0,0.4994113914654105,0.7938697749263868,1,interleaved
1183,183,0,0.9485213292514337,0.45601592802213153,1,interleaved
1184,184,0,0.9784715724583147,0.5145385782261227,1,interleaved
1185,185,0,0.95674010946067,0.5375582800996221,1,interleaved
1186,186,0,0.9958700093517523,0.4139765786753847,1,interleaved
1187,187,0,0.5108150300363064,0.45242824719491515,1,interleaved
1188,188,0,0.32374415979203014,0.449922727674109,1,interleaved
1189,189,0,0.9969196572489839,0.4318630811181929,1,interleaved
1190,190,0,0.9490804244914754,0.4548165588845315,1,interleaved
1191,191,0,0.29803640060914793,0.6347924216744854,1,interleaved
1192,192,0,0.5006162868003152,0.8643633971998171,1,interleaved
1193,193,0,0.9985637743929636,0.6594005929297087,1,interleaved
1194,194,0,0.46147062050494136,0.31366431987620474,1,interleaved
1195,195,0,0.5330898268561766,0.7103544470076297,1,interleaved
1196,196,0,0.9512824909705764,0.736881756844486,1,interleaved
1197,197,0,0.4552004325710436,0.5860538610479324,1,interleaved
1198,198,0,0.9996691389702217,0.5990612344382866,1,interleaved
1199,199,0,0.49896355312891694,0.6440765078601409,1,interleaved
1200,0,0,0.5165954907665784,0.38272434869269584,1,blocked
1201,1,0,0.2960243900821526,0.5059327442486187,1,blocked
1202,2,0,0.1435784611471048,0.5627633546455395,1,blocked
1203,3,0,0.4494186312895429,0.590918681239142,1,blocked
1204,4,0,0.14055547307661223,0.8462779375384628,1,blocked
1205,5,0,0.7659718643334297,0.6888949085029035,1,blocked
1206,6,0,0.554681372746084,0.4980756725445359,1,blocked
1207,7,0,0.08335484610086889,1.0699345502573827,1,blocked
1208,8,0,0.1110754822761457,0.9610023043250759,1,blocked
1209,9,0,0.8111595971646103,0.8348353724234606,1,blocked
1210,10,0,0.8923894837103018,0.9104592144641702,1,blocked
1211,11,0,0.1377851409035302,0.7735739629253893,1,blocked
1212,12,0,0.9926078210107402,0.5027251319397459,1,blocked
1213,13,0,0.654150846224779,0.8317987940032185,1,blocked
1214,14,0,0.48297360122623345,0.8699077250088485,1,blocked
1215,15,0,0.9994635179712656,0.6443183037528263,1,blocked
1216,16,0,0.9992677074224792,0.8850110625073938,1,blocked
1217,17,0,0.10260346006285723,0.704968782641179,1,blocked
1218,18,0,0.4493317543446429,0.7380219759211641,1,blocked
1219,19,0,0.13983120381577172,0.8737400205196337,1,blocked
1220,20,0,0.9041387253630269,0.6422299733115542,1,blocked
1221,21,0,0.9953354657188578,0.4890874660447715,1,blocked
1222,22,0,0.5253294085548362,0.5050419298962183,1,blocked
1223,23,0,0.11889404856249401,0.9425637278313581,1,blocked
1224,24,0,0.9617706316141788,0.8792807734074145,1,blocked
1225,25,0,0.9932244453947894,1.0124774507604832,1,blocked
1226,26,0,0.11027766063597996,0.7601401209952923,1,blocked
1227,27,0,0.5595807659018704,0.6786004008590919,1,blocked
1228,28,0,0.9131795039419702,0.5670066750300163,1,blocked
1229,29,0,0.18573500200132725,0.6201570747036717,1,blocked
1230,30,0,0.7382234067445713,0.6073615139469845,1,blocked
1231,31,0,0.9392927147384105,0.5149670831885628,1,blocked
1232,32,0,0.9034788712883972,0.6214561850009053,1,blocked
1233,33,0,0.9050091181561928,0.5532628223656542,1,blocked
1234,34,0,0.1340917874913897,0.669865701752469,1,blocked
1235,35,0,0.8137716490335167,0.6944941402604963,1,blocked
1236,36,0,0.027941824431134084,1.110313402943926,1,blocked
1237,37,0,0.07592379278789738,0.670389256027987,1,blocked
1238,38,0,0.9763015522784457,0.725507851341841,1,blocked
1239,39,0,0.5969050347328877,0.4612474189067154,1,blocked
1240,40,0,0.20290096179320113,0.702223600826601,1,blocked
1241,41,0,0.8897085289810718,0.4071266342996145,1,blocked
1242,42,0,0.23822186949566967,0.9431481034553746,1,blocked
1243,43,0,0.4252112458386812,0.8485835907340902,1,blocked
1244,44,0,0.5390444330065833,0.6612262969655109,1,blocked
1245,45,0,0.8895837852974174,0.6188479128380184,1,blocked
1246,46,0,0.9993274228354991,0.7509414887024034,1,blocked
1247,47,0,0.8641128545389773,0.683119670986805,1,blocked
1248,48,0,0.0025469696761084974,0.8548788947266401,1,blocked
1249,49,0,0.011540945871478886,0.8453150435791896,1,blocked
1250,50,0,0.06865073880787179,0.5751410200742791,1,blocked
1251,51,0,0.740169184694859,0.6522509360863717,1,blocked
1252,52,0,0.5046109725103843,1.2071530512771096,1,blocked
1253,53,0,0.9569168603681567,0.9355750193564357,1,blocked
1254,54,0,0.4532989792641594,0.4959581289827978,1,blocked
1255,55,0,0.068734753047965,0.5502666116558618,1,blocked
1256,56,0,0.7415604260110795,0.6839640729007372,1,blocked
1257,57,0,0.5065779911093978,0.6665960562072631,1,blocked
1258,58,0,0.028871459072094457,0.8736284207649013,1,blocked
1259,59,0,0.6975387576250163,0.5678219149736994,1,blocked
1260,60,0,0.8035672732949478,0.5012646407168646,1,blocked
1261,61,0,0.5086572111239411,0.7665028983477497,1,blocked
1262,62,0,0.008446524143396028,0.9388979233897814,1,blocked
1263,63,0,0.33063025142107594,0.9957275593423311,1,blocked
1264,64,0,0.7513413131884595,0.9723440778459617,1,blocked
1265,65,0,0.7578448053857083,0.959636925707971,1,blocked
1266,66,0,0.61891130160403,0.7894117958627463,1,blocked
1267,67,0,0.5323438820479753,0.5091862346140874,1,blocked
1268,68,0,0.5379056502930751,0.6968960973259972,1,blocked
1269,69,0,0.27183084966224835,0.703409203547344,1,blocked
1270,70,0,0.9726793874833581,0.49875572917125877,1,blocked
1271,71,0,0.6098657951538525,0.5656401217869113,1,blocked
1272,72,0,0.5983780404017425,0.9881540249444303,1,blocked
1273,73,0,0.49478395767134076,0.459152308358444,1,blocked
1274,74,0,0.489654057301752,0.7454653391065567,1,blocked
1275,75,0,0.9989806183076719,0.7279471261135873,1,blocked
1276,76,0,0.4967102680605916,0.4336653493974447,1,blocked
1277,77,0,0.3461834032111112,0.6704229400459395,1,blocked
1278,78,0,0.059990366606149884,0.6725741139219492,1,blocked
1279,79,0,0.3251641400720463,0.533393600259579,1,blocked
1280,80,0,0.5356147672588224,1.0953013974911625,1,blocked
1281,81,0,0.0869734780483235,0.7992079302901889,1,blocked
1282,82,0,0.5783801804318637,0.6359241046940258,1,blocked
1283,83,0,0.0746680392550711,0.7333586785311543,1,blocked
1284,84,0,0.943118783783929,0.3913016779199805,1,blocked
1285,85,0,0.39019905761424084,0.5175532976976716,1,blocked
1286,86,0,0.49011064365705675,0.6925822141930824,1,blocked
1287,87,0,0.014284129609186265,1.061296829899764,1,blocked
1288,88,0,0.15502568368707187,0.8533331902529244,1,blocked
1289,89,0,0.15242768239449475,0.904622786963608,1,blocked
1290,90,0,0.032865037444202765,0.9526981396555176,1,blocked
1291,91,0,0.2788356656402456,0.7527035779584872,1,blocked
1292,92,0,0.9992649172402277,0.7116980512148225,1,blocked
1293,93,0,0.47443172802105726,0.5815553549426894,1,blocked
1294,94,0,0.4581455030370659,0.9163977822725646,1,blocked
1295,95,0,0.49603118425558124,0.877767536784881,1,blocked
1296,96,0,0.5925296973763935,0.580044196716532,1,blocked
1297,97,0,0.9921559430947922,0.5422718783908568,1,blocked
1298,98,0,0.7679700658907996,0.7480368324466545,1,blocked
1299,99,0,0.9993038508704133,0.7917678699324633,1,blocked
1300,100,0,0.4517500537780198,0.5173876359431036,1,blocked
1301,101,0,0.7239949820158945,0.8432176214812153,1,blocked
1302,102,0,0.7429866717033818,0.743135470978135,1,blocked
1303,103,0,0.9062649222483261,0.665642983395929,1,blocked
1304,104,0,0.4101540737036292,0.482882711796196,1,blocked
1305,105,0,0.6600153851767866,0.5613233084630076,1,blocked
1306,106,0,0.9979598181382627,0.610296281868683,1,blocked
1307,107,0,0.9833707802536094,0.9689072908639944,1,blocked
1308,108,0,0.29045802003517035,0.8339427292944505,1,blocked
1309,109,0,0.9777971049833503,0.8433987675162129,1,blocked
1310,110,0,0.599370033030571,0.4979016793847105,1,blocked
1311,111,0,0.736478152643738,0.6466925472393369,1,blocked
1312,112,0,0.5120901949219689,0.7999808201237855,1,blocked
1313,113,0,0.40347406720407675,0.7543658734908981,1,blocked
1314,114,0,0.45531994153149774,0.804816025241896,1,blocked
1315,115,0,0.8337422840199651,0.7608753056390753,1,blocked
1316,116,0,0.9982973607364605,0.9171084893054974,1,blocked
1317,117,0,0.9692202330583983,0.815766637452356,1,blocked
1318,118,0,0.9852284757038638,0.5228536500433151,1,blocked
1319,119,0,0.9918664917990185,0.839331144472466,1,blocked
1320,120,0,0.031092577695992045,0.8972227443202061,1,blocked
1321,121,0,0.06025962396583209,0.6499305660621473,1,blocked
1322,122,0,0.5098475553426881,0.820229267411325,1,blocked
1323,123,0,0.9906901606717837,0.5575401060340155,1,blocked
1324,124,0,0.36126520805665757,0.6379606413684169,1,blocked
1325,125,0,0.5081953590246155,0.6443581255001869,1,blocked
1326,126,0,0.3268792284420111,0.8952177762925999,1,blocked
1327,127,0,0.4679390480583766,0.7568567901665889,1,blocked
1328,128,0,0.4948978520850862,1.4219246176242173,1,blocked
1329,129,0,0.9635198490652463,0.5758637895957969,1,blocked
1330,130,0,0.8506263658233899,0.7860139121100909,1,blocked
1331,131,0,0.773983945725152,0.5728924775980453,1,blocked
1332,132,0,0.5022086458265509,0.9160789082508343,1,blocked
1333,133,0,0.5218073730403797,0.7155510269119492,1,blocked
1334,134,0,0.6072411953432376,0.5360081746458587,1,blocked
1335,135,0,0.4791451718700664,0.363602810260294,1,blocked
1336,136,0,0.5294838915715616,0.7516494431584637,1,blocked
1337,137,0,0.531467989020469,1.0171516177107183,1,blocked
1338,138,0,0.30303191809853836,0.7193918769898524,1,blocked
1339,139,0,0.49569080796179144,0.6737243133592226,1,blocked
1340,140,0,0.6631041826962603,0.47276571671967293,1,blocked
1341,141,0,0.6895501376802021,0.8049083566833404,1,blocked
1342,142,0,0.9769399658264611,0.5125617361240187,1,blocked
1343,143,0,0.9841328243968881,0.3423843645043676,1,blocked
1344,144,0,0.38907938855919194,0.5472518668066473,1,blocked
1345,145,0,0.5147763620049214,0.5189568368080384,1,blocked
1346,146,0,0.9541840445170959,0.39175432246393677,1,blocked
1347,147,0,0.08542610339702131,0.755348879874028,1,blocked
1348,148,0,0.9927050029402675,0.35093147604068187,1,blocked
1349,149,0,0.4466552662323206,0.4561945540865586,1,blocked
1350,150,0,0.7293504143459493,0.6282094304693806,1,blocked
1351,151,0,0.49482167599905547,0.6269958179474486,1,blocked
1352,152,0,0.5310428407834942,0.509950810465909,1,blocked
1353,153,0,0.5021344150588838,0.7898606078038521,1,blocked
1354,154,0,0.25456881040024804,0.7994987347429987,1,blocked
1355,155,0,0.7833114853664372,0.5498768094466457,1,blocked
1356,156,0,0.707359718422579,0.5127614363429911,1,blocked
1357,157,0,0.6984765379994595,0.6329798015825496,1,blocked
1358,158,0,0.7312336696790243,0.47377742240558895,1,blocked
1359,159,0,0.8899797342815208,0.8372150933802784,1,blocked
1360,160,0,0.5012697726301447,0.8253690419569554,1,blocked
1361,161,0,0.688546119345354,0.5134478809643517,1,blocked
1362,162,0,0.9673173048870686,0.5708530926188966,1,blocked
1363,163,0,0.8642199097277172,0.514636438532224,1,blocked
1364,164,0,0.9863000550993024,0.5387429965229578,1,blocked
1365,165,0,0.5177995267341633,0.6022301257829992,1,blocked
1366,166,0,0.6589944355069478,0.6221949059816979,1,blocked
1367,167,0,0.5121812978854461,0.42372718044016666,1,blocked
1368,168,0,0.8959272930512634,0.4892905244928978,1,blocked
1369,169,0,0.7968380732338756,0.42585384241087476,1,blocked
1370,170,0,0.07895822988642323,0.7318416253186422,1,blocked
1371,171,0,0.07080326112049683,0.5859398102121404,1,blocked
1372,172,0,0.9804177473779339,0.5836574135357404,1,blocked
1373,173,0,0.981846821871444,0.5081603953163177,1,blocked
1374,174,0,0.07800296114819154,0.7215399028836553,1,blocked
1375,175,0,0.31203514343718347,0.7292672484270974,1,blocked
1376,176,0,0.35082626286078067,0.8667191100945328,1,blocked
1377,177,0,0.08277399166097463,0.6732216145554357,1,blocked
1378,178,0,0.511066363989219,0.5986860445161489,1,blocked
1379,179,0,0.052749586685248664,0.5586441453392458,1,blocked
1380,180,0,0.8340690113331466,0.49431556609627336,1,blocked
1381,181,0,0.2873739688350087,0.6413778200982798,1,blocked
1382,182,0,0.43713373997683336,0.828571737849995,1,blocked
1383,183,0,0.7034486451547362,1.1961908094230727,1,blocked
1384,184,0,0.5008364099717866,1.0146977984770698,1,blocked
1385,185,0,0.4950359584633836,0.8125183958414238,1,blocked
1386,186,0,0.9947226883038838,0.39193662402452567,1,blocked
1387,187,0,0.39941921975139066,0.5017424873848162,1,blocked
1388,188,0,0.9032790052880983,0.6049321539700784,1,blocked
1389,189,0,0.8310933750402663,0.31014573298348447,1,blocked
1390,190,0,0.9491343720312972,0.8375774423725579,1,blocked
1391,191,0,0.9010563850720368,0.5931587947678106,1,blocked
1392,192,0,0.5105957961300833,0.6632319841328289,1,blocked
1393,193,0,0.9391179808264043,0.4535904939996933,1,blocked
1394,194,0,0.9919455012246102,0.7974550153747192,1,blocked
1395,195,0,0.9953017438959942,0.5307512892151118,1,blocked
1396,196,0,0.47131545682401566,0.6061936450530337,1,blocked
1397,197,0,0.516313327243923,0.6644545864905708,1,blocked
1398,198,0,0.8846853208264155,0.5569581502854584,1,blocked
1399,199,0,0.43043945412546997,0.8031944651756378,1,blocked
1400,0,0,0.21642094848063734,0.6416668997148577,1,early
1401,1,0,0.08414117296329623,0.7192720937061359,1,early
1402,2,0,0.6375563893607138,0.6665212919945755,1,early
1403,3,0,0.8135014421550425,0.8666781836298589,1,early
1404,4,0,0.7389387272398859,0.63226616690527,1,early
1405,5,0,0.5278887383282742,0.824984153997296,1,early
1406,6,0,0.1628002335076101,0.808070505790397,1,early
1407,7,0,0.9809187180975447,0.6609801297713847,1,early
1408,8,0,0.49519700617426576,0.5691554434206966,1,early
1409,9,0,0.48900376868255446,0.7640863799600847,1,early
1410,10,0,0.5022660894115014,0.6648006417605115,1,early
1411,11,0,0.4338319647944734,0.5735827372313117,1,early
1412,12,0,0.8385815422196443,0.8286004996170252,1,early
1413,13,0,0.8760759602290844,0.6162944577226026,1,early
1414,14,0,0.9574903596444898,0.8175408891622807,1,early
1415,15,0,0.9074751194180088,0.5669364057244259,1,early
1416,16,0,0.5834916579004132,0.6824381978379814,1,early
1417,17,0,0.9613513109025934,0.7846762429355283,1,early
1418,18,0,0.9899438587948625,0.6895199561715321,1,early
1419,19,0,0.7044259619473872,0.5124846838191729,1,early
1420,20,0,0.5153478286457731,0.9974402345729183,1,early
1421,21,0,0.5250397027211916,1.1829532727974272,1,early
1422,22,0,0.9817066028143865,0.4926696937812822,1,early
1423,23,0,0.5172126241182551,0.7334458848538825,1,early
1424,24,0,0.7537710129103171,0.5236993250021047,1,early
1425,25,0,0.5761775618868878,1.0075337628973884,1,early
1426,26,0,0.8297660750637553,0.7294474256318719,1,early
1427,27,0,0.9216798529845625,0.6346306668752827,1,early
1428,28,0,0.9906413035841022,0.5357008492258524,1,early
1429,29,0,0.6832188615012393,0.8300242563424578,1,early
1430,30,0,0.9660064562286088,0.5615785000334208,1,early
1431,31,0,0.44847925433287694,0.8003805675077682,1,early
1432,32,0,0.994382888677366,0.7032621334857133,1,early
1433,33,0,0.49944566288262743,1.1260081513750269,1,early
1434,34,0,0.5070710031521757,0.9647318697574438,1,early
1435,35,0,0.9911530268661282,0.5792905257357019,1,early
1436,36,0,0.9963104242939254,0.5608667181289038,1,early
1437,37,0,0.89056573853094,0.47381987206300824,1,early
1438,38,0,0.500022388391902,1.3183028913306822,1,early
1439,39,0,0.5031797810442558,0.9422459287994145,1,early
1440,40,0,0.9276250527938075,0.508067381567255,1,early
1441,41,0,0.6346944305355549,0.47850224006869785,1,early
1442,42,0,0.015945700764095766,0.78772146434885,1,early
1443,43,0,0.19397198445569608,0.5596144149060935,1,early
1444,44,0,0.3453078732315263,0.7406130416736324,1,early
1445,45,0,0.9052949779803687,0.4560214559567086,1,early
1446,46,0,0.005742040236755222,0.8695685872800644,1,early
1447,47,0,0.00806752583707395,0.7626648565700906,1,early
1448,48,0,0.049266769541041595,0.8552266011721958,1,early
1449,49,0,0.001570041215240444,0.9564491608637533,1,early
1450,50,0,0.10213137031619578,0.6989353594792689,1,early
1451,51,0,0.6922766236542263,0.5804519536952174,1,early
1452,52,0,0.9277548349659062,0.4062032039173193,1,early
1453,53,0,0.09598900651421657,0.6479907001236564,1,early
1454,54,0,0.38677824063109,0.5841633787367044,1,early
1455,55,0,0.9993226149675241,0.6769759306532561,1,early
1456,56,0,0.19366222259944435,0.9882555931796676,1,early
1457,57,0,0.5740147391385367,0.6820116826924755,1,early
1458,58,0,0.7375008695703393,0.809656026321766,1,early
1459,59,0,0.6305379366046429,0.6621868942938745,1,early
1460,60,0,0.9997741087561915,0.8196496795632918,1,early
1461,61,0,0.011078142980340416,0.9778260443999404,1,early
1462,62,0,0.900025307312803,0.7166161490066896,1,early
1463,63,0,0.5504692477851378,0.7175404651554198,1,early
1464,64,0,0.6379153673016024,0.7255914578406297,1,early
1465,65,0,0.999414913285364,0.8010084122673382,1,early
1466,66,0,0.8491828537936097,0.6840864279411187,1,early
1467,67,0,0.5539174413004198,0.6651695667092405,1,early
1468,68,0,0.9091058163942938,0.6282890088953427,1,early
1469,69,0,0.9369947528944224,0.4524245551497287,1,early
1470,70,0,0.9993678077940941,0.6170738145845029,1,early
1471,71,0,0.6546408815037714,0.5561519560115185,1,early
1472,72,0,0.6467298037873785,0.9958031156454401,1,early
1473,73,0,0.4667142834774577,0.5115406266257044,1,early
1474,74,0,0.6237149798452359,0.8286396101648971,1,early
1475,75,0,0.9804054129214266,0.5396396657246096,1,early
1476,76,0,0.9878412925314641,0.7102086765460079,1,early
1477,77,0,0.9895161115020439,0.33318260842474884,1,early
1478,78,0,0.9900166104971893,0.3803038209699018,1,early
1479,79,0,0.9960051607992593,0.7429902461735651,1,early
1480,80,0,0.4979389692196571,0.7893968758160022,1,early
1481,81,0,0.8602181932703672,0.3086203117366145,1,early
1482,82,0,0.5017066048153909,0.6442825585886616,1,early
1483,83,0,0.5247120176755528,0.8231520293546888,1,early
1484,84,0,0.4751724696778201,0.9332058525421095,1,early
1485,85,0,0.7171604113983818,0.7029001552598448,1,early
1486,86,0,0.4487372423249429,0.6444909893181947,1,early
1487,87,0,0.715932169582267,0.5585573339374322,1,early
1488,88,0,0.5995700119910445,0.8211576775943326,1,early
1489,89,0,0.9560969938365904,0.6678944244988061,1,early
1490,90,0,0.037146057771861085,0.8956282860878281,1,early
1491,91,0,0.9959618753826651,0.5894225698220662,1,early
1492,92,0,0.68359919947767,0.7357922564913291,1,early
1493,93,0,0.5284159420296667,0.5133555582731453,1,early
1494,94,0,0.34190744067295603,0.8355152767255907,1,early
1495,95,0,0.5122954750060844,0.6312409916876685,1,early
1496,96,0,0.8430603966716663,0.6760581782695907,1,early
1497,97,0,0.9489947249047588,0.45381509566363465,1,early
1498,98,0,0.24289384796615623,0.7290236721546747,1,early
1499,99,0,0.6786223467453734,0.6180311554328849,1,early
1500,100,0,0.4892307232017828,1.1319843723289102,1,early
1501,101,0,0.6319739687539854,0.41950013459981683,1,early
1502,102,0,0.6877423168277346,0.503607473481575,1,early
1503,103,0,0.5729872535054075,0.6772472478589098,1,early
1504,104,0,0.4302127635932924,0.44663727806680886,1,early
1505,105,0,0.5162150415646884,0.6300308162814648,1,early
1506,106,0,0.42522142828057363,0.6796532389851617,1,early
1507,107,0,0.422990084269817,0.5108779595373636,1,early
1508,108,0,0.4996969866553977,0.758166428219458,1,early
1509,109,0,0.06784899449621253,0.7453931903671887,1,early
1510,110,0,0.6626985213914388,0.5468622292558075,1,early
1511,111,0,0.538151538423437,0.6774675393136991,1,early
1512,112,0,0.499858255388227,0.6845654357927075,1,early
1513,113,0,0.9928839168938726,0.8188514322764703,1,early
1514,114,0,0.9981672910089041,0.6047912391723969,1,early
1515,115,0,0.047625212368103985,0.7373979910694414,1,early
1516,116,0,0.5162767663128726,0.7209787966353466,1,early
1517,117,0,0.9737175599694922,0.5761804973652942,1,early
1518,118,0,0.5803588800656094,0.6944274292862819,1,early
1519,119,0,0.999982861331205,0.6514007091508911,1,early
1520,120,0,0.5034461928783452,0.5653942893408921,1,early
1521,121,0,0.9833045346427365,0.5546646984015475,1,early
1522,122,0,0.5504366246044574,0.7779894884545615,1,early
1523,123,0,0.002280927048239266,0.9734674481785272,1,early
1524,124,0,0.6094183314482218,0.5929205839971712,1,early
1525,125,0,0.9993799480326686,0.9932473559999788,1,early
1526,126,0,0.02909530928925495,0.8387743178354596,1,early
1527,127,0,0.22271807254746448,0.7159618295361494,1,early
1528,128,0,0.5107508141227851,0.45193325129718886,1,early
1529,129,0,0.5993961150401408,0.7486966998835056,1,early
1530,130,0,0.8000842258122067,0.7700746595048686,1,early
1531,131,0,0.658842591812113,0.7536831842373,1,early
1532,132,0,0.5533146280899586,1.0445439551201978,1,early
1533,133,0,0.9629484345221959,0.5671998441664177,1,early
1534,134,0,0.5171109075535115,0.5783955994038393,1,early
1535,135,0,0.9099090625168844,0.5650853274943527,1,early
1536,136,0,0.45866975909986035,0.7475834112067512,1,early
1537,137,0,0.7759035945943444,0.5849829942107594,1,early
1538,138,0,0.38637840808285245,0.6895703411213412,1,early
1539,139,0,0.48305088985154676,0.7134657175407935,1,early
1540,140,0,0.5008946677981427,0.575449215795206,1,early
1541,141,0,0.9892508679533607,0.47628034556584087,1,early
1542,142,0,0.49555788098601283,0.6344977795705877,1,early
1543,143,0,0.8279590534640788,0.5688990402362313,1,early
1544,144,0,0.4966450340885651,0.8220534872799298,1,early
1545,145,0,0.6332340635072669,0.6913014215823732,1,early
1546,146,0,0.5001855817507737,1.1313427772994338,1,early
1547,147,0,0.9996620080983016,0.8909494293140727,1,early
1548,148,0,0.9787561354975667,0.2614038172285877,1,early
1549,149,0,0.4922399239072108,0.6818898861494475,1,early
1550,150,0,0.1786673641697049,0.5726497054474904,1,early
1551,151,0,0.1028545358837482,0.5307196982242773,1,early
1552,152,0,0.2605702494781611,0.5523042348662619,1,early
1553,153,0,0.7384454611527576,0.7517571496469402,1,early
1554,154,0,0.4999921605239615,0.8637960667637189,1,early
1555,155,0,0.4902254166790001,0.5577108445492925,1,early
1556,156,0,0.43925050091335793,0.618723664922245,1,early
1557,157,0,0.9452338730713052,0.35144072545619914,1,early
1558,158,0,0.501473433586056,0.6772939739552918,1,early
1559,159,0,0.9540816305577533,0.6273282138225178,1,early
1560,160,0,0.50360651541759,1.085955385502086,1,early
1561,161,0,0.9969405420869,0.6346812165045932,1,early
1562,162,0,0.045655246262876,0.7359743664379532,1,early
1563,163,0,0.7850433984762368,0.5854579650124822,1,early
1564,164,0,0.9454134415167945,0.5480511342553855,1,early
1565,165,0,0.005109682951045242,0.9166707964289746,1,early
1566,166,0,0.5831020400817021,0.5439247188604716,1,early
1567,167,0,0.011715845343116529,0.941010012804768,1,early
1568,168,0,0.48166093801128473,0.6792055427538409,1,early
1569,169,0,0.9420729903548413,0.4368565871059745,1,early
1570,170,0,0.4873553138077792,0.7427815114534628,1,early
1571,171,0,0.999269180184625,0.8398481278908168,1,early
1572,172,0,0.6611808178411984,0.5639628158010341,1,early
1573,173,0,0.5201800708182914,0.44602835371599203,1,early
1574,174,0,0.8019777690583921,0.44677857668571336,1,early
1575,175,0,0.501982563458768,0.9069533303927354,1,early
1576,176,0,0.5000061862985847,1.122087013408171,1,early
1577,177,0,0.5019881145841601,0.8852168363112258,1,early
1578,178,0,0.5212895342268375,0.6315730034478505,1,early
1579,179,0,0.52861870108285,0.39138973077447453,1,early
1580,180,0,0.021062588631093285,0.8356258693307795,1,early
1581,181,0,0.5555583425058106,0.6833328843258712,1,early
1582,182,0,0.46583068757335866,0.6784592657935151,1,early
1583,183,0,0.38070883712815273,1.0717114826241916,1,early
1584,184,0,0.8584347896032292,1.000770594720351,1,early
1585,185,0,0.2017747913163096,0.7934838418001038,1,early
1586,186,0,0.662137257049492,0.6000356775980704,1,early
1587,187,0,0.44012720144486783,0.588677653619821,1,early
1588,188,0,0.463785024938028,0.7632032748808983,1,early
1589,189,0,0.5000634799606403,0.9160098220623096,1,early
1590,190,0,0.9966185942704942,1.0376806737683268,1,early
1591,191,0,0.9708377320043478,0.5717118956176795,1,early
1592,192,0,0.9980616005643137,0.42921923652499727,1,early
1593,193,0,0.9658322912441717,0.5017832589031006,1,early
1594,194,0,0.8664201289843267,0.44242275487888333,1,early
1595,195,0,0.15752045730658903,0.7522081980633695,1,early
1596,196,0,0.9753907336888097,0.5403661029892146,1,early
1597,197,0,0.5304447493043615,0.6428560345414497,1,early
1598,198,0,0.9971394978157183,0.8100252579462963,1,early
1599,199,0,0.43519871589456305,0.6882262995056551,1,early
1600,0,0,0.6688336646403105,0.8200446841434348,1,middle
1601,1,0,0.21645719650713946,0.9979371799860555,1,middle
1602,2,0,0.5023251675894346,0.70688303177061,1,middle
1603,3,0,0.032325861636792415,0.5592672702712154,1,middle
1604,4,0,0.5901091750677063,0.7139232845710657,1,middle
1605,5,0,0.48687767418886935,0.7798412908313699,1,middle
1606,6,0,0.9267048700699777,0.7053242594524544,1,middle
1607,7,0,0.5664191375136247,0.9524220685126414,1,middle
1608,8,0,0.014059150217633829,0.8989948400283543,1,middle
1609,9,0,0.8808650370994928,0.4904236966594945,1,middle
1610,10,0,0.18029850486736015,0.6329342686764337,1,middle
1611,11,0,0.6939102881030168,0.34229421997403253,1,middle
1612,12,0,0.5701991983656381,0.5321320128427982,1,middle
1613,13,0,0.9822243475130237,0.5727631496842143,1,middle
1614,14,0,0.8659964202457504,0.4476950473184479,1,middle
1615,15,0,0.9240898112441972,0.697814308629503,1,middle
1616,16,0,0.6960953262066274,0.860274085182063,1,middle
1617,17,0,0.8251197959408032,0.6397026013540821,1,middle
1618,18,0,0.31058453025867766,0.7801867920512772,1,middle
1619,19,0,0.5072085808594338,0.5964178233768043,1,middle
1620,20,0,0.8224732648541484,0.6780209968170289,1,middle
1621,21,0,0.9567974554553896,0.8072487819770776,1,middle
1622,22,0,0.07641893554088675,0.9390110612319635,1,middle
1623,23,0,0.7061081770087521,0.7621480293796727,1,middle
1624,24,0,0.40624353189539963,0.9371783851677478,1,middle
1625,25,0,0.5684507990686314,0.6241370824096639,1,middle
1626,26,0,0.06524594929305184,0.8122297243846004,1,middle
1627,27,0,0.03238897109699609,1.0651609602262604,1,middle
1628,28,0,0.11382166354436096,0.8670383779252007,1,middle
1629,29,0,0.24818006855805988,0.8632910546376908,1,middle
1630,30,0,0.4944769633902639,1.040220050943504,1,middle
1631,31,0,0.09517420595091045,0.8619984533721872,1,middle
1632,32,0,0.5005828067027209,0.7500292137497493,1,middle
1633,33,0,0.5922576157771196,0.6662093053696527,1,middle
1634,34,0,0.45570086004762006,0.6454878016125415,1,middle
1635,35,0,0.5091793884229721,0.7025118172965625,1,middle
1636,36,0,0.08590467220497648,0.9699263658706234,1,middle
1637,37,0,0.5006992329952505,0.5502425475972954,1,middle
1638,38,0,0.5698811641405953,0.6236954801090808,1,middle
1639,39,0,0.9969047554956725,0.874011299201187,1,middle
1640,40,0,0.9852265574770086,0.46300861065878096,1,middle
1641,41,0,0.33943117499845893,0.8217890416523381,1,middle
1642,42,0,0.07325410915050415,0.8295209488487524,1,middle
1643,43,0,0.9954424184546072,0.7480805796800604,1,middle
1644,44,0,0.3322344014088487,0.565283257950683,1,middle
1645,45,0,0.9962858107174897,0.537715283999646,1,middle
1646,46,0,0.38751892475031685,0.5356553618826079,1,middle
1647,47,0,0.42985548547093533,1.1836911330258975,1,middle
1648,48,0,0.9985417242853465,0.9992390926721303,1,middle
1649,49,0,0.9526930692855107,0.46296190819596833,1,middle
1650,50,0,0.4934247706322277,1.0776310043276076,1,middle
1651,51,0,0.9687373253810467,0.5489475104174057,1,middle
1652,52,0,0.018474920442751182,1.2314502527403888,1,middle
1653,53,0,0.5689876264802479,0.9660495474500799,1,middle
1654,54,0,0.9230103263625786,0.609068654527368,1,middle
1655,55,0,0.2731908390609621,0.7553777057552828,1,middle
1656,56,0,0.9123956166289307,0.4955337625503905,1,middle
1657,57,0,0.40674255081310157,0.8674337043273743,1,middle
1658,58,0,0.4836590632629755,1.0346130096752963,1,middle
1659,59,0,0.4456219476709177,1.0488218616811231,1,middle
1660,60,0,0.4381448547096299,1.4170113828493363,1,middle
1661,61,0,0.9557580467910862,0.8286165470064333,1,middle
1662,62,0,0.07222020929725481,0.8184185313974303,1,middle
1663,63,0,0.6580577371393519,0.9013587265293546,1,middle
1664,64,0,0.4572030827765591,0.7342544541228697,1,middle
1665,65,0,0.9527042328167861,0.48248801885664333,1,middle
1666,66,0,0.2143932654091007,0.680627256454928,1,middle
1667,67,0,0.3667913281505476,0.3367160700092108,1,middle
1668,68,0,0.7582136797002881,0.6639105626432871,1,middle
1669,69,0,0.4992101560524683,0.8474652082786063,1,middle
1670,70,0,0.17934369555390023,0.8441474744648395,1,middle
1671,71,0,0.7186711628347078,0.5918121450261489,1,middle
1672,72,0,0.9196318303005407,0.5696397858199111,1,middle
1673,73,0,0.405006504555203,0.6994007531067039,1,middle
1674,74,0,0.41355453750108895,0.7206749507384427,1,middle
1675,75,0,0.8876681337124022,0.7787357767706123,1,middle
1676,76,0,0.9729103949850604,0.4264022264434825,1,middle
1677,77,0,0.24418254741768813,0.7409441455897496,1,middle
1678,78,0,0.4951080509439966,1.0809144401061515,1,middle
1679,79,0,0.9583355310506211,0.4806236731839515,1,middle
1680,80,0,0.5425884786888219,0.7671271643353306,1,middle
1681,81,0,0.6960514846774085,0.8829894335743712,1,middle
1682,82,0,0.8568587417318082,0.6932275193433226,1,middle
1683,83,0,0.6115603607430713,0.5230297240186152,1,middle
1684,84,0,0.010251888300473452,0.7045842998183576,1,middle
1685,85,0,0.48890891904238604,0.5034751502939169,1,middle
1686,86,0,0.3552514967870576,0.5645864111067771,1,middle
1687,87,0,0.8557370921811853,0.7059257212169392,1,middle
1688,88,0,0.7211473191171796,0.5453746385829235,1,middle
1689,89,0,0.027609602811399507,0.6479157763310246,1,middle
1690,90,0,0.4344345167846318,0.49468158350043756,1,middle
1691,91,0,0.7421919854981618,0.4678819532821865,1,middle
1692,92,0,0.717603660513926,0.7482240504053047,1,middle
1693,93,0,0.3713890494868461,0.5881925203559804,1,middle
1694,94,0,0.49745191564932006,0.9225123134324271,1,middle
1695,95,0,0.049254832899230966,0.6263717440213259,1,middle
1696,96,0,0.9535604383142093,1.0795463288723588,1,middle
1697,97,0,0.5215991223943817,0.7982107997215013,1,middle
1698,98,0,0.0036571030154376833,0.9887889895186244,1,middle
1699,99,0,0.22611737443226618,0.5695294538815796,1,middle
1700,100,0,0.9431096938757311,0.5215099041256686,1,middle
1701,101,0,0.014166846973048404,0.9114205088006693,1,middle
1702,102,0,0.9329608795039595,0.6455044707353661,1,middle
1703,103,0,0.9985503059926347,0.729588893462211,1,middle
1704,104,0,0.9909959383213129,0.7989511766456789,1,middle
1705,105,0,0.936591328508913,0.5592805647084105,1,middle
1706,106,0,0.3314272574953967,0.8140278063317641,1,middle
1707,107,0,0.9967223256966342,0.3454410854213545,1,middle
1708,108,0,0.9910137851973384,0.5409698264459255,1,middle
1709,109,0,0.003810369456025733,0.8412735990163034,1,middle
1710,110,0,0.9986427014620299,0.3754866170957754,1,middle
1711,111,0,0.9419138795728234,0.5647427608027784,1,middle
1712,112,0,0.9074069464905328,0.7042116890484114,1,middle
1713,113,0,0.9728522941023887,0.5701351177334578,1,middle
1714,114,0,0.5685014591559798,0.7998386300957971,1,middle
1715,115,0,0.9989906226501601,1.1900290832248595,1,middle
1716,116,0,0.492239195207597,0.7671313649171267,1,middle
1717,117,0,0.9434114124204424,0.5657673809088173,1,middle
1718,118,0,0.7706555124511192,0.8425584553469261,1,middle
1719,119,0,0.5014833538099072,0.9561985153717594,1,middle
1720,120,0,0.4804629785932119,0.7632987716422133,1,middle
1721,121,0,0.49452202837922343,0.8517559695284403,1,middle
1722,122,0,0.00317988969769459,0.8621158126094662,1,middle
1723,123,0,0.5098990595418778,0.5499355623214509,1,middle
1724,124,0,0.6520883434848354,0.574785650859298,1,middle
1725,125,0,0.5003552038006004,0.5199116037012675,1,middle
1726,126,0,0.20982966493823907,0.7676914400440982,1,middle
1727,127,0,0.9040574452705347,0.7509066456024702,1,middle
1728,128,0,0.9753759953518268,0.8388104344088588,1,middle
1729,129,0,0.26013366421218975,0.7762814094702408,1,middle
1730,130,0,0.9889145943697817,0.7137126798515404,1,middle
1731,131,0,0.2535902391509771,0.5851817914225879,1,middle
1732,132,0,0.4998134397903858,0.9546415219998978,1,middle
1733,133,0,0.466355263535581,0.4699738812348252,1,middle
1734,134,0,0.9204193591761758,0.5253126049162505,1,middle
1735,135,0,0.5946244609646364,0.4524427567040238,1,middle
1736,136,0,0.42112274463923405,0.5899627626491006,1,middle
1737,137,0,0.06235499851111127,0.7675146592761493,1,middle
1738,138,0,0.4736873064547588,0.8959230744161312,1,middle
1739,139,0,0.563000401004024,0.5507806618004054,1,middle
1740,140,0,0.7867160192476177,0.6500094876404776,1,middle
1741,141,0,0.8484163677280466,0.4318866996932741,1,middle
1742,142,0,0.8126156463274585,0.4352176501168892,1,middle
1743,143,0,0.9977878930878576,0.4417371136497949,1,middle
1744,144,0,0.4403464689453566,0.6096240517856635,1,middle
1745,145,0,0.7418817789491639,0.47042565252101043,1,middle
1746,146,0,0.47085432886688666,0.5931106773009565,1,middle
1747,147,0,0.9985734622701158,0.48404090177630166,1,middle
1748,148,0,0.7982689206052717,0.4986523106008098,1,middle
1749,149,0,0.48172844932632325,0.421627731421813,1,middle
1750,150,0,0.39321787690444615,0.5319607153136299,1,middle
1751,151,0,0.8316865771606714,0.3453031562696146,1,middle
1752,152,0,0.19820395894807935,0.6770834524884204,1,middle
1753,153,0,0.4999634306147315,1.2617640338877005,1,middle
1754,154,0,0.5369212192450253,0.722132009548879,1,middle
1755,155,0,0.05768981321724572,1.0386262642628108,1,middle
1756,156,0,0.2449870781721495,0.8669023031943965,1,middle
1757,157,0,0.5063545235794029,0.5039682271931051,1,middle
1758,158,0,0.6087868594258754,0.6212536491267245,1,middle
1759,159,0,0.5332904886432497,0.47890047394259927,1,middle
1760,160,0,0.5728458917283294,0.4154772938689355,1,middle
1761,161,0,0.5999323009401175,0.6263005651743128,1,middle
1762,162,0,0.5060380755751109,0.6482007590162066,1,middle
1763,163,0,0.9828070397108275,0.4907999544239886,1,middle
1764,164,0,0.0011882106345714111,1.065456881007181,1,middle
1765,165,0,0.498646553725738,0.5232716683868497,1,middle
1766,166,0,0.117432505957411,0.5184261395986834,1,middle
1767,167,0,0.8624231483788618,0.5002155599490958,1,middle
1768,168,0,0.5183843799228408,0.524964785784805,1,middle
1769,169,0,0.9273455271328078,0.5389936795429936,1,middle
1770,170,0,0.20197875352582376,0.6888544725935462,1,middle
1771,171,0,0.1639087733010839,0.6523917609289579,1,middle
1772,172,0,0.7934303506096783,0.7366618350586576,1,middle
1773,173,0,0.4882611829192167,0.8667898504759276,1,middle
1774,174,0,0.7326072864625544,0.7429657308466978,1,middle
1775,175,0,0.5297902536070482,0.4752979975796531,1,middle
1776,176,0,0.15288525884361587,0.7557187846431594,1,middle
1777,177,0,0.14727997864078607,0.7749271337730202,1,middle
1778,178,0,0.0018617631794293492,1.0190431051115272,1,middle
1779,179,0,0.2792168866821765,0.8841518879031938,1,middle
1780,180,0,0.9948743067643898,0.38616732677487464,1,middle
1781,181,0,0.5073458642322346,0.34339400773960926,1,middle
1782,182,0,0.4827882461004043,0.5201856431628312,1,middle
1783,183,0,0.9604048523686459,0.5198055614213799,1,middle
1784,184,0,0.6134922234787141,0.7872708848851072,1,middle
1785,185,0,0.9932391095710843,0.7398913328806904,1,middle
1786,186,0,0.4687050449583858,0.7382319636314617,1,middle
1787,187,0,0.5842841881721633,0.5875083196816383,1,middle
1788,188,0,0.028643466197424538,0.8004270341780362,1,middle
1789,189,0,0.04015216494636817,0.9590564157160594,1,middle
1790,190,0,0.9736945095613097,0.667984790912565,1,middle
1791,191,0,0.9958783738399775,0.4867569641282672,1,middle
1792,192,0,0.8229872531046754,0.46330137272204025,1,middle
1793,193,0,0.15156025072377602,0.5782522401471886,1,middle
1794,194,0,0.13847084578977284,0.733007527089679,1,middle
1795,195,0,0.9489119999915037,0.6656239488880114,1,middle
1796,196,0,0.2557262067679062,0.7265529724225012,1,middle
1797,197,0,0.44102580362802263,0.9375616489810853,1,middle
1798,198,0,0.4921687899939706,0.7385318170132353,1,middle
1799,199,0,0.6074180335441368,0.3848781643793513,1,middle
1800,0,0,0.9088389209434782,0.5659920620824328,1,late
1801,1,0,0.47953856387503446,0.6926957057760238,1,late
1802,2,0,0.6727553618733988,0.7965045894408664,1,late
1803,3,0,0.9948699392680203,0.5527147233215272,1,late
1804,4,0,0.4391864575334118,0.5669519645377021,1,late
1805,5,0,0.46094413288844777,1.0329866745445084,1,late
1806,6,0,0.49674428020039707,0.6699558972181643,1,late
1807,7,0,0.49223619697196314,1.1102605921046034,1,late
1808,8,0,0.5021647623328391,0.727397865432321,1,late
1809,9,0,0.6103438008023612,0.5489226984652185,1,late
1810,10,0,0.3536409017905235,1.143382621968707,1,late
1811,11,0,0.6188604956725752,0.5808924904872714,1,late
1812,12,0,0.4313959555317768,0.533351826177611,1,late
1813,13,0,0.39489232519920414,0.7094229292109708,1,late
1814,14,0,0.41649500890095503,0.6790539369957859,1,late
1815,15,0,0.9683905000208556,0.6902879633364356,1,late
1816,16,0,0.6197978019718581,0.733547928551392,1,late
1817,17,0,0.17794246678398057,0.6840618328906101,1,late
1818,18,0,0.7222358011300826,0.648577974860296,1,late
1819,19,0,0.4459993202123476,0.6679472029980684,1,late
1820,20,0,0.3004379162943354,0.6685743363139754,1,late
1821,21,0,0.9204392489980328,0.5112922127627817,1,late
1822,22,0,0.41506237704123405,0.5432317317310182,1,late
1823,23,0,0.9865808259168887,0.948578616093712,1,late
1824,24,0,0.23170078573254277,0.8157000143746611,1,late
1825,25,0,0.01496205764912182,0.7236686239203213,1,late
1826,26,0,0.48566119112256584,0.843020962530919,1,late
1827,27,0,0.5000849698048009,0.901371526985226,1,late
1828,28,0,0.12266343373452457,0.9049624502154046,1,late
1829,29,0,0.49997278130879785,1.1783770150850885,1,late
1830,30,0,0.3560510916230756,0.6808827534546199,1,late
1831,31,0,0.4870934686511673,0.720716126027399,1,late
1832,32,0,0.46492957407194135,0.8715663390770552,1,late
1833,33,0,0.2124280495131729,0.6832662098247346,1,late
1834,34,0,0.4868434334882974,0.5261094850253525,1,late
1835,35,0,0.2925205511881236,0.6239352731295549,1,late
1836,36,0,0.17669348777885333,0.887062852502801,1,late
1837,37,0,0.49034419668146956,0.7247454776719818,1,late
1838,38,0,0.5415277448692164,0.7652212905441736,1,late
1839,39,0,0.023748168507997432,1.1094531335136777,1,late
1840,40,0,0.3483869646604903,0.7807622063139911,1,late
1841,41,0,0.49680587030563966,0.6754016776342591,1,late
1842,42,0,0.2040782210817274,0.8340005314799339,1,late
1843,43,0,0.9999930064682756,0.9245284770141435,1,late
1844,44,0,0.6894094906084671,0.6431255881260814,1,late
1845,45,0,0.007067933694975586,0.8047045762361543,1,late
1846,46,0,0.9233563656571837,0.3929272612424748,1,late
1847,47,0,0.8755230284973906,0.4983841285316247,1,late
1848,48,0,0.6584976446491689,0.416830515169952,1,late
1849,49,0,0.0004710219979826845,1.1200374851736938,1,late
1850,50,0,0.0680836814237016,0.8912642705942109,1,late
1851,51,0,0.6176728704340807,0.49185608081285004,1,late
1852,52,0,0.49482761293530325,0.9550369233059532,1,late
1853,53,0,0.9983748288075776,0.3851631271299296,1,late
1854,54,0,0.5017898406421024,0.7663149265572182,1,late
1855,55,0,0.916742434259399,0.3898039581936854,1,late
1856,56,0,0.27272558534975616,0.6456461507401134,1,late
1857,57,0,0.7238972772621894,0.5105237153686513,1,late
1858,58,0,0.5113549675296403,0.6431766431923882,1,late
1859,59,0,0.96318959620988,0.8573433890269829,1,late
1860,60,0,0.4936805098972354,0.4757323754649256,1,late
1861,61,0,0.45768538921886054,0.6123982771044648,1,late
1862,62,0,0.4906680326589796,0.7356995391039041,1,late
1863,63,0,0.44009608437267755,0.8098268814121256,1,late
1864,64,0,0.5001498794626107,0.8018578180570399,1,late
1865,65,0,0.669003685115765,0.7313109759679328,1,late
1866,66,0,0.896635615937397,0.7464403875374226,1,late
1867,67,0,0.5032593890223062,0.7545736408191772,1,late
1868,68,0,0.06355860637941405,1.017454990588635,1,late
1869,69,0,0.45797867539727377,0.6717829077189128,1,late
1870,70,0,0.5151041253867789,0.4156493445381006,1,late
1871,71,0,0.3951072100176437,0.6868426654886504,1,late
1872,72,0,0.5186337403970502,0.8186372237314012,1,late
1873,73,0,0.9788817250724817,0.632926882376488,1,late
1874,74,0,0.9894083744545998,0.5369876500586831,1,late
1875,75,0,0.02820574780038746,0.7443521450159609,1,late
1876,76,0,0.9937742346326062,0.6860268811838046,1,late
1877,77,0,0.3048764181258523,0.783678997005476,1,late
1878,78,0,0.4410770686137332,0.8624233256207812,1,late
1879,79,0,0.516438629554374,0.5351986718108189,1,late
1880,80,0,0.5978561235652682,0.6699924065059795,1,late
1881,81,0,0.9999854621640774,0.6998064589844721,1,late
1882,82,0,0.9828806859486768,0.7666446690313347,1,late
1883,83,0,0.49980290101869906,1.4010935170175696,1,late
1884,84,0,0.458168596052482,0.9901524789613336,1,late
1885,85,0,0.8042978287182632,0.5913877119106183,1,late
1886,86,0,0.9999436470760081,0.7123968101579685,1,late
1887,87,0,0.02639215803151597,1.0652200208140452,1,late
1888,88,0,0.9771604982108433,0.4903476372968921,1,late
1889,89,0,0.6961691915660074,0.3786637676707868,1,late
1890,90,0,0.45951975417536833,0.6344280062144939,1,late
1891,91,0,0.021663147538951703,0.6018428967714852,1,late
1892,92,0,0.9094522403929041,0.6026134209752683,1,late
1893,93,0,0.590467626005756,0.6532255655380286,1,late
1894,94,0,0.5955023426506469,0.5674979730008982,1,late
1895,95,0,0.5001046929950285,1.1465548205353193,1,late
1896,96,0,0.46492426829538264,0.7595266576595863,1,late
1897,97,0,0.9870240101898935,0.4278704828862116,1,late
1898,98,0,0.49695173443981194,0.9379664657515185,1,late
1899,99,0,0.48530189638917015,0.5727438488188982,1,late
1900,100,0,0.9909741530701828,0.6270350428695386,1,late
1901,101,0,0.4190146399242509,0.7831054283535049,1,late
1902,102,0,0.1436150148764297,0.5079387910393603,1,late
1903,103,0,0.6652189146634879,0.4828412935251447,1,late
1904,104,0,0.8348039403933426,0.6604921839556699,1,late
1905,105,0,0.3953954234305134,0.5306077841898297,1,late
1906,106,0,0.26885761084780113,0.6845404513773277,1,late
1907,107,0,0.5416484204392052,0.792589865118492,1,late
1908,108,0,0.6594286973105359,0.7220257422694765,1,late
1909,109,0,0.9999963593848572,0.7374784470495105,1,late
1910,110,0,0.9935067916817688,0.28452883060352196,1,late
1911,111,0,0.9826714677102092,0.4811615689963511,1,late
1912,112,0,0.7456136317578038,0.5225255264914697,1,late
1913,113,0,0.9004237127947884,0.39008807438815074,1,late
1914,114,0,0.8323223099221317,0.511955116402106,1,late
1915,115,0,0.5037787656552954,0.6509752054483892,1,late
1916,116,0,0.5368089764367229,0.5051848312073002,1,late
1917,117,0,0.48012559097092866,0.9783555837000082,1,late
1918,118,0,0.9999833402360554,0.5547429892337585,1,late
1919,119,0,0.36096275709591363,0.587924827612031,1,late
1920,120,0,0.0059379154996858936,1.0795714231657685,1,late
1921,121,0,0.5453742888119557,0.7267698978981199,1,late
1922,122,0,0.011015261975067745,0.7048519991309596,1,late
1923,123,0,0.5029170546546526,0.6540419519699348,1,late
1924,124,0,0.03662823691327672,0.608288605437051,1,late
1925,125,0,0.4834537469616762,0.5039607236612536,1,late
1926,126,0,0.9995594424460315,0.9872240932416437,1,late
1927,127,0,0.012270910235411237,1.4628587843391996,1,late
1928,128,0,0.5810947784067576,0.40890839348130703,1,late
1929,129,0,0.9882770557511028,0.4750438417753065,1,late
1930,130,0,0.9851166919025609,0.6220804595220867,1,late
1931,131,0,0.9780631011101264,0.5906730186713415,1,late
1932,132,0,0.5002910952941656,0.6485668861454854,1,late
1933,133,0,0.669543703468219,0.5068354958564323,1,late
1934,134,0,0.00959545559445427,0.8080779737684538,1,late
1935,135,0,0.9309099988157341,0.4196424799228448,1,late
1936,136,0,0.007078024760880089,0.7840677464759173,1,late
1937,137,0,0.23110035920138225,0.6725127474768136,1,late
1938,138,0,0.44531676886672966,0.4900783134072167,1,late
1939,139,0,0.9583216422123471,0.6006254284357346,1,late
1940,140,0,0.7133827266858317,0.6025231572979594,1,late
1941,141,0,2.3905617219348272e-05,1.34602152397226,1,late
1942,142,0,0.9998300120510641,0.6345573175059677,1,late
1943,143,0,0.02212377457237948,0.7556242216732673,1,late
1944,144,0,0.9498423423495878,0.48159643380847816,1,late
1945,145,0,0.5170893988331152,0.5630188491955015,1,late
1946,146,0,0.9909382844744072,0.6226731960201397,1,late
1947,147,0,0.12707345036064605,0.912915961852899,1,late
1948,148,0,0.8756754990653853,0.6271279045448844,1,late
1949,149,0,0.3488684180203059,0.8454016813342117,1,late
1950,150,0,0.44396137664340773,0.41554914567378953,1,late
1951,151,0,0.6955412950426605,0.4487847904019025,1,late
1952,152,0,0.9964033730307014,0.4282618105696292,1,late
1953,153,0,0.8414175192800283,0.39968785204668833,1,late
1954,154,0,0.029256744964624264,0.8690186374305959,1,late
1955,155,0,0.4205187787482433,0.704259287711269,1,late
1956,156,0,0.31169415943727424,0.725351530208729,1,late
1957,157,0,0.00291862232021347,0.9676240166869414,1,late
1958,158,0,0.2918080249577004,0.7973962628109765,1,late
1959,159,0,0.04806530760403056,0.8674647827850064,1,late
1960,160,0,0.999984426481192,1.1317878085995614,1,late
1961,161,0,0.0025195329383202437,0.948077199821614,1,late
1962,162,0,0.46434545825146717,0.4713142978704268,1,late
1963,163,0,0.5586789625271653,0.6927562904810731,1,late
1964,164,0,0.0050876080481798616,0.9865997625120075,1,late
1965,165,0,0.9428772956280763,0.6176796766697771,1,late
1966,166,0,0.9231225557256623,0.3329277001634011,1,late
1967,167,0,0.5092861984827924,0.5205614509171941,1,late
1968,168,0,0.4110895102455761,0.5637421005121063,1,late
1969,169,0,0.9840977211300654,0.562113662042588,1,late
1970,170,0,0.5099886435251322,0.5538177194337768,1,late
1971,171,0,0.4507463015789935,0.6061041244550308,1,late
1972,172,0,0.46429505378630287,0.5704212757451298,1,late
1973,173,0,0.78306653823603,0.4984041613639069,1,late
1974,174,0,0.9725739618097053,0.4291991370929463,1,late
1975,175,0,0.9989669319478963,0.46060168466008305,1,late
1976,176,0,0.0037135029357678396,0.6666238687004428,1,late
1977,177,0,0.5471178514151687,0.5862320848359859,1,late
1978,178,0,0.9949694320977217,0.5607086479385167,1,late
1979,179,0,0.020234660194698648,0.7686156262713958,1,late
1980,180,0,0.45618886993445346,0.7172013108440782,1,late
1981,181,0,0.49407716066869967,0.905239672268956,1,late
1982,182,0,0.5253406372682305,0.5899875891064154,1,late
1983,183,0,0.05463532004368156,0.6381853274319638,1,late
1984,184,0,0.07381719504251467,0.830415859068905,1,late
1985,185,0,0.45266243105436366,0.5148093740081534,1,late
1986,186,0,0.05005490297873513,1.0044438979908754,1,late
1987,187,0,0.8104279325921184,0.4807595496742766,1,late
1988,188,0,0.22933265839399952,1.0368043577755621,1,late
1989,189,0,0.9769089853465128,0.7905660586635294,1,late
1990,190,0,0.9965733435760761,0.47592705689865966,1,late
1991,191,0,0.8308197621528599,0.5491547200878324,1,late
1992,192,0,0.4751140823918075,0.6281086244015749,1,late
1993,193,0,0.47418352825900867,0.8439456623219229,1,late
1994,194,0,0.3512950217572587,0.730012219459353,1,late
1995,195,0,0.4997815318358061,0.95450167938755,1,late
1996,196,0,0.16487047502689547,0.7395120159244025,1,late
1997,197,0,0.42144780563905326,0.6198409145722817,1,late
1998,198,0,0.14548059623827259,0.7309074482383779,1,late
1999,199,0,0.5036151402231223,0.7866137434407363,1,late
2000,0,0,0.2996415624030856,0.5581251406698765,2,interleaved
2001,1,0,0.3277773569023661,0.49294462211032153,2,interleaved
2002,2,0,0.18068186638445566,0.5467332131622284,2,interleaved
2003,3,0,0.8598738406886294,0.3708988302160908,2,interleaved
2004,4,0,0.30687795939698204,0.8858938218647272,2,interleaved
2005,5,0,0.49778603435966073,0.5063188438332251,2,interleaved
2006,6,0,0.6085788197686021,0.5043249018577095,2,interleaved
2007,7,0,0.5046091757396328,0.7729472578967664,2,interleaved
2008,8,0,0.4653514915300204,0.8004930560162768,2,interleaved
2009,9,0,0.49807686706975784,0.967262017383647,2,interleaved
2010,10,0,0.662952920549609,0.7274843054329826,2,interleaved
2011,11,0,0.02200397623686514,0.5232589157307475,2,interleaved
2012,12,0,0.29997528277745433,0.5825154596240382,2,interleaved
2013,13,0,0.5853406632522759,0.5171953351123724,2,interleaved
2014,14,0,0.6703802026445252,0.5729084353640602,2,interleaved
2015,15,0,0.19986971106954987,0.6150655867755012,2,interleaved
2016,16,0,0.16692559152374112,0.7070922232058312,2,interleaved
2017,17,0,0.5246327663345337,0.763712857773226,2,interleaved
2018,18,0,0.16273759002296695,0.8541710368627928,2,interleaved
2019,19,0,0.33013415204171004,0.5869406603689391,2,interleaved
2020,20,0,0.6233839933580424,0.4491266516581399,2,interleaved
2021,21,0,0.1319067019018237,0.6293230521791084,2,interleaved
2022,22,0,0.5039274881202354,0.5202437986137595,2,interleaved
2023,23,0,0.05763566665668339,0.6949704840161824,2,interleaved
2024,24,0,0.5012584886067688,0.5630345968327821,2,interleaved
2025,25,0,0.9865489938192211,0.5482202833041863,2,interleaved
2026,26,0,0.680125160335414,0.5487824455344116,2,interleaved
2027,27,0,0.9536246731619351,0.43576678421374065,2,interleaved
2028,28,0,0.17496979412677563,0.976076483446382,2,interleaved
2029,29,0,0.46471982545781576,0.7418024411122646,2,interleaved
2030,30,0,0.6981763068940525,0.4724926178201736,2,interleaved
2031,31,0,0.9997692614710132,0.6946440137656165,2,interleaved
2032,32,0,0.6664627347691384,0.5528875210709009,2,interleaved
2033,33,0,0.6522235974247211,0.4474520474588359,2,interleaved
2034,34,0,0.13138352299651815,0.6424780076437763,2,interleaved
2035,35,0,0.9588057383400815,0.428338963239429,2,interleaved
2036,36,0,0.9589185330501101,0.4779846473646113,2,interleaved
2037,37,0,0.5444534706116027,0.4002898500862794,2,interleaved
2038,38,0,0.5988545136852376,0.36133235467211666,2,interleaved
2039,39,0,0.9957300973796555,0.6555346470460914,2,interleaved
2040,40,0,0.24884420670354399,0.6996205097034478,2,interleaved
2041,41,0,0.19353226778787358,0.6846991644182397,2,interleaved
2042,42,0,0.4798728577783507,0.7199003839235598,2,interleaved
2043,43,0,0.009641244623170531,0.7862258781773569,2,interleaved
2044,44,0,0.5870440369294595,0.4773133037757272,2,interleaved
2045,45,0,0.3749701522195793,0.5767493153305652,2,interleaved
2046,46,0,0.22254510005953204,0.625057567679411,2,interleaved
2047,47,0,0.5265147375817765,0.46340754863886524,2,interleaved
2048,48,0,0.5120603955479085,0.5482316119234493,2,interleaved
2049,49,0,0.992749032045209,0.3572332955347802,2,interleaved
2050,50,0,0.8599833433301503,0.7072840606631479,2,interleaved
2051,51,0,0.5511857333258465,0.6249818025237543,2,interleaved
2052,52,0,0.03596764325186465,0.609095490070757,2,interleaved
2053,53,0,0.01052036778446955,0.8143134337767128,2,interleaved
2054,54,0,0.510039967146518,0.5592163002960131,2,interleaved
2055,55,0,0.5249605565181763,0.3505082901389016,2,interleaved
2056,56,0,0.6949253838359578,0.3669683808066821,2,interleaved
2057,57,0,0.5323726246928225,0.4594404750708584,2,interleaved
2058,58,0,0.3902811634879063,0.9658678148590641,2,interleaved
2059,59,0,0.9397568576289235,0.49818003351546936,2,interleaved
2060,60,0,0.35875283003700537,0.565411286938187,2,interleaved
2061,61,0,0.0014494706177693342,0.7074811778571948,2,interleaved
2062,62,0,0.5004845461752379,0.6463714707332097,2,interleaved
2063,63,0,0.6536878130125318,0.5270894025539998,2,interleaved
2064,64,0,0.5385631498577094,0.5793704577941651,2,interleaved
2065,65,0,0.4565018400989283,0.8154364928585356,2,interleaved
2066,66,0,0.26184133204262233,0.7376658956435167,2,interleaved
2067,67,0,0.2513794372767855,0.7357030031763786,2,interleaved
2068,68,0,0.46005012757741776,0.4970730457600556,2,interleaved
2069,69,0,0.16520105240229763,0.7458964672282299,2,interleaved
2070,70,0,0.7864907250533151,0.4516749331895963,2,interleaved
2071,71,0,0.861998727167038,0.39252847206668806,2,interleaved
2072,72,0,0.5014379994460594,0.5902255607868235,2,interleaved
2073,73,0,0.42637030075116616,0.6258045506671164,2,interleaved
2074,74,0,0.5182542563578061,0.7708953558466094,2,interleaved
2075,75,0,0.9656180564644237,0.5492253371908877,2,interleaved
2076,76,0,0.8461238824810795,0.4642742741162524,2,interleaved
2077,77,0,0.9966999838849322,0.39707071137130057,2,interleaved
2078,78,0,0.45572767702797473,0.6956782994174028,2,interleaved
2079,79,0,0.02745627482455675,0.8980192773576736,2,interleaved
2080,80,0,0.8318557480423072,0.47876576178009844,2,interleaved
2081,81,0,0.28492189135398815,0.5057025591861187,2,interleaved
2082,82,0,0.7880493805510191,0.40231137749468726,2,interleaved
2083,83,0,0.7749785257355037,0.563303828927346,2,interleaved
2084,84,0,0.5273843306909001,0.5659635572816322,2,interleaved
2085,85,0,0.4578272692933115,0.5236775811689894,2,interleaved
2086,86,0,0.7627366952124314,0.5062145395245302,2,interleaved
2087,87,0,0.3430262893464187,0.6766553874369214,2,interleaved
2088,88,0,0.804794513579765,0.4030959260833815,2,interleaved
2089,89,0,0.0013077853300050143,1.0500283103085994,2,interleaved
2090,90,0,0.4999903624511781,0.7343046618846656,2,interleaved
2091,91,0,0.9940248214581596,0.6187465375220902,2,interleaved
2092,92,0,0.5198810902574802,0.7363197401138264,2,interleaved
2093,93,0,0.5117633974975152,0.5821934597314903,2,interleaved
2094,94,0,0.8413163404498013,0.34109232084990115,2,interleaved
2095,95,0,0.48196326203061324,0.5544770128833963,2,interleaved
2096,96,0,0.5096940193535191,0.5108331676829687,2,interleaved
2097,97,0,0.5077996630116699,0.6379863253162611,2,interleaved
2098,98,0,0.2165325540099038,0.6718034253165378,2,interleaved
2099,99,0,0.16565221829411464,0.6252630642460899,2,interleaved
2100,100,0,0.5416680226737153,0.45024076056725126,2,interleaved
2101,101,0,0.11919163641703891,0.7234684675707067,2,interleaved
2102,102,0,0.8560864666082846,0.4141640434965731,2,interleaved
2103,103,0,0.8627133928052588,0.44757720785799815,2,interleaved
2104,104,0,0.5800190888975276,0.5681535707783738,2,interleaved
2105,105,0,0.023893173937553934,0.7119157495854631,2,interleaved
2106,106,0,0.5007509660022175,0.5253847026922016,2,interleaved
2107,107,0,0.20385450439997624,0.5740249253887264,2,interleaved
2108,108,0,0.44338255177202035,0.49099416032088444,2,interleaved
2109,109,0,0.14772603468464218,0.6102142618519449,2,interleaved
2110,110,0,0.7391966509922517,0.3386487534908357,2,interleaved
2111,111,0,0.06538325935236321,0.49521735224306007,2,interleaved
2112,112,0,0.4801874141261146,0.5680529076395371,2,interleaved
2113,113,0,0.6120244768237497,0.5019054103461115,2,interleaved
2114,114,0,0.4855990566909384,0.4336410628295094,2,interleaved
2115,115,0,0.9971283913994387,0.5645023009475743,2,interleaved
2116,116,0,0.7309231069256072,0.5815026567943877,2,interleaved
2117,117,0,0.41555224034923854,0.5591648294202402,2,interleaved
2118,118,0,0.5486822785081774,0.45845757866233106,2,interleaved
2119,119,0,0.37469059912384844,0.4656399088378861,2,interleaved
2120,120,0,0.5593232396508916,0.5895486162670135,2,interleaved
2121,121,0,0.5206283513378445,0.5455368555820095,2,interleaved
2122,122,0,0.5089125772179438,0.642240809002814,2,interleaved
2123,123,0,0.9534233318959879,0.4898665407249837,2,interleaved
2124,124,0,0.9336697349823743,0.4482162650101373,2,interleaved
2125,125,0,0.8453938372695255,0.4434990682579693,2,interleaved
2126,126,0,0.778625889601295,0.4602508844831555,2,interleaved
2127,127,0,0.5656067584684119,0.4519263119495739,2,interleaved
2128,128,0,0.6236438484627835,0.4378209802545334,2,interleaved
2129,129,0,0.5251406103195962,0.642807013702628,2,interleaved
2130,130,0,0.8832432442011804,0.5523918350078112,2,interleaved
2131,131,0,0.31012842669823604,0.6641218899112065,2,interleaved
2132,132,0,0.4938000070368393,0.45297223371887274,2,interleaved
2133,133,0,0.0150241425633896,0.6127056415971923,2,interleaved
2134,134,0,0.5105915878986435,0.6829298854811003,2,interleaved
2135,135,0,0.9092641777935885,0.6122241066172196,2,interleaved
2136,136,0,0.9751194163258392,0.31338145771871206,2,interleaved
2137,137,0,0.5000469030962958,0.4937665772377552,2,interleaved
2138,138,0,0.14992337350071744,0.47143558190989976,2,interleaved
2139,139,0,0.8114542199416597,0.43406403529725457,2,interleaved
2140,140,0,0.5197844259238327,0.513957132613518,2,interleaved
2141,141,0,0.31704300751278147,0.5460349925279879,2,interleaved
2142,142,0,0.6436895338410964,0.4196840029686977,2,interleaved
2143,143,0,0.981014139308216,0.37014787237636704,2,interleaved
2144,144,0,0.5003017720655027,0.5090097543130587,2,interleaved
2145,145,0,0.7472526306436277,0.3587504077230489,2,interleaved
2146,146,0,0.9428314099137565,0.3666550357033268,2,interleaved
2147,147,0,0.9677267970488446,0.44055438602338776,2,interleaved
2148,148,0,0.9628307355570758,0.3954428893495918,2,interleaved
2149,149,0,0.49416912491690523,0.7360450664592513,2,interleaved
2150,150,0,0.4731117864264167,0.5325179721348008,2,interleaved
2151,151,0,0.10333238567783629,0.44261101615447795,2,interleaved
2152,152,0,0.6479866889797349,0.4416206289704688,2,interleaved
2153,153,0,0.4062804235462444,0.4048502523054499,2,interleaved
2154,154,0,0.6369878071039422,0.6642405779209526,2,interleaved
2155,155,0,0.5778643249939164,0.434716135756575,2,interleaved
2156,156,0,0.9433451241473645,0.4083876788467376,2,interleaved
2157,157,0,0.8818682442315887,0.3902171964877737,2,interleaved
2158,158,0,0.9136475823117286,0.3274653247007668,2,interleaved
2159,159,0,0.33487623395450994,0.673206752279532,2,interleaved
2160,160,0,0.7561127505565588,0.638863633905657,2,interleaved
2161,161,0,0.8447595231450826,0.5059483377429719,2,interleaved
2162,162,0,0.9676218520098971,0.5461968407775758,2,interleaved
2163,163,0,0.5023717580446391,0.49371927663918763,2,interleaved
2164,164,0,0.4437111022404505,0.7938188124132396,2,interleaved
2165,165,0,0.3435874831865946,0.4807021625822972,2,interleaved
2166,166,0,0.03172676107405977,0.6736489521355986,2,interleaved
2167,167,0,0.22534641193897573,0.7705020649612758,2,interleaved
2168,168,0,0.5663622981213982,0.5985802151897774,2,interleaved
2169,169,0,0.9665523216469898,0.5784083085422576,2,interleaved
2170,170,0,0.9929190262089942,0.3110800079978898,2,interleaved
2171,171,0,0.9994813259379938,0.4941397961007835,2,interleaved
2172,172,0,0.264861494516535,0.5765667685966791,2,interleaved
2173,173,0,0.5002437095144846,0.8679211204178365,2,interleaved
2174,174,0,0.31160960840972596,0.7557126077099912,2,interleaved
2175,175,0,0.9906280076621359,0.35697811658622725,2,interleaved
2176,176,0,0.9338125592978969,0.5504609070803439,2,interleaved
2177,177,0,0.9999714946124376,0.593358105573677,2,interleaved
2178,178,0,0.9973999415303021,0.5095043401954035,2,interleaved
2179,179,0,0.4010354871868746,0.47953383458591803,2,interleaved
2180,180,0,0.5691285243725083,0.6912514044522483,2,interleaved
2181,181,0,0.6167383952835224,0.5807290823475876,2,interleaved
2182,182,0,0.9991583805166881,0.5292794748083838,2,interleaved
2183,183,0,0.9384048780105549,0.3952243946661559,2,interleaved
2184,184,0,0.9948416685758017,0.4463070249881226,2,interleaved
2185,185,0,0.6672920889718003,0.4912942210177572,2,interleaved
2186,186,0,0.647024585013886,0.457812289650115,2,interleaved
2187,187,0,0.5093829337638842,0.6775651780365562,2,interleaved
2188,188,0,0.6888045835172476,0.47371478271844153,2,interleaved
2189,189,0,0.9705280385743418,0.4921467612758571,2,interleaved
2190,190,0,0.43261915650425237,0.7746781787147672,2,interleaved
2191,191,0,0.536272385259386,0.6676799273611808,2,interleaved
2192,192,0,0.9891747710730698,0.5260774916982752,2,interleaved
2193,193,0,0.5428776597781033,0.6062363802728288,2,interleaved
2194,194,0,0.5680687574642778,0.49002559302832793,2,interleaved
2195,195,0,0.9633892632669943,0.289776604046406,2,interleaved
2196,196,0,0.4547331212767376,0.5360514528416722,2,interleaved
2197,197,0,0.35266503959207196,0.6618583124914482,2,interleaved
2198,198,0,0.500183680714033,0.5805443301829379,2,interleaved
2199,199,0,0.8664017150852261,0.3663084573347817,2,interleaved
2200,0,0,0.5568972608082492,0.6271635531354343,2,blocked
2201,1,0,0.8994597178964894,0.6177697545888524,2,blocked
2202,2,0,0.9121702646337599,0.7967578128987929,2,blocked
2203,3,0,0.6296329489285838,0.790220198969019,2,blocked
2204,4,0,0.09889934426811259,0.5053557380981339,2,blocked
2205,5,0,0.9234817031677842,0.6689669876935271,2,blocked
2206,6,0,0.9668650093870258,0.634391574602633,2,blocked
2207,7,0,0.9960783254444463,0.8868215514588083,2,blocked
2208,8,0,0.9042971568009743,1.2534440678922127,2,blocked
2209,9,0,0.500121430589158,0.7544372148863933,2,blocked
2210,10,0,0.5765080006642229,0.5018612567922783,2,blocked
2211,11,0,0.6504844716358353,0.5544962040864889,2,blocked
2212,12,0,0.9576396383574285,0.5860801395126122,2,blocked
2213,13,0,0.05749294201015117,0.8011770037805126,2,blocked
2214,14,0,0.48919445589092275,0.9308220342266352,2,blocked
2215,15,0,0.953279731403656,0.7432467219350504,2,blocked
2216,16,0,0.37826248010942637,0.8089223067357089,2,blocked
2217,17,0,0.8949991017969228,0.7372071358350094,2,blocked
2218,18,0,0.4324087686837624,0.884355325219518,2,blocked
2219,19,0,0.5022361463330718,0.811940543440399,2,blocked
2220,20,0,0.32914618964702197,0.8379440403095133,2,blocked
2221,21,0,0.16652829948083897,0.7870082066607886,2,blocked
2222,22,0,0.7958781263949872,0.6956938321145605,2,blocked
2223,23,0,0.10368098448783059,0.4525882879872971,2,blocked
2224,24,0,0.5672646605960525,0.613515915368269,2,blocked
2225,25,0,0.39104459352208915,0.7797207555699909,2,blocked
2226,26,0,0.48059837798191385,0.6633076329920684,2,blocked
2227,27,0,0.8965660226651124,0.5123103802055724,2,blocked
2228,28,0,0.5902081451761617,0.6355613458344205,2,blocked
2229,29,0,0.11498775166916035,0.8546697832187289,2,blocked
2230,30,0,0.699049705411651,0.673352949481939,2,blocked
2231,31,0,0.39567668381423315,0.6234567572603299,2,blocked
2232,32,0,0.9864724767202675,0.6111199936598528,2,blocked
2233,33,0,0.6612700552575883,0.375370575769845,2,blocked
2234,34,0,0.9306156782105992,0.651773759588118,2,blocked
2235,35,0,0.515339120478688,0.8654187930345378,2,blocked
2236,36,0,0.7082793659338467,0.6613434034606531,2,blocked
2237,37,0,0.7214051735050966,0.8543315319466904,2,blocked
2238,38,0,0.9993151335692165,0.5906471960230528,2,blocked
2239,39,0,0.9515046808301763,0.7242354038683221,2,blocked
2240,40,0,0.47682387361236545,0.8748599635495371,2,blocked
2241,41,0,0.09577579497736369,0.7143579741043347,2,blocked
2242,42,0,0.9673219556941761,0.48056152505723926,2,blocked
2243,43,0,0.49833251510270415,0.9210805963547385,2,blocked
2244,44,0,0.4455152007855381,0.7640497420839725,2,blocked
2245,45,0,0.005018851023466355,1.022820612239632,2,blocked
2246,46,0,0.015230484672716123,0.7998536549804306,2,blocked
2247,47,0,0.4316564354466753,0.6204460227707054,2,blocked
2248,48,0,0.06293761218375496,0.7432295504712718,2,blocked
2249,49,0,0.615895415090905,0.7672735324002746,2,blocked
2250,50,0,0.0200922671581837,0.7167820520105128,2,blocked
2251,51,0,0.37722341706795537,0.7894480266778243,2,blocked
2252,52,0,0.6360223536074349,0.6913133849349058,2,blocked
2253,53,0,0.5330308650869054,0.6333664393468712,2,blocked
2254,54,0,0.604875103148824,0.5477109483004086,2,blocked
2255,55,0,0.009349151428515234,0.7835032534092075,2,blocked
2256,56,0,0.14781806155891236,0.7889079186496256,2,blocked
2257,57,0,0.030783603589183754,0.6065180746705268,2,blocked
2258,58,0,0.5199485965891724,0.49325524998894477,2,blocked
2259,59,0,0.7528048362965974,0.40585482712169896,2,blocked
2260,60,0,0.8858061525370345,0.4784995400094114,2,blocked
2261,61,0,0.6202311796193526,0.6602351887896537,2,blocked
2262,62,0,0.5257745334672049,0.5644773766516483,2,blocked
2263,63,0,0.5005558446848011,0.9013285934917137,2,blocked
2264,64,0,0.984118959621711,0.8419409921428433,2,blocked
2265,65,0,0.6269274581706263,0.6580325679045395,2,blocked
2266,66,0,0.791990361408635,0.9571318716074293,2,blocked
2267,67,0,0.5640688923579744,0.9987195936040533,2,blocked
2268,68,0,0.999696344788945,0.36892880897366714,2,blocked
2269,69,0,0.9988909321154836,0.29742351247697224,2,blocked
2270,70,0,0.9935574090917333,0.4215714753591723,2,blocked
2271,71,0,0.9958066119041793,0.8050142866226695,2,blocked
2272,72,0,0.9992122936909785,0.6242599554792632,2,blocked
2273,73,0,0.7316702332139251,0.518281944687813,2,blocked
2274,74,0,0.2798873459373703,0.9463573979151256,2,blocked
2275,75,0,0.06032324258188896,0.7593082342648216,2,blocked
2276,76,0,0.5784425161438259,0.7803062057059318,2,blocked
2277,77,0,0.8808234493778688,0.550230065166204,2,blocked
2278,78,0,0.9490641046348824,0.38379697976152205,2,blocked
2279,79,0,0.984017538392911,0.47936016276904314,2,blocked
2280,80,0,0.49589148311228415,0.6797076036818069,2,blocked
2281,81,0,0.055888177849362904,1.1929117290522746,2,blocked
2282,82,0,0.9902691195443638,0.7597281085860993,2,blocked
2283,83,0,0.888252364252578,0.3597587924288486,2,blocked
2284,84,0,0.5023704331805954,0.7208022198732089,2,blocked
2285,85,0,0.9854389909638489,0.9928092629719232,2,blocked
2286,86,0,0.9660148675748501,0.7189865109030722,2,blocked
2287,87,0,0.6322690650075273,0.7504824313726342,2,blocked
2288,88,0,0.5795759075526706,0.8386802924088848,2,blocked
2289,89,0,0.41954295203333614,0.49741547677648223,2,blocked
2290,90,0,0.5662381780409911,0.7597112216655371,2,blocked
2291,91,0,0.797206322302717,0.547510368452396,2,blocked
2292,92,0,0.7167132014221755,0.5294527247604353,2,blocked
2293,93,0,0.00174206481361276,0.7154541687035583,2,blocked
2294,94,0,0.541438797881786,0.7050442911817563,2,blocked
2295,95,0,0.4874085686710976,0.6857420624181025,2,blocked
2296,96,0,0.8175672863554782,0.4380846200495575,2,blocked
2297,97,0,0.9998084466017403,0.6194086954752324,2,blocked
2298,98,0,0.4952963577152189,0.48579855877417827,2,blocked
2299,99,0,0.9683281536760082,0.627201038999025,2,blocked
2300,100,0,0.9849056327296231,0.5215187482139985,2,blocked
2301,101,0,0.8525054075642848,0.5113973620996015,2,blocked
2302,102,0,0.9909611350144598,0.3982491688856979,2,blocked
2303,103,0,0.999961060628453,0.6881251411615792,2,blocked
2304,104,0,0.5719802738646517,0.8438085553181683,2,blocked
2305,105,0,0.09486423616948991,0.6209972384914298,2,blocked
2306,106,0,0.8148077735544759,0.592423753450704,2,blocked
2307,107,0,0.015603251351402279,0.8996950185680814,2,blocked
2308,108,0,0.7034919247533548,0.478441933394841,2,blocked
2309,109,0,0.9909777923323313,0.5248924115424349,2,blocked
2310,110,0,0.9981786624821449,0.5819871465651163,2,blocked
2311,111,0,0.9902847795402073,0.33820760668456196,2,blocked
2312,112,0,0.4558334505937559,0.8676071304994118,2,blocked
2313,113,0,0.9986751321045346,0.8152938654529486,2,blocked
2314,114,0,0.39853029388055317,0.7607969654027974,2,blocked
2315,115,0,0.8211142731041268,0.5158341021207148,2,blocked
2316,116,0,0.2453903037808223,0.6956363860831973,2,blocked
2317,117,0,0.4985193726097932,0.6041075169448553,2,blocked
2318,118,0,0.6181187193578747,0.5403308641312277,2,blocked
2319,119,0,0.9988021792803914,0.677687856177642,2,blocked
2320,120,0,0.8738448966862544,0.5933792739892395,2,blocked
2321,121,0,0.8014146224599532,0.603056604710726,2,blocked
2322,122,0,0.5892241732101018,0.5851466519354042,2,blocked
2323,123,0,8.433247449407965e-05,1.0846310954439131,2,blocked
2324,124,0,0.9139824486267988,0.581404682207177,2,blocked
2325,125,0,0.1455474406445334,0.8902313618072493,2,blocked
2326,126,0,0.453449877310351,0.5892886778049734,2,blocked
2327,127,0,0.1849835990558483,0.74553002550464,2,blocked
2328,128,0,0.1571146826061827,0.6831730109940704,2,blocked
2329,129,0,0.11081848072594155,0.6884324101976848,2,blocked
2330,130,0,0.6258230169003559,0.46416686632431375,2,blocked
2331,131,0,0.05217017317271418,0.566930147697837,2,blocked
2332,132,0,0.3336472233830863,0.6891845974286267,2,blocked
2333,133,0,0.002278212881449924,1.0411661777631684,2,blocked
2334,134,0,0.9701972022389024,0.40253767694666515,2,blocked
2335,135,0,0.02967064061035537,1.1631674004344417,2,blocked
2336,136,0,0.9981058661113917,0.5383578006791871,2,blocked
2337,137,0,0.9940978307442709,0.4737725576990534,2,blocked
2338,138,0,0.4158850454801647,0.6401840005529091,2,blocked
2339,139,0,0.6969205428553212,0.7557582014716664,2,blocked
2340,140,0,0.9999179726386143,0.5647784764177253,2,blocked
2341,141,0,0.6448267018914188,0.6610660101662258,2,blocked
2342,142,0,0.03921589967827332,0.8567087151224599,2,blocked
2343,143,0,0.9156885356717253,0.5601943444776857,2,blocked
2344,144,0,0.7907516563620485,0.45163713853736837,2,blocked
2345,145,0,0.40560888131305045,0.9652862307318414,2,blocked
2346,146,0,0.018030449143659255,0.6839087843254932,2,blocked
2347,147,0,0.13169312443822243,0.722765036919276,2,blocked
2348,148,0,0.48740892663188645,0.6899223178215135,2,blocked
2349,149,0,0.41310827488464474,0.49458366884226845,2,blocked
2350,150,0,0.9989299640159759,0.5362624586062503,2,blocked
2351,151,0,0.9576071248167836,0.5125871592402935,2,blocked
2352,152,0,0.034609335765431376,0.658775962520759,2,blocked
2353,153,0,0.9911313566830311,0.52241278939766,2,blocked
2354,154,0,0.9483723568326958,0.2896760331630797,2,blocked
2355,155,0,0.36167155386544225,0.6252430482159569,2,blocked
2356,156,0,0.27258627199813035,0.9332682977654647,2,blocked
2357,157,0,0.9672766890673483,0.4998857423541673,2,blocked
2358,158,0,0.9930991792357255,0.30378805829720384,2,blocked
2359,159,0,0.6825142276628838,0.4547175782109715,2,blocked
2360,160,0,0.5571997156715544,0.5158535941830272,2,blocked
2361,161,0,0.8757832661462495,0.5213401568549392,2,blocked
2362,162,0,0.9259932625741416,0.46595487940407165,2,blocked
2363,163,0,0.9522697372281803,0.6669926429908699,2,blocked
2364,164,0,0.4844009258789471,0.7792518902339893,2,blocked
2365,165,0,0.9878743463275284,0.6342803710976634,2,blocked
2366,166,0,0.5056221550891006,0.6460608232208626,2,blocked
2367,167,0,0.8939796072040141,0.5874802300400085,2,blocked
2368,168,0,0.5374298600921448,0.8225096579858391,2,blocked
2369,169,0,0.19612357945502254,1.1855042775422628,2,blocked
2370,170,0,0.9932946642311455,0.4802460830120756,2,blocked
2371,171,0,0.626839948819705,0.3170525784083812,2,blocked
2372,172,0,0.50117395900947,0.6420947604789757,2,blocked
2373,173,0,0.4076839197417597,0.6105367222535265,2,blocked
2374,174,0,0.44801590000557456,0.4035482008549941,2,blocked
2375,175,0,0.9657465703607473,0.47079749474598986,2,blocked
2376,176,0,0.5619909128061009,0.6298221730234727,2,blocked
2377,177,0,0.5305385321060402,0.6223110122827364,2,blocked
2378,178,0,0.9975947534651564,0.5697272977841532,2,blocked
2379,179,0,0.08617248455465507,0.4422381715498307,2,blocked
2380,180,0,0.7153453256023246,0.6561729313113096,2,blocked
2381,181,0,0.46591441789204324,0.5760915766586833,2,blocked
2382,182,0,0.3139493706834905,0.528615316455289,2,blocked
2383,183,0,0.55621544912477,0.6430710735276643,2,blocked
2384,184,0,0.6110422036596099,0.6058555796154328,2,blocked
2385,185,0,0.44998493614939294,0.610049345847985,2,blocked
2386,186,0,0.9998007098619779,0.5388713177849614,2,blocked
2387,187,0,0.997755580086699,0.523492378599148,2,blocked
2388,188,0,0.6898100772444373,0.5384257947584818,2,blocked
2389,189,0,0.48834189188322524,0.7879231099602854,2,blocked
2390,190,0,0.5502720957005678,0.6017422471422551,2,blocked
2391,191,0,0.9138513098756489,0.4044395167647249,2,blocked
2392,192,0,0.5137684451052204,0.45925656565670236,2,blocked
2393,193,0,0.9928611884466394,0.4598080097281396,2,blocked
2394,194,0,0.5248625796906458,0.7799693188048545,2,blocked
2395,195,0,0.780095658640165,0.6989096664448282,2,blocked
2396,196,0,0.8432305837082459,0.4785649354547601,2,blocked
2397,197,0,0.9979646069342558,0.4539261590366742,2,blocked
2398,198,0,0.9996549617010418,0.5964729150564198,2,blocked
2399,199,0,0.502689480081482,0.5609730862819033,2,blocked
2400,0,0,0.47802600599079637,0.7608937697562526,2,early
2401,1,0,0.3779869160608895,0.6221211427865428,2,early
2402,2,0,0.3918886265275671,0.514697163715618,2,early
2403,3,0,0.39103937374774433,0.7571771365188498,2,early
2404,4,0,0.4997732645090891,0.6741261147585615,2,early
2405,5,0,0.22902999794938267,0.5091287081324025,2,early
2406,6,0,0.45438421008125207,0.8184802814854012,2,early
2407,7,0,0.2647353194051779,0.7946442404959815,2,early
2408,8,0,0.38598258662089785,0.5547926698576253,2,early
2409,9,0,0.3375415686296546,0.5228145855366441,2,early
2410,10,0,0.4982675185708691,0.5060328881547485,2,early
2411,11,0,0.5378453834370296,0.522934905339427,2,early
2412,12,0,0.4640914317517704,0.7260030248859108,2,early
2413,13,0,0.5466192703067364,0.59586889580807,2,early
2414,14,0,0.6629677632120932,0.6253870850771418,2,early
2415,15,0,0.4936400679325835,0.8379783835436299,2,early
2416,16,0,0.4781905569480369,0.8860734579019534,2,early
2417,17,0,0.25668693449468544,0.7588441379640893,2,early
2418,18,0,0.5596496667169161,0.8394884005310124,2,early
2419,19,0,0.5731890281108091,0.5891853249431795,2,early
2420,20,0,0.42631044905335114,0.575496560321997,2,early
2421,21,0,0.552271990634124,0.6979709611133533,2,early
2422,22,0,0.5004483800392224,0.6209360688311429,2,early
2423,23,0,0.500799112178527,0.8499575806375071,2,early
2424,24,0,0.500002189436378,1.0357456752364658,2,early
2425,25,0,0.5001467608836877,0.7475650515031053,2,early
2426,26,0,0.5014868297818649,0.9629769385427549,2,early
2427,27,0,0.6423064108561314,0.7145196026275143,2,early
2428,28,0,0.4991102386705796,0.9028654192164658,2,early
2429,29,0,0.4999940611213203,0.6596498547460263,2,early
2430,30,0,0.6605113116047583,0.48643311562061853,2,early
2431,31,0,0.6258146933811326,0.6378442400399571,2,early
2432,32,0,0.5628613540898044,0.7379106596803432,2,early
2433,33,0,0.8195600529758993,0.5500112806841346,2,early
2434,34,0,0.4074190877910237,0.48706913160938514,2,early
2435,35,0,0.9280475340223918,0.37593257341586217,2,early
2436,36,0,0.9038807201540546,0.46174757458783394,2,early
2437,37,0,0.9599993197721595,0.762392290859663,2,early
2438,38,0,0.524675704950164,0.7366277459393291,2,early
2439,39,0,0.9379720153554993,0.538454819669336,2,early
2440,40,0,0.4187358938381268,0.5211882787963051,2,early
2441,41,0,0.9757176676839162,0.6603658850495813,2,early
2442,42,0,0.0003013879197325541,1.0698819526918855,2,early
2443,43,0,0.0004249971446245957,0.9514329859595436,2,early
2444,44,0,0.08375171802908858,1.0425833115548508,2,early
2445,45,0,2.6252063529220383e-05,1.0908215550265568,2,early
2446,46,0,0.0024759197021106097,0.7579638679223807,2,early
2447,47,0,0.9736927465389589,0.8011533701226545,2,early
2448,48,0,0.9962513564257851,0.8392588892923964,2,early
2449,49,0,0.9998417761832857,0.7709435809906777,2,early
2450,50,0,0.9689368488168655,0.35988043934764663,2,early
2451,51,0,0.4091733737943225,0.459059863543218,2,early
2452,52,0,0.9255942112585797,0.7748897951369975,2,early
2453,53,0,0.10528454435767563,0.9016756218321369,2,early
2454,54,0,0.9992170315250942,0.5312144512190384,2,early
2455,55,0,0.9024732194741564,0.7706614272032608,2,early
2456,56,0,0.24141600926471243,1.2527800783598138,2,early
2457,57,0,0.006597975671261294,0.7506033315369898,2,early
2458,58,0,0.7563053049277729,0.6640169269441789,2,early
2459,59,0,0.9946012692533467,0.4853661107003582,2,early
2460,60,0,0.9511791456987924,0.7111572868348258,2,early
2461,61,0,0.93494363527572,0.7139085746939717,2,early
2462,62,0,0.8873595860912387,0.8701066333511314,2,early
2463,63,0,0.8375571602483088,0.8300526584379935,2,early
2464,64,0,0.5121754685305282,0.536392736465759,2,early
2465,65,0,0.28307917334795324,0.8010679819976072,2,early
2466,66,0,0.9997750242180448,0.6821921308782799,2,early
2467,67,0,0.9873252604819323,0.44690373780875625,2,early
2468,68,0,0.047078836633690876,0.8633587171211714,2,early
2469,69,0,0.9960432087077885,0.6375875107633909,2,early
2470,70,0,0.8871193147071115,0.7725179974201051,2,early
2471,71,0,0.9877511188490338,0.5742400732139514,2,early
2472,72,0,0.9986129304352789,0.4755592223599564,2,early
2473,73,0,0.21534317588459112,0.7449860514854095,2,early
2474,74,0,0.9914644961090477,0.42823623694716895,2,early
2475,75,0,0.8633641058565295,0.6722815386269159,2,early
2476,76,0,0.0644382355774407,0.70627393404408,2,early
2477,77,0,0.9991085627368466,0.6224730971492939,2,early
2478,78,0,0.0007627359714953439,0.8277062231698542,2,early
2479,79,0,0.9978688867800976,0.2895717848100965,2,early
2480,80,0,0.510878805641373,0.7576366012351093,2,early
2481,81,0,0.9997938172513996,0.5509710991422823,2,early
2482,82,0,0.5051037817315931,0.5557340627608331,2,early
2483,83,0,0.9675466228250656,0.6739104774507785,2,early
2484,84,0,0.5024047670643663,0.6318783560770185,2,early
2485,85,0,0.22409264022011913,0.7305461295321736,2,early
2486,86,0,0.4999954586096541,0.7470877849093269,2,early
2487,87,0,0.7854283188581024,0.7266016161374935,2,early
2488,88,0,0.5258416146389955,0.5060035768564131,2,early
2489,89,0,0.9999993807391122,0.8124137002216191,2,early
2490,90,0,0.5609246852664701,1.1628502493678097,2,early
2491,91,0,0.28632877331674983,0.9028164809445944,2,early
2492,92,0,0.5000012711452758,0.6905558113301613,2,early
2493,93,0,0.9751134264690025,0.5301482056102794,2,early
2494,94,0,0.44201592995317884,0.8530406846526603,2,early
2495,95,0,0.04399426089024775,0.7922987678387703,2,early
2496,96,0,0.588576919753774,0.6351504555028502,2,early
2497,97,0,0.001699608100183219,0.7633732036191359,2,early
2498,98,0,0.4696244714743369,0.7380411877740843,2,early
2499,99,0,0.018739536138804122,0.8224276172349116,2,early
2500,100,0,0.405466282939113,0.6493818636988837,2,early
2501,101,0,0.2671143664774457,0.6530902157601098,2,early
2502,102,0,0.4997893359342154,0.8200164849449454,2,early
2503,103,0,2.55227994674563e-05,1.1474244082253617,2,early
2504,104,0,0.49844903039663574,0.5389063667757201,2,early
2505,105,0,0.004004962811049269,0.827989571287068,2,early
2506,106,0,0.490218974099071,0.8399254964378138,2,early
2507,107,0,0.564688487448615,0.7977435137785844,2,early
2508,108,0,0.5439880438811708,0.6721708579778842,2,early
2509,109,0,0.8871137770324091,0.6099148839182598,2,early
2510,110,0,0.5010808794814575,1.0335476408062412,2,early
2511,111,0,0.07372612093354819,0.7621499450534159,2,early
2512,112,0,0.7626919512435567,0.5658127458494,2,early
2513,113,0,0.5192099516292157,0.7065017525313351,2,early
2514,114,0,0.5036568231973753,0.6684835029008098,2,early
2515,115,0,0.9542753924521277,0.49445831367768095,2,early
2516,116,0,0.32766767847283396,0.657877337508896,2,early
2517,117,0,0.9636137584943638,0.408030078678375,2,early
2518,118,0,0.5439432618478198,0.3131458687155949,2,early
2519,119,0,0.9357736886005643,0.3319245555253456,2,early
2520,120,0,0.5510624700642236,0.4837225404857437,2,early
2521,121,0,0.4610281351992883,0.6358078137341097,2,early
2522,122,0,0.18690927597756973,0.753625768641424,2,early
2523,123,0,0.002871709116529906,0.5550326405537496,2,early
2524,124,0,0.5002915045944781,0.5584539690269289,2,early
2525,125,0,0.3966081466178755,0.5098948148148619,2,early
2526,126,0,0.5001126117881471,0.6674718021088257,2,early
2527,127,0,0.8214212661017817,0.4007439915243328,2,early
2528,128,0,0.7868947936704271,0.7110389808306516,2,early
2529,129,0,0.6654586125676004,0.47016992306100436,2,early
2530,130,0,0.17369190094847886,0.6908894390562597,2,early
2531,131,0,0.9746361990311543,0.6126307053760403,2,early
2532,132,0,0.5006940225806606,0.5044355046164545,2,early
2533,133,0,0.01753279675179345,0.6581517555596124,2,early
2534,134,0,0.5000497386874299,0.6504620482046164,2,early
2535,135,0,0.15650672156420112,0.7115473844113065,2,early
2536,136,0,0.5083794732642355,0.7004390759721111,2,early
2537,137,0,0.00301134940559553,0.7792560021264323,2,early
2538,138,0,0.4998093846421076,0.5385404462822728,2,early
2539,139,0,0.9899744678467162,0.517660123558632,2,early
2540,140,0,0.508846937295439,0.5506171006945926,2,early
2541,141,0,0.4619484494799333,0.5268463238046359,2,early
2542,142,0,0.5002368795759548,0.6688120821041244,2,early
2543,143,0,0.7571380995471062,0.48622361394360414,2,early
2544,144,0,0.48158150814006806,0.47953616378919184,2,early
2545,145,0,0.19993876017986423,0.711039573793015,2,early
2546,146,0,0.5182297348323862,0.8690253710004183,2,early
2547,147,0,0.00013207419698670563,0.8400785441661418,2,early
2548,148,0,0.5001010724531334,0.7102744847243475,2,early
2549,149,0,0.11244802500976618,0.5255838721009906,2,early
2550,150,0,0.5697910541332513,0.5175435900751264,2,early
2551,151,0,0.9997471828389473,0.6312464744590509,2,early
2552,152,0,0.825655076647951,0.22619535308675356,2,early
2553,153,0,0.017554989912249117,0.6889939881700835,2,early
2554,154,0,0.5000000086209828,0.9084084077310752,2,early
2555,155,0,0.9854173061557685,0.6940668387332132,2,early
2556,156,0,0.718659471275672,0.5721832747214468,2,early
2557,157,0,0.5355849668858146,0.500220488612852,2,early
2558,158,0,0.5063520534694006,0.5280910805899552,2,early
2559,159,0,0.39730550970039197,0.6316806717145049,2,early
2560,160,0,0.4984822570626854,0.5869452224112496,2,early
2561,161,0,0.5025170383025764,0.5145843602230139,2,early
2562,162,0,0.5018626523144198,0.6264451762251846,2,early
2563,163,0,0.5001095607155681,0.5488957051304741,2,early
2564,164,0,0.48995930380312785,0.5786185807610523,2,early
2565,165,0,0.47316756832408613,0.6539151523665059,2,early
2566,166,0,0.5032262710281649,0.5333479116945481,2,early
2567,167,0,0.0002232744049560184,0.7893456073853755,2,early
2568,168,0,0.0074937215078707976,0.7277326306540887,2,early
2569,169,0,0.020349419475586394,0.723553522551841,2,early
2570,170,0,0.5231537899666459,0.7607097017052429,2,early
2571,171,0,0.5000526319502064,0.5424440730564657,2,early
2572,172,0,0.5035686355836861,0.6240631918943589,2,early
2573,173,0,0.5148131255445492,0.8135609853623205,2,early
2574,174,0,0.6519120400028354,0.7332089981424881,2,early
2575,175,0,0.5045536864016076,0.7782542130233583,2,early
2576,176,0,0.8767900209446908,0.550522701561479,2,early
2577,177,0,0.7682941651826913,0.4127079858344712,2,early
2578,178,0,0.8581034761848445,0.45433692824691463,2,early
2579,179,0,0.8527331873782785,0.7176408358005522,2,early
2580,180,0,0.49935289340685984,0.5191544746597135,2,early
2581,181,0,0.51852887604081,0.37670815123427204,2,early
2582,182,0,0.976842716141071,0.38802025428720954,2,early
2583,183,0,0.7293359331067996,0.383886946148834,2,early
2584,184,0,0.10693838062097628,0.786856263169881,2,early
2585,185,0,0.9998832253307086,0.592859094390269,2,early
2586,186,0,0.156409809899438,0.674434195750495,2,early
2587,187,0,0.7517591440500817,0.34114097988183056,2,early
2588,188,0,0.3559984898447111,0.42892939719888573,2,early
2589,189,0,0.8703453237188341,0.2796987441762991,2,early
2590,190,0,0.7077558149069247,0.4966915395367234,2,early
2591,191,0,0.5003735383822806,0.4690834668639704,2,early
2592,192,0,0.5672340443347047,0.4780450377595449,2,early
2593,193,0,0.7514699369035507,0.5291283404180935,2,early
2594,194,0,0.9807761329093303,0.37539065832447005,2,early
2595,195,0,0.6125456214151103,0.3198090280455235,2,early
2596,196,0,0.6553393464750021,0.6726927374427674,2,early
2597,197,0,0.09365111606363757,0.5934074539966511,2,early
2598,198,0,0.9826387792138069,0.3307919572758373,2,early
2599,199,0,0.49791967788625197,0.7995122480766486,2,early
2600,0,0,0.36240877234141317,0.873568443679806,2,middle
2601,1,0,0.01151573649298663,0.7458267879921937,2,middle
2602,2,0,0.5364681265017439,0.8074989982117031,2,middle
2603,3,0,0.5005028130007777,0.7890143812042447,2,middle
2604,4,0,0.49414417756967005,0.9682816249659444,2,middle
2605,5,0,0.025267655766021788,0.7808442403799274,2,middle
2606,6,0,0.14202935756923402,0.6103354230245903,2,middle
2607,7,0,0.38984122636421026,0.6411706019702377,2,middle
2608,8,0,0.6781710437905489,0.5277265664781094,2,middle
2609,9,0,0.23149393839693988,0.6412926627569517,2,middle
2610,10,0,0.29899517515268553,0.6488843564530757,2,middle
2611,11,0,0.23277304679430508,0.9137343087639,2,middle
2612,12,0,0.5581197297206794,0.7963561736906093,2,middle
2613,13,0,0.7995459393662647,0.6407808615670612,2,middle
2614,14,0,0.949167563686285,0.7205738754394551,2,middle
2615,15,0,0.04931367757762149,0.6970716773463659,2,middle
2616,16,0,0.08855718537218285,0.8257000875063009,2,middle
2617,17,0,0.023603913483927576,0.4985830023214254,2,middle
2618,18,0,0.9900948468488682,0.9380126796872075,2,middle
2619,19,0,0.3960303340178869,0.48614585357405393,2,middle
2620,20,0,0.5058318004276234,0.49943064050405844,2,middle
2621,21,0,0.25177195381897627,0.8831069263839038,2,middle
2622,22,0,0.6005023398889534,1.1604805611196567,2,middle
2623,23,0,0.9169819282946194,1.2420167559177622,2,middle
2624,24,0,0.9684024890227341,0.7999106489057295,2,middle
2625,25,0,0.7921537952850803,0.7657395076205651,2,middle
2626,26,0,0.5033362552487755,0.7839951790993838,2,middle
2627,27,0,0.677983486718262,0.9865137568366158,2,middle
2628,28,0,0.5490506617850618,0.5669414212402694,2,middle
2629,29,0,0.9728121241261687,0.6454074857801273,2,middle
2630,30,0,0.5417451588269924,0.5951845965417435,2,middle
2631,31,0,0.5950961001965563,0.5821603647534386,2,middle
2632,32,0,0.5603359901944609,0.8354150150768251,2,middle
2633,33,0,0.46447112753534253,0.538022885693119,2,middle
2634,34,0,0.4976985457091521,0.8719766153116015,2,middle
2635,35,0,0.0007039644510497827,0.9713661828658557,2,middle
2636,36,0,0.5035881751833322,1.307496888056603,2,middle
2637,37,0,0.021201463226724556,1.5614849356172913,2,middle
2638,38,0,0.7354817094643664,1.007096608458825,2,middle
2639,39,0,0.047517759798589,1.1255185588319279,2,middle
2640,40,0,0.5000018064426903,1.2279542006507027,2,middle
2641,41,0,0.4965785821110343,0.9805158181863741,2,middle
2642,42,0,0.9855328890422943,0.45556258439283137,2,middle
2643,43,0,0.5040924473121081,0.8398374228285348,2,middle
2644,44,0,0.9435560879601235,0.6579044661759603,2,middle
2645,45,0,0.5049459896349857,0.8783359304254558,2,middle
2646,46,0,0.5000005425480666,1.2938799752916919,2,middle
2647,47,0,0.9973405793889083,0.745600593655821,2,middle
2648,48,0,0.4981169522556871,0.8162536566888301,2,middle
2649,49,0,0.5003230123098198,0.9334725182084589,2,middle
2650,50,0,0.9358645900358031,0.37739300418965505,2,middle
2651,51,0,0.9759360282047285,0.6511726479976111,2,middle
2652,52,0,0.6636213662087338,0.4836298068141849,2,middle
2653,53,0,0.9784233472270816,0.8136091291443106,2,middle
2654,54,0,0.5043491386946444,1.5549587528174977,2,middle
2655,55,0,0.9982496574760609,0.5668764722115245,2,middle
2656,56,0,0.5648166393149401,1.0793298210614257,2,middle
2657,57,0,0.8857583893775183,0.615053989082927,2,middle
2658,58,0,0.5609563651262326,1.1423773642895818,2,middle
2659,59,0,0.49987658574003696,1.2072010707548007,2,middle
2660,60,0,0.5578667765630982,0.9986358456774393,2,middle
2661,61,0,0.5018660342825467,0.9779075061446418,2,middle
2662,62,0,0.765915420608775,0.6197953712409452,2,middle
2663,63,0,0.5002192076999342,1.0175292088056027,2,middle
2664,64,0,0.5173879425897294,0.49705222161856943,2,middle
2665,65,0,0.5003802077354201,0.7719413134509334,2,middle
2666,66,0,0.5027651523818714,0.8817850967099938,2,middle
2667,67,0,0.500362514487557,0.9053756507406663,2,middle
2668,68,0,0.9212313926364668,0.6780210681190133,2,middle
2669,69,0,0.9989142608132762,0.5416780883054497,2,middle
2670,70,0,0.8314744178313933,0.7044751282996295,2,middle
2671,71,0,0.9265616756116619,0.6521536989622922,2,middle
2672,72,0,0.5162371712542924,0.8598302086608559,2,middle
2673,73,0,0.9993846245242095,1.0378296564182,2,middle
2674,74,0,0.5030842996608815,0.8642709695909168,2,middle
2675,75,0,0.9500087554309811,0.8492575064601893,2,middle
2676,76,0,0.7430455111822962,0.8699674978551262,2,middle
2677,77,0,0.8785667168254545,0.8563987940588613,2,middle
2678,78,0,0.5056725156669373,0.9568455636051212,2,middle
2679,79,0,0.957529569668502,0.8382184671887931,2,middle
2680,80,0,0.687311357655565,0.6821724295796996,2,middle
2681,81,0,0.12289615942036136,0.8203670240374789,2,middle
2682,82,0,0.9998776023110119,0.8071732158361252,2,middle
2683,83,0,0.8962340954047237,0.8769008061653398,2,middle
2684,84,0,0.9995266086772694,1.067923384795886,2,middle
2685,85,0,0.9913566030808503,0.7996974042808949,2,middle
2686,86,0,0.00016241655294665187,1.025856164314354,2,middle
2687,87,0,0.9637816213087367,0.7333456716534845,2,middle
2688,88,0,0.002511975918368133,0.9486128295036484,2,middle
2689,89,0,0.15698748663587722,1.1052150687968187,2,middle
2690,90,0,0.9999800333353527,0.89072686885658,2,middle
2691,91,0,0.9992637193193475,1.0220690275363558,2,middle
2692,92,0,0.5531934235598952,0.7847580160424561,2,middle
2693,93,0,0.367916196191844,0.7455583322280075,2,middle
2694,94,0,0.0072915376258143195,0.9517414124032677,2,middle
2695,95,0,0.9979257094886456,0.6286613527156355,2,middle
2696,96,0,0.0068371643892953,0.8022007889319029,2,middle
2697,97,0,0.7722810578069577,0.6743146388044599,2,middle
2698,98,0,0.9474797901272456,0.4311097396027437,2,middle
2699,99,0,0.8347693385407193,0.7753917316870191,2,middle
2700,100,0,0.5097415511790852,1.00649924071301,2,middle
2701,101,0,0.9074360447926575,0.9303283244598344,2,middle
2702,102,0,0.9999365026261975,0.6068218829074794,2,middle
2703,103,0,0.9999557431919949,0.9095202752059603,2,middle
2704,104,0,0.6210932347461343,0.6820279194584217,2,middle
2705,105,0,0.001843828141672134,1.0946090545104588,2,middle
2706,106,0,0.7520189515258375,0.5528482662906151,2,middle
2707,107,0,0.9970605527740005,1.4017198460359608,2,middle
2708,108,0,0.7199034993871911,0.8654319769053536,2,middle
2709,109,0,0.010623883970644987,0.7950557854745564,2,middle
2710,110,0,7.214511611631803e-05,0.8322505184793358,2,middle
2711,111,0,0.9891501227987953,0.5809570300954613,2,middle
2712,112,0,0.05054585150704949,0.8131442401640472,2,middle
2713,113,0,0.659419417904857,0.5136641742676652,2,middle
2714,114,0,0.8450604794960319,0.6067910348223189,2,middle
2715,115,0,0.37842898937306824,0.4470384994505867,2,middle
2716,116,0,0.9985126790354937,0.9401994810797105,2,middle
2717,117,0,0.9087996402818064,0.6127638205946275,2,middle
2718,118,0,0.6556360711321237,0.6421232729889994,2,middle
2719,119,0,0.7023458214389434,0.610122153829278,2,middle
2720,120,0,0.4973829564138847,0.7247840617466013,2,middle
2721,121,0,0.025277508456753032,0.5772224867654643,2,middle
2722,122,0,0.5012850586524673,0.8158351172041322,2,middle
2723,123,0,0.9963885146288074,0.4886063639716835,2,middle
2724,124,0,0.5101193575448646,0.6669686091199006,2,middle
2725,125,0,0.260998487436693,0.577971745190804,2,middle
2726,126,0,0.5000047168485952,1.1870684638108018,2,middle
2727,127,0,0.6194780752023065,0.6439203030786406,2,middle
2728,128,0,0.5002035641699218,0.9349076166932496,2,middle
2729,129,0,0.0007427743067888865,0.8930832171267549,2,middle
2730,130,0,0.5001201728646628,0.7196571940908743,2,middle
2731,131,0,0.5997776457954359,0.4378320774208988,2,middle
2732,132,0,0.8106103209161577,1.0217225132061303,2,middle
2733,133,0,0.5643441889567242,0.5013209196341948,2,middle
2734,134,0,0.5009161684348945,0.6914682537166517,2,middle
2735,135,0,0.8358303909790594,0.5434252504335388,2,middle
2736,136,0,0.5001633285203712,0.6011052209803104,2,middle
2737,137,0,0.1340661432832297,0.5906553314505001,2,middle
2738,138,0,0.5001194973989207,0.8126595593956475,2,middle
2739,139,0,0.3752586243732886,0.5833119166913021,2,middle
2740,140,0,0.5003472469358283,0.578580068718198,2,middle
2741,141,0,0.16854763904930442,0.6114166060364772,2,middle
2742,142,0,0.5136083328561366,0.7892654721796478,2,middle
2743,143,0,0.005450103296615805,0.7991053269394427,2,middle
2744,144,0,0.49999680094334337,0.7727917825760209,2,middle
2745,145,0,0.995758561917292,0.663588631420009,2,middle
2746,146,0,0.49818209137844616,1.1253230324992671,2,middle
2747,147,0,0.020572068386603963,0.8589166699336798,2,middle
2748,148,0,0.5009183471554325,0.9042992177701195,2,middle
2749,149,0,0.7406993662818873,0.6124815223925019,2,middle
2750,150,0,0.49996883034562317,0.631851208852679,2,middle
2751,151,0,0.9210016618736362,0.5058682598619865,2,middle
2752,152,0,0.6619884819313141,0.6986242781567884,2,middle
2753,153,0,0.49296388533538305,0.9642981041582104,2,middle
2754,154,0,0.49989754605934345,0.6765747466014662,2,middle
2755,155,0,0.5082027094443033,0.5962864736075898,2,middle
2756,156,0,0.5001692567580581,0.7252033130451168,2,middle
2757,157,0,0.30845725999105533,0.7620122809138798,2,middle
2758,158,0,0.9797910688205319,1.3802317263010133,2,middle
2759,159,0,0.31048546360783497,0.6195029113778274,2,middle
2760,160,0,0.10458441279427175,0.717818296459773,2,middle
2761,161,0,0.49853921679291946,0.7775269106229032,2,middle
2762,162,0,0.7368365313981116,0.40634299332250434,2,middle
2763,163,0,0.3620950896568526,0.6698303095506359,2,middle
2764,164,0,0.4787461293034682,0.6857288809896926,2,middle
2765,165,0,0.9027642964430431,0.7209844121565612,2,middle
2766,166,0,0.7623357711592029,0.6052253652640198,2,middle
2767,167,0,0.10854183476260001,0.8414784595113891,2,middle
2768,168,0,0.5045339405981782,0.5608904288463485,2,middle
2769,169,0,0.027120197721554554,0.8832083890423135,2,middle
2770,170,0,0.5001394086549764,1.0538710281069967,2,middle
2771,171,0,0.9867068456797765,0.5384695632993951,2,middle
2772,172,0,0.9995604249098164,0.6427782590460382,2,middle
2773,173,0,0.25605441408212454,0.8121080640826415,2,middle
2774,174,0,0.6835695057521002,0.4905598004079397,2,middle
2775,175,0,0.022185941771626097,0.7030245922223006,2,middle
2776,176,0,0.9896236407583456,0.634115002719672,2,middle
2777,177,0,0.9997850814994562,0.5564319540479419,2,middle
2778,178,0,0.9982346660244803,0.7419381600415618,2,middle
2779,179,0,0.044569254386256155,0.7714889753334145,2,middle
2780,180,0,0.21579728919819097,0.7020270788275396,2,middle
2781,181,0,0.4979008405735825,0.9349719176827214,2,middle
2782,182,0,0.5634523614659762,0.6876496879951268,2,middle
2783,183,0,0.6405441012274146,0.5451651520344527,2,middle
2784,184,0,0.0830051168343773,0.7760580126677927,2,middle
2785,185,0,0.5017029327463933,0.6562419035617295,2,middle
2786,186,0,0.4132808999995904,0.7775671898755705,2,middle
2787,187,0,0.5328044348039361,0.4771159921403978,2,middle
2788,188,0,0.5182753242159351,0.816939635172389,2,middle
2789,189,0,0.4812787986211685,0.7529624629577836,2,middle
2790,190,0,0.9801690817776714,0.4554216978591363,2,middle
2791,191,0,0.010224492183305563,1.2344859029587567,2,middle
2792,192,0,0.5003051761262511,0.8596090118721652,2,middle
2793,193,0,0.025325036026689503,0.956373347564557,2,middle
2794,194,0,0.5000045919018118,1.1952556086457906,2,middle
2795,195,0,0.9985997857405564,0.755728169620558,2,middle
2796,196,0,0.001447218266148157,0.7227937041266747,2,middle
2797,197,0,0.5321645477953,0.862801267004267,2,middle
2798,198,0,0.5010331371852131,0.786498837998722,2,middle
2799,199,0,0.8404126286046947,0.5141630134391013,2,middle
2800,0,0,0.32315643110174386,0.6800153595990188,2,late
2801,1,0,0.9986662440662044,0.38905193024256235,2,late
2802,2,0,0.4968355705956603,0.6364518373413711,2,late
2803,3,0,0.8360605054496141,0.49539183066669334,2,late
2804,4,0,0.43612563989172864,0.5368381605385524,2,late
2805,5,0,0.6981308263145736,0.43117043457306015,2,late
2806,6,0,0.3268560755828964,0.6700747017354312,2,late
2807,7,0,0.8178606993059034,0.6171520803451227,2,late
2808,8,0,0.2666541854310558,0.6200599099385538,2,late
2809,9,0,0.75741593538338,0.36314190329341406,2,late
2810,10,0,0.5693683052879168,0.5938867022734258,2,late
2811,11,0,0.2107743332121241,0.5813560270520577,2,late
2812,12,0,0.019968848969811187,0.7906364736879348,2,late
2813,13,0,0.7059199925826423,0.5984740082731633,2,late
2814,14,0,0.22032090467398927,0.575215132783138,2,late
2815,15,0,0.44484945413980154,0.7582469323213925,2,late
2816,16,0,0.48639270112065386,0.6098435026903961,2,late
2817,17,0,0.4815896853922585,0.7292647938609766,2,late
2818,18,0,0.4987731965327466,0.8791539152938947,2,late
2819,19,0,0.008651379059898726,0.6925810374615902,2,late
2820,20,0,0.5694986431659006,1.2740482077335709,2,late
2821,21,0,0.9705550883588306,0.7728174550492137,2,late
2822,22,0,0.4193844822817617,0.6187160670827543,2,late
2823,23,0,0.5457433526677778,0.662212317015021,2,late
2824,24,0,0.10554207818034139,0.9502133011135295,2,late
2825,25,0,0.5844529091696143,1.125054915989254,2,late
2826,26,0,0.48099691828555446,1.2542222762728295,2,late
2827,27,0,0.5992571315120541,0.5975549343139788,2,late
2828,28,0,0.33021798777564043,0.7508124656158919,2,late
2829,29,0,0.26752175590649463,0.7196684279537962,2,late
2830,30,0,0.5039179193940665,0.8541590440416168,2,late
2831,31,0,0.9365486152534577,0.5452026566288546,2,late
2832,32,0,0.5334801597842043,1.0168209222853577,2,late
2833,33,0,0.11347453615872766,1.2326946128829672,2,late
2834,34,0,0.5240555739838214,0.5962720370124588,2,late
2835,35,0,0.9015762115799619,0.6727952059861495,2,late
2836,36,0,0.4809126332268715,0.5485866066327836,2,late
2837,37,0,0.9978211087479668,0.6211424090782268,2,late
2838,38,0,0.07274760646171109,1.0414682439922696,2,late
2839,39,0,0.06360142053154293,0.871964000669293,2,late
2840,40,0,0.5000333380131975,0.5823061333034492,2,late
2841,41,0,0.025637420998997205,0.6878165277841194,2,late
2842,42,0,0.5053075953293515,0.41295456747289105,2,late
2843,43,0,0.6732421035783922,0.9830305873129244,2,late
2844,44,0,0.4998726638964421,1.1040444562402412,2,late
2845,45,0,0.9999327336843034,0.620830755524048,2,late
2846,46,0,0.5098833964151448,0.5284680331183631,2,late
2847,47,0,0.9971920428050525,0.9601703176400311,2,late
2848,48,0,0.4996870160132672,1.1381674790298733,2,late
2849,49,0,0.020546871029014695,0.9890651645739086,2,late
2850,50,0,0.3763773498058923,1.1707149597678934,2,late
2851,51,0,0.4810590193638127,0.9423039423405513,2,late
2852,52,0,0.22946414301078397,0.827524336979347,2,late
2853,53,0,0.5759171461220308,0.8552425178505705,2,late
2854,54,0,0.5448695140782194,0.5762811469493059,2,late
2855,55,0,0.000911064319873494,0.8810205070447211,2,late
2856,56,0,0.8380760394325234,0.5499792399956691,2,late
2857,57,0,0.9254471179342927,0.9594752036096299,2,late
2858,58,0,0.4787061833441381,0.7321299357068933,2,late
2859,59,0,0.00911451408573655,0.649692777358612,2,late
2860,60,0,0.5180468801942145,0.8411123321511383,2,late
2861,61,0,0.8153841496609078,0.5740133548677726,2,late
2862,62,0,0.8448806771651711,0.6676612606740672,2,late
2863,63,0,0.8657459964075125,0.6379099972426516,2,late
2864,64,0,0.5001745035553666,1.010325744215248,2,late
2865,65,0,0.0008525032436294661,1.0747206141422057,2,late
2866,66,0,0.21793295315272493,0.8726099978025702,2,late
2867,67,0,0.48251120206179016,1.3171900070588618,2,late
2868,68,0,0.4980908904960232,1.1088883547646569,2,late
2869,69,0,0.18922112588256984,0.7674444910796188,2,late
2870,70,0,0.32535587567655194,1.1123510001708163,2,late
2871,71,0,0.004804180051496282,0.9127442229479539,2,late
2872,72,0,0.4999955796250596,0.8202686943445021,2,late
2873,73,0,0.7087980080544014,0.6623772349235633,2,late
2874,74,0,0.5044498831312964,0.7962713088222305,2,late
2875,75,0,0.4847085551221871,1.1553148469904948,2,late
2876,76,0,0.8183023853411088,0.8549032552049747,2,late
2877,77,0,0.2566222116058629,0.7632804254785857,2,late
2878,78,0,0.9325394358786159,0.5394643014092767,2,late
2879,79,0,0.22207730227338537,0.7797236055180381,2,late
2880,80,0,0.500010740124007,0.6517053878315798,2,late
2881,81,0,0.48463566847566675,0.745599069120569,2,late
2882,82,0,0.5407681562593822,0.7961943395826114,2,late
2883,83,0,0.8564522000085335,0.4840669197924167,2,late
2884,84,0,0.255739190739482,0.6627692494646562,2,late
2885,85,0,0.3989629104233819,0.8562566395418263,2,late
2886,86,0,0.176433423921498,0.7103485086216459,2,late
2887,87,0,0.5012714659303046,0.7499855077080715,2,late
2888,88,0,0.1258882516087351,0.8394287400404288,2,late
2889,89,0,0.5049603064577415,0.6608369666439262,2,late
2890,90,0,0.5062321959473005,0.9077306869895369,2,late
2891,91,0,0.49428546713720134,0.671270856685677,2,late
2892,92,0,0.5321494536569072,0.7714405764988586,2,late
2893,93,0,0.1967021115477629,1.2506380398441426,2,late
2894,94,0,0.10998568777004084,1.0265546789829245,2,late
2895,95,0,0.37646583149169244,0.9193554043059573,2,late
2896,96,0,0.9891457793552985,0.685474710001172,2,late
2897,97,0,0.5017809068080274,0.7275094339845283,2,late
2898,98,0,0.9972133108726828,0.7275121748203716,2,late
2899,99,0,0.601885068300008,1.1008312580894695,2,late
2900,100,0,0.8947942320440928,0.7787924500112215,2,late
2901,101,0,0.1488449139082024,0.8944346056879067,2,late
2902,102,0,0.5225854122587639,0.6249118008827254,2,late
2903,103,0,0.8070137277740144,0.7969720706768866,2,late
2904,104,0,0.7341727352570635,0.5014452087213477,2,late
2905,105,0,0.4043665987839889,0.7309335374565755,2,late
2906,106,0,0.5129141100072246,0.7633351343920226,2,late
2907,107,0,0.5143270768901977,0.9217442627099388,2,late
2908,108,0,0.42724205163599355,0.9636815371180887,2,late
2909,109,0,0.6804315207325731,0.7834361210761397,2,late
2910,110,0,0.10535919405157675,0.8529978254723596,2,late
2911,111,0,0.8880228003027439,0.4599817315503798,2,late
2912,112,0,0.507549898303341,0.6690900755276609,2,late
2913,113,0,0.4394847150206839,0.7100638204640619,2,late
2914,114,0,0.5212722879809444,0.5214392187291741,2,late
2915,115,0,0.8633293071172783,0.5502320214921712,2,late
2916,116,0,0.5325463086838367,0.5806633315886311,2,late
2917,117,0,0.741600620756156,0.43683293635740084,2,late
2918,118,0,0.5036196000026096,0.9036828937803658,2,late
2919,119,0,0.5000005910926085,1.1579826803750053,2,late
2920,120,0,0.1465308535342479,0.8782504011810109,2,late
2921,121,0,0.9019098576781739,0.684306718921273,2,late
2922,122,0,0.999334159844674,0.43805087835220813,2,late
2923,123,0,0.056901203113040415,0.5457056889388459,2,late
2924,124,0,0.6496091267575144,0.5382643566496434,2,late
2925,125,0,0.7548509349709973,0.6340732303979708,2,late
2926,126,0,0.7397993516790493,0.37042081049400066,2,late
2927,127,0,0.5206626591616109,0.6758801485593946,2,late
2928,128,0,0.06295240650767128,0.5973415876639447,2,late
2929,129,0,0.37883330284263145,0.6708908612830848,2,late
2930,130,0,0.21972822591076788,0.7098669881518802,2,late
2931,131,0,0.0029729213800488608,0.8227854924563871,2,late
2932,132,0,0.9996462632522797,0.430828401941974,2,late
2933,133,0,0.9879487059754015,0.4906601783396337,2,late
2934,134,0,0.6576679980473208,0.5762961084601109,2,late
2935,135,0,0.6281416896666101,0.4582934591876427,2,late
2936,136,0,0.9954468184109673,0.708733326962826,2,late
2937,137,0,0.7976565324027189,0.4726442008628752,2,late
2938,138,0,0.8972940793365076,1.0671455902353824,2,late
2939,139,0,0.9482291186171328,0.9400626412689466,2,late
2940,140,0,0.9543668857264705,0.4715869765755839,2,late
2941,141,0,0.8574543152662013,0.4672277371903553,2,late
2942,142,0,0.9914911893194329,0.8287307972654688,2,late
2943,143,0,0.9940958429660212,0.5317134957289382,2,late
2944,144,0,0.3034025850021364,0.6661685926973844,2,late
2945,145,0,0.7224018818380522,0.6397038795573687,2,late
2946,146,0,0.03464021204059112,0.7439796795857114,2,late
2947,147,0,0.851025875763459,0.46565254491573466,2,late
2948,148,0,0.11694090260646973,0.6253537547461816,2,late
2949,149,0,0.0069811952225879385,0.7194468279850625,2,late
2950,150,0,0.940707289016584,0.6210128921315567,2,late
2951,151,0,0.9913820313157189,0.8437018459069376,2,late
2952,152,0,0.9272471752850819,0.5609368389908969,2,late
2953,153,0,0.2586693145876673,0.5663212445261535,2,late
2954,154,0,0.004291642543500253,0.5836915347594727,2,late
2955,155,0,0.545612174803018,0.2948064638356793,2,late
2956,156,0,0.9989247126601277,0.6408664084908514,2,late
2957,157,0,0.6659598832114111,0.4030540083420583,2,late
2958,158,0,0.9946656308493378,0.4536426675554685,2,late
2959,159,0,0.9224306119295143,1.0496482073214748,2,late
2960,160,0,0.27586593404173193,0.79852900041765,2,late
2961,161,0,0.6369581899511636,0.4410423842726583,2,late
2962,162,0,0.3540034318539608,0.6908954387850137,2,late
2963,163,0,0.4914303143578556,0.6908088597805293,2,late
2964,164,0,0.2511350416173133,0.5363400687424117,2,late
2965,165,0,0.5428083632420095,0.8227979593212376,2,late
2966,166,0,0.5018038108371268,0.6982947918264912,2,late
2967,167,0,0.09228793079372141,0.6134705894065708,2,late
2968,168,0,0.4715125548438304,0.45215254374082103,2,late
2969,169,0,0.03247623576113535,0.9246115861446604,2,late
2970,170,0,0.3637199092631175,0.6067281474346974,2,late
2971,171,0,0.465345042528581,0.5860302165472383,2,late
2972,172,0,0.5009518044491997,0.46118098860596135,2,late
2973,173,0,0.49375876524132783,0.7001076639566716,2,late
2974,174,0,0.4086343912982754,0.7603931005881015,2,late
2975,175,0,0.7351363336367716,0.6755160746371889,2,late
2976,176,0,0.5662399519696226,0.30147255278369206,2,late
2977,177,0,0.4880872229847686,0.7637754367518825,2,late
2978,178,0,0.9214729257619014,0.3974781180058207,2,late
2979,179,0,0.0066890846471597265,0.656775669438491,2,late
2980,180,0,0.032584995993467425,0.6615930722999592,2,late
2981,181,0,0.5109659887925284,0.3791950509277772,2,late
2982,182,0,0.5597383148768296,0.43654984581223316,2,late
2983,183,0,0.5166087025556998,0.6046638003649139,2,late
2984,184,0,0.915732101110462,0.5010066286219926,2,late
2985,185,0,0.793317962781006,0.552372931150436,2,late
2986,186,0,0.6261921236353786,0.9503064283307823,2,late
2987,187,0,0.6914277937487998,0.8992784368147968,2,late
2988,188,0,0.6701988812570917,0.5972890730396542,2,late
2989,189,0,0.9290025417364891,0.6872883653638044,2,late
2990,190,0,0.7835058908432888,0.8008446514409684,2,late
2991,191,0,0.4986559185236377,0.412997301468636,2,late
2992,192,0,0.6108300315019259,0.42142642073932157,2,late
2993,193,0,0.9296075281924159,0.3941706570764656,2,late
2994,194,0,0.9997380573342589,0.7768516457929762,2,late
2995,195,0,0.791125348230177,0.6064320191763879,2,late
2996,196,0,0.4997346377757368,1.0864963040167441,2,late
2997,197,0,0.4958062801546637,0.7406659121795385,2,late
2998,198,0,0.5738101504419724,0.46921331396008026,2,late
2999,199,0,0.0024556408977830617,1.1269960677860245,2,late
3000,0,0,0.6663496914281177,0.5663256133405233,3,interleaved
3001,1,0,0.5315004459785788,0.5048806795135412,3,interleaved
3002,2,0,0.2936988206264855,0.5974498092322408,3,interleaved
3003,3,0,0.9474238452657109,0.39168129605202573,3,interleaved
3004,4,0,0.5271189728181205,0.7955716842969189,3,interleaved
3005,5,0,0.4991990920726584,0.608095273002851,3,interleaved
3006,6,0,0.6053986127919888,0.6277525699422554,3,interleaved
3007,7,0,0.7754152689898187,0.7083342284454293,3,interleaved
3008,8,0,0.7137903377827627,0.8444988871745356,3,interleaved
3009,9,0,0.48895773964040956,0.501651640236333,3,interleaved
3010,10,0,0.0021879696643980276,0.6878328579033574,3,interleaved
3011,11,0,0.1449404396168979,0.7301907093252185,3,interleaved
3012,12,0,0.4988886808387094,1.051794065607493,3,interleaved
3013,13,0,0.49661717018273,0.7314806765307362,3,interleaved
3014,14,0,0.9061673887534698,0.6021073277580127,3,interleaved
3015,15,0,0.8066065901783421,0.6205176319292567,3,interleaved
3016,16,0,0.5030841189166421,0.9534112605904628,3,interleaved
3017,17,0,0.8146904373347943,0.5859391675246495,3,interleaved
3018,18,0,0.5939233527187096,0.514286787606558,3,interleaved
3019,19,0,0.40091799619443075,0.4707554063004374,3,interleaved
3020,20,0,0.6750439487675157,0.6176688771748043,3,interleaved
3021,21,0,0.5783657711772879,0.780557496244841,3,interleaved
3022,22,0,0.6640036592901959,0.4751961430342829,3,interleaved
3023,23,0,0.9967894154005899,0.6387792912850132,3,interleaved
3024,24,0,0.718078062731101,0.4574695319236344,3,interleaved
3025,25,0,0.03775138153122948,0.7553593046509322,3,interleaved
3026,26,0,0.8808606616039594,0.5362640662915342,3,interleaved
3027,27,0,0.1275514394936982,0.6111891361829409,3,interleaved
3028,28,0,0.9707612155546815,0.39870329167477575,3,interleaved
3029,29,0,0.6420837696513004,0.3902231551746014,3,interleaved
3030,30,0,0.5766160649091594,0.6468339469573552,3,interleaved
3031,31,0,0.9567957938151179,0.5708883028265255,3,interleaved
3032,32,0,0.5165037074141654,0.4131414411743095,3,interleaved
3033,33,0,0.06509057814801841,0.8961357019201339,3,interleaved
3034,34,0,0.3842209703043659,0.970141199534692,3,interleaved
3035,35,0,0.5102325373526563,0.5538344209587054,3,interleaved
3036,36,0,0.22405397466244775,0.5537045190556056,3,interleaved
3037,37,0,0.5218763604627434,0.6431643221238643,3,interleaved
3038,38,0,0.5088285682916989,0.7249877005139602,3,interleaved
3039,39,0,0.5934310251793227,0.8457193590739285,3,interleaved
3040,40,0,0.6319710235769987,0.6845830611484605,3,interleaved
3041,41,0,0.6134415922228942,0.5472243179991174,3,interleaved
3042,42,0,0.7318514269206948,0.48849185587845,3,interleaved
3043,43,0,0.34784945319609434,0.5755368124687461,3,interleaved
3044,44,0,0.6437778881622785,0.5038301117739703,3,interleaved
3045,45,0,0.6614833590096313,0.5843609658369366,3,interleaved
3046,46,0,0.000888041944326564,0.9015568345417153,3,interleaved
3047,47,0,0.06352734068555077,0.42805144719272964,3,interleaved
3048,48,0,0.944511472595344,0.7044105039425966,3,interleaved
3049,49,0,0.684120545702669,0.578896744901227,3,interleaved
3050,50,0,0.10556040344881257,0.4036468045182364,3,interleaved
3051,51,0,0.5029280376084595,1.0109330616899996,3,interleaved
3052,52,0,0.4682222857744934,1.0902071944611986,3,interleaved
3053,53,0,0.8531706006567812,0.3627352079322532,3,interleaved
3054,54,0,0.9092126601702515,0.4896556936626368,3,interleaved
3055,55,0,0.8263913072894971,0.5385253123652428,3,interleaved
3056,56,0,0.38743124712211335,0.5483083448784047,3,interleaved
3057,57,0,0.5901765884242341,0.4886377030301226,3,interleaved
3058,58,0,0.24317190514911496,0.9362766654186812,3,interleaved
3059,59,0,0.5006133445118258,0.5883566364092002,3,interleaved
3060,60,0,0.9887187242960467,0.6974031772351019,3,interleaved
3061,61,0,0.9329974138694348,0.6911106796413244,3,interleaved
3062,62,0,0.4832517585558625,0.9712012542037893,3,interleaved
3063,63,0,0.8511232121204446,0.2685849859825339,3,interleaved
3064,64,0,0.488023504794553,0.5773287413769852,3,interleaved
3065,65,0,0.5429669122370511,0.6605836074333742,3,interleaved
3066,66,0,0.9889303487211978,0.8245159976301633,3,interleaved
3067,67,0,0.1071844235955833,0.7186874440333626,3,interleaved
3068,68,0,0.8968075112745013,0.6003238030499121,3,interleaved
3069,69,0,0.8389222740444664,0.619173858449555,3,interleaved
3070,70,0,0.9766290330434648,0.546042150057364,3,interleaved
3071,71,0,0.5000771425823846,0.48702879496034057,3,interleaved
3072,72,0,0.9760068006348255,0.32616645730287874,3,interleaved
3073,73,0,0.33952268147762155,0.5441684737969859,3,interleaved
3074,74,0,0.5813373324719203,0.3728108860246282,3,interleaved
3075,75,0,0.06557389887279673,0.7119374897762776,3,interleaved
3076,76,0,0.05862321405703512,0.7945035706140922,3,interleaved
3077,77,0,0.03634239790733582,0.6740759949622621,3,interleaved
3078,78,0,0.0188017422013676,0.5665410493003903,3,interleaved
3079,79,0,0.1766687464100112,0.4864106643338442,3,interleaved
3080,80,0,0.9932971402699589,0.6453953989977355,3,interleaved
3081,81,0,0.4905527071741385,0.7308028959854469,3,interleaved
3082,82,0,0.19524511052179558,0.6536975842398359,3,interleaved
3083,83,0,0.6438438351164923,0.681555321857561,3,interleaved
3084,84,0,0.5019123628595547,0.5032255988409516,3,interleaved
3085,85,0,0.8610016994091807,0.3534429902220291,3,interleaved
3086,86,0,0.7715028770086044,0.47086203682275196,3,interleaved
3087,87,0,0.7727505414480691,0.6240684226344313,3,interleaved
3088,88,0,0.9720840823618477,0.2796543333824334,3,interleaved
3089,89,0,0.5343781974041207,0.7073333897184705,3,interleaved
3090,90,0,0.6592836182175789,0.4120527076529995,3,interleaved
3091,91,0,0.3799677303310848,0.568826889427744,3,interleaved
3092,92,0,0.44226154913846194,0.6969614670534025,3,interleaved
3093,93,0,0.4974299461760999,0.650929423247158,3,interleaved
3094,94,0,0.5033710159516273,0.6671691637829016,3,interleaved
3095,95,0,0.20602776364314543,0.6424224869181909,3,interleaved
3096,96,0,0.7962833529883744,0.44956673290447524,3,interleaved
3097,97,0,0.46183176510261276,0.4679395172306738,3,interleaved
3098,98,0,0.18585737845143271,0.6654868876656602,3,interleaved
3099,99,0,0.8750941945999349,0.44396549742098373,3,interleaved
3100,100,0,0.7034021017054002,0.6190997537981555,3,interleaved
3101,101,0,0.04673490363764998,0.6083132421655806,3,interleaved
3102,102,0,0.5965711055783184,0.5957793882006108,3,interleaved
3103,103,0,0.48963128022692104,0.6991867200916937,3,interleaved
3104,104,0,0.8874627236382038,0.36121767212128375,3,interleaved
3105,105,0,0.016421613037942616,0.9294583621171109,3,interleaved
3106,106,0,0.9910016637130956,0.6605136766052182,3,interleaved
3107,107,0,0.44952579852072305,0.37396677278075563,3,interleaved
3108,108,0,0.402936301014898,0.551536088480283,3,interleaved
3109,109,0,0.5010816258813132,0.625938553403839,3,interleaved
3110,110,0,0.6680214931765067,0.765448720468212,3,interleaved
3111,111,0,0.9093197320033943,0.5930711991709976,3,interleaved
3112,112,0,0.5183966243821025,0.6576067476160696,3,interleaved
3113,113,0,0.03471875206165867,0.6234849278815968,3,interleaved
3114,114,0,0.5012605021786686,0.3848289704281901,3,interleaved
3115,115,0,0.9610253937142986,0.3186732983272036,3,interleaved
3116,116,0,0.8925398296768015,0.5124309409764365,3,interleaved
3117,117,0,0.39694575505094315,0.5026819097647295,3,interleaved
3118,118,0,0.4155361316217896,0.6383737607393571,3,interleaved
3119,119,0,0.5014178360268375,0.6185554335625563,3,interleaved
3120,120,0,0.8129911007140741,0.43402172680410744,3,interleaved
3121,121,0,0.4995068911694011,0.5549229447384817,3,interleaved
3122,122,0,0.8956594794013426,0.6371428415385834,3,interleaved
3123,123,0,0.487199570300358,0.5304339123029815,3,interleaved
3124,124,0,0.9964493589588652,0.45397050195245614,3,interleaved
3125,125,0,0.5143580569706834,0.600267776556185,3,interleaved
3126,126,0,0.5886120697999883,0.4795339352924871,3,interleaved
3127,127,0,0.5323720353641944,0.6001291867879985,3,interleaved
3128,128,0,0.43585896648148087,0.3418007437583367,3,interleaved
3129,129,0,0.8830890824881983,0.3357801221671399,3,interleaved
3130,130,0,0.9997460885381284,0.6699853075033753,3,interleaved
3131,131,0,0.578656557483589,0.3943330370231321,3,interleaved
3132,132,0,0.5003568586549303,0.5958369923578177,3,interleaved
3133,133,0,0.4395926648532504,0.6378216223673158,3,interleaved
3134,134,0,0.9653242996948526,0.5171379615342032,3,interleaved
3135,135,0,0.6136022292245398,0.4716574490978025,3,interleaved
3136,136,0,0.5204119098037941,0.4946812424010615,3,interleaved
3137,137,0,0.584284981510197,0.34792079236363394,3,interleaved
3138,138,0,0.2135169744030189,0.31078210627216996,3,interleaved
3139,139,0,0.98705320666134,0.3495719056517105,3,interleaved
3140,140,0,0.6018761840687008,0.5123231388559228,3,interleaved
3141,141,0,0.5770926132000738,0.5115743760703484,3,interleaved
3142,142,0,0.9409732231902792,0.3841782968648405,3,interleaved
3143,143,0,0.5351112237096755,0.49752153847157143,3,interleaved
3144,144,0,0.004842751333444997,0.727761158227828,3,interleaved
3145,145,0,0.795440956338856,0.48054298842802456,3,interleaved
3146,146,0,0.4768041443892371,0.6592412823136267,3,interleaved
3147,147,0,0.9805026321854777,0.317538528967884,3,interleaved
3148,148,0,0.375236956058063,0.5383310776129121,3,interleaved
3149,149,0,0.48953218932359455,0.5323083624368032,3,interleaved
3150,150,0,0.036133439835772975,0.5449887897156613,3,interleaved
3151,151,0,0.7175810009901621,0.4589613348021626,3,interleaved
3152,152,0,0.9584653208594733,0.3439927761569648,3,interleaved
3153,153,0,0.9829962141767693,0.5095210693933662,3,interleaved
3154,154,0,0.9385877175170034,0.33440239527827365,3,interleaved
3155,155,0,0.500588083871182,0.6342241556965209,3,interleaved
3156,156,0,0.8232796745306818,0.471200969406794,3,interleaved
3157,157,0,0.9996840985985531,0.6433575015574027,3,interleaved
3158,158,0,0.999547574940753,0.7603018115425563,3,interleaved
3159,159,0,0.382966181588206,0.3862852300811066,3,interleaved
3160,160,0,0.8195922490433298,0.4930121215559758,3,interleaved
3161,161,0,0.5034119099436764,0.8916407088525349,3,interleaved
3162,162,0,0.9953441292029742,0.4560255016964714,3,interleaved
3163,163,0,0.9993895496191414,0.49691107526713885,3,interleaved
3164,164,0,0.06686861306272106,0.41522676157938515,3,interleaved
3165,165,0,0.10522233821762708,0.552972597270658,3,interleaved
3166,166,0,0.10672352415058134,0.5992773349213981,3,interleaved
3167,167,0,0.5042234498714799,0.6464285477222497,3,interleaved
3168,168,0,0.8350452485401008,0.6010088284133008,3,interleaved
3169,169,0,0.46237815506780516,0.4868058164072962,3,interleaved
3170,170,0,0.6295751488966554,0.6698211733447242,3,interleaved
3171,171,0,0.9844034464726988,0.45509569700273145,3,interleaved
3172,172,0,0.0590411675117853,0.4740651460888427,3,interleaved
3173,173,0,0.9446919244552006,0.38579056411884666,3,interleaved
3174,174,0,0.46608325602677675,0.4709535216878721,3,interleaved
3175,175,0,0.5027256029995425,0.6258321474043326,3,interleaved
3176,176,0,0.8532732326891309,0.6326048697932032,3,interleaved
3177,177,0,0.61147450660368,0.510386747497446,3,interleaved
3178,178,0,0.9140792842074067,0.46365394820652905,3,interleaved
3179,179,0,0.721194667627856,0.4678839258332327,3,interleaved
3180,180,0,0.18165647664355447,0.9415604994376418,3,interleaved
3181,181,0,0.8854527115146864,0.41335419290015296,3,interleaved
3182,182,0,0.9272722803913573,0.6341320712759595,3,interleaved
3183,183,0,0.5337676590561257,0.6421977284389919,3,interleaved
3184,184,0,0.32183528451486987,0.7273243639095048,3,interleaved
3185,185,0,0.9725823501012607,0.2991797609224638,3,interleaved
3186,186,0,0.9891761873170557,0.25726239852912774,3,interleaved
3187,187,0,0.5030994252093873,0.6165853164944374,3,interleaved
3188,188,0,0.23794266330128333,0.4955141211014138,3,interleaved
3189,189,0,0.3096672559008975,0.4159219777312564,3,interleaved
3190,190,0,0.9613328089456864,0.354256342952733,3,interleaved
3191,191,0,0.4236287571775099,0.6104576300834328,3,interleaved
3192,192,0,0.5063495082636935,0.5098371013942326,3,interleaved
3193,193,0,0.9375201031043955,0.6127738275119712,3,interleaved
3194,194,0,0.9283229116313363,0.43551415369401014,3,interleaved
3195,195,0,0.6661001771686645,0.4298044066730624,3,interleaved
3196,196,0,0.8175494507790146,0.7056626429997896,3,interleaved
3197,197,0,0.4992389270953385,0.8102717043711556,3,interleaved
3198,198,0,0.6428534374128039,0.5958761414828366,3,interleaved
3199,199,0,0.3849109161698596,0.5596181865896193,3,interleaved
3200,0,0,0.5218588742552747,0.48013801440738446,3,blocked
3201,1,0,0.3861832837736227,0.49506033012793427,3,blocked
3202,2,0,0.17761106596266313,0.5140062013092308,3,blocked
3203,3,0,0.25307916352645293,0.6721052281182824,3,blocked
3204,4,0,0.3880846143932337,0.6611770715859836,3,blocked
3205,5,0,0.05909804864227356,0.6154108119579568,3,blocked
3206,6,0,0.061865525919508634,0.5431204351163248,3,blocked
3207,7,0,0.8005544715395427,0.34810733739805744,3,blocked
3208,8,0,0.04289461783740042,0.5410997473515615,3,blocked
3209,9,0,0.403091353320772,0.6449292483075912,3,blocked
3210,10,0,0.5397234934257445,0.8092042439151133,3,blocked
3211,11,0,0.9616279639206116,0.5673957857837921,3,blocked
3212,12,0,0.996187711894087,0.7753202106046477,3,blocked
3213,13,0,0.4807970108174216,0.7603518853695803,3,blocked
3214,14,0,0.9900516307512648,0.7681272804352837,3,blocked
3215,15,0,0.537362828189847,0.48112601504282737,3,blocked
3216,16,0,0.9084089473175279,0.5964429944368375,3,blocked
3217,17,0,0.7426386177078357,0.5134466963129767,3,blocked
3218,18,0,0.3120952317148479,0.6893350451575522,3,blocked
3219,19,0,0.6418162789967297,0.6820898387836984,3,blocked
3220,20,0,0.6692076274274343,0.48139250797085353,3,blocked
3221,21,0,0.9865749460068901,0.5120077212568122,3,blocked
3222,22,0,0.30753443701103933,0.6415099088024891,3,blocked
3223,23,0,0.008377239397110381,0.550544771085568,3,blocked
3224,24,0,0.25682514017173735,0.4889745655932907,3,blocked
3225,25,0,0.351236470601092,0.43362848882178007,3,blocked
3226,26,0,0.05912423654995884,0.7116094192638319,3,blocked
3227,27,0,0.7044744548223758,0.4958037617126505,3,blocked
3228,28,0,0.400299653196033,0.871436994873886,3,blocked
3229,29,0,0.14666755418001015,0.4646958120874629,3,blocked
3230,30,0,0.05093598803192787,0.6453769785519076,3,blocked
3231,31,0,0.6120464197504957,0.8673866673262322,3,blocked
3232,32,0,0.10847335658537971,0.800816801149884,3,blocked
3233,33,0,0.5716842124851541,0.4220348555812748,3,blocked
3234,34,0,0.8322624222748223,0.5211915261972653,3,blocked
3235,35,0,0.9049141918601848,0.7476102040739399,3,blocked
3236,36,0,0.7466501139080728,0.3556838441381712,3,blocked
3237,37,0,0.48352523451898455,0.9831648247954501,3,blocked
3238,38,0,0.43032533351973407,0.5582855241233297,3,blocked
3239,39,0,0.8875219322093153,0.5203408524240373,3,blocked
3240,40,0,0.4860073179236965,1.0766022080190978,3,blocked
3241,41,0,0.4868335048752851,0.9417076406454649,3,blocked
3242,42,0,0.018744903826999622,0.8769723956892245,3,blocked
3243,43,0,0.00017921887609606926,1.1283250454513194,3,blocked
3244,44,0,0.009656916006483742,0.748217291103846,3,blocked
3245,45,0,0.9268499314888757,0.7087413931874109,3,blocked
3246,46,0,0.13929228592623416,0.6671151521100487,3,blocked
3247,47,0,0.2661282065801472,0.5588971861144265,3,blocked
3248,48,0,0.3231699511860878,0.5573090401054578,3,blocked
3249,49,0,0.9935689094069344,0.6141213168936179,3,blocked
3250,50,0,0.1283904821665773,0.7005545247420677,3,blocked
3251,51,0,0.48614055748367696,0.5161044805049024,3,blocked
3252,52,0,0.33341109098990257,0.3824344370047819,3,blocked
3253,53,0,0.4914308278123997,0.8828032465818572,3,blocked
3254,54,0,0.7971867539720963,0.5260142313212726,3,blocked
3255,55,0,0.5415456263136499,0.4034700898311451,3,blocked
3256,56,0,0.9043832133634615,0.5377838754925661,3,blocked
3257,57,0,0.5258115063953539,1.060922353382174,3,blocked
3258,58,0,0.5069905196989353,1.121162746118988,3,blocked
3259,59,0,0.36100974659619545,0.5376073709492066,3,blocked
3260,60,0,0.5157504443996984,0.5671001451032704,3,blocked
3261,61,0,0.9905057929963319,0.5360456563882757,3,blocked
3262,62,0,0.2293545454556573,0.7086240405737905,3,blocked
3263,63,0,0.5127167622188372,0.712251218750675,3,blocked
3264,64,0,0.8983289606430441,0.5200941533326784,3,blocked
3265,65,0,0.7162746839542231,0.4974860482894312,3,blocked
3266,66,0,0.453512184410111,0.5582999701521937,3,blocked
3267,67,0,0.5116001486281541,0.4117033610624164,3,blocked
3268,68,0,0.42789893256899514,0.5700132683777436,3,blocked
3269,69,0,0.6322599116777473,0.3566544467535635,3,blocked
3270,70,0,0.6011297561647401,0.5600475093619903,3,blocked
3271,71,0,0.5589859245460875,0.4932841276096283,3,blocked
3272,72,0,0.48142769226468063,0.8050803975804817,3,blocked
3273,73,0,0.1561026181019069,0.8047252593301386,3,blocked
3274,74,0,0.9735712359635418,0.7324573464554485,3,blocked
3275,75,0,0.21707400836416801,0.6781780095964407,3,blocked
3276,76,0,0.5874157884698261,0.895170729048224,3,blocked
3277,77,0,0.8969346227038097,0.43812549828086983,3,blocked
3278,78,0,0.8591611357803732,0.5551840393139453,3,blocked
3279,79,0,0.02967443352077789,0.8960046763118442,3,blocked
3280,80,0,0.0860627661798359,0.5461214223842226,3,blocked
3281,81,0,0.5191275728279239,0.6951271571187532,3,blocked
3282,82,0,0.8271793279625174,0.47434937445792047,3,blocked
3283,83,0,0.20758677907755918,0.9657366507347395,3,blocked
3284,84,0,0.9967597232308867,0.5146133724568817,3,blocked
3285,85,0,0.8013860500138834,0.32285938979672923,3,blocked
3286,86,0,0.6131861951953832,0.3473912101652966,3,blocked
3287,87,0,0.4741363281078458,0.28472005119506283,3,blocked
3288,88,0,0.4801961251302877,0.4514672709937631,3,blocked
3289,89,0,0.003989730140456687,0.9326057987599433,3,blocked
3290,90,0,0.9092319536342917,0.6518782919161963,3,blocked
3291,91,0,0.40858428721782486,0.6118993722345706,3,blocked
3292,92,0,0.5768329247637093,0.5700187625763098,3,blocked
3293,93,0,0.9962454360317705,0.4447925140176589,3,blocked
3294,94,0,0.15646065665365866,0.6534975355335912,3,blocked
3295,95,0,0.9546888753930591,0.4964175633018678,3,blocked
3296,96,0,0.9979691216876845,0.5282429234238438,3,blocked
3297,97,0,0.037288197408820986,0.6597275330978079,3,blocked
3298,98,0,0.8223062467892321,0.46629887494389044,3,blocked
3299,99,0,0.2672359974316928,0.5368646211325663,3,blocked
3300,100,0,0.993131617624418,0.4487966149042142,3,blocked
3301,101,0,0.9829306470577032,0.6116821044829575,3,blocked
3302,102,0,0.6265081827502914,0.49727960956212475,3,blocked
3303,103,0,0.998332131110653,0.6263511112362015,3,blocked
3304,104,0,0.034281718959592436,0.6177817120971325,3,blocked
3305,105,0,0.10639802862481096,0.6985481718627727,3,blocked
3306,106,0,0.03087995349505317,0.418196028334869,3,blocked
3307,107,0,0.45578045907944115,0.825221689124052,3,blocked
3308,108,0,0.9985144696251235,0.5124927037085643,3,blocked
3309,109,0,0.6827392688082964,0.5905874688646615,3,blocked
3310,110,0,0.008129381845944616,0.6712621438717188,3,blocked
3311,111,0,0.41880087080651096,0.7128250230255992,3,blocked
3312,112,0,0.22139662561347667,0.5948022686649268,3,blocked
3313,113,0,0.6163586229805456,0.30515358990058744,3,blocked
3314,114,0,0.5194109751797615,0.3986788935181196,3,blocked
3315,115,0,0.18385985306163657,0.4749070575720449,3,blocked
3316,116,0,0.796188024893649,0.5042990472353898,3,blocked
3317,117,0,0.579347870447833,0.43459928802410974,3,blocked
3318,118,0,0.06398013881760915,0.7028958087990782,3,blocked
3319,119,0,0.984743786134503,0.7096597397076652,3,blocked
3320,120,0,0.2163412889826153,0.7264833658264758,3,blocked
3321,121,0,0.5758391600340059,0.6845408999148687,3,blocked
3322,122,0,0.6532839425739515,0.33400654857740886,3,blocked
3323,123,0,0.28127377617283744,0.5843952550871785,3,blocked
3324,124,0,0.26742735445094856,0.6683284537088667,3,blocked
3325,125,0,0.1339743186568478,0.7850976781225217,3,blocked
3326,126,0,0.43026259976523923,0.7010859295666927,3,blocked
3327,127,0,0.9074471093273189,0.6694354895097276,3,blocked
3328,128,0,0.9229952065481926,0.5506714870213296,3,blocked
3329,129,0,0.7789313902579335,0.28873828744846153,3,blocked
3330,130,0,0.49993716440700947,0.9223020724413453,3,blocked
3331,131,0,0.18527772095892264,0.5655678982239347,3,blocked
3332,132,0,0.3834285202417273,0.8047654523326837,3,blocked
3333,133,0,0.4781408586632693,0.6523412328565095,3,blocked
3334,134,0,0.9655554862992464,0.327706937257415,3,blocked
3335,135,0,0.7374724689901712,0.4279417812318541,3,blocked
3336,136,0,0.05636458992880334,0.5367742279878327,3,blocked
3337,137,0,0.4974436679228144,0.7489779105372524,3,blocked
3338,138,0,0.5040619180196756,0.7453625933649121,3,blocked
3339,139,0,0.4190377992089586,0.44089724123325824,3,blocked
3340,140,0,0.4173496099694178,0.43042048286117107,3,blocked
3341,141,0,0.33946394714838535,0.41916418460620125,3,blocked
3342,142,0,0.8555548387561838,0.526775373128295,3,blocked
3343,143,0,0.7192281590690146,0.4260092134189669,3,blocked
3344,144,0,0.511652941197793,0.6856062388542303,3,blocked
3345,145,0,0.5722232009595523,0.6930567832203733,3,blocked
3346,146,0,0.5159676884171978,0.6083192184359505,3,blocked
3347,147,0,0.9140513128252468,0.49988376440418114,3,blocked
3348,148,0,0.5031113375884666,0.41227596353451945,3,blocked
3349,149,0,0.8935552649923808,0.4995714630216077,3,blocked
3350,150,0,0.5981957647304517,0.6465991324871656,3,blocked
3351,151,0,0.7311450583297222,0.48671085185390683,3,blocked
3352,152,0,0.5242320382419973,0.7513778231932687,3,blocked
3353,153,0,0.5758711993764787,0.3315046415455773,3,blocked
3354,154,0,0.6551928142984128,0.24293612993424984,3,blocked
3355,155,0,0.9646823868282985,0.5318801563975316,3,blocked
3356,156,0,0.49585211260553114,0.8106356725987154,3,blocked
3357,157,0,0.5003267390424931,0.7864620581215329,3,blocked
3358,158,0,0.4795715193311829,0.7885082533820409,3,blocked
3359,159,0,0.9335691515684057,0.41778016158814624,3,blocked
3360,160,0,0.981222284463279,0.4316694115547022,3,blocked
3361,161,0,0.21030702840542168,0.32104349619832584,3,blocked
3362,162,0,0.5297545370346054,0.6242953830292991,3,blocked
3363,163,0,0.4857282942263001,0.5326196950865102,3,blocked
3364,164,0,0.3227582591376955,0.5618368262134457,3,blocked
3365,165,0,0.307539351836291,0.6947445314150027,3,blocked
3366,166,0,0.028490348113577375,0.5204216469343016,3,blocked
3367,167,0,0.007378598871530667,0.5743295028013987,3,blocked
3368,168,0,0.6106947110669753,0.35228474761005396,3,blocked
3369,169,0,0.8654105611077938,0.44184791349823616,3,blocked
3370,170,0,0.5421066564139828,0.6965576841862595,3,blocked
3371,171,0,0.797114188069515,0.2821362139007396,3,blocked
3372,172,0,0.08829325947557001,0.303618213068357,3,blocked
3373,173,0,0.9740132272861532,0.4534288361861709,3,blocked
3374,174,0,0.5201470769348221,0.5103912080333155,3,blocked
3375,175,0,0.7128004620591772,0.3452869099864948,3,blocked
3376,176,0,0.34255663552876997,0.4747639115412916,3,blocked
3377,177,0,0.5363582679394686,0.36899154657868805,3,blocked
3378,178,0,0.8513684035921654,0.395152594142259,3,blocked
3379,179,0,0.6179445951222415,0.5292424818107668,3,blocked
3380,180,0,0.4901806525731741,0.6026994969932171,3,blocked
3381,181,0,0.4053403686931324,0.3832456751185912,3,blocked
3382,182,0,0.854076841854096,0.4550849776583062,3,blocked
3383,183,0,0.49137655670364955,0.4346583163398183,3,blocked
3384,184,0,0.573911697992077,0.33394805551011897,3,blocked
3385,185,0,0.6570530833520689,0.5701152419135652,3,blocked
3386,186,0,0.471367596725078,0.5486375354482821,3,blocked
3387,187,0,0.03220758206262263,0.4506903855502218,3,blocked
3388,188,0,0.38409805893990795,0.4054296955900986,3,blocked
3389,189,0,0.3220526237031665,0.593401147658887,3,blocked
3390,190,0,0.9993015721867302,0.6109290912286547,3,blocked
3391,191,0,0.9022819152048046,0.48211033085256794,3,blocked
3392,192,0,0.0033433722658167014,0.6354550852830412,3,blocked
3393,193,0,0.5423075147321323,0.31901941426736025,3,blocked
3394,194,0,0.5143640416780291,0.5581372640339547,3,blocked
3395,195,0,0.4130756574256116,0.5489335710101959,3,blocked
3396,196,0,0.9137843684447142,0.42912985858106806,3,blocked
3397,197,0,0.49873337278319363,0.9221032096066832,3,blocked
3398,198,0,0.07965966395519075,0.3399767278913023,3,blocked
3399,199,0,0.8019423725597997,0.369559005393647,3,blocked
3400,0,0,0.2982406415636606,1.0604133776632148,3,early
3401,1,0,0.003750980983020482,0.6788119133773881,3,early
3402,2,0,0.6230898719118685,0.4526859114094944,3,early
3403,3,0,0.018276709834922442,0.6050196771166407,3,early
3404,4,0,0.30405772534520076,0.5980308842404524,3,early
3405,5,0,0.03832382300868647,0.43505187295262426,3,early
3406,6,0,0.3644971953172165,0.4728991022851323,3,early
3407,7,0,0.8343463764713629,0.6380421391324017,3,early
3408,8,0,0.4565667931320129,0.6617536453554074,3,early
3409,9,0,0.9988877388822726,0.6494001657103754,3,early
3410,10,0,0.018996238971924265,0.7543668518342475,3,early
3411,11,0,0.49916684812378764,1.1063116684581844,3,early
3412,12,0,0.9995841597921202,0.77017814069921,3,early
3413,13,0,0.9904925361409443,0.3025866923349551,3,early
3414,14,0,0.986258826880074,0.5014677713490738,3,early
3415,15,0,0.85599394354594,0.563717979559034,3,early
3416,16,0,0.9996739149530705,0.5019696675718728,3,early
3417,17,0,0.9999683801322877,0.6565058385302203,3,early
3418,18,0,0.0006641180115033291,0.5195704249395264,3,early
3419,19,0,0.3832566132500658,0.47185249619213254,3,early
3420,20,0,0.37621273155178747,0.4922324780322146,3,early
3421,21,0,0.13871418522344364,0.6565317349570727,3,early
3422,22,0,0.005082271581493058,0.4751972733180566,3,early
3423,23,0,0.02805269317286311,0.6239709586666533,3,early
3424,24,0,0.1344501608400958,0.6026326434283745,3,early
3425,25,0,0.002947909445350742,0.8681837513351296,3,early
3426,26,0,0.4822916573507425,0.6940344971252592,3,early
3427,27,0,0.02003747494927952,0.781758823674112,3,early
3428,28,0,0.5269093589791309,0.6453643831219555,3,early
3429,29,0,0.025153745440133816,0.5974612980501071,3,early
3430,30,0,0.950484134062489,0.6507691500948534,3,early
3431,31,0,0.9743290234412532,0.5224590818232756,3,early
3432,32,0,0.4731344388037072,0.5232910890594511,3,early
3433,33,0,0.004001494459323045,0.8193889481655965,3,early
3434,34,0,0.13616463840883164,0.6124437418903279,3,early
3435,35,0,0.27313099058960993,0.7040062412625596,3,early
3436,36,0,0.9897198990381393,0.43573433753662505,3,early
3437,37,0,0.43884818830077865,0.7648466526065625,3,early
3438,38,0,0.9958146035431628,0.4401076793968639,3,early
3439,39,0,0.0011828445946482275,1.0100980386476315,3,early
3440,40,0,0.05225336349737756,0.6733491573181194,3,early
3441,41,0,0.4181894809671464,0.6000318074924618,3,early
3442,42,0,0.635493483847531,0.844233821478148,3,early
3443,43,0,0.4263211308524256,0.8703907466681641,3,early
3444,44,0,0.2394573361447297,0.6348574792312734,3,early
3445,45,0,0.7632947520361653,0.6402047611989149,3,early
3446,46,0,0.7554224723859664,0.5786833212652402,3,early
3447,47,0,0.5604718740032231,0.41936512371942547,3,early
3448,48,0,0.9306741345308451,0.4644841777650863,3,early
3449,49,0,0.483635832600428,0.5924896685461607,3,early
3450,50,0,0.49829596395325365,0.8203860726510448,3,early
3451,51,0,0.34690745580021226,0.5022251759020486,3,early
3452,52,0,0.4514936489362324,0.7089019316134892,3,early
3453,53,0,0.923996295550515,0.8232168358484728,3,early
3454,54,0,0.49995462029825993,0.8928258173838824,3,early
3455,55,0,0.749091004664028,0.6241511742897943,3,early
3456,56,0,0.3249507298537382,0.6968850210228569,3,early
3457,57,0,0.15924818818755576,0.5259527500522971,3,early
3458,58,0,0.36278666900388956,0.42542828395804255,3,early
3459,59,0,0.5004431907964177,0.5726457956735169,3,early
3460,60,0,0.9247584122649551,0.7284623326704921,3,early
3461,61,0,0.7850678033061596,0.6674930000425895,3,early
3462,62,0,0.4726785334533102,0.6667764632396369,3,early
3463,63,0,0.5758082749152648,0.7647723367433785,3,early
3464,64,0,0.47579346707481246,0.9692843203138178,3,early
3465,65,0,0.929895428417881,0.6369939080772977,3,early
3466,66,0,0.5568573077152483,0.5916268446839597,3,early
3467,67,0,0.5001008565110802,0.596707960960279,3,early
3468,68,0,0.6624129447014988,0.4984776840420897,3,early
3469,69,0,0.9662814203545558,0.4800430047478085,3,early
3470,70,0,0.5996302959054247,0.31375389959205796,3,early
3471,71,0,0.4618765265182787,0.486799216429583,3,early
3472,72,0,0.7313677457072345,0.4943689122210426,3,early
3473,73,0,0.33786201603977845,0.7397261306301095,3,early
3474,74,0,0.4499752732194578,0.6683508813345147,3,early
3475,75,0,0.9709647498288099,0.5595534813682972,3,early
3476,76,0,0.47706761085077326,0.7554369991580212,3,early
3477,77,0,0.6445035234739371,0.6751454904155414,3,early
3478,78,0,0.5137920766972891,0.807410941815967,3,early
3479,79,0,0.2873127792519018,0.869080490430573,3,early
3480,80,0,0.9903639340699032,0.6011410193265754,3,early
3481,81,0,0.5806168987299636,0.7330754049503916,3,early
3482,82,0,0.9970002269871323,0.41071088499701636,3,early
3483,83,0,0.5007793512162907,0.6657355007756027,3,early
3484,84,0,0.34768188356394714,0.6280296041417839,3,early
3485,85,0,0.6022162659250426,0.5810444935574441,3,early
3486,86,0,0.7968368007261948,0.5480245410966402,3,early
3487,87,0,0.6074737907288775,0.9919749224117225,3,early
3488,88,0,0.9976465293755787,0.9726440517557575,3,early
3489,89,0,0.401435917090526,0.6403643460078654,3,early
3490,90,0,0.9999121545645634,0.6738489833993268,3,early
3491,91,0,0.4861467952338296,0.4866482342531693,3,early
3492,92,0,0.6595406460524109,0.7208711587979005,3,early
3493,93,0,0.9503143690277601,0.5443383930971748,3,early
3494,94,0,0.006322217730713771,0.99321708603788,3,early
3495,95,0,0.502684702940532,0.6076768305999247,3,early
3496,96,0,0.008069337927407065,0.736807024191897,3,early
3497,97,0,0.505311851977504,0.4208404417663928,3,early
3498,98,0,0.038182116181869036,0.6283248053435693,3,early
3499,99,0,0.5062489565910402,0.7657335079041673,3,early
3500,100,0,0.9999451676486979,0.8556531603284355,3,early
3501,101,0,0.6145731428924193,0.6360343071473897,3,early
3502,102,0,0.9999968071173968,0.5901213316838945,3,early
3503,103,0,0.7133325528786366,0.5162358017925923,3,early
3504,104,0,3.6094099519044697e-06,1.0703255559195286,3,early
3505,105,0,0.5000008790771857,1.1877849361967328,3,early
3506,106,0,0.034869971737364815,0.9286410327997412,3,early
3507,107,0,0.4386277059840012,0.8232655990145399,3,early
3508,108,0,0.004798351853136593,0.8970753474427985,3,early
3509,109,0,0.49988678131764996,0.6742905685172167,3,early
3510,110,0,0.9972377727807316,0.7823247151614454,3,early
3511,111,0,0.810529984260388,0.6818853718397477,3,early
3512,112,0,0.002191877085439707,0.7848767737237594,3,early
3513,113,0,0.9690628261985752,0.9446746591575025,3,early
3514,114,0,0.8845696943771828,0.6148791214971826,3,early
3515,115,0,0.49289142095628685,0.5987948997137419,3,early
3516,116,0,0.9997135965269037,0.741624096469327,3,early
3517,117,0,0.6690703001569392,0.4209366696588988,3,early
3518,118,0,0.9736702771288372,0.3124071282853916,3,early
3519,119,0,0.5338136160570023,0.4575827363444075,3,early
3520,120,0,0.5417200538291256,0.5222486497024428,3,early
3521,121,0,0.5020076850060693,0.659498269588559,3,early
3522,122,0,0.9968498421963107,0.7337726288880714,3,early
3523,123,0,0.9844897321218993,0.7028649499077488,3,early
3524,124,0,0.9997874819094674,0.8817630960519078,3,early
3525,125,0,0.8569921770865128,0.566549310031178,3,early
3526,126,0,2.178900260031721e-05,0.8799171716502732,3,early
3527,127,0,0.5001957947193583,0.7484335963758655,3,early
3528,128,0,0.19335486961165163,0.6956535525940826,3,early
3529,129,0,0.4995020427445827,0.8927172102655165,3,early
3530,130,0,0.999899803707947,0.6575887235368365,3,early
3531,131,0,0.5633498058768558,0.4739085989173992,3,early
3532,132,0,0.7077975232081695,0.4262876002680661,3,early
3533,133,0,0.562000079050015,0.7390935932610321,3,early
3534,134,0,0.15304301471019358,0.5657512079627953,3,early
3535,135,0,0.4904020519138683,0.762777096229032,3,early
3536,136,0,0.12237617919377888,0.7723426858804148,3,early
3537,137,0,0.5121488093848916,0.9535043784704265,3,early
3538,138,0,0.001567742901361089,0.8858097530037186,3,early
3539,139,0,0.8336177221273433,0.5051807611456774,3,early
3540,140,0,0.006812060431626308,0.8923789704687786,3,early
3541,141,0,0.49494234097366085,0.7148352181506518,3,early
3542,142,0,0.42317460830946035,0.5573174470154596,3,early
3543,143,0,0.5004128573866815,0.7201585952722571,3,early
3544,144,0,0.531801600385126,0.4961443043799022,3,early
3545,145,0,0.9056760734497693,0.8692932267191371,3,early
3546,146,0,0.17763767094839433,0.7398797888803783,3,early
3547,147,0,0.4982158017945383,0.5059537392829774,3,early
3548,148,0,0.10472187716963491,0.5969008759334251,3,early
3549,149,0,0.5187973510347181,0.6504758643945112,3,early
3550,150,0,0.011813387722099607,0.8085401303473587,3,early
3551,151,0,0.5000838204741276,0.5828461030469605,3,early
3552,152,0,0.5328979316903519,0.4806507485139837,3,early
3553,153,0,0.5088568933155406,0.7281857357809389,3,early
3554,154,0,0.9999924996171625,0.7072672954385001,3,early
3555,155,0,0.9268945550008623,0.6655802260536366,3,early
3556,156,0,0.9999991033082616,0.8293794193088009,3,early
3557,157,0,0.4983498649562678,0.8013917419949654,3,early
3558,158,0,0.024316258631567594,0.8548198412697896,3,early
3559,159,0,0.5598986359871575,0.5788630227161925,3,early
3560,160,0,0.8458327432274783,0.43796647567024655,3,early
3561,161,0,0.9272974319281775,0.5140146056078575,3,early
3562,162,0,0.003807982827555218,0.840069892306502,3,early
3563,163,0,0.6487963491562921,0.47343185143702804,3,early
3564,164,0,0.9938203274960852,0.5857958823087492,3,early
3565,165,0,0.5931463538022586,0.6887467541044311,3,early
3566,166,0,0.5426080345250394,0.659983416897626,3,early
3567,167,0,0.8066954497962181,0.4240006548555294,3,early
3568,168,0,0.8896815636241984,0.5032123268034846,3,early
3569,169,0,0.985979347502739,0.42360362771247584,3,early
3570,170,0,0.576800015133634,0.4398708275395592,3,early
3571,171,0,0.5025879627682265,0.5961001188031495,3,early
3572,172,0,8.675967517114988e-05,0.8017342143040704,3,early
3573,173,0,0.7444475433811178,0.4959290029980228,3,early
3574,174,0,0.002022079003693287,0.8046293588997715,3,early
3575,175,0,0.9999569144775985,0.8069523309920895,3,early
3576,176,0,0.45587977370112837,0.45703402967860873,3,early
3577,177,0,0.9092657079456432,0.469198159454566,3,early
3578,178,0,0.6284404732756809,0.6638969531419229,3,early
3579,179,0,0.940594452644559,0.4557829402756468,3,early
3580,180,0,0.43595245864261384,1.0987097543762472,3,early
3581,181,0,0.510760892690183,0.8592822582967172,3,early
3582,182,0,0.6563541914189803,0.4999952249706957,3,early
3583,183,0,0.9412068626592025,0.4136873476566619,3,early
3584,184,0,0.59429671274373,0.5608900692128989,3,early
3585,185,0,0.41920018192857333,0.4941323824348991,3,early
3586,186,0,0.4896314178013343,1.2088988708692763,3,early
3587,187,0,0.9743090214017684,0.7055687954229762,3,early
3588,188,0,0.7298712841027513,0.6611330921092463,3,early
3589,189,0,0.9822513100512296,0.5428360922652811,3,early
3590,190,0,0.9995479097715092,0.834282164855354,3,early
3591,191,0,0.5000319854269398,1.0808272544292523,3,early
3592,192,0,0.9178332133216676,0.7048515312711765,3,early
3593,193,0,0.9775944187967129,0.6615025021117424,3,early
3594,194,0,0.6189384251776888,0.9417317457926971,3,early
3595,195,0,0.5842598837125861,0.33282504177655825,3,early
3596,196,0,0.0012531124985301681,0.972710646996646,3,early
3597,197,0,0.5425489752342353,0.8197279748688556,3,early
3598,198,0,0.7179804523694379,0.49359676983707645,3,early
3599,199,0,0.999980178646235,0.9909320385959658,3,early
3600,0,0,0.9985878105162439,0.8010634181096421,3,middle
3601,1,0,0.4971879844815507,0.5795120540407988,3,middle
3602,2,0,0.5306592209082204,0.5935779179846943,3,middle
3603,3,0,0.4583806528322845,0.5856204899707828,3,middle
3604,4,0,0.047946472221522596,0.7277126800480991,3,middle
3605,5,0,0.14502596245799104,0.6650904548005327,3,middle
3606,6,0,0.46237710700647516,0.7186609695016775,3,middle
3607,7,0,0.49877431805134465,0.6495705509250684,3,middle
3608,8,0,0.5030155848261632,0.8392434258341919,3,middle
3609,9,0,0.4999911681434493,0.6312463835780084,3,middle
3610,10,0,0.4750005558050543,0.7234261264466597,3,middle
3611,11,0,0.7757868487896828,0.7294991514266846,3,middle
3612,12,0,0.9168900112055938,0.692579992795433,3,middle
3613,13,0,0.3866432405023392,0.7676834727039072,3,middle
3614,14,0,0.24337802736038294,0.7230521579964748,3,middle
3615,15,0,0.5004662444695056,0.8880493476691209,3,middle
3616,16,0,0.9844196656219892,0.5982222660403297,3,middle
3617,17,0,0.5038647274789985,0.706065029600276,3,middle
3618,18,0,0.9942005515338544,0.8477624408091373,3,middle
3619,19,0,0.8975319435544291,0.8388464094527514,3,middle
3620,20,0,0.9952198119988191,0.7739614687800778,3,middle
3621,21,0,0.5191025519828908,0.6324376705753955,3,middle
3622,22,0,0.08469436101572682,0.6945487096661147,3,middle
3623,23,0,0.4601730895700705,0.7220952334506198,3,middle
3624,24,0,0.5366674814991803,0.6844216221619643,3,middle
3625,25,0,0.05809306840553663,0.7137194936162045,3,middle
3626,26,0,0.4536416280067643,0.5745312274816294,3,middle
3627,27,0,0.5673070283628903,0.5189548535697338,3,middle
3628,28,0,0.8583455794523559,0.6438857937361948,3,middle
3629,29,0,0.5393268916133063,1.0884343424709177,3,middle
3630,30,0,0.700732548847799,0.617033262695619,3,middle
3631,31,0,0.4995470996065206,1.1528579092120896,3,middle
3632,32,0,0.7374423545970946,0.9935035284485481,3,middle
3633,33,0,0.15604980866196366,1.1603596486444538,3,middle
3634,34,0,0.5238593385374376,0.611634322038638,3,middle
3635,35,0,0.21399288039855446,0.6836280253937485,3,middle
3636,36,0,0.506079971999809,0.7534924995393186,3,middle
3637,37,0,0.4999624394540381,0.9068163158869854,3,middle
3638,38,0,0.3347922592286022,0.5977938736512745,3,middle
3639,39,0,0.5000070406577132,0.7989028367814723,3,middle
3640,40,0,0.9998910199484403,0.9241592174896349,3,middle
3641,41,0,0.9197477058404799,0.6462940796260945,3,middle
3642,42,0,0.0028148518243779853,1.2800796318699112,3,middle
3643,43,0,0.13191467982372038,0.7344498307329859,3,middle
3644,44,0,0.9966880433272542,0.7240189877777484,3,middle
3645,45,0,0.8390038623395586,0.6589001398559107,3,middle
3646,46,0,0.0792958869501354,0.7566585316920171,3,middle
3647,47,0,0.5137287052306295,1.1819096926106245,3,middle
3648,48,0,0.9939946902389143,0.55382065837935,3,middle
3649,49,0,0.9993080094331666,0.7711414308647409,3,middle
3650,50,0,0.1433643709124131,0.7980143269814293,3,middle
3651,51,0,0.0003299004605117068,1.0001617377936665,3,middle
3652,52,0,0.1221048076253052,0.6179267254896632,3,middle
3653,53,0,0.8433205443687138,0.7576294646273121,3,middle
3654,54,0,0.4213462797384952,0.5950930816754811,3,middle
3655,55,0,0.972365316471278,0.5774265969870849,3,middle
3656,56,0,0.9995696655491959,0.7639153016900774,3,middle
3657,57,0,0.25495785959989836,0.7245152117961162,3,middle
3658,58,0,0.567525654353696,0.441357935342956,3,middle
3659,59,0,0.4612290568485735,0.8666269562333495,3,middle
3660,60,0,0.0009907964519751597,1.0140962772989823,3,middle
3661,61,0,0.0002825162888183304,0.8827450883769786,3,middle
3662,62,0,0.12135324853595672,0.7819330811313119,3,middle
3663,63,0,0.9403199635658337,0.5697094042041375,3,middle
3664,64,0,0.9998435459649381,0.7769517422546313,3,middle
3665,65,0,0.981991279050422,0.6171093464632698,3,middle
3666,66,0,0.6001441714369081,0.8973304161757543,3,middle
3667,67,0,0.08965902926823723,0.7771786953284966,3,middle
3668,68,0,0.34074385372004024,0.9848878833606332,3,middle
3669,69,0,0.9768759716962293,0.764817521024605,3,middle
3670,70,0,0.9999607340834351,0.6133713847474928,3,middle
3671,71,0,0.021504008616056433,0.6384776771567213,3,middle
3672,72,0,0.008838186313122201,0.8403846284959181,3,middle
3673,73,0,0.6569549422049092,0.7899726661535544,3,middle
3674,74,0,0.9996271660585285,0.7401648585354986,3,middle
3675,75,0,0.5025904576652721,0.445667228204503,3,middle
3676,76,0,0.9990679782719941,0.5397644769575017,3,middle
3677,77,0,0.941601674293125,0.5796476416230025,3,middle
3678,78,0,0.9941634038094627,0.6085469092482075,3,middle
3679,79,0,0.4996521446586373,0.4859469441091189,3,middle
3680,80,0,0.49741634365706405,0.7542039781713302,3,middle
3681,81,0,0.5005472684051869,0.9651778734964059,3,middle
3682,82,0,0.6518948780115316,0.6235047126587966,3,middle
3683,83,0,0.3465198989814738,0.8652756545209388,3,middle
3684,84,0,0.4902400870312467,0.702714527985934,3,middle
3685,85,0,0.23732116646747822,0.8829421778723407,3,middle
3686,86,0,0.916371466035594,0.6189571534070761,3,middle
3687,87,0,0.2193352360255869,1.0083878439343534,3,middle
3688,88,0,0.16966468252861466,0.8218092580006257,3,middle
3689,89,0,0.9316696349724263,0.9500507625628822,3,middle
3690,90,0,0.40625827839917283,0.8023061824099005,3,middle
3691,91,0,0.674153328870702,0.4435931893290268,3,middle
3692,92,0,0.46305247863124394,0.7662364546372833,3,middle
3693,93,0,0.5120209969691438,0.8929492958909351,3,middle
3694,94,0,0.4803688335686047,0.8409936391447623,3,middle
3695,95,0,0.50093571108564,0.5867088979005073,3,middle
3696,96,0,0.6044703471351367,0.6142678226190559,3,middle
3697,97,0,0.8434834606391263,0.6838553471944568,3,middle
3698,98,0,0.7975462100191979,0.7636506416061167,3,middle
3699,99,0,0.22578518226404076,1.0872611458784802,3,middle
3700,100,0,0.8521766869535415,0.737826292309294,3,middle
3701,101,0,0.8289875537105649,0.6272186203616342,3,middle
3702,102,0,0.492141901645956,0.8398149020862502,3,middle
3703,103,0,0.017977193849115218,0.981485624700063,3,middle
3704,104,0,0.10136614236011465,0.7609571253070396,3,middle
3705,105,0,0.1749943926537971,0.7612697464149809,3,middle
3706,106,0,0.4988244000337204,0.956228543968767,3,middle
3707,107,0,0.7786761986124964,0.8897542290394029,3,middle
3708,108,0,0.4712875730908327,0.9807036138944898,3,middle
3709,109,0,0.5005618400142658,0.7364596237916786,3,middle
3710,110,0,0.5073598319734612,0.5093679957917527,3,middle
3711,111,0,0.45569855053845776,0.7300211095889382,3,middle
3712,112,0,0.9560349065049976,0.6199075955783113,3,middle
3713,113,0,0.45234264935347934,0.7734360199279343,3,middle
3714,114,0,0.34334366730361404,0.8836909463129574,3,middle
3715,115,0,0.4527275791633689,0.6657878863224524,3,middle
3716,116,0,0.5011936676190855,0.816095400707008,3,middle
3717,117,0,0.5031545969300211,0.969625661533434,3,middle
3718,118,0,0.4641450559831405,0.6493948359452293,3,middle
3719,119,0,0.5028089225067108,0.706698537751659,3,middle
3720,120,0,0.497037493172786,0.9778163076314026,3,middle
3721,121,0,0.5049666103373047,0.6353492318082744,3,middle
3722,122,0,0.6608372712763675,0.5587842310419678,3,middle
3723,123,0,0.9291292267951851,0.4931904075515829,3,middle
3724,124,0,0.4184186143403186,0.6957137780730885,3,middle
3725,125,0,0.5000016627290232,1.205061789683496,3,middle
3726,126,0,0.9923404182116253,0.6523947137905612,3,middle
3727,127,0,0.26561330751093526,0.6590089637584556,3,middle
3728,128,0,0.8939702385566688,0.604436699198076,3,middle
3729,129,0,0.9140820090608398,0.64361163142943,3,middle
3730,130,0,0.9783076011100194,0.5251516003405653,3,middle
3731,131,0,0.5847278131127153,0.5822759035836801,3,middle
3732,132,0,0.5299431678738828,0.5686043683111013,3,middle
3733,133,0,0.9674136928477215,0.49181746074112975,3,middle
3734,134,0,0.24050310469382724,0.7776989080522012,3,middle
3735,135,0,0.5000082718962438,1.1347720742715175,3,middle
3736,136,0,0.9797362808487393,0.9543838629404167,3,middle
3737,137,0,0.5392395114386841,0.7292471310993658,3,middle
3738,138,0,0.0007764685129178547,0.9924113929856455,3,middle
3739,139,0,0.5066040543838787,0.7114800011120768,3,middle
3740,140,0,0.09276262235432588,0.5402918907586358,3,middle
3741,141,0,0.49174883948681225,0.7715353921665505,3,middle
3742,142,0,0.8787836033099288,0.5467256652458183,3,middle
3743,143,0,0.8298811813770733,0.4549273652854104,3,middle
3744,144,0,0.8277545170168568,0.562580673461516,3,middle
3745,145,0,0.5077161877745965,0.6594829982828367,3,middle
3746,146,0,0.9996529042421674,0.5915990350653817,3,middle
3747,147,0,0.45222064890705327,0.6161669082347196,3,middle
3748,148,0,0.4669307974501429,0.9385668111261671,3,middle
3749,149,0,0.3922693185553987,0.7048309778032484,3,middle
3750,150,0,0.4921310724832492,0.8129390904640199,3,middle
3751,151,0,0.49260089644226857,0.8211547433094071,3,middle
3752,152,0,0.5798278826186392,0.5990221235800377,3,middle
3753,153,0,0.8069994178655124,0.5729868584674384,3,middle
3754,154,0,0.9927905225904051,0.5622137333040103,3,middle
3755,155,0,0.5161426267449674,0.7800539377239509,3,middle
3756,156,0,0.6325795120999376,0.6015720069897214,3,middle
3757,157,0,0.36664951354097586,0.5960452544403978,3,middle
3758,158,0,0.23311430974161237,0.9219578971968045,3,middle
3759,159,0,0.6793733585416191,0.5495078301474352,3,middle
3760,160,0,0.9994204178222842,0.6856755353138915,3,middle
3761,161,0,0.060372720830275596,0.8538038749402439,3,middle
3762,162,0,0.4092278334258804,0.6972064835846286,3,middle
3763,163,0,0.9935135530453062,0.6758320688015426,3,middle
3764,164,0,0.6369591275560844,0.5200559277771795,3,middle
3765,165,0,0.9964156691412169,0.7750198589536297,3,middle
3766,166,0,0.9230614837415152,0.5551683415824321,3,middle
3767,167,0,0.8744571555217405,0.7858929950029587,3,middle
3768,168,0,0.8012925881575359,0.4186517908681675,3,middle
3769,169,0,0.40510436339569267,0.40421292699575284,3,middle
3770,170,0,0.03319113529410937,0.582608861514248,3,middle
3771,171,0,0.5015619293291623,0.4954796420031922,3,middle
3772,172,0,0.011906141549952027,0.8974966235980781,3,middle
3773,173,0,0.001347513543190728,0.8018310796558733,3,middle
3774,174,0,0.5002591799620612,0.7931318036990047,3,middle
3775,175,0,0.5151367349815182,0.751327780001038,3,middle
3776,176,0,0.5343326051785373,0.5152392099957152,3,middle
3777,177,0,0.5113035920120305,0.5395058559037936,3,middle
3778,178,0,0.9804351953925377,0.3861595537647859,3,middle
3779,179,0,0.11780314208155329,0.8956266330903622,3,middle
3780,180,0,0.7680101900412866,0.3508254280505741,3,middle
3781,181,0,0.11876842463706552,0.8364379081938822,3,middle
3782,182,0,0.5030883295866021,0.9992748416864425,3,middle
3783,183,0,0.49987104651316827,0.7628238980285919,3,middle
3784,184,0,0.5038049438811588,0.5443045785049196,3,middle
3785,185,0,0.8506395897788076,0.3379447112759235,3,middle
3786,186,0,0.5062387560927429,0.7465276630032835,3,middle
3787,187,0,0.4861926299392761,0.5365575420320373,3,middle
3788,188,0,0.5435711874064002,0.8165130959997093,3,middle
3789,189,0,0.9838150076341379,0.699199399019778,3,middle
3790,190,0,0.33988350890925284,0.5521836952029691,3,middle
3791,191,0,0.9167039232590939,0.42780032206763224,3,middle
3792,192,0,0.9958621686337865,0.36360362175589134,3,middle
3793,193,0,0.506946718009324,0.695945512478926,3,middle
3794,194,0,0.36359142100586656,0.4738436898288639,3,middle
3795,195,0,0.3898316337723617,0.6216015458990016,3,middle
3796,196,0,0.7416166584938539,0.6701236796875405,3,middle
3797,197,0,0.6244243846535593,0.5268503685195287,3,middle
3798,198,0,0.3915462197499424,0.682784225075195,3,middle
3799,199,0,0.7454164144616108,0.7987574525346876,3,middle
3800,0,0,0.5170603360846973,0.9040395181725343,3,late
3801,1,0,0.8008032756704124,0.4770466256459033,3,late
3802,2,0,0.7703708097092579,0.5668448462399283,3,late
3803,3,0,0.91968517649363,0.5236252811316382,3,late
3804,4,0,0.9548651736556799,0.8521802085682768,3,late
3805,5,0,0.13828578179000675,0.8057380897912112,3,late
3806,6,0,0.4861776428605977,0.7515084359734003,3,late
3807,7,0,0.48221347038551937,0.963384795510918,3,late
3808,8,0,0.49950393977200674,0.5940721199912682,3,late
3809,9,0,0.7606680141157593,0.6928871630318891,3,late
3810,10,0,0.7705098425472188,0.5103482581828427,3,late
3811,11,0,0.40346647288876236,0.9037246330568408,3,late
3812,12,0,0.3681888542494461,0.7356911202854811,3,late
3813,13,0,0.49935926061554403,0.8051021744535698,3,late
3814,14,0,0.4469191622179889,0.8635416721600989,3,late
3815,15,0,0.6981388335915344,0.5798812683734098,3,late
3816,16,0,0.07771856033306603,0.7463478347179078,3,late
3817,17,0,0.4646321859673561,0.7085810630931156,3,late
3818,18,0,0.5083598903388218,0.7349771525630446,3,late
3819,19,0,0.4714018411617591,0.6555493186387973,3,late
3820,20,0,0.5118199164080075,0.6925539388538752,3,late
3821,21,0,0.7949127394911046,0.6940333778690537,3,late
3822,22,0,0.4944469289922813,0.7354474809314002,3,late
3823,23,0,0.7977098294158945,0.6448884197680529,3,late
3824,24,0,0.5010228776625523,0.6329298749399417,3,late
3825,25,0,0.01332520976248726,0.8785090117150315,3,late
3826,26,0,0.4967050463950756,1.051465602006308,3,late
3827,27,0,0.7218691830397679,0.5126155763507358,3,late
3828,28,0,0.646975764889373,0.4311098538214232,3,late
3829,29,0,0.5824938506955317,0.5827550269414403,3,late
3830,30,0,0.5850255072764883,0.6828462466218852,3,late
3831,31,0,0.4597643886864794,0.9137506824986539,3,late
3832,32,0,0.4267817019288143,0.5583529558614254,3,late
3833,33,0,0.19336501321303756,1.3079770742271546,3,late
3834,34,0,0.5046324448906524,0.7345802838971129,3,late
3835,35,0,0.9397847367475785,0.5320542853921161,3,late
3836,36,0,0.507135796793354,0.4190124325389513,3,late
3837,37,0,0.5280279894868173,0.47209059011883725,3,late
3838,38,0,0.3920196922485534,0.6436993185830167,3,late
3839,39,0,0.6062156517168585,0.480550029713941,3,late
3840,40,0,0.49591471637395673,0.7095772097556658,3,late
3841,41,0,0.5875646781528052,0.26476275532534216,3,late
3842,42,0,0.6054303473490623,0.7546996715410239,3,late
3843,43,0,0.024276694274093905,1.0794764169928464,3,late
3844,44,0,0.5047972680036441,0.5958282402976369,3,late
3845,45,0,0.5748640516979263,0.7773542615534395,3,late
3846,46,0,0.5815519369391154,0.9315905258657511,3,late
3847,47,0,0.7165813826087729,0.9771685300736254,3,late
3848,48,0,0.8942520333059416,0.6109821402441296,3,late
3849,49,0,0.010151222424469513,0.8555986094861499,3,late
3850,50,0,0.6640875418843168,0.774176036226557,3,late
3851,51,0,0.39163574915120436,1.10580400701802,3,late
3852,52,0,0.4999939102526379,1.2687395164361108,3,late
3853,53,0,0.7479362894830672,0.7152867188813106,3,late
3854,54,0,0.8320009892028023,0.5923589667230894,3,late
3855,55,0,0.1012783580329627,0.8938086122053295,3,late
3856,56,0,0.49894726551029484,0.8926263381209051,3,late
3857,57,0,0.9992701059931346,1.0433238221962893,3,late
3858,58,0,0.5163526771271254,0.6159637761314958,3,late
3859,59,0,0.3948646235495937,0.5023728183389536,3,late
3860,60,0,0.9721161902598374,0.7535163117322183,3,late
3861,61,0,0.2518766860638745,1.087580544996433,3,late
3862,62,0,0.9268962855120759,0.49291567026549044,3,late
3863,63,0,9.733746908500931e-05,0.9674786672611552,3,late
3864,64,0,0.9231372833794382,0.7867424368166402,3,late
3865,65,0,0.34042535043758115,0.7870980864446615,3,late
3866,66,0,0.49831618063618444,0.8859525946927478,3,late
3867,67,0,0.006188120014844814,1.072833528806251,3,late
3868,68,0,0.6546825613373894,0.5850770967193105,3,late
3869,69,0,0.9044269069322789,0.6320907548358004,3,late
3870,70,0,0.5000432248433202,1.0292814332808202,3,late
3871,71,0,0.09895420814805618,0.9478021682505151,3,late
3872,72,0,0.5003585641355087,0.8107587521773806,3,late
3873,73,0,0.04835880680303645,1.1615596536551207,3,late
3874,74,0,0.49981916115048564,0.8768300310278097,3,late
3875,75,0,0.6498060359592811,0.39871351004973077,3,late
3876,76,0,0.6139792617360041,0.5856697170599228,3,late
3877,77,0,0.5348775286688904,0.5466653737788609,3,late
3878,78,0,0.19530359239657324,0.5572501286997069,3,late
3879,79,0,0.08020220331020851,0.6795959440338288,3,late
3880,80,0,0.9102376242531297,0.6616052606513978,3,late
3881,81,0,0.2698364965877033,0.79016535042054,3,late
3882,82,0,0.7923414707822605,0.6230782114282036,3,late
3883,83,0,0.8634737802851975,0.7228224225076931,3,late
3884,84,0,0.4919041641787657,0.5918297525627508,3,late
3885,85,0,0.697600351664112,0.7301093020164771,3,late
3886,86,0,0.5654333735924956,0.709249094202393,3,late
3887,87,0,0.08343651808409139,0.7656159373815188,3,late
3888,88,0,0.9850667056582163,0.5634084967179092,3,late
3889,89,0,0.9946861707311347,0.5848597232757407,3,late
3890,90,0,0.4960737898215099,0.8269561740622311,3,late
3891,91,0,0.962030402463405,1.0412279874973047,3,late
3892,92,0,0.9307798233949918,0.5677549058625659,3,late
3893,93,0,0.3610403637805341,0.7148345458803322,3,late
3894,94,0,0.9966541819164831,0.5870018139536213,3,late
3895,95,0,0.9806977001504749,0.5003486131554393,3,late
3896,96,0,0.5069386451662119,0.4530393977839152,3,late
3897,97,0,0.769221902383014,0.9679152680896534,3,late
3898,98,0,0.9997897809082363,0.687372772829271,3,late
3899,99,0,0.2785318719924425,0.7557017991808722,3,late
3900,100,0,0.26722452502914373,1.274224992619857,3,late
3901,101,0,0.7969000760423671,0.5716400205223711,3,late
3902,102,0,0.5287105321007771,0.3300271371561348,3,late
3903,103,0,0.8867092147708822,0.4469512223845001,3,late
3904,104,0,0.8847444384428806,0.5749449547521918,3,late
3905,105,0,0.9953432083315025,0.6282465001943383,3,late
3906,106,0,0.8053333402655768,0.5568344997519654,3,late
3907,107,0,0.09499908683327726,0.6038233518015275,3,late
3908,108,0,0.6784087811887902,0.5011289334306646,3,late
3909,109,0,0.9613712874832552,0.45021834050621523,3,late
3910,110,0,0.925741072924788,0.3614782058688642,3,late
3911,111,0,0.4869505852109544,0.879247458374252,3,late
3912,112,0,0.9534474663046624,0.5741502551288513,3,late
3913,113,0,0.9225119269249611,0.3271596531503461,3,late
3914,114,0,0.6207418448572816,0.48697356166029643,3,late
3915,115,0,0.5151031958120192,0.7036456284664978,3,late
3916,116,0,0.8467751365319098,0.5394772254143605,3,late
3917,117,0,0.516633946994832,0.5662395862273477,3,late
3918,118,0,0.49359665408257847,0.6358907551060778,3,late
3919,119,0,0.5124315031846566,0.8947876451503385,3,late
3920,120,0,8.862915057659044e-05,0.945570050539732,3,late
3921,121,0,0.5449612678490937,0.688619434709173,3,late
3922,122,0,0.005095829290433545,0.7566574874443717,3,late
3923,123,0,0.0767276925703249,0.794229304443955,3,late
3924,124,0,0.9852081115450613,0.47348094243794614,3,late
3925,125,0,0.010403368326207127,0.8973638666939987,3,late
3926,126,0,0.48809313535537957,0.4808193610383553,3,late
3927,127,0,0.4883988823974228,0.7444862692429493,3,late
3928,128,0,0.9998526497740137,0.8729920561508369,3,late
3929,129,0,0.41128376074130424,0.47861514106783526,3,late
3930,130,0,0.0030419489214987515,0.8230654966267197,3,late
3931,131,0,0.12255521024555502,0.7239405735123607,3,late
3932,132,0,0.974049116170199,0.784258503184217,3,late
3933,133,0,0.0010755683330695442,0.890302649255137,3,late
3934,134,0,0.005769852985413779,0.6468415174722343,3,late
3935,135,0,0.0013508323329032242,0.8949861632370801,3,late
3936,136,0,0.0001756154740845021,0.7615082477649546,3,late
3937,137,0,0.8903441816825934,0.5203903574634265,3,late
3938,138,0,0.00010171329356337095,0.9757760752653628,3,late
3939,139,0,0.5639691689232349,0.48871167490998324,3,late
3940,140,0,0.040261325014277836,1.0595582737649456,3,late
3941,141,0,0.9664348357431973,0.6180084066664319,3,late
3942,142,0,0.004882410154774269,0.6695340749325536,3,late
3943,143,0,0.00031101959716858227,0.9643874704663129,3,late
3944,144,0,0.0064704596870312995,0.8427943739854475,3,late
3945,145,0,0.6441472175331804,0.6985807409307503,3,late
3946,146,0,0.9855574140122736,1.023611074143803,3,late
3947,147,0,0.4601333241496583,0.9756371009425318,3,late
3948,148,0,0.8593632875384578,0.7521546947187437,3,late
3949,149,0,0.18952849974664093,0.764246155022439,3,late
3950,150,0,0.973935135365417,0.40491111083113196,3,late
3951,151,0,0.003516959796951564,0.7444416202088696,3,late
3952,152,0,0.9789514985382787,0.5579046759055248,3,late
3953,153,0,0.9814063236410737,0.45121616753328264,3,late
3954,154,0,0.8221475183972378,0.49858001980984223,3,late
3955,155,0,0.4931338034233517,0.5318607895173078,3,late
3956,156,0,0.8355104355344047,0.4532551504142657,3,late
3957,157,0,0.9658216789067415,0.5672880946199672,3,late
3958,158,0,0.9991372554217659,0.6781789838968666,3,late
3959,159,0,0.6401074699060632,0.7243997185865099,3,late
3960,160,0,0.4749710680586882,0.4821850560905391,3,late
3961,161,0,0.49426878771611266,0.589881353950028,3,late
3962,162,0,0.15343270988681373,0.5215383267998048,3,late
3963,163,0,0.6518709625437424,0.6251957817883451,3,late
3964,164,0,0.035257688319933395,0.7081420270846293,3,late
3965,165,0,0.9428287095719927,0.4318444665004421,3,late
3966,166,0,0.01532663708003171,0.9505824454539378,3,late
3967,167,0,0.4724507628759519,0.7574437547515706,3,late
3968,168,0,0.05425559869229686,0.7274849604603424,3,late
3969,169,0,0.8369075645597328,0.6237463646369472,3,late
3970,170,0,0.20245730399001802,0.8984009328105895,3,late
3971,171,0,0.8141503519647029,0.455249655134048,3,late
3972,172,0,0.18489255360204937,0.6044199532767744,3,late
3973,173,0,0.526855422287794,0.5324102454141313,3,late
3974,174,0,0.5971079755654294,0.4455764996960637,3,late
3975,175,0,0.5528281477788758,0.29564277153669694,3,late
3976,176,0,0.654011927226831,0.3320777029844806,3,late
3977,177,0,0.12365810647877083,0.853885796764207,3,late
3978,178,0,0.9990204870421933,0.7251592879033206,3,late
3979,179,0,0.30050944156708287,0.7520995174431102,3,late
3980,180,0,0.6355854902027867,0.7735415700704622,3,late
3981,181,0,0.32922388552584336,0.5785244656348094,3,late
3982,182,0,0.5557808030829849,0.7751934528912012,3,late
3983,183,0,0.30837994324105433,0.689372798351183,3,late
3984,184,0,0.8978646140595903,0.7467294084996592,3,late
3985,185,0,0.43237254257574437,0.6266575865878777,3,late
3986,186,0,0.026039387841967895,0.6182798869147124,3,late
3987,187,0,0.4868544159220225,0.40778060082333656,3,late
3988,188,0,0.8062473472874008,0.3446294867777784,3,late
3989,189,0,0.6147112514850822,1.0370945509494311,3,late
3990,190,0,0.03484465522759908,0.6269475374578223,3,late
3991,191,0,0.5824870341381648,0.444882389524751,3,late
3992,192,0,0.8017055539277822,0.38306852278186665,3,late
3993,193,0,0.016554887925596985,0.5384424501155392,3,late
3994,194,0,0.8071593982249011,0.5884062071367195,3,late
3995,195,0,0.4802628039388346,0.7973047116820282,3,late
3996,196,0,0.984625820910846,0.40662684354914097,3,late
3997,197,0,0.49970197826960683,0.8646406117684411,3,late
3998,198,0,0.5933471098449473,0.5271748871274539,3,late
3999,199,0,0.4282556100079835,0.4058629904525828,3,late
4000,0,0,0.19172739250668686,0.6687933927700318,4,interleaved
4001,1,0,0.36739569434005426,0.7122353476132457,4,interleaved
4002,2,0,0.6022178537341499,0.6500061113094447,4,interleaved
4003,3,0,0.48747452641644395,0.528659347022175,4,interleaved
4004,4,0,0.08117559545562907,0.714848216456233,4,interleaved
4005,5,0,0.3606308232280275,0.540492971629653,4,interleaved
4006,6,0,0.9163084677120348,0.40808343307989503,4,interleaved
4007,7,0,0.4616185185798865,0.7207712085345368,4,interleaved
4008,8,0,0.49373658650626484,0.5881735645828481,4,interleaved
4009,9,0,0.4708082663273148,0.5753230805425351,4,interleaved
4010,10,0,0.5808486920796765,0.7470577676274615,4,interleaved
4011,11,0,0.31019273373676787,0.6425140905765754,4,interleaved
4012,12,0,0.780504958771921,0.51825759769743,4,interleaved
4013,13,0,0.47889832938894217,0.6171648912696386,4,interleaved
4014,14,0,0.4830295601713348,0.6937124118394979,4,interleaved
4015,15,0,0.7185390447874054,0.4909877767018731,4,interleaved
4016,16,0,0.8348918717830617,0.5260742417394753,4,interleaved
4017,17,0,0.4433256495961486,0.4136353799637328,4,interleaved
4018,18,0,0.9869368595387873,0.2809671709272595,4,interleaved
4019,19,0,0.03271018808495884,0.5788410575219952,4,interleaved
4020,20,0,0.5268264952119135,0.40047304277207474,4,interleaved
4021,21,0,0.5352801691099975,0.5838044186986764,4,interleaved
4022,22,0,0.4900972226049057,0.7075734481890601,4,interleaved
4023,23,0,0.9352486352718881,0.4699990876613507,4,interleaved
4024,24,0,0.5686421832524295,0.7773546317092856,4,interleaved
4025,25,0,0.4786821975711838,0.7124414700659176,4,interleaved
4026,26,0,0.811945972740459,0.5480829843414273,4,interleaved
4027,27,0,0.5988532370800446,0.43066386692498837,4,interleaved
4028,28,0,0.4422796332096365,0.4421284839024395,4,interleaved
4029,29,0,0.5033171263832001,0.7214496951516363,4,interleaved
4030,30,0,0.8810605987983917,0.5806234105119426,4,interleaved
4031,31,0,0.0033790461110845254,0.9941789558871088,4,interleaved
4032,32,0,0.5000132969287671,1.2058322998939444,4,interleaved
4033,33,0,0.32137287439330725,0.5882470945299709,4,interleaved
4034,34,0,0.9716091640347255,0.44924885147497495,4,interleaved
4035,35,0,0.344415614246776,0.504560364683299,4,interleaved
4036,36,0,0.37653600259184467,0.7586270928001798,4,interleaved
4037,37,0,0.7475618010039982,0.328853834181801,4,interleaved
4038,38,0,0.5593556668915449,0.7113309929692917,4,interleaved
4039,39,0,0.7467998835559562,0.3175525924246652,4,interleaved
4040,40,0,0.057531119104290984,0.7831310766137831,4,interleaved
4041,41,0,0.5028416169378367,0.7151876893070441,4,interleaved
4042,42,0,0.006107474365812633,0.5885454807462617,4,interleaved
4043,43,0,0.9727669291557672,0.5082293136700025,4,interleaved
4044,44,0,0.6243375715202244,0.742625052870977,4,interleaved
4045,45,0,0.3070748399942334,0.8309763974739519,4,interleaved
4046,46,0,0.35739559482325445,0.5442617030565478,4,interleaved
4047,47,0,0.16093182550879157,1.0429262837014979,4,interleaved
4048,48,0,0.5321562781125183,0.4976566329622947,4,interleaved
4049,49,0,0.9871269328740331,0.5929977767239847,4,interleaved
4050,50,0,0.021266855947311914,0.9601075215564288,4,interleaved
4051,51,0,0.1773468009344065,0.6097651897383086,4,interleaved
4052,52,0,0.8660846414097181,0.3534276553697292,4,interleaved
4053,53,0,0.7773056448745161,0.6261701797130284,4,interleaved
4054,54,0,0.497501538270764,0.5594296935280287,4,interleaved
4055,55,0,0.07743369480233116,0.8545357696087923,4,interleaved
4056,56,0,0.669982799905876,0.58017974216129,4,interleaved
4057,57,0,0.7002074539311236,0.6164047052113797,4,interleaved
4058,58,0,0.3798814386893357,0.43064464627838533,4,interleaved
4059,59,0,0.5402854845079288,0.5330458137123391,4,interleaved
4060,60,0,0.49556875351900237,0.7856501841051062,4,interleaved
4061,61,0,0.7518451133698669,0.7086641479158282,4,interleaved
4062,62,0,0.9927266406842418,0.44610370594546095,4,interleaved
4063,63,0,0.9775885610313622,0.6235278077780579,4,interleaved
4064,64,0,0.6104839257560812,0.4488218254703205,4,interleaved
4065,65,0,0.4892135059264954,0.7535312348428118,4,interleaved
4066,66,0,0.29266264583431156,0.5366676903516521,4,interleaved
4067,67,0,0.38548090631021426,0.5420852336623366,4,interleaved
4068,68,0,0.49579561895764335,0.705164973926337,4,interleaved
4069,69,0,0.3776009510035728,0.6482377297031645,4,interleaved
4070,70,0,0.517456411296288,0.5346878309614405,4,interleaved
4071,71,0,0.501689406972148,0.5765351577718135,4,interleaved
4072,72,0,0.6544591901022874,0.6102043608246315,4,interleaved
4073,73,0,0.9981284579098579,0.6456330577768308,4,interleaved
4074,74,0,0.005919582347462277,0.8560722006477083,4,interleaved
4075,75,0,0.4963952861294316,0.6960874355875613,4,interleaved
4076,76,0,0.8006385984930795,0.42272613272845483,4,interleaved
4077,77,0,0.5941357095765724,0.4835395261130333,4,interleaved
4078,78,0,0.34988361871558443,0.7490502163102507,4,interleaved
4079,79,0,0.5211568626741382,0.5464767756854502,4,interleaved
4080,80,0,0.015128072751484044,1.0801954587253206,4,interleaved
4081,81,0,0.6694659911404137,0.6565843804033642,4,interleaved
4082,82,0,0.5272685163496457,0.585538966548367,4,interleaved
4083,83,0,0.19624064814741132,0.7474425857263582,4,interleaved
4084,84,0,0.19015494223675375,0.6147071509510735,4,interleaved
4085,85,0,0.5988368058569339,0.5707267699080032,4,interleaved
4086,86,0,0.6163757276755643,0.7562500640501033,4,interleaved
4087,87,0,0.5332896384754869,0.5658724222451783,4,interleaved
4088,88,0,0.3931499519928301,0.42044072389458526,4,interleaved
4089,89,0,0.9704857587065296,0.3028829388861909,4,interleaved
4090,90,0,0.5490986382792912,0.3549756200493994,4,interleaved
4091,91,0,0.4957103344818975,0.5344694336260036,4,interleaved
4092,92,0,0.9137724712710829,0.4731147746091063,4,interleaved
4093,93,0,0.4995639376288232,0.4592221266383124,4,interleaved
4094,94,0,0.7930644441959804,0.5775314645419954,4,interleaved
4095,95,0,0.5248255029519302,0.47195700869196455,4,interleaved
4096,96,0,0.6853286106069927,0.8231790917802719,4,interleaved
4097,97,0,0.9697854498801834,0.6658745702355024,4,interleaved
4098,98,0,0.015960368086776883,0.5313942494693722,4,interleaved
4099,99,0,0.5771360949798822,0.5127145344598429,4,interleaved
4100,100,0,0.9953002031887452,0.7041287574746646,4,interleaved
4101,101,0,0.9945135810006278,0.4407757303315557,4,interleaved
4102,102,0,0.14202577537285346,0.9215753205535558,4,interleaved
4103,103,0,0.48677266256131896,0.7612183357873652,4,interleaved
4104,104,0,0.7649141971134334,0.7250834740665171,4,interleaved
4105,105,0,0.9849759192498602,0.32677407854852125,4,interleaved
4106,106,0,0.9732717982078525,0.529360638097105,4,interleaved
4107,107,0,0.9297594420298569,0.5368665937527985,4,interleaved
4108,108,0,0.39991535588493987,0.4095252089158238,4,interleaved
4109,109,0,0.991907116156684,0.4916532660405548,4,interleaved
4110,110,0,0.49000608057539097,0.7641725103426156,4,interleaved
4111,111,0,0.5003035214130265,0.6913137619991376,4,interleaved
4112,112,0,0.38979792693001597,0.36606762225339395,4,interleaved
4113,113,0,0.8487929186459584,0.6870043637580568,4,interleaved
4114,114,0,0.5234329281339267,0.6545321462813367,4,interleaved
4115,115,0,0.4678215382466677,0.44330337820993965,4,interleaved
4116,116,0,0.516959012972372,0.46168083900153317,4,interleaved
4117,117,0,0.6918034595699933,0.4479938663781904,4,interleaved
4118,118,0,0.2647053390761548,0.5921002724048674,4,interleaved
4119,119,0,0.8398196540565757,0.5749667761808259,4,interleaved
4120,120,0,0.31955403796118564,0.5498568141191374,4,interleaved
4121,121,0,0.06432270682912083,0.5133795884748564,4,interleaved
4122,122,0,0.5869200287793959,0.45328318306177906,4,interleaved
4123,123,0,0.8556322605696818,0.45921488639661195,4,interleaved
4124,124,0,0.7747012562350302,0.47396214482044396,4,interleaved
4125,125,0,0.5504837523634397,0.3604514427878755,4,interleaved
4126,126,0,0.5314093984607602,0.567131776492211,4,interleaved
4127,127,0,0.4744709596297676,0.5129092688122547,4,interleaved
4128,128,0,0.5025894456028209,0.6700103888543605,4,interleaved
4129,129,0,0.996070590840459,0.6126961338163498,4,interleaved
4130,130,0,0.028156589847032447,1.0142849140113959,4,interleaved
4131,131,0,0.4754371499856256,0.8974308575802723,4,interleaved
4132,132,0,0.4998512774652753,1.4111024349484929,4,interleaved
4133,133,0,0.4997319840161829,0.6485971602309178,4,interleaved
4134,134,0,0.78550055145706,0.7336280206144095,4,interleaved
4135,135,0,0.3249606209166214,0.4801853536951305,4,interleaved
4136,136,0,0.6794639474339979,0.46817587693622975,4,interleaved
4137,137,0,0.4801417588780189,0.3488143835481878,4,interleaved
4138,138,0,0.6308208298684974,0.37084292514686756,4,interleaved
4139,139,0,0.9178324632235986,0.379708333826526,4,interleaved
4140,140,0,0.001973139086778169,0.8037834256121357,4,interleaved
4141,141,0,0.9994661687673849,0.368768170793174,4,interleaved
4142,142,0,0.8291099704193332,0.7098507221077994,4,interleaved
4143,143,0,0.5586543841570777,0.5345654204882162,4,interleaved
4144,144,0,0.5174023059687586,0.7734551139535581,4,interleaved
4145,145,0,0.6617466757653401,0.7294210288747927,4,interleaved
4146,146,0,0.9995044501050527,0.7510528796085518,4,interleaved
4147,147,0,0.4023703112091836,1.182024044014189,4,interleaved
4148,148,0,0.8717673404388468,0.47798475384134087,4,interleaved
4149,149,0,0.6622169037497656,0.3822048254465658,4,interleaved
4150,150,0,0.5015596463586199,0.44234415726192355,4,interleaved
4151,151,0,0.5574449965205369,0.36200050273050477,4,interleaved
4152,152,0,0.43864782007650555,0.5000261466321876,4,interleaved
4153,153,0,0.0068069645566333215,0.6801588795586894,4,interleaved
4154,154,0,0.025823130582789334,0.6884481870594921,4,interleaved
4155,155,0,0.5857071899631277,0.7209832050195838,4,interleaved
4156,156,0,0.8396789609903106,0.4029198296029532,4,interleaved
4157,157,0,0.9839473192862921,0.4749786500834189,4,interleaved
4158,158,0,0.9391007073595279,0.7552141981212718,4,interleaved
4159,159,0,0.5373584694307736,0.4184359676180584,4,interleaved
4160,160,0,0.5903331357452148,0.3920644297291105,4,interleaved
4161,161,0,0.07741425692714426,0.5987652073576604,4,interleaved
4162,162,0,0.9956239441595744,0.5470470335902657,4,interleaved
4163,163,0,0.7195124628957603,0.6457865436547967,4,interleaved
4164,164,0,0.7786243237755681,0.8854262864368359,4,interleaved
4165,165,0,0.9659743104640915,0.3276995417332431,4,interleaved
4166,166,0,0.7332434636038083,0.820982641598095,4,interleaved
4167,167,0,0.8967561112536331,0.5061483845311547,4,interleaved
4168,168,0,0.49931430004722654,0.5910052202352958,4,interleaved
4169,169,0,0.7401154339242311,0.44388862447289423,4,interleaved
4170,170,0,0.7265709091385646,0.38126954337840513,4,interleaved
4171,171,0,0.9835758365358759,0.4548197774346331,4,interleaved
4172,172,0,0.48339415023978877,0.3509336878816737,4,interleaved
4173,173,0,0.4409967428144993,0.4680334273504724,4,interleaved
4174,174,0,0.5109647492190551,0.36978751966322343,4,interleaved
4175,175,0,0.3956305336912201,0.6476104079985625,4,interleaved
4176,176,0,0.500627924015042,0.47174514954640673,4,interleaved
4177,177,0,0.9648103994974813,0.5838756983852292,4,interleaved
4178,178,0,0.51140249077447,0.5777111879294274,4,interleaved
4179,179,0,0.9103875950189233,0.5669320734091555,4,interleaved
4180,180,0,0.5004441068559652,0.8025344739000575,4,interleaved
4181,181,0,0.9029352744624859,0.4654803178826693,4,interleaved
4182,182,0,0.49618547230099924,0.7760547315072062,4,interleaved
4183,183,0,0.9854219760757134,0.5737767549531375,4,interleaved
4184,184,0,0.8312277948933916,0.5020871713453698,4,interleaved
4185,185,0,0.9982568409233279,0.4822756287090508,4,interleaved
4186,186,0,0.9852519502572362,0.5193592234937757,4,interleaved
4187,187,0,0.38102345990386965,0.3825991395758964,4,interleaved
4188,188,0,0.4307706903337024,0.41223618340761703,4,interleaved
4189,189,0,0.6891500961551591,0.4576265261797808,4,interleaved
4190,190,0,0.754375463268504,0.8622685807734429,4,interleaved
4191,191,0,0.4982011820464547,0.678058976334283,4,interleaved
4192,192,0,0.5005723332646783,0.6200720476422692,4,interleaved
4193,193,0,0.9600605851043752,0.5374587231638541,4,interleaved
4194,194,0,0.2302152690195599,0.9762712813515955,4,interleaved
4195,195,0,0.4714982288518343,0.5759455088935879,4,interleaved
4196,196,0,0.99674887870709,0.3355550643631372,4,interleaved
4197,197,0,0.8898046419896355,0.44006607997744396,4,interleaved
4198,198,0,0.4163275151314357,0.6300489642943041,4,interleaved
4199,199,0,0.4640404741593557,0.6443449318749717,4,interleaved
4200,0,0,0.5469276149822071,0.8542002382646829,4,blocked
4201,1,0,0.15917790383747987,0.6027332024302413,4,blocked
4202,2,0,0.3171421157363577,0.7690842215706737,4,blocked
4203,3,0,0.8263349089584984,0.5703520474341461,4,blocked
4204,4,0,0.9726581233240874,0.6939246364355913,4,blocked
4205,5,0,0.37203850776029834,0.7154662919058311,4,blocked
4206,6,0,0.38448884560315855,0.8531591739837272,4,blocked
4207,7,0,0.04835805204591999,0.6845647108182693,4,blocked
4208,8,0,0.4420249593252742,0.7979600346758638,4,blocked
4209,9,0,0.9776182617390228,0.648979322722467,4,blocked
4210,10,0,0.12583568353185576,0.6576317215450156,4,blocked
4211,11,0,0.35386837628773504,0.7681915612655742,4,blocked
4212,12,0,0.005549863471722112,0.6556461035048415,4,blocked
4213,13,0,0.557422230378151,0.6454267186848556,4,blocked
4214,14,0,0.7186732858240974,0.5571822288705707,4,blocked
4215,15,0,0.005700764131820773,0.7308402427409213,4,blocked
4216,16,0,0.8478462204789565,0.4869277416831783,4,blocked
4217,17,0,0.7125425045438856,0.6573033138659803,4,blocked
4218,18,0,0.34046120000842517,0.5357395993839027,4,blocked
4219,19,0,0.22198700617334297,0.7577425225522023,4,blocked
4220,20,0,0.8208164431873936,0.6369216164755793,4,blocked
4221,21,0,0.07069962440857563,0.5059500208289527,4,blocked
4222,22,0,0.9527222095018053,0.5138737933344217,4,blocked
4223,23,0,0.003539639106156276,0.8368367782168946,4,blocked
4224,24,0,0.9932727708550185,0.5112314762456517,4,blocked
4225,25,0,0.6226865438208167,0.6040574337531217,4,blocked
4226,26,0,0.9574756241774023,0.4624835304984466,4,blocked
4227,27,0,0.9761629180511795,0.4937912908043838,4,blocked
4228,28,0,0.808570480161384,0.851370183369718,4,blocked
4229,29,0,0.23432580181404394,0.623306444034222,4,blocked
4230,30,0,0.9732438692182028,0.6570826997029844,4,blocked
4231,31,0,0.40980843917565424,0.9030149352228729,4,blocked
4232,32,0,0.09639641955352202,0.5348568937854177,4,blocked
4233,33,0,0.6765157689420216,0.41239259526852273,4,blocked
4234,34,0,0.042463170082205584,0.6969443017149455,4,blocked
4235,35,0,0.5266022898812031,0.6961990893590222,4,blocked
4236,36,0,0.23014227696984765,0.6547119349736883,4,blocked
4237,37,0,0.6704644093756749,0.569809523484183,4,blocked
4238,38,0,0.6172582509225706,0.5204586326908656,4,blocked
4239,39,0,0.458418943288447,0.6570073850910094,4,blocked
4240,40,0,0.5875574886684716,0.6498713458900858,4,blocked
4241,41,0,0.5456723155790237,0.6215942848871306,4,blocked
4242,42,0,0.5008602750014784,0.5186668076991798,4,blocked
4243,43,0,0.6911436499820995,0.47242316422215314,4,blocked
4244,44,0,0.19271443586279174,0.5273850903092191,4,blocked
4245,45,0,0.48944070635280584,0.5878441384886737,4,blocked
4246,46,0,0.8953087549038312,0.5247349069497401,4,blocked
4247,47,0,0.3669744892923702,0.4851250986698952,4,blocked
4248,48,0,0.5260153299057904,0.6965233614218338,4,blocked
4249,49,0,0.39471028954026827,0.8379565728852225,4,blocked
4250,50,0,0.5770864489414825,0.5724104828330125,4,blocked
4251,51,0,0.9956110590943306,0.6422076705520298,4,blocked
4252,52,0,0.514896793223531,0.6531445569994999,4,blocked
4253,53,0,0.688778181518172,0.4563459546777534,4,blocked
4254,54,0,0.4970572241332346,0.9211604468039545,4,blocked
4255,55,0,0.5558150676683847,0.579740569386621,4,blocked
4256,56,0,0.26678581576749916,0.5473342202551479,4,blocked
4257,57,0,0.6578525831760568,0.49085757401001107,4,blocked
4258,58,0,0.35353305603738544,0.6855567289923126,4,blocked
4259,59,0,0.767486991430162,0.5308711857188767,4,blocked
4260,60,0,0.22089012325057517,0.3756741422664407,4,blocked
4261,61,0,0.3248570663062407,0.5946333657180343,4,blocked
4262,62,0,0.8998649453391676,0.49275697633504584,4,blocked
4263,63,0,0.05327088231331737,0.6429178402116323,4,blocked
4264,64,0,0.2231258415949761,0.5424800688320712,4,blocked
4265,65,0,0.08538894253589567,0.6099991953024573,4,blocked
4266,66,0,0.6574659903235134,0.548307105961563,4,blocked
4267,67,0,0.6340575974496342,0.5631152773857032,4,blocked
4268,68,0,0.6356056904043198,0.8377799019966425,4,blocked
4269,69,0,0.5007223416624614,0.8319940066328009,4,blocked
4270,70,0,0.022889072706307703,0.9162056565305856,4,blocked
4271,71,0,0.46465750043045534,0.46450773722190486,4,blocked
4272,72,0,0.44342978125803933,0.4762877064935164,4,blocked
4273,73,0,0.06736632033856875,0.5612833865385667,4,blocked
4274,74,0,0.6717852289280635,0.6946245186719622,4,blocked
4275,75,0,0.5199120849543344,0.4929235130006362,4,blocked
4276,76,0,0.9839158550733547,0.7601074072523993,4,blocked
4277,77,0,0.4806805484690546,0.5662524385625419,4,blocked
4278,78,0,0.4881701718331801,0.7334903209095973,4,blocked
4279,79,0,0.5908244500019979,0.525421695557189,4,blocked
4280,80,0,0.8956747316238624,0.45531867040226515,4,blocked
4281,81,0,0.19341503305354388,0.7277022263447727,4,blocked
4282,82,0,0.9977504110815749,0.5723997747111507,4,blocked
4283,83,0,0.9997798227338781,0.697415839757304,4,blocked
4284,84,0,0.03271913278375465,0.5903240468238864,4,blocked
4285,85,0,0.9943217431018496,0.522979322163136,4,blocked
4286,86,0,0.8046400366880638,0.4903031390145522,4,blocked
4287,87,0,0.9765082774895907,0.4747819521596872,4,blocked
4288,88,0,0.8637137477970072,0.5848332356776369,4,blocked
4289,89,0,0.9998075011797453,0.5667135934299325,4,blocked
4290,90,0,0.6942924002355949,0.4178022213166806,4,blocked
4291,91,0,0.6703542863697445,0.405361943905662,4,blocked
4292,92,0,0.33895282535320453,0.7375202932485485,4,blocked
4293,93,0,0.08964053546144764,0.720889052551831,4,blocked
4294,94,0,0.997381717164116,0.39448592565293505,4,blocked
4295,95,0,0.42048683161518335,0.6233712369758058,4,blocked
4296,96,0,0.0017001238655428028,0.9461119907040926,4,blocked
4297,97,0,0.9995243037019257,0.25535021295587773,4,blocked
4298,98,0,0.8294994142779027,0.5081485450918084,4,blocked
4299,99,0,0.025605693139976834,0.6375948812627046,4,blocked
4300,100,0,0.14019210675918464,0.6191846358147568,4,blocked
4301,101,0,0.017468529398599855,0.8886159104169034,4,blocked
4302,102,0,0.8437190360529424,0.4795062093700139,4,blocked
4303,103,0,0.5650238200329377,0.6817486227964893,4,blocked
4304,104,0,0.9813169934100692,0.44698053825289863,4,blocked
4305,105,0,0.9968961341732364,0.47813180869795374,4,blocked
4306,106,0,0.7623368374100229,0.496371360987632,4,blocked
4307,107,0,0.5392936238858889,0.4327749493939529,4,blocked
4308,108,0,0.9994494212765226,0.8224647681695647,4,blocked
4309,109,0,0.9998476161596738,1.3135001348937527,4,blocked
4310,110,0,0.9369046086127748,0.525606083190143,4,blocked
4311,111,0,0.9732674752148445,0.4083369118822342,4,blocked
4312,112,0,0.05495436289331374,0.47411182628432247,4,blocked
4313,113,0,0.5212206766968024,0.7987064182820982,4,blocked
4314,114,0,0.9917994162010364,0.9239324182708584,4,blocked
4315,115,0,0.7515859492394443,0.5248124161967055,4,blocked
4316,116,0,0.0009498927700361996,0.928672611586451,4,blocked
4317,117,0,0.9956738513111663,0.6042141732963489,4,blocked
4318,118,0,0.041127281316048245,0.6791151235698657,4,blocked
4319,119,0,0.03166761287330358,0.34211214911199217,4,blocked
4320,120,0,0.19638560735450708,0.47046837373124284,4,blocked
4321,121,0,0.4984463911977264,0.4977597519730981,4,blocked
4322,122,0,0.5592746144104719,0.5965868913957302,4,blocked
4323,123,0,0.2675359952556178,0.6687517613671854,4,blocked
4324,124,0,0.8118167417437654,0.5483618169824978,4,blocked
4325,125,0,0.35343468850048576,0.6311255391972972,4,blocked
4326,126,0,0.39218904302840873,0.5659748803323824,4,blocked
4327,127,0,0.5043233692907588,0.41523268210748054,4,blocked
4328,128,0,0.174490961811128,0.6075521044408874,4,blocked
4329,129,0,0.8566352309175884,0.4547375489341603,4,blocked
4330,130,0,0.2418668020340613,0.641602442932743,4,blocked
4331,131,0,0.7613248752315023,0.6203932149125067,4,blocked
4332,132,0,0.5000907435221257,0.552529562254019,4,blocked
4333,133,0,0.49901360567770847,0.8405477223968447,4,blocked
4334,134,0,0.4963181310499555,0.5257737392796847,4,blocked
4335,135,0,0.503384807850264,0.3498088706310264,4,blocked
4336,136,0,0.5923587368822913,0.3848655473571052,4,blocked
4337,137,0,0.5021438729969396,0.5505308464394403,4,blocked
4338,138,0,0.8585330728152268,0.679747828864006,4,blocked
4339,139,0,0.4851391580743364,0.7128303782394887,4,blocked
4340,140,0,0.007062172090406526,0.7595332277988873,4,blocked
4341,141,0,0.4791696550706997,0.4660393626088894,4,blocked
4342,142,0,0.5055474768618231,0.5389354636544172,4,blocked
4343,143,0,0.009717179768116506,0.7851743018843708,4,blocked
4344,144,0,0.11663644553160944,0.7919336828535339,4,blocked
4345,145,0,0.143087038093606,0.6888103600335664,4,blocked
4346,146,0,0.2007060051880905,0.6413544356304985,4,blocked
4347,147,0,0.5951836107174833,0.44963035184043826,4,blocked
4348,148,0,0.6215881346537033,0.8179360016539676,4,blocked
4349,149,0,0.5014818205344496,0.563131904795881,4,blocked
4350,150,0,0.19176055325278016,0.9524164970406946,4,blocked
4351,151,0,0.9474693993305202,0.5688716954939317,4,blocked
4352,152,0,0.6824081114619734,0.4959783991963475,4,blocked
4353,153,0,0.5869022630548358,0.5730647476163464,4,blocked
4354,154,0,0.9205939883481344,0.5057403129004581,4,blocked
4355,155,0,0.8209118693553512,0.3405610042608282,4,blocked
4356,156,0,0.7375385581856406,0.43996391492821935,4,blocked
4357,157,0,0.6689349750761231,0.38641373952963387,4,blocked
4358,158,0,0.4964403322676529,0.62324826118847,4,blocked
4359,159,0,0.5000361580093318,0.6330584597536437,4,blocked
4360,160,0,0.46686749310798364,0.799870860447996,4,blocked
4361,161,0,0.5380455429699835,0.5713748408184514,4,blocked
4362,162,0,0.15238925964840022,0.8234174964334375,4,blocked
4363,163,0,0.49241309964124547,0.37548677960217136,4,blocked
4364,164,0,0.49954756426185426,0.6605727761188893,4,blocked
4365,165,0,0.13179744860345058,0.4586800989215482,4,blocked
4366,166,0,0.015673071825341535,0.49780510127771604,4,blocked
4367,167,0,0.7286831538906237,0.3622004849103208,4,blocked
4368,168,0,0.14180244699396902,0.540269667680833,4,blocked
4369,169,0,0.9998053761195216,0.8163238764007382,4,blocked
4370,170,0,0.7247112493547572,0.5995591428942186,4,blocked
4371,171,0,0.40310385743951993,0.7155451928721323,4,blocked
4372,172,0,0.134134741090195,0.8566130777062557,4,blocked
4373,173,0,0.5744100395469471,0.5672661897597389,4,blocked
4374,174,0,0.9847435880384361,0.6045985764417873,4,blocked
4375,175,0,0.5216556783937505,0.6101398394030436,4,blocked
4376,176,0,0.9837905455786216,0.45632337445136845,4,blocked
4377,177,0,0.015060956133262858,0.7278607036488709,4,blocked
4378,178,0,0.010084086011104767,0.6541697953716461,4,blocked
4379,179,0,0.5257064905074641,0.9357642153726999,4,blocked
4380,180,0,0.31377636173701756,0.42149595922474653,4,blocked
4381,181,0,0.5346367735394671,0.6079239855094257,4,blocked
4382,182,0,0.5385692041056752,0.43511089573985096,4,blocked
4383,183,0,0.5149444188084391,0.6825687461506231,4,blocked
4384,184,0,0.6549027582114519,0.6384176399139778,4,blocked
4385,185,0,0.8439480380766646,0.5290371719221937,4,blocked
4386,186,0,0.3934989359042064,0.3992647633748216,4,blocked
4387,187,0,0.8682162380496952,0.3482994368206007,4,blocked
4388,188,0,0.1503993822617131,0.40796082149868035,4,blocked
4389,189,0,0.9062650703335666,0.3821817739051052,4,blocked
4390,190,0,0.4611619665444573,0.832830328817384,4,blocked
4391,191,0,0.9993416869665778,0.5803188301563418,4,blocked
4392,192,0,0.9005258587129488,0.4422922407780274,4,blocked
4393,193,0,0.8340305905988546,0.5594625988509445,4,blocked
4394,194,0,0.5377746256297629,0.3369839986904113,4,blocked
4395,195,0,0.49520633778105144,0.8057735443860163,4,blocked
4396,196,0,0.9957216371757931,0.7807815224309755,4,blocked
4397,197,0,0.9934979847042048,0.7403317988712952,4,blocked
4398,198,0,0.5007051022406804,0.8767498002285663,4,blocked
4399,199,0,0.3247081994573944,0.7814817662530629,4,blocked
4400,0,0,0.920246788660646,0.426963497312722,4,early
4401,1,0,0.11447658306764413,0.7705533050012277,4,early
4402,2,0,0.6262034083179067,0.5832532874209387,4,early
4403,3,0,0.2592674107507569,0.5240685895780042,4,early
4404,4,0,0.49766271633912595,0.5408085205333041,4,early
4405,5,0,0.9287462080904878,0.4645978344365914,4,early
4406,6,0,0.8244096568039723,0.4953888709155876,4,early
4407,7,0,0.16454390053812218,0.7542376105319087,4,early
4408,8,0,0.9848077750408253,0.8931912207203387,4,early
4409,9,0,0.47770050567143263,0.9041212360139175,4,early
4410,10,0,0.10383730847391617,0.7595624170926539,4,early
4411,11,0,0.6627058258249896,1.1645318331501,4,early
4412,12,0,0.9430309696204264,0.7029100972671528,4,early
4413,13,0,0.010854007863196501,0.8908744384016407,4,early
4414,14,0,0.9919525854317088,0.6824973153238626,4,early
4415,15,0,0.953585493395529,0.49858501632671065,4,early
4416,16,0,0.7200731929130166,0.699312859117526,4,early
4417,17,0,0.9875325413302403,0.40781937925829226,4,early
4418,18,0,0.9675731851213321,0.42523415425421607,4,early
4419,19,0,0.9915119759479316,0.6230329856446661,4,early
4420,20,0,0.5029182967890077,0.8032514132278885,4,early
4421,21,0,0.9934363114077228,0.468403801003833,4,early
4422,22,0,0.7344677864939189,0.7113170737946591,4,early
4423,23,0,0.8080185267520662,0.6044031929081317,4,early
4424,24,0,0.9267909935008289,0.23260188415385052,4,early
4425,25,0,0.9700248068003201,0.6927167806054078,4,early
4426,26,0,0.5729859892288309,0.7528825779454169,4,early
4427,27,0,0.7325769582286953,0.5276026982884823,4,early
4428,28,0,0.019822518047135335,1.049595916573296,4,early
4429,29,0,0.8839777744257458,0.6606192687500588,4,early
4430,30,0,0.9997915037244764,0.9409574125956763,4,early
4431,31,0,0.9997416809749216,1.1097288076939111,4,early
4432,32,0,0.9968252995616207,0.623911163738484,4,early
4433,33,0,0.9944792033386104,0.6450485624044991,4,early
4434,34,0,0.9957275334775658,0.7471888906093316,4,early
4435,35,0,0.5939439074269902,1.0475692230722158,4,early
4436,36,0,0.9999544687002309,1.119838616146751,4,early
4437,37,0,0.9999265884032583,1.26465405880464,4,early
4438,38,0,0.5019094068498475,0.8295528005511277,4,early
4439,39,0,0.5598920945266284,1.0290423933469084,4,early
4440,40,0,0.5808998103195013,0.5587033627644449,4,early
4441,41,0,0.3647175114421232,0.7552946723848546,4,early
4442,42,0,0.496579198468407,0.49139124290457636,4,early
4443,43,0,0.48340168386321103,0.5132836349467372,4,early
4444,44,0,0.47774918113131565,0.9394983902084777,4,early
4445,45,0,0.5000696300438121,0.7877389849073677,4,early
4446,46,0,0.5001396214806151,1.2513826573394158,4,early
4447,47,0,0.8862239380697803,0.7845375252209073,4,early
4448,48,0,0.5011855788111697,0.719814535331915,4,early
4449,49,0,0.867433952254079,0.5796404707996639,4,early
4450,50,0,0.5008814628975938,0.5873149576000117,4,early
4451,51,0,0.2866722785805462,0.6340087937352585,4,early
4452,52,0,0.5001814822387519,0.7530822250017994,4,early
4453,53,0,0.7298935158221228,0.7781620501030275,4,early
4454,54,0,0.5000018952887859,1.0429308721486705,4,early
4455,55,0,0.5001874205482463,1.2246166695485217,4,early
4456,56,0,0.5002535761426665,1.0316492245620248,4,early
4457,57,0,0.6367325046994099,0.7286370829146059,4,early
4458,58,0,0.5177849374509067,0.6724642011602445,4,early
4459,59,0,0.9617677761616803,0.5975817622614976,4,early
4460,60,0,0.5063903648189224,0.656168599793661,4,early
4461,61,0,0.9831584429444569,0.7878152004039036,4,early
4462,62,0,0.7925638671578109,0.4307970044177902,4,early
4463,63,0,0.5006019590500982,0.7497243894207586,4,early
4464,64,0,0.9161127672979026,0.3905711799810042,4,early
4465,65,0,0.5001029755974942,1.2316740992058264,4,early
4466,66,0,0.5025253003238096,0.8468968754039377,4,early
4467,67,0,0.5467861228304064,0.7776305276849784,4,early
4468,68,0,0.5214357417215278,1.0753187618521298,4,early
4469,69,0,0.5222327151539863,1.105592039612794,4,early
4470,70,0,0.89957404869461,0.8088153827065785,4,early
4471,71,0,0.5000036581803922,1.3857974128029171,4,early
4472,72,0,0.49990890843028063,1.012734797725535,4,early
4473,73,0,0.5481236780907299,0.7049476097319879,4,early
4474,74,0,0.9475966693781332,0.7597270983083048,4,early
4475,75,0,0.5028032514673055,0.8467954569274627,4,early
4476,76,0,0.9648239833100951,0.6877235250096742,4,early
4477,77,0,0.9736759935631673,0.7081441460465555,4,early
4478,78,0,0.9281599046858475,0.7053548410072765,4,early
4479,79,0,0.9512477259305161,0.6516753342772118,4,early
4480,80,0,0.49612794607278715,0.799704491003873,4,early
4481,81,0,0.9861222570053485,0.5805943764836327,4,early
4482,82,0,0.999344930684487,0.7852019025887105,4,early
4483,83,0,0.7794671661565008,0.9014764342641539,4,early
4484,84,0,0.9994851329705177,1.4709839296301115,4,early
4485,85,0,0.47114257066611237,0.9607559603548248,4,early
4486,86,0,0.5226770904926153,0.5608460486327502,4,early
4487,87,0,0.9939134087202138,0.6021775099445107,4,early
4488,88,0,0.5468831174050465,0.48715084198775943,4,early
4489,89,0,0.5680309912959448,0.797741624507764,4,early
4490,90,0,0.5017598888393819,0.784673158667886,4,early
4491,91,0,0.8424051188077848,0.4007002575556041,4,early
4492,92,0,0.6729816645714098,0.5365887822924131,4,early
4493,93,0,0.2521755068654878,0.5521216187855137,4,early
4494,94,0,0.9998723239389181,0.5049186939198784,4,early
4495,95,0,0.8951454504690437,0.4635014208508173,4,early
4496,96,0,0.2490237457069091,0.4706807839870907,4,early
4497,97,0,0.508031739745995,0.839167854802233,4,early
4498,98,0,0.1668688942732944,0.5853458152674147,4,early
4499,99,0,0.5054251323374269,0.6618722942055029,4,early
4500,100,0,0.6748245165724247,0.6208522470237343,4,early
4501,101,0,0.4845003888165543,0.8658296613793861,4,early
4502,102,0,0.13541581483858572,0.8814520673785733,4,early
4503,103,0,0.5001079716424218,0.6878921983836597,4,early
4504,104,0,0.999943583503971,1.656279425842115,4,early
4505,105,0,0.5007319715593751,0.7821259101901383,4,early
4506,106,0,0.8363749410597067,0.6015780504636123,4,early
4507,107,0,0.5177428605073238,0.4990650035108891,4,early
4508,108,0,0.7872910691063973,0.5827343727748172,4,early
4509,109,0,0.5150233586475608,0.5820338335366235,4,early
4510,110,0,0.9963917969454578,0.5850437353254397,4,early
4511,111,0,0.9993899917175235,0.6962923682130016,4,early
4512,112,0,0.5571014848400624,0.5910287249863427,4,early
4513,113,0,0.9042616528863118,0.4069125779097303,4,early
4514,114,0,0.9852084141189354,0.4344328137463935,4,early
4515,115,0,0.5023189105562991,0.6839051554444691,4,early
4516,116,0,0.19488812204230516,0.5883464901393003,4,early
4517,117,0,0.5123680017579592,0.6144419931453884,4,early
4518,118,0,0.40982037825211143,0.911789255336491,4,early
4519,119,0,0.881865284093247,0.6462840501813014,4,early
4520,120,0,0.9999770806460786,0.7484121380494038,4,early
4521,121,0,0.9997331624571576,0.6959826443880848,4,early
4522,122,0,0.987885391876812,0.633194094382519,4,early
4523,123,0,0.515324947983882,0.7692992897059501,4,early
4524,124,0,0.12258137051209168,0.8936338558879653,4,early
4525,125,0,0.6843609751483086,0.6554578206905285,4,early
4526,126,0,0.9298180834862075,0.423201147666481,4,early
4527,127,0,0.5081429222262832,0.7245297919328134,4,early
4528,128,0,0.24601766728250304,0.7744703263945908,4,early
4529,129,0,0.4774425479039849,0.9444746774305885,4,early
4530,130,0,0.5381936047329386,0.9217338886508235,4,early
4531,131,0,0.5043063068753605,0.8849396374637973,4,early
4532,132,0,0.9164164598286499,0.5661375003239527,4,early
4533,133,0,0.500018245416617,0.88963181593325,4,early
4534,134,0,0.9962456576603274,0.5698070668899502,4,early
4535,135,0,0.5134023407977075,0.6492400663328323,4,early
4536,136,0,0.995776938258772,0.6615552662144933,4,early
4537,137,0,0.5000588829403935,0.8195220096886573,4,early
4538,138,0,0.5045978612768297,0.4693178314282477,4,early
4539,139,0,0.5688758766916668,0.6815822420343992,4,early
4540,140,0,0.5736903662000894,0.6781045970187936,4,early
4541,141,0,0.9818231278620213,0.5943032521756959,4,early
4542,142,0,0.9719973826141561,0.44071841660814437,4,early
4543,143,0,0.801318760689247,0.44386150802390867,4,early
4544,144,0,0.7155562642810698,0.7361751987464331,4,early
4545,145,0,0.5123469658119257,0.7085705632246999,4,early
4546,146,0,0.9799288939420454,0.46489491230101954,4,early
4547,147,0,0.5015351982972116,0.8290396682229608,4,early
4548,148,0,0.24506610133125697,0.58125543251014,4,early
4549,149,0,0.50050861628265,0.6910649191718989,4,early
4550,150,0,0.995443211906154,0.6440857817242944,4,early
4551,151,0,0.8975431627663286,0.4669584672003794,4,early
4552,152,0,0.999829720701694,0.5825431520289297,4,early
4553,153,0,0.9783609848097548,0.5325174342016161,4,early
4554,154,0,0.9781741300131823,0.7096724564992313,4,early
4555,155,0,0.6713632609024982,0.8187494313705267,4,early
4556,156,0,0.5035301307716806,0.5856441617234385,4,early
4557,157,0,0.96958823309717,0.385695464131257,4,early
4558,158,0,0.9724786640054204,0.4809489292051139,4,early
4559,159,0,0.998837180993323,0.4682838908476977,4,early
4560,160,0,0.7925059187946849,0.32073799397036573,4,early
4561,161,0,0.6304481390973345,0.4755430525199656,4,early
4562,162,0,0.9928727017148404,0.5328027667121028,4,early
4563,163,0,0.5000000085451319,1.475711237657504,4,early
4564,164,0,0.5012300150631281,0.7296087719445872,4,early
4565,165,0,0.4999261169893929,0.9835261840063083,4,early
4566,166,0,0.9624396905534366,0.75023199346924,4,early
4567,167,0,0.9999981608568818,0.7660656720251696,4,early
4568,168,0,0.9977977200520696,0.6115001425131928,4,early
4569,169,0,0.8101414317282674,0.5082975921399946,4,early
4570,170,0,0.5296962277340601,0.5630526938288553,4,early
4571,171,0,0.4977156763382136,0.6012887025967628,4,early
4572,172,0,0.9958345189179851,0.5220007124709538,4,early
4573,173,0,0.48796022143690704,0.6098853393887884,4,early
4574,174,0,0.8134304097167675,0.6715415261322397,4,early
4575,175,0,0.6009749861374851,0.4753477727488369,4,early
4576,176,0,0.9977651033676302,0.827937720185568,4,early
4577,177,0,0.9307340977917644,0.4172375159972101,4,early
4578,178,0,0.9147107479109209,0.5031640719553896,4,early
4579,179,0,0.9040948273305147,0.5959322655224153,4,early
4580,180,0,0.7161999412613631,0.7403129563066282,4,early
4581,181,0,0.5897696598241698,0.5381220572754591,4,early
4582,182,0,0.7588419020568014,0.6281986308837177,4,early
4583,183,0,0.679320081243395,0.4892747724815633,4,early
4584,184,0,0.8905731185233741,0.4730430008465517,4,early
4585,185,0,0.9800955595316551,0.4599823362391097,4,early
4586,186,0,0.9919474419883314,0.45872504051688556,4,early
4587,187,0,0.9868279512708737,0.7443241348176233,4,early
4588,188,0,0.6663214188843337,0.5786389015402879,4,early
4589,189,0,0.9652652462855345,0.6431523345093586,4,early
4590,190,0,0.7789735929896515,0.41123161524294916,4,early
4591,191,0,0.9952488486035458,0.7022170897223532,4,early
4592,192,0,0.5177571862406796,0.6893295328619712,4,early
4593,193,0,0.9740707560902996,0.46216781039500426,4,early
4594,194,0,0.9828317913498746,0.3477553843255096,4,early
4595,195,0,0.7160655286545068,1.0097954222211882,4,early
4596,196,0,0.5029462543880048,0.7872274396318599,4,early
4597,197,0,0.6157830150795409,0.5504316704316562,4,early
4598,198,0,0.9888854713913455,0.4978287218200122,4,early
4599,199,0,0.6479670391257311,0.6805724722629433,4,early
4600,0,0,0.2152373619893751,0.9585008421275527,4,middle
4601,1,0,0.48786664117903045,0.5860732791258507,4,middle
4602,2,0,0.226264341560566,0.5209691401087131,4,middle
4603,3,0,0.9878143165973032,0.5410034642827932,4,middle
4604,4,0,0.29366530304908384,0.6963441219377977,4,middle
4605,5,0,0.49899914204826584,0.7622388399811736,4,middle
4606,6,0,0.6533544575621936,0.4996988738940591,4,middle
4607,7,0,0.22346787506467086,1.0728214033593935,4,middle
4608,8,0,0.9312433554429901,0.5246619094151734,4,middle
4609,9,0,0.39560384822674544,0.6132536303835073,4,middle
4610,10,0,0.6601347707410119,0.5265619437853419,4,middle
4611,11,0,0.09974617851427181,0.9726531647919285,4,middle
4612,12,0,0.3127118419376809,0.6554270468573404,4,middle
4613,13,0,0.4898792870145462,0.883410992177248,4,middle
4614,14,0,0.24836861546933195,1.118228895714235,4,middle
4615,15,0,0.9187935447979231,0.4668637888666607,4,middle
4616,16,0,0.8287178122974979,0.5652322220115276,4,middle
4617,17,0,0.11139282322915248,0.938330857400569,4,middle
4618,18,0,0.3020922855815962,0.915656795331119,4,middle
4619,19,0,0.5179832028593448,0.7615993186497946,4,middle
4620,20,0,0.4699899694737778,0.5464893879495303,4,middle
4621,21,0,0.5690750375326598,0.6509494002018603,4,middle
4622,22,0,0.13354867722408206,0.826495352662264,4,middle
4623,23,0,0.5006232449616207,1.1523443931353454,4,middle
4624,24,0,0.5980324007777352,0.8209701744712319,4,middle
4625,25,0,0.4998654034158796,1.023613447158371,4,middle
4626,26,0,0.8466923440041656,0.8024119244835506,4,middle
4627,27,0,0.8746698915426989,0.860827875963629,4,middle
4628,28,0,0.7355299469061254,0.5866273255825066,4,middle
4629,29,0,0.5597283882479056,0.5760686349726829,4,middle
4630,30,0,0.5330347334746967,0.852255554179238,4,middle
4631,31,0,0.6574197031845234,1.083709318863738,4,middle
4632,32,0,0.9177419351306225,0.7760636114260113,4,middle
4633,33,0,0.6954574556260367,0.5035018955358261,4,middle
4634,34,0,0.8214252684692338,0.6620035092912122,4,middle
4635,35,0,0.9173311588097116,0.5497094261613723,4,middle
4636,36,0,0.769238769074199,0.9131595380692656,4,middle
4637,37,0,0.8473096526347199,0.4383770309048187,4,middle
4638,38,0,0.9966802106307526,0.7008041794097977,4,middle
4639,39,0,0.7099767996440164,0.6936028306604972,4,middle
4640,40,0,0.3146068912994045,0.7471544125591498,4,middle
4641,41,0,0.9539655863759022,0.7252024295290225,4,middle
4642,42,0,0.9706544012733542,0.7857441775697454,4,middle
4643,43,0,0.8780115119965788,0.838860826231693,4,middle
4644,44,0,0.6145912761820541,0.5966852299272156,4,middle
4645,45,0,0.7899143648863695,0.7147201989119039,4,middle
4646,46,0,0.4057761869815971,1.1277643011187437,4,middle
4647,47,0,0.4273476130860301,0.6072470797794214,4,middle
4648,48,0,0.7352037113901461,0.49517599918562516,4,middle
4649,49,0,0.9176130367656398,0.8063090133802902,4,middle
4650,50,0,0.6085905328479537,0.8511081901156782,4,middle
4651,51,0,0.43355930862166536,0.7455502620249326,4,middle
4652,52,0,0.12887027264181306,0.8742615576307036,4,middle
4653,53,0,0.4965436337919815,0.9409044413248046,4,middle
4654,54,0,0.3359529526630788,0.5194736624872133,4,middle
4655,55,0,0.9575403341836155,0.971174743745726,4,middle
4656,56,0,0.5443611087015161,0.9191727626825188,4,middle
4657,57,0,0.7675081033571272,1.0245289986882828,4,middle
4658,58,0,0.9919443245896578,0.3973506721647714,4,middle
4659,59,0,0.8872777043385851,0.6596420644061318,4,middle
4660,60,0,0.796949139452781,0.4751300349283092,4,middle
4661,61,0,0.5221477263308183,1.127199133500794,4,middle
4662,62,0,0.9893603295049762,0.8242920518660665,4,middle
4663,63,0,0.5120489656149076,0.7092713192399784,4,middle
4664,64,0,0.7676393513024844,0.5458806906842845,4,middle
4665,65,0,0.37336821987543356,0.6235303365351144,4,middle
4666,66,0,0.5451489225831946,0.6799862648650369,4,middle
4667,67,0,0.7905326349185116,0.5512463131911045,4,middle
4668,68,0,0.6010021040528459,0.437176276758275,4,middle
4669,69,0,0.7941496665483212,0.32058433843592427,4,middle
4670,70,0,0.4547534460362754,0.6154595501870801,4,middle
4671,71,0,0.8708873055926862,0.7714857127451391,4,middle
4672,72,0,0.19616847343999588,0.5919621321064978,4,middle
4673,73,0,0.2851380417621179,0.689269557741042,4,middle
4674,74,0,0.7681381013522266,0.7762523387099434,4,middle
4675,75,0,0.7972081388201467,0.5839994129514197,4,middle
4676,76,0,0.765323136636904,0.43470090369225445,4,middle
4677,77,0,0.992381122747064,0.3275091017829992,4,middle
4678,78,0,0.9986809972040649,0.6864609764025114,4,middle
4679,79,0,0.3532094797285645,0.6638435495522852,4,middle
4680,80,0,0.37029461966450383,0.6732673546281209,4,middle
4681,81,0,0.8833290833074018,0.5949316421679813,4,middle
4682,82,0,0.7427646704067614,0.7784025904429324,4,middle
4683,83,0,0.29851317235629915,0.7761004857333462,4,middle
4684,84,0,0.07517163087500685,0.6971952409615308,4,middle
4685,85,0,0.11553579840161823,0.5576588502000986,4,middle
4686,86,0,0.3118376836905237,0.7788958116778697,4,middle
4687,87,0,0.5920426298138105,0.3286235431313898,4,middle
4688,88,0,0.47530010273377316,0.613817952797794,4,middle
4689,89,0,0.9960507678015494,0.8529484732569388,4,middle
4690,90,0,0.511597530940152,0.5338669503955943,4,middle
4691,91,0,0.5744706163591848,0.7312877168080912,4,middle
4692,92,0,0.6277648629235104,0.6147071332258314,4,middle
4693,93,0,0.8508352562978592,0.3702917983429061,4,middle
4694,94,0,0.625072621376233,0.6483120053660701,4,middle
4695,95,0,0.4607850827171877,0.40465395292290424,4,middle
4696,96,0,0.7524375090159308,0.29784532702652655,4,middle
4697,97,0,0.39414897138853394,0.6263709024941169,4,middle
4698,98,0,0.16852846947323197,0.513988343712872,4,middle
4699,99,0,0.8683560228747864,0.42762485250216925,4,middle
4700,100,0,0.9973337418604824,0.494308025802785,4,middle
4701,101,0,0.16018526941089223,0.5881109862819114,4,middle
4702,102,0,0.5243724379585398,0.5127110312124339,4,middle
4703,103,0,0.6424927818793696,0.5267297513390921,4,middle
4704,104,0,0.5372531024295778,0.5675236524226484,4,middle
4705,105,0,0.6831652230834501,0.5601035880033346,4,middle
4706,106,0,0.5053567203859421,0.6973180203174729,4,middle
4707,107,0,0.9853013044125635,0.37308221024932975,4,middle
4708,108,0,0.6822518654823644,0.4921811410772549,4,middle
4709,109,0,0.9983179452517268,0.5435102281172228,4,middle
4710,110,0,0.8201174676114218,0.5792571937209773,4,middle
4711,111,0,0.9610314675504084,0.3546677748638063,4,middle
4712,112,0,0.8019903794220931,0.6932461124283691,4,middle
4713,113,0,0.9202081873604866,0.562096998516495,4,middle
4714,114,0,0.7292716916141456,0.6251660219550585,4,middle
4715,115,0,0.6794984258668588,0.420871212473581,4,middle
4716,116,0,0.8519541019084945,0.3888049676935771,4,middle
4717,117,0,0.7252998530631358,0.4372283001455405,4,middle
4718,118,0,0.9884561381781656,0.537090431946091,4,middle
4719,119,0,0.12940678491927313,0.5141880470028234,4,middle
4720,120,0,0.34151454668761894,0.7839711977302358,4,middle
4721,121,0,0.2902698067857649,0.6161891565657395,4,middle
4722,122,0,0.7958837054345353,0.5875485748177802,4,middle
4723,123,0,0.6563709196644605,0.4415233247654507,4,middle
4724,124,0,0.9732071286193462,0.62958684104496,4,middle
4725,125,0,0.6825399614980744,0.5193427682630409,4,middle
4726,126,0,0.09966164868473976,0.7990142608578853,4,middle
4727,127,0,0.9558552247852081,0.6396995337928817,4,middle
4728,128,0,0.967986549832137,0.39453568416045526,4,middle
4729,129,0,0.9476905663212625,0.5837893510089359,4,middle
4730,130,0,0.9928162259125104,1.1521405880030173,4,middle
4731,131,0,0.8716933862584495,0.6538388244242226,4,middle
4732,132,0,0.923907077043451,0.697725956327969,4,middle
4733,133,0,0.1589053788127125,0.7888967334364425,4,middle
4734,134,0,0.5062109109388665,0.7748023018818438,4,middle
4735,135,0,0.6405846466637171,0.5443725473205692,4,middle
4736,136,0,0.8275412902178307,0.7316168725053425,4,middle
4737,137,0,0.8205973850610673,0.5312654830083715,4,middle
4738,138,0,0.9535684602606487,0.45461742467469013,4,middle
4739,139,0,0.5968475408658402,0.593946609374514,4,middle
4740,140,0,0.9999943244612115,0.9198273624857061,4,middle
4741,141,0,0.3558147904122412,0.6669864205301437,4,middle
4742,142,0,0.4361495923288495,0.5167671472396279,4,middle
4743,143,0,0.5313908492170255,0.7027720207174968,4,middle
4744,144,0,0.9777475390798689,0.5058635967343429,4,middle
4745,145,0,0.8997912140360877,0.40010417983226465,4,middle
4746,146,0,0.9735318234161099,0.5487733636217735,4,middle
4747,147,0,0.5581618577671879,0.5768418193762601,4,middle
4748,148,0,0.09290735693180824,0.7866961904625487,4,middle
4749,149,0,0.6699401684387991,0.37988822122455834,4,middle
4750,150,0,0.030468935640904686,0.5271355046962893,4,middle
4751,151,0,0.5480695568062679,0.7440917878735909,4,middle
4752,152,0,0.5489610661552652,0.6652757689725513,4,middle
4753,153,0,0.7277361325338366,0.35909547001930064,4,middle
4754,154,0,0.3069773073286297,0.4438646418085668,4,middle
4755,155,0,0.4606671593536787,0.5913705413704955,4,middle
4756,156,0,0.4761929918966101,0.860946611556636,4,middle
4757,157,0,0.47752509561978723,0.6341747074907311,4,middle
4758,158,0,0.8894274278006079,0.7050062601449492,4,middle
4759,159,0,0.5418132442974333,0.7900952375393218,4,middle
4760,160,0,0.9261115088176921,0.5268444838344929,4,middle
4761,161,0,0.6898723632476247,0.43820795523962863,4,middle
4762,162,0,0.8573070420406639,0.33560244658426397,4,middle
4763,163,0,0.5229460851163357,0.5835210872007923,4,middle
4764,164,0,0.4318223428605135,0.5970243406658483,4,middle
4765,165,0,0.46382961141665896,0.42987708271205727,4,middle
4766,166,0,0.8777485978596447,0.641757746225186,4,middle
4767,167,0,0.9844060269436582,0.4708491625273122,4,middle
4768,168,0,0.4782574092524105,0.3714505241524987,4,middle
4769,169,0,0.6869800362647307,0.4938772050256235,4,middle
4770,170,0,0.48800695154015367,0.7692546310495392,4,middle
4771,171,0,0.8091884097158266,0.3873944377113465,4,middle
4772,172,0,0.8225583259460947,0.6517537618971316,4,middle
4773,173,0,0.2757759368186217,0.42336309557992036,4,middle
4774,174,0,0.7648659647097678,0.4673437840125765,4,middle
4775,175,0,0.5336386030744968,0.519770992903135,4,middle
4776,176,0,0.19207224074857562,0.6339814549683251,4,middle
4777,177,0,0.5022950337645756,0.8931068230892899,4,middle
4778,178,0,0.8279471278300359,0.6741154322946051,4,middle
4779,179,0,0.5055404848072522,0.6558146802251201,4,middle
4780,180,0,0.8419373679608089,0.5175921547770921,4,middle
4781,181,0,0.7134078281493974,0.5610258958592886,4,middle
4782,182,0,0.5493120214421926,0.7148799159872742,4,middle
4783,183,0,0.8961095723196213,0.6140330016472376,4,middle
4784,184,0,0.7482082064488428,0.5750922948545365,4,middle
4785,185,0,0.8777381520818497,0.7076199627859059,4,middle
4786,186,0,0.37554550438780754,0.829067745810492,4,middle
4787,187,0,0.22923664981049105,0.658348926798052,4,middle
4788,188,0,0.9793877139967723,0.5691160533636689,4,middle
4789,189,0,0.6430439947296619,0.6212340239097115,4,middle
4790,190,0,0.8275673281470806,0.5555512039579359,4,middle
4791,191,0,0.9772606132105632,0.5518026037176615,4,middle
4792,192,0,0.14855242877060912,0.5530227502898002,4,middle
4793,193,0,0.9757798156960467,0.5679480339971725,4,middle
4794,194,0,0.319124953022324,0.6812372057135789,4,middle
4795,195,0,0.15558874068854456,0.599826790779523,4,middle
4796,196,0,0.25678093695103144,0.6578177844999975,4,middle
4797,197,0,0.4649018966511946,0.5876191819995827,4,middle
4798,198,0,0.44075466718907497,0.22391785318555468,4,middle
4799,199,0,0.7278050821769442,0.7664337316723293,4,middle
4800,0,0,0.44979245719925237,0.6167799697152423,4,late
4801,1,0,0.49669496635292265,0.509291035366525,4,late
4802,2,0,0.2730686168418103,0.5988141673669201,4,late
4803,3,0,0.805734466498977,0.6723127231374026,4,late
4804,4,0,0.0020531234773100153,0.8796285996672777,4,late
4805,5,0,0.5361350073053754,0.6365956876963859,4,late
4806,6,0,0.021370789842330276,0.61175768837752,4,late
4807,7,0,0.9166774984381034,0.5780607858893956,4,late
4808,8,0,0.49517886025763225,0.8725848420227305,4,late
4809,9,0,0.36890624676394856,0.6899386661166359,4,late
4810,10,0,0.7485257278140456,0.6167200098094093,4,late
4811,11,0,0.38581904895383234,0.594731084085653,4,late
4812,12,0,0.2677281259210331,0.665311731233079,4,late
4813,13,0,0.17738451912747336,0.4035788812357195,4,late
4814,14,0,0.6735151058574836,0.61857278869429,4,late
4815,15,0,0.675217237573621,0.6012333585108334,4,late
4816,16,0,0.6605445658569802,0.6312716755717667,4,late
4817,17,0,0.49952783145859353,0.836936378881576,4,late
4818,18,0,0.552995546955714,0.905291683029628,4,late
4819,19,0,0.009473081592664087,0.7939634255627442,4,late
4820,20,0,0.5627757306440052,0.6858171392969186,4,late
4821,21,0,0.8287758430957048,0.46706903715498677,4,late
4822,22,0,0.2907364475065663,0.7033174702425549,4,late
4823,23,0,0.3810109538869999,0.8114249932753012,4,late
4824,24,0,0.5039026074673127,0.783070311441868,4,late
4825,25,0,0.4860192498362954,0.6824373064333853,4,late
4826,26,0,0.17085376200216512,0.7897834953835081,4,late
4827,27,0,0.9280049484128639,0.45923023531382184,4,late
4828,28,0,0.257251665831846,0.6615347200727477,4,late
4829,29,0,0.5847881606489194,0.7141960212647653,4,late
4830,30,0,0.4585596308892235,0.7326619866949968,4,late
4831,31,0,0.49179281978929423,0.8317919905942532,4,late
4832,32,0,0.2345870617011934,0.9691014198441744,4,late
4833,33,0,0.49309057340794094,0.6469706392992531,4,late
4834,34,0,0.592173542406834,0.7455193080121472,4,late
4835,35,0,0.5826381492618641,0.4427876273363589,4,late
4836,36,0,0.10571003444595468,0.624288394538609,4,late
4837,37,0,0.49231504522192343,0.6297095256606771,4,late
4838,38,0,0.9065276764548398,0.8645980773190646,4,late
4839,39,0,0.49928773438000607,0.6670048110489627,4,late
4840,40,0,0.9833335833750896,0.40169916259543215,4,late
4841,41,0,0.48045311604245655,0.5501125425889852,4,late
4842,42,0,0.10605113037916117,0.6586093124027212,4,late
4843,43,0,0.4315880177102938,0.7523096000779362,4,late
4844,44,0,0.5423925171476804,0.641789362477194,4,late
4845,45,0,0.48587507082227055,0.8111518926604591,4,late
4846,46,0,0.48094759287039457,1.335787605680574,4,late
4847,47,0,0.7810487629018215,0.5390173922906392,4,late
4848,48,0,0.7559621812013642,0.784970258530969,4,late
4849,49,0,0.5850006193713734,0.6407394217202173,4,late
4850,50,0,0.9515506996167826,0.5124911713414466,4,late
4851,51,0,0.4993695512811868,0.7128468319978268,4,late
4852,52,0,0.3218932617762105,1.228078670493649,4,late
4853,53,0,0.3326399855486442,0.7230280445750206,4,late
4854,54,0,0.9596841512095989,0.5015007337539261,4,late
4855,55,0,0.6396944307475181,0.4730390323665923,4,late
4856,56,0,0.5507860026392817,0.8605893792784642,4,late
4857,57,0,0.49727542160870775,0.8590036188500323,4,late
4858,58,0,0.030586235057280354,0.9789029419311563,4,late
4859,59,0,0.7368424063259682,0.602379119258748,4,late
4860,60,0,0.5144762503318296,0.8317125339549231,4,late
4861,61,0,0.4893948922443166,1.0350142212911235,4,late
4862,62,0,0.7400864297624727,0.49576317548704063,4,late
4863,63,0,0.5752134390451593,0.7699177213797612,4,late
4864,64,0,0.0019660550210185463,1.12032785332896,4,late
4865,65,0,0.5023973813778334,0.7860047236158482,4,late
4866,66,0,0.44002846952417113,1.0735475019998306,4,late
4867,67,0,0.5589591411252642,0.7249719969212862,4,late
4868,68,0,0.9982355124378923,0.7139229430928484,4,late
4869,69,0,0.7161983501813176,0.5561748683997437,4,late
4870,70,0,0.6133707837775453,0.831096013994987,4,late
4871,71,0,0.5374139986100529,0.6594826202492983,4,late
4872,72,0,0.03009013156940115,0.9530251007989551,4,late
4873,73,0,0.5424092040467918,0.5557186597359551,4,late
4874,74,0,0.16266319138381924,0.5731308393998618,4,late
4875,75,0,0.4707713391766453,0.524943209689912,4,late
4876,76,0,0.599734764650794,0.6816930794957009,4,late
4877,77,0,0.7480253020135825,0.5667528274709583,4,late
4878,78,0,0.9037752621060463,0.6552041726483477,4,late
4879,79,0,0.4282096406550651,0.6766607798029207,4,late
4880,80,0,0.01009784298210588,0.597611960341353,4,late
4881,81,0,0.17121997361072316,0.658873450321749,4,late
4882,82,0,0.4848413332773237,0.7316846963793264,4,late
4883,83,0,0.24423297063713878,0.6811294593584777,4,late
4884,84,0,0.0013894487017533552,0.8129082086891541,4,late
4885,85,0,0.9975471349881272,0.5492595201015691,4,late
4886,86,0,0.020922418468400154,0.9280108522029697,4,late
4887,87,0,0.9485232961199807,0.9008744230887371,4,late
4888,88,0,0.9902297556436155,0.49389803846861424,4,late
4889,89,0,0.46451483224981815,0.4806852196277258,4,late
4890,90,0,0.19593179993467985,0.7940392971177792,4,late
4891,91,0,0.40073503059028937,0.7036255153777302,4,late
4892,92,0,0.0013803523141649125,0.8179984542051684,4,late
4893,93,0,0.01058482312508881,0.9386857773315798,4,late
4894,94,0,0.9943688025582197,1.0449570729937303,4,late
4895,95,0,0.17231491641582228,0.9877507401210628,4,late
4896,96,0,0.0019364367019462656,0.8301187323150354,4,late
4897,97,0,0.002951268916890592,0.6898515335013695,4,late
4898,98,0,0.7880187864922507,0.9162042969334028,4,late
4899,99,0,0.6663288111120962,0.8466891900311602,4,late
4900,100,0,0.34277045923831273,0.6663535292311038,4,late
4901,101,0,0.997830613126465,0.5698871175476511,4,late
4902,102,0,0.12219263893815294,0.7751610896687906,4,late
4903,103,0,0.5948770098614956,0.3805547105627832,4,late
4904,104,0,0.0452884002556672,0.9209619573854673,4,late
4905,105,0,0.99620737192663,0.640247987132051,4,late
4906,106,0,0.5485798250310667,0.4136464382217446,4,late
4907,107,0,0.613107403379332,0.6089054280538617,4,late
4908,108,0,0.279474721479323,0.6201875744073633,4,late
4909,109,0,0.7022537147263109,0.4130070862049088,4,late
4910,110,0,0.9166408011262428,0.3326022963879298,4,late
4911,111,0,0.9152323912830624,0.6444817086132666,4,late
4912,112,0,0.9697616736643164,0.47367447239772154,4,late
4913,113,0,0.9954074630876231,0.6247453034930863,4,late
4914,114,0,0.999672783935841,0.8939425273537871,4,late
4915,115,0,0.8681388764117453,0.7056433384212699,4,late
4916,116,0,0.38488539038152714,0.7817246161357241,4,late
4917,117,0,0.9999562652598435,0.976661828677496,4,late
4918,118,0,0.329425161488164,0.5324595730766928,4,late
4919,119,0,0.8690906196445425,0.6490501430308178,4,late
4920,120,0,0.0188112351458877,0.6692281500002831,4,late
4921,121,0,0.11516904366120369,0.6266035379469549,4,late
4922,122,0,0.38682490334659136,0.48123127179218234,4,late
4923,123,0,0.18881610595411638,0.6432388609611659,4,late
4924,124,0,0.5009857612182531,0.6487582163181804,4,late
4925,125,0,0.19038281071022584,0.6229010615547999,4,late
4926,126,0,0.20862771337485486,0.7404263881529801,4,late
4927,127,0,0.12399521973092675,0.5468049431747646,4,late
4928,128,0,0.503486597960569,0.6733308713913918,4,late
4929,129,0,0.24859935186422238,1.024050399542511,4,late
4930,130,0,0.6563495243801388,0.528933152543275,4,late
4931,131,0,0.6813573062045664,0.4682661158521758,4,late
4932,132,0,0.8222488398554193,0.8447556475476508,4,late
4933,133,0,0.5600614862190829,0.5441768608497817,4,late
4934,134,0,0.49067216950189774,0.7425654880863688,4,late
4935,135,0,0.870359899687698,0.615254093142926,4,late
4936,136,0,0.9093301507721501,0.5022825529118341,4,late
4937,137,0,0.9723142934511394,0.513250383934837,4,late
4938,138,0,0.9355276650090631,0.42249246709221133,4,late
4939,139,0,0.8668137871136211,0.5921995931292993,4,late
4940,140,0,0.22284655057888114,0.40589164106102593,4,late
4941,141,0,0.8820763418848504,0.8938047639577189,4,late
4942,142,0,0.7716568182776004,0.7213757540672208,4,late
4943,143,0,0.4687689444038816,0.4687390975394287,4,late
4944,144,0,0.9571393531425587,0.46126859658768654,4,late
4945,145,0,0.6071774002254045,0.5633910253045619,4,late
4946,146,0,0.4294523068209749,0.5396081870759133,4,late
4947,147,0,0.44378302813864395,0.5475854519781066,4,late
4948,148,0,0.8476364783146881,0.29907938878160456,4,late
4949,149,0,0.7248439917705386,0.531559135958374,4,late
4950,150,0,0.8422073524498749,0.4005154811052579,4,late
4951,151,0,0.3540724758356354,0.41618926786107624,4,late
4952,152,0,0.10444262595043932,0.6183311622158572,4,late
4953,153,0,0.4951923810924996,0.6202743159257539,4,late
4954,154,0,0.6958756883828355,0.4144607982346892,4,late
4955,155,0,0.7963994177058927,0.32651092110759045,4,late
4956,156,0,0.9745094395632339,0.5147892729912248,4,late
4957,157,0,0.44550883513683803,0.7522665133769708,4,late
4958,158,0,0.7266772014085615,0.44709053926263,4,late
4959,159,0,0.17937749338096443,0.7637441709144424,4,late
4960,160,0,0.8586574726300298,0.524748429353671,4,late
4961,161,0,0.4518414594431855,0.6791073631709805,4,late
4962,162,0,0.9715342778507542,0.5517965620386083,4,late
4963,163,0,0.40158543411316333,0.5165626719143428,4,late
4964,164,0,0.2085512147896928,0.6227072240875959,4,late
4965,165,0,0.9934511652786219,0.6011010623726201,4,late
4966,166,0,0.9475325855086274,0.6414789142489286,4,late
4967,167,0,0.8095498944458883,0.45061800313823397,4,late
4968,168,0,0.6902499852907842,0.3882530546287938,4,late
4969,169,0,0.5077575027215907,0.533682114139844,4,late
4970,170,0,0.29257808684326536,0.3357580218898143,4,late
4971,171,0,0.5029720117958154,0.5526133079420539,4,late
4972,172,0,0.44605518419845025,0.6783173512815436,4,late
4973,173,0,0.7757733734761585,0.5358113093001913,4,late
4974,174,0,0.875234555985397,0.45987678944002974,4,late
4975,175,0,0.44150841024414667,0.48681645456731637,4,late
4976,176,0,0.9559605358798855,0.8254021859815692,4,late
4977,177,0,0.3129416608393856,0.8166189705073243,4,late
4978,178,0,0.4977573194219683,0.9690214005737465,4,late
4979,179,0,0.6196891185862764,0.6101034255080279,4,late
4980,180,0,0.6988253537897889,0.631858411158247,4,late
4981,181,0,0.5845942165101211,0.3771054587290903,4,late
4982,182,0,0.4981551357734223,0.6003561418710142,4,late
4983,183,0,0.8659414361486769,0.7356800488634991,4,late
4984,184,0,0.5022902905882618,0.5178291823800599,4,late
4985,185,0,0.9954856694014145,0.531669287004511,4,late
4986,186,0,0.8869360197388566,0.4737782833045094,4,late
4987,187,0,0.7380466502699823,0.4867034896376229,4,late
4988,188,0,0.7706915666002488,0.5169657595936038,4,late
4989,189,0,0.9458685457627082,0.33133171266856737,4,late
4990,190,0,0.6371317478629767,0.5518988165389462,4,late
4991,191,0,0.3414457807262075,0.33922268801940064,4,late
4992,192,0,0.502080856758659,0.4275726140609728,4,late
4993,193,0,0.3180586186001715,0.49690858754907247,4,late
4994,194,0,0.7370030379507164,0.3364512635858934,4,late
4995,195,0,0.5587585159274856,0.3634641746005258,4,late
4996,196,0,0.5946731755441761,0.56903126126108,4,late
4997,197,0,0.896217991190146,0.4987959693961437,4,late
4998,198,0,0.5405534818213951,0.4069234150075389,4,late
4999,199,0,0.5382621445772043,0.4381473332314066,4,late
5000,0,0,0.38015573077143117,0.6651751518236315,5,interleaved
5001,1,0,0.49060834957530247,0.4825300908497951,5,interleaved
5002,2,0,0.4916086935497946,0.8378175116842073,5,interleaved
5003,3,0,0.11384679579499107,0.5588811584419104,5,interleaved
5004,4,0,0.5221746879685552,0.579218980328767,5,interleaved
5005,5,0,0.5898801542550983,0.625374473248954,5,interleaved
5006,6,0,0.7606655381200285,0.6468720575343766,5,interleaved
5007,7,0,0.42769751154626884,0.8556818423281958,5,interleaved
5008,8,0,0.8310252850496525,0.8846139586542947,5,interleaved
5009,9,0,0.7105981167201028,0.6265698360502238,5,interleaved
5010,10,0,0.5050063797399611,0.6974234648858935,5,interleaved
5011,11,0,0.49278977739878266,0.7353137583473949,5,interleaved
5012,12,0,0.3766923779295753,0.8406714812054703,5,interleaved
5013,13,0,0.5393551877662277,0.469595451878054,5,interleaved
5014,14,0,0.2977025593438111,0.8212738603038117,5,interleaved
5015,15,0,0.8052439991484943,0.6491949518854658,5,interleaved
5016,16,0,0.04345910356599901,0.9861744575773239,5,interleaved
5017,17,0,0.6983365938915651,0.7484415639085071,5,interleaved
5018,18,0,0.507117347516443,0.939845849298132,5,interleaved
5019,19,0,0.9316351387531209,0.7320412281729192,5,interleaved
5020,20,0,0.551320078743421,0.8934713688071048,5,interleaved
5021,21,0,0.6853024786626694,0.4955965670911513,5,interleaved
5022,22,0,0.020455603598896015,1.0827239480169482,5,interleaved
5023,23,0,0.46853491333808683,0.8595947284411368,5,interleaved
5024,24,0,0.5023414730017123,1.2027290249876303,5,interleaved
5025,25,0,0.5216204654507527,0.6075773103590671,5,interleaved
5026,26,0,0.38148299718432055,0.5745746464861874,5,interleaved
5027,27,0,0.5173019752734564,0.8367096669798771,5,interleaved
5028,28,0,0.12947082032988816,0.4252373163363321,5,interleaved
5029,29,0,0.689938543489508,0.7626450931429624,5,interleaved
5030,30,0,0.7772517806200281,0.8428779919110547,5,interleaved
5031,31,0,0.14861872291734238,0.9757788784714024,5,interleaved
5032,32,0,0.43731859242970034,1.6478549927178778,5,interleaved
5033,33,0,0.5062374487604825,0.7338666492316182,5,interleaved
5034,34,0,0.23421237549469887,0.8988416227259839,5,interleaved
5035,35,0,0.0057355258990184526,0.679275359808037,5,interleaved
5036,36,0,0.8406353622693016,0.8254106118856479,5,interleaved
5037,37,0,0.7601340853091578,0.42662761193582766,5,interleaved
5038,38,0,0.5706154117575738,0.5549653557127142,5,interleaved
5039,39,0,0.5043477459434149,0.8399692544743473,5,interleaved
5040,40,0,0.5641506735627938,0.636159826969646,5,interleaved
5041,41,0,0.9437456422090981,0.7504257163671704,5,interleaved
5042,42,0,0.49995628725614333,0.8428002170044999,5,interleaved
5043,43,0,0.039909766802538826,0.5569038520019189,5,interleaved
5044,44,0,0.4118339643999945,0.6388098878331014,5,interleaved
5045,45,0,0.4959719023567033,0.8209634476029095,5,interleaved
5046,46,0,0.7487476926642487,0.5896729635631097,5,interleaved
5047,47,0,0.7173339985997412,0.7014836790736536,5,interleaved
5048,48,0,0.521180423196956,0.6990512454553862,5,interleaved
5049,49,0,0.47934509899904076,0.8582147705595906,5,interleaved
5050,50,0,0.3430813400227406,0.4630637287947291,5,interleaved
5051,51,0,0.5542705334161864,0.5714675933683797,5,interleaved
5052,52,0,0.9232687329916416,0.8037526626063602,5,interleaved
5053,53,0,0.8588932321076359,0.5812542832793077,5,interleaved
5054,54,0,0.500017372055955,1.0717971470925494,5,interleaved
5055,55,0,0.017887584322980814,1.0413710512095191,5,interleaved
5056,56,0,0.5054708407800382,0.6947377364339904,5,interleaved
5057,57,0,0.3829944319640196,0.570259426567139,5,interleaved
5058,58,0,0.0800255063001664,0.7991820686066652,5,interleaved
5059,59,0,0.9848168482649391,0.6295331628459264,5,interleaved
5060,60,0,0.41076017446188234,0.5129822595004097,5,interleaved
5061,61,0,0.5076608393748581,0.7999961664683983,5,interleaved
5062,62,0,0.2267960353193583,0.6715488832147696,5,interleaved
5063,63,0,0.6244128846242654,0.5703232414668244,5,interleaved
5064,64,0,0.47364043236253467,0.679640895231744,5,interleaved
5065,65,0,0.6572877190327642,0.7523101569151387,5,interleaved
5066,66,0,0.584794684646019,0.7448977212454052,5,interleaved
5067,67,0,0.36084275315171316,0.998818679433801,5,interleaved
5068,68,0,0.49779951423281543,0.691349393928727,5,interleaved
5069,69,0,0.9935446199088664,0.5354607369998851,5,interleaved
5070,70,0,0.49611031174545533,1.3592160478017545,5,interleaved
5071,71,0,0.5148845911161094,0.8152939533503543,5,interleaved
5072,72,0,0.588020866087953,0.45357236116645233,5,interleaved
5073,73,0,0.07542088747976057,0.7964301905321679,5,interleaved
5074,74,0,0.4302211501403537,0.5583915148453447,5,interleaved
5075,75,0,0.4903133344081221,0.6575070277546702,5,interleaved
5076,76,0,0.7484360872492799,0.451845869438686,5,interleaved
5077,77,0,0.046738593098691335,0.7082013627958983,5,interleaved
5078,78,0,0.4947052433287446,0.7744866494278655,5,interleaved
5079,79,0,0.009170893504075253,0.9334544483502581,5,interleaved
5080,80,0,0.026812383627750985,0.8843286853881029,5,interleaved
5081,81,0,0.8754835027750616,0.4654134307991259,5,interleaved
5082,82,0,0.12543902096346793,0.6017185660410406,5,interleaved
5083,83,0,0.4820730496273368,0.9307354191288459,5,interleaved
5084,84,0,0.989098490305961,1.1227770904378045,5,interleaved
5085,85,0,0.03274246699719992,0.7481653161393227,5,interleaved
5086,86,0,0.9737262470934369,0.578328512263875,5,interleaved
5087,87,0,0.5462033187643256,0.4071511000319008,5,interleaved
5088,88,0,0.49986078301176445,0.5671187167384701,5,interleaved
5089,89,0,0.513335272281459,0.6801001564553352,5,interleaved
5090,90,0,0.7459640445341146,0.3470084746004226,5,interleaved
5091,91,0,0.999169750533389,0.5496869871436991,5,interleaved
5092,92,0,0.4704855009139654,0.6543317799976343,5,interleaved
5093,93,0,0.571737434406763,0.6900625228328228,5,interleaved
5094,94,0,0.0014526847362193096,1.143754510007323,5,interleaved
5095,95,0,0.011813156397363243,0.9548909298072517,5,interleaved
5096,96,0,0.49811166118646116,0.6936473739650643,5,interleaved
5097,97,0,0.5024723525351917,0.672514895542359,5,interleaved
5098,98,0,0.3463492923515156,0.7329177124412956,5,interleaved
5099,99,0,0.9908333057039616,0.4888279700821454,5,interleaved
5100,100,0,0.9756710231113381,0.8869776907282902,5,interleaved
5101,101,0,0.004978243880991251,1.0337808586529291,5,interleaved
5102,102,0,0.9878559543377785,0.7383482451335359,5,interleaved
5103,103,0,0.0034363053240493275,0.842322744624467,5,interleaved
5104,104,0,0.02710915942967404,0.9963670193531113,5,interleaved
5105,105,0,0.5041123355547029,0.6233731095370643,5,interleaved
5106,106,0,0.9817531491820661,0.5384610219398982,5,interleaved
5107,107,0,0.47503577640485795,0.5922313733057494,5,interleaved
5108,108,0,0.4547443527219555,0.9076229755023963,5,interleaved
5109,109,0,0.9893094597026479,0.5556366565160036,5,interleaved
5110,110,0,0.48420444575194743,0.4573359415478082,5,interleaved
5111,111,0,0.4969415681653896,0.5479938011523287,5,interleaved
5112,112,0,0.6572590386136967,0.5091363279511427,5,interleaved
5113,113,0,0.7999665050546149,0.7119561317235386,5,interleaved
5114,114,0,0.7661915952413314,0.4806774317774872,5,interleaved
5115,115,0,0.9087816469497215,0.6384685298475372,5,interleaved
5116,116,0,0.9929373955999352,0.559825639414467,5,interleaved
5117,117,0,0.988580817891789,0.7463325519169635,5,interleaved
5118,118,0,0.9783936811732132,0.6106248430164853,5,interleaved
5119,119,0,0.5062690027241631,0.7514616906101526,5,interleaved
5120,120,0,0.4999448277588173,1.8269043554156035,5,interleaved
5121,121,0,0.49695810410443186,1.2352560092739973,5,interleaved
5122,122,0,0.05452993655703044,0.6611638738229084,5,interleaved
5123,123,0,0.5955077438212601,0.6575079379063543,5,interleaved
5124,124,0,0.5313681521675913,0.6710979619735625,5,interleaved
5125,125,0,0.6267103785778018,0.70837767401813,5,interleaved
5126,126,0,0.23834960326793703,0.45711757020670907,5,interleaved
5127,127,0,0.8748631494850461,0.454903975670343,5,interleaved
5128,128,0,0.11649016724355701,0.7847857106757458,5,interleaved
5129,129,0,0.5553929003005508,0.6195433251351148,5,interleaved
5130,130,0,0.4999396887728322,1.052137749021555,5,interleaved
5131,131,0,0.5880612182138513,0.5952990964560715,5,interleaved
5132,132,0,0.9210830439466966,0.5213829822256862,5,interleaved
5133,133,0,0.9180866155478173,0.5477235996669724,5,interleaved
5134,134,0,0.20590271322923265,0.7220836431914082,5,interleaved
5135,135,0,0.9932135223335726,0.4144274789961616,5,interleaved
5136,136,0,0.5567546015859862,0.6391927641013351,5,interleaved
5137,137,0,0.2756045981405946,0.6249505909583639,5,interleaved
5138,138,0,0.540187665643995,0.6066604292538872,5,interleaved
5139,139,0,0.43144746921573723,0.6140186621277122,5,interleaved
5140,140,0,0.6520748883282141,0.6757169937926022,5,interleaved
5141,141,0,0.5227703013744924,0.643471981941131,5,interleaved
5142,142,0,0.5002213195647717,0.8600320475285416,5,interleaved
5143,143,0,0.37498563361375586,0.578936140263736,5,interleaved
5144,144,0,0.5657267606630791,0.5292653704984379,5,interleaved
5145,145,0,0.12798502382782417,0.5787493840162905,5,interleaved
5146,146,0,0.4874746066410344,0.8224354028635859,5,interleaved
5147,147,0,0.9461621205963808,0.45170525798236405,5,interleaved
5148,148,0,0.9624637029565537,0.5574797170704293,5,interleaved
5149,149,0,0.45649407457365243,0.9176204670750974,5,interleaved
5150,150,0,0.006023171538175743,0.813480427584248,5,interleaved
5151,151,0,0.3104276410708436,0.7446905243790636,5,interleaved
5152,152,0,0.8367462090341706,0.5696197591157399,5,interleaved
5153,153,0,0.017178994634571957,0.6525627177831528,5,interleaved
5154,154,0,0.9860026395302037,0.2688136240421674,5,interleaved
5155,155,0,0.27408541059452324,0.6044977555490605,5,interleaved
5156,156,0,0.49860307959906675,0.4928244342465888,5,interleaved
5157,157,0,0.45589646453333127,0.7279882853162287,5,interleaved
5158,158,0,0.49952325608819576,1.2912960024457725,5,interleaved
5159,159,0,0.7489823006665738,0.6823270599168392,5,interleaved
5160,160,0,0.48901779360567926,0.6481868326550712,5,interleaved
5161,161,0,0.9364493989073888,0.5324878499337748,5,interleaved
5162,162,0,0.6626336254693168,0.5014682866441533,5,interleaved
5163,163,0,0.5436089229945844,0.6173232274130402,5,interleaved
5164,164,0,0.5254776142449571,0.5256096536967765,5,interleaved
5165,165,0,0.999248824854744,1.0274043848511878,5,interleaved
5166,166,0,0.7900342798220377,0.6515706945259369,5,interleaved
5167,167,0,0.6491682972148646,0.46846727395017607,5,interleaved
5168,168,0,0.3244212570053776,0.3828909788781101,5,interleaved
5169,169,0,0.6033297568770157,0.5519364591346252,5,interleaved
5170,170,0,0.7226308706333024,0.5014363673647995,5,interleaved
5171,171,0,0.6992242937184718,0.6052228662697685,5,interleaved
5172,172,0,0.9504586271625954,0.5219145318342561,5,interleaved
5173,173,0,0.8883182211362202,0.3444133315292589,5,interleaved
5174,174,0,0.9283901095251338,0.657017105174658,5,interleaved
5175,175,0,0.9957990690391535,0.48623053549299905,5,interleaved
5176,176,0,0.9979292101838568,0.6784229921207237,5,interleaved
5177,177,0,0.1535790116412647,0.8759149095712249,5,interleaved
5178,178,0,0.6327775661083597,0.36923496019757396,5,interleaved
5179,179,0,0.09586375931610949,0.6940000686773908,5,interleaved
5180,180,0,0.5553992166074256,0.5100605104714613,5,interleaved
5181,181,0,0.2964045172317954,0.6244223032756335,5,interleaved
5182,182,0,0.9423509975640625,0.6510882061175287,5,interleaved
5183,183,0,0.761427686789232,0.4661131676610417,5,interleaved
5184,184,0,0.5497446568999542,0.7459985221621341,5,interleaved
5185,185,0,0.49820842618180866,0.7105638135879808,5,interleaved
5186,186,0,0.09487801341457391,0.5490473419512385,5,interleaved
5187,187,0,0.9474576672428782,0.42306479411754,5,interleaved
5188,188,0,0.9979011765697825,0.9364597774996366,5,interleaved
5189,189,0,0.7316587971439414,0.5465472848925472,5,interleaved
5190,190,0,0.8251642614137599,0.4231351467544727,5,interleaved
5191,191,0,0.0013794570081036366,0.9431680517686662,5,interleaved
5192,192,0,0.18121334011325316,0.651443393430648,5,interleaved
5193,193,0,0.889242257464546,0.550458350839574,5,interleaved
5194,194,0,0.9346286617919712,0.4874282578042328,5,interleaved
5195,195,0,0.5376670718125066,0.4751636520074122,5,interleaved
5196,196,0,0.012444028617193393,0.5910565555440644,5,interleaved
5197,197,0,0.2822387592098285,0.6873187010188933,5,interleaved
5198,198,0,0.035324195719289485,0.8522118032850752,5,interleaved
5199,199,0,0.5246823942714928,0.5738444691480586,5,interleaved
5200,0,0,0.9999228512499629,0.8115171321438672,5,blocked
5201,1,0,0.007080402957410645,0.6137409057160765,5,blocked
5202,2,0,0.9945157388743016,0.5959107231822078,5,blocked
5203,3,0,0.9999769456891197,0.5707044876669468,5,blocked
5204,4,0,0.0007233970350004952,0.8736931681861446,5,blocked
5205,5,0,0.8375076705017801,0.5570995154117309,5,blocked
5206,6,0,0.11688200073161116,0.6555192940972353,5,blocked
5207,7,0,0.006072120954460503,0.8908103998339271,5,blocked
5208,8,0,0.000517313339458668,0.9124459857256588,5,blocked
5209,9,0,0.309518500632465,0.7199132162408033,5,blocked
5210,10,0,0.5399201441415268,0.5018449198159007,5,blocked
5211,11,0,0.8512244823420714,0.3652808567694222,5,blocked
5212,12,0,0.9628202987018241,0.7567500057107208,5,blocked
5213,13,0,0.9995748984290047,0.8861621455615023,5,blocked
5214,14,0,0.11551081663529397,0.9117075460582674,5,blocked
5215,15,0,0.020240617328217716,0.9983289524292361,5,blocked
5216,16,0,0.08033403946724575,0.6552370491596117,5,blocked
5217,17,0,0.7281082058325279,0.638960857843632,5,blocked
5218,18,0,0.5590031537095586,0.9096175068959751,5,blocked
5219,19,0,0.04351994032167554,0.49223721952055666,5,blocked
5220,20,0,0.35389738864111536,0.5648026089417433,5,blocked
5221,21,0,0.001852432264357413,0.9824946826722263,5,blocked
5222,22,0,0.3495691776948831,0.56769100830878,5,blocked
5223,23,0,0.0013813896211870489,0.9635130121451088,5,blocked
5224,24,0,0.9999103763746591,0.9404896029434109,5,blocked
5225,25,0,0.5332453376930328,0.4495809431776291,5,blocked
5226,26,0,0.9999132833408324,0.6017736403478109,5,blocked
5227,27,0,0.9685575729153542,0.48785708628959507,5,blocked
5228,28,0,0.9998794475734867,0.8418917439016277,5,blocked
5229,29,0,0.04015290510944628,0.6564238114510652,5,blocked
5230,30,0,0.0002818962455157557,1.0061597585039734,5,blocked
5231,31,0,0.9999582432510763,0.656396754704905,5,blocked
5232,32,0,0.007502175575576532,0.7409089823379017,5,blocked
5233,33,0,9.370706826016112e-05,1.0528092725151887,5,blocked
5234,34,0,0.9875609087364874,0.901211377480168,5,blocked
5235,35,0,0.9955119962381025,0.9367846756851277,5,blocked
5236,36,0,0.6836701980776901,0.7616910773230023,5,blocked
5237,37,0,0.6989338158798984,0.7483521653171118,5,blocked
5238,38,0,0.9745622941785458,0.7311046335522534,5,blocked
5239,39,0,0.4158454790851696,0.5313323875528575,5,blocked
5240,40,0,0.49119274117341294,0.9459698810211326,5,blocked
5241,41,0,0.24278970122199256,1.031020362839734,5,blocked
5242,42,0,0.6935402632580703,0.6850795805210308,5,blocked
5243,43,0,0.5007124946178407,0.6078890734073117,5,blocked
5244,44,0,0.7121905058690452,0.6910386854883038,5,blocked
5245,45,0,0.8679634890657306,0.36837390551444926,5,blocked
5246,46,0,0.4838934943490504,0.7190035849787029,5,blocked
5247,47,0,0.8189850428222794,0.6651444163733012,5,blocked
5248,48,0,0.5813360270905148,0.7778804299426696,5,blocked
5249,49,0,0.030728489006805575,1.1260502348459278,5,blocked
5250,50,0,0.49997967656566,1.4364245866463339,5,blocked
5251,51,0,0.3414381371650315,0.9415574708780601,5,blocked
5252,52,0,0.9786590286345727,0.45182636767719686,5,blocked
5253,53,0,0.514290377923859,0.7194397402286832,5,blocked
5254,54,0,0.5445539441036868,0.4285566864271799,5,blocked
5255,55,0,0.5001089531582859,0.896874956991457,5,blocked
5256,56,0,0.5210168440003922,0.810016527692833,5,blocked
5257,57,0,0.334757219447887,0.6665545578420274,5,blocked
5258,58,0,0.6513653829188263,0.40513210256957377,5,blocked
5259,59,0,0.4990149562332944,0.6360420916103962,5,blocked
5260,60,0,0.20013626869556977,0.8425496667889147,5,blocked
5261,61,0,0.7157825750344257,0.5505868456467792,5,blocked
5262,62,0,0.5011938994794383,0.5169758676310835,5,blocked
5263,63,0,0.5602110937938201,0.5248590859215707,5,blocked
5264,64,0,0.5641193267350172,0.5932055118065869,5,blocked
5265,65,0,0.5000266334478315,0.6845157268901981,5,blocked
5266,66,0,0.37870224894957977,0.5428234957377007,5,blocked
5267,67,0,0.5627109272239597,0.859423677024602,5,blocked
5268,68,0,0.5412277684470348,0.6582302190222171,5,blocked
5269,69,0,0.7921875131595624,0.5991573567974839,5,blocked
5270,70,0,0.7349796151035186,0.46297434659832803,5,blocked
5271,71,0,0.5050907454019254,0.5410007231254587,5,blocked
5272,72,0,0.5008155819835352,0.681682089008915,5,blocked
5273,73,0,0.5280370580076978,0.4951009896661225,5,blocked
5274,74,0,0.9272089937422044,0.5117133271682175,5,blocked
5275,75,0,0.5012671764356503,0.6631803796646231,5,blocked
5276,76,0,0.6801705227808088,0.734558363796372,5,blocked
5277,77,0,0.5544475875856976,0.6451791587664388,5,blocked
5278,78,0,0.9826605679264987,0.7895811816048586,5,blocked
5279,79,0,0.5722334658266137,0.8043344790150145,5,blocked
5280,80,0,0.9989744931565021,0.6104088738668911,5,blocked
5281,81,0,0.4954014959468656,0.517876373487698,5,blocked
5282,82,0,0.9379729721178405,0.352903042493401,5,blocked
5283,83,0,0.9999062208935279,0.5180721330476313,5,blocked
5284,84,0,0.00624495934352742,0.7022495389693757,5,blocked
5285,85,0,0.8257831972995937,1.0383999412692853,5,blocked
5286,86,0,0.26994825166974556,0.9309696557221525,5,blocked
5287,87,0,0.9999587118518232,0.6206018137672552,5,blocked
5288,88,0,0.9999777113055858,0.6856941720586494,5,blocked
5289,89,0,0.031861746713214754,0.6914843643728414,5,blocked
5290,90,0,0.2679911983965964,0.6410409145921601,5,blocked
5291,91,0,0.0007529239042876168,0.6844028982559329,5,blocked
5292,92,0,0.055272697470630544,0.8053023462572881,5,blocked
5293,93,0,0.9974630583748005,0.5595376516671728,5,blocked
5294,94,0,0.9997550878082602,0.7011424354418656,5,blocked
5295,95,0,0.9697963219351442,0.5344911879701439,5,blocked
5296,96,0,4.614670597144657e-05,1.0133210200510057,5,blocked
5297,97,0,0.00014903609422372205,1.0280082055936006,5,blocked
5298,98,0,0.9926916530315544,0.6337907669960063,5,blocked
5299,99,0,0.874569985587133,0.920720724261521,5,blocked
5300,100,0,0.06296398794914897,0.7555159992199904,5,blocked
5301,101,0,0.9031892763224673,0.550132301294438,5,blocked
5302,102,0,0.06239147470220523,0.6202822298501216,5,blocked
5303,103,0,0.960563572516602,0.8335993893517506,5,blocked
5304,104,0,0.011113903218924161,0.8652325269877992,5,blocked
5305,105,0,0.658111151300159,0.47129853934687793,5,blocked
5306,106,0,0.511046921708861,0.6791126340846501,5,blocked
5307,107,0,0.9979654459377565,0.5874025835716834,5,blocked
5308,108,0,0.9650793434434399,0.6807416287305259,5,blocked
5309,109,0,0.08612220836096421,0.7494596073771207,5,blocked
5310,110,0,0.9797939553620103,0.5083707043885901,5,blocked
5311,111,0,0.6160581353674299,0.5013626287360323,5,blocked
5312,112,0,0.9171784897359399,0.5771479821484331,5,blocked
5313,113,0,0.23236126177395766,0.6986007138384824,5,blocked
5314,114,0,0.9996604965149272,0.5639419038004313,5,blocked
5315,115,0,0.974047645759581,0.44039932294303374,5,blocked
5316,116,0,0.34267113225643714,0.6070500441968387,5,blocked
5317,117,0,0.31949535489228514,0.6053720577298572,5,blocked
5318,118,0,0.11422358734648305,0.6209380746961888,5,blocked
5319,119,0,0.21178150214974745,0.5778557213035291,5,blocked
5320,120,0,0.8765137113620445,0.786309274724959,5,blocked
5321,121,0,0.4778211841400267,0.7084947382767433,5,blocked
5322,122,0,0.6370438245674055,0.7414955462188861,5,blocked
5323,123,0,0.4446023855117689,0.9278893160857759,5,blocked
5324,124,0,0.45736518863717285,0.5600626538239196,5,blocked
5325,125,0,0.49680697346937214,0.6549976185765556,5,blocked
5326,126,0,0.647656767009293,0.4531141272736996,5,blocked
5327,127,0,0.820590928199715,0.7190554664348541,5,blocked
5328,128,0,0.836500931450779,0.4631167341846564,5,blocked
5329,129,0,0.49512387070961006,0.5009473809818095,5,blocked
5330,130,0,0.5003421115815254,0.5829820737933183,5,blocked
5331,131,0,0.5031286760646744,0.46806639408106643,5,blocked
5332,132,0,0.6984530780621967,0.6226067509106323,5,blocked
5333,133,0,0.1152335922673215,0.7770855734030464,5,blocked
5334,134,0,0.5003234188815269,0.7372442235442256,5,blocked
5335,135,0,0.7911725257355844,0.7083690117778054,5,blocked
5336,136,0,0.46603351474265986,0.574128664589965,5,blocked
5337,137,0,0.9231122027220839,0.577839187422825,5,blocked
5338,138,0,0.5522926407383457,0.50328568773542,5,blocked
5339,139,0,0.5052106187347095,0.6566048319900175,5,blocked
5340,140,0,0.5020142952832567,0.9872171217058788,5,blocked
5341,141,0,0.49828879314597874,0.6220845962775863,5,blocked
5342,142,0,0.5008282084106235,0.8060561883013803,5,blocked
5343,143,0,0.5036806206116521,0.5782273392972774,5,blocked
5344,144,0,0.5254849182838143,0.49462620063027846,5,blocked
5345,145,0,0.8364766319584902,0.45043077077921034,5,blocked
5346,146,0,0.5552147635952653,1.0006184135392684,5,blocked
5347,147,0,0.9215366545520546,0.8788976195875915,5,blocked
5348,148,0,0.5218445610220237,0.7574696308218344,5,blocked
5349,149,0,0.5015581310049222,0.6495135274477872,5,blocked
5350,150,0,0.6712219814340458,0.43418070983121493,5,blocked
5351,151,0,0.853650734878348,0.5446857404824793,5,blocked
5352,152,0,0.7128745428317395,0.6898465502414826,5,blocked
5353,153,0,0.5004359295179274,0.8763706542095462,5,blocked
5354,154,0,0.5006077246146883,0.816630762144505,5,blocked
5355,155,0,0.5010683464740854,0.7142487916402063,5,blocked
5356,156,0,0.7542007896974543,0.6017169386590966,5,blocked
5357,157,0,0.5002389780935531,0.7456099333496935,5,blocked
5358,158,0,0.9300802021531291,0.581894328146315,5,blocked
5359,159,0,0.9656295633506304,0.7331432299343323,5,blocked
5360,160,0,0.6234532763376512,0.6814682806417974,5,blocked
5361,161,0,0.25525823133433484,0.5972776194479683,5,blocked
5362,162,0,0.9967874230799161,0.32526413400727,5,blocked
5363,163,0,0.5060751118171988,0.6729911280694059,5,blocked
5364,164,0,0.4889914890887959,0.41278908736127073,5,blocked
5365,165,0,0.500127625614654,0.4978211024516825,5,blocked
5366,166,0,0.8752137086355825,0.5784581387536101,5,blocked
5367,167,0,0.5222247908427399,0.867953310226234,5,blocked
5368,168,0,0.4671255466061023,0.6254048961332952,5,blocked
5369,169,0,0.7999226692760184,0.5706040612076766,5,blocked
5370,170,0,0.8666862205215937,0.6276795414719489,5,blocked
5371,171,0,0.010535874697180848,0.5589145320430098,5,blocked
5372,172,0,0.8535084325388748,0.3311962425477972,5,blocked
5373,173,0,0.9652351322125464,0.31462650606928144,5,blocked
5374,174,0,0.5438456805816434,0.5823088632441934,5,blocked
5375,175,0,5.445499338225055e-05,0.860864512110462,5,blocked
5376,176,0,0.5139449098576362,0.46152959990209297,5,blocked
5377,177,0,0.7007901278554056,0.5244521402608044,5,blocked
5378,178,0,0.9515062072855067,0.6288300697549157,5,blocked
5379,179,0,0.5007169293321309,0.8466775297824368,5,blocked
5380,180,0,0.019126631771401535,0.6967627508215286,5,blocked
5381,181,0,0.5003750246235745,0.7348442777698168,5,blocked
5382,182,0,0.9945977399364249,0.37114363512286747,5,blocked
5383,183,0,0.0160757735280681,0.7602320255200532,5,blocked
5384,184,0,0.500081917902082,0.7907541803212168,5,blocked
5385,185,0,0.5104655915717033,0.6958785034425674,5,blocked
5386,186,0,0.6706893445006735,0.7518487789474075,5,blocked
5387,187,0,0.8017107093413174,0.6724965370952991,5,blocked
5388,188,0,0.9648101537324331,0.589811960033313,5,blocked
5389,189,0,0.6719557619925229,0.6674365345359865,5,blocked
5390,190,0,0.3958438455287358,0.6364270295408845,5,blocked
5391,191,0,0.17708501291837142,0.6235457129491148,5,blocked
5392,192,0,0.5037405636976287,0.7355158869024061,5,blocked
5393,193,0,0.5244922972367619,0.6383455359813484,5,blocked
5394,194,0,0.4999507418054129,0.7815732324146589,5,blocked
5395,195,0,0.7256568660252205,0.47053721557757766,5,blocked
5396,196,0,0.7631900335101751,0.4976055310980302,5,blocked
5397,197,0,0.2979295614626343,0.40012987231741814,5,blocked
5398,198,0,0.5833018833734456,0.5739367561546627,5,blocked
5399,199,0,0.4990308501423945,0.7055565821107541,5,blocked
5400,0,0,0.5000880786401629,0.7251237094125822,5,early
5401,1,0,0.47281940318790566,0.42876645270602803,5,early
5402,2,0,0.6015438380018248,0.5911191164275549,5,early
5403,3,0,0.5001548150742712,0.7883889099137769,5,early
5404,4,0,0.5550098312272423,0.7492191628591434,5,early
5405,5,0,0.016099369552881822,0.7535824371872333,5,early
5406,6,0,0.4629870881897437,0.7476029012009485,5,early
5407,7,0,0.1527400780860656,0.7360439730859969,5,early
5408,8,0,0.2720572237837055,0.7442413421067522,5,early
5409,9,0,0.5779206488874741,0.8307099339635731,5,early
5410,10,0,0.0018526363231604994,1.149984026426484,5,early
5411,11,0,0.9621759926299525,0.4389917997154692,5,early
5412,12,0,0.9794467639173167,0.5912847023421874,5,early
5413,13,0,0.13929975677238937,0.5930819550100694,5,early
5414,14,0,0.33246918512363305,0.798787890303832,5,early
5415,15,0,0.3618084422685175,0.7248218951207843,5,early
5416,16,0,0.31237598399118316,0.5741687123047733,5,early
5417,17,0,0.13435684265589884,0.8288212917119829,5,early
5418,18,0,0.6037642224885157,0.7290523640181029,5,early
5419,19,0,0.9954372881987648,0.8216636190994102,5,early
5420,20,0,0.5417652517522347,0.5127420435323995,5,early
5421,21,0,0.6096094326314714,0.5940667870108229,5,early
5422,22,0,0.9938389883603895,0.6316260700067601,5,early
5423,23,0,0.45584109302132503,0.6847629318899863,5,early
5424,24,0,0.037638190213660834,1.2845929843257593,5,early
5425,25,0,0.4702326053501572,0.8234073011754481,5,early
5426,26,0,0.4999604256649141,1.0508992227986216,5,early
5427,27,0,0.46952558583619464,0.9514027922079751,5,early
5428,28,0,0.909008726267729,0.6682291631138308,5,early
5429,29,0,0.4456357790316683,0.5538603569473959,5,early
5430,30,0,0.19201595454834663,0.8849680896681441,5,early
5431,31,0,0.2591790348385383,0.7849719248055731,5,early
5432,32,0,0.5020412697977665,0.5850634984808405,5,early
5433,33,0,0.50102342441651,0.7120539991842103,5,early
5434,34,0,0.21081619382745043,0.4982488497607196,5,early
5435,35,0,0.5589164786499469,0.6902330407350294,5,early
5436,36,0,0.42770993329299756,0.4838245697623839,5,early
5437,37,0,0.5196471146472086,0.693606283957465,5,early
5438,38,0,0.49979696403872614,0.9623834546726908,5,early
5439,39,0,0.8053271853232035,0.5862167439152934,5,early
5440,40,0,0.9905779011508431,0.6385815594082157,5,early
5441,41,0,0.25532213878659893,0.49114035126476385,5,early
5442,42,0,0.2450176867252865,0.5989777570138206,5,early
5443,43,0,0.9838034642476652,0.7247607963772236,5,early
5444,44,0,0.9994746251039257,0.760046011613422,5,early
5445,45,0,0.9978797765279125,0.6089078449680816,5,early
5446,46,0,0.050655174690515815,0.7062831073721301,5,early
5447,47,0,0.649075693872531,0.609269421880311,5,early
5448,48,0,0.7736836856122455,0.5131591935627865,5,early
5449,49,0,0.9938642250881244,0.7113827081186221,5,early
5450,50,0,0.5560827749755549,0.6570381712691924,5,early
5451,51,0,0.9999972370753477,0.8226187126039726,5,early
5452,52,0,0.5603996010112128,0.6470981760650188,5,early
5453,53,0,0.9742560755591204,0.6872952502798241,5,early
5454,54,0,0.9614598178246406,0.5622216062624026,5,early
5455,55,0,0.6029536761903843,0.7109963385764007,5,early
5456,56,0,0.7203902507054343,0.8289619336894667,5,early
5457,57,0,0.34649636831204017,0.6530488126887875,5,early
5458,58,0,0.9495580751616819,0.7761089361699154,5,early
5459,59,0,0.9448877865198525,0.6103714772103119,5,early
5460,60,0,0.1422726279469002,0.5650697430923312,5,early
5461,61,0,0.8982794364805549,0.8041042538604126,5,early
5462,62,0,0.9952500753502638,0.7419387836257537,5,early
5463,63,0,0.29526384459258104,0.6634878555008541,5,early
5464,64,0,0.9992047453804791,0.5558491946047268,5,early
5465,65,0,0.181210856915418,1.0166567620407172,5,early
5466,66,0,0.9999712208384495,0.732940945796259,5,early
5467,67,0,0.7904371594043847,0.5965119728325248,5,early
5468,68,0,0.9580335140745451,0.6380725903089701,5,early
5469,69,0,0.7921153103741858,0.8012925417136441,5,early
5470,70,0,0.09671766105657399,0.7085253032530481,5,early
5471,71,0,0.9986936540072925,0.5722586378710831,5,early
5472,72,0,0.6553484469373232,0.48400105732634224,5,early
5473,73,0,0.9704523371414862,0.6043523679459706,5,early
5474,74,0,0.9670305287964214,0.4395738256585906,5,early
5475,75,0,0.9841182237622224,0.5976782868093938,5,early
5476,76,0,0.9134217342089125,0.785722089681709,5,early
5477,77,0,0.15306679322448877,0.6118214621210663,5,early
5478,78,0,0.8228998403116438,0.6530021808867421,5,early
5479,79,0,0.019483293521851876,0.7590130196687538,5,early
5480,80,0,0.499522303984504,0.6828446245676985,5,early
5481,81,0,0.49383302067736,0.6035893813119979,5,early
5482,82,0,0.10437763611911136,0.8200989362346366,5,early
5483,83,0,0.6100530071225522,0.9270484349968084,5,early
5484,84,0,0.49431809215687555,0.7774976656227315,5,early
5485,85,0,0.9309351153856928,0.5860706285641784,5,early
5486,86,0,0.5901797929481727,0.8698211417586335,5,early
5487,87,0,0.0762765184358633,0.8394162122576496,5,early
5488,88,0,0.40058955460647844,0.88540307083649,5,early
5489,89,0,0.8516325131815541,0.4476697424386925,5,early
5490,90,0,0.4915614035256797,0.6847910312966796,5,early
5491,91,0,0.4622483540999712,0.7307074289177801,5,early
5492,92,0,0.508104848824693,0.6326839903347226,5,early
5493,93,0,0.632680142724881,0.9799202108327654,5,early
5494,94,0,0.5032696652101809,0.6696050775562326,5,early
5495,95,0,0.3822906303287608,0.4742212987078106,5,early
5496,96,0,0.4916199186500724,0.6733292912302185,5,early
5497,97,0,0.1391164544574846,1.1093405710689197,5,early
5498,98,0,0.1191077397873454,0.7662181925305303,5,early
5499,99,0,0.700613140139273,0.6115344519520092,5,early
5500,100,0,0.49909603416183135,0.5478149796280369,5,early
5501,101,0,0.7272561888108577,0.6348906716820804,5,early
5502,102,0,0.01776077418439118,0.8898313605207715,5,early
5503,103,0,0.9985042623878171,0.6488512314458382,5,early
5504,104,0,0.28799983569313603,0.9280088033332072,5,early
5505,105,0,0.998219982946531,0.6414615648667021,5,early
5506,106,0,0.7061041002525341,0.6019914654163513,5,early
5507,107,0,0.9955349388178352,0.5376435991269973,5,early
5508,108,0,0.533335119629565,0.6748404817542506,5,early
5509,109,0,0.9994431002114339,0.7977601392893163,5,early
5510,110,0,0.036790616107835794,1.0544526998168513,5,early
5511,111,0,0.8305029268837405,0.693217974616228,5,early
5512,112,0,0.3880401840784766,0.6744414425791985,5,early
5513,113,0,0.3928957042973623,0.751989881551087,5,early
5514,114,0,0.4990341038030988,0.6710160121633877,5,early
5515,115,0,0.5891143230088942,0.511025762969598,5,early
5516,116,0,0.33352055100243,0.9419456476632367,5,early
5517,117,0,0.5823984041356408,0.6952856163410559,5,early
5518,118,0,0.4553390786968561,1.0373182832774317,5,early
5519,119,0,0.11628278244914983,0.7522898443358288,5,early
5520,120,0,0.49788218748455937,0.7322333492252635,5,early
5521,121,0,0.9553980687875355,0.9077029518774263,5,early
5522,122,0,0.8091075123101441,0.5182323252461006,5,early
5523,123,0,0.9751421932669799,0.6665391269051484,5,early
5524,124,0,0.5051697592669017,0.42755132539071034,5,early
5525,125,0,0.9999253444340437,0.813104093728392,5,early
5526,126,0,0.6490494256859172,0.6934193346218918,5,early
5527,127,0,0.6733634131608175,0.5487469427388133,5,early
5528,128,0,0.4225394762909233,0.5548885282275443,5,early
5529,129,0,0.9891830250665885,0.7313760995159121,5,early
5530,130,0,0.49683825810656995,0.952281132821072,5,early
5531,131,0,0.9469325732280474,0.611482985067608,5,early
5532,132,0,0.5906709633474997,0.5970004647982411,5,early
5533,133,0,0.0598543668879898,1.0593484606820467,5,early
5534,134,0,0.500353018176761,0.586054100984126,5,early
5535,135,0,0.9928814915638758,0.5948502485977165,5,early
5536,136,0,0.5425503673777312,0.5991328848321908,5,early
5537,137,0,0.4996230448382293,0.5392401686470676,5,early
5538,138,0,0.28471566984061275,0.5964439707943217,5,early
5539,139,0,0.13645138939320622,0.780778437556793,5,early
5540,140,0,0.5961361461730943,0.4691158721811185,5,early
5541,141,0,0.9906378185133885,0.5269455646529535,5,early
5542,142,0,0.06260640074185778,0.8597100954077089,5,early
5543,143,0,0.0018369472569611596,0.6980651415668765,5,early
5544,144,0,0.9035757406249831,0.5008536407955321,5,early
5545,145,0,0.8864450984309743,0.460190757823831,5,early
5546,146,0,0.4990834024691927,0.6760573775890145,5,early
5547,147,0,0.7207901750867629,0.8213446095029391,5,early
5548,148,0,0.8828420128379679,0.3796670846657838,5,early
5549,149,0,0.9817994108793662,0.3904303185638419,5,early
5550,150,0,0.6774767542277947,0.43061434915176944,5,early
5551,151,0,0.31877045321011976,0.5421316709279473,5,early
5552,152,0,0.8283041910362363,0.5194715071538375,5,early
5553,153,0,0.18795674690422703,0.5671676536741924,5,early
5554,154,0,0.5069185162674559,0.5683506860654983,5,early
5555,155,0,0.9448198429216565,0.431888216142289,5,early
5556,156,0,0.5350668946086413,0.5837930093675596,5,early
5557,157,0,0.13561151361408239,0.9591951465230146,5,early
5558,158,0,0.30260535436569186,0.40106635671759455,5,early
5559,159,0,0.8732179015466331,0.49022409997793126,5,early
5560,160,0,0.9139972687623816,0.73736247953133,5,early
5561,161,0,0.6750771526255036,0.45916660360219014,5,early
5562,162,0,0.9545399716659377,0.6040247134996016,5,early
5563,163,0,0.560627664519389,0.5684649954892185,5,early
5564,164,0,0.9809534377776473,0.33831830436613863,5,early
5565,165,0,0.4502567182709593,0.5946479286229535,5,early
5566,166,0,0.10537377477845015,0.7647943399641257,5,early
5567,167,0,0.5063698244270419,0.5924067238793397,5,early
5568,168,0,0.09538952569607467,0.4905176910838083,5,early
5569,169,0,0.896092929992107,0.7024845235863975,5,early
5570,170,0,0.12953885737969695,0.7714283861133548,5,early
5571,171,0,0.5006156955609996,0.679516297607486,5,early
5572,172,0,0.50771220484737,0.8036812114597714,5,early
5573,173,0,0.9997969492033627,0.700264985260148,5,early
5574,174,0,0.8875422740845866,0.6446447862728824,5,early
5575,175,0,0.9999989326697671,0.9402124097462647,5,early
5576,176,0,0.9980361660412441,0.7697610578127463,5,early
5577,177,0,0.4924115793903365,0.5954948178353922,5,early
5578,178,0,0.9972603277614412,0.5681538824979679,5,early
5579,179,0,0.901326071722409,0.41213891651088597,5,early
5580,180,0,0.6543271841973177,0.4930617998590671,5,early
5581,181,0,0.37564416879931095,0.503443092969835,5,early
5582,182,0,0.5757079224233015,0.6306260851006817,5,early
5583,183,0,0.796961238203037,0.4115908581595942,5,early
5584,184,0,0.5532781991132187,0.6065276929267951,5,early
5585,185,0,0.7756974539648123,0.4738718213084421,5,early
5586,186,0,0.9979671996919182,0.6221080407512574,5,early
5587,187,0,0.27786125857615707,0.7199087635946568,5,early
5588,188,0,0.6270614419754174,0.609319300824277,5,early
5589,189,0,0.5329219099326673,0.2809593831661176,5,early
5590,190,0,0.5721187463930019,0.4178499124903087,5,early
5591,191,0,0.5013445277366215,0.753293733475031,5,early
5592,192,0,0.10852930302740466,0.6022977040201387,5,early
5593,193,0,0.9945302226032384,0.6733145663823112,5,early
5594,194,0,0.8357984043213205,0.6569033929498382,5,early
5595,195,0,0.4836822235740774,0.6775521986530715,5,early
5596,196,0,0.39846885501728324,0.6996692217571545,5,early
5597,197,0,0.5327745396393607,0.5264738469071084,5,early
5598,198,0,0.4904351384545578,0.5935045695709031,5,early
5599,199,0,0.9282167614311116,0.6212328279443182,5,early
5600,0,0,0.37663794627837577,0.6472106680738706,5,middle
5601,1,0,0.5070680226499342,0.6142807112066726,5,middle
5602,2,0,0.6548223103053339,0.5364507753645446,5,middle
5603,3,0,0.8206812766999914,0.6045219634877127,5,middle
5604,4,0,0.15227376971461465,0.6032002588474343,5,middle
5605,5,0,0.5130221591715435,0.824317600432225,5,middle
5606,6,0,0.9399214464319687,0.5548777380332232,5,middle
5607,7,0,0.5119417325646353,0.6872071099484345,5,middle
5608,8,0,0.9847305479367938,0.6780026003562653,5,middle
5609,9,0,0.5169078247707475,0.7536003593356806,5,middle
5610,10,0,0.5120663634655847,0.6194301402714004,5,middle
5611,11,0,0.458577089676384,0.771103516620947,5,middle
5612,12,0,0.05457259693562419,0.9572014352650742,5,middle
5613,13,0,0.4942884698115127,0.947612892658072,5,middle
5614,14,0,0.001038541869762473,0.8741652743650978,5,middle
5615,15,0,0.5156622683666433,0.6042595193370945,5,middle
5616,16,0,0.6030436451893597,0.7083457587948453,5,middle
5617,17,0,0.48568824649648457,0.7490589709300632,5,middle
5618,18,0,0.5509128147452041,0.7501789154374772,5,middle
5619,19,0,0.8471316171561178,0.7102086777220288,5,middle
5620,20,0,0.5197461930719647,0.4564817138854451,5,middle
5621,21,0,0.626351896703577,0.48099616848866333,5,middle
5622,22,0,0.28501622303553237,0.7071752449630295,5,middle
5623,23,0,0.45200476802915146,0.7817952575292747,5,middle
5624,24,0,0.7225387415999247,0.6547065038086106,5,middle
5625,25,0,0.20889641563967268,0.5488162504179412,5,middle
5626,26,0,0.7821481099775915,0.5710187963148932,5,middle
5627,27,0,0.5042028882851254,0.5841625487983112,5,middle
5628,28,0,0.09843155767482567,0.9368374615583712,5,middle
5629,29,0,0.4931475431213189,1.0975261298368535,5,middle
5630,30,0,0.07883042396135446,0.8585963395031049,5,middle
5631,31,0,0.5000092983170636,1.1267873702963833,5,middle
5632,32,0,0.00233239590761755,0.7986432292065392,5,middle
5633,33,0,0.4140011582766383,0.9159775157593879,5,middle
5634,34,0,0.8365307090567299,0.5613067672134402,5,middle
5635,35,0,0.5008047928851106,0.6865802062581927,5,middle
5636,36,0,0.43725003033663146,0.6718576277039211,5,middle
5637,37,0,0.5001755981322682,0.7456880996582822,5,middle
5638,38,0,0.13044263354625235,0.6675946128607828,5,middle
5639,39,0,0.4840838566617767,0.6938663200576418,5,middle
5640,40,0,0.050481673493188425,0.9898634810599379,5,middle
5641,41,0,0.07392081362146562,1.2373230368444819,5,middle
5642,42,0,0.15715832726840412,0.956975751984972,5,middle
5643,43,0,0.44173333768625445,1.195527065154066,5,middle
5644,44,0,0.8394670270350126,0.6242453043400594,5,middle
5645,45,0,0.7072352687993444,0.9000455571426119,5,middle
5646,46,0,0.9984796314296049,0.8635517589630836,5,middle
5647,47,0,0.07726656786270314,0.7581244006069436,5,middle
5648,48,0,0.5356801081545931,0.7551541156303648,5,middle
5649,49,0,0.8033361009007749,0.46920316414524516,5,middle
5650,50,0,0.9934346423169749,0.7400411699346304,5,middle
5651,51,0,0.09236185606793777,0.942651828621559,5,middle
5652,52,0,0.41673079031316107,1.0216868523256306,5,middle
5653,53,0,0.49985358936855423,0.7812944025293453,5,middle
5654,54,0,0.13562049733027015,1.0056572511740323,5,middle
5655,55,0,0.6093868095678394,1.195244045005,5,middle
5656,56,0,0.9775300324684455,0.633947015039195,5,middle
5657,57,0,0.9896426128588023,0.7095573691387804,5,middle
5658,58,0,0.9975078589588808,0.7104402282445519,5,middle
5659,59,0,0.5437975999855511,0.4980071629459596,5,middle
5660,60,0,0.3109137505068852,0.7107104230296928,5,middle
5661,61,0,0.4514694447926649,0.8246743384845936,5,middle
5662,62,0,0.7173954754380838,1.011386653978611,5,middle
5663,63,0,0.6471093638098453,1.1447644087836473,5,middle
5664,64,0,0.9885221652409545,0.6120019015351938,5,middle
5665,65,0,0.9667594070001682,0.47932571441157507,5,middle
5666,66,0,0.5075579678690413,0.8712770037609994,5,middle
5667,67,0,0.5164354471176983,0.6690176689473599,5,middle
5668,68,0,0.9242324615683382,0.6615676166826194,5,middle
5669,69,0,0.9816754263543759,0.6182376046046812,5,middle
5670,70,0,0.9564872080781257,0.45483809178475143,5,middle
5671,71,0,0.9531639092610155,0.5873057284907954,5,middle
5672,72,0,0.5538427659126592,1.0362450173118594,5,middle
5673,73,0,0.9977039149952447,0.9472450510938546,5,middle
5674,74,0,0.8022718969850888,0.5656161187261988,5,middle
5675,75,0,0.4690297044522078,0.557456389060125,5,middle
5676,76,0,0.998644352364129,0.9187755826717654,5,middle
5677,77,0,0.9956041055609195,0.7528150001199305,5,middle
5678,78,0,0.8006568781878242,0.9061094401276368,5,middle
5679,79,0,0.952246353454923,1.1975813915034061,5,middle
5680,80,0,0.502980784988296,1.1044117973339862,5,middle
5681,81,0,0.35406494226975643,0.8180390750824311,5,middle
5682,82,0,0.4441490506396597,0.7389219215213679,5,middle
5683,83,0,0.5783198247207038,0.46731330505590396,5,middle
5684,84,0,0.8925009146841008,0.38186628424353175,5,middle
5685,85,0,0.9748124909017155,0.5523827984109941,5,middle
5686,86,0,0.5742136341900496,0.5546739533163582,5,middle
5687,87,0,0.4711044452392896,0.6006833323631651,5,middle
5688,88,0,0.965029149479631,0.3705417027697889,5,middle
5689,89,0,0.6846584708345789,0.6207178583697661,5,middle
5690,90,0,0.5011054607431806,0.6952061306039512,5,middle
5691,91,0,0.4693144027826015,0.7941327380936689,5,middle
5692,92,0,0.23943115031874831,0.5601092029551851,5,middle
5693,93,0,0.7367962112625013,0.5113448842037981,5,middle
5694,94,0,0.49950182933526965,1.0334892104747397,5,middle
5695,95,0,0.5031540254086112,0.6807537688073848,5,middle
5696,96,0,0.5019036571246542,0.9031927105643958,5,middle
5697,97,0,0.518683167859138,0.4526018995748121,5,middle
5698,98,0,0.5221126717280059,0.8577165345865236,5,middle
5699,99,0,0.5008436292995662,0.6865686178274327,5,middle
5700,100,0,0.7352526497985987,0.6758713868355977,5,middle
5701,101,0,0.6313794152761042,0.6702122966399169,5,middle
5702,102,0,0.8269862834197816,0.740845818311967,5,middle
5703,103,0,0.5853375886801924,0.7028287946479657,5,middle
5704,104,0,0.4979596869634235,0.9143243600115798,5,middle
5705,105,0,0.6710983476030244,0.46222187410198945,5,middle
5706,106,0,0.2093453573828212,0.42120131654090875,5,middle
5707,107,0,0.7103535960877981,0.7095032377962364,5,middle
5708,108,0,0.5042925130192428,0.8637114802734495,5,middle
5709,109,0,0.3299836621692432,0.6978379495074039,5,middle
5710,110,0,0.9769896205337277,0.3455403092171494,5,middle
5711,111,0,0.8269743526963131,0.671167260947433,5,middle
5712,112,0,0.6544000753565155,0.712813473478862,5,middle
5713,113,0,0.951200101523106,0.4653518114549906,5,middle
5714,114,0,0.9380311120048399,0.574982606568069,5,middle
5715,115,0,0.9748077759669442,0.5425385949603794,5,middle
5716,116,0,0.840910986359217,0.48108433336876083,5,middle
5717,117,0,0.9924265131012069,0.8527351653899905,5,middle
5718,118,0,0.8849003251452617,0.5133665396245157,5,middle
5719,119,0,0.7015634875049741,0.3248900052315584,5,middle
5720,120,0,0.24306179688434665,0.8002974861411731,5,middle
5721,121,0,0.5006371778757883,0.9992129172122812,5,middle
5722,122,0,0.9504144974170385,0.5896882240669369,5,middle
5723,123,0,0.5597482327431436,0.3989503956450061,5,middle
5724,124,0,0.9006411367295213,0.30177619916175047,5,middle
5725,125,0,0.8678912490131453,0.6331851822011858,5,middle
5726,126,0,0.1644143374559079,0.7012664677609921,5,middle
5727,127,0,0.522303741689683,0.7483940531614389,5,middle
5728,128,0,0.44505143849973683,0.5260939863135177,5,middle
5729,129,0,0.7737256619736119,0.9051387299475804,5,middle
5730,130,0,0.015625548502936192,0.9474796407313439,5,middle
5731,131,0,0.6779577152002577,0.5670329878504046,5,middle
5732,132,0,0.9115518336378761,0.41676632621102205,5,middle
5733,133,0,0.8673186792451071,0.595588681738004,5,middle
5734,134,0,0.1999976402109156,0.5320976809061886,5,middle
5735,135,0,0.8073588916701826,0.4818473839353873,5,middle
5736,136,0,0.13547346029271662,0.805696792322124,5,middle
5737,137,0,0.5001593709644594,0.648249780522769,5,middle
5738,138,0,0.5080097942800882,0.4132876381761601,5,middle
5739,139,0,0.6960223296292669,0.46549906035758837,5,middle
5740,140,0,0.29692983546898666,0.6037910116399341,5,middle
5741,141,0,0.49965668453767265,0.47939990126842535,5,middle
5742,142,0,0.9922582921844373,0.5341273634974769,5,middle
5743,143,0,0.9375276259694849,0.4978932847601983,5,middle
5744,144,0,0.21275087819574606,0.7588901893715387,5,middle
5745,145,0,0.9437378319193683,0.65451996921317,5,middle
5746,146,0,0.004897225465528336,1.060315151127937,5,middle
5747,147,0,0.786626699963908,0.5939484112431916,5,middle
5748,148,0,0.5735547495735746,0.6021396263134889,5,middle
5749,149,0,0.5273102409625227,0.5562962097651396,5,middle
5750,150,0,0.687031248395408,0.6379007408052519,5,middle
5751,151,0,0.9643249074059457,0.5732701626966492,5,middle
5752,152,0,0.9644927124936136,0.3601606288126069,5,middle
5753,153,0,0.7539780075765493,0.5161004407367925,5,middle
5754,154,0,0.5427840856031205,0.5384851483280056,5,middle
5755,155,0,0.5007823618050968,0.5779819735202011,5,middle
5756,156,0,0.8555590437031264,0.6276233382145495,5,middle
5757,157,0,0.503609147180323,0.5705806151890727,5,middle
5758,158,0,0.6531672571046296,0.7969009851760745,5,middle
5759,159,0,0.555796175771356,1.0466318423823135,5,middle
5760,160,0,0.500118273332902,0.7090826132424441,5,middle
5761,161,0,0.502433255805301,0.6289654836961507,5,middle
5762,162,0,0.9799899500500806,0.8741375645041283,5,middle
5763,163,0,0.5089728674637503,0.7955574506082295,5,middle
5764,164,0,0.5974317391062309,0.510274696277759,5,middle
5765,165,0,0.9577832879260462,0.29096111346673453,5,middle
5766,166,0,0.994849870228729,0.7755292705052294,5,middle
5767,167,0,0.9834810797667471,0.4419774832115486,5,middle
5768,168,0,0.5165349543371744,0.7288760872879433,5,middle
5769,169,0,0.5936580147732597,0.5190370897259642,5,middle
5770,170,0,0.8930789718489314,0.4276252444745846,5,middle
5771,171,0,0.8931379179716923,0.33384126390305247,5,middle
5772,172,0,0.7274102056716861,0.3839783440912881,5,middle
5773,173,0,0.9983552528850521,0.9382929602292289,5,middle
5774,174,0,0.6976911301703212,0.3825856870173573,5,middle
5775,175,0,0.22005385721984935,0.607084483639728,5,middle
5776,176,0,0.5006040132025236,0.8290056030554642,5,middle
5777,177,0,0.5594654579993047,0.4962202678002555,5,middle
5778,178,0,0.9575254244155647,0.5268934592494798,5,middle
5779,179,0,0.5075321138221806,0.6374462860152152,5,middle
5780,180,0,0.17632569554864877,0.6646756290265112,5,middle
5781,181,0,0.2107911102103037,0.5580143276385651,5,middle
5782,182,0,0.20871891228121692,0.7482139796357936,5,middle
5783,183,0,0.5746070524916165,0.49359495867213754,5,middle
5784,184,0,0.7538512640126813,0.5421033640790992,5,middle
5785,185,0,0.999128029908246,0.7130691669818415,5,middle
5786,186,0,0.31366251200480516,0.5477562391958353,5,middle
5787,187,0,0.6909802705949821,0.4844464802845255,5,middle
5788,188,0,0.8700021425176487,0.7648347576938905,5,middle
5789,189,0,0.48603137492212767,0.5023155593320532,5,middle
5790,190,0,0.8189964305519639,0.7030337893610259,5,middle
5791,191,0,0.5062174661845494,0.6041385590695543,5,middle
5792,192,0,0.9924988010116886,0.8488015565767284,5,middle
5793,193,0,0.977682518416104,0.9475280116910938,5,middle
5794,194,0,0.6510994198311764,0.7718932985641749,5,middle
5795,195,0,0.49999247019646526,0.6652091359730169,5,middle
5796,196,0,0.520089483919961,0.7925451740579059,5,middle
5797,197,0,0.5207130069847367,0.6267983461286049,5,middle
5798,198,0,0.6317301094598637,0.6804047954571373,5,middle
5799,199,0,0.5003909410265818,0.6373664569839783,5,middle
5800,0,0,0.2522177356501989,0.7654916946596775,5,late
5801,1,0,0.8489886364209085,0.477922697713115,5,late
5802,2,0,0.833421339877872,0.5445613723216557,5,late
5803,3,0,0.5480959034426963,0.6530800403872024,5,late
5804,4,0,0.5386265765182575,0.9588423818308226,5,late
5805,5,0,0.1531247608419978,0.8599792394919481,5,late
5806,6,0,0.5161247640521834,0.9871673001236727,5,late
5807,7,0,0.3953228055893475,0.3908012881254654,5,late
5808,8,0,0.549731939811263,0.6473834432296712,5,late
5809,9,0,0.21190095298116848,0.8208046489461607,5,late
5810,10,0,0.9880929238915458,0.6500773054054048,5,late
5811,11,0,0.4981732935457561,0.5341433448774278,5,late
5812,12,0,0.9974187037982536,0.6148494767385274,5,late
5813,13,0,0.5072505467956572,1.1623010461035566,5,late
5814,14,0,0.4779170014252163,0.7916923409324892,5,late
5815,15,0,0.8802030080331823,0.6351868229310265,5,late
5816,16,0,0.7175541424188642,0.7745201851440909,5,late
5817,17,0,0.4922378008690657,0.8149043450843069,5,late
5818,18,0,0.7119973419106708,0.9309306787169735,5,late
5819,19,0,0.0593435034022546,0.540092305102064,5,late
5820,20,0,0.01792137411441262,0.7142007037935099,5,late
5821,21,0,0.6190279338088214,0.6626196377436755,5,late
5822,22,0,0.4673563498454862,0.6518838677396568,5,late
5823,23,0,0.09544487111763958,0.8468811012398595,5,late
5824,24,0,0.968069296311741,0.5029877841552082,5,late
5825,25,0,0.4021438755239524,0.4799547356678596,5,late
5826,26,0,0.05633720984670509,0.9306004032656723,5,late
5827,27,0,0.08294880199841245,0.7070209025865637,5,late
5828,28,0,0.5998528699614095,0.7298258846084811,5,late
5829,29,0,0.9585192460928875,0.833633580224566,5,late
5830,30,0,0.16774610388771144,0.8290123347163842,5,late
5831,31,0,0.564051147467859,0.5413785844109972,5,late
5832,32,0,0.6242671660917543,0.7669786026740499,5,late
5833,33,0,0.7817288350624826,0.6894658042527989,5,late
5834,34,0,0.4927987468484466,0.7597434441683514,5,late
5835,35,0,0.00036661121629428454,1.2997645987081778,5,late
5836,36,0,0.5686982083608053,0.5742869970129748,5,late
5837,37,0,0.06085885667821846,0.7482783017403767,5,late
5838,38,0,0.6720061617031516,0.6507254270875202,5,late
5839,39,0,0.4864248773001005,0.46671304247392575,5,late
5840,40,0,0.9996769027054719,1.0328927238329515,5,late
5841,41,0,0.5418125140321828,0.7257765575760138,5,late
5842,42,0,0.05818816789925502,0.45808450562005065,5,late
5843,43,0,0.46586528462697524,0.6106311818848587,5,late
5844,44,0,0.8029926120602245,0.6219846409056935,5,late
5845,45,0,0.5664081401983716,1.016453063542818,5,late
5846,46,0,0.3028740573445111,0.6148019363254038,5,late
5847,47,0,0.4714364152206865,0.6550018458394579,5,late
5848,48,0,0.49676969444992325,0.4736954086072649,5,late
5849,49,0,0.6251462836335442,0.527681577688776,5,late
5850,50,0,0.0006554971548181289,1.1192665400646935,5,late
5851,51,0,0.9975000020839542,0.5564822886734214,5,late
5852,52,0,0.8527600718728616,0.6627201185987062,5,late
5853,53,0,0.32466416708541745,0.5229944196091159,5,late
5854,54,0,0.07854301422748433,0.465041676424956,5,late
5855,55,0,0.579831483884244,0.8675934468570801,5,late
5856,56,0,0.998320707361456,0.7265015471981653,5,late
5857,57,0,0.49944376082752334,0.8085771740503394,5,late
5858,58,0,0.14841556185588523,0.5004596769253544,5,late
5859,59,0,0.5186190840007746,1.164481101616726,5,late
5860,60,0,0.7404783169797539,0.6570722913744076,5,late
5861,61,0,0.8322330593353433,1.0617285191880539,5,late
5862,62,0,0.5029138803294078,0.8846473780120918,5,late
5863,63,0,0.01677259737178847,0.8224878406257381,5,late
5864,64,0,0.6096804924812248,0.9872596201338353,5,late
5865,65,0,0.5051943545229977,1.018202179105081,5,late
5866,66,0,0.39449645830955055,0.8726177082127052,5,late
5867,67,0,0.4986644598961295,0.6531195550658413,5,late
5868,68,0,0.8764065883087863,0.4048946607183286,5,late
5869,69,0,0.6979012311628561,0.4941092083279797,5,late
5870,70,0,0.4199713521481202,0.43853501407961637,5,late
5871,71,0,0.9474858027504982,0.692320195331763,5,late
5872,72,0,0.1596194160973579,0.8898670757655063,5,late
5873,73,0,0.22116376875102972,0.8506437171082082,5,late
5874,74,0,0.4907648812260762,0.8498159454894784,5,late
5875,75,0,0.6391419999429747,0.6039978789100033,5,late
5876,76,0,0.05566395479921784,0.6627345285776177,5,late
5877,77,0,0.9489816530950936,0.398949089737622,5,late
5878,78,0,0.9161120714971062,0.3093535952071649,5,late
5879,79,0,0.7574837709172468,0.6561952504604681,5,late
5880,80,0,0.9887348774227591,1.0632111232899224,5,late
5881,81,0,0.9767531163286376,0.4599665297428965,5,late
5882,82,0,0.6443009885200732,0.5820573726202458,5,late
5883,83,0,0.9880844690196271,0.9027080904102487,5,late
5884,84,0,0.5078017196548573,0.7627141682981576,5,late
5885,85,0,0.6006014225157489,0.32067042371392596,5,late
5886,86,0,0.8394517569448788,0.9887109873698388,5,late
5887,87,0,0.4841651495062724,0.5048770596430463,5,late
5888,88,0,0.5478214924296494,0.5027425981635238,5,late
5889,89,0,0.8458631465620415,0.7216354748192809,5,late
5890,90,0,0.9219417632775944,0.42186356325109997,5,late
5891,91,0,0.9997401666398349,0.8604573880277899,5,late
5892,92,0,0.5274254828968511,0.45900729578180055,5,late
5893,93,0,0.9780492107652892,0.6541547320081245,5,late
5894,94,0,0.4991345617881262,0.699512171370781,5,late
5895,95,0,0.41637768350425103,0.8697622521649979,5,late
5896,96,0,0.9993520924771107,0.739501450370447,5,late
5897,97,0,0.999426417723567,0.39274358422103073,5,late
5898,98,0,0.9369365537347847,0.4983545656509021,5,late
5899,99,0,0.7887233421740247,0.7209043263772048,5,late
5900,100,0,0.3057278320309382,0.5723684136819644,5,late
5901,101,0,0.5513248531659449,0.8798980749847605,5,late
5902,102,0,0.9309559102013893,0.4615514214091903,5,late
5903,103,0,0.9618798153768433,0.4100818497480406,5,late
5904,104,0,0.5097669215576645,0.6491049710797266,5,late
5905,105,0,0.9967334344195551,0.8333699687452094,5,late
5906,106,0,0.9976968893116598,0.6916861780707075,5,late
5907,107,0,0.49462534228282173,0.46455139518521427,5,late
5908,108,0,0.30044070120363414,0.690697908296416,5,late
5909,109,0,0.5097359938124875,0.7350556177276899,5,late
5910,110,0,0.9213078395476035,0.8589406972334943,5,late
5911,111,0,0.8746994104977468,0.4648389860705836,5,late
5912,112,0,0.74162264448956,0.7257234042087782,5,late
5913,113,0,0.17837560515602152,0.4645642302004691,5,late
5914,114,0,0.9676106229011064,0.7256166764411571,5,late
5915,115,0,0.9889678183496444,0.551947361785154,5,late
5916,116,0,0.9996672298021616,0.645129647033015,5,late
5917,117,0,0.978011382779611,0.43718135616687903,5,late
5918,118,0,0.9867990352545701,0.6555712525923922,5,late
5919,119,0,0.9981807997073757,0.646613373704606,5,late
5920,120,0,0.28671843194977054,0.6509997278104077,5,late
5921,121,0,0.5026821235014132,0.5002336324798293,5,late
5922,122,0,0.8014878164136134,0.7946213739746641,5,late
5923,123,0,0.7396471508484816,0.4599215803864364,5,late
5924,124,0,0.7070613068384531,0.4984428713788213,5,late
5925,125,0,0.4409554131386058,0.721501907493705,5,late
5926,126,0,0.9951868736122392,1.0663618824968124,5,late
5927,127,0,0.5000052381777804,1.1172786603401252,5,late
5928,128,0,0.610091370846889,0.6651944667529521,5,late
5929,129,0,0.9838161459009594,0.5478103963970217,5,late
5930,130,0,0.9038332488906731,0.47574310982593276,5,late
5931,131,0,0.7697463855373841,0.4452685401984049,5,late
5932,132,0,0.7905908136427333,0.47268603544813215,5,late
5933,133,0,0.999188083651974,0.6185519302688403,5,late
5934,134,0,0.9463521204756101,0.5926373031298839,5,late
5935,135,0,0.9871605646773657,0.444932459606827,5,late
5936,136,0,0.9501025939850862,0.4932402742663924,5,late
5937,137,0,0.8496626386480073,0.5417521250287726,5,late
5938,138,0,0.6656360158851243,0.3992658156757125,5,late
5939,139,0,0.7873322836695769,0.37704298240357526,5,late
5940,140,0,0.955054954577929,0.3705748860868051,5,late
5941,141,0,0.9797196045439516,0.3869221271867355,5,late
5942,142,0,0.9623935208526742,0.5004691823657847,5,late
5943,143,0,0.9301703676648363,0.7480461008575483,5,late
5944,144,0,0.5186970613164471,0.4205002494217644,5,late
5945,145,0,0.9958260579734273,0.7031422322664242,5,late
5946,146,0,0.859686558569054,0.41714755962330186,5,late
5947,147,0,0.9305610455786554,0.4703406206364798,5,late
5948,148,0,0.999804800851877,0.9143594853450345,5,late
5949,149,0,0.656897494483161,0.3427106102498949,5,late
5950,150,0,0.5706089992688844,0.5843510002542931,5,late
5951,151,0,0.9945092373010254,0.5103690311327115,5,late
5952,152,0,0.7861449247078112,0.47154602058204115,5,late
5953,153,0,0.600378961426064,0.60721843353984,5,late
5954,154,0,0.9929578792321979,0.5849055272329191,5,late
5955,155,0,0.9879240361383277,0.32083959516214744,5,late
5956,156,0,0.9971992816527402,0.4475646369919901,5,late
5957,157,0,0.9904105828048725,0.5717629828110171,5,late
5958,158,0,0.9881555625612757,0.543578893043959,5,late
5959,159,0,0.9456629733176094,0.6985492005012957,5,late
5960,160,0,0.5838273770375398,0.46242931522932795,5,late
5961,161,0,0.9934081984828229,0.45878271180825636,5,late
5962,162,0,0.9881141579190483,0.36183257986968664,5,late
5963,163,0,0.4240453638745161,0.43551210861154976,5,late
5964,164,0,0.9448930831273978,0.6887499119203002,5,late
5965,165,0,0.615663532854203,0.5772083000709598,5,late
5966,166,0,0.9678312072169399,0.4402535337630309,5,late
5967,167,0,0.9462029752337326,0.5536152735541577,5,late
5968,168,0,0.2711211190976384,0.7317921002317163,5,late
5969,169,0,0.9714951605276223,0.528531562494726,5,late
5970,170,0,0.5677219502772409,0.5084301360479502,5,late
5971,171,0,0.9074175317766666,0.7315235540740908,5,late
5972,172,0,0.8922940057243158,0.4831124180994011,5,late
5973,173,0,0.5046403249277289,0.47587060563707656,5,late
5974,174,0,0.18100450527453826,0.5359082782410804,5,late
5975,175,0,0.9698871538865891,1.0257195386155071,5,late
5976,176,0,0.7176709334040261,0.6547207926343972,5,late
5977,177,0,0.06059943529304021,0.5711862337024691,5,late
5978,178,0,0.992030904865175,0.43122978862855443,5,late
5979,179,0,0.10707767662524227,0.6923442953907432,5,late
5980,180,0,0.9613097362715106,0.4433072988673448,5,late
5981,181,0,0.780773955317015,0.300487830072349,5,late
5982,182,0,0.35936868715127035,0.7452124351845595,5,late
5983,183,0,0.621906555547563,0.4540767826602411,5,late
5984,184,0,0.4874963420793248,0.28899396274315425,5,late
5985,185,0,0.9296112210252545,0.3249702682381185,5,late
5986,186,0,0.7311477039087885,0.5693123934777286,5,late
5987,187,0,0.8347247427606506,1.0915577902086842,5,late
5988,188,0,0.9658031520945682,0.47252911028765754,5,late
5989,189,0,0.9218640802923348,0.6999286613472937,5,late
5990,190,0,0.8530425693607411,0.5844738414753241,5,late
5991,191,0,0.32905316618989705,0.5249232476071389,5,late
5992,192,0,0.5873587485896227,0.576119170228016,5,late
5993,193,0,0.5757142109160069,0.8258913406282594,5,late
5994,194,0,0.9657411136032535,0.7172860377133923,5,late
5995,195,0,0.35691702795063357,1.2965338021913198,5,late
5996,196,0,0.6449331426036745,0.44682028986020284,5,late
5997,197,0,0.5525045522525152,0.49435862661813323,5,late
5998,198,0,0.9939391926608727,0.28846468198813924,5,late
5999,199,0,0.042978553187967145,0.536557173490821,5,late
6000,0,0,0.44077546388923944,0.754814354239143,6,interleaved
6001,1,0,0.7531121931353687,0.965649631666544,6,interleaved
6002,2,0,0.5728624467383493,0.6459537668825461,6,interleaved
6003,3,0,0.23187574675134243,0.7202632767908483,6,interleaved
6004,4,0,0.6379100889592256,0.5138249866825768,6,interleaved
6005,5,0,0.5017973499069801,0.7044535874897364,6,interleaved
6006,6,0,0.9190666863757773,0.7272672675562901,6,interleaved
6007,7,0,0.3273042681528052,0.6984471990789489,6,interleaved
6008,8,0,0.9315023346112652,0.6391375301771711,6,interleaved
6009,9,0,0.08605919245627075,0.7355264587937339,6,interleaved
6010,10,0,0.9887748468418845,0.3322292984033729,6,interleaved
6011,11,0,0.7994018022669267,0.5255479039948479,6,interleaved
6012,12,0,0.006535327314660446,0.9020641306659086,6,interleaved
6013,13,0,0.9855297904330043,0.9106679091378859,6,interleaved
6014,14,0,0.7606882217804704,0.5603512792960736,6,interleaved
6015,15,0,0.4904718947902085,0.8771976725175654,6,interleaved
6016,16,0,0.8927058535331802,0.7577790931130846,6,interleaved
6017,17,0,0.5645897434833574,0.741180065791718,6,interleaved
6018,18,0,0.055353807606597735,0.5302867737726704,6,interleaved
6019,19,0,0.8853077066264026,1.063485887890255,6,interleaved
6020,20,0,0.9750184083742868,1.0043957435247115,6,interleaved
6021,21,0,0.9839261239146755,0.42591757414826126,6,interleaved
6022,22,0,0.4355476180204544,0.5975740285214,6,interleaved
6023,23,0,0.5525073300806115,0.891983136426253,6,interleaved
6024,24,0,0.9417117941388342,0.6522598342442587,6,interleaved
6025,25,0,0.4998929565049278,0.6873969676244454,6,interleaved
6026,26,0,0.4337815665165069,0.605726873638126,6,interleaved
6027,27,0,0.8980216338298896,0.6213285283895934,6,interleaved
6028,28,0,0.7606257917469652,0.5725564436442088,6,interleaved
6029,29,0,0.555439653558179,0.7358523155732775,6,interleaved
6030,30,0,0.417726193508339,0.9714868105504606,6,interleaved
6031,31,0,0.503593130338591,1.0331801538449406,6,interleaved
6032,32,0,0.44477068563699823,0.6938663456370453,6,interleaved
6033,33,0,0.27470938029972525,0.8815799535358746,6,interleaved
6034,34,0,0.9986832049710554,0.8561811866524802,6,interleaved
6035,35,0,0.5962450893451587,0.6682504864815755,6,interleaved
6036,36,0,0.010773361515993311,1.1545745014682867,6,interleaved
6037,37,0,0.5071483750047681,0.8123390412894371,6,interleaved
6038,38,0,0.5042187909175749,0.8055471894814521,6,interleaved
6039,39,0,0.5001378346047756,1.432364757097665,6,interleaved
6040,40,0,0.9788479046512467,0.81987136027611,6,interleaved
6041,41,0,0.5121031349412948,0.6800563898393803,6,interleaved
6042,42,0,0.8632176309295709,0.6174753190266268,6,interleaved
6043,43,0,0.41914902425168576,0.7153375808177144,6,interleaved
6044,44,0,0.49438080595345807,0.537259768411684,6,interleaved
6045,45,0,0.6752240127914106,0.42125510926650256,6,interleaved
6046,46,0,0.6525881087521257,0.5287073313672351,6,interleaved
6047,47,0,0.9402450409931462,0.5806000846282771,6,interleaved
6048,48,0,0.7798421508624962,0.669842053131954,6,interleaved
6049,49,0,0.5621551196881739,0.5499238283135928,6,interleaved
6050,50,0,0.13648395678847464,0.7074762110237671,6,interleaved
6051,51,0,0.5112362417691886,0.6419289551498677,6,interleaved
6052,52,0,0.11730419645404043,0.860469318815483,6,interleaved
6053,53,0,0.5282369615672217,0.7447479085682314,6,interleaved
6054,54,0,0.9954374463487583,0.8833402576224516,6,interleaved
6055,55,0,0.03139370095990314,0.9394639258079296,6,interleaved
6056,56,0,0.4965481341937295,0.6114744992586878,6,interleaved
6057,57,0,0.4402510021647611,0.8651264934921035,6,interleaved
6058,58,0,0.5003329301357833,0.862382229628576,6,interleaved
6059,59,0,0.48236836067816263,0.8377638359755417,6,interleaved
6060,60,0,0.5826841448332721,0.7599233578947582,6,interleaved
6061,61,0,0.49641168660300955,1.0468289883199804,6,interleaved
6062,62,0,0.9913962780343142,0.9028809209223714,6,interleaved
6063,63,0,0.501714965291318,0.78815941623649,6,interleaved
6064,64,0,0.7068796199398761,0.5185833820491724,6,interleaved
6065,65,0,0.5620629070542025,1.0095387059859535,6,interleaved
6066,66,0,0.6525182168091368,0.5827439627177775,6,interleaved
6067,67,0,0.9957853911159987,0.9037568895095174,6,interleaved
6068,68,0,0.9976252294856429,0.7652844171284543,6,interleaved
6069,69,0,0.5437328280843197,1.0609440161322543,6,interleaved
6070,70,0,0.9904059723781617,0.5743056706355579,6,interleaved
6071,71,0,0.7495525092136416,1.1123914862735789,6,interleaved
6072,72,0,0.8502958160984981,0.33305646030342684,6,interleaved
6073,73,0,0.3880359814924893,1.0822951758676118,6,interleaved
6074,74,0,0.34413152533481506,0.9241582693776264,6,interleaved
6075,75,0,0.5302613082074629,0.6983965446512093,6,interleaved
6076,76,0,0.5533119949423844,0.7655742309258411,6,interleaved
6077,77,0,0.3891993869973105,0.6383644355888856,6,interleaved
6078,78,0,0.15291827274212935,1.0271296231268048,6,interleaved
6079,79,0,0.34239439008252714,0.4822297283837572,6,interleaved
6080,80,0,0.4823383350943405,0.4840087136275212,6,interleaved
6081,81,0,0.47545460412586027,0.8244380998762798,6,interleaved
6082,82,0,0.9846196573941979,0.6881817710540609,6,interleaved
6083,83,0,0.5354786434407609,0.6126754744432522,6,interleaved
6084,84,0,0.5158895877325896,0.6134394461004227,6,interleaved
6085,85,0,0.49676961080764986,1.0856842274960186,6,interleaved
6086,86,0,0.24991779317484228,0.6062289133585805,6,interleaved
6087,87,0,0.13487827343666534,0.7004938844218322,6,interleaved
6088,88,0,0.9909187773648498,0.6505565395000197,6,interleaved
6089,89,0,0.9763251129810129,0.41766988360196095,6,interleaved
6090,90,0,0.5758638729999197,0.3634669981418523,6,interleaved
6091,91,0,0.7405294729022838,0.578030543728633,6,interleaved
6092,92,0,0.9912873445726855,0.48131251957251764,6,interleaved
6093,93,0,0.24311010718103646,0.7721382293683011,6,interleaved
6094,94,0,0.9286571227061704,0.5602437691415676,6,interleaved
6095,95,0,0.6493122556322728,0.6001718979763571,6,interleaved
6096,96,0,0.6082660580183266,0.5617595650001057,6,interleaved
6097,97,0,0.9791881645098361,0.6195450755799834,6,interleaved
6098,98,0,0.9801698305348092,0.5391543239949901,6,interleaved
6099,99,0,0.4410428946195971,0.6678573385358197,6,interleaved
6100,100,0,0.9282500898376784,0.6430518446647335,6,interleaved
6101,101,0,0.8005073327919981,0.7424268273662349,6,interleaved
6102,102,0,0.9999639719798542,0.9074357570972519,6,interleaved
6103,103,0,0.5083813035211544,0.6562329114010056,6,interleaved
6104,104,0,0.06975683260823098,0.6839599830993608,6,interleaved
6105,105,0,0.5803468796656042,0.6508927851025814,6,interleaved
6106,106,0,0.8201569414683545,0.4456732135928758,6,interleaved
6107,107,0,0.9040363913832012,0.47173503446295073,6,interleaved
6108,108,0,0.16508174692713576,0.7589780867694367,6,interleaved
6109,109,0,0.773301129187705,0.7142164428921502,6,interleaved
6110,110,0,0.9900289817603276,0.6633176059093111,6,interleaved
6111,111,0,0.5403346424160521,0.7697498049303582,6,interleaved
6112,112,0,0.4993674361351427,0.6380826124640004,6,interleaved
6113,113,0,0.7809218761080963,0.6347941902124512,6,interleaved
6114,114,0,0.42952266993573723,0.9002520357335484,6,interleaved
6115,115,0,0.9999659513992744,0.5556844446479395,6,interleaved
6116,116,0,0.5063519791832651,0.7850282393537249,6,interleaved
6117,117,0,0.8943572772842177,0.7442810204903032,6,interleaved
6118,118,0,0.9196044940381013,0.5501261018242287,6,interleaved
6119,119,0,0.01673736850210995,0.9686459630082913,6,interleaved
6120,120,0,0.9989470112177439,0.4743518561448584,6,interleaved
6121,121,0,0.49022022775727453,0.6735117646278366,6,interleaved
6122,122,0,0.0030082559881419793,0.9713832862688956,6,interleaved
6123,123,0,0.24711800662479522,1.2871007677335728,6,interleaved
6124,124,0,0.4126459990120803,0.48785235521269776,6,interleaved
6125,125,0,0.977783643358286,0.5756355194216551,6,interleaved
6126,126,0,0.5759777924066597,0.4993800389787356,6,interleaved
6127,127,0,0.5278343915450578,0.5586441773989598,6,interleaved
6128,128,0,0.7794701672348936,0.4844992095309907,6,interleaved
6129,129,0,0.5077941424203166,0.4997916454417777,6,interleaved
6130,130,0,0.9940538448616767,0.7659398849630537,6,interleaved
6131,131,0,0.5054921818096499,0.9120480333794058,6,interleaved
6132,132,0,0.5476951804975647,0.5908914676364931,6,interleaved
6133,133,0,0.7903093288137175,0.49920771890510834,6,interleaved
6134,134,0,0.9467538118949989,0.6681679259740643,6,interleaved
6135,135,0,0.07294664066587014,0.6815566165080552,6,interleaved
6136,136,0,0.15791464401144162,0.6290860544404931,6,interleaved
6137,137,0,0.9190800613970924,0.48110210659484887,6,interleaved
6138,138,0,0.6328131555570351,0.47980472878656755,6,interleaved
6139,139,0,0.5005840002887605,0.7131751033294647,6,interleaved
6140,140,0,0.4960373808347058,0.8520879779045709,6,interleaved
6141,141,0,0.37799619627755815,0.8705959336127748,6,interleaved
6142,142,0,0.2601631046192571,0.578393292275691,6,interleaved
6143,143,0,0.08378022466728974,0.608824905109736,6,interleaved
6144,144,0,0.9936784914564352,0.7399946843536644,6,interleaved
6145,145,0,0.8312066907345116,0.5688438097563553,6,interleaved
6146,146,0,0.37809328821063415,0.8159211458616589,6,interleaved
6147,147,0,0.9923447966363642,0.634192993806471,6,interleaved
6148,148,0,0.9996327079543599,0.6046428821582623,6,interleaved
6149,149,0,0.48844790751129724,0.8448772079260896,6,interleaved
6150,150,0,0.7711698029161884,0.6474096594960939,6,interleaved
6151,151,0,0.8791886455399451,0.38274477656911177,6,interleaved
6152,152,0,0.7471073733573508,0.5687344184676186,6,interleaved
6153,153,0,0.9594377286677463,0.5215033249068091,6,interleaved
6154,154,0,0.08220257331823407,0.7228773758419557,6,interleaved
6155,155,0,0.8721055212843541,0.5081015564085505,6,interleaved
6156,156,0,0.6113928156072082,0.4884558670762399,6,interleaved
6157,157,0,0.49210667967264254,0.7677800014860333,6,interleaved
6158,158,0,0.9900965867405287,0.49150097934428283,6,interleaved
6159,159,0,0.6192481844423307,0.679897752603445,6,interleaved
6160,160,0,0.6559201612049491,0.594812314101711,6,interleaved
6161,161,0,0.7623995517043405,0.4706948184666541,6,interleaved
6162,162,0,0.8330959985873649,0.5931639045487527,6,interleaved
6163,163,0,0.5755080917891773,0.6729262871911681,6,interleaved
6164,164,0,0.3666718643561989,0.6976037626586367,6,interleaved
6165,165,0,0.9993589556143867,0.520734893480677,6,interleaved
6166,166,0,0.9773188115785545,0.33555490886302203,6,interleaved
6167,167,0,0.14121674403994047,0.671556489535985,6,interleaved
6168,168,0,0.5150499496055775,0.3968095388294524,6,interleaved
6169,169,0,0.4294909315455607,0.9694410291644728,6,interleaved
6170,170,0,0.11527591105310271,0.7082304992867765,6,interleaved
6171,171,0,0.7721880538666943,0.6018650006189645,6,interleaved
6172,172,0,0.2858276266782003,0.5388655212531638,6,interleaved
6173,173,0,0.9906434150938734,0.42751198385711475,6,interleaved
6174,174,0,0.6614394570853215,0.4323626732708375,6,interleaved
6175,175,0,0.9648148948484685,0.6066524259770674,6,interleaved
6176,176,0,0.5061421123169552,0.6543284447252351,6,interleaved
6177,177,0,0.9997759778490903,0.48505813374862,6,interleaved
6178,178,0,0.9588677221616082,0.2781987786448126,6,interleaved
6179,179,0,0.9980150332374751,0.5191813379767085,6,interleaved
6180,180,0,0.5369206623507762,0.3856077173769443,6,interleaved
6181,181,0,0.4582410363721693,0.5496343892483063,6,interleaved
6182,182,0,0.5826019452344606,0.6126970267196239,6,interleaved
6183,183,0,0.9289247606668813,0.6233472660459533,6,interleaved
6184,184,0,0.8024447463316868,0.5214594076888389,6,interleaved
6185,185,0,0.9949873593973064,0.2611116444377036,6,interleaved
6186,186,0,0.9985878958046843,0.32127095821443996,6,interleaved
6187,187,0,0.30979301245103935,0.5093031718844508,6,interleaved
6188,188,0,0.9689167083890524,0.6671942158572319,6,interleaved
6189,189,0,0.562694401127735,0.4285194502818781,6,interleaved
6190,190,0,0.5270013524581189,0.4824802241725922,6,interleaved
6191,191,0,0.5978538588549482,0.39701949912150686,6,interleaved
6192,192,0,0.5654884972185686,0.627886356628578,6,interleaved
6193,193,0,0.3060887611365943,0.8710851883100543,6,interleaved
6194,194,0,0.8994023248598234,0.49423023692221857,6,interleaved
6195,195,0,0.9881797499821281,0.5913723841310558,6,interleaved
6196,196,0,0.7405317197401553,0.6072646534744195,6,interleaved
6197,197,0,0.44535432220016213,0.688799495381426,6,interleaved
6198,198,0,0.07640268103821805,0.7825526483476651,6,interleaved
6199,199,0,0.5014954946149215,0.5775815724973231,6,interleaved
6200,0,0,0.9412654950189501,0.6899395207857527,6,blocked
6201,1,0,0.06379554589115374,0.5719020331529135,6,blocked
6202,2,0,0.1718095881849273,0.5805030346983711,6,blocked
6203,3,0,0.9738058050213303,0.7227586829083334,6,blocked
6204,4,0,0.3975101969075167,0.8234523701122559,6,blocked
6205,5,0,0.40177181793384215,0.7817174854956312,6,blocked
6206,6,0,0.7600531834675595,0.85240395967989,6,blocked
6207,7,0,0.27564926816843016,0.7129585096059907,6,blocked
6208,8,0,0.11977355244783414,0.6052493469724829,6,blocked
6209,9,0,0.3831851716389861,0.6479705046562794,6,blocked
6210,10,0,0.9153312109684151,0.36972508655973635,6,blocked
6211,11,0,0.13461202331015354,0.7740119416089322,6,blocked
6212,12,0,0.90556784843775,0.5075994032430307,6,blocked
6213,13,0,0.5745614785282017,0.5979691925650658,6,blocked
6214,14,0,0.42864480399353627,0.8425352648978812,6,blocked
6215,15,0,0.26398173190794566,0.9874497934952111,6,blocked
6216,16,0,0.7353336780053804,0.593415315647738,6,blocked
6217,17,0,0.9532420033453608,0.47225996278283733,6,blocked
6218,18,0,0.5154779347652995,0.43757261169474193,6,blocked
6219,19,0,0.993448801097778,0.5541824059179,6,blocked
6220,20,0,0.7548181555128655,0.5767934827079975,6,blocked
6221,21,0,0.5766887845596909,0.8916512464077156,6,blocked
6222,22,0,0.5082689527327213,0.7998327908607837,6,blocked
6223,23,0,0.008234306151064838,0.7835374794757552,6,blocked
6224,24,0,0.9934210106614877,0.676409658844253,6,blocked
6225,25,0,0.46099560793150945,0.9084701924318934,6,blocked
6226,26,0,0.6112999763077075,0.5411243845855015,6,blocked
6227,27,0,0.04279613035710369,0.9666681206927576,6,blocked
6228,28,0,0.7893244102350654,0.48451140895784856,6,blocked
6229,29,0,0.5113031003929918,0.8152457376391902,6,blocked
6230,30,0,0.5857559101651097,0.457322936482792,6,blocked
6231,31,0,0.5655592415436841,0.7006519609528208,6,blocked
6232,32,0,0.9497717520152983,0.4653876686506967,6,blocked
6233,33,0,0.9092711626981881,0.5400838307428775,6,blocked
6234,34,0,0.7368371211679983,0.573625250680094,6,blocked
6235,35,0,0.5192274502566577,0.812284086392209,6,blocked
6236,36,0,0.9999644447711868,0.8514823971618719,6,blocked
6237,37,0,0.9659274100578628,0.7455069347959037,6,blocked
6238,38,0,0.9914382080325805,0.9408030564785805,6,blocked
6239,39,0,0.9106558801413112,0.5796735731149326,6,blocked
6240,40,0,0.03498080504812704,1.4052111486815684,6,blocked
6241,41,0,0.9997216914232983,0.8487543471982462,6,blocked
6242,42,0,0.39301251276161164,0.5249972682406477,6,blocked
6243,43,0,0.9590834291301633,0.5825343080709928,6,blocked
6244,44,0,0.5003128519041227,0.7723816896090391,6,blocked
6245,45,0,0.6662240096703144,0.686353356856154,6,blocked
6246,46,0,0.9067824995983458,0.5557213902952154,6,blocked
6247,47,0,0.5051839995625118,0.6141460493053976,6,blocked
6248,48,0,0.5105797385939413,0.6292547265199067,6,blocked
6249,49,0,0.23186351702159896,0.8874204451352409,6,blocked
6250,50,0,0.16850465347596247,0.5485011289682751,6,blocked
6251,51,0,0.5355835296952693,0.6649523442563557,6,blocked
6252,52,0,0.5160926420605284,0.9041847298267492,6,blocked
6253,53,0,0.49940076351503093,0.6613178519694567,6,blocked
6254,54,0,0.9706434981077878,0.7289843667782122,6,blocked
6255,55,0,0.43703350817838205,0.76056912530529,6,blocked
6256,56,0,0.1404638718976265,0.8494935217535222,6,blocked
6257,57,0,0.3492654622769648,0.7084011698094759,6,blocked
6258,58,0,0.6681590303392724,0.7720442341332896,6,blocked
6259,59,0,0.9198227484592756,0.8961792390700224,6,blocked
6260,60,0,0.9818071690090959,0.6215542327481896,6,blocked
6261,61,0,0.23804988977132424,0.6128650872467242,6,blocked
6262,62,0,0.08193134883153008,0.7329137312541101,6,blocked
6263,63,0,0.9899260342356986,0.43348212756502424,6,blocked
6264,64,0,0.391863997941341,0.44641088154060304,6,blocked
6265,65,0,0.9971932173565986,0.85857842904972,6,blocked
6266,66,0,0.42733819088013125,0.6717052987060367,6,blocked
6267,67,0,0.99926418854326,0.7119042656403782,6,blocked
6268,68,0,0.3479481806503817,0.5070764144832638,6,blocked
6269,69,0,0.8291019834813365,0.7245355033318265,6,blocked
6270,70,0,0.5855636410538897,0.5562365150144621,6,blocked
6271,71,0,0.6738539485249082,0.39924952125925556,6,blocked
6272,72,0,0.6462033570788445,0.5185989372227289,6,blocked
6273,73,0,0.961590210871997,0.3570289028758532,6,blocked
6274,74,0,0.9744302762949295,0.5257838998394453,6,blocked
6275,75,0,0.9917495755066914,0.42807275705173975,6,blocked
6276,76,0,0.9940273441215814,0.5757242148932553,6,blocked
6277,77,0,0.7871645686184483,0.469000629355937,6,blocked
6278,78,0,0.5124469013388764,1.1396654623584932,6,blocked
6279,79,0,0.2377812854223216,0.7793968537776679,6,blocked
6280,80,0,0.03643861770244973,0.8417495025515056,6,blocked
6281,81,0,0.06507514640910445,0.8119282318378794,6,blocked
6282,82,0,0.5027516317638495,0.48118483807137025,6,blocked
6283,83,0,0.9856135273332882,0.5803548515341914,6,blocked
6284,84,0,0.9950986560813402,0.8843023619966073,6,blocked
6285,85,0,0.9362217262247756,0.43854600477321043,6,blocked
6286,86,0,0.4793266374324785,0.5720427800211272,6,blocked
6287,87,0,0.9167117786428923,0.4836550019949991,6,blocked
6288,88,0,0.8702264158768335,0.7383785849792165,6,blocked
6289,89,0,0.7860389286357894,0.44199060202791285,6,blocked
6290,90,0,0.5346617498303314,0.7822455090046596,6,blocked
6291,91,0,0.16130854880184572,0.5987481552223342,6,blocked
6292,92,0,0.5477355700862822,0.49260452570045765,6,blocked
6293,93,0,0.9546330118270505,0.45120297384562225,6,blocked
6294,94,0,0.9976670357666451,0.5764883513804607,6,blocked
6295,95,0,0.8073540481230652,0.36098631838185924,6,blocked
6296,96,0,0.8635302845515878,0.5420035658930689,6,blocked
6297,97,0,0.6641112207649784,0.688317161839951,6,blocked
6298,98,0,0.9841466524203346,0.5265177457394369,6,blocked
6299,99,0,0.6470193437422803,0.5324610216851633,6,blocked
6300,100,0,0.9689058360365866,0.5291074688411608,6,blocked
6301,101,0,0.9389879529924283,0.7604390721593631,6,blocked
6302,102,0,0.9977829564249519,0.845002213089191,6,blocked
6303,103,0,0.9871660183398795,0.7374934087799211,6,blocked
6304,104,0,0.5827166530834688,0.6572479393273032,6,blocked
6305,105,0,0.9992571261944561,0.5030659919379539,6,blocked
6306,106,0,0.9984586320369185,0.5706100294181624,6,blocked
6307,107,0,0.8912854986895671,1.076243814671034,6,blocked
6308,108,0,0.7558887337516838,0.8258475455969567,6,blocked
6309,109,0,0.937962562243086,0.8273466864533922,6,blocked
6310,110,0,0.9278035676601806,0.768772380049598,6,blocked
6311,111,0,0.927745758390946,0.5936599174145152,6,blocked
6312,112,0,0.967270404294111,0.46990680948450403,6,blocked
6313,113,0,0.6886788590697448,0.7882932066141699,6,blocked
6314,114,0,0.5115949878885726,0.6508551268610595,6,blocked
6315,115,0,0.17422649985992422,0.5787452911629187,6,blocked
6316,116,0,0.9406713129555119,0.4177482290936456,6,blocked
6317,117,0,0.998312351875347,0.3848934760691467,6,blocked
6318,118,0,0.8023394688531373,0.6062719644859929,6,blocked
6319,119,0,0.9806912203874754,0.49384484156770597,6,blocked
6320,120,0,0.4959039439065623,0.6397615638114535,6,blocked
6321,121,0,0.4946749227370819,0.7231941809586636,6,blocked
6322,122,0,0.9511257385859118,0.8022222816353088,6,blocked
6323,123,0,0.4811732506869363,0.6706245776332748,6,blocked
6324,124,0,0.0964191897510513,0.6088994829918042,6,blocked
6325,125,0,0.5811174850394363,0.9504122761797161,6,blocked
6326,126,0,0.7676974331090414,0.7431780160530459,6,blocked
6327,127,0,0.9055549126356994,0.6288798221949614,6,blocked
6328,128,0,0.8682729904923836,0.502638991229152,6,blocked
6329,129,0,0.7535525642398708,0.6023829400268892,6,blocked
6330,130,0,0.25379019046273965,0.43677168805096783,6,blocked
6331,131,0,0.6880944266224904,0.5696386989466625,6,blocked
6332,132,0,0.5321482122105798,0.626940199942832,6,blocked
6333,133,0,0.9888991719865814,0.6663468174445144,6,blocked
6334,134,0,0.9278861566789893,0.4442890601044058,6,blocked
6335,135,0,0.9859871811857595,0.5175199274479675,6,blocked
6336,136,0,0.9728782840215562,0.9345506782954933,6,blocked
6337,137,0,0.8027692674617879,0.5086988398487989,6,blocked
6338,138,0,0.9921203286726641,0.34536394563896566,6,blocked
6339,139,0,0.9957892400577224,0.33582937036498894,6,blocked
6340,140,0,0.9923849152295616,0.4135792405675254,6,blocked
6341,141,0,0.997809222092416,0.4117321090268128,6,blocked
6342,142,0,0.9230130788980229,0.7818774631166807,6,blocked
6343,143,0,0.6327269113679452,0.5677425670252384,6,blocked
6344,144,0,0.5093111303135318,0.6458737414962501,6,blocked
6345,145,0,0.9997990748410812,0.7091875124106398,6,blocked
6346,146,0,0.9953237142029392,0.5454731483112987,6,blocked
6347,147,0,0.9958888607745635,0.8176772322978187,6,blocked
6348,148,0,0.9733948267109219,0.7590630395745626,6,blocked
6349,149,0,0.39375384182479306,0.4455888307615684,6,blocked
6350,150,0,0.99979232783169,0.6282770126326099,6,blocked
6351,151,0,0.6501181664710245,0.835543848271962,6,blocked
6352,152,0,0.5246334961211745,0.8680572562466313,6,blocked
6353,153,0,0.9687894375889183,0.6105228599529631,6,blocked
6354,154,0,0.6994730248181313,0.6344140876892699,6,blocked
6355,155,0,0.16941085579864626,0.8413646236000011,6,blocked
6356,156,0,0.9198199175084503,0.42531063276360953,6,blocked
6357,157,0,0.9778620086528336,0.535281867923892,6,blocked
6358,158,0,0.9996481796041771,0.5297533723872847,6,blocked
6359,159,0,0.7581521108891078,0.7098226411180649,6,blocked
6360,160,0,0.3335214515934384,0.5962767679918799,6,blocked
6361,161,0,0.6720726311564036,0.8695252538460246,6,blocked
6362,162,0,0.4999386371429434,0.7570271379959304,6,blocked
6363,163,0,0.9978622189260158,0.5841209465749715,6,blocked
6364,164,0,0.0015230409000693702,0.8350150023112404,6,blocked
6365,165,0,0.9944678733181483,0.6683746904741374,6,blocked
6366,166,0,0.9886327264386059,0.36745774468152936,6,blocked
6367,167,0,0.9172598786753964,0.5690901594035822,6,blocked
6368,168,0,0.66740671556681,0.4457477616660139,6,blocked
6369,169,0,0.8350439739433408,0.587557724030806,6,blocked
6370,170,0,0.9765414584481362,0.7046267103463357,6,blocked
6371,171,0,0.9314776559194586,0.571912644476168,6,blocked
6372,172,0,0.5774164194268785,0.6186572365528569,6,blocked
6373,173,0,0.9981534469338567,0.3742803804049738,6,blocked
6374,174,0,0.5137414431464502,0.5145303523487008,6,blocked
6375,175,0,0.26367402630627157,0.5564496288578489,6,blocked
6376,176,0,0.4976379071259421,1.0670209126977062,6,blocked
6377,177,0,0.5185573540231384,0.8721633463712228,6,blocked
6378,178,0,0.4646867121900111,0.6492288963892137,6,blocked
6379,179,0,0.048382092292134644,0.5835049405892667,6,blocked
6380,180,0,0.5550627852086569,0.9004801547554522,6,blocked
6381,181,0,0.9702320758908339,0.4487698170752816,6,blocked
6382,182,0,0.999060899478573,0.44758964866063733,6,blocked
6383,183,0,0.48212557431192715,0.6301728774655856,6,blocked
6384,184,0,0.5153442701881936,0.6166913003857649,6,blocked
6385,185,0,0.8916200108839301,0.5384390744952696,6,blocked
6386,186,0,0.9327717224159303,0.6547193522239025,6,blocked
6387,187,0,0.7091535116129208,0.4622272564881964,6,blocked
6388,188,0,0.6253387405642885,0.7138406908866191,6,blocked
6389,189,0,0.5145880589838423,0.6762163803933231,6,blocked
6390,190,0,0.9998937663357732,0.6206660432930425,6,blocked
6391,191,0,0.46065127829562336,0.6309741420424015,6,blocked
6392,192,0,0.9758372244214559,0.6599533119890053,6,blocked
6393,193,0,0.9941623178820869,0.6525660031368918,6,blocked
6394,194,0,0.9976776075177747,0.6512600956317719,6,blocked
6395,195,0,0.4315174637184489,0.7075864529639093,6,blocked
6396,196,0,0.19642065933199424,0.5382048923562807,6,blocked
6397,197,0,0.9661737464215202,0.44477034789967784,6,blocked
6398,198,0,0.9875679140812783,0.47724831484194385,6,blocked
6399,199,0,0.9989997007448723,0.5926276798648891,6,blocked
6400,0,0,0.8667779736659429,0.6282501525505532,6,early
6401,1,0,0.3551630037385396,0.7660252064408194,6,early
6402,2,0,0.3484569875816799,0.5410675314857983,6,early
6403,3,0,0.5658755850574042,0.711959012329537,6,early
6404,4,0,0.6416013437829977,0.6987716611635331,6,early
6405,5,0,0.7695804270900264,0.7092926787902135,6,early
6406,6,0,0.4012824640885036,0.762713234979706,6,early
6407,7,0,0.6937080419988391,0.7054994088228148,6,early
6408,8,0,0.3532517785469793,0.6126680089656107,6,early
6409,9,0,0.13872148692678538,0.918755190618374,6,early
6410,10,0,0.8210953145598806,0.6355682177646652,6,early
6411,11,0,0.8119189629038002,0.6258026835920021,6,early
6412,12,0,0.11344057050996803,0.5777591987282125,6,early
6413,13,0,0.48994600670039795,0.5548888889852034,6,early
6414,14,0,0.945121150106855,0.6649437106937162,6,early
6415,15,0,0.9842504382534815,0.5894158679355548,6,early
6416,16,0,0.9253860506187694,0.7693618537586353,6,early
6417,17,0,0.4954416716016592,0.7607043014118471,6,early
6418,18,0,0.7538812084445833,0.7274128543508818,6,early
6419,19,0,0.999549380872495,0.6311793551707326,6,early
6420,20,0,0.6555838295973384,0.6714462268316936,6,early
6421,21,0,0.9984621890090705,0.6537174454548589,6,early
6422,22,0,0.48047758451839395,0.43172156818309615,6,early
6423,23,0,0.42711864114557146,0.6558150609683128,6,early
6424,24,0,0.11310876056172652,0.8278736305894283,6,early
6425,25,0,0.5286386131374627,0.5317454841599221,6,early
6426,26,0,0.9580294295303671,0.6409162965632456,6,early
6427,27,0,0.44098508867716973,0.8711774335455131,6,early
6428,28,0,0.8471677674638316,0.5181295463009123,6,early
6429,29,0,0.5509172866752046,0.4984410419384876,6,early
6430,30,0,0.8441468182823677,0.7402812625052528,6,early
6431,31,0,0.47739337005121074,0.7447357964047157,6,early
6432,32,0,0.2992254360549584,0.7678926964566962,6,early
6433,33,0,0.36629461135478314,0.6464121763828328,6,early
6434,34,0,0.1962688061593431,0.6485787803858365,6,early
6435,35,0,0.46788152018870016,1.128655120760964,6,early
6436,36,0,0.4251698342489468,0.7279447637769714,6,early
6437,37,0,0.6088449507546813,1.0571966111863587,6,early
6438,38,0,0.9946300479738133,0.5481167638101582,6,early
6439,39,0,0.6358322412876625,0.69046457985262,6,early
6440,40,0,0.44281961260259367,0.6267354971649541,6,early
6441,41,0,0.029052598083355,0.8125216149233169,6,early
6442,42,0,0.9474022489445113,0.3536767481796564,6,early
6443,43,0,0.25508076023133397,0.5591458071401012,6,early
6444,44,0,0.5067160912066289,0.8591473134912033,6,early
6445,45,0,0.5998545062869909,0.4693968459265975,6,early
6446,46,0,0.12354658742978508,0.8736949467204754,6,early
6447,47,0,0.4233178444130625,0.8882397167988924,6,early
6448,48,0,0.2199678225833303,0.54155749746948,6,early
6449,49,0,0.8258165338150756,0.8327915420029204,6,early
6450,50,0,0.06144396091474323,0.9344350755315551,6,early
6451,51,0,0.006158987709299874,1.3625763074555364,6,early
6452,52,0,0.46361277909907417,0.8095894356022515,6,early
6453,53,0,0.14639377190627517,0.9509739530285255,6,early
6454,54,0,0.9995114231381668,0.6162733245439596,6,early
6455,55,0,0.9300341617847245,0.5805842213775717,6,early
6456,56,0,0.9961847531217991,0.7467848551500892,6,early
6457,57,0,0.7261429465920686,0.6115342490498367,6,early
6458,58,0,0.9329157604656496,0.6095392606455101,6,early
6459,59,0,0.5570644605301183,0.653132031535004,6,early
6460,60,0,0.005298908899756141,0.9794928357796889,6,early
6461,61,0,0.004983810368725211,1.307371505569774,6,early
6462,62,0,0.27898712284749677,0.6286468724472805,6,early
6463,63,0,0.9956580720653088,0.5608172773876516,6,early
6464,64,0,0.4949768423987619,0.7780991475381924,6,early
6465,65,0,0.46430826485902443,0.7103682028148782,6,early
6466,66,0,0.9967322124499052,0.447044180348119,6,early
6467,67,0,0.40595544952284107,0.4518036107213204,6,early
6468,68,0,0.31035324530320846,0.7615967781955151,6,early
6469,69,0,0.8706061161833616,0.7420542375919486,6,early
6470,70,0,0.7349435686454369,0.5543902280302251,6,early
6471,71,0,0.9978654797022551,0.4090352799320561,6,early
6472,72,0,0.5586525488408584,0.6750162378787968,6,early
6473,73,0,0.9597506423998456,0.36431093029167466,6,early
6474,74,0,0.9980429345857993,0.7352998070531082,6,early
6475,75,0,0.49892674659720737,0.7333982279198443,6,early
6476,76,0,0.10439242910360304,0.6209423194562618,6,early
6477,77,0,0.5393490081129635,0.7413290630667488,6,early
6478,78,0,0.29595317709518504,0.749775202265087,6,early
6479,79,0,0.9461890089264618,0.5485650655428314,6,early
6480,80,0,0.46261084274436265,0.8810392328847882,6,early
6481,81,0,0.473559128858421,0.5595930748089629,6,early
6482,82,0,0.12029947692124807,0.6899419899390975,6,early
6483,83,0,0.5022869571960911,0.5666454151997774,6,early
6484,84,0,0.5075051769252054,0.490376131933094,6,early
6485,85,0,0.9981785971291881,0.6286186915229561,6,early
6486,86,0,0.9457082560329797,0.6264797572107668,6,early
6487,87,0,0.1412005198834422,0.6982825136888844,6,early
6488,88,0,0.4836040881490037,0.6941181764964666,6,early
6489,89,0,0.9778604829126414,0.8046552845884875,6,early
6490,90,0,0.22585864622036583,0.8235578523548159,6,early
6491,91,0,0.5328634964723115,0.5290379068616671,6,early
6492,92,0,0.7288301855497396,0.7061211561343028,6,early
6493,93,0,0.13034776157424136,0.9302997435574794,6,early
6494,94,0,0.04899035377700471,0.7661645286965447,6,early
6495,95,0,0.5002261129208351,0.9046058551705134,6,early
6496,96,0,0.4749698262199996,0.9151637838745361,6,early
6497,97,0,0.5029654841996144,0.5408773635243957,6,early
6498,98,0,0.9411960002767392,0.46188026851003505,6,early
6499,99,0,0.7041117126478242,0.49741561278077984,6,early
6500,100,0,0.49384898476680117,0.6901392783686847,6,early
6501,101,0,0.4935073788647994,0.8993293927437553,6,early
6502,102,0,0.9743676781405598,1.0709859867824143,6,early
6503,103,0,0.9740648822151978,0.41765018419901956,6,early
6504,104,0,0.007611398145947611,1.076711548316973,6,early
6505,105,0,0.49645616115907976,0.9099642286865344,6,early
6506,106,0,0.5030339482611431,0.8236620775237543,6,early
6507,107,0,0.02955891917547162,0.6420363416004453,6,early
6508,108,0,0.6874197407060002,0.5899435688533331,6,early
6509,109,0,0.15742617253223723,0.7278757189183895,6,early
6510,110,0,0.4799139058570097,0.6132081578806418,6,early
6511,111,0,0.4999770509020063,1.132313198345173,6,early
6512,112,0,0.029047392153122,0.7342353337343981,6,early
6513,113,0,0.5072937042215085,0.7606428015685247,6,early
6514,114,0,0.5620070388834819,0.7353075417636439,6,early
6515,115,0,0.9919506176868994,0.4835074754574595,6,early
6516,116,0,0.5166543778978174,0.6751084231351107,6,early
6517,117,0,0.3502827520617062,0.4846968977003524,6,early
6518,118,0,0.5227317431546626,0.62673816424563,6,early
6519,119,0,0.386633734277818,0.5977598895517529,6,early
6520,120,0,0.9544539901248987,0.4993748312041829,6,early
6521,121,0,0.49399277747355264,0.6507420796607429,6,early
6522,122,0,0.5664414392567967,0.5670570522826244,6,early
6523,123,0,0.5047285651137221,0.8168429691715386,6,early
6524,124,0,0.49565317135775355,0.6484609469551548,6,early
6525,125,0,0.5174701778681177,0.4310865952223154,6,early
6526,126,0,0.7426098292094078,0.5692496034929723,6,early
6527,127,0,0.33067416174621217,0.7818430967723944,6,early
6528,128,0,0.9311064267679232,0.6633411758941922,6,early
6529,129,0,0.689481573820341,0.5164526792909252,6,early
6530,130,0,0.2737122092923365,0.644852057789717,6,early
6531,131,0,0.8856057392212804,0.6364671926711483,6,early
6532,132,0,0.9257971189177912,0.4116093967859519,6,early
6533,133,0,0.9948722891288694,0.5294527287041201,6,early
6534,134,0,0.8604355668531041,0.496954458139774,6,early
6535,135,0,0.49995287879436356,0.9020338801561869,6,early
6536,136,0,0.5522075955228624,0.5067882556291898,6,early
6537,137,0,0.22716051415799454,0.5447393902743876,6,early
6538,138,0,0.5165592789144173,0.8338143150237702,6,early
6539,139,0,0.9433582294909739,0.6638652129604693,6,early
6540,140,0,0.8961299425316793,1.0462261937404032,6,early
6541,141,0,0.49589134220882736,0.6333621389955465,6,early
6542,142,0,0.19217751009721995,0.5428090504626413,6,early
6543,143,0,0.4616602298037037,0.7003062592171112,6,early
6544,144,0,0.5004798570756955,0.806846019604623,6,early
6545,145,0,0.863376385809717,0.4204323651498837,6,early
6546,146,0,0.4746918921607682,0.8470114997992976,6,early
6547,147,0,0.46600596370227454,0.7293733111350815,6,early
6548,148,0,0.6636600745862924,0.48593656747012687,6,early
6549,149,0,0.5613231118932537,0.6138925909307801,6,early
6550,150,0,0.6030784098140558,0.4948918244951488,6,early
6551,151,0,0.2970421563654929,1.044709830401342,6,early
6552,152,0,0.2394380889822552,0.8760963175873981,6,early
6553,153,0,0.9997504721615297,0.42148759233509536,6,early
6554,154,0,0.9464116956263591,0.5534351579109797,6,early
6555,155,0,0.9992368008997536,0.8525031747772708,6,early
6556,156,0,0.2778026188689462,0.7865882233693406,6,early
6557,157,0,0.01846179072655458,0.7383025314158846,6,early
6558,158,0,0.06460553719768707,0.7296208479598887,6,early
6559,159,0,0.8930329686153791,0.635131453901202,6,early
6560,160,0,0.31337377674212985,0.9177303957610806,6,early
6561,161,0,0.9848994904525066,0.6397743475653546,6,early
6562,162,0,0.7269134802197148,0.5952843494743579,6,early
6563,163,0,0.5686048934935223,0.6644844345312811,6,early
6564,164,0,0.5130791063308544,0.7284736916418291,6,early
6565,165,0,0.2761215309607805,0.5335187191759165,6,early
6566,166,0,0.24676149335823996,0.8074407779685915,6,early
6567,167,0,0.33876703175092465,1.0875397068053179,6,early
6568,168,0,0.9632703045168198,0.4054695578930024,6,early
6569,169,0,0.5268014217001905,0.5507006454487493,6,early
6570,170,0,0.6198551655473027,0.6297343616397344,6,early
6571,171,0,0.012021723361151267,0.7791729627272408,6,early
6572,172,0,0.5792881163879708,0.640141237229648,6,early
6573,173,0,0.36863966014506366,0.5315695111232098,6,early
6574,174,0,0.9897982279404777,0.8577751810564442,6,early
6575,175,0,0.52710878004858,0.8020219696448553,6,early
6576,176,0,0.0070554122335767635,1.1224463939265845,6,early
6577,177,0,0.47892015489695616,0.3966146288317324,6,early
6578,178,0,0.7538885565132496,0.49650761975927504,6,early
6579,179,0,0.37761082846833827,0.8064157092509301,6,early
6580,180,0,0.689688566813748,0.5581360994004199,6,early
6581,181,0,0.0035521007937667883,0.7313719223597526,6,early
6582,182,0,0.05800184178218095,0.7103969038462468,6,early
6583,183,0,0.45561378252555407,0.9010623095466215,6,early
6584,184,0,0.9721970202849873,0.5853292861114076,6,early
6585,185,0,0.9995529535585723,0.6278471575559073,6,early
6586,186,0,0.5195986021781049,0.5912407203280794,6,early
6587,187,0,0.21425776789114107,0.7655117786929444,6,early
6588,188,0,0.7255592206507401,0.5559876908176697,6,early
6589,189,0,0.7215484942859746,0.7022276290177019,6,early
6590,190,0,0.8130276716735041,0.7355541574524829,6,early
6591,191,0,0.9942620084875576,0.48272143894946395,6,early
6592,192,0,0.6372278368543217,0.6037515685316672,6,early
6593,193,0,0.5278986644759281,0.7084908493297206,6,early
6594,194,0,0.5220560990484839,0.5738790818726804,6,early
6595,195,0,0.03644910675962776,0.8697698797227584,6,early
6596,196,0,0.250043594381883,0.8070817199746254,6,early
6597,197,0,0.0470170485668986,0.9195518357510397,6,early
6598,198,0,0.5166825854594352,0.6236270205307455,6,early
6599,199,0,0.2668648927822961,0.8905784964994423,6,early
6600,0,0,0.6284478904805748,0.6565473284675905,6,middle
6601,1,0,0.5954162865420312,0.4960053450034504,6,middle
6602,2,0,0.477632878499348,0.7175014106448614,6,middle
6603,3,0,0.5768022874236697,0.733119251077891,6,middle
6604,4,0,0.136602223837707,0.7471514645229176,6,middle
6605,5,0,0.14329568307862683,0.9840320544156431,6,middle
6606,6,0,0.32460489345191906,0.6066770124418757,6,middle
6607,7,0,0.2795295812109073,0.505211133831148,6,middle
6608,8,0,0.47848003636231673,0.7381252137205898,6,middle
6609,9,0,0.48215301979804503,0.7008457172648475,6,middle
6610,10,0,0.4305807551338245,0.5619047204521064,6,middle
6611,11,0,0.7628023893864313,0.5863742587489147,6,middle
6612,12,0,0.47896136474241835,0.8616116614894701,6,middle
6613,13,0,0.48085151786399305,0.7073068217000432,6,middle
6614,14,0,0.5077725730437578,0.7103923025410614,6,middle
6615,15,0,0.7118639210971909,0.8442751171530627,6,middle
6616,16,0,0.717619328646083,0.8594529185983226,6,middle
6617,17,0,0.02529757758045436,0.6585877806761784,6,middle
6618,18,0,0.45974545404983064,0.7403684369648909,6,middle
6619,19,0,0.33557388761865947,0.8258348783423354,6,middle
6620,20,0,0.1950037079644776,0.48591209403720376,6,middle
6621,21,0,0.8598743552508653,0.6278808487200951,6,middle
6622,22,0,0.5002370730170931,0.6317318980930401,6,middle
6623,23,0,0.3382986623540713,0.9059188714911899,6,middle
6624,24,0,0.4707581576840936,0.9952828065966755,6,middle
6625,25,0,0.1372661597483778,0.9114018793837058,6,middle
6626,26,0,0.49998616945145086,0.9500690036592996,6,middle
6627,27,0,0.3837530788919833,0.9686418168334436,6,middle
6628,28,0,0.48836707662734247,0.7946927913826021,6,middle
6629,29,0,0.45596462981883673,0.8585963938721902,6,middle
6630,30,0,0.8124902516385983,0.7178684677472308,6,middle
6631,31,0,0.43132904075452794,0.8888396420908931,6,middle
6632,32,0,0.3725710674207591,1.144001847781649,6,middle
6633,33,0,0.6002427771830607,0.6204790486863677,6,middle
6634,34,0,0.5990275046105098,0.9613889231193335,6,middle
6635,35,0,0.9782263474004218,0.8702210033369883,6,middle
6636,36,0,0.1913083574303451,0.6301506418274595,6,middle
6637,37,0,0.06082096724421235,0.8318577226998979,6,middle
6638,38,0,0.5025569711715672,0.524320730331041,6,middle
6639,39,0,0.9599367626182174,0.6721282183909734,6,middle
6640,40,0,0.4566788926805554,1.083638400970725,6,middle
6641,41,0,0.4200793922248618,0.9853331277302361,6,middle
6642,42,0,0.4998694662191144,1.2562993826451674,6,middle
6643,43,0,0.4798664192413789,1.00778379349267,6,middle
6644,44,0,0.9778946235104036,0.6749653975288972,6,middle
6645,45,0,0.5001925942708529,0.9999105918663469,6,middle
6646,46,0,0.8771264862174395,0.7566040921397026,6,middle
6647,47,0,0.5187884822764062,0.6551198345173128,6,middle
6648,48,0,0.06109413118852622,1.0469830311716732,6,middle
6649,49,0,0.5139721103876382,1.0557520059571472,6,middle
6650,50,0,0.5081829619047744,0.6289812274030122,6,middle
6651,51,0,0.8734411571029836,0.4697284434661879,6,middle
6652,52,0,0.5605513114023508,0.46287118753046796,6,middle
6653,53,0,0.9340098227957743,0.5929626290128653,6,middle
6654,54,0,0.9971577979710314,0.832618731138973,6,middle
6655,55,0,0.3908346279945208,0.6598520156506252,6,middle
6656,56,0,0.5011798093048259,1.041386829082801,6,middle
6657,57,0,0.5016965551065582,0.630801390020636,6,middle
6658,58,0,0.6584951548720086,0.8770574784802592,6,middle
6659,59,0,0.4890084032933638,0.7618348519568345,6,middle
6660,60,0,0.6592763062507859,0.47280087378861146,6,middle
6661,61,0,0.5165115364845746,0.925269731538001,6,middle
6662,62,0,0.7911862624829085,0.6270069970436607,6,middle
6663,63,0,0.5835819998490214,0.4161844478506137,6,middle
6664,64,0,0.9693772824767662,0.5421069135044445,6,middle
6665,65,0,0.49073495405082107,0.895775806316848,6,middle
6666,66,0,0.5602532608986152,0.6193627855277068,6,middle
6667,67,0,0.9540534185282612,0.46808745831691867,6,middle
6668,68,0,0.38022853417803815,0.6063804378556926,6,middle
6669,69,0,0.49996505755956544,1.1149009118338615,6,middle
6670,70,0,0.48406899870881237,0.7011927357410023,6,middle
6671,71,0,0.7437951478726901,0.6940173677975175,6,middle
6672,72,0,0.4764272996243882,0.7442685606648947,6,middle
6673,73,0,0.7027297065680211,0.5752495968597374,6,middle
6674,74,0,0.9114194424502007,0.6287294080985336,6,middle
6675,75,0,0.49950470709868516,0.8358112875512778,6,middle
6676,76,0,0.4983542676027829,0.7350636063910749,6,middle
6677,77,0,0.6659772511992341,0.44781311639520094,6,middle
6678,78,0,0.5058536035542178,0.855139166890363,6,middle
6679,79,0,0.500128272748023,0.9133017004606432,6,middle
6680,80,0,0.5131707321312748,0.9637634464812775,6,middle
6681,81,0,0.08760293169344048,1.1525635504780383,6,middle
6682,82,0,0.9957257213637576,0.46874253915805536,6,middle
6683,83,0,0.14828443359286347,0.9033094328005443,6,middle
6684,84,0,0.004321570749368317,1.0546199025866811,6,middle
6685,85,0,0.9997561013751026,0.7660722547794204,6,middle
6686,86,0,0.9994429225876895,0.8972929073312841,6,middle
6687,87,0,0.24861330215717958,0.9163380661284933,6,middle
6688,88,0,0.5085517761955783,0.5767502632781141,6,middle
6689,89,0,0.9837544682440735,0.36965615368024163,6,middle
6690,90,0,0.027482282624431528,0.7431593221177238,6,middle
6691,91,0,0.2264905527321171,0.8502857163242746,6,middle
6692,92,0,0.09036731267712415,0.9552784428120671,6,middle
6693,93,0,0.9905614515241655,0.4696757177544312,6,middle
6694,94,0,0.09100578986970825,0.673692884965851,6,middle
6695,95,0,0.15734639296442668,0.9249287912760163,6,middle
6696,96,0,0.19791297955404094,0.649695264941895,6,middle
6697,97,0,0.5123583083831874,0.6882201185487957,6,middle
6698,98,0,0.7572375660587634,0.5359827598593288,6,middle
6699,99,0,0.8852620866630279,0.4390637235311494,6,middle
6700,100,0,0.9999307931423175,0.4155795679740038,6,middle
6701,101,0,0.9912049896536883,0.29595185704695504,6,middle
6702,102,0,0.022060319820320667,1.0848335679219812,6,middle
6703,103,0,0.9999991761499962,1.1009676052072328,6,middle
6704,104,0,0.699594473115017,0.8951702989917475,6,middle
6705,105,0,0.9961466619509793,0.7911690305432113,6,middle
6706,106,0,0.6216071510659571,0.6799528294349413,6,middle
6707,107,0,0.5722160389328168,0.6547908479940698,6,middle
6708,108,0,0.9765433163560158,0.6098681698192543,6,middle
6709,109,0,0.9637091244644582,0.8268505920013415,6,middle
6710,110,0,0.9999998691523372,1.0730871070911214,6,middle
6711,111,0,0.5188793643050141,1.5373108457262903,6,middle
6712,112,0,0.4435188560239971,1.369956235642774,6,middle
6713,113,0,0.07946331277721794,0.9176366784823884,6,middle
6714,114,0,0.9999988945447599,1.0005407671914366,6,middle
6715,115,0,0.8016381307500929,0.6182112661930812,6,middle
6716,116,0,0.9977691677996969,0.6501158366263823,6,middle
6717,117,0,0.8200885091801546,0.5157320020052012,6,middle
6718,118,0,0.968717214320556,0.6948067129372132,6,middle
6719,119,0,0.9044892110447798,0.589794492933409,6,middle
6720,120,0,0.48813585441321883,0.6527069787258413,6,middle
6721,121,0,0.9825832214996804,0.4162751067170636,6,middle
6722,122,0,0.4981386031517038,0.48056026384224154,6,middle
6723,123,0,0.9983432420810414,0.4901597125309697,6,middle
6724,124,0,0.49998899673878205,1.0544962350046927,6,middle
6725,125,0,0.7476758831819024,0.650896072201866,6,middle
6726,126,0,0.7282729168110662,0.5790934213405481,6,middle
6727,127,0,0.9999936415874348,1.0445615212340498,6,middle
6728,128,0,0.4891638305205313,0.7269262715429797,6,middle
6729,129,0,0.47457782352468075,0.7744978156298676,6,middle
6730,130,0,0.6083770066669061,0.4878934286305663,6,middle
6731,131,0,0.9958839766497105,0.7323566872024518,6,middle
6732,132,0,0.9141985981956741,0.44668559052914714,6,middle
6733,133,0,0.87237687589455,0.5654133374334229,6,middle
6734,134,0,0.5001841992222125,0.5304187310799102,6,middle
6735,135,0,0.9972526043151944,0.8445461368492857,6,middle
6736,136,0,0.6626693036950889,0.6268050448008711,6,middle
6737,137,0,0.13944525397579044,0.7815168665727457,6,middle
6738,138,0,0.499603448152314,0.7160783880662978,6,middle
6739,139,0,0.12461326458396624,0.8970270103993425,6,middle
6740,140,0,0.5001738901808868,0.7377438610142384,6,middle
6741,141,0,0.9987828805272234,0.648766876110809,6,middle
6742,142,0,0.4730390437307155,1.2561773839496166,6,middle
6743,143,0,0.4355232363153083,0.49017502927183676,6,middle
6744,144,0,0.5019140508996373,0.7819349302103449,6,middle
6745,145,0,0.1425207995114124,0.6296090865894295,6,middle
6746,146,0,0.4317291983991983,0.5386035759613196,6,middle
6747,147,0,0.4060032269747844,0.8545426610945053,6,middle
6748,148,0,0.6051817690584307,0.6118494811211272,6,middle
6749,149,0,0.9794791691960781,0.47704863549913434,6,middle
6750,150,0,0.5058891511171046,0.5819490567726034,6,middle
6751,151,0,0.12958440370777982,0.908881182997811,6,middle
6752,152,0,0.504365358489151,0.7598774107147612,6,middle
6753,153,0,0.055549764044342934,1.2013842222047368,6,middle
6754,154,0,0.6456890241153954,0.6555504802101475,6,middle
6755,155,0,0.9945526541005459,0.7263662254901937,6,middle
6756,156,0,0.865104005299546,0.6520741538495594,6,middle
6757,157,0,0.9801222511686618,0.7265240263306749,6,middle
6758,158,0,0.6136334324825946,0.690370463659749,6,middle
6759,159,0,0.05977986485969525,0.8543616089407211,6,middle
6760,160,0,0.9998893814822948,0.535922723499757,6,middle
6761,161,0,0.9896646122068375,0.507077989241918,6,middle
6762,162,0,0.5011867633841269,0.7189812300262466,6,middle
6763,163,0,0.5803024386744166,0.5644491410737064,6,middle
6764,164,0,0.9040600509361864,0.852523159604867,6,middle
6765,165,0,0.9993122617351065,0.7836856952841571,6,middle
6766,166,0,0.9998275363579081,0.4268138362738183,6,middle
6767,167,0,0.939455452464913,0.6555720862160552,6,middle
6768,168,0,0.6346498353130569,0.507531766886604,6,middle
6769,169,0,0.9989278524858307,0.828847386483365,6,middle
6770,170,0,0.6192995169327938,0.5272236653244555,6,middle
6771,171,0,0.18698973491647986,0.73115427781425,6,middle
6772,172,0,0.9577662995369325,0.8078919316722515,6,middle
6773,173,0,0.6479174000122654,0.8449076145412645,6,middle
6774,174,0,0.876177886974552,0.7344082530170355,6,middle
6775,175,0,0.40382852210494796,1.0737712642693276,6,middle
6776,176,0,0.42138390661406117,0.8204502449887432,6,middle
6777,177,0,0.4636416464524295,0.8357497456738052,6,middle
6778,178,0,0.994084228306467,0.6948939325353932,6,middle
6779,179,0,0.7777304131241229,0.7214838828240595,6,middle
6780,180,0,0.9999643340895734,0.6666085318728618,6,middle
6781,181,0,0.4690775672269689,0.5578517858812121,6,middle
6782,182,0,0.6682099836598625,0.5389997451368059,6,middle
6783,183,0,0.999939539899665,0.6610932014272664,6,middle
6784,184,0,0.7201157838312182,0.6007149974539336,6,middle
6785,185,0,0.9992660259870848,0.6072045150011813,6,middle
6786,186,0,0.5492258909066312,0.878582963939553,6,middle
6787,187,0,0.49238744256444944,0.8118282455950521,6,middle
6788,188,0,0.9433452195789008,0.7577129535739278,6,middle
6789,189,0,0.5793218250718739,0.5151548083553887,6,middle
6790,190,0,0.8703204579117223,0.9133814246333931,6,middle
6791,191,0,0.5001988936238247,1.2597903067649177,6,middle
6792,192,0,0.035867277431780635,1.098076872714436,6,middle
6793,193,0,0.5007048252975046,0.9432757399537717,6,middle
6794,194,0,0.49943617766012316,0.8760786431811699,6,middle
6795,195,0,0.9114906489427843,0.40104039163109517,6,middle
6796,196,0,0.9788161470043582,0.5774940643084518,6,middle
6797,197,0,0.993266250793155,0.7175066725258173,6,middle
6798,198,0,0.5437075006059207,0.6160454228559451,6,middle
6799,199,0,0.9828008339722599,0.6819512292419302,6,middle
6800,0,0,0.8313456512996231,0.5266895090641497,6,late
6801,1,0,0.5139467841943013,0.5478709288141651,6,late
6802,2,0,0.9921600648650247,0.47134420421025514,6,late
6803,3,0,0.49904837852584866,0.6764119399286836,6,late
6804,4,0,0.8940984987686675,0.6044293806972709,6,late
6805,5,0,0.5023992940587494,0.5561112598409664,6,late
6806,6,0,0.33435654424156147,0.4446919903854882,6,late
6807,7,0,0.4999374581492857,0.6409216427681618,6,late
6808,8,0,0.10723489170988285,0.8938384204192656,6,late
6809,9,0,0.6869029144200058,0.4406020719654631,6,late
6810,10,0,0.9998076770167592,0.6811870720498736,6,late
6811,11,0,0.5420977648248146,0.2839316506967958,6,late
6812,12,0,0.07407716507908627,0.5299880443214402,6,late
6813,13,0,0.42315715972504,0.7359014090641975,6,late
6814,14,0,0.786301699713055,0.3940981696741997,6,late
6815,15,0,0.8817859741053375,0.5597179343611751,6,late
6816,16,0,0.9628475251675863,0.4664221645061398,6,late
6817,17,0,0.4575377108449401,0.6305449272611238,6,late
6818,18,0,0.510188446900902,1.133689889232261,6,late
6819,19,0,0.014436581296388338,1.0010805094971524,6,late
6820,20,0,0.9989264987132106,0.6967362864843616,6,late
6821,21,0,0.6877219272285673,0.4185373734686463,6,late
6822,22,0,0.8148534352299925,0.6802194686230563,6,late
6823,23,0,0.4962261119896348,1.1096252254787244,6,late
6824,24,0,0.8399577320664255,0.5176173976328733,6,late
6825,25,0,0.4049216781718769,0.6260558774617935,6,late
6826,26,0,0.19144842857035335,0.8594452904761469,6,late
6827,27,0,0.4999945202337404,0.6527315078555925,6,late
6828,28,0,0.6727703692596378,0.5531510508437871,6,late
6829,29,0,0.4631904468610263,0.6221416454179354,6,late
6830,30,0,0.49433111576491223,0.6175356092068565,6,late
6831,31,0,0.3580527381060829,0.5780203367667408,6,late
6832,32,0,0.9677329618531425,0.9693759815412378,6,late
6833,33,0,0.5715359277107196,0.45109476776267726,6,late
6834,34,0,0.9558613076148327,0.8919079794131886,6,late
6835,35,0,0.33555550189684186,1.026523712636317,6,late
6836,36,0,0.6044394928033492,0.9117527817971824,6,late
6837,37,0,0.5409116632012179,0.660871963367377,6,late
6838,38,0,0.22385258273037925,0.8162466540527655,6,late
6839,39,0,0.6473822200667565,0.5659567859283099,6,late
6840,40,0,0.5827384816526517,0.8814073506239753,6,late
6841,41,0,0.5831367267740655,0.4467378468461815,6,late
6842,42,0,0.5091907029827085,0.5919134352823657,6,late
6843,43,0,0.040616095289544296,0.879721102340112,6,late
6844,44,0,0.12926445903618974,0.8705255462211837,6,late
6845,45,0,0.5047560689470885,0.6057102107349307,6,late
6846,46,0,0.3165868374620062,1.1294043974507564,6,late
6847,47,0,0.49629741896393526,0.8262655924139735,6,late
6848,48,0,0.9337623248195288,0.381323244240133,6,late
6849,49,0,0.4978767411758099,0.6697162881708639,6,late
6850,50,0,0.6074385516760913,0.6937594094327217,6,late
6851,51,0,0.5001094756978379,0.8577214144333403,6,late
6852,52,0,0.5025481099869905,1.0741166490807104,6,late
6853,53,0,0.5547012223122311,0.4753868767731788,6,late
6854,54,0,0.8429598139127829,0.5485129862182986,6,late
6855,55,0,0.451320959675771,0.9996952972023798,6,late
6856,56,0,0.19561805412144023,0.5572556102310549,6,late
6857,57,0,0.5067028941563462,0.5205399702102909,6,late
6858,58,0,0.9159512046538913,0.9820396367489996,6,late
6859,59,0,0.47842212044239546,0.74874749922519,6,late
6860,60,0,0.9440117540699735,0.4891092749727617,6,late
6861,61,0,0.5879036928580981,0.4314553105185487,6,late
6862,62,0,0.9706813131587033,0.5210787419824705,6,late
6863,63,0,0.36686303628398054,0.7696738950304888,6,late
6864,64,0,0.9625998718549416,0.5360973781472654,6,late
6865,65,0,0.502951636922196,0.8030793216502214,6,late
6866,66,0,0.5149229062192262,0.8365335690913207,6,late
6867,67,0,0.49990835175665926,0.8463394357257206,6,late
6868,68,0,0.9905831484454848,0.8255910354009741,6,late
6869,69,0,0.18726981879037474,0.7019518357918689,6,late
6870,70,0,0.9676775163276893,0.4216721762787802,6,late
6871,71,0,0.5454641458669683,0.5773512311794273,6,late
6872,72,0,0.6055383048242154,0.5146040758505344,6,late
6873,73,0,0.4140229548217779,0.6998534065571449,6,late
6874,74,0,0.9892700101121941,0.8382807767986697,6,late
6875,75,0,0.4956016503361888,0.8825366273497836,6,late
6876,76,0,0.9831881882272354,0.697600206574051,6,late
6877,77,0,0.5072979473144944,0.8048777296329743,6,late
6878,78,0,0.8351857324622644,0.7472065861055373,6,late
6879,79,0,0.5000538852039588,0.7170904274649468,6,late
6880,80,0,0.28576420962510685,0.5092854752311753,6,late
6881,81,0,0.9117688628955072,0.5315844562764793,6,late
6882,82,0,0.02836029172430724,0.6433633299036379,6,late
6883,83,0,0.05811250501286475,0.6940061344691661,6,late
6884,84,0,0.9651337312103209,0.3782138329260035,6,late
6885,85,0,0.9996572884691143,0.47546521782268436,6,late
6886,86,0,0.5581885684602771,0.8305296906840736,6,late
6887,87,0,7.280603536997768e-06,0.9689275450108757,6,late
6888,88,0,0.4764717653540796,0.628877998212952,6,late
6889,89,0,0.8950894668535558,0.7578825349007375,6,late
6890,90,0,0.43518493331498714,0.5770349280631264,6,late
6891,91,0,0.5035180835216543,0.5260447571167257,6,late
6892,92,0,0.46966733134205707,0.5109956232631176,6,late
6893,93,0,0.7971510193194331,0.5892812232269348,6,late
6894,94,0,0.9976577266527767,0.9726670674697482,6,late
6895,95,0,0.9582449364039474,0.7094590299301802,6,late
6896,96,0,0.5006868863200936,0.8122302195503031,6,late
6897,97,0,0.36231449496685714,0.6253462819299975,6,late
6898,98,0,0.9977827387161952,0.6924629090724861,6,late
6899,99,0,0.5999087808632864,0.44403975583266786,6,late
6900,100,0,0.83494500152246,0.9099434901833274,6,late
6901,101,0,0.4071730069237643,0.7127536105753811,6,late
6902,102,0,0.9999201279498153,0.7451715832168322,6,late
6903,103,0,0.5069453011583056,0.5394008388405251,6,late
6904,104,0,0.9890300757547523,0.7103606826001085,6,late
6905,105,0,0.10274935598537054,1.0140322666146961,6,late
6906,106,0,0.9783312058664027,0.5841495859109103,6,late
6907,107,0,0.99472749596816,0.700820895236041,6,late
6908,108,0,0.5128379871683175,0.6268963846227904,6,late
6909,109,0,0.753021285105054,0.7660904516868929,6,late
6910,110,0,0.5134833038593707,0.7170848653864184,6,late
6911,111,0,0.989178259025837,0.37444324202124823,6,late
6912,112,0,0.36487014201897305,0.506960009145742,6,late
6913,113,0,0.0068028073791630474,0.6817322310393383,6,late
6914,114,0,0.9992034226609743,0.6143345211575091,6,late
6915,115,0,0.38008528865441815,0.845745502200629,6,late
6916,116,0,0.45632105271420487,0.6789087370906361,6,late
6917,117,0,0.5038621460337623,0.632156648334782,6,late
6918,118,0,0.5014503986912487,0.44953606606854635,6,late
6919,119,0,0.9857238786691169,0.6123939429196426,6,late
6920,120,0,0.49980944122388393,0.7542263899267573,6,late
6921,121,0,0.5231636382751255,0.5354400697377735,6,late
6922,122,0,0.035482075019061095,0.8826564652943778,6,late
6923,123,0,0.04374901601064544,0.9988936824594938,6,late
6924,124,0,0.9471705299708728,0.4717724958887687,6,late
6925,125,0,0.4118059906220728,0.8960428610430266,6,late
6926,126,0,0.5557850766449078,0.49403690420139434,6,late
6927,127,0,0.5269524624225921,0.7243799161759176,6,late
6928,128,0,0.4986835051899089,0.6385594158535604,6,late
6929,129,0,0.47485838859073937,0.9761888134095213,6,late
6930,130,0,0.4985292175804947,0.9682425038657838,6,late
6931,131,0,0.6054382426009571,0.49714894164597023,6,late
6932,132,0,0.9722086769259828,0.541814729785588,6,late
6933,133,0,0.5224332255055322,0.5093405729845862,6,late
6934,134,0,0.7715685522569621,0.7116543664223218,6,late
6935,135,0,0.6602958748246184,0.6000342296359759,6,late
6936,136,0,0.5191468407616954,0.5268257035998808,6,late
6937,137,0,0.4753466453616559,1.0175946599442107,6,late
6938,138,0,0.5142246576242561,0.4473267455053094,6,late
6939,139,0,0.9889818913371132,0.389916624584151,6,late
6940,140,0,0.9884911237146528,0.4629576640420761,6,late
6941,141,0,0.4234114869138515,0.8075210060866083,6,late
6942,142,0,0.8588583618064858,0.4935007170293926,6,late
6943,143,0,0.9770175758625319,0.5635438895578033,6,late
6944,144,0,0.944216458415218,0.6325857755845155,6,late
6945,145,0,0.27161719624599917,0.8772692588101654,6,late
6946,146,0,0.12112342987578151,0.625055114968506,6,late
6947,147,0,0.41978909758234223,0.8715516201889104,6,late
6948,148,0,0.9618309412944904,0.6982739439532772,6,late
6949,149,0,0.5224848598940808,0.9045247098584996,6,late
6950,150,0,0.3154598012172949,0.4976535010578038,6,late
6951,151,0,0.6096215412626538,0.8022036117441922,6,late
6952,152,0,0.498371844628632,0.8520665890220092,6,late
6953,153,0,0.9321461363781771,0.7681868348294887,6,late
6954,154,0,0.5752657315822497,0.6257995001692516,6,late
6955,155,0,0.5866513107746095,0.42388843466404336,6,late
6956,156,0,0.6872228593698746,0.42226309346224683,6,late
6957,157,0,0.9625998493877643,0.7956122242381364,6,late
6958,158,0,0.9978786608992398,0.5541414169766707,6,late
6959,159,0,0.5001292404678259,0.7759615117418355,6,late
6960,160,0,0.5554789603930415,0.7379677211907589,6,late
6961,161,0,0.7757750344156852,0.4456460728010516,6,late
6962,162,0,0.09128538043256074,0.6495997955588495,6,late
6963,163,0,0.5066478462464791,0.7584873410060202,6,late
6964,164,0,0.16486001850378698,0.7070830767189246,6,late
6965,165,0,0.5357851271464262,0.5496459132742461,6,late
6966,166,0,0.9556824874891651,0.5310031706850392,6,late
6967,167,0,0.9890233260825421,0.45461145933279534,6,late
6968,168,0,0.9699945290653644,0.3480783881314143,6,late
6969,169,0,0.9953280229096404,0.44319634550140785,6,late
6970,170,0,0.9921044961961328,0.5504113173552778,6,late
6971,171,0,0.5094474727381311,0.6264311991293068,6,late
6972,172,0,0.6445097433290873,0.5622323136037547,6,late
6973,173,0,0.5006613967737209,1.3235594748364128,6,late
6974,174,0,0.7096556314053274,0.8751015458992317,6,late
6975,175,0,0.49895185617173343,0.3954227479379039,6,late
6976,176,0,0.9912573125076996,0.41745360202672943,6,late
6977,177,0,0.15006794228869863,0.5868578110515174,6,late
6978,178,0,0.3790878143703347,0.8040298813852568,6,late
6979,179,0,0.5996094245567112,0.5761200752217965,6,late
6980,180,0,0.9738576338105553,0.45116301247115675,6,late
6981,181,0,0.8305529686445141,0.6123853153931227,6,late
6982,182,0,0.14112394333143613,0.7558866586615163,6,late
6983,183,0,0.9595130779180882,0.4555122152495009,6,late
6984,184,0,0.5037734740654088,0.6292599581642787,6,late
6985,185,0,0.47275697651383525,0.552176624632739,6,late
6986,186,0,0.9963508989961103,0.4293194757758481,6,late
6987,187,0,0.48105820579102043,0.667285176366342,6,late
6988,188,0,0.005315182602905788,0.7868048461054098,6,late
6989,189,0,0.9049795146955091,0.3625081200186181,6,late
6990,190,0,0.9785965325013604,0.43116525395569977,6,late
6991,191,0,0.5000059695369833,0.9155624471768055,6,late
6992,192,0,0.9567342608469835,0.5139814032692986,6,late
6993,193,0,0.5149528026754889,0.5500245951557798,6,late
6994,194,0,0.1850820677200478,0.6721605220137944,6,late
6995,195,0,0.9965689601513428,0.7229334533115688,6,late
6996,196,0,0.3665903123526426,0.7563036556036449,6,late
6997,197,0,0.4990206795355084,0.716005357998243,6,late
6998,198,0,0.5035601843617734,0.726644362119605,6,late
6999,199,0,0.987953454244539,0.5625557107200754,6,late
7000,0,0,0.0001896452821025339,1.0506997172361396,7,interleaved
7001,1,0,0.48469389476710906,0.599007502678979,7,interleaved
7002,2,0,0.06973716071016343,0.5397678738222906,7,interleaved
7003,3,0,0.7898119015793394,0.47163066892690314,7,interleaved
7004,4,0,0.29614391464646805,0.8174452855339477,7,interleaved
7005,5,0,0.5158122711003479,0.915191046698832,7,interleaved
7006,6,0,0.06504616377519122,0.832667162176046,7,interleaved
7007,7,0,0.43405680424927806,0.7050839736673808,7,interleaved
7008,8,0,0.5007241218520561,0.6982450014624404,7,interleaved
7009,9,0,0.49087296975904304,0.9192389510604616,7,interleaved
7010,10,0,0.320998008245038,0.8547535446735133,7,interleaved
7011,11,0,0.5029211535515421,0.60357863907513,7,interleaved
7012,12,0,0.5177045691806824,0.6762960620304612,7,interleaved
7013,13,0,0.4633540742450181,0.5606542233973998,7,interleaved
7014,14,0,0.7314396513817629,0.8241037621349081,7,interleaved
7015,15,0,0.5887905039617662,0.5948399245924392,7,interleaved
7016,16,0,0.5600641993839649,0.9767297586893259,7,interleaved
7017,17,0,0.49998237090104153,0.9627108965154934,7,interleaved
7018,18,0,0.856422564869773,0.6430088434187825,7,interleaved
7019,19,0,0.911985439239896,0.9548115227184215,7,interleaved
7020,20,0,0.0006141714124951702,0.6978753990300739,7,interleaved
7021,21,0,0.5003099132984277,0.8166075089268792,7,interleaved
7022,22,0,0.006524865941876713,0.9179301744954159,7,interleaved
7023,23,0,0.5013065367919205,0.732682639246655,7,interleaved
7024,24,0,0.7508062237519978,0.4510708258966272,7,interleaved
7025,25,0,0.6537932063123117,0.5650192807330672,7,interleaved
7026,26,0,0.9848529252920543,0.5019277701433624,7,interleaved
7027,27,0,0.500277978212187,0.7982237030920089,7,interleaved
7028,28,0,0.4258926058087729,0.5805430656567847,7,interleaved
7029,29,0,0.5000093425818914,1.0039832454979807,7,interleaved
7030,30,0,0.9874411006908688,0.9585899763588438,7,interleaved
7031,31,0,0.8958057134974629,0.5297325568575075,7,interleaved
7032,32,0,0.12261911596881282,0.809606131930362,7,interleaved
7033,33,0,0.4286528280527188,0.7964846719794733,7,interleaved
7034,34,0,0.6705296174114426,0.3094005726266873,7,interleaved
7035,35,0,0.9901488274155619,0.3546847388262042,7,interleaved
7036,36,0,0.0018308088108924421,0.9625823472647774,7,interleaved
7037,37,0,0.49921819128952954,1.1843366518189689,7,interleaved
7038,38,0,0.40733366692401707,1.05333862013509,7,interleaved
7039,39,0,0.4899637937380624,0.7009444606723965,7,interleaved
7040,40,0,0.6669875027422028,0.7777474265534845,7,interleaved
7041,41,0,0.5013539294906383,0.7119948869386845,7,interleaved
7042,42,0,0.04852464482956161,0.5811624536760323,7,interleaved
7043,43,0,0.4970154213451454,0.5693149382014154,7,interleaved
7044,44,0,0.4945348593273888,0.9601756961013714,7,interleaved
7045,45,0,0.03779089601198947,1.121220220989116,7,interleaved
7046,46,0,0.4544581252544431,0.6499468712999641,7,interleaved
7047,47,0,0.5032054898587446,0.6480927740159068,7,interleaved
7048,48,0,0.4346683473666114,0.6137790259949572,7,interleaved
7049,49,0,0.49599974503228333,0.8727030726318467,7,interleaved
7050,50,0,0.6890491283161643,0.9304107017145229,7,interleaved
7051,51,0,0.11422894024555258,0.7226845934426636,7,interleaved
7052,52,0,0.4027876105745457,1.1073689398737063,7,interleaved
7053,53,0,0.5139264145325458,0.5485080962201307,7,interleaved
7054,54,0,0.27334053824406684,0.7003087891282866,7,interleaved
7055,55,0,0.24662172952767292,0.6702563274851299,7,interleaved
7056,56,0,0.5091354894869594,0.7556150883506533,7,interleaved
7057,57,0,0.5035850909535609,0.7809369825732972,7,interleaved
7058,58,0,0.4264881549528109,0.8920839755782982,7,interleaved
7059,59,0,0.5044460477349382,0.5021971439551589,7,interleaved
7060,60,0,0.46947076023615164,0.7543232075818193,7,interleaved
7061,61,0,0.723762522602523,0.33581839705079597,7,interleaved
7062,62,0,0.5091529937558382,0.37713197323780856,7,interleaved
7063,63,0,0.5002419923374941,0.8551735205367668,7,interleaved
7064,64,0,0.40973714196768296,0.6262999278210492,7,interleaved
7065,65,0,0.5000770037975143,0.8255987662184245,7,interleaved
7066,66,0,0.0030336674797085683,0.7998246721014312,7,interleaved
7067,67,0,0.49998622717917046,1.264404772303711,7,interleaved
7068,68,0,0.5666276560109034,0.689995816873628,7,interleaved
7069,69,0,0.5274122741796641,0.7470308895407956,7,interleaved
7070,70,0,0.19068499875495853,0.9149482336827691,7,interleaved
7071,71,0,0.500011700812027,0.992641230083344,7,interleaved
7072,72,0,0.13561642520727524,0.6780083684530951,7,interleaved
7073,73,0,0.5757264031812732,0.8421301903218414,7,interleaved
7074,74,0,0.997411916708433,0.8648830032096609,7,interleaved
7075,75,0,0.5185907133529182,0.7666204048375103,7,interleaved
7076,76,0,0.9823412632537338,1.0200622005317568,7,interleaved
7077,77,0,0.6003822965902257,0.5074285000374302,7,interleaved
7078,78,0,0.9948646743995744,0.7370636283649301,7,interleaved
7079,79,0,0.8968962402457017,0.7903455312305445,7,interleaved
7080,80,0,0.12487410790946608,0.5763850972532845,7,interleaved
7081,81,0,0.5080636180111903,0.45189785870168864,7,interleaved
7082,82,0,0.6810634577200354,0.6006272413373439,7,interleaved
7083,83,0,0.9017888645594636,0.48763399511618927,7,interleaved
7084,84,0,0.001093035676806542,1.0771018916374242,7,interleaved
7085,85,0,0.9007426813557949,0.5832330536828623,7,interleaved
7086,86,0,0.8939791931026049,1.0698797573231875,7,interleaved
7087,87,0,0.9939331328812615,0.7546792809831506,7,interleaved
7088,88,0,0.3847659738236352,0.7592684285692084,7,interleaved
7089,89,0,0.9797342061473846,0.5305042027568059,7,interleaved
7090,90,0,0.9647497597468928,0.5145614850076619,7,interleaved
7091,91,0,0.0010343695215261311,1.1898726707645326,7,interleaved
7092,92,0,0.9532847893515692,0.71195092034197,7,interleaved
7093,93,0,0.8569663698285938,0.5379052097716714,7,interleaved
7094,94,0,0.8302756267428906,0.4725488015960718,7,interleaved
7095,95,0,0.8510671685900797,0.5977492907411948,7,interleaved
7096,96,0,0.9980034450241899,0.4607561793067509,7,interleaved
7097,97,0,0.6619029346852353,0.4758793568920755,7,interleaved
7098,98,0,0.0003352058162534821,0.9704607555594849,7,interleaved
7099,99,0,0.5081228146395719,0.6111578060033744,7,interleaved
7100,100,0,0.00044138088306257126,0.8890966613354971,7,interleaved
7101,101,0,0.5040046569320307,0.8115444004906358,7,interleaved
7102,102,0,0.5222758278648157,0.7973176999230294,7,interleaved
7103,103,0,0.5001253673992654,0.6301208384705628,7,interleaved
7104,104,0,0.031477763860508434,0.7499166939921041,7,interleaved
7105,105,0,0.5133690724729076,0.7271244594034441,7,interleaved
7106,106,0,0.47575884956796016,1.2954342507224261,7,interleaved
7107,107,0,0.5029210380021819,1.0835565765555326,7,interleaved
7108,108,0,0.5337664382772694,0.681830501103039,7,interleaved
7109,109,0,0.6334571920044969,0.7806695574727341,7,interleaved
7110,110,0,0.6862403786587639,0.5364247744437918,7,interleaved
7111,111,0,0.5970763880362058,0.5625516440720811,7,interleaved
7112,112,0,0.02690487012507182,0.5882048018493072,7,interleaved
7113,113,0,0.4997504421207276,0.9202446660281508,7,interleaved
7114,114,0,0.014281039920788805,0.8707528522981689,7,interleaved
7115,115,0,0.5004264297166738,0.604715890024605,7,interleaved
7116,116,0,0.5972994297520652,0.8043920947446488,7,interleaved
7117,117,0,0.905395341218805,0.908784231445162,7,interleaved
7118,118,0,0.9760299089714656,0.4777932059793053,7,interleaved
7119,119,0,0.675303354092622,0.5134994642837531,7,interleaved
7120,120,0,0.9972487653396915,0.5784260120802143,7,interleaved
7121,121,0,0.5003572579154864,1.0062389793875879,7,interleaved
7122,122,0,0.49648038738220945,0.7517625563208996,7,interleaved
7123,123,0,0.8869004372802574,0.3484162267322073,7,interleaved
7124,124,0,0.046087578275574324,0.6324807812854374,7,interleaved
7125,125,0,0.4983715947517086,0.6928755228900092,7,interleaved
7126,126,0,0.3118974013460206,0.4826370579063839,7,interleaved
7127,127,0,0.5078557092460326,0.6442668965481682,7,interleaved
7128,128,0,0.13149250767640241,0.5285776478766864,7,interleaved
7129,129,0,0.501058344396961,0.7542335528499963,7,interleaved
7130,130,0,0.6732361985652069,0.5535574294631191,7,interleaved
7131,131,0,0.49837008678385397,0.8292717082833694,7,interleaved
7132,132,0,0.42559242060321917,0.5565259901328624,7,interleaved
7133,133,0,0.7766094688186791,0.403154695721774,7,interleaved
7134,134,0,0.3180182786122468,0.6157471659688388,7,interleaved
7135,135,0,0.4611864874309351,0.6323325738851842,7,interleaved
7136,136,0,0.8935639101411291,0.41129082796292415,7,interleaved
7137,137,0,0.9596887116281005,0.9909840932274945,7,interleaved
7138,138,0,0.9858096671508394,0.9359264736760617,7,interleaved
7139,139,0,0.05434708729147001,0.7341344264766778,7,interleaved
7140,140,0,0.7287642337206195,0.6169167166105538,7,interleaved
7141,141,0,0.9850737765152228,0.4621582921321331,7,interleaved
7142,142,0,0.9925370771559234,0.5372599627713393,7,interleaved
7143,143,0,0.5659912890161782,0.6233199707980726,7,interleaved
7144,144,0,0.031571504549680364,0.7681076148410606,7,interleaved
7145,145,0,0.5007625819420242,0.7732542600991843,7,interleaved
7146,146,0,0.8691417520909992,0.4148904714004343,7,interleaved
7147,147,0,0.9677088356659519,0.3760964514200631,7,interleaved
7148,148,0,0.6655934995788032,0.39945608975614777,7,interleaved
7149,149,0,0.5059495505602342,0.7265659116637764,7,interleaved
7150,150,0,0.9878234337269846,0.8543873384652763,7,interleaved
7151,151,0,0.39399465787038823,0.6180559975144357,7,interleaved
7152,152,0,0.680497534793895,0.6206975732025963,7,interleaved
7153,153,0,0.9600237222990781,0.8427290485482661,7,interleaved
7154,154,0,0.005709204907833164,0.9888700749670966,7,interleaved
7155,155,0,0.4974601777568761,0.8892601318288371,7,interleaved
7156,156,0,0.5502385175496717,0.6424230506880132,7,interleaved
7157,157,0,0.5239340092092899,0.7226598028442565,7,interleaved
7158,158,0,0.6933849937020432,0.43825572061821516,7,interleaved
7159,159,0,0.46368183417897973,0.5653290765407101,7,interleaved
7160,160,0,0.9927997781216074,0.49740892609843723,7,interleaved
7161,161,0,0.011450713638049479,0.8898015927445977,7,interleaved
7162,162,0,0.00010137217560091668,0.6235001355299175,7,interleaved
7163,163,0,0.8413810351690815,1.069890780799709,7,interleaved
7164,164,0,0.4220909500418237,0.7165443583908881,7,interleaved
7165,165,0,0.48970548270418435,0.7473569255966603,7,interleaved
7166,166,0,0.5843221790158116,1.0872367131998213,7,interleaved
7167,167,0,0.42601145826249287,0.6060765335165981,7,interleaved
7168,168,0,0.49796234831409086,0.6014844646476202,7,interleaved
7169,169,0,0.43530930287754066,0.5702822199121227,7,interleaved
7170,170,0,0.9132876611439765,0.25472528693787116,7,interleaved
7171,171,0,0.424114043460552,0.7545865853495735,7,interleaved
7172,172,0,0.8996002656324642,0.5089554049212366,7,interleaved
7173,173,0,0.6637771256037021,0.5520093090468162,7,interleaved
7174,174,0,0.9947567114607325,0.6162033604295256,7,interleaved
7175,175,0,0.6498128348890955,0.426250869073296,7,interleaved
7176,176,0,0.06927412134437115,0.559088183632394,7,interleaved
7177,177,0,0.9732340931742807,0.4356823879760675,7,interleaved
7178,178,0,0.9829796122234038,0.6781686216636154,7,interleaved
7179,179,0,0.8057804440550473,0.4161047860901827,7,interleaved
7180,180,0,0.5788843571442015,0.42639836797301733,7,interleaved
7181,181,0,0.4982334539678719,0.8574066991125647,7,interleaved
7182,182,0,0.9886329998247603,0.3518749492394379,7,interleaved
7183,183,0,0.7220595413285078,0.8291354125279735,7,interleaved
7184,184,0,0.24254934828138613,0.8643542576419796,7,interleaved
7185,185,0,0.9960305717009889,0.7930175711924647,7,interleaved
7186,186,0,0.5011553364291481,0.659236668364916,7,interleaved
7187,187,0,0.5191798313251607,0.5748856908698508,7,interleaved
7188,188,0,0.0017144905555589924,0.9166350072088794,7,interleaved
7189,189,0,0.6138314460228826,0.427698878204528,7,interleaved
7190,190,0,0.8325650167930031,0.5411788906604553,7,interleaved
7191,191,0,0.7945928442174078,0.5900928156884306,7,interleaved
7192,192,0,0.02693842226904039,0.696962734665338,7,interleaved
7193,193,0,0.5320877871225453,0.6127792179902165,7,interleaved
7194,194,0,0.49830609440513374,0.7765345804900237,7,interleaved
7195,195,0,0.985286074799854,0.4497580216441882,7,interleaved
7196,196,0,0.9521662374399434,0.4060412511960836,7,interleaved
7197,197,0,0.5381433295268236,0.608078033269991,7,interleaved
7198,198,0,0.0015232385347291474,1.1173478464664517,7,interleaved
7199,199,0,0.5250288515748031,0.5837776260381025,7,interleaved
7200,0,0,0.19358267541771967,0.5801806741946021,7,blocked
7201,1,0,0.4584102741816113,0.6438914062463378,7,blocked
7202,2,0,0.7246343115054933,0.5488573002694723,7,blocked
7203,3,0,0.09447637065152036,0.7737880992669934,7,blocked
7204,4,0,0.5703548512289742,0.5701712488090409,7,blocked
7205,5,0,0.39323285545130343,0.8013647825774262,7,blocked
7206,6,0,0.049850789078215274,1.0830992743140044,7,blocked
7207,7,0,0.30087004334059453,0.7075779943962657,7,blocked
7208,8,0,0.9738265582180143,0.6418209822013536,7,blocked
7209,9,0,0.97532053083181,0.49140303372715377,7,blocked
7210,10,0,0.9420169266750249,0.37473203516012366,7,blocked
7211,11,0,0.9970362718684818,0.6198618133973246,7,blocked
7212,12,0,0.9782219640381771,0.494173322888789,7,blocked
7213,13,0,0.9878855410083849,0.5837894490492895,7,blocked
7214,14,0,0.0493279284299681,0.6573508706095068,7,blocked
7215,15,0,0.5034457867706182,0.7906259671098754,7,blocked
7216,16,0,0.9927639415380001,0.6299549268057967,7,blocked
7217,17,0,0.0690545012372882,1.0993373878083537,7,blocked
7218,18,0,0.74101263426922,0.5062879816601082,7,blocked
7219,19,0,0.848707391869761,0.7931466895351078,7,blocked
7220,20,0,0.7278652599905424,0.45595968033393,7,blocked
7221,21,0,0.9981297576441461,0.43560993985716856,7,blocked
7222,22,0,0.7731327535677965,0.720904590045705,7,blocked
7223,23,0,0.5196154007416971,0.7730779681815543,7,blocked
7224,24,0,0.5164883618817306,0.5660335290416197,7,blocked
7225,25,0,0.9782675085785497,0.39134681514803427,7,blocked
7226,26,0,0.9721046889505263,0.5482613116699722,7,blocked
7227,27,0,0.7622166518876436,0.7189197880821728,7,blocked
7228,28,0,0.9967577869304447,0.50100500234367,7,blocked
7229,29,0,0.9839265990669063,0.8875300709837124,7,blocked
7230,30,0,0.8870941446025534,0.5817819074381541,7,blocked
7231,31,0,0.9864922348051175,0.41401339532585435,7,blocked
7232,32,0,0.8901134511762281,0.907583888424736,7,blocked
7233,33,0,0.5583164761897401,0.5913868866251593,7,blocked
7234,34,0,0.758447624576644,0.5611203344283688,7,blocked
7235,35,0,0.9838055013016204,0.6047571370891153,7,blocked
7236,36,0,0.9208240360511037,0.6832963791750295,7,blocked
7237,37,0,0.5269481280974079,0.7618008153238525,7,blocked
7238,38,0,0.7501267413203903,0.5137239252527404,7,blocked
7239,39,0,0.9746955287061714,0.4358827715327718,7,blocked
7240,40,0,0.5745336048411911,0.6640917911429568,7,blocked
7241,41,0,0.004754886462509765,1.0620618025071196,7,blocked
7242,42,0,0.5832735927089846,0.7152282785670572,7,blocked
7243,43,0,6.474450068873925e-05,0.9563028089347348,7,blocked
7244,44,0,0.7401598576692472,0.5434752337065822,7,blocked
7245,45,0,0.993584999855224,0.6964649840906789,7,blocked
7246,46,0,0.3495447326066444,0.6641162615156022,7,blocked
7247,47,0,0.9934448257407893,0.5695604806785524,7,blocked
7248,48,0,0.12222270944685702,0.8889199210465052,7,blocked
7249,49,0,0.00021394649565890386,1.0595108531326338,7,blocked
7250,50,0,0.9715946509803607,0.62460138443786,7,blocked
7251,51,0,0.4238141898360972,0.5578907502221019,7,blocked
7252,52,0,0.9989877807128215,0.48772759060460524,7,blocked
7253,53,0,0.9981474907016707,0.5660134114429176,7,blocked
7254,54,0,0.3529521334254198,0.9585214051483704,7,blocked
7255,55,0,0.0018987817208246593,1.237483916722014,7,blocked
7256,56,0,0.9658896105179313,0.5044778731241022,7,blocked
7257,57,0,0.4898044586907784,0.9871957974340602,7,blocked
7258,58,0,0.6916129307114204,0.5848674111429981,7,blocked
7259,59,0,0.8149072945046347,0.45998274543840434,7,blocked
7260,60,0,0.9966406968949013,0.5725965235114141,7,blocked
7261,61,0,0.001463476780060339,0.857878235982072,7,blocked
7262,62,0,0.8355763397587439,0.46448627294790845,7,blocked
7263,63,0,0.5456479083291494,0.5372241618259421,7,blocked
7264,64,0,0.769086404044009,0.5104645039011924,7,blocked
7265,65,0,0.9630075229753378,0.4753899706960132,7,blocked
7266,66,0,0.6398495358018631,0.6130925723970443,7,blocked
7267,67,0,0.029162044323083884,0.9696697796020178,7,blocked
7268,68,0,0.9992879819864801,0.38792533985589034,7,blocked
7269,69,0,0.9980337470970322,0.34107601322327374,7,blocked
7270,70,0,0.9999549620122723,0.735863353085342,7,blocked
7271,71,0,0.3858671720042472,0.8580584816371046,7,blocked
7272,72,0,0.999952343276342,0.7863184977261594,7,blocked
7273,73,0,0.8274720098018109,0.4719900212005589,7,blocked
7274,74,0,0.7153868944488795,0.5756524934181105,7,blocked
7275,75,0,0.9555509413171306,0.4670153364721892,7,blocked
7276,76,0,0.22988364113417906,0.9519124377552737,7,blocked
7277,77,0,0.998162418694756,0.7424698754544629,7,blocked
7278,78,0,0.8020877624826905,0.4662364409921741,7,blocked
7279,79,0,0.9957401265843909,0.5176582340679876,7,blocked
7280,80,0,0.3539998902209653,0.7858756165706955,7,blocked
7281,81,0,0.48238666230294425,0.5084885242646954,7,blocked
7282,82,0,0.9496819836056083,0.6105420544391504,7,blocked
7283,83,0,0.21706870739675588,0.905777347955018,7,blocked
7284,84,0,0.0011478128201450853,1.0014796005188098,7,blocked
7285,85,0,0.32845860939016897,0.8453212065449092,7,blocked
7286,86,0,0.10068486224871007,0.811254430717804,7,blocked
7287,87,0,0.47432866295540205,0.6455080837087852,7,blocked
7288,88,0,0.5082381405805405,0.8526499788189206,7,blocked
7289,89,0,0.8965612507786342,0.5503033291633258,7,blocked
7290,90,0,0.4480715035414335,0.6373476552953085,7,blocked
7291,91,0,0.9967476081454277,0.7329326970888075,7,blocked
7292,92,0,0.7323525537051336,0.581335867699249,7,blocked
7293,93,0,0.7710618793195072,0.5873398131037482,7,blocked
7294,94,0,0.9928208900760311,0.7379803275523833,7,blocked
7295,95,0,0.9950321132076971,0.4793967645038044,7,blocked
7296,96,0,0.4876906044601145,0.7653708447766607,7,blocked
7297,97,0,0.9268467456421401,0.5125345541204099,7,blocked
7298,98,0,0.8179064134921785,0.6164945323024479,7,blocked
7299,99,0,0.0850473596682846,0.7578861139710203,7,blocked
7300,100,0,0.5497617958187564,0.678298348384631,7,blocked
7301,101,0,0.8058361671075742,0.4760068949424029,7,blocked
7302,102,0,0.9716711154560458,0.7625585054642924,7,blocked
7303,103,0,0.9872580226038417,0.5700656796364326,7,blocked
7304,104,0,0.8730945343413289,0.8257674654916363,7,blocked
7305,105,0,0.501861390901097,0.840867359978762,7,blocked
7306,106,0,0.9666264895599732,0.5229026709033694,7,blocked
7307,107,0,0.6976152711306661,0.7505506249937508,7,blocked
7308,108,0,0.990810228060536,0.6415535844587117,7,blocked
7309,109,0,0.9566940242040762,0.5337104778806497,7,blocked
7310,110,0,0.9008369875350506,0.5419105341624608,7,blocked
7311,111,0,0.7439399797706179,0.7021445376874572,7,blocked
7312,112,0,0.9653885013941457,0.6047559129038544,7,blocked
7313,113,0,0.6801371000356422,0.7201642680901787,7,blocked
7314,114,0,0.9129110117989486,0.6961485121988968,7,blocked
7315,115,0,0.49795926526198886,0.4697608117314359,7,blocked
7316,116,0,0.9999312933617075,0.4762638227912631,7,blocked
7317,117,0,0.8571230557808265,0.82312175448783,7,blocked
7318,118,0,0.9973523442368031,0.770039758055654,7,blocked
7319,119,0,0.7600929012239981,0.8885704946996388,7,blocked
7320,120,0,0.5012593843161511,0.7103440012788375,7,blocked
7321,121,0,0.8886651426540592,0.4059821561419374,7,blocked
7322,122,0,0.07000121983976389,0.8143007898314424,7,blocked
7323,123,0,0.8725401236714445,0.4114550823078454,7,blocked
7324,124,0,0.7379268686193983,0.6578511824759805,7,blocked
7325,125,0,0.9490842556366623,0.4745076819317372,7,blocked
7326,126,0,0.24735783292340338,1.280430635613327,7,blocked
7327,127,0,0.9853766096285879,0.7617839300500765,7,blocked
7328,128,0,0.034500391626494153,0.6298534953333541,7,blocked
7329,129,0,0.9797012986792397,0.38065490841058425,7,blocked
7330,130,0,0.5050153597927225,0.6030666613590607,7,blocked
7331,131,0,0.1915339745282078,0.5883026930144142,7,blocked
7332,132,0,0.398954117634873,0.5480600336202412,7,blocked
7333,133,0,0.9986671312364607,0.5273619496031337,7,blocked
7334,134,0,0.4567651994699831,0.6796638582732453,7,blocked
7335,135,0,0.5021200404246559,0.7768847647793847,7,blocked
7336,136,0,0.9916499348351169,0.46819648802405,7,blocked
7337,137,0,0.9614774541571671,0.6738983849647748,7,blocked
7338,138,0,0.23289318374107543,0.777298489889436,7,blocked
7339,139,0,0.04383176749894806,0.8493380232227759,7,blocked
7340,140,0,0.9343188758489072,0.5340304126459767,7,blocked
7341,141,0,0.3207576794479368,0.5294857951349212,7,blocked
7342,142,0,0.9018256681058832,0.4938126277727917,7,blocked
7343,143,0,0.9970198501261134,0.49920604654556766,7,blocked
7344,144,0,0.9873130996600432,0.38050674448589106,7,blocked
7345,145,0,0.996478233066931,0.6864048427269562,7,blocked
7346,146,0,0.7929074376250851,0.3695156693761544,7,blocked
7347,147,0,0.9963148791281461,0.8028837347782509,7,blocked
7348,148,0,0.8358022922125341,0.6286967764080936,7,blocked
7349,149,0,0.9132380404417577,0.49065596953251833,7,blocked
7350,150,0,0.5505579755094832,0.6459839077255528,7,blocked
7351,151,0,0.23986777580255406,0.6117203068918978,7,blocked
7352,152,0,0.9882206428349154,0.4451786274819404,7,blocked
7353,153,0,0.6394049743762827,0.7459940171694408,7,blocked
7354,154,0,0.505738920138342,0.7033753139728407,7,blocked
7355,155,0,0.9938906753739983,0.46103514417922387,7,blocked
7356,156,0,0.9857410409284936,0.6252389525855397,7,blocked
7357,157,0,0.5690042329078762,0.7372730704107265,7,blocked
7358,158,0,0.9983258291848756,0.9051370631323723,7,blocked
7359,159,0,0.9823361723788145,0.5723918659972771,7,blocked
7360,160,0,0.7423982883425687,0.6337115899691451,7,blocked
7361,161,0,0.15091638030170956,0.5570027314021756,7,blocked
7362,162,0,0.9634749232219613,0.6116426061187752,7,blocked
7363,163,0,0.8909445340026254,0.5860923525640722,7,blocked
7364,164,0,0.8931250083228173,0.7550518771775225,7,blocked
7365,165,0,0.7496565831966278,0.6494695597274007,7,blocked
7366,166,0,0.7054638853287606,0.5925113170558388,7,blocked
7367,167,0,0.9901916948572123,0.5081192891173821,7,blocked
7368,168,0,0.45365513372415517,0.8332989702774638,7,blocked
7369,169,0,0.12586569519122404,0.7026110932091976,7,blocked
7370,170,0,0.01823423288710051,0.5940684944411889,7,blocked
7371,171,0,0.6335037469990815,0.7664242300478488,7,blocked
7372,172,0,0.7388231574933901,0.49823187837449784,7,blocked
7373,173,0,0.5178973256555801,0.4778630831062227,7,blocked
7374,174,0,0.41881343358335155,0.5288356249522448,7,blocked
7375,175,0,0.9458609142435056,0.29225486513117216,7,blocked
7376,176,0,0.5613257033117548,0.522837152681223,7,blocked
7377,177,0,0.660635825361469,0.5353545110324959,7,blocked
7378,178,0,0.7409476406375963,0.4055090913965407,7,blocked
7379,179,0,0.6628238657743986,0.5202611830050757,7,blocked
7380,180,0,0.5346808971689514,0.5697219972531642,7,blocked
7381,181,0,0.908661412239459,0.3369485943267177,7,blocked
7382,182,0,0.09366006286635697,0.6291382825273966,7,blocked
7383,183,0,0.5017694266075499,0.8024150783645141,7,blocked
7384,184,0,0.98764745370007,0.5597466350149802,7,blocked
7385,185,0,0.9995628256092325,0.843623418833477,7,blocked
7386,186,0,0.9994851247522984,0.6290756620747939,7,blocked
7387,187,0,0.8374293390617631,0.3916623829032997,7,blocked
7388,188,0,0.7877713027504682,0.3276208001744091,7,blocked
7389,189,0,0.42579954284233335,0.4981410503288237,7,blocked
7390,190,0,0.9716606140504223,0.49396464131732015,7,blocked
7391,191,0,0.42646744606029763,0.5392969397266907,7,blocked
7392,192,0,0.2252683988711273,0.869817393652194,7,blocked
7393,193,0,0.50071805525737,0.7299308263189097,7,blocked
7394,194,0,0.7726616747098342,0.5685004787639328,7,blocked
7395,195,0,0.4992283353880338,0.84437093346134,7,blocked
7396,196,0,0.8529796217277497,0.6063712215699475,7,blocked
7397,197,0,0.45577702250781493,0.7782411060687571,7,blocked
7398,198,0,0.9961277239278069,0.7034672920536921,7,blocked
7399,199,0,0.44542701318768807,1.0453912726149213,7,blocked
7400,0,0,0.5723034265696226,0.5196025090194378,7,early
7401,1,0,0.40955064592812424,0.6986191394561744,7,early
7402,2,0,0.229396860897706,0.58355440112736,7,early
7403,3,0,0.5627492882436149,0.32257392758710995,7,early
7404,4,0,0.2636319870302071,0.41848024282371576,7,early
7405,5,0,0.09818540862527014,0.7698879786277145,7,early
7406,6,0,0.6226161375203729,0.5292429806240591,7,early
7407,7,0,0.19661799814937736,0.7151373066000017,7,early
7408,8,0,0.7746815609873197,0.46466541001620787,7,early
7409,9,0,0.19832869922063728,0.5143647017413493,7,early
7410,10,0,0.7126317257643962,0.5317172775813082,7,early
7411,11,0,0.32970877608253757,0.6490494305255244,7,early
7412,12,0,0.49365355957935547,0.5759799476854831,7,early
7413,13,0,0.39074200845528867,0.6494568321029214,7,early
7414,14,0,0.7563360017721419,0.4727502370177751,7,early
7415,15,0,0.49865549025975353,0.6663824358126372,7,early
7416,16,0,0.5678663090695844,0.7002960468424351,7,early
7417,17,0,0.6530792826397461,0.48763060706945704,7,early
7418,18,0,0.7871778422633374,0.697285692043724,7,early
7419,19,0,0.13435540550969396,0.6692766706963809,7,early
7420,20,0,0.8320744677534022,0.461482911492852,7,early
7421,21,0,0.9978276560361174,0.4531566892287819,7,early
7422,22,0,0.9329513017769354,0.45212720991568267,7,early
7423,23,0,0.17665915612982203,0.7732928637138505,7,early
7424,24,0,0.9837790920831465,0.7469521077185777,7,early
7425,25,0,0.5980411685332484,0.5431096378340425,7,early
7426,26,0,0.9922157099977331,0.8986689549480635,7,early
7427,27,0,0.49074611929270273,0.6319124858516666,7,early
7428,28,0,0.8307133265722941,0.510165846100439,7,early
7429,29,0,0.7732613076690614,0.48848977634317575,7,early
7430,30,0,0.5117873637069745,0.722142364429639,7,early
7431,31,0,0.9751403729034513,0.8134475826958161,7,early
7432,32,0,0.9019608498448994,0.4358861754813872,7,early
7433,33,0,0.5748797948081726,0.6139295093224062,7,early
7434,34,0,0.5698210362395062,0.7508072658654157,7,early
7435,35,0,0.6111359356766061,0.5496419223267037,7,early
7436,36,0,0.5087659746128455,0.7880431728448722,7,early
7437,37,0,0.9997152960309964,0.55330541990074,7,early
7438,38,0,0.0898474802552594,1.1191317914345902,7,early
7439,39,0,0.4976347348048599,0.8121940937659531,7,early
7440,40,0,0.006522795690204816,0.7216907757064382,7,early
7441,41,0,1.2253211679262714e-05,0.9707235635341114,7,early
7442,42,0,0.6318018748758326,0.6123920157358448,7,early
7443,43,0,0.018784973233295636,1.0833133713218808,7,early
7444,44,0,0.005797256410375501,0.746580992721804,7,early
7445,45,0,0.4359675303765404,1.244796964440902,7,early
7446,46,0,0.9113829539155827,0.7566079644261926,7,early
7447,47,0,0.008315132156248121,0.8149911088382455,7,early
7448,48,0,0.006208240974282462,0.8483589843979292,7,early
7449,49,0,0.00013761682938903628,0.8809342741468225,7,early
7450,50,0,0.8472831168851978,0.53284644044108,7,early
7451,51,0,0.012144856154529739,1.0735523301501093,7,early
7452,52,0,0.9395668355596789,0.5389564172194227,7,early
7453,53,0,0.26802975350343566,0.6960825060810538,7,early
7454,54,0,0.9976262354236696,0.7230064166035997,7,early
7455,55,0,0.5240781615255025,0.6707949635871927,7,early
7456,56,0,0.03224498903050717,0.8511462162210939,7,early
7457,57,0,0.21927045472486306,0.7193148649123373,7,early
7458,58,0,0.7708548983837067,0.60528821530791,7,early
7459,59,0,0.9992893911213123,0.7302381622265577,7,early
7460,60,0,0.0054326722766936085,0.9600994156554872,7,early
7461,61,0,0.7999333860834876,0.39473304123174113,7,early
7462,62,0,0.9912931137136822,0.5555292930515286,7,early
7463,63,0,0.001267930066478093,0.9418677634679385,7,early
7464,64,0,3.9989265375335e-06,1.2713208259476576,7,early
7465,65,0,0.9968631858322774,0.4977066156543161,7,early
7466,66,0,0.506687558286223,0.5790843418782277,7,early
7467,67,0,0.998245505908286,0.43763664910456557,7,early
7468,68,0,0.8440385001175137,0.5679050196961293,7,early
7469,69,0,0.021771234106020596,0.6263435807198597,7,early
7470,70,0,0.49156352982394325,0.530110698744551,7,early
7471,71,0,0.9712835032704894,0.5840411515059384,7,early
7472,72,0,0.7222924305592145,0.5034676140394556,7,early
7473,73,0,0.5241500769982119,0.8112217708990214,7,early
7474,74,0,0.988748439832402,0.5856485467423727,7,early
7475,75,0,0.48691088212031447,0.8614154043650326,7,early
7476,76,0,0.9989501921963244,0.4535455971221472,7,early
7477,77,0,0.9101623360290059,0.5005426876745847,7,early
7478,78,0,0.9901752476064725,0.5775806435086479,7,early
7479,79,0,0.9117569806401229,0.8010789442892132,7,early
7480,80,0,0.48087624234187826,0.8597034051638759,7,early
7481,81,0,0.4931089557057944,0.5915625100298203,7,early
7482,82,0,0.08736627534878082,0.7167363258688888,7,early
7483,83,0,0.9982384688081221,0.7160256601025643,7,early
7484,84,0,0.47943253755987014,0.5643376026854547,7,early
7485,85,0,0.5852357976041246,0.703868304213074,7,early
7486,86,0,0.5261508719763954,0.6217616513780317,7,early
7487,87,0,0.40797470843877454,0.6560291627406964,7,early
7488,88,0,0.49940998905261824,0.5658846609967096,7,early
7489,89,0,0.018027639266750623,0.7308895160168015,7,early
7490,90,0,0.3433651838341526,0.7067219159355487,7,early
7491,91,0,0.6039774306303853,0.763769273772567,7,early
7492,92,0,0.2097706459426199,0.6804541047924242,7,early
7493,93,0,0.5949556431728469,0.6645548163310515,7,early
7494,94,0,0.64074812518761,0.9393326005495916,7,early
7495,95,0,0.9802502469770917,0.6995332967353602,7,early
7496,96,0,0.4693418891516571,0.6523434666736372,7,early
7497,97,0,0.7135099812222934,0.4863249016386387,7,early
7498,98,0,0.09568473053506675,0.4448669985770001,7,early
7499,99,0,0.22490947124496716,0.6998885885757857,7,early
7500,100,0,0.48574319827599277,0.5845905447205844,7,early
7501,101,0,0.7466651137574158,0.5842755971647203,7,early
7502,102,0,0.5008971958473322,0.4303812801355592,7,early
7503,103,0,0.8832055401673753,0.634771294749965,7,early
7504,104,0,0.8069713566625086,0.8116731716088392,7,early
7505,105,0,0.7882831530829932,0.6400830638959099,7,early
7506,106,0,0.5005561387028339,0.840915875362028,7,early
7507,107,0,0.944116504782442,0.8085779129027023,7,early
7508,108,0,0.12714453094181935,0.7699200140097042,7,early
7509,109,0,0.6022108962711582,0.6396150990697731,7,early
7510,110,0,0.5222766784541493,0.4718419484054674,7,early
7511,111,0,0.7706174096497718,0.4882383441277946,7,early
7512,112,0,0.9014565414096267,0.5693607301633457,7,early
7513,113,0,0.44520528012222294,0.7580266065302407,7,early
7514,114,0,0.5737099619637621,0.7853367212630724,7,early
7515,115,0,0.6605560679335092,0.8024394563732913,7,early
7516,116,0,0.5094726902824455,0.708682416386492,7,early
7517,117,0,0.0796776912233304,0.523977309879512,7,early
7518,118,0,0.4869042019483574,0.6150971212085576,7,early
7519,119,0,0.8761767270044281,0.6104778519223506,7,early
7520,120,0,0.5715984446843353,0.644357491462529,7,early
7521,121,0,0.5564776517479575,1.15101145091079,7,early
7522,122,0,0.48981040836028866,1.1728947097898486,7,early
7523,123,0,0.7016522122693039,0.8521469807884406,7,early
7524,124,0,0.5534325392062955,0.5160593525520164,7,early
7525,125,0,0.9999301061490047,0.613853381537068,7,early
7526,126,0,0.9428179477263595,0.29875842161299027,7,early
7527,127,0,0.9995088838731828,0.479142554094265,7,early
7528,128,0,0.42064305171023436,0.7194232370252213,7,early
7529,129,0,0.3152411587395627,0.37206508098131696,7,early
7530,130,0,0.7114721454558889,0.4977197323388035,7,early
7531,131,0,0.9985301884058173,0.5459240853176337,7,early
7532,132,0,0.7372199117790444,0.7242504707346548,7,early
7533,133,0,0.004229860676936843,0.9747073748394521,7,early
7534,134,0,0.5007261033134439,0.6386458263265617,7,early
7535,135,0,0.9376584358332144,0.5895899860005374,7,early
7536,136,0,0.5006024884547146,0.5758782659098625,7,early
7537,137,0,0.9955849972946562,0.27000338943510105,7,early
7538,138,0,0.5743804863706361,0.42663964120963727,7,early
7539,139,0,0.7600429423391142,0.5598611229050996,7,early
7540,140,0,0.5070366021619139,0.7409993122060015,7,early
7541,141,0,0.7376160554478394,0.6943543110493099,7,early
7542,142,0,0.5406538397729596,0.5053269198059017,7,early
7543,143,0,0.928130440633788,0.5073360923636361,7,early
7544,144,0,0.4711409682906669,0.6963360355715698,7,early
7545,145,0,0.5154713295075607,0.7219395694183517,7,early
7546,146,0,0.71643531121909,0.5470713043568514,7,early
7547,147,0,0.9774253884448786,0.5490999759446735,7,early
7548,148,0,0.334523751071255,0.691973421246427,7,early
7549,149,0,0.9479792856929369,0.5068213147161276,7,early
7550,150,0,0.9961807122498664,0.6119908467410778,7,early
7551,151,0,0.08082876596817096,0.6838090351988697,7,early
7552,152,0,0.9062568877949221,0.5263883259243163,7,early
7553,153,0,0.2810267195380913,0.6188055677273772,7,early
7554,154,0,0.48374479387010455,0.7989396833696653,7,early
7555,155,0,0.2267244472641189,0.8550284095337728,7,early
7556,156,0,0.5910465512422534,0.6464018161407927,7,early
7557,157,0,0.8181460523880468,0.3565543011228421,7,early
7558,158,0,0.5027726278703205,0.5497595905052812,7,early
7559,159,0,0.8502698954053601,0.5965521918421497,7,early
7560,160,0,0.5095649348468908,0.6334680597035889,7,early
7561,161,0,0.19243461815514473,0.5960731634374679,7,early
7562,162,0,0.9895719057582306,0.5435782010678789,7,early
7563,163,0,0.9996964376343266,0.6279693680567193,7,early
7564,164,0,0.9441194203362893,0.3627292316527656,7,early
7565,165,0,0.5033680802522766,0.6315213611087898,7,early
7566,166,0,0.9972378345563263,0.5744901824457044,7,early
7567,167,0,0.691322409391659,0.5135828712584887,7,early
7568,168,0,0.49981708638774147,0.8503384735824966,7,early
7569,169,0,0.771634169267858,0.43321502276199947,7,early
7570,170,0,0.24135728800817152,0.6559142830323184,7,early
7571,171,0,0.8337614657188526,0.8675756861382949,7,early
7572,172,0,0.8931121863088367,0.7152180201185658,7,early
7573,173,0,0.5789449262037866,0.4467993844068535,7,early
7574,174,0,0.583198552649015,0.3681906089351445,7,early
7575,175,0,0.8728975592049801,0.33485672248263015,7,early
7576,176,0,0.7078098829335308,0.6717261548904516,7,early
7577,177,0,0.16365713847090843,0.8997662569727346,7,early
7578,178,0,0.9976721135488344,0.6473252729058464,7,early
7579,179,0,0.4953941015819147,0.8197097174809256,7,early
7580,180,0,0.923158178853182,0.37876764740848035,7,early
7581,181,0,0.8013019092559011,0.6897637847166322,7,early
7582,182,0,0.545752102156984,0.4042441568130074,7,early
7583,183,0,0.8096655287221799,0.76383217702789,7,early
7584,184,0,0.6128506726100391,0.7698666585299765,7,early
7585,185,0,0.9993273719793954,0.8568152722529372,7,early
7586,186,0,0.6463454530274039,0.6724169786516154,7,early
7587,187,0,0.8300163847179962,0.4588644946595716,7,early
7588,188,0,0.47292417023259564,0.6360017643896516,7,early
7589,189,0,0.838794331166693,0.5857007147444266,7,early
7590,190,0,0.7917366112740827,0.5195261924425006,7,early
7591,191,0,0.5546272757951177,0.5832262005780422,7,early
7592,192,0,0.5384897662904581,0.7944736027469204,7,early
7593,193,0,0.47141003011138416,0.9266108161866207,7,early
7594,194,0,0.994430047079294,0.41896353203732173,7,early
7595,195,0,0.5211408771303007,0.42459882403703786,7,early
7596,196,0,0.7576423267570498,0.5008279999366352,7,early
7597,197,0,0.9520402662701122,0.6870758529521703,7,early
7598,198,0,0.6673915301308366,0.5920139225424266,7,early
7599,199,0,0.5020698143512812,0.6592676383091955,7,early
7600,0,0,0.05928688159756633,0.8041451505096908,7,middle
7601,1,0,0.698772174549916,0.5038862340962409,7,middle
7602,2,0,0.44981497940069276,0.6787237822238741,7,middle
7603,3,0,0.5371804665281512,0.4189390507662888,7,middle
7604,4,0,0.4751555905458491,0.7034377026171427,7,middle
7605,5,0,0.4022520070102854,0.5672140862817499,7,middle
7606,6,0,0.6177936656575955,0.7136951333594486,7,middle
7607,7,0,0.6501073792764424,0.46965047276803135,7,middle
7608,8,0,0.9959822686938667,0.5760589805455003,7,middle
7609,9,0,0.5258379650634321,0.6270456886006923,7,middle
7610,10,0,0.9184247089359683,0.4404771508739008,7,middle
7611,11,0,0.5312017305229803,0.9586853264957987,7,middle
7612,12,0,0.009626968481609498,0.8109947759707427,7,middle
7613,13,0,0.28874069020496834,0.5214904660377082,7,middle
7614,14,0,0.659634821165837,0.5333470663393083,7,middle
7615,15,0,0.4987100433924578,0.7819598173135367,7,middle
7616,16,0,0.12117133255458026,0.882814144178305,7,middle
7617,17,0,0.04387550054923211,0.920873979210451,7,middle
7618,18,0,0.9359753789134171,0.3630748004700373,7,middle
7619,19,0,0.4866067463446682,0.8209096044752688,7,middle
7620,20,0,0.0050145436297409545,1.126801952996726,7,middle
7621,21,0,0.5000154029524655,1.1787902032497415,7,middle
7622,22,0,0.47755074241283,1.0486918326695833,7,middle
7623,23,0,0.7126021360561144,0.43169327634947835,7,middle
7624,24,0,0.9964085664198215,0.7278122869300587,7,middle
7625,25,0,0.5544025477817724,0.800093584450539,7,middle
7626,26,0,0.45877887587581445,0.6767667311993992,7,middle
7627,27,0,0.47421534149138966,0.7925752769857541,7,middle
7628,28,0,0.002273475072949904,1.0954691090755777,7,middle
7629,29,0,0.6814762271376509,0.5936508018341002,7,middle
7630,30,0,0.01581881449706267,0.8799739887798458,7,middle
7631,31,0,0.5109186138334818,0.5523514163042258,7,middle
7632,32,0,0.9782984485248392,0.7772685413891407,7,middle
7633,33,0,0.10383094008042525,0.5904990192939769,7,middle
7634,34,0,0.6877102182802289,0.5817872060554018,7,middle
7635,35,0,0.9146119957415808,0.6261772167827733,7,middle
7636,36,0,0.4826873510085104,0.6942246361955926,7,middle
7637,37,0,0.4999230811073936,0.7311781180550723,7,middle
7638,38,0,0.9999137566047351,0.6812794129685418,7,middle
7639,39,0,0.14441709106389966,0.7645112317368751,7,middle
7640,40,0,0.055996221226956695,0.8941404402322273,7,middle
7641,41,0,0.016018587754000096,0.7883996000940441,7,middle
7642,42,0,0.8641267845639096,0.6485951063315573,7,middle
7643,43,0,0.4690706161591435,0.806952544929215,7,middle
7644,44,0,0.9832665439850468,0.667305879921761,7,middle
7645,45,0,0.03132192045969563,0.7083632579101329,7,middle
7646,46,0,0.4280491688660627,0.6028690784476948,7,middle
7647,47,0,0.005570608306376448,0.983508332299496,7,middle
7648,48,0,0.23785007171050174,0.8047378209610452,7,middle
7649,49,0,0.051909084034788264,0.7901460399624634,7,middle
7650,50,0,0.030833439998270075,0.7014355362131901,7,middle
7651,51,0,0.9525019195993153,0.3015136761487623,7,middle
7652,52,0,0.006549032487759188,0.9179642032635544,7,middle
7653,53,0,0.9926450039448333,0.4838447392994232,7,middle
7654,54,0,0.6201730096151913,0.5272303738505315,7,middle
7655,55,0,0.0017058557459524695,0.8224972778103831,7,middle
7656,56,0,0.09243065675476014,0.5709053304449221,7,middle
7657,57,0,0.8236081037906381,0.4000485190856161,7,middle
7658,58,0,0.6510100139904663,0.4807610282524851,7,middle
7659,59,0,0.1826508151117454,0.6078892520152378,7,middle
7660,60,0,0.9938059104832431,0.47026339746311274,7,middle
7661,61,0,0.18938470437953286,0.4688840874573908,7,middle
7662,62,0,0.9040163314519598,0.5606450221225794,7,middle
7663,63,0,0.020926629561621023,0.6036179472845163,7,middle
7664,64,0,0.9564409169392939,0.9507352858703343,7,middle
7665,65,0,0.5311306815124411,0.5540301133584477,7,middle
7666,66,0,0.9333951895636112,0.4188205182956937,7,middle
7667,67,0,0.11536777747859758,0.4886149913457385,7,middle
7668,68,0,0.920175077115923,0.6531701463837682,7,middle
7669,69,0,0.7621900981919545,0.49152192531417266,7,middle
7670,70,0,0.05307095785567155,0.5930748354735057,7,middle
7671,71,0,0.838344052086196,0.9581985762797844,7,middle
7672,72,0,0.418022821578675,0.7650396499078771,7,middle
7673,73,0,0.46242957235977566,0.5272193276024018,7,middle
7674,74,0,0.6671617626132895,0.7566881070432508,7,middle
7675,75,0,0.37250739233646324,0.5554718773981975,7,middle
7676,76,0,0.8417927533442551,0.5399413886616106,7,middle
7677,77,0,0.9903838638381706,0.6969156519638045,7,middle
7678,78,0,0.28193265221700975,0.6482774400845585,7,middle
7679,79,0,0.513411145915567,0.5833046588979394,7,middle
7680,80,0,0.5655180519713886,0.7148173014845016,7,middle
7681,81,0,0.9344745567052049,0.6439205910167363,7,middle
7682,82,0,0.021993201860205765,0.6377346145119566,7,middle
7683,83,0,0.07393680250526904,0.6401235268781063,7,middle
7684,84,0,0.48392178700818506,0.7050578984672835,7,middle
7685,85,0,0.5199005099193017,0.5435817045317963,7,middle
7686,86,0,0.4700779390283913,0.5369970264731723,7,middle
7687,87,0,0.07557077701609823,0.7156851015595436,7,middle
7688,88,0,0.7897185379439562,0.46302504563285907,7,middle
7689,89,0,0.27359906527010874,0.5536210682043132,7,middle
7690,90,0,0.9993515026996038,0.6255039433744165,7,middle
7691,91,0,0.4952878834909662,0.7864659466142847,7,middle
7692,92,0,0.9491622626229428,0.6378200093390346,7,middle
7693,93,0,0.005520283474487034,0.8683802743434561,7,middle
7694,94,0,0.6834360779025976,0.6556574538123816,7,middle
7695,95,0,0.5030202715979899,0.8124273483491394,7,middle
7696,96,0,0.9836880161693415,0.5589139454230336,7,middle
7697,97,0,0.08436647170332888,0.5330301224611442,7,middle
7698,98,0,0.7122164301257154,0.4847804624797872,7,middle
7699,99,0,0.3312938999774543,0.4616988566559634,7,middle
7700,100,0,0.03652740470384796,0.7079842221143546,7,middle
7701,101,0,0.984661218670623,0.5955352449665355,7,middle
7702,102,0,0.8235717568420673,0.480304412893788,7,middle
7703,103,0,0.5806816354137085,0.4233877823832558,7,middle
7704,104,0,0.48607835177143977,0.6340663556874714,7,middle
7705,105,0,0.7032590689706608,0.7086274832574746,7,middle
7706,106,0,0.5007184076660257,1.2388627415485454,7,middle
7707,107,0,0.35296865472395456,0.8597319817533212,7,middle
7708,108,0,0.49993541130506597,0.8910109638443154,7,middle
7709,109,0,0.5134181810853335,0.6166733663083394,7,middle
7710,110,0,0.9995251236340672,0.6436870548567949,7,middle
7711,111,0,0.7806856113373687,0.620504132400156,7,middle
7712,112,0,0.9989360683553992,0.5161275770340545,7,middle
7713,113,0,0.656324652669438,0.7338974291013167,7,middle
7714,114,0,0.9776025079712807,0.8242385930474705,7,middle
7715,115,0,0.9980709045448,0.9233121620256569,7,middle
7716,116,0,0.5854936426177278,0.4392163503530221,7,middle
7717,117,0,0.9299436166952428,0.4407543968955423,7,middle
7718,118,0,0.9484422269752346,0.43363795773708513,7,middle
7719,119,0,0.8944080401326677,0.6065923931341537,7,middle
7720,120,0,0.49525800020874855,0.8336406646878269,7,middle
7721,121,0,0.31500715154232706,0.5941946475605784,7,middle
7722,122,0,0.3754460382264896,1.1013695257108733,7,middle
7723,123,0,0.4634536519818781,0.8468770266254497,7,middle
7724,124,0,0.2657954522667695,0.7284978931159974,7,middle
7725,125,0,0.9488220515630781,0.6116724279554857,7,middle
7726,126,0,0.005342346347792381,0.7009128794279794,7,middle
7727,127,0,0.5039950225485847,0.7167660109120442,7,middle
7728,128,0,0.23798790189488248,0.6624417887301914,7,middle
7729,129,0,0.512574704608695,0.6174233935028388,7,middle
7730,130,0,0.28857817389985907,0.6144441305273096,7,middle
7731,131,0,0.49402599536393077,0.7737589544306257,7,middle
7732,132,0,0.3132750650146395,0.7062756787105564,7,middle
7733,133,0,0.5203714629049627,0.6351673549029078,7,middle
7734,134,0,0.8514045288548937,0.5726699060308771,7,middle
7735,135,0,0.6053094773972649,0.6783947693387564,7,middle
7736,136,0,0.0867351467590564,0.7296314903366357,7,middle
7737,137,0,0.5078343753749283,0.6561684937753909,7,middle
7738,138,0,0.39394985034586266,0.7375447768435315,7,middle
7739,139,0,0.8673916648106084,0.7296953508307764,7,middle
7740,140,0,0.6469954097307569,0.5972333837165859,7,middle
7741,141,0,0.43860069009599306,0.8533597793054419,7,middle
7742,142,0,0.6589675834969877,0.5451434570410912,7,middle
7743,143,0,0.6626522988717434,0.6146463175371283,7,middle
7744,144,0,0.4938812737873703,0.640090114814995,7,middle
7745,145,0,0.4385627670381742,0.7391331745718259,7,middle
7746,146,0,0.5109055705804446,0.34331595281637417,7,middle
7747,147,0,0.384358249638796,0.6525960653846903,7,middle
7748,148,0,0.8790237353928023,0.5452305458956732,7,middle
7749,149,0,0.49885025390413096,1.0242679804615284,7,middle
7750,150,0,0.9670542250076017,0.7387953353957522,7,middle
7751,151,0,0.5827766013677176,0.50679696338886,7,middle
7752,152,0,0.9977766308910363,0.518937266822828,7,middle
7753,153,0,0.46987091168228684,0.7167440919118334,7,middle
7754,154,0,0.11285281759316819,0.8613121264352961,7,middle
7755,155,0,0.5357574527079831,0.556719191010971,7,middle
7756,156,0,0.017356161946592837,0.7091833567709895,7,middle
7757,157,0,0.499811568100649,0.8041084635936744,7,middle
7758,158,0,0.6876779849112713,0.5410529139848712,7,middle
7759,159,0,0.30368053589984284,0.7488333424375293,7,middle
7760,160,0,0.00822203969529155,0.773597951213612,7,middle
7761,161,0,0.4823312894435204,0.7411597894897798,7,middle
7762,162,0,0.5010838329055219,0.48562735094704057,7,middle
7763,163,0,0.7803134731893533,0.6687887421946035,7,middle
7764,164,0,0.006196519645360337,0.6634998214265411,7,middle
7765,165,0,0.7387196261075956,0.641043281877375,7,middle
7766,166,0,0.9969427469565726,0.8766565731503302,7,middle
7767,167,0,0.5169350675710022,0.771771193826494,7,middle
7768,168,0,0.014403719999362689,0.512721721946179,7,middle
7769,169,0,0.9751944016801577,0.8407078170074074,7,middle
7770,170,0,0.5576874724984762,0.8742402190236793,7,middle
7771,171,0,0.49467580756069884,0.8737149244194502,7,middle
7772,172,0,0.8092798720428652,0.4722029520514229,7,middle
7773,173,0,0.43879957295974253,0.9461956573714612,7,middle
7774,174,0,0.4923907915069818,0.7441704889480442,7,middle
7775,175,0,0.9901166810915721,0.4512158290034879,7,middle
7776,176,0,0.5012032090970742,0.5817642475786295,7,middle
7777,177,0,0.9890274410002682,0.367827187132465,7,middle
7778,178,0,0.8489746699317183,0.49219328651953853,7,middle
7779,179,0,0.7512698852082141,0.45255644893138103,7,middle
7780,180,0,0.9591627362185611,0.7938384883444085,7,middle
7781,181,0,0.9921350474259611,0.5654134255525934,7,middle
7782,182,0,0.002871097613920317,0.7776255320247898,7,middle
7783,183,0,0.5050463697865389,0.5543227744549151,7,middle
7784,184,0,0.989570580765254,0.5860035581965375,7,middle
7785,185,0,0.24965260633343547,0.6694281230987265,7,middle
7786,186,0,0.35301706356061274,0.676072187456606,7,middle
7787,187,0,0.32845660398886706,0.6521152106076082,7,middle
7788,188,0,0.1029388842740996,0.6477217391826345,7,middle
7789,189,0,0.5840425034262284,0.5591383819089053,7,middle
7790,190,0,0.5013445596656988,0.5623485245563232,7,middle
7791,191,0,0.9681798867778177,0.47096900488861554,7,middle
7792,192,0,0.48853699168099063,0.4793086242854775,7,middle
7793,193,0,0.8518087001347225,0.4861525174371404,7,middle
7794,194,0,0.9974957362042741,1.073248702540735,7,middle
7795,195,0,0.12168361865563282,0.8703890576655717,7,middle
7796,196,0,0.4149087305501185,0.6413729397872909,7,middle
7797,197,0,0.9202819497423391,0.5703523866625937,7,middle
7798,198,0,0.4933122910480088,0.7745753995827382,7,middle
7799,199,0,0.5193958709861678,0.7596283719529804,7,middle
7800,0,0,0.9985369870308028,0.7321208182579837,7,late
7801,1,0,0.4663425276240806,0.40139964599440847,7,late
7802,2,0,0.4458271313698008,0.5082560015223858,7,late
7803,3,0,0.36185783872280847,0.7389061087001592,7,late
7804,4,0,0.47371235936031975,0.48455441059747195,7,late
7805,5,0,0.7658577282097652,0.6860233450425253,7,late
7806,6,0,0.7728097634973967,0.5021344614582248,7,late
7807,7,0,0.034053407358150475,0.6713768802833073,7,late
7808,8,0,0.8036191005377875,0.8572822474240991,7,late
7809,9,0,0.4422745084250144,0.9742914735109692,7,late
7810,10,0,0.8205078446012533,0.6564655511879323,7,late
7811,11,0,0.3767861638981441,0.6643710477204352,7,late
7812,12,0,0.0030200229482291157,0.7845725149966987,7,late
7813,13,0,0.5077592510215636,0.7885800967881849,7,late
7814,14,0,0.9637713402218687,0.7719388598422193,7,late
7815,15,0,0.8097217190658523,0.7403482084307405,7,late
7816,16,0,0.9576245855350856,0.562877919934177,7,late
7817,17,0,0.3072916738808032,0.5788572881437594,7,late
7818,18,0,0.6864377255372958,0.5899602548055618,7,late
7819,19,0,0.3005582777264231,0.897564157691171,7,late
7820,20,0,0.20713325619563885,0.8998551119598027,7,late
7821,21,0,0.39238126948133106,0.8240783900810121,7,late
7822,22,0,0.5392940874551204,0.6563173530534752,7,late
7823,23,0,0.5032702864686456,0.7320014581238077,7,late
7824,24,0,0.502502122830459,0.45492083397818506,7,late
7825,25,0,0.5431154530893132,0.5274864540990402,7,late
7826,26,0,0.39681413581598585,0.8334774211121565,7,late
7827,27,0,0.49788853114109777,1.0336724233877361,7,late
7828,28,0,0.5303368595606212,0.6132259213116779,7,late
7829,29,0,0.549675995783461,0.7516458121098206,7,late
7830,30,0,0.2697172295666664,0.7304811893938088,7,late
7831,31,0,0.5021589069956394,0.8629949199368285,7,late
7832,32,0,0.891781968416832,0.6606471303323592,7,late
7833,33,0,0.8365330425960116,0.44470289125994567,7,late
7834,34,0,0.2975703876291949,0.49272012789368597,7,late
7835,35,0,0.8540548321814575,0.7540371706289927,7,late
7836,36,0,0.6982799312019992,0.8790984921117443,7,late
7837,37,0,0.4694908728403895,0.9999289081264691,7,late
7838,38,0,0.039393593567898136,0.7900706725955633,7,late
7839,39,0,0.5033531497509289,0.5963619336472792,7,late
7840,40,0,0.7927421748132268,0.4505951488693789,7,late
7841,41,0,0.7369367917921118,0.6825500487848895,7,late
7842,42,0,0.04902890975091018,0.7770207799121953,7,late
7843,43,0,0.668141479416124,0.513655015447817,7,late
7844,44,0,0.1509261641796638,0.44908967073827005,7,late
7845,45,0,0.9444358546864691,0.5278851260362627,7,late
7846,46,0,0.06981256398441729,0.6649069285870101,7,late
7847,47,0,0.4883932580181278,0.6100746790635094,7,late
7848,48,0,0.10116701355117,0.650161484957541,7,late
7849,49,0,0.031881340962828415,1.0647941161078296,7,late
7850,50,0,0.4965296816495173,0.827057587294582,7,late
7851,51,0,0.49320247141761026,0.598075569850424,7,late
7852,52,0,0.5051278358673511,0.44434099125161397,7,late
7853,53,0,0.9996237362143593,0.5016089463819777,7,late
7854,54,0,0.05576905852231086,0.5044626285651613,7,late
7855,55,0,0.9466254790116675,0.3379342687413458,7,late
7856,56,0,0.49762635387234355,0.6815592784297828,7,late
7857,57,0,0.935014186182606,0.7041378927336006,7,late
7858,58,0,0.003986745889472956,0.7165874836816689,7,late
7859,59,0,0.004868284900950175,0.6160117955567435,7,late
7860,60,0,0.03951171961570869,0.5908257079780206,7,late
7861,61,0,0.5195710159595213,0.8530022930267616,7,late
7862,62,0,0.013918160245653923,0.6813903606944443,7,late
7863,63,0,0.5478427922030942,0.7642599637397167,7,late
7864,64,0,0.785091418744827,0.47785527534408034,7,late
7865,65,0,0.5918313476820406,1.4064896856689613,7,late
7866,66,0,0.23246744192887991,0.6863624177423853,7,late
7867,67,0,0.6491674432467123,1.102428867045302,7,late
7868,68,0,0.6560615991836309,0.980645428897243,7,late
7869,69,0,0.44021017019798847,0.8133424239114213,7,late
7870,70,0,0.12231247934522489,0.8048898996733167,7,late
7871,71,0,0.5008899287204558,0.6265951050613823,7,late
7872,72,0,0.5755426138343814,0.5770048555386001,7,late
7873,73,0,0.3890809150304321,1.0657398639147166,7,late
7874,74,0,0.3878180793663689,1.1321402777475842,7,late
7875,75,0,0.6464923789530216,0.4936588275943634,7,late
7876,76,0,0.6865353576332448,0.8055209585568881,7,late
7877,77,0,0.48195575939995355,0.7120117430837815,7,late
7878,78,0,0.42496497657631793,0.7218865067919497,7,late
7879,79,0,0.6209611437692605,0.3332932201503993,7,late
7880,80,0,0.22200508332339847,0.47617738170867396,7,late
7881,81,0,0.8855221153654704,0.43063714158584865,7,late
7882,82,0,0.0025744487619255,0.7027810944430344,7,late
7883,83,0,0.484552854048785,0.7294563995877397,7,late
7884,84,0,0.5079040250550446,1.0389226401610099,7,late
7885,85,0,0.7081780170275828,0.8798174828495555,7,late
7886,86,0,0.47863197925749446,0.9196635200617339,7,late
7887,87,0,0.41302045620045186,0.5782983869355547,7,late
7888,88,0,0.17230570107437418,0.5684983353918577,7,late
7889,89,0,0.7497894485000851,0.7198669282378942,7,late
7890,90,0,0.8679644314302964,0.7280519267468328,7,late
7891,91,0,0.9157235289097786,0.43121729218273624,7,late
7892,92,0,0.5024467740780472,0.6226560480673453,7,late
7893,93,0,0.4909845936974645,0.7956854159368436,7,late
7894,94,0,0.5308464686827356,0.7234856892800124,7,late
7895,95,0,0.5007628554836697,0.8956256526147315,7,late
7896,96,0,0.011447492984962244,0.8382565594823206,7,late
7897,97,0,0.2179816603993945,0.8218064811278456,7,late
7898,98,0,0.10371613387483422,0.5732002461954608,7,late
7899,99,0,0.7934952681902004,0.8313847724837894,7,late
7900,100,0,0.756185065660969,0.79323837830149,7,late
7901,101,0,0.4906704313266247,0.9470181846755744,7,late
7902,102,0,0.5036506201154869,0.5837426836320467,7,late
7903,103,0,0.007931155898362616,0.6177117547944164,7,late
7904,104,0,0.9884277312929839,1.122655400615832,7,late
7905,105,0,0.8884756761357029,0.42705636821461945,7,late
7906,106,0,0.6810341909333976,0.581362835611458,7,late
7907,107,0,0.6821397008926964,0.5968818421391993,7,late
7908,108,0,0.9787354105808681,0.5655962219251685,7,late
7909,109,0,0.9809295599823921,0.6980144728139019,7,late
7910,110,0,0.15469861836067486,0.7461994763768747,7,late
7911,111,0,0.7111514443894331,0.5237502161537414,7,late
7912,112,0,0.5251851092757475,0.48133236297475895,7,late
7913,113,0,0.16148222519159933,0.3768819926132733,7,late
7914,114,0,0.7144216966818557,0.6856869828176475,7,late
7915,115,0,0.6531312125786868,0.8162415897409326,7,late
7916,116,0,0.549208323550766,0.7625205135031181,7,late
7917,117,0,0.9036984212940865,0.4860057066795287,7,late
7918,118,0,0.3044631624711859,0.5161139325885361,7,late
7919,119,0,0.5487720800527361,0.38588950772170727,7,late
7920,120,0,0.5650930075860946,0.6673390995260101,7,late
7921,121,0,0.08591471857902368,0.5144780512790281,7,late
7922,122,0,0.5701238312724071,0.4599039872479112,7,late
7923,123,0,0.0597119151704349,0.5926254512938809,7,late
7924,124,0,0.0017788084289690573,0.9016691136575301,7,late
7925,125,0,0.0476149156055885,0.733276317123944,7,late
7926,126,0,0.6836290730792226,0.7014183209618505,7,late
7927,127,0,0.9876552941373149,0.5435048885959408,7,late
7928,128,0,0.7952345931108276,0.449272027552139,7,late
7929,129,0,0.3180968533852829,0.7914696601787633,7,late
7930,130,0,0.1770509729262864,0.5661256532732637,7,late
7931,131,0,0.8806117639891278,0.41580677412085854,7,late
7932,132,0,0.9990911517914771,0.710973069635308,7,late
7933,133,0,0.9002856141565145,0.47469515715660016,7,late
7934,134,0,0.5227121548729875,0.3652839549700114,7,late
7935,135,0,0.01555775090969071,0.47252428905564425,7,late
7936,136,0,0.5840896450625851,0.5361799145523265,7,late
7937,137,0,0.9806757114426954,0.6226432260329194,7,late
7938,138,0,0.48227525056765946,0.8476863360939979,7,late
7939,139,0,0.5255333384590709,0.7539935736747356,7,late
7940,140,0,0.6166185457238783,0.8736894177052987,7,late
7941,141,0,0.9904971189490455,0.507806280850109,7,late
7942,142,0,0.8969174679758194,0.7198549880016033,7,late
7943,143,0,0.19147149371160369,0.6086872545398601,7,late
7944,144,0,0.9773572725469121,0.425323759946188,7,late
7945,145,0,0.7952836700068273,0.35966522401911005,7,late
7946,146,0,0.5069575349042111,0.5598544666141683,7,late
7947,147,0,0.7445542965682392,0.6150574141614946,7,late
7948,148,0,0.507928302983969,0.6284498661136442,7,late
7949,149,0,0.9734964412261471,0.6585454949809977,7,late
7950,150,0,0.9965215780500232,0.5057481037417034,7,late
7951,151,0,0.6920848181494768,0.330283993951011,7,late
7952,152,0,0.6744768994100596,0.39521960751143304,7,late
7953,153,0,0.37632111831178267,0.6876270569665734,7,late
7954,154,0,0.6932074870652964,0.4922759663965708,7,late
7955,155,0,0.7928302987444789,0.7317577585013206,7,late
7956,156,0,0.999082142506375,0.6602184382873266,7,late
7957,157,0,0.3333394001375343,0.6087033823888024,7,late
7958,158,0,0.7345884930730566,0.7295312575035107,7,late
7959,159,0,0.011503676031637716,0.9238810528468947,7,late
7960,160,0,0.9866125823665373,0.8330651915763767,7,late
7961,161,0,0.4258886306484047,0.6474719666074085,7,late
7962,162,0,0.7099836362606544,0.4680177476649064,7,late
7963,163,0,0.6108890498977699,0.6461395994907149,7,late
7964,164,0,0.8389786016630206,0.5340068068953894,7,late
7965,165,0,0.023105424496604833,0.4313096966601085,7,late
7966,166,0,0.07103934650714117,0.7221055954047224,7,late
7967,167,0,0.09342687242270022,0.6250693025123197,7,late
7968,168,0,0.5708233846825879,0.4730817222674576,7,late
7969,169,0,0.9743795064670226,0.6236432993221233,7,late
7970,170,0,0.6730025442729365,0.7125737508790195,7,late
7971,171,0,0.451241235474272,0.5451642152715339,7,late
7972,172,0,0.019309225693498737,0.5714559188588588,7,late
7973,173,0,0.7598251168170023,0.4719858054599607,7,late
7974,174,0,0.4909965839738897,0.5044812902748242,7,late
7975,175,0,0.9408788705080694,0.7757179201240197,7,late
7976,176,0,0.5058687765931202,0.6396155139124422,7,late
7977,177,0,0.30337463424902283,0.5255018360675091,7,late
7978,178,0,0.7633905975107316,0.568463005366584,7,late
7979,179,0,0.5005349449766034,0.4349230405448367,7,late
7980,180,0,0.5252774790758233,0.6209150568011164,7,late
7981,181,0,0.5682803584956593,0.5137973576348664,7,late
7982,182,0,0.5294820392142627,0.6975524614421408,7,late
7983,183,0,0.3220311096689214,0.5732412281172178,7,late
7984,184,0,0.969035411166104,0.542931008698913,7,late
7985,185,0,0.6148622182846881,0.5616290378533275,7,late
7986,186,0,0.9462721603658275,0.43263694325346214,7,late
7987,187,0,0.18510596400631946,0.5421064200398777,7,late
7988,188,0,0.5226833847452309,0.597206783213021,7,late
7989,189,0,0.42303817748662825,0.5757864800963517,7,late
7990,190,0,0.49574687600380896,0.2998915197490194,7,late
7991,191,0,0.06841824112761995,0.7037167677584157,7,late
7992,192,0,0.6405016785854325,0.6734067118314345,7,late
7993,193,0,0.9712877378099907,0.5594643457417382,7,late
7994,194,0,0.6044317306913121,0.3592697653209194,7,late
7995,195,0,0.6697817181105925,0.4923577327289301,7,late
7996,196,0,0.38302628351293566,0.5199318348103176,7,late
7997,197,0,0.7913940397724925,0.4923452745815876,7,late
7998,198,0,0.9290362575948468,0.40399560710967297,7,late
7999,199,0,0.49454877936036873,0.6833108378754136,7,late
8000,0,0,0.6269544185363272,0.5201237967184174,8,interleaved
8001,1,0,0.5718633476902492,0.5904071808469264,8,interleaved
8002,2,0,0.5072015195875388,0.5843315397458908,8,interleaved
8003,3,0,0.9147474920420193,0.5142723672278903,8,interleaved
8004,4,0,0.4863567315746558,0.69586067964605,8,interleaved
8005,5,0,0.35408087144479905,0.6963939012193413,8,interleaved
8006,6,0,0.6120445571962357,0.5715263338958478,8,interleaved
8007,7,0,0.8221311090617026,0.5013485035709639,8,interleaved
8008,8,0,0.5656048478009945,0.7785130695677676,8,interleaved
8009,9,0,0.005523545257760961,0.7587207214888381,8,interleaved
8010,10,0,0.5111823802899643,0.4264780695894574,8,interleaved
8011,11,0,0.01824947282432373,0.7795557926087924,8,interleaved
8012,12,0,0.4989478782310548,0.8442679686776374,8,interleaved
8013,13,0,0.5235696810933127,0.7967802618535511,8,interleaved
8014,14,0,0.49858851296347945,1.216816142272099,8,interleaved
8015,15,0,0.5594372138378084,0.527746741958611,8,interleaved
8016,16,0,0.9618335983147543,0.6142273802260458,8,interleaved
8017,17,0,0.014978117918377111,0.9239814858131512,8,interleaved
8018,18,0,0.709047072662727,0.3319104299330697,8,interleaved
8019,19,0,0.03842164773804817,0.7718171473007469,8,interleaved
8020,20,0,0.5000004333357311,1.0242926924536908,8,interleaved
8021,21,0,0.9701260865567018,0.7396679635918005,8,interleaved
8022,22,0,0.5116049828231841,0.6505371300675326,8,interleaved
8023,23,0,0.8475097713602138,0.3881798214873088,8,interleaved
8024,24,0,0.7548080241835089,0.7189745370768111,8,interleaved
8025,25,0,0.5205161264624427,0.7879321286406353,8,interleaved
8026,26,0,0.4999529061422967,1.017193875674765,8,interleaved
8027,27,0,0.41154738433661253,0.7731069413031355,8,interleaved
8028,28,0,0.5004707973214485,0.9155897408576693,8,interleaved
8029,29,0,0.02465640701043927,0.9519519943394539,8,interleaved
8030,30,0,0.5077361039520394,0.7012016654944435,8,interleaved
8031,31,0,0.9684233420478185,0.3906781394860637,8,interleaved
8032,32,0,0.4425708807974679,1.0282922889707375,8,interleaved
8033,33,0,0.43218962327874955,0.6591431136312434,8,interleaved
8034,34,0,0.6540576364353898,0.4719111903349931,8,interleaved
8035,35,0,0.19680956368201186,0.8042979513880857,8,interleaved
8036,36,0,0.6226559875976279,0.6068363426145098,8,interleaved
8037,37,0,0.029950173301901722,0.7293001139450099,8,interleaved
8038,38,0,0.4999805743551068,0.90809276275664,8,interleaved
8039,39,0,0.5394885111361511,0.9778300865239502,8,interleaved
8040,40,0,0.9737766360028346,0.8038947097816334,8,interleaved
8041,41,0,0.3539682210971312,0.8517949242452314,8,interleaved
8042,42,0,0.7496294445423022,0.8855510078093493,8,interleaved
8043,43,0,0.07851981169333468,0.9622002767517838,8,interleaved
8044,44,0,0.8392464880089996,0.8723657928901256,8,interleaved
8045,45,0,0.14618197908885566,1.1612116202854974,8,interleaved
8046,46,0,0.4868196839777111,0.9660317853187476,8,interleaved
8047,47,0,0.5683504292575172,0.7392820213459115,8,interleaved
8048,48,0,0.8085344074908847,0.576246381391534,8,interleaved
8049,49,0,0.5071294807295085,0.577649695867481,8,interleaved
8050,50,0,0.5000532631446585,0.6607351223731608,8,interleaved
8051,51,0,0.03503475253919461,0.723461144319113,8,interleaved
8052,52,0,0.5213805923784405,0.5188272351227368,8,interleaved
8053,53,0,0.9392915129807927,0.4388397038585938,8,interleaved
8054,54,0,0.26280325617942635,0.9935343299946446,8,interleaved
8055,55,0,0.02370750405628553,0.8697747045794368,8,interleaved
8056,56,0,0.5206988591141153,0.545979045960691,8,interleaved
8057,57,0,0.9365763382437055,0.31905698163795526,8,interleaved
8058,58,0,0.5122663423227163,0.7174131608549326,8,interleaved
8059,59,0,0.027442772274760635,0.5384004760841662,8,interleaved
8060,60,0,0.7092565871616383,0.607541567109798,8,interleaved
8061,61,0,0.9944725560792649,0.6801847816803286,8,interleaved
8062,62,0,0.49780052535539054,0.9471154307724392,8,interleaved
8063,63,0,0.0016526869977356725,1.06071604703049,8,interleaved
8064,64,0,0.6271587773295996,0.6384471129912113,8,interleaved
8065,65,0,0.35361767587814447,0.6979188218435786,8,interleaved
8066,66,0,0.4274643280335273,0.8212782957649001,8,interleaved
8067,67,0,0.4869551388908303,0.5689174571834669,8,interleaved
8068,68,0,0.694496748601372,0.46293401673844314,8,interleaved
8069,69,0,0.14896878173615088,0.7331829815681654,8,interleaved
8070,70,0,0.8314697582453277,0.7030006154555599,8,interleaved
8071,71,0,0.02162617164627038,0.9262618110823392,8,interleaved
8072,72,0,0.6069845640852936,0.7125754424143848,8,interleaved
8073,73,0,0.05343413576259723,0.9221764774609175,8,interleaved
8074,74,0,0.5076284484291589,0.7838903025167363,8,interleaved
8075,75,0,0.4579499419603725,0.6906089556111306,8,interleaved
8076,76,0,0.16843487558387898,0.8668268873908065,8,interleaved
8077,77,0,0.8169234164553687,0.6084746623407832,8,interleaved
8078,78,0,0.36899362509032446,0.6585987170273019,8,interleaved
8079,79,0,0.0049953835514622395,0.6103033107888463,8,interleaved
8080,80,0,0.4995518456482485,0.7569511298496978,8,interleaved
8081,81,0,0.5032162893279132,0.7553916473825244,8,interleaved
8082,82,0,0.3011740679424292,0.7223054538454644,8,interleaved
8083,83,0,0.7319820677301875,0.99564896584337,8,interleaved
8084,84,0,0.9525662651204895,0.7241226115655348,8,interleaved
8085,85,0,0.5465628476528798,0.5700618334568052,8,interleaved
8086,86,0,0.5357881892079639,1.023271646304027,8,interleaved
8087,87,0,0.6762581186853682,0.7114433406962963,8,interleaved
8088,88,0,0.8356950094430657,0.4013090593151453,8,interleaved
8089,89,0,0.670513003543927,0.5976553782368572,8,interleaved
8090,90,0,0.4997653024471667,1.2225545434661211,8,interleaved
8091,91,0,0.4518573905052435,0.5460986280093572,8,interleaved
8092,92,0,0.5618227891947052,0.5370023490791966,8,interleaved
8093,93,0,0.9522271857276507,0.498800730131759,8,interleaved
8094,94,0,0.9093268976834401,0.7137847255621725,8,interleaved
8095,95,0,0.04169984346532701,0.7802241167148918,8,interleaved
8096,96,0,0.703020018726214,0.598008914046095,8,interleaved
8097,97,0,0.39235310375399596,0.6280790676816204,8,interleaved
8098,98,0,0.4987426469983944,0.7906219468823787,8,interleaved
8099,99,0,0.4408330779494023,0.8060699235647553,8,interleaved
8100,100,0,0.778811370290404,0.5689794941989151,8,interleaved
8101,101,0,0.7402281652156273,0.8725180759295668,8,interleaved
8102,102,0,0.5250640457956552,1.0236561767181604,8,interleaved
8103,103,0,0.3043652974582086,0.7293677472817603,8,interleaved
8104,104,0,0.8198485886572847,0.7411204090560665,8,interleaved
8105,105,0,2.653165343531437e-06,1.2270109952268027,8,interleaved
8106,106,0,0.5009763663249249,0.9176689484046641,8,interleaved
8107,107,0,0.06397429479476559,1.1703627573950421,8,interleaved
8108,108,0,0.6590057807292194,0.5670049712770667,8,interleaved
8109,109,0,0.3541156140917612,0.7009753251585868,8,interleaved
8110,110,0,0.7735035566258548,0.7645001337123642,8,interleaved
8111,111,0,0.5324028184833541,0.969717903500918,8,interleaved
8112,112,0,0.4977060393098871,1.1770814634527726,8,interleaved
8113,113,0,0.5429754429116165,0.7553260765174277,8,interleaved
8114,114,0,0.5710930527974452,0.49723603030282615,8,interleaved
8115,115,0,0.4981221390013789,0.6389211063093665,8,interleaved
8116,116,0,0.50220240114759,1.0159683927656131,8,interleaved
8117,117,0,0.8863338957946916,0.5787836555341943,8,interleaved
8118,118,0,0.5399658734996509,0.841164558729836,8,interleaved
8119,119,0,0.9942748170106972,0.586147512323066,8,interleaved
8120,120,0,0.48092111486648775,0.554631614994952,8,interleaved
8121,121,0,0.9926131512483551,1.021886768019772,8,interleaved
8122,122,0,0.9597655476187,0.9146410851127051,8,interleaved
8123,123,0,0.04270992763104707,0.5292679145916646,8,interleaved
8124,124,0,0.7627612959891015,0.612354047317947,8,interleaved
8125,125,0,0.5908635156980078,0.5285939385201576,8,interleaved
8126,126,0,0.9961924033093501,0.9812902701880655,8,interleaved
8127,127,0,0.9911575086234841,0.8107924737050434,8,interleaved
8128,128,0,0.7536703485087568,0.5158793675708941,8,interleaved
8129,129,0,0.5186482634435423,0.7345631659875482,8,interleaved
8130,130,0,0.16177136128576916,0.6285778702155074,8,interleaved
8131,131,0,0.4992138617465017,0.5951017760809649,8,interleaved
8132,132,0,0.9428124353778544,0.5260575526131371,8,interleaved
8133,133,0,0.18835312355811729,0.780098550168613,8,interleaved
8134,134,0,0.7418871186049502,0.4110188530332305,8,interleaved
8135,135,0,0.6518512517581166,0.8324324497121751,8,interleaved
8136,136,0,0.49954014733936714,0.8872784016535329,8,interleaved
8137,137,0,0.4972928525921745,0.640067348999518,8,interleaved
8138,138,0,0.49778145758731596,0.8631850417857585,8,interleaved
8139,139,0,0.8776478669705307,0.48186980782270383,8,interleaved
8140,140,0,0.9212115132484409,0.90230688385155,8,interleaved
8141,141,0,0.002619864716427516,0.7302378978285031,8,interleaved
8142,142,0,0.5593825133849044,0.6758661948289149,8,interleaved
8143,143,0,0.5029216679835786,0.5675660692462755,8,interleaved
8144,144,0,0.7681725416947853,0.3039934768433735,8,interleaved
8145,145,0,0.7132048085311916,0.5389400769151695,8,interleaved
8146,146,0,0.5112840137722661,0.8625627420500004,8,interleaved
8147,147,0,0.11936657528162586,0.8228305476441095,8,interleaved
8148,148,0,0.4373538643891652,0.748258141660197,8,interleaved
8149,149,0,0.49883532876342707,0.8561934856925817,8,interleaved
8150,150,0,0.5137166181207249,0.7860540694177118,8,interleaved
8151,151,0,0.011006020404693647,1.0269093284928545,8,interleaved
8152,152,0,0.500921573871757,0.7772608313162941,8,interleaved
8153,153,0,0.39723079880549805,0.6554503921500203,8,interleaved
8154,154,0,0.5312452371170177,0.6599273781533119,8,interleaved
8155,155,0,0.08410427593356165,0.6017316498535443,8,interleaved
8156,156,0,0.5227590889961389,0.47440644283094713,8,interleaved
8157,157,0,0.44556767122271956,0.7050227051056399,8,interleaved
8158,158,0,0.5118512088935276,0.7675018616506033,8,interleaved
8159,159,0,0.3136002659110373,0.48415550574278665,8,interleaved
8160,160,0,0.9058276139576433,0.6025513158871946,8,interleaved
8161,161,0,0.9864556248227874,0.6291589027025429,8,interleaved
8162,162,0,0.4685341512691542,0.9594316453960875,8,interleaved
8163,163,0,0.1212512204160881,0.6499490682765401,8,interleaved
8164,164,0,0.8869047649661107,0.4422800127571269,8,interleaved
8165,165,0,0.49011613834323153,0.6325988062288379,8,interleaved
8166,166,0,0.9809644310641155,0.35253439449453217,8,interleaved
8167,167,0,0.4633466640626078,1.0139716991250274,8,interleaved
8168,168,0,0.46184909771948673,0.5447541665418439,8,interleaved
8169,169,0,0.7971248581592911,0.6822349566241386,8,interleaved
8170,170,0,0.8233990054844569,0.609210326898084,8,interleaved
8171,171,0,0.6583395557630516,0.7190538433180675,8,interleaved
8172,172,0,0.5214016455850592,0.9083203382731874,8,interleaved
8173,173,0,0.9461347133985412,0.5532711965319675,8,interleaved
8174,174,0,0.5294548780305968,0.522994799381263,8,interleaved
8175,175,0,0.7528934230515418,0.6394099185367266,8,interleaved
8176,176,0,0.010453124095077808,0.744930064455208,8,interleaved
8177,177,0,0.5025354982947152,0.688776868155365,8,interleaved
8178,178,0,0.036377718402871836,1.101055097693144,8,interleaved
8179,179,0,0.00011915599037918198,0.7685473333355366,8,interleaved
8180,180,0,0.032941003059898714,0.7133934718107189,8,interleaved
8181,181,0,0.9335722793932474,0.8098122278911084,8,interleaved
8182,182,0,0.9983750043384771,0.7722235407049259,8,interleaved
8183,183,0,0.5088913822661393,0.6943299627833296,8,interleaved
8184,184,0,0.996743436898439,0.48997339913163884,8,interleaved
8185,185,0,0.15841110373543613,0.5217800583620945,8,interleaved
8186,186,0,0.022545779468682397,0.6646333163603597,8,interleaved
8187,187,0,0.9996020761058966,0.8550852130320763,8,interleaved
8188,188,0,0.7341151240128002,0.775475871791232,8,interleaved
8189,189,0,0.3919389595852606,0.7559277029384339,8,interleaved
8190,190,0,0.9604256236734134,0.6783145355926202,8,interleaved
8191,191,0,0.5544684368391852,0.6911016876230416,8,interleaved
8192,192,0,0.9774997936621802,0.3122420865969008,8,interleaved
8193,193,0,0.7359148408096104,0.6735272604313953,8,interleaved
8194,194,0,0.4335902491776479,0.6001661406720237,8,interleaved
8195,195,0,0.7822571764984622,0.6353247737633501,8,interleaved
8196,196,0,0.004282723102265214,0.8138449221761292,8,interleaved
8197,197,0,0.7334822489527761,0.6401664284786803,8,interleaved
8198,198,0,0.034996663962793106,0.6205997696002066,8,interleaved
8199,199,0,0.9298307553392873,0.42384405845384104,8,interleaved
8200,0,0,0.9174822393320176,0.6594400538015073,8,blocked
8201,1,0,0.21106440248373343,0.5498758235046219,8,blocked
8202,2,0,0.5348049005035461,0.6317308179773489,8,blocked
8203,3,0,0.613679346705999,0.4058718218548346,8,blocked
8204,4,0,0.06811106313608256,0.5984952104485786,8,blocked
8205,5,0,0.3190248873178922,0.5858039990057359,8,blocked
8206,6,0,0.5597305723954434,0.5017938411615972,8,blocked
8207,7,0,0.8852953826522836,0.6237024432408942,8,blocked
8208,8,0,0.008836654261558713,0.6501015703770253,8,blocked
8209,9,0,0.3666098045763487,0.9677204181058248,8,blocked
8210,10,0,0.9996648966724654,1.0306624653934011,8,blocked
8211,11,0,0.7641747731062104,0.597533758445371,8,blocked
8212,12,0,0.39278069303761853,0.6659510908530184,8,blocked
8213,13,0,0.5191568079404103,0.8854250710461942,8,blocked
8214,14,0,0.9962229821985724,0.7737416694959802,8,blocked
8215,15,0,0.8887639719598874,0.5602141663988903,8,blocked
8216,16,0,0.9839253169719013,0.7234951380494792,8,blocked
8217,17,0,0.9109764263903284,0.5088453471057952,8,blocked
8218,18,0,0.1800374950214691,0.9051062149872195,8,blocked
8219,19,0,0.8860859661456948,0.45533777702504374,8,blocked
8220,20,0,0.368751238379077,0.4770075689173352,8,blocked
8221,21,0,0.7906942108638637,0.6329501899412582,8,blocked
8222,22,0,0.5183990786637936,0.8151519791535393,8,blocked
8223,23,0,0.9505960359058945,0.6893023482442457,8,blocked
8224,24,0,0.49093617890258257,0.9045303636819819,8,blocked
8225,25,0,0.996899911832058,0.5740144798518871,8,blocked
8226,26,0,0.8969122099243364,0.6004803707095063,8,blocked
8227,27,0,0.6896721701901759,0.9632675246941121,8,blocked
8228,28,0,0.14579972881665837,0.8151088127963055,8,blocked
8229,29,0,0.9801488761089697,0.5678825267133407,8,blocked
8230,30,0,0.5096540996540342,0.7350475133033842,8,blocked
8231,31,0,0.949385708615127,0.7781306542874677,8,blocked
8232,32,0,0.9628961312183701,0.8871412672995421,8,blocked
8233,33,0,0.984909175082591,0.6972990697264446,8,blocked
8234,34,0,0.9991266959486612,0.5156510030538711,8,blocked
8235,35,0,0.9771357150118949,0.49573203630063767,8,blocked
8236,36,0,0.6873901042349457,0.6966260952279852,8,blocked
8237,37,0,0.956912598244638,0.8252949138242032,8,blocked
8238,38,0,0.8214452479380285,0.607217562098546,8,blocked
8239,39,0,0.9195250143428171,0.6569198191212293,8,blocked
8240,40,0,0.5322696362885195,0.814844787353745,8,blocked
8241,41,0,0.7537505147729531,0.6506652238665117,8,blocked
8242,42,0,0.5096357595057948,0.7877631602760362,8,blocked
8243,43,0,0.012333245623977026,1.1127837611883624,8,blocked
8244,44,0,0.34373816719044936,0.8304806650417307,8,blocked
8245,45,0,0.5054337524636737,0.6606607347951805,8,blocked
8246,46,0,0.8163981802557942,0.6025034770706965,8,blocked
8247,47,0,0.8714780166651486,0.7760100616915577,8,blocked
8248,48,0,0.9814714783567284,0.39973573245691063,8,blocked
8249,49,0,0.9973701590149355,0.39967565072601574,8,blocked
8250,50,0,0.6211587065679236,0.5229684497061424,8,blocked
8251,51,0,0.040741044185628156,1.0079261166418612,8,blocked
8252,52,0,0.9797556247009183,1.045388723770642,8,blocked
8253,53,0,0.5312145546050431,0.6208023942511064,8,blocked
8254,54,0,0.970412848247405,0.643374651234899,8,blocked
8255,55,0,0.45044177886834147,0.7977988957868594,8,blocked
8256,56,0,0.3665698024012971,0.9775245638877268,8,blocked
8257,57,0,0.7224376117521485,0.7296741119795431,8,blocked
8258,58,0,0.6773143781814532,0.7037357990430875,8,blocked
8259,59,0,0.6549726972461077,0.73409343333366,8,blocked
8260,60,0,0.5712677525275598,0.8576561275845994,8,blocked
8261,61,0,0.9986519055770101,0.7362466106328768,8,blocked
8262,62,0,0.558566851670918,0.7026851486525602,8,blocked
8263,63,0,0.5151143472033933,0.8107398304373896,8,blocked
8264,64,0,0.5470286872346007,0.8941852557328672,8,blocked
8265,65,0,0.9524388185827549,0.5086729856345314,8,blocked
8266,66,0,0.9987411618326685,0.4156038496534401,8,blocked
8267,67,0,0.9605184369513029,0.5835906819196581,8,blocked
8268,68,0,0.28151717457048214,0.6655596584091774,8,blocked
8269,69,0,0.6138872242209108,0.46847858346660687,8,blocked
8270,70,0,0.7456036944044194,0.7037982831732998,8,blocked
8271,71,0,0.7292924662572158,0.6442785296125018,8,blocked
8272,72,0,0.4920494574581608,0.6705552312153809,8,blocked
8273,73,0,0.518016075664684,0.657624423295087,8,blocked
8274,74,0,0.48769267063917326,0.6914616615247327,8,blocked
8275,75,0,0.5253722328831578,0.7528038614761429,8,blocked
8276,76,0,0.5003648222380619,0.7580771723109558,8,blocked
8277,77,0,0.9784680943828119,0.8988089454184964,8,blocked
8278,78,0,0.48327451918433895,0.7277226310004047,8,blocked
8279,79,0,0.9476201384441587,0.7691136387008075,8,blocked
8280,80,0,0.2236195248853015,0.8332028388800555,8,blocked
8281,81,0,0.983080238693211,0.6129644430738735,8,blocked
8282,82,0,0.9980219443055364,0.7034798652689782,8,blocked
8283,83,0,0.5121695623028178,0.7655170308867014,8,blocked
8284,84,0,0.20577025802158297,0.54587052950369,8,blocked
8285,85,0,0.18853800100478202,0.7876477608733579,8,blocked
8286,86,0,0.7969920050872545,0.6142752568713887,8,blocked
8287,87,0,0.9861758513730259,0.6038449701201052,8,blocked
8288,88,0,0.8267794854425448,1.3565383188136215,8,blocked
8289,89,0,0.6127362008186166,0.8115392191147766,8,blocked
8290,90,0,0.8834001825944378,0.6112056021859372,8,blocked
8291,91,0,0.02526383493923107,0.8558752880150833,8,blocked
8292,92,0,0.5301041396533901,0.41339859880132324,8,blocked
8293,93,0,0.46011025898273467,0.8681616482844356,8,blocked
8294,94,0,0.4967092746781153,1.5162833899944153,8,blocked
8295,95,0,0.4208110614164734,1.142960694213825,8,blocked
8296,96,0,0.9890265170107118,0.9238417223569462,8,blocked
8297,97,0,0.5302576894549518,0.5728332067716441,8,blocked
8298,98,0,0.2599910768223675,0.5229756345976438,8,blocked
8299,99,0,0.516836865917452,0.7523491335961197,8,blocked
8300,100,0,0.32443665162695595,0.8548869828029367,8,blocked
8301,101,0,0.2848571496439031,0.994701483310303,8,blocked
8302,102,0,0.9684664796422131,0.5996720470324598,8,blocked
8303,103,0,0.9765099775314603,0.6687062405146861,8,blocked
8304,104,0,0.7423025235607211,0.5594950536786045,8,blocked
8305,105,0,0.7860313553415568,0.7082303283719764,8,blocked
8306,106,0,0.9998030917049345,0.7177136507607468,8,blocked
8307,107,0,0.5849116210408312,0.920904160000386,8,blocked
8308,108,0,0.9991497219402712,0.399668211989339,8,blocked
8309,109,0,0.6019822880164417,0.7663781746947118,8,blocked
8310,110,0,0.3102481110271294,0.8811088875423305,8,blocked
8311,111,0,0.9779230272355186,0.7782595319007717,8,blocked
8312,112,0,0.0183562638251028,0.7572089795635351,8,blocked
8313,113,0,0.6947492154077155,0.5994446396958752,8,blocked
8314,114,0,0.9089360583895789,0.6754354626473373,8,blocked
8315,115,0,0.6217677703455236,0.5432124774407749,8,blocked
8316,116,0,0.7076015656752146,0.7855967241388166,8,blocked
8317,117,0,0.9997922430933737,0.5611035347240225,8,blocked
8318,118,0,0.6652075240765501,0.7470670168795259,8,blocked
8319,119,0,0.9990192217790144,0.29209591535034873,8,blocked
8320,120,0,0.11717601460095371,1.175353256660547,8,blocked
8321,121,0,0.9191679893684281,0.5440729430783915,8,blocked
8322,122,0,0.019327727385212864,0.830671937824798,8,blocked
8323,123,0,0.8328235393940392,0.8441842754641842,8,blocked
8324,124,0,0.5681905845335442,0.5048395674730388,8,blocked
8325,125,0,0.8839385196424766,0.4852226435444451,8,blocked
8326,126,0,0.013073192395841903,0.7635442096865988,8,blocked
8327,127,0,0.269497607458876,0.5336758697841899,8,blocked
8328,128,0,0.5943020767161029,0.4951480668435542,8,blocked
8329,129,0,0.8734658410094114,0.9295689977968277,8,blocked
8330,130,0,0.14635847432804489,0.8161597729675241,8,blocked
8331,131,0,0.5958165777543508,0.727395094727376,8,blocked
8332,132,0,0.8918853405448708,0.49858879478682416,8,blocked
8333,133,0,0.6501209167037048,0.9653784044020882,8,blocked
8334,134,0,0.7987235635126263,0.6345592488666492,8,blocked
8335,135,0,0.9825871580159011,0.6969515287790964,8,blocked
8336,136,0,0.7337248768309406,0.6513463438053257,8,blocked
8337,137,0,0.760890839420544,0.5930831293426753,8,blocked
8338,138,0,0.7709221489965072,0.5366298735157348,8,blocked
8339,139,0,0.5184099426417297,0.6740730351650318,8,blocked
8340,140,0,0.8199545674688177,0.5750343849407806,8,blocked
8341,141,0,0.9574479812816068,0.5394590781924498,8,blocked
8342,142,0,0.4968272915894088,0.7002260360820327,8,blocked
8343,143,0,0.49403955456052445,0.7554996645406813,8,blocked
8344,144,0,0.40031124273518204,0.7165362872788286,8,blocked
8345,145,0,0.5242647220249935,0.5319399973148251,8,blocked
8346,146,0,0.5693469542420523,0.647012133040554,8,blocked
8347,147,0,0.7338404292039584,0.8948076224753958,8,blocked
8348,148,0,0.9985343886772701,0.6259734909777936,8,blocked
8349,149,0,0.5105522741015501,0.42905976243691235,8,blocked
8350,150,0,0.2650914126071956,0.9031550052204492,8,blocked
8351,151,0,0.42139766369368664,0.7093530361999003,8,blocked
8352,152,0,0.8672667840739974,0.4489669417854727,8,blocked
8353,153,0,0.5179555793898537,0.6546019670569121,8,blocked
8354,154,0,0.7867214889721398,0.9975876983057426,8,blocked
8355,155,0,0.9742768787639937,0.9737359438858222,8,blocked
8356,156,0,0.4767665498912521,0.5736860460169614,8,blocked
8357,157,0,0.6481343430664965,0.7352204471446779,8,blocked
8358,158,0,0.9603784997261713,0.27399967423630706,8,blocked
8359,159,0,0.9934688214006782,0.43342941271765634,8,blocked
8360,160,0,0.9964994444137736,0.4776286827048847,8,blocked
8361,161,0,0.8434285107693231,0.5679528835030507,8,blocked
8362,162,0,0.9976751344510427,0.5422084247776041,8,blocked
8363,163,0,0.2527801192984599,0.9302772935334493,8,blocked
8364,164,0,0.9849082383425831,0.553521927073545,8,blocked
8365,165,0,0.9773475266703258,0.5418018359165742,8,blocked
8366,166,0,0.7132572070506479,0.5869783794521715,8,blocked
8367,167,0,0.49569351830682845,0.5196432139399627,8,blocked
8368,168,0,0.39494529089511127,0.7055578367725774,8,blocked
8369,169,0,0.5514084637073288,0.8330108990618781,8,blocked
8370,170,0,0.9316200016870366,0.600143451688774,8,blocked
8371,171,0,0.9234905371229156,0.5578240370943263,8,blocked
8372,172,0,0.7827372266982062,0.5351289464340805,8,blocked
8373,173,0,0.9965575198348549,0.36778089013659476,8,blocked
8374,174,0,0.5300770178991356,0.6830180997521522,8,blocked
8375,175,0,0.07778666355029373,0.7122406795014576,8,blocked
8376,176,0,0.538526741203607,0.8326865620895225,8,blocked
8377,177,0,0.5000343275872052,0.7248283356280535,8,blocked
8378,178,0,0.2897019025334316,0.5773802619411295,8,blocked
8379,179,0,0.04544271603601401,0.5017825843456074,8,blocked
8380,180,0,0.08605153378497682,0.699257645694136,8,blocked
8381,181,0,0.7841234567838412,0.7706663240228799,8,blocked
8382,182,0,0.9950506190127584,0.49592331188172956,8,blocked
8383,183,0,0.6062269936383394,0.6117454487468038,8,blocked
8384,184,0,0.47082773656412946,0.5726468524279904,8,blocked
8385,185,0,0.6142373428919821,0.400918555771857,8,blocked
8386,186,0,0.9762221212830995,0.5417941365034854,8,blocked
8387,187,0,0.5021318308933523,0.7773044129423365,8,blocked
8388,188,0,0.32437555566606413,0.7960946016294075,8,blocked
8389,189,0,0.8771358261961222,0.45324441344024413,8,blocked
8390,190,0,0.5001583327639032,0.5951477676050534,8,blocked
8391,191,0,0.04854124921197903,0.6716687773616089,8,blocked
8392,192,0,0.8693772611291837,0.7328487427482289,8,blocked
8393,193,0,0.6264942256175167,0.7613367336601149,8,blocked
8394,194,0,0.7794051048469697,0.7018912396321434,8,blocked
8395,195,0,0.9731801819058197,0.5409164054286434,8,blocked
8396,196,0,0.9626574584562275,0.6361977229584049,8,blocked
8397,197,0,8.927558816618618e-05,1.0160993495954869,8,blocked
8398,198,0,0.49998042027739226,0.7483197012421798,8,blocked
8399,199,0,0.8323616770439433,0.3260355413124141,8,blocked
8400,0,0,0.5024082887083943,0.7522650972561942,8,early
8401,1,0,0.7093245192670339,0.5597743199547398,8,early
8402,2,0,0.9423265758735109,0.6206688282127375,8,early
8403,3,0,0.5966711219399565,0.6646587201333495,8,early
8404,4,0,0.005347834227904479,0.7606670081458826,8,early
8405,5,0,0.48369309532403504,0.6099300968304786,8,early
8406,6,0,0.0025918158593222183,0.783348328593171,8,early
8407,7,0,0.979918687595192,0.5217227562445111,8,early
8408,8,0,0.2082451878990339,0.5742223257222494,8,early
8409,9,0,0.8629904102465418,0.6497705925745121,8,early
8410,10,0,0.9856175179015108,0.4344929907876718,8,early
8411,11,0,0.9999887173017861,0.7245590427143351,8,early
8412,12,0,0.525328221899965,0.7522259431145717,8,early
8413,13,0,0.9998992820698092,0.7911954601705555,8,early
8414,14,0,0.0008203281676687508,0.9032355932314344,8,early
8415,15,0,0.8556109351493699,0.5729659067546138,8,early
8416,16,0,0.9264395170209885,0.6291668291683695,8,early
8417,17,0,0.6595082893200355,0.5973422072879284,8,early
8418,18,0,0.9997777346185182,0.426366372948614,8,early
8419,19,0,0.0010636651068930089,0.9359071122494302,8,early
8420,20,0,0.9815168497711413,0.6290387828304871,8,early
8421,21,0,0.9977268152027141,0.6671701067718017,8,early
8422,22,0,0.998799432506719,0.6664976455831588,8,early
8423,23,0,0.008508782312424202,0.8809538466716021,8,early
8424,24,0,0.23188450278675551,0.6636238368997162,8,early
8425,25,0,1.1513902683207651e-05,1.2304491114969212,8,early
8426,26,0,0.9984869923058917,0.6769155657864453,8,early
8427,27,0,0.4071777835382715,0.610801695974419,8,early
8428,28,0,0.38912115730399516,0.787531444540641,8,early
8429,29,0,0.0007699722804152817,1.075832987292558,8,early
8430,30,0,0.039111934116589135,0.4714794006351497,8,early
8431,31,0,0.15887710754836434,0.4962042422050948,8,early
8432,32,0,0.0010264903341288645,1.1161311340429756,8,early
8433,33,0,0.9999987733858309,1.1963179789258316,8,early
8434,34,0,0.9120130252713133,0.38579577969268264,8,early
8435,35,0,0.04564660118783098,0.6826073372848283,8,early
8436,36,0,0.6129948448331913,0.638922996783325,8,early
8437,37,0,0.9998627075677604,0.6537259418519505,8,early
8438,38,0,0.13354964055525217,0.6717378825046245,8,early
8439,39,0,0.49224790725864875,0.7422138973495869,8,early
8440,40,0,0.11752200397459744,0.7299379929900854,8,early
8441,41,0,0.4999202915528594,0.9507578726292027,8,early
8442,42,0,0.6134671182410758,0.6607353715137305,8,early
8443,43,0,0.16840963434766046,0.6141636182983607,8,early
8444,44,0,0.4994260349017965,0.6547138508863196,8,early
8445,45,0,0.9458126446727944,0.5136859752180895,8,early
8446,46,0,0.4986005428733071,0.6184661097147879,8,early
8447,47,0,0.37301248774561957,0.7450762138038952,8,early
8448,48,0,0.017116382027798003,0.7390301473836075,8,early
8449,49,0,0.5069423701767187,0.4734673753422952,8,early
8450,50,0,0.9962554435095545,0.4499577096230172,8,early
8451,51,0,0.8462106009601177,0.539174717569401,8,early
8452,52,0,0.731532116830599,0.6256796493516117,8,early
8453,53,0,0.4999686809414834,0.8295555739921938,8,early
8454,54,0,0.48958544744149,0.6452603103817607,8,early
8455,55,0,0.9081523816730579,0.7385507598869493,8,early
8456,56,0,0.8354563218013282,0.8215358057713362,8,early
8457,57,0,0.9252918334781428,0.5745621072382909,8,early
8458,58,0,0.4986062462472106,0.7024302670200646,8,early
8459,59,0,0.08623581105580168,0.7739915118475924,8,early
8460,60,0,0.5007063022664845,0.6883335511096278,8,early
8461,61,0,0.2675025895756321,0.8896257208768592,8,early
8462,62,0,0.37069623320652667,0.5877598941673053,8,early
8463,63,0,0.49360506713123475,1.227847009288089,8,early
8464,64,0,0.7478318832513353,0.5385306428539985,8,early
8465,65,0,0.5479869253935583,0.4205934124953612,8,early
8466,66,0,0.9996522959794925,0.3299654796781549,8,early
8467,67,0,0.5031841682562592,0.615820357661891,8,early
8468,68,0,0.8072350829220015,0.5762784088738327,8,early
8469,69,0,0.9828690126300574,0.591979633979931,8,early
8470,70,0,0.4061691637452325,0.7584525866327847,8,early
8471,71,0,0.9873278788400415,0.5324832101186762,8,early
8472,72,0,0.9862946898188695,0.5857061293059918,8,early
8473,73,0,0.8434547960895563,0.4302362248626048,8,early
8474,74,0,0.5577930283265011,0.5972858871584082,8,early
8475,75,0,0.7449717031339623,0.48092623075112995,8,early
8476,76,0,0.9643434038501394,0.3787187262811279,8,early
8477,77,0,0.6589622918625062,0.573204839195691,8,early
8478,78,0,0.055501869647966696,0.6761917276851314,8,early
8479,79,0,0.8954146971364623,0.8065855942898108,8,early
8480,80,0,0.4784993095228209,0.5069126138681448,8,early
8481,81,0,0.5324505103381925,0.6953709733108266,8,early
8482,82,0,0.3677393990552561,0.5074447980134545,8,early
8483,83,0,0.5007623367790706,0.8234603502529543,8,early
8484,84,0,0.49866597328712914,0.568446877417261,8,early
8485,85,0,0.9906410215591912,0.35743148480616094,8,early
8486,86,0,0.06390792826761728,0.8062030805281855,8,early
8487,87,0,0.9863310828610831,0.4831182705864825,8,early
8488,88,0,0.410268541413649,0.5040519313080736,8,early
8489,89,0,0.8049492759196142,0.43626136039883867,8,early
8490,90,0,0.41983451380592474,0.7911662987092355,8,early
8491,91,0,0.9979219102007368,0.4793198706116901,8,early
8492,92,0,0.4152588393125938,0.5765084719117539,8,early
8493,93,0,0.500218401906878,0.8060628016627491,8,early
8494,94,0,0.5616999045978852,0.5661619409261922,8,early
8495,95,0,0.6551511049891001,0.48770608757078027,8,early
8496,96,0,0.7693664138567691,0.43497808122602644,8,early
8497,97,0,0.45675623850982283,0.4118306700263485,8,early
8498,98,0,0.7686582648308784,0.4378852021066328,8,early
8499,99,0,0.7774989849538128,0.7807298807893097,8,early
8500,100,0,0.5819522500980542,0.3487586695947601,8,early
8501,101,0,0.6208088053455729,0.4171645275827437,8,early
8502,102,0,0.6350239585287942,0.4540547847982309,8,early
8503,103,0,0.5087775760503312,0.49556765342599274,8,early
8504,104,0,0.9597172407239568,0.5649654935830439,8,early
8505,105,0,0.6255432282634062,0.5605117288750789,8,early
8506,106,0,0.5523428162777746,0.35937403208907365,8,early
8507,107,0,0.9924553154147417,0.3822971527036272,8,early
8508,108,0,0.4700324457299278,0.5581387715407865,8,early
8509,109,0,0.8922298842019677,0.55472019177458,8,early
8510,110,0,0.9171175652228942,0.4707582180060653,8,early
8511,111,0,0.5122813780378952,0.6400285139953372,8,early
8512,112,0,0.29949229080847073,0.5825775715649754,8,early
8513,113,0,0.9707945728057287,0.43879826753016027,8,early
8514,114,0,0.7369029271655396,0.6226819756695264,8,early
8515,115,0,0.9932295549765887,0.34139515067601267,8,early
8516,116,0,0.7055149088625507,0.5225809898706144,8,early
8517,117,0,0.49834539398238875,0.9684549295830338,8,early
8518,118,0,0.979003418497438,0.4551662593797272,8,early
8519,119,0,0.4737808665191633,0.7421062637041441,8,early
8520,120,0,0.49975858963468567,0.9281824981546238,8,early
8521,121,0,0.9271746071759981,0.3795617588882378,8,early
8522,122,0,0.4079882660425391,0.5822424004725237,8,early
8523,123,0,0.9997836561304123,0.4620197698341576,8,early
8524,124,0,0.8529172296029108,0.32788804955067397,8,early
8525,125,0,0.9155017812197837,0.44361209005075336,8,early
8526,126,0,0.694030606373599,0.5591297975325855,8,early
8527,127,0,0.49190054016491414,0.4065429799209649,8,early
8528,128,0,0.6847073415493503,0.724184773456362,8,early
8529,129,0,0.9592219327513887,0.6084481255603645,8,early
8530,130,0,0.503337221767256,0.6475682211681539,8,early
8531,131,0,0.7809899218907329,0.6672855421224886,8,early
8532,132,0,0.7905390355367512,0.5731278474453263,8,early
8533,133,0,0.8738151829625125,0.4098670528816851,8,early
8534,134,0,0.47946857232654194,0.839998360208555,8,early
8535,135,0,0.9759027578949022,0.6692527774824195,8,early
8536,136,0,0.6824217345782089,0.4391966125763757,8,early
8537,137,0,0.9874711461827076,0.5468975053104324,8,early
8538,138,0,0.6947715989532646,0.3815207269043827,8,early
8539,139,0,0.7098280010156619,0.3970600754695614,8,early
8540,140,0,0.5152399606047532,0.45104002979403734,8,early
8541,141,0,0.9942550758096309,0.6793255855989786,8,early
8542,142,0,0.8793638381211605,0.5644486787343426,8,early
8543,143,0,0.8467708825038505,0.42512826260150993,8,early
8544,144,0,0.4956520086467855,0.5734423963261428,8,early
8545,145,0,0.9764652559598943,0.7878444096468653,8,early
8546,146,0,0.680367224537749,0.5819042050839935,8,early
8547,147,0,0.976113777670794,0.6568384168521157,8,early
8548,148,0,0.9977410355721329,0.6061849744463979,8,early
8549,149,0,0.5260337382854527,0.623231463635862,8,early
8550,150,0,0.6084940803950616,0.6058889187804504,8,early
8551,151,0,0.996206037510258,0.5606333215016082,8,early
8552,152,0,0.9688262304967636,0.4700006387358304,8,early
8553,153,0,0.49902085997211393,0.8367326385083541,8,early
8554,154,0,0.9789953676580347,0.4765996694430694,8,early
8555,155,0,0.9939627265016,0.5650717071849571,8,early
8556,156,0,0.9876901342390971,0.6961458361590191,8,early
8557,157,0,0.4918930096170465,0.5169966824226213,8,early
8558,158,0,0.6180198483922341,0.5037414512351218,8,early
8559,159,0,0.9294699178472263,0.4517210279280735,8,early
8560,160,0,0.5460741994584276,0.7001071037551179,8,early
8561,161,0,0.6918810862654645,0.6163303366792414,8,early
8562,162,0,0.6848214803677145,0.44222945273143466,8,early
8563,163,0,0.6713342541118443,0.47839203764832305,8,early
8564,164,0,0.976119602869685,0.5378427929403016,8,early
8565,165,0,0.5885819973688271,0.41037721783879877,8,early
8566,166,0,0.4240368690658137,0.6238182491043804,8,early
8567,167,0,0.9971109222458183,0.3152382928538794,8,early
8568,168,0,0.9225327236820184,0.5646065650463834,8,early
8569,169,0,0.9999162188357305,0.579708073735129,8,early
8570,170,0,0.9524100256557079,0.5979237681000011,8,early
8571,171,0,0.7155138505794849,0.5849039634750084,8,early
8572,172,0,0.35782917912454093,0.7871423591955677,8,early
8573,173,0,0.9994144090311502,0.5089064713655769,8,early
8574,174,0,0.5412207223395167,0.5507330949921272,8,early
8575,175,0,0.9723290204376962,0.3733332225073248,8,early
8576,176,0,0.881467063085299,0.3242281827242306,8,early
8577,177,0,0.99633888452795,0.4219106518333873,8,early
8578,178,0,0.9536820883499865,0.6496686207400822,8,early
8579,179,0,0.271106878080908,0.5554960593429307,8,early
8580,180,0,0.8926986121349494,0.43598007855334764,8,early
8581,181,0,0.9704164992169604,0.5856240784490356,8,early
8582,182,0,0.5602523017605141,0.4271934603863974,8,early
8583,183,0,0.5011479434183441,0.6361216911724197,8,early
8584,184,0,0.496023932951827,0.591324213889343,8,early
8585,185,0,0.6596978015711348,0.44093489019988474,8,early
8586,186,0,0.5318989093847116,0.5018357602983203,8,early
8587,187,0,0.9965909498262173,0.3067837643892694,8,early
8588,188,0,0.9530123692789548,0.4731305286904302,8,early
8589,189,0,0.992500868040126,0.37987764025606124,8,early
8590,190,0,0.49377881261601086,0.6857445037006027,8,early
8591,191,0,0.9926865762658588,0.526543947381652,8,early
8592,192,0,0.9999456468553516,0.6043959559822768,8,early
8593,193,0,0.31031763552451,0.5506110575118188,8,early
8594,194,0,0.9500813890294864,0.5463216127260693,8,early
8595,195,0,0.5517482562302791,0.4183456403841449,8,early
8596,196,0,0.9626213356631221,0.43998774747885716,8,early
8597,197,0,0.996171069127241,0.5867705383583761,8,early
8598,198,0,0.6711019157029311,0.8154412729393703,8,early
8599,199,0,0.5299219054297006,0.536449469686497,8,early
8600,0,0,0.05447963979053365,0.880046331858944,8,middle
8601,1,0,0.8714495566161702,0.6467661981780961,8,middle
8602,2,0,0.5048556611059813,0.45000140940047584,8,middle
8603,3,0,0.9865904948320685,0.4452423062508234,8,middle
8604,4,0,0.10788982742207684,0.6079699266288412,8,middle
8605,5,0,0.2778054544734702,0.7475570612566258,8,middle
8606,6,0,0.8094411408772275,0.8243224793465957,8,middle
8607,7,0,0.12880994877870183,0.6618073979838859,8,middle
8608,8,0,0.43436366452727904,0.6357939125594387,8,middle
8609,9,0,0.5211362345285478,0.6318054272124065,8,middle
8610,10,0,0.7203801402785508,0.46778852583556313,8,middle
8611,11,0,0.062426237345071175,0.639344081245502,8,middle
8612,12,0,0.45634892786326353,0.6290899467630722,8,middle
8613,13,0,0.9156199252883612,0.37475426583567467,8,middle
8614,14,0,0.5933730122085115,0.6376657625202362,8,middle
8615,15,0,0.006606338859472235,0.9739416331581494,8,middle
8616,16,0,0.8394882291965673,0.6489019696779477,8,middle
8617,17,0,0.009731955449036022,0.6811747871401326,8,middle
8618,18,0,0.7393388428991228,0.49043993774863237,8,middle
8619,19,0,0.5292863880735829,0.8778022772457426,8,middle
8620,20,0,0.46228176101081303,0.537873982499851,8,middle
8621,21,0,0.030939787657320014,0.8483108967885991,8,middle
8622,22,0,0.31760814314998814,0.9022853023584191,8,middle
8623,23,0,0.4358773524136291,0.783033720510665,8,middle
8624,24,0,0.5471684940593471,0.5184184238700429,8,middle
8625,25,0,0.865545855862349,0.6986479255420243,8,middle
8626,26,0,0.5003271502908002,0.5649685573643579,8,middle
8627,27,0,0.9653155053796144,0.7504691765918907,8,middle
8628,28,0,0.9555736664223027,0.6610399933459044,8,middle
8629,29,0,0.8116304629116804,0.37206562756057415,8,middle
8630,30,0,0.5337896455923019,0.6448224886946066,8,middle
8631,31,0,0.8794340978089092,0.6916729810730531,8,middle
8632,32,0,0.5001528186721063,0.6749400826735529,8,middle
8633,33,0,0.7091804536181638,0.8093499992473999,8,middle
8634,34,0,0.4419546020470865,0.44934245487319757,8,middle
8635,35,0,0.5179829673027914,0.5188896926193383,8,middle
8636,36,0,0.5050999103270003,0.8147812464455937,8,middle
8637,37,0,0.012080915984698428,0.9910644135410087,8,middle
8638,38,0,0.49210543794592787,0.9436301811749089,8,middle
8639,39,0,0.985247840015864,0.5445489495810115,8,middle
8640,40,0,0.5822964562453541,0.7237483314579736,8,middle
8641,41,0,0.5778987435011134,0.6155909005639904,8,middle
8642,42,0,0.5004897170057465,0.8253038573614151,8,middle
8643,43,0,0.49654606939638984,1.3707686313760372,8,middle
8644,44,0,0.49639560118131515,1.069298211880427,8,middle
8645,45,0,0.5532901796691198,0.6340820988468381,8,middle
8646,46,0,0.6997987613427296,0.7677936280121453,8,middle
8647,47,0,0.5896424372919379,0.7244341710659914,8,middle
8648,48,0,0.5189124924501486,0.6300317900327477,8,middle
8649,49,0,0.6062488305232976,0.4576596179787637,8,middle
8650,50,0,0.4359343894595528,0.5478967490813844,8,middle
8651,51,0,0.4332821227353476,0.5424177206260645,8,middle
8652,52,0,0.5764278211118042,0.6333667296402112,8,middle
8653,53,0,0.862799061694778,1.0212572118391408,8,middle
8654,54,0,0.4864514268226798,1.0307785691533793,8,middle
8655,55,0,0.49950067321376296,0.6000727946341847,8,middle
8656,56,0,0.5551951036911368,0.7545922645957303,8,middle
8657,57,0,0.4877768790194198,0.8139483283189181,8,middle
8658,58,0,0.634880169853268,0.6871834625521795,8,middle
8659,59,0,0.5644701497498616,1.0271413125981552,8,middle
8660,60,0,0.41955006823172697,0.4346645612249689,8,middle
8661,61,0,0.9708757337667795,0.7300014686234546,8,middle
8662,62,0,0.9493703354222978,0.9989746364549545,8,middle
8663,63,0,0.49231043803144453,1.0285346548450611,8,middle
8664,64,0,0.6276487469693162,1.264476849371652,8,middle
8665,65,0,0.7486629264601585,0.7548101681386679,8,middle
8666,66,0,0.6904588635934132,0.8849011102889899,8,middle
8667,67,0,0.06220626642144768,0.7418225914015404,8,middle
8668,68,0,0.18880387420988293,0.8643658106428134,8,middle
8669,69,0,0.8847395519498064,0.7277038234964128,8,middle
8670,70,0,0.4967887606741331,0.6348860002391733,8,middle
8671,71,0,0.4874183560394682,0.6779455534198626,8,middle
8672,72,0,0.5154144629590353,0.735684593490618,8,middle
8673,73,0,0.6469298196515649,0.6905287108104881,8,middle
8674,74,0,0.9773299944449839,0.8119693853364981,8,middle
8675,75,0,0.4962226538245174,0.6648812538073884,8,middle
8676,76,0,0.5592725087697876,0.6709942855373411,8,middle
8677,77,0,0.6752834683178817,0.7763844200111852,8,middle
8678,78,0,0.4950836601345517,0.8712563151498609,8,middle
8679,79,0,0.9934952679182483,0.7504859898338652,8,middle
8680,80,0,0.3066939133094135,0.8501441428564586,8,middle
8681,81,0,0.012021572293972126,0.7264738375489129,8,middle
8682,82,0,6.685449254183157e-05,1.0220964217582809,8,middle
8683,83,0,0.009284107734716118,1.1706446584304353,8,middle
8684,84,0,0.11246876090591987,0.5728050155895119,8,middle
8685,85,0,0.8441920970044422,0.4729945505006483,8,middle
8686,86,0,0.5094740393311247,0.6179453123351306,8,middle
8687,87,0,0.5437804007652154,0.4866417796331348,8,middle
8688,88,0,0.9803288507963428,1.0091891915375215,8,middle
8689,89,0,0.30620300260026195,0.620995054142069,8,middle
8690,90,0,0.4850486395502636,0.6051719248823741,8,middle
8691,91,0,0.9675488090512641,0.7432941661758471,8,middle
8692,92,0,0.6984222399515828,0.5126417577084823,8,middle
8693,93,0,0.9205970751859889,0.8155341060246076,8,middle
8694,94,0,0.0008936662140619034,0.7866194263276025,8,middle
8695,95,0,0.9007797458128279,0.5924688290536556,8,middle
8696,96,0,0.4790056936381046,0.7777907495921498,8,middle
8697,97,0,0.9938992608903017,0.8041091617945659,8,middle
8698,98,0,0.9995122313422212,0.6790255843967989,8,middle
8699,99,0,0.0659796119396118,0.6592625324466121,8,middle
8700,100,0,0.7494581792277613,0.4234575524119797,8,middle
8701,101,0,0.5000865569580046,1.0510094773648873,8,middle
8702,102,0,0.49983350074076327,1.0404775559854447,8,middle
8703,103,0,0.8422495075581936,0.787070209205907,8,middle
8704,104,0,0.00349120620725538,0.7188417309036751,8,middle
8705,105,0,0.6713374121620076,0.5573636378639277,8,middle
8706,106,0,0.21388912552736739,0.48370081734130654,8,middle
8707,107,0,0.832410900659051,0.8952671430890415,8,middle
8708,108,0,0.5700583476168986,0.98810248731861,8,middle
8709,109,0,0.13856904555137606,1.1719605528863886,8,middle
8710,110,0,0.024691909591241568,0.7033307975209449,8,middle
8711,111,0,0.9015512840598472,0.7736545683286988,8,middle
8712,112,0,0.31361859624502514,1.2685992063676852,8,middle
8713,113,0,0.9841750817479971,0.6995157745624464,8,middle
8714,114,0,0.9638387351824916,0.6725331043056268,8,middle
8715,115,0,0.940385474735137,0.515759822451319,8,middle
8716,116,0,0.5180126108451116,0.5764407421225135,8,middle
8717,117,0,0.7494651931553706,0.6013055759643653,8,middle
8718,118,0,0.5031809857626268,0.6586643508148782,8,middle
8719,119,0,0.8676057020743484,0.7033916632139976,8,middle
8720,120,0,0.08317157654158286,0.7545571466560836,8,middle
8721,121,0,0.8006761644710645,0.48434921748540183,8,middle
8722,122,0,0.9153328955782142,0.8670558943705262,8,middle
8723,123,0,0.4123108466628508,0.8743698414188645,8,middle
8724,124,0,0.023463044849203044,0.5623743557578715,8,middle
8725,125,0,0.505451730128375,0.4174408951038977,8,middle
8726,126,0,0.4559756698738797,0.9979925555067397,8,middle
8727,127,0,0.5094746353038468,0.5478319027626722,8,middle
8728,128,0,0.5296595298775315,0.8648926823810055,8,middle
8729,129,0,0.35369107103573455,0.8235831541322687,8,middle
8730,130,0,0.49558074374416966,0.6147917358608292,8,middle
8731,131,0,0.6264945676350451,0.7899292865115051,8,middle
8732,132,0,0.011335897327526753,0.7760099948147474,8,middle
8733,133,0,0.5015568196653205,0.7918828768603285,8,middle
8734,134,0,0.5018560521231845,1.0436460381555646,8,middle
8735,135,0,0.317457912100619,0.773289785371025,8,middle
8736,136,0,0.9879049309200538,0.7538456358695437,8,middle
8737,137,0,0.999697215028825,0.49652292973419665,8,middle
8738,138,0,0.586860269355285,0.6010005318871049,8,middle
8739,139,0,0.035686128784439886,0.8193114523989724,8,middle
8740,140,0,0.48271798133863353,0.45020046299891836,8,middle
8741,141,0,0.00732474180387045,0.6400141058158629,8,middle
8742,142,0,0.7679763500301222,0.5067257877216279,8,middle
8743,143,0,0.6520147591640666,0.6812685579839275,8,middle
8744,144,0,0.26299531870395293,0.645815041701689,8,middle
8745,145,0,0.31039013979531765,0.7802490150025795,8,middle
8746,146,0,0.6773853809843322,1.27960530725458,8,middle
8747,147,0,0.2858995375365759,0.9328364422825824,8,middle
8748,148,0,0.4936459081952874,0.8173711763511112,8,middle
8749,149,0,0.8524304217235976,0.4683669785020871,8,middle
8750,150,0,0.47261169882308396,0.6021537455511152,8,middle
8751,151,0,0.20635595764685188,0.8107646536292514,8,middle
8752,152,0,0.9146725898523749,0.9270983924035319,8,middle
8753,153,0,0.44622201501463726,0.805578997237662,8,middle
8754,154,0,0.4313248728355334,0.6066345997756217,8,middle
8755,155,0,0.23672475700562468,0.7942165490987885,8,middle
8756,156,0,0.6931261583696587,0.45945922060953326,8,middle
8757,157,0,0.5146824152500213,0.5299680058963304,8,middle
8758,158,0,0.37096563709476466,0.6623094137887737,8,middle
8759,159,0,0.4337956839708463,0.9369087536565651,8,middle
8760,160,0,0.5187765805928534,0.8201147818024281,8,middle
8761,161,0,0.47530568152107533,0.8344954304327068,8,middle
8762,162,0,0.6918511836308905,0.8561056595323431,8,middle
8763,163,0,0.2824647032766157,0.7493676589049414,8,middle
8764,164,0,0.6035756415798421,0.46711579232776324,8,middle
8765,165,0,0.9857381635313511,0.31949689379949453,8,middle
8766,166,0,0.8746549978495466,0.49954779210628264,8,middle
8767,167,0,0.5068539462299869,0.8918273932889488,8,middle
8768,168,0,0.30052606964864215,0.6642239646472414,8,middle
8769,169,0,0.07830443117315451,0.6168725726925853,8,middle
8770,170,0,0.002355884150234907,0.7900296227350438,8,middle
8771,171,0,0.016760711791744074,0.8158474176925892,8,middle
8772,172,0,0.7019803129622839,0.5726175231982071,8,middle
8773,173,0,0.5307660353444239,0.45459520131545017,8,middle
8774,174,0,0.4975231808653432,0.7071060998158822,8,middle
8775,175,0,0.5315094106877817,0.8046446778866592,8,middle
8776,176,0,0.4749971394851491,0.3653097316942998,8,middle
8777,177,0,0.7752705419606776,0.6145618872353069,8,middle
8778,178,0,0.3923191220368413,0.606919213584859,8,middle
8779,179,0,0.24431259139061695,0.6255767950894422,8,middle
8780,180,0,0.4952848333092168,0.8317580696262581,8,middle
8781,181,0,0.8761247021427665,0.4905889537126852,8,middle
8782,182,0,0.9708865774228052,0.5091701737923554,8,middle
8783,183,0,0.22284292958030588,0.8516181947587674,8,middle
8784,184,0,0.6608510213938558,0.4818411683376097,8,middle
8785,185,0,0.24069935648150959,0.8378811406259205,8,middle
8786,186,0,0.49875213620353975,0.7847213942983686,8,middle
8787,187,0,0.49240107357045304,1.1563512318437943,8,middle
8788,188,0,0.5182202114481516,0.6923642337801881,8,middle
8789,189,0,0.3870276901233867,0.5411611070205857,8,middle
8790,190,0,0.2910081901006565,0.7194788368180414,8,middle
8791,191,0,0.4835910159881229,0.5568640863949262,8,middle
8792,192,0,0.59154523766559,0.8183450405237349,8,middle
8793,193,0,0.3521975632804064,0.736170283978117,8,middle
8794,194,0,0.500276487376377,0.727311042969879,8,middle
8795,195,0,0.5287712412237937,0.5838999048235489,8,middle
8796,196,0,0.4803059400747099,0.7490677397418297,8,middle
8797,197,0,0.7754417357755687,0.4433786632569304,8,middle
8798,198,0,0.8006223133568845,0.7003897251782949,8,middle
8799,199,0,0.5402811071132988,0.7413316972121821,8,middle
8800,0,0,0.9967117907421935,0.4435256563158056,8,late
8801,1,0,0.00561675511443572,0.991267080673763,8,late
8802,2,0,0.47012271739221895,0.5835771863726379,8,late
8803,3,0,0.452928463491853,0.5858861947066383,8,late
8804,4,0,0.3301318640921107,0.5360617748999912,8,late
8805,5,0,0.023423753426224173,0.6587566501320071,8,late
8806,6,0,0.3923564844210662,0.4339982937986313,8,late
8807,7,0,0.6874304757900829,0.4414338700253111,8,late
8808,8,0,0.4977329025320297,0.6197464635457859,8,late
8809,9,0,0.0025104897096563557,0.8363398392145847,8,late
8810,10,0,0.7591499115655957,0.5300845243629259,8,late
8811,11,0,0.03434174114933291,0.8974128228469522,8,late
8812,12,0,0.17750850265343265,0.7553374468389962,8,late
8813,13,0,0.9370724264402273,0.46497362747729165,8,late
8814,14,0,0.496318792257342,0.9981612684235106,8,late
8815,15,0,0.4991501474443291,0.5710115888246874,8,late
8816,16,0,0.5158293364917026,0.8547784801074806,8,late
8817,17,0,0.9189752917225651,0.807541213344021,8,late
8818,18,0,0.4410804061973932,0.7607389776837145,8,late
8819,19,0,0.9909774744973143,0.6579699219575634,8,late
8820,20,0,0.5743739460951072,0.5142858985036507,8,late
8821,21,0,0.9850233841991534,0.7580924468840023,8,late
8822,22,0,0.5062352421711271,0.9348287668545812,8,late
8823,23,0,0.9137704142990678,0.6718918927524127,8,late
8824,24,0,0.5089619890426097,0.8282012783404546,8,late
8825,25,0,0.014668280595069423,0.8947629715836587,8,late
8826,26,0,0.8692104519285999,0.6858462196780284,8,late
8827,27,0,0.6164571734338722,0.6144579740405274,8,late
8828,28,0,0.9643230025799183,0.7252786149393824,8,late
8829,29,0,0.8181181447223322,0.6370560760089654,8,late
8830,30,0,0.99828609848611,0.6950948984125866,8,late
8831,31,0,0.59894981566059,0.4777941875193777,8,late
8832,32,0,0.4909926773082865,0.7118555603664629,8,late
8833,33,0,0.9980911358002474,0.7797560022894076,8,late
8834,34,0,0.5521963742658652,0.44060514471838463,8,late
8835,35,0,0.7891017221315988,0.6379519316779318,8,late
8836,36,0,0.49990267369514385,0.9262304602525138,8,late
8837,37,0,0.012307853992252486,0.7089993064414509,8,late
8838,38,0,0.2990844511307275,0.8977469599204118,8,late
8839,39,0,0.42285417908252176,0.6230138138830965,8,late
8840,40,0,0.1802562647523554,0.6017203181183716,8,late
8841,41,0,0.17417128343451527,0.6728063099411465,8,late
8842,42,0,0.6158680760082478,0.9076835205403276,8,late
8843,43,0,0.9981611240322267,0.8029545828881849,8,late
8844,44,0,0.205576847172634,0.8537149291570947,8,late
8845,45,0,0.3416825236585559,0.6727619151819444,8,late
8846,46,0,0.4717770913840077,0.7575032864928352,8,late
8847,47,0,0.9946343718208711,0.4801259748281695,8,late
8848,48,0,0.5167383999977647,0.8202690650125057,8,late
8849,49,0,0.9978435302518935,0.5806241755674441,8,late
8850,50,0,0.6319959008253887,0.5605521673722789,8,late
8851,51,0,0.0010613277323097143,0.8105506911267559,8,late
8852,52,0,0.5964663006658023,0.9102464849186849,8,late
8853,53,0,0.9976067959224528,1.189019068804015,8,late
8854,54,0,0.861262936004717,0.7003000075164623,8,late
8855,55,0,0.12203676640005849,0.5495396259509451,8,late
8856,56,0,0.5458959480937934,0.7974893821777544,8,late
8857,57,0,0.4530837393376872,0.6073517832772353,8,late
8858,58,0,0.010730959891743535,0.7215463588624479,8,late
8859,59,0,0.016111099767377783,0.9014176130214908,8,late
8860,60,0,0.4253456122455658,0.5541685879967506,8,late
8861,61,0,0.006674387880070902,0.9674557531095614,8,late
8862,62,0,0.35811835363528743,0.5998292367563851,8,late
8863,63,0,0.005935174144635043,0.8587545598269934,8,late
8864,64,0,0.4952169765678067,0.8612276850605065,8,late
8865,65,0,0.0019721851186988485,0.9420089175838797,8,late
8866,66,0,0.48844082614438056,0.6497072610499354,8,late
8867,67,0,0.9986450768890411,1.2552721971175411,8,late
8868,68,0,0.5784755520008913,0.652472242786261,8,late
8869,69,0,0.9540543566221155,0.5031323698648474,8,late
8870,70,0,0.8580724706138411,0.6232621971767257,8,late
8871,71,0,0.36295498895596023,0.7282849314865092,8,late
8872,72,0,0.5004807990120629,1.0338353869160994,8,late
8873,73,0,0.9057363406419456,0.7984349658508797,8,late
8874,74,0,0.9528157465876383,0.8814713513709711,8,late
8875,75,0,0.5656328723865973,0.9318820790069633,8,late
8876,76,0,0.14730216319902248,0.6784303315701466,8,late
8877,77,0,0.3958695605402181,0.9443273830833308,8,late
8878,78,0,0.8942677618690325,0.9971191487486668,8,late
8879,79,0,0.5180701278434557,0.8540621755456062,8,late
8880,80,0,0.459012318605083,0.5426912360454421,8,late
8881,81,0,0.9950713873499389,0.5889460321915829,8,late
8882,82,0,0.881127512442413,0.5644413365792837,8,late
8883,83,0,0.510222215449228,0.6206968952868146,8,late
8884,84,0,0.9906567421254283,0.5309763383933982,8,late
8885,85,0,0.8263358309720419,0.5290857096061699,8,late
8886,86,0,0.9908318152311422,0.591075021522264,8,late
8887,87,0,0.9982312938042321,0.8614769103689279,8,late
8888,88,0,0.46456880004009704,0.6552849762436446,8,late
8889,89,0,0.564892992535869,0.44919879726877776,8,late
8890,90,0,0.7489384888787303,0.7256694887562001,8,late
8891,91,0,0.34848729103709875,0.4108653347662971,8,late
8892,92,0,0.5107796714347608,0.875137921824532,8,late
8893,93,0,0.8241414617612808,0.4569968664464047,8,late
8894,94,0,0.9113279199139017,0.5659454997329181,8,late
8895,95,0,0.5022869143472859,0.5938917687340377,8,late
8896,96,0,0.8488874593540262,0.4207090929851561,8,late
8897,97,0,0.8932706424769954,0.5926937827411515,8,late
8898,98,0,0.8183924288770286,0.48485806585945707,8,late
8899,99,0,0.9401604046801353,0.34109517989529936,8,late
8900,100,0,0.5183948525108699,1.0116253316780202,8,late
8901,101,0,0.7751909903227405,0.5748507546415249,8,late
8902,102,0,0.5004968713439659,0.9198855503840335,8,late
8903,103,0,0.9192767892344331,0.8179707034879133,8,late
8904,104,0,0.5210495483517382,1.0504920969229858,8,late
8905,105,0,0.29081956544860965,0.7137692940805342,8,late
8906,106,0,0.5542958413849783,0.7388769593450472,8,late
8907,107,0,0.9995236016393505,0.6230713955167562,8,late
8908,108,0,0.8703882565059708,0.8571482891634944,8,late
8909,109,0,0.9979224307053938,0.79455503624217,8,late
8910,110,0,0.5700183466058417,0.49967229597450835,8,late
8911,111,0,0.4784843782122157,0.8792007399129542,8,late
8912,112,0,0.5843002075480682,1.0751840002905748,8,late
8913,113,0,0.6701843603631058,0.5642993499780813,8,late
8914,114,0,0.9809277745676648,1.0166311856886692,8,late
8915,115,0,0.5843413648014492,0.9733373241568811,8,late
8916,116,0,0.9841300807032749,0.6393946900842425,8,late
8917,117,0,0.6131731335540557,0.7074320357741706,8,late
8918,118,0,0.503153365615221,0.8747661347102865,8,late
8919,119,0,0.9969735578560711,0.6871308983131513,8,late
8920,120,0,0.8906771585251281,0.7430827125957296,8,late
8921,121,0,0.9840389850179186,0.6013647622772529,8,late
8922,122,0,0.5436613711136566,0.6202913441693245,8,late
8923,123,0,0.010647943082045194,0.8121035665568688,8,late
8924,124,0,0.16848937894519841,0.7022292370450967,8,late
8925,125,0,0.8691398950540565,0.4947845069347636,8,late
8926,126,0,0.999042586686785,0.7055689261503204,8,late
8927,127,0,0.9371902174140405,0.5441925896949131,8,late
8928,128,0,0.9197623349122029,0.651788563774743,8,late
8929,129,0,0.5100261455745199,0.5928299291962111,8,late
8930,130,0,0.5274556838676246,0.48336564653498015,8,late
8931,131,0,0.30508621948160275,0.631159300480759,8,late
8932,132,0,0.6563029457605669,0.6096074125400498,8,late
8933,133,0,0.5605422653746718,0.6739806540912419,8,late
8934,134,0,0.9289950227708533,0.7605223107126353,8,late
8935,135,0,0.5006193807837819,1.1061494680016066,8,late
8936,136,0,0.4161572980056146,0.8354713143246508,8,late
8937,137,0,0.7697363752475586,0.7867938654670101,8,late
8938,138,0,0.7789389704984323,0.6276722341096963,8,late
8939,139,0,0.8952409277083695,0.7282458192668284,8,late
8940,140,0,0.49730840585907,0.9953513266322255,8,late
8941,141,0,0.8118279283848842,0.6563726264127603,8,late
8942,142,0,0.7459431409031188,0.7481652665794774,8,late
8943,143,0,0.9961749739834458,0.3194419320232037,8,late
8944,144,0,0.6607146320980366,0.529579703961976,8,late
8945,145,0,0.20087205056936816,0.8267135634055436,8,late
8946,146,0,0.08871263148178518,0.9746745888774349,8,late
8947,147,0,0.4371239041680769,0.7352132519465524,8,late
8948,148,0,0.9997884828763238,0.8842993089401736,8,late
8949,149,0,0.9877006095487726,0.4083115560387922,8,late
8950,150,0,0.9974925351762447,0.7155816425687644,8,late
8951,151,0,0.6695756517588458,0.7292522510409838,8,late
8952,152,0,0.9999298729975594,0.9358082386335784,8,late
8953,153,0,0.3861641187878978,0.636765557755498,8,late
8954,154,0,0.6476041565608281,0.807358605379286,8,late
8955,155,0,0.4869890816867718,1.1764506134848567,8,late
8956,156,0,0.9845872107354172,0.6611702729569727,8,late
8957,157,0,0.993052993675519,0.9491254963269512,8,late
8958,158,0,0.9910270681037772,0.6100128291452681,8,late
8959,159,0,0.8747304905943667,0.5491118346126262,8,late
8960,160,0,0.4232241975487679,0.8412550384896621,8,late
8961,161,0,0.9977918405317636,0.9180175593485084,8,late
8962,162,0,0.36322408971382075,0.8809961261898207,8,late
8963,163,0,0.507496727414559,0.8252104812693575,8,late
8964,164,0,0.5185490918665064,0.8373528592064399,8,late
8965,165,0,0.6430063158393579,0.7606088376562803,8,late
8966,166,0,0.7557205251756163,0.907335370769998,8,late
8967,167,0,0.9363917364872233,0.9193639801662945,8,late
8968,168,0,0.830337482278889,0.5284085205881414,8,late
8969,169,0,0.9902503833252594,0.3037408237824062,8,late
8970,170,0,0.650911073284962,0.625524565083537,8,late
8971,171,0,0.4121803289061009,0.8838692405029185,8,late
8972,172,0,0.9722930601435711,0.5936265907461377,8,late
8973,173,0,0.5317410832355277,0.6390602936006887,8,late
8974,174,0,0.37154390471273196,0.7964950080422246,8,late
8975,175,0,0.8982109534893921,0.4683906284713407,8,late
8976,176,0,0.08721366202516098,0.6208665761800514,8,late
8977,177,0,0.5670533382648435,0.5997151184324443,8,late
8978,178,0,0.6485413831832616,0.304569501668183,8,late
8979,179,0,0.8678744421650404,0.2909038386617402,8,late
8980,180,0,0.999616894265009,0.4909717874840017,8,late
8981,181,0,0.9868212400834476,0.853740972883581,8,late
8982,182,0,0.8022854091362599,0.48468604337707444,8,late
8983,183,0,0.9899326735138945,0.3586194919856722,8,late
8984,184,0,0.9998183829690984,0.9026298360744298,8,late
8985,185,0,0.5027161054774337,0.6540643216338861,8,late
8986,186,0,0.5887081170118283,0.6038484516653395,8,late
8987,187,0,0.9995623899246563,0.6681154668765451,8,late
8988,188,0,0.558407758965569,0.4763950774422606,8,late
8989,189,0,0.9986713055067667,0.5522935606337084,8,late
8990,190,0,0.7069592157078908,0.5719822263052559,8,late
8991,191,0,0.07343386792287719,0.5360835855155689,8,late
8992,192,0,0.9776186008075345,0.9981052974927354,8,late
8993,193,0,0.5531341840827702,0.6662085361431158,8,late
8994,194,0,0.29207108339290383,0.6770601312753222,8,late
8995,195,0,0.5546764461234213,0.5876220157647534,8,late
8996,196,0,0.9917507569200723,0.656302783637221,8,late
8997,197,0,0.5541899851076594,0.4860929086894038,8,late
8998,198,0,0.502807383615745,0.5669381071816706,8,late
8999,199,0,0.9838646629174955,0.3519818374654202,8,late
9000,0,0,0.4946885222152019,0.6715434493622907,9,interleaved
9001,1,0,0.023153536595283342,0.6723428073603086,9,interleaved
9002,2,0,0.5711445733520403,0.5334985111355077,9,interleaved
9003,3,0,0.6210485275248195,0.3597856639643634,9,interleaved
9004,4,0,0.853098497054917,0.43614028367408686,9,interleaved
9005,5,0,0.5641530046643127,0.446390445127653,9,interleaved
9006,6,0,0.005630892929207033,1.038689541739111,9,interleaved
9007,7,0,0.3765448014161373,0.6003557250673195,9,interleaved
9008,8,0,0.09390611359363905,0.8348061348966271,9,interleaved
9009,9,0,0.5094105219957299,0.6320387100170368,9,interleaved
9010,10,0,0.4730040086887761,0.7374432810756821,9,interleaved
9011,11,0,0.5133058768792714,0.5893400829137891,9,interleaved
9012,12,0,0.29710700617994934,0.5837036207950336,9,interleaved
9013,13,0,0.629200579645275,0.7840264942143479,9,interleaved
9014,14,0,0.5030916692390882,0.6854845335599766,9,interleaved
9015,15,0,0.5143761316007107,0.5667866306792441,9,interleaved
9016,16,0,0.5440434156860391,0.7450957182325246,9,interleaved
9017,17,0,0.40038264802778123,0.6320542108946188,9,interleaved
9018,18,0,0.08120347357987155,1.2154590911385523,9,interleaved
9019,19,0,0.43386974790226496,0.6347071152065533,9,interleaved
9020,20,0,0.496565149878774,0.5111405043386718,9,interleaved
9021,21,0,0.5182741375280385,0.8681877918339249,9,interleaved
9022,22,0,0.12198838559313051,0.8233638675767043,9,interleaved
9023,23,0,0.5109874646509397,0.5235139435126632,9,interleaved
9024,24,0,0.49731844733558195,0.6201017567996834,9,interleaved
9025,25,0,0.41775315422815473,0.8072837428866353,9,interleaved
9026,26,0,0.4162169720051614,0.5997133369468064,9,interleaved
9027,27,0,0.6966881659268842,0.6225477997791297,9,interleaved
9028,28,0,0.8032146276249313,0.63839404314679,9,interleaved
9029,29,0,0.9801383428286488,0.8665980958288461,9,interleaved
9030,30,0,0.4978629354052247,0.9278732346017204,9,interleaved
9031,31,0,0.9447875337605505,0.6128760346272679,9,interleaved
9032,32,0,0.8485700288571467,0.6083546624245467,9,interleaved
9033,33,0,0.054709655873268856,0.5497831038222613,9,interleaved
9034,34,0,0.27216103083615945,0.6248043049013317,9,interleaved
9035,35,0,0.5347937493141502,0.511219300316636,9,interleaved
9036,36,0,0.47299469242815034,0.808993929565049,9,interleaved
9037,37,0,0.9530674726218049,0.39846194558714143,9,interleaved
9038,38,0,0.05663626808168673,0.8517135014301169,9,interleaved
9039,39,0,0.9468440244849534,0.683766723835145,9,interleaved
9040,40,0,0.507272510576425,1.2840107255317903,9,interleaved
9041,41,0,0.9679185855033076,0.6504734753560912,9,interleaved
9042,42,0,0.02107489397513004,0.7182170282841788,9,interleaved
9043,43,0,0.26384344525845604,0.7122061152158174,9,interleaved
9044,44,0,0.4936588795241164,0.299222620885797,9,interleaved
9045,45,0,0.5694417247174848,0.41258969189518335,9,interleaved
9046,46,0,0.11729094566089614,0.8501442617612569,9,interleaved
9047,47,0,0.4896065733666847,0.7891597987531422,9,interleaved
9048,48,0,0.4988721487951331,0.9544400050838001,9,interleaved
9049,49,0,0.500045701662587,0.7524127492965689,9,interleaved
9050,50,0,0.48637087962113196,0.5970163914927784,9,interleaved
9051,51,0,0.3375283774179659,0.6404283179261376,9,interleaved
9052,52,0,0.918759218610266,0.672920422150534,9,interleaved
9053,53,0,0.9936066559509091,0.7285752291035178,9,interleaved
9054,54,0,0.6277350676924344,0.9949393078317168,9,interleaved
9055,55,0,0.48693391797694663,0.8854197786253151,9,interleaved
9056,56,0,0.994259688131079,0.8206010149418204,9,interleaved
9057,57,0,0.8045399930587195,0.6016422820854856,9,interleaved
9058,58,0,0.42210680555509844,0.7764763194206779,9,interleaved
9059,59,0,0.8779429881013866,0.5218388392988129,9,interleaved
9060,60,0,0.49333958371556974,0.7215551901432924,9,interleaved
9061,61,0,0.9071126231909414,0.46640706236036,9,interleaved
9062,62,0,0.999914201566663,0.7460049209594031,9,interleaved
9063,63,0,0.9770300062645326,0.5180950426046791,9,interleaved
9064,64,0,0.6939168600458946,0.5686794648702329,9,interleaved
9065,65,0,0.8889402843001291,0.712376828974133,9,interleaved
9066,66,0,0.46345962403543617,0.7288216500627762,9,interleaved
9067,67,0,0.5212464093792728,0.5607659051341204,9,interleaved
9068,68,0,0.9984576091161145,0.8115939671629238,9,interleaved
9069,69,0,0.9475415134953598,0.5176202129403069,9,interleaved
9070,70,0,0.9418945146739399,0.45440686828662225,9,interleaved
9071,71,0,0.5302110659974776,1.0333852549588385,9,interleaved
9072,72,0,0.014407191753947102,0.9273772182788012,9,interleaved
9073,73,0,0.3957660655359847,0.5441157769019618,9,interleaved
9074,74,0,0.9481570045103194,0.5862082925794979,9,interleaved
9075,75,0,0.0036901636918843846,0.9345941301806848,9,interleaved
9076,76,0,0.5228195021011341,0.6043793238085766,9,interleaved
9077,77,0,0.626338100280402,0.5064720017072994,9,interleaved
9078,78,0,0.4824372905259009,0.6049188099058255,9,interleaved
9079,79,0,0.5081990561916526,0.49837216545435326,9,interleaved
9080,80,0,0.34330446556410354,0.8917122828318607,9,interleaved
9081,81,0,0.46475959960345675,0.46048401949578743,9,interleaved
9082,82,0,0.2250563209730183,0.6178119393270881,9,interleaved
9083,83,0,0.9786326965594365,0.8044387040109914,9,interleaved
9084,84,0,0.5391592219377344,0.5743122150925049,9,interleaved
9085,85,0,0.05317858458692168,0.6736039069057873,9,interleaved
9086,86,0,0.43676489460995127,0.5470559819047713,9,interleaved
9087,87,0,0.5023939218852835,0.9742883138514514,9,interleaved
9088,88,0,0.09158072672021626,0.8762412286650787,9,interleaved
9089,89,0,0.4993164384287379,0.7124768892667543,9,interleaved
9090,90,0,0.5051459224586374,0.4553978359093588,9,interleaved
9091,91,0,0.4143085808977055,0.5193952016521902,9,interleaved
9092,92,0,0.07059479751214841,0.7391401252294822,9,interleaved
9093,93,0,0.9830077973465917,0.4028721280058001,9,interleaved
9094,94,0,0.9683867000192367,0.4785299426649353,9,interleaved
9095,95,0,0.002041824279009559,0.908305425437596,9,interleaved
9096,96,0,0.6244440291753826,0.49658566267623455,9,interleaved
9097,97,0,0.6141248080307256,0.711123940100489,9,interleaved
9098,98,0,0.4999232821940194,0.7205183349885648,9,interleaved
9099,99,0,0.11576359324557721,0.8640547575627733,9,interleaved
9100,100,0,0.8780103976405544,0.8376656638157862,9,interleaved
9101,101,0,0.6631418749310567,0.49544533685089914,9,interleaved
9102,102,0,0.9656694469188212,0.45072887844249143,9,interleaved
9103,103,0,0.7791507945876943,0.7218880349180326,9,interleaved
9104,104,0,0.5417701572395835,0.7399996595841232,9,interleaved
9105,105,0,0.5109970491159512,0.7739099210119125,9,interleaved
9106,106,0,0.7294043362214757,0.6031598395316629,9,interleaved
9107,107,0,0.4292837651288633,0.7500089782119741,9,interleaved
9108,108,0,0.4111061840536186,0.6191013036398276,9,interleaved
9109,109,0,0.5392167639593303,0.5309301427119832,9,interleaved
9110,110,0,0.520493825149448,0.736165726072244,9,interleaved
9111,111,0,0.8501290648353181,0.585322147216186,9,interleaved
9112,112,0,0.555449966825488,0.7554465807089428,9,interleaved
9113,113,0,0.9909910227265466,0.43578746503493304,9,interleaved
9114,114,0,0.49247429226273276,0.687723513149026,9,interleaved
9115,115,0,0.25502902568545577,0.8210386116541932,9,interleaved
9116,116,0,0.47293406240852226,0.7483242435757897,9,interleaved
9117,117,0,0.5007183414734083,0.7318769284673352,9,interleaved
9118,118,0,0.29011678601799856,0.8173206330352871,9,interleaved
9119,119,0,0.9269643834438872,0.8380049296003991,9,interleaved
9120,120,0,0.6968456758045312,0.6125929069704774,9,interleaved
9121,121,0,0.5001187686279828,1.5105808392260203,9,interleaved
9122,122,0,0.9957181760952387,1.0478286403501003,9,interleaved
9123,123,0,0.520210449334952,0.3930847125287152,9,interleaved
9124,124,0,0.4997432358782656,0.6726507714422971,9,interleaved
9125,125,0,0.5247534743036197,0.5957792153313685,9,interleaved
9126,126,0,0.49304980512738467,0.6120379131429022,9,interleaved
9127,127,0,0.0764631258474313,0.7021584858351857,9,interleaved
9128,128,0,0.7954020070480463,0.6673972415219671,9,interleaved
9129,129,0,0.7517332414251692,0.8594165533903775,9,interleaved
9130,130,0,0.5609901289483051,0.4956959933288847,9,interleaved
9131,131,0,0.5218873700194318,0.5363485510283815,9,interleaved
9132,132,0,0.7594218371723965,0.4580517111238539,9,interleaved
9133,133,0,0.46635679358076587,0.44771691494642263,9,interleaved
9134,134,0,0.017580444124177426,0.6919344360041888,9,interleaved
9135,135,0,0.8519977539764595,0.535098931111905,9,interleaved
9136,136,0,0.6450308978062533,0.6240697917971412,9,interleaved
9137,137,0,0.9650272294703566,0.6078568741597399,9,interleaved
9138,138,0,0.5331373459359134,0.9638824150902858,9,interleaved
9139,139,0,0.5055849615963668,0.7069850904096141,9,interleaved
9140,140,0,0.8575956322317444,0.6384289913193035,9,interleaved
9141,141,0,0.03056898333251343,0.6406695440936457,9,interleaved
9142,142,0,0.3805054795236848,0.6437799795967025,9,interleaved
9143,143,0,0.6810688294699512,0.5000965449632113,9,interleaved
9144,144,0,0.8741075022447125,0.5788990057228403,9,interleaved
9145,145,0,0.500083076275073,0.61787654025293,9,interleaved
9146,146,0,0.5470172880051952,0.41197538930691435,9,interleaved
9147,147,0,0.5652863816869259,0.43801801080579894,9,interleaved
9148,148,0,0.5263194976763258,0.5136728634967312,9,interleaved
9149,149,0,0.45814907474901173,0.6533028179606452,9,interleaved
9150,150,0,0.4886663822145357,0.6152529391996892,9,interleaved
9151,151,0,0.9837308475552036,0.45519746122828636,9,interleaved
9152,152,0,0.4936455966181108,0.7924012121893417,9,interleaved
9153,153,0,0.43205813998283155,0.3926718142002993,9,interleaved
9154,154,0,0.47487143031153994,0.49378162386246355,9,interleaved
9155,155,0,0.4782758063027954,0.5062496378923461,9,interleaved
9156,156,0,0.7088475972951176,0.5239506098151336,9,interleaved
9157,157,0,0.08202308055112818,0.4092798828072204,9,interleaved
9158,158,0,0.4769409177168761,0.32654569789449905,9,interleaved
9159,159,0,0.7553876704294706,0.5670269738938423,9,interleaved
9160,160,0,0.012839675833127676,0.933588717035951,9,interleaved
9161,161,0,0.6677616967629465,0.9018098999449958,9,interleaved
9162,162,0,0.7459660628366751,0.6289556440452522,9,interleaved
9163,163,0,0.2753622326369245,0.6104898680463557,9,interleaved
9164,164,0,0.19089396123198224,0.6534840476771901,9,interleaved
9165,165,0,0.25407626964674607,0.4722074323582104,9,interleaved
9166,166,0,0.017497894100696125,0.7957031269163972,9,interleaved
9167,167,0,0.8171330175627107,0.5119715113720309,9,interleaved
9168,168,0,0.48849530924507023,0.4872063667101305,9,interleaved
9169,169,0,0.4604342658119708,0.5465769669574342,9,interleaved
9170,170,0,0.8997204306201984,0.3547684712987833,9,interleaved
9171,171,0,0.46270385268221836,0.8067723106427247,9,interleaved
9172,172,0,0.06638937878568485,0.6259369361540623,9,interleaved
9173,173,0,0.9974025771793457,0.5477608279560957,9,interleaved
9174,174,0,0.9447073162309851,0.5894915632115183,9,interleaved
9175,175,0,0.6505746620530969,0.43619403357680253,9,interleaved
9176,176,0,0.594822848079344,0.6442418882875864,9,interleaved
9177,177,0,0.504770882997628,0.46437512838902983,9,interleaved
9178,178,0,0.4858711108891904,0.4965804468452021,9,interleaved
9179,179,0,0.03128225684870661,0.610265497086866,9,interleaved
9180,180,0,0.2558017047932791,0.5650792746308833,9,interleaved
9181,181,0,0.2636889047961047,0.5069174815527377,9,interleaved
9182,182,0,0.6416892504577619,0.5053859231950049,9,interleaved
9183,183,0,0.6473026594669422,0.6631016809671832,9,interleaved
9184,184,0,0.27219263479959943,0.6073899640747584,9,interleaved
9185,185,0,0.008865241593347579,0.8647613471535973,9,interleaved
9186,186,0,0.5168087892861585,0.3856437498120212,9,interleaved
9187,187,0,0.5374720484686712,0.3813893624837429,9,interleaved
9188,188,0,0.4684418335877673,0.6904892919874672,9,interleaved
9189,189,0,0.10392226527343246,0.7890885377856365,9,interleaved
9190,190,0,0.5397738618397236,0.6116401006884187,9,interleaved
9191,191,0,0.5023298827087253,0.613265201818342,9,interleaved
9192,192,0,0.995214493089153,0.70110652494654,9,interleaved
9193,193,0,0.8838180991450182,0.485908194040894,9,interleaved
9194,194,0,0.5107191761625576,0.5035124475691258,9,interleaved
9195,195,0,0.7076288607085934,0.34856946355960977,9,interleaved
9196,196,0,0.4982516878608837,0.6199306647263001,9,interleaved
9197,197,0,0.9741523991094637,0.33408232237465124,9,interleaved
9198,198,0,0.8470882027556395,0.4203701651179852,9,interleaved
9199,199,0,0.6080783047107644,0.47847187614330244,9,interleaved
9200,0,0,0.7242156168003153,0.5343826873467876,9,blocked
9201,1,0,0.5120968490181794,0.5403770894407894,9,blocked
9202,2,0,0.7779182576120256,0.7188688851732582,9,blocked
9203,3,0,0.636331947455579,0.6220320069707117,9,blocked
9204,4,0,0.026076619235948322,0.7106912155812737,9,blocked
9205,5,0,0.4633020192466048,0.6873020869568184,9,blocked
9206,6,0,0.8678071435160247,0.7363302117280729,9,blocked
9207,7,0,0.31769971645231193,0.7295232896504182,9,blocked
9208,8,0,0.20628625266442407,0.577317413372196,9,blocked
9209,9,0,0.4980051205218312,0.5160569819990461,9,blocked
9210,10,0,0.5533681506612439,0.42883669174881656,9,blocked
9211,11,0,0.8191030733189569,0.5362633471634053,9,blocked
9212,12,0,0.02902426481238101,0.6277223110297406,9,blocked
9213,13,0,0.30083428647898836,0.5271077726293747,9,blocked
9214,14,0,0.6488554893522694,0.649858946776908,9,blocked
9215,15,0,0.07953005711917593,0.6147597388554711,9,blocked
9216,16,0,0.4601381668032148,0.7597576406882411,9,blocked
9217,17,0,0.5145220213237718,0.6353800310569195,9,blocked
9218,18,0,0.9935216787367883,0.7844701176721176,9,blocked
9219,19,0,0.8615798841194375,0.5096269974554475,9,blocked
9220,20,0,0.4936725315971032,0.9040636508220772,9,blocked
9221,21,0,0.1051053412181853,0.5792929681191231,9,blocked
9222,22,0,0.6838424713095688,0.6055586920941344,9,blocked
9223,23,0,0.8806562591433358,0.5469732572013535,9,blocked
9224,24,0,0.9161538790378272,0.6581854846785842,9,blocked
9225,25,0,0.4255780563850787,0.49701894066433894,9,blocked
9226,26,0,0.4675217027530939,0.6061443398464011,9,blocked
9227,27,0,0.2426049480790372,0.5001405946189947,9,blocked
9228,28,0,0.330627020482311,0.8079454165143081,9,blocked
9229,29,0,0.6145722638570974,0.8048594306915648,9,blocked
9230,30,0,0.6435459199461131,0.8656125052367214,9,blocked
9231,31,0,0.3187570347351475,0.8262167753515626,9,blocked
9232,32,0,0.5034285557743412,0.6061454436778557,9,blocked
9233,33,0,0.7378488981176312,0.5333022702721403,9,blocked
9234,34,0,0.9362724267353765,0.5279502347371549,9,blocked
9235,35,0,0.5339552965245578,0.7504580219752508,9,blocked
9236,36,0,0.12490677182370168,0.6995087428160083,9,blocked
9237,37,0,0.6085684117480586,1.0950921528359663,9,blocked
9238,38,0,0.1346951062043538,0.7396189280346237,9,blocked
9239,39,0,0.8697799442150025,0.6432950639715845,9,blocked
9240,40,0,0.2949233308576364,0.7003690618181158,9,blocked
9241,41,0,0.5510957434256878,0.36277878842832756,9,blocked
9242,42,0,0.8323521564140495,0.7380548557772157,9,blocked
9243,43,0,0.34361943849732185,0.7960761178508957,9,blocked
9244,44,0,0.7921014921995839,0.475836137546343,9,blocked
9245,45,0,0.8816842232761023,0.5808922153571984,9,blocked
9246,46,0,0.19916432493307784,0.54364881645936,9,blocked
9247,47,0,0.49707560176309273,0.7782903764705372,9,blocked
9248,48,0,0.9999164605117822,0.9703858721302328,9,blocked
9249,49,0,0.3190180409208817,0.5354937754147527,9,blocked
9250,50,0,0.4843852091842985,0.5352953377448243,9,blocked
9251,51,0,0.4902364464754159,0.8908733476156476,9,blocked
9252,52,0,0.5093999183783986,0.8117939100934198,9,blocked
9253,53,0,0.3702270341483426,0.5412825908330646,9,blocked
9254,54,0,0.6129634191930842,0.5831102650870859,9,blocked
9255,55,0,0.9605910531061475,0.7059448169544142,9,blocked
9256,56,0,0.5365845152754787,0.5233344686058168,9,blocked
9257,57,0,0.500956941922352,0.6348565753509786,9,blocked
9258,58,0,0.71432134513902,0.5092411991968688,9,blocked
9259,59,0,0.49275798249042563,0.6838779126617591,9,blocked
9260,60,0,0.3773648853059481,0.4394671808604477,9,blocked
9261,61,0,0.9281126839951194,0.5540042903248201,9,blocked
9262,62,0,0.6751223342427083,0.42196652565410525,9,blocked
9263,63,0,0.3531253512266028,0.7188034999890174,9,blocked
9264,64,0,0.0013499258157331911,0.9438504964349093,9,blocked
9265,65,0,0.5503121199655081,0.9200907275704548,9,blocked
9266,66,0,0.1323593956851338,0.7761450227013664,9,blocked
9267,67,0,0.4964727631400423,0.6835068189058559,9,blocked
9268,68,0,0.4753866469959247,0.6819809218311199,9,blocked
9269,69,0,0.5551857856119402,0.713142569758227,9,blocked
9270,70,0,0.8387377912598328,0.5838077611496173,9,blocked
9271,71,0,0.5322604054490062,0.3369676804581166,9,blocked
9272,72,0,0.7360466907214972,0.6161832867457097,9,blocked
9273,73,0,0.00448611336542226,0.6743083593027186,9,blocked
9274,74,0,0.6095434619762536,0.7005146814295418,9,blocked
9275,75,0,0.5008653813570385,0.8831954041461251,9,blocked
9276,76,0,0.492346824061356,0.5926471295181331,9,blocked
9277,77,0,0.5011695876197598,0.46942474334750983,9,blocked
9278,78,0,0.5125626357446682,0.6382532984531686,9,blocked
9279,79,0,0.9825160914416474,0.5759251716572393,9,blocked
9280,80,0,0.9194126571752028,0.35566828449206356,9,blocked
9281,81,0,0.4158509019118489,0.7015771381105569,9,blocked
9282,82,0,0.18678920203503738,0.5024711069729928,9,blocked
9283,83,0,0.09013801682597464,0.6444313182334449,9,blocked
9284,84,0,0.9695378428965065,0.4423747082069241,9,blocked
9285,85,0,0.012730671417265676,0.5831084254215625,9,blocked
9286,86,0,0.019483667525382914,0.6507844153308306,9,blocked
9287,87,0,0.6272219000655852,0.46334598002575,9,blocked
9288,88,0,0.4270001654443329,0.4283002590900723,9,blocked
9289,89,0,0.12921526568667674,0.4275377531972745,9,blocked
9290,90,0,0.5292211440175113,0.5141159129622399,9,blocked
9291,91,0,0.2548069455789364,0.5695793119281338,9,blocked
9292,92,0,0.4961299146568223,0.29987475255838,9,blocked
9293,93,0,0.9425349219240577,0.447830610016415,9,blocked
9294,94,0,0.24184190544788184,0.4030396618053112,9,blocked
9295,95,0,0.5821857919658252,0.4954392748054447,9,blocked
9296,96,0,0.1724512493222916,0.5779561567043661,9,blocked
9297,97,0,0.08255434241603851,0.7780883710615485,9,blocked
9298,98,0,0.8563890837717618,0.5818006055056302,9,blocked
9299,99,0,0.9457789261163622,0.4279771428404411,9,blocked
9300,100,0,0.04302637418470157,0.7357505245582325,9,blocked
9301,101,0,0.38647173215084885,0.6795870484550702,9,blocked
9302,102,0,0.9855527129040553,0.5270335517578919,9,blocked
9303,103,0,0.9904217822945673,0.4608644976972679,9,blocked
9304,104,0,0.5628068187355905,0.9097241610870268,9,blocked
9305,105,0,0.5178059756411031,0.44872499460138526,9,blocked
9306,106,0,0.4694938649661823,0.42237970700982413,9,blocked
9307,107,0,0.4255840821511075,0.7283471560042787,9,blocked
9308,108,0,0.5673959837170018,0.5520303528592861,9,blocked
9309,109,0,0.8825246833965508,0.6650138691484625,9,blocked
9310,110,0,0.7763087799290733,0.6369472667422369,9,blocked
9311,111,0,0.16025812720919755,0.47882398761589695,9,blocked
9312,112,0,0.8867290756251491,0.7194379209235806,9,blocked
9313,113,0,0.9554778897714612,0.4131011591847904,9,blocked
9314,114,0,0.5168097499668556,0.7034996947316057,9,blocked
9315,115,0,0.4886122766194603,0.7414273032424805,9,blocked
9316,116,0,0.9903600574340663,0.6581731321563,9,blocked
9317,117,0,0.08759098784551148,0.6895579612954278,9,blocked
9318,118,0,0.7210421843120659,0.8320261567581426,9,blocked
9319,119,0,0.9453108132226168,0.598806614203401,9,blocked
9320,120,0,0.30196443078446344,0.6773619710011778,9,blocked
9321,121,0,0.505377130884137,0.778863321079589,9,blocked
9322,122,0,0.49812373433033047,0.8858414879855501,9,blocked
9323,123,0,0.9937131020772833,0.44848956090040215,9,blocked
9324,124,0,0.13332483848470222,0.698631917075334,9,blocked
9325,125,0,0.35353830761466226,0.7392985576973196,9,blocked
9326,126,0,0.03687845433488382,0.7328625946993983,9,blocked
9327,127,0,0.6776452925343791,0.6115116293490018,9,blocked
9328,128,0,0.0808844643944852,0.572509461056607,9,blocked
9329,129,0,0.026544925495807947,0.6057182429772011,9,blocked
9330,130,0,0.5888768199545635,0.535290523814852,9,blocked
9331,131,0,0.316769919124325,0.5631752190144772,9,blocked
9332,132,0,0.9193827462010888,0.6881715798410386,9,blocked
9333,133,0,0.2669748710418433,0.6895309652369513,9,blocked
9334,134,0,0.5181135263021461,0.7492879637997376,9,blocked
9335,135,0,0.6673013065785078,0.7515435678469732,9,blocked
9336,136,0,0.2448032060738723,0.7371906319099997,9,blocked
9337,137,0,0.6125212201422741,0.6534216665219903,9,blocked
9338,138,0,0.5224231610257901,0.5623606037884408,9,blocked
9339,139,0,0.9073348251780444,0.5036286361852099,9,blocked
9340,140,0,0.8272964935760202,0.5802698670225577,9,blocked
9341,141,0,0.8120857322564328,0.5879188567954381,9,blocked
9342,142,0,0.2826832604742329,0.5698154777061326,9,blocked
9343,143,0,0.5860829311719541,0.7307736038630085,9,blocked
9344,144,0,0.5195167147504041,0.3560351091279421,9,blocked
9345,145,0,0.667403463847129,0.4869772914023337,9,blocked
9346,146,0,0.4080445040265583,0.5440949952661353,9,blocked
9347,147,0,0.8977794820312175,0.6068229447292885,9,blocked
9348,148,0,0.9532426541341285,0.5759794294286412,9,blocked
9349,149,0,0.8333793160135268,0.5589344272724854,9,blocked
9350,150,0,0.9250748257506298,0.4612833533718521,9,blocked
9351,151,0,0.027080926071104332,0.4778565803971451,9,blocked
9352,152,0,0.48188625197463564,0.49079307766292074,9,blocked
9353,153,0,0.5014294511868433,0.43361896881415946,9,blocked
9354,154,0,0.9918793804384887,0.7297989946238758,9,blocked
9355,155,0,0.5040357831921009,0.9741252482190471,9,blocked
9356,156,0,0.6761733332389052,0.3959448112830123,9,blocked
9357,157,0,0.9586250681858368,0.5645480593695649,9,blocked
9358,158,0,0.7461677912091738,0.6493130104382796,9,blocked
9359,159,0,0.5634288161538821,0.502176326119313,9,blocked
9360,160,0,0.604163060773887,0.45562900283355473,9,blocked
9361,161,0,0.9784204619991662,0.5274935892652545,9,blocked
9362,162,0,0.9852791740078068,0.4524233693110947,9,blocked
9363,163,0,0.7037009483392191,0.3994474944180092,9,blocked
9364,164,0,0.49843943514582145,0.7058066655019402,9,blocked
9365,165,0,0.10982450377080143,0.516296609161635,9,blocked
9366,166,0,0.9970220977165577,0.6227109676890084,9,blocked
9367,167,0,0.6794742537565583,0.7388864254099043,9,blocked
9368,168,0,0.5115017008898333,0.5690017823825727,9,blocked
9369,169,0,0.45310505003623336,0.5304642286772139,9,blocked
9370,170,0,0.40761962043358185,0.4759359703169318,9,blocked
9371,171,0,0.7064439436038827,0.48205114900009055,9,blocked
9372,172,0,0.8657244637216621,0.4030935249363262,9,blocked
9373,173,0,0.8712594650178354,0.653937588524885,9,blocked
9374,174,0,0.545760436903884,0.4828645341337474,9,blocked
9375,175,0,0.15372126977012202,0.582408946384402,9,blocked
9376,176,0,0.49914302122475374,0.7197715595998921,9,blocked
9377,177,0,0.4999637931492223,0.5539882598234472,9,blocked
9378,178,0,0.9150998648845886,0.37981916728642384,9,blocked
9379,179,0,0.8960753108213567,0.4125296913440044,9,blocked
9380,180,0,0.46957530228548716,0.6385187448258287,9,blocked
9381,181,0,0.9772127426798226,0.7403572337259245,9,blocked
9382,182,0,0.4934242022458231,0.43902706151782256,9,blocked
9383,183,0,0.7746470862473362,0.2676528029168421,9,blocked
9384,184,0,0.7138496863989805,0.4296446044380554,9,blocked
9385,185,0,0.5775111406240294,0.614449797858381,9,blocked
9386,186,0,0.609349020895613,0.5496457578938787,9,blocked
9387,187,0,0.2647891917078699,0.4240780043113536,9,blocked
9388,188,0,0.6732162101498987,0.5002335236458697,9,blocked
9389,189,0,0.1729956943871185,0.6218420420389741,9,blocked
9390,190,0,0.5787709740647453,0.5085140526182956,9,blocked
9391,191,0,0.5809858677633544,0.7698485684304383,9,blocked
9392,192,0,0.6061975793509303,0.2435965229037947,9,blocked
9393,193,0,0.8731527316771385,0.40711057977972087,9,blocked
9394,194,0,0.5477440662615074,0.5234249488763318,9,blocked
9395,195,0,0.7798220819251429,0.48220896142954306,9,blocked
9396,196,0,0.9211940396192926,0.35272748766230966,9,blocked
9397,197,0,0.6169673042030991,0.5611027865007363,9,blocked
9398,198,0,0.9442478367149726,0.3465689127314473,9,blocked
9399,199,0,0.9391541647708743,0.8169100302428378,9,blocked
9400,0,0,0.7438023012628756,0.5002600351057171,9,early
9401,1,0,0.07088351561296075,0.6462750043195006,9,early
9402,2,0,0.55405938280158,0.5838474168850765,9,early
9403,3,0,0.9947988376930887,0.7648449721464681,9,early
9404,4,0,0.6180636412033047,0.8727082425382091,9,early
9405,5,0,0.6269349635339613,0.539723242538703,9,early
9406,6,0,0.9898294555765907,0.44364314232654384,9,early
9407,7,0,0.9993223456731448,0.7186081166176682,9,early
9408,8,0,0.0038867280726105477,0.9092375510284835,9,early
9409,9,0,0.753337649535473,0.5395213571675629,9,early
9410,10,0,0.8030705055999225,0.4376705356885223,9,early
9411,11,0,0.5666950426897616,0.7164384825489682,9,early
9412,12,0,0.9105142499844706,0.546496170292567,9,early
9413,13,0,0.6205725817086132,0.7785962983702961,9,early
9414,14,0,0.04342669157487929,0.7371109650845835,9,early
9415,15,0,0.6299746618441306,0.5264677071935892,9,early
9416,16,0,0.9424275238986299,0.5630194185643762,9,early
9417,17,0,0.9902282365481584,0.5377960097852372,9,early
9418,18,0,0.9108294047787502,0.5373603959917472,9,early
9419,19,0,0.9951388233479923,0.3812923690109432,9,early
9420,20,0,0.4302066296411839,0.8634871717449438,9,early
9421,21,0,0.9692310644725026,0.5097589299810258,9,early
9422,22,0,0.15090165774122463,0.6201724683903411,9,early
9423,23,0,0.6313807450839722,0.5716715898952981,9,early
9424,24,0,0.5026504298011086,0.7356288542022433,9,early
9425,25,0,0.5855298876207923,0.6369730718654811,9,early
9426,26,0,0.5776821965560577,0.7251629023166303,9,early
9427,27,0,0.12920446733276286,0.6935865184702393,9,early
9428,28,0,0.7376907910622874,0.6516571623927254,9,early
9429,29,0,0.9888249383067417,0.4105328856514982,9,early
9430,30,0,0.17337479295632854,0.731257930640545,9,early
9431,31,0,0.6420944432591035,0.8479134188884383,9,early
9432,32,0,0.9710728358179366,0.4869736322172067,9,early
9433,33,0,0.49835908671849166,0.44838990798529443,9,early
9434,34,0,0.5330436623945467,0.8500942792439528,9,early
9435,35,0,0.6470705870865707,0.4655449837852492,9,early
9436,36,0,0.652780193057142,0.45379735343767436,9,early
9437,37,0,0.8859162570064131,0.5986916303913401,9,early
9438,38,0,0.6352119843550065,0.8883210311936489,9,early
9439,39,0,0.682275226729938,0.6843595633275987,9,early
9440,40,0,0.5479649846651022,0.622721416433996,9,early
9441,41,0,0.6164654177965097,0.6954129512573459,9,early
9442,42,0,0.9718079803920343,0.573869562029765,9,early
9443,43,0,0.9323000730531351,0.30593446399081564,9,early
9444,44,0,0.9990528043562725,0.9132724170927367,9,early
9445,45,0,0.9916713807661506,0.5015312263832262,9,early
9446,46,0,0.08285986191135282,0.8237130782355373,9,early
9447,47,0,0.008942738053499348,0.6620655009005818,9,early
9448,48,0,0.5009142871425224,1.051125226253793,9,early
9449,49,0,0.8827396706089001,0.5355365935944687,9,early
9450,50,0,0.9680458799192864,0.34037064385858135,9,early
9451,51,0,0.9658195778965164,0.5535260871427188,9,early
9452,52,0,0.0006314744583238145,1.2544692386259928,9,early
9453,53,0,0.500334246930837,0.481136573757979,9,early
9454,54,0,0.5982156858391925,0.6597201662931353,9,early
9455,55,0,0.5236082117398271,0.4871619408565463,9,early
9456,56,0,0.06240980017009144,0.6981427880232787,9,early
9457,57,0,0.36652021542488067,0.6949774730328934,9,early
9458,58,0,0.5046188232434355,0.6476602519789888,9,early
9459,59,0,0.45797573311873246,1.0232537647738948,9,early
9460,60,0,0.9627014088197927,0.4213210830850498,9,early
9461,61,0,0.2618676030632131,0.43868433585332517,9,early
9462,62,0,0.25166839893788695,0.7817414414977364,9,early
9463,63,0,0.48876297344785696,0.9071929759724489,9,early
9464,64,0,0.5018339227195143,0.9141529743226864,9,early
9465,65,0,0.9569778054160154,0.6000266027802441,9,early
9466,66,0,0.991263072722397,0.5751053494556373,9,early
9467,67,0,0.9099696613373583,0.43880035697377534,9,early
9468,68,0,0.4034797986124998,0.8332089008219905,9,early
9469,69,0,0.6879593093070876,0.5687309004274325,9,early
9470,70,0,0.9360364945713936,0.719913176284741,9,early
9471,71,0,0.48556061266042116,0.5233670170484923,9,early
9472,72,0,0.9201728371334916,0.59702049060816,9,early
9473,73,0,0.6551306300360265,0.752027172933825,9,early
9474,74,0,0.8090664817710316,0.6274020208733972,9,early
9475,75,0,0.7012730865773411,0.6074263998261177,9,early
9476,76,0,0.956353498711929,0.5714793352243304,9,early
9477,77,0,0.6942978655349641,0.5106024013205979,9,early
9478,78,0,0.999899884545119,0.5509482225681164,9,early
9479,79,0,0.6703736915732393,0.7369776429606912,9,early
9480,80,0,0.4998426916355628,0.7899798195320265,9,early
9481,81,0,0.5469780396564614,0.631416753714183,9,early
9482,82,0,0.6383867483286207,0.6121815850969579,9,early
9483,83,0,0.5921712466832509,0.6733547414262553,9,early
9484,84,0,0.7577549367586901,0.6802479666982879,9,early
9485,85,0,0.9996189293367881,0.7270149923640157,9,early
9486,86,0,0.988975621066434,0.6585830764862017,9,early
9487,87,0,0.4565618998067536,0.664334742675013,9,early
9488,88,0,0.5047747992217059,0.7308721033381249,9,early
9489,89,0,0.5011320737580597,0.44301222894628334,9,early
9490,90,0,0.8611870894924523,0.3640196092691773,9,early
9491,91,0,0.6889100738221655,0.49951006848561286,9,early
9492,92,0,0.3200116284672186,1.2229742292602337,9,early
9493,93,0,0.8721838119696047,0.425602989424712,9,early
9494,94,0,0.9999750481389359,0.7466336529568107,9,early
9495,95,0,0.7201866908348007,0.4705216400830392,9,early
9496,96,0,0.5164069643650759,0.4426997704912997,9,early
9497,97,0,0.7127719182204257,0.559629857829139,9,early
9498,98,0,0.9930011744902196,0.3613522751392951,9,early
9499,99,0,0.9604852215394161,0.6629780526546885,9,early
9500,100,0,0.7750415330232228,0.6071274885889042,9,early
9501,101,0,0.9424229817617473,0.36718782441849873,9,early
9502,102,0,0.5696234165062171,0.5616535713588067,9,early
9503,103,0,0.5000088463330999,0.5545272992956073,9,early
9504,104,0,0.014319936735119507,0.7348321342415443,9,early
9505,105,0,0.8369746848830132,0.4440175017934186,9,early
9506,106,0,0.0007609885847839096,1.3231830648427017,9,early
9507,107,0,0.4658338842354232,0.7190921929596091,9,early
9508,108,0,0.6468096973640544,0.372522323678946,9,early
9509,109,0,0.5958289192098566,0.32052263531136643,9,early
9510,110,0,0.13994965027443965,0.7333164343921461,9,early
9511,111,0,0.8696676125998809,0.7192319339555069,9,early
9512,112,0,0.9985766231055075,0.5762154499739176,9,early
9513,113,0,0.23494830459027163,0.4918960369317645,9,early
9514,114,0,0.5549790254015559,0.5489448433264148,9,early
9515,115,0,0.9992082184104281,0.524479885239801,9,early
9516,116,0,0.6595941061749597,0.5914116560816189,9,early
9517,117,0,0.9996248448932799,0.4175163415625903,9,early
9518,118,0,0.9178067741775923,0.3289124573106969,9,early
9519,119,0,0.818364852933674,0.5870174576351357,9,early
9520,120,0,0.653642348145825,0.5615252167184565,9,early
9521,121,0,0.41645949772126795,0.5553756232669229,9,early
9522,122,0,0.8911455582526504,0.6564274245799135,9,early
9523,123,0,0.495495666757363,0.46241553606412267,9,early
9524,124,0,0.41790904456301253,0.7164839044009184,9,early
9525,125,0,0.4945626313553167,0.6015971396427806,9,early
9526,126,0,0.4914069632037383,0.6931235727522488,9,early
9527,127,0,0.7909476774994293,0.4721746266191411,9,early
9528,128,0,0.6807103177819035,1.0683586955324167,9,early
9529,129,0,0.003665278957427919,1.0978680296588827,9,early
9530,130,0,0.8761770008729397,0.7994963829853544,9,early
9531,131,0,0.7096301995147754,0.4746160028864862,9,early
9532,132,0,0.48227834744958764,1.1697176782071326,9,early
9533,133,0,0.9918953417722078,0.46925874303460113,9,early
9534,134,0,0.9981085566690946,0.298613652164949,9,early
9535,135,0,0.7732420475620796,0.5199926701893739,9,early
9536,136,0,0.9904329089213648,0.7815771092073533,9,early
9537,137,0,0.4395025338963263,0.68797394919241,9,early
9538,138,0,0.18737207276822862,0.6334158954411974,9,early
9539,139,0,0.9652942108934509,0.5284251504068097,9,early
9540,140,0,0.4754846290604457,0.7908426711487396,9,early
9541,141,0,0.49996409901657796,0.9002282543072206,9,early
9542,142,0,0.3115067345201925,0.542746385982604,9,early
9543,143,0,0.8497618462630045,0.6272907783982944,9,early
9544,144,0,0.9774973743282973,0.6061593894888042,9,early
9545,145,0,0.8253763302340886,0.48706828241446765,9,early
9546,146,0,0.5270312305901391,0.6339312658962852,9,early
9547,147,0,0.9749854644759228,0.5469465132749879,9,early
9548,148,0,0.5460693488709975,0.5680727840972271,9,early
9549,149,0,0.9874434967627308,0.4148024686246139,9,early
9550,150,0,0.5413048584179565,0.5887799263959492,9,early
9551,151,0,0.9963663010899046,0.7054457930627158,9,early
9552,152,0,0.8812634752798851,0.4718752945684026,9,early
9553,153,0,0.9891067718644105,0.35157386560542536,9,early
9554,154,0,0.537153395279677,0.6156686888019411,9,early
9555,155,0,0.4990742598439998,0.3685929807541234,9,early
9556,156,0,0.9124122898159044,0.7621462003390151,9,early
9557,157,0,0.9625720652755385,0.6525375375210734,9,early
9558,158,0,0.5268932828185291,0.38471191980802055,9,early
9559,159,0,0.9878850355191147,0.29827904008604544,9,early
9560,160,0,0.9357726273878295,0.3942607949895429,9,early
9561,161,0,0.8657527713581437,0.49637959886816063,9,early
9562,162,0,0.20813838377445606,0.6477841168027307,9,early
9563,163,0,0.4972328039870399,0.793860522411201,9,early
9564,164,0,0.5004409705288201,0.5076900697015534,9,early
9565,165,0,0.8244972852202519,0.42592168608170844,9,early
9566,166,0,0.7163764522030228,0.42491000014388536,9,early
9567,167,0,0.9889363790497316,0.460730598192352,9,early
9568,168,0,0.9867519898694507,0.33751201924135055,9,early
9569,169,0,0.49984815251800363,0.706554810899608,9,early
9570,170,0,0.5815795098967397,0.5961973361325426,9,early
9571,171,0,0.9970465977673556,0.4348429831926537,9,early
9572,172,0,0.5131276617618874,0.4368784970995125,9,early
9573,173,0,0.9963658897364154,0.3603146524756814,9,early
9574,174,0,0.3159587959561035,0.6048094830895419,9,early
9575,175,0,0.5233832413954951,0.6244618233839611,9,early
9576,176,0,0.2753020579748286,0.6022425474639964,9,early
9577,177,0,0.5548812895672335,0.33507573968521237,9,early
9578,178,0,0.9400762863146989,0.27070430056356243,9,early
9579,179,0,0.9987683186842073,0.44153125112786956,9,early
9580,180,0,0.8217411611417819,0.3925971393219111,9,early
9581,181,0,0.9773990948109956,0.7191481215003008,9,early
9582,182,0,0.920428821641978,0.28804078620905094,9,early
9583,183,0,0.6162925007488349,0.4496476432509661,9,early
9584,184,0,0.9298949424584816,0.5976265092898347,9,early
9585,185,0,0.4800484434094287,0.6248738469254108,9,early
9586,186,0,0.7072258690761968,0.4562947202100047,9,early
9587,187,0,0.9993136556440484,0.6730266334154111,9,early
9588,188,0,0.610357263103959,0.6546786697195306,9,early
9589,189,0,0.4992735977102148,0.6874918104550358,9,early
9590,190,0,0.9974028805989015,0.47000221575679735,9,early
9591,191,0,0.5064275973373048,0.5995257739552398,9,early
9592,192,0,0.9059059438622563,0.5197079431178367,9,early
9593,193,0,0.4709755492893119,1.1209794930021058,9,early
9594,194,0,0.9932177631285475,0.360398624622166,9,early
9595,195,0,0.7009174197585915,0.5995481841409805,9,early
9596,196,0,0.7664933192779702,0.5570574896295057,9,early
9597,197,0,0.7690168832288549,0.6220979829677339,9,early
9598,198,0,0.49808891768527885,0.83828914332918,9,early
9599,199,0,0.7220845581703269,0.566307401496057,9,early
9600,0,0,0.6787864581402451,0.49111721280069026,9,middle
9601,1,0,0.6069251879537682,0.492818566266126,9,middle
9602,2,0,0.5794856266520413,0.6261992634782998,9,middle
9603,3,0,0.22944273948320337,0.5783487105426608,9,middle
9604,4,0,0.5521925120638208,0.5150161329558831,9,middle
9605,5,0,0.8444978941905055,0.43893750497461625,9,middle
9606,6,0,0.769257615351383,0.5156263857116554,9,middle
9607,7,0,0.604170554398975,0.4007210692061252,9,middle
9608,8,0,0.19695365002769272,0.6071950656016233,9,middle
9609,9,0,0.04347072989841648,0.48423196081861364,9,middle
9610,10,0,0.2989861795299886,0.7357765956329211,9,middle
9611,11,0,0.6474272349300546,0.5819257806357356,9,middle
9612,12,0,0.16877972303492195,0.6321007600351103,9,middle
9613,13,0,0.1489782750516927,0.4563875641153904,9,middle
9614,14,0,0.5524023316382929,0.53259634519868,9,middle
9615,15,0,0.7086232434582997,0.5200018967351854,9,middle
9616,16,0,0.32486906876814675,0.810576149299572,9,middle
9617,17,0,0.2245009884193233,0.47547940442221076,9,middle
9618,18,0,0.38225088075900154,0.813490776114179,9,middle
9619,19,0,0.0015686364927296808,0.8711418474783015,9,middle
9620,20,0,0.9039139246291052,0.5067845215276099,9,middle
9621,21,0,0.3679237243267668,0.7047713514529387,9,middle
9622,22,0,0.46277629871648046,0.7118145183446147,9,middle
9623,23,0,0.6875064018809726,0.7870112446018687,9,middle
9624,24,0,0.6706360893846112,0.5938755835226914,9,middle
9625,25,0,0.35273919141496857,0.6074937920491863,9,middle
9626,26,0,0.09891942970877662,0.6797633836726906,9,middle
9627,27,0,0.6411388992786271,0.6450626769662086,9,middle
9628,28,0,0.488847743271249,0.5309554256587765,9,middle
9629,29,0,0.5126207980036791,0.5886752369070574,9,middle
9630,30,0,0.3981046134691706,0.8098533232899029,9,middle
9631,31,0,0.44319082401804955,0.7699554548867238,9,middle
9632,32,0,0.42654424574753513,0.4886048085303414,9,middle
9633,33,0,0.802003367254305,0.6087695306096134,9,middle
9634,34,0,0.4999904914426099,1.0141210018217777,9,middle
9635,35,0,0.7429774443781552,0.8349159130980544,9,middle
9636,36,0,0.04520069909615223,0.9934341194879097,9,middle
9637,37,0,0.7621434190312656,0.7899914285048382,9,middle
9638,38,0,0.9894931268131815,0.8671450418670277,9,middle
9639,39,0,0.07281638097571645,0.7560891517726908,9,middle
9640,40,0,0.5000728514605509,1.0397782980665184,9,middle
9641,41,0,0.585232283406624,0.8558715064693828,9,middle
9642,42,0,0.8948758409710784,0.7918832215417574,9,middle
9643,43,0,0.24012088240492907,0.8136829739497258,9,middle
9644,44,0,0.4909632253479358,0.7075843608800159,9,middle
9645,45,0,0.38791828755013497,0.6230672477682635,9,middle
9646,46,0,0.14533469079359235,0.833010461572675,9,middle
9647,47,0,0.046190558371321494,0.5178302345377868,9,middle
9648,48,0,0.5975207159112661,0.5639630606481427,9,middle
9649,49,0,0.7748896023470084,0.5989605491591463,9,middle
9650,50,0,0.335573989947696,0.9535312431704872,9,middle
9651,51,0,0.420128441972949,0.9898920251990404,9,middle
9652,52,0,0.5755418352908125,0.44105254691073986,9,middle
9653,53,0,0.02171382972948854,1.1539130019050932,9,middle
9654,54,0,0.07828560164733736,0.9471345565811199,9,middle
9655,55,0,0.8088456750883609,0.48293361537909096,9,middle
9656,56,0,0.1680728334184623,0.5726429204470213,9,middle
9657,57,0,0.577990574494986,0.3866450005147326,9,middle
9658,58,0,0.5153924093185385,0.5846698723457693,9,middle
9659,59,0,0.727946439889397,0.47275670993267926,9,middle
9660,60,0,0.6487959813303088,0.4406124550626134,9,middle
9661,61,0,0.437415197423354,0.7264008188782938,9,middle
9662,62,0,0.6044980257574089,0.49157640616826537,9,middle
9663,63,0,0.6466535936502218,0.6589514765162325,9,middle
9664,64,0,0.48811243569679286,0.8715888974570959,9,middle
9665,65,0,0.339813270270389,0.9765769284154557,9,middle
9666,66,0,0.6408766526612368,0.42724218252926394,9,middle
9667,67,0,0.4771598226075374,0.839528409854553,9,middle
9668,68,0,0.4997782668746278,0.7584305485185983,9,middle
9669,69,0,0.683666080234357,0.5651788859021176,9,middle
9670,70,0,0.6916878824126413,0.40276340603755123,9,middle
9671,71,0,0.5739822798339731,0.5715527804140029,9,middle
9672,72,0,0.5062567491673098,0.6294792981764146,9,middle
9673,73,0,0.9948866006618342,0.43516901129617347,9,middle
9674,74,0,0.5051645677892993,0.6383178402223479,9,middle
9675,75,0,0.760374726718789,0.5402090037184397,9,middle
9676,76,0,0.5010601285328333,0.701813110514351,9,middle
9677,77,0,0.5140161033271198,0.6843308124358068,9,middle
9678,78,0,0.6469352522422299,0.6209820339379104,9,middle
9679,79,0,0.4999820338148991,0.8019326057309644,9,middle
9680,80,0,0.20546936046574976,0.513382885508542,9,middle
9681,81,0,0.31390070610747867,0.46636878213674204,9,middle
9682,82,0,0.6058304367124131,0.477815115803188,9,middle
9683,83,0,3.5202705339838077e-05,0.8639792636262487,9,middle
9684,84,0,0.024162633915958947,0.8539087653453199,9,middle
9685,85,0,0.0023118564509769426,0.6718386424838716,9,middle
9686,86,0,0.10961551615277235,0.7715837321015993,9,middle
9687,87,0,0.0039026389336176866,0.8830637921577309,9,middle
9688,88,0,0.6171657032710812,0.5298520243715197,9,middle
9689,89,0,0.005708728216100719,0.8611240412696087,9,middle
9690,90,0,0.005554171358844095,0.8704753196587194,9,middle
9691,91,0,0.004231898898908711,0.7001498308629827,9,middle
9692,92,0,0.9248364636844654,0.7081902735167613,9,middle
9693,93,0,0.015642108210837044,0.7342154013037001,9,middle
9694,94,0,0.019012824255018778,0.6271023438602533,9,middle
9695,95,0,0.08220248924186928,0.6859397177233285,9,middle
9696,96,0,0.8999888589451607,0.674376160186956,9,middle
9697,97,0,0.03642036534911729,0.7613289567317261,9,middle
9698,98,0,0.9544661692049485,0.4799528013965576,9,middle
9699,99,0,0.0956396806033368,0.9864314699969696,9,middle
9700,100,0,5.4642876281107256e-05,0.8875514338004864,9,middle
9701,101,0,0.5037435500458418,0.5161723952463517,9,middle
9702,102,0,0.7228538450703913,0.5677761450128953,9,middle
9703,103,0,0.9997939631438241,0.6876667954963047,9,middle
9704,104,0,0.5668441791961104,0.48845374340847525,9,middle
9705,105,0,0.943271735240765,0.5090386531527689,9,middle
9706,106,0,0.9893690671029783,0.5152872017444057,9,middle
9707,107,0,0.9161910616411642,0.4479739804944477,9,middle
9708,108,0,0.9980177117024582,0.6264616274404065,9,middle
9709,109,0,0.9588689203818148,0.4772196402555731,9,middle
9710,110,0,0.9216886903003703,0.5598722393316344,9,middle
9711,111,0,0.007342570631240018,0.6187462700955269,9,middle
9712,112,0,0.9447346621765645,0.7204241473663413,9,middle
9713,113,0,0.37252542128310934,0.7593707458537998,9,middle
9714,114,0,0.9999216658990763,0.5436932679183117,9,middle
9715,115,0,0.08722995569472179,0.6411976843862255,9,middle
9716,116,0,0.2319605332357888,0.5249251743329759,9,middle
9717,117,0,0.9747291812552796,0.5444831943255614,9,middle
9718,118,0,0.05957093482259289,0.654535759251329,9,middle
9719,119,0,0.50730369693752,0.8211830252810302,9,middle
9720,120,0,0.5184722661027488,0.6282191035239929,9,middle
9721,121,0,0.49495443067257816,0.8206937577604241,9,middle
9722,122,0,0.5002537777594641,0.7034884968617015,9,middle
9723,123,0,0.0845491141923543,0.6525812431963245,9,middle
9724,124,0,0.4664002721876604,0.760854222414187,9,middle
9725,125,0,0.9508796638895212,0.5453441382444378,9,middle
9726,126,0,0.9859396205685281,0.5689354124972228,9,middle
9727,127,0,0.18432728552661595,0.45871954775839163,9,middle
9728,128,0,0.43409609533453414,0.7054054936576258,9,middle
9729,129,0,0.2590247165977768,0.6093680850674503,9,middle
9730,130,0,0.6479475631754943,0.5089139838463637,9,middle
9731,131,0,0.1592814007987107,0.9047615926737022,9,middle
9732,132,0,0.5014749649088999,1.0306364212776726,9,middle
9733,133,0,0.42118037298785554,0.7555230541168052,9,middle
9734,134,0,0.048120079012502745,0.692315359222798,9,middle
9735,135,0,0.009272446309187443,0.8210282090853017,9,middle
9736,136,0,0.4929786940795988,0.7240944008462634,9,middle
9737,137,0,0.6448464710648689,0.41272267032344356,9,middle
9738,138,0,0.7674750650223423,0.43419626994348687,9,middle
9739,139,0,0.49404753003441054,0.9264571786534197,9,middle
9740,140,0,0.5009886471215437,0.788362373508489,9,middle
9741,141,0,0.03987189686631779,0.6934226181782548,9,middle
9742,142,0,0.6371445971299161,0.7748611187564085,9,middle
9743,143,0,0.43830668272579637,0.572344040450649,9,middle
9744,144,0,0.2638890858960995,0.63962894078704,9,middle
9745,145,0,0.39494390188089845,0.6529725574899465,9,middle
9746,146,0,0.4850397019194189,0.5647526879856984,9,middle
9747,147,0,0.5056059816863605,0.6413920784760261,9,middle
9748,148,0,0.48228610372397923,0.5067230118309368,9,middle
9749,149,0,0.9813149135857281,0.4360701754105146,9,middle
9750,150,0,0.514179518361467,0.4361081684308532,9,middle
9751,151,0,0.7168152904559786,0.5466813710408072,9,middle
9752,152,0,0.645787482536663,0.35305724000606775,9,middle
9753,153,0,0.7446545720172227,0.5650293517915802,9,middle
9754,154,0,0.6933274933348788,0.5609983747924985,9,middle
9755,155,0,0.2873868254660207,0.6379391636330128,9,middle
9756,156,0,0.9784439362373496,0.577081502129926,9,middle
9757,157,0,0.9992279943813389,0.5846180555432503,9,middle
9758,158,0,0.8397320327657296,0.626766975136396,9,middle
9759,159,0,0.9999932953564683,0.7971208506323413,9,middle
9760,160,0,0.06376911009953701,0.6412269905922172,9,middle
9761,161,0,0.6259678824703779,0.5238999780369853,9,middle
9762,162,0,0.9743658834694638,0.3882611484805042,9,middle
9763,163,0,0.8605573949997949,0.97114448157325,9,middle
9764,164,0,0.5476713472746746,0.8394536375857071,9,middle
9765,165,0,0.5615725380818022,0.46784747751551903,9,middle
9766,166,0,0.2771985672321667,0.45782238454298285,9,middle
9767,167,0,0.4787464105706933,0.8141117390060417,9,middle
9768,168,0,0.5430109067423172,0.5517620567463616,9,middle
9769,169,0,0.866184400320736,0.6781397318117182,9,middle
9770,170,0,0.5036253886827811,0.6872906786951325,9,middle
9771,171,0,0.9987189017498612,0.3345094608532152,9,middle
9772,172,0,0.5060000180740349,0.8753718224313097,9,middle
9773,173,0,0.32755333834558686,0.7641147258965424,9,middle
9774,174,0,0.06393326673832646,0.7220308658092927,9,middle
9775,175,0,0.5034769732255475,0.5896516629377437,9,middle
9776,176,0,0.9967322209480263,0.32602280610122075,9,middle
9777,177,0,0.3953960320916886,0.49351019977013166,9,middle
9778,178,0,0.5543075957128164,0.39262799710271645,9,middle
9779,179,0,0.4863482089189885,0.621556703304871,9,middle
9780,180,0,0.4821203835554336,0.7239797591147019,9,middle
9781,181,0,0.9913899266651551,0.47516133629669804,9,middle
9782,182,0,0.8490061485194964,0.5094164050405066,9,middle
9783,183,0,0.4921685641705156,0.4620064759338555,9,middle
9784,184,0,0.5046159898846155,0.6690329926924666,9,middle
9785,185,0,0.04043960339099132,0.5948428441118909,9,middle
9786,186,0,0.4771157340212469,0.5221723642357121,9,middle
9787,187,0,0.9982523329919389,0.44384324545199927,9,middle
9788,188,0,0.18189041119686183,0.5414598305490049,9,middle
9789,189,0,0.6166543658882822,0.5086217600382643,9,middle
9790,190,0,0.9299255714419772,0.29990111516779383,9,middle
9791,191,0,0.5449232858235058,0.41926414280317054,9,middle
9792,192,0,0.5392822392943651,0.6090110302278747,9,middle
9793,193,0,0.9999413830040188,0.5951557771963191,9,middle
9794,194,0,0.8350902845966022,0.47870281090614286,9,middle
9795,195,0,0.03462074958548868,0.5044903385434714,9,middle
9796,196,0,0.5206030748222121,0.584715047707399,9,middle
9797,197,0,0.4826121666881414,0.6027848586450174,9,middle
9798,198,0,0.5964671175930291,0.6798756343878296,9,middle
9799,199,0,0.2653024202530484,0.7536193209869483,9,middle
9800,0,0,0.0012582998486104756,1.0431410150424336,9,late
9801,1,0,0.497371218761243,0.8148486904729835,9,late
9802,2,0,0.05151192281312841,0.728135570568144,9,late
9803,3,0,0.47822970368744305,0.6131306967987176,9,late
9804,4,0,0.12246444098760269,0.6683867530152685,9,late
9805,5,0,0.28999878719121497,0.4548124272860533,9,late
9806,6,0,0.49448391397715563,0.9406744775153232,9,late
9807,7,0,0.5864519374548105,0.4992931170830803,9,late
9808,8,0,0.9902637153896034,0.5108464736304381,9,late
9809,9,0,0.9936801506437444,0.540502340413181,9,late
9810,10,0,0.0050554206723776324,0.6024683097149841,9,late
9811,11,0,0.49510831550577256,0.6659399940391628,9,late
9812,12,0,0.5858877468340266,0.7471580167029147,9,late
9813,13,0,0.4937831003899269,0.5997106502562564,9,late
9814,14,0,0.5208663556727271,0.41043344331981113,9,late
9815,15,0,0.5073611627254753,0.39182866503977287,9,late
9816,16,0,0.4207610505532886,0.7975555164552959,9,late
9817,17,0,0.9918493338677451,0.49619164273315153,9,late
9818,18,0,0.6061857642474673,0.49938981882879857,9,late
9819,19,0,0.8585539584253465,0.45491689093961585,9,late
9820,20,0,0.4743451513341019,0.9571215980667174,9,late
9821,21,0,0.9988852127641282,0.535842883164199,9,late
9822,22,0,0.8896303990076115,0.5674476554380348,9,late
9823,23,0,0.043835891418118555,0.710473990384259,9,late
9824,24,0,0.6156526981099656,0.7245482003052337,9,late
9825,25,0,0.5450935606847312,0.5869503361326708,9,late
9826,26,0,0.08512618389715956,0.739063311536195,9,late
9827,27,0,0.997337921945483,0.8358494328132064,9,late
9828,28,0,0.9614807897395763,0.7615459667379589,9,late
9829,29,0,0.2566960898090405,0.4724479915719884,9,late
9830,30,0,0.34995934857556915,1.0626881216011168,9,late
9831,31,0,0.020041539375518284,0.9714805651876872,9,late
9832,32,0,0.4990280372490997,0.5578035872242013,9,late
9833,33,0,0.9570545839175494,0.8634775736640505,9,late
9834,34,0,0.217566415245817,0.5976726593997221,9,late
9835,35,0,0.19394119944084612,0.5793573107101453,9,late
9836,36,0,0.485840407584449,0.5658378614293245,9,late
9837,37,0,0.12061117691853729,0.7081512376940545,9,late
9838,38,0,0.5000425568436676,0.8470680337269514,9,late
9839,39,0,0.9999797755272153,0.7764223803211219,9,late
9840,40,0,0.5507975817811968,0.6330037006170963,9,late
9841,41,0,0.9805697165507086,0.6250886412193155,9,late
9842,42,0,0.44599233282718886,0.5155591988644236,9,late
9843,43,0,0.9459947369549493,0.5091776524720679,9,late
9844,44,0,0.5521809114227099,0.9324563994916506,9,late
9845,45,0,0.9858603289602155,0.67460174285799,9,late
9846,46,0,0.7357660130717014,0.816007262150849,9,late
9847,47,0,0.9998286498314964,0.8696312627628504,9,late
9848,48,0,0.5028466314247797,0.4917078588132291,9,late
9849,49,0,0.8727447602899314,0.3889857373202199,9,late
9850,50,0,0.5093588334512317,0.5179882869545085,9,late
9851,51,0,0.9558393548976003,0.6294685942532288,9,late
9852,52,0,0.38110931763136763,0.6433270308331889,9,late
9853,53,0,0.5225319897591835,0.6171114035691918,9,late
9854,54,0,0.5194640269221347,0.8432260538209849,9,late
9855,55,0,0.11499579557042189,0.46864170527319693,9,late
9856,56,0,0.41352397954031184,0.7015320150637028,9,late
9857,57,0,0.9704619216534897,0.5536658830870713,9,late
9858,58,0,0.5005904646207728,0.6873635277249894,9,late
9859,59,0,0.9944562687736843,0.567885257351628,9,late
9860,60,0,0.5001670422705816,0.9546041649334011,9,late
9861,61,0,0.9952101306021321,0.8017727203205227,9,late
9862,62,0,0.4991606192794449,0.8356868871194427,9,late
9863,63,0,0.0009308584270436693,1.0936166313620892,9,late
9864,64,0,0.9153067906045678,0.6153583415302898,9,late
9865,65,0,0.8493700414366505,0.6178706098503917,9,late
9866,66,0,0.5003963195231492,0.7840892536104005,9,late
9867,67,0,0.9979860197213634,0.6324886642059283,9,late
9868,68,0,0.48322179074752913,0.7578140496949624,9,late
9869,69,0,0.3100121886071859,1.142177094909687,9,late
9870,70,0,0.500013978240296,0.9383466268987801,9,late
9871,71,0,0.00019881354528059427,1.2807377491696843,9,late
9872,72,0,0.2787047092536455,0.9066606963283594,9,late
9873,73,0,0.9836219728905522,0.519174724748141,9,late
9874,74,0,0.5000000069794781,1.4771680100310243,9,late
9875,75,0,0.9997195575026989,0.6920532877371123,9,late
9876,76,0,0.5000283758219299,0.6122167013651468,9,late
9877,77,0,0.21026671707426162,0.6436237150232316,9,late
9878,78,0,0.6035348359058823,0.6468504194672626,9,late
9879,79,0,0.630818767575173,0.6012271845294506,9,late
9880,80,0,0.10862130689831827,0.8422625321602657,9,late
9881,81,0,0.5013252572792825,0.7165453736137203,9,late
9882,82,0,0.5002419623270268,0.8290701763753459,9,late
9883,83,0,0.5000002277932891,1.0636370395482664,9,late
9884,84,0,0.5882869243019901,0.6963483547164251,9,late
9885,85,0,0.5003137197373476,0.8809826947016808,9,late
9886,86,0,0.9894882278332164,0.48001379808290795,9,late
9887,87,0,0.12070928697989976,0.6487558574462966,9,late
9888,88,0,0.4979478735938094,0.7362571994023173,9,late
9889,89,0,0.9246870202965702,0.5256802296081082,9,late
9890,90,0,0.49099636453625295,0.7785393577616286,9,late
9891,91,0,0.4999997230195696,1.0854496878204642,9,late
9892,92,0,0.4930798090291966,0.8707512638503287,9,late
9893,93,0,0.49999999790956523,1.6053559108099948,9,late
9894,94,0,0.9831669645041794,0.3951420417920259,9,late
9895,95,0,0.9247103754006291,0.3789632843048395,9,late
9896,96,0,0.5001939597483807,0.8048337677618951,9,late
9897,97,0,0.49999996514715295,1.4173978894453922,9,late
9898,98,0,0.501040231134188,0.49593245617051807,9,late
9899,99,0,0.4909326485649067,0.6409490312337397,9,late
9900,100,0,0.9806463788294715,0.5612751321836122,9,late
9901,101,0,0.47771446643050186,0.5216439795829882,9,late
9902,102,0,0.5037547702633216,0.7154838981533955,9,late
9903,103,0,0.44794693672703734,0.8338284665481173,9,late
9904,104,0,0.4989468351067796,0.7047885035432482,9,late
9905,105,0,0.47627509974373117,0.49075502251288716,9,late
9906,106,0,0.4999680969413957,1.0103888610715273,9,late
9907,107,0,0.49906704900090254,0.9168502749976601,9,late
9908,108,0,0.970488027597388,0.9064296572946033,9,late
9909,109,0,0.9459121669769631,0.5943125945841279,9,late
9910,110,0,0.5027225306163128,0.783570127540528,9,late
9911,111,0,0.5012951208732859,0.6245366923026371,9,late
9912,112,0,0.614010697251449,0.6675256882137226,9,late
9913,113,0,0.5056606355805765,0.6616817398530286,9,late
9914,114,0,0.5010531560627419,0.7639980074407203,9,late
9915,115,0,0.500030912095951,0.9156183135021215,9,late
9916,116,0,0.6143567930480871,0.418356850675896,9,late
9917,117,0,0.5021233162994031,0.5782010236120791,9,late
9918,118,0,0.4758552975200032,0.6584812035152412,9,late
9919,119,0,0.5006881257392294,0.7060928201422573,9,late
9920,120,0,0.5602194529288995,0.3462295385266588,9,late
9921,121,0,0.5050473233064362,0.5176783858442995,9,late
9922,122,0,0.0035505654249447676,0.8187796661987704,9,late
9923,123,0,0.011782153253317022,0.8481591560915562,9,late
9924,124,0,0.998071313002728,0.6724726514839755,9,late
9925,125,0,0.30858542788603,0.47707586419299397,9,late
9926,126,0,0.030239062842409112,0.9299615280609763,9,late
9927,127,0,0.9886736196443826,0.5177831388918515,9,late
9928,128,0,0.12069230081736457,0.5261885919066029,9,late
9929,129,0,0.3689314528453951,0.6520054538971836,9,late
9930,130,0,0.8390194194302512,0.5408881946053318,9,late
9931,131,0,0.9994066213924813,0.8205793642903568,9,late
9932,132,0,0.9689944510515102,0.48156282815000384,9,late
9933,133,0,0.5039569224925408,0.5143251197565861,9,late
9934,134,0,0.7560783036470089,0.36441718417326296,9,late
9935,135,0,0.9448892308296484,0.49365961778268136,9,late
9936,136,0,0.7712549522184998,0.5604586634811033,9,late
9937,137,0,0.9995192702771512,0.7561125033564728,9,late
9938,138,0,0.4700444184394975,0.7514535210080411,9,late
9939,139,0,0.9929308450932124,0.5183170622239861,9,late
9940,140,0,0.9889550004700771,0.5027052628777398,9,late
9941,141,0,0.9954361454253844,0.4858532178885425,9,late
9942,142,0,0.0005095849638183272,0.9930549615388222,9,late
9943,143,0,0.9984225563351286,0.7386887206532486,9,late
9944,144,0,0.9996130400759526,0.5548305526925278,9,late
9945,145,0,0.955151715525917,0.31578955903640826,9,late
9946,146,0,0.4776212305580301,0.7099089303269608,9,late
9947,147,0,0.9998565754714166,0.5999989007828874,9,late
9948,148,0,0.06500638276151319,0.6946701280827892,9,late
9949,149,0,0.9879336529252314,0.3397737904369849,9,late
9950,150,0,0.7838817354590555,0.5654944800109281,9,late
9951,151,0,0.9813413619090838,0.43296847850681874,9,late
9952,152,0,0.012900106385557289,0.7283779178553371,9,late
9953,153,0,0.941982007661333,0.38514894973636016,9,late
9954,154,0,0.9992430279402911,0.5864688556881151,9,late
9955,155,0,0.9101855691241432,0.4692158891849596,9,late
9956,156,0,0.1673325070956236,0.4856017219664486,9,late
9957,157,0,0.5365912835205637,0.6882083731776516,9,late
9958,158,0,0.8183965479181394,0.830903795906577,9,late
9959,159,0,0.9999970918922866,1.0203255347670244,9,late
9960,160,0,0.674978212143064,0.6476310405786441,9,late
9961,161,0,0.7701773514409159,0.5249896248055613,9,late
9962,162,0,0.9940771593199951,0.6520753810538575,9,late
9963,163,0,0.4786564941386745,0.6658941986737764,9,late
9964,164,0,0.6584001577305364,0.43628889882661964,9,late
9965,165,0,0.5001877360871448,1.0545376682955427,9,late
9966,166,0,0.9700297057860252,0.5136939353373551,9,late
9967,167,0,0.8727931618483677,0.3073699784790923,9,late
9968,168,0,0.999389285048013,0.5186883843665777,9,late
9969,169,0,0.3061082773239663,0.5198979424357733,9,late
9970,170,0,0.5409107890454529,0.6102019904406797,9,late
9971,171,0,0.5489670140709784,0.4107468682493578,9,late
9972,172,0,0.7041317093866082,0.6209221882050462,9,late
9973,173,0,0.5000153913648607,0.7736176137122828,9,late
9974,174,0,0.4994774497746694,0.5468705715282444,9,late
9975,175,0,0.5014057648857075,0.51559946509221,9,late
9976,176,0,0.03203439926183328,0.7723776037630301,9,late
9977,177,0,0.49988806320667595,0.7375122970154979,9,late
9978,178,0,0.8232946097683098,0.6440966253843484,9,late
9979,179,0,0.5006248532685167,0.789179014874581,9,late
9980,180,0,0.485662370396595,0.5311289994433226,9,late
9981,181,0,0.6141413822552397,0.5051818457354186,9,late
9982,182,0,0.5031321068235383,0.581358564721026,9,late
9983,183,0,0.999257389915684,0.5102200954966944,9,late
9984,184,0,0.9918291203102692,0.5298792147696685,9,late
9985,185,0,0.9963481883529955,0.3074866195327667,9,late
9986,186,0,0.6790737696773963,0.4047366500237881,9,late
9987,187,0,0.9999782595359238,0.8036253589259468,9,late
9988,188,0,0.5240796809148146,0.817056447911831,9,late
9989,189,0,0.9887251881797117,0.4640547061767332,9,late
9990,190,0,0.5000019921277303,0.9033655629113622,9,late
9991,191,0,0.9996713878285047,0.8067941605974167,9,late
9992,192,0,0.4723976520677009,0.6824312385666838,9,late
9993,193,0,0.7282770886469838,0.6780804345784648,9,late
9994,194,0,0.4496214283605955,0.5215458284470582,9,late
9995,195,0,0.2417116166480059,0.7015116790943046,9,late
9996,196,0,0.9849802906903211,0.43164635357204595,9,late
9997,197,0,0.8445310809392187,0.5949981083280758,9,late
9998,198,0,0.5907864500948752,0.5206503168943948,9,late
9999,199,0,0.9999550523559848,0.5677873952490005,9,late
10000,0,0,0.34938098725923067,0.6531959171854016,10,interleaved
10001,1,0,0.8437763243931536,0.38978089210145217,10,interleaved
10002,2,0,0.464557468180881,0.54600957890068,10,interleaved
10003,3,0,0.4781868044450822,0.4144370958868694,10,interleaved
10004,4,0,0.12743993160562947,0.6252882722027822,10,interleaved
10005,5,0,0.8446987750584696,0.551603710522268,10,interleaved
10006,6,0,0.5168786380012392,0.5321127905341918,10,interleaved
10007,7,0,0.8803236170872449,0.5375515846528274,10,interleaved
10008,8,0,0.8364490159726787,0.7927909084894053,10,interleaved
10009,9,0,0.19599046697719,0.8698684998626408,10,interleaved
10010,10,0,0.5175006862047461,0.6497840317925687,10,interleaved
10011,11,0,0.8374118379937688,0.5655045330967461,10,interleaved
10012,12,0,0.7763354880524836,0.5721804592113323,10,interleaved
10013,13,0,0.006280557749159152,0.6806056563781357,10,interleaved
10014,14,0,0.5887473999925765,0.5914768972904207,10,interleaved
10015,15,0,0.4625478241251509,0.8684559866666741,10,interleaved
10016,16,0,0.7469454337793637,0.3041074948271842,10,interleaved
10017,17,0,0.4981670535783138,0.4859984833546226,10,interleaved
10018,18,0,0.5418919244207853,0.4682315427589733,10,interleaved
10019,19,0,0.0010252094058601417,0.9455549085129173,10,interleaved
10020,20,0,0.49530816643621167,0.6836163974401459,10,interleaved
10021,21,0,0.5989797839381613,0.5414784591479325,10,interleaved
10022,22,0,0.3524272963923629,0.3422297849905879,10,interleaved
10023,23,0,0.4192770347282425,0.6561129724843833,10,interleaved
10024,24,0,0.4627519270974638,0.9295178682147056,10,interleaved
10025,25,0,0.43086671103473245,0.8247267782488639,10,interleaved
10026,26,0,0.49539590955563195,0.7327186428718138,10,interleaved
10027,27,0,0.5085914650096613,0.5964384832921346,10,interleaved
10028,28,0,0.38159124704149633,0.9687749011468503,10,interleaved
10029,29,0,0.5009196953736877,0.5370048331385854,10,interleaved
10030,30,0,0.907357163512989,0.6745356845447729,10,interleaved
10031,31,0,0.13202631074746976,0.8683979402933126,10,interleaved
10032,32,0,0.4872964411732056,0.6946829054038353,10,interleaved
10033,33,0,0.9092952950340092,0.4812743354296416,10,interleaved
10034,34,0,0.4810628276402027,0.40717385438059817,10,interleaved
10035,35,0,0.2034696595991959,0.6520762969447785,10,interleaved
10036,36,0,0.49975819892870854,1.0187322199957551,10,interleaved
10037,37,0,0.5628182846700611,0.8817239325640315,10,interleaved
10038,38,0,0.49923238881182674,0.8620631574849227,10,interleaved
10039,39,0,0.5121604466487663,0.8294689572333506,10,interleaved
10040,40,0,0.5081106352957103,0.4645099395119402,10,interleaved
10041,41,0,0.869146390398691,0.49686677927471906,10,interleaved
10042,42,0,0.9008204578849902,0.6519608192788663,10,interleaved
10043,43,0,0.6020421041711846,0.6158430142700537,10,interleaved
10044,44,0,0.5047101065194454,0.6619317572495527,10,interleaved
10045,45,0,0.6425448295279268,0.7347109489346826,10,interleaved
10046,46,0,0.6705752049171468,0.5413901695290955,10,interleaved
10047,47,0,0.9788733827418428,0.5441380521120418,10,interleaved
10048,48,0,0.4981516246192004,0.6851877278120764,10,interleaved
10049,49,0,0.00817605755121268,0.8144109642951879,10,interleaved
10050,50,0,0.9889231141506991,0.46760349693176995,10,interleaved
10051,51,0,0.29201780775050834,1.2478980622901525,10,interleaved
10052,52,0,0.5334550936240413,0.5722801815849452,10,interleaved
10053,53,0,0.9958364576923626,0.5024533921211747,10,interleaved
10054,54,0,0.4960941611093031,0.7944512451655399,10,interleaved
10055,55,0,0.4170442444243993,0.7742383207534234,10,interleaved
10056,56,0,0.5030850468110262,0.5561471831216982,10,interleaved
10057,57,0,0.586936347276568,0.6037019173803955,10,interleaved
10058,58,0,0.48338618738029693,0.7726216343572682,10,interleaved
10059,59,0,0.4982425340998397,0.9365595549151526,10,interleaved
10060,60,0,0.4973379970395214,0.6717237190053584,10,interleaved
10061,61,0,0.06137327038721281,0.5058663850941403,10,interleaved
10062,62,0,0.39637325018364494,0.5312278876583351,10,interleaved
10063,63,0,0.9757458032353659,0.6273333506474748,10,interleaved
10064,64,0,0.41105036464456873,0.5566611129570518,10,interleaved
10065,65,0,0.5115171727056202,0.626250416829417,10,interleaved
10066,66,0,0.5012864089219465,0.5162233322928305,10,interleaved
10067,67,0,0.9965366482219373,0.45290438526871907,10,interleaved
10068,68,0,0.9910477449367534,0.9649773972400839,10,interleaved
10069,69,0,0.4991651592833835,0.7202459876596344,10,interleaved
10070,70,0,0.49863416495428764,0.7614464546639927,10,interleaved
10071,71,0,0.26940381567444865,0.944071887090014,10,interleaved
10072,72,0,0.42681164663258153,0.8237047601036234,10,interleaved
10073,73,0,0.9464595051554863,0.5335713838275822,10,interleaved
10074,74,0,0.49963871768457185,0.9720161383059477,10,interleaved
10075,75,0,0.6732235896203062,0.7523760500949703,10,interleaved
10076,76,0,0.8995342787572678,0.6189473747088254,10,interleaved
10077,77,0,0.028524299325311937,0.707056004745835,10,interleaved
10078,78,0,0.33859710927756137,0.7014618378899423,10,interleaved
10079,79,0,0.4984058041743946,0.6483008728397344,10,interleaved
10080,80,0,0.5995963443610182,0.6083032891658645,10,interleaved
10081,81,0,0.47367983535109043,0.6234361045361739,10,interleaved
10082,82,0,0.542310840656213,0.4159209037489626,10,interleaved
10083,83,0,0.4920935980031169,0.7034442712163567,10,interleaved
10084,84,0,0.9910063311593331,0.7772263367067538,10,interleaved
10085,85,0,0.37991779801086634,0.6230192778301233,10,interleaved
10086,86,0,0.6413268887577903,0.9117913595657193,10,interleaved
10087,87,0,0.4812337787680286,0.8394170663868161,10,interleaved
10088,88,0,0.6389032844852331,0.6426323990223939,10,interleaved
10089,89,0,0.5253500295978005,0.9451647820450081,10,interleaved
10090,90,0,0.9619110936374108,0.4724816167134626,10,interleaved
10091,91,0,0.49851631180888417,0.8688198600453854,10,interleaved
10092,92,0,0.47459911572787944,0.7197342278279697,10,interleaved
10093,93,0,0.21911768348005575,0.674115056848277,10,interleaved
10094,94,0,0.5107395303053867,0.8050301688326866,10,interleaved
10095,95,0,0.006355383992675863,0.689329104939395,10,interleaved
10096,96,0,0.24450241921442212,0.5167909350110602,10,interleaved
10097,97,0,0.9021616908163472,0.6830440965535516,10,interleaved
10098,98,0,0.9701585437782944,0.7875435483553661,10,interleaved
10099,99,0,0.03690053027493785,0.5230542825641655,10,interleaved
10100,100,0,0.6524270470916244,0.7794633897268628,10,interleaved
10101,101,0,0.3631780545219932,0.6863604265251427,10,interleaved
10102,102,0,0.7010252051667902,0.5371435414266292,10,interleaved
10103,103,0,0.4937383431569254,0.6067778435351752,10,interleaved
10104,104,0,0.619406238065037,0.6211519668320232,10,interleaved
10105,105,0,0.09282651400164443,0.7598792500756545,10,interleaved
10106,106,0,0.5466166216659617,1.0540819594601722,10,interleaved
10107,107,0,0.09593795630819,0.5544923976378033,10,interleaved
10108,108,0,0.33872464200872104,0.6519533360491678,10,interleaved
10109,109,0,0.7692209920477078,0.5432132320461347,10,interleaved
10110,110,0,0.692471994881221,0.4246223872159912,10,interleaved
10111,111,0,0.13206038063362785,0.5876254676532392,10,interleaved
10112,112,0,0.5523981383076165,0.5128689723671581,10,interleaved
10113,113,0,0.3340944924418438,0.46349229956878224,10,interleaved
10114,114,0,0.6225246629981687,0.4197842567041076,10,interleaved
10115,115,0,0.9513785605567712,0.37274263916890354,10,interleaved
10116,116,0,0.16885039575429128,0.8073291603096897,10,interleaved
10117,117,0,0.49719622731223545,0.7932480689983918,10,interleaved
10118,118,0,0.4699919549848551,0.4747885169389636,10,interleaved
10119,119,0,0.44640125264186875,0.6230441569604737,10,interleaved
10120,120,0,0.5671123394967477,1.0812503008703551,10,interleaved
10121,121,0,0.8574215674982836,0.5631124057831268,10,interleaved
10122,122,0,0.8321948249656446,0.42479907228995967,10,interleaved
10123,123,0,0.9796715850531548,0.5180798319999991,10,interleaved
10124,124,0,0.9058330831095286,0.5334693944269575,10,interleaved
10125,125,0,0.4899298950191366,0.9545376164835158,10,interleaved
10126,126,0,0.5000308987836781,0.7914382938972203,10,interleaved
10127,127,0,0.5236018214823123,0.9144841349353076,10,interleaved
10128,128,0,0.6190521242564506,0.7222130212047704,10,interleaved
10129,129,0,0.42491853865402873,0.8037314902577515,10,interleaved
10130,130,0,0.49423030742489504,0.6160482932941227,10,interleaved
10131,131,0,0.5049723455481018,0.5758675211025217,10,interleaved
10132,132,0,0.5486996793070492,0.7416204900392953,10,interleaved
10133,133,0,0.5213479820255996,0.8229112618186749,10,interleaved
10134,134,0,0.9894085101107664,0.786264262105213,10,interleaved
10135,135,0,0.7452942509241538,0.6769465819397538,10,interleaved
10136,136,0,0.7424046938890464,0.36205236767817583,10,interleaved
10137,137,0,0.18503957160920748,0.678781607928924,10,interleaved
10138,138,0,0.48897233946165414,0.5654778051063551,10,interleaved
10139,139,0,0.47337987966743117,0.5939102552553545,10,interleaved
10140,140,0,0.47786557675086744,0.644601642426204,10,interleaved
10141,141,0,0.5127800097568094,0.8240294290123144,10,interleaved
10142,142,0,0.49909914844506753,0.9163588610353757,10,interleaved
10143,143,0,0.6678936058125388,0.8562443873570158,10,interleaved
10144,144,0,0.26309141031431693,0.5223120226854671,10,interleaved
10145,145,0,0.43930070750052436,0.5608164024534523,10,interleaved
10146,146,0,0.3631678009860261,0.5467186417265787,10,interleaved
10147,147,0,0.5544166902236671,0.7351276484011073,10,interleaved
10148,148,0,0.6294733826607992,0.5641748343575457,10,interleaved
10149,149,0,0.06371755886847282,0.7958741099888826,10,interleaved
10150,150,0,0.4771808031255803,0.8518259681025186,10,interleaved
10151,151,0,0.42382384778857884,0.5334586246958406,10,interleaved
10152,152,0,0.5915578946050924,0.8302297127184382,10,interleaved
10153,153,0,0.8141299602030379,0.6417962613164861,10,interleaved
10154,154,0,0.9907122498026228,0.44201477365794223,10,interleaved
10155,155,0,0.6387701476737129,0.6578600892143649,10,interleaved
10156,156,0,0.5934855365171063,0.6193387107051613,10,interleaved
10157,157,0,0.6639250932072592,0.3278619352279526,10,interleaved
10158,158,0,0.49701625648321607,0.6326335184997696,10,interleaved
10159,159,0,0.6805925454131432,0.45668408274626937,10,interleaved
10160,160,0,0.4836632501613876,0.6591287373798125,10,interleaved
10161,161,0,0.5163590495123037,0.7032500224538534,10,interleaved
10162,162,0,0.37457586643210067,0.8116056594133205,10,interleaved
10163,163,0,0.9991869388090546,0.6469149605966473,10,interleaved
10164,164,0,0.7967708976748131,0.3926462534607136,10,interleaved
10165,165,0,0.9999843284160964,0.938615320319022,10,interleaved
10166,166,0,0.1985692132043944,0.70921894840996,10,interleaved
10167,167,0,0.6755318000257025,0.4511717686135306,10,interleaved
10168,168,0,0.4730065305530863,0.5356223021920704,10,interleaved
10169,169,0,0.510393867945087,0.8087105580346902,10,interleaved
10170,170,0,0.9992001923880571,0.31987154181530897,10,interleaved
10171,171,0,0.926836524582772,0.6458078867229213,10,interleaved
10172,172,0,0.9802001998280798,0.5748393474058138,10,interleaved
10173,173,0,0.286997600169337,0.7438216919036004,10,interleaved
10174,174,0,0.5178163240828607,0.8903364211891618,10,interleaved
10175,175,0,0.9609022225051318,0.5553654640916614,10,interleaved
10176,176,0,0.4992331806679876,0.6068684358082543,10,interleaved
10177,177,0,0.7790560805580875,0.37799354686801834,10,interleaved
10178,178,0,0.7840806313499715,0.5941758612106629,10,interleaved
10179,179,0,0.9987112307662906,0.9736742717539986,10,interleaved
10180,180,0,0.5111660879337285,0.9634315574808491,10,interleaved
10181,181,0,0.9955376521924044,0.4851946928473442,10,interleaved
10182,182,0,0.9200374150114112,0.4980629014014639,10,interleaved
10183,183,0,0.012572984772586827,0.952358180700401,10,interleaved
10184,184,0,0.45639420843195794,0.79120876831662,10,interleaved
10185,185,0,0.9227619103793395,0.3574230648618695,10,interleaved
10186,186,0,0.6953730003998868,0.4341234299569199,10,interleaved
10187,187,0,0.07951553829493672,1.0521252449612415,10,interleaved
10188,188,0,0.5536618029133312,0.6165560233916557,10,interleaved
10189,189,0,0.723084205691161,0.3522625790583628,10,interleaved
10190,190,0,0.11262893475483242,0.8031124491720498,10,interleaved
10191,191,0,0.7352512769283566,0.5721277488161136,10,interleaved
10192,192,0,0.5415903867655354,0.6377184279480854,10,interleaved
10193,193,0,0.8339160332090946,0.5044611029358684,10,interleaved
10194,194,0,0.9921676411949918,0.5694329393204028,10,interleaved
10195,195,0,0.4915603915366631,0.43652740504036414,10,interleaved
10196,196,0,0.5032021409563633,0.7267463245503627,10,interleaved
10197,197,0,0.040300695662746834,0.7672401624413859,10,interleaved
10198,198,0,0.9702207849221569,0.4048520652648209,10,interleaved
10199,199,0,0.7635787864158966,0.49852598576600066,10,interleaved
10200,0,0,0.010227533552265944,0.9375953198546065,10,blocked
10201,1,0,0.10532408718226273,0.40318014037981076,10,blocked
10202,2,0,0.02031123658502994,0.6528693155704005,10,blocked
10203,3,0,0.03537275673829726,0.7228481412763441,10,blocked
10204,4,0,0.9921686000088539,0.8171385762663426,10,blocked
10205,5,0,0.4057830039192694,0.5717942113122272,10,blocked
10206,6,0,0.036389168825380125,0.685648807914809,10,blocked
10207,7,0,0.051682944313475185,0.8054389486626402,10,blocked
10208,8,0,0.9930032507945783,0.47959453227361204,10,blocked
10209,9,0,0.03460560526859377,0.6605962471893023,10,blocked
10210,10,0,0.0026167106099821602,0.6896538475524447,10,blocked
10211,11,0,0.03747933575823157,0.8233194935360804,10,blocked
10212,12,0,0.12253231758318067,0.7250322025632268,10,blocked
10213,13,0,0.538954699263406,0.4857248332597328,10,blocked
10214,14,0,0.5981468277736692,0.7644766285662914,10,blocked
10215,15,0,0.07469605668311556,0.6146494354744999,10,blocked
10216,16,0,0.1303549231256181,0.576967596608281,10,blocked
10217,17,0,0.9901058772508926,0.733096718211893,10,blocked
10218,18,0,4.5577803895783425e-05,1.1596135265400886,10,blocked
10219,19,0,0.14835796430278597,0.5083728384085819,10,blocked
10220,20,0,0.3880540905291213,0.6670267363956863,10,blocked
10221,21,0,0.07878342567843778,0.8866455433279226,10,blocked
10222,22,0,0.8744728779928908,0.48288815514317357,10,blocked
10223,23,0,0.0011597797355435346,0.8222000101037359,10,blocked
10224,24,0,0.6723670514731996,0.41261935840021896,10,blocked
10225,25,0,0.9879350965503655,0.6643491284187544,10,blocked
10226,26,0,0.9191937323629458,0.6631539144296629,10,blocked
10227,27,0,0.9947134933640334,0.6475149486221856,10,blocked
10228,28,0,0.9861919350707077,0.49587205600226425,10,blocked
10229,29,0,0.5906603216395745,0.6861515801732774,10,blocked
10230,30,0,0.9719089431105374,0.4481138774004366,10,blocked
10231,31,0,0.9923731303703223,0.601810079064365,10,blocked
10232,32,0,0.9999048134557853,0.5950878758466511,10,blocked
10233,33,0,0.9926817746564318,0.4917719222732392,10,blocked
10234,34,0,0.3151631413356594,0.7393615154244301,10,blocked
10235,35,0,0.00042466347698363974,0.9195585604028625,10,blocked
10236,36,0,0.9478417210369209,0.8056019575970681,10,blocked
10237,37,0,0.023123831692406626,0.8301544383723165,10,blocked
10238,38,0,0.32274332519521853,0.6873177121585697,10,blocked
10239,39,0,0.9886534296763764,0.29414217900665485,10,blocked
10240,40,0,0.5023722090054461,0.73200640313001,10,blocked
10241,41,0,0.5004061036581232,0.6729591751055984,10,blocked
10242,42,0,0.5978993659143862,0.6751651231591204,10,blocked
10243,43,0,0.5198101145623127,0.8537669592825257,10,blocked
10244,44,0,0.49759963827533565,0.5200893892840502,10,blocked
10245,45,0,0.5045036444290809,0.6270248178051305,10,blocked
10246,46,0,0.8250828322308376,0.44432174145955955,10,blocked
10247,47,0,0.5131436664415583,0.7137922390397321,10,blocked
10248,48,0,0.5114074218569201,0.5503230790856648,10,blocked
10249,49,0,0.2923642640954093,0.760442636607564,10,blocked
10250,50,0,0.9903813499320908,0.9767248652886122,10,blocked
10251,51,0,0.15146423076229126,0.6531661261725528,10,blocked
10252,52,0,0.726978864579017,0.3813826519437025,10,blocked
10253,53,0,0.36907616680621524,0.5850045954870351,10,blocked
10254,54,0,0.5003947011239059,0.9565577662973501,10,blocked
10255,55,0,0.4994384110105608,0.8911104001268564,10,blocked
10256,56,0,0.5464196752569335,0.6688046732803721,10,blocked
10257,57,0,0.4944774909519451,1.1167650009020509,10,blocked
10258,58,0,0.9802978279757228,0.49580419222706584,10,blocked
10259,59,0,0.9090718574820467,0.5012673994373584,10,blocked
10260,60,0,0.5000425486835725,0.8190459004168654,10,blocked
10261,61,0,0.21237815848504377,0.5651998186438567,10,blocked
10262,62,0,0.9595166737522757,0.6659035638810374,10,blocked
10263,63,0,0.5000668070900983,0.879224169811142,10,blocked
10264,64,0,0.5134838590524929,0.6543166070811821,10,blocked
10265,65,0,0.9104335013287705,0.5184064841750942,10,blocked
10266,66,0,0.5000939079689639,0.9127532587567133,10,blocked
10267,67,0,0.5000675434426577,1.0228867766975716,10,blocked
10268,68,0,0.5014726507822062,0.8018365786890593,10,blocked
10269,69,0,0.6597658793337746,0.925513652331641,10,blocked
10270,70,0,0.5003074651875813,1.0058761680063664,10,blocked
10271,71,0,0.9937085406317767,0.7785484996591916,10,blocked
10272,72,0,0.5001056189817052,1.022418160276075,10,blocked
10273,73,0,0.7197245165308674,0.5348641394935436,10,blocked
10274,74,0,0.7647788446556869,0.8918400069754452,10,blocked
10275,75,0,0.6224829029012867,0.8527396649768594,10,blocked
10276,76,0,0.7028110788754318,0.6178387460620904,10,blocked
10277,77,0,0.9661697260778068,0.7394045925189208,10,blocked
10278,78,0,0.5591366600265466,0.6860994648734571,10,blocked
10279,79,0,0.943850719169677,0.6244137622436632,10,blocked
10280,80,0,0.8062101646733666,0.5642630634314472,10,blocked
10281,81,0,0.9476237456831138,0.7758958655332665,10,blocked
10282,82,0,0.5165170590127838,0.8689162022025316,10,blocked
10283,83,0,0.052146351791369755,0.6554201677227856,10,blocked
10284,84,0,0.9558129768802254,0.5069754895437355,10,blocked
10285,85,0,0.40330562615686,0.7652280377742771,10,blocked
10286,86,0,0.9906608220186701,0.5501457758503112,10,blocked
10287,87,0,0.9999054209341175,0.582923038936414,10,blocked
10288,88,0,0.8602453954835543,0.4568643591489112,10,blocked
10289,89,0,0.09321599804204125,0.8347917790419087,10,blocked
10290,90,0,0.2485312435350663,0.6693456781879453,10,blocked
10291,91,0,0.0003279462628498314,1.1669905658009845,10,blocked
10292,92,0,0.008902989331137607,0.891724298421233,10,blocked
10293,93,0,0.14680727816590908,0.7008215459382404,10,blocked
10294,94,0,0.5554193652288428,0.6534304849448339,10,blocked
10295,95,0,0.9840085394899428,0.7577699116324988,10,blocked
10296,96,0,0.03680688772813812,0.6596908668429378,10,blocked
10297,97,0,0.500512631309866,0.5143464431080838,10,blocked
10298,98,0,0.0059348926818078825,0.6941655260016169,10,blocked
10299,99,0,0.8608813747922854,0.5362027856675766,10,blocked
10300,100,0,0.9028542344961179,0.7678141942932394,10,blocked
10301,101,0,0.9926631113588273,0.9816306555942561,10,blocked
10302,102,0,0.9698802058933438,0.4237368265002422,10,blocked
10303,103,0,0.9714632203899647,0.5815153645608443,10,blocked
10304,104,0,0.9103500256504253,0.8220075684698126,10,blocked
10305,105,0,0.9804303211084511,0.4131569511975063,10,blocked
10306,106,0,0.7844327580957055,0.6285542125904142,10,blocked
10307,107,0,0.9997496157879999,0.44768742718265225,10,blocked
10308,108,0,0.9900899312959546,0.5228833032036544,10,blocked
10309,109,0,0.5756745249019761,0.5681778665207873,10,blocked
10310,110,0,0.02152073093461118,0.8271573916605706,10,blocked
10311,111,0,0.9999902260484691,0.7422221827261357,10,blocked
10312,112,0,0.9035067772645681,0.7261432784137732,10,blocked
10313,113,0,0.1243783074069798,1.1168593817873491,10,blocked
10314,114,0,0.9997408533144713,0.5362190110302685,10,blocked
10315,115,0,0.40213859526807505,1.0365396742325603,10,blocked
10316,116,0,0.49404637883422786,0.7693717042048176,10,blocked
10317,117,0,0.009066892499560842,0.7547714561125891,10,blocked
10318,118,0,0.00023374378615152633,1.0934854735051924,10,blocked
10319,119,0,0.9999976882930364,0.9391179366228023,10,blocked
10320,120,0,0.21588114236512448,0.44153711155548114,10,blocked
10321,121,0,0.7258096429943326,0.4983592447775234,10,blocked
10322,122,0,0.37009830893083423,0.7688090497665178,10,blocked
10323,123,0,0.578060113821846,0.5713942539638537,10,blocked
10324,124,0,0.77052579982906,0.7311606011033762,10,blocked
10325,125,0,0.48587646754907016,0.5589351079423595,10,blocked
10326,126,0,0.6645166038891319,0.5020323487636134,10,blocked
10327,127,0,0.5948531794470392,0.5694171671884769,10,blocked
10328,128,0,0.5708624869531851,0.5036388228430453,10,blocked
10329,129,0,0.5492803658526302,0.6797447364070481,10,blocked
10330,130,0,0.9996208471595243,0.729536207382103,10,blocked
10331,131,0,0.9995497803118831,0.7217829903103565,10,blocked
10332,132,0,0.8518289439525749,0.7226284485964696,10,blocked
10333,133,0,0.4998858800025182,0.9431623955112656,10,blocked
10334,134,0,0.997890418871318,0.6176001945714056,10,blocked
10335,135,0,0.500000035067272,1.4611285629025674,10,blocked
10336,136,0,0.5000072917118226,0.9282422915152653,10,blocked
10337,137,0,0.8147844707825791,0.5193384769535108,10,blocked
10338,138,0,0.5103396805902305,0.9547598809891049,10,blocked
10339,139,0,0.9797949429684097,0.37081930826333176,10,blocked
10340,140,0,0.9757202352759067,0.5907462038713842,10,blocked
10341,141,0,0.9119325914847097,0.6018530557815264,10,blocked
10342,142,0,0.9872163443615066,0.6155101634466025,10,blocked
10343,143,0,0.8312824491807349,0.4569702804889415,10,blocked
10344,144,0,0.9469414139671043,0.3960629184064062,10,blocked
10345,145,0,0.4704345691356866,0.5284839024525877,10,blocked
10346,146,0,0.8799886634756658,0.493846351830904,10,blocked
10347,147,0,0.9469577763951624,0.8649709473823481,10,blocked
10348,148,0,0.627072606445442,0.6364586150995748,10,blocked
10349,149,0,0.9751950434143455,0.8059472997235952,10,blocked
10350,150,0,0.5039043586958587,0.759664232397363,10,blocked
10351,151,0,0.5635915955899785,0.8388321446020792,10,blocked
10352,152,0,0.5005777780964563,1.1772556991953236,10,blocked
10353,153,0,0.44429889750083285,0.7660759628797416,10,blocked
10354,154,0,0.7404773841425393,0.4939745855379698,10,blocked
10355,155,0,0.9840076738964727,0.49717850720049744,10,blocked
10356,156,0,0.80486394483133,0.6253388784173051,10,blocked
10357,157,0,0.7269407182305946,0.4278917065994138,10,blocked
10358,158,0,0.5668005927533888,0.439553444251709,10,blocked
10359,159,0,0.05943927889774148,0.8448904645410875,10,blocked
10360,160,0,0.47429426751419207,0.6219589304375808,10,blocked
10361,161,0,0.4999683786839119,0.8770070238273648,10,blocked
10362,162,0,0.977778432661238,0.7183577834992827,10,blocked
10363,163,0,0.3694590431197592,0.7109311120972115,10,blocked
10364,164,0,0.7812118697434289,0.4161894411011312,10,blocked
10365,165,0,0.9343281637598106,0.8179772246992003,10,blocked
10366,166,0,0.7414815043363394,0.784549006150538,10,blocked
10367,167,0,0.9336455999796711,0.44061742877584986,10,blocked
10368,168,0,0.9622407880194936,0.7599271444264324,10,blocked
10369,169,0,0.9897284945532204,0.6442745644772678,10,blocked
10370,170,0,0.50186911474838,0.8287347169954604,10,blocked
10371,171,0,0.9791554096546188,0.45243712973200284,10,blocked
10372,172,0,0.9987206405043101,0.4538210180473818,10,blocked
10373,173,0,0.9927959951049625,0.5535939427836635,10,blocked
10374,174,0,0.5770915870377024,0.5441009763090714,10,blocked
10375,175,0,0.8520044695322311,0.4181633020707751,10,blocked
10376,176,0,0.5152225980305389,0.6187340972756354,10,blocked
10377,177,0,0.9956772725173846,0.36877972096924894,10,blocked
10378,178,0,0.4962847843150532,0.9169497075883611,10,blocked
10379,179,0,0.9239931599683291,0.5453343551974599,10,blocked
10380,180,0,0.47993290577362374,0.7794862673854295,10,blocked
10381,181,0,0.9999254467582102,0.43379497326746597,10,blocked
10382,182,0,0.9961118466747023,0.5300764012083963,10,blocked
10383,183,0,0.7037983854475809,0.5156436987528785,10,blocked
10384,184,0,0.40788095678502356,0.6373237003665213,10,blocked
10385,185,0,0.8036704038462736,0.4754052218251946,10,blocked
10386,186,0,0.00957989423879141,0.9026839108276875,10,blocked
10387,187,0,0.9909992803821275,0.516722984832439,10,blocked
10388,188,0,0.9489087777173233,0.6547698139743552,10,blocked
10389,189,0,0.9787537661454186,0.6659048865688801,10,blocked
10390,190,0,0.49833271621458297,0.7535159030876466,10,blocked
10391,191,0,0.5351062205590376,0.8500299400218283,10,blocked
10392,192,0,0.9734791185775886,0.4187302342383692,10,blocked
10393,193,0,0.7424484046405386,0.5959500125711005,10,blocked
10394,194,0,0.8276369199090743,0.6146246575828171,10,blocked
10395,195,0,0.8421195732225839,0.4917228643049414,10,blocked
10396,196,0,0.921088970623002,0.46075468478885867,10,blocked
10397,197,0,0.4024280023114662,0.7075217910995948,10,blocked
10398,198,0,0.5002056005697841,1.1248815363879379,10,blocked
10399,199,0,0.9286675657647915,0.49694388488379926,10,blocked
10400,0,0,0.37518155764554334,0.7831877025821793,10,early
10401,1,0,0.3956877229636756,0.5517077106070092,10,early
10402,2,0,0.45943522720219043,0.6428823158907041,10,early
10403,3,0,0.885342409316574,0.385292082608206,10,early
10404,4,0,0.11374100586982068,0.5883615304811881,10,early
10405,5,0,0.5198719907642624,0.3745099358955326,10,early
10406,6,0,0.0691645841929781,0.6302196646047213,10,early
10407,7,0,0.9527384453410501,0.62788362231541,10,early
10408,8,0,0.9023620355867277,0.7121841087810684,10,early
10409,9,0,0.0025620675012182,0.8264032833512229,10,early
10410,10,0,0.8275136187018544,0.5792259390212706,10,early
10411,11,0,0.9980827133759653,0.5791109933915413,10,early
10412,12,0,0.8066572969393313,0.6158349875978851,10,early
10413,13,0,0.8441351434451796,0.6752347817165849,10,early
10414,14,0,0.9900746546638071,0.8304651815041675,10,early
10415,15,0,0.9964914529347444,0.7059841836914744,10,early
10416,16,0,0.9917472453918037,0.5424113806206156,10,early
10417,17,0,0.9878658412545862,0.5551742463810408,10,early
10418,18,0,0.006711537406210096,0.7647103019149748,10,early
10419,19,0,0.44396996062277644,0.5391404090965595,10,early
10420,20,0,0.40934982956146176,0.47491824592486925,10,early
10421,21,0,0.7266604820200313,0.8262930753900464,10,early
10422,22,0,0.9363730798393096,0.4887885078282083,10,early
10423,23,0,0.007324499981904908,0.5832507819214752,10,early
10424,24,0,0.6540311046438398,0.48133178163014617,10,early
10425,25,0,0.7187235655921209,0.6980127141383994,10,early
10426,26,0,0.13552525758867837,0.6109391972666496,10,early
10427,27,0,0.9148651520516351,0.49191633511172306,10,early
10428,28,0,0.16159995174173414,0.4294183703479425,10,early
10429,29,0,0.9203222408370725,0.5157982478540337,10,early
10430,30,0,0.013318207857467367,0.8566972272825556,10,early
10431,31,0,0.629629553075693,0.8970478821023019,10,early
10432,32,0,0.4810173555049091,0.6310804522807643,10,early
10433,33,0,0.3082623682947774,0.49281426219987357,10,early
10434,34,0,0.4324131176717184,0.46030362666795,10,early
10435,35,0,0.13975096859780656,0.5490044065774173,10,early
10436,36,0,0.1659901239437018,0.5865999018810976,10,early
10437,37,0,0.2226827534830484,0.6554840283994199,10,early
10438,38,0,0.1988089519920744,0.49455254040103847,10,early
10439,39,0,0.7005086573454671,0.39591800502734004,10,early
10440,40,0,0.0003285112617100179,0.8474077616374502,10,early
10441,41,0,0.11360468820158802,0.8427639477452828,10,early
10442,42,0,0.0027960761623999734,0.9624172944730707,10,early
10443,43,0,0.04738368178577819,0.543751535063719,10,early
10444,44,0,0.6062904513197291,0.33667853651435065,10,early
10445,45,0,0.498758438241914,0.6664461277922764,10,early
10446,46,0,0.5026483232353078,0.6791184314031158,10,early
10447,47,0,0.497414615583752,0.5447517153948505,10,early
10448,48,0,0.4877647099463085,0.6808015690895887,10,early
10449,49,0,0.9228667156699004,0.721373603322168,10,early
10450,50,0,0.12681765054714195,0.5939137460119809,10,early
10451,51,0,0.6727029023614353,0.8284940381564174,10,early
10452,52,0,0.0043175152404132736,0.746988167963862,10,early
10453,53,0,0.17431618005971186,0.41687923183905345,10,early
10454,54,0,0.8060854621416752,0.4611682314931944,10,early
10455,55,0,0.11364996307177593,0.7342017426195399,10,early
10456,56,0,0.570700196355043,0.5213551137560517,10,early
10457,57,0,0.1867164948684656,0.6842398816112261,10,early
10458,58,0,0.044957107124815834,0.7469690841605177,10,early
10459,59,0,0.9981231331043072,0.5572759444591795,10,early
10460,60,0,0.4931228393146177,0.7827634938882175,10,early
10461,61,0,0.889214812714289,0.7633845333137601,10,early
10462,62,0,0.8748959056630297,0.35906763712010437,10,early
10463,63,0,0.9825104063952925,0.61086780270928,10,early
10464,64,0,0.4954051859864902,0.453069799473972,10,early
10465,65,0,0.9991312724943263,0.8418861157081655,10,early
10466,66,0,0.9834857140675862,0.7041655943590717,10,early
10467,67,0,0.9936830333957678,0.5414571605469275,10,early
10468,68,0,0.999934830440818,0.8159392652004496,10,early
10469,69,0,0.9618365218056611,0.39747028890221114,10,early
10470,70,0,0.9850156289165295,0.7438995509520467,10,early
10471,71,0,0.11306814747313575,1.0963133743341191,10,early
10472,72,0,0.9999272565604994,0.8065042446571254,10,early
10473,73,0,0.9725416728917734,0.6013485578643012,10,early
10474,74,0,0.6251940031552973,0.5791022657758101,10,early
10475,75,0,0.09611586894164653,0.5969025588294941,10,early
10476,76,0,0.9926594613288511,0.7325497346712804,10,early
10477,77,0,0.17816920949723908,0.9001569880270719,10,early
10478,78,0,0.1297988397319249,0.5542142981690762,10,early
10479,79,0,0.983023221891687,0.5267091398398231,10,early
10480,80,0,0.44664540292494603,0.6115510739146903,10,early
10481,81,0,0.50481671878878,0.8265326342921866,10,early
10482,82,0,0.7770237585721371,0.8340133512406138,10,early
10483,83,0,0.17522572675337778,0.9096481729718502,10,early
10484,84,0,0.9190406392134084,0.637460811867512,10,early
10485,85,0,0.8527102570605608,0.7419452845942037,10,early
10486,86,0,0.6738520324607102,0.5758749140553705,10,early
10487,87,0,0.5031227832360897,0.6412440030280815,10,early
10488,88,0,0.8568634865517749,0.5137164478127473,10,early
10489,89,0,0.972550292382212,0.48949254696304434,10,early
10490,90,0,0.07617459542007292,0.5101196704697265,10,early
10491,91,0,0.8968684374057821,0.7834222610905435,10,early
10492,92,0,0.9673701148597824,0.6726701491046643,10,early
10493,93,0,0.9765983508530116,0.7137522700673213,10,early
10494,94,0,0.7952914418260437,0.6801783616255883,10,early
10495,95,0,0.8689230920737907,0.8865848690391044,10,early
10496,96,0,0.9821314818545459,0.6092606936679482,10,early
10497,97,0,0.9137289653414473,0.3279935909102391,10,early
10498,98,0,0.4352070172446958,0.6910899303712601,10,early
10499,99,0,0.5208368257020665,0.6070572910046255,10,early
10500,100,0,0.5869284168020019,0.8342390190694036,10,early
10501,101,0,0.9828921846627396,0.3652799675476355,10,early
10502,102,0,0.5008227809998625,1.0112046030470039,10,early
10503,103,0,0.8224783058042637,0.4326457817407723,10,early
10504,104,0,0.6200219202634741,0.45281078833860555,10,early
10505,105,0,0.944873258184872,0.3831340372832559,10,early
10506,106,0,0.4960952743565339,0.734021566042814,10,early
10507,107,0,0.4999086370636976,0.8157257691854158,10,early
10508,108,0,0.6775844498252269,0.4528799262536539,10,early
10509,109,0,0.756242773743661,0.6639661424699594,10,early
10510,110,0,0.38631533249434175,0.688764777430205,10,early
10511,111,0,0.5000044035406416,1.038303843964143,10,early
10512,112,0,0.9832965758185082,0.5166812414004507,10,early
10513,113,0,0.48906407858261014,0.4117119641261151,10,early
10514,114,0,0.8927231741230328,0.4775101146770807,10,early
10515,115,0,0.5057279826985355,0.6448251091399438,10,early
10516,116,0,0.9050801147509706,0.5883013973984943,10,early
10517,117,0,0.9174319684073403,0.4388615728815615,10,early
10518,118,0,0.4878936841737573,0.5751700921849157,10,early
10519,119,0,0.5425065409749625,0.628754677311784,10,early
10520,120,0,0.5046957291887707,0.8761986205712115,10,early
10521,121,0,0.9156933990481674,0.8283755668818289,10,early
10522,122,0,0.13902914065671057,0.6985376961583571,10,early
10523,123,0,0.9923744713072922,0.5254603291244473,10,early
10524,124,0,0.31199475833648205,1.1163696649100476,10,early
10525,125,0,0.7329889082023129,0.8918017909106918,10,early
10526,126,0,0.8157188165818761,0.5150168530465069,10,early
10527,127,0,0.4186851946542583,0.7521846334211495,10,early
10528,128,0,0.7928110550766015,0.8132317723122044,10,early
10529,129,0,0.49458235932649613,0.9743835754716366,10,early
10530,130,0,0.9274552808563834,0.696290541262061,10,early
10531,131,0,0.8396776650090854,0.3628264759990636,10,early
10532,132,0,0.05785707185833691,0.859382980544078,10,early
10533,133,0,0.09485897054946993,0.6043490325790484,10,early
10534,134,0,0.3287693204016111,0.7493594661288392,10,early
10535,135,0,0.8445891732655247,0.8255205026298593,10,early
10536,136,0,0.7720642532344401,0.764736503429265,10,early
10537,137,0,0.985766202260475,0.498225386446031,10,early
10538,138,0,0.07445384453677233,0.7296289213079037,10,early
10539,139,0,0.6877481224806554,0.6905613684546249,10,early
10540,140,0,0.42768094805379614,0.4588224651072682,10,early
10541,141,0,0.9080007193962367,0.2798853935695682,10,early
10542,142,0,0.6568365364930364,0.8507263545064482,10,early
10543,143,0,0.5020433265900823,0.64692121496368,10,early
10544,144,0,0.052983627971574285,0.5257333906067856,10,early
10545,145,0,0.7982485433586269,0.68462660586626,10,early
10546,146,0,0.5000434207332625,0.9092228391961055,10,early
10547,147,0,0.2131019174516923,0.5249119603772026,10,early
10548,148,0,0.909398514662801,0.5170439424386635,10,early
10549,149,0,0.7217598259337545,0.4581254297432247,10,early
10550,150,0,0.49959813486224486,0.7241554133797198,10,early
10551,151,0,0.9928316564498947,0.671214059682497,10,early
10552,152,0,0.4473274403226549,0.4545920576639967,10,early
10553,153,0,0.526588644714385,0.5574721996640128,10,early
10554,154,0,0.18961370459740154,0.516044625796976,10,early
10555,155,0,0.666429080017927,0.40348613230691144,10,early
10556,156,0,0.9217250383517651,0.5587230423990268,10,early
10557,157,0,0.9229271705137865,0.6789224060729406,10,early
10558,158,0,0.47977574739196666,0.7075547280465868,10,early
10559,159,0,0.5389554933112647,0.34260200666744633,10,early
10560,160,0,0.6206891628450218,0.4423007410951347,10,early
10561,161,0,0.7823210854364941,0.6148435676151653,10,early
10562,162,0,0.9213420519023547,0.5310861602379244,10,early
10563,163,0,0.9969250990766243,0.3472775396907327,10,early
10564,164,0,0.9555596531135404,0.8146230200440674,10,early
10565,165,0,0.5185842369013168,0.40730468957690746,10,early
10566,166,0,0.9260568152843334,0.415178464504947,10,early
10567,167,0,0.9571160155758576,0.4869153545578828,10,early
10568,168,0,0.9559691745173733,0.3585907205094835,10,early
10569,169,0,0.5170149581290189,0.6186620258658471,10,early
10570,170,0,0.9592974769660698,0.8309107480645086,10,early
10571,171,0,0.8230064231354512,0.5671336649828156,10,early
10572,172,0,0.9972087781144003,0.5230694986468231,10,early
10573,173,0,0.5056975737494793,0.6166900978557045,10,early
10574,174,0,0.8300209813354382,0.42833723129005297,10,early
10575,175,0,0.9682102303840303,0.5097685297873856,10,early
10576,176,0,0.5660538458740025,0.4230197750793158,10,early
10577,177,0,0.027374290213178616,0.9145541234753733,10,early
10578,178,0,0.5032285123990686,0.5152549211712617,10,early
10579,179,0,0.5139581640731539,0.46713030813433853,10,early
10580,180,0,0.9583821493270923,0.6572030313078076,10,early
10581,181,0,0.6795940035925242,0.5853034889671345,10,early
10582,182,0,0.8045482842395616,0.4866046263171313,10,early
10583,183,0,0.5361604591538783,0.44699384120893215,10,early
10584,184,0,0.8426139869422666,0.28662906442611846,10,early
10585,185,0,0.6270780900747727,0.5495641365010084,10,early
10586,186,0,0.24269201537844018,0.7462030925784113,10,early
10587,187,0,0.968800595881703,0.44521375990522444,10,early
10588,188,0,0.9707642939335916,0.7665134603313903,10,early
10589,189,0,0.38808720473691627,0.41516686757321153,10,early
10590,190,0,0.5902054499924477,0.820269917243273,10,early
10591,191,0,0.7991405710054938,0.5090608731113082,10,early
10592,192,0,0.9802229726562942,0.5267659103026676,10,early
10593,193,0,0.5471764583881179,0.5927435614116996,10,early
10594,194,0,0.5389531298807859,0.4747722748611958,10,early
10595,195,0,0.7745363502504887,0.5550088266113977,10,early
10596,196,0,0.488750352873213,0.632459328764853,10,early
10597,197,0,0.9947748922334692,0.6674653050646022,10,early
10598,198,0,0.4952625480173998,0.5536599193181332,10,early
10599,199,0,0.4876873560014501,0.6124979323886761,10,early
10600,0,0,0.11079451012908426,0.5429018509551778,10,middle
10601,1,0,0.6277281516129969,0.4461141984863908,10,middle
10602,2,0,0.6923054995377397,0.628621158455124,10,middle
10603,3,0,0.8244086331923637,0.4875130578190302,10,middle
10604,4,0,0.46198551332538956,0.6523641002210362,10,middle
10605,5,0,0.5778828051487326,0.5297613218001647,10,middle
10606,6,0,0.4784516560174586,0.7947347455803453,10,middle
10607,7,0,0.1084343894585359,0.897556167263127,10,middle
10608,8,0,0.5019881848292976,0.7689318745740079,10,middle
10609,9,0,0.9248293599875046,0.6721281521031794,10,middle
10610,10,0,0.5113332457187199,0.7471693784909987,10,middle
10611,11,0,0.45718162784143246,0.6545691545447159,10,middle
10612,12,0,0.5010048645882534,0.7922263729793726,10,middle
10613,13,0,0.43817697729620547,0.8278088996818971,10,middle
10614,14,0,0.49039867029114886,1.0180651294814622,10,middle
10615,15,0,0.5240223944439236,0.5759055061310162,10,middle
10616,16,0,0.3025451813686807,0.8086527896146037,10,middle
10617,17,0,0.3341719508917948,0.8999216923281795,10,middle
10618,18,0,0.8412328986479124,0.557741323179464,10,middle
10619,19,0,0.3968793112699065,0.7211048582990887,10,middle
10620,20,0,0.4996833690749259,0.5930935449738726,10,middle
10621,21,0,0.007025249350918101,0.722269821190985,10,middle
10622,22,0,0.908316327366053,0.8491473318896606,10,middle
10623,23,0,0.4359627886197657,0.8920808993164588,10,middle
10624,24,0,0.12325080834200361,1.06264628531474,10,middle
10625,25,0,0.9641823305457767,0.8923608775026325,10,middle
10626,26,0,0.9871785281063354,0.9048754186590753,10,middle
10627,27,0,0.9838152264907777,0.6801802317743139,10,middle
10628,28,0,0.489306428853683,0.8499591074310678,10,middle
10629,29,0,0.9740915513660114,0.9895096174049991,10,middle
10630,30,0,0.5052214793201237,0.6400246587985463,10,middle
10631,31,0,0.07567350766203974,0.7958872425933319,10,middle
10632,32,0,0.9866610660004509,0.8252705291283993,10,middle
10633,33,0,0.06773262085491691,0.6856144335221819,10,middle
10634,34,0,0.500562580115092,0.6384582785375986,10,middle
10635,35,0,0.6592621473546145,0.8476668848052309,10,middle
10636,36,0,0.8619174559752556,0.5258778191062902,10,middle
10637,37,0,0.05808473999027848,0.6620875803092825,10,middle
10638,38,0,0.49938268304555067,0.9198405374873609,10,middle
10639,39,0,0.18383384532780656,0.31335516524954127,10,middle
10640,40,0,0.45497994105903494,0.9201574159160988,10,middle
10641,41,0,0.5007382670387626,0.7159436525625769,10,middle
10642,42,0,0.5675055128622845,0.6156139967884122,10,middle
10643,43,0,0.752916192432856,0.6236722469483175,10,middle
10644,44,0,0.5588001739921894,0.7534075839445173,10,middle
10645,45,0,0.261267679813436,0.5486850360043123,10,middle
10646,46,0,0.21742079460716218,0.9297311667557193,10,middle
10647,47,0,0.47951846657322744,0.549328099681646,10,middle
10648,48,0,0.7474832246346157,0.5003901691545435,10,middle
10649,49,0,0.8926095875696392,0.6240043535940754,10,middle
10650,50,0,0.683922401952131,0.47779694254984795,10,middle
10651,51,0,0.5094761011559082,0.6085886745480354,10,middle
10652,52,0,0.17106949711251557,0.7155754917763084,10,middle
10653,53,0,0.8616030813089033,0.6951068021666569,10,middle
10654,54,0,0.46935949748845635,0.5521019844953112,10,middle
10655,55,0,0.9746522138045981,0.6885808106839834,10,middle
10656,56,0,0.7524978442730605,0.48866814054359275,10,middle
10657,57,0,0.9954815183200436,0.761136396261946,10,middle
10658,58,0,0.5223483026151949,1.1854534077108656,10,middle
10659,59,0,0.500148307891886,0.7990503818001237,10,middle
10660,60,0,0.5082002677498668,0.7855628923622712,10,middle
10661,61,0,0.499167683577544,0.6434512949322437,10,middle
10662,62,0,0.4999980555345971,0.789426086942677,10,middle
10663,63,0,0.5001588970661631,0.6340017824402318,10,middle
10664,64,0,0.9968218783711209,0.8152403336987004,10,middle
10665,65,0,0.4922657690867446,0.6526096234606478,10,middle
10666,66,0,0.49854299511635264,0.5279328571355402,10,middle
10667,67,0,0.5738518483948485,0.5784312648959835,10,middle
10668,68,0,0.9613904846025296,0.3522974144026037,10,middle
10669,69,0,0.9831582976646643,0.7630527010639423,10,middle
10670,70,0,0.8271579184664898,0.6522237857093258,10,middle
10671,71,0,0.5971464516224779,0.6039991276983145,10,middle
10672,72,0,0.5005298701352682,1.014518826745599,10,middle
10673,73,0,0.5016400440800821,0.5877274743798788,10,middle
10674,74,0,0.9993229967660435,1.0561035379772024,10,middle
10675,75,0,0.8795281114121939,0.6906627602875206,10,middle
10676,76,0,0.9501724958326623,0.44978441239031874,10,middle
10677,77,0,0.9983259786379471,0.6063880297399974,10,middle
10678,78,0,0.7271861587441559,0.4775665923961236,10,middle
10679,79,0,0.9626506109748937,0.44612504691111654,10,middle
10680,80,0,0.4998893469219573,0.7706145026621061,10,middle
10681,81,0,0.06590381949684292,0.7161134549286394,10,middle
10682,82,0,0.8509093751561432,0.4199361577502889,10,middle
10683,83,0,0.6385277456522369,0.4112022589422442,10,middle
10684,84,0,0.9937266872764374,0.4599711381015743,10,middle
10685,85,0,0.992404752327295,0.6258214466161625,10,middle
10686,86,0,0.9806908357418933,0.3181319675475992,10,middle
10687,87,0,0.9934401570497875,0.7529770910504232,10,middle
10688,88,0,0.6376944199986969,0.6497222218044358,10,middle
10689,89,0,0.9941934161379729,0.7874843990155265,10,middle
10690,90,0,0.9051707651816935,0.5762859818303072,10,middle
10691,91,0,0.9997480205720735,0.712403069416204,10,middle
10692,92,0,0.604877193261582,0.6512679781749549,10,middle
10693,93,0,0.7647661573435326,0.5896503963825126,10,middle
10694,94,0,0.1703755074914601,0.588730893442801,10,middle
10695,95,0,0.9832423338438065,0.7052689248821413,10,middle
10696,96,0,0.020740293917368702,0.7372455046491824,10,middle
10697,97,0,0.24973468904207077,0.6830395335186423,10,middle
10698,98,0,0.9914797769233612,1.0341490668543931,10,middle
10699,99,0,0.5391739570628711,0.8066315204870569,10,middle
10700,100,0,0.9852448613403424,0.7375962109550744,10,middle
10701,101,0,0.8714566975912023,0.9038780176917204,10,middle
10702,102,0,0.8421986983399667,0.6420418015796965,10,middle
10703,103,0,0.5995256863426984,0.6729144966949514,10,middle
10704,104,0,0.436098016007312,0.5000096210108774,10,middle
10705,105,0,0.6293381825157546,0.4685815702830344,10,middle
10706,106,0,0.4729644573850837,0.5709486865735864,10,middle
10707,107,0,0.9327776293953465,0.48358761377012305,10,middle
10708,108,0,0.9911730141696118,0.43110800627458956,10,middle
10709,109,0,0.555636183950166,0.4485107543722364,10,middle
10710,110,0,0.6739492676445937,0.517395768349262,10,middle
10711,111,0,0.9991769042602374,0.555179246219782,10,middle
10712,112,0,0.9992478364545936,0.6716429079474673,10,middle
10713,113,0,0.43516612077898614,0.41214971314733256,10,middle
10714,114,0,0.9930679495768704,0.4634787131054309,10,middle
10715,115,0,0.8234171060772295,0.42995415176093105,10,middle
10716,116,0,0.5349678652482224,0.5572545266242703,10,middle
10717,117,0,0.9829538024268116,0.37919592432682864,10,middle
10718,118,0,0.30730183412777917,0.5840564158318389,10,middle
10719,119,0,0.8189423588835738,0.9452370462743863,10,middle
10720,120,0,0.44822601229752235,0.7271736554921053,10,middle
10721,121,0,0.7065411673392209,0.6079359525408115,10,middle
10722,122,0,0.5413761887581042,0.5479606769023038,10,middle
10723,123,0,0.8413331972465654,0.6640913108993316,10,middle
10724,124,0,0.13142927003793084,0.6926949398458485,10,middle
10725,125,0,0.9706930946856354,0.48118432948153655,10,middle
10726,126,0,0.7848470261405308,0.7897064801313765,10,middle
10727,127,0,0.7344090305151475,0.548752622325253,10,middle
10728,128,0,0.9635445257943679,0.5655629117533412,10,middle
10729,129,0,0.866948321112597,0.5519242822382133,10,middle
10730,130,0,0.8437394649312815,0.6092757319717007,10,middle
10731,131,0,0.00731015206982004,0.7493511774309616,10,middle
10732,132,0,0.41706184225157855,0.5105823877625296,10,middle
10733,133,0,0.7867000500290499,0.5241829070139549,10,middle
10734,134,0,0.7905637629901148,0.47995450479684787,10,middle
10735,135,0,0.7050484971357596,0.4774994076119556,10,middle
10736,136,0,0.27612440187054305,0.6682951975921667,10,middle
10737,137,0,0.5153556715561859,0.4620587593144845,10,middle
10738,138,0,0.8533204450660794,0.6481225632345073,10,middle
10739,139,0,0.5674924982045818,0.4743156049530106,10,middle
10740,140,0,0.4783868725702645,0.4889969384044137,10,middle
10741,141,0,0.0752028691437465,0.8643435831712112,10,middle
10742,142,0,0.5244199005729941,0.6656713997472556,10,middle
10743,143,0,0.7251531067013517,0.9545939454115018,10,middle
10744,144,0,0.8269085734532252,0.5699991670466595,10,middle
10745,145,0,0.5064088520700435,0.7694781173041862,10,middle
10746,146,0,0.948750624614267,0.5778549471667225,10,middle
10747,147,0,0.7436631791342034,0.5889726306871677,10,middle
10748,148,0,0.5116380082434047,0.5851872646814107,10,middle
10749,149,0,0.9032073235321668,0.7983915819935571,10,middle
10750,150,0,0.9013619286399331,0.5340579737013214,10,middle
10751,151,0,0.5744319082598499,0.8668805487141784,10,middle
10752,152,0,0.4021269884681581,0.8407044798289096,10,middle
10753,153,0,0.17961685264381783,0.6777978838929852,10,middle
10754,154,0,0.004764526083529916,1.024757305087135,10,middle
10755,155,0,0.9201773353244476,0.31156871490703797,10,middle
10756,156,0,0.15626794505742683,0.8884384962788308,10,middle
10757,157,0,0.9501766923949229,0.6167535582008908,10,middle
10758,158,0,0.5009944036928567,0.43930424244831445,10,middle
10759,159,0,0.2257281460185885,0.5329623269225278,10,middle
10760,160,0,0.42243029670714266,0.5481571461639512,10,middle
10761,161,0,0.9514012003397961,0.4178198843442401,10,middle
10762,162,0,0.5135715350337621,0.6540265192692608,10,middle
10763,163,0,0.48617172482189774,0.7815545324911937,10,middle
10764,164,0,0.012382377301926801,0.6077872349150677,10,middle
10765,165,0,0.9960201813609943,0.5251129406072856,10,middle
10766,166,0,0.4586827782561911,0.48590810487812075,10,middle
10767,167,0,0.9771702946796371,0.40167439877622757,10,middle
10768,168,0,0.49236464585680667,0.4546317025331697,10,middle
10769,169,0,0.17866784519282572,0.637976454435067,10,middle
10770,170,0,0.6442532878781124,0.7587985046978549,10,middle
10771,171,0,0.6712547382747125,0.6313683776023598,10,middle
10772,172,0,0.46817902804527356,0.6439474054190907,10,middle
10773,173,0,0.04797099175160076,0.41531948488455084,10,middle
10774,174,0,0.5029688592871892,0.41384830054276067,10,middle
10775,175,0,0.46100872996072395,0.5182272507438911,10,middle
10776,176,0,0.5015047799233776,0.4933461776804005,10,middle
10777,177,0,0.5613001004184835,0.8000038804885674,10,middle
10778,178,0,0.7351346069266085,0.5401191245509365,10,middle
10779,179,0,0.4763390450250118,0.6563781270791931,10,middle
10780,180,0,0.42102744340514175,0.48218564883280685,10,middle
10781,181,0,0.7785677008755387,0.564701989890249,10,middle
10782,182,0,0.989601080742704,0.3896582877520886,10,middle
10783,183,0,0.6737912878149509,0.4094540086225002,10,middle
10784,184,0,0.7759588180779493,0.6908261003961236,10,middle
10785,185,0,0.7952801882388489,0.5427967631239266,10,middle
10786,186,0,0.5499216690450297,0.5656130123071371,10,middle
10787,187,0,0.9388682455799546,0.42166206143386165,10,middle
10788,188,0,0.18501797731256286,0.7656491002587,10,middle
10789,189,0,0.7724786272662798,0.5343560401312514,10,middle
10790,190,0,0.5140185261497203,0.47707040996195943,10,middle
10791,191,0,0.21768843228342238,0.5363383630855961,10,middle
10792,192,0,0.916656286370793,0.8730373765444346,10,middle
10793,193,0,0.12277889884165656,0.6867616787153944,10,middle
10794,194,0,0.9137704501979506,0.6305148770349793,10,middle
10795,195,0,0.37761830761644344,0.7063070127276929,10,middle
10796,196,0,0.6299980082562231,0.5472798305264578,10,middle
10797,197,0,0.9544046170530133,0.3762008133716105,10,middle
10798,198,0,0.8082807832418802,0.4344558807077588,10,middle
10799,199,0,0.9093390997620499,0.3552051142888004,10,middle
10800,0,0,0.722006201109742,0.5345865539475472,10,late
10801,1,0,0.4308344307446158,0.7001646701580969,10,late
10802,2,0,0.4636758422060329,0.6807606605504029,10,late
10803,3,0,0.0007450798945662896,0.9289872559514515,10,late
10804,4,0,0.9095841643293772,0.502224335621561,10,late
10805,5,0,0.3805458932681705,0.7895260062355522,10,late
10806,6,0,0.5000153703233503,0.6433608034669764,10,late
10807,7,0,0.05255821789624759,0.6042108621876898,10,late
10808,8,0,0.5052525867070883,0.7818670844296316,10,late
10809,9,0,0.23250908960490357,0.6898720746620478,10,late
10810,10,0,0.12407760032789106,0.9693109751698286,10,late
10811,11,0,0.0726161303571127,0.9465175168580707,10,late
10812,12,0,0.5012469573032491,0.7833508744850075,10,late
10813,13,0,0.0812482197521267,0.9558047929811273,10,late
10814,14,0,0.500070245297333,0.6508091417747399,10,late
10815,15,0,0.49955558520187554,0.846575582008182,10,late
10816,16,0,0.5004664174243169,0.7355979376314516,10,late
10817,17,0,0.33277828183312314,0.711618627248559,10,late
10818,18,0,0.5172457189631866,0.8569329019517176,10,late
10819,19,0,0.45278673421999927,0.8323964070975469,10,late
10820,20,0,0.4902632231805234,0.7000596697927026,10,late
10821,21,0,0.1306098704307312,0.7491463627647265,10,late
10822,22,0,0.4995739023814247,0.9783420111847427,10,late
10823,23,0,0.4908083418698606,0.8637101869300026,10,late
10824,24,0,0.5001132168030088,0.505936360955852,10,late
10825,25,0,0.4866316426895289,0.6988920833434992,10,late
10826,26,0,0.6884718370099571,0.6383997143276874,10,late
10827,27,0,0.4419500639858007,0.6359450715744944,10,late
10828,28,0,0.5280708998304354,0.32875304546777284,10,late
10829,29,0,0.5820032782761041,0.5957155105780623,10,late
10830,30,0,0.5003035400321141,0.7957725022045423,10,late
10831,31,0,0.5016057822062235,0.70450252055183,10,late
10832,32,0,0.8809189636144144,0.5728354495466218,10,late
10833,33,0,0.14959235549445066,0.6267517719715663,10,late
10834,34,0,0.977544715965141,0.793786712102998,10,late
10835,35,0,0.9990815122073946,0.42546336683643043,10,late
10836,36,0,0.49135835112844706,0.8864387539738191,10,late
10837,37,0,0.5040626424775959,0.8153232093959913,10,late
10838,38,0,0.047893342672202625,0.5876371179266053,10,late
10839,39,0,0.524058007932588,0.6506641026602829,10,late
10840,40,0,0.49686492195851206,0.6335834531177696,10,late
10841,41,0,0.8685164708374418,0.6123981603303423,10,late
10842,42,0,0.09118829849546184,0.4915935628172134,10,late
10843,43,0,0.7055111049503807,0.5197956862761028,10,late
10844,44,0,0.9581831373191423,0.8626494853261295,10,late
10845,45,0,0.4777371443954599,0.8175757779191155,10,late
10846,46,0,0.9310893434277419,0.5852810159493715,10,late
10847,47,0,0.15080276177241328,0.7488072872861024,10,late
10848,48,0,0.5885657359209607,0.6475524384539268,10,late
10849,49,0,0.862797506665259,0.4337156596481543,10,late
10850,50,0,0.27982790703598165,0.898031458512644,10,late
10851,51,0,0.8617683357267631,1.0867646769590935,10,late
10852,52,0,0.15543678584921855,0.7850574284239811,10,late
10853,53,0,0.5107397981104346,0.813517537115323,10,late
10854,54,0,0.9761959191571902,0.45220689037197004,10,late
10855,55,0,3.781620637057862e-05,1.2904317932075862,10,late
10856,56,0,0.5060940500853295,0.5811300611773506,10,late
10857,57,0,0.9966836797223924,0.738962334447484,10,late
10858,58,0,0.49957912603715576,1.2599023738430288,10,late
10859,59,0,0.498206845290118,1.433992316631108,10,late
10860,60,0,0.5130185454836266,1.3967738261404024,10,late
10861,61,0,0.0009838175479465873,1.290627146765976,10,late
10862,62,0,0.5095311978687073,0.4286012548503295,10,late
10863,63,0,0.7572212313017223,0.6252632915973203,10,late
10864,64,0,0.27754071059520247,0.6991574224976224,10,late
10865,65,0,0.4995090390326163,0.8790069907640611,10,late
10866,66,0,0.9290309217379503,0.9573599919478567,10,late
10867,67,0,0.6042050319507339,0.6331336241462302,10,late
10868,68,0,0.5270699758783347,0.6380718827424825,10,late
10869,69,0,0.6995064960761228,0.4848293684430234,10,late
10870,70,0,0.484799443679068,0.8370955224429539,10,late
10871,71,0,0.9899314662199162,0.618337465775759,10,late
10872,72,0,0.07680070740707838,0.9667494084953919,10,late
10873,73,0,0.5037673467389808,0.9964910219410716,10,late
10874,74,0,0.723316458781309,0.5102743771010371,10,late
10875,75,0,0.0658359341474727,0.5058871666894467,10,late
10876,76,0,0.8829616654629853,0.6233085116219333,10,late
10877,77,0,0.05718080436877066,0.9476130988444211,10,late
10878,78,0,0.8570162396189853,0.5195792761692095,10,late
10879,79,0,0.7566816324306747,0.6832281720276738,10,late
10880,80,0,0.4999630366036406,0.8536131258770439,10,late
10881,81,0,0.4417064451280327,0.5555103058061618,10,late
10882,82,0,0.9678110374812999,0.5992395740765522,10,late
10883,83,0,0.49948861827928137,0.9197957120393243,10,late
10884,84,0,0.17647637831034665,0.9773364010161141,10,late
10885,85,0,0.4962954016843253,0.6758732013476814,10,late
10886,86,0,0.2862580724583421,0.5731812975721868,10,late
10887,87,0,0.977752324952615,0.38612028459853226,10,late
10888,88,0,0.5391057730307299,0.7583413806221502,10,late
10889,89,0,0.9238137654937828,0.4750857774338737,10,late
10890,90,0,0.06927317470452775,0.9420358381812461,10,late
10891,91,0,0.9972364210567333,0.3508363156123091,10,late
10892,92,0,0.6547341519478946,0.5486495049743699,10,late
10893,93,0,0.9828113287364848,0.7077591392287836,10,late
10894,94,0,0.5237661428695496,0.5997407271010475,10,late
10895,95,0,0.9996750084691074,0.5340540926696083,10,late
10896,96,0,0.977002716602207,0.8846196334042018,10,late
10897,97,0,0.26209667189846453,0.590154578288319,10,late
10898,98,0,0.16272783002862046,0.5482462855688541,10,late
10899,99,0,0.9999324221252773,0.9392263229783648,10,late
10900,100,0,0.6403458310462512,0.8208297046549404,10,late
10901,101,0,0.9944657916732875,0.5238690107486332,10,late
10902,102,0,0.47221865681892644,0.6406950017254661,10,late
10903,103,0,0.9999953465930638,0.7407902277971331,10,late
10904,104,0,0.5784155360138917,0.45957136404690874,10,late
10905,105,0,0.8184340006265669,0.49861794621132804,10,late
10906,106,0,0.5150722596432078,0.7045972374656821,10,late
10907,107,0,0.9246036885747624,0.4162237832561112,10,late
10908,108,0,0.9921428374377866,0.7115747090640792,10,late
10909,109,0,0.6739833166324203,0.6685807547778042,10,late
10910,110,0,0.999941441807638,0.6198217706190277,10,late
10911,111,0,0.8194176915073397,0.5921256227808033,10,late
10912,112,0,0.928853428053415,0.33521763809230437,10,late
10913,113,0,0.9983758679881318,0.5899054474841354,10,late
10914,114,0,0.6860610741478356,0.6945757957050749,10,late
10915,115,0,0.9575056691740602,0.46187489001419973,10,late
10916,116,0,0.9588619598478638,0.45107997586360504,10,late
10917,117,0,0.8024874320249203,0.6442098990084495,10,late
10918,118,0,0.31637661524857286,0.6993864304029662,10,late
10919,119,0,0.4121061709298439,0.8675466118051542,10,late
10920,120,0,0.47922520574977634,0.4541538701494255,10,late
10921,121,0,0.45430602140341275,0.5038573709617518,10,late
10922,122,0,0.4969966915747502,0.9060789937242293,10,late
10923,123,0,0.4598579642041345,1.4111543243354947,10,late
10924,124,0,0.49874815619844626,1.0720632406084174,10,late
10925,125,0,0.4999447285504304,0.7099553707603046,10,late
10926,126,0,0.4995779697760308,1.0695963080597517,10,late
10927,127,0,0.9976279518080206,0.6970640227819642,10,late
10928,128,0,0.5303608053338822,0.7181798158950958,10,late
10929,129,0,0.49978294331407347,0.5517765231390068,10,late
10930,130,0,0.998862135438731,0.6457147082824701,10,late
10931,131,0,0.5179585988105934,0.6957836305633828,10,late
10932,132,0,0.24350905912570883,1.283825343224186,10,late
10933,133,0,0.01954324575906435,0.732686248124744,10,late
10934,134,0,0.06320661653760323,0.750887826650515,10,late
10935,135,0,0.48598457024076597,0.988749727328412,10,late
10936,136,0,0.39008038431193137,0.6618458286510893,10,late
10937,137,0,0.8841664516673612,0.7110942557822171,10,late
10938,138,0,0.9808138113711254,0.5653540748761874,10,late
10939,139,0,0.5079170664809557,0.8339646531088581,10,late
10940,140,0,0.8569988045498822,0.7384985992337812,10,late
10941,141,0,0.4988671377006102,0.6863358188650137,10,late
10942,142,0,0.4357476291945198,0.46695977188272825,10,late
10943,143,0,0.9606827226902015,0.4285469080769676,10,late
10944,144,0,0.5119336286475147,0.3992951036855694,10,late
10945,145,0,0.3726078811469911,0.8461958005300367,10,late
10946,146,0,0.9045807143434106,0.52945411293695,10,late
10947,147,0,0.5354032394701337,0.621641532295836,10,late
10948,148,0,0.998571748137435,0.8655777170855502,10,late
10949,149,0,0.5997298743087027,0.5898599202540853,10,late
10950,150,0,0.917309768501124,0.3816730685862044,10,late
10951,151,0,0.005609157401742112,0.7933005743510531,10,late
10952,152,0,0.5107569443989186,0.7948166682873732,10,late
10953,153,0,0.5179883292740052,0.6155925180097863,10,late
10954,154,0,0.5056187200859127,0.7056059483579153,10,late
10955,155,0,0.8607213176275987,0.6845012818182314,10,late
10956,156,0,0.9970035155470789,0.49387771839380823,10,late
10957,157,0,0.4998164407506651,1.0351349104457066,10,late
10958,158,0,0.7910374882700575,0.5713870708345732,10,late
10959,159,0,0.5178188907790963,0.8880142922067582,10,late
10960,160,0,0.8618601721909531,0.5281520812757134,10,late
10961,161,0,0.48298477167888665,0.9159614829124807,10,late
10962,162,0,0.6977464736942873,0.9094183936028262,10,late
10963,163,0,0.9999736547209672,0.633497684940296,10,late
10964,164,0,0.5031206165330041,0.9011071964815537,10,late
10965,165,0,0.47863982727003074,0.5943838049142298,10,late
10966,166,0,0.5001874242571942,0.9238801810724417,10,late
10967,167,0,0.019086585163016836,1.2323006835063874,10,late
10968,168,0,0.9960078242629404,0.88662589915088,10,late
10969,169,0,0.7901717710620743,0.411880596584397,10,late
10970,170,0,0.216842646961093,0.565528988348688,10,late
10971,171,0,0.32814208753650814,0.7273662248872617,10,late
10972,172,0,0.5067004055724088,0.8049835681591764,10,late
10973,173,0,0.01819481336352867,1.0165670735220773,10,late
10974,174,0,0.0031410785439869547,1.1301390810553031,10,late
10975,175,0,0.5032458421321007,0.9249328427059462,10,late
10976,176,0,0.9508999468126774,0.6618533531431957,10,late
10977,177,0,0.5011711317436843,0.5553337602245809,10,late
10978,178,0,0.9999962779063751,0.9255658736295895,10,late
10979,179,0,0.6145867908826637,0.8750662185167294,10,late
10980,180,0,0.5016991311539618,0.5286068649746132,10,late
10981,181,0,0.43435795038279,0.7104569137241135,10,late
10982,182,0,0.9133785929576128,0.6351947802225666,10,late
10983,183,0,0.5052672319170096,0.7090957906945583,10,late
10984,184,0,0.616538646233712,0.5048235359397392,10,late
10985,185,0,0.8805839621835485,0.5715965148356297,10,late
10986,186,0,0.009160750388919817,0.786741053738337,10,late
10987,187,0,0.9938989421032383,0.6690513987153464,10,late
10988,188,0,0.5311865192414513,1.106699594593326,10,late
10989,189,0,6.618123033788926e-05,0.931130067111622,10,late
10990,190,0,0.9124059476093784,0.7548070755536098,10,late
10991,191,0,0.9498071599146991,0.38895578785487905,10,late
10992,192,0,0.6289919188614729,0.7251102247409584,10,late
10993,193,0,0.5029688984616147,0.6676818420461598,10,late
10994,194,0,0.6033709138587292,0.7130346966843408,10,late
10995,195,0,0.999377530010009,0.6279014532461171,10,late
10996,196,0,0.997157660389928,0.365796959523918,10,late
10997,197,0,0.5117946024523815,0.8035718751529108,10,late
10998,198,0,0.6569784498575475,0.7241635400439568,10,late
10999,199,0,0.08660821343896083,0.728938639282612,10,late
11000,0,0,0.4517489577365848,0.9092152355599329,11,interleaved
11001,1,0,0.3032254195492152,0.8000210750317989,11,interleaved
11002,2,0,0.7749681939179571,0.6483897926138884,11,interleaved
11003,3,0,0.7566153803067215,0.7264664063233917,11,interleaved
11004,4,0,0.49653946443207014,0.8523582930039075,11,interleaved
11005,5,0,0.10521010104755317,0.8197124980280375,11,interleaved
11006,6,0,0.9910529942414981,0.9714765140936412,11,interleaved
11007,7,0,0.8750368822429135,0.729872546781427,11,interleaved
11008,8,0,0.6266305565935543,0.6915997581178136,11,interleaved
11009,9,0,0.3201047682250805,0.9820215353110923,11,interleaved
11010,10,0,0.49919792464818685,0.5191358596122723,11,interleaved
11011,11,0,0.6652224436780747,0.45335791858619956,11,interleaved
11012,12,0,0.9415891570596537,0.6766968769624636,11,interleaved
11013,13,0,0.825788644992923,0.7056459329468603,11,interleaved
11014,14,0,0.3259750202772577,0.7865644186372198,11,interleaved
11015,15,0,0.5558404468247025,0.8323267903033502,11,interleaved
11016,16,0,0.2808671992064488,0.8593174990079651,11,interleaved
11017,17,0,0.10630158185409368,0.7018419257078448,11,interleaved
11018,18,0,0.5193012986446346,0.8800761222619713,11,interleaved
11019,19,0,0.5850397006318678,0.4408041134211386,11,interleaved
11020,20,0,0.5181514922693284,0.5397193269342573,11,interleaved
11021,21,0,0.7105985219639397,0.6324037117228334,11,interleaved
11022,22,0,0.6615450710082391,0.8442047618467984,11,interleaved
11023,23,0,0.7850818606940312,0.8096243632848772,11,interleaved
11024,24,0,0.9387531696274216,0.7639460563150124,11,interleaved
11025,25,0,0.5017484378585441,0.6642649739224031,11,interleaved
11026,26,0,0.42558014294573665,0.7403695545101991,11,interleaved
11027,27,0,0.2109298257535706,0.7010447068376542,11,interleaved
11028,28,0,0.33713319901783945,0.5622269810179434,11,interleaved
11029,29,0,0.8619451725866396,0.7457962282823445,11,interleaved
11030,30,0,0.8774586410778866,0.6907619232659105,11,interleaved
11031,31,0,0.34894244731824264,0.6473549035244143,11,interleaved
11032,32,0,0.6885799165382966,0.6195178552244593,11,interleaved
11033,33,0,0.6191696697766417,0.6828327276338352,11,interleaved
11034,34,0,0.9982852331076334,0.8304545565959969,11,interleaved
11035,35,0,0.06052523898426138,0.6790907289626976,11,interleaved
11036,36,0,0.5292995788183432,0.7703548807961145,11,interleaved
11037,37,0,0.8490671403135899,0.5876273738826145,11,interleaved
11038,38,0,0.9451779715165147,0.578468443169679,11,interleaved
11039,39,0,0.49929153738749366,0.9194619605858977,11,interleaved
11040,40,0,0.010796882064290627,0.9237434315872419,11,interleaved
11041,41,0,0.4999775746960756,1.0766503288376885,11,interleaved
11042,42,0,0.5028731320942512,0.659838978829457,11,interleaved
11043,43,0,0.5109426540631645,0.819867429015163,11,interleaved
11044,44,0,0.8120762485336421,0.631645248094431,11,interleaved
11045,45,0,0.47094418098362245,0.5278527882981087,11,interleaved
11046,46,0,0.6644089338050219,0.6982860969741718,11,interleaved
11047,47,0,0.5811213018668131,0.6857174820364655,11,interleaved
11048,48,0,0.03667436100595087,0.856094113346652,11,interleaved
11049,49,0,0.4999298576139919,0.8596804604328504,11,interleaved
11050,50,0,0.9912170182344557,0.598064790546156,11,interleaved
11051,51,0,0.5066149627369032,0.5563254352026452,11,interleaved
11052,52,0,0.8771070048865872,0.4418335843942676,11,interleaved
11053,53,0,0.4963346849658576,1.1398911197108395,11,interleaved
11054,54,0,0.1197863357017841,0.7228990540243097,11,interleaved
11055,55,0,0.49839365367835214,0.796184225791591,11,interleaved
11056,56,0,0.13068108448100146,0.8223450896235702,11,interleaved
11057,57,0,0.48700143998905293,0.7513090754883808,11,interleaved
11058,58,0,0.507035536710748,0.6164000544488009,11,interleaved
11059,59,0,0.5212891963110335,0.4582502494288191,11,interleaved
11060,60,0,0.5967174532785127,0.5795761266265332,11,interleaved
11061,61,0,0.3423595246908299,0.5361344304321167,11,interleaved
11062,62,0,0.632234204221434,0.5233891416752926,11,interleaved
11063,63,0,0.3310873833174198,0.5436621723654209,11,interleaved
11064,64,0,0.26940184889916197,0.5445301055047856,11,interleaved
11065,65,0,0.5007493355388104,0.7040973459367244,11,interleaved
11066,66,0,0.43277241208678524,0.725967913402235,11,interleaved
11067,67,0,0.9533892667602895,0.3579003223134607,11,interleaved
11068,68,0,0.003291878100466609,1.0865515111645414,11,interleaved
11069,69,0,0.5031893004959892,0.5949061863338495,11,interleaved
11070,70,0,0.5490965522376495,0.5293918788625144,11,interleaved
11071,71,0,0.15075955786815018,0.6183276696268506,11,interleaved
11072,72,0,0.051506118376788805,0.9396808504310558,11,interleaved
11073,73,0,0.5378796615969519,0.5315602218087646,11,interleaved
11074,74,0,0.9576901362654671,0.39106645731400785,11,interleaved
11075,75,0,0.004074306089243127,0.8787338084606284,11,interleaved
11076,76,0,0.633172088242431,0.5891889180473999,11,interleaved
11077,77,0,0.44220185422252173,0.8284686398787422,11,interleaved
11078,78,0,0.42004257363173814,0.4178190248132345,11,interleaved
11079,79,0,0.24661713742226282,0.6800923186585914,11,interleaved
11080,80,0,0.03178942042364789,0.8187977526708612,11,interleaved
11081,81,0,0.12858590660411623,0.6669135753857991,11,interleaved
11082,82,0,0.7527766926602639,0.3953094196524517,11,interleaved
11083,83,0,0.87184126593626,0.24784983399254618,11,interleaved
11084,84,0,0.9479199461937706,0.6837941267396006,11,interleaved
11085,85,0,0.08192130752681316,0.7946534775458478,11,interleaved
11086,86,0,0.7010549265342412,1.045914001964407,11,interleaved
11087,87,0,0.7365689377125559,0.5522435177915471,11,interleaved
11088,88,0,0.0826136022374285,0.5462993821640156,11,interleaved
11089,89,0,0.3480225051621531,0.46891496552333084,11,interleaved
11090,90,0,0.9071379376783424,0.8266320253314577,11,interleaved
11091,91,0,0.8280484482984074,0.835302308121761,11,interleaved
11092,92,0,0.46599184139027544,0.6783738817506919,11,interleaved
11093,93,0,0.42687479933640765,0.842445015910888,11,interleaved
11094,94,0,0.33748997271840764,0.4424104923990243,11,interleaved
11095,95,0,0.7962449631803565,0.4390149557687597,11,interleaved
11096,96,0,0.976498021616101,0.3949643395799046,11,interleaved
11097,97,0,0.4967396663743942,1.049006007026764,11,interleaved
11098,98,0,0.8966608478482356,0.7061210064392199,11,interleaved
11099,99,0,0.45084194917213855,1.034516080756576,11,interleaved
11100,100,0,0.8827447069735502,0.3979189246887611,11,interleaved
11101,101,0,0.39266727456874845,0.5834907338651383,11,interleaved
11102,102,0,0.4256453140728091,0.6240067906886564,11,interleaved
11103,103,0,0.5000285415085305,0.9590827846691992,11,interleaved
11104,104,0,0.4649989993031631,0.8401308872064038,11,interleaved
11105,105,0,0.4007455415922567,0.5529479083035622,11,interleaved
11106,106,0,0.9999757785147187,0.8735025685923268,11,interleaved
11107,107,0,0.9673002453035928,0.5777611353050263,11,interleaved
11108,108,0,0.3805116086150956,0.5654553188561153,11,interleaved
11109,109,0,0.39842439706672694,0.7852099267074286,11,interleaved
11110,110,0,0.9999945185786498,0.8807908064689798,11,interleaved
11111,111,0,0.9253567686054047,0.5459069429759379,11,interleaved
11112,112,0,0.9970205314304033,0.591465920242055,11,interleaved
11113,113,0,0.6050412867711146,0.5354883423824481,11,interleaved
11114,114,0,0.4996071831980209,0.742923597105114,11,interleaved
11115,115,0,0.5044513424151608,0.6120891554914598,11,interleaved
11116,116,0,0.5527191152202904,0.4445484246401548,11,interleaved
11117,117,0,0.4618622149767937,0.5961609797347878,11,interleaved
11118,118,0,0.5105437325498305,0.48840789145710917,11,interleaved
11119,119,0,0.5598474197561754,0.33140591855194346,11,interleaved
11120,120,0,0.9998243368194477,0.480812872848143,11,interleaved
11121,121,0,0.4999575200548726,0.7708640872461452,11,interleaved
11122,122,0,0.0011817941704246005,0.8340201457482355,11,interleaved
11123,123,0,0.5160073208009003,0.5090654930627219,11,interleaved
11124,124,0,0.9697503802382824,0.4362712139209377,11,interleaved
11125,125,0,0.49639903098633786,0.8905710703131688,11,interleaved
11126,126,0,0.4969896493773107,0.8519307893682536,11,interleaved
11127,127,0,0.8249904911948952,0.5508910504836937,11,interleaved
11128,128,0,0.1950150880814061,0.6233175886546816,11,interleaved
11129,129,0,0.4945713341095742,0.5485576177684262,11,interleaved
11130,130,0,0.5311093349225121,0.45436663783019615,11,interleaved
11131,131,0,0.4978813595981282,0.4996278853635505,11,interleaved
11132,132,0,0.5201551004437214,0.6010989439933417,11,interleaved
11133,133,0,0.5424451646066215,0.7041803910761869,11,interleaved
11134,134,0,0.01188838857124167,0.7955318309365403,11,interleaved
11135,135,0,0.5473659023593687,0.40759483436777105,11,interleaved
11136,136,0,0.4880604855387699,0.6529628273563062,11,interleaved
11137,137,0,0.47749485873710246,0.809325906650509,11,interleaved
11138,138,0,0.5531731275763747,0.7611495651064804,11,interleaved
11139,139,0,0.5000161885277407,0.828900082456069,11,interleaved
11140,140,0,0.5087751361080758,0.8587478022273158,11,interleaved
11141,141,0,0.4069285623642498,0.6290023993748248,11,interleaved
11142,142,0,0.45839772939127144,0.5436804785510274,11,interleaved
11143,143,0,0.6865248881918156,0.46540757607406347,11,interleaved
11144,144,0,0.8878413148714801,0.40272126006049325,11,interleaved
11145,145,0,0.9918894737646353,0.5263183353344321,11,interleaved
11146,146,0,0.48572539722250785,0.7449630788651123,11,interleaved
11147,147,0,0.9634446450908903,0.46491988605609663,11,interleaved
11148,148,0,0.7122997404627072,0.485846222926286,11,interleaved
11149,149,0,0.5098072159081636,0.4390215597058027,11,interleaved
11150,150,0,0.8757525004952988,0.4692761017026188,11,interleaved
11151,151,0,0.4999034630955775,0.8002735588588019,11,interleaved
11152,152,0,0.9770006927067347,0.7787516026492634,11,interleaved
11153,153,0,0.017491159495469217,0.6847121937061338,11,interleaved
11154,154,0,0.9996245897878744,0.5103416243495165,11,interleaved
11155,155,0,0.9969913429266591,0.6493477550005948,11,interleaved
11156,156,0,0.9754769455718133,0.5816879202492116,11,interleaved
11157,157,0,0.9849586288611951,0.5808737370349382,11,interleaved
11158,158,0,0.17113867000948202,0.7108559446696485,11,interleaved
11159,159,0,0.04892168761394912,0.7300732094075169,11,interleaved
11160,160,0,0.9871989082336978,0.36931600585919855,11,interleaved
11161,161,0,0.5089265128987002,0.631799271328731,11,interleaved
11162,162,0,0.7911643296488716,0.5981311009652451,11,interleaved
11163,163,0,0.5000199009706306,0.9546669620402408,11,interleaved
11164,164,0,0.5610067800615948,0.35030728141124695,11,interleaved
11165,165,0,0.515552422689085,0.7945049304286769,11,interleaved
11166,166,0,0.4984087159887833,0.6816435648789181,11,interleaved
11167,167,0,0.057817593095339695,0.6180881122715381,11,interleaved
11168,168,0,0.5621500333613233,0.42834637114202767,11,interleaved
11169,169,0,0.781030735528718,0.25678954860229253,11,interleaved
11170,170,0,0.9747034207581504,0.4104588295235754,11,interleaved
11171,171,0,0.4946038878447389,0.47761805186421413,11,interleaved
11172,172,0,0.32138069759831667,0.5556247150101983,11,interleaved
11173,173,0,0.5201324659840681,0.4060536106413687,11,interleaved
11174,174,0,0.13460628651709708,0.5692039562440264,11,interleaved
11175,175,0,0.4992856306752969,0.5896962328764423,11,interleaved
11176,176,0,0.871578781170908,0.4025568679117344,11,interleaved
11177,177,0,0.006918980806444604,0.8918990681238722,11,interleaved
11178,178,0,0.0021603382913086364,0.7916162654951272,11,interleaved
11179,179,0,0.14057091302386981,0.6078784214210537,11,interleaved
11180,180,0,0.9348927865068128,0.5326844629002054,11,interleaved
11181,181,0,0.973075089775534,0.4532101013765645,11,interleaved
11182,182,0,0.5000598563713884,0.5845079843846236,11,interleaved
11183,183,0,0.471769358669192,0.5206072889930867,11,interleaved
11184,184,0,0.009395745131962351,0.8581060238316719,11,interleaved
11185,185,0,0.347573716860712,0.7182544856564098,11,interleaved
11186,186,0,0.6354233222957832,0.6056823930094462,11,interleaved
11187,187,0,0.9494798692331303,0.4530490469714549,11,interleaved
11188,188,0,0.2648834863146468,0.5537425816160826,11,interleaved
11189,189,0,0.4269940963715677,0.5922133439407575,11,interleaved
11190,190,0,0.490257778520519,0.6522929202575325,11,interleaved
11191,191,0,0.452323850824641,0.5285935428083905,11,interleaved
11192,192,0,0.6417029818001789,0.7404586552147325,11,interleaved
11193,193,0,0.5003821827490048,0.6626777479738515,11,interleaved
11194,194,0,0.22981447358654217,0.43649769981855147,11,interleaved
11195,195,0,0.5477749348405837,0.485216339840823,11,interleaved
11196,196,0,0.017960757823779372,0.7504155569959995,11,interleaved
11197,197,0,0.9986821341074645,0.5357493665458484,11,interleaved
11198,198,0,0.5045067242581238,0.664681798612249,11,interleaved
11199,199,0,0.5250022136941226,0.49844337107221215,11,interleaved
11200,0,0,0.05688908518691286,0.8106328313012807,11,blocked
11201,1,0,0.7393900384448908,0.48099349887401865,11,blocked
11202,2,0,0.4073127547678217,0.569977534791706,11,blocked
11203,3,0,0.759062017615782,0.6949177996364759,11,blocked
11204,4,0,0.8419171338116218,0.4700081899197805,11,blocked
11205,5,0,0.295300863266246,0.5281516831478172,11,blocked
11206,6,0,0.4974078276602342,0.663364531986639,11,blocked
11207,7,0,0.3848886430731732,0.49570280373252956,11,blocked
11208,8,0,0.819108482339931,0.28967721101854005,11,blocked
11209,9,0,0.5543118578603843,0.4521319284339063,11,blocked
11210,10,0,0.5512816285438257,0.4947294759530096,11,blocked
11211,11,0,0.6601411561584458,0.6486711323943226,11,blocked
11212,12,0,0.5148662916883373,0.6983652699112188,11,blocked
11213,13,0,0.4670037106998932,0.8659299542898173,11,blocked
11214,14,0,0.9449604587773154,0.5522518940255965,11,blocked
11215,15,0,0.49969206791278337,0.43487165178708764,11,blocked
11216,16,0,0.5562912869438226,0.5133339220236304,11,blocked
11217,17,0,0.98541153727351,0.5070654602615026,11,blocked
11218,18,0,0.800937931707459,0.40877387085383,11,blocked
11219,19,0,0.31331640351697043,1.1793278671989387,11,blocked
11220,20,0,0.5016554798559147,0.8597030193470676,11,blocked
11221,21,0,0.4779574310420475,0.7266517602772045,11,blocked
11222,22,0,0.498420914858737,0.9002341964480065,11,blocked
11223,23,0,0.5510529594463128,0.6988357098984643,11,blocked
11224,24,0,0.7804266048311189,0.4854915809805319,11,blocked
11225,25,0,0.533679356970413,0.7191262925276702,11,blocked
11226,26,0,0.8199274244162456,0.767378156921354,11,blocked
11227,27,0,0.9966491645717048,0.4486345609330267,11,blocked
11228,28,0,0.6096327932534839,0.5500663963711154,11,blocked
11229,29,0,0.793226451498231,0.5341838314981036,11,blocked
11230,30,0,0.7500162587945198,0.5193682779714678,11,blocked
11231,31,0,0.983644369165108,0.6135188736163659,11,blocked
11232,32,0,0.4994328149303844,0.7971693354926809,11,blocked
11233,33,0,0.5014646405346534,0.8926358030347363,11,blocked
11234,34,0,0.49987331095429,0.9223477911563758,11,blocked
11235,35,0,0.503958209689125,0.8620905781120058,11,blocked
11236,36,0,0.703950860683539,0.5745990880098828,11,blocked
11237,37,0,0.6256742295933282,0.7583801856479726,11,blocked
11238,38,0,0.9863699747074843,0.7530621544089523,11,blocked
11239,39,0,0.49900594666694703,0.8487888287049672,11,blocked
11240,40,0,0.44441796628050784,0.8642834229108813,11,blocked
11241,41,0,0.605574973288249,0.7399394082835975,11,blocked
11242,42,0,9.282592812119476e-05,0.9110174062325993,11,blocked
11243,43,0,0.9618745689560818,0.6350083171489964,11,blocked
11244,44,0,0.24385106226055608,0.8308685968848104,11,blocked
11245,45,0,0.0008612536922361298,1.0021746922995396,11,blocked
11246,46,0,0.3196325463814582,0.7750578060566249,11,blocked
11247,47,0,0.9886213620155446,0.5884756682017529,11,blocked
11248,48,0,0.6392590895640637,0.6985067761536318,11,blocked
11249,49,0,0.9988123787253421,0.7137972242060626,11,blocked
11250,50,0,0.9953439914415927,0.7856516469854394,11,blocked
11251,51,0,0.00976756659321961,0.9053598007897545,11,blocked
11252,52,0,0.9999904491251167,1.0783246970724831,11,blocked
11253,53,0,0.47628115579493285,0.7747995835168489,11,blocked
11254,54,0,0.8733717697168151,0.5188035124760355,11,blocked
11255,55,0,0.00021246467477303545,1.045472212188986,11,blocked
11256,56,0,0.011156749867130571,1.1046315911709366,11,blocked
11257,57,0,0.9998335294174784,0.4267095847101316,11,blocked
11258,58,0,0.00020119030638858702,0.9393274045820543,11,blocked
11259,59,0,0.00755054858209809,1.2572680518229864,11,blocked
11260,60,0,0.09658013962374148,0.7708124355315275,11,blocked
11261,61,0,0.5351502232409461,0.47732470024945883,11,blocked
11262,62,0,0.7473173754380683,0.7394821236518778,11,blocked
11263,63,0,0.9929795529656585,0.5055215759061462,11,blocked
11264,64,0,0.0002925467639218016,1.236128034620387,11,blocked
11265,65,0,0.354905568905713,0.9337294416374862,11,blocked
11266,66,0,0.5922435564065799,0.9220837003647033,11,blocked
11267,67,0,0.5885076390068528,0.6621639382527791,11,blocked
11268,68,0,0.9998705568526003,0.5644412410401907,11,blocked
11269,69,0,0.8686951514676549,0.5570835608702531,11,blocked
11270,70,0,0.25923572301537195,0.7665207172949586,11,blocked
11271,71,0,0.9963423049273603,0.5284402916914657,11,blocked
11272,72,0,0.9978268770936234,0.39043810162513654,11,blocked
11273,73,0,0.47449576845903646,0.7292893242069572,11,blocked
11274,74,0,0.9930363235322588,0.6413418740974803,11,blocked
11275,75,0,0.8059824551927453,0.6596642916370887,11,blocked
11276,76,0,0.7155400172916904,0.7008130250825426,11,blocked
11277,77,0,0.4064901516816381,0.7239238276255769,11,blocked
11278,78,0,0.9561187966451954,0.612701097731027,11,blocked
11279,79,0,0.3535100922351558,0.772424541573242,11,blocked
11280,80,0,0.499879379197802,0.5894450356099141,11,blocked
11281,81,0,0.5423776838849457,0.7364283833062123,11,blocked
11282,82,0,0.7006978276355738,0.6520567254081044,11,blocked
11283,83,0,0.48889968876285583,1.0545576340521385,11,blocked
11284,84,0,0.4878026674780605,0.6427767361278338,11,blocked
11285,85,0,0.5011631774702482,0.8507927860952994,11,blocked
11286,86,0,0.4991079772801758,0.6387715241165054,11,blocked
11287,87,0,0.3193679995140437,0.7636588370746471,11,blocked
11288,88,0,0.2615866642625079,0.6661082446202473,11,blocked
11289,89,0,0.006357548818167606,0.8730755215062374,11,blocked
11290,90,0,0.7807294901733322,0.43460914176497123,11,blocked
11291,91,0,0.990901094710585,0.31465712078886626,11,blocked
11292,92,0,0.6496446495745126,0.5588393344822775,11,blocked
11293,93,0,0.9893324452218928,0.5400312324658412,11,blocked
11294,94,0,0.4971239003929611,0.5994155720071217,11,blocked
11295,95,0,0.5810781716770566,0.39698161364145756,11,blocked
11296,96,0,0.5000045150140142,0.6983412629487513,11,blocked
11297,97,0,0.5020663992803529,0.6601280795459274,11,blocked
11298,98,0,0.68122694566021,0.5022167634677885,11,blocked
11299,99,0,0.7581945468812308,0.36323392914526875,11,blocked
11300,100,0,0.3487366916572828,0.5122783855399404,11,blocked
11301,101,0,0.9899101615000736,0.8847259010824946,11,blocked
11302,102,0,0.8091127671614855,0.5830138276299686,11,blocked
11303,103,0,0.9577909603487764,0.5719765187601227,11,blocked
11304,104,0,0.9080757129440267,0.5113729758285047,11,blocked
11305,105,0,0.5039871519524523,0.6756816354974802,11,blocked
11306,106,0,0.9681229605567772,0.49495610151131186,11,blocked
11307,107,0,0.5888581198346147,0.5896037911086529,11,blocked
11308,108,0,0.8358434981500735,0.47174854053232074,11,blocked
11309,109,0,0.8651187844467708,0.4677345942176764,11,blocked
11310,110,0,0.917671175122669,0.9252130021603482,11,blocked
11311,111,0,0.7646514117886523,0.48180376321484875,11,blocked
11312,112,0,0.5009784991533262,0.8197611687717182,11,blocked
11313,113,0,0.7473774277372501,0.3886885893103408,11,blocked
11314,114,0,0.9376069498339389,0.5519690071731556,11,blocked
11315,115,0,0.8684328404392553,0.7594032700313008,11,blocked
11316,116,0,0.5883456564679744,0.918609453979178,11,blocked
11317,117,0,0.5803364872798241,0.6590027158807148,11,blocked
11318,118,0,0.5014787806159579,0.6505705881156902,11,blocked
11319,119,0,0.5323144988325017,0.5913815952941235,11,blocked
11320,120,0,0.2979648836206669,0.8228333381948407,11,blocked
11321,121,0,5.161291744531338e-06,1.2494544256659146,11,blocked
11322,122,0,0.999793347181697,0.586506014530756,11,blocked
11323,123,0,0.6196058101860651,0.7017092812658591,11,blocked
11324,124,0,0.9982961082583085,1.175478682493142,11,blocked
11325,125,0,0.586117393381155,0.8704382095096884,11,blocked
11326,126,0,0.15113113544850262,1.0482637021240455,11,blocked
11327,127,0,0.8834523859232034,0.5573532732607227,11,blocked
11328,128,0,0.9963296815890013,0.6620289732499243,11,blocked
11329,129,0,0.985119538797227,0.5221882392814741,11,blocked
11330,130,0,0.9956549433504696,0.6235250772546168,11,blocked
11331,131,0,0.3039816300645931,0.5129602494732969,11,blocked
11332,132,0,0.7945166979525162,0.5113691961816481,11,blocked
11333,133,0,0.06699026869828353,0.6329961969165452,11,blocked
11334,134,0,0.3218052410198168,0.5735709847504902,11,blocked
11335,135,0,0.5391223127861275,0.5484171773125526,11,blocked
11336,136,0,0.865399874939879,0.49800839646017137,11,blocked
11337,137,0,0.998775558292612,0.7802722002078425,11,blocked
11338,138,0,0.0023159235241440035,1.0711713265837344,11,blocked
11339,139,0,0.9999998757946382,0.7239039295294395,11,blocked
11340,140,0,0.9999848620972583,0.6414636821606672,11,blocked
11341,141,0,0.049042084900882875,0.7471028106019333,11,blocked
11342,142,0,0.43084819907206984,0.5646336829845112,11,blocked
11343,143,0,0.45619041400222354,1.0303753766670676,11,blocked
11344,144,0,0.6892539364290761,0.7215232157161451,11,blocked
11345,145,0,0.9984405921781181,0.6619217548290581,11,blocked
11346,146,0,0.799561998939154,0.49290288922921877,11,blocked
11347,147,0,0.9902877652671935,0.34579097440137463,11,blocked
11348,148,0,0.0036476868959422907,0.9008741779262492,11,blocked
11349,149,0,0.9901385292869391,0.3419464076136464,11,blocked
11350,150,0,0.7556263996975758,0.6407074322990163,11,blocked
11351,151,0,9.709544982155638e-05,1.056793313760622,11,blocked
11352,152,0,0.9788728218917531,0.40679930029657785,11,blocked
11353,153,0,0.9992061280358358,0.7694101219571443,11,blocked
11354,154,0,0.9981368367248166,0.5226846002801836,11,blocked
11355,155,0,0.34951264186379033,0.5096944022770908,11,blocked
11356,156,0,0.26112780117835493,0.5755992416170763,11,blocked
11357,157,0,0.4208046889275471,0.5780561085517839,11,blocked
11358,158,0,0.9999393111615542,0.5825985263655461,11,blocked
11359,159,0,0.9243731616112305,0.4987941408273829,11,blocked
11360,160,0,0.7322281312285748,0.5214934180715962,11,blocked
11361,161,0,0.9922922520909736,0.5794920762515072,11,blocked
11362,162,0,0.08754830284935644,0.6704838857004123,11,blocked
11363,163,0,0.6364970225211767,0.7220411914346471,11,blocked
11364,164,0,0.7410377579709951,0.3815609294005985,11,blocked
11365,165,0,0.999864068127875,0.3859164968311523,11,blocked
11366,166,0,0.48921574723680866,1.0273948635200256,11,blocked
11367,167,0,0.4980122335789314,0.7278454543522493,11,blocked
11368,168,0,0.5000297120593375,0.7978254296583208,11,blocked
11369,169,0,0.5117883523517691,0.6777959153771046,11,blocked
11370,170,0,0.7420397736577694,0.4202993483502776,11,blocked
11371,171,0,0.5071313569817659,0.9049606878171685,11,blocked
11372,172,0,0.49988933626342535,0.9423803627255936,11,blocked
11373,173,0,0.5033683812795747,0.8014944171279286,11,blocked
11374,174,0,0.9886144856986085,0.5695794825578977,11,blocked
11375,175,0,0.5000011582695012,0.9309367933621546,11,blocked
11376,176,0,0.1586486591703452,0.5933809526829587,11,blocked
11377,177,0,0.9898113644923716,0.6808196655640812,11,blocked
11378,178,0,0.01120629564805279,0.8081482107761708,11,blocked
11379,179,0,0.7189669654963058,0.8716170449377894,11,blocked
11380,180,0,0.9991689462225656,0.4885174283643384,11,blocked
11381,181,0,0.920943494094719,1.113371731424532,11,blocked
11382,182,0,0.7680776586050253,0.5410400017455784,11,blocked
11383,183,0,0.5502704276550474,0.5891534297820216,11,blocked
11384,184,0,0.00015522144939335725,1.3453046603502377,11,blocked
11385,185,0,0.5000073484431781,0.8478835524226469,11,blocked
11386,186,0,0.00102777405021834,1.0446664654809499,11,blocked
11387,187,0,0.4995930696563653,0.5550180105684616,11,blocked
11388,188,0,0.95323662771851,0.724543873042868,11,blocked
11389,189,0,0.5731828697191215,0.7109609291239576,11,blocked
11390,190,0,0.4184900597912674,0.5966016997094283,11,blocked
11391,191,0,0.6591949507086378,0.42451591247799625,11,blocked
11392,192,0,0.7006033172946469,0.4742943874752895,11,blocked
11393,193,0,0.013273752226879525,0.8191884193587596,11,blocked
11394,194,0,0.806721172554306,0.8206574212687927,11,blocked
11395,195,0,0.9988511459583664,0.5985132482259647,11,blocked
11396,196,0,0.17828064488949885,0.6191106205680301,11,blocked
11397,197,0,0.07672827765103875,0.7867030952018224,11,blocked
11398,198,0,0.8279649969181062,0.8568145478379625,11,blocked
11399,199,0,0.8839888712011764,0.7527568078314439,11,blocked
11400,0,0,0.431222651942602,0.7433146246495613,11,early
11401,1,0,0.9961740465639749,0.7332096910322752,11,early
11402,2,0,0.9610236470743927,0.4449561207145082,11,early
11403,3,0,0.28364253804312184,0.7022466661170889,11,early
11404,4,0,0.12784984067607624,0.7968660979080082,11,early
11405,5,0,0.5092041976462311,0.9763751793874156,11,early
11406,6,0,0.27453729762343404,0.697239482476571,11,early
11407,7,0,0.521329432442086,0.6421081206017945,11,early
11408,8,0,0.9879589333419483,0.3235562386579761,11,early
11409,9,0,0.17419555198089215,0.39428798583139524,11,early
11410,10,0,0.6564226027208329,0.3433175220331579,11,early
11411,11,0,0.9221017267492146,0.5483193333456702,11,early
11412,12,0,0.5000670227194804,1.0285431906691542,11,early
11413,13,0,0.6195151131544513,0.6949565310580488,11,early
11414,14,0,0.13558809419679316,0.27411628344760797,11,early
11415,15,0,0.5087031107579564,0.3959011308249667,11,early
11416,16,0,0.4986788916684853,0.5425225590986715,11,early
11417,17,0,0.7121652643919194,0.7164920363957206,11,early
11418,18,0,0.732165549972176,0.7129662687015644,11,early
11419,19,0,0.7155142738006128,0.7575796997091181,11,early
11420,20,0,0.7552608693359273,0.7186567558429158,11,early
11421,21,0,0.6407291910863531,0.4024721583943732,11,early
11422,22,0,0.7886070178863189,0.7152276013848264,11,early
11423,23,0,0.7779103660911799,0.5312817435262653,11,early
11424,24,0,0.5296329336803625,0.5793356423059192,11,early
11425,25,0,0.9872714832049363,0.4970729466144146,11,early
11426,26,0,0.992017907724483,0.5830081052537526,11,early
11427,27,0,0.6046724745134526,0.681748059556875,11,early
11428,28,0,0.9729664137650706,0.5672850564745306,11,early
11429,29,0,0.9804271815092035,0.5236148214511519,11,early
11430,30,0,0.746430485087814,0.5077775522932588,11,early
11431,31,0,0.10783530051026965,0.6208845567860123,11,early
11432,32,0,0.38213429805149746,0.6950043435127984,11,early
11433,33,0,0.7810482601451917,0.526720218165547,11,early
11434,34,0,0.9220376935145891,0.35941801128162376,11,early
11435,35,0,0.9693199439752238,0.5228660309728916,11,early
11436,36,0,0.99715726746002,0.3197002186873207,11,early
11437,37,0,0.8692026648403413,0.5224437310288497,11,early
11438,38,0,0.4012073616642229,0.5709220669142783,11,early
11439,39,0,0.5408282753332495,0.6965229197426743,11,early
11440,40,0,0.08716152370866564,0.7418426526665394,11,early
11441,41,0,0.8386955211453321,0.6385559826312653,11,early
11442,42,0,0.8283585758120833,0.5654822099338748,11,early
11443,43,0,0.6506555322597933,0.6971644646912832,11,early
11444,44,0,0.6768672134004582,0.4115486533687554,11,early
11445,45,0,0.08030532658084898,0.6659367503175606,11,early
11446,46,0,0.4618286569916378,0.613247154908394,11,early
11447,47,0,0.3984442439274228,0.7285538457490577,11,early
11448,48,0,0.0036646830628698146,0.702495362006802,11,early
11449,49,0,0.5966250657283014,0.5231432342110087,11,early
11450,50,0,0.26492567514108084,0.6128913088091257,11,early
11451,51,0,0.4458447605812121,0.5938786941908081,11,early
11452,52,0,0.7864298695893639,0.5749064725033657,11,early
11453,53,0,0.9980747879185676,0.6156176466451562,11,early
11454,54,0,0.5411233871131199,0.5063016176445481,11,early
11455,55,0,0.8259848592666754,0.565961734124139,11,early
11456,56,0,0.18936900175209673,0.5175595990339031,11,early
11457,57,0,0.16778947950476727,0.5046929884565894,11,early
11458,58,0,0.9294333634425537,0.42742106421442955,11,early
11459,59,0,0.9855844738789394,0.5454411128357655,11,early
11460,60,0,0.9263720777050862,0.27921307500116344,11,early
11461,61,0,0.09669857045583957,0.8187218743595375,11,early
11462,62,0,0.01002640937805153,0.8795450323470464,11,early
11463,63,0,0.46473217748434603,0.5265135596036228,11,early
11464,64,0,0.03308984230271867,0.5165978641458331,11,early
11465,65,0,0.0994998620391988,0.7189828801541245,11,early
11466,66,0,0.0005427623646448928,0.7403676989536252,11,early
11467,67,0,0.4936511837907417,0.6081951643158798,11,early
11468,68,0,0.9977247142693038,0.6153959540797586,11,early
11469,69,0,0.9719282725651242,0.41233043410368264,11,early
11470,70,0,0.2823748686320311,0.4160598470129614,11,early
11471,71,0,0.953306211597355,0.6780582331266578,11,early
11472,72,0,0.5355305060038333,0.4859950570218723,11,early
11473,73,0,0.701410815412993,0.4499054545005668,11,early
11474,74,0,0.9821900156170419,0.39654101155373644,11,early
11475,75,0,0.46856870065568035,0.7532256972419641,11,early
11476,76,0,0.23613025085711195,0.27042480910440186,11,early
11477,77,0,0.7978557876991479,0.42478535168516124,11,early
11478,78,0,0.8131511150075368,0.6437151851044614,11,early
11479,79,0,0.9731117720693041,0.4034742175570941,11,early
11480,80,0,0.14321518546284698,0.571906233523402,11,early
11481,81,0,0.49282456914555667,0.5450496536361529,11,early
11482,82,0,0.4965064072608127,0.6033160538619551,11,early
11483,83,0,0.3988436516607803,0.538584204809565,11,early
11484,84,0,0.5001165997393617,0.47772323318943777,11,early
11485,85,0,0.9344932295579539,0.5194136443741619,11,early
11486,86,0,0.42052208223067544,0.8568945933809234,11,early
11487,87,0,0.4316638088631857,0.8217511218118212,11,early
11488,88,0,0.6507015496759971,0.6626473147857879,11,early
11489,89,0,0.9581904441219409,0.6924608411684849,11,early
11490,90,0,0.5000122974735071,0.6480328280147616,11,early
11491,91,0,0.05210614447439703,0.7098670724786086,11,early
11492,92,0,0.3867625520247828,0.43436485366851996,11,early
11493,93,0,0.03510585800716794,0.6461041948545772,11,early
11494,94,0,0.44231129444975187,0.7614098765199919,11,early
11495,95,0,0.9506526832043105,0.641872992913914,11,early
11496,96,0,0.3367731749704347,0.667278237983684,11,early
11497,97,0,0.5096759178868319,0.6484322341297354,11,early
11498,98,0,0.2020164217108624,0.6757941151479818,11,early
11499,99,0,0.9364745626440063,0.2998519131001778,11,early
11500,100,0,0.5122918718721491,0.48338441224613704,11,early
11501,101,0,0.03200312293603392,0.6195180215049201,11,early
11502,102,0,0.5006101401090326,0.7958153094851692,11,early
11503,103,0,0.6543898052473096,0.6270648436789197,11,early
11504,104,0,0.6334169384955193,0.722268677140357,11,early
11505,105,0,0.9742503814527892,0.42321848307371507,11,early
11506,106,0,0.49990996609745364,0.5718866529433817,11,early
11507,107,0,0.8005414281793285,0.5447558629299929,11,early
11508,108,0,0.5154626143566184,0.776359383120642,11,early
11509,109,0,0.6733851859672244,0.636741433243238,11,early
11510,110,0,0.3182696365962283,0.5947183095679729,11,early
11511,111,0,0.460883495833928,0.7007663256840337,11,early
11512,112,0,0.8816726652845996,0.6397729461336726,11,early
11513,113,0,0.3915779978783755,0.6118919069906066,11,early
11514,114,0,0.532222467686448,0.38769926102728647,11,early
11515,115,0,0.44940065826821973,0.6782077150943635,11,early
11516,116,0,0.5939891342619851,0.4527965180785636,11,early
11517,117,0,0.5067525180841302,0.6265386690388375,11,early
11518,118,0,0.8552549583731077,0.6843143095522028,11,early
11519,119,0,0.49910915899456987,0.7843520786102951,11,early
11520,120,0,0.6081033786979634,0.6193649206624803,11,early
11521,121,0,0.039703896361575126,0.5736895463196154,11,early
11522,122,0,0.9906515006820423,0.5131693923559091,11,early
11523,123,0,0.03699729914202157,0.6568293350077327,11,early
11524,124,0,0.5208663339782925,0.40548913026842925,11,early
11525,125,0,0.500987639041071,0.6295416331631503,11,early
11526,126,0,0.9688524606533822,0.5116019117913841,11,early
11527,127,0,0.872585465611609,0.5137109748724686,11,early
11528,128,0,0.5461135836091343,0.8864456070689521,11,early
11529,129,0,0.7725195472594245,0.4762569346668468,11,early
11530,130,0,0.9556242350301203,0.6374728941759682,11,early
11531,131,0,0.4967306409306242,0.5036388949460904,11,early
11532,132,0,0.9948449061712283,0.6340729289252736,11,early
11533,133,0,0.42559106843518296,0.6438916741854516,11,early
11534,134,0,0.6517919984060896,0.399104244375315,11,early
11535,135,0,0.8298422377353237,0.36223943999432084,11,early
11536,136,0,0.5028181412369419,0.774967732284814,11,early
11537,137,0,0.9720712187960808,0.5672800143940326,11,early
11538,138,0,0.45974980306348867,0.47225516281535945,11,early
11539,139,0,0.8626904756530611,0.45308480698529946,11,early
11540,140,0,0.9972249103675126,0.7145285845706979,11,early
11541,141,0,0.041639999423996536,0.8489485319341384,11,early
11542,142,0,0.49969234538857604,0.6254043083112208,11,early
11543,143,0,0.4749012326017663,0.5067684377803869,11,early
11544,144,0,0.9972319488353134,0.9848111737579852,11,early
11545,145,0,0.990937931287021,0.5495600132925467,11,early
11546,146,0,0.4996188851028193,0.4130058082854152,11,early
11547,147,0,0.9937253368436627,0.44772664145029306,11,early
11548,148,0,0.21868854674057292,0.7185514993873172,11,early
11549,149,0,0.12259357089647564,0.8839892813821453,11,early
11550,150,0,0.5468889696372616,0.5326812949418624,11,early
11551,151,0,0.6675139717929796,0.4139945323246058,11,early
11552,152,0,0.8270073285960555,0.338425973755469,11,early
11553,153,0,0.4804309186924547,0.7422956425071341,11,early
11554,154,0,0.49979439947225485,0.6808524217627816,11,early
11555,155,0,0.40145306311015605,0.6463294828877894,11,early
11556,156,0,0.5799383128611365,0.5336339563075227,11,early
11557,157,0,0.02769020342201855,0.8462772547649822,11,early
11558,158,0,0.5012073152844156,0.7906954855717652,11,early
11559,159,0,0.5349227857858281,0.49861458597645214,11,early
11560,160,0,0.6025711855849087,0.4934603733789954,11,early
11561,161,0,0.758797570423134,0.5866496507523292,11,early
11562,162,0,0.24923897662016592,0.5066414419743492,11,early
11563,163,0,0.4957203190438929,0.7546346562932912,11,early
11564,164,0,0.996554398957235,0.6349695093337867,11,early
11565,165,0,0.7696800276645521,0.8152532702493852,11,early
11566,166,0,0.16427443647704063,0.5923246711097413,11,early
11567,167,0,0.9465466509301846,0.5998428937600147,11,early
11568,168,0,0.0022249428607558487,0.8102894609590607,11,early
11569,169,0,0.4950211637530557,0.7662909645103817,11,early
11570,170,0,0.5002518437233513,0.6683465734282706,11,early
11571,171,0,0.9790096808894425,0.4936449948466239,11,early
11572,172,0,0.8267990782615614,0.533453342868404,11,early
11573,173,0,0.878556307671609,0.4134311104528365,11,early
11574,174,0,0.6775540337927703,0.3438148711916008,11,early
11575,175,0,0.9604768359752824,0.405420497032317,11,early
11576,176,0,0.6879408253320721,0.5241346698004107,11,early
11577,177,0,0.8637661343285276,0.7608005252316155,11,early
11578,178,0,0.48961925399819267,0.5903688429995539,11,early
11579,179,0,0.6163616384268742,0.7155322361174015,11,early
11580,180,0,0.989060927521823,0.4786890719382406,11,early
11581,181,0,0.03287589799488423,0.5309495126187229,11,early
11582,182,0,0.05351834075686955,0.6857984099905476,11,early
11583,183,0,0.9191329280658989,0.5610799693861466,11,early
11584,184,0,0.8975114729811895,0.5017624811629434,11,early
11585,185,0,0.000547065435168341,0.7123567622104433,11,early
11586,186,0,0.501032470294512,0.3803888036091854,11,early
11587,187,0,0.9429220423155653,0.5274860863221,11,early
11588,188,0,0.9348419925095942,0.4645638713928022,11,early
11589,189,0,0.9989783872679641,0.4366003845913936,11,early
11590,190,0,0.9801126658779657,0.5045706324965828,11,early
11591,191,0,0.49871853468773936,1.0707510605893489,11,early
11592,192,0,0.2279158306963076,0.8376663060503098,11,early
11593,193,0,0.4952839555058298,0.6786717540663514,11,early
11594,194,0,0.705328663147833,0.524253924213304,11,early
11595,195,0,0.7327203188830764,0.4959098558858965,11,early
11596,196,0,0.9934039434019741,0.502009906520643,11,early
11597,197,0,0.6506964040729593,0.4576533408924642,11,early
11598,198,0,0.6992028331953339,0.8388538898231687,11,early
11599,199,0,0.21887086354656757,0.5014655963123111,11,early
11600,0,0,0.00716518260908402,0.8484376052663747,11,middle
11601,1,0,0.501887574252984,0.6181061626639182,11,middle
11602,2,0,0.41323841435045156,0.5721719470280815,11,middle
11603,3,0,0.5172765853236359,0.6181089257747757,11,middle
11604,4,0,0.14978310628952532,0.5788363106562122,11,middle
11605,5,0,0.9484950299097075,0.7012397413498244,11,middle
11606,6,0,0.9646232739370062,0.6264460146400087,11,middle
11607,7,0,0.45624375096807557,0.7671402508299411,11,middle
11608,8,0,0.7244747159914212,0.5554999220676848,11,middle
11609,9,0,0.12227870169722484,0.635904589603818,11,middle
11610,10,0,0.04381115580613163,0.5359868868498601,11,middle
11611,11,0,0.46430006969394405,0.5347096896499874,11,middle
11612,12,0,0.5198342178679655,0.4906835816641055,11,middle
11613,13,0,0.035810164334108247,0.709941894127716,11,middle
11614,14,0,0.009393732210502149,0.8932922534934797,11,middle
11615,15,0,0.5732922907096556,0.6467292875316552,11,middle
11616,16,0,0.6344287984855752,0.8778578366511998,11,middle
11617,17,0,0.6569841251580154,0.7169210153347413,11,middle
11618,18,0,0.9545415216091249,0.6162520422956207,11,middle
11619,19,0,0.4983678018287468,0.8145182732340028,11,middle
11620,20,0,0.0022499287470136922,0.9854425277508729,11,middle
11621,21,0,0.5023230063874368,0.8502543627547579,11,middle
11622,22,0,0.20786099570895,0.580804402628032,11,middle
11623,23,0,0.07158171481254098,0.8543907243547587,11,middle
11624,24,0,0.2842877488268716,0.6737127190065832,11,middle
11625,25,0,0.6135913332924756,0.3954121870103029,11,middle
11626,26,0,0.41302485555006957,0.6612577720644934,11,middle
11627,27,0,0.6978780154253321,0.7927947208999585,11,middle
11628,28,0,0.5257272550658673,0.59827223988554,11,middle
11629,29,0,0.11230701546491362,0.7285733240448768,11,middle
11630,30,0,0.1348738581299777,0.6614232378391516,11,middle
11631,31,0,0.6829270339565927,0.6847206109608603,11,middle
11632,32,0,0.01592594818769585,0.7950027035541674,11,middle
11633,33,0,0.4877584877104082,0.8054406509452485,11,middle
11634,34,0,0.30214954244319947,0.5940282557944241,11,middle
11635,35,0,0.9895444766900603,0.6972985694520325,11,middle
11636,36,0,0.4442079826813751,0.6232677027895777,11,middle
11637,37,0,0.5588551563667304,0.44907569785661405,11,middle
11638,38,0,0.9982657410132847,0.5403779362443653,11,middle
11639,39,0,0.6334730320236663,0.5325348326016047,11,middle
11640,40,0,0.501658799646295,0.8367249760015287,11,middle
11641,41,0,0.9987180671526983,0.6077794212143013,11,middle
11642,42,0,0.8461093301292957,0.7463099886575624,11,middle
11643,43,0,0.0231590885153914,0.7981877747995015,11,middle
11644,44,0,0.08228725151797829,0.6521024562144955,11,middle
11645,45,0,0.0011566124384513139,0.8391823604700048,11,middle
11646,46,0,0.10711989317651771,0.4687774396245577,11,middle
11647,47,0,0.1243948336719722,0.7311701094891001,11,middle
11648,48,0,0.0029437273411521167,0.9561596422583125,11,middle
11649,49,0,0.13296901397362704,0.8318029707223922,11,middle
11650,50,0,0.019933572439329784,0.7696628374384533,11,middle
11651,51,0,0.7407547187358468,0.604460982543667,11,middle
11652,52,0,0.00040831352363048857,0.8653599796315394,11,middle
11653,53,0,0.4925516848188146,0.8333841037687273,11,middle
11654,54,0,0.9989359575801757,0.4835883973115549,11,middle
11655,55,0,0.8854805348224009,0.45216118177304754,11,middle
11656,56,0,0.5040493708695424,0.6416801031775816,11,middle
11657,57,0,0.0002803135341449312,1.1171794002572644,11,middle
11658,58,0,0.12953269658722738,0.6240659917524132,11,middle
11659,59,0,0.2082171365606574,0.6709690887130186,11,middle
11660,60,0,0.04288247615270078,0.6523541685613532,11,middle
11661,61,0,0.43116194232151817,0.7442438133057159,11,middle
11662,62,0,0.3982301820353932,1.0507314986303402,11,middle
11663,63,0,0.23376923269819602,0.7749078670706604,11,middle
11664,64,0,0.5211516731290786,0.7415689316660856,11,middle
11665,65,0,0.9787664146022813,0.6206617438436361,11,middle
11666,66,0,0.6690530359692559,0.7273594287290045,11,middle
11667,67,0,0.5339337519382371,0.6859136862577813,11,middle
11668,68,0,0.18806601920623292,0.8657037691320643,11,middle
11669,69,0,0.9660346358835081,0.49053912632464713,11,middle
11670,70,0,0.9998750483111498,0.9261326975228448,11,middle
11671,71,0,0.6481330999728723,0.39259462214933327,11,middle
11672,72,0,0.9991461747678354,0.41880660958115135,11,middle
11673,73,0,0.6208208671559382,0.8051053847055673,11,middle
11674,74,0,0.006482633915531187,0.5454427345846862,11,middle
11675,75,0,0.49349803397164504,1.0762756115324321,11,middle
11676,76,0,0.7344217288335539,0.7741773915520571,11,middle
11677,77,0,0.2989217881485327,0.9584278024173027,11,middle
11678,78,0,0.9650857741349421,0.47552407122831686,11,middle
11679,79,0,0.9981602784548081,0.4453807647497714,11,middle
11680,80,0,0.5942404445941573,0.7472570777074452,11,middle
11681,81,0,0.39089473717132994,0.7863491792856254,11,middle
11682,82,0,0.8860143001248622,0.48458875739868634,11,middle
11683,83,0,0.7797381159032833,0.5499212381892588,11,middle
11684,84,0,0.011391752366843238,0.6130559900082913,11,middle
11685,85,0,0.46991000332037897,0.7543580579375546,11,middle
11686,86,0,0.03910747108870916,0.706846796820094,11,middle
11687,87,0,0.15018339024254462,0.8640090993865979,11,middle
11688,88,0,0.5356209366527892,0.42120054137006535,11,middle
11689,89,0,0.4983646732755329,0.9097776002778613,11,middle
11690,90,0,0.09733412323091781,0.5531393261495178,11,middle
11691,91,0,0.49002277699000785,0.9387376303174536,11,middle
11692,92,0,0.9827912410029462,0.7778521559651974,11,middle
11693,93,0,0.8391091556522712,0.6879857042769606,11,middle
11694,94,0,0.00173450286679984,1.1919839987498393,11,middle
11695,95,0,0.9967541950778465,0.5434898226799494,11,middle
11696,96,0,0.4923361844691978,0.5452788261703425,11,middle
11697,97,0,0.7746359802552476,0.4272038382732629,11,middle
11698,98,0,0.4036621692547553,0.7777965253349726,11,middle
11699,99,0,0.5892251964189945,1.1351367646863417,11,middle
11700,100,0,0.4995570170321866,1.076224554547107,11,middle
11701,101,0,0.9550818297668466,0.356503870761558,11,middle
11702,102,0,0.9977889873229187,0.5191989550960909,11,middle
11703,103,0,0.41649269833148,0.6027502504323141,11,middle
11704,104,0,0.5430107583480666,0.9915969712604153,11,middle
11705,105,0,0.4976138019408128,0.7070152510024694,11,middle
11706,106,0,0.45859648453816926,0.5826500157840122,11,middle
11707,107,0,0.631972133729573,0.5422407623452793,11,middle
11708,108,0,0.19582902596720253,0.5454081331648134,11,middle
11709,109,0,0.9998737413901071,0.6509265107266182,11,middle
11710,110,0,0.03246614494029038,0.8897040642832641,11,middle
11711,111,0,0.8108395167690076,0.8991177957844103,11,middle
11712,112,0,0.5241466535764483,0.6698833831347962,11,middle
11713,113,0,0.5776942133750947,0.5978574188180934,11,middle
11714,114,0,0.29573566334101625,0.8285066460281869,11,middle
11715,115,0,0.40900823212634413,0.5904339976174253,11,middle
11716,116,0,0.6920849571451512,0.7461890430138449,11,middle
11717,117,0,0.49323946601315,0.6048364581275619,11,middle
11718,118,0,0.9681490036089402,0.5889299119965485,11,middle
11719,119,0,0.5600516959224813,0.5633493968780927,11,middle
11720,120,0,0.49917051650860195,0.8412870435975845,11,middle
11721,121,0,0.5089243251139038,0.5657903820391947,11,middle
11722,122,0,0.42344468687718056,0.49464268265171474,11,middle
11723,123,0,0.9674198983512806,0.6504321746542563,11,middle
11724,124,0,0.5136386577435255,0.8770953407065907,11,middle
11725,125,0,0.5255129985428317,0.9836140956639647,11,middle
11726,126,0,0.49272117795273335,0.9306787535562921,11,middle
11727,127,0,0.8017213508846271,0.6232561403503978,11,middle
11728,128,0,0.08059263212202245,0.5675032716979288,11,middle
11729,129,0,0.2538932380835077,0.7245305239383516,11,middle
11730,130,0,0.4940604326492491,0.5627410707160714,11,middle
11731,131,0,0.7811912751068335,0.49735651993051333,11,middle
11732,132,0,0.4248689658592,0.5523056706519697,11,middle
11733,133,0,0.8731180640793301,0.4561772518641587,11,middle
11734,134,0,0.9900933131334821,0.44146743395427546,11,middle
11735,135,0,0.9516924594170408,0.38195896549206404,11,middle
11736,136,0,0.8725849155163036,0.42892497478237934,11,middle
11737,137,0,0.6013786366464536,0.48959640227208423,11,middle
11738,138,0,0.5164433811434908,0.4548356488436771,11,middle
11739,139,0,0.8092102421213052,0.3598170435566007,11,middle
11740,140,0,0.36151509281969135,0.6837273804788795,11,middle
11741,141,0,0.20737848218920968,0.7100507943668855,11,middle
11742,142,0,0.8740764945401205,0.41862571118476377,11,middle
11743,143,0,0.8183377877105805,0.805406425064078,11,middle
11744,144,0,0.5306678590107713,0.6070207002275039,11,middle
11745,145,0,0.5054407306926002,0.5254846433415761,11,middle
11746,146,0,0.21487889221044942,0.7474974919272326,11,middle
11747,147,0,0.5864956679088288,0.563268208230544,11,middle
11748,148,0,0.49893917632152623,0.6112071626316236,11,middle
11749,149,0,0.43119385119853393,0.654686161798405,11,middle
11750,150,0,0.5034161888985814,0.45302284116556046,11,middle
11751,151,0,0.5346956879360159,0.3861595358276069,11,middle
11752,152,0,0.8056704361254221,0.4083037095906724,11,middle
11753,153,0,0.5479904286633441,0.24535833377680338,11,middle
11754,154,0,0.399027472370104,0.6059285976432716,11,middle
11755,155,0,0.719561731660428,0.5447181817064937,11,middle
11756,156,0,0.5056672570275638,0.5941782366590357,11,middle
11757,157,0,0.5002440638501275,0.7627582265590309,11,middle
11758,158,0,0.5002453207082793,0.6881571974750071,11,middle
11759,159,0,0.026876627792290605,0.8766423310898905,11,middle
11760,160,0,0.9941266495935028,0.5382805738614276,11,middle
11761,161,0,0.7754363656521323,0.6018885875059035,11,middle
11762,162,0,0.5005022243635804,0.6405700812390468,11,middle
11763,163,0,0.4993786558659658,0.4857675276001271,11,middle
11764,164,0,0.9780309015127568,0.28191438591035434,11,middle
11765,165,0,0.6490247885140445,0.39779338456615454,11,middle
11766,166,0,0.3742595347500103,0.6063941506840959,11,middle
11767,167,0,0.5001550755929896,0.776100595845924,11,middle
11768,168,0,0.49373656557403917,1.0725396034146037,11,middle
11769,169,0,0.6925785146464463,0.6205383468304416,11,middle
11770,170,0,0.4223419379213303,0.6730934106667843,11,middle
11771,171,0,0.40464209039289295,0.6408220354373698,11,middle
11772,172,0,0.4988808365905566,0.8743843247352564,11,middle
11773,173,0,0.09741798774365684,0.9484298547953551,11,middle
11774,174,0,0.5152453291354601,0.40559131030858553,11,middle
11775,175,0,0.5238457241708271,0.39202655236351924,11,middle
11776,176,0,0.7496031718884555,0.7322006975781639,11,middle
11777,177,0,0.8964881380004651,0.5704925193568513,11,middle
11778,178,0,0.9581811899486712,0.5064400995523421,11,middle
11779,179,0,0.6533707465468899,0.5355424385171905,11,middle
11780,180,0,0.9682994922714288,0.331433370499181,11,middle
11781,181,0,0.7047026888900418,0.385851066399532,11,middle
11782,182,0,0.654667553628445,0.5220593976694954,11,middle
11783,183,0,0.4580947657784538,0.5500264721317774,11,middle
11784,184,0,0.33271600401431733,0.3691461847487317,11,middle
11785,185,0,0.5966608036893778,0.6040136923510014,11,middle
11786,186,0,0.45053993088095773,0.6265872977602589,11,middle
11787,187,0,0.9816140212725966,0.5628392946989409,11,middle
11788,188,0,0.9914795934098434,0.7129909495867637,11,middle
11789,189,0,0.9055995021730623,0.6894310976881524,11,middle
11790,190,0,0.5014005271340605,0.7151280999544027,11,middle
11791,191,0,0.4947107002407302,0.4302355128041252,11,middle
11792,192,0,0.5253982637323352,0.5817271981530167,11,middle
11793,193,0,0.4854446589700295,0.7673759804649389,11,middle
11794,194,0,0.48853196248581265,0.8760038960787169,11,middle
11795,195,0,0.768686104451661,0.349205416378667,11,middle
11796,196,0,0.732126948218881,0.5697790017876128,11,middle
11797,197,0,0.49148764764221836,0.7447841669689663,11,middle
11798,198,0,0.49679392492449614,1.1554132059952127,11,middle
11799,199,0,0.49977766119339406,0.6785517467794566,11,middle
11800,0,0,0.7233259906723202,0.698751459704443,11,late
11801,1,0,0.8978158711185968,0.43957425202339256,11,late
11802,2,0,0.679335664611263,0.6488319375065368,11,late
11803,3,0,0.6863821019698827,0.4755341879108992,11,late
11804,4,0,0.4832679203145897,0.7903105940963792,11,late
11805,5,0,0.006257500066148992,0.778895523231986,11,late
11806,6,0,0.4206759829817078,0.9051775823257996,11,late
11807,7,0,0.9086898137895607,0.5041720772812839,11,late
11808,8,0,0.5059190586531935,0.6141395795131768,11,late
11809,9,0,0.9655573504822763,0.6637111821841826,11,late
11810,10,0,0.48069267467969196,0.6531226389808474,11,late
11811,11,0,0.11038262900616248,0.5035593178111325,11,late
11812,12,0,0.5405821994646339,0.4511456307922095,11,late
11813,13,0,0.03681502225931485,0.9097278042214987,11,late
11814,14,0,0.45527218051176804,0.5186176162336198,11,late
11815,15,0,0.5652296600812179,0.4834643442587829,11,late
11816,16,0,0.500035079729357,0.9176106188266695,11,late
11817,17,0,0.9986236834558317,1.0603968642471902,11,late
11818,18,0,0.5758418422993036,0.8057168997400356,11,late
11819,19,0,0.5247137779308177,0.8481848482698093,11,late
11820,20,0,0.49444878132093883,0.7566406277949356,11,late
11821,21,0,0.9574129732786665,0.7542985746104289,11,late
11822,22,0,0.509448875489966,0.5351657453085902,11,late
11823,23,0,0.9526909934245225,0.6659160490741733,11,late
11824,24,0,0.059332589345314074,0.8539374573380565,11,late
11825,25,0,0.29139626441088556,0.9531888719307592,11,late
11826,26,0,0.5010525867232236,0.4129958178827029,11,late
11827,27,0,0.9999664450764985,0.7783476063271844,11,late
11828,28,0,0.5052930398459285,0.5428880613397303,11,late
11829,29,0,0.7994593459885758,0.5351471415589382,11,late
11830,30,0,0.4959342674273443,0.9503100806359542,11,late
11831,31,0,0.9987994211435203,0.656577379747579,11,late
11832,32,0,0.6896775590250375,0.6546381494027866,11,late
11833,33,0,0.4987871927929389,0.561800754442866,11,late
11834,34,0,0.49992772751948367,0.9209660423462329,11,late
11835,35,0,0.5459694110145048,0.5230779328196847,11,late
11836,36,0,0.46600447198699935,0.9205891276687844,11,late
11837,37,0,0.949913187840074,0.6354484427353059,11,late
11838,38,0,0.49636730561591774,0.8219637401699516,11,late
11839,39,0,0.9990956020114742,0.7313391509242473,11,late
11840,40,0,0.4817621914542839,0.6107778680487261,11,late
11841,41,0,0.49582832869324783,0.69086071294766,11,late
11842,42,0,0.4575755515660177,0.6846775355773717,11,late
11843,43,0,0.3614375055620672,0.5344192798246312,11,late
11844,44,0,0.5203993050466433,0.4854654071785568,11,late
11845,45,0,0.9991150613549382,0.5539364344103972,11,late
11846,46,0,0.49996694006347103,0.9197403316574623,11,late
11847,47,0,0.9362860574193366,0.370192571941515,11,late
11848,48,0,0.6560698184298852,0.9314031271961307,11,late
11849,49,0,0.037510066951950666,1.0728880090846897,11,late
11850,50,0,0.5092475759463411,1.069199716195796,11,late
11851,51,0,0.30408307903212084,0.846199359966304,11,late
11852,52,0,0.4987376793567576,0.6989739251068079,11,late
11853,53,0,0.686421432169452,0.39710887995327115,11,late
11854,54,0,0.5030921135847176,1.3308214382588006,11,late
11855,55,0,0.9971854357161181,0.5668852560646871,11,late
11856,56,0,0.7478414217547487,0.6283463786725695,11,late
11857,57,0,0.9904127964077665,0.4028392250490599,11,late
11858,58,0,0.6847755643219957,0.522732574923823,11,late
11859,59,0,0.9413809491972964,0.5945084338242044,11,late
11860,60,0,0.9358623332743621,0.5901526754662885,11,late
11861,61,0,0.0010369161629729087,0.8578786799498409,11,late
11862,62,0,0.5006480638229976,0.5097843320984397,11,late
11863,63,0,0.5542018853959293,0.5521189175565286,11,late
11864,64,0,0.48767655688536765,0.7575799160492621,11,late
11865,65,0,0.0004100290539685343,1.0438912990279907,11,late
11866,66,0,0.7418338531930204,0.6128027139422441,11,late
11867,67,0,0.9883298181542063,0.604205253382778,11,late
11868,68,0,0.74356634008687,0.5674342873558667,11,late
11869,69,0,0.7129507849829437,0.684260373258356,11,late
11870,70,0,0.5125453858992757,0.49366759722873615,11,late
11871,71,0,0.8190937620634077,0.5668065038085839,11,late
11872,72,0,0.8241209139482513,0.6620746871041241,11,late
11873,73,0,0.021157658751890115,0.9935960393901668,11,late
11874,74,0,0.8536903323469127,0.3387655968038718,11,late
11875,75,0,0.9929475775430572,0.6906488416634982,11,late
11876,76,0,0.5292173557727196,0.6788135486188007,11,late
11877,77,0,0.8012767691973239,0.34046140736632885,11,late
11878,78,0,0.15125717859167231,0.5958735454771236,11,late
11879,79,0,1.9188769656982945e-06,1.303189179644439,11,late
11880,80,0,0.502521420627243,0.6582776370632895,11,late
11881,81,0,0.5989687735214475,0.5170135115985901,11,late
11882,82,0,0.6059678485046598,0.5251794945891162,11,late
11883,83,0,0.5057196955431846,0.900450998335012,11,late
11884,84,0,0.5019060502790893,1.0086993401468936,11,late
11885,85,0,0.566350390762477,0.8615816256645509,11,late
11886,86,0,0.5989030438222499,0.9040946839050508,11,late
11887,87,0,0.5739470625575022,0.5903535341680948,11,late
11888,88,0,0.5876913580784914,0.44712039834162265,11,late
11889,89,0,0.5025873202849326,0.5651913941012597,11,late
11890,90,0,0.6747245703687706,0.6666488556957015,11,late
11891,91,0,0.5760214487061268,0.7836163578454387,11,late
11892,92,0,0.5198888941636065,0.7747284739755458,11,late
11893,93,0,0.9031053699158954,0.7996893444061727,11,late
11894,94,0,0.5044063981306163,0.6607730184455787,11,late
11895,95,0,0.524926651734804,0.7264822793497562,11,late
11896,96,0,0.5231557537079586,0.7177018098364056,11,late
11897,97,0,0.9853845852268713,0.656113153224399,11,late
11898,98,0,0.7379476602598367,0.6811056654710734,11,late
11899,99,0,0.5002000710967992,0.8217178012396964,11,late
11900,100,0,0.5106910998592615,0.9512856054321019,11,late
11901,101,0,0.5156478364224272,0.5420552702103111,11,late
11902,102,0,0.8743171375347667,0.5978643685358727,11,late
11903,103,0,0.5487289395713414,0.7581304282171859,11,late
11904,104,0,0.9672579332247457,0.44579893912358726,11,late
11905,105,0,0.5280430214874956,0.7461695420944321,11,late
11906,106,0,0.4555689228897086,0.46192292470185403,11,late
11907,107,0,0.5597479543268159,0.6253988685369731,11,late
11908,108,0,0.9054085836860701,0.6145049478229476,11,late
11909,109,0,0.851980005040492,0.7567127660239114,11,late
11910,110,0,0.5187056143984695,0.6681998565931504,11,late
11911,111,0,0.9692630692288747,0.34583224228320275,11,late
11912,112,0,0.8811401232782194,0.7115856723081639,11,late
11913,113,0,0.9852677439009545,0.7224928735154548,11,late
11914,114,0,0.5232294850382331,0.6237338347298507,11,late
11915,115,0,0.588683717970753,0.5187277211273711,11,late
11916,116,0,0.8952889553499183,0.4938106873577568,11,late
11917,117,0,0.9930395615640235,0.42429851283940345,11,late
11918,118,0,0.9548839972755763,0.6125920577455781,11,late
11919,119,0,0.8106959703225229,0.7326179448218062,11,late
11920,120,0,0.5432169388347022,0.5946550843449189,11,late
11921,121,0,0.9902835223576729,0.39459291110629835,11,late
11922,122,0,0.9534607858380488,0.4668369253411516,11,late
11923,123,0,0.9973047261663663,0.48424334967406485,11,late
11924,124,0,0.9983955193550411,0.7338792226320946,11,late
11925,125,0,0.9860847301437853,0.5102895948997792,11,late
11926,126,0,0.0012895285588916342,0.7797296436531034,11,late
11927,127,0,0.5390712946279302,0.5191944172445627,11,late
11928,128,0,0.5798839809591935,0.47261994127594387,11,late
11929,129,0,0.7263424577691291,0.3209257052096817,11,late
11930,130,0,0.551100680421253,0.4251499188966439,11,late
11931,131,0,0.6985129559890798,1.1224319571216874,11,late
11932,132,0,0.9621953156227078,0.5595623541532582,11,late
11933,133,0,0.5105053192184752,0.5847205535366793,11,late
11934,134,0,0.9982754316259961,0.5858813996476826,11,late
11935,135,0,0.9089063365508272,0.3839733434186863,11,late
11936,136,0,0.9967785453545404,0.4088588023675084,11,late
11937,137,0,0.6371302351008212,0.5919606324057438,11,late
11938,138,0,0.5378452655823183,0.5541575133053491,11,late
11939,139,0,0.9221748791331005,0.4566434862503846,11,late
11940,140,0,0.9931378321949953,0.5318637545035065,11,late
11941,141,0,0.2814587182289926,0.6170935178170929,11,late
11942,142,0,0.9816316691305189,0.32150592069492373,11,late
11943,143,0,0.8320510475702534,0.340658425860519,11,late
11944,144,0,0.7419507068792622,0.6728590822540719,11,late
11945,145,0,0.47571865185736795,0.605598573570176,11,late
11946,146,0,0.9841102933759928,0.885607460918784,11,late
11947,147,0,0.9994253525703463,1.2975769160664439,11,late
11948,148,0,0.19440427566607313,0.8689153700797073,11,late
11949,149,0,0.9993298046136584,0.4565346953642027,11,late
11950,150,0,0.9997892049938426,0.41320961358395863,11,late
11951,151,0,0.5221066709689951,0.5183576722670549,11,late
11952,152,0,0.793875673959078,0.3881093897583243,11,late
11953,153,0,0.48973060946350505,0.7002502563931724,11,late
11954,154,0,0.9946964633425113,0.5507928533766976,11,late
11955,155,0,0.9269738282796895,0.35476589908383904,11,late
11956,156,0,0.7089920349909633,0.48519633879153107,11,late
11957,157,0,0.5355049837895194,0.609242131212502,11,late
11958,158,0,0.9377577501846324,0.5421714810633874,11,late
11959,159,0,0.9914492088025246,0.4871683269974328,11,late
11960,160,0,0.2603900702669512,0.7894562385689661,11,late
11961,161,0,0.5638508726616734,0.5483829084837503,11,late
11962,162,0,0.613426999418115,0.6462725751913294,11,late
11963,163,0,0.5121074277301838,0.6005109691027278,11,late
11964,164,0,0.1504666536687212,0.6071474935084651,11,late
11965,165,0,0.5837675811633469,0.463196643313154,11,late
11966,166,0,0.6239847504188601,0.7788627205618854,11,late
11967,167,0,0.967792831986863,0.5249850311871981,11,late
11968,168,0,0.5226124269559015,0.4264450357009898,11,late
11969,169,0,0.6413908954795112,0.8218784908382529,11,late
11970,170,0,0.9911396753423075,0.9677635781760847,11,late
11971,171,0,0.8646498593048613,0.5768645549839901,11,late
11972,172,0,0.9115480975713302,0.580458860101029,11,late
11973,173,0,0.9989902859758476,0.8653354631903842,11,late
11974,174,0,0.9700297274708516,0.5228428921267181,11,late
11975,175,0,0.5471103887954138,0.6496537988146358,11,late
11976,176,0,0.9874165047259691,0.6294041048392525,11,late
11977,177,0,0.941033320193875,0.42390498876166516,11,late
11978,178,0,0.5000021014272757,0.9951899611202271,11,late
11979,179,0,0.5482255452161358,0.4897915626537393,11,late
11980,180,0,0.9653103184911895,0.5173662284148333,11,late
11981,181,0,0.5051327968992989,0.7643406108705104,11,late
11982,182,0,0.9783706602722757,0.5777978455716208,11,late
11983,183,0,0.5061872101276549,0.9362172760429337,11,late
11984,184,0,0.5465922956206505,0.565816524866817,11,late
11985,185,0,0.5012204856300584,0.6686377959090389,11,late
11986,186,0,0.505709466432788,0.5903694117752945,11,late
11987,187,0,0.8824028432134667,0.5297041509085911,11,late
11988,188,0,0.5798910009485161,0.5843860132849965,11,late
11989,189,0,0.201048865119522,0.673567745590181,11,late
11990,190,0,0.5009640372230245,0.5684627922455177,11,late
11991,191,0,0.14690998281879714,0.6912538126257173,11,late
11992,192,0,0.5004148504826063,0.5853089339486689,11,late
11993,193,0,0.6816891491203965,0.5404075025795099,11,late
11994,194,0,0.3145611701134548,0.6699982459088638,11,late
11995,195,0,0.4200014934386623,0.7335248039732551,11,late
11996,196,0,0.9221726138531603,0.34778668144668623,11,late
11997,197,0,0.39673318762136567,0.46684680974402654,11,late
11998,198,0,0.9688355939544226,0.6260661323572831,11,late
11999,199,0,0.5163685973503509,0.5831675633756239,11,late
12000,0,0,0.4091942269694935,0.6479158120951474,12,interleaved
12001,1,0,0.6091478437025508,0.37342039438495817,12,interleaved
12002,2,0,0.5627746657148553,0.7685950472768719,12,interleaved
12003,3,0,0.41637816003983197,0.6354200389003437,12,interleaved
12004,4,0,0.5719376809222723,0.4995578550259594,12,interleaved
12005,5,0,0.06807400984283131,0.687343144214362,12,interleaved
12006,6,0,0.5085567541278825,0.5512863557995226,12,interleaved
12007,7,0,0.38488631299692205,0.5346767507450294,12,interleaved
12008,8,0,0.5044612605981993,0.7187697189434141,12,interleaved
12009,9,0,0.4714267235122462,0.559973748065135,12,interleaved
12010,10,0,0.49285422632030745,0.9552343819746465,12,interleaved
12011,11,0,0.06818194795562448,0.9427737378544141,12,interleaved
12012,12,0,0.5000441550090096,0.6139303287239956,12,interleaved
12013,13,0,0.4730344517315105,0.7350344098367677,12,interleaved
12014,14,0,0.535024892398364,0.7321385926643225,12,interleaved
12015,15,0,0.8721458523959563,0.6353240539301653,12,interleaved
12016,16,0,0.7587428790143016,0.48472704719958704,12,interleaved
12017,17,0,0.5548499831859528,0.6275894842072574,12,interleaved
12018,18,0,0.5098628957149229,0.6374404264916962,12,interleaved
12019,19,0,0.3785662103579377,0.8953406279739212,12,interleaved
12020,20,0,0.5151642259079869,0.64102960846162,12,interleaved
12021,21,0,0.6412316499221808,0.4905289978244801,12,interleaved
12022,22,0,0.5105850981847027,0.7811456109444193,12,interleaved
12023,23,0,0.5086309452698126,0.5282767214548942,12,interleaved
12024,24,0,0.5040902435609781,0.9990833343989302,12,interleaved
12025,25,0,3.7352810671826163e-08,1.6529262989332651,12,interleaved
12026,26,0,0.5429356038168272,0.7212377512477383,12,interleaved
12027,27,0,0.6624939242699674,0.8075335492615792,12,interleaved
12028,28,0,0.89224709433734,0.5130462502425785,12,interleaved
12029,29,0,0.0009105510745529633,0.9361611871408323,12,interleaved
12030,30,0,0.5016770057437009,0.7937275783170951,12,interleaved
12031,31,0,0.584178978148177,0.6327717902651369,12,interleaved
12032,32,0,0.7996306919145579,0.37028154147097125,12,interleaved
12033,33,0,0.9187981273811129,0.4562389709040584,12,interleaved
12034,34,0,0.5456395674553896,0.7929472502051733,12,interleaved
12035,35,0,0.98575289518339,0.611856315922557,12,interleaved
12036,36,0,0.5001703120505945,0.9916522961647235,12,interleaved
12037,37,0,0.028430372892302574,0.9316404031697093,12,interleaved
12038,38,0,0.6565512167822658,0.692098940369748,12,interleaved
12039,39,0,0.008425260531929485,0.9630054122913899,12,interleaved
12040,40,0,0.9335407124428499,0.6967553618734668,12,interleaved
12041,41,0,0.0015585402844464026,1.0555497204483653,12,interleaved
12042,42,0,0.500005492705442,0.8101603364952181,12,interleaved
12043,43,0,0.003491699578670993,1.0865846798688494,12,interleaved
12044,44,0,0.7908366697365166,0.5245021437475347,12,interleaved
12045,45,0,0.999892080308545,0.5014914195463582,12,interleaved
12046,46,0,0.5904689855061994,0.7478680771932317,12,interleaved
12047,47,0,0.9999967655623094,1.161694718424512,12,interleaved
12048,48,0,0.492178246027645,0.5443905750906969,12,interleaved
12049,49,0,0.2495821997185026,0.6240976418566051,12,interleaved
12050,50,0,0.7454649626613231,0.6550176083049724,12,interleaved
12051,51,0,0.7978163332612547,0.3968925059027507,12,interleaved
12052,52,0,0.803377028887325,0.6189556272603371,12,interleaved
12053,53,0,0.7259282692743373,0.4133772015910505,12,interleaved
12054,54,0,0.5226713122631298,0.6534360499773988,12,interleaved
12055,55,0,0.9874405789422853,0.7852994445599203,12,interleaved
12056,56,0,0.7363602518981955,0.708752978011961,12,interleaved
12057,57,0,0.9199597379519813,0.7905774984418605,12,interleaved
12058,58,0,0.9007003473038169,0.6451071938922026,12,interleaved
12059,59,0,0.7952739743519364,0.5002540247456865,12,interleaved
12060,60,0,0.6885073919985694,0.7795835296751505,12,interleaved
12061,61,0,6.89010653144494e-05,1.2379311086415248,12,interleaved
12062,62,0,0.5000384772538404,0.8589767058586433,12,interleaved
12063,63,0,0.6104520119231707,0.8151014925436835,12,interleaved
12064,64,0,0.5433890445782243,0.8542810903796847,12,interleaved
12065,65,0,0.4033305159488971,1.1195282958414614,12,interleaved
12066,66,0,0.5927143351353051,1.2880219943778746,12,interleaved
12067,67,0,0.09378525884389706,0.8242209503888132,12,interleaved
12068,68,0,0.8184618438160534,0.5518025359928322,12,interleaved
12069,69,0,0.6822125537482623,0.3793467582399872,12,interleaved
12070,70,0,0.5001606414194051,0.627325134468474,12,interleaved
12071,71,0,0.0025619356614210594,1.0970693510448652,12,interleaved
12072,72,0,0.5049158833640393,1.0735838953926158,12,interleaved
12073,73,0,0.0014019338708717109,1.4104167108969312,12,interleaved
12074,74,0,0.6090935034650184,0.8543882106042066,12,interleaved
12075,75,0,7.012647460524654e-05,1.2645066021711,12,interleaved
12076,76,0,0.5013316179550924,0.7038803243453364,12,interleaved
12077,77,0,0.9957915425042192,0.6751424545916175,12,interleaved
12078,78,0,0.5522196154682559,0.72731898816853,12,interleaved
12079,79,0,0.770785031779714,0.6436238626820698,12,interleaved
12080,80,0,0.9123995004884324,0.7249164156347182,12,interleaved
12081,81,0,0.43832477050005136,0.778360486628754,12,interleaved
12082,82,0,0.5027460779329094,0.6378015697224912,12,interleaved
12083,83,0,0.9999156137410521,0.7523322267582309,12,interleaved
12084,84,0,0.5000035430474603,1.3078051888346243,12,interleaved
12085,85,0,0.9999885828465056,0.7092701378005404,12,interleaved
12086,86,0,0.5319333566676451,1.0192048364106596,12,interleaved
12087,87,0,0.16886419266207367,1.2690374170000305,12,interleaved
12088,88,0,0.5171989262889094,0.6717058346196993,12,interleaved
12089,89,0,0.507855428430995,0.922250642518282,12,interleaved
12090,90,0,0.5021585212264352,0.8518513329969207,12,interleaved
12091,91,0,0.003790224587883362,1.1444355224477225,12,interleaved
12092,92,0,0.5000214011292892,1.2526443696827996,12,interleaved
12093,93,0,0.16062808922661476,0.6668732738753496,12,interleaved
12094,94,0,0.5668506656897827,0.5695748251489001,12,interleaved
12095,95,0,0.018419062293799665,0.9360313478672375,12,interleaved
12096,96,0,0.5175682971730032,0.7962090234687176,12,interleaved
12097,97,0,0.0015363989529510542,0.9256001757450055,12,interleaved
12098,98,0,0.500408106483842,1.0129346521709905,12,interleaved
12099,99,0,3.1350353873934025e-05,1.4358943289021755,12,interleaved
12100,100,0,0.50001700488344,1.2833299555805606,12,interleaved
12101,101,0,0.035785129679181814,0.890609057869443,12,interleaved
12102,102,0,0.9333489420871521,1.0363932715159372,12,interleaved
12103,103,0,0.08002466521121163,1.0396084041178402,12,interleaved
12104,104,0,0.5229318654657453,0.683982028988612,12,interleaved
12105,105,0,0.0013949364605753745,1.046022328277289,12,interleaved
12106,106,0,0.8175535494984489,0.6757605612428885,12,interleaved
12107,107,0,0.9359716111009488,0.5055277428921657,12,interleaved
12108,108,0,0.5013420732159755,0.8509395891020877,12,interleaved
12109,109,0,0.030110074744085183,0.8923970705617191,12,interleaved
12110,110,0,0.5387880609721852,0.5992892026025105,12,interleaved
12111,111,0,0.028908956293382783,0.7407803555169193,12,interleaved
12112,112,0,0.7546928082525737,0.8322886290124171,12,interleaved
12113,113,0,0.9996181127110895,0.7517004331082067,12,interleaved
12114,114,0,0.9955278114448274,0.7888393362232593,12,interleaved
12115,115,0,0.7004327294739361,0.5543146363554591,12,interleaved
12116,116,0,0.9971752087941437,0.4957804420132623,12,interleaved
12117,117,0,0.5034452014402078,0.8606625530839744,12,interleaved
12118,118,0,0.5007429368881854,1.0489774117235942,12,interleaved
12119,119,0,0.07338760255577396,0.9127730446361453,12,interleaved
12120,120,0,0.5485172214180934,0.9415827068264748,12,interleaved
12121,121,0,0.9231739651483514,0.5923387656995445,12,interleaved
12122,122,0,0.5504336973226442,0.6844232027659738,12,interleaved
12123,123,0,0.18253259915204684,0.6860886231285466,12,interleaved
12124,124,0,0.9300610150968311,0.5875753106876964,12,interleaved
12125,125,0,0.4158959933391666,0.795394973201982,12,interleaved
12126,126,0,0.500055195041726,1.0558126126618828,12,interleaved
12127,127,0,0.01859426923960807,0.7565910787295469,12,interleaved
12128,128,0,0.5801632297499568,0.9870282001620512,12,interleaved
12129,129,0,2.7641850158055234e-06,1.3341630968315163,12,interleaved
12130,130,0,0.5004014356524098,0.914530459326296,12,interleaved
12131,131,0,0.9034751593099799,0.4177471674140931,12,interleaved
12132,132,0,0.5007540690415174,0.841954382725828,12,interleaved
12133,133,0,0.07049898198976393,0.7279521930704758,12,interleaved
12134,134,0,0.4811753013863323,0.6967084729028412,12,interleaved
12135,135,0,0.00814009402569771,0.9299341383263964,12,interleaved
12136,136,0,0.5004993695526482,1.1668341423906134,12,interleaved
12137,137,0,0.9999826427239376,0.6064545110986702,12,interleaved
12138,138,0,0.5709895867009521,0.6367923566005473,12,interleaved
12139,139,0,0.940177688180122,0.6882898905400978,12,interleaved
12140,140,0,0.5000001013258933,1.274348457054709,12,interleaved
12141,141,0,0.5091388666841118,0.5297638799674278,12,interleaved
12142,142,0,0.8036757070711678,0.3656976419541961,12,interleaved
12143,143,0,0.33583831459142005,0.6832951408245622,12,interleaved
12144,144,0,0.5014332674941104,0.9021149289870096,12,interleaved
12145,145,0,0.999999976306533,1.221889867765752,12,interleaved
12146,146,0,0.5702547758976373,0.6136040160792794,12,interleaved
12147,147,0,0.9994524007267572,0.532430767573057,12,interleaved
12148,148,0,0.5066390443448422,0.9362592556360863,12,interleaved
12149,149,0,0.997539535299138,0.6663768883416779,12,interleaved
12150,150,0,0.7399912151914723,0.5130129688338365,12,interleaved
12151,151,0,0.6476688135855329,0.6503759314005417,12,interleaved
12152,152,0,0.6431710464378207,0.6466357739560686,12,interleaved
12153,153,0,0.9999947944939025,0.7344105388371602,12,interleaved
12154,154,0,0.6474763061439298,0.7984284545607649,12,interleaved
12155,155,0,0.9991157180077346,0.5580484305112037,12,interleaved
12156,156,0,0.500014000582985,0.8772326218594362,12,interleaved
12157,157,0,0.9608682132557852,0.4475826047433914,12,interleaved
12158,158,0,0.805053166932409,0.7265315368006435,12,interleaved
12159,159,0,0.002046172920190484,1.0000188450447893,12,interleaved
12160,160,0,0.7438997383195223,0.8330446885750306,12,interleaved
12161,161,0,0.5581045381139702,0.5337749860792872,12,interleaved
12162,162,0,0.8763294600180132,0.6402082632279931,12,interleaved
12163,163,0,0.5021291514671744,1.0124585387346519,12,interleaved
12164,164,0,0.0008836432941449428,0.9774819799723653,12,interleaved
12165,165,0,0.0937039188809859,0.7019898680103358,12,interleaved
12166,166,0,0.0018405084400387047,0.9186827212370308,12,interleaved
12167,167,0,0.31184300343476,0.627413019215063,12,interleaved
12168,168,0,0.6677995627189635,0.6514837124567041,12,interleaved
12169,169,0,0.9786015560742909,0.6285442578053344,12,interleaved
12170,170,0,0.568824798145048,0.5222718309208091,12,interleaved
12171,171,0,0.5201936687995743,0.7708010538256134,12,interleaved
12172,172,0,0.6534793014849647,0.5211819063805836,12,interleaved
12173,173,0,0.41832590107117534,0.7100159094223484,12,interleaved
12174,174,0,0.8402163306112737,0.7948754899079011,12,interleaved
12175,175,0,0.5330819019326934,0.9252713894146185,12,interleaved
12176,176,0,0.500223863746166,1.1287415165217032,12,interleaved
12177,177,0,0.5695444365790987,0.7488291518378157,12,interleaved
12178,178,0,0.9464818264367885,0.3658324832191488,12,interleaved
12179,179,0,0.9817073342772631,0.38938439926533913,12,interleaved
12180,180,0,0.27793549201601137,0.6555502448703092,12,interleaved
12181,181,0,0.508690922957082,1.0932433202283502,12,interleaved
12182,182,0,0.9984932518045089,0.48153058762501244,12,interleaved
12183,183,0,0.9999996520052068,1.0546638784520952,12,interleaved
12184,184,0,0.5742750410933366,0.7899928840793564,12,interleaved
12185,185,0,0.5628104298668366,0.4718386214520336,12,interleaved
12186,186,0,0.8867008851099615,0.5839321680677985,12,interleaved
12187,187,0,0.9375644067769341,0.56020845402734,12,interleaved
12188,188,0,0.5018174520447333,1.0510631943691,12,interleaved
12189,189,0,0.7687095289851844,0.4300682777714281,12,interleaved
12190,190,0,1.6834562494056628e-06,1.565174106960724,12,interleaved
12191,191,0,0.004922134156508163,0.8676857803813024,12,interleaved
12192,192,0,0.8087597349532007,0.5417907418342497,12,interleaved
12193,193,0,0.6761024853855042,0.5893637521818909,12,interleaved
12194,194,0,0.4813335702948733,0.647436473904152,12,interleaved
12195,195,0,0.0023354964707868143,0.7791573170744986,12,interleaved
12196,196,0,0.5261769896577053,0.6235692013856182,12,interleaved
12197,197,0,0.6537976437663099,0.4419098389803788,12,interleaved
12198,198,0,0.9296191476999927,0.5740186594758624,12,interleaved
12199,199,0,0.8136909828997052,0.8342149577531226,12,interleaved
12200,0,0,0.20617906239393646,1.1653833528071686,12,blocked
12201,1,0,0.648573788737959,0.5427087485537523,12,blocked
12202,2,0,0.48213032956337304,0.643644856555651,12,blocked
12203,3,0,0.9044242355287933,0.4331880167798299,12,blocked
12204,4,0,0.3527614490741724,0.6911629375973309,12,blocked
12205,5,0,0.49427683072047496,0.7616068049875767,12,blocked
12206,6,0,0.5631679324730094,0.5887853326202498,12,blocked
12207,7,0,0.29852557426078824,0.5281624155864619,12,blocked
12208,8,0,0.9788440939929588,0.4482227432648014,12,blocked
12209,9,0,0.44398538954296035,0.4509700157330572,12,blocked
12210,10,0,0.3342981934739073,0.8058850839731215,12,blocked
12211,11,0,0.5189181489453231,0.589250525621337,12,blocked
12212,12,0,0.36948417812637,0.5893863753203626,12,blocked
12213,13,0,0.08729314105748348,0.6449207570295359,12,blocked
12214,14,0,0.2282272011382767,0.7973820259637152,12,blocked
12215,15,0,0.06745564267653227,1.024147519245945,12,blocked
12216,16,0,0.9970534601786383,0.511382826102393,12,blocked
12217,17,0,0.9973955294256108,0.8014869626247298,12,blocked
12218,18,0,0.9133274749250546,0.7094745188986884,12,blocked
12219,19,0,0.16825609613386255,0.8461025485495217,12,blocked
12220,20,0,0.9996188852295257,0.40882226682588363,12,blocked
12221,21,0,0.9942406686606298,0.7786399972216356,12,blocked
12222,22,0,0.5116835636078916,0.8573672452380621,12,blocked
12223,23,0,0.9474058370835671,0.6588766126031298,12,blocked
12224,24,0,0.4998056613448286,0.9328816832419706,12,blocked
12225,25,0,0.9994490363817952,0.8988263523336303,12,blocked
12226,26,0,0.6101974583497156,0.5808021086146902,12,blocked
12227,27,0,0.7098750809122817,0.678288109745403,12,blocked
12228,28,0,0.996524615807473,0.6360097233842777,12,blocked
12229,29,0,0.9942043352021612,0.7796863813990484,12,blocked
12230,30,0,0.8989639606774495,0.5835172114188345,12,blocked
12231,31,0,0.520608916741372,0.7969720742991152,12,blocked
12232,32,0,0.45919485381313274,0.6477452070674006,12,blocked
12233,33,0,0.03339271585891859,0.8390582674725928,12,blocked
12234,34,0,0.9578720558335918,0.8087782203270846,12,blocked
12235,35,0,0.7722366309387327,0.7628917120141712,12,blocked
12236,36,0,0.9991245551442209,0.8622744439634491,12,blocked
12237,37,0,0.9720026563021421,0.5826979594620252,12,blocked
12238,38,0,0.5123711243338829,0.7191585903002379,12,blocked
12239,39,0,0.9990463570206112,0.47436813540774636,12,blocked
12240,40,0,0.47386764231640005,0.6770891529050691,12,blocked
12241,41,0,0.7034057286836435,0.617057333285206,12,blocked
12242,42,0,0.5091066207746646,0.6531365458021359,12,blocked
12243,43,0,0.0006138484874547428,0.91668977990976,12,blocked
12244,44,0,7.657052191078166e-05,1.1038240647234174,12,blocked
12245,45,0,0.0027244861262897178,1.030398540424915,12,blocked
12246,46,0,0.0011389256988986348,0.8461806661488283,12,blocked
12247,47,0,0.324895766985718,0.5086061173701146,12,blocked
12248,48,0,0.03200616079503082,0.6953252292641641,12,blocked
12249,49,0,0.9472621023618483,0.6966098281023023,12,blocked
12250,50,0,0.03341766380524772,0.8498010428220635,12,blocked
12251,51,0,0.13003780327670691,0.9637925368415484,12,blocked
12252,52,0,0.19740629832201204,0.7318308377961049,12,blocked
12253,53,0,0.4958967393641036,0.9198587843138777,12,blocked
12254,54,0,0.8236047783075753,0.4992088428290657,12,blocked
12255,55,0,0.0703314785115691,0.759733014898791,12,blocked
12256,56,0,0.9992708300664267,0.6075173428285201,12,blocked
12257,57,0,0.11636019369064544,0.6920844439586755,12,blocked
12258,58,0,0.4002045427183649,0.4620483443147094,12,blocked
12259,59,0,0.8746243282424613,0.6019069492297568,12,blocked
12260,60,0,0.4316205447304078,0.7629146029538867,12,blocked
12261,61,0,0.1318384890534539,0.48844178636917407,12,blocked
12262,62,0,0.4699531916662811,1.0481862533118345,12,blocked
12263,63,0,0.5096834287516683,0.5003691623772425,12,blocked
12264,64,0,0.8686796673664984,0.37750777768860067,12,blocked
12265,65,0,0.9960377943148839,0.5904529568254044,12,blocked
12266,66,0,0.941687050833369,0.7027458692536842,12,blocked
12267,67,0,0.00013112009121630722,1.1901405579318507,12,blocked
12268,68,0,0.011173228135047047,0.8424333818656786,12,blocked
12269,69,0,0.044038657652910984,0.9083192861792244,12,blocked
12270,70,0,0.997231055272866,0.7504759536331158,12,blocked
12271,71,0,0.9251130290600157,0.46766155664908504,12,blocked
12272,72,0,0.43173843420889857,0.5235759784599698,12,blocked
12273,73,0,0.9964480277954408,0.7576421051384798,12,blocked
12274,74,0,0.645031315904433,0.8722165946517013,12,blocked
12275,75,0,0.443076841592882,0.8188471205507735,12,blocked
12276,76,0,0.4921592855823457,0.707874344617285,12,blocked
12277,77,0,0.9792313143834357,0.7487189614227124,12,blocked
12278,78,0,0.49306338545784073,0.9090877521405427,12,blocked
12279,79,0,0.9132323597565457,0.599678046565294,12,blocked
12280,80,0,0.2792520560483211,0.7757676372808265,12,blocked
12281,81,0,0.566871168494192,0.37383208814516944,12,blocked
12282,82,0,0.13831992449292216,0.6195486656351492,12,blocked
12283,83,0,0.5656113642987985,0.49308413591203626,12,blocked
12284,84,0,0.44244768159708425,0.9456250962018188,12,blocked
12285,85,0,0.9988149275251534,0.7517992560179186,12,blocked
12286,86,0,0.5038577270662619,0.7988120902824618,12,blocked
12287,87,0,0.18411316525204569,0.529015445415233,12,blocked
12288,88,0,0.07622857891914639,0.8164387807448449,12,blocked
12289,89,0,0.01014199416835416,1.002787819515206,12,blocked
12290,90,0,0.985267457651551,0.7263203544736232,12,blocked
12291,91,0,0.5818295097244249,0.9185816583244111,12,blocked
12292,92,0,0.831685122262324,0.594540678310647,12,blocked
12293,93,0,0.9205358632616091,0.6920755441798969,12,blocked
12294,94,0,0.993546342991668,0.627034838562753,12,blocked
12295,95,0,0.847062335450954,0.40428901201288125,12,blocked
12296,96,0,0.4364239174585606,0.7312079901866311,12,blocked
12297,97,0,0.00655488297146402,0.9348478365447517,12,blocked
12298,98,0,0.9941146770422998,0.8516863627625828,12,blocked
12299,99,0,0.8422966081181569,0.3564498751026405,12,blocked
12300,100,0,0.9886034873747922,0.6478446849954413,12,blocked
12301,101,0,0.1266996895363379,0.6591563467219111,12,blocked
12302,102,0,0.017886580484922712,0.8711464900717871,12,blocked
12303,103,0,0.9999764239358813,0.5996852974870895,12,blocked
12304,104,0,0.9997267422375662,0.6397947310048895,12,blocked
12305,105,0,0.13563841633241555,0.7165186981749729,12,blocked
12306,106,0,0.9813599443128507,0.7037495625127068,12,blocked
12307,107,0,0.3283713108621049,0.613208270091057,12,blocked
12308,108,0,0.9988298683541996,0.833125485378323,12,blocked
12309,109,0,0.7938950019524831,0.48286884560615767,12,blocked
12310,110,0,0.5029007069847287,0.7055910854409273,12,blocked
12311,111,0,0.3733031270227898,0.8071157107966664,12,blocked
12312,112,0,0.5071698778390797,0.7363396250917894,12,blocked
12313,113,0,0.8341362303410145,0.7479921428267784,12,blocked
12314,114,0,0.5214964433153991,0.7656522910584331,12,blocked
12315,115,0,0.9919686863920446,0.31546496718069483,12,blocked
12316,116,0,0.9932342500336604,0.422547105970041,12,blocked
12317,117,0,0.38587474161152846,0.6577483439963037,12,blocked
12318,118,0,0.5249466389641133,0.7432233348610249,12,blocked
12319,119,0,0.9998754072286333,0.6337215182751577,12,blocked
12320,120,0,0.043703901752837705,0.973416559536617,12,blocked
12321,121,0,0.9616204110782389,0.5180057378728722,12,blocked
12322,122,0,0.002306169256266513,0.9020429904870086,12,blocked
12323,123,0,0.7640991518679441,0.5817109274292234,12,blocked
12324,124,0,0.17337855917505587,0.8549249657074445,12,blocked
12325,125,0,0.05402226567067512,0.5775441883701858,12,blocked
12326,126,0,0.6643592106643887,0.5415228948741462,12,blocked
12327,127,0,0.5824168205422835,0.4224542990980914,12,blocked
12328,128,0,0.20740281427415688,0.6855057083181749,12,blocked
12329,129,0,0.5736055725925358,0.6771559650044007,12,blocked
12330,130,0,0.9479093237451826,0.48117689831565713,12,blocked
12331,131,0,0.9999917149442558,0.6851324854449182,12,blocked
12332,132,0,0.9991546339807191,0.6009953319214222,12,blocked
12333,133,0,0.6359798322209917,0.7147485495195087,12,blocked
12334,134,0,0.9897212834072444,0.7162078068518846,12,blocked
12335,135,0,0.5194845307904596,0.6994761887250978,12,blocked
12336,136,0,0.8087512524385525,0.5366485459062929,12,blocked
12337,137,0,0.16686948075471986,0.7874838685152075,12,blocked
12338,138,0,0.4998087528175643,0.6400720618219391,12,blocked
12339,139,0,0.9090841693813686,0.6038403841923143,12,blocked
12340,140,0,0.679701208580322,1.0171623693472835,12,blocked
12341,141,0,0.2379128132989903,1.1929001493884068,12,blocked
12342,142,0,0.9962800202570359,0.7152035203712119,12,blocked
12343,143,0,0.991854988730315,0.5123877839905846,12,blocked
12344,144,0,0.6265383768286885,0.4749042802760134,12,blocked
12345,145,0,0.9456170087844822,0.6809556458018375,12,blocked
12346,146,0,0.5037074747241672,0.6380941723700275,12,blocked
12347,147,0,0.006607935064284699,0.7120636711822974,12,blocked
12348,148,0,0.9919686492501563,0.4849152165497756,12,blocked
12349,149,0,0.7409724030360372,0.4918771740655672,12,blocked
12350,150,0,0.25783930639179475,0.5223980887278009,12,blocked
12351,151,0,0.07347409629317525,0.4182690687812307,12,blocked
12352,152,0,0.3084017195330474,0.4357966507510145,12,blocked
12353,153,0,0.8855697970926639,0.6210483478978956,12,blocked
12354,154,0,0.9769681445245387,0.7574997400096732,12,blocked
12355,155,0,0.9996453043641726,0.7381668766846254,12,blocked
12356,156,0,0.8324705400242663,0.682795666771105,12,blocked
12357,157,0,0.9057364996966775,0.45200915271587483,12,blocked
12358,158,0,0.9656284513999224,0.6270550372634409,12,blocked
12359,159,0,0.4846155233451428,0.7188963915373736,12,blocked
12360,160,0,0.9989390029134091,0.7615528221253203,12,blocked
12361,161,0,0.00455823276203035,0.9617457713453983,12,blocked
12362,162,0,0.9243285982861181,0.509654511677126,12,blocked
12363,163,0,0.06057063616851983,0.7647134330283761,12,blocked
12364,164,0,0.9585853405660756,0.5503745028939182,12,blocked
12365,165,0,0.786070940317392,0.7401197248130087,12,blocked
12366,166,0,0.5001340714140089,0.6666715712995489,12,blocked
12367,167,0,0.9840126742141422,0.7019030756725002,12,blocked
12368,168,0,0.005149092991565244,0.7764691303888449,12,blocked
12369,169,0,0.5135518945331944,0.7440406356779298,12,blocked
12370,170,0,0.5031624813694074,0.42964208604407395,12,blocked
12371,171,0,0.4992871425181041,1.159941450099001,12,blocked
12372,172,0,0.9981497918536643,0.47444764683093676,12,blocked
12373,173,0,0.4647739243772842,0.4357151765378174,12,blocked
12374,174,0,0.6322544028000274,0.642136646622772,12,blocked
12375,175,0,0.5087927673759598,0.5192176081639023,12,blocked
12376,176,0,0.3564696844740926,0.5226148972559159,12,blocked
12377,177,0,0.8375110729233586,0.6210119645047772,12,blocked
12378,178,0,0.7467896874337902,0.41922646329028124,12,blocked
12379,179,0,0.2573152052937182,0.4524402433460907,12,blocked
12380,180,0,0.9968552525001471,0.47140175894982594,12,blocked
12381,181,0,0.3471890564077577,0.7939945821311205,12,blocked
12382,182,0,0.492657563075996,0.7084954101853898,12,blocked
12383,183,0,0.8660418143902953,0.5674046385068653,12,blocked
12384,184,0,0.24497812581372436,0.6402921584125106,12,blocked
12385,185,0,0.4953727921730589,0.9189122591200702,12,blocked
12386,186,0,0.5473395350278729,0.6307328514965767,12,blocked
12387,187,0,0.996012080286476,0.59669821790729,12,blocked
12388,188,0,0.49871369036965396,1.0113662170211148,12,blocked
12389,189,0,0.1700731462268015,0.8870235820196635,12,blocked
12390,190,0,0.9396783495520382,0.7650632081182059,12,blocked
12391,191,0,0.4917024246159222,0.4008369891740252,12,blocked
12392,192,0,0.925348663075128,0.24982048886013508,12,blocked
12393,193,0,0.9635544176033961,0.5621221137927114,12,blocked
12394,194,0,0.9981728449802141,0.3326337755250295,12,blocked
12395,195,0,0.5348180582171376,0.4023408491873751,12,blocked
12396,196,0,0.5742543587686935,0.5906308463002823,12,blocked
12397,197,0,0.5013113125969325,0.7554291312140019,12,blocked
12398,198,0,0.13847401286980962,0.7285935795957748,12,blocked
12399,199,0,0.5794645641059407,0.6347681997786692,12,blocked
12400,0,0,0.48139544848400717,0.6740421138044751,12,early
12401,1,0,0.00026094264627155294,0.9188079974685397,12,early
12402,2,0,0.38362935549399074,0.7089023737507705,12,early
12403,3,0,0.44303673453219955,0.4511075782857362,12,early
12404,4,0,0.023022276272532963,0.7017542883649898,12,early
12405,5,0,0.4690167496161767,0.6957707990021436,12,early
12406,6,0,0.45357281456247167,0.49869124863508363,12,early
12407,7,0,0.6848918668844305,0.5398583196171476,12,early
12408,8,0,0.4628756578165691,0.46674478652118134,12,early
12409,9,0,0.8197961887167677,0.41050790900411716,12,early
12410,10,0,0.4867963710073631,0.471770054611647,12,early
12411,11,0,0.6183839160361377,0.48761694715654097,12,early
12412,12,0,0.9941082483684902,0.3854446757165656,12,early
12413,13,0,0.9366720939403694,0.5610567874874811,12,early
12414,14,0,0.9995264429154682,0.7579431349680035,12,early
12415,15,0,0.4985313697048257,0.8859766588066175,12,early
12416,16,0,0.19958149688600668,0.6873735553047704,12,early
12417,17,0,0.5421048842790814,0.430458424472965,12,early
12418,18,0,0.5547187885620254,0.42507016242710505,12,early
12419,19,0,0.7527215001655501,0.4458266802302133,12,early
12420,20,0,0.019778357892000057,0.5712041131792608,12,early
12421,21,0,0.4234688147216529,0.5956624250765732,12,early
12422,22,0,0.5870448046951534,0.7819873826135861,12,early
12423,23,0,0.9993226655300811,0.416077154962741,12,early
12424,24,0,0.885011291212285,0.2964839467474745,12,early
12425,25,0,0.8051973630304232,0.41820088594910654,12,early
12426,26,0,0.005506486632184879,0.8072924729305551,12,early
12427,27,0,0.6792563383233367,0.7939965619456879,12,early
12428,28,0,0.9750654262123479,0.3824586172865895,12,early
12429,29,0,0.12595908037842182,0.6382370979367586,12,early
12430,30,0,0.6181243795330242,0.8458077092415128,12,early
12431,31,0,0.1465617321223418,1.0476673221270039,12,early
12432,32,0,0.9838726303346408,0.3681370054706279,12,early
12433,33,0,0.00195121390975413,0.853936002318691,12,early
12434,34,0,0.9634104025306126,0.7166058418498482,12,early
12435,35,0,0.9876000632893703,0.35756103568195696,12,early
12436,36,0,0.7022537786410766,0.4258132863410523,12,early
12437,37,0,0.490294471398894,1.2468069383157274,12,early
12438,38,0,0.9145874234598821,0.805525981230273,12,early
12439,39,0,0.5078925013299534,0.8435316927812299,12,early
12440,40,0,0.5012927788124785,0.5708376163531947,12,early
12441,41,0,0.20228601041044236,0.5457478751565938,12,early
12442,42,0,0.7253795645537467,0.6114164154785962,12,early
12443,43,0,0.5579332608434182,0.6151470454385946,12,early
12444,44,0,0.20846506552479127,0.710646961890788,12,early
12445,45,0,0.03721613015049416,0.7365094531216978,12,early
12446,46,0,0.30176629411626843,0.5382683079386616,12,early
12447,47,0,0.5000352213237865,0.7102381652871159,12,early
12448,48,0,0.5409199962675837,0.5207774724377408,12,early
12449,49,0,0.8718232587719645,0.4767817035502304,12,early
12450,50,0,0.13721955948910242,0.4821556680473761,12,early
12451,51,0,0.8493114077109464,0.7305634522247826,12,early
12452,52,0,0.574145202588039,0.7812448891068249,12,early
12453,53,0,0.7490124606784132,0.5127450093266583,12,early
12454,54,0,0.4797529488822591,0.4753046193683601,12,early
12455,55,0,0.9889784314711407,0.7331051008360948,12,early
12456,56,0,0.9799892117886416,0.44702248350710916,12,early
12457,57,0,0.0916584321072593,0.5731749512376727,12,early
12458,58,0,0.5087256185559944,0.5869873795775622,12,early
12459,59,0,0.6366477556530865,0.38498468168878686,12,early
12460,60,0,0.6769773025252055,0.6785382329318072,12,early
12461,61,0,0.5771874978365212,0.6196071714359455,12,early
12462,62,0,0.492037999408562,0.9991115525608586,12,early
12463,63,0,0.3474456877225044,0.8073675000760524,12,early
12464,64,0,0.5667357924182442,0.6496401709862307,12,early
12465,65,0,0.007088826522068442,1.0060997648972907,12,early
12466,66,0,0.9044746050063196,0.5930013533338641,12,early
12467,67,0,0.0981650966295267,0.8298042720574728,12,early
12468,68,0,0.33944080989649017,0.754587889925125,12,early
12469,69,0,0.8517432859219543,0.6958380332826908,12,early
12470,70,0,0.9126635418479151,0.6238090536293803,12,early
12471,71,0,0.016399364201653034,0.960686742342425,12,early
12472,72,0,0.45971407884981424,0.5041355379888972,12,early
12473,73,0,0.103305919222269,0.9728381162917012,12,early
12474,74,0,0.3707975801180883,0.8857592089740922,12,early
12475,75,0,0.24728054970209973,0.5107329729938385,12,early
12476,76,0,0.7889382792377609,0.4015556634637277,12,early
12477,77,0,0.9939745189888374,0.4837404578761627,12,early
12478,78,0,0.9104707894705866,0.6538686826388801,12,early
12479,79,0,0.9936481334096758,0.5944048460689538,12,early
12480,80,0,0.058108243081842446,0.8480670939851254,12,early
12481,81,0,0.4970801264461975,0.8670687010817345,12,early
12482,82,0,0.2937934498797655,0.6782468909553891,12,early
12483,83,0,0.49880579472435477,0.9251465973492965,12,early
12484,84,0,0.7092295168957331,0.5282520839052384,12,early
12485,85,0,0.534563173902563,0.5871668172070257,12,early
12486,86,0,0.5224318165587293,0.7900429495732093,12,early
12487,87,0,0.4336893715664135,0.566724768833107,12,early
12488,88,0,0.23210691191792981,0.6259253554956954,12,early
12489,89,0,0.4494813145325947,0.9278453951220876,12,early
12490,90,0,0.6737566571235063,0.5725296451876094,12,early
12491,91,0,0.5485381534680165,0.6330947211453795,12,early
12492,92,0,0.5287673097690133,0.7968565195516187,12,early
12493,93,0,0.5103481503636468,0.5797440538100725,12,early
12494,94,0,0.5046098162262797,0.7990842783058942,12,early
12495,95,0,0.9299690584720826,0.7014654519270267,12,early
12496,96,0,0.16202439517324602,0.90954676175149,12,early
12497,97,0,0.41634172927670154,0.7887134435487092,12,early
12498,98,0,0.342978482909356,0.4926509071564883,12,early
12499,99,0,0.4954807834629898,0.7729530004543913,12,early
12500,100,0,0.1150876443890698,0.599700536703194,12,early
12501,101,0,0.857869674461464,0.4926331464352246,12,early
12502,102,0,0.7299477547887154,0.5964488689967955,12,early
12503,103,0,0.7935203270846443,0.6077404789505252,12,early
12504,104,0,0.1815901094593879,0.5948103362217383,12,early
12505,105,0,0.49444844947802535,1.167878585350627,12,early
12506,106,0,0.4316327715358714,0.7466248847114236,12,early
12507,107,0,0.5189581784071202,0.6913357702357494,12,early
12508,108,0,0.5751789344367574,0.6536842729402841,12,early
12509,109,0,0.9948373432793687,0.8305323060133232,12,early
12510,110,0,0.248210265228315,0.498314946297598,12,early
12511,111,0,0.6553093018244791,0.4990228319202918,12,early
12512,112,0,0.7466991654413686,0.5221790873603641,12,early
12513,113,0,0.889285897498231,0.5274447559509683,12,early
12514,114,0,0.820177667384435,0.5127214535419866,12,early
12515,115,0,0.5163567029723195,0.798688375588855,12,early
12516,116,0,0.8240370577609163,0.44102559994360097,12,early
12517,117,0,0.9288988634449077,0.4964896218624057,12,early
12518,118,0,0.44619089071221474,0.5674900527190412,12,early
12519,119,0,0.648146881477118,0.6664501342387574,12,early
12520,120,0,0.4962554118656806,0.4777032624638724,12,early
12521,121,0,0.541893178152875,0.4416174645339147,12,early
12522,122,0,0.11648002914242721,0.23784837834132294,12,early
12523,123,0,0.780720584925914,0.47519222635856917,12,early
12524,124,0,0.9414695865922366,0.39561763794870786,12,early
12525,125,0,0.5388550323658188,0.48074236816928023,12,early
12526,126,0,0.5028259196437684,0.7373279561779682,12,early
12527,127,0,0.9991118220441939,1.1768893078930522,12,early
12528,128,0,0.3912301710164538,0.7810495325918787,12,early
12529,129,0,0.8101889381681203,0.5827853485164126,12,early
12530,130,0,0.5972305203834464,0.6751756064982044,12,early
12531,131,0,0.9915454543716234,0.4715397530080301,12,early
12532,132,0,0.4852277692116343,0.6555763582723733,12,early
12533,133,0,0.4999306755104601,0.735545077802278,12,early
12534,134,0,0.7393110259122775,0.6259485598219746,12,early
12535,135,0,0.4185905118623293,0.6660858519630513,12,early
12536,136,0,0.5185969666141006,0.6196460524563276,12,early
12537,137,0,0.5095927490884805,0.7962584749539661,12,early
12538,138,0,0.735951779995079,0.5483473287587101,12,early
12539,139,0,0.9948135625526937,0.42821077305571387,12,early
12540,140,0,0.4924181426933772,0.689599339417359,12,early
12541,141,0,0.7501927438603573,0.9040507921523799,12,early
12542,142,0,0.9609247445413911,0.6987417980342595,12,early
12543,143,0,0.9107623193041418,0.49782318846462587,12,early
12544,144,0,0.9491648563738337,0.3234098208001198,12,early
12545,145,0,0.2861153874789412,0.9793547393387833,12,early
12546,146,0,0.012646362796755501,0.7634763888687848,12,early
12547,147,0,0.5209840625285965,0.7802654228193336,12,early
12548,148,0,0.8231033479042691,0.3858960187388977,12,early
12549,149,0,0.5032901080372963,0.4662161624925045,12,early
12550,150,0,0.5624678363227175,0.42162724811357377,12,early
12551,151,0,0.5848384796886044,0.4945046396577526,12,early
12552,152,0,0.9427189731717254,0.4391059834542712,12,early
12553,153,0,0.9957603717446488,0.3833334094822396,12,early
12554,154,0,0.5859067851325724,0.6539648473663332,12,early
12555,155,0,0.9180341451671877,0.3158279746398954,12,early
12556,156,0,0.40560706448780126,0.7001569154330579,12,early
12557,157,0,0.5879339348327445,0.6236100940292397,12,early
12558,158,0,0.44543004028673727,0.8424736089941571,12,early
12559,159,0,0.7877336693965158,0.4542925002301146,12,early
12560,160,0,0.7203215037345257,0.5150854020038313,12,early
12561,161,0,0.30082913842283654,0.5587508023864309,12,early
12562,162,0,0.5983216231206223,0.47758687856420035,12,early
12563,163,0,0.4435894536339651,0.6268932716116686,12,early
12564,164,0,0.5011198702869061,0.6146097297588708,12,early
12565,165,0,0.6656459848647251,0.4768543839898187,12,early
12566,166,0,0.483969963566902,0.7158956113619521,12,early
12567,167,0,0.6646651100296695,0.4112612437370874,12,early
12568,168,0,0.7246259396441812,0.5062427707919419,12,early
12569,169,0,0.4995020392608053,0.5843882641668807,12,early
12570,170,0,0.7479229594757126,0.8999711556229069,12,early
12571,171,0,0.9799345203563108,0.5114500014377079,12,early
12572,172,0,0.5268424897567715,0.5585706337652268,12,early
12573,173,0,0.7483259602995784,0.41049685292673443,12,early
12574,174,0,0.6282684812138885,0.48864806547406925,12,early
12575,175,0,0.7075747903311389,0.5403241789913976,12,early
12576,176,0,0.7710411609323351,0.47394435375221694,12,early
12577,177,0,0.47045793058728774,0.7082584939316028,12,early
12578,178,0,0.48944559514206165,0.761905538023445,12,early
12579,179,0,0.6091649550549273,0.5677921872193495,12,early
12580,180,0,0.5094554002296361,0.6459216416856894,12,early
12581,181,0,0.40453915672592433,0.6255064102788084,12,early
12582,182,0,0.9212983617455939,0.6484622750855131,12,early
12583,183,0,0.5186787632634624,0.7108784046257839,12,early
12584,184,0,0.9897448650487086,0.37540343754503175,12,early
12585,185,0,0.5029789339959517,0.5588727779588198,12,early
12586,186,0,0.7772008908452437,0.421033741709929,12,early
12587,187,0,0.49967257115353797,0.5652515592715484,12,early
12588,188,0,0.867123003381197,0.3408052337726377,12,early
12589,189,0,0.5323891676739734,0.6831120667281929,12,early
12590,190,0,0.5543407760016419,0.4926469476728388,12,early
12591,191,0,0.1265203677394955,0.43386964861142835,12,early
12592,192,0,0.999390602697948,0.5570289472100444,12,early
12593,193,0,0.9960549666435545,0.32246338648856654,12,early
12594,194,0,0.9167892420414631,0.41687906795153507,12,early
12595,195,0,0.6584162836528276,0.7536792090512333,12,early
12596,196,0,0.5000088310825984,1.0070124429385603,12,early
12597,197,0,0.3638451040299928,0.44604824432972023,12,early
12598,198,0,0.5977956529075789,0.393905883934892,12,early
12599,199,0,0.5677684246647857,0.6590337843185748,12,early
12600,0,0,0.3227979589092124,0.5906775928739406,12,middle
12601,1,0,0.17501794614078392,0.987512806610171,12,middle
12602,2,0,0.5823148939588614,0.5752718646542682,12,middle
12603,3,0,0.3936649413062899,0.4955582326791156,12,middle
12604,4,0,0.0030582235882161187,1.0372119702541194,12,middle
12605,5,0,0.9312848682183349,0.46005779949250486,12,middle
12606,6,0,0.5014166264813831,0.6695886262612497,12,middle
12607,7,0,0.5349378140962652,0.5883860547297055,12,middle
12608,8,0,0.49892539109234174,0.7211667101954268,12,middle
12609,9,0,0.9587470782249634,0.42616942740917,12,middle
12610,10,0,0.8832432926384644,0.463014125362081,12,middle
12611,11,0,0.9527029031128573,0.40561167209847115,12,middle
12612,12,0,0.5000270862733652,0.7221138422558635,12,middle
12613,13,0,0.6806547745089035,0.8657507728410365,12,middle
12614,14,0,0.4008400766933961,0.9893869597604332,12,middle
12615,15,0,0.39152432496394884,0.41644975120066285,12,middle
12616,16,0,0.7595835775311564,0.2984834601845202,12,middle
12617,17,0,0.5203944158412334,0.616316017707287,12,middle
12618,18,0,0.6568122345076844,0.5109375909243994,12,middle
12619,19,0,0.005823651086596581,1.008248893374703,12,middle
12620,20,0,0.48185036542655824,0.47288111382842624,12,middle
12621,21,0,0.0016119171772220823,0.8606457733241129,12,middle
12622,22,0,0.4746455613865884,0.6659426988775536,12,middle
12623,23,0,0.0047711982066150245,0.9229327162834053,12,middle
12624,24,0,0.026362101411269864,0.8197998876633202,12,middle
12625,25,0,0.44453489414349384,0.8840406295456269,12,middle
12626,26,0,0.5214941618585922,0.5295828428040743,12,middle
12627,27,0,0.10019310338937455,0.6635446714782487,12,middle
12628,28,0,0.45398987021833714,0.5185031880815877,12,middle
12629,29,0,0.11655950214020294,0.8882666023854895,12,middle
12630,30,0,0.7397738404491336,0.516253865188377,12,middle
12631,31,0,0.8232173345329841,0.5565824633981855,12,middle
12632,32,0,0.5526397854075635,0.6413064365051477,12,middle
12633,33,0,0.610012497438043,0.6470099886272556,12,middle
12634,34,0,0.38127496901220187,0.5137499847436131,12,middle
12635,35,0,0.5792898345287247,0.5438480651607789,12,middle
12636,36,0,0.20244992374639068,0.8041201494474302,12,middle
12637,37,0,0.0005327744850151432,1.1438717423588323,12,middle
12638,38,0,0.4976917551573462,0.950177816577149,12,middle
12639,39,0,0.8314106928923211,0.540188736305728,12,middle
12640,40,0,0.675508395211811,0.9386875939790006,12,middle
12641,41,0,0.49968740764230973,1.2258466274872863,12,middle
12642,42,0,0.7993910824827917,0.5076776047481784,12,middle
12643,43,0,0.19320368594055543,0.548606021313141,12,middle
12644,44,0,0.7162374621413636,0.47371346402979997,12,middle
12645,45,0,0.0866644939201571,0.6606120915777669,12,middle
12646,46,0,0.5577184010382895,0.6504424169725229,12,middle
12647,47,0,0.9881557642641355,0.647642433772629,12,middle
12648,48,0,0.9504975648575062,0.5525288316395709,12,middle
12649,49,0,0.691562482178918,0.8849934450388606,12,middle
12650,50,0,0.5209152570182451,0.581362426563306,12,middle
12651,51,0,0.6111087380975616,0.4649107244533847,12,middle
12652,52,0,0.9734383224397962,0.6432248793168633,12,middle
12653,53,0,0.24633568171942782,1.1364894708588666,12,middle
12654,54,0,0.442239613767594,0.6604414011183843,12,middle
12655,55,0,0.4993183332683239,1.2756912752697247,12,middle
12656,56,0,0.5272626485692798,1.0055271977838744,12,middle
12657,57,0,0.5173296358800046,0.6975323473520205,12,middle
12658,58,0,0.7885846804172425,0.36470461325507564,12,middle
12659,59,0,0.9296438701643099,0.6489598986274374,12,middle
12660,60,0,0.5992702338356511,0.8156135831600779,12,middle
12661,61,0,0.6985322983667968,0.9687701171108376,12,middle
12662,62,0,0.7938936484868189,0.6516075884382789,12,middle
12663,63,0,0.7091974524243694,0.4470347948579458,12,middle
12664,64,0,0.6317642853746688,0.40749080342464683,12,middle
12665,65,0,0.9307291546827685,0.8354821591058319,12,middle
12666,66,0,0.6310900785780036,0.6116440777227261,12,middle
12667,67,0,0.4147116076553367,0.5288289736794971,12,middle
12668,68,0,0.917548060784677,0.7067400895235254,12,middle
12669,69,0,0.5560522124625809,0.6260205205154483,12,middle
12670,70,0,0.5045825900801418,0.8381802762118461,12,middle
12671,71,0,0.7491416663299755,0.43602920739476814,12,middle
12672,72,0,0.5185727550808025,0.7346538416552555,12,middle
12673,73,0,0.604460444890474,0.5267501711084364,12,middle
12674,74,0,0.8449017545698809,0.515808432174391,12,middle
12675,75,0,0.6349903848424321,0.4477235951477183,12,middle
12676,76,0,0.28486697373955877,0.4973254272855658,12,middle
12677,77,0,0.5277820448703275,0.8683433609182803,12,middle
12678,78,0,0.8269719505665591,0.5803944103644774,12,middle
12679,79,0,0.21169715918555954,0.7023207825004911,12,middle
12680,80,0,0.06359560596822073,0.8034048714056659,12,middle
12681,81,0,0.5283329650939668,0.9317985186411171,12,middle
12682,82,0,0.015463406431121613,0.8983912952278412,12,middle
12683,83,0,0.9898520842788031,0.4397705566475286,12,middle
12684,84,0,0.7494468997934772,0.5741727062082701,12,middle
12685,85,0,0.017364573354975456,0.6503811331077143,12,middle
12686,86,0,0.08098672883188054,0.7388381591790121,12,middle
12687,87,0,0.27811472653636077,0.9228690981076357,12,middle
12688,88,0,0.9844767163828465,0.49124140684996,12,middle
12689,89,0,0.36539235774057666,0.9572761348518519,12,middle
12690,90,0,0.7537868826264782,0.7551364941853639,12,middle
12691,91,0,0.22115342028782128,0.6185119881707611,12,middle
12692,92,0,0.6316723288987746,0.5939907435774489,12,middle
12693,93,0,0.985105804221122,0.6137184729700043,12,middle
12694,94,0,0.6515656809126888,0.4403519473908931,12,middle
12695,95,0,0.9745284941924478,0.49816266651503305,12,middle
12696,96,0,0.11783475673364477,0.8917131500646043,12,middle
12697,97,0,0.1319315806620149,0.8634460414386641,12,middle
12698,98,0,0.7198478003114487,0.5594042225133724,12,middle
12699,99,0,0.018772373104303432,0.5504516893571201,12,middle
12700,100,0,0.7826142709572763,0.3754639001359758,12,middle
12701,101,0,0.9988180809767921,0.6806283034218332,12,middle
12702,102,0,0.6087787574347507,0.4923439413510866,12,middle
12703,103,0,0.32753985000145724,0.7954830906065467,12,middle
12704,104,0,0.2696491278118132,0.8117003500380998,12,middle
12705,105,0,0.8583729608595675,0.6896976929831387,12,middle
12706,106,0,0.9971797585220403,0.7891270945159223,12,middle
12707,107,0,0.6826659475821839,0.7014529316229972,12,middle
12708,108,0,0.36816766969972103,0.6380099143604637,12,middle
12709,109,0,0.5441802802197485,0.7082432973666941,12,middle
12710,110,0,0.9888584223415641,0.49750973913969165,12,middle
12711,111,0,0.07158739211473404,0.8681200733066292,12,middle
12712,112,0,0.0725502424599396,0.7093680064532907,12,middle
12713,113,0,0.03404708355287972,0.6062553519270388,12,middle
12714,114,0,0.5961202414912772,1.1353649266720949,12,middle
12715,115,0,0.325232620520086,0.5768036453005594,12,middle
12716,116,0,0.31385383973706055,0.653107041965428,12,middle
12717,117,0,0.7195528998071465,0.5094249246153935,12,middle
12718,118,0,0.22644862736472113,0.6967430183234953,12,middle
12719,119,0,0.9811917230226115,0.5121936674264749,12,middle
12720,120,0,0.13424135977570043,0.9238472028110192,12,middle
12721,121,0,0.512725213208778,0.7699489972937243,12,middle
12722,122,0,0.49929864868478185,1.0795718425548557,12,middle
12723,123,0,0.9881477805785377,0.6380078277812116,12,middle
12724,124,0,0.4363379998043606,0.9663879146004625,12,middle
12725,125,0,0.5762354377940702,0.8544091760959175,12,middle
12726,126,0,0.1122662621178473,0.6673882486039285,12,middle
12727,127,0,0.19588606604061323,0.5585169740396398,12,middle
12728,128,0,0.602638438019759,0.5958671864590604,12,middle
12729,129,0,0.43366010906089847,0.6446700132546996,12,middle
12730,130,0,0.869499647065864,0.553443319864362,12,middle
12731,131,0,0.46474433143111404,0.54188395335936,12,middle
12732,132,0,0.13860581764011906,1.137519651510746,12,middle
12733,133,0,0.897253870372409,0.8077484621067081,12,middle
12734,134,0,0.09200616113164373,0.7176731814642778,12,middle
12735,135,0,0.59653096601777,0.41301658164848176,12,middle
12736,136,0,0.7551457741977006,0.7894173601540486,12,middle
12737,137,0,0.9974761173675462,0.7383210674340475,12,middle
12738,138,0,0.9901392990602791,0.8095545241535884,12,middle
12739,139,0,0.9628807769058917,0.5956337483504364,12,middle
12740,140,0,0.5062477970719527,0.4540177640157125,12,middle
12741,141,0,0.473037716255425,0.647200000144837,12,middle
12742,142,0,0.37276272119764076,0.5486151767341414,12,middle
12743,143,0,0.8639671615679843,0.4015004394869208,12,middle
12744,144,0,0.1411594284328854,0.5398200468616784,12,middle
12745,145,0,0.054303624020272515,0.7148316072398618,12,middle
12746,146,0,0.3635136471274528,0.4450264599303605,12,middle
12747,147,0,0.5517035568621839,0.6685264192511327,12,middle
12748,148,0,0.6404864506389831,0.3934589291649031,12,middle
12749,149,0,0.5678761537641632,0.5697820016782099,12,middle
12750,150,0,0.48885094356543607,0.9716263042969033,12,middle
12751,151,0,0.9510209896710726,0.5357148448921161,12,middle
12752,152,0,0.5230687252030873,0.7991672138115082,12,middle
12753,153,0,0.9608304198621164,0.4323533989330594,12,middle
12754,154,0,0.08949053657191725,0.7514109714233591,12,middle
12755,155,0,0.607333330841362,0.4397190482082709,12,middle
12756,156,0,0.5084735830539635,0.39312466949776426,12,middle
12757,157,0,0.9964090538912003,0.42972240161657516,12,middle
12758,158,0,0.5018268520082524,0.6136888037445452,12,middle
12759,159,0,0.22641668425962697,0.6148597137710883,12,middle
12760,160,0,0.7368154876812048,0.3999543949032547,12,middle
12761,161,0,0.9940985708880583,0.633244634895219,12,middle
12762,162,0,0.9695508423463587,0.5329082861490975,12,middle
12763,163,0,0.5067684954197826,0.5662249704435087,12,middle
12764,164,0,0.7201030514054605,0.389200990008692,12,middle
12765,165,0,0.7330913565654092,0.486937576830897,12,middle
12766,166,0,0.9444075787198302,0.4997049995887492,12,middle
12767,167,0,0.46118086482758247,0.4523264078968397,12,middle
12768,168,0,0.8277801997664112,0.5970310894637658,12,middle
12769,169,0,0.5058560400869505,0.7975552858412229,12,middle
12770,170,0,0.4988871324071605,0.6032976020098011,12,middle
12771,171,0,0.8102397651741869,0.4776851259731705,12,middle
12772,172,0,0.9830796114931217,0.5518922717692125,12,middle
12773,173,0,0.5256603672145292,0.7839766407221807,12,middle
12774,174,0,0.9847361119313554,0.5468145926459571,12,middle
12775,175,0,0.6509432981813085,0.4981242115867299,12,middle
12776,176,0,0.5001917498652078,1.0677975667827702,12,middle
12777,177,0,0.5057607052085852,0.7275032050774133,12,middle
12778,178,0,0.6804924899649116,0.39547850838661547,12,middle
12779,179,0,0.5310902908096115,0.7206168964422666,12,middle
12780,180,0,0.7529906748032439,0.9798805860683005,12,middle
12781,181,0,0.826882844432445,0.7377436565778088,12,middle
12782,182,0,0.92630814397788,0.4705539907574079,12,middle
12783,183,0,0.4577139661897765,0.44747934472849893,12,middle
12784,184,0,0.5870222694484296,0.3694126459669036,12,middle
12785,185,0,0.9102446322952519,0.3825535306017234,12,middle
12786,186,0,0.5013053579754252,0.8427125015665029,12,middle
12787,187,0,0.9419798234547854,0.3738979071749954,12,middle
12788,188,0,0.5018899348350134,0.7595099538623991,12,middle
12789,189,0,0.6320520620785863,0.6239602940542248,12,middle
12790,190,0,0.5444955281950922,0.4475629997029117,12,middle
12791,191,0,0.5035899609336676,0.5574545973765178,12,middle
12792,192,0,0.8866970621732869,0.4845092451793834,12,middle
12793,193,0,0.8078081488525356,0.7245698536443002,12,middle
12794,194,0,0.5404383009365787,0.715488758829248,12,middle
12795,195,0,0.959433135202691,0.4466748995303901,12,middle
12796,196,0,0.9757922207575025,0.8328116865745153,12,middle
12797,197,0,0.5151242645361265,0.7343992569511838,12,middle
12798,198,0,0.08239011777011074,0.6650223020748919,12,middle
12799,199,0,0.5028767187466655,0.8457632276082276,12,middle
12800,0,0,0.5364383990925574,0.6058393066758492,12,late
12801,1,0,0.2841679611864309,0.5759259883600205,12,late
12802,2,0,0.515657078748857,0.6995151987020312,12,late
12803,3,0,0.779699840401413,0.3942418884273952,12,late
12804,4,0,0.5924909249807321,0.7108905436957018,12,late
12805,5,0,0.5020271185499736,0.42776775716445065,12,late
12806,6,0,0.0045891829417862825,0.7876755593660181,12,late
12807,7,0,0.23248695979544454,0.5150556071919746,12,late
12808,8,0,0.954202675597905,0.527202191635909,12,late
12809,9,0,0.4960409516956567,0.7744640856927082,12,late
12810,10,0,0.003627948929456035,1.0279332302689335,12,late
12811,11,0,0.5379440540878229,0.7332107058663013,12,late
12812,12,0,0.48668142511341533,0.6604743243299288,12,late
12813,13,0,0.10753091804247161,0.6884973698557116,12,late
12814,14,0,0.8527179680620482,0.6881756046998727,12,late
12815,15,0,0.6326039291651725,0.8844676820273392,12,late
12816,16,0,0.356533823982068,0.5252075312520781,12,late
12817,17,0,0.6220738613686962,0.621675860574435,12,late
12818,18,0,0.5190856192246663,0.6143268839988641,12,late
12819,19,0,0.4999923277217539,0.552491587585694,12,late
12820,20,0,0.5187763511293171,0.5028596103078042,12,late
12821,21,0,0.5415028651937148,0.5884521129621807,12,late
12822,22,0,0.6059877797786614,0.3036587227299908,12,late
12823,23,0,0.3054644397869407,0.6558485726349672,12,late
12824,24,0,0.9943778032085919,0.8253063038823854,12,late
12825,25,0,0.47753596829609163,0.5326334586218242,12,late
12826,26,0,0.23101997180746964,0.7276709989257693,12,late
12827,27,0,0.5021867716322801,1.181987334444787,12,late
12828,28,0,0.500377518274141,0.7578862924553866,12,late
12829,29,0,0.8024084700238903,0.4480620004632977,12,late
12830,30,0,0.9218252604765975,0.5951219665831338,12,late
12831,31,0,0.6691819072478282,0.544331461376105,12,late
12832,32,0,0.70836475791621,0.5243900087784039,12,late
12833,33,0,0.48359936922105956,0.8732290495309768,12,late
12834,34,0,0.7558946534566093,0.9132667339434527,12,late
12835,35,0,0.8620236625750106,0.5413574155126002,12,late
12836,36,0,0.40710924995596404,0.5864982656020964,12,late
12837,37,0,0.794028906662597,0.54590131711919,12,late
12838,38,0,0.6094421129678943,0.7131732111367676,12,late
12839,39,0,0.49356309499391116,0.757118972933656,12,late
12840,40,0,0.7814565385173449,1.003980316348445,12,late
12841,41,0,0.3307446748481485,0.6007791022526503,12,late
12842,42,0,0.48413070006815856,0.8764746693233281,12,late
12843,43,0,0.00544848675161975,0.8478897065726628,12,late
12844,44,0,0.15706269611965162,0.6929299073827473,12,late
12845,45,0,0.4426849306522403,1.449826659450352,12,late
12846,46,0,0.500001583315363,1.2320750808331193,12,late
12847,47,0,0.500921642790848,0.7068930666196566,12,late
12848,48,0,0.5658761526236847,0.6356661430410435,12,late
12849,49,0,0.7720472650885254,0.7665537683471593,12,late
12850,50,0,0.5121973830482632,0.7523205826674155,12,late
12851,51,0,0.9355138724160902,1.1602456857938328,12,late
12852,52,0,0.7544516101416904,0.5561906176671798,12,late
12853,53,0,0.08251175210909163,0.6754337849166354,12,late
12854,54,0,0.003730268198268749,0.9317626105971211,12,late
12855,55,0,0.50959329010579,0.7686723208816026,12,late
12856,56,0,0.5099638582983514,0.8534563274676361,12,late
12857,57,0,0.49891699936017836,1.2396194614879157,12,late
12858,58,0,0.4986815229796792,0.7784958000389026,12,late
12859,59,0,0.5237565819924581,1.0337153221376822,12,late
12860,60,0,0.9886000468683473,1.090001406047593,12,late
12861,61,0,0.19548065119374747,0.9399257115456341,12,late
12862,62,0,0.5946481322764189,1.006474600171588,12,late
12863,63,0,0.9237016692888591,0.5775317099561204,12,late
12864,64,0,0.000340075961923979,0.9828101018878187,12,late
12865,65,0,0.5144912004935663,0.6941378267942384,12,late
12866,66,0,0.9384489559280309,0.6155706363981821,12,late
12867,67,0,0.181403303987817,0.5748962421429726,12,late
12868,68,0,0.6421084763257693,0.5909097072319283,12,late
12869,69,0,0.48842149103960225,0.5899905138041783,12,late
12870,70,0,0.930933411982659,0.8533742005276443,12,late
12871,71,0,0.9233455655482448,0.4337125341832052,12,late
12872,72,0,0.5339602369981179,0.5434874535183625,12,late
12873,73,0,0.5000147241202003,1.0351916448231255,12,late
12874,74,0,0.5287381984036885,1.0528002717989677,12,late
12875,75,0,0.10296405273024613,0.5806704211830299,12,late
12876,76,0,0.5061728657183673,0.5708499740075957,12,late
12877,77,0,0.6085421661379742,0.7071210246854482,12,late
12878,78,0,0.9523129866727381,0.5533582156639999,12,late
12879,79,0,0.5547267645193446,0.5686365483192501,12,late
12880,80,0,0.5307509180167937,0.432955219169636,12,late
12881,81,0,0.20186362890214093,1.0212351451547423,12,late
12882,82,0,0.5462525535726253,0.8358346465489837,12,late
12883,83,0,0.2662051287605235,0.6878574674578845,12,late
12884,84,0,0.17877953029913157,0.5764394509123305,12,late
12885,85,0,0.9523000750775746,0.5247242617669982,12,late
12886,86,0,0.9969630960678764,0.4990967117362554,12,late
12887,87,0,0.8590851563246655,0.7365175132416704,12,late
12888,88,0,0.40173635505623345,0.4537065007418938,12,late
12889,89,0,0.10289558703932956,0.7959226511552802,12,late
12890,90,0,0.0452935616441628,0.5988521650793139,12,late
12891,91,0,0.5052243112367449,0.5996223290767055,12,late
12892,92,0,0.8296599485229981,0.5615100871391172,12,late
12893,93,0,0.7332120412435525,0.7092707419018465,12,late
12894,94,0,0.5710068355813555,0.743538316986806,12,late
12895,95,0,0.5020555781861222,0.7179902392143166,12,late
12896,96,0,0.8908779319165154,0.5321082944597713,12,late
12897,97,0,0.3246231169226748,0.7506913463470595,12,late
12898,98,0,0.9997171551200522,0.4612839787687011,12,late
12899,99,0,0.4576924795309738,0.7439160741530993,12,late
12900,100,0,0.8134471801203225,0.6875238426177444,12,late
12901,101,0,0.5195590848594754,0.5781760199740695,12,late
12902,102,0,0.9990640629302951,0.6137020256132774,12,late
12903,103,0,0.8469864108070262,0.5674985334037059,12,late
12904,104,0,0.4312741486430664,0.7826847790738843,12,late
12905,105,0,0.941415048906681,0.6558950514187949,12,late
12906,106,0,0.39116037550951616,0.6578848799100622,12,late
12907,107,0,0.8175559723680881,0.6379631482262864,12,late
12908,108,0,0.9412236270538075,0.5980704491809166,12,late
12909,109,0,0.9760138723863957,0.8934411280347867,12,late
12910,110,0,0.5368229089638648,0.8522242457784508,12,late
12911,111,0,0.9739786932641196,0.40554674613607034,12,late
12912,112,0,0.7969531840187274,0.536035743634538,12,late
12913,113,0,0.19755128028813596,0.6435362838670765,12,late
12914,114,0,0.9773569745104818,0.6538732254778463,12,late
12915,115,0,0.8769237436859163,0.5528029401403668,12,late
12916,116,0,0.8125513741025218,0.5996954394850567,12,late
12917,117,0,0.9765240977389147,0.7719029444824448,12,late
12918,118,0,0.8664627366585436,0.4682101280352474,12,late
12919,119,0,0.9230859572857771,0.8598342060893337,12,late
12920,120,0,0.00010588591635667715,0.900346766587282,12,late
12921,121,0,0.8095885265598024,0.5402238680324405,12,late
12922,122,0,0.6627621225815779,0.6032626188630471,12,late
12923,123,0,0.9289185641963367,0.497099401385132,12,late
12924,124,0,0.7561874001558235,0.5585285644946438,12,late
12925,125,0,0.909000580112444,0.6220038359129894,12,late
12926,126,0,0.49543713641030235,0.9086170104104394,12,late
12927,127,0,0.5029826107867171,0.6259105499213145,12,late
12928,128,0,0.4931668458895664,0.9043865637759483,12,late
12929,129,0,0.5014362680407765,0.7650766248188934,12,late
12930,130,0,0.08469620855181179,0.5854070572125032,12,late
12931,131,0,0.4991599744695539,0.7697344905193517,12,late
12932,132,0,0.5796247628306196,0.6435150816836772,12,late
12933,133,0,0.45737815569327966,0.9550761029589894,12,late
12934,134,0,0.9522126785743699,0.39438268573865193,12,late
12935,135,0,0.6841702458753881,0.5881153428659935,12,late
12936,136,0,0.5000385633041922,1.0412822207111059,12,late
12937,137,0,0.4866330398286734,0.5713236158513675,12,late
12938,138,0,0.76538597833923,0.4228300018813119,12,late
12939,139,0,0.505519124093858,0.5354794277029706,12,late
12940,140,0,0.35873035045540963,0.6778221165980178,12,late
12941,141,0,0.6033417661828471,0.5244111721958391,12,late
12942,142,0,0.6120849557253978,0.4782212040072896,12,late
12943,143,0,0.9849424018754624,0.6522928442935576,12,late
12944,144,0,0.9698792953831058,0.3314663494513056,12,late
12945,145,0,0.34245274178654644,0.4140095838638142,12,late
12946,146,0,0.4985775742452962,0.4841951389789273,12,late
12947,147,0,0.08154761170656019,0.4186051750089297,12,late
12948,148,0,0.646388048585351,0.49085416793537817,12,late
12949,149,0,0.6017022969387905,0.5239489638314001,12,late
12950,150,0,0.49492895250038943,0.5599942999227195,12,late
12951,151,0,0.5020016445946058,0.6932222127834511,12,late
12952,152,0,0.2726935544432128,0.6325256572597211,12,late
12953,153,0,0.7958859274607194,0.4802329609930249,12,late
12954,154,0,0.3299047347617905,0.7012437064661383,12,late
12955,155,0,0.4799857596720309,0.3435716719603983,12,late
12956,156,0,0.9366067408151337,0.6156992104247199,12,late
12957,157,0,0.948832867367824,0.804200590292548,12,late
12958,158,0,0.49656983170818986,0.7239002123758975,12,late
12959,159,0,0.7713804513976144,0.5016631914889637,12,late
12960,160,0,0.3812099564562814,0.6026880755800688,12,late
12961,161,0,0.4998966816755536,0.6997621005221837,12,late
12962,162,0,0.6835579183573036,0.4861925317829445,12,late
12963,163,0,0.4958581651456945,0.629553703718192,12,late
12964,164,0,0.9358988565281501,0.6883796374971491,12,late
12965,165,0,0.9103054373345362,0.5821596192054319,12,late
12966,166,0,0.4439788927897622,0.6310850108199703,12,late
12967,167,0,0.8840663069248687,0.5548768254461094,12,late
12968,168,0,0.9335271283556309,0.8754361510180129,12,late
12969,169,0,0.6105200224334091,0.5744912939736254,12,late
12970,170,0,0.18615768505430197,0.9572116298554952,12,late
12971,171,0,0.5134816326777231,0.4663700664128168,12,late
12972,172,0,0.4958269634171902,0.5970844266383368,12,late
12973,173,0,0.8990182711850376,0.6653666878886628,12,late
12974,174,0,0.4999807892481535,0.8793782846959587,12,late
12975,175,0,0.24794540585661107,1.2547757441996517,12,late
12976,176,0,8.074804650089129e-05,1.0646881670356918,12,late
12977,177,0,0.4757389350052013,0.4211341816041133,12,late
12978,178,0,0.7854350716430438,0.5153492851203096,12,late
12979,179,0,0.7205083622536446,0.5542772383228011,12,late
12980,180,0,0.3366154391499988,0.7082893130175969,12,late
12981,181,0,0.20490408431846258,0.808026630302096,12,late
12982,182,0,0.9952610196749517,0.4588327812296213,12,late
12983,183,0,0.7493190885293852,0.796807590030443,12,late
12984,184,0,0.4789482428581531,0.5171961172693482,12,late
12985,185,0,0.3951414611583855,0.7279108082671778,12,late
12986,186,0,0.3539645116758105,0.5145317439600834,12,late
12987,187,0,0.9089158024540491,0.6184277350073011,12,late
12988,188,0,0.2974841846370474,0.5567364660735297,12,late
12989,189,0,0.20591398181418716,0.5712712397296217,12,late
12990,190,0,0.990940942546285,0.47344308872966107,12,late
12991,191,0,0.8551740717474329,0.5600847796954471,12,late
12992,192,0,0.8912136139322104,0.48998265426082876,12,late
12993,193,0,0.49828926258976836,0.8884719494282669,12,late
12994,194,0,0.5987802741323919,0.49784711319949215,12,late
12995,195,0,0.551941012206045,0.6024914762712807,12,late
12996,196,0,0.5270077287659326,0.901767908005211,12,late
12997,197,0,0.5147226393481978,0.4391038017849307,12,late
12998,198,0,0.7352397684179852,0.33072453790595946,12,late
12999,199,0,0.49062453487389773,0.5431584452832995,12,late
13000,0,0,0.4863191010070323,0.9123248285645468,13,interleaved
13001,1,0,0.5521902556979276,0.641098179360902,13,interleaved
13002,2,0,0.4935950504956637,0.8280678256232493,13,interleaved
13003,3,0,0.44947919352815285,0.7390700339742502,13,interleaved
13004,4,0,0.8736631593493547,0.3972112226003496,13,interleaved
13005,5,0,0.5328847010533617,0.575276414979246,13,interleaved
13006,6,0,0.15261874814230722,0.771525642275515,13,interleaved
13007,7,0,0.4709906245011447,0.5709226861507591,13,interleaved
13008,8,0,0.8203632497124724,0.7181986735746311,13,interleaved
13009,9,0,0.6113536524948734,0.7358175031763818,13,interleaved
13010,10,0,0.29967389666022526,0.5117933936564469,13,interleaved
13011,11,0,0.516116704668836,0.6205142762655909,13,interleaved
13012,12,0,0.5169216901596427,0.6552762672105465,13,interleaved
13013,13,0,0.49281980236059036,0.7186703856168128,13,interleaved
13014,14,0,0.5949092522064412,0.3216756330126579,13,interleaved
13015,15,0,0.7985459681155248,0.35172580539848053,13,interleaved
13016,16,0,0.040202943832493454,0.5690414956488792,13,interleaved
13017,17,0,0.5881126255439874,0.4367403113977387,13,interleaved
13018,18,0,0.9595556937423224,0.45080448772753023,13,interleaved
13019,19,0,0.42287757179234137,0.4157577749546845,13,interleaved
13020,20,0,0.07674523810047999,0.6947288009600825,13,interleaved
13021,21,0,0.3942154933781573,0.4075680636186519,13,interleaved
13022,22,0,0.9992962536563461,0.5634727478531649,13,interleaved
13023,23,0,0.4937235693447737,0.5062361508123929,13,interleaved
13024,24,0,0.7903684104498658,0.5522351937951344,13,interleaved
13025,25,0,0.5047252664194172,0.487190070568139,13,interleaved
13026,26,0,0.5482722704112709,0.651316335594336,13,interleaved
13027,27,0,0.6235030606247618,0.6713902743860668,13,interleaved
13028,28,0,0.013192969565477013,0.9147586730118444,13,interleaved
13029,29,0,0.5614233245851088,0.8388911419433065,13,interleaved
13030,30,0,0.665969682284442,0.7035510034300285,13,interleaved
13031,31,0,0.40308664641477887,0.5828030153830406,13,interleaved
13032,32,0,0.5436865130140225,0.7924755777527313,13,interleaved
13033,33,0,0.7668490241612101,0.6227547182487312,13,interleaved
13034,34,0,0.013895041621206805,0.9361054239230344,13,interleaved
13035,35,0,0.5034212815145045,0.6606659843680771,13,interleaved
13036,36,0,0.0002510262138309252,0.8820459915245575,13,interleaved
13037,37,0,0.502605353510854,0.4331511140535397,13,interleaved
13038,38,0,0.20815976887831272,0.6629345753711169,13,interleaved
13039,39,0,0.8400300022634872,0.5770161202133306,13,interleaved
13040,40,0,0.8571045097556342,0.845206215817126,13,interleaved
13041,41,0,0.9434126619788721,0.7889512584874061,13,interleaved
13042,42,0,0.9587401191668001,1.1193602835452485,13,interleaved
13043,43,0,0.8540723136288355,0.7649720524298411,13,interleaved
13044,44,0,0.510847667432726,0.8128102616715005,13,interleaved
13045,45,0,0.9188548521356885,0.7724588836417063,13,interleaved
13046,46,0,0.24626169886384572,0.4902505902746353,13,interleaved
13047,47,0,0.6535836904129431,0.8748850477293797,13,interleaved
13048,48,0,0.7584922803438355,0.8806545446130576,13,interleaved
13049,49,0,0.5006118852502585,0.7048324851859653,13,interleaved
13050,50,0,0.9991990309478951,0.8144727648509498,13,interleaved
13051,51,0,0.7516235275754831,0.6695338649208646,13,interleaved
13052,52,0,0.6437283816076494,0.5467443382635835,13,interleaved
13053,53,0,0.014817798274637181,0.6653980322473404,13,interleaved
13054,54,0,0.020174575908131195,0.6334816295690624,13,interleaved
13055,55,0,0.8211944737196364,0.48892683745938503,13,interleaved
13056,56,0,0.4707152116874594,0.8401538196342806,13,interleaved
13057,57,0,0.8545800758520652,0.5744139321443005,13,interleaved
13058,58,0,0.007778091741912708,1.0632722768200131,13,interleaved
13059,59,0,0.5227705186085613,0.6072931053232755,13,interleaved
13060,60,0,0.5453388852321666,0.5290779664510349,13,interleaved
13061,61,0,0.7373707257231487,0.7653423248476801,13,interleaved
13062,62,0,0.6008678008556775,0.6752775282399264,13,interleaved
13063,63,0,0.5005440898292538,0.6711954520354164,13,interleaved
13064,64,0,0.5511483618930819,0.6914327196807319,13,interleaved
13065,65,0,0.5504575009509574,0.9123815670105833,13,interleaved
13066,66,0,0.9147228023794576,0.8366464428891521,13,interleaved
13067,67,0,0.9931672295623479,0.881618222629656,13,interleaved
13068,68,0,0.5241799434799441,0.5773231997635193,13,interleaved
13069,69,0,0.7626961325162547,0.5764314304567227,13,interleaved
13070,70,0,0.3570138163278829,0.5523818425829079,13,interleaved
13071,71,0,0.49630334593272935,0.4274999038235968,13,interleaved
13072,72,0,0.16725311426411818,0.6945799952181649,13,interleaved
13073,73,0,0.7882143933826102,0.6731844961122829,13,interleaved
13074,74,0,0.30197128538385676,0.6938104678612154,13,interleaved
13075,75,0,0.5002765218952565,0.8950950371792722,13,interleaved
13076,76,0,0.03742538540841649,0.5860619512272168,13,interleaved
13077,77,0,0.9950822196192868,0.8270507274779035,13,interleaved
13078,78,0,0.03323456763185679,0.9561681848689203,13,interleaved
13079,79,0,0.49999834397808646,0.9657022649545346,13,interleaved
13080,80,0,0.374383538314509,0.5713156154001882,13,interleaved
13081,81,0,0.500805444794902,0.6562054966321265,13,interleaved
13082,82,0,0.4554729756953734,0.5621652336095602,13,interleaved
13083,83,0,0.4978301570310256,1.0130986496165806,13,interleaved
13084,84,0,0.7113434722744174,0.3494561422574328,13,interleaved
13085,85,0,0.906704276031358,0.7434860074876727,13,interleaved
13086,86,0,0.4413211300463419,0.6121312547383394,13,interleaved
13087,87,0,0.5028886464932404,0.8688106132512357,13,interleaved
13088,88,0,0.07060836711465578,0.6133128417149789,13,interleaved
13089,89,0,0.3872681127008263,0.7290284030108511,13,interleaved
13090,90,0,0.5939566363180402,0.8169267106105962,13,interleaved
13091,91,0,0.49430912518732517,0.955818284865203,13,interleaved
13092,92,0,0.30386278907859954,0.9155443311489719,13,interleaved
13093,93,0,0.9253488822685689,0.50202214372198,13,interleaved
13094,94,0,0.9278092646522124,0.584601742706262,13,interleaved
13095,95,0,0.5011771324643344,0.6969910167548778,13,interleaved
13096,96,0,0.9971451129582167,0.7520081185159719,13,interleaved
13097,97,0,0.9343554257524387,0.5502396665277735,13,interleaved
13098,98,0,0.6803519322246656,0.8003190637709737,13,interleaved
13099,99,0,0.6365555893783558,0.3611809379192289,13,interleaved
13100,100,0,0.5004405371244578,0.6497809928067738,13,interleaved
13101,101,0,0.497756094025302,0.6912369701356954,13,interleaved
13102,102,0,0.470994330947711,0.7673380444279452,13,interleaved
13103,103,0,0.49889247008273774,0.7322955397153719,13,interleaved
13104,104,0,0.47662992314203995,0.6024735499430522,13,interleaved
13105,105,0,0.4814390313704333,0.8297948511372768,13,interleaved
13106,106,0,0.7344012697730318,0.4270036937303898,13,interleaved
13107,107,0,0.43894727196186895,0.6445789342084054,13,interleaved
13108,108,0,0.9962353421932592,0.8498073330129581,13,interleaved
13109,109,0,0.5457272652418463,0.8310376752617246,13,interleaved
13110,110,0,0.0013477551502471398,1.0425164462099643,13,interleaved
13111,111,0,0.500016117533183,0.8358385155598308,13,interleaved
13112,112,0,0.11579425324501709,0.5768346725939191,13,interleaved
13113,113,0,0.45873097374531874,0.6404709088953795,13,interleaved
13114,114,0,0.8799364596476136,0.6252829141671017,13,interleaved
13115,115,0,0.48965207702043795,0.49655746709647297,13,interleaved
13116,116,0,0.5341062951396965,0.6995808269325798,13,interleaved
13117,117,0,0.36874637029798824,0.5754117901591531,13,interleaved
13118,118,0,0.6903628927761876,0.4587465395070949,13,interleaved
13119,119,0,0.035489903042044815,0.7185361744146948,13,interleaved
13120,120,0,0.856856814067912,0.7855709438369365,13,interleaved
13121,121,0,0.04946887328841682,0.7372645720403458,13,interleaved
13122,122,0,0.9988007442005056,0.8374562548965443,13,interleaved
13123,123,0,0.3918053801387071,0.8178904458763296,13,interleaved
13124,124,0,0.7731249632010777,0.7972666212924393,13,interleaved
13125,125,0,0.8369721486329182,0.40693955496757295,13,interleaved
13126,126,0,0.7127954206772869,0.5222441473445767,13,interleaved
13127,127,0,0.09474111791711183,0.7794008554660268,13,interleaved
13128,128,0,0.09612472902933673,0.5105242539567543,13,interleaved
13129,129,0,0.7849123518405736,0.4884598674184274,13,interleaved
13130,130,0,0.6812312254286474,0.6626612966787903,13,interleaved
13131,131,0,0.4999176535960604,1.0665101745146066,13,interleaved
13132,132,0,0.27144853193990603,0.7219241990694157,13,interleaved
13133,133,0,0.5249544088413287,0.788195572070316,13,interleaved
13134,134,0,0.999783691068151,1.1028547568095268,13,interleaved
13135,135,0,0.005831028304703511,0.853843509241653,13,interleaved
13136,136,0,0.4968696027834133,0.5569269872768066,13,interleaved
13137,137,0,0.4197596289162759,0.5637473714606396,13,interleaved
13138,138,0,0.5838505820344249,0.5705877590452502,13,interleaved
13139,139,0,0.49618928935433665,0.45244046159717644,13,interleaved
13140,140,0,0.5502532332831285,0.3993283372763113,13,interleaved
13141,141,0,0.5050960151754212,0.4376459976694873,13,interleaved
13142,142,0,0.9254820381003344,0.48753602438214383,13,interleaved
13143,143,0,0.44196714732549763,0.7716953156964526,13,interleaved
13144,144,0,0.46754791116875305,0.6451725940495363,13,interleaved
13145,145,0,0.34017034314263084,0.8599702649372715,13,interleaved
13146,146,0,0.9702016264714701,0.39932691173080725,13,interleaved
13147,147,0,0.8451386337850162,0.702608794887112,13,interleaved
13148,148,0,0.006641518736357651,0.6454746903481665,13,interleaved
13149,149,0,0.5132372307519409,0.4473640685761646,13,interleaved
13150,150,0,0.6569193808782858,0.6450744433342548,13,interleaved
13151,151,0,0.40594157578942924,0.7330607897201682,13,interleaved
13152,152,0,0.5349649036874157,0.6736249575880207,13,interleaved
13153,153,0,0.8594449919822573,0.3228688530212653,13,interleaved
13154,154,0,0.057998829783129494,0.5216518310144971,13,interleaved
13155,155,0,0.3224422391547093,0.6233384979427292,13,interleaved
13156,156,0,0.8960751563152187,0.749664688236837,13,interleaved
13157,157,0,0.5697550248006487,0.6185537578645391,13,interleaved
13158,158,0,0.6248885733980803,0.669637662006355,13,interleaved
13159,159,0,0.49989099387919494,0.7868857093323707,13,interleaved
13160,160,0,0.7597880776582846,0.531965949822099,13,interleaved
13161,161,0,0.7582599900145636,0.50438541148219,13,interleaved
13162,162,0,0.36878959236712977,0.574086137189165,13,interleaved
13163,163,0,0.7238385014555635,0.5321621123195517,13,interleaved
13164,164,0,0.505372628550079,0.6896672339928782,13,interleaved
13165,165,0,0.0024121151494265994,0.7773634897959938,13,interleaved
13166,166,0,0.003333403974634508,0.8694365822224086,13,interleaved
13167,167,0,0.5000443130843027,0.7362255644154732,13,interleaved
13168,168,0,0.22367624394087596,0.4881583654995336,13,interleaved
13169,169,0,0.04320623532617827,0.7126482608102791,13,interleaved
13170,170,0,0.5051908358184629,0.5686557737778262,13,interleaved
13171,171,0,0.1159065952662199,0.7866062099668605,13,interleaved
13172,172,0,0.5028116532473256,0.725165391641138,13,interleaved
13173,173,0,0.49637345130722405,0.7406667244121756,13,interleaved
13174,174,0,0.9998682526580267,0.7155891805904968,13,interleaved
13175,175,0,0.6932787760346603,0.4003392566423505,13,interleaved
13176,176,0,0.23372704468580707,0.48612011392298166,13,interleaved
13177,177,0,0.557576289027118,0.4324253847512789,13,interleaved
13178,178,0,0.9190400826812983,0.4062602764844562,13,interleaved
13179,179,0,0.8938316389921634,0.6394560427032383,13,interleaved
13180,180,0,0.8085036595994797,0.4303753147152141,13,interleaved
13181,181,0,0.4966013766524603,0.649356217526786,13,interleaved
13182,182,0,0.6636652781071191,0.5637144028129394,13,interleaved
13183,183,0,0.011525839459185205,0.7965094703063682,13,interleaved
13184,184,0,0.9958756703964757,0.688786837617986,13,interleaved
13185,185,0,0.7364896718626418,0.510045496611049,13,interleaved
13186,186,0,0.9876144949394456,0.5906301629019963,13,interleaved
13187,187,0,0.28102122807989305,0.5226643325854454,13,interleaved
13188,188,0,0.5141909376996638,0.6061325361369359,13,interleaved
13189,189,0,0.7618627666653176,0.3332720846632286,13,interleaved
13190,190,0,0.4661449271848641,0.49470342954712243,13,interleaved
13191,191,0,0.18282593162375887,0.8935034802709418,13,interleaved
13192,192,0,0.4812569058053255,0.5235012765540068,13,interleaved
13193,193,0,0.012722724837217727,0.7718807284695881,13,interleaved
13194,194,0,0.9998192998824159,0.7357179430062379,13,interleaved
13195,195,0,0.5056375628892138,0.9161080576872693,13,interleaved
13196,196,0,0.05142303367779203,0.5408692201021998,13,interleaved
13197,197,0,0.8628301370168765,0.6911993664221304,13,interleaved
13198,198,0,0.09933745390060224,0.7055576766257616,13,interleaved
13199,199,0,0.4941576407865822,0.6369874237796982,13,interleaved
13200,0,0,0.4970769011040407,0.8646765106997744,13,blocked
13201,1,0,0.9343277742147877,0.6558726737915701,13,blocked
13202,2,0,0.9777747577731981,0.5971637934365545,13,blocked
13203,3,0,0.5929334033383021,0.4071322103000003,13,blocked
13204,4,0,0.6831152785730774,0.47557400001756023,13,blocked
13205,5,0,0.19612260414817223,0.4175467171447397,13,blocked
13206,6,0,0.08851309685532872,0.5459146181916996,13,blocked
13207,7,0,0.607645283723295,0.5406634067348467,13,blocked
13208,8,0,0.2760573925317628,0.5642554758231697,13,blocked
13209,9,0,0.03692890272955525,0.6581967863614961,13,blocked
13210,10,0,0.9603330791891811,0.4079185546027173,13,blocked
13211,11,0,0.8815758800362206,0.3561552135464423,13,blocked
13212,12,0,0.8588222312303095,0.6339516043570753,13,blocked
13213,13,0,0.963946529444266,0.7989991135315325,13,blocked
13214,14,0,0.9550011134933796,0.4272542388112399,13,blocked
13215,15,0,0.4445485131629378,0.7473020727808042,13,blocked
13216,16,0,0.3986834588372634,0.5450790215969868,13,blocked
13217,17,0,0.9175126112186047,0.6523702726670981,13,blocked
13218,18,0,0.23304777801156082,0.5275032697842856,13,blocked
13219,19,0,0.8498357813924373,0.5355529573613645,13,blocked
13220,20,0,0.4554993247160009,0.740473048414843,13,blocked
13221,21,0,0.9563065116065035,0.4785095225275199,13,blocked
13222,22,0,0.8069532381885953,0.5062261623472321,13,blocked
13223,23,0,0.5217664347328781,0.47660248698672675,13,blocked
13224,24,0,0.9838226756027549,0.7084322750807985,13,blocked
13225,25,0,0.851442623100908,0.6172816245796056,13,blocked
13226,26,0,0.47004795134069544,0.7198082639057797,13,blocked
13227,27,0,0.9912953994853058,0.41198178752830694,13,blocked
13228,28,0,0.7700319280213259,0.6001186667836702,13,blocked
13229,29,0,0.124950512611917,0.6749463027371152,13,blocked
13230,30,0,0.5402419744647513,0.5174543773990437,13,blocked
13231,31,0,0.7117871800639288,0.4104516655352278,13,blocked
13232,32,0,0.49651354951989435,0.7669603720670941,13,blocked
13233,33,0,0.2641491805466034,0.7676809972309733,13,blocked
13234,34,0,0.1191048437030427,0.4065244750865876,13,blocked
13235,35,0,0.5714833442381024,0.5857799359620408,13,blocked
13236,36,0,0.9341418131275305,0.4648311293378765,13,blocked
13237,37,0,0.8121314754460642,0.8389949769714731,13,blocked
13238,38,0,0.891169968527357,0.32560712018229526,13,blocked
13239,39,0,0.8541240384626656,0.40432898796060246,13,blocked
13240,40,0,0.10044023000340296,0.6786411097737426,13,blocked
13241,41,0,0.8446739322290542,0.4448189442427628,13,blocked
13242,42,0,0.24304283177280223,0.5675465257420073,13,blocked
13243,43,0,0.6498216788417581,0.8382987339563694,13,blocked
13244,44,0,0.9673733165518197,0.5127618845868306,13,blocked
13245,45,0,0.7634452855243894,0.5348453279562961,13,blocked
13246,46,0,0.039398219373489855,0.6453964481954522,13,blocked
13247,47,0,0.44818513053263775,0.5468396293637159,13,blocked
13248,48,0,0.029288827255450994,0.6864708005428619,13,blocked
13249,49,0,0.36379454777972375,0.4649882625821866,13,blocked
13250,50,0,0.21441275980489186,0.6858906713403821,13,blocked
13251,51,0,0.375340779477591,0.6033231915042834,13,blocked
13252,52,0,0.006515850952164287,0.8186684946443938,13,blocked
13253,53,0,0.01830150551032761,0.7443871853663693,13,blocked
13254,54,0,0.673919528492896,0.8171902288438585,13,blocked
13255,55,0,0.9859561594050053,0.7318172939780915,13,blocked
13256,56,0,0.1262537994069023,0.5041859624174548,13,blocked
13257,57,0,0.5823241163092933,0.416359629447151,13,blocked
13258,58,0,0.2644788985322586,0.45981274860825777,13,blocked
13259,59,0,0.6178643508065806,0.35777741415806397,13,blocked
13260,60,0,0.06529015456674242,0.5185973006549582,13,blocked
13261,61,0,0.8487901321158704,0.30820784150217617,13,blocked
13262,62,0,0.7224530323866987,0.4273998002723034,13,blocked
13263,63,0,0.7942778196580437,0.43378275339717864,13,blocked
13264,64,0,0.9853705988398691,0.5884356797302057,13,blocked
13265,65,0,0.5496932923900228,0.6795872529525658,13,blocked
13266,66,0,0.9404059604514102,0.47997204009561084,13,blocked
13267,67,0,0.3850465507030406,0.40720804008217737,13,blocked
13268,68,0,0.679307892354065,0.3110876188154821,13,blocked
13269,69,0,0.9198499215315418,0.48730911522922005,13,blocked
13270,70,0,0.8249124044889948,0.6913600066632817,13,blocked
13271,71,0,0.9569555879139371,0.4766192845856829,13,blocked
13272,72,0,0.9511053936229279,0.4567657592561041,13,blocked
13273,73,0,0.6724935873515229,0.4414052473861001,13,blocked
13274,74,0,0.2262945998044043,0.5884360905687599,13,blocked
13275,75,0,0.9120427959819364,0.3652008491627424,13,blocked
13276,76,0,0.6375379573372555,0.6088076838524419,13,blocked
13277,77,0,0.50123651221496,0.7611364592904692,13,blocked
13278,78,0,0.11616517005472801,0.4985493077131631,13,blocked
13279,79,0,0.5371837145471525,0.5820647499557992,13,blocked
13280,80,0,0.955561631390674,0.565601994612473,13,blocked
13281,81,0,0.7195567864677217,0.6894582839867205,13,blocked
13282,82,0,0.9982629215145368,0.7284596715122923,13,blocked
13283,83,0,0.5311744995857477,0.7285749219378763,13,blocked
13284,84,0,0.6015595399337917,0.47739697521796176,13,blocked
13285,85,0,0.08504327923539225,0.6408484348371228,13,blocked
13286,86,0,0.49542154863543986,0.7777561278997008,13,blocked
13287,87,0,0.4899963968710996,0.6526200589808071,13,blocked
13288,88,0,0.9358509724220425,0.5497505074629165,13,blocked
13289,89,0,0.9590103301410565,0.41943866693859444,13,blocked
13290,90,0,0.841829901095565,0.5132260885722065,13,blocked
13291,91,0,0.49642546288016953,0.5442412759587112,13,blocked
13292,92,0,0.9138971973670453,0.30410651504223457,13,blocked
13293,93,0,0.1422501718111818,0.7485351250160432,13,blocked
13294,94,0,0.994310217626093,0.6895139112121074,13,blocked
13295,95,0,0.3521296401739825,0.6436728232868454,13,blocked
13296,96,0,0.48637001266817664,0.56361607038905,13,blocked
13297,97,0,0.6782052802674463,0.529602365830188,13,blocked
13298,98,0,0.38306510472038835,0.5519630633087783,13,blocked
13299,99,0,0.45856649592421833,0.6622304507197098,13,blocked
13300,100,0,0.9784116135901944,0.49428157380934856,13,blocked
13301,101,0,0.5112982806035663,0.41964669447607583,13,blocked
13302,102,0,0.619389374059359,0.8211377313111685,13,blocked
13303,103,0,0.03769512855183842,0.645027661815051,13,blocked
13304,104,0,0.9248869373473678,0.35595997051377026,13,blocked
13305,105,0,0.9701599060982382,0.35592885900159554,13,blocked
13306,106,0,0.9950404903044612,0.226286408108539,13,blocked
13307,107,0,0.06809300012032803,0.7184883600095435,13,blocked
13308,108,0,0.8956017108575336,0.5028162802492515,13,blocked
13309,109,0,0.2512429123549446,0.676394496618674,13,blocked
13310,110,0,0.5126360201317093,0.41245149073140974,13,blocked
13311,111,0,0.28838049567508084,0.4533889941219109,13,blocked
13312,112,0,0.3947930656635992,0.6062986959002645,13,blocked
13313,113,0,0.21326774270843624,0.6227926972797638,13,blocked
13314,114,0,0.5391861130575951,0.45467378165435723,13,blocked
13315,115,0,0.24222047541964714,0.6541994363356608,13,blocked
13316,116,0,0.43353714036609947,0.4953451032573505,13,blocked
13317,117,0,0.8955298546816763,0.41685686243027953,13,blocked
13318,118,0,0.5261631154976623,0.9080199890655002,13,blocked
13319,119,0,0.879342135502428,0.5215551761603109,13,blocked
13320,120,0,0.050712413297026464,0.9780491751812848,13,blocked
13321,121,0,0.9752634981815287,0.49456642075782387,13,blocked
13322,122,0,0.67552661885338,0.5196652755390475,13,blocked
13323,123,0,0.15686218929106924,0.40768141772561395,13,blocked
13324,124,0,0.01985701216391003,0.540286698641346,13,blocked
13325,125,0,0.19713879741905152,0.5842757135307634,13,blocked
13326,126,0,0.11613603466844426,0.5589393723696995,13,blocked
13327,127,0,0.8984160135910729,0.4039481631300477,13,blocked
13328,128,0,0.49878110607923465,0.7645886129825703,13,blocked
13329,129,0,0.6911364932454449,0.49045305897694524,13,blocked
13330,130,0,0.9903348692253855,0.38877526699903886,13,blocked
13331,131,0,0.9398044926664422,0.4281536522011613,13,blocked
13332,132,0,0.01797754206042166,0.7301932395352141,13,blocked
13333,133,0,0.9619288887808966,0.5858133201490017,13,blocked
13334,134,0,0.14350676960355307,0.7380861432635483,13,blocked
13335,135,0,0.11033975581813432,0.5793264538285685,13,blocked
13336,136,0,0.6299410444806941,0.4437258851488224,13,blocked
13337,137,0,0.5055336198459941,0.4910213369406191,13,blocked
13338,138,0,0.8276178169037616,0.3541786601150019,13,blocked
13339,139,0,0.22197033924690926,0.7448790459665718,13,blocked
13340,140,0,0.0625332252638971,0.7610446674081471,13,blocked
13341,141,0,0.35045737799165455,0.5722935382032325,13,blocked
13342,142,0,0.4647517780592687,0.7089266183826102,13,blocked
13343,143,0,0.9340439403049663,0.5804241194207971,13,blocked
13344,144,0,0.8086606029363816,0.4443050595651523,13,blocked
13345,145,0,0.011059790939977325,0.7750382868015219,13,blocked
13346,146,0,0.24310948425924214,0.6588871480937835,13,blocked
13347,147,0,0.48150776805376516,0.6165037969771059,13,blocked
13348,148,0,0.9851189353876997,0.3377860786889285,13,blocked
13349,149,0,0.9973783621331457,0.35456610425119994,13,blocked
13350,150,0,0.64643643018983,0.48909181326778794,13,blocked
13351,151,0,0.35904311418122653,0.526589150993975,13,blocked
13352,152,0,0.04792594935091191,0.5441057241739267,13,blocked
13353,153,0,0.2197508210903183,0.608148494569023,13,blocked
13354,154,0,0.49234080403397024,0.6250989460103702,13,blocked
13355,155,0,0.5921992882070599,0.40725305818663726,13,blocked
13356,156,0,0.17242345445246546,0.8393675389387438,13,blocked
13357,157,0,0.19004639942967572,0.6712597476968847,13,blocked
13358,158,0,0.9083386389575732,0.5013206196435177,13,blocked
13359,159,0,0.6301681735524507,0.37249174866299795,13,blocked
13360,160,0,0.5880392341827902,0.35021409188721303,13,blocked
13361,161,0,0.9968664284738951,0.5365720595918869,13,blocked
13362,162,0,0.7298425938243341,0.6536840282544956,13,blocked
13363,163,0,0.543413634511821,0.6572405223226463,13,blocked
13364,164,0,0.8134614899389288,0.5143161612100552,13,blocked
13365,165,0,0.21559873303804208,1.0304525269069222,13,blocked
13366,166,0,0.7290373686892584,0.7847293489221279,13,blocked
13367,167,0,0.7398333572801781,0.6629351606231144,13,blocked
13368,168,0,0.4856502105629691,1.0232330870894017,13,blocked
13369,169,0,0.5679099542719478,0.6181629751523761,13,blocked
13370,170,0,0.49962604854966114,0.6902257001999141,13,blocked
13371,171,0,0.9617317234030722,0.37082181062366915,13,blocked
13372,172,0,0.5016825476555982,0.6034892868697177,13,blocked
13373,173,0,0.2821571946508591,0.5076910327907536,13,blocked
13374,174,0,0.20334198518027663,0.5007196040664244,13,blocked
13375,175,0,0.8403163195622876,0.329010552946615,13,blocked
13376,176,0,0.9205230243472844,0.43270617684971135,13,blocked
13377,177,0,0.4386203218109489,0.39776076750450595,13,blocked
13378,178,0,0.43347089400630434,0.5317732393654151,13,blocked
13379,179,0,0.5187668205454461,0.33310641643559624,13,blocked
13380,180,0,0.11234646826530931,0.793791836665291,13,blocked
13381,181,0,0.40014914152425896,0.7887468932531065,13,blocked
13382,182,0,0.04079112808051828,0.6118781609854473,13,blocked
13383,183,0,0.9251634370203242,0.4051274902215819,13,blocked
13384,184,0,0.028598323874100797,0.6645981549983526,13,blocked
13385,185,0,0.6054604165955612,0.3347313949085712,13,blocked
13386,186,0,0.7533418736528366,0.406137133598162,13,blocked
13387,187,0,0.1763541942449408,0.5035833081594125,13,blocked
13388,188,0,0.4899526933124885,0.6120202729244377,13,blocked
13389,189,0,0.030368154247380222,0.49383840160323117,13,blocked
13390,190,0,0.9844059623397141,0.3523892721600863,13,blocked
13391,191,0,0.5138592221881524,0.35569521844898033,13,blocked
13392,192,0,0.29550037934600604,0.4591529243746739,13,blocked
13393,193,0,0.041364653755916116,0.5273470977703236,13,blocked
13394,194,0,0.718084783256972,0.34621604442600906,13,blocked
13395,195,0,0.7925969809474012,0.38425620936147753,13,blocked
13396,196,0,0.029749105585768244,0.6518043125340469,13,blocked
13397,197,0,0.4201920043787671,0.5677611289768594,13,blocked
13398,198,0,0.8015554776777061,0.6604793044291496,13,blocked
13399,199,0,0.5493479857400747,0.6196318796467082,13,blocked
13400,0,0,0.2512234066291303,0.8713539828623089,13,early
13401,1,0,0.9689163692305371,0.3757743717733866,13,early
13402,2,0,0.9801381837200565,0.6504936977129436,13,early
13403,3,0,0.9990944121590246,0.21761031601877118,13,early
13404,4,0,0.9966242193547348,0.6603253722252538,13,early
13405,5,0,0.5499364425602845,0.7669687953232237,13,early
13406,6,0,0.0006859313570892966,0.6835264901418345,13,early
13407,7,0,0.6317676603569424,0.7694957179082798,13,early
13408,8,0,0.98469426786518,0.659010705031094,13,early
13409,9,0,0.5879772522106265,0.504600970486845,13,early
13410,10,0,0.9970073483391038,0.6451616672041719,13,early
13411,11,0,0.9929214231348324,0.5359313303693534,13,early
13412,12,0,0.9366721307719659,0.5382422860227839,13,early
13413,13,0,0.003206412303519637,0.5847664582955361,13,early
13414,14,0,0.9776383835380662,0.41359806496047447,13,early
13415,15,0,0.3104018482702779,0.6035365831311346,13,early
13416,16,0,0.09556071149293363,0.878531681977955,13,early
13417,17,0,0.9632496006610434,0.6565627876837776,13,early
13418,18,0,0.9741522483376057,0.9113421082313025,13,early
13419,19,0,0.9984682947971946,0.4238546073005161,13,early
13420,20,0,0.9239905942886226,0.6435639246127047,13,early
13421,21,0,0.9603253669740046,0.41082408876883886,13,early
13422,22,0,0.9959793764286482,0.518489428053493,13,early
13423,23,0,0.9985902809004175,0.6315881427310808,13,early
13424,24,0,0.9950597755301309,0.5312478743984177,13,early
13425,25,0,0.935703841104927,0.5996501607222978,13,early
13426,26,0,0.09742667373551475,1.089292571520264,13,early
13427,27,0,0.038296005015667677,0.9339631847903569,13,early
13428,28,0,0.0412725593147616,1.0393300380160624,13,early
13429,29,0,0.012405167563475322,0.9106105720801354,13,early
13430,30,0,0.005509114890924511,0.7430531026204694,13,early
13431,31,0,0.46129945451941096,0.4978843320873604,13,early
13432,32,0,0.33475833748030154,0.8065065630983342,13,early
13433,33,0,0.5568792494787447,0.8801649810129164,13,early
13434,34,0,0.08055898105241238,1.1026593127981528,13,early
13435,35,0,0.05813449309168764,1.2384501193729216,13,early
13436,36,0,0.6908261864193731,0.8607187221957819,13,early
13437,37,0,0.387899278951633,0.6029328769419235,13,early
13438,38,0,0.9686054353713075,0.803789674569727,13,early
13439,39,0,0.9803836902370417,0.8035466766391031,13,early
13440,40,0,0.500310779240564,0.5768186830875122,13,early
13441,41,0,0.500319062595979,0.49790895677365976,13,early
13442,42,0,0.4785966884698099,0.6035814585357404,13,early
13443,43,0,0.8662524363528437,0.4848098737670809,13,early
13444,44,0,0.6857164930449662,0.3995503318564919,13,early
13445,45,0,0.4715438037890509,0.5967857792556998,13,early
13446,46,0,0.4954877013071313,0.8090192592015795,13,early
13447,47,0,0.47919944165258926,0.863668970040917,13,early
13448,48,0,0.826574428054702,0.8742729982693536,13,early
13449,49,0,0.7389013545478023,0.5316439439996976,13,early
13450,50,0,0.9046880143365922,0.446301000015046,13,early
13451,51,0,0.6017383764621004,0.5147193771751275,13,early
13452,52,0,0.25882920166835044,0.7476996909951301,13,early
13453,53,0,0.09079129278524276,0.9980439521070741,13,early
13454,54,0,0.6387554222583183,0.6097070137646895,13,early
13455,55,0,0.49546793774811626,0.8688174665454398,13,early
13456,56,0,0.7119012693983944,0.6666577322857168,13,early
13457,57,0,0.6462909157142898,0.6959826467365233,13,early
13458,58,0,0.5474319869755752,0.7859731794168001,13,early
13459,59,0,0.06331671436761054,0.8756381549309066,13,early
13460,60,0,0.480652473511682,0.6104220983233749,13,early
13461,61,0,0.5799333515421436,0.6052319209606047,13,early
13462,62,0,0.9506096704613985,0.601738220675253,13,early
13463,63,0,0.4862372585996393,0.680142964090394,13,early
13464,64,0,0.6530171084766999,0.8537916691805216,13,early
13465,65,0,0.06702923739966528,0.8271169391425045,13,early
13466,66,0,0.9481842048853752,0.5788918319888562,13,early
13467,67,0,0.6876687803929845,0.6660771995932055,13,early
13468,68,0,0.5529153190562008,0.7060390909128543,13,early
13469,69,0,0.4872402592884056,0.5587451750229007,13,early
13470,70,0,0.7604309659037138,0.568788633738443,13,early
13471,71,0,0.9863241873387071,0.40391434927625613,13,early
13472,72,0,0.26537888853267066,0.7980114835663554,13,early
13473,73,0,0.7766556957286272,0.7278513363725723,13,early
13474,74,0,0.6222721105507177,0.5864101660454133,13,early
13475,75,0,0.820140824636737,0.5237440791515828,13,early
13476,76,0,0.9476970027691402,0.9245709158309043,13,early
13477,77,0,0.9779143186749454,0.727535215100909,13,early
13478,78,0,0.7474111046999015,0.7294654117117938,13,early
13479,79,0,0.34161628101262537,0.7356336920915326,13,early
13480,80,0,0.4420270342572169,0.8418467334324045,13,early
13481,81,0,0.8709912822917011,0.6807427737033731,13,early
13482,82,0,0.3111934422730272,0.5845354867106232,13,early
13483,83,0,0.9514092308483622,0.5354621710395977,13,early
13484,84,0,0.5202208649005693,0.5596702073536599,13,early
13485,85,0,0.7979440745186476,0.44844243524273675,13,early
13486,86,0,0.48882375008795764,0.6408868788040198,13,early
13487,87,0,0.980112248240505,0.5855591883897404,13,early
13488,88,0,0.913190661842822,0.6547483155197291,13,early
13489,89,0,0.6026300612334672,0.4896121753351512,13,early
13490,90,0,0.4890220707856867,0.7729776323334842,13,early
13491,91,0,0.499631563388703,0.9742472044296798,13,early
13492,92,0,0.24038128493428487,0.6322262023115517,13,early
13493,93,0,0.6898246276304503,0.5329780711934771,13,early
13494,94,0,0.3985566243592622,0.5593617151413947,13,early
13495,95,0,0.7196080892513208,0.5542249083867669,13,early
13496,96,0,0.4326620463310467,0.6070353106228925,13,early
13497,97,0,0.8092416217605303,0.5931593978004455,13,early
13498,98,0,0.8061469053411197,0.7084905638857104,13,early
13499,99,0,0.7504085878311255,0.7333509965885492,13,early
13500,100,0,0.8184618229728284,0.7016862874528735,13,early
13501,101,0,0.9909151042109778,0.9662603158711092,13,early
13502,102,0,0.20265504323210257,1.1150514626780896,13,early
13503,103,0,0.22507870238436106,1.0551796880728488,13,early
13504,104,0,0.3828453193698925,0.8452233356627438,13,early
13505,105,0,0.2510878594462885,0.5824122940115789,13,early
13506,106,0,0.9013006622363459,0.455840343895116,13,early
13507,107,0,0.15514939934500963,0.631780422704332,13,early
13508,108,0,0.5191940854341746,0.4567388238189012,13,early
13509,109,0,0.7417882946737867,0.6894717566001516,13,early
13510,110,0,0.18737849499898585,0.8146426346383162,13,early
13511,111,0,0.6818781394357725,0.5727858541524049,13,early
13512,112,0,0.00019015040888191212,1.0771500061376695,13,early
13513,113,0,0.5550755618245061,0.5440079591340421,13,early
13514,114,0,0.08731247621642801,0.594849597917672,13,early
13515,115,0,0.49643458133064305,0.8744347639885145,13,early
13516,116,0,0.047607029536125826,0.8049174947592792,13,early
13517,117,0,0.5020609260544365,0.6618261034137526,13,early
13518,118,0,0.9186383877321329,0.7994383664718747,13,early
13519,119,0,0.8870350836369295,0.3875430579885276,13,early
13520,120,0,0.07490640523427794,0.808914775487467,13,early
13521,121,0,0.48795731020918204,0.6906756085176222,13,early
13522,122,0,0.9651590108620439,0.34429090209218505,13,early
13523,123,0,0.7702663917060686,0.46370277183964004,13,early
13524,124,0,0.8587926497229679,0.4598619914553368,13,early
13525,125,0,0.5386457555996448,0.8947276353258788,13,early
13526,126,0,0.007425398815658624,0.7609907201582674,13,early
13527,127,0,0.5121600812049952,0.8292113746782548,13,early
13528,128,0,0.5499557682435645,0.41599525611489396,13,early
13529,129,0,0.4917880343241253,0.7701548271300928,13,early
13530,130,0,0.4959131734369987,0.6311290353321855,13,early
13531,131,0,0.5375677297431491,0.5096608990235628,13,early
13532,132,0,0.5209640227551197,0.3891945632451816,13,early
13533,133,0,0.9482771918992978,0.3333597932451908,13,early
13534,134,0,0.942024250408851,0.5458043989362626,13,early
13535,135,0,0.5000814242331539,0.7902748177653576,13,early
13536,136,0,0.15737533867871148,0.7130063697359481,13,early
13537,137,0,0.6368254014902092,0.39137864705813274,13,early
13538,138,0,0.7113377863922519,0.618879493903858,13,early
13539,139,0,0.9691398855043563,0.32761132765524414,13,early
13540,140,0,0.4865985870091356,0.39024363214818547,13,early
13541,141,0,0.6777144900872779,0.5382439817857646,13,early
13542,142,0,0.4365913494178852,0.7297963993514758,13,early
13543,143,0,0.48006805498109,0.7241463603917653,13,early
13544,144,0,0.15860397672496937,0.6423400143804512,13,early
13545,145,0,0.5016691493363339,0.571751193804521,13,early
13546,146,0,0.17151027787116552,0.805719203503136,13,early
13547,147,0,0.8045665930781561,0.7309128443669852,13,early
13548,148,0,0.5181740319423775,0.3834690369065955,13,early
13549,149,0,0.9659773377741822,0.45676776576039635,13,early
13550,150,0,0.9765840268804582,0.5564622576631215,13,early
13551,151,0,0.7365955662748196,0.6123032256546468,13,early
13552,152,0,0.07052503200494525,0.5574825736798433,13,early
13553,153,0,0.47106218558320795,0.7827955212536819,13,early
13554,154,0,0.842015695942409,0.6258793846257863,13,early
13555,155,0,0.8408471576210514,0.6074056860293179,13,early
13556,156,0,0.49979445000660855,0.580599758443858,13,early
13557,157,0,0.4984065941584144,0.50132458420823,13,early
13558,158,0,0.15162145617835482,0.7041323814790998,13,early
13559,159,0,0.5707295224768734,0.5759903541775409,13,early
13560,160,0,0.7961975015863716,0.48558270334919185,13,early
13561,161,0,0.5353439234365022,0.6121618986106729,13,early
13562,162,0,0.990724782999365,0.38392725256943444,13,early
13563,163,0,0.6202743758402847,0.4585899462909684,13,early
13564,164,0,0.956124562534626,0.49573311858924207,13,early
13565,165,0,0.028954191733969962,0.5086537251180567,13,early
13566,166,0,0.8887850469143745,0.46468446778266853,13,early
13567,167,0,0.9955596360857482,0.3187321219788714,13,early
13568,168,0,0.3016304038145947,0.5482013425156431,13,early
13569,169,0,0.4728015622240455,0.806366537096131,13,early
13570,170,0,0.6671702486177912,0.6109650511908795,13,early
13571,171,0,0.6195550534035086,0.5606633263225591,13,early
13572,172,0,0.7117096362859554,0.40034798445440084,13,early
13573,173,0,0.9620032861713866,0.6477427161547074,13,early
13574,174,0,0.9719043089614551,0.4797877701359292,13,early
13575,175,0,0.8330021222079751,0.32932973018539624,13,early
13576,176,0,0.5207593444089006,0.7022557533551796,13,early
13577,177,0,0.02311508819483607,0.5466918682423609,13,early
13578,178,0,0.9124435946951711,0.35363388092665804,13,early
13579,179,0,0.6977055338351242,0.44334551485482976,13,early
13580,180,0,0.25980317051486684,0.9942995347630755,13,early
13581,181,0,0.00022254952270844933,0.8537975483698839,13,early
13582,182,0,0.4654095344194295,0.7258756853710269,13,early
13583,183,0,0.8557399996719703,0.46010406300689854,13,early
13584,184,0,0.6474845981480961,0.43925919746602526,13,early
13585,185,0,0.912216732590774,0.5086182282945817,13,early
13586,186,0,0.019222187120779756,0.8464086300787519,13,early
13587,187,0,0.919218191863688,0.6171065276883628,13,early
13588,188,0,0.8951284151799808,0.5907868669722884,13,early
13589,189,0,0.556700187906107,0.5211588136046864,13,early
13590,190,0,0.6869246002831407,0.7192008586098863,13,early
13591,191,0,0.6856948977756454,0.39518173899137565,13,early
13592,192,0,0.033041425412325624,0.37057824133017137,13,early
13593,193,0,0.756495715109796,0.5183616420997812,13,early
13594,194,0,0.45823388209602156,0.9337893200383346,13,early
13595,195,0,0.3648360357830613,0.9770318026522895,13,early
13596,196,0,0.94417257592513,0.5115065270464163,13,early
13597,197,0,0.2896722194527475,0.5029168448048456,13,early
13598,198,0,0.938745885676338,0.5194012419930802,13,early
13599,199,0,0.9986551516571106,0.40886378349840274,13,early
13600,0,0,0.5906324495344951,0.4251258158325596,13,middle
13601,1,0,0.26499368392837835,0.6601168594051412,13,middle
13602,2,0,0.2515096550971338,0.38725546737933925,13,middle
13603,3,0,0.46831193123138604,0.4242970413521056,13,middle
13604,4,0,0.5685333308902845,0.6131994639245817,13,middle
13605,5,0,0.5024622583570492,0.5100080919618791,13,middle
13606,6,0,0.1678339466059425,0.7072621184951331,13,middle
13607,7,0,0.5100956163242835,0.6497580814619752,13,middle
13608,8,0,0.5420748584990723,0.42231419681226867,13,middle
13609,9,0,0.4312703690529259,0.4458853095004773,13,middle
13610,10,0,0.48914153772314795,0.3968884826771105,13,middle
13611,11,0,0.3702754239949296,0.5135384647955508,13,middle
13612,12,0,0.5431582731880792,0.605379071177041,13,middle
13613,13,0,0.3462925682720887,0.8183718798571682,13,middle
13614,14,0,0.17673627867754985,0.6178024632067503,13,middle
13615,15,0,0.7180927349058837,0.44618593113946464,13,middle
13616,16,0,0.5106937390695285,0.43041237844466124,13,middle
13617,17,0,0.4029826623121249,0.700823073908527,13,middle
13618,18,0,0.908019026879782,0.3652664019890146,13,middle
13619,19,0,0.524737328752368,0.4212859420677746,13,middle
13620,20,0,0.9921204337832181,0.3699361936455111,13,middle
13621,21,0,0.636501972510305,0.5746761284951091,13,middle
13622,22,0,0.9628928011889066,0.7042207362757538,13,middle
13623,23,0,0.5139287011308448,0.5356593788666347,13,middle
13624,24,0,0.09621497842055537,0.5809201082629623,13,middle
13625,25,0,0.5073544977041236,0.6433758335286173,13,middle
13626,26,0,0.7550986548296446,0.7667272236441309,13,middle
13627,27,0,0.6426912291667133,0.41226800358023374,13,middle
13628,28,0,0.9984393041137418,0.8175463504745734,13,middle
13629,29,0,0.5000020786352078,1.2648733133730532,13,middle
13630,30,0,0.9740448922015554,0.8350899244092693,13,middle
13631,31,0,0.47924571386622333,0.6522729886818206,13,middle
13632,32,0,0.9738211742226175,0.7652189502581572,13,middle
13633,33,0,0.5003964958075096,0.7345761781584313,13,middle
13634,34,0,0.9253251260358548,0.6168427908009276,13,middle
13635,35,0,0.49995685405043305,0.648807825993537,13,middle
13636,36,0,0.9799019233291572,0.7326274367960712,13,middle
13637,37,0,0.6130894549861933,0.40959509033340524,13,middle
13638,38,0,0.9999965255730636,0.8826571121935012,13,middle
13639,39,0,0.40353963513153884,0.7649801326999996,13,middle
13640,40,0,0.5270627967203549,0.468741190625656,13,middle
13641,41,0,0.9995155761277474,0.4652445933897359,13,middle
13642,42,0,0.9995027585209979,0.592768259048102,13,middle
13643,43,0,0.803448523608665,0.6152649911448984,13,middle
13644,44,0,0.8832167789591641,0.3634462260213861,13,middle
13645,45,0,0.4133997029197504,0.5454084686216253,13,middle
13646,46,0,0.9775352156713655,0.4347452167542189,13,middle
13647,47,0,0.0811306124468186,0.6122762997735056,13,middle
13648,48,0,0.9504962931518328,0.5779851155524689,13,middle
13649,49,0,0.9129582623062618,0.4941847234565553,13,middle
13650,50,0,0.00805796676496498,0.7907250734572537,13,middle
13651,51,0,0.9915592995677762,0.3026770336919038,13,middle
13652,52,0,0.9140860127141601,0.6174564217158274,13,middle
13653,53,0,0.9975842278629015,0.7070433504249876,13,middle
13654,54,0,0.1810602547855584,0.7556299629924338,13,middle
13655,55,0,0.5485740059448847,0.48156283862889765,13,middle
13656,56,0,0.802332572766514,0.6044246916135914,13,middle
13657,57,0,0.7289279762594489,0.46452993399142256,13,middle
13658,58,0,0.5144498626661527,0.4725886681726764,13,middle
13659,59,0,0.9755506172556206,0.5674844786907725,13,middle
13660,60,0,0.9856442836679544,0.4823474321622263,13,middle
13661,61,0,0.991279598520749,0.4234340916680355,13,middle
13662,62,0,0.002912413626871598,0.90211632703048,13,middle
13663,63,0,0.0024806949194686465,0.8045281196784151,13,middle
13664,64,0,0.40059932304693147,0.21860707640558202,13,middle
13665,65,0,0.9179573329512668,0.5364562397887591,13,middle
13666,66,0,0.9967193024916556,0.5301861356553422,13,middle
13667,67,0,0.11889854346305845,0.5833696455160489,13,middle
13668,68,0,0.9744487708761318,0.7300261263968983,13,middle
13669,69,0,0.9945462167732387,0.45895696254432694,13,middle
13670,70,0,0.9930856555325506,0.5686390514202154,13,middle
13671,71,0,0.9328356174037103,0.35503097865061434,13,middle
13672,72,0,0.9967246301621308,0.3728903016349313,13,middle
13673,73,0,0.9703687143630868,0.44931253633311513,13,middle
13674,74,0,0.01429129752639634,0.7599111810481249,13,middle
13675,75,0,0.9766315143089543,0.8613009568034395,13,middle
13676,76,0,0.9985466503841387,0.47036232258028654,13,middle
13677,77,0,0.005184737500621841,0.555585020419574,13,middle
13678,78,0,0.5599755893210914,0.6361350026856383,13,middle
13679,79,0,0.23688910849665878,0.4573578539420585,13,middle
13680,80,0,0.5851295998941579,0.5048057049625914,13,middle
13681,81,0,0.502975445302831,0.5091541992440765,13,middle
13682,82,0,0.37224203297429176,0.48342730262544387,13,middle
13683,83,0,0.8437037612434781,0.4324835321718815,13,middle
13684,84,0,0.49711886308918724,0.5549617528788747,13,middle
13685,85,0,0.4419558104335827,0.42659687205820984,13,middle
13686,86,0,0.5044204603514075,0.4180970466984687,13,middle
13687,87,0,0.5824364487155587,0.4485067932375374,13,middle
13688,88,0,0.5934874105153537,0.2778572911364665,13,middle
13689,89,0,0.5059744724438968,0.455072564520322,13,middle
13690,90,0,0.9365493324929864,0.7465995624354793,13,middle
13691,91,0,0.7558037660506534,0.6593335849908907,13,middle
13692,92,0,0.9984716018613164,0.38839948213305187,13,middle
13693,93,0,0.5002673088678327,0.8349836193678581,13,middle
13694,94,0,0.5352326390166966,0.5604263049280518,13,middle
13695,95,0,0.952909593179772,0.553581409451192,13,middle
13696,96,0,0.4427352577124697,0.3767759591594168,13,middle
13697,97,0,0.5504422630557047,0.5080458726078605,13,middle
13698,98,0,0.8897920558480239,0.4040143365103186,13,middle
13699,99,0,0.7195191837514793,0.7371207411387314,13,middle
13700,100,0,0.49908191917820094,0.730861183519794,13,middle
13701,101,0,0.9874829481628841,0.38759371001813003,13,middle
13702,102,0,0.9895762121423528,0.4282062332266293,13,middle
13703,103,0,0.5275792917072502,0.4371371690033634,13,middle
13704,104,0,0.7007709922155109,0.5301487153990145,13,middle
13705,105,0,0.97929734855042,0.35653415319266035,13,middle
13706,106,0,0.5279151265221564,0.6307378947610967,13,middle
13707,107,0,0.9962281154940581,0.3089106310871083,13,middle
13708,108,0,0.4953332480979994,0.5901929491264353,13,middle
13709,109,0,0.9262314378278287,0.4426199558845263,13,middle
13710,110,0,0.9228952026936625,0.3181488977500109,13,middle
13711,111,0,0.9296196781561832,0.3411672040940611,13,middle
13712,112,0,0.9066167313287403,0.4209655748366703,13,middle
13713,113,0,0.5015728746013381,0.7725171851416858,13,middle
13714,114,0,0.5380280038986974,0.4993861479634535,13,middle
13715,115,0,0.5054376035044971,0.8555703857319861,13,middle
13716,116,0,0.5022986549158917,0.855961984328685,13,middle
13717,117,0,0.9608613607597649,0.6985569742745454,13,middle
13718,118,0,0.9717768525038596,0.4217840649541144,13,middle
13719,119,0,0.8912980855191586,0.3037867789509041,13,middle
13720,120,0,0.315174860637576,0.5910237374782701,13,middle
13721,121,0,0.5278116347184295,0.4888548155424779,13,middle
13722,122,0,0.3687502818069052,0.46570491306820294,13,middle
13723,123,0,0.9517141375905637,0.49329944627362954,13,middle
13724,124,0,0.7429856837770283,0.3785155645301196,13,middle
13725,125,0,0.8807094710668573,0.4745794543815059,13,middle
13726,126,0,0.959661887410046,0.2950482711561484,13,middle
13727,127,0,0.5014715018273275,0.8843247662308453,13,middle
13728,128,0,0.4580404807352915,0.5276473672088002,13,middle
13729,129,0,0.6251091052227988,0.5505729682716909,13,middle
13730,130,0,0.12093032947510626,0.5714389008242178,13,middle
13731,131,0,0.37294207979621735,0.6137228115177216,13,middle
13732,132,0,0.7316746401909209,0.5277189211766227,13,middle
13733,133,0,0.584341797054605,0.36042327983155964,13,middle
13734,134,0,0.3805403251820672,0.42337549232038074,13,middle
13735,135,0,0.503127528323839,0.702421126367458,13,middle
13736,136,0,0.9184841549157963,0.42762628867011426,13,middle
13737,137,0,0.7567316227719896,0.5078369829040845,13,middle
13738,138,0,0.6615607530481988,0.5030710823415022,13,middle
13739,139,0,0.770907547573725,0.4415323182512225,13,middle
13740,140,0,0.7791701497218553,0.34431444733620425,13,middle
13741,141,0,0.5023972499179243,0.682912801456361,13,middle
13742,142,0,0.4623120190511061,0.6110051561684878,13,middle
13743,143,0,0.49569864680066567,0.619606136922908,13,middle
13744,144,0,0.01501008459853084,0.689647223127291,13,middle
13745,145,0,0.845877619638405,0.4443525430021443,13,middle
13746,146,0,0.48755232253002767,0.5625379297104569,13,middle
13747,147,0,0.5353271446925815,0.4118405372499817,13,middle
13748,148,0,0.7754511462387235,0.41843546507511903,13,middle
13749,149,0,0.43187339012341674,0.5343947422292279,13,middle
13750,150,0,0.9355479294689624,0.37474971746227065,13,middle
13751,151,0,0.5687667162761534,0.7756770391792397,13,middle
13752,152,0,0.8411999550685632,0.26865581969164387,13,middle
13753,153,0,0.7001696113112277,0.41934443899009355,13,middle
13754,154,0,0.1165626824875107,0.5651683787766688,13,middle
13755,155,0,0.5058886288153361,0.7080659082078199,13,middle
13756,156,0,0.2928364465737584,0.5212944763575271,13,middle
13757,157,0,0.5223488447972622,0.7345136262526031,13,middle
13758,158,0,0.48963012256224225,0.6638388490599432,13,middle
13759,159,0,0.47738157002410114,0.7304909590740578,13,middle
13760,160,0,0.7003453220754681,0.47811551156772514,13,middle
13761,161,0,0.5547728469122687,0.4106474011068732,13,middle
13762,162,0,0.10338713921644734,0.6294369334202312,13,middle
13763,163,0,0.4949737039682122,0.6982414132486028,13,middle
13764,164,0,0.6650043216817345,0.6298987971480672,13,middle
13765,165,0,0.5614397221037696,0.39039929255785794,13,middle
13766,166,0,0.9850318750821818,0.24322952671284898,13,middle
13767,167,0,0.9997365034226317,0.5097284504110606,13,middle
13768,168,0,0.9491564083540325,0.5556228303769168,13,middle
13769,169,0,0.9647708383592639,0.47464089264846765,13,middle
13770,170,0,0.5602851827216985,0.4414590533391404,13,middle
13771,171,0,0.1500437492404293,0.5319406258050665,13,middle
13772,172,0,0.49869397453247205,0.5075222580373744,13,middle
13773,173,0,0.5275907503014896,0.5981515313035163,13,middle
13774,174,0,0.9986531933688028,0.45797439374025634,13,middle
13775,175,0,0.9957087939595222,0.33925430617839636,13,middle
13776,176,0,0.9609418560470335,0.5239839692746131,13,middle
13777,177,0,0.9978153314386551,0.44668482640754803,13,middle
13778,178,0,0.7333319014208142,0.5367932623960514,13,middle
13779,179,0,0.827676953978026,0.4244609801574961,13,middle
13780,180,0,0.8515980771057438,0.28263560454342535,13,middle
13781,181,0,0.1791413293359109,0.4993305974549721,13,middle
13782,182,0,0.8200469205142693,0.3404564648269116,13,middle
13783,183,0,0.5641606584647685,0.44906615207250367,13,middle
13784,184,0,0.604441499115784,0.3592070339016059,13,middle
13785,185,0,0.6121739328132381,0.8969031118229238,13,middle
13786,186,0,0.2509848069427191,0.6830452000457496,13,middle
13787,187,0,0.3935365096201257,0.4636493755327995,13,middle
13788,188,0,0.551780542981498,0.39008595602508234,13,middle
13789,189,0,0.023237936879135487,0.49747161063657735,13,middle
13790,190,0,0.4911657690462638,0.4294355637767903,13,middle
13791,191,0,0.9985019839706704,0.38012629385034424,13,middle
13792,192,0,0.9015869514111703,0.5612311894947712,13,middle
13793,193,0,0.6870392472968987,0.5197454657871514,13,middle
13794,194,0,0.48013101793803575,0.6862102149931883,13,middle
13795,195,0,0.9233665769741719,0.6466702977861942,13,middle
13796,196,0,0.22495887334783501,0.5480637101116298,13,middle
13797,197,0,0.9892908932067946,0.3462567139860593,13,middle
13798,198,0,0.9410542148269594,0.4144757558388761,13,middle
13799,199,0,0.5262424041066676,0.3599585988714615,13,middle
13800,0,0,0.37933237547769605,0.7077384270460242,13,late
13801,1,0,0.8286941345474537,1.0534489670167595,13,late
13802,2,0,0.49624891784571595,0.5954979141018086,13,late
13803,3,0,0.49901566319736834,0.670766738363626,13,late
13804,4,0,0.6820720692261524,0.6061021279543374,13,late
13805,5,0,0.4586822260851055,1.0517061602207975,13,late
13806,6,0,0.48261561424781635,0.9192188305188582,13,late
13807,7,0,0.4987074505830028,0.9935834515000068,13,late
13808,8,0,0.9566854205527833,0.5353536827956282,13,late
13809,9,0,0.6427145878660612,0.4643440274252605,13,late
13810,10,0,0.34154550815396617,0.8206747835017634,13,late
13811,11,0,0.005481827654172685,1.0551532746647596,13,late
13812,12,0,0.49969839932247745,0.7373213948237265,13,late
13813,13,0,0.6145340879563884,0.540112970152149,13,late
13814,14,0,0.5311475045286111,0.8215201189892058,13,late
13815,15,0,0.5000104922303767,0.6759733396722223,13,late
13816,16,0,0.27050192224012815,0.6697009390809321,13,late
13817,17,0,0.24724195907602223,0.7059991518466548,13,late
13818,18,0,0.4988635043738273,0.8398773495550775,13,late
13819,19,0,0.43268981050171523,0.8781745290402942,13,late
13820,20,0,0.9578431038018431,1.0588283421625968,13,late
13821,21,0,0.1320780394674423,1.1847339228751226,13,late
13822,22,0,0.7899632414375912,1.0525757649745218,13,late
13823,23,0,0.5494917245956864,0.7197243404275486,13,late
13824,24,0,0.6177649660580713,0.9301986781415936,13,late
13825,25,0,0.5343532037224553,0.6495433626772029,13,late
13826,26,0,0.4474551318598711,0.30882762934777414,13,late
13827,27,0,0.604639025757897,0.7043419921496478,13,late
13828,28,0,0.5020627575932591,0.7024449038566386,13,late
13829,29,0,0.27347600409490597,0.9291746756170793,13,late
13830,30,0,0.0064034151088498605,0.9491352083928033,13,late
13831,31,0,0.47724563031582784,0.7603478903160676,13,late
13832,32,0,0.49996014866444544,0.9621166266382166,13,late
13833,33,0,0.47830264806831724,0.7607616435370139,13,late
13834,34,0,0.018322081883991252,1.1432749920165972,13,late
13835,35,0,0.45486111850960675,0.9921017865271514,13,late
13836,36,0,0.3458743137980427,0.9146200698126952,13,late
13837,37,0,0.5969741072185477,0.6264705799431924,13,late
13838,38,0,0.6235316088598649,0.5843509249127365,13,late
13839,39,0,0.49764396071960604,0.7808825488362132,13,late
13840,40,0,0.832126966765228,0.5096283017916896,13,late
13841,41,0,0.728686390134571,0.7829785229004902,13,late
13842,42,0,0.4933945546633528,0.6122665652661823,13,late
13843,43,0,0.5029055867857222,0.9509908789531234,13,late
13844,44,0,0.5015144272271824,0.9092299093206507,13,late
13845,45,0,0.0740357146137778,0.8329885973775184,13,late
13846,46,0,0.5057490409293313,0.9546852603954707,13,late
13847,47,0,0.1540992499444476,0.3724554686341989,13,late
13848,48,0,0.09872350778787296,0.5679260048065031,13,late
13849,49,0,0.29588180814193793,0.8840801462963732,13,late
13850,50,0,0.8314366873113777,0.5907607175069887,13,late
13851,51,0,0.4949791902276871,0.861664549055613,13,late
13852,52,0,0.49641666765678394,0.7899410100027189,13,late
13853,53,0,0.5075396329494669,0.625040882416745,13,late
13854,54,0,0.5001017668621288,0.6937796491213583,13,late
13855,55,0,0.544525360286692,0.510115592094889,13,late
13856,56,0,0.5574831319032899,1.0017391652972396,13,late
13857,57,0,0.49533310974651856,0.6149392549076933,13,late
13858,58,0,0.6110191814453436,0.9444720153819255,13,late
13859,59,0,0.7883288993647404,0.9206348050254384,13,late
13860,60,0,0.8219488061387992,1.0529388039384093,13,late
13861,61,0,0.7236982051487599,0.5343179247494338,13,late
13862,62,0,0.009285689926521715,0.7747182897777534,13,late
13863,63,0,0.5003539120367119,0.5744810124437696,13,late
13864,64,0,0.9588923807224554,0.40506596330451683,13,late
13865,65,0,0.9934306126129657,0.7235797840060925,13,late
13866,66,0,0.6251349128913213,0.774447475564291,13,late
13867,67,0,0.9400382310813927,0.5892715290941334,13,late
13868,68,0,0.6205607592711668,0.6669760409735843,13,late
13869,69,0,0.6224605028895935,0.9052810322282887,13,late
13870,70,0,0.445858873788467,0.7738043128490033,13,late
13871,71,0,0.12444335213020416,0.9121077223836533,13,late
13872,72,0,0.5173011016637288,0.9722952783545462,13,late
13873,73,0,0.7231389217349918,0.895947636723567,13,late
13874,74,0,0.3269942813578964,0.7241260269582473,13,late
13875,75,0,0.607137943339266,0.6375877376992578,13,late
13876,76,0,0.4761681488531153,0.8431485746748077,13,late
13877,77,0,0.4966022598810703,0.9993741117297159,13,late
13878,78,0,0.8750500300598821,0.5586201213536515,13,late
13879,79,0,0.03786110773298843,1.2051078055101008,13,late
13880,80,0,0.5274182791674552,0.7432801432425531,13,late
13881,81,0,0.753168732428308,0.9576884379389787,13,late
13882,82,0,0.7957716089592857,0.6471411887700917,13,late
13883,83,0,0.8595043119402073,0.8672860022156341,13,late
13884,84,0,0.9798031639043261,0.7565277053741637,13,late
13885,85,0,0.5233680154650828,0.5667002752493556,13,late
13886,86,0,0.7292383710258823,0.7027452104645006,13,late
13887,87,0,0.4743395923928578,0.7769998787001489,13,late
13888,88,0,0.9575956887397498,0.6962054720080515,13,late
13889,89,0,0.9715317431565014,0.7479364746712666,13,late
13890,90,0,0.9942817569562156,0.7741313139122581,13,late
13891,91,0,0.9362733062469641,0.4063534830034932,13,late
13892,92,0,0.8783313972905955,0.5047035299108715,13,late
13893,93,0,0.9844836275694786,0.868931847953991,13,late
13894,94,0,0.8095599450104626,0.7598562212065236,13,late
13895,95,0,0.8735009317383491,0.833954216447446,13,late
13896,96,0,0.48002664992718813,0.8187654657644571,13,late
13897,97,0,0.5202863779152617,0.481212223287774,13,late
13898,98,0,0.9496538252261618,0.40359854737690315,13,late
13899,99,0,0.764797548506182,0.6016974703907398,13,late
13900,100,0,0.5100877783815772,0.7829661174011967,13,late
13901,101,0,0.9315326827097914,0.9316597352136721,13,late
13902,102,0,0.963231348857732,0.40842110002787935,13,late
13903,103,0,0.8099730573315052,0.6692688689692299,13,late
13904,104,0,0.7776962967523944,0.8687774309431907,13,late
13905,105,0,0.8234063686167536,0.5914895503497222,13,late
13906,106,0,0.9998660584352282,0.8532058804660618,13,late
13907,107,0,0.3240095305798875,0.645958087845554,13,late
13908,108,0,0.9888954246380461,0.4330976525739343,13,late
13909,109,0,0.8264872208582197,0.49144611158968643,13,late
13910,110,0,0.9996642266054128,0.4794154753473273,13,late
13911,111,0,0.3946628318816743,0.5938463870502684,13,late
13912,112,0,0.9998182546034289,0.7486790811542124,13,late
13913,113,0,0.5601286023504023,0.6697923068044669,13,late
13914,114,0,0.9988105732434659,0.7935767932491294,13,late
13915,115,0,0.8899419890704182,0.7244236816619121,13,late
13916,116,0,0.9898864340450886,0.7742034814402621,13,late
13917,117,0,0.8074978645154021,0.6608482214247124,13,late
13918,118,0,0.9697063004441,0.653362771463022,13,late
13919,119,0,0.933001367486828,0.6196388490118004,13,late
13920,120,0,0.4538227110611836,0.6285471603521845,13,late
13921,121,0,0.007655424170617466,0.8481071524894712,13,late
13922,122,0,0.48225915404386965,0.679533873007572,13,late
13923,123,0,0.5002563443786491,1.041114100458063,13,late
13924,124,0,0.9781364291803032,0.8384318760052849,13,late
13925,125,0,0.9067864926451829,0.5916198616516174,13,late
13926,126,0,0.009105782994166946,1.0349629960247202,13,late
13927,127,0,0.8560160087864745,0.5025558742106122,13,late
13928,128,0,0.49989469098168715,1.0139740367557764,13,late
13929,129,0,0.9963658665405118,0.9564175027101512,13,late
13930,130,0,0.9826481792666848,0.5996156774651322,13,late
13931,131,0,0.11382104908546378,0.7444534337470554,13,late
13932,132,0,0.9949573614414511,0.3838714416036425,13,late
13933,133,0,0.9617140621347295,0.5885818179448075,13,late
13934,134,0,0.9983893253545242,0.4362415711880664,13,late
13935,135,0,0.09178678073827196,0.6679989024516744,13,late
13936,136,0,0.6804678107201829,0.5540575756282338,13,late
13937,137,0,0.5044038272610639,0.6261988719501865,13,late
13938,138,0,0.46995112576952836,0.4933694274433581,13,late
13939,139,0,0.44816709919387243,0.6089652725570571,13,late
13940,140,0,0.06070488238509419,0.5948995096798986,13,late
13941,141,0,0.9856011720209007,0.5195378192359326,13,late
13942,142,0,0.11966541408918864,0.966964542770539,13,late
13943,143,0,0.605335571341707,0.8486066520312834,13,late
13944,144,0,0.47533721375931115,0.7516995592120881,13,late
13945,145,0,0.9944927752552215,0.4911177454663356,13,late
13946,146,0,0.9984865773397718,0.3860337287529944,13,late
13947,147,0,0.2906207407648424,0.6562431549317533,13,late
13948,148,0,0.47494501693545016,0.9166487633999115,13,late
13949,149,0,0.6951066696257258,0.5957965201507065,13,late
13950,150,0,0.5433718375236556,0.7003499751089703,13,late
13951,151,0,0.4999977102702633,0.7879940116447292,13,late
13952,152,0,0.8522553191348793,0.43020548723666624,13,late
13953,153,0,0.5466047897596653,1.167791683075421,13,late
13954,154,0,0.5822305436490239,0.7766957677903256,13,late
13955,155,0,0.7585230446285529,0.5341865289156743,13,late
13956,156,0,0.9693115441271385,0.6517738265506172,13,late
13957,157,0,0.842364035716237,0.8371836543405825,13,late
13958,158,0,0.9885146119962354,0.3745183981397849,13,late
13959,159,0,0.9860910339445714,0.5004097773150503,13,late
13960,160,0,0.4583244570839896,0.6947683694750095,13,late
13961,161,0,0.2768830301352353,0.8753788516976058,13,late
13962,162,0,0.9968918548407087,0.8076930368181878,13,late
13963,163,0,0.4466901700936893,1.1245614141815268,13,late
13964,164,0,0.4997363577222373,0.8833457338630383,13,late
13965,165,0,0.9867420309932623,0.26811591645487926,13,late
13966,166,0,0.04983722790260479,0.6186296540093404,13,late
13967,167,0,0.34826501003459576,0.6330547413359945,13,late
13968,168,0,0.023629225698888798,0.7889220032821842,13,late
13969,169,0,0.8784387100577322,0.4267078683675011,13,late
13970,170,0,0.20279838297324523,0.5713547275952164,13,late
13971,171,0,0.8087118405011406,0.45592333543864494,13,late
13972,172,0,0.7502776792836325,1.0728444152712806,13,late
13973,173,0,0.8689880473626628,0.7208042108796047,13,late
13974,174,0,0.9953004332815125,0.4120815830145821,13,late
13975,175,0,0.8940917987240238,0.5381600019523651,13,late
13976,176,0,0.4889283748896439,0.7008853184461681,13,late
13977,177,0,0.5715531282281083,0.5195550869097341,13,late
13978,178,0,0.6222886391232417,0.40537391181384147,13,late
13979,179,0,0.5068454659406718,0.833939677846015,13,late
13980,180,0,0.9999697389979966,0.8432054270301332,13,late
13981,181,0,0.8135129664182064,0.7756460328143746,13,late
13982,182,0,0.9818243997156764,0.45740875054853,13,late
13983,183,0,0.9663866739960232,0.5202882341259032,13,late
13984,184,0,0.9998283495110474,0.45164332201538515,13,late
13985,185,0,0.998274566516486,0.5627299481957733,13,late
13986,186,0,0.5008390845451401,0.5772276988357576,13,late
13987,187,0,0.9461552150336516,0.5211471662619626,13,late
13988,188,0,0.9653486815202119,0.45034729488112035,13,late
13989,189,0,0.8748149587607992,0.46788431248146445,13,late
13990,190,0,0.32348266702112416,0.7551977970777541,13,late
13991,191,0,0.7535519030962783,0.7393287342719488,13,late
13992,192,0,0.48705775165016674,0.9732794642527403,13,late
13993,193,0,0.8863559260058229,0.5017659537148436,13,late
13994,194,0,0.8689839800363444,0.5775120077685949,13,late
13995,195,0,0.3803471533240649,0.8457567711220628,13,late
13996,196,0,0.7812402997966177,0.5483831688610646,13,late
13997,197,0,0.6960296937361248,0.4448753223947548,13,late
13998,198,0,0.8101075266545508,0.6669608683319268,13,late
13999,199,0,0.8465144950487908,0.8859803291319499,13,late
14000,0,0,0.016405993558848204,0.7148248299373852,14,interleaved
14001,1,0,0.8879389438893257,0.5669823314526536,14,interleaved
14002,2,0,0.06422626840957622,0.6916397169023282,14,interleaved
14003,3,0,0.48780576065681736,0.7647636428477342,14,interleaved
14004,4,0,0.537444401848867,0.6321318691801885,14,interleaved
14005,5,0,0.505685821742584,0.6642229808322417,14,interleaved
14006,6,0,0.5870007321863013,0.5000035880156206,14,interleaved
14007,7,0,0.21978864068531936,0.7949964594515389,14,interleaved
14008,8,0,0.9093203700515629,0.5665934247719971,14,interleaved
14009,9,0,0.4056493765929622,0.687157433733289,14,interleaved
14010,10,0,0.2711961533078818,0.5029350443558083,14,interleaved
14011,11,0,0.4572706919632025,0.5103494774009243,14,interleaved
14012,12,0,0.1251088535687916,0.5899465294386512,14,interleaved
14013,13,0,0.492627217788946,0.581250959068582,14,interleaved
14014,14,0,0.34513499639084305,0.7531275765950596,14,interleaved
14015,15,0,0.49879012658012506,1.0667853534089513,14,interleaved
14016,16,0,0.7816091089566658,0.7921227356993928,14,interleaved
14017,17,0,0.5323586447415661,0.5045154971060335,14,interleaved
14018,18,0,0.6467095992269518,0.6242841125610712,14,interleaved
14019,19,0,0.49671287024715305,0.7651639582152017,14,interleaved
14020,20,0,0.678371951969187,0.5268598426473081,14,interleaved
14021,21,0,0.5765623069053982,0.4939760889376935,14,interleaved
14022,22,0,0.4944294243084931,0.8438467637379302,14,interleaved
14023,23,0,0.4972997612462384,0.6083150931152976,14,interleaved
14024,24,0,0.9076044258856303,0.4190595835524973,14,interleaved
14025,25,0,0.49599716993074916,0.7845887111784536,14,interleaved
14026,26,0,0.9634972082659938,0.7360606075126281,14,interleaved
14027,27,0,0.4982521629937448,0.8826240531558489,14,interleaved
14028,28,0,0.9847047205018206,0.7294926322125213,14,interleaved
14029,29,0,0.8499500384658916,0.6222893935325122,14,interleaved
14030,30,0,0.22246496368241903,1.1788929634480962,14,interleaved
14031,31,0,0.21639627436279354,0.7566997170971287,14,interleaved
14032,32,0,0.49810043918080926,0.680766717374847,14,interleaved
14033,33,0,0.9945880046324345,0.7596156639714853,14,interleaved
14034,34,0,0.005271684595700869,1.086537024891785,14,interleaved
14035,35,0,0.5022246220046713,0.9153234194970865,14,interleaved
14036,36,0,0.8512128490037809,0.6853884278546223,14,interleaved
14037,37,0,0.3607406493000859,0.7293683832053098,14,interleaved
14038,38,0,0.9962733637765409,0.6178147932458304,14,interleaved
14039,39,0,0.5232926361217601,0.7770892339167756,14,interleaved
14040,40,0,0.9168718424676962,0.5680872559828488,14,interleaved
14041,41,0,0.300254117156721,0.8043881222440943,14,interleaved
14042,42,0,0.48634812793500853,0.7429172713073608,14,interleaved
14043,43,0,0.7608014788454616,0.692202720953973,14,interleaved
14044,44,0,0.0053637379678014435,0.8716664139271656,14,interleaved
14045,45,0,0.5001771633063773,0.8099033353604054,14,interleaved
14046,46,0,0.9587769273852224,0.5006829080519575,14,interleaved
14047,47,0,0.5004180795497967,1.0966810330419083,14,interleaved
14048,48,0,0.49565431103819263,0.6906941559575366,14,interleaved
14049,49,0,0.5167086916513559,1.0054326656253416,14,interleaved
14050,50,0,0.4906784112449758,0.7502388667446072,14,interleaved
14051,51,0,0.500215279987669,0.9028783041984463,14,interleaved
14052,52,0,0.9449722666368285,0.799229085002563,14,interleaved
14053,53,0,0.9166345167668644,1.1287324525519185,14,interleaved
14054,54,0,0.12282294785164244,0.7515529671938916,14,interleaved
14055,55,0,0.5476727570074542,0.5935141256043996,14,interleaved
14056,56,0,0.9929515447029037,0.4953436674986055,14,interleaved
14057,57,0,0.6319544581592593,0.5350850528756086,14,interleaved
14058,58,0,0.943132400316294,0.746463886723209,14,interleaved
14059,59,0,0.5055986330276258,0.8491825629130378,14,interleaved
14060,60,0,0.3158453901577908,0.454294377765874,14,interleaved
14061,61,0,0.3393824746494864,0.6406533160668433,14,interleaved
14062,62,0,0.2260978055560109,0.6762167663366117,14,interleaved
14063,63,0,0.5004816493414638,0.8292124218488705,14,interleaved
14064,64,0,0.43809053349133636,0.5882181122380523,14,interleaved
14065,65,0,0.5302983357323573,0.5403158623229044,14,interleaved
14066,66,0,0.4898608455065943,0.5757473150129744,14,interleaved
14067,67,0,0.6722700392128486,0.49552179448597955,14,interleaved
14068,68,0,0.46032018782732986,0.4707593420528103,14,interleaved
14069,69,0,0.049527910582306836,0.806752964294758,14,interleaved
14070,70,0,0.7789826440776858,0.752358369156816,14,interleaved
14071,71,0,0.4990730821139001,0.7966946065183733,14,interleaved
14072,72,0,0.557147270565436,0.6013655177649151,14,interleaved
14073,73,0,0.584318054248285,0.7320504598894957,14,interleaved
14074,74,0,0.8600712233547063,0.5925275906294633,14,interleaved
14075,75,0,0.3681865408165028,0.5786331006925334,14,interleaved
14076,76,0,0.9854576866627802,0.383752503813546,14,interleaved
14077,77,0,0.6095792792243546,0.5702792441955757,14,interleaved
14078,78,0,0.01891446773868302,0.9223153712521126,14,interleaved
14079,79,0,0.5751706825223807,0.3903213278649055,14,interleaved
14080,80,0,0.8822996068650248,0.4647824231878596,14,interleaved
14081,81,0,0.44889422395021705,0.4696558083584596,14,interleaved
14082,82,0,0.6807082804561414,0.3776121852727534,14,interleaved
14083,83,0,0.3789859178720689,0.5442465787691313,14,interleaved
14084,84,0,0.3674802744500525,0.4873368882815557,14,interleaved
14085,85,0,0.8045570626751604,0.5138834663412191,14,interleaved
14086,86,0,0.9304621837679974,0.4468316225321165,14,interleaved
14087,87,0,0.668924068557427,0.948623852251334,14,interleaved
14088,88,0,0.4913058087666663,0.6946619168131472,14,interleaved
14089,89,0,0.9752701367890158,0.46255193542544204,14,interleaved
14090,90,0,0.9313865429376924,0.5149366583764395,14,interleaved
14091,91,0,0.3996457195025287,0.7503731363767374,14,interleaved
14092,92,0,0.5095698073805425,0.6766117438106825,14,interleaved
14093,93,0,0.18812214862638588,0.7309227344631024,14,interleaved
14094,94,0,0.5368504579884015,0.6812599073598105,14,interleaved
14095,95,0,0.5442589986157317,0.6089085526432058,14,interleaved
14096,96,0,0.9299360894229027,0.46242714499003756,14,interleaved
14097,97,0,0.5011013648230186,0.6417566531918576,14,interleaved
14098,98,0,0.5169561039665661,0.7272309855078258,14,interleaved
14099,99,0,0.5921346039848543,0.7050859836844421,14,interleaved
14100,100,0,0.9466318295250766,0.4115684317532785,14,interleaved
14101,101,0,0.5130069934278909,0.6346025498209003,14,interleaved
14102,102,0,0.6969562135630037,0.3976623194265849,14,interleaved
14103,103,0,0.6829691540827036,0.4700818750951219,14,interleaved
14104,104,0,0.4280039968374004,0.6055190795435581,14,interleaved
14105,105,0,0.9026916794209711,0.5416841264117878,14,interleaved
14106,106,0,0.5378406822390275,0.4145948009540383,14,interleaved
14107,107,0,0.6900187473303125,0.6785802168696895,14,interleaved
14108,108,0,0.9988483046657319,0.520103820403096,14,interleaved
14109,109,0,0.4963356969562303,0.6745479487926602,14,interleaved
14110,110,0,0.34902504452079747,0.7162168168242021,14,interleaved
14111,111,0,0.49982065099962564,0.7211754621165123,14,interleaved
14112,112,0,0.0023977001610311637,0.5797281621856338,14,interleaved
14113,113,0,0.45478968484954174,0.6074423080638071,14,interleaved
14114,114,0,0.9987925367150821,0.5884901054528194,14,interleaved
14115,115,0,0.48607612501670133,0.8610347478081624,14,interleaved
14116,116,0,0.014185513362759052,0.6039827993815986,14,interleaved
14117,117,0,0.6815091935470735,0.6190758920541617,14,interleaved
14118,118,0,0.9959309972618495,0.4019158228952791,14,interleaved
14119,119,0,0.17922126541094344,0.786345244537138,14,interleaved
14120,120,0,0.9946362572568641,0.5012273736225887,14,interleaved
14121,121,0,0.8773196903116378,0.5348630802777827,14,interleaved
14122,122,0,0.16992463408739614,0.8179197673344685,14,interleaved
14123,123,0,0.5665778054002959,0.6314243873640255,14,interleaved
14124,124,0,0.48374227398061576,0.6227130198405976,14,interleaved
14125,125,0,0.08021647343146238,0.6586270528918482,14,interleaved
14126,126,0,0.9747626444679038,0.4150828795169119,14,interleaved
14127,127,0,0.5248124525205778,0.8255031957373058,14,interleaved
14128,128,0,0.042662481290375455,0.7641553924438064,14,interleaved
14129,129,0,0.5113389664358592,0.463564780642435,14,interleaved
14130,130,0,0.5140799577968174,0.6000649055319959,14,interleaved
14131,131,0,0.03855837048908609,0.6421379712830655,14,interleaved
14132,132,0,0.2040590569969593,0.4898540229294389,14,interleaved
14133,133,0,0.5018300474345021,0.9420153830971384,14,interleaved
14134,134,0,0.7886132975695322,0.5668483048440026,14,interleaved
14135,135,0,0.0612976888138379,0.7270161026880603,14,interleaved
14136,136,0,0.6850753362767519,0.5675412963420994,14,interleaved
14137,137,0,0.4986012672846364,0.9143597292270134,14,interleaved
14138,138,0,0.8729350691594924,0.334047623706851,14,interleaved
14139,139,0,0.5787004969244675,0.5519781641369439,14,interleaved
14140,140,0,0.7612509286821652,0.5427778303004545,14,interleaved
14141,141,0,0.4011440638096954,0.5728611637496461,14,interleaved
14142,142,0,0.1640747740255813,0.6680823482601903,14,interleaved
14143,143,0,0.6265410790609384,0.4024905701615865,14,interleaved
14144,144,0,0.4759677510473688,0.6971149449778198,14,interleaved
14145,145,0,0.5262462731611494,0.6554066253839272,14,interleaved
14146,146,0,0.5538825037601575,0.6501099951027305,14,interleaved
14147,147,0,0.7429901105649107,0.5056518745961627,14,interleaved
14148,148,0,0.4909703224196829,0.48387341615081614,14,interleaved
14149,149,0,0.5045888057963316,0.6089293217496745,14,interleaved
14150,150,0,0.11317340084771502,0.550929883412032,14,interleaved
14151,151,0,0.8432269289366228,0.5881794538030664,14,interleaved
14152,152,0,0.9072571823090243,0.5121081852638552,14,interleaved
14153,153,0,0.5022148631470544,0.5208815037484005,14,interleaved
14154,154,0,0.9693484238055328,0.5629080343906867,14,interleaved
14155,155,0,0.561034414554903,0.5755401341100604,14,interleaved
14156,156,0,0.5098080578650294,0.6858655169886716,14,interleaved
14157,157,0,0.41026569153125136,0.5294407347606076,14,interleaved
14158,158,0,0.9335047261628593,0.5504106464675228,14,interleaved
14159,159,0,0.20335652781026853,0.6829756055213534,14,interleaved
14160,160,0,0.7975434585251718,0.42489491261058887,14,interleaved
14161,161,0,0.9887200836239975,0.2858810011041295,14,interleaved
14162,162,0,0.07831899112646472,0.5110868262004603,14,interleaved
14163,163,0,0.9902172410965522,0.2844123428002782,14,interleaved
14164,164,0,0.9577414368031425,0.2946200683745831,14,interleaved
14165,165,0,0.4014855676475364,0.6459162908198796,14,interleaved
14166,166,0,0.4629151452599626,0.5708272747892184,14,interleaved
14167,167,0,0.5039604309069726,0.6319450026103499,14,interleaved
14168,168,0,0.12867391497900574,0.7769606840722318,14,interleaved
14169,169,0,0.5095939308224537,0.5891184323919988,14,interleaved
14170,170,0,0.2114539781116834,0.5849816674236039,14,interleaved
14171,171,0,0.5745778984852064,0.5909015789604839,14,interleaved
14172,172,0,0.5198163281763061,0.796308903379989,14,interleaved
14173,173,0,0.3939318498180753,0.7131186954924225,14,interleaved
14174,174,0,0.558071579342808,0.5591411916858674,14,interleaved
14175,175,0,0.03494578668395938,0.6863913172410441,14,interleaved
14176,176,0,0.5942208407181351,0.4539456197812396,14,interleaved
14177,177,0,0.408621168348983,0.488354365401055,14,interleaved
14178,178,0,0.6717901920033567,0.514347871825207,14,interleaved
14179,179,0,0.22357735703888454,0.8527516749482088,14,interleaved
14180,180,0,0.5331659919415634,0.8657178732878712,14,interleaved
14181,181,0,0.5011549223886411,0.45867115628534844,14,interleaved
14182,182,0,0.8723366868124545,0.44820050232019565,14,interleaved
14183,183,0,0.12450586318181592,0.47734858517854595,14,interleaved
14184,184,0,0.5539292034975205,0.6486228930255209,14,interleaved
14185,185,0,0.3440148719878632,0.5732682609546074,14,interleaved
14186,186,0,0.4861139499496075,0.5666881206090932,14,interleaved
14187,187,0,0.30270730907480503,0.5363692151876778,14,interleaved
14188,188,0,0.5153125239894308,0.6285623009229453,14,interleaved
14189,189,0,0.35967053476184696,0.5843299876062198,14,interleaved
14190,190,0,0.286462130080341,0.5521752625484591,14,interleaved
14191,191,0,0.49204015822373925,0.5680917848937552,14,interleaved
14192,192,0,0.5626786966144888,0.6051862817328482,14,interleaved
14193,193,0,0.999810374706227,0.5794601856187049,14,interleaved
14194,194,0,0.4972192537428103,0.5914071124228542,14,interleaved
14195,195,0,0.888894121950095,0.36665617134467976,14,interleaved
14196,196,0,0.5456362667404887,0.39744916405010144,14,interleaved
14197,197,0,0.9506394154391852,0.41531368135735003,14,interleaved
14198,198,0,0.8898195756726501,0.7125165005267866,14,interleaved
14199,199,0,0.46856052545902555,0.670822453849293,14,interleaved
14200,0,0,0.02239717085018453,0.8453820825664449,14,blocked
14201,1,0,0.9163925641819457,0.3909778422785404,14,blocked
14202,2,0,0.04498976355511328,0.5167364902151684,14,blocked
14203,3,0,0.24659947500127133,0.5196289027398472,14,blocked
14204,4,0,0.8712386815626676,0.551891941440798,14,blocked
14205,5,0,0.22332226962600918,0.5448144278623969,14,blocked
14206,6,0,0.8134676854974145,0.4702922226129415,14,blocked
14207,7,0,0.17949529468087694,0.4146852590245217,14,blocked
14208,8,0,0.3988501535738661,0.694023389117374,14,blocked
14209,9,0,0.502266837309887,0.7067713275200128,14,blocked
14210,10,0,0.7141142081202829,0.4791574064805725,14,blocked
14211,11,0,0.970008860720168,0.5958374781279311,14,blocked
14212,12,0,0.5805645352208987,0.6252671860247541,14,blocked
14213,13,0,0.035094668829246334,0.6032124339492573,14,blocked
14214,14,0,0.5305606052921333,0.8406723513511309,14,blocked
14215,15,0,0.4978677609531986,0.8639473200999714,14,blocked
14216,16,0,0.5254919645473052,0.4999035637692609,14,blocked
14217,17,0,0.29278763191410523,0.5261303395559962,14,blocked
14218,18,0,0.8140681289529277,0.5546356347549057,14,blocked
14219,19,0,0.7523057948864631,0.5107142084140852,14,blocked
14220,20,0,0.9306388891273751,0.5002479426763287,14,blocked
14221,21,0,0.9386485029098889,0.5404889140112344,14,blocked
14222,22,0,0.9184741298060908,0.5482723088190053,14,blocked
14223,23,0,0.35198857901644803,0.8427396918122352,14,blocked
14224,24,0,0.5146405617213292,0.5186071812831325,14,blocked
14225,25,0,0.10406048896234221,0.6653896331678116,14,blocked
14226,26,0,0.5029635614495979,0.6547950514785006,14,blocked
14227,27,0,0.4707748744477218,0.9021336578984271,14,blocked
14228,28,0,0.923959640184204,0.7156880780780348,14,blocked
14229,29,0,0.6914851635074832,0.65954741964606,14,blocked
14230,30,0,0.7360810872832753,0.7197204185549844,14,blocked
14231,31,0,0.8867736974702922,0.4849013679884706,14,blocked
14232,32,0,0.8770947259292861,0.45969357704038166,14,blocked
14233,33,0,0.8455286588803872,0.8357944987735413,14,blocked
14234,34,0,0.11158304594856643,0.7412587409092471,14,blocked
14235,35,0,0.5044447358994054,0.5294891147424701,14,blocked
14236,36,0,0.19999000564596658,0.6898324280459851,14,blocked
14237,37,0,0.711119033708872,0.7092530071146735,14,blocked
14238,38,0,0.7663485871889266,0.4612267926658356,14,blocked
14239,39,0,0.06406079934671982,1.0906479232135422,14,blocked
14240,40,0,0.5515790680444803,0.8311907912612562,14,blocked
14241,41,0,0.14060079274076326,0.6495017680011688,14,blocked
14242,42,0,0.007394773519402648,0.8882529621524948,14,blocked
14243,43,0,0.3080880946289096,0.9514768169424355,14,blocked
14244,44,0,0.003054716041960693,0.7227793679248435,14,blocked
14245,45,0,0.12059799826955331,0.6995958048408384,14,blocked
14246,46,0,0.07590660392742667,0.7401928929052695,14,blocked
14247,47,0,0.060820668956181156,0.6651245964128183,14,blocked
14248,48,0,0.5733901692074047,0.6961381127924176,14,blocked
14249,49,0,0.6227039570470145,0.5189161416381431,14,blocked
14250,50,0,0.03937142514145728,0.6888128069483888,14,blocked
14251,51,0,0.9950426861543813,0.6961800222960367,14,blocked
14252,52,0,0.42327791890255984,0.6922611429317702,14,blocked
14253,53,0,0.49246178861884377,0.7399099804388527,14,blocked
14254,54,0,0.9431593883407887,0.6091173245393167,14,blocked
14255,55,0,0.4978101630064783,0.7597165016831506,14,blocked
14256,56,0,0.49889872414154124,0.41164563763863615,14,blocked
14257,57,0,0.8203249037394049,0.8928129530248361,14,blocked
14258,58,0,0.9718405521796898,0.7382955547871024,14,blocked
14259,59,0,0.5081622742407511,0.6222330955230122,14,blocked
14260,60,0,0.0007519820367124131,1.3608090230276664,14,blocked
14261,61,0,0.0017149700176821942,0.8500365668491334,14,blocked
14262,62,0,0.9728061741148657,0.5419781345517836,14,blocked
14263,63,0,0.9808492587405172,0.41327952394716594,14,blocked
14264,64,0,0.3408279145076725,0.5184372314869161,14,blocked
14265,65,0,0.5193476007783558,0.8919805679529553,14,blocked
14266,66,0,0.23302079218995522,0.5874216059007729,14,blocked
14267,67,0,0.32921959270054446,0.7068374624083941,14,blocked
14268,68,0,0.9330465998860202,0.6784745878094369,14,blocked
14269,69,0,0.45775089195579793,0.5160128399411296,14,blocked
14270,70,0,0.9134544152151075,0.6235479476414716,14,blocked
14271,71,0,0.6359586049556434,0.626046235332002,14,blocked
14272,72,0,0.5016610714706232,0.7574133058305881,14,blocked
14273,73,0,0.8550036355422367,0.6952559750621594,14,blocked
14274,74,0,0.20164858389689688,0.5295620721150258,14,blocked
14275,75,0,0.9502338813764878,0.5255400299823711,14,blocked
14276,76,0,0.9096582935745848,0.4314139408521558,14,blocked
14277,77,0,0.5207762419054877,0.7040223584012724,14,blocked
14278,78,0,0.5221242366772785,0.7497191859663208,14,blocked
14279,79,0,0.9792594825999267,0.5940548157392266,14,blocked
14280,80,0,0.5015284055253348,0.35993207741215055,14,blocked
14281,81,0,0.8737744281324777,0.6411293779596687,14,blocked
14282,82,0,0.9139419436063966,0.4407090715775357,14,blocked
14283,83,0,0.2159440597473997,0.51584749800397,14,blocked
14284,84,0,0.8944795945779112,0.5908891776336258,14,blocked
14285,85,0,0.8048642948078839,0.6538275263124942,14,blocked
14286,86,0,0.9994600288701707,0.4482834683159185,14,blocked
14287,87,0,0.010658146361259264,0.4915644350451154,14,blocked
14288,88,0,0.4507280543874486,0.49280577125501823,14,blocked
14289,89,0,0.1395219539015028,0.8141744421022217,14,blocked
14290,90,0,0.012550107589474977,0.6917510855466529,14,blocked
14291,91,0,0.09721436378381808,0.7048773873812304,14,blocked
14292,92,0,0.004479639181048998,0.8071517018911567,14,blocked
14293,93,0,0.3726549039714801,0.6810426570195496,14,blocked
14294,94,0,0.994726169739896,0.529735427555841,14,blocked
14295,95,0,0.21714214149305,0.4686058946827391,14,blocked
14296,96,0,0.44637997787021316,0.7581746881397079,14,blocked
14297,97,0,0.9936188954339316,1.1146499165849382,14,blocked
14298,98,0,0.8452042951857718,0.65725504546601,14,blocked
14299,99,0,0.9906919210455971,0.49520710983970373,14,blocked
14300,100,0,0.9972511078520208,0.44393935680821284,14,blocked
14301,101,0,0.14234985034867087,0.6109708284354287,14,blocked
14302,102,0,0.17871997443113763,0.6158984609654603,14,blocked
14303,103,0,0.3857414633074048,0.8022374126322539,14,blocked
14304,104,0,0.9756760495677272,0.8214046078273798,14,blocked
14305,105,0,0.499906652361156,0.6436420372226956,14,blocked
14306,106,0,0.23181594468915065,1.3657874172688151,14,blocked
14307,107,0,0.31867336340849883,0.7159668559614526,14,blocked
14308,108,0,0.10104419803362034,0.8466812063546139,14,blocked
14309,109,0,0.9987264274653045,0.8846103844657915,14,blocked
14310,110,0,0.4878939802995713,0.5733842759390848,14,blocked
14311,111,0,0.03420201240204019,0.6474769916022496,14,blocked
14312,112,0,0.7945693394415698,0.42212670091966936,14,blocked
14313,113,0,0.42496331249677577,0.8007198690879194,14,blocked
14314,114,0,0.9739544603951502,0.9991836962505507,14,blocked
14315,115,0,0.17985456691253118,0.6550031273096797,14,blocked
14316,116,0,0.3730746398113114,0.6553608695693214,14,blocked
14317,117,0,0.9964163420854546,0.934687126294593,14,blocked
14318,118,0,0.5008739056021437,0.4757883035727389,14,blocked
14319,119,0,0.47981889956472673,0.6355798202002357,14,blocked
14320,120,0,0.49239287805718157,0.9250898909506958,14,blocked
14321,121,0,0.4952646126655537,0.6287104619921697,14,blocked
14322,122,0,0.2009166190317167,0.5916392205720924,14,blocked
14323,123,0,0.9189369366446389,0.560267278536662,14,blocked
14324,124,0,0.4952012857465087,0.7942414404459244,14,blocked
14325,125,0,0.9973276298396474,0.4832421989763376,14,blocked
14326,126,0,0.07069232033843997,0.5383794636030221,14,blocked
14327,127,0,0.5050282231642003,0.5488701558518702,14,blocked
14328,128,0,0.9855529418471876,0.515025616532326,14,blocked
14329,129,0,0.1314987982193938,0.5111834829409649,14,blocked
14330,130,0,0.4948963745289898,0.7786579706019179,14,blocked
14331,131,0,0.4526792586173788,0.5477612423791383,14,blocked
14332,132,0,0.9527003181310556,0.36647514056153996,14,blocked
14333,133,0,0.2963204103612869,1.074315211726658,14,blocked
14334,134,0,0.36302029620480153,0.8643755556170729,14,blocked
14335,135,0,0.6919914265914892,0.693113687990367,14,blocked
14336,136,0,0.5751896654113275,0.5878531586784599,14,blocked
14337,137,0,0.9996618081151001,0.6463087340144182,14,blocked
14338,138,0,0.606124790814771,0.38815426381688645,14,blocked
14339,139,0,0.5028890319145758,0.5955797567610427,14,blocked
14340,140,0,0.9885927538385632,0.3813628045602869,14,blocked
14341,141,0,0.37359769974963203,0.6956885895081275,14,blocked
14342,142,0,0.9910554864762433,0.531938209293434,14,blocked
14343,143,0,0.7634534270283719,0.49103983830329456,14,blocked
14344,144,0,0.9829861692668214,0.35435910416801464,14,blocked
14345,145,0,0.08239562647741586,0.562091581052135,14,blocked
14346,146,0,0.006250691712053228,0.8189121296743143,14,blocked
14347,147,0,0.4411980267668622,0.7098973460401985,14,blocked
14348,148,0,0.49913398419257865,0.6424378405004567,14,blocked
14349,149,0,0.3001268252077327,0.994394545152959,14,blocked
14350,150,0,0.9990295390604595,0.40298726631996407,14,blocked
14351,151,0,0.9940907340033796,0.31312111715223434,14,blocked
14352,152,0,0.9708541597298755,0.46020873291513653,14,blocked
14353,153,0,0.482623470972381,0.7596543743039509,14,blocked
14354,154,0,0.9751044500697441,0.5121870374523668,14,blocked
14355,155,0,0.29286590969030396,0.706002247090484,14,blocked
14356,156,0,0.11851167753358971,0.597581874294269,14,blocked
14357,157,0,0.8819717470608464,0.6774735947083859,14,blocked
14358,158,0,0.99014273529839,0.4448147156857847,14,blocked
14359,159,0,0.4970994621603941,0.6062994553167151,14,blocked
14360,160,0,0.552047021532347,0.5196945659131937,14,blocked
14361,161,0,0.007094585563754951,0.8002732359257105,14,blocked
14362,162,0,0.5004180088203739,0.7395689071719598,14,blocked
14363,163,0,0.592916523444199,0.7368746969952812,14,blocked
14364,164,0,0.9559349468636342,0.5410030337672107,14,blocked
14365,165,0,0.992983558868471,0.47267720858496587,14,blocked
14366,166,0,0.007820099383735667,0.6124254133578344,14,blocked
14367,167,0,0.0295232595916343,0.5847606346198813,14,blocked
14368,168,0,0.7579561346894927,0.6844113400100714,14,blocked
14369,169,0,0.8917380982392431,0.627630613912023,14,blocked
14370,170,0,0.5645666204805788,0.6204813962508409,14,blocked
14371,171,0,0.552549725887075,0.5899217586416141,14,blocked
14372,172,0,0.49206761019247,0.5161124517448039,14,blocked
14373,173,0,0.37522377069979695,0.5996904761987558,14,blocked
14374,174,0,0.4955265390641678,0.7848960802785371,14,blocked
14375,175,0,0.9772432285457102,0.48376184653023624,14,blocked
14376,176,0,0.01982784699800414,0.6039323601792934,14,blocked
14377,177,0,0.49340218832039917,0.6876477460456876,14,blocked
14378,178,0,0.9949923612048017,0.5598107901291925,14,blocked
14379,179,0,0.9554167438585,0.5550752778477533,14,blocked
14380,180,0,0.7883458855145511,0.49300772338844145,14,blocked
14381,181,0,0.8002367289505004,0.7536807396139459,14,blocked
14382,182,0,0.5030742278231316,0.4288244950704969,14,blocked
14383,183,0,0.8952517847759538,0.449274969483461,14,blocked
14384,184,0,0.984980709394609,0.7149844386857307,14,blocked
14385,185,0,0.6637016134833855,0.6600614175111885,14,blocked
14386,186,0,0.9957018521803941,1.303687937177488,14,blocked
14387,187,0,0.48325677372352005,0.5811095385618795,14,blocked
14388,188,0,0.7998083883992453,0.7154404187678266,14,blocked
14389,189,0,0.5359083970754502,0.6297425179470473,14,blocked
14390,190,0,0.04135731670951448,0.6845219819348678,14,blocked
14391,191,0,0.025254732861173107,0.84158151558094,14,blocked
14392,192,0,0.9639211408995438,0.48626730694955544,14,blocked
14393,193,0,0.08106392366585434,0.6568170929382915,14,blocked
14394,194,0,0.48478796641743876,0.6702831168415837,14,blocked
14395,195,0,0.9886029531011797,0.5767063484880393,14,blocked
14396,196,0,0.13227898313694636,0.6922370695283881,14,blocked
14397,197,0,0.6476550249688229,0.766466838142315,14,blocked
14398,198,0,0.9291428844082124,0.7690246868586024,14,blocked
14399,199,0,0.004322995913928173,0.7634996763291381,14,blocked
14400,0,0,0.6709786823310044,0.5155144843085884,14,early
14401,1,0,0.4662492255873125,0.5793244347021073,14,early
14402,2,0,0.43456671300884747,0.5367057218329361,14,early
14403,3,0,0.9388187791162231,0.4343615458788235,14,early
14404,4,0,0.08070011322936123,0.6563222830141642,14,early
14405,5,0,0.5248354575295567,0.6029694904287205,14,early
14406,6,0,0.5118285154487647,0.46434431184487207,14,early
14407,7,0,0.4799694702625866,0.7741597354398275,14,early
14408,8,0,0.0015790240379300632,0.804378528647401,14,early
14409,9,0,0.4901754089134246,0.758042281075046,14,early
14410,10,0,0.0003400925396223547,0.9016052207838862,14,early
14411,11,0,0.19292970286847635,0.6402389287879627,14,early
14412,12,0,0.9400630748362894,0.5878932106396235,14,early
14413,13,0,0.014333252268517201,0.7878761998843948,14,early
14414,14,0,0.8187965661854428,0.4592157050374429,14,early
14415,15,0,0.53312229112159,0.6371571505759279,14,early
14416,16,0,0.7739426237888628,0.6519878755294719,14,early
14417,17,0,0.9616412298733524,0.5773312771199838,14,early
14418,18,0,0.4990263399230738,0.6316323896678657,14,early
14419,19,0,0.8456891930978367,0.5508096157567108,14,early
14420,20,0,0.14243953291813982,0.7505800759731517,14,early
14421,21,0,0.26204580927253446,0.7060495411642558,14,early
14422,22,0,0.9935790777187131,0.6583993778829325,14,early
14423,23,0,0.8649111083558723,0.8821785606718324,14,early
14424,24,0,0.03664950859916974,0.9833850865274425,14,early
14425,25,0,0.08656227138615888,0.8921531831495543,14,early
14426,26,0,0.4054046060080383,0.45562119725883066,14,early
14427,27,0,0.5178538241149366,0.880145393183227,14,early
14428,28,0,0.019304802383346878,0.6608884446803813,14,early
14429,29,0,0.2755227910499465,0.5133495353623263,14,early
14430,30,0,0.5087406938565554,0.5404629124108435,14,early
14431,31,0,0.9993777649119002,0.6308080106692204,14,early
14432,32,0,0.9940380524923553,0.5570822741912691,14,early
14433,33,0,0.4484719067034219,0.6796324252279945,14,early
14434,34,0,0.32705846177816145,0.5866216689262373,14,early
14435,35,0,0.7415888355326083,0.5899085599054159,14,early
14436,36,0,0.45455037845372526,0.8212736371451721,14,early
14437,37,0,0.4891314574801506,1.004903524468691,14,early
14438,38,0,0.425242237454683,0.7372605201179869,14,early
14439,39,0,0.37051459755874017,0.9897527669681523,14,early
14440,40,0,0.29017056537576463,1.2679904205639898,14,early
14441,41,0,0.5453385760799576,0.47842645647744875,14,early
14442,42,0,0.9429240120455125,0.6476907553614677,14,early
14443,43,0,0.0931644014908666,0.7038458142765422,14,early
14444,44,0,0.4713511487598441,0.6594366464996033,14,early
14445,45,0,0.9661455882922548,0.7886179215049585,14,early
14446,46,0,0.7001752163480665,1.1825914003799585,14,early
14447,47,0,0.7737892425166442,0.6462600165130801,14,early
14448,48,0,0.31939014030184526,0.5585096884227534,14,early
14449,49,0,8.662537886058267e-06,1.261038715536584,14,early
14450,50,0,3.346964734081937e-05,0.9124368729463199,14,early
14451,51,0,0.12468745249429809,1.0006550577681694,14,early
14452,52,0,0.09515961905023063,0.7279038304806013,14,early
14453,53,0,0.12134639509102196,1.0373947519390907,14,early
14454,54,0,0.9623996484420824,0.7200817173704482,14,early
14455,55,0,0.7640357678826506,0.4248996463041237,14,early
14456,56,0,0.9380868737199577,0.6307629159070234,14,early
14457,57,0,0.6077997822217749,0.49131847247398025,14,early
14458,58,0,0.9993231587925735,0.43844115567840813,14,early
14459,59,0,0.29074466300833285,0.8403856477810607,14,early
14460,60,0,0.4793122738137694,0.6344778317082063,14,early
14461,61,0,8.832907131409352e-05,1.0672859182343306,14,early
14462,62,0,0.992411564304905,0.7869265740280382,14,early
14463,63,0,0.4472140927367329,0.5741206318052877,14,early
14464,64,0,0.10658082066629442,1.090560422547044,14,early
14465,65,0,0.7538001749689247,0.8639115363340149,14,early
14466,66,0,0.6308181212403817,0.7177557023807348,14,early
14467,67,0,0.0007634106675956594,0.822352228096224,14,early
14468,68,0,0.007243205963699437,0.836237634189077,14,early
14469,69,0,0.9682357364642096,0.6493434893058764,14,early
14470,70,0,0.8515195379085829,0.5271075504166942,14,early
14471,71,0,0.9670704829180865,0.46462734863721517,14,early
14472,72,0,0.007005474568093009,0.769581998966196,14,early
14473,73,0,0.008639340561504963,0.5531045544787458,14,early
14474,74,0,0.8206248912072593,0.501806706904238,14,early
14475,75,0,0.9089445611269444,0.920219057568336,14,early
14476,76,0,0.2550889452043216,0.5401628068856886,14,early
14477,77,0,0.6419662298869107,0.49242144517748865,14,early
14478,78,0,0.1232018489301782,0.592413858288144,14,early
14479,79,0,0.07330676400073577,0.8606799824850246,14,early
14480,80,0,0.5537360522781436,0.48897332020820095,14,early
14481,81,0,0.6524549302268023,1.0445057791943027,14,early
14482,82,0,0.9844400925835108,0.8713972463948525,14,early
14483,83,0,0.29772646298220107,0.6154486434606552,14,early
14484,84,0,0.49138595469015717,0.803370338167374,14,early
14485,85,0,0.47784311534854396,0.577464409355274,14,early
14486,86,0,0.8696700385878723,0.38694051762215675,14,early
14487,87,0,0.4938248384736897,0.6249154559230901,14,early
14488,88,0,0.23416774765051815,0.5266705770252043,14,early
14489,89,0,0.3969865272583954,0.49745005072556914,14,early
14490,90,0,0.5093654050549613,0.6647746079209141,14,early
14491,91,0,0.9514990135757282,0.4584517259128259,14,early
14492,92,0,0.968542799026315,0.7323974817314174,14,early
14493,93,0,0.22284546706175676,0.8224814610712368,14,early
14494,94,0,0.5685576497241422,0.5610671927095456,14,early
14495,95,0,0.26508931091983534,0.9668821919443646,14,early
14496,96,0,0.9987726998361119,0.8897781869821122,14,early
14497,97,0,0.5371030655421524,0.5970516894291297,14,early
14498,98,0,0.9558444025613234,0.9059230059030805,14,early
14499,99,0,0.4999844252920195,1.2308722687712024,14,early
14500,100,0,0.6529155720001926,0.6101866569134556,14,early
14501,101,0,0.15344070510947938,0.7317698246647799,14,early
14502,102,0,0.44816335305000815,0.4596968896303676,14,early
14503,103,0,0.7187110482323149,0.5131646401966852,14,early
14504,104,0,0.6819126026266766,0.38491050997643794,14,early
14505,105,0,0.32556393839168,0.7667379567972357,14,early
14506,106,0,0.6471172450151133,0.5365102488061918,14,early
14507,107,0,0.03824499829886799,0.7777673423162479,14,early
14508,108,0,0.5780265323716184,0.6535639196593606,14,early
14509,109,0,0.532816187841804,0.7400393763217892,14,early
14510,110,0,0.4959503028082171,0.6925242272090554,14,early
14511,111,0,0.9963593161924043,0.6053168810752911,14,early
14512,112,0,0.5069064988835631,0.5627480791337545,14,early
14513,113,0,0.6388766220436353,0.5099197442598976,14,early
14514,114,0,0.5037088515506886,0.9745466499584223,14,early
14515,115,0,0.9961234928646105,0.6840925192073135,14,early
14516,116,0,0.4629792581477593,0.6082096454832508,14,early
14517,117,0,0.6239696766230906,0.5146547089078589,14,early
14518,118,0,0.8329306115929442,0.64861154390769,14,early
14519,119,0,0.2631247070925694,0.6762035668488917,14,early
14520,120,0,0.502113100235078,0.632630763126209,14,early
14521,121,0,0.8390377590550566,0.4837525491294572,14,early
14522,122,0,0.9756349763697783,0.8296196086904915,14,early
14523,123,0,0.6688880114017107,0.6049123179019595,14,early
14524,124,0,0.6766554535265067,0.6710719479825211,14,early
14525,125,0,0.5135444205195997,0.8698509866528443,14,early
14526,126,0,0.5911222846182336,0.958325476137931,14,early
14527,127,0,0.9933965947210096,0.7115271697330479,14,early
14528,128,0,0.4564493232071788,0.5146451450820206,14,early
14529,129,0,0.9804743578049192,0.6119928518868483,14,early
14530,130,0,0.47266164307212566,0.6668902047785372,14,early
14531,131,0,0.9862345884895185,0.5262249203692194,14,early
14532,132,0,0.9545652524357805,0.3195271088054147,14,early
14533,133,0,0.5029690603219222,0.8226624882755006,14,early
14534,134,0,0.4430972118461649,0.5881216157217484,14,early
14535,135,0,0.9892048252072203,0.5400240630816213,14,early
14536,136,0,0.681665612854043,0.39121085142405165,14,early
14537,137,0,0.2766792543819953,0.9437338278927957,14,early
14538,138,0,0.657624903304523,0.8036762294697006,14,early
14539,139,0,0.48763641393875223,0.9247104112163922,14,early
14540,140,0,0.4989381060736557,0.6259822527762468,14,early
14541,141,0,0.8294404798102974,0.7210131512554961,14,early
14542,142,0,0.6769561151260404,0.6004349190149132,14,early
14543,143,0,0.13548821708049738,0.5787846286331928,14,early
14544,144,0,0.6284842432891151,0.4137798994875656,14,early
14545,145,0,0.29728958348744056,0.6675155769680257,14,early
14546,146,0,0.5359506657723249,0.6513614315783371,14,early
14547,147,0,0.5188293937924924,0.8221276367214301,14,early
14548,148,0,0.24258555881052035,0.8884070128137747,14,early
14549,149,0,0.5306497491662204,0.7140044935446701,14,early
14550,150,0,0.5054750684836271,0.5311930901671715,14,early
14551,151,0,0.5042431707801058,1.0460568031769597,14,early
14552,152,0,0.9156381957251334,0.5420706357738287,14,early
14553,153,0,0.43397439830881607,0.6484526183380099,14,early
14554,154,0,0.4942487722373504,0.8326103736289899,14,early
14555,155,0,0.49997388370444895,0.9166384668252218,14,early
14556,156,0,0.4946315537913694,0.500945359650899,14,early
14557,157,0,0.7112495997670052,0.554840163818355,14,early
14558,158,0,0.9260968351505621,0.8073992218502655,14,early
14559,159,0,0.4545716563315447,0.364271569497606,14,early
14560,160,0,0.5353715206131903,0.6229921089055457,14,early
14561,161,0,0.5359540303008482,0.5223398601229394,14,early
14562,162,0,0.9563504362634565,0.7169869076042872,14,early
14563,163,0,0.7481043122551096,0.713151318431806,14,early
14564,164,0,0.8016633987023094,0.32113680495772834,14,early
14565,165,0,0.7639951441301358,0.522674581686307,14,early
14566,166,0,0.8709889874143948,0.7665680581684091,14,early
14567,167,0,0.6977668026272122,0.46303251777652593,14,early
14568,168,0,0.9374807019256512,0.691658316349955,14,early
14569,169,0,0.4619092701597326,0.6565322857305574,14,early
14570,170,0,0.9947686088155198,0.5362303030058022,14,early
14571,171,0,0.8918663426670657,0.28800257431780274,14,early
14572,172,0,0.9641890938595514,0.6303915282934828,14,early
14573,173,0,0.6492303643803048,0.49572428538597213,14,early
14574,174,0,0.9169720866544452,0.5891733631514817,14,early
14575,175,0,0.004552497317065899,0.8504314449177247,14,early
14576,176,0,0.9323035113101301,0.47539544966925606,14,early
14577,177,0,0.5744418546790068,0.5177633190086625,14,early
14578,178,0,0.48845338236919245,0.4750874730954663,14,early
14579,179,0,0.36537817163994424,0.6217052583051921,14,early
14580,180,0,0.4776051122330629,0.6894428767609941,14,early
14581,181,0,0.9970406964624179,0.3434891504042065,14,early
14582,182,0,0.999178551543537,0.5017822797650794,14,early
14583,183,0,0.5355305488420793,0.4764527872231117,14,early
14584,184,0,0.8320555988835403,0.344316190974829,14,early
14585,185,0,0.9431265375755067,0.39302312503426884,14,early
14586,186,0,0.19540953378726317,0.6776299384097164,14,early
14587,187,0,0.14661130521833118,1.0242478064064646,14,early
14588,188,0,0.11828157043819594,0.8697381071647787,14,early
14589,189,0,0.47412057367292165,0.543631139848589,14,early
14590,190,0,0.5483535055508271,0.5147220115717284,14,early
14591,191,0,0.5513162128363387,0.38502850801014193,14,early
14592,192,0,0.9525146069088093,0.5021970009766116,14,early
14593,193,0,0.8168818226485302,0.5401403944897675,14,early
14594,194,0,0.89699590729055,0.3318427672108079,14,early
14595,195,0,0.4721483448509786,0.5043663382007506,14,early
14596,196,0,0.9556861137383017,0.6478090898243549,14,early
14597,197,0,0.33392424061868325,0.5409604913880943,14,early
14598,198,0,0.8942571574046674,0.49193492189566906,14,early
14599,199,0,0.9564638122258105,0.7451651978263488,14,early
14600,0,0,0.9630339887860078,0.6248898030163546,14,middle
14601,1,0,0.14479777404530378,0.9101793029812701,14,middle
14602,2,0,0.38958412079862514,0.45461278185069515,14,middle
14603,3,0,0.3033389153890926,0.38864478414312537,14,middle
14604,4,0,0.5916847480142159,0.6835358287392762,14,middle
14605,5,0,0.5097755588731726,1.059608994348656,14,middle
14606,6,0,0.9674459789675457,0.5926924446019255,14,middle
14607,7,0,0.8026354767126127,1.009510899555214,14,middle
14608,8,0,0.3271084659425959,0.7025674497416965,14,middle
14609,9,0,0.43270144476077876,0.5546832449070229,14,middle
14610,10,0,0.22417555305717485,0.4841084065005963,14,middle
14611,11,0,0.3196463206028157,0.8211281127930057,14,middle
14612,12,0,0.04408619008507428,0.6802798828125337,14,middle
14613,13,0,0.6106378493690299,0.6305236536704193,14,middle
14614,14,0,0.5871290508663962,0.8169649934668437,14,middle
14615,15,0,0.33192952887494714,0.7016337465936029,14,middle
14616,16,0,0.578475540873985,0.7634097683072134,14,middle
14617,17,0,0.32506954427284407,0.6887241597728173,14,middle
14618,18,0,0.5332577893729992,0.6790553759716713,14,middle
14619,19,0,0.9627571881313725,0.5506662410868512,14,middle
14620,20,0,0.4072337745362545,0.6201998271180273,14,middle
14621,21,0,0.7165087477767125,0.6576603315536853,14,middle
14622,22,0,0.035124253548218035,0.8773339269654759,14,middle
14623,23,0,0.8125396626151826,0.6146385123013027,14,middle
14624,24,0,0.8183439084297781,0.8803943824607638,14,middle
14625,25,0,0.06997634510573078,0.7209238033629704,14,middle
14626,26,0,0.4949077506158043,0.9253867194533592,14,middle
14627,27,0,0.4895408348814225,0.7895039516221297,14,middle
14628,28,0,0.2864617378579035,0.5051440125150894,14,middle
14629,29,0,0.018788393099808145,0.6683474981148027,14,middle
14630,30,0,0.583051695353553,0.4419077966414819,14,middle
14631,31,0,0.4466619255471318,0.49216688960856997,14,middle
14632,32,0,0.39059900096677524,0.71329437346707,14,middle
14633,33,0,0.5143894343837797,0.8894324259378004,14,middle
14634,34,0,0.04136843907078171,0.7239839898447864,14,middle
14635,35,0,0.42532097226326293,0.6223785955543365,14,middle
14636,36,0,0.27328365655220976,0.8113212887232992,14,middle
14637,37,0,0.03369248012794933,0.7192326872891246,14,middle
14638,38,0,0.48154735299834206,0.8086583516947512,14,middle
14639,39,0,0.6065942076885938,0.5653322465482311,14,middle
14640,40,0,0.5889350523937693,0.46160299205713007,14,middle
14641,41,0,0.498563844130197,0.8941615408153263,14,middle
14642,42,0,0.4542249596688784,0.9690123862999229,14,middle
14643,43,0,0.689709113879337,0.6894134276389405,14,middle
14644,44,0,0.9412616794168335,0.7595486873333752,14,middle
14645,45,0,0.1574853250936913,0.7787446807337466,14,middle
14646,46,0,0.5089949742054822,0.5630227596221551,14,middle
14647,47,0,0.5572055295980709,0.8129834545894004,14,middle
14648,48,0,0.48993153637323766,1.005329127162904,14,middle
14649,49,0,0.5199648100587584,0.6011399672264857,14,middle
14650,50,0,0.5708225704793283,0.6182850832153075,14,middle
14651,51,0,0.5655147328662171,0.2632098925525069,14,middle
14652,52,0,0.8940149989991986,0.6648837449135563,14,middle
14653,53,0,0.6988590451006296,0.5815974102951103,14,middle
14654,54,0,0.6460399947193567,0.48002945896668836,14,middle
14655,55,0,0.9689236324129065,0.5108042218889595,14,middle
14656,56,0,0.07354085634257657,0.9750176189646922,14,middle
14657,57,0,0.3436476540078541,0.6863643666198787,14,middle
14658,58,0,0.28889807146113916,0.9960332604645472,14,middle
14659,59,0,0.9999590155119318,0.5657911329041874,14,middle
14660,60,0,0.4047846958200753,0.8060483263797176,14,middle
14661,61,0,0.8677616229577385,0.68872423249133,14,middle
14662,62,0,0.498084519822103,0.43849531735536873,14,middle
14663,63,0,0.5000372777215074,0.9370031685731609,14,middle
14664,64,0,0.9773779742324917,0.8045933276503447,14,middle
14665,65,0,0.5008233415057036,0.8082326135512807,14,middle
14666,66,0,0.777163361415143,0.5074779591547465,14,middle
14667,67,0,0.9342609872236047,0.8356395481215,14,middle
14668,68,0,0.460119031406996,0.8522182243901242,14,middle
14669,69,0,0.5038927519227419,0.8061854612089142,14,middle
14670,70,0,0.4635888868330292,0.7576308716293325,14,middle
14671,71,0,0.8586339553497633,0.5971898022174663,14,middle
14672,72,0,0.5002595348835915,0.8145348924481692,14,middle
14673,73,0,0.5027024327050473,0.859877771980377,14,middle
14674,74,0,0.9425081974168812,0.6097664997453702,14,middle
14675,75,0,0.6253136494394873,0.7523301097435272,14,middle
14676,76,0,0.359981310624249,0.8792022682537307,14,middle
14677,77,0,0.9998475401495796,0.6666891766045852,14,middle
14678,78,0,0.49747860618762296,0.9109183973106167,14,middle
14679,79,0,0.9891858261526244,0.5855196461920475,14,middle
14680,80,0,0.09981528055352867,0.7295749503766757,14,middle
14681,81,0,0.03258703661702871,1.2605657715042178,14,middle
14682,82,0,0.8867136014372459,0.7108130992584314,14,middle
14683,83,0,0.00016858264313814942,0.8799666192157893,14,middle
14684,84,0,0.07125047880997809,0.6427400657391877,14,middle
14685,85,0,0.0073301986365377995,0.8346380187741127,14,middle
14686,86,0,0.03576087740148777,0.9511918598626137,14,middle
14687,87,0,0.015377765890589477,0.6286011006554872,14,middle
14688,88,0,0.2835619551910042,0.6643242772020939,14,middle
14689,89,0,0.4722737342545348,0.4422922938931794,14,middle
14690,90,0,0.5106517147187091,0.7137562720236098,14,middle
14691,91,0,0.9820070181019456,0.5453177768330251,14,middle
14692,92,0,0.9603706932421708,0.4417682909537709,14,middle
14693,93,0,0.5445442767651927,0.5080200130410195,14,middle
14694,94,0,0.9395415903744277,0.5571434321453475,14,middle
14695,95,0,0.4558042239269944,0.5047031496523628,14,middle
14696,96,0,0.719917714155054,0.49034814649283576,14,middle
14697,97,0,0.9808126959503116,0.37285656713336335,14,middle
14698,98,0,0.30981956379260056,0.47483805860249184,14,middle
14699,99,0,0.49621569308257707,0.6968348513311393,14,middle
14700,100,0,0.2648609343044464,0.9141772243753639,14,middle
14701,101,0,0.522423762766553,0.9190931621222231,14,middle
14702,102,0,0.9894716663666723,0.3702567692412544,14,middle
14703,103,0,0.00023219182276467274,0.8372439189355113,14,middle
14704,104,0,0.5644783423752908,0.7429132716817504,14,middle
14705,105,0,0.5015186714020984,0.8013962389032185,14,middle
14706,106,0,0.9735789374978906,0.44129667121650973,14,middle
14707,107,0,0.7149567020943244,0.43212084949449847,14,middle
14708,108,0,0.5064112304451603,0.579744158479813,14,middle
14709,109,0,0.32025331288850784,0.5477224425125856,14,middle
14710,110,0,0.9663192607360036,0.4556851400507565,14,middle
14711,111,0,0.47348675916899297,0.6118091776679837,14,middle
14712,112,0,0.6257826331216259,0.6292831007896321,14,middle
14713,113,0,0.9391313387933744,0.8775564151270542,14,middle
14714,114,0,0.9994731076812937,0.7844280179031538,14,middle
14715,115,0,0.8787350219336876,0.4719949887287418,14,middle
14716,116,0,0.5137401980441367,0.5272471943894738,14,middle
14717,117,0,0.9961866168622624,0.7008775660999295,14,middle
14718,118,0,0.9967569913078086,0.4552874238750061,14,middle
14719,119,0,0.9762766416645308,1.0558587389904055,14,middle
14720,120,0,0.029264531568682334,0.6066578693146631,14,middle
14721,121,0,0.9490434157183919,0.5602490078374742,14,middle
14722,122,0,0.7616860073084843,0.6307573767477346,14,middle
14723,123,0,0.9998330201994237,0.6401562560283496,14,middle
14724,124,0,0.6156332522378838,0.5903003196224993,14,middle
14725,125,0,0.9936038525065303,0.6103353398974417,14,middle
14726,126,0,0.5030521945415428,0.6856953560548811,14,middle
14727,127,0,0.9981394131755602,0.6827704481018464,14,middle
14728,128,0,0.366996805576232,0.6053295766674501,14,middle
14729,129,0,0.8311817246166886,0.7665991730795056,14,middle
14730,130,0,0.9992867592597712,0.6235526333820275,14,middle
14731,131,0,0.3461637907882129,0.6524659350202195,14,middle
14732,132,0,0.6635863485195096,0.5041612082307192,14,middle
14733,133,0,0.850632429479277,0.4698638285400431,14,middle
14734,134,0,0.46685241098857766,0.8268325690042546,14,middle
14735,135,0,0.4849270352766182,0.743353965007773,14,middle
14736,136,0,0.5954156830330016,0.5825693765384902,14,middle
14737,137,0,0.4384725995403806,0.6524285664994738,14,middle
14738,138,0,0.2170818424952724,0.6498948845576866,14,middle
14739,139,0,0.5356431945140037,0.4727421252850553,14,middle
14740,140,0,0.8874288746929115,0.5903085978268385,14,middle
14741,141,0,0.5011685966992451,1.108127594408628,14,middle
14742,142,0,0.5025351550400144,0.7903583952013142,14,middle
14743,143,0,0.4858400592365613,0.5295304652303051,14,middle
14744,144,0,0.5870086999181976,0.6753047646171575,14,middle
14745,145,0,0.5147579562008894,0.6328586959541345,14,middle
14746,146,0,0.802192446154997,0.8082448963427769,14,middle
14747,147,0,0.4717115500410664,0.8997904846435822,14,middle
14748,148,0,0.2607547746484664,0.767220339777291,14,middle
14749,149,0,0.808472156578822,0.8641510527044364,14,middle
14750,150,0,0.8188462420774829,0.5326573185774057,14,middle
14751,151,0,0.546371704280217,0.5553557828806135,14,middle
14752,152,0,0.4824970059549651,0.775606411873955,14,middle
14753,153,0,0.7005452969916066,1.0755289346091994,14,middle
14754,154,0,0.8563767166371664,0.8508137134691167,14,middle
14755,155,0,0.5248695953941823,0.9103735459850755,14,middle
14756,156,0,0.9834096800963249,0.7194939866167996,14,middle
14757,157,0,0.9951236279399616,0.6517067533877773,14,middle
14758,158,0,0.9449487140977031,0.6683525375270974,14,middle
14759,159,0,0.963127231747668,0.8446588434607722,14,middle
14760,160,0,0.3944585167320187,0.7192668000755614,14,middle
14761,161,0,0.961432008587807,0.6643948810985714,14,middle
14762,162,0,0.04268850938687428,0.665742136020721,14,middle
14763,163,0,0.49464676914712546,0.6855365955757752,14,middle
14764,164,0,0.9845479433804308,0.49090029457770257,14,middle
14765,165,0,0.8458601021001032,0.6442947476226566,14,middle
14766,166,0,0.39475971285159955,0.9840833815880539,14,middle
14767,167,0,0.4886485569109232,0.5188846979243882,14,middle
14768,168,0,0.5860796156581924,0.5105434992277572,14,middle
14769,169,0,0.796107779811837,0.49653986572178516,14,middle
14770,170,0,0.00661912276866586,0.7807892896130648,14,middle
14771,171,0,0.2278643174066154,0.9667008094194779,14,middle
14772,172,0,0.5666713942681265,0.7424027108125475,14,middle
14773,173,0,0.49903258229439706,0.6462453133344915,14,middle
14774,174,0,0.8908522804538359,0.590528914306289,14,middle
14775,175,0,0.4889540418822764,1.1753698558950934,14,middle
14776,176,0,0.9991623603937165,0.7987718410737525,14,middle
14777,177,0,0.40300211740121095,0.5068803748236017,14,middle
14778,178,0,0.21914934282692206,0.603188168671158,14,middle
14779,179,0,0.9982943016051482,0.5623553919559119,14,middle
14780,180,0,0.4367596227488173,0.626287582879224,14,middle
14781,181,0,0.5040514674789481,0.810534914743996,14,middle
14782,182,0,0.041445980649191014,0.5488800650620271,14,middle
14783,183,0,0.24019315425491738,0.743949020513631,14,middle
14784,184,0,0.6935431164011328,0.7102189106012724,14,middle
14785,185,0,0.29832238029470926,0.5293482757377848,14,middle
14786,186,0,0.5914602531089918,0.6614286708602972,14,middle
14787,187,0,0.9837242668016942,0.5882740923325345,14,middle
14788,188,0,0.9827312074064536,0.4278101825847914,14,middle
14789,189,0,0.36444138254105146,1.1504793122545485,14,middle
14790,190,0,0.9495349959156978,0.6150546891640287,14,middle
14791,191,0,0.5009551859568485,0.6057411361954705,14,middle
14792,192,0,0.9994553447164136,0.5266591347799742,14,middle
14793,193,0,0.9991325321380922,0.39707398035758035,14,middle
14794,194,0,0.9996563132217045,0.8261078942052864,14,middle
14795,195,0,0.1748497279452154,0.6273075870021372,14,middle
14796,196,0,0.5098416353488483,0.5557622770893629,14,middle
14797,197,0,0.9163037832631057,0.5492234779217783,14,middle
14798,198,0,0.9999378147359024,0.38107528960364134,14,middle
14799,199,0,0.13370872414748616,0.5573552097234165,14,middle
14800,0,0,0.6194639739594386,0.7223560130074175,14,late
14801,1,0,0.3632203015137571,0.4124444404542411,14,late
14802,2,0,0.7456526888413121,0.6674183956373585,14,late
14803,3,0,0.4283873981871656,0.8442014467050902,14,late
14804,4,0,0.41028631257083237,0.568861424666773,14,late
14805,5,0,0.3329236593794113,0.4962764311407861,14,late
14806,6,0,0.9935520918363228,0.4885528155087542,14,late
14807,7,0,0.7581758430396697,0.5889561388453971,14,late
14808,8,0,0.3556824426615772,0.7545652093525516,14,late
14809,9,0,0.15851363119346212,0.6640339081367214,14,late
14810,10,0,0.6199169783617549,0.5058869696728004,14,late
14811,11,0,0.6059278947464766,0.5635162325037775,14,late
14812,12,0,0.6028038371254683,0.6709025752597764,14,late
14813,13,0,0.3823873519657794,0.5271306040141019,14,late
14814,14,0,0.49952180278424285,0.695635236140794,14,late
14815,15,0,0.9705714672154326,0.9944171013362362,14,late
14816,16,0,0.6188235893876378,0.5952544585414784,14,late
14817,17,0,0.40689090913048387,0.6598347908588451,14,late
14818,18,0,0.8522523262713315,0.8951849353392256,14,late
14819,19,0,0.5083381334419966,0.6250309735809021,14,late
14820,20,0,0.6872561512125084,0.5607736997910161,14,late
14821,21,0,0.7827416625772128,0.5680630934823943,14,late
14822,22,0,0.6760193511312582,0.4732315603453756,14,late
14823,23,0,0.2606238128872848,0.6503028930690015,14,late
14824,24,0,0.47820903976834495,0.7782227028889794,14,late
14825,25,0,0.7239343792089853,0.6319824692344063,14,late
14826,26,0,0.7356699984482422,0.6888738736189546,14,late
14827,27,0,0.2194099252057677,0.7742601918477526,14,late
14828,28,0,0.5029175610315398,0.45857459189766525,14,late
14829,29,0,0.5914723941909953,1.024226293363328,14,late
14830,30,0,0.503617888019795,0.39561227912562624,14,late
14831,31,0,0.08261120675168007,0.7610447406084663,14,late
14832,32,0,0.6738859897594507,0.578967618630765,14,late
14833,33,0,0.1777157569690747,0.8284931943107586,14,late
14834,34,0,0.6863223713401753,0.5110693158186937,14,late
14835,35,0,0.6347712497548336,0.4392452985716642,14,late
14836,36,0,0.8018103302591554,0.7261510040027463,14,late
14837,37,0,0.9147875290020111,0.6661463942714205,14,late
14838,38,0,0.4789525178409944,1.0435415879729428,14,late
14839,39,0,0.4845754001479702,0.7780872316638348,14,late
14840,40,0,0.7936056944408652,0.4406480545961797,14,late
14841,41,0,0.5071146700128729,0.9529212257666413,14,late
14842,42,0,0.006675848217095537,0.8949028883251084,14,late
14843,43,0,0.29466496087879623,0.935028716922681,14,late
14844,44,0,0.3524555030054851,0.9119094321024954,14,late
14845,45,0,0.4184082410472463,0.8168889988024358,14,late
14846,46,0,0.5192444497387,0.6408528049037454,14,late
14847,47,0,0.446796059133143,0.5663108953769702,14,late
14848,48,0,0.7646003556926796,0.7736382202310627,14,late
14849,49,0,0.9656540918296168,0.7916133106394083,14,late
14850,50,0,0.5162417457382007,0.7371034905229985,14,late
14851,51,0,0.9966825394634677,0.47284231454061953,14,late
14852,52,0,0.4836273884580945,0.5864692961813538,14,late
14853,53,0,0.8621217868491682,0.5944663760628581,14,late
14854,54,0,0.34575400400935075,0.9914202028095563,14,late
14855,55,0,0.9772709900153571,0.8541237847753663,14,late
14856,56,0,0.9626687978567474,0.5117366563846888,14,late
14857,57,0,0.49162341617769023,0.9862783254390859,14,late
14858,58,0,0.2382972249765356,1.0820736772612318,14,late
14859,59,0,0.5044443659449787,0.6764731998692561,14,late
14860,60,0,0.9457462811392249,0.5673882947260454,14,late
14861,61,0,0.6935300166816263,0.6706855535996166,14,late
14862,62,0,0.01628156560560928,0.6054766506101412,14,late
14863,63,0,0.40430648778723083,0.6434081147003063,14,late
14864,64,0,0.4341368140508733,0.4308176076236282,14,late
14865,65,0,0.46802322601762364,0.515516426253351,14,late
14866,66,0,0.9617988472481438,0.3863977087475732,14,late
14867,67,0,0.1768789187795086,0.39814697865840587,14,late
14868,68,0,0.6166488962447099,0.7457804366381695,14,late
14869,69,0,0.11807892143097239,0.8659977732254078,14,late
14870,70,0,0.507518966731573,0.5694664551027986,14,late
14871,71,0,0.3187125065540043,0.5558648677104323,14,late
14872,72,0,0.3312505797260212,0.5840424277863039,14,late
14873,73,0,0.25047845947505254,0.7142362721674105,14,late
14874,74,0,0.27118327611853305,0.42368224053348724,14,late
14875,75,0,0.39240711316952737,0.4782026196801977,14,late
14876,76,0,0.5049369652692695,0.5917874921376209,14,late
14877,77,0,0.5437248190233018,0.742498359439902,14,late
14878,78,0,0.029101793839521328,0.9311218015633015,14,late
14879,79,0,0.5141855262068724,0.5689660657992641,14,late
14880,80,0,0.9204880758990088,0.6918626535526842,14,late
14881,81,0,0.018417788271141766,0.6370271055608938,14,late
14882,82,0,0.7709981800173474,0.5308682540565768,14,late
14883,83,0,0.140441107239099,0.5908644626521311,14,late
14884,84,0,0.5422575449352192,0.6637358986976066,14,late
14885,85,0,0.6003936903358283,0.4801555020008368,14,late
14886,86,0,0.15945600025824153,0.7373515527017641,14,late
14887,87,0,0.51716345605996,0.6156934429712388,14,late
14888,88,0,0.7398435251867781,0.6920967245529597,14,late
14889,89,0,0.09976665316360174,0.6808028580893772,14,late
14890,90,0,0.9832473465455518,0.3568001921379331,14,late
14891,91,0,0.06528577679876038,0.8711411175078349,14,late
14892,92,0,0.6930634581491111,0.5265003040704915,14,late
14893,93,0,0.2793144252238412,0.43806745807418224,14,late
14894,94,0,0.8235977191558324,0.5905384747461557,14,late
14895,95,0,0.624618969044397,0.6304849470172433,14,late
14896,96,0,0.9062629969027977,0.34031075351407136,14,late
14897,97,0,0.7893061859882895,0.6730890332302961,14,late
14898,98,0,0.6141517751756885,0.8159796350975892,14,late
14899,99,0,0.41381800096711374,0.6128501144424177,14,late
14900,100,0,0.6610700201197708,0.7686277925951175,14,late
14901,101,0,0.9509276862218292,0.327439535776527,14,late
14902,102,0,0.17180410072441854,0.8485266779040432,14,late
14903,103,0,0.035514517512274496,1.1093340944211283,14,late
14904,104,0,0.48703847774090814,0.49040461687851833,14,late
14905,105,0,0.8177316797343094,0.8352575579084849,14,late
14906,106,0,0.4121207821575033,0.5881778943774749,14,late
14907,107,0,0.14761229940715434,0.7037254218307282,14,late
14908,108,0,0.08237995347346418,0.9209105710679553,14,late
14909,109,0,0.9678908663699581,0.44415418311204613,14,late
14910,110,0,0.9307085135959856,0.6584138792918908,14,late
14911,111,0,0.04331779546323154,0.6785360731540496,14,late
14912,112,0,0.17526210713350415,0.8386278009784842,14,late
14913,113,0,0.29972297818368365,0.7724297896196206,14,late
14914,114,0,0.2851255288000383,0.6733652099270429,14,late
14915,115,0,0.9381576639800192,0.48001487882220695,14,late
14916,116,0,0.8281246493787668,0.6973150655510885,14,late
14917,117,0,0.9609717264183262,0.5699277088025163,14,late
14918,118,0,0.9613301793622384,0.6961034156259188,14,late
14919,119,0,0.42034237404228697,0.627800603081923,14,late
14920,120,0,0.21818592046647764,0.7963142889428133,14,late
14921,121,0,0.8119884815543219,0.7730523212911988,14,late
14922,122,0,0.4665019134383718,0.7000524855897341,14,late
14923,123,0,0.906321707311105,0.6226705112051767,14,late
14924,124,0,0.4220772002042662,0.6945210257436898,14,late
14925,125,0,0.08162812810321958,0.7561698374742425,14,late
14926,126,0,0.3563434048493212,0.6816350656634808,14,late
14927,127,0,0.12647243222882085,0.7679977654132079,14,late
14928,128,0,0.4215653593136247,0.478509089588414,14,late
14929,129,0,0.5108244983150211,0.719601775779082,14,late
14930,130,0,0.006354843557763843,0.775233854413401,14,late
14931,131,0,0.5564687375006175,0.6280023123202587,14,late
14932,132,0,0.4604408693019063,0.553761805555556,14,late
14933,133,0,0.4528073768989494,0.7392601713320155,14,late
14934,134,0,0.34998717809455404,0.41289391401901065,14,late
14935,135,0,0.5225830159533718,0.7063925040313008,14,late
14936,136,0,0.01589456893314678,0.8782937832130044,14,late
14937,137,0,0.5610043297355523,1.017351379442957,14,late
14938,138,0,0.7607610289160772,0.6876609383135412,14,late
14939,139,0,0.4823217449291611,0.9199590099853054,14,late
14940,140,0,0.9506967049076345,0.6393548847071346,14,late
14941,141,0,0.6572580889620794,0.41252491676332526,14,late
14942,142,0,0.5612326349514065,0.5520483119489075,14,late
14943,143,0,0.3735154298506793,0.4960129259058978,14,late
14944,144,0,0.04195536210975743,0.9295817527792323,14,late
14945,145,0,0.8368155210812478,0.5888676940023954,14,late
14946,146,0,0.4133742257368895,0.6688338249980124,14,late
14947,147,0,0.7998462141073063,0.5860631705773328,14,late
14948,148,0,0.2654172633536449,0.7073929961748879,14,late
14949,149,0,0.5939309799099233,0.47525704459847395,14,late
14950,150,0,0.6730448181052688,0.4182977366514614,14,late
14951,151,0,0.11778874647712907,0.727609668661262,14,late
14952,152,0,0.44667915590249224,0.7662163945397948,14,late
14953,153,0,0.6639859735174014,0.3814890320456047,14,late
14954,154,0,0.44364126226352774,0.38857900142886104,14,late
14955,155,0,0.9332047817443327,0.4569980724872508,14,late
14956,156,0,0.5647378406940734,0.66962238192638,14,late
14957,157,0,0.4591526074106909,0.598896705490261,14,late
14958,158,0,0.9619347226660774,0.6552146319712966,14,late
14959,159,0,0.9622095064752423,0.5138586362301572,14,late
14960,160,0,0.17598247306527431,1.0669443678780206,14,late
14961,161,0,0.46908599781727883,0.8206043260370322,14,late
14962,162,0,0.9637547626294609,0.7485026461653473,14,late
14963,163,0,0.38224652477534626,0.8981885692700016,14,late
14964,164,0,0.421935101639078,0.7387724831979026,14,late
14965,165,0,0.9049871174320885,0.41864931929345434,14,late
14966,166,0,0.6855084056944242,0.47386165040052514,14,late
14967,167,0,0.6173740324141277,0.6193598249668406,14,late
14968,168,0,0.9937012486443357,0.4223396851373451,14,late
14969,169,0,0.6871362589766867,0.6685822692867726,14,late
14970,170,0,0.12445795394330718,1.132898295588137,14,late
14971,171,0,0.6523805787315401,0.4957307112063901,14,late
14972,172,0,0.9224195356508493,0.42638207881705914,14,late
14973,173,0,0.884122907529491,0.5342055080496769,14,late
14974,174,0,0.08459307375397984,0.7904735795832785,14,late
14975,175,0,0.18344335990481436,0.5781257073285324,14,late
14976,176,0,0.6073986859751923,0.5378481426305011,14,late
14977,177,0,0.536451407465102,0.7346303667920135,14,late
14978,178,0,0.5242226483211557,0.6245854632038337,14,late
14979,179,0,0.8787827018718549,0.3021816130327082,14,late
14980,180,0,0.01294300644769268,0.7135280402489499,14,late
14981,181,0,0.010808875205887618,0.7311929934335766,14,late
14982,182,0,0.5172284608098967,0.5499189048405957,14,late
14983,183,0,0.28129815842301603,0.7734393131276056,14,late
14984,184,0,0.9570463408935046,0.38782649928863633,14,late
14985,185,0,0.28487953220997286,0.31283174372513667,14,late
14986,186,0,0.9979457541410846,0.6959422427868096,14,late
14987,187,0,0.5061907866236877,0.6758698605535616,14,late
14988,188,0,0.3779897897976654,0.731968598271771,14,late
14989,189,0,0.11729813769331637,0.8136937816190861,14,late
14990,190,0,0.7311563389139665,0.42487547205070336,14,late
14991,191,0,0.15363627793091214,0.8318888612968165,14,late
14992,192,0,0.039371272931079684,0.6286711684967176,14,late
14993,193,0,0.9731914142787057,0.5351999319339873,14,late
14994,194,0,0.03928032565733434,0.8905529560777046,14,late
14995,195,0,0.002211641627048805,0.7938849910271322,14,late
14996,196,0,0.6063348075829811,0.6149197483567649,14,late
14997,197,0,0.15963406765332758,0.7434607254940186,14,late
14998,198,0,0.9959336232550429,0.7404343215816029,14,late
14999,199,0,0.423491386010198,0.6378585068098173,14,late
15000,0,0,0.22863075984109682,0.7647684372800032,15,interleaved
15001,1,0,0.44384222185054334,0.6129894974671755,15,interleaved
15002,2,0,0.5418775910600817,0.5406599449621685,15,interleaved
15003,3,0,0.3047936072061241,0.7821402227080514,15,interleaved
15004,4,0,0.38244912870914427,0.64831335768513,15,interleaved
15005,5,0,0.5307115746728562,0.765080321866292,15,interleaved
15006,6,0,0.4841115111537631,0.8670924726365012,15,interleaved
15007,7,0,0.37196184539934174,0.6406552546087381,15,interleaved
15008,8,0,0.49905684812659984,0.873631713042713,15,interleaved
15009,9,0,0.2277072732428814,0.8061154768914406,15,interleaved
15010,10,0,0.41730096094250535,0.7513275133336377,15,interleaved
15011,11,0,0.47810128334874175,0.7298345486539541,15,interleaved
15012,12,0,0.4674096341231563,0.651719203348402,15,interleaved
15013,13,0,0.5275446951643598,0.7332792683871827,15,interleaved
15014,14,0,0.935459987908592,0.593618799830224,15,interleaved
15015,15,0,0.7260122528422073,0.6566351983065074,15,interleaved
15016,16,0,0.478972240465286,0.9609083239723377,15,interleaved
15017,17,0,0.555360763695525,0.6438566657419365,15,interleaved
15018,18,0,0.7004045773016968,0.7161790679121001,15,interleaved
15019,19,0,0.00832108710977347,1.010793226264317,15,interleaved
15020,20,0,0.49979384219640316,1.2762091975898824,15,interleaved
15021,21,0,0.27458749807716026,0.5968259612951304,15,interleaved
15022,22,0,0.22728674728246837,0.581721636790264,15,interleaved
15023,23,0,0.3620006882614252,0.6313915613360614,15,interleaved
15024,24,0,0.10247349146017548,0.7833824227463814,15,interleaved
15025,25,0,0.5460798642470911,0.653251296852482,15,interleaved
15026,26,0,0.4590856563062239,0.754034402343525,15,interleaved
15027,27,0,0.4999576860841125,0.831124998863446,15,interleaved
15028,28,0,0.6368595813023057,0.49272268029317123,15,interleaved
15029,29,0,0.7051402117933184,0.5499740447660183,15,interleaved
15030,30,0,0.46389662754754285,0.6934143967884405,15,interleaved
15031,31,0,0.39747332484402537,0.7047770434013708,15,interleaved
15032,32,0,0.4790291318977136,0.4622172406496237,15,interleaved
15033,33,0,0.9986006027391796,0.47660975312429166,15,interleaved
15034,34,0,0.8377121480991356,0.48097129089495705,15,interleaved
15035,35,0,0.4239687168223771,0.568737584833989,15,interleaved
15036,36,0,0.0005296762860807379,1.1776463786800537,15,interleaved
15037,37,0,0.8369495616812186,1.0696138716485315,15,interleaved
15038,38,0,0.8308585710588015,0.7697920367771671,15,interleaved
15039,39,0,0.29147377091953763,0.6245802739657664,15,interleaved
15040,40,0,0.5724317661896994,0.9001145288757071,15,interleaved
15041,41,0,0.4751199056008789,0.5726704083488491,15,interleaved
15042,42,0,0.4952289262118352,0.8377971424446478,15,interleaved
15043,43,0,0.504458795800642,0.6099316105328394,15,interleaved
15044,44,0,0.44585663611534093,0.8523175529390832,15,interleaved
15045,45,0,0.5012126509890518,0.553643250800593,15,interleaved
15046,46,0,0.6363716387445008,0.7499622412109859,15,interleaved
15047,47,0,0.31204539029088635,0.7378091785699763,15,interleaved
15048,48,0,0.27770167004425683,0.7789349314506261,15,interleaved
15049,49,0,0.4007966388320665,0.7599411689375574,15,interleaved
15050,50,0,0.5053449623333037,0.9378802205975724,15,interleaved
15051,51,0,0.7445400584884025,0.4905578164451553,15,interleaved
15052,52,0,0.4750528500399419,0.6612495670092625,15,interleaved
15053,53,0,0.7988894992171225,0.5106599700438709,15,interleaved
15054,54,0,0.5233808657606265,0.7111763152526115,15,interleaved
15055,55,0,0.4960199483190424,0.7813336903107423,15,interleaved
15056,56,0,0.9966860787109211,0.5325433942976714,15,interleaved
15057,57,0,0.4893444649519044,0.6963584099439115,15,interleaved
15058,58,0,0.5013422295980942,0.7136630454500644,15,interleaved
15059,59,0,0.8511105684554456,0.7747666291120879,15,interleaved
15060,60,0,0.5549948638344058,0.6968732570061675,15,interleaved
15061,61,0,0.6555914389870221,0.5466733524770642,15,interleaved
15062,62,0,0.025275067493548603,0.8736068126919332,15,interleaved
15063,63,0,0.5164014492930652,0.6301497517667021,15,interleaved
15064,64,0,0.5204633065237159,0.573783946104055,15,interleaved
15065,65,0,0.057429791490984344,0.8497879900486848,15,interleaved
15066,66,0,0.04044812724771871,0.5904473527992947,15,interleaved
15067,67,0,0.5255158527671984,0.6501366996730794,15,interleaved
15068,68,0,0.05403095967878814,0.8596273212670106,15,interleaved
15069,69,0,0.8573900850283642,0.5406508637683916,15,interleaved
15070,70,0,0.2562560821356684,0.6474901919603735,15,interleaved
15071,71,0,0.9985573999364992,1.0052732197340668,15,interleaved
15072,72,0,0.4792444727154899,1.3158871984764446,15,interleaved
15073,73,0,0.415788650208704,0.8269979466001467,15,interleaved
15074,74,0,0.21991220220305496,0.7870987975033299,15,interleaved
15075,75,0,0.0306372012365179,0.6756501065537606,15,interleaved
15076,76,0,0.0072194210331717095,1.3415495825010084,15,interleaved
15077,77,0,0.8448714037994367,0.7570459285890483,15,interleaved
15078,78,0,0.9051831644630286,0.6268497830136486,15,interleaved
15079,79,0,0.99792014390708,0.4845876736538697,15,interleaved
15080,80,0,0.520433283497376,0.6843972352366414,15,interleaved
15081,81,0,0.3369539597909457,0.8421753561838409,15,interleaved
15082,82,0,0.5024309999142876,0.6877786907839429,15,interleaved
15083,83,0,0.01115686356523722,0.9200475718143952,15,interleaved
15084,84,0,0.5727882234091968,0.6461772397572514,15,interleaved
15085,85,0,0.08758636643946385,0.8392844177357845,15,interleaved
15086,86,0,0.4846592547038458,1.325808601166182,15,interleaved
15087,87,0,0.5179092356538545,0.7099979348972691,15,interleaved
15088,88,0,0.42339911205714353,0.9076608541090205,15,interleaved
15089,89,0,0.4997900921210556,1.186079126067867,15,interleaved
15090,90,0,0.6127334409133084,0.6207284075005175,15,interleaved
15091,91,0,0.4223894920575022,0.6200434065956247,15,interleaved
15092,92,0,0.4939891501261911,0.9380352156833425,15,interleaved
15093,93,0,0.09929384858778609,0.8293141262995098,15,interleaved
15094,94,0,0.9263354847769654,0.7602679246354621,15,interleaved
15095,95,0,0.22212439159120553,0.8303420545112621,15,interleaved
15096,96,0,0.8832490877493282,0.6008538613558014,15,interleaved
15097,97,0,0.17209644902143953,0.5427229351991065,15,interleaved
15098,98,0,0.4949051168310585,0.9637030677745422,15,interleaved
15099,99,0,0.500877483316515,0.9566611360385009,15,interleaved
15100,100,0,0.570060869406439,0.7583274506632582,15,interleaved
15101,101,0,0.6893504108202295,0.5579463507091623,15,interleaved
15102,102,0,0.4429522894268037,0.7352853550136498,15,interleaved
15103,103,0,0.999700828029245,0.4901460569553666,15,interleaved
15104,104,0,0.9039667551289877,0.3699024184358013,15,interleaved
15105,105,0,0.9854224753276191,0.6911871915115884,15,interleaved
15106,106,0,0.9978383142519756,1.3721877441907784,15,interleaved
15107,107,0,0.985248185053511,1.1013478975430204,15,interleaved
15108,108,0,0.6506409274370943,0.49859579254151243,15,interleaved
15109,109,0,0.25182349128132386,0.89167464923373,15,interleaved
15110,110,0,0.5004681428685975,0.80217873715406,15,interleaved
15111,111,0,0.003454271254187497,0.87872213155224,15,interleaved
15112,112,0,0.5032130269979629,0.6059287454174962,15,interleaved
15113,113,0,0.5095447446438274,0.5241171081305341,15,interleaved
15114,114,0,0.5134483153798398,0.9800454246146655,15,interleaved
15115,115,0,0.19414826564839063,0.6798846916139223,15,interleaved
15116,116,0,0.9995088192367055,0.8575196186490686,15,interleaved
15117,117,0,0.47991424200518457,0.9977143846136541,15,interleaved
15118,118,0,0.6633520173246028,0.763107820801451,15,interleaved
15119,119,0,0.24108388180632354,0.6486719221882182,15,interleaved
15120,120,0,0.0031789308777342086,1.0841082253791352,15,interleaved
15121,121,0,0.7101536220435176,0.5340443140941993,15,interleaved
15122,122,0,0.5184592210610162,0.9032349392274781,15,interleaved
15123,123,0,0.15689359855534318,0.864513397094604,15,interleaved
15124,124,0,0.9544585163515606,0.5904506475709626,15,interleaved
15125,125,0,0.33869576115928895,0.8997932338915535,15,interleaved
15126,126,0,0.5002750718369777,0.884085744145894,15,interleaved
15127,127,0,0.49180889651241894,0.6516324333837693,15,interleaved
15128,128,0,0.546776147998551,0.434031010188541,15,interleaved
15129,129,0,0.4872713745978289,0.7056800998731467,15,interleaved
15130,130,0,0.552523029403082,0.529974149075968,15,interleaved
15131,131,0,0.5143931691076936,0.8107138343388407,15,interleaved
15132,132,0,0.5743038238291496,0.9071917591174496,15,interleaved
15133,133,0,0.12596077246615964,0.9182036402826312,15,interleaved
15134,134,0,0.4621627829800696,0.7444266607512144,15,interleaved
15135,135,0,0.42023704760186054,0.6723095910525461,15,interleaved
15136,136,0,0.4474523516647602,0.6558579620600048,15,interleaved
15137,137,0,0.9770786250723555,0.6304325340994165,15,interleaved
15138,138,0,0.7578716131034315,0.7217680784286364,15,interleaved
15139,139,0,0.6760388130303665,0.7099908134409468,15,interleaved
15140,140,0,0.5341189840775071,0.8805679088233851,15,interleaved
15141,141,0,0.8650641535836531,0.3759157897400375,15,interleaved
15142,142,0,0.5193881968992752,0.5315242361041848,15,interleaved
15143,143,0,0.9514424316450036,0.3948564385111307,15,interleaved
15144,144,0,0.3977553755680393,0.6398703162612951,15,interleaved
15145,145,0,0.5551188131244796,0.43523366546258857,15,interleaved
15146,146,0,0.44381384786336503,0.842834465357027,15,interleaved
15147,147,0,0.6987436300461197,0.6067048549304324,15,interleaved
15148,148,0,0.957229215654109,0.528065537795902,15,interleaved
15149,149,0,0.49834919641541264,0.9648060869136387,15,interleaved
15150,150,0,0.5272595652000734,0.5416480838065837,15,interleaved
15151,151,0,0.5972096726172994,0.509095984127873,15,interleaved
15152,152,0,0.11909039797342633,0.4957499710205915,15,interleaved
15153,153,0,0.23472129476316894,0.6805625273262681,15,interleaved
15154,154,0,0.4998927509476866,0.553160544612268,15,interleaved
15155,155,0,0.650455136831953,0.5343552287349429,15,interleaved
15156,156,0,0.5263148953801773,0.6753622570756859,15,interleaved
15157,157,0,0.24098323210499512,1.0621177601848095,15,interleaved
15158,158,0,0.5064071185130057,0.5654832790428903,15,interleaved
15159,159,0,0.07260646832294271,0.6814743544180345,15,interleaved
15160,160,0,0.8827090010059238,0.6758841595165067,15,interleaved
15161,161,0,0.5539552370777536,0.5942571484652959,15,interleaved
15162,162,0,0.6467962764498962,0.8052698095031103,15,interleaved
15163,163,0,0.9493924183343253,0.5288757603262727,15,interleaved
15164,164,0,0.48306927996445786,0.6587606214989892,15,interleaved
15165,165,0,0.6565528852924625,0.6795448196377416,15,interleaved
15166,166,0,0.5588005513064658,0.6645803114274931,15,interleaved
15167,167,0,0.9630642718028837,0.485976138251067,15,interleaved
15168,168,0,0.8812736483644876,0.5522640174692052,15,interleaved
15169,169,0,0.999049325440223,0.8630895502254223,15,interleaved
15170,170,0,0.5973826507892437,0.6832747786098963,15,interleaved
15171,171,0,0.6029499093165692,0.564336986076651,15,interleaved
15172,172,0,0.9930679621794705,0.5942191076157903,15,interleaved
15173,173,0,0.16831834389441316,0.7546504222433277,15,interleaved
15174,174,0,0.2912531103198962,0.44191531666506223,15,interleaved
15175,175,0,0.4687101940342825,0.8939343873501627,15,interleaved
15176,176,0,0.8946850435836847,0.7420087860498268,15,interleaved
15177,177,0,0.10539009948115408,0.5726844165997789,15,interleaved
15178,178,0,0.7049586164300052,0.39317193958209967,15,interleaved
15179,179,0,0.48367032215663824,0.5778071102764899,15,interleaved
15180,180,0,0.937545943799153,0.3625492465337956,15,interleaved
15181,181,0,0.5751612963506091,0.5058374046356149,15,interleaved
15182,182,0,0.8530701805359355,0.6082089068235474,15,interleaved
15183,183,0,0.1346858598416183,1.0200818052586331,15,interleaved
15184,184,0,0.0631915019269486,0.9214697849117155,15,interleaved
15185,185,0,0.16545973961771157,0.7380999472853031,15,interleaved
15186,186,0,0.503236863075648,0.7591783269558418,15,interleaved
15187,187,0,0.20939774291577973,0.7220548673053142,15,interleaved
15188,188,0,0.5894595575727993,0.5270391211166863,15,interleaved
15189,189,0,0.5120749107178321,0.4714305977075188,15,interleaved
15190,190,0,0.9014453737643944,0.3199546082988799,15,interleaved
15191,191,0,0.4711889931000804,0.6501789080676248,15,interleaved
15192,192,0,0.5660250197732482,0.4179890805563521,15,interleaved
15193,193,0,0.5442331819277135,0.7202938468253954,15,interleaved
15194,194,0,0.12209433307921612,0.49021238214022905,15,interleaved
15195,195,0,0.722924139249292,0.653946513983337,15,interleaved
15196,196,0,0.49990977120422964,0.5914355423901582,15,interleaved
15197,197,0,0.5387064431823798,0.50112864282036,15,interleaved
15198,198,0,0.5096924770757508,0.6909603952455385,15,interleaved
15199,199,0,0.9737739352069398,0.4191463228172362,15,interleaved
15200,0,0,0.6197199083676205,0.7859580456939873,15,blocked
15201,1,0,0.9561559628085483,0.6183256704242058,15,blocked
15202,2,0,0.27558160848654745,0.5310517214505142,15,blocked
15203,3,0,0.33701702253536203,0.5561369613095698,15,blocked
15204,4,0,0.9804759924315068,0.5010597610759624,15,blocked
15205,5,0,0.9098462970178451,0.6553061142812809,15,blocked
15206,6,0,0.6318804741678942,0.7231153445047696,15,blocked
15207,7,0,0.060978522401145804,0.6748220558772482,15,blocked
15208,8,0,0.5780491406624062,0.801396617077436,15,blocked
15209,9,0,0.7274464867797061,0.671594798756111,15,blocked
15210,10,0,0.5223405155127792,0.38352070339987504,15,blocked
15211,11,0,0.9430373102139513,0.5206125780354331,15,blocked
15212,12,0,0.6552666137527773,0.7601649311708853,15,blocked
15213,13,0,0.4508212246658838,0.8248770615149111,15,blocked
15214,14,0,0.3962742167946567,0.9238325148164028,15,blocked
15215,15,0,0.9913438344113462,0.6523025921916821,15,blocked
15216,16,0,0.5226380855732831,0.6827659268883002,15,blocked
15217,17,0,0.9999602248402728,0.7925712538336667,15,blocked
15218,18,0,0.4947068697914357,0.6132585491717244,15,blocked
15219,19,0,0.5962928602584974,0.620710925761562,15,blocked
15220,20,0,0.9999994947847299,1.4662106274891809,15,blocked
15221,21,0,0.709866675281215,0.57182650722578,15,blocked
15222,22,0,0.10155677800942944,0.5098290020437983,15,blocked
15223,23,0,0.9903360354535933,0.7394369545727902,15,blocked
15224,24,0,0.8968901573958635,0.36888302407206125,15,blocked
15225,25,0,0.958809557506558,0.5856782530521697,15,blocked
15226,26,0,0.8901663435428543,0.5832125652169504,15,blocked
15227,27,0,0.7822175916221817,0.37236275532230967,15,blocked
15228,28,0,0.3034517904660133,0.6361524037927113,15,blocked
15229,29,0,0.470813507548901,0.5955504007670642,15,blocked
15230,30,0,0.8941824292098403,0.5370830945162701,15,blocked
15231,31,0,0.6476141639166254,0.5461722138752392,15,blocked
15232,32,0,0.5289414748073299,0.5572147005330454,15,blocked
15233,33,0,0.9551588924925069,0.6203662591974274,15,blocked
15234,34,0,0.762783671818015,0.5989223411772768,15,blocked
15235,35,0,0.9719011649053741,0.5278260951858418,15,blocked
15236,36,0,0.998131242159209,0.7852474244712845,15,blocked
15237,37,0,0.6518464664847302,0.9204740089487669,15,blocked
15238,38,0,0.8567345112572811,0.9198989101079122,15,blocked
15239,39,0,0.9995876308437193,0.746864548070288,15,blocked
15240,40,0,0.6435342117201357,0.4840743378304405,15,blocked
15241,41,0,0.4954305910026781,0.42965585263231365,15,blocked
15242,42,0,0.508550725930631,0.6927728724950184,15,blocked
15243,43,0,0.9760315876551791,0.6389376700314868,15,blocked
15244,44,0,0.5021250285627276,0.6087018370805974,15,blocked
15245,45,0,0.9781986652950945,0.6116478682000213,15,blocked
15246,46,0,0.5069690164344439,0.6208367303421323,15,blocked
15247,47,0,0.49993011515209757,0.872382587862235,15,blocked
15248,48,0,0.5439655782164872,0.9439690972444896,15,blocked
15249,49,0,0.9780616896415706,0.6642979144053819,15,blocked
15250,50,0,0.5069628648305818,0.8615092572361176,15,blocked
15251,51,0,0.9852387252693533,0.9650278657998179,15,blocked
15252,52,0,0.807543051640417,0.7645783679266858,15,blocked
15253,53,0,0.7344861635091657,0.8138493651193603,15,blocked
15254,54,0,0.5002600126794046,1.001505665705377,15,blocked
15255,55,0,0.13757768446025337,0.8366810721383899,15,blocked
15256,56,0,0.5194102876028498,0.8754001202235907,15,blocked
15257,57,0,0.506212484750687,1.0228599072193345,15,blocked
15258,58,0,0.5175403010468977,0.9181031024005225,15,blocked
15259,59,0,0.5180999880213603,0.7275741492491039,15,blocked
15260,60,0,0.5063950113633992,0.9452811636163816,15,blocked
15261,61,0,0.5008996014507879,1.156812128336988,15,blocked
15262,62,0,0.8872661245300684,0.7204212738330695,15,blocked
15263,63,0,0.9867759346866192,0.5258772302660423,15,blocked
15264,64,0,0.42338671830517927,0.6261883713252313,15,blocked
15265,65,0,0.9328572295774258,0.6345171095185242,15,blocked
15266,66,0,0.5025413259124794,0.8343244828164618,15,blocked
15267,67,0,0.9942787365091809,0.519697917014192,15,blocked
15268,68,0,0.33431139234481033,0.7615221929709685,15,blocked
15269,69,0,0.9031533983189654,0.4403328638521495,15,blocked
15270,70,0,0.9448203836803293,0.5502021378944794,15,blocked
15271,71,0,0.012648795620632078,0.9571656309194285,15,blocked
15272,72,0,0.9441109208107602,0.761031235916938,15,blocked
15273,73,0,0.8771824229550265,0.45092636324238705,15,blocked
15274,74,0,0.8286791360513481,0.6289758681193127,15,blocked
15275,75,0,0.5714723231091954,0.638093112469717,15,blocked
15276,76,0,0.9822322675935031,0.42322885154722206,15,blocked
15277,77,0,0.9912200147399581,0.4963597384375823,15,blocked
15278,78,0,0.7377551308452357,0.8321596816049641,15,blocked
15279,79,0,0.19644187772120758,0.43777721330066954,15,blocked
15280,80,0,0.5883275935883657,0.5079215597914145,15,blocked
15281,81,0,0.8508591195655042,0.45757671797712984,15,blocked
15282,82,0,0.9886289055509352,0.6630270401467289,15,blocked
15283,83,0,0.49734548816380303,0.9891021567366938,15,blocked
15284,84,0,0.8010174665532355,0.5111733390383386,15,blocked
15285,85,0,0.009684106639608604,0.8087548848204962,15,blocked
15286,86,0,0.9948158984049671,0.8902571191700743,15,blocked
15287,87,0,0.3026918595547381,0.6333212557545181,15,blocked
15288,88,0,0.6213828523515483,0.816835668133516,15,blocked
15289,89,0,0.9592313994397925,0.6054120101540883,15,blocked
15290,90,0,0.7667436388978239,0.5202082946755151,15,blocked
15291,91,0,0.5895835103638258,0.4411878383528174,15,blocked
15292,92,0,0.9716319068744665,0.5149192823434083,15,blocked
15293,93,0,0.2667544292833091,0.8371625341803195,15,blocked
15294,94,0,0.5153839850212693,0.6484447053624399,15,blocked
15295,95,0,0.0003772311672728422,1.1786070567903577,15,blocked
15296,96,0,0.8703537451945231,0.5107706360124724,15,blocked
15297,97,0,0.23151285827933485,0.6898897612443451,15,blocked
15298,98,0,0.9254979469399724,0.6536377045995951,15,blocked
15299,99,0,0.546806328516448,0.8957284692311507,15,blocked
15300,100,0,0.9942137392895932,0.5604946029739698,15,blocked
15301,101,0,0.31202376105193114,0.6126645415314592,15,blocked
15302,102,0,0.3572849593170657,0.611140071686135,15,blocked
15303,103,0,0.4331429398566056,0.6562605128107317,15,blocked
15304,104,0,0.7656067589359029,0.9439260834913941,15,blocked
15305,105,0,0.28190918057794584,0.7744760325102213,15,blocked
15306,106,0,0.5030749601952184,0.8233960178730868,15,blocked
15307,107,0,0.9999888112833617,0.4294098434687099,15,blocked
15308,108,0,0.9204874661975129,0.423461733515364,15,blocked
15309,109,0,0.8129200936283965,0.782038677089412,15,blocked
15310,110,0,0.8707198013688329,0.5927244599114861,15,blocked
15311,111,0,0.9997318965475198,0.4577638488782558,15,blocked
15312,112,0,0.9861108884086041,0.5165375209497194,15,blocked
15313,113,0,0.5865880376488506,0.3379508796120544,15,blocked
15314,114,0,0.8610674338074167,0.6117892828862871,15,blocked
15315,115,0,0.910830262052648,0.7830610304924936,15,blocked
15316,116,0,0.35672936754834716,0.6427468940945157,15,blocked
15317,117,0,0.6380687498069377,0.6647049751624996,15,blocked
15318,118,0,0.9982551813827731,0.8706937294947366,15,blocked
15319,119,0,0.7719426366462779,0.4963398637175054,15,blocked
15320,120,0,0.49208732557467577,0.5662514928981796,15,blocked
15321,121,0,0.7527936762827265,0.5499792129388943,15,blocked
15322,122,0,0.5887506056261725,0.5335794998251201,15,blocked
15323,123,0,0.4778077659620257,0.5889383117768437,15,blocked
15324,124,0,0.663659046122862,0.472359350705752,15,blocked
15325,125,0,0.314710388625138,0.6344985894485016,15,blocked
15326,126,0,0.3391492222645405,0.655320559474567,15,blocked
15327,127,0,0.7258641334522498,0.7421815201294496,15,blocked
15328,128,0,0.07247596656382552,0.9273862950228684,15,blocked
15329,129,0,0.13485777422787018,0.5889512599235796,15,blocked
15330,130,0,0.45398739800485444,0.49980622373720984,15,blocked
15331,131,0,0.9761211894667663,0.534207015037951,15,blocked
15332,132,0,0.5633971657136474,0.855530355368078,15,blocked
15333,133,0,0.9911355587976297,0.7021836819388005,15,blocked
15334,134,0,0.7492114153754397,0.7197026809445264,15,blocked
15335,135,0,0.7132217383558805,0.5455474441575648,15,blocked
15336,136,0,0.9913357834124852,0.610280293295358,15,blocked
15337,137,0,0.8293421789781782,0.5522546643618675,15,blocked
15338,138,0,0.9998828235302899,0.9056222497522446,15,blocked
15339,139,0,0.9968151762258146,0.4363000746572494,15,blocked
15340,140,0,0.800956070217169,0.4766469433940021,15,blocked
15341,141,0,0.9749398085071983,0.7902331814363789,15,blocked
15342,142,0,0.9529431385845897,0.8094544880867017,15,blocked
15343,143,0,0.8797801495515787,0.5369853496451219,15,blocked
15344,144,0,0.9984123049859106,0.7347588291713947,15,blocked
15345,145,0,0.7962316037906231,0.5200441151909297,15,blocked
15346,146,0,0.9690577567529084,0.7947848545289706,15,blocked
15347,147,0,0.9172351728676706,0.6200070437626419,15,blocked
15348,148,0,0.9409917548453255,0.3666725354514164,15,blocked
15349,149,0,0.9677687340980683,0.4225481920224172,15,blocked
15350,150,0,0.9378370844635036,0.8546423058806611,15,blocked
15351,151,0,0.5083228175772868,0.554895257430662,15,blocked
15352,152,0,0.9515457572955248,0.4914076593957061,15,blocked
15353,153,0,0.8652734957663996,0.5247314929952489,15,blocked
15354,154,0,0.9376366887668319,0.6169785255782265,15,blocked
15355,155,0,0.9648142784183495,0.5741409796163401,15,blocked
15356,156,0,0.967392227972685,0.391992507947966,15,blocked
15357,157,0,0.9938148839231389,0.5613239962724104,15,blocked
15358,158,0,0.5726501423246743,0.5629565542619945,15,blocked
15359,159,0,0.9749543295013557,0.4533152337838344,15,blocked
15360,160,0,0.7311399912085075,0.6114668209138754,15,blocked
15361,161,0,0.41325153260036596,0.6491696285933297,15,blocked
15362,162,0,0.5479964921225141,0.5158169848404186,15,blocked
15363,163,0,0.7018022907047925,0.4704567483502311,15,blocked
15364,164,0,0.630043682735458,0.3473068761564305,15,blocked
15365,165,0,0.9671835307776652,0.2711657686972472,15,blocked
15366,166,0,0.9918939175867003,0.6228650755902303,15,blocked
15367,167,0,0.457176177111104,0.7007416601363106,15,blocked
15368,168,0,0.7080766953226131,0.4187240660299872,15,blocked
15369,169,0,0.8780482351976044,0.7673793453168056,15,blocked
15370,170,0,0.6801171060307013,0.41384966385615,15,blocked
15371,171,0,0.5392660550793035,0.7245403226105616,15,blocked
15372,172,0,0.9163435930042512,0.5984133357756282,15,blocked
15373,173,0,0.997966986761059,0.5946504772684351,15,blocked
15374,174,0,0.8861855186597766,0.7323997660954467,15,blocked
15375,175,0,0.5735329086275008,0.5303172535315478,15,blocked
15376,176,0,0.4638720010372857,0.45918526252580183,15,blocked
15377,177,0,0.532754420897367,0.8185524712391139,15,blocked
15378,178,0,0.4824459819550369,0.5919053195558757,15,blocked
15379,179,0,0.9835265432603342,0.5333433244726387,15,blocked
15380,180,0,0.5475510923654703,0.6654078599741198,15,blocked
15381,181,0,0.9947485330259229,0.48783364837698123,15,blocked
15382,182,0,0.5001946919955594,0.6972607322775677,15,blocked
15383,183,0,0.9358670811262225,0.5660233626146429,15,blocked
15384,184,0,0.9443081697674657,0.5299735435820363,15,blocked
15385,185,0,0.9996909353989144,0.74129736334212,15,blocked
15386,186,0,0.6189335021110224,0.6977118673742566,15,blocked
15387,187,0,0.5413418299840647,0.4514021898882393,15,blocked
15388,188,0,0.5464920485960829,0.5667993972364178,15,blocked
15389,189,0,0.7323004039609091,0.632528389158213,15,blocked
15390,190,0,0.9208551524808815,0.48291805903596063,15,blocked
15391,191,0,0.8073278094525747,0.45088354971596634,15,blocked
15392,192,0,0.4816131363115292,0.677578984375961,15,blocked
15393,193,0,0.4562073825209038,0.6153435907336093,15,blocked
15394,194,0,0.9029962345385723,0.37491864083605286,15,blocked
15395,195,0,0.0005872633642345949,0.9853590654425449,15,blocked
15396,196,0,0.5000652761471777,0.7203426371268546,15,blocked
15397,197,0,0.6615589193543074,0.6064238394718628,15,blocked
15398,198,0,0.6291894853908484,0.4558521096856494,15,blocked
15399,199,0,0.850052265303985,0.49254065231024,15,blocked
15400,0,0,0.2192341072906686,0.6071011137728183,15,early
15401,1,0,0.28518932026560045,0.6519348211404866,15,early
15402,2,0,0.4400398930875821,0.5633831474233992,15,early
15403,3,0,0.4813547976831522,0.46769971955493705,15,early
15404,4,0,0.7519838710113826,0.6172751904580454,15,early
15405,5,0,0.2265289249056965,0.7217437403907659,15,early
15406,6,0,0.4140819172063125,0.8369828663046495,15,early
15407,7,0,0.9679460970764672,0.6465160922884943,15,early
15408,8,0,0.4919493960287475,0.4135266821237691,15,early
15409,9,0,0.16711885949936908,0.614214346891218,15,early
15410,10,0,0.49721110140171154,0.9319651848995651,15,early
15411,11,0,0.9983902316268107,0.7850539301767843,15,early
15412,12,0,0.5324617583630776,0.35800894702979835,15,early
15413,13,0,0.3557034025360037,0.6604721240948583,15,early
15414,14,0,0.17819302582049382,0.8760200407430943,15,early
15415,15,0,0.3862882453477394,0.4593858966622144,15,early
15416,16,0,0.18140619074690095,0.7019079443161371,15,early
15417,17,0,0.508268766450506,0.337603020110651,15,early
15418,18,0,0.5916307233358515,0.4411506426341335,15,early
15419,19,0,0.2385026495525503,0.7295676475325221,15,early
15420,20,0,0.18230043764118717,0.8067833739979451,15,early
15421,21,0,0.02185500612430958,0.49035786965548167,15,early
15422,22,0,0.8341701686690208,0.3580261569348316,15,early
15423,23,0,0.46408162855756957,0.6983717691039886,15,early
15424,24,0,0.9828930871487269,0.4544620882677045,15,early
15425,25,0,0.49631980199669806,0.7757424410796898,15,early
15426,26,0,0.996374985457184,0.6907134569164749,15,early
15427,27,0,0.7388349887990604,0.5454013078316348,15,early
15428,28,0,0.4888372093320838,0.6750254823814985,15,early
15429,29,0,0.9996969243216469,0.7431328915573956,15,early
15430,30,0,0.9967347456639977,0.8213394852483699,15,early
15431,31,0,0.979300243747008,0.5715924045177838,15,early
15432,32,0,0.49286999580858226,0.880063492019304,15,early
15433,33,0,0.4961227556590419,0.6793863469492714,15,early
15434,34,0,0.7480639477353879,0.5575617832784173,15,early
15435,35,0,0.9995894961489793,0.5071394054250711,15,early
15436,36,0,0.902918110331807,0.6103889882415898,15,early
15437,37,0,0.5128602074217765,0.8462146765138387,15,early
15438,38,0,0.5201813744046578,0.8896214873043164,15,early
15439,39,0,0.08130256955910026,0.5544748323129756,15,early
15440,40,0,0.44560720315545504,0.4187564892542916,15,early
15441,41,0,0.8827626071213981,0.3910165139123682,15,early
15442,42,0,0.12406894759116527,0.5789155533865165,15,early
15443,43,0,0.07707332543515405,0.5568837832254936,15,early
15444,44,0,0.45477316859660183,0.8068396017836748,15,early
15445,45,0,0.9984236842692593,0.44711735788508983,15,early
15446,46,0,0.09466803641337011,0.6323385159877282,15,early
15447,47,0,0.8824331073486398,0.6816088461484902,15,early
15448,48,0,0.8512721567570127,0.5242056841668096,15,early
15449,49,0,0.9191037437857785,0.40891361162825357,15,early
15450,50,0,0.3722179677582321,0.5509407844459495,15,early
15451,51,0,0.3984347344292867,0.47164569442133786,15,early
15452,52,0,0.23162516611956196,0.8338344421202013,15,early
15453,53,0,0.2703903823332612,0.5208893745001266,15,early
15454,54,0,0.3657871053236173,0.6741773507913869,15,early
15455,55,0,0.9606845603509893,0.85347278181395,15,early
15456,56,0,0.9493680543513733,0.699156178935253,15,early
15457,57,0,0.6598406490285871,0.39010654640203174,15,early
15458,58,0,0.7168681890890953,0.3195619685970651,15,early
15459,59,0,0.7179384060389256,0.7305673525532412,15,early
15460,60,0,0.5869115694496091,0.48331531695924257,15,early
15461,61,0,0.10965217767813511,0.6871278676899839,15,early
15462,62,0,0.8480535170995077,0.5316082906295339,15,early
15463,63,0,0.42380816422080547,1.322945043566485,15,early
15464,64,0,0.47423293200683236,0.8515173603064357,15,early
15465,65,0,0.662012561642134,0.6227996501449836,15,early
15466,66,0,0.5131494042264276,0.6549165062698462,15,early
15467,67,0,0.9407142865533473,0.5844620439957188,15,early
15468,68,0,0.9923128624443285,0.9247865912434707,15,early
15469,69,0,0.9841182871721665,0.6842656900520613,15,early
15470,70,0,0.26169138426031957,0.5076103747670508,15,early
15471,71,0,0.4292275725282767,0.512239214705732,15,early
15472,72,0,0.4965504449073089,0.7082614406998391,15,early
15473,73,0,0.5195586415722601,0.6858394344604597,15,early
15474,74,0,0.9999835143257657,0.7299912721676868,15,early
15475,75,0,0.12695967484397985,0.675773199740801,15,early
15476,76,0,0.9429794621640344,0.6098528191493429,15,early
15477,77,0,0.9919451585949456,0.7950260576025159,15,early
15478,78,0,0.5146735612732944,0.5209261704242988,15,early
15479,79,0,0.9998323122475239,0.38884099778897463,15,early
15480,80,0,0.4999156641195243,0.722383786699679,15,early
15481,81,0,0.6357953015796272,0.7373943288080246,15,early
15482,82,0,0.0015885616998095385,1.1449326852334554,15,early
15483,83,0,0.5002604104254704,0.6502973361208758,15,early
15484,84,0,0.6358934597255574,0.6081561767443397,15,early
15485,85,0,0.9989035356190117,0.5416483267492056,15,early
15486,86,0,0.01582537885245382,0.6211170601639853,15,early
15487,87,0,0.8136111473135594,0.4846162712546962,15,early
15488,88,0,0.5733795956846843,0.5338518511213349,15,early
15489,89,0,0.9335719963564552,0.5595917367128735,15,early
15490,90,0,0.3934887986343746,0.5552174523351716,15,early
15491,91,0,0.9962134240588247,0.64106188409556,15,early
15492,92,0,0.1574678252005766,0.5342654575897154,15,early
15493,93,0,0.8088441721586527,0.5145994677027814,15,early
15494,94,0,0.21666765754996,0.8886969141526453,15,early
15495,95,0,0.8649304426646898,0.5978660378125977,15,early
15496,96,0,0.5301442515229398,0.7998663619220099,15,early
15497,97,0,0.4695069726496151,0.625267625530991,15,early
15498,98,0,0.485049816342974,0.6308550817537586,15,early
15499,99,0,0.4564459687449809,0.48930755878804133,15,early
15500,100,0,0.006851320690340917,0.6026260512909122,15,early
15501,101,0,0.8006984164376345,0.41476524067265075,15,early
15502,102,0,0.023466741955185503,0.7600793908646719,15,early
15503,103,0,0.7061463106652874,0.7196621657641022,15,early
15504,104,0,0.9987318121179707,0.8462359663138774,15,early
15505,105,0,0.9977520543995552,0.6839434449896405,15,early
15506,106,0,0.10059971249557957,0.655045375455658,15,early
15507,107,0,0.5956371871004837,0.8042021044151485,15,early
15508,108,0,0.8296248233893881,0.48171731129294765,15,early
15509,109,0,0.8656934428384713,0.5829657260726684,15,early
15510,110,0,0.030171426342928756,0.6872064838072337,15,early
15511,111,0,0.3139290462339662,1.0447068245057543,15,early
15512,112,0,0.47461058698291586,0.44722556213391973,15,early
15513,113,0,0.25644096788479787,0.7026387909020249,15,early
15514,114,0,0.49999562794777463,1.1594289303151797,15,early
15515,115,0,0.5681576367310797,0.5781700189013586,15,early
15516,116,0,0.5737634840737862,0.4079260243294187,15,early
15517,117,0,0.5180126831280429,0.4270543101158933,15,early
15518,118,0,0.46488001953290753,0.5863078108561222,15,early
15519,119,0,0.5065369683240523,0.7564860698398512,15,early
15520,120,0,0.09976786325216574,0.4829692757040348,15,early
15521,121,0,0.9625787233182871,0.5892965587270235,15,early
15522,122,0,0.9805892605835433,0.5630433988499809,15,early
15523,123,0,0.3193663764179257,0.46179788208888195,15,early
15524,124,0,0.4997597692790847,0.501542898549961,15,early
15525,125,0,0.5147274555928374,0.4352222522619814,15,early
15526,126,0,0.49081469845150333,0.4899395654991131,15,early
15527,127,0,0.9937864540049695,0.5049730342288393,15,early
15528,128,0,0.5329917236666132,0.8703460729977256,15,early
15529,129,0,0.8872766264338371,0.7180856142569962,15,early
15530,130,0,0.41626007459888426,0.5436860328335305,15,early
15531,131,0,0.045932994557552065,1.3021577779261277,15,early
15532,132,0,0.5756313147702478,0.5427698661066052,15,early
15533,133,0,0.9098095076635224,0.3792795152946411,15,early
15534,134,0,0.34666011876490077,0.5342764405974983,15,early
15535,135,0,0.9692307362272352,0.4719165564773587,15,early
15536,136,0,0.7194417549189912,0.5200575583785498,15,early
15537,137,0,0.8232371662012199,0.3956548671603195,15,early
15538,138,0,0.18492457855514435,0.4817276438971433,15,early
15539,139,0,0.15933556871238969,0.6305037164767553,15,early
15540,140,0,0.3445672187620243,0.9458526237323581,15,early
15541,141,0,0.5689160374832931,0.6152337977661402,15,early
15542,142,0,0.4073130423656313,0.6954984291063333,15,early
15543,143,0,0.9088908435373032,0.7402379457595347,15,early
15544,144,0,0.42913966593356884,0.4825005853275928,15,early
15545,145,0,0.6777553673295111,0.5614329650078078,15,early
15546,146,0,0.42777938025944534,0.626997036734884,15,early
15547,147,0,0.50161874065594,0.6442135287407638,15,early
15548,148,0,0.17681562431465822,0.7280579098262709,15,early
15549,149,0,0.8485149057276894,0.5138905914354592,15,early
15550,150,0,0.859462620294169,0.3477928976785979,15,early
15551,151,0,0.5723351877906566,0.7811006835928989,15,early
15552,152,0,0.5961378822254199,0.4500656749809086,15,early
15553,153,0,0.030123081171323157,0.543814027416698,15,early
15554,154,0,0.9534315131718362,0.46977767839320167,15,early
15555,155,0,0.8705168226654691,0.33753317057257326,15,early
15556,156,0,0.8206604713906418,0.45698177678346086,15,early
15557,157,0,0.7228230930541863,0.471772549233718,15,early
15558,158,0,0.5581706265771089,0.5892737476421422,15,early
15559,159,0,0.2498529607610892,0.4947591059879076,15,early
15560,160,0,0.5027499820449925,0.5575468400354959,15,early
15561,161,0,0.006099672000867992,0.6609808292937753,15,early
15562,162,0,0.16064612405466722,0.7329842124020411,15,early
15563,163,0,0.504814900216771,0.5079300734376451,15,early
15564,164,0,0.9926331926323365,0.4222046562702756,15,early
15565,165,0,0.735400952984355,0.469582139432793,15,early
15566,166,0,0.5122990416268548,0.5800721373277555,15,early
15567,167,0,0.9584172977203071,0.5234230547654395,15,early
15568,168,0,0.4997620857680877,0.8539295232936239,15,early
15569,169,0,0.5039006401344737,0.5056780876554224,15,early
15570,170,0,0.016870674328435184,0.65423739628293,15,early
15571,171,0,0.9093845547103299,0.47543257159554164,15,early
15572,172,0,0.5211092214552783,0.7202580031894561,15,early
15573,173,0,0.77856996246836,0.7161430474908776,15,early
15574,174,0,0.3832726477021808,0.6337064447057159,15,early
15575,175,0,0.5006562412797746,0.3771216592849827,15,early
15576,176,0,0.4543492381417609,0.6747149806182777,15,early
15577,177,0,0.8057700205710636,0.3074678822178991,15,early
15578,178,0,0.485261019527529,0.4225627797937146,15,early
15579,179,0,0.4864787467048663,1.037738526822498,15,early
15580,180,0,0.035990713802840336,0.8806661420629609,15,early
15581,181,0,0.9978272209407129,0.39144224868585265,15,early
15582,182,0,0.7847824708855435,0.35409236470709576,15,early
15583,183,0,0.9361042539285717,0.4698337765216545,15,early
15584,184,0,0.18532298727616492,0.4363049432993969,15,early
15585,185,0,0.729143219302171,0.4790214151263662,15,early
15586,186,0,0.07864729423506059,0.785238545713733,15,early
15587,187,0,0.5850180871225856,0.4596377745269884,15,early
15588,188,0,0.8704903307378185,0.48228214870958797,15,early
15589,189,0,0.5462547006389968,0.5565524351358202,15,early
15590,190,0,0.8869377276635351,0.40165321749883853,15,early
15591,191,0,0.0319613903247937,0.8894568755821328,15,early
15592,192,0,0.8485945086150732,0.43104388208796707,15,early
15593,193,0,0.4909370766669767,0.5199311628869161,15,early
15594,194,0,0.6022487214062496,0.5490738547647316,15,early
15595,195,0,0.2916806588809465,0.49737345939089583,15,early
15596,196,0,0.9537635619612259,0.47041462066092865,15,early
15597,197,0,0.5062730698170692,0.5115840810729149,15,early
15598,198,0,0.49325846719123645,0.5127017901984443,15,early
15599,199,0,0.8739509853758805,0.45145544755143024,15,early
15600,0,0,0.8509297792755262,0.6898969160016677,15,middle
15601,1,0,0.985346137006752,0.5133874725216995,15,middle
15602,2,0,0.4528683432520604,0.6547654433368495,15,middle
15603,3,0,0.8910488108084998,0.4986864627366816,15,middle
15604,4,0,0.410414285062743,0.8624950894652237,15,middle
15605,5,0,0.5020981226328598,0.44266872952077846,15,middle
15606,6,0,0.33753309583923874,0.48364874552473486,15,middle
15607,7,0,0.4448462193351808,0.6594018439304172,15,middle
15608,8,0,0.059889539206105326,0.4970202705825207,15,middle
15609,9,0,0.0816305740817089,0.7676947673296642,15,middle
15610,10,0,0.8773004954806802,0.6600790473726699,15,middle
15611,11,0,0.5021267474175282,0.4052012849523162,15,middle
15612,12,0,0.9448778966609114,0.4276569720164587,15,middle
15613,13,0,0.7978368264984036,0.49114425703435,15,middle
15614,14,0,0.48568415572521306,0.6268793346573054,15,middle
15615,15,0,0.4999223174625222,0.9130458689312403,15,middle
15616,16,0,0.7057925698435159,0.44093339089941685,15,middle
15617,17,0,0.5539192355260988,0.6540026423526635,15,middle
15618,18,0,0.4152737298260427,0.9630844596064296,15,middle
15619,19,0,0.5258710265272165,0.5795034180062529,15,middle
15620,20,0,0.11270405766870874,0.6573435905637146,15,middle
15621,21,0,0.35815254033095223,0.7180809732642209,15,middle
15622,22,0,0.6230643748926668,0.5281595072727628,15,middle
15623,23,0,0.6796621484330181,0.5452277604046334,15,middle
15624,24,0,0.00557097569008564,1.1921938871623974,15,middle
15625,25,0,0.455042322521872,0.6841128647500512,15,middle
15626,26,0,0.8967300363415276,0.5797902932572379,15,middle
15627,27,0,0.45874126983877517,0.7366775296719059,15,middle
15628,28,0,0.3749915480098138,0.6462573530951701,15,middle
15629,29,0,0.46142246014115657,0.7666065723710563,15,middle
15630,30,0,0.6147698905972683,0.5640976308995118,15,middle
15631,31,0,0.9825831766408122,1.1929443182029729,15,middle
15632,32,0,0.47200238481313,0.8323499002622918,15,middle
15633,33,0,0.9163067332020435,0.5554549538283967,15,middle
15634,34,0,0.04280178152916848,0.8163732041816445,15,middle
15635,35,0,0.49840667018544493,0.6148666872995927,15,middle
15636,36,0,0.38706075562509346,0.6673054293309341,15,middle
15637,37,0,0.5003855143164654,0.6434577163800141,15,middle
15638,38,0,0.6937067741904199,0.8199558194914818,15,middle
15639,39,0,0.6326571845987251,0.287349512189631,15,middle
15640,40,0,0.6345506196490931,0.5759404273300602,15,middle
15641,41,0,0.012090011797830237,0.6320090274237231,15,middle
15642,42,0,0.38711997493462535,0.3222449645986424,15,middle
15643,43,0,0.5536282755844598,0.7455341711113348,15,middle
15644,44,0,0.49537325980749136,0.6997091842387266,15,middle
15645,45,0,0.47472963718754496,0.4821156987942301,15,middle
15646,46,0,0.5003074014178565,0.751294897667472,15,middle
15647,47,0,0.97207627960148,0.4737447128008806,15,middle
15648,48,0,0.5112762024781695,0.9907915841484892,15,middle
15649,49,0,0.9874547747694493,0.6203010589061586,15,middle
15650,50,0,0.16545486756789768,0.6959490287431631,15,middle
15651,51,0,0.9786015064090543,0.9010777096702933,15,middle
15652,52,0,0.11516454111968293,0.7607910357539551,15,middle
15653,53,0,0.009357902315015154,0.6588941779186754,15,middle
15654,54,0,0.9999514542281631,0.7385723052321962,15,middle
15655,55,0,0.29882994738098595,0.7969995317084548,15,middle
15656,56,0,0.20293958908952298,0.7542677008409882,15,middle
15657,57,0,0.02189685517709008,0.5703504228934944,15,middle
15658,58,0,0.635413395890422,0.5661158627617835,15,middle
15659,59,0,0.976538123398413,0.5790452235736365,15,middle
15660,60,0,0.5915321529522575,0.7761166225475984,15,middle
15661,61,0,0.9923034993169317,0.745732175195071,15,middle
15662,62,0,0.787745495613403,0.5449834163457657,15,middle
15663,63,0,0.9985417712065207,0.4206700165303865,15,middle
15664,64,0,0.9582707000853319,0.440263222123113,15,middle
15665,65,0,0.9834970100597775,0.5074754824109261,15,middle
15666,66,0,0.5481291723388907,0.7391432038876118,15,middle
15667,67,0,0.4062497940860435,0.5669147904967862,15,middle
15668,68,0,0.9471652207678793,0.497914486229874,15,middle
15669,69,0,0.9991311350262548,0.5733489329958575,15,middle
15670,70,0,0.7211276984723345,0.45564988569021336,15,middle
15671,71,0,0.6151717026624395,0.5409503744126551,15,middle
15672,72,0,0.6915776525395476,0.6391396861859561,15,middle
15673,73,0,0.06635624941707828,1.0058671911664443,15,middle
15674,74,0,0.5151941690760202,0.682350389325959,15,middle
15675,75,0,0.959539722535482,0.5275792941866949,15,middle
15676,76,0,0.7982677815995549,0.6236932288422348,15,middle
15677,77,0,0.9724213165113815,0.5278542598258427,15,middle
15678,78,0,0.9431827143078326,0.4942081030864056,15,middle
15679,79,0,0.23908250273265486,0.7305972341688105,15,middle
15680,80,0,0.7940733535922037,0.4134711080618553,15,middle
15681,81,0,0.6033148385462669,0.7214006975110692,15,middle
15682,82,0,0.14988132801862472,0.91576843836965,15,middle
15683,83,0,0.7039558235702218,0.5085912201358156,15,middle
15684,84,0,0.9984277714128168,0.7473545000234055,15,middle
15685,85,0,0.9696738484900151,0.8243716054733128,15,middle
15686,86,0,0.8417712951760797,0.6500126312256298,15,middle
15687,87,0,0.05814430824154861,0.7080694265192018,15,middle
15688,88,0,0.7026833348905319,0.5497777575915498,15,middle
15689,89,0,0.5209114248506149,0.6834786528908987,15,middle
15690,90,0,0.9558991261561118,0.5180743760560216,15,middle
15691,91,0,0.5632807764914977,0.620494759930172,15,middle
15692,92,0,0.19091765567401436,0.759976962172671,15,middle
15693,93,0,0.9098876807091817,0.7660128153523864,15,middle
15694,94,0,0.4989541519857774,0.8486947590338418,15,middle
15695,95,0,0.4465841042551705,0.7336877650083491,15,middle
15696,96,0,0.39875392393947184,0.5573030347701005,15,middle
15697,97,0,0.07091789279471107,0.7666750955216246,15,middle
15698,98,0,0.997079451752644,0.6435468236389608,15,middle
15699,99,0,0.9909228349786354,1.5539297875633618,15,middle
15700,100,0,0.5000205991436074,0.8678593037463311,15,middle
15701,101,0,0.8026252797607809,0.6261616504291804,15,middle
15702,102,0,0.990882282775466,0.6730236459567179,15,middle
15703,103,0,0.4989604002458028,0.836664042547927,15,middle
15704,104,0,0.5021758762754,0.6799741666424939,15,middle
15705,105,0,0.5361349395119495,0.5051582078027506,15,middle
15706,106,0,0.8410734752335804,0.44325285509383106,15,middle
15707,107,0,0.9185017518515846,0.7338155338909575,15,middle
15708,108,0,0.8468822497112951,0.7507285397819422,15,middle
15709,109,0,0.6512299695035992,0.561795366040279,15,middle
15710,110,0,0.7285728006801394,0.6315911159173981,15,middle
15711,111,0,0.7547908976044675,0.7222978524472081,15,middle
15712,112,0,0.999424380583556,0.6393758676069192,15,middle
15713,113,0,0.8042653650116559,0.6619505532450332,15,middle
15714,114,0,0.4167442052573201,0.6917327790715131,15,middle
15715,115,0,0.9529183285977694,0.7913325804702656,15,middle
15716,116,0,0.5841791985112861,0.4548218842317345,15,middle
15717,117,0,0.9467858025551079,0.6276657512618473,15,middle
15718,118,0,0.552538244962016,0.6885324408307911,15,middle
15719,119,0,0.45368987913980596,0.8411397874810516,15,middle
15720,120,0,0.9908573289928997,0.5100514161520562,15,middle
15721,121,0,0.595585531451698,0.7987840962890365,15,middle
15722,122,0,0.5230276011550722,0.8124603697909138,15,middle
15723,123,0,0.7306554578982769,0.5275549441820768,15,middle
15724,124,0,0.012269971397089293,0.7871122207301835,15,middle
15725,125,0,0.5032117149471645,0.7779543772259438,15,middle
15726,126,0,0.8212015360619584,0.7911234317969409,15,middle
15727,127,0,0.5854304250986637,0.6527094076340259,15,middle
15728,128,0,0.6208744039001804,0.6328452167293717,15,middle
15729,129,0,0.5555123565238149,0.6062182785260491,15,middle
15730,130,0,0.07566656192964566,0.6374240605860664,15,middle
15731,131,0,0.4900701833722984,0.6374360176704827,15,middle
15732,132,0,0.5666703851361272,0.551564420438651,15,middle
15733,133,0,0.5081158917921745,0.46366086923481387,15,middle
15734,134,0,0.4093622395185382,0.5909002633080613,15,middle
15735,135,0,0.6381716221272118,0.5589448981901688,15,middle
15736,136,0,0.4512769148856499,0.3609200802631713,15,middle
15737,137,0,0.9951112582142922,0.5974699176368649,15,middle
15738,138,0,0.4327834662148909,0.35907700072318366,15,middle
15739,139,0,0.8231440091349804,0.6579829470393541,15,middle
15740,140,0,0.4468036146988799,0.8179806776321759,15,middle
15741,141,0,0.02802059668668629,0.928612355182701,15,middle
15742,142,0,0.6834584482019724,0.805701533130604,15,middle
15743,143,0,0.7923796205176121,0.5453968486131351,15,middle
15744,144,0,0.6546800035604287,0.4856983332011139,15,middle
15745,145,0,0.6946265788066035,0.49577511378937655,15,middle
15746,146,0,0.9995781594197549,0.9533517427705074,15,middle
15747,147,0,0.35175804491828594,0.7758588024858131,15,middle
15748,148,0,0.6328430430964778,0.7576680513797168,15,middle
15749,149,0,0.7056531236890216,0.645440503328341,15,middle
15750,150,0,0.4996368937269918,0.7034863007192746,15,middle
15751,151,0,0.9666068395826349,0.6635995161539854,15,middle
15752,152,0,0.5506962507101857,0.9387673346386732,15,middle
15753,153,0,0.4967894645499499,0.6970329188248979,15,middle
15754,154,0,0.12390944948387331,0.5920619216485373,15,middle
15755,155,0,0.08905719239907786,0.7032706382222975,15,middle
15756,156,0,0.9998460309537913,0.8886054466248154,15,middle
15757,157,0,0.5002705683199823,0.7466969739809202,15,middle
15758,158,0,0.34473644043210677,0.7389845703299964,15,middle
15759,159,0,0.8235823987521519,0.7812392743501337,15,middle
15760,160,0,0.9962293496015941,0.3540225842016008,15,middle
15761,161,0,0.41515962247426047,0.605797886208657,15,middle
15762,162,0,0.49984227164718614,0.5877530281262142,15,middle
15763,163,0,0.510928624661475,0.5726506893347858,15,middle
15764,164,0,0.9543492720129936,0.6956056740796407,15,middle
15765,165,0,0.8228892503683232,0.40889330881802594,15,middle
15766,166,0,0.5483056378714444,0.46411075657579004,15,middle
15767,167,0,0.8713966503618631,0.6031061841390712,15,middle
15768,168,0,0.9909330997290013,0.5793336144707839,15,middle
15769,169,0,0.6726342241673976,0.4756367971579838,15,middle
15770,170,0,0.8567607546177283,0.5817363294794842,15,middle
15771,171,0,0.6398248990588231,0.46083282285479554,15,middle
15772,172,0,0.9978503790577702,0.7205242048433234,15,middle
15773,173,0,0.8570266569351355,0.4370711492898322,15,middle
15774,174,0,0.8059079036613768,0.3174071919088357,15,middle
15775,175,0,0.49503719883367103,0.6671061295408518,15,middle
15776,176,0,0.5733119126925895,0.6032485215614406,15,middle
15777,177,0,0.9987572350619389,0.46308918895277185,15,middle
15778,178,0,0.37336966112787684,0.6367851617761667,15,middle
15779,179,0,0.8530800141173029,0.7400335950995625,15,middle
15780,180,0,0.00042002072561630023,0.9969712658427459,15,middle
15781,181,0,0.5000101064951674,0.9227224248378074,15,middle
15782,182,0,0.18593615937630897,0.6523388795718104,15,middle
15783,183,0,0.5007602407661623,0.7051878377395061,15,middle
15784,184,0,0.5333106166075677,0.5675915902662593,15,middle
15785,185,0,0.5778442963444683,0.6791645354324712,15,middle
15786,186,0,0.49335868979779873,0.5807069007645506,15,middle
15787,187,0,0.7826030605387346,0.4852597848750262,15,middle
15788,188,0,0.957182514512482,0.5701649816063203,15,middle
15789,189,0,0.44176283242422004,0.4856457823538198,15,middle
15790,190,0,0.5336419871023429,0.7925211407624428,15,middle
15791,191,0,0.48742918196780366,0.8378859027801735,15,middle
15792,192,0,0.9402921847317884,0.5063693250817269,15,middle
15793,193,0,0.9888494269353552,0.6484677957334375,15,middle
15794,194,0,0.18418228581400703,0.7759688571487856,15,middle
15795,195,0,0.14986065746005126,0.4941682802438943,15,middle
15796,196,0,0.562278489472989,0.6234239058574169,15,middle
15797,197,0,0.5277812665948463,0.5363316316431969,15,middle
15798,198,0,0.5440278442623767,0.4411871026299301,15,middle
15799,199,0,0.972701828607384,0.42821473663717124,15,middle
15800,0,0,0.44970360105558566,1.0619087054290413,15,late
15801,1,0,0.6318728659003219,0.5457234310355372,15,late
15802,2,0,0.4952726374580187,0.3716913376378454,15,late
15803,3,0,0.023640550762407078,0.734496190156988,15,late
15804,4,0,0.3904842964776489,0.8420342537430022,15,late
15805,5,0,0.9731857852068373,0.5690375534382197,15,late
15806,6,0,0.49468264515369487,0.5812804177040709,15,late
15807,7,0,0.49972359627463064,0.6767190170693111,15,late
15808,8,0,0.11111415213378295,0.6904731662211139,15,late
15809,9,0,0.9744636410861718,0.43102339609987017,15,late
15810,10,0,0.49837045053823825,0.8862687248744934,15,late
15811,11,0,0.017509804839551658,0.8330987581852626,15,late
15812,12,0,0.9554229174527153,0.6582009767561097,15,late
15813,13,0,0.45264934670340695,0.8169442363150899,15,late
15814,14,0,0.9198747185678744,0.659162545167453,15,late
15815,15,0,0.5263129218849634,0.8504767537965061,15,late
15816,16,0,0.0002478972463922863,0.7169862286805675,15,late
15817,17,0,0.6055265836299261,0.5356730068955475,15,late
15818,18,0,0.6176306396701454,0.5655528562654142,15,late
15819,19,0,0.49942056604104074,0.8223239112332534,15,late
15820,20,0,0.9999638660972574,0.8017663063080375,15,late
15821,21,0,0.16958744038125928,0.598305035776754,15,late
15822,22,0,0.5385646478005075,0.43924133838324936,15,late
15823,23,0,0.5097274988844177,0.4028901423346086,15,late
15824,24,0,0.8884079859503762,0.41407369481371403,15,late
15825,25,0,0.5032032313985108,0.6550940701291378,15,late
15826,26,0,0.4999545954660629,1.0388904811889932,15,late
15827,27,0,0.3953257011019207,0.740440848722455,15,late
15828,28,0,1.8047184887950783e-05,1.3469347064935153,15,late
15829,29,0,0.49715249009265594,0.9882458083271799,15,late
15830,30,0,0.4714660038331882,0.6583672378780187,15,late
15831,31,0,0.2807501363870103,0.7354921545439128,15,late
15832,32,0,0.5344137355899397,0.5265766230245794,15,late
15833,33,0,0.9697565522186782,0.5204947342265367,15,late
15834,34,0,0.9934988465766584,0.7019912624164186,15,late
15835,35,0,0.5470578188804633,0.8289597957928858,15,late
15836,36,0,0.5737392252498509,0.3971977294311134,15,late
15837,37,0,0.036045292391903995,0.6246027271424983,15,late
15838,38,0,0.006186002815595239,0.9777720558601475,15,late
15839,39,0,0.4999991207124078,1.2347718560585748,15,late
15840,40,0,0.4961074081796271,1.1183274210526344,15,late
15841,41,0,0.49870522191877215,0.6704212508707352,15,late
15842,42,0,0.15337326232964646,0.7086974969923185,15,late
15843,43,0,0.4087598905070524,0.6956788118808601,15,late
15844,44,0,0.23284299590289936,0.5191254880065992,15,late
15845,45,0,0.46920139884525663,0.9030664646906763,15,late
15846,46,0,0.4076088828855998,0.6586648886054892,15,late
15847,47,0,0.4360893296066566,0.8555183041129681,15,late
15848,48,0,0.9962441517805893,1.0604356310392364,15,late
15849,49,0,0.5011128663162879,0.6502936437997433,15,late
15850,50,0,0.4968500475679152,0.5652553115681265,15,late
15851,51,0,0.6656263149144479,0.631120713967475,15,late
15852,52,0,8.96057511527441e-06,1.2631579635889023,15,late
15853,53,0,0.49997901488449453,1.175889482713517,15,late
15854,54,0,0.992403334191468,0.7027328457690842,15,late
15855,55,0,0.502969987873978,0.9486391151722271,15,late
15856,56,0,0.03905310341400309,0.8570394128284909,15,late
15857,57,0,0.10394852086901873,0.6334574106071662,15,late
15858,58,0,0.3389699153701234,0.6063089292347923,15,late
15859,59,0,0.42473705223949687,0.8706089397682322,15,late
15860,60,0,0.4438726409948145,0.7010922709177434,15,late
15861,61,0,0.00871473117882104,1.0676528898613764,15,late
15862,62,0,0.08673349922692558,1.0582579627636535,15,late
15863,63,0,0.48180935714335626,0.9534620074055074,15,late
15864,64,0,0.00677865373144396,1.025971432486239,15,late
15865,65,0,0.5067530680478027,0.6364577211499213,15,late
15866,66,0,0.29435915977557786,0.9177841491365613,15,late
15867,67,0,0.5014273601440022,0.8077807586311079,15,late
15868,68,0,0.831567606131443,0.6442962092686102,15,late
15869,69,0,0.6127371290655125,0.7289012312826519,15,late
15870,70,0,0.9700325317138723,0.9504441128391413,15,late
15871,71,0,0.5005855118264668,0.747803354055972,15,late
15872,72,0,0.0006104956229113638,0.856734648600925,15,late
15873,73,0,0.9505030066680731,0.8117771059022907,15,late
15874,74,0,0.528599035088353,0.6354112367050935,15,late
15875,75,0,0.4999801944352174,0.6338630923322699,15,late
15876,76,0,0.15090972109987047,0.7522450417039643,15,late
15877,77,0,0.795366626628209,0.6071236082766016,15,late
15878,78,0,0.5112485729645405,0.6796475757850009,15,late
15879,79,0,0.895659404820218,0.49767996332573566,15,late
15880,80,0,1.7585371078656798e-05,1.2854286963712425,15,late
15881,81,0,3.5096946265136677e-06,1.0167529282281746,15,late
15882,82,0,0.43718135100453714,0.6449524670057897,15,late
15883,83,0,0.48410424244750305,0.8700918735099077,15,late
15884,84,0,0.7137593444422186,0.6863706232752588,15,late
15885,85,0,0.6435184146300579,0.48553817560696433,15,late
15886,86,0,0.3332429879550806,0.5560195737776269,15,late
15887,87,0,0.8736552701486424,0.7328448526585147,15,late
15888,88,0,0.5794293287741696,0.7220418375123276,15,late
15889,89,0,0.0003962079576379754,0.8684024748330866,15,late
15890,90,0,0.00017867239921375374,0.9059603724151899,15,late
15891,91,0,0.9490462325051889,0.6409809194613327,15,late
15892,92,0,0.9982115701323879,1.0584015173492065,15,late
15893,93,0,0.04766542125298992,0.8398932261724048,15,late
15894,94,0,0.6107906176105834,0.7537840066815047,15,late
15895,95,0,0.006389366966939142,0.6794632810075165,15,late
15896,96,0,0.580746325782157,0.4650238303246351,15,late
15897,97,0,0.9975990069500744,0.7928435464185938,15,late
15898,98,0,0.4652068993123618,0.797310630116228,15,late
15899,99,0,0.11683047514720175,0.4961146761603356,15,late
15900,100,0,0.153767157342758,0.5920901571854313,15,late
15901,101,0,0.34656492765795655,0.5081813089090259,15,late
15902,102,0,0.5427188247746615,0.53093642280985,15,late
15903,103,0,0.874047207935474,0.5297870653660676,15,late
15904,104,0,0.9997445637462208,0.6841499280245995,15,late
15905,105,0,0.5121380750483232,0.5249223094515165,15,late
15906,106,0,0.4741265072995645,0.4735979694384549,15,late
15907,107,0,0.4483648362169471,0.5928093413057902,15,late
15908,108,0,0.00019083164615814254,1.1604727660423326,15,late
15909,109,0,0.039028240082572115,1.0127651627041518,15,late
15910,110,0,0.9829121242802046,0.6903839799719756,15,late
15911,111,0,0.021729028059578468,0.7109740715378282,15,late
15912,112,0,0.0047911314153463854,0.9622240325712569,15,late
15913,113,0,0.9673058324801078,0.7645397637601855,15,late
15914,114,0,0.020780980305656085,0.7265881586190974,15,late
15915,115,0,0.0002751110306553016,1.1464371626474323,15,late
15916,116,0,0.052622937067741446,0.3872281080708263,15,late
15917,117,0,0.004956988354294428,0.865804704746655,15,late
15918,118,0,0.9987745200371427,0.6816902892861132,15,late
15919,119,0,0.41069747423851216,0.8936687394240707,15,late
15920,120,0,0.4144851424737827,0.7364929967731606,15,late
15921,121,0,0.828189035895627,0.4361538152787013,15,late
15922,122,0,0.5424631847171735,0.633815867367743,15,late
15923,123,0,0.7927793433857795,0.4096569864690497,15,late
15924,124,0,0.8903709844536161,0.6353243737525891,15,late
15925,125,0,0.5422576195976395,0.6444982560694953,15,late
15926,126,0,0.20104056855570118,0.710356297846136,15,late
15927,127,0,0.028431097287313162,0.732888591293995,15,late
15928,128,0,0.9632983111560247,0.8160287164953957,15,late
15929,129,0,0.9685708929834578,0.8241094386782277,15,late
15930,130,0,0.11847729901619389,0.6021256239395256,15,late
15931,131,0,0.9003081847980313,0.6478438217449936,15,late
15932,132,0,0.46502917669452093,0.8357747967999366,15,late
15933,133,0,0.38015025342890296,0.6999979530996552,15,late
15934,134,0,0.5656539160234555,0.4982995219604086,15,late
15935,135,0,0.07429932773802717,0.5390064450824223,15,late
15936,136,0,0.30052190366009174,0.7188036235784869,15,late
15937,137,0,0.7432353201171382,0.5474600655147185,15,late
15938,138,0,0.5103980790647787,0.6360651586107116,15,late
15939,139,0,0.8077280228777685,0.48580849715694097,15,late
15940,140,0,0.926835044094041,0.7822292014774117,15,late
15941,141,0,0.5043532579698854,0.7082025614032316,15,late
15942,142,0,0.411209452016,0.5399382248377886,15,late
15943,143,0,0.5000283648373611,0.8838685511454742,15,late
15944,144,0,0.5038286959294599,0.8217584077793234,15,late
15945,145,0,0.0023018262946104496,0.82164224128252,15,late
15946,146,0,0.49683495354239315,0.7856678582899992,15,late
15947,147,0,0.997373958920196,0.5632626394272271,15,late
15948,148,0,0.4548826562811787,0.7881320526589988,15,late
15949,149,0,0.49917840002384745,1.4275528067030179,15,late
15950,150,0,0.3434121362437883,0.8611296877105539,15,late
15951,151,0,0.12886669660775513,0.9194518054504831,15,late
15952,152,0,0.004213721876982726,1.0933787625438498,15,late
15953,153,0,0.5496335098759129,0.8070071495391242,15,late
15954,154,0,0.19760855941135436,0.8722854337718513,15,late
15955,155,0,0.5001541097835457,0.751466077602718,15,late
15956,156,0,0.18990057203234811,0.4632179592283411,15,late
15957,157,0,0.5003769630743711,0.9068452547282035,15,late
15958,158,0,0.500030677047712,0.9802598860903882,15,late
15959,159,0,0.4974486268495696,1.0694216210617826,15,late
15960,160,0,0.999034105598196,1.180366333623698,15,late
15961,161,0,0.9873676099928965,1.095450127929444,15,late
15962,162,0,0.051760027049917834,0.8202594791908473,15,late
15963,163,0,0.4531920177587178,0.5447937937000591,15,late
15964,164,0,0.18663609729617972,0.497334500706069,15,late
15965,165,0,0.41574611471051787,0.8080083140802277,15,late
15966,166,0,0.4999912342985212,1.233611097949284,15,late
15967,167,0,0.8715042218692999,0.9211423354644097,15,late
15968,168,0,0.5040458392258377,0.6273422125788102,15,late
15969,169,0,0.36191119866088056,0.581809192752317,15,late
15970,170,0,0.03986073706835173,0.8248675401127322,15,late
15971,171,0,0.7556301039947826,0.551344405731222,15,late
15972,172,0,0.5102344882469572,0.6600635462212479,15,late
15973,173,0,0.48589576191305967,0.2669266294043073,15,late
15974,174,0,0.5675009633569331,0.4719018066641173,15,late
15975,175,0,7.570011842126814e-05,1.1320827719443183,15,late
15976,176,0,0.5007484745357625,0.9212056605795942,15,late
15977,177,0,0.0421160806437537,0.8427380611995374,15,late
15978,178,0,0.0032379122371990416,1.0007000302823839,15,late
15979,179,0,9.89429743608905e-06,1.0953407794830328,15,late
15980,180,0,0.5002994178376757,0.5047663299567506,15,late
15981,181,0,0.4708496982401835,0.6784541153345639,15,late
15982,182,0,0.901903929372402,0.4201359273001456,15,late
15983,183,0,0.5376479245612564,0.7718669761664192,15,late
15984,184,0,0.5148027817932455,0.45675383870557995,15,late
15985,185,0,0.012422111547307917,0.9803461500354715,15,late
15986,186,0,0.5002518317280772,0.6797327321947473,15,late
15987,187,0,0.9389802587980922,0.43947324096265034,15,late
15988,188,0,0.20175633969677648,0.4639955322471183,15,late
15989,189,0,0.04395078757563641,0.8549674511816883,15,late
15990,190,0,0.4999505451303732,1.163651696178826,15,late
15991,191,0,0.005064473701039618,0.9783128357998989,15,late
15992,192,0,0.99992287001062,0.8125613239832439,15,late
15993,193,0,0.5033401557530902,0.9931805716940134,15,late
15994,194,0,0.5197828836292367,0.7164346879651942,15,late
15995,195,0,0.5001294022053756,0.9385887951638324,15,late
15996,196,0,0.9267221632939469,0.6805008323622412,15,late
15997,197,0,0.5322777040194167,0.8058588085845697,15,late
15998,198,0,0.36820794395200546,0.6925130033329132,15,late
15999,199,0,0.5015846989500123,0.8195869842990202,15,late
16000,0,0,0.5007485415254789,0.8943285102927262,16,interleaved
16001,1,0,0.5007869017741087,0.6703443630804771,16,interleaved
16002,2,0,0.001060969769202312,1.1319008919056377,16,interleaved
16003,3,0,0.5040131161449629,0.3987709132559004,16,interleaved
16004,4,0,0.0013999486339558902,0.8306907971274251,16,interleaved
16005,5,0,0.518382089926359,0.7816592361600576,16,interleaved
16006,6,0,0.9767492954957608,0.5977100398088497,16,interleaved
16007,7,0,0.830072804460505,0.5113866482420361,16,interleaved
16008,8,0,0.5165637647106748,0.44672185634709405,16,interleaved
16009,9,0,0.5013472791142201,0.6489724316026888,16,interleaved
16010,10,0,0.5892785478049982,0.5318415725344499,16,interleaved
16011,11,0,0.67506247383188,0.5546999271919448,16,interleaved
16012,12,0,0.9652787894872634,0.5660341298274065,16,interleaved
16013,13,0,0.5297735420223484,0.5893164219279472,16,interleaved
16014,14,0,0.5029416752071756,0.5740792078131545,16,interleaved
16015,15,0,0.5926733543241294,0.512119832215699,16,interleaved
16016,16,0,0.49768825218555807,0.4914139792879021,16,interleaved
16017,17,0,0.4308632874776115,0.7412350380313368,16,interleaved
16018,18,0,0.9889941193984662,0.5361002266899029,16,interleaved
16019,19,0,0.5406960036542154,0.7430298030146741,16,interleaved
16020,20,0,0.04834979325016615,0.8415483244170936,16,interleaved
16021,21,0,0.5930790786679246,0.8409274145519515,16,interleaved
16022,22,0,0.571643892066147,0.5727082324270715,16,interleaved
16023,23,0,0.8884972182012821,0.525967024834954,16,interleaved
16024,24,0,0.6887379119539052,0.6983373630596246,16,interleaved
16025,25,0,0.5096318218419311,0.4919722075991538,16,interleaved
16026,26,0,0.9816138663204579,0.687554514355859,16,interleaved
16027,27,0,0.9063252050255209,0.6969152267584704,16,interleaved
16028,28,0,0.6132721633042988,0.6436736550913722,16,interleaved
16029,29,0,0.8654112508373291,0.848724105557159,16,interleaved
16030,30,0,0.8639409767584809,0.5203087564835708,16,interleaved
16031,31,0,0.5045050570668442,0.46380299497610283,16,interleaved
16032,32,0,0.009006079867012748,1.302618268209566,16,interleaved
16033,33,0,0.49977293701062964,1.2739246496086376,16,interleaved
16034,34,0,0.0020546802268631387,1.114873349167077,16,interleaved
16035,35,0,0.6018493188533499,0.8031870547410609,16,interleaved
16036,36,0,0.18721595276175576,0.6441142059770757,16,interleaved
16037,37,0,0.09780813744999764,0.6497341663673721,16,interleaved
16038,38,0,0.23585766723434679,0.7021983115249348,16,interleaved
16039,39,0,0.5017236711710751,0.5996105858841136,16,interleaved
16040,40,0,0.5661847640193896,0.5047631547485811,16,interleaved
16041,41,0,0.5886897850198785,0.49810459761134646,16,interleaved
16042,42,0,0.7426627500952023,0.5934974702270555,16,interleaved
16043,43,0,0.9864789090328372,1.1218946030130688,16,interleaved
16044,44,0,0.03458467579909682,1.1715007087195324,16,interleaved
16045,45,0,0.5580243895585053,0.6092313160211213,16,interleaved
16046,46,0,0.4932966279346336,0.8850912516678862,16,interleaved
16047,47,0,0.5141073993298205,0.5947579526446081,16,interleaved
16048,48,0,0.49952059618249817,0.8805197217361802,16,interleaved
16049,49,0,0.7862503159042802,0.8767835962212792,16,interleaved
16050,50,0,0.07720035582468629,1.0257893114514176,16,interleaved
16051,51,0,0.465910058763058,0.8527584662529677,16,interleaved
16052,52,0,0.43889030908291177,0.9630282751047975,16,interleaved
16053,53,0,0.47791756160610166,1.060895335181161,16,interleaved
16054,54,0,0.4831675308794344,0.7924283860842795,16,interleaved
16055,55,0,0.9054886044397659,0.8179853659329005,16,interleaved
16056,56,0,0.5619014181798074,0.7243297482690247,16,interleaved
16057,57,0,0.5081648674564067,0.9390070979133474,16,interleaved
16058,58,0,0.549342455171503,0.6624203832495972,16,interleaved
16059,59,0,0.6679532566993629,0.5612131924758206,16,interleaved
16060,60,0,0.6073422843471276,0.8715023870472466,16,interleaved
16061,61,0,0.29384158288823187,0.9025540151387523,16,interleaved
16062,62,0,0.27966957734493,0.8307331463433034,16,interleaved
16063,63,0,0.5006881628335884,0.9623013937153633,16,interleaved
16064,64,0,0.8655567594443014,0.6563626343306461,16,interleaved
16065,65,0,0.49875744582588416,0.8964807530167823,16,interleaved
16066,66,0,0.23213491136024075,0.8295553481644116,16,interleaved
16067,67,0,0.5782715441394947,0.7011556730566915,16,interleaved
16068,68,0,2.30866644130502e-06,1.4147668733233214,16,interleaved
16069,69,0,0.501252085912796,0.7241978552828038,16,interleaved
16070,70,0,0.22766781173636247,0.8055165094927623,16,interleaved
16071,71,0,0.4755830543435853,0.6854532174271508,16,interleaved
16072,72,0,0.6323558166484361,0.6942791884378179,16,interleaved
16073,73,0,0.847764744911806,0.46584289582703237,16,interleaved
16074,74,0,0.9676103027969134,0.8617762960990587,16,interleaved
16075,75,0,0.795098070232883,1.0317865875465149,16,interleaved
16076,76,0,0.6711920226954061,0.40984203646936357,16,interleaved
16077,77,0,0.5422507754289004,0.5334202579326699,16,interleaved
16078,78,0,0.7536831187467099,0.7454862579219799,16,interleaved
16079,79,0,0.9530547394187506,0.824146709763679,16,interleaved
16080,80,0,0.3749370408838064,0.63949554203185,16,interleaved
16081,81,0,0.6466057793131235,1.0290587609810693,16,interleaved
16082,82,0,0.022688458885448008,0.8890450746266375,16,interleaved
16083,83,0,0.7988758070396926,0.6133148929785217,16,interleaved
16084,84,0,0.4376442177842189,0.7517211319127732,16,interleaved
16085,85,0,0.1407491782458176,1.215848804588636,16,interleaved
16086,86,0,0.5195894454885385,1.0676881177309134,16,interleaved
16087,87,0,0.8179994430529157,0.8103362293899681,16,interleaved
16088,88,0,0.49524078772906915,0.7796216646064698,16,interleaved
16089,89,0,0.9727729613842855,0.6697538263838767,16,interleaved
16090,90,0,0.5272464937950564,0.6837014178040296,16,interleaved
16091,91,0,0.9935451755205715,0.541954332595943,16,interleaved
16092,92,0,0.8154320977777335,0.9531332920657352,16,interleaved
16093,93,0,0.5584953395652245,0.9360896624735429,16,interleaved
16094,94,0,0.5549426168878375,0.6226266738197017,16,interleaved
16095,95,0,0.930522256976162,0.7267667255222712,16,interleaved
16096,96,0,0.32929495631218325,1.0106628312154036,16,interleaved
16097,97,0,0.5020793537357915,0.828213024877023,16,interleaved
16098,98,0,0.5010283423946981,0.9271728955638867,16,interleaved
16099,99,0,0.5913691578658513,0.629057527673498,16,interleaved
16100,100,0,0.4626528355989711,1.1285236282526308,16,interleaved
16101,101,0,0.5537624183253694,1.0987104609271556,16,interleaved
16102,102,0,0.005959241908136003,0.7795782305680627,16,interleaved
16103,103,0,0.5037004492799093,0.5057626222991648,16,interleaved
16104,104,0,0.9803651548681411,0.8628238076045982,16,interleaved
16105,105,0,0.9143577252545141,1.0868317177583513,16,interleaved
16106,106,0,0.5486080496393899,0.6668909424412643,16,interleaved
16107,107,0,0.16135126286311297,0.8241560955219456,16,interleaved
16108,108,0,0.156654758265748,1.0221729436866431,16,interleaved
16109,109,0,0.5000240049411084,0.8483235264400844,16,interleaved
16110,110,0,0.990743236441885,0.7992142168088174,16,interleaved
16111,111,0,0.9969938102484095,0.8249582500520632,16,interleaved
16112,112,0,0.49518381280560475,1.1550583937398113,16,interleaved
16113,113,0,0.5447651022345051,0.8035502897122859,16,interleaved
16114,114,0,0.12567262838140777,0.7493448534306691,16,interleaved
16115,115,0,0.6969642258330105,0.6040953407043528,16,interleaved
16116,116,0,0.6910105906303543,0.5580627370030837,16,interleaved
16117,117,0,0.8419739779342243,0.5149883804933582,16,interleaved
16118,118,0,0.7144999844447406,0.43997731995490585,16,interleaved
16119,119,0,0.7436513188383698,0.9901784732510874,16,interleaved
16120,120,0,0.9872146845275158,0.5733023409320499,16,interleaved
16121,121,0,0.4971244646455584,0.8080268805640064,16,interleaved
16122,122,0,0.570408822673274,0.786908022676045,16,interleaved
16123,123,0,0.9423563428103017,0.8763186585126563,16,interleaved
16124,124,0,0.8547504232036226,0.5739623162737342,16,interleaved
16125,125,0,0.9319182021994566,0.4939003219482133,16,interleaved
16126,126,0,0.26603063568464264,0.8170921142370409,16,interleaved
16127,127,0,0.49805445045339203,0.7100698738345164,16,interleaved
16128,128,0,0.6435930695399864,0.4065777135978341,16,interleaved
16129,129,0,0.5001050003329961,0.9454437911773375,16,interleaved
16130,130,0,0.004085794237098679,1.0022256228789916,16,interleaved
16131,131,0,0.500418671188835,0.717548869246083,16,interleaved
16132,132,0,0.01240954163130641,0.8339832203039387,16,interleaved
16133,133,0,0.8371257241248902,0.6693680042500749,16,interleaved
16134,134,0,0.9674817361326258,0.895424619429229,16,interleaved
16135,135,0,0.718734121361117,0.9117728208855999,16,interleaved
16136,136,0,0.9391985622541148,0.5502458202945728,16,interleaved
16137,137,0,0.9708377818349202,0.6244851286606201,16,interleaved
16138,138,0,0.9934138314205871,0.46800835010404185,16,interleaved
16139,139,0,0.7512673533742115,0.6950367319456632,16,interleaved
16140,140,0,0.0031784388169221038,0.8726182909505052,16,interleaved
16141,141,0,0.5761978389463676,0.824696122375898,16,interleaved
16142,142,0,0.9846686942741145,0.6547658822842728,16,interleaved
16143,143,0,0.8215860593287823,0.4433528994399134,16,interleaved
16144,144,0,0.03770529554372541,0.7861349442989429,16,interleaved
16145,145,0,0.6985439851421226,0.5869788783850489,16,interleaved
16146,146,0,0.5319780830591982,1.053122690182009,16,interleaved
16147,147,0,0.5351930354608739,0.624530330929852,16,interleaved
16148,148,0,0.9752140897598556,0.6124793567529293,16,interleaved
16149,149,0,0.6425821769367219,0.6782718866696387,16,interleaved
16150,150,0,0.40288792534524953,0.7320721722198629,16,interleaved
16151,151,0,0.5419383853663388,0.4617619292092465,16,interleaved
16152,152,0,0.8598327885691109,0.6489907228126461,16,interleaved
16153,153,0,0.1306740670453534,0.7841501952850071,16,interleaved
16154,154,0,0.5022919864904489,0.7179074433621736,16,interleaved
16155,155,0,0.4993581529537764,0.8823867520732818,16,interleaved
16156,156,0,0.012624966992145405,0.8146321048652618,16,interleaved
16157,157,0,0.4961166368629327,0.9174911218439359,16,interleaved
16158,158,0,0.05375546722236009,0.8867262732142261,16,interleaved
16159,159,0,0.4998343114671008,0.7847811199272867,16,interleaved
16160,160,0,0.7057336310124519,1.0884184091132725,16,interleaved
16161,161,0,0.5035212868107272,1.0256499803214907,16,interleaved
16162,162,0,0.13907585598707406,0.7351535254782424,16,interleaved
16163,163,0,0.5334929099134118,0.46744439408942773,16,interleaved
16164,164,0,0.009152518116280539,0.8715774014217736,16,interleaved
16165,165,0,0.03357477190468014,0.4856868164757491,16,interleaved
16166,166,0,0.6314278711565176,0.6119434257543113,16,interleaved
16167,167,0,0.4454938992896882,0.7733758269465709,16,interleaved
16168,168,0,0.4442963808132169,0.835655328681454,16,interleaved
16169,169,0,0.5473794724892225,0.9209642898531842,16,interleaved
16170,170,0,0.8143784853898821,0.809663695939318,16,interleaved
16171,171,0,0.502555536166026,0.6537654010113554,16,interleaved
16172,172,0,0.173640136713894,1.145091084147198,16,interleaved
16173,173,0,0.5077923924155356,0.6329431394447098,16,interleaved
16174,174,0,0.4956685695197638,0.41833850335659756,16,interleaved
16175,175,0,0.6088983722781536,0.7693632620158632,16,interleaved
16176,176,0,0.8903579910982622,1.0106220697849764,16,interleaved
16177,177,0,0.4378629877116857,0.8452217712906375,16,interleaved
16178,178,0,0.9005931501334674,0.5091515131011373,16,interleaved
16179,179,0,0.5337934956300183,0.5861226493553837,16,interleaved
16180,180,0,0.9873188502905101,0.8559601605239913,16,interleaved
16181,181,0,0.1397660892077888,0.7925099270450886,16,interleaved
16182,182,0,0.7521253369708609,0.5262645862870016,16,interleaved
16183,183,0,0.5749769024343784,1.1046535282725192,16,interleaved
16184,184,0,0.49428528329034055,0.7390386390663781,16,interleaved
16185,185,0,0.5115393135233682,0.6770334744895339,16,interleaved
16186,186,0,0.4972262713459743,0.5139268546305243,16,interleaved
16187,187,0,0.5055766700398187,0.6040758798770447,16,interleaved
16188,188,0,0.7820871758178765,1.0290573148264472,16,interleaved
16189,189,0,0.9838542042411058,0.9880484847776714,16,interleaved
16190,190,0,0.4778460147150108,0.7354339050160624,16,interleaved
16191,191,0,0.9186516195397505,0.5523170781690088,16,interleaved
16192,192,0,0.2871019640663203,0.6738291192240919,16,interleaved
16193,193,0,0.5086506578150741,0.6058243217965945,16,interleaved
16194,194,0,0.8789319687867369,0.6651608891281073,16,interleaved
16195,195,0,0.987276856327318,0.5848443652755452,16,interleaved
16196,196,0,0.7306568601071894,0.4976531712981622,16,interleaved
16197,197,0,0.8895855995093179,0.5893531024251826,16,interleaved
16198,198,0,0.9908321783706308,0.714520110472575,16,interleaved
16199,199,0,0.4804532953938221,1.0866071372705322,16,interleaved
16200,0,0,0.6174537369396088,0.7036755583662071,16,blocked
16201,1,0,0.9219240649639169,0.39342787432252363,16,blocked
16202,2,0,0.11707004904813842,0.7762116461838813,16,blocked
16203,3,0,0.13921139032258686,0.6232658824723425,16,blocked
16204,4,0,0.24556570103052364,0.9229061024739789,16,blocked
16205,5,0,0.9991411343809634,0.8983696862176263,16,blocked
16206,6,0,0.0821995652437058,0.8861253815233019,16,blocked
16207,7,0,0.9877144632450737,0.6151614230465254,16,blocked
16208,8,0,0.9965854356890336,0.6162504220437304,16,blocked
16209,9,0,0.997635472491677,0.6686682822916468,16,blocked
16210,10,0,0.8158629654360898,0.603724357760612,16,blocked
16211,11,0,0.9992676956711147,0.6485542337621905,16,blocked
16212,12,0,0.05876278401909358,1.1149064276541933,16,blocked
16213,13,0,0.6422935360876347,0.8915230412295313,16,blocked
16214,14,0,0.6690456124307349,0.8223449430225711,16,blocked
16215,15,0,0.01156459618519199,0.98028591252402,16,blocked
16216,16,0,0.0014242450700305315,1.0579052789240144,16,blocked
16217,17,0,0.06675682512162312,0.8401908748049525,16,blocked
16218,18,0,0.04716335739825978,0.9862570575648146,16,blocked
16219,19,0,0.9922243114081495,0.7448350813032796,16,blocked
16220,20,0,0.9573281078273835,0.7117451865565386,16,blocked
16221,21,0,0.8711706156868719,0.6885179675274715,16,blocked
16222,22,0,0.835235910266758,0.9331886025024447,16,blocked
16223,23,0,0.0005186661794197914,1.1185043489581217,16,blocked
16224,24,0,0.5235477607606506,0.7797202027990859,16,blocked
16225,25,0,0.00023861452025906017,0.9840803133926628,16,blocked
16226,26,0,0.7931073914693527,0.7579536864347091,16,blocked
16227,27,0,0.9858738902123922,0.8042449980532621,16,blocked
16228,28,0,0.636748098524291,0.5606969652545524,16,blocked
16229,29,0,0.467930061391006,0.8008027774482354,16,blocked
16230,30,0,0.5788469400682197,0.8537039401974389,16,blocked
16231,31,0,0.9944571680766494,0.7282653522413229,16,blocked
16232,32,0,0.866537595484176,0.6704065353050116,16,blocked
16233,33,0,0.9981816767619984,0.6782330926082731,16,blocked
16234,34,0,0.6409169773524739,0.7734306481658748,16,blocked
16235,35,0,0.8211473012459183,0.6586121298435307,16,blocked
16236,36,0,0.21965092950262533,0.9264833385866837,16,blocked
16237,37,0,0.9840810306681984,0.9763548358857698,16,blocked
16238,38,0,0.6491487468223613,0.5518618540317346,16,blocked
16239,39,0,0.9940288165183044,0.5073366112413205,16,blocked
16240,40,0,0.48647381294723635,0.8910361786504245,16,blocked
16241,41,0,0.015657876638237506,1.0272386470125094,16,blocked
16242,42,0,0.836546072611038,0.5156388230312914,16,blocked
16243,43,0,0.3381376461333677,0.9570489650071765,16,blocked
16244,44,0,0.5041303451562854,0.6682630770317098,16,blocked
16245,45,0,0.5066920266017442,0.7787218374167364,16,blocked
16246,46,0,0.8859689844135303,0.8135823054372449,16,blocked
16247,47,0,0.9764216953405841,0.5649259645124202,16,blocked
16248,48,0,0.5006868780114226,1.2319386768103873,16,blocked
16249,49,0,0.3408953067997545,1.2928969071124883,16,blocked
16250,50,0,0.4973940905763808,0.689841099059731,16,blocked
16251,51,0,0.4638503220502167,0.5878171902003774,16,blocked
16252,52,0,0.9845244032066761,0.6729397997094888,16,blocked
16253,53,0,0.712540247804398,0.697038573947636,16,blocked
16254,54,0,0.5271397471338896,0.7320532951137302,16,blocked
16255,55,0,0.7053072423238363,0.6927549684471086,16,blocked
16256,56,0,0.0660736272861786,0.9107628217736086,16,blocked
16257,57,0,0.664051625636217,0.644819671594179,16,blocked
16258,58,0,0.10524392692608293,1.0018920534416893,16,blocked
16259,59,0,0.5004178937777193,1.01847619397502,16,blocked
16260,60,0,0.9417525434929858,0.7963069597774242,16,blocked
16261,61,0,0.8142735734721542,0.7141388404444502,16,blocked
16262,62,0,0.4996461683745347,0.7270759663383499,16,blocked
16263,63,0,0.6804819886853989,0.6282975606147205,16,blocked
16264,64,0,0.5684541415694283,0.8486730497812074,16,blocked
16265,65,0,0.8346971052132144,0.7045775716328673,16,blocked
16266,66,0,0.6059457221459504,0.8820901799508867,16,blocked
16267,67,0,0.9957457103075686,0.5956132434773538,16,blocked
16268,68,0,0.7546914143603458,0.5088575036176597,16,blocked
16269,69,0,0.6267063861768334,0.5170570082859816,16,blocked
16270,70,0,0.4760580318956519,0.9304475468871234,16,blocked
16271,71,0,0.8620758315521663,0.8705710776452376,16,blocked
16272,72,0,0.6681774138222776,0.7226641883423803,16,blocked
16273,73,0,0.5342989807564289,0.9350748206231001,16,blocked
16274,74,0,0.9882662196462006,0.6251118677931019,16,blocked
16275,75,0,0.5000170438342056,1.1986027004300162,16,blocked
16276,76,0,0.5777397237227765,0.8274807546179559,16,blocked
16277,77,0,0.9987436135476955,0.6075488399165974,16,blocked
16278,78,0,0.6512002392538573,0.8933722583163799,16,blocked
16279,79,0,0.8685733235538311,0.7005749325166062,16,blocked
16280,80,0,0.5932484532272864,0.69137393748707,16,blocked
16281,81,0,0.9998368932182773,0.4290506304938847,16,blocked
16282,82,0,0.9631639850982798,0.6791912031199623,16,blocked
16283,83,0,0.0004640976298154387,1.0890522185870868,16,blocked
16284,84,0,0.0939449940263436,1.1738893978387628,16,blocked
16285,85,0,0.9897750770725942,0.9346084649960773,16,blocked
16286,86,0,0.09285666314990498,0.8796694819414261,16,blocked
16287,87,0,0.2665616139436695,0.6873471822155015,16,blocked
16288,88,0,0.09401035177816697,0.6412467100021829,16,blocked
16289,89,0,0.9982863193824678,0.7254486359006027,16,blocked
16290,90,0,0.9955627349172305,0.49224019325632934,16,blocked
16291,91,0,0.0014023826245390567,0.9330679760563874,16,blocked
16292,92,0,0.18077623598274833,1.0346580131936565,16,blocked
16293,93,0,0.1156510709729147,0.8166737277189924,16,blocked
16294,94,0,0.623620648556813,0.7258406360965581,16,blocked
16295,95,0,0.02389616825020109,0.7835008343619119,16,blocked
16296,96,0,0.9958192832702986,0.5825830333344757,16,blocked
16297,97,0,0.16044916524651145,0.8636149994742273,16,blocked
16298,98,0,0.9999594753496369,0.7826504505731646,16,blocked
16299,99,0,0.9771622172478831,0.5940425373921933,16,blocked
16300,100,0,0.465429812041411,0.8032331783632795,16,blocked
16301,101,0,0.16554607835435897,1.1117148970574482,16,blocked
16302,102,0,0.9938041231349799,0.9979131994008553,16,blocked
16303,103,0,0.039739462184717744,0.9904635266987099,16,blocked
16304,104,0,0.05241640468438934,0.8521937190858015,16,blocked
16305,105,0,0.994303689163811,0.5531628751301247,16,blocked
16306,106,0,0.9999432605364854,0.5948946601504075,16,blocked
16307,107,0,0.01020512545817948,0.9751686165899933,16,blocked
16308,108,0,0.7177052055129565,0.5751232099914705,16,blocked
16309,109,0,0.16640623198156684,1.0704896927526348,16,blocked
16310,110,0,0.4556702034510492,0.6857121338275918,16,blocked
16311,111,0,0.05457827441740638,1.1701836246167594,16,blocked
16312,112,0,0.3216644251163896,1.1294170798947523,16,blocked
16313,113,0,0.0025705866332674083,1.0470823199056134,16,blocked
16314,114,0,0.6975212018311974,0.8146802689838385,16,blocked
16315,115,0,0.9687163659857796,0.5960876625151241,16,blocked
16316,116,0,0.7368336230666325,0.3938626543150041,16,blocked
16317,117,0,0.9060401765886889,0.8351249372695704,16,blocked
16318,118,0,0.040652175227660604,1.174243317161129,16,blocked
16319,119,0,0.1221645083669694,0.9935710662584534,16,blocked
16320,120,0,0.45273032652671397,0.5898493868102499,16,blocked
16321,121,0,0.7612373198102169,0.42724825455560567,16,blocked
16322,122,0,0.6981331772951416,0.5497534397507754,16,blocked
16323,123,0,0.497983123285856,0.8075431069682939,16,blocked
16324,124,0,0.06679358235668507,1.0115074692596209,16,blocked
16325,125,0,0.48814162174899134,0.4614465575790294,16,blocked
16326,126,0,0.5054153053999175,1.0289887175947359,16,blocked
16327,127,0,0.1122199680010746,1.180733806160374,16,blocked
16328,128,0,0.304293161343846,0.7964058309013102,16,blocked
16329,129,0,0.36566017464714184,0.853372451850122,16,blocked
16330,130,0,0.6113473151712601,0.6645017087146994,16,blocked
16331,131,0,0.9656045257477738,0.5796110017534283,16,blocked
16332,132,0,0.4993693232301394,0.8459867660768264,16,blocked
16333,133,0,0.8540456557211397,0.8765311739308075,16,blocked
16334,134,0,0.9897780328885698,0.6208855968283231,16,blocked
16335,135,0,0.4784227839500343,0.5737519050898583,16,blocked
16336,136,0,0.5571047898142388,0.5763489928538572,16,blocked
16337,137,0,0.5306935772077879,0.5078049054487647,16,blocked
16338,138,0,0.9205856925417427,0.5223153508166176,16,blocked
16339,139,0,0.8047402430714725,0.6534268076681535,16,blocked
16340,140,0,0.5020738674894709,0.7089681879644001,16,blocked
16341,141,0,0.5341708604631499,0.5609076097836895,16,blocked
16342,142,0,0.5005220362653198,1.0241848825097501,16,blocked
16343,143,0,0.8898038460346814,0.46463928563111684,16,blocked
16344,144,0,0.6243533442283732,0.6221821993661838,16,blocked
16345,145,0,0.997189523801656,0.4323765502603858,16,blocked
16346,146,0,0.5736265887050233,0.8127593224629971,16,blocked
16347,147,0,0.4526646510882945,0.5611478562177812,16,blocked
16348,148,0,0.5090913881562453,0.9009020648912964,16,blocked
16349,149,0,0.863710716563196,0.46621131577366304,16,blocked
16350,150,0,0.8889880563310014,0.4521884734569372,16,blocked
16351,151,0,0.7584326952009197,0.5537508606215745,16,blocked
16352,152,0,0.9497714012753875,0.3591134398637533,16,blocked
16353,153,0,0.9854773801117951,0.3745194056899349,16,blocked
16354,154,0,0.5893026250225962,0.6326000184304564,16,blocked
16355,155,0,0.5380771440385262,0.7775465875074337,16,blocked
16356,156,0,0.5777501444310071,0.4794743925695284,16,blocked
16357,157,0,0.5188215487607691,0.7215227852431163,16,blocked
16358,158,0,0.5006447157827806,1.0246877043139084,16,blocked
16359,159,0,0.9922528246291902,0.5420866355453889,16,blocked
16360,160,0,0.5177106188408804,0.7415505656947585,16,blocked
16361,161,0,0.13159254856974614,0.643163998746672,16,blocked
16362,162,0,0.9765856532773083,0.6742444335647202,16,blocked
16363,163,0,0.9856181771732826,0.8443125624779373,16,blocked
16364,164,0,0.4830861802121893,0.900960437944758,16,blocked
16365,165,0,0.500048721122405,0.7574550257705608,16,blocked
16366,166,0,0.0005063916207695366,0.8739384145204094,16,blocked
16367,167,0,0.7345243063653314,0.46273756023298346,16,blocked
16368,168,0,0.9877627088755951,0.524073229553206,16,blocked
16369,169,0,0.9991735610163307,0.5724232196704602,16,blocked
16370,170,0,0.8486403292458818,0.6642523170566392,16,blocked
16371,171,0,0.5027239369517721,0.6703387015505161,16,blocked
16372,172,0,0.07315013319602923,0.7398379159843691,16,blocked
16373,173,0,0.24132351387344195,0.6895713594715793,16,blocked
16374,174,0,0.955727434864208,0.5631662381172369,16,blocked
16375,175,0,0.5516215131304917,0.6269637145391003,16,blocked
16376,176,0,0.543812915069037,0.7027451604425388,16,blocked
16377,177,0,0.5078920048499456,0.5100465725923569,16,blocked
16378,178,0,0.4345123838072098,0.605779765799831,16,blocked
16379,179,0,0.34312709428488913,0.7260276828527565,16,blocked
16380,180,0,0.5303917140831557,0.5858417349738003,16,blocked
16381,181,0,0.6811804200971527,0.5228703853586326,16,blocked
16382,182,0,0.7515774517566711,0.5979802099003684,16,blocked
16383,183,0,0.6945083415115485,0.5743843483878969,16,blocked
16384,184,0,0.4996457088815708,1.130549327784541,16,blocked
16385,185,0,0.5058951574322961,0.7752308874401044,16,blocked
16386,186,0,0.511186841102481,0.6944850357803436,16,blocked
16387,187,0,0.2737932512566977,0.569350268295335,16,blocked
16388,188,0,0.009325071774226337,0.7999929433835136,16,blocked
16389,189,0,0.503996579042181,0.7437144638544335,16,blocked
16390,190,0,0.676291976733305,0.7971790337194218,16,blocked
16391,191,0,0.706230193906059,0.7697362364271418,16,blocked
16392,192,0,0.9670302640880204,0.375742048613801,16,blocked
16393,193,0,0.7946940966749307,0.39772521278759526,16,blocked
16394,194,0,0.7099380380945302,0.5044491813328595,16,blocked
16395,195,0,0.9982968157724552,0.7888731084067178,16,blocked
16396,196,0,0.9793905685731334,0.3449196729860317,16,blocked
16397,197,0,0.07710829163173505,0.7879247399536479,16,blocked
16398,198,0,0.9492008895775956,0.7634320839697639,16,blocked
16399,199,0,0.9693924352088481,0.6366391438650927,16,blocked
16400,0,0,0.8857954146166851,0.8602052436428967,16,early
16401,1,0,0.24136776752450406,0.7490273441787851,16,early
16402,2,0,0.5628610491218233,0.5477372900226025,16,early
16403,3,0,0.21668179978911795,0.5486245114516115,16,early
16404,4,0,0.34570634683192664,0.546188244515664,16,early
16405,5,0,0.49599612080198463,0.7908381405436672,16,early
16406,6,0,0.2789259331716659,0.9429034979850374,16,early
16407,7,0,0.49202690067043553,0.44326224106954915,16,early
16408,8,0,0.6566223251231902,0.5376282265001302,16,early
16409,9,0,0.7519280566131645,0.5234329762995731,16,early
16410,10,0,0.8880015554471894,0.47733647607905705,16,early
16411,11,0,0.9849495766715717,0.6021835916173969,16,early
16412,12,0,0.5124961908669484,0.696211625703826,16,early
16413,13,0,0.3584311298492551,0.5781050898423523,16,early
16414,14,0,0.9055055220427973,0.6272641081275173,16,early
16415,15,0,0.646486232352748,0.7493385368169098,16,early
16416,16,0,0.4999993694265306,1.082913022751194,16,early
16417,17,0,0.5309336491869968,0.635822799893587,16,early
16418,18,0,0.6302732779066574,0.7648140027736909,16,early
16419,19,0,0.2604148550227081,0.7772173039779895,16,early
16420,20,0,0.8609312446639288,0.48196672896734216,16,early
16421,21,0,0.5066092214011559,0.7703219854934464,16,early
16422,22,0,0.5062392668101529,0.5814403073214921,16,early
16423,23,0,0.3342052150033797,0.6894629199521474,16,early
16424,24,0,0.49573864771580567,0.8958844497044787,16,early
16425,25,0,0.4999457953950428,0.9917826590483987,16,early
16426,26,0,0.957703398781127,0.5767198526634829,16,early
16427,27,0,0.4932050832969674,0.5858680753720832,16,early
16428,28,0,0.9002838172891667,0.681822912650156,16,early
16429,29,0,0.5786408934631728,0.6613431439629385,16,early
16430,30,0,0.5000606604628954,1.0033564139963664,16,early
16431,31,0,0.4671112538064452,0.7255045148005663,16,early
16432,32,0,0.5000272043901104,1.0010188674965963,16,early
16433,33,0,0.6568443188446111,0.5523445184720254,16,early
16434,34,0,0.4991265611296691,0.6192400161041812,16,early
16435,35,0,0.05016749246307432,0.9438422376100692,16,early
16436,36,0,0.5009924109173225,1.0746037758471008,16,early
16437,37,0,0.2772474029913117,0.6219238262640185,16,early
16438,38,0,0.5003111695257498,0.9260416440700857,16,early
16439,39,0,0.5860878865354432,0.6302405568372957,16,early
16440,40,0,0.24990615529257598,0.783742295993052,16,early
16441,41,0,0.25307379121388274,0.8101863385572461,16,early
16442,42,0,0.25440932083394185,0.7472842449147769,16,early
16443,43,0,0.99917019943284,0.40952373336191944,16,early
16444,44,0,0.8957626903037762,0.7809480995583502,16,early
16445,45,0,0.9890731637204312,0.7671712458517073,16,early
16446,46,0,0.7495397437124339,0.5683859465172773,16,early
16447,47,0,0.001172007843289906,1.2662664331070632,16,early
16448,48,0,0.998020230901027,0.6911529291707279,16,early
16449,49,0,0.9157744563976105,0.6861965325114536,16,early
16450,50,0,0.00010555440215484114,0.8793380362743421,16,early
16451,51,0,0.9295854693190005,0.41413449190683327,16,early
16452,52,0,0.023118609286132175,0.5494222726798238,16,early
16453,53,0,0.9661090182605946,0.4121017878432104,16,early
16454,54,0,0.3681786534341523,0.5938928419162408,16,early
16455,55,0,0.9979464102081173,0.4300354351664395,16,early
16456,56,0,0.9544500806417053,0.5481413071398515,16,early
16457,57,0,0.1637597087995905,0.7294141453097991,16,early
16458,58,0,0.9660474684903704,0.4900318062019339,16,early
16459,59,0,0.4784498823177548,0.7870633508285816,16,early
16460,60,0,0.7402444547806217,0.6026833568982671,16,early
16461,61,0,0.21307764152053835,0.6220369632864429,16,early
16462,62,0,0.1680419256215369,0.7780143259115857,16,early
16463,63,0,0.9752170217787712,0.283323204940244,16,early
16464,64,0,0.601470390321058,0.6910446935168901,16,early
16465,65,0,0.9982647783127847,0.8121207682517493,16,early
16466,66,0,0.32466106266446504,0.729757921607856,16,early
16467,67,0,0.9897079972257201,0.8856599384258228,16,early
16468,68,0,0.717884500850479,0.5892930259307239,16,early
16469,69,0,0.924753764478462,0.4402937794091042,16,early
16470,70,0,0.034243963988057256,0.9845520404979482,16,early
16471,71,0,0.9869490573359414,0.7057789981404516,16,early
16472,72,0,0.9999753594894158,0.793795035699396,16,early
16473,73,0,0.5649765257666898,0.6362941860515796,16,early
16474,74,0,0.0240518030038046,0.8260882229912467,16,early
16475,75,0,0.9644450794638484,0.716990312993825,16,early
16476,76,0,0.3079679185778883,0.5891289063791122,16,early
16477,77,0,0.881239386013418,0.6811923398628286,16,early
16478,78,0,0.4598803980052562,0.7374118330615995,16,early
16479,79,0,0.024404942019101893,0.8999150500379816,16,early
16480,80,0,0.5000008690386193,0.942171798107662,16,early
16481,81,0,0.4918172899993054,0.8500508825749853,16,early
16482,82,0,0.5000266235981194,0.7728999745659051,16,early
16483,83,0,0.3996562669784027,0.5653252983323369,16,early
16484,84,0,0.5022204276215747,0.5904066625974826,16,early
16485,85,0,0.4951204315281553,0.5648773772466662,16,early
16486,86,0,0.50538082239186,0.6398638736784699,16,early
16487,87,0,0.0063586433388565155,1.0579138574549483,16,early
16488,88,0,0.5037829389777049,0.6328499033947406,16,early
16489,89,0,0.05308865066287078,0.8564244237263678,16,early
16490,90,0,0.480450026271609,0.4939855200456437,16,early
16491,91,0,0.9918074392847924,0.6800190783908173,16,early
16492,92,0,0.5220493084897844,0.49382380798144754,16,early
16493,93,0,0.473894864057165,0.6856132933402016,16,early
16494,94,0,0.2169238751826811,0.784129073135106,16,early
16495,95,0,0.4852888356108684,0.6746204745901205,16,early
16496,96,0,0.24956938875965004,1.0082846364204001,16,early
16497,97,0,0.9570037753636669,0.6197310182611728,16,early
16498,98,0,0.5003222077419054,0.93998226674447,16,early
16499,99,0,0.3874128714997058,1.1203421015795907,16,early
16500,100,0,0.48578500999504093,0.7902153314746763,16,early
16501,101,0,0.0007688763054744985,0.9315291339744113,16,early
16502,102,0,0.023777359237049454,1.0637393559397705,16,early
16503,103,0,0.5059849241903158,0.8110966066686023,16,early
16504,104,0,0.4989125420043914,0.7995321766524399,16,early
16505,105,0,0.7763325215180719,0.615353874570501,16,early
16506,106,0,0.6118565863303154,0.6158576878132276,16,early
16507,107,0,6.536066755776479e-05,1.134727043801235,16,early
16508,108,0,0.48768513025728516,0.5856244754660356,16,early
16509,109,0,0.5941200390141868,0.5013137111650521,16,early
16510,110,0,0.5465813573385779,0.5631304311440031,16,early
16511,111,0,0.9959129272280259,0.4973659218811594,16,early
16512,112,0,0.37340621960133646,0.49987270695004626,16,early
16513,113,0,0.096009833833441,0.6073668848741007,16,early
16514,114,0,0.5000707692874797,0.905836575320767,16,early
16515,115,0,0.2663352448238494,0.7965809295541619,16,early
16516,116,0,0.49646423588963573,0.5821345596385473,16,early
16517,117,0,0.06267843667616073,0.7968399697402839,16,early
16518,118,0,0.5000944900177398,0.8800932273497714,16,early
16519,119,0,0.2609697027317784,0.8469262951043532,16,early
16520,120,0,0.4811543305913312,0.9250811211409565,16,early
16521,121,0,0.9920492496325899,0.6537200208143297,16,early
16522,122,0,0.6651321877831189,0.6346340459187139,16,early
16523,123,0,0.07056919561116885,0.6572788031142655,16,early
16524,124,0,0.6458766915010073,0.4675562208081028,16,early
16525,125,0,0.01306533840139269,0.6797287536578798,16,early
16526,126,0,0.49989138015749,0.6277242224769388,16,early
16527,127,0,0.011217597211354716,1.2155715487501348,16,early
16528,128,0,0.5001812770770209,0.9746721870947341,16,early
16529,129,0,0.9897232408301168,0.5831916397810804,16,early
16530,130,0,0.5012793260541588,0.8364428581071992,16,early
16531,131,0,0.9988621281974027,0.5138330987662711,16,early
16532,132,0,0.4999201098846694,0.6239116794498192,16,early
16533,133,0,0.253308842468536,0.7848528982744953,16,early
16534,134,0,0.5050026279563106,0.6663932942625369,16,early
16535,135,0,0.4001863195370714,0.7860193770497208,16,early
16536,136,0,0.5004575835251598,0.8944031178876842,16,early
16537,137,0,0.7411922510161105,0.586262977221664,16,early
16538,138,0,0.44264641070533695,0.5982370548454914,16,early
16539,139,0,0.9836252220879816,0.587383234456786,16,early
16540,140,0,0.5021293098800219,0.41810546822034267,16,early
16541,141,0,0.2702104167379543,0.8227885008620309,16,early
16542,142,0,0.5002841899058209,0.714285301011583,16,early
16543,143,0,0.5246456634141184,0.5237973714564588,16,early
16544,144,0,0.500021569439826,1.0487015776889403,16,early
16545,145,0,0.0021174342272322604,0.8157906588720351,16,early
16546,146,0,0.672719175526724,0.5430947685928562,16,early
16547,147,0,0.049888231324508106,0.7373407017677513,16,early
16548,148,0,0.4991465016524106,0.8677076562090238,16,early
16549,149,0,0.05667426046906122,0.6686022293494389,16,early
16550,150,0,0.5143778094817363,0.4838105168784349,16,early
16551,151,0,0.9420594871669309,0.6264602134246193,16,early
16552,152,0,0.490195611441429,0.6783992952072915,16,early
16553,153,0,0.458367430524348,0.7239512067907463,16,early
16554,154,0,0.499126135427521,0.7869867219021891,16,early
16555,155,0,0.12887769194456372,0.7266290444686028,16,early
16556,156,0,0.7222604688682437,0.4008201248329567,16,early
16557,157,0,0.470727666875667,0.5950861823470358,16,early
16558,158,0,0.3040510185606184,0.6334505629080593,16,early
16559,159,0,0.21646277997959784,0.5302467108168517,16,early
16560,160,0,0.18347627636564667,0.6810018103261131,16,early
16561,161,0,0.3179525004820653,0.5195185402584059,16,early
16562,162,0,0.6173072033749754,0.5930271857250629,16,early
16563,163,0,0.5000693103112228,0.6634575462118151,16,early
16564,164,0,0.4938760733061563,0.9072742326309988,16,early
16565,165,0,0.4999981828838498,0.7966319381273382,16,early
16566,166,0,0.5003439048485508,0.9709418628551073,16,early
16567,167,0,0.3773165385506219,0.6500294284695806,16,early
16568,168,0,9.604092143202526e-06,1.146526407035082,16,early
16569,169,0,0.5001794813030299,0.8563688618534933,16,early
16570,170,0,0.8165169158411684,0.39742258267423636,16,early
16571,171,0,0.9244000081404482,0.5216298440497511,16,early
16572,172,0,0.4863156292312338,0.4968692708347002,16,early
16573,173,0,0.9739216909922183,0.423594235682667,16,early
16574,174,0,0.5125938817141945,0.4461170487093403,16,early
16575,175,0,0.5740657522529078,0.5488894714110142,16,early
16576,176,0,0.500047618042476,0.722347155132927,16,early
16577,177,0,0.5931913261405801,0.5580411530730656,16,early
16578,178,0,0.7584115780301315,0.455790231682098,16,early
16579,179,0,0.5181080959489366,0.5950112645473885,16,early
16580,180,0,0.5023309841143864,0.733127661368812,16,early
16581,181,0,0.32674710384811867,0.47659593132531414,16,early
16582,182,0,0.9040013577211389,0.5635802985750351,16,early
16583,183,0,0.5001091726454336,0.8173306681468262,16,early
16584,184,0,0.988924635632485,0.46228019208356663,16,early
16585,185,0,0.48293626905827053,0.8180378863413917,16,early
16586,186,0,0.9904152230593317,0.5221176992223515,16,early
16587,187,0,0.5420658418773034,0.48503933789618603,16,early
16588,188,0,0.8228834548518904,0.693229540418612,16,early
16589,189,0,0.7030007052563503,0.9045337774075795,16,early
16590,190,0,0.020143452338244636,0.7765937203305469,16,early
16591,191,0,0.5670101881287981,0.3508027868094231,16,early
16592,192,0,0.9804162545831716,0.4235219635599562,16,early
16593,193,0,0.9998442268646697,0.5853788131522801,16,early
16594,194,0,0.5028427950405301,0.7559104837552424,16,early
16595,195,0,0.04934313072821355,0.822427894498889,16,early
16596,196,0,0.500402227549507,0.8692281904653595,16,early
16597,197,0,0.7963656085417874,0.6078261069775474,16,early
16598,198,0,0.9701988514745065,0.46959027517425433,16,early
16599,199,0,0.649625703112731,0.38029947037992584,16,early
16600,0,0,0.6251540518995574,0.7506134832876681,16,middle
16601,1,0,0.3769636531570581,0.46397906126521277,16,middle
16602,2,0,0.9082949465973803,0.4178542116759992,16,middle
16603,3,0,0.6124626519138467,0.5056787638414667,16,middle
16604,4,0,0.4816841383276653,0.512878185235355,16,middle
16605,5,0,0.6947529934540483,0.7033304626733241,16,middle
16606,6,0,0.3558601581259764,0.6170776074654958,16,middle
16607,7,0,0.17765289754796493,0.53429672062287,16,middle
16608,8,0,0.7603740446226241,0.55255070930073,16,middle
16609,9,0,0.5565839744044576,0.46880511698311833,16,middle
16610,10,0,0.6014479204854872,0.4210365018313964,16,middle
16611,11,0,0.5229672165983839,0.5329922897116821,16,middle
16612,12,0,0.4864550516659749,0.5761647502742442,16,middle
16613,13,0,0.499713422432758,0.9873584109995543,16,middle
16614,14,0,0.05007205064335299,0.9138003675851549,16,middle
16615,15,0,0.5033000622702666,0.5413341481535713,16,middle
16616,16,0,0.5489520421710323,0.9651333108224428,16,middle
16617,17,0,0.5082038524264285,0.5993091638655833,16,middle
16618,18,0,0.8365070566337031,0.6160631501135958,16,middle
16619,19,0,0.5142489492735196,0.6250137280384778,16,middle
16620,20,0,0.5202057134465178,0.6282845752439641,16,middle
16621,21,0,0.009234147092311743,0.8596800011326281,16,middle
16622,22,0,0.5405781753835265,0.4416578940621862,16,middle
16623,23,0,0.3466485884694405,0.5283693762781709,16,middle
16624,24,0,0.3576842169772463,0.42278854201342,16,middle
16625,25,0,0.18290964775558838,1.0325737800781154,16,middle
16626,26,0,0.9343463051567661,0.8323595813636631,16,middle
16627,27,0,0.6760305496678819,0.4562158320961873,16,middle
16628,28,0,0.997179948184548,0.5138527926499254,16,middle
16629,29,0,0.9753352456276116,0.3515646619721735,16,middle
16630,30,0,0.18687623079625515,0.8558605512155208,16,middle
16631,31,0,0.4995829758832622,0.7297841848796831,16,middle
16632,32,0,0.5493877207080837,1.0152895172905203,16,middle
16633,33,0,0.7024679539489591,0.8053230670661973,16,middle
16634,34,0,0.011037437544487104,0.6444611381018042,16,middle
16635,35,0,0.020787417188111695,0.7771882130841474,16,middle
16636,36,0,0.504777877485906,0.8448792408215551,16,middle
16637,37,0,0.12374173119645204,0.6522453222566422,16,middle
16638,38,0,0.9602700040782635,0.6817605220227381,16,middle
16639,39,0,0.5291896926625217,0.6435539182612453,16,middle
16640,40,0,0.8745834354660984,0.718457823895567,16,middle
16641,41,0,0.9777189973332145,0.7231871644087277,16,middle
16642,42,0,0.9810675853923885,0.6277568755174661,16,middle
16643,43,0,0.9214933809846299,0.7025441665791341,16,middle
16644,44,0,0.6861144626631293,1.029378752840212,16,middle
16645,45,0,0.9879763273710322,0.5339210910484257,16,middle
16646,46,0,0.9842446009244825,0.8560263470519376,16,middle
16647,47,0,0.9848197931732097,0.7107980016798108,16,middle
16648,48,0,0.462512553473713,0.5162531140246079,16,middle
16649,49,0,0.9990684211307523,0.5794980689698158,16,middle
16650,50,0,0.6765490553616728,0.433522623858316,16,middle
16651,51,0,0.9966166504163099,0.5025983403359688,16,middle
16652,52,0,0.9976730194610421,1.1168419389325694,16,middle
16653,53,0,0.15041967987278745,0.6534553520200743,16,middle
16654,54,0,0.6793637937454412,0.5787117981552512,16,middle
16655,55,0,0.6127740771091398,0.6889025958495156,16,middle
16656,56,0,0.9748225832959356,0.7825736544244273,16,middle
16657,57,0,0.777078222145905,0.7044455210880469,16,middle
16658,58,0,0.06224720669678785,1.3839562533838168,16,middle
16659,59,0,0.47316555517103887,0.8189542712401576,16,middle
16660,60,0,0.9075014290895065,0.674080080990498,16,middle
16661,61,0,0.05972988878989381,0.7292030490133552,16,middle
16662,62,0,0.9999242101105367,0.8770518309183299,16,middle
16663,63,0,0.7310527979715999,0.4631675721527031,16,middle
16664,64,0,0.9904909891987064,0.4080239858706588,16,middle
16665,65,0,0.9781977821548344,0.6822435442022166,16,middle
16666,66,0,0.8564439826787456,0.6053401735440449,16,middle
16667,67,0,0.48218304391287886,0.7965885064934809,16,middle
16668,68,0,0.9999959107650729,0.8791360017822277,16,middle
16669,69,0,0.728049259054224,0.6766234030719449,16,middle
16670,70,0,0.4974092656405223,1.1235211198233415,16,middle
16671,71,0,0.49789841616907016,0.7464682773424451,16,middle
16672,72,0,0.6539946268301057,0.49683483006736706,16,middle
16673,73,0,0.4385988568630525,1.087691491874682,16,middle
16674,74,0,0.9617647173250444,0.6668895736541198,16,middle
16675,75,0,0.9181859383356895,0.89930016158841,16,middle
16676,76,0,0.35212920868903075,0.9661663381175443,16,middle
16677,77,0,0.8968175121489368,0.5117204849751704,16,middle
16678,78,0,0.04490796158365382,0.7956439013051442,16,middle
16679,79,0,0.6287592670814838,0.45167561138335355,16,middle
16680,80,0,0.3033226938406698,0.4592636346840241,16,middle
16681,81,0,0.002041657593706045,1.0061513143120664,16,middle
16682,82,0,0.9757053365755823,0.8490742306130563,16,middle
16683,83,0,0.5062107072087683,0.7862959127041114,16,middle
16684,84,0,0.38000136185535255,1.2462102594029454,16,middle
16685,85,0,0.04612357759108339,0.8521429713596658,16,middle
16686,86,0,0.16132899866504746,0.871416928208836,16,middle
16687,87,0,0.49772332549209825,1.0761056774591768,16,middle
16688,88,0,0.4369610226104674,0.7441170816507462,16,middle
16689,89,0,0.4269608328925514,0.5984420184049682,16,middle
16690,90,0,0.474120729473132,0.5650839760059121,16,middle
16691,91,0,0.4603230637818316,0.9450556543361732,16,middle
16692,92,0,0.006735542625922039,0.8864815652264346,16,middle
16693,93,0,0.6186605719724928,0.8276599288593767,16,middle
16694,94,0,0.9591374591164881,0.523391189200351,16,middle
16695,95,0,0.5087990337134709,0.4470600480699981,16,middle
16696,96,0,0.3006326019228276,0.45935465342743564,16,middle
16697,97,0,0.6162961166363837,0.5792120942632117,16,middle
16698,98,0,0.8008278457090833,0.7424814399643809,16,middle
16699,99,0,0.4642322511692868,0.7638425334624483,16,middle
16700,100,0,0.2122316869553119,0.6690409258739932,16,middle
16701,101,0,0.24162042097122619,0.7120455069461056,16,middle
16702,102,0,0.7916516346626503,0.5257454859300463,16,middle
16703,103,0,0.5150599330162494,1.0299486065326398,16,middle
16704,104,0,0.5255889927623539,0.5661614414674256,16,middle
16705,105,0,0.5102429161024538,0.5252030551123389,16,middle
16706,106,0,0.9282981844309521,0.5308866933575327,16,middle
16707,107,0,0.516760033715324,0.5645463785510749,16,middle
16708,108,0,0.8114458103108697,0.6320138679201484,16,middle
16709,109,0,0.49090619254107654,0.9391357669467487,16,middle
16710,110,0,0.7428769680394254,0.28986330053237724,16,middle
16711,111,0,0.6382686936626002,0.6560769613069376,16,middle
16712,112,0,0.4793656525964123,0.6620083623576973,16,middle
16713,113,0,0.5226756428784373,0.6636523014001778,16,middle
16714,114,0,0.8452286400319576,0.7887855187139274,16,middle
16715,115,0,0.9773607197278447,0.5627851993242194,16,middle
16716,116,0,0.7744824264768131,0.6183543744219153,16,middle
16717,117,0,0.6936080358261398,0.36609694287500383,16,middle
16718,118,0,0.9988480536737863,0.39597828202967,16,middle
16719,119,0,0.9525971175127921,0.5452830615157152,16,middle
16720,120,0,0.008012129265441169,0.7141420482007251,16,middle
16721,121,0,0.49913521936952937,0.6190471861072588,16,middle
16722,122,0,0.38232375168365784,0.521583659391952,16,middle
16723,123,0,0.5179983804725784,0.7027923940948093,16,middle
16724,124,0,0.972067515880819,0.6895917661814394,16,middle
16725,125,0,0.5801717840973362,0.671444337560954,16,middle
16726,126,0,0.00315717031678818,0.8319182496684634,16,middle
16727,127,0,0.6058811431628497,0.7502823010260558,16,middle
16728,128,0,0.6162639909597084,0.5414348855150286,16,middle
16729,129,0,0.666536565634642,0.49682150807006,16,middle
16730,130,0,0.0005911946335559218,1.136880542657888,16,middle
16731,131,0,0.500008036832788,1.075398270712029,16,middle
16732,132,0,0.0050400156898277315,0.9692593796385666,16,middle
16733,133,0,0.5003672619828797,0.8032462417010284,16,middle
16734,134,0,0.5256499041337636,0.5550105101794208,16,middle
16735,135,0,0.6056465993172705,0.6511896127570331,16,middle
16736,136,0,0.019517858912084952,0.750556914297839,16,middle
16737,137,0,0.8303384855697385,0.828598974336527,16,middle
16738,138,0,0.26889481237098317,0.4797078616853466,16,middle
16739,139,0,0.9549255577951379,0.3648112449883221,16,middle
16740,140,0,0.23633932565946467,0.7116349826330013,16,middle
16741,141,0,0.8088527293939752,0.568213862852244,16,middle
16742,142,0,0.5564522183300036,0.5974378519308263,16,middle
16743,143,0,0.6541028297917115,0.5473917994602497,16,middle
16744,144,0,0.4485848757272803,0.8502970193667132,16,middle
16745,145,0,0.7873217260133101,0.785343194701467,16,middle
16746,146,0,2.345899941872049e-05,1.2597268173686045,16,middle
16747,147,0,0.49999989373702364,1.0180035895726416,16,middle
16748,148,0,0.21718622233998347,0.7686039298790895,16,middle
16749,149,0,0.61257628509707,0.63880222799432,16,middle
16750,150,0,0.043271312280339286,0.6404025773636779,16,middle
16751,151,0,0.4627648925369399,0.5559366363286034,16,middle
16752,152,0,0.47828084337455257,0.8163045866961443,16,middle
16753,153,0,0.6734977758829648,0.7057444591799652,16,middle
16754,154,0,0.3619567144085153,0.524597496281196,16,middle
16755,155,0,0.4999393996534893,0.5232502673357966,16,middle
16756,156,0,0.36038284372792284,0.4712963441129452,16,middle
16757,157,0,0.514022588753014,0.6087049110580096,16,middle
16758,158,0,0.04776096180613355,0.6732002146460968,16,middle
16759,159,0,0.5149422065964647,0.7843928626428747,16,middle
16760,160,0,0.3305229584247491,0.5036729372213127,16,middle
16761,161,0,0.5662610870229386,0.5629968382967443,16,middle
16762,162,0,0.5045658594369316,0.5563144360552803,16,middle
16763,163,0,0.1852044945406329,0.5534876154851028,16,middle
16764,164,0,0.668310401780092,0.794350412481398,16,middle
16765,165,0,0.05115716693573476,0.7200845923282542,16,middle
16766,166,0,0.5000648722827743,0.9562751860448067,16,middle
16767,167,0,0.26169650009960316,0.7601216274659477,16,middle
16768,168,0,0.3058958209559642,0.7859025387131697,16,middle
16769,169,0,0.48575157018316545,0.5649863813144587,16,middle
16770,170,0,0.5554886826809581,0.8531091864948247,16,middle
16771,171,0,0.0215914465320334,0.8389404438983654,16,middle
16772,172,0,0.9190060315402191,0.35235582657822784,16,middle
16773,173,0,0.523174030402521,0.6076866653366513,16,middle
16774,174,0,0.529086638261163,0.5457547639565776,16,middle
16775,175,0,0.7943102987911503,0.5309992426667672,16,middle
16776,176,0,0.5435815468219153,0.817634453877123,16,middle
16777,177,0,0.613010216866363,0.44480915300299584,16,middle
16778,178,0,0.9796338708463407,0.707381881373596,16,middle
16779,179,0,0.972294130970246,0.39456086173247146,16,middle
16780,180,0,0.012501871600071657,0.9826464843920266,16,middle
16781,181,0,0.8368821798751732,0.39900304095879613,16,middle
16782,182,0,0.48253690521050124,0.3640915335265047,16,middle
16783,183,0,0.0025039189940615314,0.6597382570904968,16,middle
16784,184,0,0.7467612883364134,0.7889281135459484,16,middle
16785,185,0,0.6010390528860641,0.3620396981445903,16,middle
16786,186,0,0.9471831137022906,0.6342144312253888,16,middle
16787,187,0,0.45489769587693885,0.6208875208828151,16,middle
16788,188,0,0.0008417422502797396,0.8430680748125361,16,middle
16789,189,0,0.5014686113974074,0.6433578838189316,16,middle
16790,190,0,0.5012262212163623,0.4878128227892122,16,middle
16791,191,0,0.4569191755733898,0.6439447658915205,16,middle
16792,192,0,0.8137166068305948,0.4476307900128019,16,middle
16793,193,0,0.5658699684577334,0.5117298666696785,16,middle
16794,194,0,0.5011059751995186,0.6689859352439012,16,middle
16795,195,0,0.6381149610388608,0.5829755222951976,16,middle
16796,196,0,0.9975137098827553,0.5413077706143035,16,middle
16797,197,0,0.4342868838986227,0.7964634390185089,16,middle
16798,198,0,0.5138506392370119,0.6421765610847792,16,middle
16799,199,0,0.4784172859576334,1.0617580211488522,16,middle
16800,0,0,0.46114160791370473,0.6545672276140992,16,late
16801,1,0,0.7286112352897408,0.6146369874171687,16,late
16802,2,0,0.6242403325045851,0.6063494357248203,16,late
16803,3,0,0.5116984441018868,0.6408469336634828,16,late
16804,4,0,0.6529128520542282,0.5433901464922501,16,late
16805,5,0,0.9935637348096303,0.5573004660909873,16,late
16806,6,0,0.8021417324892353,0.5644645156208127,16,late
16807,7,0,0.2937787040534064,0.738275435288166,16,late
16808,8,0,0.5041411489715512,0.754891694150704,16,late
16809,9,0,0.5006177095899534,0.493787637982252,16,late
16810,10,0,0.7429059336427546,0.4671130696782012,16,late
16811,11,0,0.11410475348549663,0.9498094478548216,16,late
16812,12,0,0.49613702569392215,0.9952288377949947,16,late
16813,13,0,0.21652484191785543,0.7137707985078651,16,late
16814,14,0,0.5002230835886669,0.8291785965325982,16,late
16815,15,0,0.45682759330006245,0.9641956262196438,16,late
16816,16,0,0.5020871295162967,0.7067394228444963,16,late
16817,17,0,0.5117933837466297,0.7633896568731191,16,late
16818,18,0,0.4995448046439132,0.919401693828663,16,late
16819,19,0,0.5005005972543435,0.9522983266933922,16,late
16820,20,0,0.09405950365534556,1.0723583989432224,16,late
16821,21,0,0.2392990178004682,0.83987769760392,16,late
16822,22,0,0.5000210239462525,0.7568994605829218,16,late
16823,23,0,0.21693730505660294,0.5029149434762573,16,late
16824,24,0,0.4560231088626378,0.5843308211233411,16,late
16825,25,0,0.5206558765414798,0.5148954460456021,16,late
16826,26,0,0.0665723312979223,1.05878764354811,16,late
16827,27,0,0.3700964729888864,0.7897149734090255,16,late
16828,28,0,0.8219443496250769,0.9002803158717085,16,late
16829,29,0,0.310938196884822,0.7137592576991256,16,late
16830,30,0,0.1758846741014908,0.9215723978579984,16,late
16831,31,0,0.2901450236512492,0.7350265195976222,16,late
16832,32,0,0.44794436914691904,0.5725711175097525,16,late
16833,33,0,0.6023118343335354,0.6745086155532642,16,late
16834,34,0,0.7380423855180704,0.6869406333174692,16,late
16835,35,0,0.3390663362672621,0.6355746068319881,16,late
16836,36,0,0.16581376297080883,0.5768853039755147,16,late
16837,37,0,0.5663417343689406,0.48643684621129124,16,late
16838,38,0,0.9770928275295262,0.4822304643673504,16,late
16839,39,0,0.8178753767696245,0.3156853502216299,16,late
16840,40,0,0.48971809582921194,0.4880745517907342,16,late
16841,41,0,0.6602040740883712,0.4498192765731649,16,late
16842,42,0,0.4638147735933287,0.9043404463484472,16,late
16843,43,0,0.5000056981806351,1.4214513731441143,16,late
16844,44,0,0.5445506456711977,0.5440841617314325,16,late
16845,45,0,0.36355437298573867,0.775374948994747,16,late
16846,46,0,0.4960361225104713,1.0798256284523284,16,late
16847,47,0,0.4999489553451502,1.3165343403925975,16,late
16848,48,0,0.7972209046665502,0.5578845647457412,16,late
16849,49,0,0.5408900438006856,0.7655448904118891,16,late
16850,50,0,0.9971204496859072,0.841558489981151,16,late
16851,51,0,0.5023091392492688,0.8455000022991364,16,late
16852,52,0,0.4943188645647186,0.6517494066530449,16,late
16853,53,0,0.6385128091481449,0.723028294416982,16,late
16854,54,0,0.5426655207645089,0.6551704677315204,16,late
16855,55,0,0.03266152517053734,0.7895823918300715,16,late
16856,56,0,0.9928621621286193,0.688745175330995,16,late
16857,57,0,0.012135779458506182,0.6989890421784233,16,late
16858,58,0,0.6100442200157823,0.6080005749261599,16,late
16859,59,0,0.5238702354492303,0.3807155286693036,16,late
16860,60,0,0.9970395241383875,0.6021218765398126,16,late
16861,61,0,0.05067744167778506,0.8492945748581449,16,late
16862,62,0,0.4031423747134751,1.0577285056220842,16,late
16863,63,0,0.4983757781808445,0.8699682111530944,16,late
16864,64,0,0.6104667624482607,0.7051143515435627,16,late
16865,65,0,0.7650030645204045,0.6613690330619463,16,late
16866,66,0,0.6885414629970745,0.9856188880883532,16,late
16867,67,0,0.8767638893802177,0.7609477829335305,16,late
16868,68,0,0.5123897731149678,0.8690192975383282,16,late
16869,69,0,0.5004079843225999,1.1968259131812706,16,late
16870,70,0,0.9858291148052646,0.6994977135199782,16,late
16871,71,0,0.5050743233606904,0.5633883590649156,16,late
16872,72,0,0.9970432089168247,0.5832732972006263,16,late
16873,73,0,0.5036573068204065,0.8477769860766293,16,late
16874,74,0,0.47559523347436056,0.7135002521483361,16,late
16875,75,0,0.5302263081279118,0.6100676239274494,16,late
16876,76,0,0.9819442925565661,0.5471320657722509,16,late
16877,77,0,0.012084739154627133,0.7996412916735889,16,late
16878,78,0,0.49906686355733565,0.7354890306771167,16,late
16879,79,0,0.1521541842385189,1.1296391391647975,16,late
16880,80,0,0.47582453182351264,0.6592156081229046,16,late
16881,81,0,0.6188656380008892,0.5714978598333478,16,late
16882,82,0,0.9369646115939021,0.34706514359387025,16,late
16883,83,0,0.486858511460948,0.6191648567699298,16,late
16884,84,0,0.11781504979580378,0.7282149522918324,16,late
16885,85,0,0.8179349110893261,0.3344439543366374,16,late
16886,86,0,0.5199056137392913,0.5944586296260355,16,late
16887,87,0,0.022034508750837196,0.768312984059848,16,late
16888,88,0,0.9278981378479265,0.5503998642517612,16,late
16889,89,0,0.5556166226057374,0.42030960562476183,16,late
16890,90,0,0.239836868319745,0.749541097913133,16,late
16891,91,0,0.4995837352187156,0.9212553073941869,16,late
16892,92,0,0.4876996901940191,0.7558851786068106,16,late
16893,93,0,0.03807496091962504,0.9404088616127271,16,late
16894,94,0,0.09491485151452148,0.868815414053718,16,late
16895,95,0,0.9998016138886898,1.0426578564462927,16,late
16896,96,0,0.7490747930289283,0.5781547934766484,16,late
16897,97,0,0.0020171084426361045,1.481623659742565,16,late
16898,98,0,0.9362796208866377,0.895968018022612,16,late
16899,99,0,0.5362532771964449,0.7051438767080409,16,late
16900,100,0,0.05744790653120653,1.1746245166454248,16,late
16901,101,0,0.9532566677340228,0.5980288571165235,16,late
16902,102,0,0.9593870081272696,0.7049080448599904,16,late
16903,103,0,0.16149156209015936,0.5780405059514095,16,late
16904,104,0,0.8309437158396182,0.7225930250711533,16,late
16905,105,0,0.5740208889410777,0.677739186959819,16,late
16906,106,0,0.9999635124564303,0.7389201447815399,16,late
16907,107,0,0.555552274820249,0.6038370955623024,16,late
16908,108,0,0.8226739784707082,0.46428445934355966,16,late
16909,109,0,0.08068506335279617,0.6648291561168586,16,late
16910,110,0,0.9736922409463397,0.3775026191733063,16,late
16911,111,0,0.041643422108766724,0.9976017770167427,16,late
16912,112,0,0.33379158398108405,1.3577608142477737,16,late
16913,113,0,0.9993182862654516,0.7724069154070954,16,late
16914,114,0,0.6610791986194813,0.5163793457616941,16,late
16915,115,0,0.9420981377141957,0.7507953428414473,16,late
16916,116,0,0.9978147891057875,0.5748995667754165,16,late
16917,117,0,0.9715273239244091,0.7916125318117162,16,late
16918,118,0,0.6526339421585383,0.8065043697283811,16,late
16919,119,0,0.5023311272013817,0.967331537926903,16,late
16920,120,0,0.4534971556864854,0.9769070254955396,16,late
16921,121,0,0.7588823375847223,0.5357045514557626,16,late
16922,122,0,0.1257944978687295,0.6667376177051865,16,late
16923,123,0,0.7749322355266381,0.6233483420462049,16,late
16924,124,0,0.13914329697165687,0.7025408904837809,16,late
16925,125,0,0.006501552023612158,0.8821396494430083,16,late
16926,126,0,0.8566976917856224,0.7512597274721351,16,late
16927,127,0,0.36630169460439466,0.9881186972082634,16,late
16928,128,0,0.49945042315671917,0.6933847239889048,16,late
16929,129,0,0.013644626099000755,0.8264210475895892,16,late
16930,130,0,0.932901121748775,0.7337271673098689,16,late
16931,131,0,0.0035396855436412764,0.8618772824126273,16,late
16932,132,0,0.7960186624205372,0.6728700029671206,16,late
16933,133,0,0.5047538185312529,0.5923673342650204,16,late
16934,134,0,0.9793807820849891,0.4913984146121222,16,late
16935,135,0,0.9925869212853017,0.6587789899330943,16,late
16936,136,0,0.2427752265906224,0.7149256201621788,16,late
16937,137,0,0.9666759974891495,0.6079057679243753,16,late
16938,138,0,0.5490133074090711,0.6957504679973794,16,late
16939,139,0,0.21332042750283314,0.761067578828559,16,late
16940,140,0,0.7123349444432869,0.7123774932269509,16,late
16941,141,0,0.9909652385244636,0.5328029474679232,16,late
16942,142,0,0.978207984682371,0.8428804685305145,16,late
16943,143,0,0.03451395592926656,0.8259389901422154,16,late
16944,144,0,0.6002903925196621,0.7522238278043631,16,late
16945,145,0,0.08351900910025324,0.6505205690842731,16,late
16946,146,0,0.8088799606740852,0.7041757379112328,16,late
16947,147,0,0.5054055832480941,0.6961451660701363,16,late
16948,148,0,0.15877398137480428,1.0110692194735265,16,late
16949,149,0,0.9273636068325106,0.37440981096411274,16,late
16950,150,0,0.43345153954807464,0.7421256824861517,16,late
16951,151,0,0.3063086033923406,0.7862161310852288,16,late
16952,152,0,0.32699206333948894,1.0172846878151454,16,late
16953,153,0,0.8070461532336719,0.810725251783575,16,late
16954,154,0,0.7722102717281094,0.6166005532870094,16,late
16955,155,0,0.9999997179686195,0.9390858456204714,16,late
16956,156,0,0.4831563875481113,0.84058113672479,16,late
16957,157,0,0.005809346824670001,0.7463804803709855,16,late
16958,158,0,0.7314884536886053,0.8613253227922679,16,late
16959,159,0,0.5374475331626678,0.6447890665515101,16,late
16960,160,0,0.14260105324680733,0.6073308582731436,16,late
16961,161,0,0.9920833764170103,0.5569276341424259,16,late
16962,162,0,0.39750518865424417,0.6246339812152397,16,late
16963,163,0,0.5022319936507754,0.7792167854553055,16,late
16964,164,0,0.5378997006672964,0.6306009393301164,16,late
16965,165,0,0.6823706953509139,0.7410800923692953,16,late
16966,166,0,0.49026771163972893,1.0024978377613523,16,late
16967,167,0,0.9988729312276665,0.954346320539336,16,late
16968,168,0,0.07351318272676553,0.9111712238822331,16,late
16969,169,0,0.5723055833156805,0.4138942076994515,16,late
16970,170,0,0.08398665601124666,0.7127770064666008,16,late
16971,171,0,0.5034297451499142,0.6922767790820685,16,late
16972,172,0,0.601297275795758,0.47234134230154523,16,late
16973,173,0,0.004234922104352121,1.174946934306633,16,late
16974,174,0,0.504174811636071,1.1871591004589068,16,late
16975,175,0,0.22365575299241822,0.5324937022029876,16,late
16976,176,0,0.4593494548631375,1.0595101370869613,16,late
16977,177,0,0.5004801229526884,0.8026360874402171,16,late
16978,178,0,0.9540414393593968,0.42896512702931633,16,late
16979,179,0,0.006018204603895518,0.8249519160513583,16,late
16980,180,0,0.99065982732308,0.37421864677836825,16,late
16981,181,0,0.45647991918946756,1.0892625505749436,16,late
16982,182,0,0.010369752955350853,0.7545481806977101,16,late
16983,183,0,0.4988346029751542,0.9187164111529509,16,late
16984,184,0,0.6209812427259698,0.7700332226723211,16,late
16985,185,0,0.5113046647354501,0.6820194160213298,16,late
16986,186,0,0.8934623855294623,0.5720795002559935,16,late
16987,187,0,0.5599410462933578,0.6638502331683535,16,late
16988,188,0,0.6376872708885752,0.6626044259566406,16,late
16989,189,0,0.8801110033417732,0.5357751616138263,16,late
16990,190,0,0.5020954535641095,0.8523385923449864,16,late
16991,191,0,0.01824038172674211,0.8729358093833661,16,late
16992,192,0,0.9662684535256543,0.6178518841835027,16,late
16993,193,0,0.6548069544613758,0.7662831384248151,16,late
16994,194,0,0.9165290254380987,0.588541597444373,16,late
16995,195,0,0.588028585816894,0.5578935805428977,16,late
16996,196,0,0.08355396607516113,0.6993630305636706,16,late
16997,197,0,0.9202502264662619,0.6807095547362348,16,late
16998,198,0,0.4227332125818982,1.122260118647802,16,late
16999,199,0,0.004792655139681305,0.7982411826943555,16,late
17000,0,0,0.48880068117121905,0.6724370819175249,17,interleaved
17001,1,0,0.7935629839205347,0.6537369163656137,17,interleaved
17002,2,0,0.7125277966733896,0.5617336857904462,17,interleaved
17003,3,0,0.5055750853925467,0.5354785876264846,17,interleaved
17004,4,0,0.8590853765056132,0.44134416914827884,17,interleaved
17005,5,0,0.49279886065602146,0.49955225724608665,17,interleaved
17006,6,0,0.33850196866109356,0.7524808489508027,17,interleaved
17007,7,0,0.5006414217686237,1.0597136536365204,17,interleaved
17008,8,0,0.4674405486349402,0.6912925652486572,17,interleaved
17009,9,0,0.5000175266397111,0.6016946117298774,17,interleaved
17010,10,0,0.6205815795048392,0.4088190505742324,17,interleaved
17011,11,0,0.6649519465173466,0.8868109461845195,17,interleaved
17012,12,0,0.5438681411970029,0.7310015070169391,17,interleaved
17013,13,0,0.7000372860813091,0.7144780482471127,17,interleaved
17014,14,0,0.9662589504961749,0.5617873892132674,17,interleaved
17015,15,0,0.5000957474556871,1.1159743916672835,17,interleaved
17016,16,0,0.36709932299986936,0.9573298608666732,17,interleaved
17017,17,0,0.5038028095381778,0.8075779549800554,17,interleaved
17018,18,0,0.8900868953402241,0.8065585746037427,17,interleaved
17019,19,0,0.9806603702330048,0.8886691772807299,17,interleaved
17020,20,0,0.16833654767743317,0.7196130638374134,17,interleaved
17021,21,0,0.4148168629551695,0.6238026482539856,17,interleaved
17022,22,0,0.6520476603267868,0.442833765349384,17,interleaved
17023,23,0,0.027007055993497037,0.9970688297805318,17,interleaved
17024,24,0,0.4217019402192518,1.0169033376438683,17,interleaved
17025,25,0,0.4636064846882908,1.0198331832800447,17,interleaved
17026,26,0,0.8463853736032797,0.5378533205284091,17,interleaved
17027,27,0,0.4955066311562265,0.7129731859811052,17,interleaved
17028,28,0,0.5171073231914703,0.8195400223649211,17,interleaved
17029,29,0,0.6186496221500299,0.8120320409277657,17,interleaved
17030,30,0,0.23025437602246576,0.6828851879406728,17,interleaved
17031,31,0,0.5089086147739494,1.0101495205063271,17,interleaved
17032,32,0,0.19728579509210453,0.6651220492826198,17,interleaved
17033,33,0,0.9014837854722761,0.6213358351352427,17,interleaved
17034,34,0,0.990923626415689,0.5069739003300581,17,interleaved
17035,35,0,0.6678034730366547,0.75080194692941,17,interleaved
17036,36,0,0.9602681870092402,0.9909103250024032,17,interleaved
17037,37,0,0.631120715395218,0.9023782187521847,17,interleaved
17038,38,0,0.5004178471633208,1.0521225233425096,17,interleaved
17039,39,0,0.49863268406403405,0.8063684174801553,17,interleaved
17040,40,0,0.5571650003921209,0.590371289221157,17,interleaved
17041,41,0,0.15709320609836752,1.1795768538480624,17,interleaved
17042,42,0,0.5036085138305861,0.7088959259901696,17,interleaved
17043,43,0,0.5090065080069986,0.7691570156111214,17,interleaved
17044,44,0,0.5888943970438864,0.985599250288547,17,interleaved
17045,45,0,0.45379689201364914,0.8714674466706779,17,interleaved
17046,46,0,0.0030317074986556903,0.9067494966968594,17,interleaved
17047,47,0,0.785014236558256,0.5848581658131058,17,interleaved
17048,48,0,0.9129361973603228,0.6889662676135988,17,interleaved
17049,49,0,0.5038034239530784,1.3512008273213505,17,interleaved
17050,50,0,0.49835674526723134,0.8252233067775046,17,interleaved
17051,51,0,0.855537224304156,0.6173578886340074,17,interleaved
17052,52,0,0.9988724398589873,0.9021946671929255,17,interleaved
17053,53,0,0.9949163801761912,0.9102711257103361,17,interleaved
17054,54,0,0.002772531872773749,1.1782176683285133,17,interleaved
17055,55,0,0.4895077089724763,0.7226397956362411,17,interleaved
17056,56,0,0.3077973355905098,0.6712686819250362,17,interleaved
17057,57,0,0.43946607170806284,0.6317092734256,17,interleaved
17058,58,0,0.7263535485309474,0.5696422656460316,17,interleaved
17059,59,0,0.8679607937842144,0.43178102777167393,17,interleaved
17060,60,0,0.4546066032700463,0.9033109725045605,17,interleaved
17061,61,0,0.5000315885425985,0.7556990350480071,17,interleaved
17062,62,0,0.5626650090892482,0.6343198930842179,17,interleaved
17063,63,0,0.9095953982084297,0.7819921680194062,17,interleaved
17064,64,0,0.004055942445993383,0.8738068371878598,17,interleaved
17065,65,0,0.8533148296270021,1.265978384875701,17,interleaved
17066,66,0,0.8442077320643209,0.7142734159193054,17,interleaved
17067,67,0,0.5939592097498764,0.6453585097929067,17,interleaved
17068,68,0,0.43068932699016366,0.9329997916237094,17,interleaved
17069,69,0,0.3748600034303042,0.8157430070409202,17,interleaved
17070,70,0,0.6400317370308066,0.6346146688128089,17,interleaved
17071,71,0,0.12636533719175994,0.9506640284775842,17,interleaved
17072,72,0,0.5223669459665359,0.4722719878496598,17,interleaved
17073,73,0,0.5369444848872027,0.7374204301655163,17,interleaved
17074,74,0,0.020467790315720612,0.9705667601952942,17,interleaved
17075,75,0,0.5004568490592838,0.8267180322425354,17,interleaved
17076,76,0,0.2694676579404279,0.7297700745956833,17,interleaved
17077,77,0,0.5069232749820142,0.6018388192495951,17,interleaved
17078,78,0,0.5464075258908964,0.5483765872893825,17,interleaved
17079,79,0,0.48293921224911845,0.5403260797503713,17,interleaved
17080,80,0,0.9645871910497661,0.46106553208794276,17,interleaved
17081,81,0,0.5092593845714996,0.6984690734198784,17,interleaved
17082,82,0,0.007690730305296477,0.7653087763266435,17,interleaved
17083,83,0,0.5036711139080557,0.9569343364089663,17,interleaved
17084,84,0,0.4978492021786884,0.8385571950134849,17,interleaved
17085,85,0,0.9995059642742543,1.0467367613201226,17,interleaved
17086,86,0,0.026215539985641006,0.9503597130630794,17,interleaved
17087,87,0,0.11957538352328059,0.8362894625781006,17,interleaved
17088,88,0,0.0002613944874586851,1.1167380592794682,17,interleaved
17089,89,0,0.5420102998149936,0.9543200412539494,17,interleaved
17090,90,0,0.3770709005975028,0.5820947026774215,17,interleaved
17091,91,0,0.42718408070303016,0.8864040738043717,17,interleaved
17092,92,0,0.4019166070942345,0.7225294361787047,17,interleaved
17093,93,0,0.9942617295803118,0.9403441891738202,17,interleaved
17094,94,0,0.33540073735216736,0.5999630790224884,17,interleaved
17095,95,0,0.4830098284387947,0.8790692954728649,17,interleaved
17096,96,0,0.5021321936966505,0.42799205935925844,17,interleaved
17097,97,0,0.9797030597988304,0.5445642508792709,17,interleaved
17098,98,0,0.6622823435697813,0.8358020222209721,17,interleaved
17099,99,0,0.6290459802603309,0.5094849603050038,17,interleaved
17100,100,0,0.9103402704072583,0.37393135994896765,17,interleaved
17101,101,0,0.502069226189429,0.5819250507365388,17,interleaved
17102,102,0,0.40444618035115687,0.5303774254635708,17,interleaved
17103,103,0,0.5018834242872573,0.5578994595069969,17,interleaved
17104,104,0,0.9898346956301554,0.4860286940906893,17,interleaved
17105,105,0,0.7179121235392455,0.6362879109846029,17,interleaved
17106,106,0,0.9429460340334075,0.6949697585961994,17,interleaved
17107,107,0,0.5743083238697095,0.7336615886359559,17,interleaved
17108,108,0,0.9982540400578364,0.7486003876996372,17,interleaved
17109,109,0,0.10672150858605796,0.995400666477147,17,interleaved
17110,110,0,0.6484695508033829,0.7197617215878696,17,interleaved
17111,111,0,0.6041551410508388,0.6366429184653455,17,interleaved
17112,112,0,0.04054441212547597,0.860350170690195,17,interleaved
17113,113,0,0.5479210331959485,0.7548502846646176,17,interleaved
17114,114,0,0.5329244339887578,0.6607319641831733,17,interleaved
17115,115,0,0.9759085771663091,0.6631077801310851,17,interleaved
17116,116,0,0.9313300313545834,0.4425063921214074,17,interleaved
17117,117,0,0.4973157867909317,0.5986249667724926,17,interleaved
17118,118,0,0.34562993703809547,0.9263118318739357,17,interleaved
17119,119,0,0.5000193166663848,0.9931916750969788,17,interleaved
17120,120,0,0.5997761284418872,0.7424049504085704,17,interleaved
17121,121,0,0.8907432861543545,0.9945685711145817,17,interleaved
17122,122,0,0.6910673552599127,0.6141187969163169,17,interleaved
17123,123,0,0.5277253623848618,0.5801267305028648,17,interleaved
17124,124,0,0.5665349782875816,0.5037117224440356,17,interleaved
17125,125,0,0.5060071628128847,0.7373396565817005,17,interleaved
17126,126,0,0.45382907246599336,0.7427244715931465,17,interleaved
17127,127,0,0.5008149427642294,0.9322181635060338,17,interleaved
17128,128,0,0.8328625675504142,0.38385196323950455,17,interleaved
17129,129,0,0.8789506836372771,0.6341474647059466,17,interleaved
17130,130,0,0.9740596632382993,0.558923587566152,17,interleaved
17131,131,0,0.506435494488065,0.8037235675183294,17,interleaved
17132,132,0,0.7989306817342943,0.754120188659945,17,interleaved
17133,133,0,0.5988540186075503,0.7533942675964957,17,interleaved
17134,134,0,0.9618791220498296,0.48329445599885423,17,interleaved
17135,135,0,0.5583640814809505,0.48326490817857687,17,interleaved
17136,136,0,0.9473037816203996,0.5376906167554178,17,interleaved
17137,137,0,0.5217730265449129,0.70537483852313,17,interleaved
17138,138,0,0.21239650500156593,0.9439619740962056,17,interleaved
17139,139,0,0.912510435347599,0.39588167916155204,17,interleaved
17140,140,0,0.6840126439132496,0.5274276961021263,17,interleaved
17141,141,0,0.4089484885993031,1.0263147730543996,17,interleaved
17142,142,0,0.4930919349984443,0.8367137089388228,17,interleaved
17143,143,0,0.4922570699766583,0.7192265171627075,17,interleaved
17144,144,0,0.9089434371122915,0.9112903068972914,17,interleaved
17145,145,0,0.6551874083620775,0.4702013044517248,17,interleaved
17146,146,0,0.021449745661608198,0.6806034040549132,17,interleaved
17147,147,0,0.5882841335324249,0.5023999047078573,17,interleaved
17148,148,0,0.9525988108492113,0.7946846075856224,17,interleaved
17149,149,0,0.20999614581590864,0.7051809850426667,17,interleaved
17150,150,0,0.9410264937608287,0.8407272792085,17,interleaved
17151,151,0,0.9820870916867566,0.6279421313398235,17,interleaved
17152,152,0,0.7704036766267595,0.8821025034187752,17,interleaved
17153,153,0,0.5001724244630993,0.927123200332506,17,interleaved
17154,154,0,0.17526657137140667,0.9805547935415435,17,interleaved
17155,155,0,0.8888795245816414,0.5490503876172754,17,interleaved
17156,156,0,0.9433003276241421,0.4893588123645505,17,interleaved
17157,157,0,0.8163958700692209,0.8383115276233286,17,interleaved
17158,158,0,0.8352657726136634,0.5873889232732494,17,interleaved
17159,159,0,0.15030129438368203,0.6571236448267784,17,interleaved
17160,160,0,0.9993991578859261,0.548625513401217,17,interleaved
17161,161,0,0.5515221884744052,0.6057919266348972,17,interleaved
17162,162,0,0.5124023966561079,0.6926928386368413,17,interleaved
17163,163,0,0.1998863889527603,0.6214263290566637,17,interleaved
17164,164,0,0.9633455525036996,0.5851689926608592,17,interleaved
17165,165,0,0.6008496226214927,0.8167438681417394,17,interleaved
17166,166,0,0.3196040477401907,0.7305059282150289,17,interleaved
17167,167,0,0.7767062287490316,0.73449847868001,17,interleaved
17168,168,0,0.5276465513763302,0.8243967901801501,17,interleaved
17169,169,0,0.4451358691689706,0.8180114583265672,17,interleaved
17170,170,0,0.7880147737057931,0.37494658540551506,17,interleaved
17171,171,0,0.4282280428249801,0.6963194809341835,17,interleaved
17172,172,0,0.9790814233124421,0.7510683870416405,17,interleaved
17173,173,0,0.9958733153134813,0.4310290891538231,17,interleaved
17174,174,0,0.49904604434165833,0.5638620854474643,17,interleaved
17175,175,0,0.675680478358224,0.7081507890162728,17,interleaved
17176,176,0,0.5032565565021858,0.6123633826496644,17,interleaved
17177,177,0,0.7101802066323759,0.5901341777127663,17,interleaved
17178,178,0,0.9000324794337085,0.38333999612438335,17,interleaved
17179,179,0,0.5073837123289634,0.5027593055427474,17,interleaved
17180,180,0,0.500619937259422,0.6638016831904296,17,interleaved
17181,181,0,0.9977015143819681,0.8082574588011842,17,interleaved
17182,182,0,0.4909305949494248,0.37697767565379825,17,interleaved
17183,183,0,0.44391057359952035,0.6630451529317404,17,interleaved
17184,184,0,0.9967041326971136,0.612014115087474,17,interleaved
17185,185,0,0.9119965487552091,0.5045931834506853,17,interleaved
17186,186,0,0.908545789459478,0.8377196117197963,17,interleaved
17187,187,0,0.4506934519238107,0.7512751374577484,17,interleaved
17188,188,0,0.5671759195133294,0.7535471562793561,17,interleaved
17189,189,0,0.5186219687331907,1.00800814362776,17,interleaved
17190,190,0,0.41472601387325525,0.4271832128164854,17,interleaved
17191,191,0,0.49335632878679486,0.7830544248361715,17,interleaved
17192,192,0,0.8849854131451566,0.8704800082019218,17,interleaved
17193,193,0,0.6157788946600594,0.7013723198328279,17,interleaved
17194,194,0,0.9435739858842702,0.6952299870576574,17,interleaved
17195,195,0,0.505812445657269,0.8681610454933613,17,interleaved
17196,196,0,0.6482600025018563,0.7770177457737362,17,interleaved
17197,197,0,0.8031837170984572,0.4742815255599799,17,interleaved
17198,198,0,0.5759423769434887,0.5216599894283244,17,interleaved
17199,199,0,0.6692876140764916,0.6296576247602426,17,interleaved
17200,0,0,0.22372317058021507,0.8164289272451042,17,blocked
17201,1,0,0.45160765279613396,0.6223689762376482,17,blocked
17202,2,0,0.5553259668487931,0.5775820118837324,17,blocked
17203,3,0,0.833439645505542,0.3631291949058122,17,blocked
17204,4,0,0.4927753044789204,0.5520193678259928,17,blocked
17205,5,0,0.5505618190583473,0.62002737734221,17,blocked
17206,6,0,0.49631974369355486,0.8376393685177266,17,blocked
17207,7,0,0.5332621364775085,0.5279688574529373,17,blocked
17208,8,0,0.43220466354054404,0.45860896736996226,17,blocked
17209,9,0,0.46990721947143604,0.6308011499170094,17,blocked
17210,10,0,0.0445972777362756,0.6907049734768114,17,blocked
17211,11,0,0.7042046646764921,0.5730010734782833,17,blocked
17212,12,0,0.9725348797257436,0.6697497416811227,17,blocked
17213,13,0,0.7484705146851918,0.4285942267561874,17,blocked
17214,14,0,0.4997004789604099,0.9463723372893313,17,blocked
17215,15,0,0.5026857014565629,0.9622742472178104,17,blocked
17216,16,0,0.7497575035082231,0.38879117543882424,17,blocked
17217,17,0,0.5147290929917929,0.8352151485851528,17,blocked
17218,18,0,0.9985669055018345,0.6486382538257383,17,blocked
17219,19,0,0.9198997903047522,0.4832820567406184,17,blocked
17220,20,0,0.9139008652084128,0.584318632076019,17,blocked
17221,21,0,0.5017121480009346,0.7114863558577141,17,blocked
17222,22,0,0.9944351170637793,0.6336642674614982,17,blocked
17223,23,0,0.5481840542110131,0.7059430846961682,17,blocked
17224,24,0,0.8326487294248307,0.8369348858796434,17,blocked
17225,25,0,0.7620636837691589,0.48896739178107895,17,blocked
17226,26,0,0.9979886578775328,0.5461108910919161,17,blocked
17227,27,0,0.5106558141393602,0.6250443196543572,17,blocked
17228,28,0,0.469665998263457,0.49575394066426526,17,blocked
17229,29,0,0.9446966215307819,0.5516868984024241,17,blocked
17230,30,0,0.4676967647739678,0.7685031596856027,17,blocked
17231,31,0,0.5154470879299893,0.485968223393162,17,blocked
17232,32,0,0.9959956179496736,0.6975797144336058,17,blocked
17233,33,0,0.48778782494687317,0.7610830235562845,17,blocked
17234,34,0,0.9407742030590336,0.7645401105338767,17,blocked
17235,35,0,0.5567379153729686,0.723140019315693,17,blocked
17236,36,0,0.512099241577348,0.5277271562731438,17,blocked
17237,37,0,0.23011012544271364,0.517811728013946,17,blocked
17238,38,0,0.8812432316827435,0.7196043187644288,17,blocked
17239,39,0,0.9165080278280278,0.5452673018510754,17,blocked
17240,40,0,0.18090939381361598,0.7838717018780363,17,blocked
17241,41,0,0.7527170746415199,0.721085140600323,17,blocked
17242,42,0,0.5019531017068355,0.49694917262678245,17,blocked
17243,43,0,0.008331887947708075,0.9735179219836985,17,blocked
17244,44,0,0.7376100620732373,0.7589976102481046,17,blocked
17245,45,0,0.6923425067705242,0.6372756369409406,17,blocked
17246,46,0,0.8165111914505835,0.5688712191601297,17,blocked
17247,47,0,0.00014037527522023306,1.035833068627686,17,blocked
17248,48,0,0.34594200147027115,0.5082907276259913,17,blocked
17249,49,0,0.5090286326277198,0.6832057834555347,17,blocked
17250,50,0,0.9943491666754256,0.5333372597119218,17,blocked
17251,51,0,0.00187518630835897,0.7123613180682307,17,blocked
17252,52,0,0.15781059563367972,0.638041783976407,17,blocked
17253,53,0,0.9082464941162027,0.6842071008142583,17,blocked
17254,54,0,0.6718995231701101,0.5050980937360356,17,blocked
17255,55,0,0.8114951544532603,0.7163759536547858,17,blocked
17256,56,0,0.6866767073483169,0.4244991417270495,17,blocked
17257,57,0,0.07655595083842558,0.7322074926208739,17,blocked
17258,58,0,0.9973558083864444,0.6242982457182347,17,blocked
17259,59,0,0.4670820625505755,0.7695939655243167,17,blocked
17260,60,0,0.991141949771582,0.6238898290628467,17,blocked
17261,61,0,0.10109269874791847,1.132047092153829,17,blocked
17262,62,0,0.0006792228777202145,0.7999777348977009,17,blocked
17263,63,0,0.3746912703206293,0.5598836168553242,17,blocked
17264,64,0,0.5027225382441921,0.43317501181518725,17,blocked
17265,65,0,0.7926571484982528,0.4843775300838074,17,blocked
17266,66,0,0.9759009253325166,0.45952373263318674,17,blocked
17267,67,0,0.8288867996998772,0.48261620634730634,17,blocked
17268,68,0,0.9999653792639254,0.628263724685705,17,blocked
17269,69,0,0.0509796733721869,0.5914502266250817,17,blocked
17270,70,0,0.08401602478772241,0.5406469438799695,17,blocked
17271,71,0,0.9116394278524678,0.582830718156985,17,blocked
17272,72,0,0.016231896264841728,0.6061599080851678,17,blocked
17273,73,0,0.9869288740348163,0.5964024219263355,17,blocked
17274,74,0,0.5499063718707446,0.6325159983633022,17,blocked
17275,75,0,0.9982656821698288,0.282757047722217,17,blocked
17276,76,0,0.999946691654748,0.45107819854505893,17,blocked
17277,77,0,0.49450660636746574,0.8239195269667338,17,blocked
17278,78,0,0.042405723854335664,0.6551255359334919,17,blocked
17279,79,0,0.9993115440718353,0.6038720530046138,17,blocked
17280,80,0,0.49751991076736707,0.5186168133747011,17,blocked
17281,81,0,0.25929798097743556,0.5231968166264969,17,blocked
17282,82,0,0.9952568978647958,0.4396469225958106,17,blocked
17283,83,0,0.9999031415013027,0.5091000766115266,17,blocked
17284,84,0,0.30804651347955736,0.83520621666621,17,blocked
17285,85,0,0.002502753723430601,0.9013868997107527,17,blocked
17286,86,0,0.2208589269687321,0.6640144913177086,17,blocked
17287,87,0,0.08206044424879261,0.7997934413087577,17,blocked
17288,88,0,0.984368470326086,0.45152539630653765,17,blocked
17289,89,0,0.7888132880016987,0.6613219255352054,17,blocked
17290,90,0,0.4011763139384394,0.5803415174766744,17,blocked
17291,91,0,0.9820245880919938,0.5608892706583247,17,blocked
17292,92,0,0.7527165802334413,0.6066543075631599,17,blocked
17293,93,0,0.9931469809017188,0.4841827403578415,17,blocked
17294,94,0,0.8009393357926637,0.5933440959904563,17,blocked
17295,95,0,0.9755311413312842,0.39356519576569104,17,blocked
17296,96,0,0.5983697391811041,0.5301213717757447,17,blocked
17297,97,0,0.12065342837806516,0.6000077249927558,17,blocked
17298,98,0,0.595267081183999,0.5406757559840358,17,blocked
17299,99,0,0.2879923509709315,0.6566808426969228,17,blocked
17300,100,0,0.662638145326301,0.5799209948216281,17,blocked
17301,101,0,0.9984902869972694,0.4193670875401886,17,blocked
17302,102,0,0.6998885427389197,0.48545876170011265,17,blocked
17303,103,0,0.9990798476674598,0.41743194496771197,17,blocked
17304,104,0,0.8400868617902071,0.4942148853778162,17,blocked
17305,105,0,0.41645958851185444,0.4384916479011021,17,blocked
17306,106,0,0.527761135591243,0.34931597103947454,17,blocked
17307,107,0,0.48814823408408714,0.6974976482737592,17,blocked
17308,108,0,0.4962793069908353,0.6074206475904785,17,blocked
17309,109,0,0.7501425906882528,0.6059262048708873,17,blocked
17310,110,0,0.8761349561115908,0.5294571574880036,17,blocked
17311,111,0,0.7641229580568193,0.4833882043090427,17,blocked
17312,112,0,0.8435329281293403,0.5535878938450124,17,blocked
17313,113,0,0.21403405766495123,0.6216096208926638,17,blocked
17314,114,0,0.8978945831467888,0.6199693728890572,17,blocked
17315,115,0,0.9578706656259319,0.8607032522995415,17,blocked
17316,116,0,0.9827388114920792,0.39768560747353876,17,blocked
17317,117,0,0.9993261438496512,0.6000899067127157,17,blocked
17318,118,0,0.48002281653993095,0.9046655452966132,17,blocked
17319,119,0,0.9999874211370519,0.8321710119440495,17,blocked
17320,120,0,0.8985193335797449,0.6451230508540253,17,blocked
17321,121,0,0.7766318282503233,0.409640577826467,17,blocked
17322,122,0,0.3883087438190706,0.7801081682850501,17,blocked
17323,123,0,0.001031357315118181,0.7059125735028399,17,blocked
17324,124,0,0.3028598716320325,0.5311563571478157,17,blocked
17325,125,0,0.672785260966903,0.6044194007643915,17,blocked
17326,126,0,0.8367745163768897,0.5037931951200679,17,blocked
17327,127,0,0.5267537156346049,0.6553480643949181,17,blocked
17328,128,0,0.9967251280088534,0.7163454490586666,17,blocked
17329,129,0,0.4904696060835908,0.5537493161212419,17,blocked
17330,130,0,0.9787622898288705,0.5944235599121824,17,blocked
17331,131,0,0.12539811752087351,0.8478682477476476,17,blocked
17332,132,0,0.9996156251914534,0.45608198638942066,17,blocked
17333,133,0,0.39633228706306456,0.5488553344508755,17,blocked
17334,134,0,0.4603786700100748,0.385402985806212,17,blocked
17335,135,0,0.9518107796983736,0.4714397933683717,17,blocked
17336,136,0,0.578043542597709,0.49140067461093584,17,blocked
17337,137,0,0.9190623804654947,0.5790341646717344,17,blocked
17338,138,0,0.7449098683550923,0.5144976263742322,17,blocked
17339,139,0,0.0005128920913125651,0.6085314215668463,17,blocked
17340,140,0,0.9971714341177338,0.487132600582156,17,blocked
17341,141,0,0.7273653915692435,0.6851003530752101,17,blocked
17342,142,0,0.7268403332065243,0.5659933949038183,17,blocked
17343,143,0,0.8777861729386891,0.6857335240579854,17,blocked
17344,144,0,0.8100128629564654,0.5293665867325685,17,blocked
17345,145,0,0.9829255799862919,0.43247665751513115,17,blocked
17346,146,0,0.9999996733145528,0.9354835360868534,17,blocked
17347,147,0,0.9240513031231095,0.35571498291502357,17,blocked
17348,148,0,0.40723323068588035,0.4759703073207524,17,blocked
17349,149,0,0.5176031556559063,0.3863213515730164,17,blocked
17350,150,0,0.999600219764052,0.5027240367678817,17,blocked
17351,151,0,0.576585821020203,0.6082231268168464,17,blocked
17352,152,0,0.9998626603164751,0.5096116100379735,17,blocked
17353,153,0,0.8578592451320135,0.4758050377047968,17,blocked
17354,154,0,0.9999295221540818,0.4837688587028247,17,blocked
17355,155,0,0.032864796528375664,0.6079712261382821,17,blocked
17356,156,0,0.9985770850993856,0.555930833687087,17,blocked
17357,157,0,0.9945222195010694,0.31249585098515675,17,blocked
17358,158,0,0.8851178240850266,0.34888722470840206,17,blocked
17359,159,0,0.18353329203270125,0.49677668873530667,17,blocked
17360,160,0,0.7446548036788299,0.5467749967028642,17,blocked
17361,161,0,0.7467184838806221,0.6387359690713885,17,blocked
17362,162,0,0.3274808581423331,0.8237938594001617,17,blocked
17363,163,0,0.5934046071530994,0.595619752510977,17,blocked
17364,164,0,0.6685706856907825,0.6220870713723479,17,blocked
17365,165,0,0.45141481143242673,0.6937025035387268,17,blocked
17366,166,0,0.23125788206550477,0.8383475255833386,17,blocked
17367,167,0,0.07112183402332144,0.8162913540522374,17,blocked
17368,168,0,0.8391373607526541,0.6512572875284004,17,blocked
17369,169,0,0.8040016119809921,0.4676534165220424,17,blocked
17370,170,0,0.5399616267267178,0.6070281015666436,17,blocked
17371,171,0,0.09988974674745739,0.45745975583610915,17,blocked
17372,172,0,0.5011669832230475,0.43778266492653534,17,blocked
17373,173,0,0.6262443828256498,0.6243406619929324,17,blocked
17374,174,0,0.4911323146314068,0.7776985316164321,17,blocked
17375,175,0,0.5793861505684352,0.45742891153972554,17,blocked
17376,176,0,0.4168715383510955,0.536014435583599,17,blocked
17377,177,0,0.4582776684200755,0.5161725463921384,17,blocked
17378,178,0,0.5059519645505299,0.7422756353250743,17,blocked
17379,179,0,0.7551429551683659,0.6824176114184388,17,blocked
17380,180,0,0.42514245909693915,0.746039915578125,17,blocked
17381,181,0,0.5007153818261796,0.5770192466184261,17,blocked
17382,182,0,0.1121038260943919,0.5982056814130574,17,blocked
17383,183,0,0.9741466287836295,0.4563259845415807,17,blocked
17384,184,0,0.010713043604566607,0.727893359734552,17,blocked
17385,185,0,0.507087982777736,0.6886622149016588,17,blocked
17386,186,0,0.9492428749789028,0.6580834228570422,17,blocked
17387,187,0,0.8608466401752939,0.3898368698430259,17,blocked
17388,188,0,0.3743276418580645,0.7543895513940538,17,blocked
17389,189,0,0.9716077145184295,0.5170257364163136,17,blocked
17390,190,0,0.9473876985512542,0.4247354589158546,17,blocked
17391,191,0,0.5257716639226281,0.5496469658325377,17,blocked
17392,192,0,0.839646631904441,0.5238166860206135,17,blocked
17393,193,0,0.016737440088633322,0.6563854585794344,17,blocked
17394,194,0,0.5928331319373557,0.41580913464163893,17,blocked
17395,195,0,0.5241302315018127,0.5564719019773208,17,blocked
17396,196,0,0.20175416631778917,0.6441655643255684,17,blocked
17397,197,0,0.008227860831612296,1.0589332858446094,17,blocked
17398,198,0,0.1817466833715046,0.6918268536039618,17,blocked
17399,199,0,0.27585288784680373,0.5302854295041106,17,blocked
17400,0,0,0.8893552458600702,0.5275520218398,17,early
17401,1,0,0.6432994515133258,0.6496194159361657,17,early
17402,2,0,0.17329587613147715,0.522031897291141,17,early
17403,3,0,0.5504800377948993,0.45810020723026423,17,early
17404,4,0,0.2276663104031272,0.7619824818758794,17,early
17405,5,0,0.4859382521387732,0.9402912978406646,17,early
17406,6,0,0.8321980886959752,0.6496552219714193,17,early
17407,7,0,0.9627216176237863,0.39046131727855404,17,early
17408,8,0,0.5041033017062593,0.6027505753200428,17,early
17409,9,0,0.9544065988223057,0.6066386656759404,17,early
17410,10,0,0.04517153332359816,0.6777387093256351,17,early
17411,11,0,0.6723144479982762,0.31540084491401865,17,early
17412,12,0,0.35025331139839977,0.7355289596722641,17,early
17413,13,0,0.39728908368627247,0.9993318061234069,17,early
17414,14,0,0.19902781076363424,0.4899222147196878,17,early
17415,15,0,0.5194320101088151,0.6269369636224439,17,early
17416,16,0,0.4896880145529633,0.5028301966602001,17,early
17417,17,0,0.5774628183053723,0.8787319382180541,17,early
17418,18,0,0.5104102970685651,0.6889955775340599,17,early
17419,19,0,0.21914326013346008,0.7616746851845004,17,early
17420,20,0,0.20749499523386,0.7609101850856355,17,early
17421,21,0,0.5342116315944998,0.6915047699585397,17,early
17422,22,0,0.8916658383857619,0.7398187897996227,17,early
17423,23,0,0.024987754257547633,0.8518034794489355,17,early
17424,24,0,0.9987601478096286,0.7070401242287987,17,early
17425,25,0,0.18267682949062147,0.8400889684074225,17,early
17426,26,0,0.9784244235530408,0.5889074597134085,17,early
17427,27,0,0.9864137280555534,0.5471309360040832,17,early
17428,28,0,0.9981941826961634,0.5299924462473301,17,early
17429,29,0,0.5147177932324931,0.5975944139806595,17,early
17430,30,0,0.002304271083013189,1.0684220402729685,17,early
17431,31,0,0.6141914207706602,0.41073071248893367,17,early
17432,32,0,0.7691140728946075,0.6027281636928572,17,early
17433,33,0,0.894730543460381,0.5883935666392339,17,early
17434,34,0,0.5915931526348492,0.7124202162758615,17,early
17435,35,0,0.6467811954792182,0.3630663250118563,17,early
17436,36,0,0.4429614711145945,0.8420701223349731,17,early
17437,37,0,0.013062360716671311,0.7924286519168118,17,early
17438,38,0,0.5612815626208847,0.6780668037470438,17,early
17439,39,0,0.48312961002233523,0.5047481803046362,17,early
17440,40,0,0.4899088248611678,0.5162281284194103,17,early
17441,41,0,0.5008975468756759,0.8033324852802788,17,early
17442,42,0,0.7206001342221333,0.5013207464096967,17,early
17443,43,0,0.00029424086847652467,0.7446072573957541,17,early
17444,44,0,0.6231775509654744,0.5614229367758808,17,early
17445,45,0,0.23251119889302724,0.7639620471803006,17,early
17446,46,0,0.38990948757100435,0.64643487505025,17,early
17447,47,0,0.3650920119404675,0.6309770286090142,17,early
17448,48,0,0.5049281927073496,0.7412140628353882,17,early
17449,49,0,0.38846500069282996,0.6741157771528881,17,early
17450,50,0,0.18373917313648777,0.6083637939459002,17,early
17451,51,0,0.991223439657261,0.3336919678154424,17,early
17452,52,0,0.003783140770771366,0.6393503461160257,17,early
17453,53,0,0.9651710970231198,0.603891901243444,17,early
17454,54,0,0.9987856961609165,0.4422803652411459,17,early
17455,55,0,0.9391604735724157,0.533322082670034,17,early
17456,56,0,0.1629541076666721,0.5921950498235092,17,early
17457,57,0,0.7653458583151671,0.49960482920986543,17,early
17458,58,0,0.8014397358996845,0.630784230263596,17,early
17459,59,0,0.7868467828208381,0.5760533507185387,17,early
17460,60,0,0.8558402392946558,0.5176780129859881,17,early
17461,61,0,0.7940196243712443,0.4638749058351283,17,early
17462,62,0,0.47688389978615386,1.0188607924803184,17,early
17463,63,0,0.6560790183212191,0.6053785569977469,17,early
17464,64,0,0.8166144618891117,0.8207252112949581,17,early
17465,65,0,0.9999562107161759,0.6803793248372649,17,early
17466,66,0,0.2911980017645518,0.5029811951327344,17,early
17467,67,0,0.5377069268213989,0.5457521559273351,17,early
17468,68,0,0.9952283232718389,0.8458806204512512,17,early
17469,69,0,0.6286175143334267,0.5327782809640442,17,early
17470,70,0,0.5113108750519189,0.5334516366161903,17,early
17471,71,0,0.9490767519616949,0.3642098177844022,17,early
17472,72,0,0.9350830960798455,0.44230662595458503,17,early
17473,73,0,0.35078049470829237,0.45204616885711624,17,early
17474,74,0,0.3839297842544169,0.6726873569119336,17,early
17475,75,0,0.5550858652637878,0.4531327089596551,17,early
17476,76,0,0.9447047957503962,0.5182562130476934,17,early
17477,77,0,0.6500016765719434,0.6852588677486082,17,early
17478,78,0,0.593652420019082,0.7891535021459926,17,early
17479,79,0,0.706920236562956,0.4490253061721481,17,early
17480,80,0,0.9315622750755361,0.441582992799573,17,early
17481,81,0,0.5103935971401165,0.5064850329141146,17,early
17482,82,0,0.49973745922471635,0.6609422957036402,17,early
17483,83,0,0.44564679564884024,0.6932241946050754,17,early
17484,84,0,0.03134059258715783,0.7308581399267098,17,early
17485,85,0,0.5006649648058515,0.6260750169124447,17,early
17486,86,0,0.49945329242530795,0.8680862228436669,17,early
17487,87,0,0.5687310423026654,0.609783724325401,17,early
17488,88,0,0.5141946966496616,0.4662565925232933,17,early
17489,89,0,0.49776402645393847,0.7756806685171975,17,early
17490,90,0,0.45695813246546035,0.6408403281974153,17,early
17491,91,0,0.9495358375350758,0.425284774585737,17,early
17492,92,0,0.43843622207736627,0.5844494869096383,17,early
17493,93,0,0.01593785734540976,0.739052148469898,17,early
17494,94,0,0.3544354398235147,1.0650680110576054,17,early
17495,95,0,0.5000163733915493,0.8225358850179556,17,early
17496,96,0,0.32256710015291484,0.6668852838641761,17,early
17497,97,0,0.10429749213003653,1.0759151242569251,17,early
17498,98,0,0.34259725057380497,0.6816485917393253,17,early
17499,99,0,0.49289839848057704,0.5449286944166697,17,early
17500,100,0,0.06123252635111279,0.5816466359627115,17,early
17501,101,0,0.20093908385268133,0.5822440072217498,17,early
17502,102,0,0.5039931348117289,0.9070975854009938,17,early
17503,103,0,0.9989896183265874,0.6903722249513633,17,early
17504,104,0,0.5698469555272593,0.7158512493997842,17,early
17505,105,0,0.9860025847001394,0.48739428607239055,17,early
17506,106,0,0.48104410063835884,0.6401656205459921,17,early
17507,107,0,0.5116186129736924,0.8886078649052878,17,early
17508,108,0,0.07603588146428507,0.6532481860619825,17,early
17509,109,0,0.5438410633849384,0.45040326577375284,17,early
17510,110,0,0.7286859396143592,0.7223606950533503,17,early
17511,111,0,0.8823001056914228,0.5562102952686004,17,early
17512,112,0,0.4845620040275377,0.7605298109684315,17,early
17513,113,0,0.13251480397334278,0.8500281776182702,17,early
17514,114,0,0.5265277145774594,0.49165434981654577,17,early
17515,115,0,0.9629831242321673,0.804163193192088,17,early
17516,116,0,0.49186385625874507,0.9419014680340946,17,early
17517,117,0,0.8068810585371127,0.6276630313064941,17,early
17518,118,0,0.6289309084179382,0.3576119353732033,17,early
17519,119,0,0.42907365827944144,0.8457546113822552,17,early
17520,120,0,0.5009321280499678,0.6248476072683289,17,early
17521,121,0,0.8118828772583224,0.5611943540962298,17,early
17522,122,0,0.49511844091386503,0.5349152587576739,17,early
17523,123,0,0.7001700985720707,0.31718744502277646,17,early
17524,124,0,0.3402422773893254,0.7102886975063971,17,early
17525,125,0,0.6442806179840463,0.7079513143141409,17,early
17526,126,0,0.25480306947985926,0.6915756355407263,17,early
17527,127,0,0.4901092663664767,0.6277682092559606,17,early
17528,128,0,0.5420509593464228,0.26922912387170833,17,early
17529,129,0,0.4014460764649562,0.591070163556755,17,early
17530,130,0,0.9473927087673351,0.7295755784288831,17,early
17531,131,0,0.9904913194692355,0.42834506025417085,17,early
17532,132,0,0.37678615182928643,0.6574439119994111,17,early
17533,133,0,0.7284399556867682,0.5718335684379385,17,early
17534,134,0,0.5261236704756646,0.6619914426776041,17,early
17535,135,0,0.22635208634095538,0.6777904761113489,17,early
17536,136,0,0.01699875386191481,0.7277408416237134,17,early
17537,137,0,0.5114433534712347,0.6106338227354057,17,early
17538,138,0,0.433172588770957,1.022624737566086,17,early
17539,139,0,0.5006814939345029,0.5395704302738289,17,early
17540,140,0,0.05426670147821829,0.5250764983635987,17,early
17541,141,0,0.11961755763485418,0.5780737325728538,17,early
17542,142,0,0.5005977510047834,0.7147598872527219,17,early
17543,143,0,0.3086851153197864,0.6151907969264485,17,early
17544,144,0,0.4996756489716094,0.6119002731979863,17,early
17545,145,0,0.344964301290526,0.4814715800011996,17,early
17546,146,0,0.6881590457696968,0.5699163718685535,17,early
17547,147,0,0.9990201725097495,0.6569292032878413,17,early
17548,148,0,0.9040337500075675,0.6555763548436357,17,early
17549,149,0,0.2429731433807254,0.38950820158820443,17,early
17550,150,0,0.9885622011810167,0.3909737059155795,17,early
17551,151,0,0.5400636699660872,0.6025349767374708,17,early
17552,152,0,0.4718554005329868,0.5281393072132132,17,early
17553,153,0,0.029627506020926835,0.7329500552416032,17,early
17554,154,0,0.17117442594446716,0.8368908670928676,17,early
17555,155,0,0.8982929858742985,0.529183699710095,17,early
17556,156,0,0.46780513580093275,0.7244885395332321,17,early
17557,157,0,0.4985832286646344,0.6897751634381071,17,early
17558,158,0,0.5203101867921407,0.2979834721930958,17,early
17559,159,0,0.9671455537728293,0.5452016133262709,17,early
17560,160,0,0.0018406411732329099,0.8475621514457266,17,early
17561,161,0,0.014574551303465308,0.7738914785110957,17,early
17562,162,0,0.8213374968760714,0.3924821345863212,17,early
17563,163,0,0.3414456174619687,0.7132285069795505,17,early
17564,164,0,0.2233326569990888,0.7143149525038024,17,early
17565,165,0,0.01784725356739036,0.9153481785272213,17,early
17566,166,0,0.1257252339296428,0.9394165015510327,17,early
17567,167,0,0.9892372019422464,0.7085600351011272,17,early
17568,168,0,0.09239284812050902,0.784196092814596,17,early
17569,169,0,0.9039872586558826,0.36074178600146206,17,early
17570,170,0,0.08140243950365805,0.7443587205332973,17,early
17571,171,0,0.8621462667985405,0.4576332973223185,17,early
17572,172,0,0.5257748004718088,0.6855551428991943,17,early
17573,173,0,0.4806012785133063,0.7363422449145425,17,early
17574,174,0,0.9709396444634462,0.6731994994925864,17,early
17575,175,0,0.9981138916073484,0.32416686091709823,17,early
17576,176,0,0.12031633629275777,0.5579875023063945,17,early
17577,177,0,0.9717451325656761,0.2850687904356143,17,early
17578,178,0,0.18168851200282762,0.6470950416022004,17,early
17579,179,0,0.5189864671198283,0.49339537988097326,17,early
17580,180,0,0.5056922598212653,0.6535069903301534,17,early
17581,181,0,0.12828208397598045,0.6911398664541573,17,early
17582,182,0,0.4876191295686676,0.5438097571686102,17,early
17583,183,0,0.976177760054947,0.5761543947549788,17,early
17584,184,0,0.9310302318459426,0.558356891500059,17,early
17585,185,0,0.7417712073052167,0.5277280829995479,17,early
17586,186,0,0.857836097393464,0.4436908350967915,17,early
17587,187,0,0.4427264838117296,0.636555751105226,17,early
17588,188,0,0.6643391300919044,0.45406289180399195,17,early
17589,189,0,0.4709881026526787,0.6833091306607828,17,early
17590,190,0,0.5156448740854803,0.7493430513808146,17,early
17591,191,0,0.5104595613178153,0.5818419848798995,17,early
17592,192,0,0.7714058194015957,0.5866555880725325,17,early
17593,193,0,0.32850374997552634,0.5248894458540423,17,early
17594,194,0,0.00536001516586349,0.7066867089508169,17,early
17595,195,0,0.07168052633816184,0.4889744056107159,17,early
17596,196,0,0.50649812414459,0.5408730687460015,17,early
17597,197,0,0.1829994343813447,0.7469045079212507,17,early
17598,198,0,0.9751591226137443,0.6349682046640084,17,early
17599,199,0,0.8635335741169303,0.8666814855353173,17,early
17600,0,0,0.558848992495671,0.7922381544111026,17,middle
17601,1,0,0.64131759525942,0.5524570656678832,17,middle
17602,2,0,0.01790216586243187,0.746045959698986,17,middle
17603,3,0,0.9427661069300131,0.5427529342626813,17,middle
17604,4,0,0.21103329880885036,0.5281526578027598,17,middle
17605,5,0,0.05516060674544859,0.4775301656525823,17,middle
17606,6,0,0.004339775355879823,0.6743656946034012,17,middle
17607,7,0,0.5005511943433486,0.9168808919093034,17,middle
17608,8,0,0.6240682650450914,0.6721812602712469,17,middle
17609,9,0,0.0021325324699600938,0.980602245818249,17,middle
17610,10,0,0.5002141258457238,0.7555953749842457,17,middle
17611,11,0,0.5111840367818908,0.7381825070055622,17,middle
17612,12,0,0.5031698497325792,0.8635542840861814,17,middle
17613,13,0,0.5768811243537701,0.3979913238118836,17,middle
17614,14,0,0.9275819433666539,0.4424352217837807,17,middle
17615,15,0,0.6939442819923414,0.4367131229721344,17,middle
17616,16,0,0.5335144050729694,0.4846142122077747,17,middle
17617,17,0,0.49680325091541233,0.8544561078795988,17,middle
17618,18,0,0.9693887932952727,0.5073891687829449,17,middle
17619,19,0,0.47197022505882014,0.625233809992642,17,middle
17620,20,0,0.3264121111196565,0.8873198673693684,17,middle
17621,21,0,0.20559892272833957,1.0860687350057439,17,middle
17622,22,0,0.6235709129084831,0.5216322118023607,17,middle
17623,23,0,0.5603134768685063,0.5434679978727289,17,middle
17624,24,0,0.31287022151423327,0.4448775871657268,17,middle
17625,25,0,0.4886288864891884,0.6211858298017106,17,middle
17626,26,0,0.971895861983061,0.7785048499395537,17,middle
17627,27,0,0.8840232642524102,0.6378123910537946,17,middle
17628,28,0,0.5018323379034189,1.0950618795607379,17,middle
17629,29,0,0.5384964679510551,0.9579471826190323,17,middle
17630,30,0,0.49360457569764904,0.9676988356544514,17,middle
17631,31,0,0.5002179991779389,0.7921900892306999,17,middle
17632,32,0,0.3535779796564077,0.6880622424652558,17,middle
17633,33,0,0.05876352578888192,0.9895350473140163,17,middle
17634,34,0,0.0003816626942992711,1.1947249116663405,17,middle
17635,35,0,0.49273792295433455,1.1589869930635073,17,middle
17636,36,0,0.3244250862069975,0.9349185982049941,17,middle
17637,37,0,0.12621079030417115,0.7224749254541237,17,middle
17638,38,0,0.011866345958661475,0.8146806437638956,17,middle
17639,39,0,0.44791013213955283,0.631151449912527,17,middle
17640,40,0,0.3016522005607011,0.5341504101745953,17,middle
17641,41,0,0.4371302782991202,0.8420919308899726,17,middle
17642,42,0,0.633645956054154,0.6272515505804739,17,middle
17643,43,0,0.5837218004860458,0.47654093046333446,17,middle
17644,44,0,0.9716508617711552,0.7884749568592905,17,middle
17645,45,0,0.5296624592858986,0.6241753072333249,17,middle
17646,46,0,0.8495783389375189,0.2794127823804743,17,middle
17647,47,0,0.5409910566806807,0.938904085884062,17,middle
17648,48,0,0.31614598318457865,0.6101588867100802,17,middle
17649,49,0,0.7250314407816112,0.6949423893982105,17,middle
17650,50,0,0.9952390634373387,0.7590468197523906,17,middle
17651,51,0,0.1535646086756591,0.5570526909773119,17,middle
17652,52,0,0.259452050948993,0.504710176070144,17,middle
17653,53,0,0.11392284233924832,0.42656476075030636,17,middle
17654,54,0,0.5942735314523863,0.5500335218162502,17,middle
17655,55,0,0.9465684350924131,0.533333974425391,17,middle
17656,56,0,0.5001354953186773,1.183051729741071,17,middle
17657,57,0,0.5033419433921249,0.613465503160598,17,middle
17658,58,0,0.5007837917751985,0.948933834324784,17,middle
17659,59,0,0.4974050489031624,0.72055043873153,17,middle
17660,60,0,0.08389276810981332,0.787644325839595,17,middle
17661,61,0,0.03637661696087081,0.935185748653879,17,middle
17662,62,0,0.0046659260568297145,0.8766479842820569,17,middle
17663,63,0,0.27672620549827065,0.5773071856723611,17,middle
17664,64,0,0.9878315045599926,0.6699563251588884,17,middle
17665,65,0,0.5260914067513889,0.4468022104015652,17,middle
17666,66,0,0.5078459256678687,0.42685342710292007,17,middle
17667,67,0,0.36808200823452314,0.4897196927107422,17,middle
17668,68,0,0.17960370870119136,0.7266780535107793,17,middle
17669,69,0,0.5151481964318929,0.8450238120593301,17,middle
17670,70,0,0.1948124872352579,0.6247348553360408,17,middle
17671,71,0,0.15833173524168745,0.6624735641480781,17,middle
17672,72,0,0.3868251559367093,0.7428238665209823,17,middle
17673,73,0,0.24072647377407624,0.4467489503558131,17,middle
17674,74,0,0.8417230464685946,0.45144594003412186,17,middle
17675,75,0,0.3365815028038479,0.44032928713086666,17,middle
17676,76,0,0.8110953169246444,0.49726455395002334,17,middle
17677,77,0,0.1448654618443725,0.6165256878213872,17,middle
17678,78,0,0.5075242701091811,0.9157117034142601,17,middle
17679,79,0,0.5665933943162877,0.5342355235465345,17,middle
17680,80,0,0.49739105656300675,0.7750920488560469,17,middle
17681,81,0,0.014575138966843953,0.811308806002611,17,middle
17682,82,0,0.7227463040543303,0.5024528354785878,17,middle
17683,83,0,0.29894237569247706,0.7858067454991976,17,middle
17684,84,0,0.02709522728510522,0.8371022362776208,17,middle
17685,85,0,0.2279909286014542,0.8348816703150953,17,middle
17686,86,0,0.5035640512709456,1.033669167577015,17,middle
17687,87,0,0.4474669506875628,0.5688713441112166,17,middle
17688,88,0,0.9766096328857918,0.8176109060112873,17,middle
17689,89,0,0.9407225113912745,0.3131510774672682,17,middle
17690,90,0,0.24838706814989514,0.6795460012305131,17,middle
17691,91,0,0.23476338776363098,0.40625514469534296,17,middle
17692,92,0,0.48667073541434935,0.8811742551233774,17,middle
17693,93,0,0.9953160012542797,0.9036220336013758,17,middle
17694,94,0,0.5269464478092007,0.8614043904288872,17,middle
17695,95,0,0.36295343313197503,0.663764699591127,17,middle
17696,96,0,0.02209810780987964,0.8065034663842404,17,middle
17697,97,0,0.9118288560055687,0.6142536888272341,17,middle
17698,98,0,0.9722055818934807,0.7469313847037206,17,middle
17699,99,0,0.4962926974248033,0.592413630349731,17,middle
17700,100,0,0.021791583322967857,0.8381634416583921,17,middle
17701,101,0,0.059786991688466275,0.7142339925001022,17,middle
17702,102,0,0.4931126143157717,0.580199569228784,17,middle
17703,103,0,0.2649649545931203,0.6549674180832716,17,middle
17704,104,0,0.9836635973924279,0.7619406448912632,17,middle
17705,105,0,0.08757833283557274,0.596403800585255,17,middle
17706,106,0,0.9583828667367136,0.5465503979393359,17,middle
17707,107,0,0.997603084662603,0.664430841387324,17,middle
17708,108,0,0.2357566128660245,0.5984340470780893,17,middle
17709,109,0,0.49709106896560024,0.7428147073915424,17,middle
17710,110,0,0.8847217911709743,0.7126108510669649,17,middle
17711,111,0,0.5432337626095629,0.9744385377583392,17,middle
17712,112,0,0.4701408626778625,0.6329360510836195,17,middle
17713,113,0,0.5454225372590422,0.9235241755708639,17,middle
17714,114,0,0.35119661106863154,0.5334543354128964,17,middle
17715,115,0,0.5001648972601872,0.6075456640121181,17,middle
17716,116,0,0.6301464995977318,0.5721009026259847,17,middle
17717,117,0,0.5667621286344436,0.5245536357869889,17,middle
17718,118,0,0.8513893844106029,0.3625033292512595,17,middle
17719,119,0,0.4944883374832674,0.8165084725421234,17,middle
17720,120,0,0.9613265552456194,0.7210920099517626,17,middle
17721,121,0,0.6010155673464903,0.7371561015835206,17,middle
17722,122,0,0.07520843959992521,0.827999582876142,17,middle
17723,123,0,0.9275414443998173,0.37738135905514636,17,middle
17724,124,0,0.0002594932987812343,0.8832569858317325,17,middle
17725,125,0,0.5439083265332578,0.4815008191541627,17,middle
17726,126,0,0.565215653097264,0.6446093461629285,17,middle
17727,127,0,0.7230505505200695,0.4975002632589819,17,middle
17728,128,0,0.4958893326322849,0.7924027681925384,17,middle
17729,129,0,0.31163719348464236,0.5395795914048145,17,middle
17730,130,0,0.46873064385847196,0.5402284244735902,17,middle
17731,131,0,0.5126282241843959,0.697437574127354,17,middle
17732,132,0,0.951436511429085,0.6106514163785283,17,middle
17733,133,0,0.701948243707524,0.9152906495142972,17,middle
17734,134,0,0.7618251654346506,0.8077520970783505,17,middle
17735,135,0,0.905722507298043,0.6759809323670809,17,middle
17736,136,0,0.9714526013234275,0.8363346552213344,17,middle
17737,137,0,0.16581988447186155,0.8931325200440592,17,middle
17738,138,0,0.3999494469825375,0.7562333993672119,17,middle
17739,139,0,0.1913775223615956,0.9925670471144328,17,middle
17740,140,0,0.5147237770284053,0.9275591308715498,17,middle
17741,141,0,0.4954840090475396,0.7424761000673775,17,middle
17742,142,0,0.4067683229518183,0.6682776994743562,17,middle
17743,143,0,0.5397769038949889,0.5150649279193633,17,middle
17744,144,0,0.6712125681694365,0.6192287307113461,17,middle
17745,145,0,0.885376975993263,0.566509012119641,17,middle
17746,146,0,0.14080214672194666,0.857522608528305,17,middle
17747,147,0,0.5005136105603446,0.5833178217296411,17,middle
17748,148,0,0.2247551384958518,0.6044546825901604,17,middle
17749,149,0,0.499974615964532,0.8724334563605294,17,middle
17750,150,0,0.14527803783115933,0.4755309439441159,17,middle
17751,151,0,0.5015925306946883,0.9788898080812192,17,middle
17752,152,0,0.0005247278747672196,1.3714191171867758,17,middle
17753,153,0,0.5111392067671274,0.5237155553919459,17,middle
17754,154,0,0.6278269029060337,0.5165438053457451,17,middle
17755,155,0,0.5563489598859893,0.6454728767871925,17,middle
17756,156,0,0.8925036626396222,0.4753244565578144,17,middle
17757,157,0,0.5947393460483066,0.7119624907604543,17,middle
17758,158,0,0.43462802511004806,0.671194429477854,17,middle
17759,159,0,0.5070357015353953,0.5554369907731279,17,middle
17760,160,0,0.34767800411469807,0.7714901325392427,17,middle
17761,161,0,0.5776181929242457,0.6691473954471674,17,middle
17762,162,0,0.962620664421143,0.6176416606227051,17,middle
17763,163,0,0.7055096561216921,0.5167286096731711,17,middle
17764,164,0,0.1140011577546872,0.5702999416414833,17,middle
17765,165,0,0.48018149388997655,0.8509458934601695,17,middle
17766,166,0,0.5571845050638439,0.770695520226198,17,middle
17767,167,0,0.9256013967031212,0.46118369279748395,17,middle
17768,168,0,0.9030638154914332,0.5604757325354033,17,middle
17769,169,0,0.41181605546975397,0.4899181340099673,17,middle
17770,170,0,0.5167522399176608,0.4715709581287406,17,middle
17771,171,0,0.45717900266830874,0.6270496435866276,17,middle
17772,172,0,0.4912843541628265,0.8705864425829899,17,middle
17773,173,0,0.8993838022696564,0.39645175122492127,17,middle
17774,174,0,0.6051281022783613,0.666678563563426,17,middle
17775,175,0,0.5281587106993868,0.6679208871537365,17,middle
17776,176,0,0.9187971868493462,0.5600127442419023,17,middle
17777,177,0,0.6550662203953049,0.5612219417222388,17,middle
17778,178,0,0.9655009491038214,0.30000557823443597,17,middle
17779,179,0,0.1615265526922078,0.6239712611177588,17,middle
17780,180,0,0.37653765819953855,1.1299384280743694,17,middle
17781,181,0,0.9629323702815376,1.044051940316059,17,middle
17782,182,0,0.3502217709020443,0.5193751124373657,17,middle
17783,183,0,0.6022676686785321,0.5285180516956669,17,middle
17784,184,0,0.1999060226760683,0.5770692836257759,17,middle
17785,185,0,0.4462163487795662,0.5594507277949848,17,middle
17786,186,0,0.5662472823615146,0.5808517021963762,17,middle
17787,187,0,0.9813355010333689,0.678671667944157,17,middle
17788,188,0,0.09478377881589474,0.5905898272216501,17,middle
17789,189,0,0.5113875587733321,0.49828611975090953,17,middle
17790,190,0,0.6659636123396678,0.5607852744264679,17,middle
17791,191,0,0.02721048149027469,0.7375284060245313,17,middle
17792,192,0,0.039311498560631854,0.732159858173064,17,middle
17793,193,0,0.9873141191865606,0.6172348380016561,17,middle
17794,194,0,0.2155903200496932,0.8666065410089197,17,middle
17795,195,0,0.6897643188899867,0.8230579523900172,17,middle
17796,196,0,0.9698557654865242,0.6941490633422078,17,middle
17797,197,0,0.09225723222877746,0.7362328529093027,17,middle
17798,198,0,0.7696069201854279,1.0440725686709789,17,middle
17799,199,0,0.5093618996983614,0.8858273348814567,17,middle
17800,0,0,0.16193993940545487,0.5395228308936639,17,late
17801,1,0,0.8247708808428743,0.5022275082540175,17,late
17802,2,0,0.4807386640867301,0.6244371772478265,17,late
17803,3,0,0.4579480051753396,0.7005902673385755,17,late
17804,4,0,0.42348109060311595,0.5407004209615541,17,late
17805,5,0,0.9106171622282648,0.645453445516136,17,late
17806,6,0,0.2490240864969267,0.4050744488311117,17,late
17807,7,0,0.3902744547578728,0.5779784572141328,17,late
17808,8,0,0.7183917250491367,0.6835821255295281,17,late
17809,9,0,0.7220468069969225,0.9787403901830198,17,late
17810,10,0,0.010659034532960876,0.8588555982226802,17,late
17811,11,0,0.1870444833397925,0.756188739558753,17,late
17812,12,0,0.5307194977679378,0.8462848842782642,17,late
17813,13,0,0.44150098418642125,0.8979867560606404,17,late
17814,14,0,0.8804368788725319,0.6737588457297848,17,late
17815,15,0,0.5083174404537502,0.8624039442669487,17,late
17816,16,0,0.6112632419483031,0.8718571448854113,17,late
17817,17,0,0.49754812223538686,1.117418249391331,17,late
17818,18,0,0.6838529437672408,0.7805157316100366,17,late
17819,19,0,0.24173862500470028,0.5250902399875284,17,late
17820,20,0,0.9401258307650775,0.5223273041912375,17,late
17821,21,0,0.568919500518587,0.6199331944412931,17,late
17822,22,0,0.6748104510901626,0.6992827661959031,17,late
17823,23,0,0.9419188143988007,0.4247279301565636,17,late
17824,24,0,0.5584008864572105,0.49668443285304453,17,late
17825,25,0,0.503201627996276,0.42043197000317856,17,late
17826,26,0,0.6903542685209814,0.5274043566926456,17,late
17827,27,0,0.9800126752895366,0.539214508674568,17,late
17828,28,0,0.49690871192696423,0.5715106744239988,17,late
17829,29,0,0.4139216886148188,0.8077654151608906,17,late
17830,30,0,0.42926642895158507,0.72541958688997,17,late
17831,31,0,0.03214808752752817,0.9181311869852858,17,late
17832,32,0,0.7103405138517469,0.5732417789773594,17,late
17833,33,0,0.3517057767048429,0.9112818767228756,17,late
17834,34,0,0.9340266342531875,0.8751241251206047,17,late
17835,35,0,0.42815073087863764,0.5127422499749852,17,late
17836,36,0,0.9861113685495964,0.43462726755935366,17,late
17837,37,0,0.791770337858916,0.42839903269143104,17,late
17838,38,0,0.8440464999742173,0.28991849684902815,17,late
17839,39,0,0.706377673409696,0.4012927958369987,17,late
17840,40,0,0.7134118678269008,0.7229874030064734,17,late
17841,41,0,0.8593612067408363,0.6699533864183567,17,late
17842,42,0,0.8232290490228473,0.6523550011086163,17,late
17843,43,0,0.57323304826052,0.4787468890512755,17,late
17844,44,0,0.9932789178810675,0.5811901369865613,17,late
17845,45,0,0.5858900419821991,0.3696013466065818,17,late
17846,46,0,0.48155614747705533,0.7253017219960762,17,late
17847,47,0,0.47989842869030425,0.5952898093827748,17,late
17848,48,0,0.7987684921482009,0.34348514451450957,17,late
17849,49,0,0.7640954453370924,0.5421455755141418,17,late
17850,50,0,0.6543751477952516,0.38402316149952176,17,late
17851,51,0,0.4767248000983031,0.9776997452478065,17,late
17852,52,0,0.4977420065515134,0.7059008166592583,17,late
17853,53,0,0.2662130500277125,0.46285341357377674,17,late
17854,54,0,0.1310808624106407,0.7756354458109656,17,late
17855,55,0,0.3065062130309596,0.5165718459194103,17,late
17856,56,0,0.6375622495249527,0.4764721583719223,17,late
17857,57,0,0.03282311825527733,0.7631142989169114,17,late
17858,58,0,0.467397815562564,0.5672599412794495,17,late
17859,59,0,0.49846063994826506,0.5087180381269804,17,late
17860,60,0,0.9525713389407826,0.5631233109665685,17,late
17861,61,0,0.6372313905443994,0.6597959408156497,17,late
17862,62,0,0.9965548382321969,0.7214140767014728,17,late
17863,63,0,0.42280764974991536,0.4757839029473958,17,late
17864,64,0,0.5122775702491342,0.5150271964453222,17,late
17865,65,0,0.46189783751606656,0.6992196836426555,17,late
17866,66,0,0.49072699736521125,0.81346816556636,17,late
17867,67,0,0.4999957882003401,0.9759922460781545,17,late
17868,68,0,0.865233626908972,0.5875979126400678,17,late
17869,69,0,0.8692837915775977,0.38143317401818233,17,late
17870,70,0,0.2937285685677232,0.6173161004066782,17,late
17871,71,0,0.5114574499514399,0.6176157939146578,17,late
17872,72,0,0.49967453189222716,0.6810277709999191,17,late
17873,73,0,0.8167059580169713,0.7163414323567663,17,late
17874,74,0,0.5275899204662625,0.493567494207276,17,late
17875,75,0,0.5670239604040734,0.4804176850245091,17,late
17876,76,0,0.8102436023447703,0.6993372337335295,17,late
17877,77,0,0.5074378474405568,0.598595149723189,17,late
17878,78,0,0.5349544884621847,1.1951490624835692,17,late
17879,79,0,0.9939060138892664,0.7367912354529598,17,late
17880,80,0,0.6608348473052322,0.6703134911628512,17,late
17881,81,0,0.20036249635142525,0.5461583219753798,17,late
17882,82,0,0.4995681160331524,0.6192898217798485,17,late
17883,83,0,0.5723171437836513,0.40548194484347877,17,late
17884,84,0,0.3307163700065885,0.9586083864333694,17,late
17885,85,0,0.8510259324439257,0.6421422652700077,17,late
17886,86,0,0.5783491730898072,0.5351896995116846,17,late
17887,87,0,0.9310998395253156,0.5381392928884291,17,late
17888,88,0,0.38973412655441186,1.0935944985627855,17,late
17889,89,0,0.6559285456147209,0.8224077772909527,17,late
17890,90,0,0.4126342193505276,0.5211183794092659,17,late
17891,91,0,0.6321276692725536,0.5273375997023404,17,late
17892,92,0,0.8802693892226837,0.6286088350059928,17,late
17893,93,0,0.4982931617663408,0.7885362153831443,17,late
17894,94,0,0.6267834852313695,0.8720262512656255,17,late
17895,95,0,0.505488888535993,0.7085015665290434,17,late
17896,96,0,0.8481774700680537,0.49803688255122797,17,late
17897,97,0,0.9460884995268128,0.2761536741342634,17,late
17898,98,0,0.500516465672828,0.7454841979927755,17,late
17899,99,0,0.9663426380482314,0.7294429790265318,17,late
17900,100,0,0.9449009619533344,0.6420148818437903,17,late
17901,101,0,0.8639463034538566,0.46244069779221564,17,late
17902,102,0,0.374029279073436,0.48867288858516794,17,late
17903,103,0,0.9401829371233122,0.5938166435010166,17,late
17904,104,0,0.8393974946761587,0.4644172578196584,17,late
17905,105,0,0.5697385976135415,0.5062039415355575,17,late
17906,106,0,0.9564658082578057,0.6750277409239893,17,late
17907,107,0,0.985210561342922,0.7054926163534947,17,late
17908,108,0,0.06522294245399456,0.574029858413514,17,late
17909,109,0,0.09633320526614525,0.737279759548183,17,late
17910,110,0,0.10228259896476748,0.5863319901428825,17,late
17911,111,0,0.7343469768759878,0.4534945004796044,17,late
17912,112,0,0.2640694226137598,0.7753858450651829,17,late
17913,113,0,0.04641591825842806,0.7745967650706056,17,late
17914,114,0,0.9984077867636335,0.3751189894395358,17,late
17915,115,0,0.20669408765260885,0.49303918638658617,17,late
17916,116,0,0.6518039910125832,0.3832486857396993,17,late
17917,117,0,0.9985851117523199,0.5937200568157319,17,late
17918,118,0,0.5178508274048068,0.8413964700140246,17,late
17919,119,0,0.43832043697062617,0.47731645584029236,17,late
17920,120,0,0.10609269390008277,0.6752875663876556,17,late
17921,121,0,0.8455720671353498,0.8216239432623791,17,late
17922,122,0,0.6670211818600642,0.5726342671344246,17,late
17923,123,0,0.7823386258617737,0.49603627492508967,17,late
17924,124,0,0.5189330807825929,0.6028181085577164,17,late
17925,125,0,0.4964977353705651,0.8422761285650153,17,late
17926,126,0,0.5861197895175324,0.5084259879836306,17,late
17927,127,0,0.5005334785569954,0.6360443540550507,17,late
17928,128,0,0.1701528629327287,0.6102660135879083,17,late
17929,129,0,0.7153326694985138,0.45940720624264897,17,late
17930,130,0,0.9523760248721613,0.39199776664920083,17,late
17931,131,0,0.4414843357837721,0.6154642799462444,17,late
17932,132,0,0.7371911045404493,0.3673655534516156,17,late
17933,133,0,0.12221225505811051,0.6741116372704188,17,late
17934,134,0,0.08592813417835161,0.7047482467535626,17,late
17935,135,0,0.7496862221606531,0.5053663968062168,17,late
17936,136,0,0.9321052611861549,0.4690631328464021,17,late
17937,137,0,0.2947378575048061,0.6238650714302403,17,late
17938,138,0,0.8512269166195943,0.4899336186208407,17,late
17939,139,0,0.5169898404239581,0.5274151079688731,17,late
17940,140,0,0.513889938947345,0.6550985233017019,17,late
17941,141,0,0.7395526035051232,0.5639212333493979,17,late
17942,142,0,0.40216396485331246,1.0884785483152362,17,late
17943,143,0,0.26803856130905634,0.43275492884541844,17,late
17944,144,0,0.026719997037259174,0.8756280979376259,17,late
17945,145,0,0.5683787824133586,0.9679387573442382,17,late
17946,146,0,0.3803212009911775,0.4844188324101688,17,late
17947,147,0,0.3976578408236685,0.718148002595205,17,late
17948,148,0,0.99987564304568,0.6162369443092628,17,late
17949,149,0,0.9925403671149635,0.2982947754001396,17,late
17950,150,0,0.9501848547166436,0.44711444987117943,17,late
17951,151,0,0.9868358103584178,0.4565404348686652,17,late
17952,152,0,0.006024076882156468,0.846583707054698,17,late
17953,153,0,0.1611334533327054,0.3960116573145331,17,late
17954,154,0,0.5013833737909925,0.8470368422888839,17,late
17955,155,0,0.8270190648859306,0.9601937819591533,17,late
17956,156,0,0.19045034706913128,0.8713758531272973,17,late
17957,157,0,0.8331704688423648,0.4668864685564137,17,late
17958,158,0,0.10279944668837056,0.5892772001295656,17,late
17959,159,0,0.8209799721685793,0.6710876692343899,17,late
17960,160,0,0.9860588595333071,0.4806982679185946,17,late
17961,161,0,0.3288196582930282,0.575774636219239,17,late
17962,162,0,0.7169822629825676,0.5748385462798099,17,late
17963,163,0,0.5101113287190099,0.7054537318886531,17,late
17964,164,0,0.8903289264071041,0.5423639641922852,17,late
17965,165,0,0.07086816575107191,0.5738475415651649,17,late
17966,166,0,0.9339038610391914,0.6966914664621717,17,late
17967,167,0,0.5007580206451575,0.6835145460979037,17,late
17968,168,0,0.2396853282337621,0.3831093600415316,17,late
17969,169,0,0.5228136590711124,0.6249134532833869,17,late
17970,170,0,0.7485692950405316,0.5600808778560906,17,late
17971,171,0,0.32992417198893664,0.5081022787601702,17,late
17972,172,0,0.4735468252714451,0.7252548491277973,17,late
17973,173,0,0.07150680349553383,0.8670350523765071,17,late
17974,174,0,0.6591330999506084,0.4393100290572546,17,late
17975,175,0,0.5179209926045476,0.4433808828648047,17,late
17976,176,0,0.4550993224658773,0.5680684318604273,17,late
17977,177,0,0.9537590743174296,0.7732704211867376,17,late
17978,178,0,0.4458688699961439,0.7328922234027413,17,late
17979,179,0,0.6286945216767954,0.5235315409688958,17,late
17980,180,0,0.23567476009206348,0.8435513431694673,17,late
17981,181,0,0.501466243809218,0.7759322816112175,17,late
17982,182,0,0.3320196212718989,0.6003741978043446,17,late
17983,183,0,0.5145104948439305,0.6125557922205138,17,late
17984,184,0,0.2765015276399694,0.7447260691613217,17,late
17985,185,0,0.7724466354929078,0.5680624316759112,17,late
17986,186,0,0.10591766678532802,0.6039561515676233,17,late
17987,187,0,0.519819134104229,0.5708476814626879,17,late
17988,188,0,0.9888117265316293,0.8923685490635187,17,late
17989,189,0,0.9054949954559904,0.6126038877283686,17,late
17990,190,0,0.997804837424469,0.7159287176137819,17,late
17991,191,0,0.5227611373936647,0.7689824122156639,17,late
17992,192,0,0.5003874371198533,0.795505489928702,17,late
17993,193,0,0.9912895377091999,0.5037077313890295,17,late
17994,194,0,0.337988784584592,0.6024111594258785,17,late
17995,195,0,0.5002190636918245,0.9138236564870101,17,late
17996,196,0,0.5110457215057045,0.8916795621432679,17,late
17997,197,0,0.745086462616713,0.5498679134061224,17,late
17998,198,0,0.5139220132157546,0.5034169362319463,17,late
17999,199,0,0.49328450560734777,0.4414875854846284,17,late
18000,0,0,0.23753608009722044,0.9256768724389843,18,interleaved
18001,1,0,0.7376330685767956,0.5453330724051473,18,interleaved
18002,2,0,0.4993870878324258,0.7579663718350935,18,interleaved
18003,3,0,0.08934511064497154,0.7011065556427267,18,interleaved
18004,4,0,0.49026244360604976,0.7452970815404019,18,interleaved
18005,5,0,0.5205126335360168,0.7542388389030459,18,interleaved
18006,6,0,0.04371824817859418,0.7488204694286398,18,interleaved
18007,7,0,0.3871657107208316,0.7204719897112676,18,interleaved
18008,8,0,0.8987215612875981,0.5264826297747384,18,interleaved
18009,9,0,0.9045940678031064,0.43797139998289236,18,interleaved
18010,10,0,0.24187292406398303,0.998342964273722,18,interleaved
18011,11,0,0.9808394979064603,0.8136500188152083,18,interleaved
18012,12,0,0.3788114639816692,0.6358149415811565,18,interleaved
18013,13,0,0.060969284421384315,0.5233171826481606,18,interleaved
18014,14,0,0.565793976568992,0.30074206108708834,18,interleaved
18015,15,0,0.7097898838116998,0.5619650518275959,18,interleaved
18016,16,0,0.01362911324506748,0.7129490747180527,18,interleaved
18017,17,0,0.45645771917890954,0.8106230667209913,18,interleaved
18018,18,0,0.48399836406864555,0.6170844997866726,18,interleaved
18019,19,0,0.4895320076798399,0.6171766356710364,18,interleaved
18020,20,0,0.5281710475178253,0.5336550690083992,18,interleaved
18021,21,0,0.4644820966041662,0.5076091767372791,18,interleaved
18022,22,0,0.4939438084230195,0.7039058529350595,18,interleaved
18023,23,0,0.3573195944998914,0.7060228356975318,18,interleaved
18024,24,0,0.4271676027660382,0.8587396173256285,18,interleaved
18025,25,0,0.00032682272719622,1.0784359804344523,18,interleaved
18026,26,0,0.6476437640994752,0.8843961005966514,18,interleaved
18027,27,0,0.9865856467392772,0.6758880007443859,18,interleaved
18028,28,0,0.5236144511116922,0.6643818209220201,18,interleaved
18029,29,0,0.6570089814262793,0.4031698404135004,18,interleaved
18030,30,0,0.5242911444251124,0.590858187882271,18,interleaved
18031,31,0,0.21862406961091302,0.8084635159761877,18,interleaved
18032,32,0,0.4832099822456453,0.9552759645695952,18,interleaved
18033,33,0,0.9462674854814539,0.9528730235260079,18,interleaved
18034,34,0,0.4504466230856777,0.5142781309345008,18,interleaved
18035,35,0,0.26013850813412576,0.8969455613736929,18,interleaved
18036,36,0,0.5120792485297965,0.5773423277616342,18,interleaved
18037,37,0,0.36498829107026604,0.5680732257663897,18,interleaved
18038,38,0,0.232987053237027,0.7968311803358885,18,interleaved
18039,39,0,0.605730764659526,0.4032688110392229,18,interleaved
18040,40,0,0.5584429511032085,0.7079541719480076,18,interleaved
18041,41,0,0.9035179858775777,0.42697080293734113,18,interleaved
18042,42,0,0.8730323106801596,0.3842389836975246,18,interleaved
18043,43,0,0.10120992260190743,0.5368470999140331,18,interleaved
18044,44,0,0.53188578374334,0.5554460879812794,18,interleaved
18045,45,0,0.43384264648984894,0.46050708037188415,18,interleaved
18046,46,0,0.5344076325751136,0.6341673001131191,18,interleaved
18047,47,0,0.001285664772933812,1.039468844979703,18,interleaved
18048,48,0,0.21457835729929028,0.7559315286935936,18,interleaved
18049,49,0,0.5285857848022695,0.9928941690142526,18,interleaved
18050,50,0,0.36563600053384376,0.8064473083899578,18,interleaved
18051,51,0,0.9357394007075429,0.7652601904384069,18,interleaved
18052,52,0,0.27497616148117104,0.6741216645269079,18,interleaved
18053,53,0,0.8924654673850179,0.4195323425748101,18,interleaved
18054,54,0,0.29735538652064303,0.5858066639606518,18,interleaved
18055,55,0,0.6148158653720992,0.34810233879469876,18,interleaved
18056,56,0,0.22094466851012132,0.4058128730502141,18,interleaved
18057,57,0,0.32399883299603593,0.48369812092082765,18,interleaved
18058,58,0,0.7603625981701075,0.732361667280358,18,interleaved
18059,59,0,0.5128940117156068,0.5418386595418652,18,interleaved
18060,60,0,0.5380190127293119,0.5175482149520818,18,interleaved
18061,61,0,0.49996947310746165,0.6090130368090735,18,interleaved
18062,62,0,0.4969773352260041,0.6096365848083507,18,interleaved
18063,63,0,0.6654214500683346,0.3775404020355017,18,interleaved
18064,64,0,0.5075593197185314,0.446959113330487,18,interleaved
18065,65,0,0.9783259592569857,0.8360826224760165,18,interleaved
18066,66,0,0.5175847665072578,0.5715867337543029,18,interleaved
18067,67,0,0.37129397496105854,0.47381904160682886,18,interleaved
18068,68,0,0.8868691421018136,0.745786368869702,18,interleaved
18069,69,0,0.7186212732521915,0.48440510614899374,18,interleaved
18070,70,0,0.8736377386438889,0.4249392442507156,18,interleaved
18071,71,0,0.8968018873339856,0.4625196925285284,18,interleaved
18072,72,0,0.7447010721066795,0.515478343005174,18,interleaved
18073,73,0,0.5945987945699426,0.6852764207349475,18,interleaved
18074,74,0,0.5056900686568138,0.4415419111836124,18,interleaved
18075,75,0,0.41887848949990264,0.6761366624682308,18,interleaved
18076,76,0,0.3672984593857763,0.5660970836605512,18,interleaved
18077,77,0,0.968638276169346,0.9963988807283017,18,interleaved
18078,78,0,0.17274443966443107,0.5044682082545483,18,interleaved
18079,79,0,0.002925532042309947,1.0942935837772398,18,interleaved
18080,80,0,0.49990525599759084,0.6751312848617643,18,interleaved
18081,81,0,0.5226693807075211,0.5256750041149514,18,interleaved
18082,82,0,0.4737100290447423,0.3863177694021519,18,interleaved
18083,83,0,0.9228925061075777,0.5896477526926087,18,interleaved
18084,84,0,0.5234388179364877,0.7947444262921195,18,interleaved
18085,85,0,0.9732954723973632,0.35250577485747225,18,interleaved
18086,86,0,0.7222621966411058,0.5279383346156737,18,interleaved
18087,87,0,0.3341764478925765,0.6465355103835344,18,interleaved
18088,88,0,0.4948794416586009,0.9066927903251756,18,interleaved
18089,89,0,3.497129190301558e-05,1.1034143374584922,18,interleaved
18090,90,0,0.8569593432848106,0.5455471130753425,18,interleaved
18091,91,0,0.24590713087360905,0.6393557540886528,18,interleaved
18092,92,0,0.3080181818374118,0.7358442498266553,18,interleaved
18093,93,0,0.48897321844465247,0.7158448945544631,18,interleaved
18094,94,0,0.44891467207781344,0.5219896323787119,18,interleaved
18095,95,0,0.7940714134149203,0.4976171966435139,18,interleaved
18096,96,0,0.6457045948451982,0.3540992770641874,18,interleaved
18097,97,0,0.2212132938926247,0.5107161716063005,18,interleaved
18098,98,0,0.2952671032108199,0.6067422882318931,18,interleaved
18099,99,0,0.49274205950225863,0.9220340550431272,18,interleaved
18100,100,0,0.48881546441180157,0.40735344352092084,18,interleaved
18101,101,0,0.4618579145358358,0.6071584466254447,18,interleaved
18102,102,0,0.9352970425697267,0.5893110793014738,18,interleaved
18103,103,0,0.444377010205347,0.6790584713123288,18,interleaved
18104,104,0,0.7151271106716054,0.5119235745780344,18,interleaved
18105,105,0,0.727607537230695,0.5592616965338009,18,interleaved
18106,106,0,0.30463643620183845,0.711158074693923,18,interleaved
18107,107,0,0.4851540566235068,0.42463545376420697,18,interleaved
18108,108,0,0.5150150771390765,0.5481568791660097,18,interleaved
18109,109,0,0.9806731159723097,0.6553568892605564,18,interleaved
18110,110,0,0.9231300171754154,0.44475023884587706,18,interleaved
18111,111,0,0.3483473182682059,0.5523551588916167,18,interleaved
18112,112,0,0.5552331201705764,0.8220162726588954,18,interleaved
18113,113,0,0.8889777846906461,0.4107041459371672,18,interleaved
18114,114,0,0.7576568887074293,0.7303836930908143,18,interleaved
18115,115,0,0.11528368609739148,0.7590802895510387,18,interleaved
18116,116,0,0.3626988051734268,0.9364835462795906,18,interleaved
18117,117,0,0.9298904966247873,0.5388571393962768,18,interleaved
18118,118,0,0.7525833959787298,0.4978560657718793,18,interleaved
18119,119,0,0.04829505815066435,0.7519828828373751,18,interleaved
18120,120,0,0.5005599520565599,0.5086426186183495,18,interleaved
18121,121,0,0.3656126228574496,0.6248858015149792,18,interleaved
18122,122,0,0.2731543968235973,0.6046943150116766,18,interleaved
18123,123,0,0.5193028249496681,0.6748052995494154,18,interleaved
18124,124,0,0.9006508152033257,0.3168831866961366,18,interleaved
18125,125,0,0.9709667928219953,0.6052836710666358,18,interleaved
18126,126,0,0.5081641844085676,0.5773391451218967,18,interleaved
18127,127,0,0.805087886879159,0.3523530033614307,18,interleaved
18128,128,0,0.3336831270712442,0.5270854401566274,18,interleaved
18129,129,0,0.24562272620751913,0.5737821807002368,18,interleaved
18130,130,0,0.9896393996621362,0.6950798045348445,18,interleaved
18131,131,0,0.6868514748088312,0.9025560892751929,18,interleaved
18132,132,0,0.11206421587091538,0.5104266328266935,18,interleaved
18133,133,0,0.3439258411228159,0.596315007424328,18,interleaved
18134,134,0,0.9872251887947894,0.36801124840465876,18,interleaved
18135,135,0,0.5187734423158942,0.5301061853505035,18,interleaved
18136,136,0,0.42938877261982394,0.640175278531395,18,interleaved
18137,137,0,0.28604265538691265,0.5405610924715952,18,interleaved
18138,138,0,0.6094228189889015,0.4316686728034125,18,interleaved
18139,139,0,0.6267917812436476,0.7867842102462789,18,interleaved
18140,140,0,0.6559349696147458,0.6876431424669012,18,interleaved
18141,141,0,0.5146566780782419,1.0326461746061066,18,interleaved
18142,142,0,0.8421472124777591,0.5419594760261487,18,interleaved
18143,143,0,0.5107673035253116,0.8020930184682784,18,interleaved
18144,144,0,0.5136371371555787,0.5575937079754001,18,interleaved
18145,145,0,0.46767656051159584,0.770376603731841,18,interleaved
18146,146,0,0.5018855496318012,1.0211749645600463,18,interleaved
18147,147,0,0.9740524997175886,0.5766677269061706,18,interleaved
18148,148,0,0.9790363925198418,0.7168015807374013,18,interleaved
18149,149,0,0.46776618188919,0.6478182942447159,18,interleaved
18150,150,0,0.2971538935413461,0.4563141777427414,18,interleaved
18151,151,0,0.27886423339798116,0.4638872621641541,18,interleaved
18152,152,0,0.9771681669280603,0.6071352479708578,18,interleaved
18153,153,0,0.8114217215066593,0.45163553323600875,18,interleaved
18154,154,0,0.8977840715012984,0.44370645766286854,18,interleaved
18155,155,0,0.6039559236149675,0.6514138410440198,18,interleaved
18156,156,0,0.9949152280170207,0.6948593564307014,18,interleaved
18157,157,0,0.7658974936823233,0.46724908114567737,18,interleaved
18158,158,0,0.5371671004803623,0.517236494707888,18,interleaved
18159,159,0,0.594230120101794,0.5583921051794652,18,interleaved
18160,160,0,0.7894107661060583,0.5197424681594484,18,interleaved
18161,161,0,0.12777065516795708,0.5004387630281647,18,interleaved
18162,162,0,0.6174862636891159,0.36069544132113646,18,interleaved
18163,163,0,0.18409792662635127,0.7168555742322933,18,interleaved
18164,164,0,0.7302654284241173,0.7504670335376574,18,interleaved
18165,165,0,0.9215108869637266,0.3392931709309852,18,interleaved
18166,166,0,0.9464495513284844,0.43605395037070205,18,interleaved
18167,167,0,0.7732019091995002,0.6061498027244085,18,interleaved
18168,168,0,0.3471183719283679,0.7131555008841962,18,interleaved
18169,169,0,0.14666910172586978,0.5911863703250858,18,interleaved
18170,170,0,0.5133458602139401,0.6705626641065282,18,interleaved
18171,171,0,0.8407015908995871,0.7150648496205674,18,interleaved
18172,172,0,0.5162544589258767,0.4259302884681798,18,interleaved
18173,173,0,0.02616204347416784,0.6772782777746702,18,interleaved
18174,174,0,0.9927155230875939,0.6440380708567321,18,interleaved
18175,175,0,0.07955547554414884,0.555388522510607,18,interleaved
18176,176,0,0.7058370600488479,0.31962019912257583,18,interleaved
18177,177,0,0.6295752962331003,0.4336848509974342,18,interleaved
18178,178,0,0.3635524753457542,0.6765927018826695,18,interleaved
18179,179,0,0.2791055592853612,0.6803341279004786,18,interleaved
18180,180,0,0.8188123884091701,0.2688960712719989,18,interleaved
18181,181,0,0.5296322770359698,0.34821677559406883,18,interleaved
18182,182,0,0.7460967519551345,0.6885579252490754,18,interleaved
18183,183,0,0.9999926428068985,0.5932779008169644,18,interleaved
18184,184,0,0.14924474520885006,0.6978323041451966,18,interleaved
18185,185,0,0.8574428390856417,0.6312869465416715,18,interleaved
18186,186,0,0.5513060013711912,0.473340364458992,18,interleaved
18187,187,0,0.9718444884878201,0.3738078955184045,18,interleaved
18188,188,0,0.5916110975591858,0.6535022626382794,18,interleaved
18189,189,0,0.5917978730711988,0.44306817694966893,18,interleaved
18190,190,0,0.07383724897283625,0.4943265803607171,18,interleaved
18191,191,0,0.5507662427837392,0.4239075315769809,18,interleaved
18192,192,0,0.526039260236966,0.5090543346130241,18,interleaved
18193,193,0,0.7099097316254719,0.5727797919677586,18,interleaved
18194,194,0,0.8758881041845863,0.8740669319135781,18,interleaved
18195,195,0,0.6513872106073777,0.43922764209576237,18,interleaved
18196,196,0,0.752238282280931,0.6656990014281754,18,interleaved
18197,197,0,0.9996713658722576,0.5352672993145322,18,interleaved
18198,198,0,0.1965517535541083,0.5478555113000088,18,interleaved
18199,199,0,0.9883891549756768,0.590135515238563,18,interleaved
18200,0,0,0.9537931772797499,0.36957556606637987,18,blocked
18201,1,0,0.12963985136290743,0.7297268923415358,18,blocked
18202,2,0,0.5855253746150063,0.5914923067777186,18,blocked
18203,3,0,0.5983514589058522,0.6662113121569857,18,blocked
18204,4,0,0.6421006933114165,0.5679408441671127,18,blocked
18205,5,0,0.024660134526889775,0.6739206096900423,18,blocked
18206,6,0,0.9922010673156428,0.48523650664130724,18,blocked
18207,7,0,0.9250460438762733,0.5901916659507462,18,blocked
18208,8,0,0.1467448335526034,0.67070226015049,18,blocked
18209,9,0,0.9614887678366735,0.546237636278059,18,blocked
18210,10,0,0.9046965514116351,0.574312224017745,18,blocked
18211,11,0,0.3220261586040486,0.6837381243528324,18,blocked
18212,12,0,2.8286579674887853e-05,1.3266417685920955,18,blocked
18213,13,0,0.9837165184023895,0.6171617680090913,18,blocked
18214,14,0,0.9988250529988174,0.6229390091629279,18,blocked
18215,15,0,0.536913916418877,0.5235212588743071,18,blocked
18216,16,0,0.08847214557986403,0.8364152892281259,18,blocked
18217,17,0,0.014959980129795339,0.7813473669653697,18,blocked
18218,18,0,0.7147907367917655,0.5801916567812325,18,blocked
18219,19,0,0.21206014364703038,0.4859305666763388,18,blocked
18220,20,0,0.43657515712454953,0.6455871036129799,18,blocked
18221,21,0,0.4910528318454465,0.6265005713952415,18,blocked
18222,22,0,0.9996054780639115,0.6816777384635846,18,blocked
18223,23,0,0.9711632551385949,0.501630545932799,18,blocked
18224,24,0,0.999121582834628,0.7639963284700129,18,blocked
18225,25,0,0.2276093392178835,0.8357328899465468,18,blocked
18226,26,0,0.19525922339401874,0.468893214655151,18,blocked
18227,27,0,0.5110156341179612,0.5672693556394295,18,blocked
18228,28,0,0.8887517767406586,0.2777080780711302,18,blocked
18229,29,0,0.09875853542962465,0.8639803869599203,18,blocked
18230,30,0,0.4727465386039243,0.9345900263368674,18,blocked
18231,31,0,0.4995517180418984,0.8861635186844471,18,blocked
18232,32,0,0.40600761190792867,0.8196632338012042,18,blocked
18233,33,0,0.902527886281635,0.6323304945437391,18,blocked
18234,34,0,0.9999602550280415,0.8772258161033044,18,blocked
18235,35,0,0.9449271494990359,0.42572691815238095,18,blocked
18236,36,0,0.9894147079107034,0.6064432785843719,18,blocked
18237,37,0,0.9998478980397447,0.6983702842773422,18,blocked
18238,38,0,0.5086108162442755,0.8638060793828326,18,blocked
18239,39,0,0.9142316334523564,0.6761713891169642,18,blocked
18240,40,0,0.4532381807566732,0.646597585847055,18,blocked
18241,41,0,0.4669812455257876,0.822752343091161,18,blocked
18242,42,0,0.5007373131181565,1.1236781093655521,18,blocked
18243,43,0,0.08072640107007557,0.7517285103166615,18,blocked
18244,44,0,0.8249604754791667,0.7524912802638377,18,blocked
18245,45,0,0.5141760523443923,0.6053078853938682,18,blocked
18246,46,0,0.08054473709887416,0.7691224169507108,18,blocked
18247,47,0,0.26420880430010435,0.5914059732145635,18,blocked
18248,48,0,0.6427134258687258,0.6534263151287931,18,blocked
18249,49,0,0.8843010336245593,0.49696610417806536,18,blocked
18250,50,0,0.4981309261385245,0.7530991158608884,18,blocked
18251,51,0,0.3327942012996333,0.8058197092253998,18,blocked
18252,52,0,0.9992804509485234,0.6529175413682144,18,blocked
18253,53,0,0.9980053416059986,0.9611300889630514,18,blocked
18254,54,0,0.4522303898154037,0.6119455777707646,18,blocked
18255,55,0,0.9783650514569064,0.6994447970597155,18,blocked
18256,56,0,0.7893058386248588,1.0406982961856062,18,blocked
18257,57,0,0.5581896053414743,0.621739427144663,18,blocked
18258,58,0,0.14199692533366765,0.7518798661419446,18,blocked
18259,59,0,0.05702893835901357,0.6484747137118205,18,blocked
18260,60,0,0.6633465162264618,0.5763541506662033,18,blocked
18261,61,0,0.9839588658672924,0.5038354810326785,18,blocked
18262,62,0,0.49616170577755075,0.8051543891771016,18,blocked
18263,63,0,0.9643830722775963,0.6838761759362679,18,blocked
18264,64,0,0.6571184324647161,0.6462580109995022,18,blocked
18265,65,0,0.47061941154274445,0.885340428722502,18,blocked
18266,66,0,0.9836410765181409,0.9022332229170401,18,blocked
18267,67,0,0.3133120553558141,0.8733336087626361,18,blocked
18268,68,0,0.7989017067419076,0.7711078811810678,18,blocked
18269,69,0,0.9828770048746227,0.6666768026058585,18,blocked
18270,70,0,0.07548921605689302,1.2995434623575761,18,blocked
18271,71,0,0.6852974369526885,0.7634084150807262,18,blocked
18272,72,0,0.7427727675017449,0.9146621035526683,18,blocked
18273,73,0,0.5099256283520491,0.6061114626429778,18,blocked
18274,74,0,0.8577871638096888,0.5731363622975991,18,blocked
18275,75,0,0.8636483642192965,0.4127659101811335,18,blocked
18276,76,0,0.9916979567860685,0.5622305949430382,18,blocked
18277,77,0,0.9846191929851532,0.5558030486530416,18,blocked
18278,78,0,0.9778031981687849,0.8070602408747527,18,blocked
18279,79,0,0.5092772002312836,0.710912851649234,18,blocked
18280,80,0,0.21337978656459028,0.5920621592561417,18,blocked
18281,81,0,0.007758906206007971,0.786752595803726,18,blocked
18282,82,0,0.35046130176352935,0.9123440801634296,18,blocked
18283,83,0,0.6897501101779838,0.5613031484187003,18,blocked
18284,84,0,0.999983099049621,0.8475788404159164,18,blocked
18285,85,0,0.7888912733710385,0.6097179512416406,18,blocked
18286,86,0,0.4760321185242351,0.9824229332092558,18,blocked
18287,87,0,0.17715040784683048,1.0390111763648895,18,blocked
18288,88,0,0.9863820146887121,0.3223877453962325,18,blocked
18289,89,0,0.0031640860720847544,1.1737385297547038,18,blocked
18290,90,0,0.49242358778311834,0.835982786202963,18,blocked
18291,91,0,0.9975502953592448,0.669105224763425,18,blocked
18292,92,0,0.9920761548154731,0.469094209826288,18,blocked
18293,93,0,0.9940266390592323,0.6735031196764849,18,blocked
18294,94,0,0.01311609882178987,0.8724912751881446,18,blocked
18295,95,0,0.9922214472076243,0.6352495359382031,18,blocked
18296,96,0,0.0003709173130995591,1.004869211521406,18,blocked
18297,97,0,0.02953606915174594,0.7300165286996737,18,blocked
18298,98,0,0.9998117200374133,0.7763957589653283,18,blocked
18299,99,0,0.13500629758310137,0.5498475193017263,18,blocked
18300,100,0,0.8609644828196905,0.6215172007678156,18,blocked
18301,101,0,0.584766923861713,0.6615107894768768,18,blocked
18302,102,0,0.0022323868765539113,0.8946880923129928,18,blocked
18303,103,0,0.9991796553936573,0.6380198567485115,18,blocked
18304,104,0,0.7762817288467332,0.48451534682290687,18,blocked
18305,105,0,0.9998479931843969,0.8119556106104749,18,blocked
18306,106,0,0.0881072309468291,0.7867112467817299,18,blocked
18307,107,0,0.0023094333085147975,0.7316215134287931,18,blocked
18308,108,0,0.4280700846333813,0.36193404711396937,18,blocked
18309,109,0,0.1645072563162174,0.7620870281969218,18,blocked
18310,110,0,0.9785706380618558,0.7467619650590054,18,blocked
18311,111,0,0.46722208073221494,0.538069712276339,18,blocked
18312,112,0,0.9890864289299153,0.5321261382804423,18,blocked
18313,113,0,0.007232951881331237,0.7168817126579341,18,blocked
18314,114,0,0.35891918389786337,0.5745082217644122,18,blocked
18315,115,0,0.9983449527836095,0.6204544241179731,18,blocked
18316,116,0,0.5887261144961468,0.5535297802303976,18,blocked
18317,117,0,0.4058286285539772,0.7642485903859808,18,blocked
18318,118,0,0.38516939290277774,0.5823783000929548,18,blocked
18319,119,0,0.9185152798540215,0.4129319210115107,18,blocked
18320,120,0,0.5650824736472007,0.596670061624452,18,blocked
18321,121,0,0.41941084772357934,0.359096818657917,18,blocked
18322,122,0,0.519670226516096,0.5947825324487706,18,blocked
18323,123,0,0.5271759347281044,0.48883639035306903,18,blocked
18324,124,0,0.5050956591641548,0.6265694270534629,18,blocked
18325,125,0,0.5315299334817708,0.5562934450037005,18,blocked
18326,126,0,0.5387433458886074,0.5827280445380828,18,blocked
18327,127,0,0.6337707013722038,1.0287909440139693,18,blocked
18328,128,0,0.7363470215838559,0.8426911074557886,18,blocked
18329,129,0,0.6674705673446399,0.5963551889825969,18,blocked
18330,130,0,0.5023506702800823,0.6971942106443749,18,blocked
18331,131,0,0.9602584029828172,0.34845052052710435,18,blocked
18332,132,0,0.4967846509043469,0.6606796740885883,18,blocked
18333,133,0,0.9348688166551009,0.8463031704912607,18,blocked
18334,134,0,0.9984606218214107,0.5800552061029011,18,blocked
18335,135,0,0.398677685796848,0.7467862112596271,18,blocked
18336,136,0,0.9751812561210016,0.6663169202918262,18,blocked
18337,137,0,0.9860576687423495,0.4683219798727223,18,blocked
18338,138,0,0.02633723105649344,0.7644761791267507,18,blocked
18339,139,0,0.8431945783866613,0.5569700639672219,18,blocked
18340,140,0,0.5550531717784789,0.8478423723854145,18,blocked
18341,141,0,0.9999569430247262,0.668520495805224,18,blocked
18342,142,0,0.4166220148940944,0.47187026104282903,18,blocked
18343,143,0,0.5258981360935071,0.7347348238102112,18,blocked
18344,144,0,0.6165632316923155,0.6060351823756773,18,blocked
18345,145,0,0.6770265749687854,0.5743426616486313,18,blocked
18346,146,0,0.9974660333977587,0.3895061514289517,18,blocked
18347,147,0,0.9404674847502609,0.5268433443270217,18,blocked
18348,148,0,0.8857762835948827,0.5097353488797413,18,blocked
18349,149,0,0.5412118823062188,0.7774227418438888,18,blocked
18350,150,0,0.9976342480867442,0.5304885411094152,18,blocked
18351,151,0,0.9392307522175375,0.6417854934334668,18,blocked
18352,152,0,0.22215826510263967,0.7802797319186643,18,blocked
18353,153,0,0.49459053449535884,1.183463373707754,18,blocked
18354,154,0,0.9018448996661232,0.6490711005712089,18,blocked
18355,155,0,0.5289994395814892,0.6046575281344473,18,blocked
18356,156,0,0.5005527291707934,0.8301228666194722,18,blocked
18357,157,0,0.9874153492040421,0.7790746394047304,18,blocked
18358,158,0,0.9996936651905002,0.5657017326889249,18,blocked
18359,159,0,0.9110373087797582,0.4920396053897966,18,blocked
18360,160,0,0.8580387822798309,0.5797299089352786,18,blocked
18361,161,0,0.8011410174943426,0.6049345367488779,18,blocked
18362,162,0,0.5516933481185975,0.5175578623957799,18,blocked
18363,163,0,0.9786472157717027,0.5600690255650416,18,blocked
18364,164,0,0.41156195668436,0.7327660825769022,18,blocked
18365,165,0,0.6671196040284518,0.923876576339619,18,blocked
18366,166,0,0.6014638763303979,0.7047541236031531,18,blocked
18367,167,0,0.17149098934110718,0.48764085073081553,18,blocked
18368,168,0,0.16854245225247858,0.6355509646397358,18,blocked
18369,169,0,0.7371617086485115,0.5177931517239376,18,blocked
18370,170,0,0.9894388220824821,0.5187910530665347,18,blocked
18371,171,0,0.33740516731642367,0.6033403340666224,18,blocked
18372,172,0,0.9646998014381443,0.37624722167519564,18,blocked
18373,173,0,0.5084021796186494,0.9671630519521672,18,blocked
18374,174,0,0.5147535052226347,0.9561118929071863,18,blocked
18375,175,0,0.963614204119488,0.6383996581742182,18,blocked
18376,176,0,0.9057612529418823,0.64651707927491,18,blocked
18377,177,0,0.39234906021528143,0.515566508323719,18,blocked
18378,178,0,0.000915846059911248,0.9805787300377419,18,blocked
18379,179,0,0.9509721258991537,0.48999528754243826,18,blocked
18380,180,0,0.33366129125608057,0.8607785692940892,18,blocked
18381,181,0,0.8124624623250831,0.5020199361570408,18,blocked
18382,182,0,0.9822845162303091,0.495405850102164,18,blocked
18383,183,0,0.2682186164056001,0.6700070206180203,18,blocked
18384,184,0,0.15871963952992918,0.7392823138451083,18,blocked
18385,185,0,0.674750897601006,0.4363193104535089,18,blocked
18386,186,0,0.9989681859948742,0.6115266016352096,18,blocked
18387,187,0,0.5626078549179303,0.7697039669722806,18,blocked
18388,188,0,0.3858271638926605,0.5495273152812988,18,blocked
18389,189,0,0.48025041350837694,0.8132708770033469,18,blocked
18390,190,0,0.6712336512924855,0.7213298873614928,18,blocked
18391,191,0,0.29016272533611787,0.7843012510283258,18,blocked
18392,192,0,0.5264559497508134,0.5044415869573651,18,blocked
18393,193,0,0.43773936155405235,0.8189036077210747,18,blocked
18394,194,0,0.992461353085948,0.44175164071244577,18,blocked
18395,195,0,0.585193637151104,0.7447254515810289,18,blocked
18396,196,0,0.49928135556713915,0.721216039120921,18,blocked
18397,197,0,0.9875677156287781,0.6482755769173554,18,blocked
18398,198,0,0.968295743469487,0.8106076382848206,18,blocked
18399,199,0,0.11899856863492139,0.869393893564999,18,blocked
18400,0,0,0.4907524167895951,0.6969420441525169,18,early
18401,1,0,0.04230921346935506,0.9117290206509975,18,early
18402,2,0,0.6327679150570503,0.6614660349985078,18,early
18403,3,0,0.026221875122177805,1.0123887538136849,18,early
18404,4,0,0.9622683225422362,0.4922187946305263,18,early
18405,5,0,0.5946536646725628,0.6205860233117688,18,early
18406,6,0,0.10771764981703338,0.9620818810272009,18,early
18407,7,0,0.9875601571517482,0.6602499200420509,18,early
18408,8,0,0.9983479854756154,0.4603090401019257,18,early
18409,9,0,0.5450219151305268,0.5480536510825631,18,early
18410,10,0,0.6350930798054504,0.6558693974911127,18,early
18411,11,0,0.1292238280271906,0.7595747308261229,18,early
18412,12,0,0.5187555546221132,0.71638167632744,18,early
18413,13,0,0.9178339314335184,0.47810426795504996,18,early
18414,14,0,0.41797822217559066,0.662387062583115,18,early
18415,15,0,0.6008552288187118,0.5564070521033796,18,early
18416,16,0,0.752954451450393,0.7676049563155565,18,early
18417,17,0,0.9998479804622424,0.7197985106000897,18,early
18418,18,0,0.742177461932331,0.8000801139313927,18,early
18419,19,0,0.9377346173871268,0.7422556266166694,18,early
18420,20,0,0.4819665715596897,1.2389562764345157,18,early
18421,21,0,0.9692454639882924,0.8515057047300172,18,early
18422,22,0,0.9470123998647029,0.5738338562731455,18,early
18423,23,0,0.7543810349990984,0.7596532576541014,18,early
18424,24,0,0.4964669305842085,0.73214719582994,18,early
18425,25,0,0.9508528431015073,0.6276972469256632,18,early
18426,26,0,0.9745572169107982,0.7559456378889295,18,early
18427,27,0,0.9996237357569759,0.465351616038688,18,early
18428,28,0,0.9358312668589546,0.5717616730648605,18,early
18429,29,0,0.5336462566545541,0.789299703657631,18,early
18430,30,0,0.9968593240912514,0.7247622787615714,18,early
18431,31,0,0.5206526208501633,0.6353356596079837,18,early
18432,32,0,0.956348022249574,0.3538841906699175,18,early
18433,33,0,0.9168263796310478,0.5874690840055916,18,early
18434,34,0,0.5913499990615918,0.7439872229864153,18,early
18435,35,0,0.8667092449902893,0.5764501574822487,18,early
18436,36,0,0.9997497264195864,0.6927007687157039,18,early
18437,37,0,0.5867879351452407,0.7651254407592378,18,early
18438,38,0,0.4996466351083233,0.9206987370734367,18,early
18439,39,0,0.5011616447916217,0.8638165863455189,18,early
18440,40,0,0.5001522946633393,0.8603172968690844,18,early
18441,41,0,0.9804787610516918,0.7697825157686464,18,early
18442,42,0,0.05411757885681015,1.0960059297562057,18,early
18443,43,0,0.40698064613459334,0.6573387871481974,18,early
18444,44,0,0.8845343946254864,0.5441458185378257,18,early
18445,45,0,0.8010900431788195,0.8072624189804594,18,early
18446,46,0,0.48985348186675653,0.7873197563541803,18,early
18447,47,0,0.9983697157717346,0.7405558651721461,18,early
18448,48,0,0.4336378183399128,0.7782901868779759,18,early
18449,49,0,0.9999694488505235,0.8038606326476154,18,early
18450,50,0,0.12388425129273907,0.9188176206533991,18,early
18451,51,0,0.011376451542156867,0.8236298781401763,18,early
18452,52,0,0.5091439691456376,0.6373809274593134,18,early
18453,53,0,0.9656525520510103,0.5452586159596668,18,early
18454,54,0,0.4457982596969615,0.5459298993013755,18,early
18455,55,0,0.9576955046030358,0.7442192982833793,18,early
18456,56,0,0.008513281485754512,0.875947734545815,18,early
18457,57,0,0.3815951581853924,0.81305418271579,18,early
18458,58,0,0.39899255132101824,0.9127284232003892,18,early
18459,59,0,0.5826507894283952,0.6306367932164615,18,early
18460,60,0,0.9612666850201663,0.5462402837285667,18,early
18461,61,0,0.7244763097939793,0.542843129336926,18,early
18462,62,0,0.39185821234537205,1.1001289346544216,18,early
18463,63,0,0.4920329441541947,0.4868122448864766,18,early
18464,64,0,0.9474555734031944,0.4283736663511055,18,early
18465,65,0,0.12553349085566168,0.8647381346630216,18,early
18466,66,0,0.04374289869824056,0.8920944008577207,18,early
18467,67,0,0.9423096068448681,0.574950779964231,18,early
18468,68,0,0.0766174969902657,0.860260801264837,18,early
18469,69,0,0.8257360199523478,0.22661889028445437,18,early
18470,70,0,0.791039449304675,0.609858694013545,18,early
18471,71,0,0.9961795716082902,0.5404630272064757,18,early
18472,72,0,0.8196840390170187,0.7526212737811767,18,early
18473,73,0,0.9738497795318748,0.4997836284793157,18,early
18474,74,0,0.9953872900177629,0.5083961741770069,18,early
18475,75,0,0.9889905116607953,0.33888607850982116,18,early
18476,76,0,0.7943093386753981,0.7588488200605672,18,early
18477,77,0,0.8917900135831582,0.7119018086535016,18,early
18478,78,0,0.38783689767656837,0.6974556135244832,18,early
18479,79,0,0.9999368133080268,0.9799770116628833,18,early
18480,80,0,0.06525148706466498,0.8349810281588539,18,early
18481,81,0,0.5211458393566751,0.7856059334602994,18,early
18482,82,0,0.18851090616741692,0.7418817789455081,18,early
18483,83,0,0.6527232608544277,0.5608492074592959,18,early
18484,84,0,0.8208274641835495,0.39860275529961625,18,early
18485,85,0,0.7571049498557227,0.5757210552140155,18,early
18486,86,0,0.004550261328153738,1.0401937995660084,18,early
18487,87,0,0.5118361343706506,0.5486272810155278,18,early
18488,88,0,0.4301954765009475,0.568821756739061,18,early
18489,89,0,0.548493136682829,0.6608493203872297,18,early
18490,90,0,0.5565674072778364,0.5289969767489466,18,early
18491,91,0,0.4953556007512767,0.8421347484518334,18,early
18492,92,0,0.9339591995695726,0.5024566009865654,18,early
18493,93,0,0.5245905062780943,0.5405860959317192,18,early
18494,94,0,0.08359444810805841,0.9888170803749956,18,early
18495,95,0,0.2746138503001052,1.0018405642089787,18,early
18496,96,0,0.5053408453235643,0.6237131671878798,18,early
18497,97,0,0.7480792882233436,0.41877230003453714,18,early
18498,98,0,0.5115919084756388,0.8063062974223358,18,early
18499,99,0,0.10484609197208536,0.6157479977059662,18,early
18500,100,0,0.6373458796708127,0.6165863456810576,18,early
18501,101,0,0.19303420477156288,1.01309172672936,18,early
18502,102,0,0.4932296703456096,0.6270460013259614,18,early
18503,103,0,0.5247580099925981,0.4117379320496036,18,early
18504,104,0,0.8757756088309692,0.5419217999549972,18,early
18505,105,0,0.2311223314939422,0.7356042971165501,18,early
18506,106,0,0.49324731922547876,0.507520077717725,18,early
18507,107,0,0.503456375774043,0.64128758966981,18,early
18508,108,0,0.4451911318309076,0.6934535843357288,18,early
18509,109,0,0.9187678415668892,0.4597630921575786,18,early
18510,110,0,0.7770605101210961,0.6411531765420786,18,early
18511,111,0,0.5092257283988025,0.6754543231106294,18,early
18512,112,0,0.4564761835763846,0.5271478107166343,18,early
18513,113,0,0.35109099922418013,0.7031952938436183,18,early
18514,114,0,0.04354733133899861,0.5719591414256145,18,early
18515,115,0,0.9131721618706063,0.38197907789912944,18,early
18516,116,0,0.06716602130857598,0.9433895085294801,18,early
18517,117,0,0.4769059163754791,0.9155037393964689,18,early
18518,118,0,0.325486448484165,1.1334456915271283,18,early
18519,119,0,0.8236060320040814,0.6064369112948218,18,early
18520,120,0,0.061305665694927014,0.6902688740110835,18,early
18521,121,0,0.5198699213664101,0.5337404335275524,18,early
18522,122,0,0.7926672867403926,0.4575344257767035,18,early
18523,123,0,0.5054320241482275,0.6705495572461372,18,early
18524,124,0,0.38726664174716063,0.44658697060698627,18,early
18525,125,0,0.4194661515495684,0.8376217056059299,18,early
18526,126,0,0.41844331140964963,0.6117277921560049,18,early
18527,127,0,0.13796121657893612,0.9083734082007009,18,early
18528,128,0,0.490444306030403,0.6723413709563322,18,early
18529,129,0,0.5045853290581519,0.8071680847077992,18,early
18530,130,0,0.5013812540214364,0.6512155762754965,18,early
18531,131,0,0.8332119688270212,0.7421260700936686,18,early
18532,132,0,0.02125722632327199,0.8139834556057575,18,early
18533,133,0,0.9020869256069308,0.27585577816519224,18,early
18534,134,0,0.76343513527969,0.44915509849840995,18,early
18535,135,0,0.24837729228798644,0.5190841284066083,18,early
18536,136,0,0.5581571725467936,0.5460956315630743,18,early
18537,137,0,0.5051863107955423,0.7775951221306973,18,early
18538,138,0,0.5290121040352708,0.5899169576754874,18,early
18539,139,0,0.23571059100248587,0.7059920575764534,18,early
18540,140,0,0.49440227812882725,0.7774966500926768,18,early
18541,141,0,0.8289712629552571,0.5154768857188831,18,early
18542,142,0,0.4273963370929841,0.7751293518805789,18,early
18543,143,0,0.316124159072483,0.842481907160196,18,early
18544,144,0,0.4989401744725461,1.253562514207784,18,early
18545,145,0,0.4501718408114054,0.6634889118918639,18,early
18546,146,0,0.49528982187665693,0.49277343286659225,18,early
18547,147,0,0.22087828828306066,0.44968065094654447,18,early
18548,148,0,0.462179538605705,1.170836873499153,18,early
18549,149,0,0.47748879944214895,0.9941328523614714,18,early
18550,150,0,0.5002562333063652,0.6670985759665217,18,early
18551,151,0,0.5049238615831025,0.5720535854966885,18,early
18552,152,0,0.49309391484155485,1.110603695528686,18,early
18553,153,0,0.4765113337225271,0.7610614742624893,18,early
18554,154,0,0.7347148818244553,0.7113999194725308,18,early
18555,155,0,0.5612995661451592,0.6588370230939422,18,early
18556,156,0,0.05001683342115591,0.7266385041547326,18,early
18557,157,0,0.9363012805039922,0.5369711183184356,18,early
18558,158,0,0.49303092597951065,0.6021081874377919,18,early
18559,159,0,0.18760724534107398,0.6125663474518233,18,early
18560,160,0,0.34119797350826553,0.6087133835573516,18,early
18561,161,0,0.579800992547028,0.6660955741579941,18,early
18562,162,0,0.4266727944211063,0.995732962973611,18,early
18563,163,0,0.09717320416650108,0.8619124335775838,18,early
18564,164,0,0.12166800964501559,0.8906342845516971,18,early
18565,165,0,0.97453038637104,0.569813518965183,18,early
18566,166,0,0.725182885976472,0.4463473201434261,18,early
18567,167,0,0.6796719013159658,0.40320776004387815,18,early
18568,168,0,0.13403438369770126,0.87532226682201,18,early
18569,169,0,0.5247482291113896,0.7550841709766953,18,early
18570,170,0,0.38022824105238884,0.897150892351142,18,early
18571,171,0,0.5008435127457399,0.6235279951188741,18,early
18572,172,0,0.9941326359854347,0.3954392198899938,18,early
18573,173,0,0.8726339603190908,0.5842258352105001,18,early
18574,174,0,0.6839425932399379,0.6151264932864229,18,early
18575,175,0,0.4975599447915391,1.0035340420501895,18,early
18576,176,0,0.49508990411044335,0.5993177094190179,18,early
18577,177,0,0.057964679858566764,0.7629956714967606,18,early
18578,178,0,0.99984620389642,0.3662357988655125,18,early
18579,179,0,0.2970122496880837,0.958317028499479,18,early
18580,180,0,0.5005185022519617,0.7238603287346024,18,early
18581,181,0,0.35689065351318666,0.47611852737936555,18,early
18582,182,0,0.5715168052492835,0.5465024715504222,18,early
18583,183,0,0.9897475522877581,0.31815594322131724,18,early
18584,184,0,0.5553831103553226,0.5623381456273185,18,early
18585,185,0,0.9754587727123091,0.4709483118734068,18,early
18586,186,0,0.7498855567368401,0.43106056793291003,18,early
18587,187,0,0.5999490858501955,0.5827538088732792,18,early
18588,188,0,0.4577322229715993,0.6638171130100413,18,early
18589,189,0,0.930202373280751,0.7363554777652783,18,early
18590,190,0,0.4865435217576715,0.743222300757095,18,early
18591,191,0,0.8352593774051125,0.7328465880009418,18,early
18592,192,0,0.9922798248935425,0.47229398422571844,18,early
18593,193,0,0.5282935908263073,0.9569030092309936,18,early
18594,194,0,0.5728071650224967,0.4094104748083217,18,early
18595,195,0,0.5832340666596186,0.6319216559096309,18,early
18596,196,0,0.931413007751398,0.4076932111471395,18,early
18597,197,0,0.5155468314695296,0.5608774493615671,18,early
18598,198,0,0.9856497774666243,0.37681636422076165,18,early
18599,199,0,0.47690776020052394,0.6643712353848867,18,early
18600,0,0,0.5125183744498139,0.7408056303644781,18,middle
18601,1,0,0.5116187277429848,0.7012709343760657,18,middle
18602,2,0,0.333127348528076,0.65232494881666,18,middle
18603,3,0,0.41323521097640914,0.7420977198510121,18,middle
18604,4,0,0.040584431146697235,0.736301453683216,18,middle
18605,5,0,0.34083775634175373,0.559437203503963,18,middle
18606,6,0,0.7329429473071258,0.5663017353249121,18,middle
18607,7,0,0.9430186469381194,0.5046987984820444,18,middle
18608,8,0,0.04719401712298474,0.7380783007038901,18,middle
18609,9,0,0.3776552792876836,0.6428297419365783,18,middle
18610,10,0,0.558455157527211,0.7447673458788643,18,middle
18611,11,0,0.5056086491296731,0.8311717363951244,18,middle
18612,12,0,0.3701393781732516,0.6206564298515043,18,middle
18613,13,0,0.6883602713253465,0.6434302025404504,18,middle
18614,14,0,0.0020280388383799434,0.8830805399343346,18,middle
18615,15,0,0.500139994973748,0.6264786618738147,18,middle
18616,16,0,0.7593126729178297,0.4030163415430409,18,middle
18617,17,0,0.8766077240791883,0.6057786214089755,18,middle
18618,18,0,0.9055334587241759,0.6411850011337403,18,middle
18619,19,0,0.006314300948772767,0.9911644208442345,18,middle
18620,20,0,0.017145725606244788,0.8245555748939652,18,middle
18621,21,0,0.49775981893409116,0.5736379464651516,18,middle
18622,22,0,0.274698879138941,0.5899795126712606,18,middle
18623,23,0,0.5091335133261514,0.5019185222186892,18,middle
18624,24,0,0.02288626985065237,0.7727994253354961,18,middle
18625,25,0,0.45739127171945526,0.973925606206106,18,middle
18626,26,0,0.01317623671163326,0.8609801980328171,18,middle
18627,27,0,0.2653355073706084,0.724159178727676,18,middle
18628,28,0,0.37908823236295514,0.5236484872259584,18,middle
18629,29,0,0.5711288900834791,0.5342071756218774,18,middle
18630,30,0,0.39941208918442206,0.6593775662483781,18,middle
18631,31,0,0.7309282136498305,0.6600323619385955,18,middle
18632,32,0,0.2959355780747102,0.7773869192963729,18,middle
18633,33,0,0.5000204272266847,1.0856894852920351,18,middle
18634,34,0,0.1264315944909356,0.9854775326401415,18,middle
18635,35,0,0.5217037629010322,0.8027053389745337,18,middle
18636,36,0,0.01923957565548038,0.8074361369935702,18,middle
18637,37,0,0.55916654935198,0.755179660047947,18,middle
18638,38,0,0.8467097015009455,0.5674574199440353,18,middle
18639,39,0,0.45833019746069786,0.8678969146164426,18,middle
18640,40,0,0.5231932710253094,0.42027314147735495,18,middle
18641,41,0,0.06258291573460645,0.7151259008368802,18,middle
18642,42,0,0.4098756894819335,0.6519593947943719,18,middle
18643,43,0,0.9937918003987672,0.7353214655020072,18,middle
18644,44,0,0.8196008149264004,0.7902687009977285,18,middle
18645,45,0,0.4641405260017095,0.5764922594635633,18,middle
18646,46,0,0.8344213140812131,0.5189827562479445,18,middle
18647,47,0,0.026489423331707215,0.9321120239535714,18,middle
18648,48,0,0.6961748368768927,0.4575227943909105,18,middle
18649,49,0,0.5001935285395214,0.911367731265927,18,middle
18650,50,0,0.22242269128726277,1.0578270124459204,18,middle
18651,51,0,0.5417622372216214,0.5901353226147006,18,middle
18652,52,0,0.506248931338741,0.7462182623322033,18,middle
18653,53,0,0.9931714121183044,0.4959485949637052,18,middle
18654,54,0,0.5453347666126303,0.5930697932112692,18,middle
18655,55,0,0.3555764294868848,0.6313115412128972,18,middle
18656,56,0,0.9979512852892769,0.5890642763226237,18,middle
18657,57,0,0.989052881385902,0.6308093853892978,18,middle
18658,58,0,0.5669011333683822,0.548472303317753,18,middle
18659,59,0,0.4945638748024129,0.5190265646295698,18,middle
18660,60,0,0.9420100064593356,0.5851329586871052,18,middle
18661,61,0,0.9593611768087452,0.592147297521589,18,middle
18662,62,0,0.97197452711523,0.7551247978924163,18,middle
18663,63,0,0.5015385319088246,0.9425164872381621,18,middle
18664,64,0,0.998978269445681,0.6421617212269706,18,middle
18665,65,0,0.987521768879834,0.45494724121840724,18,middle
18666,66,0,0.6105292787448622,0.6637524947627584,18,middle
18667,67,0,0.7333342552204208,0.7565315668413706,18,middle
18668,68,0,0.9764892906334015,0.6409673963161191,18,middle
18669,69,0,0.8593572589879609,0.572826463703367,18,middle
18670,70,0,0.41063413200120147,0.6909468102517996,18,middle
18671,71,0,0.18102680232528662,0.8602168939861602,18,middle
18672,72,0,0.5795603532117977,0.37125787565858753,18,middle
18673,73,0,0.5660280981833218,0.6215164365012169,18,middle
18674,74,0,0.9839862198576488,0.3076379835211609,18,middle
18675,75,0,0.7038652233640564,0.4482201168827003,18,middle
18676,76,0,0.8175670303579397,0.5553724894276064,18,middle
18677,77,0,0.5671918780795793,0.5362035315773165,18,middle
18678,78,0,0.07404776100107606,0.6033947567006964,18,middle
18679,79,0,0.8369799956769621,0.7233522534441376,18,middle
18680,80,0,0.5544127618859146,0.63764147484239,18,middle
18681,81,0,0.6536068973356427,0.5695887497773816,18,middle
18682,82,0,0.0266116267715842,0.7091527184241462,18,middle
18683,83,0,0.9537858971709396,0.6556786582295695,18,middle
18684,84,0,0.5114367538712846,0.7267346991853052,18,middle
18685,85,0,0.9503600657225335,0.5039751238880334,18,middle
18686,86,0,0.36471519760041315,0.6812865856771178,18,middle
18687,87,0,0.7059796885634444,0.6516721379079878,18,middle
18688,88,0,0.5036858885137775,0.5891216958062566,18,middle
18689,89,0,0.3824816957168948,0.6270304066014036,18,middle
18690,90,0,0.6764752129119418,0.40415302895647115,18,middle
18691,91,0,0.6601927144438455,0.29964302839146173,18,middle
18692,92,0,0.4866321106553521,0.3680647654716131,18,middle
18693,93,0,0.6623847946415854,0.5382620681014323,18,middle
18694,94,0,0.5560907763492411,0.7157880186233474,18,middle
18695,95,0,0.04545544559408307,0.8105734274459846,18,middle
18696,96,0,0.24864741805559018,0.6795407302505739,18,middle
18697,97,0,0.508811541930541,0.5966752583954843,18,middle
18698,98,0,0.44549036424768806,0.6040337484408778,18,middle
18699,99,0,0.03989594113129743,0.8786132665268749,18,middle
18700,100,0,0.9889569983136053,0.7935911801409141,18,middle
18701,101,0,0.7510737626222117,0.5613346692687351,18,middle
18702,102,0,0.9555470801607225,0.7805185911010379,18,middle
18703,103,0,0.9962085092256703,0.46032150063199656,18,middle
18704,104,0,0.1413737270306148,0.9020575752075448,18,middle
18705,105,0,0.8081776293033269,0.408775558651032,18,middle
18706,106,0,0.9337856973488002,0.4691588118700678,18,middle
18707,107,0,0.5196215555813614,0.8177474066324475,18,middle
18708,108,0,0.7129736026486065,0.41175434678270384,18,middle
18709,109,0,0.7899384882748487,0.465157822336858,18,middle
18710,110,0,0.12600128276349012,0.8394816952542419,18,middle
18711,111,0,0.9045539036298593,0.6589363545735469,18,middle
18712,112,0,0.7509125808719719,0.4190758590539976,18,middle
18713,113,0,0.994333798431303,0.47913023900101553,18,middle
18714,114,0,0.8777103256118168,0.5786670338131983,18,middle
18715,115,0,0.496144576038361,0.8374764551495544,18,middle
18716,116,0,0.6874978601430163,0.7184470096087417,18,middle
18717,117,0,0.8296412140410179,0.6970192270785963,18,middle
18718,118,0,0.974784091951129,0.5650920152156844,18,middle
18719,119,0,0.9691562432679125,0.7766848752439378,18,middle
18720,120,0,0.08450010786078,0.6031465206133197,18,middle
18721,121,0,0.9703408356411741,0.8671736029613868,18,middle
18722,122,0,0.026967244104756663,0.8618288649517345,18,middle
18723,123,0,0.3574793780817115,0.9203033018313174,18,middle
18724,124,0,0.4851845899070422,0.4574261497661667,18,middle
18725,125,0,0.9853287781333346,0.4245721638571097,18,middle
18726,126,0,0.6575595172611568,0.5468232307744229,18,middle
18727,127,0,0.8478682290833878,0.4274524897456199,18,middle
18728,128,0,0.5516507179826279,0.5440810824531065,18,middle
18729,129,0,0.5014074402568695,0.5581291765568346,18,middle
18730,130,0,0.9658291099336218,0.598093663347923,18,middle
18731,131,0,0.9627542035405663,0.5103238402907757,18,middle
18732,132,0,0.60206196005319,0.30185305675786667,18,middle
18733,133,0,0.4966677565321168,0.6514280579575059,18,middle
18734,134,0,0.8612490002936232,0.5714097783883156,18,middle
18735,135,0,0.17107895310475482,0.5568746793910223,18,middle
18736,136,0,0.6140744066430702,0.3593614312115544,18,middle
18737,137,0,0.9839423845515077,0.5801316167699593,18,middle
18738,138,0,0.6382296056981274,0.6356953695865353,18,middle
18739,139,0,0.3461382605793153,0.5006685697918453,18,middle
18740,140,0,0.5384093420404947,0.7090348028180808,18,middle
18741,141,0,0.9409409298283588,0.6237083976194302,18,middle
18742,142,0,0.4848217737919733,0.9865318203301912,18,middle
18743,143,0,0.9195851092216565,0.5263699383250202,18,middle
18744,144,0,0.4329716973883283,0.4360386310229981,18,middle
18745,145,0,0.4898549058212425,0.6799432292112113,18,middle
18746,146,0,0.688391379302156,0.67577870526498,18,middle
18747,147,0,0.47166469426978197,0.5170006816314926,18,middle
18748,148,0,0.6436392380731332,0.5276666738006597,18,middle
18749,149,0,0.7817167467645767,0.28292085966368186,18,middle
18750,150,0,0.30392569591838414,0.41884236843008626,18,middle
18751,151,0,0.5049382903390803,0.45464904026733904,18,middle
18752,152,0,0.8372277629660763,0.3358112437566023,18,middle
18753,153,0,0.535109933760339,0.41551241373289083,18,middle
18754,154,0,0.7360484024407085,0.4431796238772876,18,middle
18755,155,0,0.8932749237819708,0.4143990960899677,18,middle
18756,156,0,0.7239488625677326,0.4604192571632105,18,middle
18757,157,0,0.9553165787077984,0.41323797115639244,18,middle
18758,158,0,0.14416907880586893,0.5658187115765201,18,middle
18759,159,0,0.9453689884043186,0.27447688463748443,18,middle
18760,160,0,0.7869607698879997,0.43899768773665865,18,middle
18761,161,0,0.9292825596374983,0.3956691065521145,18,middle
18762,162,0,0.49296729770453634,0.5164250307519438,18,middle
18763,163,0,0.9757530283316587,0.6395218136264522,18,middle
18764,164,0,0.9483957205557108,0.3918355687319234,18,middle
18765,165,0,0.9559983920150764,0.3314577999030969,18,middle
18766,166,0,0.9279511026779161,0.46945921416385267,18,middle
18767,167,0,0.9987701022594042,0.48783722892704606,18,middle
18768,168,0,0.08836441456176375,0.46529529406421866,18,middle
18769,169,0,0.4961666189599575,0.6900486396265713,18,middle
18770,170,0,0.9013053862865017,0.36881623972150324,18,middle
18771,171,0,0.8222818605899344,0.4254079451512986,18,middle
18772,172,0,0.9196537370580867,0.4721625119437567,18,middle
18773,173,0,0.9416980146301368,0.40972217789379195,18,middle
18774,174,0,0.8443745851256863,0.35397219645378963,18,middle
18775,175,0,0.25999991377613263,0.5887034725257685,18,middle
18776,176,0,0.5188385689981777,0.5380921224870977,18,middle
18777,177,0,0.47134283836445195,0.5516123754777857,18,middle
18778,178,0,0.9878172555781335,0.484346977742226,18,middle
18779,179,0,0.44845251333603253,0.7751400803943069,18,middle
18780,180,0,0.4859745649103428,0.7789392209472605,18,middle
18781,181,0,0.9879891575586637,0.3428184697595238,18,middle
18782,182,0,0.9380835060073971,0.4190858205864354,18,middle
18783,183,0,0.07421598371280307,0.595123441166452,18,middle
18784,184,0,0.2789725284126661,0.49370977030247354,18,middle
18785,185,0,0.7062518475422466,0.540503022099583,18,middle
18786,186,0,0.6388988716326742,0.3271393156719801,18,middle
18787,187,0,0.5314397498913033,0.5790274297978095,18,middle
18788,188,0,0.4949246702987499,0.911296239918303,18,middle
18789,189,0,0.8486968883667345,0.5292167584360601,18,middle
18790,190,0,0.8202165135873337,0.45165685621718576,18,middle
18791,191,0,0.587202097321901,0.5562050384982047,18,middle
18792,192,0,0.6120848482872323,0.3443255105581793,18,middle
18793,193,0,0.45759308923307,0.5470673301695593,18,middle
18794,194,0,0.9434796379815702,0.663203051424953,18,middle
18795,195,0,0.913636044822133,0.49773838261884007,18,middle
18796,196,0,0.9992586706477271,0.6041694628131298,18,middle
18797,197,0,0.5139775402033381,0.5828112419909498,18,middle
18798,198,0,0.752035783451326,0.41541328733297667,18,middle
18799,199,0,0.8630994218552832,0.9733748124689512,18,middle
18800,0,0,0.14463367994354592,0.7318573875073677,18,late
18801,1,0,0.058868067343678665,0.6742187515597917,18,late
18802,2,0,0.8289570563796043,0.5548290937325934,18,late
18803,3,0,0.08892059597637264,0.7450962127582608,18,late
18804,4,0,0.881568906917337,0.7581313241131613,18,late
18805,5,0,0.4905090015589334,0.6494360952043584,18,late
18806,6,0,0.5049163166814199,0.759814833444016,18,late
18807,7,0,0.10849990359694854,0.7292112109657538,18,late
18808,8,0,0.012131807170076052,0.5360257259548635,18,late
18809,9,0,0.2665327325131715,0.5594307011372692,18,late
18810,10,0,0.3262306099071353,0.4824980058640749,18,late
18811,11,0,0.5011635195930347,0.6392602460837719,18,late
18812,12,0,0.09008751097166322,0.8780994913695777,18,late
18813,13,0,0.4679851918073444,0.7688205606391296,18,late
18814,14,0,0.013894464600181585,1.3393608856606463,18,late
18815,15,0,0.497153965878845,0.6935957879873287,18,late
18816,16,0,0.34173132906055664,0.5536786336174584,18,late
18817,17,0,0.5188080366311697,0.7119640522799147,18,late
18818,18,0,0.1918169176203247,0.5258079631856283,18,late
18819,19,0,0.5000143131194208,0.745684588055447,18,late
18820,20,0,0.9168692650841908,0.656090978883562,18,late
18821,21,0,0.5025065629028982,0.6030306170513533,18,late
18822,22,0,0.004261539704664546,0.7532839612037026,18,late
18823,23,0,0.5000041415657017,0.8684305918246877,18,late
18824,24,0,0.1363583737378974,0.8834183779655645,18,late
18825,25,0,0.49998591675800913,0.8572014339997076,18,late
18826,26,0,0.11904536668100527,0.6207841059294043,18,late
18827,27,0,0.29185412879127887,0.6621830433937579,18,late
18828,28,0,0.05439838561830386,0.6374645966104359,18,late
18829,29,0,0.499985692396225,0.8205008227373406,18,late
18830,30,0,0.501107271756546,0.7172193733388769,18,late
18831,31,0,0.5035733986539582,0.45161910336052435,18,late
18832,32,0,0.47983561029050786,0.7661174805011425,18,late
18833,33,0,0.43430791878065145,0.6935191961040896,18,late
18834,34,0,0.9995604284248317,0.567938100649427,18,late
18835,35,0,0.5011666231318792,0.7049461006477319,18,late
18836,36,0,0.2956297304250418,0.6198279733679539,18,late
18837,37,0,0.5926330357807286,0.36163316696088443,18,late
18838,38,0,0.9995547373415381,0.8152998107186455,18,late
18839,39,0,0.5796008098015359,0.5278742076461492,18,late
18840,40,0,0.008617648564481939,0.9066575552048521,18,late
18841,41,0,0.5020736508614738,0.5161988559541547,18,late
18842,42,0,0.10921233710798828,0.43875094384788904,18,late
18843,43,0,0.4803839867079084,0.6781115556149995,18,late
18844,44,0,0.019744753043705245,0.9990850909570913,18,late
18845,45,0,0.5004049785971412,0.891356452145714,18,late
18846,46,0,0.5018990523011306,0.46033203127499034,18,late
18847,47,0,0.4827303650460769,0.7425448002520884,18,late
18848,48,0,0.11317579676283512,0.5849862811309847,18,late
18849,49,0,0.5158104781280336,0.9021363740017438,18,late
18850,50,0,0.9888413976095747,0.37466994283780464,18,late
18851,51,0,0.10218157365289615,0.6535422536978605,18,late
18852,52,0,0.32478914734015374,0.6366463231969532,18,late
18853,53,0,0.6581008538755048,0.5058005738072313,18,late
18854,54,0,0.07089661298329844,0.5894517270157782,18,late
18855,55,0,0.4758202263044885,0.6895555420062462,18,late
18856,56,0,0.23186697636877693,0.9525297090857345,18,late
18857,57,0,0.4940794582075214,0.697190938040439,18,late
18858,58,0,0.002255806925572923,1.0563960948901374,18,late
18859,59,0,0.5038378596756166,0.8244069334738322,18,late
18860,60,0,0.9915036336525703,0.4567877017180152,18,late
18861,61,0,0.5000217022964958,0.6748629591289492,18,late
18862,62,0,0.3999626555696514,0.8360558201691098,18,late
18863,63,0,0.5015662683814798,0.5485113708629827,18,late
18864,64,0,0.541849360369425,0.6488260058996552,18,late
18865,65,0,0.7991307910379255,0.4904384532223448,18,late
18866,66,0,0.4979882307403675,0.7427606359193317,18,late
18867,67,0,0.05825997185378538,0.8629559066427179,18,late
18868,68,0,0.008862118113497797,0.6754215836679913,18,late
18869,69,0,0.7273446663075765,0.4817944173279023,18,late
18870,70,0,5.9463353296737705e-06,1.0148258794608966,18,late
18871,71,0,0.50042692806353,0.7139368379924459,18,late
18872,72,0,0.001726626870437363,0.7151038704830317,18,late
18873,73,0,0.5027590851219753,0.6807868560608542,18,late
18874,74,0,0.38891336125127945,0.5266306077354,18,late
18875,75,0,0.6301941350233755,0.5236828881838443,18,late
18876,76,0,0.15148138294021551,0.5783661076331382,18,late
18877,77,0,0.49999157544282624,0.7337389030147199,18,late
18878,78,0,0.9763882012031736,0.4984134976770925,18,late
18879,79,0,0.8738000329078095,0.31062655020033286,18,late
18880,80,0,0.15485522673388066,0.8009956150727368,18,late
18881,81,0,0.0002545638371456155,0.7717234743630635,18,late
18882,82,0,0.2261935785814747,0.7351804112300477,18,late
18883,83,0,0.0007679007448150618,0.980092386322548,18,late
18884,84,0,0.9027437362253049,0.7359476877392395,18,late
18885,85,0,0.9999956062031417,0.8486152218995007,18,late
18886,86,0,0.06502865074468389,0.5429771144846222,18,late
18887,87,0,0.0036618149003083624,0.6980019867637806,18,late
18888,88,0,0.9996851808053924,0.5653395201679907,18,late
18889,89,0,0.9771029640304931,0.6711587975136596,18,late
18890,90,0,0.9993727459633603,0.5696553878968778,18,late
18891,91,0,0.0058527409723179175,0.7627261629732833,18,late
18892,92,0,0.9738535475019641,0.7826023939993283,18,late
18893,93,0,0.06699916069040716,0.5165627889468627,18,late
18894,94,0,0.2021969053425022,0.5289540755383515,18,late
18895,95,0,0.6573137174879086,0.5900873182804822,18,late
18896,96,0,0.9998953903309145,0.8074575824729392,18,late
18897,97,0,0.18747860805235678,0.6039686352340651,18,late
18898,98,0,0.7051027858360104,0.5500731171614868,18,late
18899,99,0,0.7896494544859027,0.4156942679374372,18,late
18900,100,0,0.9999586953368259,0.665773087141657,18,late
18901,101,0,0.4463620248250428,0.5508458283500524,18,late
18902,102,0,0.9995761013964868,0.47363503873447854,18,late
18903,103,0,0.8144200484396283,0.5692993912725988,18,late
18904,104,0,0.9326390023841327,0.31456231015022523,18,late
18905,105,0,0.9964874676914783,0.509054392573703,18,late
18906,106,0,0.04099507611467344,0.8189057908761483,18,late
18907,107,0,0.9999534772580125,0.7715302153390741,18,late
18908,108,0,0.3389412957727824,0.5348856986635512,18,late
18909,109,0,0.05449019669551406,0.8482730613373588,18,late
18910,110,0,0.9999497491272442,0.41219352741293136,18,late
18911,111,0,0.9996559066461481,0.5692197487450892,18,late
18912,112,0,0.8634232814503063,0.3414282204798078,18,late
18913,113,0,0.8503640447483908,0.6523137433817523,18,late
18914,114,0,0.9905974469889445,0.5904937090509557,18,late
18915,115,0,0.7907507767383721,0.5573000100195293,18,late
18916,116,0,0.9874314637370875,0.682346404637012,18,late
18917,117,0,0.9975219246464491,0.6416150962605427,18,late
18918,118,0,0.999883229649224,0.7723931126095451,18,late
18919,119,0,0.9790393981422036,0.4383648411606171,18,late
18920,120,0,0.04139410306646372,0.6599508104227114,18,late
18921,121,0,0.4977214609726112,0.8791946420972299,18,late
18922,122,0,0.5039221498766157,0.6672560723037881,18,late
18923,123,0,0.3598575003399859,0.8594515647709222,18,late
18924,124,0,0.1322085336026921,0.6245665185765671,18,late
18925,125,0,0.9871855152305615,0.4043233164632084,18,late
18926,126,0,0.1257258954866331,0.5162477208241799,18,late
18927,127,0,0.5013163666111945,0.5765121251703607,18,late
18928,128,0,0.8039100190444106,0.6632588154194298,18,late
18929,129,0,0.751368748692387,0.41772302773467085,18,late
18930,130,0,0.4317387554052181,0.7919174485987951,18,late
18931,131,0,0.709010017407016,0.5246688997330042,18,late
18932,132,0,0.49938653647193154,0.6337145661343908,18,late
18933,133,0,0.5755100856908099,0.45828536493040534,18,late
18934,134,0,0.45621605392745074,0.5839264248002813,18,late
18935,135,0,0.4340748595378057,0.8300896000080203,18,late
18936,136,0,0.08233930798489375,0.6228078174552698,18,late
18937,137,0,0.8327234572574982,0.4376433132806439,18,late
18938,138,0,0.1557384316187327,0.7142851599431804,18,late
18939,139,0,0.7306615848658685,0.6341719536805788,18,late
18940,140,0,0.9741813703697173,0.34416453909122446,18,late
18941,141,0,0.3301391118527636,0.8865295483219007,18,late
18942,142,0,0.8547235070030337,0.9233723367742301,18,late
18943,143,0,0.8630360332703976,0.3499823432748052,18,late
18944,144,0,0.5001688194415583,1.0637238017572994,18,late
18945,145,0,0.7821434677289862,0.45730136604426663,18,late
18946,146,0,0.5044485440488616,0.7485842440303081,18,late
18947,147,0,0.47931582022808944,0.5384379421851057,18,late
18948,148,0,0.9273771755885019,0.5144811785875072,18,late
18949,149,0,0.986075442580136,0.4694684685735109,18,late
18950,150,0,0.7449653775534821,0.37448735505849845,18,late
18951,151,0,0.9436100938707098,0.4210368881963019,18,late
18952,152,0,0.9982318422305003,0.5372417232318349,18,late
18953,153,0,0.5236108478870606,0.6542816357505585,18,late
18954,154,0,0.5282406400552203,0.46786983057187004,18,late
18955,155,0,0.747932009398631,0.44139903489458876,18,late
18956,156,0,0.603978515306097,0.46601772611165226,18,late
18957,157,0,0.5664679416784876,0.5915961839590085,18,late
18958,158,0,0.4977010871993539,0.7968127212724242,18,late
18959,159,0,0.9972445847861737,0.449402392050762,18,late
18960,160,0,0.09741895660652149,0.6228851459534861,18,late
18961,161,0,0.997835691200217,0.2753473328896622,18,late
18962,162,0,0.995310769880682,0.5704995194014026,18,late
18963,163,0,0.9604326962851302,0.4361234174851698,18,late
18964,164,0,0.029485947697714197,0.6771753506348854,18,late
18965,165,0,0.20832892740476197,0.47690872989464816,18,late
18966,166,0,0.3844430407022439,0.6594098464499989,18,late
18967,167,0,0.9631701526623251,0.8467897409748777,18,late
18968,168,0,0.9960633550819162,0.5171423944840133,18,late
18969,169,0,0.42587737314145224,0.3982752313873026,18,late
18970,170,0,0.9215823465401969,0.5476594942718386,18,late
18971,171,0,0.5063144437824276,0.8605736064437314,18,late
18972,172,0,0.9030788618340537,0.775655040077269,18,late
18973,173,0,2.8262887044297707e-05,1.2001462567349428,18,late
18974,174,0,0.855686579847905,0.6849744879441233,18,late
18975,175,0,0.5132636971890554,0.35509220253067153,18,late
18976,176,0,0.7030828905056266,0.4912425550872249,18,late
18977,177,0,0.9990217728767843,0.6381445952365163,18,late
18978,178,0,0.9710604382399161,0.37327355029055975,18,late
18979,179,0,0.13550409738594354,0.6001531696845778,18,late
18980,180,0,0.8205769386194094,0.6143514560513762,18,late
18981,181,0,0.9920800202334017,0.36798232388407853,18,late
18982,182,0,0.5788388998387969,0.3487131128114265,18,late
18983,183,0,0.9335547224675464,0.594991089513188,18,late
18984,184,0,0.9785710967249035,0.5090650307543607,18,late
18985,185,0,0.10854019470899952,0.6617694534313308,18,late
18986,186,0,0.9957105482522395,0.6103398329990821,18,late
18987,187,0,0.5155995686054256,0.5546928293908997,18,late
18988,188,0,0.9212488044654749,0.4961108445360318,18,late
18989,189,0,0.005241218878116722,0.4880298635324781,18,late
18990,190,0,0.9495819465809662,0.3319227876441196,18,late
18991,191,0,0.5149408252420858,0.5846991774998972,18,late
18992,192,0,0.26867769700239597,0.5281655671202901,18,late
18993,193,0,0.9656613199549691,0.6573635052271345,18,late
18994,194,0,0.49903490042281545,1.1562059202499093,18,late
18995,195,0,0.031328230336082945,0.6118588250722482,18,late
18996,196,0,0.9658413023324685,0.8010829411063138,18,late
18997,197,0,0.9971636695644208,0.30157056545952404,18,late
18998,198,0,0.2020385375610067,0.5366176626000647,18,late
18999,199,0,0.5673221090954733,0.5044513941927948,18,late
19000,0,0,0.806986146159433,0.5827666568344074,19,interleaved
19001,1,0,0.5881192254013078,0.5443474652928363,19,interleaved
19002,2,0,0.24805831134393777,0.8939816134514875,19,interleaved
19003,3,0,0.4729980126578443,0.8871698982327567,19,interleaved
19004,4,0,0.5197292581477407,0.6044644460140703,19,interleaved
19005,5,0,0.08551230559682389,0.6258291325524652,19,interleaved
19006,6,0,0.9326290312149911,0.5876439281212535,19,interleaved
19007,7,0,0.23920274267385294,0.6652138306211963,19,interleaved
19008,8,0,0.5332465747560764,0.7833347792516839,19,interleaved
19009,9,0,0.29736879212420053,0.5651195007156589,19,interleaved
19010,10,0,0.008881133026738656,0.7122312916095648,19,interleaved
19011,11,0,0.08592016791022834,0.6592235302498795,19,interleaved
19012,12,0,0.6443304766444196,0.7687852177189413,19,interleaved
19013,13,0,0.4961675647852442,0.9388649409495223,19,interleaved
19014,14,0,0.494628008914314,0.7384714019645857,19,interleaved
19015,15,0,0.3383873538225709,0.9362286985366501,19,interleaved
19016,16,0,0.5505031945749154,0.6770200643114505,19,interleaved
19017,17,0,0.2794381057853661,0.5412250811039142,19,interleaved
19018,18,0,0.6600086818807664,1.1400587992331568,19,interleaved
19019,19,0,0.5631233000718288,0.9966132129849083,19,interleaved
19020,20,0,0.5068998111852099,0.6633660229073324,19,interleaved
19021,21,0,0.12251357936363452,0.785098886938711,19,interleaved
19022,22,0,0.5270783318139384,0.49522210247155013,19,interleaved
19023,23,0,0.5285686220814066,0.545923846100125,19,interleaved
19024,24,0,0.26091993329164925,0.4680844932607956,19,interleaved
19025,25,0,0.995856230829828,0.4185328024176225,19,interleaved
19026,26,0,0.6090103585672105,0.7402796048550964,19,interleaved
19027,27,0,0.582141621766155,0.5326352996229315,19,interleaved
19028,28,0,0.526801796291341,0.6497801458378213,19,interleaved
19029,29,0,0.5032196713429107,0.8626305168363082,19,interleaved
19030,30,0,0.22546678891062238,0.7782578134193725,19,interleaved
19031,31,0,0.4991494329555433,0.5230532108077615,19,interleaved
19032,32,0,0.5576250363878466,0.5576090677330439,19,interleaved
19033,33,0,0.3658408738424238,0.8763050803664387,19,interleaved
19034,34,0,0.5262838767613626,1.1266096538623729,19,interleaved
19035,35,0,0.8163015571905755,0.5283456657640535,19,interleaved
19036,36,0,0.3002370246031308,0.6353610575593145,19,interleaved
19037,37,0,0.5058746489321889,0.7239565270109394,19,interleaved
19038,38,0,0.48254131971047376,1.424385062137127,19,interleaved
19039,39,0,0.6035966929917009,1.2321913699269522,19,interleaved
19040,40,0,0.6229595840855932,0.37854985303767247,19,interleaved
19041,41,0,0.6619902909513653,0.8408987224888553,19,interleaved
19042,42,0,0.21916017746274713,0.8867262405972445,19,interleaved
19043,43,0,0.9832018317264615,0.4074433206747904,19,interleaved
19044,44,0,0.30783617160362536,0.4974382981654729,19,interleaved
19045,45,0,0.7729668749253217,0.8955922682451514,19,interleaved
19046,46,0,0.10781740736666413,0.7430473010021723,19,interleaved
19047,47,0,0.5002449994892072,1.04833636355478,19,interleaved
19048,48,0,0.42101227530841506,1.0127958613697208,19,interleaved
19049,49,0,0.43647831664012315,0.8044031746591365,19,interleaved
19050,50,0,0.8097499073682588,0.6057235706857236,19,interleaved
19051,51,0,0.8936894874604157,0.6115543742935804,19,interleaved
19052,52,0,0.49661435211103255,0.6272708436144938,19,interleaved
19053,53,0,0.49129987488469645,0.3780448782060538,19,interleaved
19054,54,0,0.4287121726147707,0.8351736912640089,19,interleaved
19055,55,0,0.3758436677021497,0.9543599729634216,19,interleaved
19056,56,0,0.03378112358263372,0.8831568984203355,19,interleaved
19057,57,0,0.5382564613460361,0.6151695748954312,19,interleaved
19058,58,0,0.6418224744827521,0.982763904618691,19,interleaved
19059,59,0,0.4526830397809273,0.745656671365068,19,interleaved
19060,60,0,0.5267430261335219,0.9054954182830668,19,interleaved
19061,61,0,0.9663232303133458,0.5209743544171507,19,interleaved
19062,62,0,0.7895812894560477,1.2409728582572972,19,interleaved
19063,63,0,0.919672619510288,0.6881004433331994,19,interleaved
19064,64,0,0.4993773936860436,0.663582587443424,19,interleaved
19065,65,0,0.9567229689200898,1.065296843854281,19,interleaved
19066,66,0,0.979871787603475,0.5496163328972878,19,interleaved
19067,67,0,0.869936889756392,0.8421938054771483,19,interleaved
19068,68,0,0.5098859096349381,0.5275874297587344,19,interleaved
19069,69,0,0.5090404918002166,0.766215371019088,19,interleaved
19070,70,0,0.5077156265192757,0.9033860164565662,19,interleaved
19071,71,0,0.9686656292227034,0.7198813247887412,19,interleaved
19072,72,0,0.6151720830938647,0.9077233783714793,19,interleaved
19073,73,0,0.6363166826049782,1.0814989669086397,19,interleaved
19074,74,0,0.8302352096047785,0.8156143287474393,19,interleaved
19075,75,0,0.016367905424417337,0.9858356204885332,19,interleaved
19076,76,0,0.5426729219299293,0.5235272023267863,19,interleaved
19077,77,0,0.687522077324493,0.6161986169787419,19,interleaved
19078,78,0,0.38806583929987126,0.7642714272238629,19,interleaved
19079,79,0,0.9719419459149672,0.7078902007034239,19,interleaved
19080,80,0,0.4994982770813643,0.7294824804598636,19,interleaved
19081,81,0,0.011561795865154002,0.9074128425318557,19,interleaved
19082,82,0,0.5109066606415067,0.4552859385314909,19,interleaved
19083,83,0,0.29052050866344253,0.8059506686150233,19,interleaved
19084,84,0,0.6339460356193521,0.6374176682423753,19,interleaved
19085,85,0,0.9853737809499725,1.0857324732948932,19,interleaved
19086,86,0,0.6343625254276988,0.9668981432556701,19,interleaved
19087,87,0,0.6123598935849645,0.27881672822521264,19,interleaved
19088,88,0,0.7909005894592918,0.7054576734387079,19,interleaved
19089,89,0,0.019116965326362166,0.8034596268919375,19,interleaved
19090,90,0,0.5341188964947903,0.5489208303062827,19,interleaved
19091,91,0,0.5290338135178713,0.9663180500537234,19,interleaved
19092,92,0,0.5004723250443358,0.9108335041503179,19,interleaved
19093,93,0,0.9970017662384536,0.5970609434277977,19,interleaved
19094,94,0,0.7416102075620576,0.8739163385516198,19,interleaved
19095,95,0,0.7473031711255178,0.7454001402210215,19,interleaved
19096,96,0,0.7306237991362239,0.6521368020558105,19,interleaved
19097,97,0,0.7608515378729785,0.5420267938587968,19,interleaved
19098,98,0,0.24035056300577803,0.4541754146595135,19,interleaved
19099,99,0,0.9993162506686714,0.6326696180966065,19,interleaved
19100,100,0,0.060739845736286484,0.7458530650938665,19,interleaved
19101,101,0,0.9873756056786819,0.5549651709713537,19,interleaved
19102,102,0,0.49620630821917877,0.958804396533783,19,interleaved
19103,103,0,0.005912871289269461,0.9401616924907954,19,interleaved
19104,104,0,0.5001102976609276,0.7931968056678392,19,interleaved
19105,105,0,0.0007789513357165572,1.1321105476138233,19,interleaved
19106,106,0,0.5000966330746142,0.7546299769227428,19,interleaved
19107,107,0,0.10412045278987861,0.6450391607547634,19,interleaved
19108,108,0,0.5133639379183276,0.7705382901654236,19,interleaved
19109,109,0,0.9999102385044718,0.7269630142954255,19,interleaved
19110,110,0,0.024984522423779378,1.0025560472406512,19,interleaved
19111,111,0,0.5120313133599108,0.7776419158740147,19,interleaved
19112,112,0,0.47873114906671815,0.928522934002137,19,interleaved
19113,113,0,0.9533773867570605,0.9390440813180834,19,interleaved
19114,114,0,0.44804332983332884,0.9307696795571636,19,interleaved
19115,115,0,0.17269929561221298,0.7362610717561159,19,interleaved
19116,116,0,0.5257933228970647,0.5492502239589618,19,interleaved
19117,117,0,0.33921004678060757,0.6391157585016785,19,interleaved
19118,118,0,0.7426702989136866,0.7860502904773536,19,interleaved
19119,119,0,0.5061732643652993,0.74647005142671,19,interleaved
19120,120,0,0.47863124167385995,0.6532125993660827,19,interleaved
19121,121,0,0.9969728087148131,0.9435962486753071,19,interleaved
19122,122,0,0.1356485761410845,0.7373776489520402,19,interleaved
19123,123,0,0.6073738960736796,0.875208138253796,19,interleaved
19124,124,0,0.6428567004999356,0.4214308900884519,19,interleaved
19125,125,0,0.49314911984030635,0.38501314520869107,19,interleaved
19126,126,0,0.6005567367688892,0.65702902512854,19,interleaved
19127,127,0,0.6630537841110355,0.732482989654536,19,interleaved
19128,128,0,0.9896611064393176,0.5669236515312492,19,interleaved
19129,129,0,0.5366921834152035,0.5591090535741056,19,interleaved
19130,130,0,0.822014696395899,0.35885787219389265,19,interleaved
19131,131,0,0.6667302763495067,0.4289815447465436,19,interleaved
19132,132,0,0.5711389700926579,0.6689030289413929,19,interleaved
19133,133,0,0.9830079233871643,0.625314363492051,19,interleaved
19134,134,0,0.14297082301041458,0.9605015380395168,19,interleaved
19135,135,0,0.6897601879425286,0.6616032337612607,19,interleaved
19136,136,0,0.4903543754972577,0.9305024270292448,19,interleaved
19137,137,0,0.1679577164713807,0.7215638035194076,19,interleaved
19138,138,0,0.5021745499927411,0.8429034253765186,19,interleaved
19139,139,0,0.9806430150054214,0.7055512008952125,19,interleaved
19140,140,0,0.7101857417740705,0.5001104825120375,19,interleaved
19141,141,0,0.9568038623410711,0.9236488004926254,19,interleaved
19142,142,0,0.8865309338110823,0.7692125121700836,19,interleaved
19143,143,0,0.49938475882541405,0.7246921732109248,19,interleaved
19144,144,0,0.3787140706661185,0.7990616753073829,19,interleaved
19145,145,0,0.34253650249099066,0.669581477380859,19,interleaved
19146,146,0,0.5197273651967316,0.4025820268121928,19,interleaved
19147,147,0,0.8812458068580133,0.6453104211174622,19,interleaved
19148,148,0,0.38912689744811785,0.538438483464801,19,interleaved
19149,149,0,0.5897776535948491,0.6356636995582388,19,interleaved
19150,150,0,0.5049377677545218,0.6178460684843197,19,interleaved
19151,151,0,0.9873037342135244,0.5926690325483192,19,interleaved
19152,152,0,0.4653956082201347,0.5774422355989757,19,interleaved
19153,153,0,0.8978529162379865,0.7336747929381979,19,interleaved
19154,154,0,0.8816837466751626,0.7651158305111061,19,interleaved
19155,155,0,0.13384854727763587,0.7815708300546915,19,interleaved
19156,156,0,0.5365476685459357,0.37341806947406797,19,interleaved
19157,157,0,0.6305964490696517,0.7500321399162397,19,interleaved
19158,158,0,0.5630414005752925,0.4809756464926493,19,interleaved
19159,159,0,0.7981830424195546,0.6433439445995438,19,interleaved
19160,160,0,0.40705397690522754,0.3596683430003863,19,interleaved
19161,161,0,0.5183361545107046,0.9074620557579657,19,interleaved
19162,162,0,0.9146512952643904,0.5546476586442264,19,interleaved
19163,163,0,0.9965670827654278,0.8500543759738647,19,interleaved
19164,164,0,0.07970463332884437,0.8914449879832897,19,interleaved
19165,165,0,0.47024377107814364,0.8777560378145819,19,interleaved
19166,166,0,0.47882742286062263,0.6931366389304856,19,interleaved
19167,167,0,0.4877059520864412,0.6394456934255934,19,interleaved
19168,168,0,0.838421653074197,0.8072346993276968,19,interleaved
19169,169,0,0.6753108105131523,0.8672813993898452,19,interleaved
19170,170,0,0.502354330797561,0.6143446814456834,19,interleaved
19171,171,0,0.8732752306190402,0.9067877002236235,19,interleaved
19172,172,0,0.9827127768087216,0.8170969478978578,19,interleaved
19173,173,0,0.6330108133717538,0.5139209414240589,19,interleaved
19174,174,0,0.2201136169661348,0.5061224059168689,19,interleaved
19175,175,0,0.5097154986958816,0.6869385260153784,19,interleaved
19176,176,0,0.3125525311587594,0.6366084990278822,19,interleaved
19177,177,0,0.4999422035420706,0.7587095805714235,19,interleaved
19178,178,0,0.982444324239091,0.3057629053499595,19,interleaved
19179,179,0,0.49966358491612367,0.8224687319848197,19,interleaved
19180,180,0,0.8205293873134762,0.6041351752178421,19,interleaved
19181,181,0,0.9991751303124519,0.5979574854530607,19,interleaved
19182,182,0,0.8979896773609894,0.6300930842166435,19,interleaved
19183,183,0,0.5489307480715687,0.44111699839568763,19,interleaved
19184,184,0,0.8845319687564853,0.4509647408390212,19,interleaved
19185,185,0,0.5258977996339242,0.6073299843213604,19,interleaved
19186,186,0,0.5044186065304548,0.672425393596672,19,interleaved
19187,187,0,0.6246579397146123,0.48226925825020867,19,interleaved
19188,188,0,0.9854606345103489,0.5613795029789913,19,interleaved
19189,189,0,0.9637015421659383,0.5534130037673164,19,interleaved
19190,190,0,0.5253528650946331,0.41031349015311613,19,interleaved
19191,191,0,0.5601152849285975,0.5405887005188642,19,interleaved
19192,192,0,0.769052346747526,0.775989930254689,19,interleaved
19193,193,0,0.8565350585951592,0.5372471004352677,19,interleaved
19194,194,0,0.001123138093236728,0.8905023012900705,19,interleaved
19195,195,0,0.9964000674593139,0.4859604543064023,19,interleaved
19196,196,0,0.5022519335572722,0.7098262980416115,19,interleaved
19197,197,0,0.8702910866658999,0.7069014329300899,19,interleaved
19198,198,0,0.4407422797471469,0.5073225465749882,19,interleaved
19199,199,0,0.2901506384861827,0.5722846464228732,19,interleaved
19200,0,0,0.7780125415744861,0.561150913840833,19,blocked
19201,1,0,0.9838449770975028,0.6941916324078409,19,blocked
19202,2,0,0.6306694057351565,0.5891418208364306,19,blocked
19203,3,0,0.5799525150046785,0.46339883681819827,19,blocked
19204,4,0,0.33721258628731027,0.5498320440274294,19,blocked
19205,5,0,0.499837509528567,0.6307871394755236,19,blocked
19206,6,0,0.3950263662835509,0.5990478705919744,19,blocked
19207,7,0,0.45924454761670674,0.538723096964264,19,blocked
19208,8,0,0.4986254907837827,0.8145982833872587,19,blocked
19209,9,0,0.9901811499455992,0.5078903681597251,19,blocked
19210,10,0,0.5024107018915753,0.7907902141223294,19,blocked
19211,11,0,0.5090787782657148,0.604161191470607,19,blocked
19212,12,0,0.48647514556610627,0.6519404916352924,19,blocked
19213,13,0,0.9096591362511413,0.538058832517462,19,blocked
19214,14,0,0.9791225275663726,0.5781203743406564,19,blocked
19215,15,0,0.08702420751399144,0.5105930376270855,19,blocked
19216,16,0,0.721499799219659,0.6190488817517719,19,blocked
19217,17,0,0.49995410243014937,0.6999839343137475,19,blocked
19218,18,0,0.8292971597326761,0.5356186931338627,19,blocked
19219,19,0,0.5871153397432062,0.9901768794142936,19,blocked
19220,20,0,0.9032517875438271,0.46996209947269485,19,blocked
19221,21,0,0.4350779064788174,0.7072448357213109,19,blocked
19222,22,0,0.5702410929853579,0.4914142830841288,19,blocked
19223,23,0,0.4994303422451613,0.6214765856915124,19,blocked
19224,24,0,0.9694866087857948,0.8331742599153547,19,blocked
19225,25,0,0.6509027659046551,0.8073595445284298,19,blocked
19226,26,0,0.5054483388784016,0.5172408396929851,19,blocked
19227,27,0,0.573518408150121,0.42389000228423246,19,blocked
19228,28,0,0.9640925781464236,0.4818431254854487,19,blocked
19229,29,0,0.04811430945881933,0.7044347286292258,19,blocked
19230,30,0,0.5019459796620147,0.7656217188320129,19,blocked
19231,31,0,0.5456443397229592,0.6765926949726322,19,blocked
19232,32,0,0.5591938866972582,0.4281467783696884,19,blocked
19233,33,0,0.5005778896813817,1.1064093064647722,19,blocked
19234,34,0,0.5583961964335052,0.6345480676833524,19,blocked
19235,35,0,0.9905627717707706,0.5521993971795256,19,blocked
19236,36,0,0.8887178290188484,0.7321496813977246,19,blocked
19237,37,0,0.9949033061965962,0.6120284644069727,19,blocked
19238,38,0,0.4487467578883706,0.5129007490311192,19,blocked
19239,39,0,0.4741801655055687,0.9094766177844777,19,blocked
19240,40,0,0.002133948466156658,0.6402413618812097,19,blocked
19241,41,0,0.8940075118899007,0.6740236748628259,19,blocked
19242,42,0,0.25833711254056757,0.6263921801866451,19,blocked
19243,43,0,0.16722357797248807,0.6107503684737706,19,blocked
19244,44,0,0.47566642122009223,0.6142649410461165,19,blocked
19245,45,0,0.4903886915926654,0.5253786304018339,19,blocked
19246,46,0,0.0006085152016763868,0.7699549013374507,19,blocked
19247,47,0,0.0385628613089122,0.8402266472826048,19,blocked
19248,48,0,0.9729287994202741,0.6011360436244652,19,blocked
19249,49,0,0.009667648727640709,0.8118224322506584,19,blocked
19250,50,0,0.5075775093799888,0.49182905656794057,19,blocked
19251,51,0,0.6866551121395652,0.556927640353799,19,blocked
19252,52,0,0.047901249151390775,0.6753416233923495,19,blocked
19253,53,0,0.31381951729275054,0.7210139061088903,19,blocked
19254,54,0,0.02022004531858901,0.9192549366663669,19,blocked
19255,55,0,0.651330483166195,0.5568242829626393,19,blocked
19256,56,0,0.40410696626805287,0.5935371475056301,19,blocked
19257,57,0,0.8558707200979458,0.388253598947096,19,blocked
19258,58,0,0.5995631534302126,0.5399938536292992,19,blocked
19259,59,0,0.14241187389290763,0.6242886582332543,19,blocked
19260,60,0,0.564380560086873,0.386833111673616,19,blocked
19261,61,0,0.5164369897070729,0.5445326695790415,19,blocked
19262,62,0,0.9996556091264581,0.5528685622167255,19,blocked
19263,63,0,0.6501181949550984,0.736070544942192,19,blocked
19264,64,0,0.5345068901900271,0.4453595599466538,19,blocked
19265,65,0,0.4321494779217834,0.6304872863709956,19,blocked
19266,66,0,0.17015099310608778,0.7571383863856949,19,blocked
19267,67,0,0.012857707773522891,0.5429840110226183,19,blocked
19268,68,0,0.23234059465400914,0.7848514458716562,19,blocked
19269,69,0,0.9987265884549421,0.47575895946653335,19,blocked
19270,70,0,0.6617769940714026,0.5279690771984253,19,blocked
19271,71,0,0.9974641333950456,0.6012715279848924,19,blocked
19272,72,0,0.9982210928557446,0.5659014174203825,19,blocked
19273,73,0,0.6020908042577134,0.4586349595904296,19,blocked
19274,74,0,0.9152994224931921,0.42907538462882067,19,blocked
19275,75,0,0.9919217753388407,0.5339796520418996,19,blocked
19276,76,0,0.027995821783607714,0.6933782557186683,19,blocked
19277,77,0,0.41895477789319824,0.6686172667379966,19,blocked
19278,78,0,0.7012750765028862,0.502187061749495,19,blocked
19279,79,0,0.2010469336971833,0.6777476821798639,19,blocked
19280,80,0,0.7096622705834509,0.5049281714515327,19,blocked
19281,81,0,0.02952249287209466,0.8037588898129708,19,blocked
19282,82,0,0.479665261459381,0.6015965116032851,19,blocked
19283,83,0,0.6183779653028485,0.4535165932434634,19,blocked
19284,84,0,0.8309148634514651,0.3558583843353575,19,blocked
19285,85,0,0.07836481137479194,0.47646543455734874,19,blocked
19286,86,0,0.4713488240219556,0.5199149673060529,19,blocked
19287,87,0,0.09181461564591255,0.541002628546787,19,blocked
19288,88,0,0.9321577759609514,0.5425248089410113,19,blocked
19289,89,0,0.5257947344049027,0.764291230063777,19,blocked
19290,90,0,0.9532544684487216,0.4367878388123096,19,blocked
19291,91,0,0.2855210308223045,0.5864604128085116,19,blocked
19292,92,0,0.40227641171285966,0.6514170249103308,19,blocked
19293,93,0,0.26722051008215186,0.3961793313087679,19,blocked
19294,94,0,0.3395899029301869,0.505308256784469,19,blocked
19295,95,0,0.9921705546561059,0.5949874548063464,19,blocked
19296,96,0,0.5652399189641527,0.9408487837259809,19,blocked
19297,97,0,0.5016797460445428,0.575375977346468,19,blocked
19298,98,0,0.9091385391435789,0.5205704190773881,19,blocked
19299,99,0,0.64684771696999,0.7741205325087048,19,blocked
19300,100,0,0.9439056789238995,0.601572457339848,19,blocked
19301,101,0,0.9966353968033318,0.4479930872117843,19,blocked
19302,102,0,0.9587268665209622,0.6182099813466803,19,blocked
19303,103,0,0.8694033256912255,0.6939604495956996,19,blocked
19304,104,0,0.99874034283324,0.5062573448508503,19,blocked
19305,105,0,0.7028835737974106,0.5335031345882046,19,blocked
19306,106,0,0.1347703145970316,0.6463399267549788,19,blocked
19307,107,0,0.7483070957570399,0.33992115269236944,19,blocked
19308,108,0,0.22670430304263106,0.6792527929964483,19,blocked
19309,109,0,0.8879743697965272,0.6679688181063408,19,blocked
19310,110,0,0.014318327521672728,0.7763753001656433,19,blocked
19311,111,0,0.5000814514605776,0.8174854923107207,19,blocked
19312,112,0,0.10607808096013736,0.5585125296207447,19,blocked
19313,113,0,0.13700328747280577,0.6050988382214696,19,blocked
19314,114,0,0.9799131872530583,0.4341625966325431,19,blocked
19315,115,0,0.9802447381673478,0.1775323151250799,19,blocked
19316,116,0,0.649963376315878,0.7156966645030485,19,blocked
19317,117,0,0.3637208609785951,0.41767467917972484,19,blocked
19318,118,0,0.7548146393997149,0.5124641803755104,19,blocked
19319,119,0,0.5045161978206327,0.7968722380877085,19,blocked
19320,120,0,0.7228804555721415,1.0751149584492523,19,blocked
19321,121,0,0.8202031881381637,0.39850272761480654,19,blocked
19322,122,0,0.3543285927213302,0.43283211521626674,19,blocked
19323,123,0,0.46534622420761745,0.36859447771256304,19,blocked
19324,124,0,0.34025798123513196,0.5243272765355979,19,blocked
19325,125,0,0.7320586115005838,0.6086732990470773,19,blocked
19326,126,0,0.6916487909206211,0.6021730348048322,19,blocked
19327,127,0,0.5056470691359599,0.6545585083855203,19,blocked
19328,128,0,0.8492416502183324,0.42923615306013974,19,blocked
19329,129,0,0.7604375953615907,0.4756153268900725,19,blocked
19330,130,0,0.03842227203068162,0.6122920575711517,19,blocked
19331,131,0,0.28256519025464255,0.7734776745284029,19,blocked
19332,132,0,0.8348263205173503,0.40997099135298476,19,blocked
19333,133,0,0.9625175189590115,0.3742655125980387,19,blocked
19334,134,0,0.9945719028126705,0.5256019589715366,19,blocked
19335,135,0,0.8734294185653231,0.40623517108011986,19,blocked
19336,136,0,0.43438271946985846,0.48784279846068557,19,blocked
19337,137,0,0.5604164814426759,0.5797663717909323,19,blocked
19338,138,0,0.0001661579450907059,1.1602952415242436,19,blocked
19339,139,0,0.028061163502860264,0.8244624919620007,19,blocked
19340,140,0,0.9973248186955104,0.44807201472052927,19,blocked
19341,141,0,0.34352208350968366,0.6251358003876705,19,blocked
19342,142,0,0.6439250501035428,0.6083495531715302,19,blocked
19343,143,0,0.9979561127765177,0.48355791124562575,19,blocked
19344,144,0,0.9903517992208253,0.43135275622041136,19,blocked
19345,145,0,0.6841760778572527,0.5284102183509841,19,blocked
19346,146,0,0.3825616305486792,0.5650900705807949,19,blocked
19347,147,0,0.9674595430284224,0.3419668986090386,19,blocked
19348,148,0,0.41078174260605915,0.7876493241736364,19,blocked
19349,149,0,0.9929354651269096,0.642322607580115,19,blocked
19350,150,0,0.8774877831601855,0.5032958847402673,19,blocked
19351,151,0,0.6642551118913171,0.5340172744885718,19,blocked
19352,152,0,0.6249268413782059,0.47381638137181864,19,blocked
19353,153,0,0.627833422222227,0.2934421802192211,19,blocked
19354,154,0,0.5740415147814728,0.47952730310025626,19,blocked
19355,155,0,0.9101946498335305,0.44825780744097893,19,blocked
19356,156,0,0.9986790628796983,0.4958417439889534,19,blocked
19357,157,0,0.4498876198961669,0.789453409755136,19,blocked
19358,158,0,0.6628419267530671,0.6962817654422484,19,blocked
19359,159,0,0.8182164938112652,0.6658304777733037,19,blocked
19360,160,0,0.8704700794263223,0.5479841873000595,19,blocked
19361,161,0,0.5586295192440262,0.803470806989281,19,blocked
19362,162,0,0.9040174769830341,0.7159905395452839,19,blocked
19363,163,0,0.5994826570541795,0.4896446479427899,19,blocked
19364,164,0,0.8582264692391228,0.5304801373066812,19,blocked
19365,165,0,0.8742685580204821,0.47262923894663034,19,blocked
19366,166,0,0.9715056707446554,0.34660033763617715,19,blocked
19367,167,0,0.8961210921678371,0.339318772886147,19,blocked
19368,168,0,0.05392380243280902,0.5827258318289067,19,blocked
19369,169,0,0.997755852982704,0.5741010063612957,19,blocked
19370,170,0,0.9089917097716875,0.5439386053235573,19,blocked
19371,171,0,0.6145027311916965,0.33809325788814115,19,blocked
19372,172,0,0.9977813767919294,0.5052257147961214,19,blocked
19373,173,0,0.8964274835556039,0.7604712410760297,19,blocked
19374,174,0,0.6495774458194445,0.6579563917532765,19,blocked
19375,175,0,0.9950568164704123,0.6408511210888339,19,blocked
19376,176,0,0.400889182352931,0.7551700141160429,19,blocked
19377,177,0,0.9401412785711634,0.6735449237613581,19,blocked
19378,178,0,0.8439964357574075,0.5377680643951567,19,blocked
19379,179,0,0.40953778125154366,0.6441066441104204,19,blocked
19380,180,0,0.618750113600258,0.31754669454281437,19,blocked
19381,181,0,0.18713887206217034,0.6336439158922972,19,blocked
19382,182,0,0.8944005433114361,0.6692365700911029,19,blocked
19383,183,0,0.5026597105295759,0.7957013595254319,19,blocked
19384,184,0,0.9893236630406737,0.8413083288553997,19,blocked
19385,185,0,0.7377809145532683,0.44079829025760237,19,blocked
19386,186,0,0.9930950578209498,0.513344379505202,19,blocked
19387,187,0,0.6768759810577845,0.622649661042967,19,blocked
19388,188,0,0.8541933355683238,0.3881299479335502,19,blocked
19389,189,0,0.030478843918220262,0.5679979157785424,19,blocked
19390,190,0,0.9562560260768536,0.49524315351697845,19,blocked
19391,191,0,0.4657790907763125,0.6899405909942748,19,blocked
19392,192,0,0.3386254348117568,0.4437592964475411,19,blocked
19393,193,0,0.9885385024844872,0.5073451571733772,19,blocked
19394,194,0,0.9947396913753226,0.4853281887922024,19,blocked
19395,195,0,0.5065994478445336,0.4805629579450842,19,blocked
19396,196,0,0.870857641428578,0.26825034802420844,19,blocked
19397,197,0,0.5391728916186431,0.46075760372756536,19,blocked
19398,198,0,0.8135411293830352,0.5901261236018795,19,blocked
19399,199,0,0.4675693506012766,0.3899391339511975,19,blocked
19400,0,0,0.4997398839814673,0.7414059096392777,19,early
19401,1,0,0.48893685938488324,0.5844921049350047,19,early
19402,2,0,0.8442823896143166,0.5579896128153801,19,early
19403,3,0,0.4718212019284386,0.6500077241944253,19,early
19404,4,0,0.5170158849035902,0.49785115391299695,19,early
19405,5,0,0.9996753009120263,0.4062505727629112,19,early
19406,6,0,0.9980465231954878,0.7006654181732112,19,early
19407,7,0,0.9740249565836099,0.6114005866379705,19,early
19408,8,0,0.4919407142839447,0.558480663287956,19,early
19409,9,0,0.983157135316697,0.562243994032102,19,early
19410,10,0,0.023269711094537075,0.6797147764718505,19,early
19411,11,0,0.6150995097204064,0.6179374000651062,19,early
19412,12,0,0.5222860870127388,0.5081327361644797,19,early
19413,13,0,0.820435264217568,0.5129179812418025,19,early
19414,14,0,0.9986825311966859,0.4622224794778335,19,early
19415,15,0,0.995674763515619,0.6940525845207894,19,early
19416,16,0,0.5261890250799766,0.6347456692066018,19,early
19417,17,0,0.6108631908053712,0.663039767041816,19,early
19418,18,0,0.33380812133784077,0.5652028034247247,19,early
19419,19,0,0.6581725373168393,0.506183946039089,19,early
19420,20,0,0.9955378262412964,0.47633744895542673,19,early
19421,21,0,0.07217970384490949,0.7947189268148814,19,early
19422,22,0,0.6530189015178999,0.5412665742372654,19,early
19423,23,0,0.35740225933571335,0.6199167185205039,19,early
19424,24,0,0.9841317374181751,0.5588093109041048,19,early
19425,25,0,0.9997043657044351,0.6402779657283466,19,early
19426,26,0,0.5280911639730194,0.5094214946452296,19,early
19427,27,0,0.9979520775953201,0.6442607722735452,19,early
19428,28,0,0.9967785282024856,0.3837600966860478,19,early
19429,29,0,0.8321195742496821,0.6331802916196878,19,early
19430,30,0,0.848761300230282,0.7598062815565694,19,early
19431,31,0,0.04179313573812292,0.8683807661861976,19,early
19432,32,0,0.9195047996962898,0.5863812910663051,19,early
19433,33,0,0.00016806148465952226,0.8746045224553982,19,early
19434,34,0,0.989290805842653,0.4695433644070895,19,early
19435,35,0,0.04352996866410561,1.0592211571849584,19,early
19436,36,0,4.301034215461398e-06,1.2598232141087218,19,early
19437,37,0,0.02614175497909046,1.0124418968201716,19,early
19438,38,0,0.01395160437977944,0.8672718265076711,19,early
19439,39,0,0.45549789019424736,0.40146276785683155,19,early
19440,40,0,0.4658264997704204,0.873944365883861,19,early
19441,41,0,0.2646781675310022,0.5610864578568217,19,early
19442,42,0,0.07691318902257371,0.9061968611441666,19,early
19443,43,0,0.49056635753458555,1.0269830568366283,19,early
19444,44,0,0.044896295128096925,0.7155759625412774,19,early
19445,45,0,0.02743438596362325,0.7003246296405496,19,early
19446,46,0,0.24927334351882446,0.5361975481757408,19,early
19447,47,0,0.4928456892282465,0.8723437050360554,19,early
19448,48,0,0.9911901188969281,0.6650985539215812,19,early
19449,49,0,0.09815944172436818,0.6334719390822214,19,early
19450,50,0,0.7451240280545999,0.5651310017941635,19,early
19451,51,0,0.41704562867042083,0.5965831214701849,19,early
19452,52,0,0.37748665600405545,0.5210450776395421,19,early
19453,53,0,0.3624757523744484,0.3799919955089455,19,early
19454,54,0,0.7729921453055326,0.5308434560634842,19,early
19455,55,0,0.04280314812477656,0.8128617177932895,19,early
19456,56,0,0.49996826347634027,0.8794436567921041,19,early
19457,57,0,0.5250417776327808,0.47451496016262673,19,early
19458,58,0,0.5000166618163858,0.5347686791682082,19,early
19459,59,0,0.010700246663566892,0.7918149252686673,19,early
19460,60,0,0.4615667249620764,0.46822966588582793,19,early
19461,61,0,0.5817158366945735,0.6311870733252963,19,early
19462,62,0,0.4999964196807652,1.061267617987983,19,early
19463,63,0,0.5577387705325602,0.677527274842313,19,early
19464,64,0,0.9086352534074691,0.3601343438570821,19,early
19465,65,0,0.3939780562604422,0.5377910366506241,19,early
19466,66,0,0.49109848106642073,0.6357100697082246,19,early
19467,67,0,0.07200251397389514,0.7086233713909089,19,early
19468,68,0,0.4449897547345324,0.7287219165619762,19,early
19469,69,0,0.3270465605079639,0.5795073387936339,19,early
19470,70,0,0.49701173378653346,0.6372978870554866,19,early
19471,71,0,0.639926976883538,0.7358780686104773,19,early
19472,72,0,0.6701201535784179,0.4890865931050541,19,early
19473,73,0,0.7908515065694526,0.7579268085212298,19,early
19474,74,0,0.6656405578145059,0.4435630126401072,19,early
19475,75,0,0.22743388170531578,0.7927532286854595,19,early
19476,76,0,0.458556789137276,0.5302348481719058,19,early
19477,77,0,0.5767070412891712,0.558339413116905,19,early
19478,78,0,0.49971562764713023,0.9241989756022353,19,early
19479,79,0,0.49568030441733923,0.967396559252709,19,early
19480,80,0,0.8582357597395978,0.6394177594711228,19,early
19481,81,0,0.7802781366858056,0.5921240215226344,19,early
19482,82,0,0.5107790063421249,0.6080778652086327,19,early
19483,83,0,0.5026143174276257,0.6193246610549659,19,early
19484,84,0,0.5795969674926478,0.6791587564871802,19,early
19485,85,0,0.6865341130416741,0.845172250329157,19,early
19486,86,0,0.04619565922256063,1.0130760802618104,19,early
19487,87,0,0.5580575366467101,0.5863591907634572,19,early
19488,88,0,0.9649719237446319,0.6615599320340193,19,early
19489,89,0,0.5004053491284055,0.8488554669333293,19,early
19490,90,0,0.00978937360716526,0.7008281252085873,19,early
19491,91,0,0.35179616093028976,0.709728548242571,19,early
19492,92,0,0.9579885989507501,0.5750255240355606,19,early
19493,93,0,0.5022369240884654,0.7928811922410081,19,early
19494,94,0,0.025451428684909547,0.9704425827515659,19,early
19495,95,0,0.4999671152257587,0.7728206417567193,19,early
19496,96,0,0.13913676338182596,0.5555603439721103,19,early
19497,97,0,0.9410036439152778,0.3471623500912616,19,early
19498,98,0,0.07310038850682463,0.6003806222222545,19,early
19499,99,0,0.5003332234289972,0.6735058090978147,19,early
19500,100,0,0.9971103848057488,0.39632117849417314,19,early
19501,101,0,0.7597756055495872,0.6283767278689172,19,early
19502,102,0,0.9592955114475623,0.5863540505985931,19,early
19503,103,0,0.5478208477170426,0.6679768118520164,19,early
19504,104,0,0.9549586716377324,0.48044992913510587,19,early
19505,105,0,0.3123645947732758,0.6521164818710291,19,early
19506,106,0,0.13259356042427492,0.6297572127672961,19,early
19507,107,0,0.9266074184912774,0.6233712570801277,19,early
19508,108,0,0.9997914142597877,0.542815115840227,19,early
19509,109,0,0.4997763154047225,0.8815464570649341,19,early
19510,110,0,0.8189967272305602,0.6686073993839099,19,early
19511,111,0,0.6272503946876289,0.6290189775320881,19,early
19512,112,0,0.9971491638130076,0.5496767258567647,19,early
19513,113,0,0.5463842636661844,0.65743365777238,19,early
19514,114,0,0.9862179355143228,0.47103422058919286,19,early
19515,115,0,0.5227953411498723,0.5411424805100966,19,early
19516,116,0,0.9929842983493264,0.6542253550249653,19,early
19517,117,0,0.5450303151669809,0.9259745072546078,19,early
19518,118,0,0.8815882057630529,0.3052002532121204,19,early
19519,119,0,0.8859277439135216,0.43363554909216306,19,early
19520,120,0,0.058476383172728304,0.5793606857480049,19,early
19521,121,0,0.5255421080046566,0.6932487619421923,19,early
19522,122,0,0.26310501802084435,0.3933629656454905,19,early
19523,123,0,0.5006577834069883,0.5437730769699789,19,early
19524,124,0,0.3660911552337525,0.4487633286336362,19,early
19525,125,0,0.1664013889697982,1.0427908136721193,19,early
19526,126,0,0.30565713163520464,0.8258618625964111,19,early
19527,127,0,0.5003216253426523,0.5111671512728381,19,early
19528,128,0,0.4890941004699143,0.5432840122947733,19,early
19529,129,0,0.7265332214800202,0.5071055286048729,19,early
19530,130,0,0.002264420031525959,0.886604580541313,19,early
19531,131,0,0.5001981484773715,0.8661795462230502,19,early
19532,132,0,0.9943543193455329,0.49232041850370745,19,early
19533,133,0,0.975648083763053,0.5905126750575413,19,early
19534,134,0,0.7157945269177091,0.5987406822484345,19,early
19535,135,0,0.6850945706708766,0.5089411001718952,19,early
19536,136,0,0.9699157655715707,0.33078582922059513,19,early
19537,137,0,0.5979369197034858,0.40943482219662597,19,early
19538,138,0,0.5642459715590321,0.4796707465303873,19,early
19539,139,0,0.49910172214327314,0.7766370929570614,19,early
19540,140,0,0.500829438591905,0.943655124296355,19,early
19541,141,0,0.8989309358277451,0.420693038240162,19,early
19542,142,0,0.17454641691293515,0.5663350355456588,19,early
19543,143,0,0.5037883354335619,0.7132785135421218,19,early
19544,144,0,0.6830192319622961,0.5156005174971207,19,early
19545,145,0,0.5013097447308343,0.7082383268252705,19,early
19546,146,0,0.6971449210058449,0.6684684559337721,19,early
19547,147,0,0.4685258932224978,0.6213175069934065,19,early
19548,148,0,0.9335773256653612,0.4869282168140112,19,early
19549,149,0,0.8473607264765188,0.4138557368867537,19,early
19550,150,0,0.417625090715727,0.36902570884996344,19,early
19551,151,0,0.4331628529919674,0.4440373323753974,19,early
19552,152,0,0.9596244700549921,0.5888764795799057,19,early
19553,153,0,0.5067449220686343,0.7313702585669003,19,early
19554,154,0,0.6331429896947776,0.5150378229785546,19,early
19555,155,0,0.5864686175294954,0.4780268858026141,19,early
19556,156,0,0.4822699315236507,0.7094426909443003,19,early
19557,157,0,0.48496655874142264,0.6527276329263472,19,early
19558,158,0,0.9945783353147942,0.6215574821404323,19,early
19559,159,0,0.9358860142273429,0.5295747635845125,19,early
19560,160,0,0.9805434128622896,0.5737924349714277,19,early
19561,161,0,0.01232664026594581,0.47318972333097137,19,early
19562,162,0,0.761288967667167,0.41692976647004537,19,early
19563,163,0,0.870424474539974,0.5712221655052796,19,early
19564,164,0,0.4983893810784167,0.6151209861418643,19,early
19565,165,0,0.5515352669842367,0.4783013782081951,19,early
19566,166,0,0.8525197096544894,0.37531814387240814,19,early
19567,167,0,0.7704895468034387,0.6925163642248366,19,early
19568,168,0,0.026337324136479243,0.6268562591737483,19,early
19569,169,0,0.508906630065892,0.549267562057626,19,early
19570,170,0,0.5648992376664973,0.7064187612168574,19,early
19571,171,0,0.7220952511845029,0.48760100273321394,19,early
19572,172,0,0.9918598498052544,0.4930371961716904,19,early
19573,173,0,0.9425538577052006,0.4263553771956584,19,early
19574,174,0,0.9987131100630882,0.37451298515785414,19,early
19575,175,0,0.9754594510587162,0.7252160794915643,19,early
19576,176,0,0.27378914772001073,0.6957856623258818,19,early
19577,177,0,0.8857757437315354,0.7320530222910013,19,early
19578,178,0,0.4267650538463711,0.6427955811834951,19,early
19579,179,0,0.9535998621115203,0.4366389169196542,19,early
19580,180,0,0.989988358682815,0.5364597177721231,19,early
19581,181,0,0.4763171092738592,0.40861579318636376,19,early
19582,182,0,0.9343999930490013,0.52183960412676,19,early
19583,183,0,0.986637011434947,0.5391223063362813,19,early
19584,184,0,0.5219200581889234,0.5498107146690989,19,early
19585,185,0,0.5165157753202169,0.5824549480412522,19,early
19586,186,0,0.5850038199801029,0.7392485426875951,19,early
19587,187,0,0.6645633551087564,0.4099975931748135,19,early
19588,188,0,0.3278732172185085,0.6518564455301364,19,early
19589,189,0,0.9352859245371739,0.7189406262563331,19,early
19590,190,0,0.6992632840842874,0.4770116628555957,19,early
19591,191,0,0.12660582418472108,0.7292894535748556,19,early
19592,192,0,0.9999973725734306,0.6539298377253768,19,early
19593,193,0,0.5990042978965907,0.5632048833450208,19,early
19594,194,0,0.37614477310419775,0.4307393220520833,19,early
19595,195,0,0.712332633467621,0.3623759268727821,19,early
19596,196,0,0.6485918912290717,0.5093413640366938,19,early
19597,197,0,0.41080562743469856,0.624317588165833,19,early
19598,198,0,0.6898254026303515,0.6271855079001918,19,early
19599,199,0,0.9875277868057185,0.8132694529797553,19,early
19600,0,0,0.8385787776232443,0.6367272228308142,19,middle
19601,1,0,0.5084321826429905,0.500000461236007,19,middle
19602,2,0,0.07821013036146865,0.8764339943804029,19,middle
19603,3,0,0.27154638836612344,0.5980205998105942,19,middle
19604,4,0,0.5009333526146311,0.49287041077690474,19,middle
19605,5,0,0.7367032383563453,0.3318862145273318,19,middle
19606,6,0,0.5039841595947555,0.45731901044187,19,middle
19607,7,0,0.08929991071295582,0.5851015489382343,19,middle
19608,8,0,0.7211821840226647,0.41069436738361675,19,middle
19609,9,0,0.4984812871725492,0.5547583887485859,19,middle
19610,10,0,0.2695276258569044,0.5428921128745079,19,middle
19611,11,0,0.5243920948517167,0.5588253833618199,19,middle
19612,12,0,0.18759965689413352,0.49994436571750694,19,middle
19613,13,0,0.8445253373324082,0.45472501743146965,19,middle
19614,14,0,0.35349544397047955,0.6984287010076295,19,middle
19615,15,0,0.9924508078548044,0.8163738464646253,19,middle
19616,16,0,0.1093177296017242,1.3831440606883927,19,middle
19617,17,0,0.5211827532480126,0.49539559492360347,19,middle
19618,18,0,0.38036024075905306,0.5050873427077617,19,middle
19619,19,0,0.39640612986438106,0.6014532188134727,19,middle
19620,20,0,0.6136640352249603,0.5387540826118571,19,middle
19621,21,0,0.979557554048357,0.6629575473219987,19,middle
19622,22,0,0.45429999869781085,0.9918351449497982,19,middle
19623,23,0,0.30592397007538763,0.8361364164315328,19,middle
19624,24,0,0.2528638165902457,0.5771087593078081,19,middle
19625,25,0,0.4085378271216644,0.45993915368944094,19,middle
19626,26,0,0.6510787365439397,0.6135658893508059,19,middle
19627,27,0,0.4871708246501121,0.6393367893703183,19,middle
19628,28,0,0.2843316463395325,0.8379474820571187,19,middle
19629,29,0,0.933382903561399,0.7413327004836754,19,middle
19630,30,0,0.4615263016757685,0.45488679834270207,19,middle
19631,31,0,0.47181036335334425,0.6710343579869545,19,middle
19632,32,0,0.2562990788000542,1.0665242045883179,19,middle
19633,33,0,0.684723945657075,0.7859319833761301,19,middle
19634,34,0,0.5892783903255543,0.6106083686112491,19,middle
19635,35,0,0.504262401293223,1.010943732102997,19,middle
19636,36,0,0.10901037699550063,0.9132339807841805,19,middle
19637,37,0,0.5458785992711409,0.6962565356685981,19,middle
19638,38,0,0.023625557440379405,0.8518619703697898,19,middle
19639,39,0,0.6130780871838416,0.3686948384183104,19,middle
19640,40,0,0.23213137975063625,1.2458882754907945,19,middle
19641,41,0,0.931438184143655,0.41551038156111464,19,middle
19642,42,0,0.9143046252470443,0.6332705530713143,19,middle
19643,43,0,0.19267028816399806,0.8686420440152152,19,middle
19644,44,0,0.9067331666589848,0.757084547989088,19,middle
19645,45,0,0.9925047156899628,0.7901130258995491,19,middle
19646,46,0,0.8734934319457917,0.42473832928612015,19,middle
19647,47,0,0.4842971909333316,0.7887785399670204,19,middle
19648,48,0,0.4489622463574005,0.8024024305638856,19,middle
19649,49,0,0.9608302456216341,0.7895094965758649,19,middle
19650,50,0,0.5248696362921491,0.7288161204199843,19,middle
19651,51,0,0.5006962681894676,1.0924315105264542,19,middle
19652,52,0,0.41514105130153045,0.7376679632642533,19,middle
19653,53,0,0.1744708712386273,0.6106014320679842,19,middle
19654,54,0,0.9986439498478357,1.044493350311485,19,middle
19655,55,0,0.9676109365007955,0.3619441437088977,19,middle
19656,56,0,0.9952260884483132,1.0300528788016219,19,middle
19657,57,0,0.12559736262547855,0.9353210157037462,19,middle
19658,58,0,0.9885246393231153,0.6115155299904205,19,middle
19659,59,0,0.27019357768412244,0.8800494830633343,19,middle
19660,60,0,0.9809643445183351,0.5346649937856284,19,middle
19661,61,0,0.37538840872497375,0.6951152601589694,19,middle
19662,62,0,0.5015164841426869,0.9781218016809634,19,middle
19663,63,0,0.4913162234728653,0.5135498823213257,19,middle
19664,64,0,0.9910852283216298,0.4581299215067052,19,middle
19665,65,0,0.0991516486655832,1.0039678717556053,19,middle
19666,66,0,0.7774188139962555,0.4098743848719985,19,middle
19667,67,0,0.016096004871692618,0.7698557968817141,19,middle
19668,68,0,0.0189934243285548,1.0157591421435188,19,middle
19669,69,0,0.9907412183644808,0.5717313300156667,19,middle
19670,70,0,0.9978806788557968,0.4390536057934136,19,middle
19671,71,0,0.6331306353185023,0.9277977493733336,19,middle
19672,72,0,0.2937290789852791,0.49206246780065643,19,middle
19673,73,0,0.3510489265054541,0.7200720099657268,19,middle
19674,74,0,0.510285948373606,0.6472988673587907,19,middle
19675,75,0,0.9967238284006205,0.7081027228858727,19,middle
19676,76,0,0.536461388191156,0.5692135413270097,19,middle
19677,77,0,0.9672119277581065,0.5073513762123543,19,middle
19678,78,0,0.6712327139497644,0.7325020898399986,19,middle
19679,79,0,0.500140280331634,1.1807014784256973,19,middle
19680,80,0,9.018022823244132e-05,1.0416496048622235,19,middle
19681,81,0,0.5305030588496824,0.8242840217640763,19,middle
19682,82,0,0.10652111164980875,0.7498730500467155,19,middle
19683,83,0,0.09235705582704515,0.6562756081930873,19,middle
19684,84,0,0.4988487331073965,0.826340032047623,19,middle
19685,85,0,0.7379294859012853,0.5353899984205213,19,middle
19686,86,0,0.9943324411922363,0.38870855346525335,19,middle
19687,87,0,0.5093495997845333,0.7573673837107235,19,middle
19688,88,0,0.4267185337191173,0.3990949233551494,19,middle
19689,89,0,0.7498914735042961,0.49990507929010514,19,middle
19690,90,0,0.8195832786033226,0.4876259808631983,19,middle
19691,91,0,0.6143823679918796,0.6341269342475145,19,middle
19692,92,0,0.987746854620397,0.5166543140189808,19,middle
19693,93,0,0.4994601633093738,0.6672868780187351,19,middle
19694,94,0,0.5052199130471938,0.8338400772752506,19,middle
19695,95,0,0.9628539171671817,0.7903161850648728,19,middle
19696,96,0,0.8755911683348709,0.5143375359657473,19,middle
19697,97,0,0.9616953577101571,0.5521889978258133,19,middle
19698,98,0,0.431169966058426,0.6303052182025417,19,middle
19699,99,0,0.999300597533944,0.5465695235845618,19,middle
19700,100,0,0.7596016948839336,0.4816232052472912,19,middle
19701,101,0,0.9760945539983249,0.4768167207105584,19,middle
19702,102,0,0.8139153863927013,0.42287322761018176,19,middle
19703,103,0,0.6302712920833025,0.5973330625702966,19,middle
19704,104,0,0.9454685203473845,0.552387102932234,19,middle
19705,105,0,0.9998745272935516,0.545627324947641,19,middle
19706,106,0,0.9964971318472247,0.6153380921691689,19,middle
19707,107,0,0.9933559391954065,0.4601480102349643,19,middle
19708,108,0,0.9954081417248009,0.9150780061539175,19,middle
19709,109,0,0.9996087357573777,1.1687059961596762,19,middle
19710,110,0,0.6488984784601621,0.5805927770003869,19,middle
19711,111,0,0.5633247511932341,0.6817374399983187,19,middle
19712,112,0,0.9999793392136346,0.8632317497385391,19,middle
19713,113,0,0.39823603268088514,0.7268944277730598,19,middle
19714,114,0,0.9986058536043994,0.6704941146617935,19,middle
19715,115,0,0.32125653958979783,0.7736178794062465,19,middle
19716,116,0,0.5118610752216061,0.5909503214672571,19,middle
19717,117,0,0.9118838139467926,0.6791123060113187,19,middle
19718,118,0,0.4447420786225387,0.6495021253695493,19,middle
19719,119,0,0.5002172342690354,1.10799100620502,19,middle
19720,120,0,0.005195412606510698,0.7903067077330279,19,middle
19721,121,0,0.2422089834969745,0.7940156878594378,19,middle
19722,122,0,0.7144710801378924,0.7770825741678098,19,middle
19723,123,0,0.9647350179839946,0.4561190784739533,19,middle
19724,124,0,0.32089315688716247,0.8783645692500096,19,middle
19725,125,0,0.9396316734035328,0.6170255588160327,19,middle
19726,126,0,0.42390214947848787,0.6846780986737306,19,middle
19727,127,0,0.5924255862501866,0.6810415008773218,19,middle
19728,128,0,0.9718274440676306,0.6965707724056442,19,middle
19729,129,0,0.677016287602215,0.5398551041427035,19,middle
19730,130,0,0.4326292939195368,0.47434447784740463,19,middle
19731,131,0,0.999748812904188,0.7380347331269901,19,middle
19732,132,0,0.47773929609754323,0.7315793396615977,19,middle
19733,133,0,0.9252244941217995,0.6392526944837857,19,middle
19734,134,0,0.42096116081696705,0.6943686666017583,19,middle
19735,135,0,0.519381454482312,0.8314803679288649,19,middle
19736,136,0,0.6207896464399494,0.48717081689245206,19,middle
19737,137,0,0.49219256659469796,0.9813779556420501,19,middle
19738,138,0,0.9245439226808798,0.6476407077557484,19,middle
19739,139,0,0.5118811635416549,0.5074443220581822,19,middle
19740,140,0,0.46110647531964105,0.7865157073918978,19,middle
19741,141,0,0.5004107055542893,0.7369196935812459,19,middle
19742,142,0,0.5228318717797659,0.5315873557104884,19,middle
19743,143,0,0.05107735450474513,0.6091220187527309,19,middle
19744,144,0,0.49551718064502515,0.7422745556861714,19,middle
19745,145,0,0.4114792014298016,0.5712832283987086,19,middle
19746,146,0,0.4948475722541164,0.536404945201408,19,middle
19747,147,0,0.9751527840341401,0.4308700655583132,19,middle
19748,148,0,0.9170193160829156,0.7427783567401844,19,middle
19749,149,0,0.9908489846029684,0.40840235363104055,19,middle
19750,150,0,0.46279633309310697,1.043818335384477,19,middle
19751,151,0,0.6460604109267614,0.5231833870298074,19,middle
19752,152,0,0.4717506153093008,0.4592614081464169,19,middle
19753,153,0,0.48362252787200266,0.8774911958816036,19,middle
19754,154,0,0.48292260248371127,0.7950322639960499,19,middle
19755,155,0,0.5006728874615538,1.0295451875736001,19,middle
19756,156,0,0.5006879412654667,0.6743012664885428,19,middle
19757,157,0,0.9927353598307216,0.5065239858430022,19,middle
19758,158,0,0.08314768179562411,0.7725927004075769,19,middle
19759,159,0,0.48814388946268794,0.4609925032924892,19,middle
19760,160,0,0.6727904145416138,0.5422500519063063,19,middle
19761,161,0,0.8078864920806761,0.7663072314677634,19,middle
19762,162,0,0.5002177708421657,0.8254848080604421,19,middle
19763,163,0,0.791672501335004,0.4252417280521961,19,middle
19764,164,0,0.5071874449418301,0.8215796424360025,19,middle
19765,165,0,0.9965161582046551,0.6221035444207884,19,middle
19766,166,0,0.9445151947894003,0.3200727572941086,19,middle
19767,167,0,0.9254416594502928,0.6431925692025424,19,middle
19768,168,0,0.16150621932709078,0.8632213496005121,19,middle
19769,169,0,0.403872722251358,0.7756521592139811,19,middle
19770,170,0,0.9150071718461605,0.5189692638400268,19,middle
19771,171,0,0.5916306773864681,0.5201395871510747,19,middle
19772,172,0,0.39323009947339677,0.9310121789812098,19,middle
19773,173,0,0.0017350418369124362,0.8755956901275205,19,middle
19774,174,0,0.9804439743211977,0.6384882486367609,19,middle
19775,175,0,0.3031956667496022,0.732624737524624,19,middle
19776,176,0,0.07551408704513082,0.7888191176205737,19,middle
19777,177,0,0.5439190613475637,0.5356106389887316,19,middle
19778,178,0,0.8945323261753615,0.39730233744700044,19,middle
19779,179,0,0.5230440653970474,0.6107733516489262,19,middle
19780,180,0,0.9927532915537817,0.5741526557799348,19,middle
19781,181,0,0.12346799631932756,0.7375541279369006,19,middle
19782,182,0,0.6478077231883035,0.7692618934134996,19,middle
19783,183,0,0.5069601241400247,0.5520245432787738,19,middle
19784,184,0,0.5321509973369279,0.7448699645672363,19,middle
19785,185,0,0.498558563094967,1.1173692693850652,19,middle
19786,186,0,0.34201673080882433,0.7860679238046469,19,middle
19787,187,0,0.49943221747687244,0.48335735178039774,19,middle
19788,188,0,0.500038958236325,0.9155193272569798,19,middle
19789,189,0,0.36278537410763945,0.9313335688041288,19,middle
19790,190,0,0.09920905051756576,0.6432686769918785,19,middle
19791,191,0,0.476197495062139,0.7880245232951331,19,middle
19792,192,0,0.9451095981745442,0.5926559627616803,19,middle
19793,193,0,0.8082071966179791,0.6558265728234413,19,middle
19794,194,0,0.9733174833968337,0.6791911829756713,19,middle
19795,195,0,0.7280789688054388,0.7051512406479246,19,middle
19796,196,0,0.9947934789771498,0.5662916792679986,19,middle
19797,197,0,0.9717238008942686,0.7038105539885944,19,middle
19798,198,0,0.9342372250810171,0.4892265747347432,19,middle
19799,199,0,0.49998689869081653,0.822784726423051,19,middle
19800,0,0,0.4967732518419468,0.7458074133559549,19,late
19801,1,0,0.4818826024007525,0.6914400037480386,19,late
19802,2,0,0.47688485761603816,0.4568923529761843,19,late
19803,3,0,0.5099002629836382,0.6008200297100794,19,late
19804,4,0,0.3995209142319856,0.4688986016282548,19,late
19805,5,0,0.041367568230900584,0.6116366729383146,19,late
19806,6,0,0.5265629936095206,0.7295268154102781,19,late
19807,7,0,0.7827509579294509,0.6154300961606909,19,late
19808,8,0,0.7419689645803915,0.6210596548685201,19,late
19809,9,0,0.4846399809859062,0.7955516438818587,19,late
19810,10,0,0.4008474400827683,0.9546583949387759,19,late
19811,11,0,0.5068962585273401,0.6597774058106401,19,late
19812,12,0,0.5384265207397252,0.7923745691302965,19,late
19813,13,0,0.48011495533142295,0.9085090500179052,19,late
19814,14,0,0.4579520284067403,0.6030371906539749,19,late
19815,15,0,0.7476193854246338,0.5406017829122434,19,late
19816,16,0,0.6772586939461358,0.49948155190754673,19,late
19817,17,0,0.02430737652042215,0.8550074284669521,19,late
19818,18,0,0.5107488795367505,0.7094716743059815,19,late
19819,19,0,0.3893740348821504,0.6645358007286113,19,late
19820,20,0,0.7211091349340899,0.47664439788059,19,late
19821,21,0,0.6061531972509907,0.6058283156543418,19,late
19822,22,0,0.2964911435826976,0.6021627844380296,19,late
19823,23,0,0.08841887170670074,0.8492514741011605,19,late
19824,24,0,0.371252682735302,1.0800940166199586,19,late
19825,25,0,0.23754841590942707,0.9234913895975315,19,late
19826,26,0,0.842841524030371,0.9081896543919412,19,late
19827,27,0,0.8124171047497913,0.4996070078094095,19,late
19828,28,0,0.4576350122165672,0.515751101071251,19,late
19829,29,0,0.10975158991009647,0.8484939558867419,19,late
19830,30,0,0.651727732236161,0.6423893556204726,19,late
19831,31,0,0.5971400028769186,0.8035162424561184,19,late
19832,32,0,0.9089965259275987,0.8058893360186432,19,late
19833,33,0,0.08372032469580981,0.485828680703162,19,late
19834,34,0,0.26575095850809954,0.9922038306754021,19,late
19835,35,0,0.6630177742028845,0.6668279995727886,19,late
19836,36,0,0.7592260660592025,0.587570232679804,19,late
19837,37,0,0.9022390644117284,0.3885855283985516,19,late
19838,38,0,0.8452553275136998,0.5295177895060492,19,late
19839,39,0,0.2570059558078168,0.78580288626289,19,late
19840,40,0,0.504304013105609,0.838583407133857,19,late
19841,41,0,0.18563189959191176,0.5630343122226233,19,late
19842,42,0,0.5239966949084239,0.6158890401775154,19,late
19843,43,0,0.5313132819773616,0.6724175602242473,19,late
19844,44,0,0.7056114595119217,0.8384048585170383,19,late
19845,45,0,0.008167212364142539,1.300014287114243,19,late
19846,46,0,0.7807028642922094,0.38139710331882937,19,late
19847,47,0,0.01272244751755512,0.804073232748112,19,late
19848,48,0,0.5198107415361876,0.746530969788834,19,late
19849,49,0,0.6945952198407013,0.5245184691227053,19,late
19850,50,0,0.43525040151115346,0.4933444107163486,19,late
19851,51,0,0.3364568518710481,0.5252227250600794,19,late
19852,52,0,0.5071387730112528,0.7123751364473527,19,late
19853,53,0,0.47404065951728924,0.7278273082781428,19,late
19854,54,0,0.49766235054198504,1.1175303266444625,19,late
19855,55,0,0.9964240976391361,0.7480280599536395,19,late
19856,56,0,0.2865805305975472,0.6953173647806952,19,late
19857,57,0,0.9212389538018639,0.458666912426201,19,late
19858,58,0,0.857155107731379,0.3450995959947214,19,late
19859,59,0,0.9684854315354328,1.0182479974133358,19,late
19860,60,0,0.9225417155528579,0.656506484707071,19,late
19861,61,0,0.8380693381926474,0.7285895169612617,19,late
19862,62,0,0.926044132005999,0.5565941266972331,19,late
19863,63,0,0.06143217906629801,0.665280760538866,19,late
19864,64,0,0.4958329352339348,1.258165838773814,19,late
19865,65,0,8.67170182777636e-05,1.2103129418683252,19,late
19866,66,0,0.5023251440931726,0.7779000799047638,19,late
19867,67,0,0.9107035520028139,0.8221856281940185,19,late
19868,68,0,0.0774861602544192,0.8122117654973339,19,late
19869,69,0,0.4357188164025029,0.8081930802221939,19,late
19870,70,0,0.5157271118088512,0.5844417728747853,19,late
19871,71,0,0.1326353504246748,0.8357268710601927,19,late
19872,72,0,0.48801455505816865,0.7219592570510323,19,late
19873,73,0,0.99485827679176,0.7234558929717425,19,late
19874,74,0,0.6851573306836749,0.665876797104999,19,late
19875,75,0,0.4565063159392094,0.45803225526355107,19,late
19876,76,0,0.18738442473377256,0.6376933589622056,19,late
19877,77,0,0.5122140252119066,0.39297109702793054,19,late
19878,78,0,0.4742070655901525,1.0870726276766336,19,late
19879,79,0,0.004341951797352865,0.9216382777318566,19,late
19880,80,0,0.5354837387418399,0.6739718052646622,19,late
19881,81,0,0.6999667200661831,0.6305789977881422,19,late
19882,82,0,0.9194566658620356,0.6485959498860079,19,late
19883,83,0,0.9706480826342904,0.7106156458507973,19,late
19884,84,0,0.6849930528004636,0.48134855487201256,19,late
19885,85,0,0.732088092223319,0.6225918373041469,19,late
19886,86,0,0.9716831654842232,0.6890793467447764,19,late
19887,87,0,0.5493206577956217,0.706934492619036,19,late
19888,88,0,0.036676789485068015,0.7085131753073857,19,late
19889,89,0,0.49393117467286324,0.48730650930672464,19,late
19890,90,0,0.4999251254817442,0.715415228943842,19,late
19891,91,0,0.5139614335121625,0.956517229152091,19,late
19892,92,0,0.7248285602729997,1.0500978963878356,19,late
19893,93,0,0.8255641183950818,0.5722245178526644,19,late
19894,94,0,0.499923428195191,1.041059410326198,19,late
19895,95,0,0.4986626689584504,0.6619156248834983,19,late
19896,96,0,0.49895397140164427,0.8465294069567985,19,late
19897,97,0,0.6792814152607825,0.4971779726137675,19,late
19898,98,0,0.984620234568222,0.5486357248666813,19,late
19899,99,0,0.5703488849853783,0.6420578962031652,19,late
19900,100,0,0.8008576024989402,1.257600713690158,19,late
19901,101,0,0.921414042562247,0.522131821759974,19,late
19902,102,0,0.9332079234806635,0.5213480361056478,19,late
19903,103,0,0.8137732828473448,0.7502339876930143,19,late
19904,104,0,0.524693310332666,0.7588156649550624,19,late
19905,105,0,0.7642260026891756,0.5122900336491008,19,late
19906,106,0,0.6715569233582361,0.7033657895037093,19,late
19907,107,0,0.04277945622311384,0.7121477639706486,19,late
19908,108,0,0.8493648285179762,0.4291198704870881,19,late
19909,109,0,0.14454978295950827,0.7918713085662873,19,late
19910,110,0,0.8314826921863185,0.5155089766304848,19,late
19911,111,0,0.49937169883743115,1.0037892271895086,19,late
19912,112,0,0.7188712181106274,0.8037115869945253,19,late
19913,113,0,0.5536190101505252,0.8000583110441006,19,late
19914,114,0,0.7762564295759147,0.7535504693287585,19,late
19915,115,0,0.5117421773557458,0.7092067887679345,19,late
19916,116,0,0.7261545235100219,0.5982531673142688,19,late
19917,117,0,0.5819484378026926,0.47703884505003336,19,late
19918,118,0,0.6109010445032009,0.44481200976167845,19,late
19919,119,0,0.8313909280431422,0.6534164211561091,19,late
19920,120,0,0.9976408828679753,0.6288249895792632,19,late
19921,121,0,0.6489513343235804,0.3210592727126334,19,late
19922,122,0,0.42237577701487966,0.5180648937538745,19,late
19923,123,0,0.4599031849287737,1.018576818538155,19,late
19924,124,0,0.00013755756083568525,1.096096899757025,19,late
19925,125,0,0.14265711396970338,0.8440134939635449,19,late
19926,126,0,0.483256061790507,0.5883271741708266,19,late
19927,127,0,0.0003887813479323598,0.8965510753181334,19,late
19928,128,0,0.6375596646327085,0.46215840753622095,19,late
19929,129,0,0.00015148696735379634,0.886010243170295,19,late
19930,130,0,0.8845640498023053,1.1887347331745637,19,late
19931,131,0,0.9505961173697225,0.4612944777949062,19,late
19932,132,0,0.005763855372100648,0.46442801293700064,19,late
19933,133,0,0.3789999685705926,0.7403546962815375,19,late
19934,134,0,0.6812078060548943,0.5056892498492599,19,late
19935,135,0,0.9515800431023231,0.27445980027150707,19,late
19936,136,0,0.7839000260296991,0.444089128955854,19,late
19937,137,0,0.0005528160903805681,1.2724280031774475,19,late
19938,138,0,0.4357455211626468,0.49028818024975607,19,late
19939,139,0,0.197341502609033,0.48243385950320555,19,late
19940,140,0,0.12728612299078218,0.9428306328085561,19,late
19941,141,0,0.03348297297145275,0.647492934560847,19,late
19942,142,0,0.6058264231796121,0.615657140658919,19,late
19943,143,0,0.5312305690680004,0.45850225756016116,19,late
19944,144,0,0.9769356294110045,0.641000163758464,19,late
19945,145,0,0.012684843626498073,0.5742683743860864,19,late
19946,146,0,0.003717193955040845,1.2929006599470565,19,late
19947,147,0,0.9956440156500279,0.7955035329078617,19,late
19948,148,0,0.0529780149750336,0.7766979261523395,19,late
19949,149,0,0.03580702253790472,0.8169686965967202,19,late
19950,150,0,0.005003367610924814,0.8579733399671713,19,late
19951,151,0,0.9957690669400117,0.5685598640344844,19,late
19952,152,0,0.8291658757640429,0.777412801587718,19,late
19953,153,0,0.48163907435125886,0.33876375061229735,19,late
19954,154,0,0.8122364584982262,0.4177644161834627,19,late
19955,155,0,0.5153964186972457,0.5504525504298284,19,late
19956,156,0,0.5982864014788005,0.5190165469039673,19,late
19957,157,0,0.02330677868919833,0.5967672401397335,19,late
19958,158,0,0.2842529380489479,0.4269780497819791,19,late
19959,159,0,0.9114961054240496,0.6005361341312732,19,late
19960,160,0,0.3020085549585757,0.401888819790198,19,late
19961,161,0,0.42362078056765395,0.6100903407241485,19,late
19962,162,0,0.8104257685584679,0.3346329389193623,19,late
19963,163,0,0.20401610579893265,0.625988407350635,19,late
19964,164,0,0.09731376171926386,0.7398427745635429,19,late
19965,165,0,0.0019634466208777713,0.9814211893077082,19,late
19966,166,0,0.5469708524774288,0.6251774367936314,19,late
19967,167,0,0.0024246354569106223,0.9473017571531155,19,late
19968,168,0,0.0001391578206490537,0.9167045535315859,19,late
19969,169,0,0.5863228381748559,0.7322774447478029,19,late
19970,170,0,0.9495392398994893,0.556902066297885,19,late
19971,171,0,0.48876742239710746,0.50744463673814,19,late
19972,172,0,0.5571450481058129,0.6349599796065575,19,late
19973,173,0,0.15053982570493962,0.6073459120143097,19,late
19974,174,0,0.21705070824521133,0.5570849602553805,19,late
19975,175,0,0.5026456562002525,0.6881103785221221,19,late
19976,176,0,0.8173552420967607,0.3269892053712252,19,late
19977,177,0,0.7151073973026565,0.4462535585683194,19,late
19978,178,0,0.011131570317545036,0.5970254610246691,19,late
19979,179,0,0.11151196106313224,0.5811841549558795,19,late
19980,180,0,0.4968786770316094,0.35671480061136085,19,late
19981,181,0,0.683427653709108,0.8223764113596416,19,late
19982,182,0,0.4870868510709657,0.8311784588595217,19,late
19983,183,0,0.5297353510368772,0.5268451605780564,19,late
19984,184,0,0.4723765348282792,0.5977014387497634,19,late
19985,185,0,0.7716123317279537,0.7380557827756735,19,late
19986,186,0,0.7795794803491741,0.6886280747956548,19,late
19987,187,0,0.4954395071011247,0.8847303906848831,19,late
19988,188,0,0.22014602325688384,0.5463826519079108,19,late
19989,189,0,0.23815480757133944,0.5718102480827523,19,late
19990,190,0,0.701212610201919,0.5081215584501904,19,late
19991,191,0,0.6527796322533181,0.4149049559431629,19,late
19992,192,0,0.6574764665483832,0.5173617311487888,19,late
19993,193,0,0.8567595242446051,0.5021491579289712,19,late
19994,194,0,0.7026243879934069,0.757791667770074,19,late
19995,195,0,0.2824387064532602,0.8924958335499629,19,late
19996,196,0,0.6306997746240552,0.6343326650324406,19,late
19997,197,0,0.6878018698574543,0.7412683860676812,19,late
19998,198,0,0.22459907207628402,1.1456230201512603,19,late
19999,199,0,0.4991735793496238,0.4848185893770336,19,late
20000,0,0,0.9054927862821222,0.6129598153688255,20,interleaved
20001,1,0,0.9268971474756538,0.6092626843795192,20,interleaved
20002,2,0,0.3175213796858647,0.5608134563901669,20,interleaved
20003,3,0,0.9601180035463605,0.5628677226532273,20,interleaved
20004,4,0,0.44399727084172946,0.7515382175624099,20,interleaved
20005,5,0,0.5183397255065847,0.9329711938113321,20,interleaved
20006,6,0,0.097817407167154,0.8824675093643799,20,interleaved
20007,7,0,0.009470134321827887,1.1628542650417324,20,interleaved
20008,8,0,0.5530167025827601,0.6004317530134127,20,interleaved
20009,9,0,0.8808243848072278,0.5193315679772104,20,interleaved
20010,10,0,0.5099507001855785,0.6222679924143537,20,interleaved
20011,11,0,0.980022028869962,0.6929238841267967,20,interleaved
20012,12,0,0.9930537795448091,0.6838132873304782,20,interleaved
20013,13,0,0.03200659047441297,0.7510392605525631,20,interleaved
20014,14,0,0.5004960656945325,0.9636695603642903,20,interleaved
20015,15,0,0.5000745716381805,1.4481843386031859,20,interleaved
20016,16,0,0.3555445828505314,0.6979837791862822,20,interleaved
20017,17,0,0.9657558550067891,0.5615699007894468,20,interleaved
20018,18,0,0.363879786737076,0.6106547713936343,20,interleaved
20019,19,0,0.6474311481204149,0.6395511407046631,20,interleaved
20020,20,0,0.6480105831403696,0.6002755710600705,20,interleaved
20021,21,0,0.49926562752864806,0.6618861311329971,20,interleaved
20022,22,0,0.06044738282448445,0.5997043288946748,20,interleaved
20023,23,0,0.7570822152455234,0.648899692613957,20,interleaved
20024,24,0,0.5823661410618257,0.5631952642176422,20,interleaved
20025,25,0,0.5110905681290369,0.9072187384680401,20,interleaved
20026,26,0,0.5205060952888658,0.6273777011288374,20,interleaved
20027,27,0,0.4404231500818262,0.5750711003567287,20,interleaved
20028,28,0,0.00028978663285717714,1.012339938779775,20,interleaved
20029,29,0,0.4879977358792642,1.3219055692411215,20,interleaved
20030,30,0,0.888045763104601,0.6381075537477581,20,interleaved
20031,31,0,0.4937330122080505,1.045734929559129,20,interleaved
20032,32,0,0.9596930096788351,0.47861334259806454,20,interleaved
20033,33,0,0.4842740917461143,0.8773300036731939,20,interleaved
20034,34,0,0.8194989204078629,0.6797522822330746,20,interleaved
20035,35,0,0.4414878056737978,1.3856157205680866,20,interleaved
20036,36,0,0.9986897671850821,0.7758264230715644,20,interleaved
20037,37,0,0.1848002083175233,0.6978053869526578,20,interleaved
20038,38,0,0.14470182736153853,0.7654950153152454,20,interleaved
20039,39,0,0.14351062217991528,0.5813575117715426,20,interleaved
20040,40,0,0.7503596669541935,0.4751143992478907,20,interleaved
20041,41,0,0.32145658504872987,0.7435859615563898,20,interleaved
20042,42,0,0.11871128082700687,0.7956289149742457,20,interleaved
20043,43,0,0.5481603423381575,1.057528998417665,20,interleaved
20044,44,0,0.8978153026883045,0.7805584798568221,20,interleaved
20045,45,0,0.44059665209511256,0.9467856681899127,20,interleaved
20046,46,0,0.08340980682955751,0.8212055990252216,20,interleaved
20047,47,0,0.5268789857438315,0.6302231775187395,20,interleaved
20048,48,0,0.2960608830644754,0.76570019840502,20,interleaved
20049,49,0,0.9881244228175288,0.6643057099087667,20,interleaved
20050,50,0,0.4719874416514921,0.827288389548328,20,interleaved
20051,51,0,0.4969466403043773,0.9491075531189412,20,interleaved
20052,52,0,0.27809756063363456,0.5693326726955629,20,interleaved
20053,53,0,0.5905155165589918,0.6417063917127104,20,interleaved
20054,54,0,0.25904183611725484,0.7423175438535868,20,interleaved
20055,55,0,0.9439116231175145,0.7068554726032578,20,interleaved
20056,56,0,0.9997709872416145,0.9554339467277961,20,interleaved
20057,57,0,0.9337055731328967,0.8844285858012118,20,interleaved
20058,58,0,0.9404688005849173,0.5885345772998074,20,interleaved
20059,59,0,0.6717639952587913,0.7935615863645245,20,interleaved
20060,60,0,0.5030710154498393,0.8151774007623017,20,interleaved
20061,61,0,0.5491854541270832,0.6027529964506542,20,interleaved
20062,62,0,0.9760061950683194,0.7163948866025509,20,interleaved
20063,63,0,0.6936609791425988,0.6955385414136921,20,interleaved
20064,64,0,0.5373295410039683,0.5936789882559506,20,interleaved
20065,65,0,0.4637015467792669,0.9462995140546862,20,interleaved
20066,66,0,0.5120799087818102,0.32935519218096954,20,interleaved
20067,67,0,0.6126226321218945,0.885667819503777,20,interleaved
20068,68,0,0.5682726152922437,1.1033073607271155,20,interleaved
20069,69,0,0.8832993006117659,0.8197056329625274,20,interleaved
20070,70,0,0.9921899633028382,0.7709288356514239,20,interleaved
20071,71,0,0.8863811417833486,0.7489105669582532,20,interleaved
20072,72,0,0.20534527676320108,0.8990716346080108,20,interleaved
20073,73,0,0.5014667889716308,1.1212562785534388,20,interleaved
20074,74,0,0.1761883855100746,0.8189502909671358,20,interleaved
20075,75,0,0.49960618052054173,0.8252861239902579,20,interleaved
20076,76,0,0.09969641664006204,0.7006734372729,20,interleaved
20077,77,0,0.5037538500407357,0.6559175808354346,20,interleaved
20078,78,0,0.1781077661712515,0.6615315140738366,20,interleaved
20079,79,0,0.5003586884929581,0.992831373935419,20,interleaved
20080,80,0,0.0347630022421716,0.7647919972479112,20,interleaved
20081,81,0,0.5285634229503309,0.6326597502488103,20,interleaved
20082,82,0,0.2790709751957386,0.608336202564399,20,interleaved
20083,83,0,0.5243548891377057,0.6120950664247562,20,interleaved
20084,84,0,0.9771739164863378,0.4718767578059122,20,interleaved
20085,85,0,0.895420373041619,0.5991733229650015,20,interleaved
20086,86,0,0.5157846913296242,0.5972320361738231,20,interleaved
20087,87,0,0.5015689505415267,0.5586870672408217,20,interleaved
20088,88,0,0.6563093696232672,0.36719478633275016,20,interleaved
20089,89,0,0.8389531470898182,0.4401456526883303,20,interleaved
20090,90,0,0.9956171173557322,0.4768880816858099,20,interleaved
20091,91,0,0.41059351610905803,0.47837087222846486,20,interleaved
20092,92,0,0.9841542968895283,0.46444184551053813,20,interleaved
20093,93,0,0.833229040859419,0.8861814931056762,20,interleaved
20094,94,0,0.008107305482242524,1.0006139390714275,20,interleaved
20095,95,0,0.9449005753317128,0.4543644634595994,20,interleaved
20096,96,0,0.16175112929837443,0.7530927118405216,20,interleaved
20097,97,0,0.9900324306138089,0.6995182953452189,20,interleaved
20098,98,0,0.9978262827634495,0.6761921475971372,20,interleaved
20099,99,0,0.9409018044990664,0.5928635724577073,20,interleaved
20100,100,0,0.007058889942948992,0.9243475910502388,20,interleaved
20101,101,0,0.5032074219709052,0.6820634730690034,20,interleaved
20102,102,0,0.47318899982584706,0.757328853098181,20,interleaved
20103,103,0,0.06969185352269142,1.0355076624514312,20,interleaved
20104,104,0,0.9940000389002741,0.8357617549510732,20,interleaved
20105,105,0,0.5681635439268949,0.4592303985101467,20,interleaved
20106,106,0,0.9611107972032029,0.6181967821325449,20,interleaved
20107,107,0,0.7905636513049877,0.5919024622736145,20,interleaved
20108,108,0,7.036139742698002e-05,0.9335389013121944,20,interleaved
20109,109,0,0.6017607124538349,0.7393281468206773,20,interleaved
20110,110,0,0.4872540837791734,1.030808333142704,20,interleaved
20111,111,0,0.7807522800218046,0.6001479562534789,20,interleaved
20112,112,0,0.28549448618289786,0.4318205527488562,20,interleaved
20113,113,0,0.8229543065390676,0.6603920451048411,20,interleaved
20114,114,0,0.9605884985796047,0.4407706796215531,20,interleaved
20115,115,0,0.50689690122442,0.6532320406584438,20,interleaved
20116,116,0,0.5620679539415323,0.7686330230193761,20,interleaved
20117,117,0,0.5129269916006075,0.6938559829863168,20,interleaved
20118,118,0,0.6335484017867585,0.7667362227727188,20,interleaved
20119,119,0,0.502758874187944,0.8181522266958962,20,interleaved
20120,120,0,0.5754363735414567,0.5663941598226512,20,interleaved
20121,121,0,0.45711683379747003,0.7839838434871593,20,interleaved
20122,122,0,0.9940752835725901,0.8656266433029086,20,interleaved
20123,123,0,0.41976948984920404,0.9287233420656178,20,interleaved
20124,124,0,0.44548327911695346,0.9822824188830022,20,interleaved
20125,125,0,0.9319791288613029,0.40412709538781144,20,interleaved
20126,126,0,0.5186182565961837,0.6650932613094764,20,interleaved
20127,127,0,0.5022736173050971,0.744200011897493,20,interleaved
20128,128,0,0.5069537176582674,0.7644572820004517,20,interleaved
20129,129,0,0.5003215243361021,0.5811414956572208,20,interleaved
20130,130,0,0.006519150603962985,0.7763542175909135,20,interleaved
20131,131,0,0.5046637970153812,0.41806509763555605,20,interleaved
20132,132,0,0.5288947799217385,0.5820991008182392,20,interleaved
20133,133,0,0.5396681152997704,0.5846236314844131,20,interleaved
20134,134,0,0.002657377626159939,0.7178096652523083,20,interleaved
20135,135,0,0.45970786581106293,0.6713995933213937,20,interleaved
20136,136,0,0.49189560807326177,1.1361297032591096,20,interleaved
20137,137,0,0.19465852559751878,0.8832854912872574,20,interleaved
20138,138,0,0.9996697058886292,0.6396221869266752,20,interleaved
20139,139,0,0.43955050462861156,0.6440140678213571,20,interleaved
20140,140,0,0.2960590612063243,0.5173045643390637,20,interleaved
20141,141,0,0.49063150507229286,1.2789463582361633,20,interleaved
20142,142,0,0.005509832948075574,0.6946004376968404,20,interleaved
20143,143,0,0.1676128912159162,0.68020382821573,20,interleaved
20144,144,0,0.14651005111519358,0.7781226564130701,20,interleaved
20145,145,0,0.7968074452054026,0.5122215971638373,20,interleaved
20146,146,0,0.925020818414714,0.505022362255729,20,interleaved
20147,147,0,0.4935271346197211,0.6007688304228997,20,interleaved
20148,148,0,0.7296383816768874,0.35396019317816174,20,interleaved
20149,149,0,0.9467767917026226,0.9137725570189517,20,interleaved
20150,150,0,0.8918018446725122,0.5584802914912379,20,interleaved
20151,151,0,0.17238924267107347,0.4956551495449698,20,interleaved
20152,152,0,0.5000645007838099,0.6430915584269139,20,interleaved
20153,153,0,0.8549735741854396,1.010275247817355,20,interleaved
20154,154,0,0.9125546295364704,0.7638937368992125,20,interleaved
20155,155,0,0.8816379945893156,0.6319534226799943,20,interleaved
20156,156,0,0.9476986269733401,0.49301098452889236,20,interleaved
20157,157,0,0.5175970558873676,0.6050938107599386,20,interleaved
20158,158,0,0.49954419015581764,0.7134917714223286,20,interleaved
20159,159,0,0.9997350646695867,0.8533756695872345,20,interleaved
20160,160,0,0.6380178586346947,0.6524251521699576,20,interleaved
20161,161,0,0.9563838775195823,0.48411374081230774,20,interleaved
20162,162,0,0.3364699911740034,0.6527004110814846,20,interleaved
20163,163,0,0.89939463067707,0.6919033374320804,20,interleaved
20164,164,0,0.7900471773940514,0.5300512271027602,20,interleaved
20165,165,0,0.2962840283889778,0.6801661182152818,20,interleaved
20166,166,0,0.5854791183764133,0.7938761974582387,20,interleaved
20167,167,0,0.9994919439586918,0.5453476332774709,20,interleaved
20168,168,0,0.01416879788126277,0.9156241060733161,20,interleaved
20169,169,0,0.4974577583515438,0.597706769954809,20,interleaved
20170,170,0,0.9972953343000419,0.5520021507528756,20,interleaved
20171,171,0,0.2137563058080515,0.5973374870346391,20,interleaved
20172,172,0,0.643010783431374,0.3532958269363708,20,interleaved
20173,173,0,0.9084735128072338,0.17814061018439803,20,interleaved
20174,174,0,0.2509143028669312,0.5590434853067692,20,interleaved
20175,175,0,0.9337129463688847,0.5620551711510116,20,interleaved
20176,176,0,0.833419762470289,0.5329808153805781,20,interleaved
20177,177,0,0.5001433647715993,0.7658618558761403,20,interleaved
20178,178,0,0.002770641970656801,0.9685149336461583,20,interleaved
20179,179,0,0.9991062830309037,0.513696039337068,20,interleaved
20180,180,0,0.8627037475701247,0.6104119336102238,20,interleaved
20181,181,0,0.5005957522986545,0.8615297218989275,20,interleaved
20182,182,0,0.5000822157732621,0.8065778285749564,20,interleaved
20183,183,0,0.47099383543515183,0.6039289556483134,20,interleaved
20184,184,0,0.4999540167751203,0.867709139717192,20,interleaved
20185,185,0,0.40771389040976774,1.0635313003018942,20,interleaved
20186,186,0,0.9320439554038256,0.6293613526893076,20,interleaved
20187,187,0,0.9982128011211727,0.6227919534315183,20,interleaved
20188,188,0,0.5019915809514103,0.7486373930280592,20,interleaved
20189,189,0,0.9653887140908755,0.652450037469506,20,interleaved
20190,190,0,0.9984817445428967,0.6269049008811456,20,interleaved
20191,191,0,0.8597554932709669,0.42897592605839524,20,interleaved
20192,192,0,0.5302282965672465,0.4589608181857243,20,interleaved
20193,193,0,0.4984427653416468,0.6590558970751192,20,interleaved
20194,194,0,0.5789364308902026,0.7483839066306543,20,interleaved
20195,195,0,0.0518474012640834,0.792883223995065,20,interleaved
20196,196,0,0.9636648859923234,0.9109159382886121,20,interleaved
20197,197,0,0.4207291663263218,0.6821588132530242,20,interleaved
20198,198,0,0.7760410048703503,0.606881302724914,20,interleaved
20199,199,0,0.4489102973482514,0.8551262914468459,20,interleaved
20200,0,0,0.882326468178414,0.4174524540257198,20,blocked
20201,1,0,0.07928593377550891,0.5841554053664647,20,blocked
20202,2,0,0.24409273979977897,0.592837456927821,20,blocked
20203,3,0,0.045587174203170516,0.8627221684851627,20,blocked
20204,4,0,0.9451148884554672,0.3434982512934637,20,blocked
20205,5,0,0.9997746328352841,0.689860863977175,20,blocked
20206,6,0,0.6056850654684394,0.6132951769651229,20,blocked
20207,7,0,0.569409281526225,0.399110043202994,20,blocked
20208,8,0,0.848919990528641,0.6588833598282311,20,blocked
20209,9,0,0.09516276723211588,0.8039513239317353,20,blocked
20210,10,0,0.009716027610371304,0.9085484506025568,20,blocked
20211,11,0,0.6930821716632691,0.6357456280260134,20,blocked
20212,12,0,0.5637251367067033,0.5700268564563378,20,blocked
20213,13,0,0.9867984525092491,0.43915409447506776,20,blocked
20214,14,0,0.9967289378873156,0.6348356768422807,20,blocked
20215,15,0,0.1515614020097179,0.6507903532411401,20,blocked
20216,16,0,0.6663912663515443,0.631620787407054,20,blocked
20217,17,0,0.5270217596445078,0.8036862265258189,20,blocked
20218,18,0,0.10509676833353317,0.6492843095702445,20,blocked
20219,19,0,0.30489950645466235,0.7516854879248802,20,blocked
20220,20,0,0.0050101809375521986,0.7145363703112814,20,blocked
20221,21,0,0.5722976561817144,0.7162028907898281,20,blocked
20222,22,0,0.4737346248237317,0.7485283048454567,20,blocked
20223,23,0,0.4711577648802309,0.6340856844972542,20,blocked
20224,24,0,0.21864455802768723,0.6178394449246463,20,blocked
20225,25,0,0.49129643526568,0.45158125823507356,20,blocked
20226,26,0,0.32750230247730133,0.4900482088322583,20,blocked
20227,27,0,0.7933308236687118,0.41320751406381495,20,blocked
20228,28,0,0.3985762900802843,0.5291669669054556,20,blocked
20229,29,0,0.2563837366563946,0.6498642656799791,20,blocked
20230,30,0,0.5705412520691849,0.9552574366782931,20,blocked
20231,31,0,0.3116089578141932,0.7971163049391088,20,blocked
20232,32,0,0.49904702498303943,0.6682068320353163,20,blocked
20233,33,0,0.9731313890950837,0.6547167994222434,20,blocked
20234,34,0,0.9948685323533839,0.5694439283188564,20,blocked
20235,35,0,0.6626387804832784,0.7166253359363994,20,blocked
20236,36,0,0.12353338510462271,0.8469227265840038,20,blocked
20237,37,0,0.4347650041506104,0.5984740699491518,20,blocked
20238,38,0,0.10291021789641265,0.6559409584801905,20,blocked
20239,39,0,0.6219940869579399,0.6267323609826627,20,blocked
20240,40,0,0.5412861149757701,0.5408454098033602,20,blocked
20241,41,0,0.3687299180130361,0.6320834753112587,20,blocked
20242,42,0,0.04447911231527939,0.812850783508784,20,blocked
20243,43,0,0.5247199713943671,0.5817253892500286,20,blocked
20244,44,0,0.9842427975160637,0.6710100430852339,20,blocked
20245,45,0,0.5465799024435296,0.7958202747085839,20,blocked
20246,46,0,0.41929807411296993,0.7248522272416393,20,blocked
20247,47,0,0.8134465671246479,0.5808708393626292,20,blocked
20248,48,0,0.47858077319188697,0.718838436438886,20,blocked
20249,49,0,0.48864596328601173,0.7369942638539209,20,blocked
20250,50,0,0.7506134179687891,0.8779121847424544,20,blocked
20251,51,0,0.5672533352689864,0.5572639730341564,20,blocked
20252,52,0,0.8311304745105053,0.3745038477781182,20,blocked
20253,53,0,0.07925697588593461,0.9929788024289352,20,blocked
20254,54,0,0.777126518707512,0.7509975333275187,20,blocked
20255,55,0,0.5002680827319879,1.110923412791323,20,blocked
20256,56,0,0.5551578533190062,0.49847108521647476,20,blocked
20257,57,0,0.8911468889645936,0.6152087447930337,20,blocked
20258,58,0,0.865799280396362,0.7832372056738074,20,blocked
20259,59,0,0.13102422979057,0.5385528287150467,20,blocked
20260,60,0,0.7351726497478616,0.5706723567760017,20,blocked
20261,61,0,0.5050757729584595,0.5842673745760625,20,blocked
20262,62,0,0.5824701943988556,0.4991185008478841,20,blocked
20263,63,0,0.4958673611624042,0.4797830867210521,20,blocked
20264,64,0,0.36958778463130015,0.4183720876117756,20,blocked
20265,65,0,0.5903051063442326,0.7308782222458222,20,blocked
20266,66,0,0.01691794649868598,0.7725172358561414,20,blocked
20267,67,0,0.476390893241937,0.5187605542139824,20,blocked
20268,68,0,0.9773966751487649,0.6598906444522915,20,blocked
20269,69,0,0.6188214715026392,0.5327036987344468,20,blocked
20270,70,0,0.4231414756610903,0.39635997134000156,20,blocked
20271,71,0,0.5028072576657607,1.0077877862667939,20,blocked
20272,72,0,0.7197903897003595,0.44544930277381434,20,blocked
20273,73,0,0.6945080091188367,0.766365400369106,20,blocked
20274,74,0,0.6520765741885423,0.7304254403262365,20,blocked
20275,75,0,0.6979947993378273,0.4512489592142491,20,blocked
20276,76,0,0.45620924620173253,0.4302858789001369,20,blocked
20277,77,0,0.5470571131018557,0.42773856399960614,20,blocked
20278,78,0,0.47629300657579826,0.49557797384078695,20,blocked
20279,79,0,0.9753970184936092,0.3863215930222662,20,blocked
20280,80,0,0.8021886822742724,0.9003726496615021,20,blocked
20281,81,0,0.48225363144865824,0.7716263375645258,20,blocked
20282,82,0,0.49249749317361763,0.9021160096813776,20,blocked
20283,83,0,0.07586855084485805,0.7927352160701834,20,blocked
20284,84,0,0.46853395242037466,0.6306919627723611,20,blocked
20285,85,0,0.8734163904470704,0.6131212975208141,20,blocked
20286,86,0,0.2858234839600924,0.5544002459016641,20,blocked
20287,87,0,0.1613500117907497,0.7579714289032968,20,blocked
20288,88,0,0.9967010979289059,1.0014319480810374,20,blocked
20289,89,0,0.44288077083030597,0.4879726302912103,20,blocked
20290,90,0,0.9778668460082347,0.3292664104865022,20,blocked
20291,91,0,0.9831165306752849,0.5132645131840434,20,blocked
20292,92,0,0.831925115025208,0.4999514026692864,20,blocked
20293,93,0,0.24172372903712938,0.5683685812430894,20,blocked
20294,94,0,0.8227859098809591,0.30498761492571885,20,blocked
20295,95,0,0.2355490054266808,0.6055060114844324,20,blocked
20296,96,0,0.4662542339476423,0.8156042541203283,20,blocked
20297,97,0,0.4257336658549725,0.4100904614364407,20,blocked
20298,98,0,0.4224472840702045,0.5589718738822547,20,blocked
20299,99,0,0.9725271905633421,0.653501742837064,20,blocked
20300,100,0,0.8109954178082569,0.567747581455827,20,blocked
20301,101,0,0.8118981864573058,0.42665373795314915,20,blocked
20302,102,0,0.8684833831243935,0.40690205374676847,20,blocked
20303,103,0,0.01676901570574773,0.9694059911491053,20,blocked
20304,104,0,0.8901375542479174,0.5010034426012079,20,blocked
20305,105,0,0.9983744006957094,0.7073094428460234,20,blocked
20306,106,0,0.961565289357522,0.5006543120030393,20,blocked
20307,107,0,0.9260007012145919,0.6719981844756209,20,blocked
20308,108,0,0.5028876402398134,0.5420609849489808,20,blocked
20309,109,0,0.07165726722368149,0.5997770606253925,20,blocked
20310,110,0,0.8844666472851054,0.5655655808506106,20,blocked
20311,111,0,0.9733895404256363,0.396173173881299,20,blocked
20312,112,0,0.9445469866107992,0.7156417670722819,20,blocked
20313,113,0,0.3208220935041288,0.6638203504834242,20,blocked
20314,114,0,0.9952959759758323,0.7198566918897529,20,blocked
20315,115,0,0.9995314696819709,0.6512715286855486,20,blocked
20316,116,0,0.7462035226416474,0.3982193494399261,20,blocked
20317,117,0,0.7625727818034294,0.2529026984046712,20,blocked
20318,118,0,0.5569285133937434,0.5196059628808731,20,blocked
20319,119,0,0.6376599576670736,0.5594233880101175,20,blocked
20320,120,0,0.7336174593974546,0.5480723721468715,20,blocked
20321,121,0,0.5171405897702678,0.24804927685561223,20,blocked
20322,122,0,0.8429177814275508,0.5479557853320856,20,blocked
20323,123,0,0.4936448048815752,0.8232665754759816,20,blocked
20324,124,0,0.5015607842455986,0.5948103777380173,20,blocked
20325,125,0,0.9079280299662014,0.7216642486035243,20,blocked
20326,126,0,0.060604003317763534,0.7960844115827296,20,blocked
20327,127,0,0.7577521297208267,0.4306263199760971,20,blocked
20328,128,0,0.9616618018121339,0.3621389498429663,20,blocked
20329,129,0,0.053074615888174866,0.79838446110575,20,blocked
20330,130,0,0.4978611013662673,0.5939579944923629,20,blocked
20331,131,0,0.555905957059385,0.4010441840873039,20,blocked
20332,132,0,0.9239237779938185,0.38329789544082166,20,blocked
20333,133,0,0.09960420680804397,0.5849217592295058,20,blocked
20334,134,0,0.5071157999567879,0.43905719781570157,20,blocked
20335,135,0,0.8492604358896765,0.5232446860328568,20,blocked
20336,136,0,0.967072874314967,0.5073261183646539,20,blocked
20337,137,0,0.9897780885342888,0.342019819830921,20,blocked
20338,138,0,0.9587142127876069,0.37657627717715814,20,blocked
20339,139,0,0.05280712149902036,0.6097164692011997,20,blocked
20340,140,0,0.3286580777983622,0.4432873161824874,20,blocked
20341,141,0,0.9050090571984674,0.34146376403192946,20,blocked
20342,142,0,0.819405139383548,0.39857259122063043,20,blocked
20343,143,0,0.9932992833389138,0.6826824054662739,20,blocked
20344,144,0,0.6819537933383945,0.46998605185342573,20,blocked
20345,145,0,0.19338039386658945,0.5996838389201906,20,blocked
20346,146,0,0.9572756413014609,0.6936860732810549,20,blocked
20347,147,0,0.9778756611311461,0.3668259495019697,20,blocked
20348,148,0,0.9985143345567322,0.38585517307848116,20,blocked
20349,149,0,0.9714779429900806,0.4038065457809693,20,blocked
20350,150,0,0.7950047712317692,0.6142271131619425,20,blocked
20351,151,0,0.9503558910688928,0.742868704359579,20,blocked
20352,152,0,0.9301457902901329,0.9674207357179433,20,blocked
20353,153,0,0.9972776513492384,0.5728639935650375,20,blocked
20354,154,0,0.4143661775586367,0.3954758876911114,20,blocked
20355,155,0,0.5900096788511578,0.33102080607786133,20,blocked
20356,156,0,0.9884257006945634,0.4105663564730544,20,blocked
20357,157,0,0.9390667165247331,0.39537534634542526,20,blocked
20358,158,0,0.9948516691822877,0.45430459342682983,20,blocked
20359,159,0,0.9591772222212716,0.3497373629051445,20,blocked
20360,160,0,0.832767403531395,0.539187055868116,20,blocked
20361,161,0,0.9867451386959294,0.3764227935594693,20,blocked
20362,162,0,0.5033218775577201,0.44448444360696104,20,blocked
20363,163,0,0.9829800300603306,0.37390513424367655,20,blocked
20364,164,0,0.03145638702349654,0.5323569139241817,20,blocked
20365,165,0,0.49971775923634965,0.8167501182487336,20,blocked
20366,166,0,0.21546798665014616,0.4354122309366828,20,blocked
20367,167,0,0.9972900118271512,0.44036048009905904,20,blocked
20368,168,0,0.4985275870726966,0.5490223781434658,20,blocked
20369,169,0,0.21820793182228984,0.6595736840941536,20,blocked
20370,170,0,0.8764859347281544,0.5727540724695974,20,blocked
20371,171,0,0.43197168788520723,0.4667805997571732,20,blocked
20372,172,0,0.9235087949154512,0.35334363988341716,20,blocked
20373,173,0,0.1095255920550515,0.35384314860223465,20,blocked
20374,174,0,0.5460779339009726,0.47606539912127976,20,blocked
20375,175,0,0.7512827651692934,0.5230492554094959,20,blocked
20376,176,0,0.7694249317652943,0.38512400184052414,20,blocked
20377,177,0,0.49797709097103626,0.49344379605054745,20,blocked
20378,178,0,0.269782710557709,0.7051073182098503,20,blocked
20379,179,0,0.896525411649912,0.7708619817099459,20,blocked
20380,180,0,0.8528727779840557,0.5058215426400612,20,blocked
20381,181,0,0.9779351594229978,0.6707486077707993,20,blocked
20382,182,0,0.9639599406813331,0.4032360401041608,20,blocked
20383,183,0,0.4549446277505981,0.5066548287523412,20,blocked
20384,184,0,0.46424792286369687,0.4670780860596718,20,blocked
20385,185,0,0.26218546154658956,0.4089838720247142,20,blocked
20386,186,0,0.9933470731911089,0.4834992770820916,20,blocked
20387,187,0,0.7447688159755246,0.4184202029281435,20,blocked
20388,188,0,0.3258320202782774,0.4454970234943516,20,blocked
20389,189,0,0.5419537299967614,0.3641144065843632,20,blocked
20390,190,0,0.47350089966402337,0.5055538120203221,20,blocked
20391,191,0,0.9693657821660571,0.3113328506137908,20,blocked
20392,192,0,0.5491372707674996,0.43377064211141036,20,blocked
20393,193,0,0.9948094948718367,0.5162131410533305,20,blocked
20394,194,0,0.3814709341721352,0.5746504660471818,20,blocked
20395,195,0,0.8003251279835537,0.6524577412972155,20,blocked
20396,196,0,0.8005057564894511,0.5211492605475603,20,blocked
20397,197,0,0.7708560709698316,0.5156967671291173,20,blocked
20398,198,0,0.4979274268215874,0.8006365799945757,20,blocked
20399,199,0,0.5209016151050967,0.5608899853541387,20,blocked
20400,0,0,0.42507213471934413,0.8306789526071674,20,early
20401,1,0,0.09472471975741334,0.6217006437871132,20,early
20402,2,0,0.9808721591094802,0.6627867707122088,20,early
20403,3,0,0.375258267693044,0.7962553398159459,20,early
20404,4,0,0.9993078986228254,0.5015201477561841,20,early
20405,5,0,0.9622327152254875,0.7556029462005411,20,early
20406,6,0,0.49505235670917375,1.2774873323118001,20,early
20407,7,0,0.5386392607169758,0.7031538864946789,20,early
20408,8,0,0.9151892220461111,0.6501866277049476,20,early
20409,9,0,0.1595684826791669,0.5983982136491656,20,early
20410,10,0,0.8120139188313054,0.9779552096441153,20,early
20411,11,0,0.015599437496052401,0.6743629541084066,20,early
20412,12,0,0.4143312933725146,0.9431985554928871,20,early
20413,13,0,0.9969836945219805,0.8277584159058087,20,early
20414,14,0,0.02926692602931091,0.7291516104379416,20,early
20415,15,0,0.17234012977097019,0.8144834433057436,20,early
20416,16,0,0.9963838492742318,0.704482845514123,20,early
20417,17,0,0.9120009040960053,0.610036971043574,20,early
20418,18,0,0.3578538547711457,0.7747886273471907,20,early
20419,19,0,0.9363768353678303,0.9272584760492616,20,early
20420,20,0,0.6995488837817381,0.7666232977814949,20,early
20421,21,0,0.004702428765117256,1.0296607757517335,20,early
20422,22,0,0.9693406376623273,0.7196933555420229,20,early
20423,23,0,0.9869633503364825,0.7903812687943913,20,early
20424,24,0,0.6574689898724622,0.8987309147475582,20,early
20425,25,0,0.0008295168362250989,0.8978916886318011,20,early
20426,26,0,0.48335819214944675,0.9568995775773292,20,early
20427,27,0,0.5051719743538953,0.7190770699832594,20,early
20428,28,0,0.2797796280906635,0.7766170100199703,20,early
20429,29,0,0.04105095736155111,0.8850148071497732,20,early
20430,30,0,0.06636278572630887,0.7781456261425991,20,early
20431,31,0,0.9884694638738268,0.5869410501116769,20,early
20432,32,0,0.07600990666497476,0.8287207372287824,20,early
20433,33,0,0.5141201396788413,0.7888073087555479,20,early
20434,34,0,0.006502532891813807,1.0661643766084183,20,early
20435,35,0,0.32335801461770325,0.7725549155879525,20,early
20436,36,0,0.4894124588951093,0.8837564678012377,20,early
20437,37,0,0.997369312399609,0.714624288262532,20,early
20438,38,0,0.8120739315411973,0.8206662195440042,20,early
20439,39,0,0.9985636106594848,1.2487361805155148,20,early
20440,40,0,0.949952300766509,0.7482314865414585,20,early
20441,41,0,0.500298924085331,0.8895047327944829,20,early
20442,42,0,0.5189354574798186,0.7247645449266271,20,early
20443,43,0,0.035767733328481925,0.776324208144008,20,early
20444,44,0,0.8599065371126469,0.5958591003041785,20,early
20445,45,0,0.8879193382797359,0.5861831600914276,20,early
20446,46,0,0.4981816570064764,0.8706082975114073,20,early
20447,47,0,0.39613552102309224,0.5938292236405345,20,early
20448,48,0,0.8569299913644277,0.7247709708017918,20,early
20449,49,0,0.951650256067308,0.9298521757001592,20,early
20450,50,0,0.33885399190528204,0.9921949784028302,20,early
20451,51,0,0.9988813233552025,0.8476942244287529,20,early
20452,52,0,0.6957570302350726,0.6272957849330069,20,early
20453,53,0,0.9806846441909212,0.8086530302095957,20,early
20454,54,0,0.5342269310516674,0.9408660658604993,20,early
20455,55,0,0.4896346086424849,0.9989701567950575,20,early
20456,56,0,0.9397973218851285,0.6159078815056794,20,early
20457,57,0,0.3385434974333641,0.7702041793157934,20,early
20458,58,0,0.5960061803445769,0.7208216557679722,20,early
20459,59,0,0.9516634498042965,0.8537597635904177,20,early
20460,60,0,0.7908138891937693,0.4748732537712409,20,early
20461,61,0,0.9910892210208905,0.582570026408725,20,early
20462,62,0,0.39346896600975234,0.4265520924930068,20,early
20463,63,0,0.6562951400501564,0.7831910778051066,20,early
20464,64,0,0.5001937405538556,0.8705643321678558,20,early
20465,65,0,0.5600227218439636,0.6979861554651831,20,early
20466,66,0,0.9421015959722059,0.5175732422495377,20,early
20467,67,0,0.17871222190103456,0.8701856339340759,20,early
20468,68,0,0.5001145659517007,0.6477271972234013,20,early
20469,69,0,0.27382788931975033,0.818630694112906,20,early
20470,70,0,0.2908822444792256,0.46441399671708655,20,early
20471,71,0,0.8123167572459287,0.7658238372064607,20,early
20472,72,0,0.4994199992713367,0.7321486690788341,20,early
20473,73,0,0.5017454815645253,0.5578644522376233,20,early
20474,74,0,0.5036861357214912,0.6079600401989681,20,early
20475,75,0,0.3709095670337004,0.7132285836418631,20,early
20476,76,0,0.5595568390827642,0.9941374336317426,20,early
20477,77,0,0.4990818260894799,0.7653909604834996,20,early
20478,78,0,0.566081692097906,0.870206109513187,20,early
20479,79,0,0.4979300148527599,0.8828389362392143,20,early
20480,80,0,0.5386904825716438,0.7960235390543342,20,early
20481,81,0,0.3654646299978201,0.5369213976631847,20,early
20482,82,0,0.9058108921111211,0.5403404836767877,20,early
20483,83,0,0.5074697311100045,0.817808309370996,20,early
20484,84,0,0.6218806442268419,0.6501830539818865,20,early
20485,85,0,0.500070232828998,1.224688677827076,20,early
20486,86,0,0.27808084135253225,0.8312214889959175,20,early
20487,87,0,0.4999871090505539,0.7828351638534086,20,early
20488,88,0,0.02061461880062139,0.8907620120462251,20,early
20489,89,0,0.45952573946348485,0.8283438347814984,20,early
20490,90,0,0.9999906952655953,1.1553620938000386,20,early
20491,91,0,0.5091801379282966,0.6543017855347935,20,early
20492,92,0,0.5254276211863429,0.8378260086766633,20,early
20493,93,0,0.500014418247547,0.8618666791556912,20,early
20494,94,0,0.002350684325453575,1.0785551040948689,20,early
20495,95,0,0.5068620725736972,0.7489111513249375,20,early
20496,96,0,0.36921766715671184,0.6705442795952361,20,early
20497,97,0,0.4999919824123072,0.6578934776998544,20,early
20498,98,0,0.5855606068347151,0.6520269938069223,20,early
20499,99,0,0.6185699541832873,0.5046029158336882,20,early
20500,100,0,0.1455551523799425,0.9035783456087574,20,early
20501,101,0,0.9703977452132646,0.9329263222231903,20,early
20502,102,0,0.03509740316524159,1.0704153903163012,20,early
20503,103,0,0.5157975122624647,0.7181475740837191,20,early
20504,104,0,0.47891454090042623,1.0072182211074576,20,early
20505,105,0,0.06191938589590648,0.9744629808287529,20,early
20506,106,0,0.0018801801481132803,1.033132124296238,20,early
20507,107,0,0.5790093647960786,0.5861185466588625,20,early
20508,108,0,0.2777666143358746,0.9109396486218541,20,early
20509,109,0,0.0379611355470382,0.8759377184331227,20,early
20510,110,0,0.9662747098644391,0.35656626886630827,20,early
20511,111,0,0.9750642659917164,0.7577445850685496,20,early
20512,112,0,0.40385040025692054,0.8408457571310146,20,early
20513,113,0,0.19699412340993414,0.7300996882631356,20,early
20514,114,0,0.6453943479245757,0.7867283565687797,20,early
20515,115,0,0.900113020192657,0.6587598994540012,20,early
20516,116,0,0.3379276662039944,0.6600187139987286,20,early
20517,117,0,0.04225007716776918,0.7826733614652439,20,early
20518,118,0,0.4402619509519578,0.7239676720834802,20,early
20519,119,0,0.4920359844428599,0.8097329701095553,20,early
20520,120,0,0.8563644721070678,0.6974802098476716,20,early
20521,121,0,0.24076407441637107,0.9382626099474024,20,early
20522,122,0,0.13580090787709803,0.7002400223489103,20,early
20523,123,0,0.5899051944202829,0.8555681102533927,20,early
20524,124,0,0.9925999362491106,0.9900649029062163,20,early
20525,125,0,0.8584397454697676,0.5607770800230232,20,early
20526,126,0,0.8485809953025509,0.6475094393405905,20,early
20527,127,0,0.5877890719246264,0.6732176767446787,20,early
20528,128,0,0.3921572315979514,0.9391227523520939,20,early
20529,129,0,0.5008373015096046,0.7750471793314653,20,early
20530,130,0,0.37388775070700836,0.7836562681464525,20,early
20531,131,0,0.6475527523551656,0.37135896074093466,20,early
20532,132,0,0.05850915515204851,0.8753856346058243,20,early
20533,133,0,0.4999823133000729,1.0816041717924842,20,early
20534,134,0,0.9955015169077437,0.7445658866405827,20,early
20535,135,0,0.5662748544909424,0.7790013266499074,20,early
20536,136,0,0.3812486982828096,1.0614005321459214,20,early
20537,137,0,0.49849708017513134,0.8905862964555051,20,early
20538,138,0,0.5057508996758852,0.7153786740930019,20,early
20539,139,0,0.23260624155027504,0.8338718868184791,20,early
20540,140,0,0.9691662332768168,0.684143282794982,20,early
20541,141,0,0.671509091364905,0.6865861918156366,20,early
20542,142,0,0.515286477229891,0.9481597557557756,20,early
20543,143,0,0.6857082471249374,0.5891121835170101,20,early
20544,144,0,0.05838417147747769,0.8961304496104402,20,early
20545,145,0,0.5000008640287529,0.8870026444467413,20,early
20546,146,0,0.9822410450569808,0.5021577161057418,20,early
20547,147,0,0.3373670884887673,0.5507409558379045,20,early
20548,148,0,0.004413237559651166,0.9556614667009697,20,early
20549,149,0,0.502404153233501,0.7547326687815852,20,early
20550,150,0,0.5204112566318767,0.5059455278718366,20,early
20551,151,0,0.4998764402079448,0.7743268926189424,20,early
20552,152,0,0.9984999899623772,0.6869134998704512,20,early
20553,153,0,0.49921411946749944,0.8842681402630295,20,early
20554,154,0,0.0005217293746411377,1.1054371704312884,20,early
20555,155,0,0.620924289335324,0.5989951459667061,20,early
20556,156,0,0.3897566714946438,0.7906733252809446,20,early
20557,157,0,0.4153804872860877,0.670022866253791,20,early
20558,158,0,0.7515712465571538,0.5257105006856495,20,early
20559,159,0,0.5685304865097794,0.3279405092900568,20,early
20560,160,0,0.16936905063346158,0.5064150603434897,20,early
20561,161,0,0.34810645105694976,0.5528839164030758,20,early
20562,162,0,2.1308895562318877e-05,1.063196641044248,20,early
20563,163,0,0.889935608352833,0.5002602629429692,20,early
20564,164,0,0.8096787626098998,0.6824585664752996,20,early
20565,165,0,0.7194322580290249,0.5428538758754274,20,early
20566,166,0,0.41239187388114323,0.6752852842027262,20,early
20567,167,0,0.055418835566530385,0.7206342807592456,20,early
20568,168,0,0.500300064485609,0.8921349442477952,20,early
20569,169,0,0.9982764732549471,0.7543148163409072,20,early
20570,170,0,0.9950971068407088,0.30919656717274435,20,early
20571,171,0,0.4608465696930477,0.7673750903443994,20,early
20572,172,0,0.922811667800347,0.67135448898113,20,early
20573,173,0,0.5586624476727535,0.46530361596710956,20,early
20574,174,0,0.20972037874730476,0.6340020858095432,20,early
20575,175,0,0.49935414816952906,0.7640883715651947,20,early
20576,176,0,0.54625078708114,0.6941631898214651,20,early
20577,177,0,0.5165570016679356,0.569965646787318,20,early
20578,178,0,0.963687557630396,0.46594736042928986,20,early
20579,179,0,0.9907525999599412,0.5673489344971169,20,early
20580,180,0,0.921700741723839,0.5228487290064368,20,early
20581,181,0,0.12373165200557515,0.5102018351690231,20,early
20582,182,0,0.9281539623614485,0.4845477492547353,20,early
20583,183,0,0.0006993374278304816,1.0622304807995318,20,early
20584,184,0,0.5264551325201476,0.7075542556671347,20,early
20585,185,0,0.43764369042622375,0.7450414193487627,20,early
20586,186,0,0.9718334823985575,0.6711230009852879,20,early
20587,187,0,0.9941886519449825,0.7388972835097913,20,early
20588,188,0,0.964608917442008,0.6945002940207636,20,early
20589,189,0,0.4913528665926548,0.7041323868683504,20,early
20590,190,0,0.9974836102011655,0.4345105895136295,20,early
20591,191,0,0.7100463135208281,0.6337290617442745,20,early
20592,192,0,0.015024850686371329,0.6406686173114547,20,early
20593,193,0,0.5584221405469458,0.4107443986098296,20,early
20594,194,0,0.09286363951832045,0.6477220946787905,20,early
20595,195,0,0.5511966058252654,0.6138738207495065,20,early
20596,196,0,0.15798533791647912,0.6705485355342125,20,early
20597,197,0,0.5003601672482059,0.6424751089956325,20,early
20598,198,0,0.4771974885363932,0.7598617368476623,20,early
20599,199,0,0.0004922187807201601,0.9355577315124105,20,early
20600,0,0,0.5004883369448524,0.6125720528919081,20,middle
20601,1,0,0.006300630775647197,0.7433073817234728,20,middle
20602,2,0,0.5086014692019057,0.5618829639454507,20,middle
20603,3,0,0.687734253918459,0.44909484615051,20,middle
20604,4,0,0.568458865979609,0.6511814050664044,20,middle
20605,5,0,0.9928727672036801,0.9467750609692743,20,middle
20606,6,0,0.5156838234252039,0.8544075550559546,20,middle
20607,7,0,0.0302240982019882,0.6905831100753668,20,middle
20608,8,0,0.46497539054687276,0.7556845660422549,20,middle
20609,9,0,0.5041243768138584,0.7933683399637652,20,middle
20610,10,0,0.47407116294584556,0.6227914418401774,20,middle
20611,11,0,0.9541118821214544,0.5762755915545508,20,middle
20612,12,0,0.4310993905681122,0.5095014306944506,20,middle
20613,13,0,0.9738265412126196,0.6172684037333488,20,middle
20614,14,0,0.500668980130243,0.8421112434103528,20,middle
20615,15,0,0.9987624661373968,0.48511371457104135,20,middle
20616,16,0,0.5482831863814162,0.5896730132695229,20,middle
20617,17,0,0.003600547414733945,0.648308346372908,20,middle
20618,18,0,0.36911057894269156,0.8438502047456861,20,middle
20619,19,0,0.7370657174371203,0.5181899612591113,20,middle
20620,20,0,0.9857565915379204,0.5909613570783026,20,middle
20621,21,0,0.0054617254856932935,0.9511479161434135,20,middle
20622,22,0,0.4976806743641851,0.6581112797579318,20,middle
20623,23,0,0.7895931719062901,0.5535804699777012,20,middle
20624,24,0,0.5937241939471498,0.8982616900074935,20,middle
20625,25,0,0.6112168701442342,0.6624807160394779,20,middle
20626,26,0,0.9397112644761584,0.42814424662903333,20,middle
20627,27,0,0.937847005251687,0.7767986708470793,20,middle
20628,28,0,0.5718358001597568,0.7332257013015597,20,middle
20629,29,0,0.5616360300537308,0.8156364626089663,20,middle
20630,30,0,0.14200891419814904,1.0347260957295021,20,middle
20631,31,0,0.4702028644340051,0.8792767008303379,20,middle
20632,32,0,0.5548053258625467,0.6535495929694745,20,middle
20633,33,0,0.0024785331490471576,1.156507440786473,20,middle
20634,34,0,0.524365631851095,0.5779129292836656,20,middle
20635,35,0,0.5442241533892761,0.6063879421083107,20,middle
20636,36,0,0.48268259031769645,1.116686605540243,20,middle
20637,37,0,0.0087616432736324,1.0438916650627263,20,middle
20638,38,0,0.49735930009200097,0.7775336662489065,20,middle
20639,39,0,0.5576409434857377,0.6366399779370386,20,middle
20640,40,0,0.5056737325274686,0.6698783798735394,20,middle
20641,41,0,0.974807147508848,0.39434483500813233,20,middle
20642,42,0,0.5170763311202878,0.5584510036123466,20,middle
20643,43,0,0.5039889242892457,0.45507550692950915,20,middle
20644,44,0,0.3594836597897052,0.6698534288197159,20,middle
20645,45,0,0.9920166276926144,1.1181709818187442,20,middle
20646,46,0,0.5213152684166554,0.8961272877041362,20,middle
20647,47,0,0.9732405577451173,0.616878834305091,20,middle
20648,48,0,0.5131162221498117,0.46197773268592524,20,middle
20649,49,0,0.4314141932725374,0.9002750981840402,20,middle
20650,50,0,0.20728414618360336,1.0063377307003034,20,middle
20651,51,0,0.4859368825495887,0.6613163017113026,20,middle
20652,52,0,0.8443635782475286,0.6735720997257815,20,middle
20653,53,0,0.9992934568801106,0.5540477424657654,20,middle
20654,54,0,0.944816321223816,0.6317576580558683,20,middle
20655,55,0,0.995958640373486,0.8332085570617408,20,middle
20656,56,0,0.7262107782967557,0.4918288369886433,20,middle
20657,57,0,0.9984376323542623,0.5877398749830042,20,middle
20658,58,0,0.8926841120812435,0.6476587577917569,20,middle
20659,59,0,0.9984901440122762,0.6380202122582892,20,middle
20660,60,0,0.9988297723049055,0.41339277361754856,20,middle
20661,61,0,0.9431316306511655,0.7402655659565766,20,middle
20662,62,0,0.5118767502029787,0.4944531040196747,20,middle
20663,63,0,0.9527739675876733,0.3709048543460851,20,middle
20664,64,0,0.40372037980487685,1.071792789265877,20,middle
20665,65,0,0.26555381472621853,1.2129056745079172,20,middle
20666,66,0,0.9967930603397402,0.710410228628759,20,middle
20667,67,0,0.6976678979603269,0.6889782475993771,20,middle
20668,68,0,0.5923143721099714,0.9535476037362107,20,middle
20669,69,0,0.8830432802968415,0.7065674261041124,20,middle
20670,70,0,0.9379691798547299,0.49117823695263113,20,middle
20671,71,0,0.8039576410960458,0.8979634202874804,20,middle
20672,72,0,0.9502330058501554,0.48011452671745936,20,middle
20673,73,0,0.5859885098996984,0.4551351942762586,20,middle
20674,74,0,0.5911309093481482,0.5618580130751055,20,middle
20675,75,0,0.951162410959113,0.6486026584967702,20,middle
20676,76,0,0.9965325109269237,0.577510350699951,20,middle
20677,77,0,0.6047066559718656,0.5394249978639507,20,middle
20678,78,0,0.946595844432708,0.5171450625657036,20,middle
20679,79,0,0.7148635907961398,0.8355078255847412,20,middle
20680,80,0,0.005280217833790726,1.230083712115288,20,middle
20681,81,0,0.00047868998056508754,1.2715840962346385,20,middle
20682,82,0,0.9999994555995759,0.9186256026320876,20,middle
20683,83,0,0.7665738738878567,0.8206404331223422,20,middle
20684,84,0,0.9958444639124019,0.8640129960681597,20,middle
20685,85,0,0.6503048153881994,0.9449771307616787,20,middle
20686,86,0,0.9899383330335407,0.5387276357977936,20,middle
20687,87,0,0.9987893521789946,0.589690079048953,20,middle
20688,88,0,0.9964799400648707,0.8015166453260194,20,middle
20689,89,0,0.0678047436802831,0.8015831106547702,20,middle
20690,90,0,0.19916275777446205,0.5823230958413748,20,middle
20691,91,0,0.24414137933715493,0.5992056367802514,20,middle
20692,92,0,0.9997944035203392,0.6464886366114357,20,middle
20693,93,0,0.8212379528224447,0.6065149191169665,20,middle
20694,94,0,0.016106358888014607,1.2235276219242266,20,middle
20695,95,0,0.002146479140246343,0.7292385659846645,20,middle
20696,96,0,0.17904723850074292,0.7172247387894966,20,middle
20697,97,0,0.9987596277708632,0.5782444812186229,20,middle
20698,98,0,0.3811100701392097,0.767282396562089,20,middle
20699,99,0,0.049410610217280465,1.2074062261703613,20,middle
20700,100,0,0.29876147682151083,1.181384071577257,20,middle
20701,101,0,0.5635933889197298,0.6440230245781574,20,middle
20702,102,0,0.9332502575481243,0.47128550406566094,20,middle
20703,103,0,0.7498891723567437,0.7697876589567187,20,middle
20704,104,0,0.9982929359239349,0.660788275896673,20,middle
20705,105,0,0.9526228168322113,0.8104039141123502,20,middle
20706,106,0,0.9603162382157977,0.694919460271427,20,middle
20707,107,0,0.9960295419856305,0.32041108959826076,20,middle
20708,108,0,0.3836538394517505,0.6957973716118213,20,middle
20709,109,0,0.7403706888325834,0.4690929389690229,20,middle
20710,110,0,0.949373105172772,0.49514590216357557,20,middle
20711,111,0,0.026579224521337454,0.9886450584176536,20,middle
20712,112,0,0.7832508400570819,1.1355961127163718,20,middle
20713,113,0,0.014108248967346693,0.7360924899469291,20,middle
20714,114,0,0.9997555804748693,0.622720486691734,20,middle
20715,115,0,0.9872844336824169,0.28328425826270576,20,middle
20716,116,0,0.9937065908620367,0.7810191695775139,20,middle
20717,117,0,0.9999971432509158,1.1402384949120603,20,middle
20718,118,0,0.9174607623203948,0.4652257104279495,20,middle
20719,119,0,0.9431467846515369,0.6747991458034455,20,middle
20720,120,0,0.49067856309128194,0.8914966755628386,20,middle
20721,121,0,0.772300532523958,0.6437989737749399,20,middle
20722,122,0,0.8555017011139405,1.0771204630825353,20,middle
20723,123,0,0.845505114464979,0.6133974648267579,20,middle
20724,124,0,0.6117070153166698,0.5438702219706273,20,middle
20725,125,0,0.9363035627730927,0.72662216240504,20,middle
20726,126,0,0.5015725497885285,0.6224893786190913,20,middle
20727,127,0,0.49998441788498177,0.8545216016848423,20,middle
20728,128,0,0.5022615346474074,0.7610573373962041,20,middle
20729,129,0,0.9945177825459128,0.5354759339122206,20,middle
20730,130,0,0.5168828574435574,0.710651664324083,20,middle
20731,131,0,0.4673675970364829,0.6832564570323998,20,middle
20732,132,0,0.8918469150996823,0.619644245760228,20,middle
20733,133,0,0.022731909629358428,1.025607846136198,20,middle
20734,134,0,0.510266978077363,0.5706194704904126,20,middle
20735,135,0,0.5032732293590243,0.5352145393573047,20,middle
20736,136,0,0.5159719121604756,0.7645483550773298,20,middle
20737,137,0,0.6029183443255794,0.8026989467408226,20,middle
20738,138,0,0.11657435074748392,0.6962357450482171,20,middle
20739,139,0,0.9066941643873676,0.5318083462264543,20,middle
20740,140,0,0.45717162781762644,0.9099478050755558,20,middle
20741,141,0,0.9527371311886135,0.7482170812899951,20,middle
20742,142,0,0.5981499942416775,1.0610699052894903,20,middle
20743,143,0,0.9603109926153508,0.40591866839868423,20,middle
20744,144,0,0.5130280154919485,0.7787679809125649,20,middle
20745,145,0,0.22804739919341369,0.9734115441974387,20,middle
20746,146,0,0.49941517410955794,1.103646275944504,20,middle
20747,147,0,0.00014118254599613877,1.1785392537707706,20,middle
20748,148,0,0.5786150556601671,0.6995948280537092,20,middle
20749,149,0,0.5014262434312525,0.6433378687847756,20,middle
20750,150,0,0.9544966175466697,0.7777161952124683,20,middle
20751,151,0,0.004376643955421715,0.9944560924263224,20,middle
20752,152,0,0.5007529331495639,0.6145336485503827,20,middle
20753,153,0,0.1551216320687193,0.773800675887749,20,middle
20754,154,0,0.5004407920214233,0.7631005772879689,20,middle
20755,155,0,0.4354479616006957,0.5384529540880966,20,middle
20756,156,0,0.5007489670988903,0.6253861575705448,20,middle
20757,157,0,0.12485890246034127,1.0574516671476557,20,middle
20758,158,0,0.5008531580111361,0.8187477076028611,20,middle
20759,159,0,0.9947385942157859,0.84225519454098,20,middle
20760,160,0,0.01641797014017192,1.1338796233416386,20,middle
20761,161,0,0.5372515255084278,0.8356055607270778,20,middle
20762,162,0,0.8577453155687201,0.41600915171402153,20,middle
20763,163,0,0.5006270752436107,0.7286511671834982,20,middle
20764,164,0,0.6287734123074538,0.6216929249867675,20,middle
20765,165,0,0.4802727844584548,0.545559088457794,20,middle
20766,166,0,0.3683860243254458,0.8132384166393574,20,middle
20767,167,0,0.9986719922130688,0.5120112989760701,20,middle
20768,168,0,0.6728854376088453,0.6491911770911134,20,middle
20769,169,0,0.49951092426488514,1.263626928970945,20,middle
20770,170,0,0.7215023764864097,0.5742987891382058,20,middle
20771,171,0,0.5819911662636349,0.7415243887098225,20,middle
20772,172,0,0.653857770060573,0.7175801349292086,20,middle
20773,173,0,0.5304133014677888,0.8023343521950639,20,middle
20774,174,0,0.5001524408298371,0.9971203371337207,20,middle
20775,175,0,0.41196451983131277,0.7220744217570265,20,middle
20776,176,0,0.5282223250147688,0.6446484384930922,20,middle
20777,177,0,0.30392020022273014,0.838496719890335,20,middle
20778,178,0,0.7610826321402033,0.6728266913056613,20,middle
20779,179,0,0.2089111936615789,0.6380619793227624,20,middle
20780,180,0,0.5266241714733987,0.7213875411513244,20,middle
20781,181,0,0.7991618115274205,0.454933521814797,20,middle
20782,182,0,0.08522661529316916,0.7599243612003239,20,middle
20783,183,0,0.048964377856610015,0.6893091980046387,20,middle
20784,184,0,0.6682103738008055,0.4940502797656875,20,middle
20785,185,0,0.9999533009455506,0.7068736238025622,20,middle
20786,186,0,0.8644727756686561,0.6026012856644549,20,middle
20787,187,0,0.9360276172248326,0.35689268539769103,20,middle
20788,188,0,0.5152905866764539,0.6726508322456108,20,middle
20789,189,0,0.9964343448038815,0.9600691771579559,20,middle
20790,190,0,0.5303329535876202,0.6788868216364867,20,middle
20791,191,0,0.6638491695527938,0.7634496042476223,20,middle
20792,192,0,0.5275997009259811,0.9428693110146928,20,middle
20793,193,0,0.09218795906343671,0.9247137017406797,20,middle
20794,194,0,0.09376568299341682,0.6696014819568089,20,middle
20795,195,0,0.5959930604730893,0.5442111107903937,20,middle
20796,196,0,0.9727086246336356,0.8092316338976637,20,middle
20797,197,0,0.6943711299802724,0.5378610835793062,20,middle
20798,198,0,0.928637633138716,0.6050599325624199,20,middle
20799,199,0,0.498770220757655,0.899235412108323,20,middle
20800,0,0,0.826681302664455,0.5695384916675957,20,late
20801,1,0,0.5027740800044244,0.576447096764771,20,late
20802,2,0,0.23486331303015173,0.5338988511956435,20,late
20803,3,0,0.49840050381871925,0.7609727225312686,20,late
20804,4,0,0.26364790684727624,0.695321215164087,20,late
20805,5,0,0.499470894440624,0.4769591943280108,20,late
20806,6,0,0.9713266911996845,0.5806961169655991,20,late
20807,7,0,0.5543140243076279,0.6424798108328083,20,late
20808,8,0,0.8209048246688297,0.3632320986139037,20,late
20809,9,0,0.5370032448381311,0.5753688216007179,20,late
20810,10,0,0.24763915245520812,0.5460356015096881,20,late
20811,11,0,0.45298765490031895,0.6473206089358706,20,late
20812,12,0,0.1709227355103103,0.7742914137837561,20,late
20813,13,0,0.13156397201497344,0.7858815335692066,20,late
20814,14,0,0.9068717622629034,0.4575926493342583,20,late
20815,15,0,0.40246984747528936,0.631398271186381,20,late
20816,16,0,0.9999612076485913,0.8697930164468215,20,late
20817,17,0,0.6702828891981405,0.8133404269339468,20,late
20818,18,0,0.0009206477869000921,0.883800647007964,20,late
20819,19,0,0.5001270440713025,0.8982250622167568,20,late
20820,20,0,0.8637398618666923,0.5892893844869782,20,late
20821,21,0,0.16916240961884474,0.6229337885949418,20,late
20822,22,0,0.5625826414244397,0.5262075634036874,20,late
20823,23,0,0.9235403031162328,0.8337221089184401,20,late
20824,24,0,0.10089934566025589,0.9832125581138268,20,late
20825,25,0,0.516218674752837,0.7445393806290184,20,late
20826,26,0,0.01121538913076712,0.7793006516816162,20,late
20827,27,0,0.4788184481039788,0.5558651266893415,20,late
20828,28,0,0.005182560030824729,0.7165631543739759,20,late
20829,29,0,0.6392788001272725,0.8766668883757796,20,late
20830,30,0,0.4432239135094508,0.6464465230138281,20,late
20831,31,0,0.5047002589840215,0.6732916593954241,20,late
20832,32,0,0.8292172194246363,0.48176875936765484,20,late
20833,33,0,0.49886614690642006,0.5875105573146291,20,late
20834,34,0,0.3634163617994888,0.5993581724870493,20,late
20835,35,0,0.5338103689525878,0.5844358556504989,20,late
20836,36,0,0.016167456722028628,0.7671494306599735,20,late
20837,37,0,0.3802024268900021,0.8879107336503302,20,late
20838,38,0,0.5027752641885364,0.7018423550067459,20,late
20839,39,0,0.2697930201368072,0.7689220239199043,20,late
20840,40,0,0.5483008873723967,0.6581464875339376,20,late
20841,41,0,0.5299373772512004,0.7916053500589015,20,late
20842,42,0,0.3854056524317358,0.6723501501645183,20,late
20843,43,0,0.48799551542260106,0.6266469924860607,20,late
20844,44,0,0.9928748715757323,0.3727091440049737,20,late
20845,45,0,0.3882189909245884,0.9460545598725655,20,late
20846,46,0,0.022449140423149147,1.2826204609246075,20,late
20847,47,0,0.4989561593908076,1.2294025203723822,20,late
20848,48,0,0.9976761745559111,0.670356214722842,20,late
20849,49,0,0.46536638612815195,0.7290631603828188,20,late
20850,50,0,0.14668825140641983,0.8945129510614265,20,late
20851,51,0,0.5049765258206959,0.5023711176454451,20,late
20852,52,0,0.9802138197729366,0.6145718433440017,20,late
20853,53,0,0.5027116194137926,1.3668305968338896,20,late
20854,54,0,0.9985888102920357,0.6307271435769295,20,late
20855,55,0,0.4982560702154711,0.7060509785183868,20,late
20856,56,0,0.9348951992943682,0.7469860952282685,20,late
20857,57,0,0.5000010088697265,1.1403717354639986,20,late
20858,58,0,0.20919560668040107,0.683273483441911,20,late
20859,59,0,0.5903668204321174,0.5065964211656826,20,late
20860,60,0,0.23329930850705985,0.6414768253021403,20,late
20861,61,0,0.5000004150440974,1.1638687425898855,20,late
20862,62,0,0.6396794283738771,0.5848381327911378,20,late
20863,63,0,0.5007015664843,0.7724255169359666,20,late
20864,64,0,0.46983434860283435,0.5986579771223102,20,late
20865,65,0,0.5267232752266343,0.838686992485403,20,late
20866,66,0,0.9967579887062783,0.9022975640659548,20,late
20867,67,0,0.5080146626602756,0.811923996943945,20,late
20868,68,0,0.5827177601088023,0.40029420240017693,20,late
20869,69,0,0.4742740136999996,0.802974376538704,20,late
20870,70,0,0.9967511255861206,0.6824693826265313,20,late
20871,71,0,0.5627310596102207,0.7991943235679451,20,late
20872,72,0,0.1452928014963261,0.7605134544714046,20,late
20873,73,0,0.5052680291422402,0.7037653032394613,20,late
20874,74,0,0.9892413357326428,0.7084820106193288,20,late
20875,75,0,0.5859478470344476,0.5000826933940267,20,late
20876,76,0,0.0033742281225401767,0.9679728766408051,20,late
20877,77,0,0.4991147005554641,0.6368439099356183,20,late
20878,78,0,0.6749326959300826,0.6974719165138631,20,late
20879,79,0,0.45913752325867824,0.6982940497138242,20,late
20880,80,0,0.37896135512699974,0.735742340135396,20,late
20881,81,0,0.9862072788274572,0.4619256531399635,20,late
20882,82,0,0.9912330036590133,0.8109172336374884,20,late
20883,83,0,0.9900006365876377,0.7900921056647159,20,late
20884,84,0,0.1321765658420449,0.7815118743546272,20,late
20885,85,0,0.9999983221666554,1.000133759417361,20,late
20886,86,0,0.7276984411168427,0.929692955382771,20,late
20887,87,0,0.9789915611283264,0.5512507190593503,20,late
20888,88,0,0.9990812602323831,0.7553493097337179,20,late
20889,89,0,0.04798702331909977,0.5343699038104965,20,late
20890,90,0,0.002397104010529822,0.8256517702901588,20,late
20891,91,0,0.1659279959947862,0.6518450435282138,20,late
20892,92,0,0.8529013038882033,0.6117365678154554,20,late
20893,93,0,0.5874410208617055,0.631430277962815,20,late
20894,94,0,0.9852002420550913,0.6215067662646967,20,late
20895,95,0,0.9978983861292883,0.6798896403855925,20,late
20896,96,0,0.8449121365934675,0.22870256830465824,20,late
20897,97,0,0.9258798882040185,0.8583348172724894,20,late
20898,98,0,0.8676064298300357,0.5928481768186946,20,late
20899,99,0,0.9062493350830592,0.5793120450282125,20,late
20900,100,0,0.09436024184883054,0.8814417942913861,20,late
20901,101,0,0.267312808226628,0.5741543571751246,20,late
20902,102,0,0.48126160131979656,0.7715347386116714,20,late
20903,103,0,0.032511773505127656,0.954216823834969,20,late
20904,104,0,0.8561689639449013,0.47035739734550897,20,late
20905,105,0,0.006808209126811217,0.771046974788131,20,late
20906,106,0,0.8562512622234499,0.574636237344334,20,late
20907,107,0,0.39458642626736146,0.5079580155647246,20,late
20908,108,0,0.19428015069969132,0.9570536809335641,20,late
20909,109,0,0.8318241650183253,0.506246537401811,20,late
20910,110,0,0.6767388097400898,0.827689747335362,20,late
20911,111,0,0.9903105806886365,0.5698461156701637,20,late
20912,112,0,0.9862528418572092,0.5627270251274095,20,late
20913,113,0,0.5709370655804843,0.5729908611513179,20,late
20914,114,0,0.3025235496921342,0.8083466530646559,20,late
20915,115,0,0.9902513034342665,0.5507143446388975,20,late
20916,116,0,0.9231542606660146,0.28883583999554874,20,late
20917,117,0,0.14612283874446072,0.5730354240596528,20,late
20918,118,0,0.030455256659148347,0.785368088983107,20,late
20919,119,0,0.9963417100280685,0.7934044078698876,20,late
20920,120,0,0.50288237662311,0.7128762565017325,20,late
20921,121,0,0.46304577172679773,0.5594001068846215,20,late
20922,122,0,0.5009585212314225,0.6350306253302865,20,late
20923,123,0,0.7304832332464297,0.5327957189705759,20,late
20924,124,0,0.5083742487132519,0.9375980162563067,20,late
20925,125,0,0.7495248150972549,0.7195718683658154,20,late
20926,126,0,0.03427799212570287,0.5798019787512736,20,late
20927,127,0,0.37937637420821324,0.6675264262853595,20,late
20928,128,0,0.46563146015682616,0.5796775995191065,20,late
20929,129,0,0.5081644355786975,0.38883699414451034,20,late
20930,130,0,0.3514421013325071,0.6004571981310611,20,late
20931,131,0,0.4999871691718065,0.8379663627012142,20,late
20932,132,0,0.5350661982397411,0.5822307409923371,20,late
20933,133,0,0.7583630145865742,0.6028166900312611,20,late
20934,134,0,0.7423643649688844,0.2765102354652176,20,late
20935,135,0,0.8992250838417191,0.7666953567654882,20,late
20936,136,0,0.49697878983319804,1.041477851819685,20,late
20937,137,0,0.653080424111365,0.4247595016168028,20,late
20938,138,0,0.6970480929039935,0.9638619263840147,20,late
20939,139,0,0.502525252097883,0.935518302505897,20,late
20940,140,0,0.1249123327791507,0.49374476608380496,20,late
20941,141,0,0.5235828399602341,0.4271066852494019,20,late
20942,142,0,0.5794704924219055,0.43487106743773896,20,late
20943,143,0,0.8494513158280341,0.37042890971356335,20,late
20944,144,0,0.530294339804811,0.5430526889472038,20,late
20945,145,0,0.955083468822884,0.3039596169845243,20,late
20946,146,0,0.5087936253986284,0.7906757887478074,20,late
20947,147,0,0.5303647848682489,0.7877100638286811,20,late
20948,148,0,0.5145104757162887,0.5519647705297608,20,late
20949,149,0,0.47177046339937934,0.7406004778765731,20,late
20950,150,0,0.939025333974222,0.44915265360258994,20,late
20951,151,0,0.49436988314837743,0.5810936673966711,20,late
20952,152,0,0.7922960093316349,0.4883868249159957,20,late
20953,153,0,0.8427762563833786,0.3314643002231175,20,late
20954,154,0,0.6331120041158974,0.6148377547188506,20,late
20955,155,0,0.7315669912953237,0.7558965464519937,20,late
20956,156,0,0.44086428764380126,0.8653111220358485,20,late
20957,157,0,0.9898505414612875,0.4494293410482316,20,late
20958,158,0,0.7617131173128381,0.8489309980565425,20,late
20959,159,0,0.967930853743225,0.6328439633196034,20,late
20960,160,0,0.9926170826151568,0.5351857514607534,20,late
20961,161,0,0.6989275713918115,0.5908397921803472,20,late
20962,162,0,0.9292799318601515,0.6039635652054376,20,late
20963,163,0,0.301372730056511,0.8077770463943977,20,late
20964,164,0,0.8632568372335716,0.3429107674056484,20,late
20965,165,0,0.6136014528164304,0.39022256939668065,20,late
20966,166,0,0.4642503323102446,0.595337522238131,20,late
20967,167,0,0.5318234588263722,0.4733230097314778,20,late
20968,168,0,0.4496874125714066,0.5614432929482917,20,late
20969,169,0,0.7498202044708813,0.4002265530052801,20,late
20970,170,0,0.8142184214560908,0.4755530386390694,20,late
20971,171,0,0.4936871341490982,0.4732497841124428,20,late
20972,172,0,0.4463221647617782,0.9696998828698464,20,late
20973,173,0,0.8388561752843742,0.39112813419073433,20,late
20974,174,0,0.07216105558060747,0.7450115103877384,20,late
20975,175,0,0.8979555617809538,0.43808402331864815,20,late
20976,176,0,0.6228235146956925,0.5129609487325546,20,late
20977,177,0,0.7778300128169394,0.3764708285687014,20,late
20978,178,0,0.10692588726160994,0.6166878865098948,20,late
20979,179,0,0.15405460548764238,0.7998759042610566,20,late
20980,180,0,0.9871787539076617,0.826989412107991,20,late
20981,181,0,0.5242411227512938,0.6615507496969696,20,late
20982,182,0,0.7874369702654399,0.4635697370934216,20,late
20983,183,0,0.5827280799637339,0.5544135240180961,20,late
20984,184,0,0.41041482445419114,0.5991659807311485,20,late
20985,185,0,0.3108638921582996,0.8693183722708094,20,late
20986,186,0,0.5000267699502325,0.9170014853046925,20,late
20987,187,0,0.5019326415406361,0.653032019883233,20,late
20988,188,0,0.9456562073719379,0.51157071319894,20,late
20989,189,0,0.9989573070016862,0.7153932828489589,20,late
20990,190,0,0.998850236675304,0.6948439384254979,20,late
20991,191,0,0.6076271591500386,0.44525139180650597,20,late
20992,192,0,0.5051340183766648,0.9078663637879332,20,late
20993,193,0,0.01601899702790359,0.7894305172718443,20,late
20994,194,0,0.05381650435378483,0.8810121054575442,20,late
20995,195,0,0.9982472480241706,0.44355478753505795,20,late
20996,196,0,0.9998250476206514,0.6448697005801833,20,late
20997,197,0,0.6301801613168201,0.7944189600297187,20,late
20998,198,0,0.7232780655001777,0.5032313739323109,20,late
20999,199,0,0.9992285110921606,0.5262798226605746,20,late
21000,0,0,0.7436935850462528,0.5329984505052526,21,interleaved
21001,1,0,0.5479924221833671,0.6704873262937214,21,interleaved
21002,2,0,0.4448146059892432,0.5835884954384334,21,interleaved
21003,3,0,0.3095216192485781,0.7549638099344794,21,interleaved
21004,4,0,0.4297671959900274,0.5361673113887522,21,interleaved
21005,5,0,0.6519816002820138,0.6653784609359252,21,interleaved
21006,6,0,0.9015787041222993,0.9257525363537813,21,interleaved
21007,7,0,0.7667877161408421,0.5760399542267564,21,interleaved
21008,8,0,0.7428416597702692,0.5895782579985268,21,interleaved
21009,9,0,0.5523573730040789,0.46928860085262053,21,interleaved
21010,10,0,0.03312185767279187,0.8300253944350854,21,interleaved
21011,11,0,0.580689202102291,0.5599537024264305,21,interleaved
21012,12,0,0.00953546402690542,0.7922470651456515,21,interleaved
21013,13,0,0.7062140750100455,0.45762179594820274,21,interleaved
21014,14,0,0.027966449527005926,0.9950345799169804,21,interleaved
21015,15,0,0.055286750351151104,0.7943511321042598,21,interleaved
21016,16,0,0.5959047216544362,0.5941555750957248,21,interleaved
21017,17,0,0.35532562896524744,0.5828197056563966,21,interleaved
21018,18,0,0.37198435072294067,0.6953247360214522,21,interleaved
21019,19,0,0.48278255668861175,0.7447795060161306,21,interleaved
21020,20,0,0.027584987365315443,0.7254125726829918,21,interleaved
21021,21,0,0.4931741934775787,0.8718340281006047,21,interleaved
21022,22,0,0.000321798062509601,1.250813355560617,21,interleaved
21023,23,0,0.49957495817929043,0.9296798112930891,21,interleaved
21024,24,0,0.9707130786510294,0.6261876515101013,21,interleaved
21025,25,0,0.7298758970337161,0.5906875017540077,21,interleaved
21026,26,0,0.9380592801457786,0.6213039031127029,21,interleaved
21027,27,0,0.9733704658295589,1.4884196424257703,21,interleaved
21028,28,0,0.09195427386666978,0.9564933783740248,21,interleaved
21029,29,0,0.9902760242012927,0.6902385580306739,21,interleaved
21030,30,0,0.044371638242342755,0.8949636741299977,21,interleaved
21031,31,0,0.9160591811745058,0.6131348178692857,21,interleaved
21032,32,0,0.47050506019845123,0.9406042192984683,21,interleaved
21033,33,0,0.5048276695589746,1.223076877165437,21,interleaved
21034,34,0,0.000175019679583941,1.3199358436477135,21,interleaved
21035,35,0,0.2574191931038611,0.7149130697328125,21,interleaved
21036,36,0,0.9706192127188336,0.5022589752958864,21,interleaved
21037,37,0,0.505632479205257,0.7259275595647352,21,interleaved
21038,38,0,0.008430213738085474,0.8844282610703448,21,interleaved
21039,39,0,0.500593174570329,0.6576827625987258,21,interleaved
21040,40,0,0.019004842578736754,1.018895183616795,21,interleaved
21041,41,0,0.5667277843435962,0.584743711604188,21,interleaved
21042,42,0,0.01613579011937992,0.7952414131179024,21,interleaved
21043,43,0,0.4279224487486093,0.7660118694695114,21,interleaved
21044,44,0,0.37194390866272836,1.1348908870351924,21,interleaved
21045,45,0,0.515605481680272,0.78521847099456,21,interleaved
21046,46,0,0.6498037264667933,0.43314223469005936,21,interleaved
21047,47,0,0.34261276717696965,0.8203238950588674,21,interleaved
21048,48,0,0.5012922274830371,0.6867228827663363,21,interleaved
21049,49,0,0.061236773047589385,0.8515981285081171,21,interleaved
21050,50,0,0.6193783046665674,0.4948369179795671,21,interleaved
21051,51,0,0.43092252304805395,0.8311045804463117,21,interleaved
21052,52,0,0.36803976894458496,0.7937013702325876,21,interleaved
21053,53,0,0.4990981388146074,0.7553675043594861,21,interleaved
21054,54,0,0.5007848040054788,0.8870228955007649,21,interleaved
21055,55,0,0.44465030936265604,0.9935427306541257,21,interleaved
21056,56,0,0.8352284173455932,0.5817197504676717,21,interleaved
21057,57,0,0.483232049727877,0.5355939458960609,21,interleaved
21058,58,0,0.16662546575532455,0.684043225117175,21,interleaved
21059,59,0,0.9950729454584349,0.8960224096785666,21,interleaved
21060,60,0,0.33229369332800057,0.695761354385561,21,interleaved
21061,61,0,0.5531288790832829,0.6833867934164153,21,interleaved
21062,62,0,0.6821219113056867,0.6779137706794116,21,interleaved
21063,63,0,0.5000527668521508,0.7534542171795273,21,interleaved
21064,64,0,0.4339642996213682,0.7165074164733072,21,interleaved
21065,65,0,0.5070995703340913,0.572277824280511,21,interleaved
21066,66,0,0.5727796912057955,0.39044647354857936,21,interleaved
21067,67,0,0.581244626292064,0.7648016116328251,21,interleaved
21068,68,0,0.9884313008492107,0.7343829590807105,21,interleaved
21069,69,0,0.9654591668567789,0.5683299481313643,21,interleaved
21070,70,0,0.00918463043908117,1.0117414946394683,21,interleaved
21071,71,0,0.9836112035399537,0.6927557628658331,21,interleaved
21072,72,0,0.04858999001710383,0.9697235694859017,21,interleaved
21073,73,0,0.715454065421283,0.5290190348269013,21,interleaved
21074,74,0,0.5553968569807812,0.7377166377142971,21,interleaved
21075,75,0,0.9605603507918835,0.41970426318398124,21,interleaved
21076,76,0,0.4868725217203488,0.8494658684295104,21,interleaved
21077,77,0,0.4827530720215185,0.5461990808247179,21,interleaved
21078,78,0,0.9987699822330353,0.5401328223933378,21,interleaved
21079,79,0,0.4999212791606739,1.0124506323194347,21,interleaved
21080,80,0,0.5435526230924491,0.7778472502908318,21,interleaved
21081,81,0,0.26966326665485196,0.7974269396989425,21,interleaved
21082,82,0,0.23760014303016538,0.7312497574883168,21,interleaved
21083,83,0,0.3312089808135279,0.6988183529949759,21,interleaved
21084,84,0,0.4481556609796922,0.8831307043339287,21,interleaved
21085,85,0,0.6169790769634447,0.4017678217203398,21,interleaved
21086,86,0,0.0015472434381691045,0.8477233517633889,21,interleaved
21087,87,0,0.9941909355562611,0.41289956904238906,21,interleaved
21088,88,0,0.866263447222432,0.7953122995854085,21,interleaved
21089,89,0,0.5006221702831196,0.7335136194380685,21,interleaved
21090,90,0,0.06219756551881263,0.744726038710199,21,interleaved
21091,91,0,0.5007314316462942,0.8148164883657416,21,interleaved
21092,92,0,0.8998087291402448,0.4299034887056462,21,interleaved
21093,93,0,0.4444751536712191,0.6801611098993433,21,interleaved
21094,94,0,0.5005587248968216,0.43562700035209223,21,interleaved
21095,95,0,0.5679848871867976,0.8359646652896318,21,interleaved
21096,96,0,0.4169955899354039,0.812505339813925,21,interleaved
21097,97,0,0.4987207848192445,0.7724182671115745,21,interleaved
21098,98,0,0.2786171508529824,0.8929935259534136,21,interleaved
21099,99,0,0.4998682721617167,0.8552440910543664,21,interleaved
21100,100,0,0.49909051304293334,0.6188969882498333,21,interleaved
21101,101,0,0.5030010238670829,0.825288067498709,21,interleaved
21102,102,0,0.8938820102978486,0.49421677397410857,21,interleaved
21103,103,0,0.0319680029820262,0.9969823341761307,21,interleaved
21104,104,0,0.49960437721120815,0.7671709146642722,21,interleaved
21105,105,0,0.11910348621083564,0.6094322340676714,21,interleaved
21106,106,0,0.13883981297903825,0.5089699733721834,21,interleaved
21107,107,0,0.731169434412348,0.4714307231991191,21,interleaved
21108,108,0,0.5029002658370543,0.5769370280650368,21,interleaved
21109,109,0,0.5151592376274388,0.7670084727921325,21,interleaved
21110,110,0,0.447584711161359,0.7807301337791412,21,interleaved
21111,111,0,0.5251990556090793,0.6356547543428022,21,interleaved
21112,112,0,0.5766539437725935,0.7552194051258152,21,interleaved
21113,113,0,0.5604336422348463,0.9697226162938503,21,interleaved
21114,114,0,0.31925548695391837,0.543217234040066,21,interleaved
21115,115,0,0.6363423715496282,0.6784228402650849,21,interleaved
21116,116,0,0.35383446138386465,0.6548602542688189,21,interleaved
21117,117,0,0.8550123528720217,1.0858253648449403,21,interleaved
21118,118,0,4.022101463854043e-05,1.2747617698505036,21,interleaved
21119,119,0,0.07845993919479133,0.7085847658832538,21,interleaved
21120,120,0,0.469115373056841,0.5932604472257517,21,interleaved
21121,121,0,0.38678568809128105,0.671982270993972,21,interleaved
21122,122,0,0.4922505872630393,0.8624252119504134,21,interleaved
21123,123,0,0.5233865266305464,0.696965015648624,21,interleaved
21124,124,0,2.6424176546914996e-05,0.9849385368535214,21,interleaved
21125,125,0,0.4983994638502198,1.00184059927256,21,interleaved
21126,126,0,0.9980266879783455,0.6972942400179198,21,interleaved
21127,127,0,0.5139499636064784,0.6348892080365638,21,interleaved
21128,128,0,0.4257671869550136,0.6613999182512146,21,interleaved
21129,129,0,0.5344103210135306,0.7489768597277937,21,interleaved
21130,130,0,0.6023260005102489,0.5674413744917783,21,interleaved
21131,131,0,0.3540171396080031,0.8716774255492867,21,interleaved
21132,132,0,0.8074958702016317,0.4236202304595291,21,interleaved
21133,133,0,0.4992651908035953,1.0505060046792405,21,interleaved
21134,134,0,0.0419683077937503,1.162888078583698,21,interleaved
21135,135,0,0.49999915029544595,1.4191725892509357,21,interleaved
21136,136,0,0.494531102688204,0.9134879911183986,21,interleaved
21137,137,0,0.49965235553721987,1.0882199045288021,21,interleaved
21138,138,0,0.02513364318945499,0.7979376468568614,21,interleaved
21139,139,0,0.7022687856630064,0.5775732313420348,21,interleaved
21140,140,0,0.6895670802193332,0.5404296958909239,21,interleaved
21141,141,0,0.8669512602971643,0.5083134638998362,21,interleaved
21142,142,0,0.57808294569052,0.6904531830001828,21,interleaved
21143,143,0,0.47935579216536467,0.8412526336345667,21,interleaved
21144,144,0,0.8484526589805896,0.608643651324404,21,interleaved
21145,145,0,0.058261782942679495,0.8785300408196097,21,interleaved
21146,146,0,0.4994947706896007,0.7973244574692209,21,interleaved
21147,147,0,0.4628043545319477,0.8583367417035959,21,interleaved
21148,148,0,0.6877575261118123,0.4903282417312136,21,interleaved
21149,149,0,0.9996115339581135,0.6369974588961205,21,interleaved
21150,150,0,0.5667102694460112,0.7874080268311132,21,interleaved
21151,151,0,0.4253811353891318,0.6427449863877066,21,interleaved
21152,152,0,0.7250013380479833,0.6269907474876102,21,interleaved
21153,153,0,0.009358811246431462,0.7450788187018416,21,interleaved
21154,154,0,0.726675630764684,0.5326313919490887,21,interleaved
21155,155,0,0.2936349134437465,0.9159725380154922,21,interleaved
21156,156,0,0.9055454964770459,0.7569783516079174,21,interleaved
21157,157,0,0.912347429919087,0.568917506544474,21,interleaved
21158,158,0,0.9668676697369811,0.7368837006522935,21,interleaved
21159,159,0,0.5092286419506847,0.6458238724187053,21,interleaved
21160,160,0,0.6536456390731412,0.4711036685533239,21,interleaved
21161,161,0,0.5569141692865051,0.8645984959514597,21,interleaved
21162,162,0,0.40539828243608883,0.7955053548852189,21,interleaved
21163,163,0,0.6552103277267347,0.9001004453333705,21,interleaved
21164,164,0,0.500154315767428,0.9566884037363832,21,interleaved
21165,165,0,0.3282081088023208,0.6018435275545068,21,interleaved
21166,166,0,0.40630458352349297,0.6456164649708056,21,interleaved
21167,167,0,0.8485015586285847,0.5221280812230948,21,interleaved
21168,168,0,0.9955166583160706,0.41138041785061863,21,interleaved
21169,169,0,0.6655777083574723,0.9531384279131145,21,interleaved
21170,170,0,0.007196832911593001,0.7695363901942565,21,interleaved
21171,171,0,0.9205399438876775,0.6083177688739637,21,interleaved
21172,172,0,0.5383886818749787,0.686218554373351,21,interleaved
21173,173,0,0.47146133392043554,0.7559048633686174,21,interleaved
21174,174,0,0.9912798077975571,0.5234693901549139,21,interleaved
21175,175,0,0.5800134356263628,1.0427152371228705,21,interleaved
21176,176,0,0.6185805880630428,0.8574236542067035,21,interleaved
21177,177,0,0.49717697599718036,1.2567681935705035,21,interleaved
21178,178,0,0.1254536775503031,0.834136552563547,21,interleaved
21179,179,0,0.7832195915381881,0.6531172366468729,21,interleaved
21180,180,0,0.51688845603915,0.7021696380355102,21,interleaved
21181,181,0,0.6779327558119327,0.5966852326413135,21,interleaved
21182,182,0,0.05875493898814162,0.6237391337156382,21,interleaved
21183,183,0,0.6149072536050841,0.4784521069681874,21,interleaved
21184,184,0,0.933952284031988,0.8311324603828409,21,interleaved
21185,185,0,0.4988905952604924,1.1148073614429457,21,interleaved
21186,186,0,0.555959729342308,0.6359489614719056,21,interleaved
21187,187,0,0.9282512481189362,0.670054550529542,21,interleaved
21188,188,0,0.4125400350008308,0.5752526225409544,21,interleaved
21189,189,0,0.3701418057812793,0.37112857723324433,21,interleaved
21190,190,0,0.42184215019843213,0.7085569477056364,21,interleaved
21191,191,0,0.5120897636877932,0.6678702535318788,21,interleaved
21192,192,0,0.48567813230531465,0.6380706036696766,21,interleaved
21193,193,0,0.3375177062012641,0.6534665939800705,21,interleaved
21194,194,0,0.38930490045596944,0.9505627199779192,21,interleaved
21195,195,0,0.003022491898065846,0.7776560842280121,21,interleaved
21196,196,0,0.6502620273925042,0.42213256672179666,21,interleaved
21197,197,0,0.18336722199200792,0.6890377222050912,21,interleaved
21198,198,0,0.9925725269952346,0.6029655366898334,21,interleaved
21199,199,0,0.8055088483238271,0.5496084810204199,21,interleaved
21200,0,0,0.9324912729192218,0.6487390597293818,21,blocked
21201,1,0,0.9614088856639162,0.4241611212880212,21,blocked
21202,2,0,0.5288477423126479,0.667735049088001,21,blocked
21203,3,0,0.9647752085585422,0.7179775864116451,21,blocked
21204,4,0,0.6733167017829402,0.42820026155344537,21,blocked
21205,5,0,0.19099233282260106,0.5983184633106706,21,blocked
21206,6,0,0.041616011433880995,0.8003466455547326,21,blocked
21207,7,0,0.9999960499449541,0.8317602547147969,21,blocked
21208,8,0,0.5091569421856761,0.49642770571877215,21,blocked
21209,9,0,0.9959881941104156,0.47421751586484084,21,blocked
21210,10,0,0.50394983696258,0.9525262877808429,21,blocked
21211,11,0,0.001712300361802646,1.285877252686535,21,blocked
21212,12,0,0.9944257113006336,0.6598884134447904,21,blocked
21213,13,0,0.995964827620852,0.758432197327719,21,blocked
21214,14,0,0.8202329754974649,0.6470845751537897,21,blocked
21215,15,0,0.9370904751797311,0.43680082434826006,21,blocked
21216,16,0,3.2893663213178506e-05,1.0086567262661195,21,blocked
21217,17,0,0.13165541708015105,0.7236538060920039,21,blocked
21218,18,0,0.9499231644906823,0.575240503081409,21,blocked
21219,19,0,0.7843144892919227,0.6781517480232675,21,blocked
21220,20,0,0.9993244962309016,0.6051458288710159,21,blocked
21221,21,0,0.5102053048581829,0.6093922636123648,21,blocked
21222,22,0,0.499095453377771,1.067353145562194,21,blocked
21223,23,0,0.9865165429065266,0.8644503983678506,21,blocked
21224,24,0,0.0393641694281959,0.7355397209544764,21,blocked
21225,25,0,0.06315917346047333,0.8474349747812681,21,blocked
21226,26,0,0.9989334060388847,0.6981808940665227,21,blocked
21227,27,0,0.37619499007356166,0.8892899236303474,21,blocked
21228,28,0,0.9880302263535851,0.6391099634120232,21,blocked
21229,29,0,0.9972766701011662,0.5267580472540778,21,blocked
21230,30,0,0.02733347924475309,0.8460703946041077,21,blocked
21231,31,0,0.20042330873140407,0.7780361349108385,21,blocked
21232,32,0,0.999831692669118,0.7016979939944474,21,blocked
21233,33,0,0.5442110114910518,0.5952542074235536,21,blocked
21234,34,0,0.2833814739624524,0.5798628138499236,21,blocked
21235,35,0,0.9734824729950682,0.5090514172318674,21,blocked
21236,36,0,0.13309370226792278,0.6563912539782488,21,blocked
21237,37,0,0.997938793653013,0.5649497314130183,21,blocked
21238,38,0,0.9943603293259298,0.35034172519190754,21,blocked
21239,39,0,0.9531243148109095,0.7695644581847658,21,blocked
21240,40,0,0.5190681495412861,0.5483860134069554,21,blocked
21241,41,0,0.8346925693146174,0.6986828539735501,21,blocked
21242,42,0,0.3067422478436115,0.6552167795133661,21,blocked
21243,43,0,0.4773390633297314,0.8036715905950598,21,blocked
21244,44,0,0.4997420720717651,0.9269589326388733,21,blocked
21245,45,0,0.5120910615822468,0.5853406189873092,21,blocked
21246,46,0,0.611184110479255,0.6242132648397235,21,blocked
21247,47,0,0.6160277043926113,0.5221356467645544,21,blocked
21248,48,0,0.49919208319346614,0.512316786314191,21,blocked
21249,49,0,0.24843148736212822,0.6965717945853369,21,blocked
21250,50,0,0.42688107371535605,0.5236975609324493,21,blocked
21251,51,0,0.44864818280789953,0.6570283966827659,21,blocked
21252,52,0,0.5134773113076443,0.7004467596591857,21,blocked
21253,53,0,0.7748992841136144,0.635063350541716,21,blocked
21254,54,0,0.523537616168037,0.7488227292444992,21,blocked
21255,55,0,0.7888526260475575,0.38266021631421426,21,blocked
21256,56,0,0.8970015673996056,0.8043462157716366,21,blocked
21257,57,0,0.11385467106046156,0.9975046833917767,21,blocked
21258,58,0,0.8319837971006439,0.6822236394651187,21,blocked
21259,59,0,0.9914475947466707,0.6990612314532867,21,blocked
21260,60,0,0.4733113098344782,0.8450893189272022,21,blocked
21261,61,0,0.9685763519964287,0.6964427225942043,21,blocked
21262,62,0,0.4999613023566066,0.8711134449520335,21,blocked
21263,63,0,0.5020853503088604,0.7185448874257055,21,blocked
21264,64,0,0.4537370026382544,1.1505438836511552,21,blocked
21265,65,0,0.2946126727571172,0.9698975619356779,21,blocked
21266,66,0,0.48992730422461467,0.5926698294049758,21,blocked
21267,67,0,0.9899750742964911,0.6642353215224328,21,blocked
21268,68,0,0.10382415475908369,0.7793473201702412,21,blocked
21269,69,0,0.5401295752793546,0.550581746037873,21,blocked
21270,70,0,0.26745580839382704,0.6258905223356738,21,blocked
21271,71,0,0.4858810075943508,1.024854854507919,21,blocked
21272,72,0,0.5017093997091068,0.6739212073265355,21,blocked
21273,73,0,0.9587110365662928,0.3661981453451547,21,blocked
21274,74,0,0.10891211748468968,1.0158408358537405,21,blocked
21275,75,0,0.6610094729728071,0.6605982052468556,21,blocked
21276,76,0,0.48661179201788385,0.8077775203388373,21,blocked
21277,77,0,0.7874550642586736,0.5838394298144796,21,blocked
21278,78,0,0.5873814451741393,0.6723822877765567,21,blocked
21279,79,0,0.7696827713857655,0.502553265813215,21,blocked
21280,80,0,0.1760328160977105,0.6520900675753505,21,blocked
21281,81,0,0.7429486503269647,0.7257047147986819,21,blocked
21282,82,0,0.8894171984583079,0.5985705092181917,21,blocked
21283,83,0,0.6293878838921514,0.6486888448392669,21,blocked
21284,84,0,0.9888612641630246,0.5561234307974738,21,blocked
21285,85,0,0.08489910890208215,0.5842062790920576,21,blocked
21286,86,0,0.4144267855735696,0.6891824194484698,21,blocked
21287,87,0,0.9970447527938691,0.4686330808978605,21,blocked
21288,88,0,0.0749389723899855,0.541130839730361,21,blocked
21289,89,0,0.7489557293583515,0.6031267774623822,21,blocked
21290,90,0,0.98217127618324,0.6468884656694542,21,blocked
21291,91,0,0.23169188051416906,0.673033164027849,21,blocked
21292,92,0,0.9750974790867202,0.45538662468350044,21,blocked
21293,93,0,0.9831103823966405,0.8661076481971282,21,blocked
21294,94,0,0.43828121074838394,1.0613823996214642,21,blocked
21295,95,0,0.9999789154579481,0.6213561615159711,21,blocked
21296,96,0,0.861676080070346,0.7933711197302575,21,blocked
21297,97,0,0.9999327884997071,0.9674022016492518,21,blocked
21298,98,0,0.2785682644487628,0.7241216042960484,21,blocked
21299,99,0,0.9996542347429187,0.6355154374939265,21,blocked
21300,100,0,0.9856738643705591,0.8830386434413097,21,blocked
21301,101,0,0.40413863815458806,0.7473129245794523,21,blocked
21302,102,0,0.5345399415537633,0.62071140260419,21,blocked
21303,103,0,0.9957039616096723,0.5425725828950111,21,blocked
21304,104,0,0.8252965536042708,0.7479618975059408,21,blocked
21305,105,0,0.7260945215135917,0.3576122667750652,21,blocked
21306,106,0,0.32463769084810123,0.967794327540113,21,blocked
21307,107,0,0.033318106102088615,0.9249724006796198,21,blocked
21308,108,0,0.05648084392526759,0.626585643343639,21,blocked
21309,109,0,0.031729637235700485,0.7790521127932893,21,blocked
21310,110,0,0.9899016585182125,0.6949777687836062,21,blocked
21311,111,0,0.00024425087229668963,1.0097147211324462,21,blocked
21312,112,0,0.18889349840432446,0.7208656138857308,21,blocked
21313,113,0,0.9998414402068193,0.49202392506048603,21,blocked
21314,114,0,0.9831431303252463,0.37886461842416125,21,blocked
21315,115,0,0.4503601502694673,0.6723705053693346,21,blocked
21316,116,0,0.7891754803946858,0.7281474789186089,21,blocked
21317,117,0,0.3520440398350191,0.7785054998500512,21,blocked
21318,118,0,0.9879706651091104,0.3637039593710384,21,blocked
21319,119,0,0.4305902794542593,0.6774694239432426,21,blocked
21320,120,0,0.5000012449558018,1.2131659456695219,21,blocked
21321,121,0,0.6024808617052333,0.7118536194627523,21,blocked
21322,122,0,0.47076134057695024,0.6239935158894324,21,blocked
21323,123,0,0.46880913676393304,0.6199595795028473,21,blocked
21324,124,0,0.5086894385902823,0.8015812386415376,21,blocked
21325,125,0,0.8936097084802905,0.6226391299021783,21,blocked
21326,126,0,0.23847205229173876,0.5600964934663071,21,blocked
21327,127,0,0.8519221452091199,0.6044233580473806,21,blocked
21328,128,0,0.8679926528342657,0.43404912194790696,21,blocked
21329,129,0,0.5553883221578059,0.8723870732361715,21,blocked
21330,130,0,0.48875731444694354,0.6099077670530482,21,blocked
21331,131,0,0.3433707352623231,0.8488806885819329,21,blocked
21332,132,0,0.4999981904058406,0.8464106927419712,21,blocked
21333,133,0,0.500136251186033,0.5505115346795815,21,blocked
21334,134,0,0.8043843947681475,0.7400105079574861,21,blocked
21335,135,0,0.49942077700854015,0.9468398701763303,21,blocked
21336,136,0,0.5721000237245922,0.9607066699633512,21,blocked
21337,137,0,0.5379756414616232,0.41279199479319884,21,blocked
21338,138,0,0.6114026976385387,1.1796469512350871,21,blocked
21339,139,0,0.5385382613249927,0.8225728200130095,21,blocked
21340,140,0,0.50211726588804,0.7712634999146654,21,blocked
21341,141,0,0.4820406889069202,1.3251884113634724,21,blocked
21342,142,0,0.49547786421977896,0.6698947522991487,21,blocked
21343,143,0,0.38868370348376585,0.6105874371441943,21,blocked
21344,144,0,0.5146712907040694,0.5985840748599761,21,blocked
21345,145,0,0.49771991327685455,0.9123101418068029,21,blocked
21346,146,0,0.9479756068022802,0.5940277155111547,21,blocked
21347,147,0,0.031371155131270534,0.7794082463436169,21,blocked
21348,148,0,0.2717965849210812,1.0667421473849688,21,blocked
21349,149,0,0.5000321203822427,0.7958524567837058,21,blocked
21350,150,0,0.49402806109944697,0.5522058518160731,21,blocked
21351,151,0,0.884100043839791,0.7009870204350402,21,blocked
21352,152,0,0.5409178301515629,0.4777847242449174,21,blocked
21353,153,0,0.5452389776055032,0.643457545529976,21,blocked
21354,154,0,0.5000423929651528,0.9714123984126428,21,blocked
21355,155,0,0.49520416192108935,0.7366036880208122,21,blocked
21356,156,0,0.49650717404780426,0.9708012726750064,21,blocked
21357,157,0,0.5103848313511179,0.6056085847616444,21,blocked
21358,158,0,0.4773625281353342,0.9077522303679577,21,blocked
21359,159,0,0.5001307786390423,0.9549166066032642,21,blocked
21360,160,0,0.8711773507768008,0.5592232285165105,21,blocked
21361,161,0,0.9888866123637858,0.4165609048212736,21,blocked
21362,162,0,0.9822149625271838,0.46242074858085713,21,blocked
21363,163,0,0.35633123716050535,0.8761234757238937,21,blocked
21364,164,0,0.9987753703700517,0.8730363645703725,21,blocked
21365,165,0,0.9472127818332401,0.5854645308320177,21,blocked
21366,166,0,0.5134216883210149,0.5399445104096808,21,blocked
21367,167,0,0.3478742037352184,0.647000056593666,21,blocked
21368,168,0,0.523659193683335,0.8234013392986383,21,blocked
21369,169,0,0.09130323854474941,0.7742391945205798,21,blocked
21370,170,0,0.49238219253016385,0.97688043014089,21,blocked
21371,171,0,0.5090597569867965,0.6694670723238312,21,blocked
21372,172,0,0.8328708968401519,0.5333673539557009,21,blocked
21373,173,0,0.5202368370708003,0.4901099843689292,21,blocked
21374,174,0,0.5684911145793574,0.5990469422887854,21,blocked
21375,175,0,0.7604458730151922,0.5483230818346405,21,blocked
21376,176,0,0.19833124308526298,0.6268609195559887,21,blocked
21377,177,0,0.49949505724644805,1.0115755803108675,21,blocked
21378,178,0,0.4736875873437952,0.6277944155044444,21,blocked
21379,179,0,0.5661568437764913,0.5891654866395684,21,blocked
21380,180,0,0.4885290563671239,0.5500171891420631,21,blocked
21381,181,0,0.6358838603061319,0.6405009298596704,21,blocked
21382,182,0,0.9893522324307376,1.0031848442172242,21,blocked
21383,183,0,0.8842661649828867,0.5961470028741226,21,blocked
21384,184,0,0.47333720926315354,0.6904155638885356,21,blocked
21385,185,0,0.998454671434955,0.6352918487393526,21,blocked
21386,186,0,0.9868050887910778,0.8034921096078029,21,blocked
21387,187,0,0.49590306772568704,0.45896343730218514,21,blocked
21388,188,0,0.9413197081718175,0.5088068435028174,21,blocked
21389,189,0,0.9902107206936818,0.4417785846636216,21,blocked
21390,190,0,0.5839029116170323,0.9273990495280812,21,blocked
21391,191,0,0.015226874658088273,0.7304701467940384,21,blocked
21392,192,0,0.301523307454451,0.7563344184464708,21,blocked
21393,193,0,0.3838577290715095,0.6669865755457705,21,blocked
21394,194,0,0.336422370174119,0.7114157507547436,21,blocked
21395,195,0,0.9251673089279746,0.7039205117123,21,blocked
21396,196,0,0.9884631671221542,0.43515578433715035,21,blocked
21397,197,0,0.22033360685925177,0.6952830684571194,21,blocked
21398,198,0,0.5011682376608165,0.7740884587279597,21,blocked
21399,199,0,0.900114230293379,0.4559679945311203,21,blocked
21400,0,0,0.6109508622322507,0.7090580900492197,21,early
21401,1,0,0.8464758876061889,0.4855117570931785,21,early
21402,2,0,0.07546087255804337,0.553084198136977,21,early
21403,3,0,0.2234215746184031,0.6706518099955254,21,early
21404,4,0,0.5362064263962264,0.43932541123040547,21,early
21405,5,0,0.6361853393863576,0.6757240093267822,21,early
21406,6,0,0.09008555403543762,0.6356947640339242,21,early
21407,7,0,0.04442381935509096,0.6358076799773893,21,early
21408,8,0,0.9611753003862583,0.5152472757507132,21,early
21409,9,0,0.9928853584775215,1.240093362394137,21,early
21410,10,0,0.18060553085339603,0.6672876782488366,21,early
21411,11,0,0.6749773089767446,0.6109457367844389,21,early
21412,12,0,0.18932386517414987,0.9155700844863478,21,early
21413,13,0,0.12092324288738032,0.683774276050019,21,early
21414,14,0,0.4379990994301103,0.5924002966870885,21,early
21415,15,0,0.17844471925561128,0.5984136120459556,21,early
21416,16,0,0.7343794195733266,0.3950571850006652,21,early
21417,17,0,0.401646993980862,0.817392268325936,21,early
21418,18,0,0.5015617001910635,0.552385034441877,21,early
21419,19,0,0.9732644226603826,0.7742371678160139,21,early
21420,20,0,0.9373990250494292,0.492916154464773,21,early
21421,21,0,0.7946116547293041,0.6276294660522528,21,early
21422,22,0,0.9495361459240665,0.29326160177688104,21,early
21423,23,0,0.5432909328632921,0.646111677688439,21,early
21424,24,0,0.9986577184314478,0.6633249253039881,21,early
21425,25,0,0.9608053553348435,0.4221243528509987,21,early
21426,26,0,0.5161820556142662,0.6350871177527604,21,early
21427,27,0,0.8585109714501269,0.8705361147601895,21,early
21428,28,0,0.9030662949022268,0.6831145242196253,21,early
21429,29,0,0.8389308577576058,0.8431365772025221,21,early
21430,30,0,0.4451367974287825,0.7182581962222845,21,early
21431,31,0,0.23348624637179374,0.4669217424996026,21,early
21432,32,0,0.9961265380714579,0.6735334610657064,21,early
21433,33,0,0.9976195942495805,0.5748608809397484,21,early
21434,34,0,0.816728117652294,0.46448850101535655,21,early
21435,35,0,0.825009694735953,0.43352558546608133,21,early
21436,36,0,0.6096152449375382,0.7543562247328764,21,early
21437,37,0,0.7993395605497597,0.486635787140275,21,early
21438,38,0,0.595988240923264,0.6440307687623676,21,early
21439,39,0,0.5347372591073727,0.5622413671132525,21,early
21440,40,0,0.11429667894330567,0.48566928825028277,21,early
21441,41,0,0.6485312768809586,0.6275269075509249,21,early
21442,42,0,0.5708375246315852,0.8917162867326834,21,early
21443,43,0,0.11021693340425677,0.672490206888259,21,early
21444,44,0,0.8922027183745134,0.7338514660621575,21,early
21445,45,0,0.6728005014441015,0.7721008265982179,21,early
21446,46,0,0.4146774353801648,0.8634822750849959,21,early
21447,47,0,0.4993282739288815,0.679208945047576,21,early
21448,48,0,0.44637431662088867,0.5558073520409196,21,early
21449,49,0,0.9893222013623847,0.6135016453015928,21,early
21450,50,0,0.9736716304929818,0.40859784160688645,21,early
21451,51,0,0.8143089208220105,0.5790453131510638,21,early
21452,52,0,0.458809357199778,0.6266032419168812,21,early
21453,53,0,0.4885052920517412,0.6145271025373131,21,early
21454,54,0,0.5320839313902557,0.5348626783029726,21,early
21455,55,0,0.883723219241656,0.5185516347711694,21,early
21456,56,0,0.8644512965048372,0.5138560723799126,21,early
21457,57,0,0.4833078852309339,0.40784417985715704,21,early
21458,58,0,0.28312439870314615,0.4495403210420312,21,early
21459,59,0,0.5078529439427769,0.6089919802028279,21,early
21460,60,0,0.8628825508794319,0.6579665921470359,21,early
21461,61,0,0.4761090454628966,0.8717538756303169,21,early
21462,62,0,0.005081705515575437,0.7479675895513829,21,early
21463,63,0,0.16614024912478906,0.5776905139781703,21,early
21464,64,0,0.9925010354898305,0.7333247206880387,21,early
21465,65,0,0.8108985468351466,0.35253735929780694,21,early
21466,66,0,0.5093918854916587,0.4449456492822251,21,early
21467,67,0,0.030799880608416607,0.671602068833659,21,early
21468,68,0,0.9063233191313379,0.6482126900667569,21,early
21469,69,0,0.14277466424197213,0.5750321908631362,21,early
21470,70,0,0.4832908744652072,0.6468280673429836,21,early
21471,71,0,0.5985053684301175,0.8456016105957309,21,early
21472,72,0,0.4365487920004617,0.594125913697179,21,early
21473,73,0,0.7996382875107769,0.6995371730476351,21,early
21474,74,0,0.9912078128527695,0.462562942077304,21,early
21475,75,0,0.4709643983628317,0.8815844869949385,21,early
21476,76,0,0.655758720745403,0.5847765430947107,21,early
21477,77,0,0.944202411932435,0.8410089119816515,21,early
21478,78,0,0.5115788616322973,0.7292259756489373,21,early
21479,79,0,0.1916463842023419,0.8670960602115432,21,early
21480,80,0,0.46753358077786233,0.7277445011412567,21,early
21481,81,0,0.8922454897350375,0.7084132735294021,21,early
21482,82,0,0.4195447827109537,0.5476270304412941,21,early
21483,83,0,0.9573588879078454,0.6081199310932787,21,early
21484,84,0,0.4554028898960855,0.5009439450730004,21,early
21485,85,0,0.3389870405606064,0.5535942587768327,21,early
21486,86,0,0.7631434059655655,0.7683253257044964,21,early
21487,87,0,0.09245190833331512,0.8706386991798987,21,early
21488,88,0,0.5851688697249601,0.5506929314035938,21,early
21489,89,0,0.707629097474392,0.8626389339953087,21,early
21490,90,0,0.16975891251126662,0.6805286770651535,21,early
21491,91,0,0.5764949176932592,0.5796027467567428,21,early
21492,92,0,0.5530667739800347,0.7745157269605354,21,early
21493,93,0,0.5414916475482255,0.5515227580647913,21,early
21494,94,0,0.23404541122096903,0.8884443564306845,21,early
21495,95,0,0.9722549714995438,0.6791069607590994,21,early
21496,96,0,0.0028331848326783285,0.9633238697872526,21,early
21497,97,0,0.8189345104436743,0.7403943892637366,21,early
21498,98,0,0.040194095111581875,0.5226955729950673,21,early
21499,99,0,0.4674193799150478,0.6598475378341911,21,early
21500,100,0,0.49929855663966727,0.5616363965831905,21,early
21501,101,0,0.564624060833028,0.6192182545576798,21,early
21502,102,0,0.47959145819142246,0.9041045439843497,21,early
21503,103,0,0.06073868982427519,0.6109548566804386,21,early
21504,104,0,0.006621394170302508,0.6335731523656958,21,early
21505,105,0,0.4879996244073036,0.8344660807432912,21,early
21506,106,0,0.7319282143232322,0.7362305603282926,21,early
21507,107,0,0.6479596774442655,0.7110522409764389,21,early
21508,108,0,0.31040631093845583,0.4482847229636009,21,early
21509,109,0,0.8318833756423579,0.551329929245115,21,early
21510,110,0,0.5343906837782386,0.3612052606593818,21,early
21511,111,0,0.8444342623033505,0.4697359062519122,21,early
21512,112,0,0.5631560754881728,0.4424779892931054,21,early
21513,113,0,0.6223589452968779,0.6629330085494736,21,early
21514,114,0,0.9283224572698182,0.4899193327623428,21,early
21515,115,0,0.4975266523451418,0.4026086430248459,21,early
21516,116,0,0.005235108937277478,0.6877518337215212,21,early
21517,117,0,0.7281592436312146,1.0381925861453107,21,early
21518,118,0,0.2105199821237176,0.8429500967572243,21,early
21519,119,0,0.9617659792269644,0.6411862490927829,21,early
21520,120,0,0.4251622051351127,0.6712210137832646,21,early
21521,121,0,0.9424157704962789,0.673827605521223,21,early
21522,122,0,0.3756073042177769,0.6583081495562277,21,early
21523,123,0,0.17509969988341886,0.8532097911409378,21,early
21524,124,0,0.9355200701295237,0.7997439420412784,21,early
21525,125,0,0.994313185644744,0.9263845357406213,21,early
21526,126,0,0.7422659080601076,0.5359940010951042,21,early
21527,127,0,0.018390874845122918,1.0741983430702482,21,early
21528,128,0,0.6891145880937986,0.4831189130109492,21,early
21529,129,0,0.8935909503948679,0.7428749153231218,21,early
21530,130,0,0.7429070822870225,0.8459184728516573,21,early
21531,131,0,0.8411274382033489,0.5849185534354542,21,early
21532,132,0,0.5056721049939672,0.7144097951349809,21,early
21533,133,0,0.32865021705912734,0.7251451950845107,21,early
21534,134,0,0.5662656376684033,0.6866873740018936,21,early
21535,135,0,0.5431432272206503,0.4355506795987373,21,early
21536,136,0,0.8646815169782514,0.7812048417326957,21,early
21537,137,0,0.5672786991350194,0.6654430872802323,21,early
21538,138,0,0.5206973930558654,0.8417515659651802,21,early
21539,139,0,0.5377045519229449,0.6557545794974207,21,early
21540,140,0,0.876006583871261,0.6365672225591186,21,early
21541,141,0,0.7318980001681539,0.6256715880607848,21,early
21542,142,0,0.8685740683033057,0.31941657563273607,21,early
21543,143,0,0.9293316785962171,1.1775736089516635,21,early
21544,144,0,0.9838423450298455,0.19415768681568066,21,early
21545,145,0,0.11551064652878928,0.9189275403789969,21,early
21546,146,0,0.5027008867561961,0.8336966952497713,21,early
21547,147,0,0.803203155733763,0.3130370177884587,21,early
21548,148,0,0.11870604511077276,0.8226717627809876,21,early
21549,149,0,0.4964219145782176,0.7737139396191093,21,early
21550,150,0,0.8183000366320015,0.4601260183033131,21,early
21551,151,0,0.7939079799628332,0.5624354838341137,21,early
21552,152,0,0.4903265475976039,0.7985890409666787,21,early
21553,153,0,0.29758916806747476,0.5310467371059988,21,early
21554,154,0,0.4584435964396639,0.705351420164638,21,early
21555,155,0,0.5444424675862848,0.7063608552328509,21,early
21556,156,0,0.8545658859577805,0.8202255539290704,21,early
21557,157,0,0.5196518858643828,0.8304781762461697,21,early
21558,158,0,0.41324497516185377,0.5007467307312438,21,early
21559,159,0,0.7990050280741243,0.5514367846886588,21,early
21560,160,0,0.5046725486529088,0.7802171844273327,21,early
21561,161,0,0.41990784224982014,0.8717065445743796,21,early
21562,162,0,0.49960725857946914,0.9754392472748163,21,early
21563,163,0,0.5001714286116248,0.8527839188613058,21,early
21564,164,0,0.9479260648551997,0.6351754492767232,21,early
21565,165,0,0.923928876607619,0.6090149220028268,21,early
21566,166,0,0.6795161206154303,0.41882385074665984,21,early
21567,167,0,0.9744372943291131,0.4313612135121897,21,early
21568,168,0,0.9473131822810335,0.8164690872822633,21,early
21569,169,0,0.9732355509688204,0.40941813955732453,21,early
21570,170,0,0.4992118467571766,0.8029652601952226,21,early
21571,171,0,0.9965411015137475,0.5394812966966815,21,early
21572,172,0,0.5779083661456146,0.9928054054271291,21,early
21573,173,0,0.5403766812378656,0.5846855564824323,21,early
21574,174,0,0.8550698690792795,0.664404047413905,21,early
21575,175,0,0.5366980119967611,0.5388874401898966,21,early
21576,176,0,0.8547060903273908,0.4963493154187524,21,early
21577,177,0,0.5354529451311116,0.634360279807271,21,early
21578,178,0,0.8083456244235998,0.5068820778788458,21,early
21579,179,0,0.9797491888528729,0.5862933412052082,21,early
21580,180,0,0.32092490373103133,0.7626151583427974,21,early
21581,181,0,0.4806252332618497,0.3870207088572531,21,early
21582,182,0,0.7002511724111122,0.5024509991404151,21,early
21583,183,0,0.9919911486704558,0.6379358449678044,21,early
21584,184,0,0.640679629530351,0.512569217822618,21,early
21585,185,0,0.4832537107373762,0.6762338951896966,21,early
21586,186,0,0.15051353466730094,0.608304325070535,21,early
21587,187,0,0.9777406431393949,0.3087763245133188,21,early
21588,188,0,0.011755789629354151,0.8301005552948245,21,early
21589,189,0,0.3515331573751098,1.2259636031985497,21,early
21590,190,0,0.6891188315277526,0.6971966964745251,21,early
21591,191,0,0.7281934926008775,0.5793343724960798,21,early
21592,192,0,0.5132891073398804,0.4477678529007407,21,early
21593,193,0,0.493764602832058,0.6602693756536357,21,early
21594,194,0,0.9553582665328678,0.5100655351599167,21,early
21595,195,0,0.6614000399125632,0.5620527318568458,21,early
21596,196,0,0.3432146736767524,0.5956911868693993,21,early
21597,197,0,0.3354282536908211,0.3662800832038545,21,early
21598,198,0,0.9428722998904077,0.6427342542395169,21,early
21599,199,0,0.9416634088956655,0.4771606441081212,21,early
21600,0,0,0.031012460073132263,0.6889453880297333,21,middle
21601,1,0,0.4214505269405476,0.4778127880890712,21,middle
21602,2,0,0.4884019531594611,0.7329945907366358,21,middle
21603,3,0,0.978540376131535,0.47381347591896167,21,middle
21604,4,0,0.49690907021961767,0.6644690802816315,21,middle
21605,5,0,0.9663066400297373,0.6613882096375062,21,middle
21606,6,0,0.6289281450060196,0.7416509839162131,21,middle
21607,7,0,0.005858592499904198,0.7694010344590486,21,middle
21608,8,0,0.5278323641377298,0.5878782901772632,21,middle
21609,9,0,0.5198703995558364,0.8188933236431808,21,middle
21610,10,0,0.47971794878875956,0.8981163100290278,21,middle
21611,11,0,0.00021605340441927358,1.230720728284665,21,middle
21612,12,0,0.498694558031185,0.8854254668213226,21,middle
21613,13,0,0.5624406665120513,1.0393371172144041,21,middle
21614,14,0,0.6865415747133291,0.6966143954642663,21,middle
21615,15,0,0.0006461307300686957,0.9729178456000063,21,middle
21616,16,0,0.5000294195916983,1.067596231559373,21,middle
21617,17,0,0.5414146441164125,0.7684821013571461,21,middle
21618,18,0,0.5241819551808067,0.6836686361951708,21,middle
21619,19,0,0.5380067302507585,0.5206752732966333,21,middle
21620,20,0,0.5035257228271585,0.6207666245131827,21,middle
21621,21,0,0.502575136416507,0.6416152616000128,21,middle
21622,22,0,0.4846729198303471,0.47688434067653573,21,middle
21623,23,0,0.5774709850208947,0.7254870177765869,21,middle
21624,24,0,0.38688214359869133,0.8770840889036545,21,middle
21625,25,0,0.2591075641517008,0.9070703825852846,21,middle
21626,26,0,0.3700952982818905,0.5276062663730618,21,middle
21627,27,0,0.8539591443131678,0.713022488991452,21,middle
21628,28,0,0.02694587424160612,0.9363723200978211,21,middle
21629,29,0,0.5804954784080344,0.899698154148846,21,middle
21630,30,0,0.18891188791025298,0.8318964991700206,21,middle
21631,31,0,0.7068388345088803,0.6460008440711207,21,middle
21632,32,0,0.8344656885697943,0.7049569707156271,21,middle
21633,33,0,0.9192787870601686,0.9401466871634514,21,middle
21634,34,0,0.500252201468677,0.6179053945032569,21,middle
21635,35,0,0.9983535480059821,0.6037545009367182,21,middle
21636,36,0,0.49634711194086206,0.7397149241516991,21,middle
21637,37,0,0.30043589234114865,0.7562338977273535,21,middle
21638,38,0,0.47949187231363044,0.7038335048449993,21,middle
21639,39,0,0.19488062862006184,0.4767398369393756,21,middle
21640,40,0,0.5000567386051475,0.8137548504511284,21,middle
21641,41,0,0.5685367547023977,0.44308399904877604,21,middle
21642,42,0,0.5009823162406223,0.6709672579773673,21,middle
21643,43,0,0.4163342793844645,0.5391370269402236,21,middle
21644,44,0,0.5303850947913159,0.6749720242028231,21,middle
21645,45,0,0.5036152819113588,0.9817283713146815,21,middle
21646,46,0,0.9456138907829255,0.6801119935617266,21,middle
21647,47,0,0.7910385332319856,1.000286392606491,21,middle
21648,48,0,0.7040046731606528,0.8996233316855526,21,middle
21649,49,0,0.5165120091147111,0.8347638304506468,21,middle
21650,50,0,0.813493411276184,0.542208140969555,21,middle
21651,51,0,0.8845186362307492,0.4077029157196713,21,middle
21652,52,0,0.9259470946170394,0.4995846799683489,21,middle
21653,53,0,0.5580476312071991,0.7335778498253993,21,middle
21654,54,0,0.487598094797642,0.4581549185182964,21,middle
21655,55,0,0.5006938784554643,0.7354781962067065,21,middle
21656,56,0,0.641730767947939,0.7613125143371167,21,middle
21657,57,0,0.9509785509938313,0.6215326151039837,21,middle
21658,58,0,0.6249772641820905,0.970324715593794,21,middle
21659,59,0,0.5422237273246931,0.5898776262025931,21,middle
21660,60,0,0.7653803448299479,0.37365556961537505,21,middle
21661,61,0,0.9981976532138424,0.5041021799869086,21,middle
21662,62,0,0.9819791117025467,0.40250919868558976,21,middle
21663,63,0,0.8974648648986752,0.6557383180056473,21,middle
21664,64,0,0.9512952814054312,0.41195849121190864,21,middle
21665,65,0,0.9981518236784358,0.5624666401416258,21,middle
21666,66,0,0.7119517293171351,0.5244901072626427,21,middle
21667,67,0,0.5445819286966952,0.795497763474661,21,middle
21668,68,0,0.5045741179028351,0.7840811405283874,21,middle
21669,69,0,0.6308123659562885,0.5101493175976799,21,middle
21670,70,0,0.5627993097892763,0.5957901699560482,21,middle
21671,71,0,0.997915483990101,0.8724785589072249,21,middle
21672,72,0,0.499985964319117,0.8406039471852458,21,middle
21673,73,0,0.5372608184541442,0.6561759873069622,21,middle
21674,74,0,0.4890583137272251,0.8093879597694019,21,middle
21675,75,0,0.9917789081187773,0.53373392599314,21,middle
21676,76,0,0.8852309459299179,0.7559701546914582,21,middle
21677,77,0,0.9558889124414858,0.4651121697646453,21,middle
21678,78,0,0.4969966489175558,0.8672024907904565,21,middle
21679,79,0,0.9998615543991543,0.7988084379780411,21,middle
21680,80,0,0.9493623828002322,0.8076481105648188,21,middle
21681,81,0,0.08279646753595737,0.698802254850221,21,middle
21682,82,0,0.00857825642287712,1.0006435755369611,21,middle
21683,83,0,0.07779603693598791,1.0098624088457753,21,middle
21684,84,0,0.8908222702865272,0.4590871420795324,21,middle
21685,85,0,0.44925665403239123,0.6495254994426436,21,middle
21686,86,0,0.011024862437091264,0.582775163051811,21,middle
21687,87,0,0.31437267987541245,0.4481035519706529,21,middle
21688,88,0,0.6999420630882142,0.4352475051963967,21,middle
21689,89,0,0.014713943347881191,0.7427154637146658,21,middle
21690,90,0,0.9964684619744153,0.6296677246402047,21,middle
21691,91,0,0.1997168209380668,0.8265832523536185,21,middle
21692,92,0,0.00948889726519875,0.8722947660754177,21,middle
21693,93,0,0.999951657177574,0.7778711714224528,21,middle
21694,94,0,0.8973975165570014,0.6441483257887157,21,middle
21695,95,0,0.45659244690434564,0.8188894186054823,21,middle
21696,96,0,0.6891177937926207,0.5513976429817351,21,middle
21697,97,0,0.19813744409726092,0.6746643676294356,21,middle
21698,98,0,0.18706477030130597,0.5170194837408033,21,middle
21699,99,0,0.6102706945359226,0.38131493025975194,21,middle
21700,100,0,0.9777281500589899,0.41152867312869934,21,middle
21701,101,0,0.9911095205365756,0.5005036859709664,21,middle
21702,102,0,0.9283803303907034,0.5612045174122231,21,middle
21703,103,0,0.9989270569352255,0.6001696275048374,21,middle
21704,104,0,0.998838861326715,0.442063055321539,21,middle
21705,105,0,0.999529238151133,0.5912000060099709,21,middle
21706,106,0,0.4446737752790706,0.7362320360738059,21,middle
21707,107,0,0.0435049995049969,0.9511827470049858,21,middle
21708,108,0,0.0021971040893382972,0.7730420187129635,21,middle
21709,109,0,0.38516624213169837,0.8485765887189749,21,middle
21710,110,0,0.9979307748567203,0.5413025970682344,21,middle
21711,111,0,0.9760407903809151,0.5498820023265202,21,middle
21712,112,0,0.83287842659799,0.5071151467867558,21,middle
21713,113,0,0.030487442511204672,0.8547288975253492,21,middle
21714,114,0,0.5119817621606572,0.6676835394968971,21,middle
21715,115,0,0.9994844195483121,0.6288991262237682,21,middle
21716,116,0,0.9257544983621837,0.689355172410586,21,middle
21717,117,0,0.9999261349464345,0.7909108235316896,21,middle
21718,118,0,0.9275313897416602,0.5303721053389138,21,middle
21719,119,0,0.03980500542899371,0.9694123202670175,21,middle
21720,120,0,0.49918766401386494,0.6681046436205891,21,middle
21721,121,0,0.9903807722036917,0.5507116726640411,21,middle
21722,122,0,0.49308125968762945,0.726663873565933,21,middle
21723,123,0,0.9999566953385326,0.7627187125734488,21,middle
21724,124,0,0.4471513443245244,0.7102120697957024,21,middle
21725,125,0,0.03936227970680343,0.8979240606637939,21,middle
21726,126,0,0.9880396898457389,0.6897927813038989,21,middle
21727,127,0,0.9957497408892927,0.637284700319626,21,middle
21728,128,0,0.33741843795365006,0.5501529091040949,21,middle
21729,129,0,0.7957802994277763,0.7381118621248581,21,middle
21730,130,0,0.5356955433891237,0.4854942793980095,21,middle
21731,131,0,0.5182740592536768,0.7007795126294939,21,middle
21732,132,0,0.48841127486568486,0.5422974390909953,21,middle
21733,133,0,0.9766786513815722,0.9234621374538615,21,middle
21734,134,0,0.9895041472042463,0.4717894175412948,21,middle
21735,135,0,0.9771226439250178,0.5113510061407477,21,middle
21736,136,0,0.6252265513311476,0.7453175999291233,21,middle
21737,137,0,0.16864101044816196,0.5950885009097433,21,middle
21738,138,0,0.9593144158331476,0.31443638459961565,21,middle
21739,139,0,0.992343740831626,0.7725211775662235,21,middle
21740,140,0,0.511597432886536,0.4698076795196822,21,middle
21741,141,0,0.7312810119547921,0.707243474553582,21,middle
21742,142,0,0.6952579651183088,0.4218235256578652,21,middle
21743,143,0,0.3979905352668357,0.6189318418637311,21,middle
21744,144,0,0.6731774873580745,0.7793180602279592,21,middle
21745,145,0,0.9998100093409832,0.45201523455981507,21,middle
21746,146,0,0.824855397502832,0.5143518997398188,21,middle
21747,147,0,0.5700646666248808,0.49802390336211,21,middle
21748,148,0,0.506248857065325,0.8315946178083965,21,middle
21749,149,0,0.9996824341919385,0.6468158218769406,21,middle
21750,150,0,0.528320307239892,0.6028387672511755,21,middle
21751,151,0,0.4876093130796644,0.8074920418725763,21,middle
21752,152,0,0.4998892982644593,0.7439698301002287,21,middle
21753,153,0,0.4983153745273926,0.48143224317923194,21,middle
21754,154,0,0.6265277421138551,0.43751269906753953,21,middle
21755,155,0,0.03833898377020175,0.7379802216401311,21,middle
21756,156,0,0.5497161557369512,0.3722531338303656,21,middle
21757,157,0,0.5168577152801277,0.5534456061145056,21,middle
21758,158,0,0.9111093366269867,0.5451993462694747,21,middle
21759,159,0,0.4725863421321736,0.8443693116690322,21,middle
21760,160,0,0.4932898970074298,0.5516842261752904,21,middle
21761,161,0,0.5131045112350895,0.5422173939926223,21,middle
21762,162,0,0.9828424014786576,0.3783591032002974,21,middle
21763,163,0,0.9808313217086855,0.6710088124576263,21,middle
21764,164,0,0.5552932787057497,0.3811685893887719,21,middle
21765,165,0,0.9633843972177956,0.765297143208137,21,middle
21766,166,0,0.9767099635325496,0.915897319215489,21,middle
21767,167,0,0.7311535167949426,0.530605189022961,21,middle
21768,168,0,0.51037995151276,0.48916714153390506,21,middle
21769,169,0,0.7550329902458957,0.4295177123169309,21,middle
21770,170,0,0.8626624165663874,0.26094732546678784,21,middle
21771,171,0,0.8938797967538815,0.4718453136769583,21,middle
21772,172,0,0.9676004967868018,0.4661832738418417,21,middle
21773,173,0,0.5430583942031169,0.3983229726976911,21,middle
21774,174,0,0.5976868164066366,0.5343051907634717,21,middle
21775,175,0,0.9867118656697131,0.39597425624356825,21,middle
21776,176,0,0.6701132401742155,0.41323040321976656,21,middle
21777,177,0,0.8364340136980862,0.5843264273328261,21,middle
21778,178,0,0.9868942950735293,0.48923614447906894,21,middle
21779,179,0,0.8473042383630234,0.3964900753090442,21,middle
21780,180,0,0.8997078791494417,0.42193046347216845,21,middle
21781,181,0,0.9561830466858559,0.5937061957582906,21,middle
21782,182,0,0.34618659618008235,0.5724429287256789,21,middle
21783,183,0,0.219123273036124,0.947170165316366,21,middle
21784,184,0,0.952835837075027,1.1576931971756812,21,middle
21785,185,0,0.7562535228902507,0.7204534325536311,21,middle
21786,186,0,0.6797674913344218,0.49051978297455756,21,middle
21787,187,0,0.5371527057295077,0.4644418993376781,21,middle
21788,188,0,0.9970050741767169,0.5780867709090042,21,middle
21789,189,0,0.9684829653760116,0.3889226893365581,21,middle
21790,190,0,0.5084422499556092,0.5804058835133443,21,middle
21791,191,0,0.6245772761735866,0.6409664051756481,21,middle
21792,192,0,0.9098672840486858,0.6711727467494273,21,middle
21793,193,0,0.7307553460516222,0.5386008063643971,21,middle
21794,194,0,0.6588538383886017,0.5897621714811925,21,middle
21795,195,0,0.9950864195003839,0.5191913108154482,21,middle
21796,196,0,0.7216958153962191,0.38240118766841447,21,middle
21797,197,0,0.03228795145649138,0.789782864460459,21,middle
21798,198,0,0.5986648094913763,0.3999130061294155,21,middle
21799,199,0,0.5837677170777867,0.7338040047313744,21,middle
21800,0,0,0.6663341776066484,0.6972005055248296,21,late
21801,1,0,0.7143894912027515,0.5633026215180932,21,late
21802,2,0,0.17355256408275618,0.6558851579084075,21,late
21803,3,0,0.4532965008428908,0.4421371430786948,21,late
21804,4,0,0.623648228450503,0.4209974599904321,21,late
21805,5,0,0.29586600327376905,0.5752642841186316,21,late
21806,6,0,0.4319103480081023,1.111417267157396,21,late
21807,7,0,0.6481166713835241,0.4796889236068699,21,late
21808,8,0,0.6814884069655898,0.46399454838897153,21,late
21809,9,0,0.3709039805222768,0.8402533995330537,21,late
21810,10,0,0.005819015919791934,0.9373569248525027,21,late
21811,11,0,0.22323437136619997,0.5597290257424765,21,late
21812,12,0,0.07767223244173009,0.6840473796513469,21,late
21813,13,0,0.48618601999889766,0.5395436553089719,21,late
21814,14,0,0.031010428674054423,0.6973107718721633,21,late
21815,15,0,0.39252329784811635,0.4512278737193972,21,late
21816,16,0,0.00039485754081944937,1.0434596298822032,21,late
21817,17,0,0.4999847701491362,0.859263203518713,21,late
21818,18,0,0.4661373836122304,0.5783866007304004,21,late
21819,19,0,0.4962651363257433,0.4830503251163661,21,late
21820,20,0,0.5582628045605054,0.4070034543718616,21,late
21821,21,0,0.9582468005975275,0.5173073490281912,21,late
21822,22,0,0.9008370567813706,0.3214004266227447,21,late
21823,23,0,0.5111291473851776,0.7131063162541859,21,late
21824,24,0,0.010971385077296303,1.035852729936204,21,late
21825,25,0,0.7048607406542069,1.0764610511270458,21,late
21826,26,0,0.8575869213698444,1.0418059522324543,21,late
21827,27,0,0.03287188518640314,0.8300546169206429,21,late
21828,28,0,0.471887151871731,0.856290759140534,21,late
21829,29,0,0.5645386779218348,0.6288751162119456,21,late
21830,30,0,0.383984937933608,0.48693316795351116,21,late
21831,31,0,0.9968894654520521,0.5684514560993277,21,late
21832,32,0,0.3523585464468693,0.7511123253570366,21,late
21833,33,0,0.4082771016734119,0.6253299962135676,21,late
21834,34,0,0.18091237702821522,1.1053932677347782,21,late
21835,35,0,0.04235063287239138,0.9267063695019425,21,late
21836,36,0,0.6629722483944402,0.4480224919989703,21,late
21837,37,0,0.5680721641053276,0.9850597361976091,21,late
21838,38,0,0.994070627914565,0.6773536928615105,21,late
21839,39,0,0.27739418321099746,0.7765247669735735,21,late
21840,40,0,0.5236087173641842,0.846995690130151,21,late
21841,41,0,0.0026137430338319433,1.2970074569833092,21,late
21842,42,0,0.500208867489271,1.248402729386409,21,late
21843,43,0,0.9934200393309958,0.9702135224990861,21,late
21844,44,0,0.1024664716879082,0.9178169309358638,21,late
21845,45,0,0.4271983830296219,0.5208216530566969,21,late
21846,46,0,0.593224211424726,0.6884629973274228,21,late
21847,47,0,0.8939744804806526,0.4754391152780779,21,late
21848,48,0,0.507231608249205,0.6829538450076826,21,late
21849,49,0,0.5716446587790001,0.5372330768636848,21,late
21850,50,0,0.9978906094142348,1.1278649225191695,21,late
21851,51,0,0.8428861175869824,0.41509362952431,21,late
21852,52,0,0.5171650620048079,0.603936541533072,21,late
21853,53,0,0.5030168115470295,0.5578601482019593,21,late
21854,54,0,0.5257826186618049,0.6898621317529807,21,late
21855,55,0,0.6658791063697662,0.6918683318722512,21,late
21856,56,0,0.505846229234004,0.9619840221345827,21,late
21857,57,0,0.12468141922591294,0.6594059293150476,21,late
21858,58,0,0.4665177596571262,0.7261096065003114,21,late
21859,59,0,0.5006515148702342,0.8399436438434739,21,late
21860,60,0,0.5375348642791198,0.47445742100388855,21,late
21861,61,0,0.9525049675001924,0.873636030788764,21,late
21862,62,0,0.01998001393158514,0.7695703610873326,21,late
21863,63,0,0.531824215040088,0.5443169785243048,21,late
21864,64,0,0.9129757988512348,0.6536531040116175,21,late
21865,65,0,0.4950343812734507,0.674869292929125,21,late
21866,66,0,0.16460267480292864,0.6369785524541358,21,late
21867,67,0,0.8766460997267962,0.5446607166550381,21,late
21868,68,0,0.1461664166196369,0.8205228925140058,21,late
21869,69,0,0.5002526170501919,0.7286561261851126,21,late
21870,70,0,0.08048454363706938,0.34689392892478327,21,late
21871,71,0,0.8937515479218335,0.7047897974383897,21,late
21872,72,0,0.5478555160219859,0.706295877087739,21,late
21873,73,0,0.9190693661416802,0.4755564832190805,21,late
21874,74,0,0.42633631268866395,0.7691088311132207,21,late
21875,75,0,0.5042146363103086,0.6143752455864646,21,late
21876,76,0,0.14752501900395712,0.8631908570674298,21,late
21877,77,0,0.5227324908739173,0.5322401938642819,21,late
21878,78,0,0.5007100996916074,0.7553078919271036,21,late
21879,79,0,0.6543657811911275,0.7355694071779144,21,late
21880,80,0,0.3842814196062855,0.793030578860547,21,late
21881,81,0,0.6890787153569751,0.5398851940873357,21,late
21882,82,0,0.40059573358462125,0.5111284218298144,21,late
21883,83,0,0.6103259694082107,0.3684457240617477,21,late
21884,84,0,0.9901437537922209,0.41483440387356685,21,late
21885,85,0,0.6669856527174489,0.4911902261779968,21,late
21886,86,0,0.014730337945130624,0.5200623489398611,21,late
21887,87,0,0.5219200046734654,0.5553198079642303,21,late
21888,88,0,0.5232721548305901,0.5022222541677186,21,late
21889,89,0,0.48860117380082596,0.9175049863415529,21,late
21890,90,0,0.7042242467110686,0.914732537131461,21,late
21891,91,0,0.016153926440006797,0.6701902010889393,21,late
21892,92,0,0.6769089575001721,0.5820918459186835,21,late
21893,93,0,0.38585555437096064,0.7583029031467892,21,late
21894,94,0,0.9663018492172575,0.552963118223504,21,late
21895,95,0,0.9976743468789533,0.7536427759789804,21,late
21896,96,0,0.9992212499560076,0.7724660383132217,21,late
21897,97,0,0.8057736790011234,0.6532741995864259,21,late
21898,98,0,0.626648140339682,0.6228413742424685,21,late
21899,99,0,0.22527317720259069,0.6180035606489981,21,late
21900,100,0,0.4842057210230707,0.7147211027824301,21,late
21901,101,0,0.9636563124438089,0.6852446595936029,21,late
21902,102,0,0.6436687356457494,0.6056249552154733,21,late
21903,103,0,0.5286942571712889,0.8172840850711115,21,late
21904,104,0,0.3656983927366727,0.6883447678730557,21,late
21905,105,0,0.08593532176753758,0.6840684544828276,21,late
21906,106,0,0.9993982285340899,0.6044138692660812,21,late
21907,107,0,0.8051243561676763,0.4562054683498661,21,late
21908,108,0,0.46012405925217914,0.6191638432607454,21,late
21909,109,0,0.9569215570898235,0.4659250772242711,21,late
21910,110,0,0.5397358540719168,0.5023180658846791,21,late
21911,111,0,0.5033167436172526,0.7743941679303548,21,late
21912,112,0,0.16203863101708432,0.8475978748788816,21,late
21913,113,0,0.3816975164127598,0.5778300390502431,21,late
21914,114,0,0.4935969041447645,0.7443982807556015,21,late
21915,115,0,0.9064214721896175,0.5160153021123755,21,late
21916,116,0,0.9714441989007039,0.3695424100708987,21,late
21917,117,0,0.6012458744077619,0.43842497532843383,21,late
21918,118,0,0.24697700237812137,0.5981164733098701,21,late
21919,119,0,0.9589921295336088,0.6525124243653175,21,late
21920,120,0,0.6290949289186363,0.6571893431339355,21,late
21921,121,0,0.6681550534836679,0.586318355451221,21,late
21922,122,0,0.015556238381214494,0.6752444329805356,21,late
21923,123,0,0.22847183804584364,0.668796552080307,21,late
21924,124,0,0.6289594554356928,0.5493662688189394,21,late
21925,125,0,0.097057367609347,0.5067972697416022,21,late
21926,126,0,0.31898876457491665,0.8361489320657416,21,late
21927,127,0,0.2887563375505016,0.643343280577183,21,late
21928,128,0,0.9739765958718472,0.5413025205649167,21,late
21929,129,0,0.05021679602831257,0.7077746226556034,21,late
21930,130,0,0.05125775033946781,0.8621909119646706,21,late
21931,131,0,0.7452018620504592,0.4217027071430023,21,late
21932,132,0,0.7691873363043262,0.9291355031444835,21,late
21933,133,0,0.48109891913622693,0.7840104246759765,21,late
21934,134,0,0.49837359265770675,0.6140581076515292,21,late
21935,135,0,0.66346483453676,0.6277547717341148,21,late
21936,136,0,0.9286294281257199,0.28928760570448764,21,late
21937,137,0,0.9078017636758178,0.5816392865231775,21,late
21938,138,0,0.9238019089009435,0.5581692523924356,21,late
21939,139,0,0.935949433794059,0.532949614853446,21,late
21940,140,0,0.43495259940640635,0.8092624020683414,21,late
21941,141,0,0.9544410224780868,0.5007358184106003,21,late
21942,142,0,0.4521521201311142,0.4917623820461834,21,late
21943,143,0,0.5295567412721096,0.636231926137814,21,late
21944,144,0,0.9743482609068068,0.4740990335159298,21,late
21945,145,0,0.08328002188115789,0.7721572326999921,21,late
21946,146,0,0.9799339694776783,0.5416481907133571,21,late
21947,147,0,0.4862707341248609,0.5541853464310034,21,late
21948,148,0,0.7329084624872515,0.34009371300254,21,late
21949,149,0,0.5164042040534972,0.629718523327228,21,late
21950,150,0,0.7505262525952798,0.5842786340111144,21,late
21951,151,0,0.7390473746492445,0.5860975344584477,21,late
21952,152,0,0.5066516352901341,0.5057391909746458,21,late
21953,153,0,0.9728558922210135,0.32874386330673744,21,late
21954,154,0,0.9982422425144997,0.6219245720156421,21,late
21955,155,0,0.9205503662272807,0.480228288330501,21,late
21956,156,0,0.2422046251589827,0.5778351569151563,21,late
21957,157,0,0.7046835019932357,0.6905956675206295,21,late
21958,158,0,0.5001261825990764,0.5422382240136641,21,late
21959,159,0,0.9989041081094556,0.6076113032017545,21,late
21960,160,0,0.5101349315206819,0.4050545335483635,21,late
21961,161,0,0.032231075288065424,0.6698930314246845,21,late
21962,162,0,0.8834905899055043,0.44071050217736774,21,late
21963,163,0,0.5042439391415787,0.5426497376630535,21,late
21964,164,0,0.49720250889960643,0.7346003226612983,21,late
21965,165,0,0.36130550229520586,0.7373337561913571,21,late
21966,166,0,0.4928884560924526,0.6829785199729586,21,late
21967,167,0,0.28215757789924373,0.6321242920163282,21,late
21968,168,0,0.5761596154904743,0.7383879580530484,21,late
21969,169,0,0.3410876934170979,0.6210110703931546,21,late
21970,170,0,0.5003789384867338,0.8533146720811318,21,late
21971,171,0,0.9780456806076298,0.463155516683498,21,late
21972,172,0,0.5180459177998106,0.3763243328815716,21,late
21973,173,0,0.990275274332107,0.6058454150854344,21,late
21974,174,0,0.9961047671520233,0.36472200715560377,21,late
21975,175,0,0.5202889708714447,0.6775204613320331,21,late
21976,176,0,0.4993305540217,0.578474187015854,21,late
21977,177,0,0.5313124717577359,0.6032841913837147,21,late
21978,178,0,0.29299407134413535,0.462622915034323,21,late
21979,179,0,0.5759952365823855,0.47306636137529656,21,late
21980,180,0,0.53831981662647,0.7384120987513576,21,late
21981,181,0,0.49751982372050135,0.759615126780242,21,late
21982,182,0,0.2842552846111453,0.5724748741861381,21,late
21983,183,0,0.5097563009522298,0.4114371235807891,21,late
21984,184,0,0.9980872390303234,0.5781662021724552,21,late
21985,185,0,0.49013085203996454,0.48618217031889366,21,late
21986,186,0,0.3408294249359199,1.0180909217750675,21,late
21987,187,0,0.45316791257648503,0.7015116261402226,21,late
21988,188,0,0.9920167202289483,0.5222911959343831,21,late
21989,189,0,0.9823418048946264,0.6534565230086422,21,late
21990,190,0,0.5779397977194893,0.4905336278065834,21,late
21991,191,0,0.7547548697541494,0.43427081336922574,21,late
21992,192,0,0.994052067554396,0.5782287522160698,21,late
21993,193,0,0.04066182195750918,0.7309849741826863,21,late
21994,194,0,0.5029681887339068,0.9034217539534373,21,late
21995,195,0,0.36543420017728345,0.49298036687339386,21,late
21996,196,0,0.343304240626366,0.4321691603395147,21,late
21997,197,0,0.5498698281563269,0.5514272783611295,21,late
21998,198,0,0.999945404441714,0.6849187789777662,21,late
21999,199,0,0.6120031445957113,0.5640637150183483,21,late
22000,0,0,0.9995444928747379,0.7070041545570713,22,interleaved
22001,1,0,0.4843582730037595,0.7254770314144656,22,interleaved
22002,2,0,0.7465512069775037,0.5925960113969078,22,interleaved
22003,3,0,0.5279728124849854,0.42322927174174674,22,interleaved
22004,4,0,0.8383730098809467,0.3731745138993001,22,interleaved
22005,5,0,0.7069417482637821,0.7359961391533655,22,interleaved
22006,6,0,0.20930269905272456,0.8092842915657399,22,interleaved
22007,7,0,0.11350942981692885,0.5500444512367807,22,interleaved
22008,8,0,0.6863439530124227,0.7921348033868755,22,interleaved
22009,9,0,0.18638001920754452,0.5377355452479352,22,interleaved
22010,10,0,0.6155169831395151,0.936331579998918,22,interleaved
22011,11,0,0.4359229065056542,0.4857019816707367,22,interleaved
22012,12,0,0.5167217889067696,0.6257540551674141,22,interleaved
22013,13,0,0.8797214811083656,0.8268198514159839,22,interleaved
22014,14,0,0.5023747966581037,0.7668437067264995,22,interleaved
22015,15,0,0.9949464697866279,0.680067128426973,22,interleaved
22016,16,0,0.8782531177833537,0.4473775648377488,22,interleaved
22017,17,0,0.9942609690207336,0.779296500570362,22,interleaved
22018,18,0,0.5498031514768899,0.6293281418866932,22,interleaved
22019,19,0,0.8843010776024669,0.2314561048196967,22,interleaved
22020,20,0,0.5064018694194286,0.935560498126315,22,interleaved
22021,21,0,0.038033896852963225,0.7733904010265706,22,interleaved
22022,22,0,0.9136648689313391,0.7460629744301347,22,interleaved
22023,23,0,0.8822329472182897,0.7675683658458746,22,interleaved
22024,24,0,0.8631975440738664,0.7986199990361879,22,interleaved
22025,25,0,0.008201801375624172,0.7648830924941928,22,interleaved
22026,26,0,0.8125591914892427,0.4459265116020085,22,interleaved
22027,27,0,0.29784822027625535,0.6876648258847308,22,interleaved
22028,28,0,0.5642906529209974,0.4936445204541639,22,interleaved
22029,29,0,0.47476965282369676,0.7046944294227566,22,interleaved
22030,30,0,0.49317310225369404,1.2361341754109234,22,interleaved
22031,31,0,0.5699574876484335,0.6941987435032662,22,interleaved
22032,32,0,0.4996111334643953,0.8153980186252552,22,interleaved
22033,33,0,0.15840839383213992,0.7192446628870178,22,interleaved
22034,34,0,0.5005165105212029,0.6374471378623532,22,interleaved
22035,35,0,0.24502264046278316,0.7026840107757821,22,interleaved
22036,36,0,0.6148955707678598,0.6887992798146407,22,interleaved
22037,37,0,0.965988230473739,0.5685866019073211,22,interleaved
22038,38,0,0.5186993751543917,0.5785569775631025,22,interleaved
22039,39,0,0.5914101240392439,0.8203883601560129,22,interleaved
22040,40,0,0.8928057600874052,0.4236557341536107,22,interleaved
22041,41,0,0.591019520953308,0.4320813967224939,22,interleaved
22042,42,0,0.908911595382027,0.758552764474633,22,interleaved
22043,43,0,0.8218047059821427,0.8118892329041982,22,interleaved
22044,44,0,0.6954229725541727,0.7740092489879815,22,interleaved
22045,45,0,0.009810731952681312,0.6512962850478251,22,interleaved
22046,46,0,0.402042571498707,0.5128721309572656,22,interleaved
22047,47,0,0.9720913676169116,0.4534906386046105,22,interleaved
22048,48,0,0.4268799031379936,0.3840273433628535,22,interleaved
22049,49,0,0.497783436040086,0.8827422789199817,22,interleaved
22050,50,0,0.7568262811752119,0.3973248268876062,22,interleaved
22051,51,0,0.4593317499421234,0.7954497652905761,22,interleaved
22052,52,0,0.3954413724886656,0.47297489917216384,22,interleaved
22053,53,0,0.987450674967559,0.8565840847115731,22,interleaved
22054,54,0,0.5446830914328028,0.5262058236351181,22,interleaved
22055,55,0,0.8319132496266337,0.4970115583749344,22,interleaved
22056,56,0,0.46550818541595196,0.5462913342837794,22,interleaved
22057,57,0,0.6726030524120002,0.4311609846510682,22,interleaved
22058,58,0,0.7769007554026741,0.21163605382285744,22,interleaved
22059,59,0,0.17720700172693754,0.4964993239377571,22,interleaved
22060,60,0,0.5022989872360917,0.7256824738417247,22,interleaved
22061,61,0,0.7857909294369382,0.49893990500699803,22,interleaved
22062,62,0,0.08568102466289686,0.6119642065155855,22,interleaved
22063,63,0,0.19420990160649101,0.6214894374574775,22,interleaved
22064,64,0,0.17507803293123067,0.7308504382884501,22,interleaved
22065,65,0,0.9163518026809144,0.5176836038427491,22,interleaved
22066,66,0,0.32602825163329374,0.4785557080181629,22,interleaved
22067,67,0,0.4930504160017065,0.6947500491066254,22,interleaved
22068,68,0,0.30069901742281235,0.7276555231847905,22,interleaved
22069,69,0,0.03247768125259763,0.789041303151778,22,interleaved
22070,70,0,0.493119097255258,0.6326543857415484,22,interleaved
22071,71,0,0.04809473322866894,0.6010430753160967,22,interleaved
22072,72,0,0.7890457224281441,0.7770764370098949,22,interleaved
22073,73,0,0.9969245555678824,0.570201869733344,22,interleaved
22074,74,0,0.6379516831369249,0.3903456395316382,22,interleaved
22075,75,0,0.9961881841280458,0.7504131401902645,22,interleaved
22076,76,0,0.3718045894366309,0.7203437055807411,22,interleaved
22077,77,0,0.5791559547647375,0.4863599800424466,22,interleaved
22078,78,0,0.4168098014915496,0.6075720204816213,22,interleaved
22079,79,0,0.9861965989660858,0.6760044100411102,22,interleaved
22080,80,0,0.4918310579864846,0.80978146224188,22,interleaved
22081,81,0,0.7184831689902109,0.7765978945186791,22,interleaved
22082,82,0,0.5003944599914635,0.9031542989975121,22,interleaved
22083,83,0,0.5674967442507173,0.6005961266837667,22,interleaved
22084,84,0,0.09178564920371828,0.6072196796843026,22,interleaved
22085,85,0,0.14159171144914043,0.6128829052376917,22,interleaved
22086,86,0,0.6666540058062254,0.8740577622551642,22,interleaved
22087,87,0,0.38330695989455255,0.6789530303806228,22,interleaved
22088,88,0,0.690332262456127,0.5191752914300154,22,interleaved
22089,89,0,0.8631672484421464,0.5755158473482187,22,interleaved
22090,90,0,0.672133397515146,0.3994878567784683,22,interleaved
22091,91,0,0.0037178616259059315,1.0687700173704253,22,interleaved
22092,92,0,0.964984574034312,0.7310978424560528,22,interleaved
22093,93,0,0.3006622951451588,0.5078147613511218,22,interleaved
22094,94,0,0.10119912139840609,0.5794497202776066,22,interleaved
22095,95,0,0.0037913565156204522,1.0831110187281379,22,interleaved
22096,96,0,0.11313064332627147,1.0096099572227188,22,interleaved
22097,97,0,0.9991868773166543,0.7252304121813061,22,interleaved
22098,98,0,0.004677684286737662,1.3217175359412934,22,interleaved
22099,99,0,0.8647777462956128,0.4154969345199697,22,interleaved
22100,100,0,0.5111358253817637,0.7916320779639123,22,interleaved
22101,101,0,0.3573749328829043,0.6608179652000762,22,interleaved
22102,102,0,0.40063825704990436,0.6719036320786036,22,interleaved
22103,103,0,0.23093977511756478,0.3722772207234786,22,interleaved
22104,104,0,0.03397554726232908,0.6169756782948588,22,interleaved
22105,105,0,0.7454594852600722,0.39710333923738395,22,interleaved
22106,106,0,0.3683092373948915,0.628570083582927,22,interleaved
22107,107,0,0.0001945276782887121,0.9448810814916593,22,interleaved
22108,108,0,0.12548071316658768,0.7428934651937149,22,interleaved
22109,109,0,0.02271033978041898,0.7557291272146748,22,interleaved
22110,110,0,0.411277196230226,0.5534335709156288,22,interleaved
22111,111,0,0.2639227398523065,0.5394099308099471,22,interleaved
22112,112,0,0.9091416217628485,0.4396764754008853,22,interleaved
22113,113,0,0.24572211779109723,0.46715007164591293,22,interleaved
22114,114,0,0.4801826860759077,0.3372241722172419,22,interleaved
22115,115,0,0.9186584632262054,0.38522072893188003,22,interleaved
22116,116,0,0.5900101638963332,0.37802007103519875,22,interleaved
22117,117,0,0.8720104084059094,0.39862442036345735,22,interleaved
22118,118,0,0.26972119507924236,0.4707511726506096,22,interleaved
22119,119,0,0.9395323664638183,0.683495459496807,22,interleaved
22120,120,0,0.13327005529278685,0.6312882272393812,22,interleaved
22121,121,0,0.8602615493903076,0.5211181342467136,22,interleaved
22122,122,0,0.80732676697502,0.49517774239999146,22,interleaved
22123,123,0,0.21688577654371538,0.8439297726886289,22,interleaved
22124,124,0,0.033643056581743644,0.5665317706036155,22,interleaved
22125,125,0,0.9980246502978865,0.5688461128803182,22,interleaved
22126,126,0,0.7627423566034407,0.39519808899058595,22,interleaved
22127,127,0,0.02145036755408748,0.4757327189643187,22,interleaved
22128,128,0,0.46229941846621336,0.4601188646154779,22,interleaved
22129,129,0,0.9936277491013794,0.5334718726032978,22,interleaved
22130,130,0,0.5166913654999968,0.6910839145092176,22,interleaved
22131,131,0,0.994210477728432,0.6583194637130088,22,interleaved
22132,132,0,0.26671832384851163,0.37753254625500116,22,interleaved
22133,133,0,0.8871648814016442,0.523428559135969,22,interleaved
22134,134,0,0.9500985573163852,0.418317889667221,22,interleaved
22135,135,0,0.9883199172729378,0.7847438235429078,22,interleaved
22136,136,0,0.0988385925517399,0.7423563617088496,22,interleaved
22137,137,0,0.8436722964535561,0.40265244899818187,22,interleaved
22138,138,0,0.5429072472117555,0.26940355517194736,22,interleaved
22139,139,0,0.11974889689428946,0.7082242578254101,22,interleaved
22140,140,0,0.5094333014017427,0.728725883033029,22,interleaved
22141,141,0,0.5543061045898173,0.7798053357003747,22,interleaved
22142,142,0,0.5963917886784132,0.4575731410245567,22,interleaved
22143,143,0,0.564684395067808,0.5444250186550657,22,interleaved
22144,144,0,0.42410226864872874,0.4671804538266933,22,interleaved
22145,145,0,0.43269942141474005,0.7090113852021938,22,interleaved
22146,146,0,0.5166797684113564,0.5272643393567047,22,interleaved
22147,147,0,0.9242683297358067,0.6545206579405256,22,interleaved
22148,148,0,0.6777808843083535,0.34588704689123534,22,interleaved
22149,149,0,0.09170445504462227,0.3230398431907493,22,interleaved
22150,150,0,0.49241484090754134,0.7353409068726393,22,interleaved
22151,151,0,0.8233013982278936,0.5103899791869897,22,interleaved
22152,152,0,0.8167820367323502,0.3460479114534667,22,interleaved
22153,153,0,0.9512158176664177,0.7647848057647135,22,interleaved
22154,154,0,0.46834943422873465,0.4776974800670019,22,interleaved
22155,155,0,0.934686127821355,0.4859164992903644,22,interleaved
22156,156,0,0.1282059434334975,0.534547721732535,22,interleaved
22157,157,0,0.48947976437464474,0.6432920466468763,22,interleaved
22158,158,0,0.5013097826008531,0.5764482819692822,22,interleaved
22159,159,0,0.4780594580424655,0.8479955596582682,22,interleaved
22160,160,0,0.9965741496812284,0.47154740374619036,22,interleaved
22161,161,0,0.008154468013967594,0.5820167474348101,22,interleaved
22162,162,0,0.3627120823587269,0.5939333278136452,22,interleaved
22163,163,0,0.9457797320610517,0.5436128101471766,22,interleaved
22164,164,0,0.1743106292365209,0.4103876102440197,22,interleaved
22165,165,0,0.486414387352749,0.564382533497664,22,interleaved
22166,166,0,0.4388986992669962,1.130268030361552,22,interleaved
22167,167,0,0.46784589727722753,0.5733937292937288,22,interleaved
22168,168,0,0.9392947859166066,0.5684859845810162,22,interleaved
22169,169,0,0.23281573338609482,0.7740055897974686,22,interleaved
22170,170,0,0.4972157024430162,0.5844337846252609,22,interleaved
22171,171,0,0.9571713402916462,0.4424589445916702,22,interleaved
22172,172,0,0.9357064687311627,0.6831006616712958,22,interleaved
22173,173,0,0.1374775370186939,0.47044661139244015,22,interleaved
22174,174,0,0.0410896423904127,0.7501612021152293,22,interleaved
22175,175,0,0.6032328974247934,0.46774446079785853,22,interleaved
22176,176,0,0.0067706283189571705,0.708145702905353,22,interleaved
22177,177,0,0.10578977313875325,0.5764246262165582,22,interleaved
22178,178,0,0.008491674752522025,0.7035857809288124,22,interleaved
22179,179,0,0.5117464014335681,0.5060647391085645,22,interleaved
22180,180,0,0.885213885943548,0.5843238255963925,22,interleaved
22181,181,0,0.25528320202284116,0.40173482115858783,22,interleaved
22182,182,0,0.7472227997444406,0.25842978136910044,22,interleaved
22183,183,0,0.4973246806769996,0.36810142012558394,22,interleaved
22184,184,0,0.047388080794839506,0.6199445701413953,22,interleaved
22185,185,0,0.37912832438228566,0.47383470339697953,22,interleaved
22186,186,0,0.22379019775413772,0.6294201135925933,22,interleaved
22187,187,0,0.740815001146665,0.2990491483457332,22,interleaved
22188,188,0,0.7342173725437685,0.5012576228008797,22,interleaved
22189,189,0,0.5065703727367984,0.6013528847878156,22,interleaved
22190,190,0,0.4616001121123719,0.6234753480120185,22,interleaved
22191,191,0,0.22527512648048342,0.39375336818757917,22,interleaved
22192,192,0,0.025567888847598964,0.6482047677085689,22,interleaved
22193,193,0,0.4970569294040223,0.5313288830825851,22,interleaved
22194,194,0,0.506805484693084,0.6833715491924297,22,interleaved
22195,195,0,0.4524998571935047,0.37465670938378787,22,interleaved
22196,196,0,0.49248997521355553,0.45805689680317996,22,interleaved
22197,197,0,0.31481217313482435,0.65312115044046,22,interleaved
22198,198,0,0.5256191886266598,0.5273950017392312,22,interleaved
22199,199,0,0.5669046528390927,0.5535614658753248,22,interleaved
22200,0,0,0.9966229218357963,0.7314535485284112,22,blocked
22201,1,0,0.011089122886924669,0.6768619897085,22,blocked
22202,2,0,0.5787915134234011,0.5031963357270236,22,blocked
22203,3,0,0.8900276532966784,0.3919805962988888,22,blocked
22204,4,0,0.9809607729592675,0.5436991293881911,22,blocked
22205,5,0,0.03212266730908578,0.681665055613409,22,blocked
22206,6,0,0.9880825686198402,0.44822407347441273,22,blocked
22207,7,0,0.04770043883209658,0.8280078207551536,22,blocked
22208,8,0,0.014276717029639823,1.0633126774871315,22,blocked
22209,9,0,0.7638901481048933,0.6910645300102701,22,blocked
22210,10,0,0.5366756614490491,0.6409594082512486,22,blocked
22211,11,0,0.07056829992893233,0.7613760194683077,22,blocked
22212,12,0,0.9717184797280559,0.6081972865588555,22,blocked
22213,13,0,0.028046871462203703,0.8847639331278281,22,blocked
22214,14,0,0.998557750616305,0.7438058436022696,22,blocked
22215,15,0,0.520719010123541,0.8807950351579614,22,blocked
22216,16,0,0.5000737312484924,0.9802645354611789,22,blocked
22217,17,0,0.9162994101921957,0.4049392322697607,22,blocked
22218,18,0,0.746161507705966,0.5035673899210171,22,blocked
22219,19,0,0.3159442965629015,0.6566435301321014,22,blocked
22220,20,0,0.3240564039220266,0.6898334109807,22,blocked
22221,21,0,0.7145089966212614,0.38416933405084996,22,blocked
22222,22,0,0.19988370717566467,0.374215374358977,22,blocked
22223,23,0,0.5832777114288586,0.4460075432110301,22,blocked
22224,24,0,0.6810797814049958,0.6824096096438049,22,blocked
22225,25,0,0.812185233231471,0.6398769087493872,22,blocked
22226,26,0,0.9764643942766726,0.6035412684330048,22,blocked
22227,27,0,0.4920461711080922,0.6577638662241796,22,blocked
22228,28,0,0.3607113099559658,0.6771544131792551,22,blocked
22229,29,0,0.47778335791121407,1.2407493335217274,22,blocked
22230,30,0,0.05464207119892232,0.8076119073222372,22,blocked
22231,31,0,0.9998180063494122,1.0618296823480127,22,blocked
22232,32,0,0.6288583709566149,0.6904688541117778,22,blocked
22233,33,0,0.239228485912268,0.3904989810882344,22,blocked
22234,34,0,0.963406165284304,0.7116857925659588,22,blocked
22235,35,0,0.9736027352452823,0.6491788178917484,22,blocked
22236,36,0,0.021530557317189447,1.3835632901575428,22,blocked
22237,37,0,0.9992181222761156,1.0686338531646904,22,blocked
22238,38,0,0.9310693480072112,0.4644674951000173,22,blocked
22239,39,0,0.5062523599074481,0.7758132844720502,22,blocked
22240,40,0,0.7794607062203003,0.6573912857373541,22,blocked
22241,41,0,0.468611673313528,0.7880033093892975,22,blocked
22242,42,0,0.4835251911656829,0.8565836126481059,22,blocked
22243,43,0,0.27456686140071274,0.7278882960416624,22,blocked
22244,44,0,0.26976761373249397,0.5843382652704903,22,blocked
22245,45,0,0.5724125599685989,0.7914960260801676,22,blocked
22246,46,0,0.5070908034523474,0.7239015823755086,22,blocked
22247,47,0,0.0892571305096575,0.6565394797310549,22,blocked
22248,48,0,0.34257422017539463,0.655856873747787,22,blocked
22249,49,0,0.12058745646369456,0.9000000165335974,22,blocked
22250,50,0,0.8420677347198702,0.6117086561103786,22,blocked
22251,51,0,0.7672161441902988,0.8819921381505007,22,blocked
22252,52,0,0.45722616428481017,0.8103500307070297,22,blocked
22253,53,0,0.9742910720322306,0.6614428954475244,22,blocked
22254,54,0,0.4991163495060544,0.6697107220862555,22,blocked
22255,55,0,0.4132824015536603,0.6627609619923553,22,blocked
22256,56,0,0.1920927038292534,0.6788155177520396,22,blocked
22257,57,0,0.4254361039675804,0.52749673408946,22,blocked
22258,58,0,0.9924711063150904,0.981255977344337,22,blocked
22259,59,0,0.3155636307182154,0.7159478314724301,22,blocked
22260,60,0,0.5438841608644611,0.5356509045762586,22,blocked
22261,61,0,0.7273977508516676,0.5224582979121496,22,blocked
22262,62,0,0.8676333926288963,0.8815165225346911,22,blocked
22263,63,0,0.9988996878931529,1.0068225855462056,22,blocked
22264,64,0,0.9989966920493715,0.8913101930656082,22,blocked
22265,65,0,0.945116589885981,0.5895833906409031,22,blocked
22266,66,0,0.5095191675418,0.7813782046987416,22,blocked
22267,67,0,0.764921881104229,0.717757043435175,22,blocked
22268,68,0,0.8553861414072417,0.8294842656470234,22,blocked
22269,69,0,0.5537792418131543,0.7769627812242145,22,blocked
22270,70,0,0.6128370293049686,0.5453325119109595,22,blocked
22271,71,0,0.08361406847660316,0.7624682157496483,22,blocked
22272,72,0,0.30297882039530294,0.7643841692039219,22,blocked
22273,73,0,0.05674503834937096,0.9882547370863872,22,blocked
22274,74,0,0.4589385662417404,0.8356738596101982,22,blocked
22275,75,0,0.9544761999394888,0.4632801944035724,22,blocked
22276,76,0,0.13872007121806088,0.7371575970817198,22,blocked
22277,77,0,0.48359267940873324,0.7298919590670169,22,blocked
22278,78,0,0.9807231056553782,0.5002707450929395,22,blocked
22279,79,0,0.22285053653115072,0.40558226594374835,22,blocked
22280,80,0,0.4342001913938103,0.73136182325264,22,blocked
22281,81,0,0.2797431501129955,0.7895220643493176,22,blocked
22282,82,0,0.7598807001847231,0.792198675094115,22,blocked
22283,83,0,0.7529266826609549,0.6218110858346939,22,blocked
22284,84,0,0.9983814763535319,0.7224974115961201,22,blocked
22285,85,0,0.1906900379539066,0.8471843502880225,22,blocked
22286,86,0,0.4411910076796666,0.7164626154546592,22,blocked
22287,87,0,0.29964048412004296,0.8746453341737936,22,blocked
22288,88,0,0.01238870637114087,0.7678875952627227,22,blocked
22289,89,0,0.25807998677085564,0.4805265159744623,22,blocked
22290,90,0,0.5566890222495291,0.7543415368272003,22,blocked
22291,91,0,0.964991445851056,1.2113035817540356,22,blocked
22292,92,0,0.7102428977431812,0.5859271540130264,22,blocked
22293,93,0,0.002218803335055879,0.7545013609219716,22,blocked
22294,94,0,0.12995718010626106,1.2934461639044237,22,blocked
22295,95,0,0.5092983158834737,0.9079371811011825,22,blocked
22296,96,0,0.3976758705610863,0.7654564524315378,22,blocked
22297,97,0,0.3021569719122193,0.8738292199058215,22,blocked
22298,98,0,0.5929631507069114,0.5582069761536288,22,blocked
22299,99,0,0.3609831525278669,0.805451341750546,22,blocked
22300,100,0,0.49671356890384827,0.6639128371090283,22,blocked
22301,101,0,0.8203358895038693,0.7377567745707265,22,blocked
22302,102,0,0.1538463683554923,0.9483816754900536,22,blocked
22303,103,0,0.09041065570841132,0.8631163316522963,22,blocked
22304,104,0,0.7586685201843164,0.9771890868966626,22,blocked
22305,105,0,0.7316348586216294,0.6951548163052084,22,blocked
22306,106,0,0.983929364605618,1.0891543382404238,22,blocked
22307,107,0,0.7164750182337214,0.6674366791723465,22,blocked
22308,108,0,0.9543317090682228,0.8295439459100171,22,blocked
22309,109,0,0.31402313120347414,0.6668712991065346,22,blocked
22310,110,0,0.7150300626627679,0.7112829433014252,22,blocked
22311,111,0,0.12439297632763395,0.8425476329336083,22,blocked
22312,112,0,0.14394227685476146,0.5674438396870676,22,blocked
22313,113,0,0.002718495536329525,1.115804767589063,22,blocked
22314,114,0,0.9999268651826514,0.7486497878645091,22,blocked
22315,115,0,0.9981757253974891,0.8028729288435171,22,blocked
22316,116,0,0.641956053839519,0.932240002596302,22,blocked
22317,117,0,0.9985432765307394,0.6805159168830076,22,blocked
22318,118,0,0.1326267493826908,0.7506293987480102,22,blocked
22319,119,0,0.3084053850294089,0.6842453069961898,22,blocked
22320,120,0,0.22451097917688642,0.5804908484052589,22,blocked
22321,121,0,0.4860029840871845,0.5915407372652419,22,blocked
22322,122,0,0.5750147984403277,0.677262194004503,22,blocked
22323,123,0,0.6039295107557611,0.6297213031068782,22,blocked
22324,124,0,0.4431368642434532,0.7392029290745066,22,blocked
22325,125,0,0.8700250543648715,0.8156539693452602,22,blocked
22326,126,0,0.5786299705595869,0.6976893963135139,22,blocked
22327,127,0,0.47799850366030394,0.6453530871698823,22,blocked
22328,128,0,0.1030355538759683,0.7156758817908692,22,blocked
22329,129,0,0.5511869353924441,0.38873033761166687,22,blocked
22330,130,0,0.5856475905719285,0.6897759048784577,22,blocked
22331,131,0,0.22064033672687716,0.655745956311239,22,blocked
22332,132,0,0.8430250960604093,1.1641331209459098,22,blocked
22333,133,0,0.12155246618895157,1.2244498594714972,22,blocked
22334,134,0,0.44955765021879196,0.7545640601338213,22,blocked
22335,135,0,0.9214820950005123,0.5195247332928375,22,blocked
22336,136,0,0.9865958262766651,0.7513613653045466,22,blocked
22337,137,0,0.05077448880560561,1.1097069558201484,22,blocked
22338,138,0,0.01294286425277821,0.8691306541357592,22,blocked
22339,139,0,0.5955807105353218,0.78669893816719,22,blocked
22340,140,0,0.6897976133594861,0.620438145491879,22,blocked
22341,141,0,0.024784646592482126,0.8196414227807973,22,blocked
22342,142,0,0.8625092783126573,0.7091265055107361,22,blocked
22343,143,0,0.5073689488882158,1.0502212440964065,22,blocked
22344,144,0,0.9922750856092664,0.5686624075249926,22,blocked
22345,145,0,0.8415722643491109,0.5904516164789949,22,blocked
22346,146,0,0.4516517331253388,0.6846215434568788,22,blocked
22347,147,0,0.5120019615601396,1.2364900766699314,22,blocked
22348,148,0,0.5492734079549992,0.8799169240082544,22,blocked
22349,149,0,0.032957816603871905,0.6767393053002873,22,blocked
22350,150,0,0.10742998652657901,0.5462478078226694,22,blocked
22351,151,0,0.9337008837938264,0.7278843102042988,22,blocked
22352,152,0,0.9450372408264067,0.8464850653104931,22,blocked
22353,153,0,0.7564734397279775,0.39845383282719143,22,blocked
22354,154,0,0.5016734282676317,1.1186730795595279,22,blocked
22355,155,0,0.27655456173887344,0.5274259147697099,22,blocked
22356,156,0,0.7552529046700458,0.7400145145639639,22,blocked
22357,157,0,0.8788134495812157,0.7395704812989509,22,blocked
22358,158,0,0.5078755567887848,0.8721095940392927,22,blocked
22359,159,0,0.4982152995820708,0.7608174854717769,22,blocked
22360,160,0,0.46084364562787966,0.6100072694912401,22,blocked
22361,161,0,0.06550833266935242,0.46931903294482236,22,blocked
22362,162,0,0.3662091068371425,0.7193701976571765,22,blocked
22363,163,0,0.541739142721595,0.4852370028368741,22,blocked
22364,164,0,0.4934149853981796,0.7486435328567316,22,blocked
22365,165,0,0.6609290610959492,0.6993853972044882,22,blocked
22366,166,0,0.535712348846714,0.6232259508671727,22,blocked
22367,167,0,0.9874197259243552,0.36101856073635186,22,blocked
22368,168,0,0.936641197303171,0.49306595388125285,22,blocked
22369,169,0,0.4560843597882059,0.6323232957546403,22,blocked
22370,170,0,0.988419366825626,0.6011035631262851,22,blocked
22371,171,0,0.18318438827785696,0.7930368122639421,22,blocked
22372,172,0,0.5003950447117508,0.6465347284757599,22,blocked
22373,173,0,0.4600969376638713,0.6930758786199915,22,blocked
22374,174,0,0.5333828204535729,0.8157842190129716,22,blocked
22375,175,0,0.2569780544674039,0.6717259359137688,22,blocked
22376,176,0,0.6169601730056241,0.46614093005535284,22,blocked
22377,177,0,0.00045286779318758254,1.1037521088399793,22,blocked
22378,178,0,0.5659198611071866,0.6265006518517617,22,blocked
22379,179,0,0.5024856319733073,0.4382014405874164,22,blocked
22380,180,0,0.9949814812750304,0.6718486833064938,22,blocked
22381,181,0,0.5299414617801795,0.3742461015946553,22,blocked
22382,182,0,0.7540349021141171,0.5514137555505375,22,blocked
22383,183,0,0.47512243379083446,1.0043464204222936,22,blocked
22384,184,0,0.5119902044775414,0.6030564822403539,22,blocked
22385,185,0,0.5635884584728761,0.4331742276887727,22,blocked
22386,186,0,0.9757923253723164,0.6379944221410201,22,blocked
22387,187,0,0.27142179553787676,0.5707473272618853,22,blocked
22388,188,0,0.6502878245338198,0.4867618987165486,22,blocked
22389,189,0,0.7634050791041038,0.5835814080970478,22,blocked
22390,190,0,0.4436288168602494,0.6667984195233032,22,blocked
22391,191,0,0.386361132580567,0.4631755360585711,22,blocked
22392,192,0,0.4999838760046326,0.8658206989785865,22,blocked
22393,193,0,0.5198415293085631,0.6932084190550947,22,blocked
22394,194,0,0.5637938058116148,0.6900664434758043,22,blocked
22395,195,0,0.26401041519898916,0.6279785831079994,22,blocked
22396,196,0,0.1702209173474471,0.5086290357225455,22,blocked
22397,197,0,0.5582602592228475,0.5723900063790002,22,blocked
22398,198,0,0.5007437372972975,0.8649283199340083,22,blocked
22399,199,0,0.507801875894418,0.6806645478752238,22,blocked
22400,0,0,0.18198542510551124,0.5779933304362781,22,early
22401,1,0,0.41516649210712425,0.6356650553159664,22,early
22402,2,0,0.2985101445849464,0.430425736510571,22,early
22403,3,0,0.2798384551786296,0.41681020616920755,22,early
22404,4,0,0.858394439847499,0.44832163017099624,22,early
22405,5,0,0.5231135389036095,0.7562576164728867,22,early
22406,6,0,0.6205366930256963,0.6206058089106561,22,early
22407,7,0,0.021405929775515,0.7849690258316571,22,early
22408,8,0,0.9882728415083408,0.5236609097561098,22,early
22409,9,0,0.3319669212115701,0.6801227402376548,22,early
22410,10,0,0.43156013632869183,0.7322293816910455,22,early
22411,11,0,0.49085950285548324,0.7772851588542826,22,early
22412,12,0,0.49782055817243703,0.8918763295062111,22,early
22413,13,0,0.0464049619279012,0.5915663069980698,22,early
22414,14,0,0.9481075687021497,0.5131607986058822,22,early
22415,15,0,0.18235803851736151,0.7401273225384422,22,early
22416,16,0,0.970924711944241,0.3826252583540527,22,early
22417,17,0,0.6060237776647881,0.507364641768235,22,early
22418,18,0,0.4767161807139156,0.4855781434190599,22,early
22419,19,0,0.7680827031995741,0.5589721524262302,22,early
22420,20,0,0.6717024745824295,0.5159925060659069,22,early
22421,21,0,0.46936490766144084,0.9226192774592714,22,early
22422,22,0,0.5288026375719606,0.638344941810941,22,early
22423,23,0,0.35581328900394515,0.7630689807450657,22,early
22424,24,0,0.9909234356950045,0.6768726409536073,22,early
22425,25,0,0.13086489672837648,0.5558809082947469,22,early
22426,26,0,0.4996543429067116,0.6191190395320625,22,early
22427,27,0,0.14854641326015355,0.4654368877688404,22,early
22428,28,0,0.9373000877925652,0.5679808324158508,22,early
22429,29,0,0.38408735360973834,0.46830138545267835,22,early
22430,30,0,0.2902966173961597,0.4912025053214162,22,early
22431,31,0,0.8644083365376062,0.45964151672852893,22,early
22432,32,0,0.9960272201885307,0.3815004872517398,22,early
22433,33,0,0.21153172870597434,0.43587954077445257,22,early
22434,34,0,0.872811698631436,0.5340845509122794,22,early
22435,35,0,0.013212381108794096,0.7669321586763995,22,early
22436,36,0,0.3196191253106748,0.4812243497644159,22,early
22437,37,0,0.4979176360600904,0.6892063904041394,22,early
22438,38,0,0.9451685249831099,0.5133121956904769,22,early
22439,39,0,0.43070128244902284,0.6994928707499939,22,early
22440,40,0,0.38786658815556374,0.9002838001250386,22,early
22441,41,0,0.029295242609484462,0.6147839054275315,22,early
22442,42,0,0.5218638237874571,0.676015232518627,22,early
22443,43,0,0.8615841338295953,0.43426399799155524,22,early
22444,44,0,0.10916231052113506,0.7083373106116787,22,early
22445,45,0,0.03593905050077174,0.6941942991586911,22,early
22446,46,0,0.8439994723474334,0.4187425640025655,22,early
22447,47,0,0.031066628701080238,0.6701602112356322,22,early
22448,48,0,0.3167109146456899,0.5533852645493722,22,early
22449,49,0,0.3704990223489314,0.4420562878859843,22,early
22450,50,0,0.9371420355145315,0.4528502752738265,22,early
22451,51,0,0.08500594053393547,0.6016284707192857,22,early
22452,52,0,0.4426744809350601,0.6656823797953397,22,early
22453,53,0,0.8043548825671294,0.47176841502069605,22,early
22454,54,0,0.06152133135196809,0.7497319918897363,22,early
22455,55,0,0.8336245981330771,0.5894025466798535,22,early
22456,56,0,0.9950553426935447,0.6226681394722697,22,early
22457,57,0,0.9910951485148252,0.575130370058823,22,early
22458,58,0,0.1461152286336128,0.6729824286640214,22,early
22459,59,0,0.11754343211736908,0.5171517532911197,22,early
22460,60,0,0.12908934684403173,0.6965136372046126,22,early
22461,61,0,0.9483452919719202,0.30582901332899287,22,early
22462,62,0,0.24120685523307897,0.40796231362077157,22,early
22463,63,0,0.5637557297753573,0.5445012484745224,22,early
22464,64,0,0.9479919622316795,0.5221222753842005,22,early
22465,65,0,0.9422638451302142,0.5876754202888042,22,early
22466,66,0,0.49540559631055203,0.7480936998146244,22,early
22467,67,0,0.835206847360572,0.49067280267072455,22,early
22468,68,0,0.7091940229804986,0.8148183264151366,22,early
22469,69,0,0.2857677507073062,0.7042152670140042,22,early
22470,70,0,0.2541697077718505,0.6654853870877641,22,early
22471,71,0,0.9665550069610258,0.6395338019992991,22,early
22472,72,0,0.6221644638934613,0.4939550566835729,22,early
22473,73,0,0.7053402645582226,0.7272259536732913,22,early
22474,74,0,0.9997826298417072,0.8268319704026446,22,early
22475,75,0,0.4589204621567042,0.4306920389865762,22,early
22476,76,0,0.9940054219488694,0.5913182945775441,22,early
22477,77,0,0.6683171116456557,0.5237668902058986,22,early
22478,78,0,0.3185759163035006,0.6913291811223887,22,early
22479,79,0,0.0812800518230341,0.8905481473035335,22,early
22480,80,0,0.56538841528566,0.617829963455843,22,early
22481,81,0,0.08754920585952738,0.7616824807224156,22,early
22482,82,0,0.5082361264969666,0.4063761302915285,22,early
22483,83,0,0.9318444436577229,0.6504746478680263,22,early
22484,84,0,0.3898706741658852,0.8497074094528001,22,early
22485,85,0,0.22150541874255858,0.595939101708626,22,early
22486,86,0,0.8511067551473193,0.5310144737181539,22,early
22487,87,0,0.42379781954984697,0.9397592254875731,22,early
22488,88,0,0.6345259574019487,0.41044671332081306,22,early
22489,89,0,0.2600124594408442,0.665655049753755,22,early
22490,90,0,0.7459547551474819,0.7170861054772566,22,early
22491,91,0,0.6384700599963968,0.4890428777262609,22,early
22492,92,0,0.8535642955062646,0.8498326071648149,22,early
22493,93,0,0.8662681443955884,0.4516386941378674,22,early
22494,94,0,0.9869691944457539,0.619484718932654,22,early
22495,95,0,0.46978283409707833,0.5618801167867409,22,early
22496,96,0,0.48481554858812975,0.8043893707562473,22,early
22497,97,0,0.8434944935608217,0.5128262319125543,22,early
22498,98,0,0.5266997420570079,0.7492972875496446,22,early
22499,99,0,0.9541941156247649,0.6309738881243927,22,early
22500,100,0,0.5601065296590799,0.42744277591661534,22,early
22501,101,0,0.9414111891217811,0.7369271758162224,22,early
22502,102,0,0.9863293862676985,0.6160138220733817,22,early
22503,103,0,0.10577106757888922,0.435143063588339,22,early
22504,104,0,0.3824228727514331,0.5953111596127865,22,early
22505,105,0,0.5385817842171903,0.7188006439674299,22,early
22506,106,0,0.5402111742713719,0.5198430662572273,22,early
22507,107,0,0.08519785624193162,0.7446298076051352,22,early
22508,108,0,0.4980718843133085,0.9987299343050351,22,early
22509,109,0,0.037323813862320844,1.0731208979761742,22,early
22510,110,0,0.5264223854843991,0.4965709459814187,22,early
22511,111,0,0.9271261356824894,0.3612316088702857,22,early
22512,112,0,0.6386190275987926,0.43702607709412566,22,early
22513,113,0,0.26060333814090897,0.7858890399227771,22,early
22514,114,0,0.3993003956074198,0.6796155195067544,22,early
22515,115,0,0.022627280498208443,0.8912684144516634,22,early
22516,116,0,0.20962202204058902,0.545994667439232,22,early
22517,117,0,0.5654632060897293,0.471633671562689,22,early
22518,118,0,0.4316813709883589,0.9351955736747601,22,early
22519,119,0,0.12169601560298701,0.7988169079518213,22,early
22520,120,0,0.9765294961122851,0.5049551780406828,22,early
22521,121,0,0.7357576403397088,0.6072786056084944,22,early
22522,122,0,0.5775450141610085,0.4678717610375387,22,early
22523,123,0,0.35111971678446563,0.7826096027804014,22,early
22524,124,0,0.5515798102850684,0.7336252080275354,22,early
22525,125,0,0.4697464109842551,0.6355817877781964,22,early
22526,126,0,0.9621525682416793,0.5663884719969903,22,early
22527,127,0,0.218637467757614,0.6719552276782459,22,early
22528,128,0,0.3690625086755037,0.6505945177667862,22,early
22529,129,0,0.4903204076768904,0.7592138773703825,22,early
22530,130,0,0.49892906991420627,0.7569670772236634,22,early
22531,131,0,0.1732199577967047,1.0922013586129182,22,early
22532,132,0,0.6113320909475699,0.5171648560269912,22,early
22533,133,0,0.9697397674005235,0.5051108928395691,22,early
22534,134,0,0.894885090347653,0.5445397756914481,22,early
22535,135,0,0.5051876492853202,0.6006922342249627,22,early
22536,136,0,0.4966581309578631,0.9825091337533423,22,early
22537,137,0,0.5260132677092137,0.6724360359458339,22,early
22538,138,0,0.008203271448161147,0.775347229210954,22,early
22539,139,0,0.7181720763358428,0.700795248290238,22,early
22540,140,0,0.58429211881376,0.42203813683689495,22,early
22541,141,0,0.5107209942601388,0.5263582586782951,22,early
22542,142,0,0.798136181200912,0.42267544634965715,22,early
22543,143,0,0.9950510882874144,0.6149852129837468,22,early
22544,144,0,0.5170759627025986,0.6294971258421611,22,early
22545,145,0,0.0357505377863756,0.6250558676178277,22,early
22546,146,0,0.5012675946589509,0.45025363022129233,22,early
22547,147,0,0.4052570519826417,0.4759107828043743,22,early
22548,148,0,0.5347267776793684,0.6121268920305637,22,early
22549,149,0,0.37708963701426534,0.7157460349859197,22,early
22550,150,0,0.01590977164437785,0.8559223176145253,22,early
22551,151,0,0.38457337667620006,0.7236766255657368,22,early
22552,152,0,0.5777050479317072,0.3719190028734458,22,early
22553,153,0,0.10993136396866364,0.5245151740262921,22,early
22554,154,0,0.9040244016558254,0.889208843064577,22,early
22555,155,0,0.04815790722522018,0.9069898387552922,22,early
22556,156,0,0.4924733086230165,0.909786431511693,22,early
22557,157,0,0.9995910584461076,1.0775257282132218,22,early
22558,158,0,0.9160711457751841,0.353679781413193,22,early
22559,159,0,0.9520411543168605,0.3880519411775829,22,early
22560,160,0,0.6097088400964292,0.20505146448796335,22,early
22561,161,0,0.5244169272294479,0.36793479141620133,22,early
22562,162,0,0.6734779302374334,0.3672157476760921,22,early
22563,163,0,0.2986411351767133,0.5099412724831769,22,early
22564,164,0,0.754430447626901,0.39834116989384927,22,early
22565,165,0,0.7542531807005477,0.5486572728378896,22,early
22566,166,0,0.46146649712088594,0.5418221557777136,22,early
22567,167,0,0.9415330286625176,0.28263803415245675,22,early
22568,168,0,0.42841121482082356,0.5849762251106096,22,early
22569,169,0,0.4854374708010211,0.687069423229688,22,early
22570,170,0,0.9860244278070991,0.7818785053814101,22,early
22571,171,0,0.5187864083347468,0.4475288141295417,22,early
22572,172,0,0.9322472737252354,0.47316883770315465,22,early
22573,173,0,0.49027255997599684,0.5957013369073622,22,early
22574,174,0,0.26120972382426305,0.6537320455131286,22,early
22575,175,0,0.3193687758054041,0.4166952273209412,22,early
22576,176,0,0.6157775891739794,0.5191828803840691,22,early
22577,177,0,0.28487779202321667,0.7844535179420971,22,early
22578,178,0,0.9252256948800842,0.4710107513976801,22,early
22579,179,0,0.9356417219901538,0.5210364315772867,22,early
22580,180,0,0.6289292655063087,0.5874291732694834,22,early
22581,181,0,0.42657576797346053,0.6584571001333219,22,early
22582,182,0,0.837015821821975,0.7741558409607991,22,early
22583,183,0,0.819972308203176,0.6090215074955196,22,early
22584,184,0,0.6203348497623384,0.4999190411513013,22,early
22585,185,0,0.9981947523371824,0.4408812032619119,22,early
22586,186,0,0.5427654874646869,0.4972321041493585,22,early
22587,187,0,0.8459278871838786,0.6231420984942555,22,early
22588,188,0,0.6476245943796931,0.6907980445446014,22,early
22589,189,0,0.9690587593122184,0.8474886517892841,22,early
22590,190,0,0.9273426816079551,0.5548751058275565,22,early
22591,191,0,0.5298242142859648,0.612993258839128,22,early
22592,192,0,0.5772430086236241,0.5291271343922634,22,early
22593,193,0,0.8777984226179826,0.37961472838771215,22,early
22594,194,0,0.6209705084087542,0.5095357395610717,22,early
22595,195,0,0.5082656252029422,0.46548463384533206,22,early
22596,196,0,0.9830657970543835,0.6453422079261555,22,early
22597,197,0,0.5697770712478849,0.4529132411499304,22,early
22598,198,0,0.8725218227690026,0.8202689858925183,22,early
22599,199,0,0.9979203865664472,0.9717492285629357,22,early
22600,0,0,0.42756469099905137,0.7376213721806951,22,middle
22601,1,0,0.4080931879900429,0.47813914066705104,22,middle
22602,2,0,0.4621518961556825,0.728116497053055,22,middle
22603,3,0,0.40490618497885483,0.6641695404544341,22,middle
22604,4,0,0.6105635130123074,0.649943123098264,22,middle
22605,5,0,0.9350738629304759,0.5982808552201093,22,middle
22606,6,0,0.5134163549321448,0.639219464596754,22,middle
22607,7,0,0.472795886633703,0.6048088470941825,22,middle
22608,8,0,0.7576419020115739,0.5681657294368245,22,middle
22609,9,0,0.5223878072688991,0.786557100206819,22,middle
22610,10,0,0.4786074665380764,0.773072978226073,22,middle
22611,11,0,0.24065275920084414,0.6220858388257705,22,middle
22612,12,0,0.4992946995520831,0.6088864819678537,22,middle
22613,13,0,0.8891737383095266,0.5607983853962266,22,middle
22614,14,0,0.43571266348202603,0.4764955574893506,22,middle
22615,15,0,0.98052163879446,0.41445431706216773,22,middle
22616,16,0,0.4941549041271714,0.5381639303217298,22,middle
22617,17,0,0.7870269260949649,0.5529856017777771,22,middle
22618,18,0,0.4971477300254154,0.6352461346170395,22,middle
22619,19,0,0.5107877315021709,0.6663380075335829,22,middle
22620,20,0,0.47437254847066895,0.6555605466227092,22,middle
22621,21,0,0.8611408501640863,0.4362968892719469,22,middle
22622,22,0,0.3195095958119657,0.5071622237488752,22,middle
22623,23,0,0.6311311971955771,0.5509655392623451,22,middle
22624,24,0,0.492384399310823,0.7625368741055341,22,middle
22625,25,0,0.8149159494277239,0.7434714125572921,22,middle
22626,26,0,0.4890694319287155,0.8358774404361177,22,middle
22627,27,0,0.417786669947873,0.7253608903442276,22,middle
22628,28,0,0.47387900235415553,0.9702384564894532,22,middle
22629,29,0,0.6615329299943767,0.8273580349164873,22,middle
22630,30,0,0.5293398017340933,0.7700370060169546,22,middle
22631,31,0,0.5097127626282673,0.5941549406809773,22,middle
22632,32,0,0.0032694512715940593,1.2421588640471377,22,middle
22633,33,0,0.4967868616875162,0.9001003461450814,22,middle
22634,34,0,0.514331640204019,0.6275708596900835,22,middle
22635,35,0,0.9821170971541079,0.5939873588036546,22,middle
22636,36,0,0.6692958187262457,0.7163603978276474,22,middle
22637,37,0,0.6795164332264959,0.6016693154034498,22,middle
22638,38,0,0.5211439052807518,0.5770019885333396,22,middle
22639,39,0,0.5012567162092961,0.8579071215132608,22,middle
22640,40,0,0.2851544088849495,0.659960910249042,22,middle
22641,41,0,0.9018760401930528,0.8876659397857609,22,middle
22642,42,0,0.3215401461848714,0.6511311786940888,22,middle
22643,43,0,0.689129094653121,0.6217497554798673,22,middle
22644,44,0,0.30131804486609576,0.6562609620099724,22,middle
22645,45,0,0.49526333136167916,0.566059471645052,22,middle
22646,46,0,0.3366052942238794,0.7597117341861455,22,middle
22647,47,0,0.812847749526918,0.592017628529476,22,middle
22648,48,0,0.49516236442526473,0.8661687873613861,22,middle
22649,49,0,0.7905368129921582,0.7192578880586933,22,middle
22650,50,0,0.706256073205244,0.8552865312317623,22,middle
22651,51,0,0.6428008849112791,0.5834724239619022,22,middle
22652,52,0,0.47795395884883685,0.6308940286514664,22,middle
22653,53,0,0.5643010546430807,0.37959564070904894,22,middle
22654,54,0,0.26479012612762276,0.6696530387609254,22,middle
22655,55,0,0.6765831387884245,0.6610242252332059,22,middle
22656,56,0,0.4816709287413989,0.7165123597821049,22,middle
22657,57,0,0.4720204477919199,1.4377989232534027,22,middle
22658,58,0,0.9939076624943369,0.37136801302362066,22,middle
22659,59,0,0.9580544031133198,0.6560687365083917,22,middle
22660,60,0,0.5518770417754153,1.251079522347807,22,middle
22661,61,0,0.5033351380665764,1.2110147602582035,22,middle
22662,62,0,0.9962349274720474,0.8247851020276833,22,middle
22663,63,0,0.6626275804348466,0.7258154920537649,22,middle
22664,64,0,0.5056762967130813,0.6217554527808176,22,middle
22665,65,0,0.6864822307496139,0.6704840720701721,22,middle
22666,66,0,0.5462906117878173,0.7261075273632241,22,middle
22667,67,0,0.8195755703008087,0.6356514730133317,22,middle
22668,68,0,0.4784474406543389,0.7228382428245629,22,middle
22669,69,0,0.5609092596497993,0.6081158147149134,22,middle
22670,70,0,0.47500023198527186,1.0914916498189946,22,middle
22671,71,0,0.9222028183335436,0.6307603538448301,22,middle
22672,72,0,0.5765263097627186,0.7286827745984487,22,middle
22673,73,0,0.5097858601694619,0.8607410921182092,22,middle
22674,74,0,0.506538774194303,0.9929059125718491,22,middle
22675,75,0,0.9968170263487469,0.545480281371561,22,middle
22676,76,0,0.5870301206926432,0.8933099718901636,22,middle
22677,77,0,0.500037532009121,1.2334820055115991,22,middle
22678,78,0,0.9859242716916337,0.488304194228679,22,middle
22679,79,0,0.411194504505758,0.6641786203067404,22,middle
22680,80,0,0.023248270379256804,1.0335982278929516,22,middle
22681,81,0,0.0029878134706758466,1.066386362346127,22,middle
22682,82,0,0.0256514326996146,1.3165690687348133,22,middle
22683,83,0,0.08325262322734046,0.9687824535853401,22,middle
22684,84,0,0.9982906069438127,0.7239256745194805,22,middle
22685,85,0,0.6951001227223386,0.8425530238943716,22,middle
22686,86,0,0.9411518818448876,0.43861343657527846,22,middle
22687,87,0,0.011655529167242353,0.8709643896173591,22,middle
22688,88,0,0.0027351518499310616,0.9779897799634294,22,middle
22689,89,0,0.9940847193558455,0.5978726958728526,22,middle
22690,90,0,0.2550445313669462,0.9667820150391806,22,middle
22691,91,0,0.1781196534191819,1.007370032106499,22,middle
22692,92,0,0.003621133770558595,0.8997408396079116,22,middle
22693,93,0,0.011079553398749154,0.8595606442247479,22,middle
22694,94,0,0.6303286259093903,0.6423082982258139,22,middle
22695,95,0,0.9207976732060752,0.6035417606749114,22,middle
22696,96,0,0.3557932642588897,0.59479817349643,22,middle
22697,97,0,0.9981384659854671,0.6947146539554535,22,middle
22698,98,0,0.5284349093432227,0.8775260393639014,22,middle
22699,99,0,0.9393352815631618,0.43656737601012485,22,middle
22700,100,0,0.00032778665548218827,1.4185298409501577,22,middle
22701,101,0,0.9972247895450561,0.5538855031714678,22,middle
22702,102,0,0.4950654124543571,0.7221718275644715,22,middle
22703,103,0,0.9526364932624418,0.5900785463590008,22,middle
22704,104,0,0.997295109241622,0.6799938704788443,22,middle
22705,105,0,0.3451506131706937,0.7023681800681345,22,middle
22706,106,0,0.5391135210685118,0.9425083579452279,22,middle
22707,107,0,0.48948965883068407,1.0580521406711416,22,middle
22708,108,0,2.1396534743647928e-05,1.4171597118270687,22,middle
22709,109,0,0.4519075216119387,0.7383451614083218,22,middle
22710,110,0,0.8929318893983116,0.7158939356865444,22,middle
22711,111,0,0.48906658785829304,0.5917464482239859,22,middle
22712,112,0,0.9969859865101485,0.8717447799370377,22,middle
22713,113,0,0.911496096511877,0.5621369676196846,22,middle
22714,114,0,0.9995633739293528,0.9346077486602987,22,middle
22715,115,0,0.6806533397174668,0.653220056366629,22,middle
22716,116,0,0.9952867441483472,0.63085163967394,22,middle
22717,117,0,0.9998397538923484,0.49012351124331704,22,middle
22718,118,0,0.999981529449741,0.46365536243767125,22,middle
22719,119,0,0.40315429789969565,0.7339366654094719,22,middle
22720,120,0,0.5010968607855018,0.6999609107330518,22,middle
22721,121,0,0.9993092371474908,0.7132375368581102,22,middle
22722,122,0,0.3181932535296239,0.777086684273665,22,middle
22723,123,0,0.9491919326666046,0.4479739893704565,22,middle
22724,124,0,0.6588462050356153,0.5300079225150818,22,middle
22725,125,0,0.6264899743819002,0.55694302326847,22,middle
22726,126,0,0.9416427013183628,0.5475493849404282,22,middle
22727,127,0,0.9882478957530185,0.6364208054535139,22,middle
22728,128,0,0.9920124591482931,0.6075028669459797,22,middle
22729,129,0,0.008726099073558098,0.8677272026136411,22,middle
22730,130,0,0.49018379707778,0.8498559330705739,22,middle
22731,131,0,0.5090833788409691,0.679068380031101,22,middle
22732,132,0,0.4992401596514243,0.9746797289136137,22,middle
22733,133,0,0.9817892146450792,0.5574867223640487,22,middle
22734,134,0,0.5008996017537208,0.5868286291717253,22,middle
22735,135,0,0.6862430483974733,0.5523526377618444,22,middle
22736,136,0,0.5014149338756767,0.8799990801244335,22,middle
22737,137,0,0.992849458586596,0.5893068296894497,22,middle
22738,138,0,0.6494785034893973,0.6105450578516907,22,middle
22739,139,0,0.8975672051972705,0.49410681922239585,22,middle
22740,140,0,0.950067365721435,0.6158192899962345,22,middle
22741,141,0,0.6272620581429442,1.0480702877178285,22,middle
22742,142,0,0.8551301418673214,0.6896582052149876,22,middle
22743,143,0,0.0011542903861371833,1.2927655286401654,22,middle
22744,144,0,0.5005438958588886,1.0022843550502887,22,middle
22745,145,0,0.42275040840483424,0.574905944908055,22,middle
22746,146,0,0.5001995883723716,1.310172575600765,22,middle
22747,147,0,0.10121533672380645,1.135063702157609,22,middle
22748,148,0,0.07056491391059216,0.8297693781906677,22,middle
22749,149,0,0.5159456840823232,0.5665469862987552,22,middle
22750,150,0,0.4986859624594293,0.6832553519260847,22,middle
22751,151,0,0.9780157897412345,0.6987460142815278,22,middle
22752,152,0,0.5041422040860277,0.739499550734939,22,middle
22753,153,0,0.9427701482863233,0.7825867997672891,22,middle
22754,154,0,0.497922196484759,0.5379603369498347,22,middle
22755,155,0,0.09793178041120819,0.7403155507017309,22,middle
22756,156,0,0.500083687310944,0.7551429304418552,22,middle
22757,157,0,0.7405016451627057,0.6106938621425015,22,middle
22758,158,0,0.5022395753465343,0.8489598630806157,22,middle
22759,159,0,0.6581954869258229,0.527487739380402,22,middle
22760,160,0,0.48031403807377854,0.8153891461136861,22,middle
22761,161,0,0.3144907791082009,0.5126283882344588,22,middle
22762,162,0,0.986016947642185,0.5900919106674987,22,middle
22763,163,0,0.9741786036188707,0.8014770059606736,22,middle
22764,164,0,0.5187549629680899,1.056239559419179,22,middle
22765,165,0,0.4824441236208274,1.1328033905359676,22,middle
22766,166,0,0.8712208525022769,0.5942943590719867,22,middle
22767,167,0,0.5000928275702168,0.9786922745547694,22,middle
22768,168,0,0.637652477579713,0.34553122899876,22,middle
22769,169,0,0.3952526278542124,0.9714855485538733,22,middle
22770,170,0,0.301714738438902,0.6819448951217922,22,middle
22771,171,0,0.43994735542660796,0.8641085826413802,22,middle
22772,172,0,0.9803941272285828,1.019217149845573,22,middle
22773,173,0,0.9832730440325724,0.6753377557172617,22,middle
22774,174,0,0.7677611110518658,0.49049281441215203,22,middle
22775,175,0,0.8807385783262063,0.4258981133720211,22,middle
22776,176,0,0.8717988216336428,0.5536995304667487,22,middle
22777,177,0,0.0006401652676240386,0.9145097359192348,22,middle
22778,178,0,0.5038215893424265,0.8616270381967005,22,middle
22779,179,0,0.4999730491851073,1.0775397151814614,22,middle
22780,180,0,0.049765483706726454,0.8956594557373107,22,middle
22781,181,0,0.7476348474254334,0.46081960915520936,22,middle
22782,182,0,0.9177477693425034,0.47546143925880474,22,middle
22783,183,0,0.9998696690456614,0.5564687307899924,22,middle
22784,184,0,0.08308051115468035,0.9539889703106184,22,middle
22785,185,0,0.9933874585288003,0.5662576068270946,22,middle
22786,186,0,0.02730528043286133,1.140335355876282,22,middle
22787,187,0,0.6156404017945286,0.6021855270317442,22,middle
22788,188,0,0.5202513382020587,0.9176626425831286,22,middle
22789,189,0,0.5900069093722284,0.6900337279631447,22,middle
22790,190,0,0.8829133843117373,0.5181417421348696,22,middle
22791,191,0,0.9967620248052038,0.4343207617635432,22,middle
22792,192,0,0.927117185666597,0.4993797700295124,22,middle
22793,193,0,0.9947168670090916,0.6186469526331099,22,middle
22794,194,0,0.9772458209480133,0.5788670091466468,22,middle
22795,195,0,0.4856851466227453,0.7017190222768845,22,middle
22796,196,0,0.9599881513266175,0.773092531420942,22,middle
22797,197,0,0.5051086356533842,0.6404893303203931,22,middle
22798,198,0,0.5132556356064594,0.7112515007398403,22,middle
22799,199,0,0.6874498015421038,0.3539877676466512,22,middle
22800,0,0,0.46058508900171286,0.5582861594413666,22,late
22801,1,0,0.1581463625048773,0.6049252712579123,22,late
22802,2,0,0.6253719839689208,0.5716204827298556,22,late
22803,3,0,0.49599180110059327,0.6334183231721271,22,late
22804,4,0,0.04879815093338144,0.9007043305054327,22,late
22805,5,0,0.4563021407498237,0.5288190438820954,22,late
22806,6,0,0.2645243426768367,0.7805297989911089,22,late
22807,7,0,0.44968523221126205,0.48822082476480144,22,late
22808,8,0,0.485498176969272,0.6151136696152473,22,late
22809,9,0,0.0745558782975427,1.0654345497291098,22,late
22810,10,0,0.9936785244267582,0.6149898441701179,22,late
22811,11,0,0.5890190953771399,0.6122526226607035,22,late
22812,12,0,0.44208423621299786,0.520424513056674,22,late
22813,13,0,0.5079096141306917,0.6738762700299051,22,late
22814,14,0,0.4665607702202529,0.7763864778128298,22,late
22815,15,0,0.9439967463936898,0.3974388964021735,22,late
22816,16,0,0.5515554584615417,0.3416664711059995,22,late
22817,17,0,0.49708417130971444,0.636827056414483,22,late
22818,18,0,0.0262231762123201,0.8119227731386722,22,late
22819,19,0,0.4999485003824925,0.9444819061897813,22,late
22820,20,0,0.5166374100508041,0.9037799843624876,22,late
22821,21,0,0.6795762053677575,0.47730860351463505,22,late
22822,22,0,0.002258075880430499,0.9872965435082046,22,late
22823,23,0,0.744461771507787,0.6074750453387158,22,late
22824,24,0,0.3660781115029147,1.1410970426041183,22,late
22825,25,0,0.9123841140662221,0.7590769502194072,22,late
22826,26,0,0.9422140362894844,0.7778185231332058,22,late
22827,27,0,0.5007505102701635,0.7434254668576766,22,late
22828,28,0,0.9935533116247597,0.6609924491101673,22,late
22829,29,0,0.5115961743485484,0.907012162495446,22,late
22830,30,0,0.29585075556110774,0.8432158591351968,22,late
22831,31,0,0.5339000488457271,0.7148571065952077,22,late
22832,32,0,0.010892197418230857,1.1991635544851347,22,late
22833,33,0,0.6431644857724044,0.7061817999890638,22,late
22834,34,0,0.6319804556387502,0.6188281270077015,22,late
22835,35,0,0.5124809583783729,0.6318030419610253,22,late
22836,36,0,0.1098538916242166,0.7440591795615467,22,late
22837,37,0,0.537125717307755,0.4172789592719488,22,late
22838,38,0,0.07252974142137635,0.62993223022936,22,late
22839,39,0,0.6312992932120289,0.4874650224997908,22,late
22840,40,0,0.014069077668437159,1.0506285662369161,22,late
22841,41,0,0.415649539924817,0.5340305548616072,22,late
22842,42,0,0.971568976735194,0.631340724743267,22,late
22843,43,0,0.4979172126103357,0.5912193342693046,22,late
22844,44,0,0.07641264325245135,0.6650243122687336,22,late
22845,45,0,0.5000450188030668,0.6243427737711205,22,late
22846,46,0,0.028787214068235617,0.7575474438905567,22,late
22847,47,0,0.5060575686852917,0.599938973735239,22,late
22848,48,0,0.9948335214026782,0.415930109977025,22,late
22849,49,0,0.8352723019082184,0.5377015865163213,22,late
22850,50,0,0.39187113162061893,0.6763893608264913,22,late
22851,51,0,0.5177302407759944,0.6911225292354526,22,late
22852,52,0,0.9564626199230941,0.6636106863401392,22,late
22853,53,0,0.8564316376329714,0.5365734965153728,22,late
22854,54,0,0.4399786115835333,0.6787319843413041,22,late
22855,55,0,0.5253914713026561,0.6290318352648601,22,late
22856,56,0,0.22296804751326388,0.576855404249472,22,late
22857,57,0,0.5143798742379689,0.750503130779908,22,late
22858,58,0,0.0008290990420878376,0.7918481950881469,22,late
22859,59,0,0.49468557277299174,0.5288016823040537,22,late
22860,60,0,0.602169545739989,0.588768734315814,22,late
22861,61,0,0.9643006844292845,0.7421683155414772,22,late
22862,62,0,0.03716401721762712,0.8662716374801624,22,late
22863,63,0,0.939443876572811,0.46302153321023193,22,late
22864,64,0,0.48404162682494595,0.8720145568944964,22,late
22865,65,0,0.5261457582701219,0.527324825480074,22,late
22866,66,0,0.9697267695901377,0.5594075936566207,22,late
22867,67,0,0.954012589887655,0.37923377163737143,22,late
22868,68,0,0.9107303305032466,0.7221174238900037,22,late
22869,69,0,0.6773147957429406,0.3898792200286426,22,late
22870,70,0,0.9661194407959747,0.4321489361015159,22,late
22871,71,0,0.5515486729791902,0.5517395889325919,22,late
22872,72,0,0.12608619815674377,0.8636390943157835,22,late
22873,73,0,0.5053672836557448,0.6450824778504256,22,late
22874,74,0,0.9999938932409471,0.9638514682033965,22,late
22875,75,0,0.5093944480111963,0.8084490511631843,22,late
22876,76,0,0.7012608943007625,0.41353001759392216,22,late
22877,77,0,0.9772410316365415,0.44684733605521776,22,late
22878,78,0,0.6678179040695251,0.502108019341439,22,late
22879,79,0,0.5018590937671706,0.6373610445325928,22,late
22880,80,0,0.8309283202833815,0.7044995487576167,22,late
22881,81,0,0.5467299220039782,0.7241344872051741,22,late
22882,82,0,0.0007863836703554716,0.956682799029694,22,late
22883,83,0,0.4288897130976953,1.1467815474552108,22,late
22884,84,0,0.7890372391344679,1.1048001131849636,22,late
22885,85,0,0.9335702873570497,0.4776186596546481,22,late
22886,86,0,0.11675126559126044,0.7523166405775129,22,late
22887,87,0,0.4295268273543945,0.5895498524789431,22,late
22888,88,0,0.41921916594306224,0.7820022938000704,22,late
22889,89,0,0.9513412504241776,0.48881661713890123,22,late
22890,90,0,0.9499028135510617,0.5511073812988656,22,late
22891,91,0,0.9965268594374863,0.4954754145010799,22,late
22892,92,0,0.9803051740162236,0.5375806922013164,22,late
22893,93,0,0.7398516407281484,0.7714451549342354,22,late
22894,94,0,0.9999929412407969,0.7803641006097647,22,late
22895,95,0,0.17745853534903716,0.7827423846607546,22,late
22896,96,0,0.8825601803770842,0.5032619802612609,22,late
22897,97,0,0.21871137623102982,0.6953367692722745,22,late
22898,98,0,0.9967437772962311,0.4942949349109287,22,late
22899,99,0,0.8141777872518592,0.6884417177603757,22,late
22900,100,0,0.00773644153044889,0.7031846790710803,22,late
22901,101,0,0.6100441966007973,0.8063198249532121,22,late
22902,102,0,0.8058096206364233,0.5001939771074446,22,late
22903,103,0,0.9999820654341418,0.648832256176001,22,late
22904,104,0,0.49335704407079806,0.4713215148772699,22,late
22905,105,0,0.5048611463956515,0.7084239704232023,22,late
22906,106,0,0.9367585801456617,0.5352603374739549,22,late
22907,107,0,0.8788567029622893,0.46025063417979206,22,late
22908,108,0,0.9074489718369504,0.5613377104916435,22,late
22909,109,0,0.9619206478255914,0.6702944880758233,22,late
22910,110,0,0.9686194938488137,0.6856440152866579,22,late
22911,111,0,0.9263428940139455,0.6140622856309979,22,late
22912,112,0,0.27676010215428976,0.7569686992060675,22,late
22913,113,0,0.9996652597440854,0.6014008177619703,22,late
22914,114,0,0.8726620456804752,0.45846666561349747,22,late
22915,115,0,0.7955455153897718,0.5388061126316108,22,late
22916,116,0,0.9964274451514217,0.4950955794850628,22,late
22917,117,0,0.9534351332243548,0.5421986097008826,22,late
22918,118,0,0.9999993604328942,0.918822347073909,22,late
22919,119,0,0.010218519945306183,0.6464860367040451,22,late
22920,120,0,0.1436139295337807,0.7374785004864644,22,late
22921,121,0,0.17993245041729997,0.6674279720399074,22,late
22922,122,0,0.5435700996761493,0.6332239712478729,22,late
22923,123,0,0.6635806218216778,0.5698143315043944,22,late
22924,124,0,0.7373400766136204,0.7245733162800911,22,late
22925,125,0,0.4915102404784442,0.8633851432736684,22,late
22926,126,0,0.5131694735784871,0.8011446922570076,22,late
22927,127,0,0.9835891809703567,0.7030754682792634,22,late
22928,128,0,0.4951200272389274,0.672703693951014,22,late
22929,129,0,0.5044229704381658,0.7461494925233727,22,late
22930,130,0,0.6934517460511731,0.5324462191645105,22,late
22931,131,0,0.44719722049230803,0.7211009481651766,22,late
22932,132,0,0.5400468265238679,0.49694334062908374,22,late
22933,133,0,0.9095447551295129,0.682673520493604,22,late
22934,134,0,0.6334719058903134,0.4525764479055884,22,late
22935,135,0,0.9449415981496385,0.4491612398420981,22,late
22936,136,0,0.5104829208244874,0.5563694981088305,22,late
22937,137,0,0.6127454606303719,0.37553520292884296,22,late
22938,138,0,0.5073171555853184,0.6224628302079336,22,late
22939,139,0,0.8057860066940088,0.6436268025187023,22,late
22940,140,0,0.5003516279324887,0.7405810824475924,22,late
22941,141,0,0.9633532306059311,0.48048011311045535,22,late
22942,142,0,0.9052916488242753,0.5893656290263498,22,late
22943,143,0,0.6894435204343117,0.5501618425834911,22,late
22944,144,0,0.7471747805078014,0.5931807855859366,22,late
22945,145,0,0.49880009843074424,0.8514498305568599,22,late
22946,146,0,0.5001794507122506,0.9050957316138697,22,late
22947,147,0,0.9783100161592138,0.48533001912331203,22,late
22948,148,0,0.8214870362121329,0.7823383872914624,22,late
22949,149,0,0.46541686945206767,0.5905312987038711,22,late
22950,150,0,0.9978781600726098,0.376393852173488,22,late
22951,151,0,0.9964001421694428,0.4934321925744525,22,late
22952,152,0,0.5103100688633372,0.7091324874761018,22,late
22953,153,0,0.9348798929995319,0.5346310025171171,22,late
22954,154,0,0.6487604084623391,0.558688446308198,22,late
22955,155,0,0.893724585252863,0.5311307294417206,22,late
22956,156,0,0.5821736695937758,0.5901325486301098,22,late
22957,157,0,0.5025079925694761,0.7987071265980115,22,late
22958,158,0,0.9548436105020315,0.3151167476103961,22,late
22959,159,0,0.63184970437215,0.6250052530124206,22,late
22960,160,0,0.9369700484775253,0.7261350047944839,22,late
22961,161,0,0.521250350661155,0.669023263226667,22,late
22962,162,0,0.49948566721484317,0.796693537419082,22,late
22963,163,0,0.010263430338892973,0.757086008518935,22,late
22964,164,0,0.6588688811621923,0.7076259395450679,22,late
22965,165,0,0.5000420893216501,0.6464985029366053,22,late
22966,166,0,0.8933450099351095,0.4410975236581516,22,late
22967,167,0,0.04584763382983609,0.6752787756647327,22,late
22968,168,0,0.7595465592731379,0.3965291098481709,22,late
22969,169,0,0.6428728505581008,0.5193673044392644,22,late
22970,170,0,0.6097021958186528,0.48011471541836975,22,late
22971,171,0,0.9842933454576086,0.3894520156521633,22,late
22972,172,0,0.953426300579562,0.5626960985802548,22,late
22973,173,0,0.5023849404062374,0.6727920899844887,22,late
22974,174,0,0.6673630131560271,0.45971718461315897,22,late
22975,175,0,0.9458029512255208,0.3361930536652731,22,late
22976,176,0,1.6705424873140512e-05,1.04172362044463,22,late
22977,177,0,0.30172701697373117,0.9655720482716332,22,late
22978,178,0,0.2855079098167055,0.5952874968702142,22,late
22979,179,0,0.506387268539952,0.8168552055637374,22,late
22980,180,0,0.9735230534442005,0.6438468155686332,22,late
22981,181,0,0.6649481952953343,0.4275552184144002,22,late
22982,182,0,0.9716975412180919,0.3521249211732843,22,late
22983,183,0,0.7455770348675457,0.3856823417280164,22,late
22984,184,0,0.10302866414490694,0.6094764811151174,22,late
22985,185,0,0.7067727013326102,0.3595988449618589,22,late
22986,186,0,0.6660766865151029,0.46004962970189833,22,late
22987,187,0,0.4528902317259771,0.4483537669888773,22,late
22988,188,0,0.6645819077604943,0.6820214011366535,22,late
22989,189,0,0.6048772802762868,0.5958261764520008,22,late
22990,190,0,0.9957287598276173,0.5399707925187716,22,late
22991,191,0,0.49655179483556533,0.6176843709442301,22,late
22992,192,0,0.9453756981986927,0.4905324111523228,22,late
22993,193,0,0.14888383250342893,0.43700383315167357,22,late
22994,194,0,0.9253715072646107,0.6011693567062819,22,late
22995,195,0,0.5001598830338178,1.0576309791595957,22,late
22996,196,0,0.9048152838825586,0.7045553311807857,22,late
22997,197,0,0.9990491989681612,0.9365970311749758,22,late
22998,198,0,0.004440288756813793,0.6703830870999932,22,late
22999,199,0,0.7692937708009786,0.615282821407976,22,late
23000,0,0,0.16061143413848433,0.8492588254460247,23,interleaved
23001,1,0,0.5026898005830568,0.4851988141181409,23,interleaved
23002,2,0,0.2433916769877031,0.7696458908914166,23,interleaved
23003,3,0,0.19093937282056236,0.6472386901249083,23,interleaved
23004,4,0,0.6054101583016415,0.4872552659444525,23,interleaved
23005,5,0,0.7913238057447766,1.0314479536868373,23,interleaved
23006,6,0,0.4555827352604154,0.6071960528680445,23,interleaved
23007,7,0,0.4364886428871185,0.5688354286391323,23,interleaved
23008,8,0,0.5000862762329782,0.6366023447732058,23,interleaved
23009,9,0,0.3930881068460048,0.5086769321830436,23,interleaved
23010,10,0,0.4021511343624921,0.7543141635476132,23,interleaved
23011,11,0,0.10020408055911686,0.6551505643465132,23,interleaved
23012,12,0,0.4545388739937643,0.7700550085674233,23,interleaved
23013,13,0,0.820165323949263,0.7244882613260193,23,interleaved
23014,14,0,0.5001669798538908,0.7973352005664341,23,interleaved
23015,15,0,0.13664112623698746,0.6948275005481304,23,interleaved
23016,16,0,0.50000221515782,1.057242230200823,23,interleaved
23017,17,0,0.4463000307089184,0.6132295674085929,23,interleaved
23018,18,0,0.5976589007308684,0.5927970378839544,23,interleaved
23019,19,0,0.13853065143909638,0.8565011641939955,23,interleaved
23020,20,0,0.5642504877267686,0.7130105215786278,23,interleaved
23021,21,0,0.7509560241122808,0.5523142038374317,23,interleaved
23022,22,0,0.448914856044818,0.7174622054586322,23,interleaved
23023,23,0,0.43891981185730133,0.7345897542985305,23,interleaved
23024,24,0,0.49245086588824244,0.5108067983784756,23,interleaved
23025,25,0,0.6877740946334019,0.8164413062033583,23,interleaved
23026,26,0,0.5321611573683812,0.7078054369282254,23,interleaved
23027,27,0,0.5447657212262119,0.586931545101588,23,interleaved
23028,28,0,0.8418880878390071,0.6678769635856467,23,interleaved
23029,29,0,0.3324952547783774,0.610624057585906,23,interleaved
23030,30,0,0.5215522930908293,0.48242807157298273,23,interleaved
23031,31,0,0.5001592270842921,0.7072726700105574,23,interleaved
23032,32,0,0.5204305350069298,0.6939997838023371,23,interleaved
23033,33,0,0.35702848172591817,0.7476456013048879,23,interleaved
23034,34,0,0.5666464804625574,0.6941515477292576,23,interleaved
23035,35,0,0.0898947603951717,0.9864501861774055,23,interleaved
23036,36,0,0.5326653047636245,0.6211266931274004,23,interleaved
23037,37,0,0.1463071230042348,1.0603502403552985,23,interleaved
23038,38,0,0.5149099344456048,0.9513823770145338,23,interleaved
23039,39,0,0.5394808245505487,0.5377858150175249,23,interleaved
23040,40,0,0.668045281748378,0.6377662510807796,23,interleaved
23041,41,0,0.22675272023887902,0.9635218595535022,23,interleaved
23042,42,0,0.49905870344556325,0.8265090950626557,23,interleaved
23043,43,0,0.6468403297282199,0.8222284912541065,23,interleaved
23044,44,0,0.9486940102090333,0.9357234140931918,23,interleaved
23045,45,0,0.5846420767173972,0.820112179968385,23,interleaved
23046,46,0,0.5054460534912603,0.6710562051689479,23,interleaved
23047,47,0,0.3152025862627401,0.9979810262517413,23,interleaved
23048,48,0,0.5002253406480478,0.8065762956465532,23,interleaved
23049,49,0,0.6809627678564114,0.8551613042009003,23,interleaved
23050,50,0,0.5605284849345669,0.7234665169303035,23,interleaved
23051,51,0,0.9616194211048746,0.6783553243778873,23,interleaved
23052,52,0,0.003104510275400104,1.0563965058088889,23,interleaved
23053,53,0,0.4446782919426219,0.919286231651749,23,interleaved
23054,54,0,0.39941458229241616,1.1502886733367161,23,interleaved
23055,55,0,0.5340439421295724,0.5840578644657568,23,interleaved
23056,56,0,0.9527326858372176,0.3352348843837841,23,interleaved
23057,57,0,0.48424738421325436,0.6281884265558179,23,interleaved
23058,58,0,0.4904422204508962,0.2917735211332569,23,interleaved
23059,59,0,0.4864313716805054,0.8533134032692302,23,interleaved
23060,60,0,0.9693527959756135,0.6940594689774643,23,interleaved
23061,61,0,0.050609707548006984,0.7767256656297348,23,interleaved
23062,62,0,0.4145537902479374,0.6285210875866867,23,interleaved
23063,63,0,0.35264868967390056,0.6205041919422944,23,interleaved
23064,64,0,0.5430707678002534,0.7688656166760098,23,interleaved
23065,65,0,0.6990496046873176,0.47329295372547164,23,interleaved
23066,66,0,0.05263256959798411,0.8674338084694222,23,interleaved
23067,67,0,0.5925112038594884,0.8244439512253505,23,interleaved
23068,68,0,0.9856747484382582,0.5992263713218956,23,interleaved
23069,69,0,0.12193980080471772,0.6121204189723792,23,interleaved
23070,70,0,0.4840441273066624,0.6846574530167568,23,interleaved
23071,71,0,0.8618979157356711,0.2859223994303823,23,interleaved
23072,72,0,0.9484770678219174,0.49997941916415717,23,interleaved
23073,73,0,0.5791620617930449,0.6374686727412053,23,interleaved
23074,74,0,0.6325007201698882,0.6589613149126217,23,interleaved
23075,75,0,0.9874914298706143,0.4582285246552925,23,interleaved
23076,76,0,0.8330469676774028,0.7134961874367751,23,interleaved
23077,77,0,0.4833190085300858,0.6579730411142589,23,interleaved
23078,78,0,0.5000994779237079,0.8043287620955651,23,interleaved
23079,79,0,0.9836788265803561,0.6153467482184726,23,interleaved
23080,80,0,0.3423749105516828,0.9397361902477206,23,interleaved
23081,81,0,0.0035777026196199286,1.1251390646581172,23,interleaved
23082,82,0,0.5628279391305285,0.8250560046296933,23,interleaved
23083,83,0,0.33360349803871736,0.8659370979185572,23,interleaved
23084,84,0,0.4986391162504182,1.1054399115805091,23,interleaved
23085,85,0,0.995012726112058,0.48701234282511774,23,interleaved
23086,86,0,0.1288374496812073,0.4522786250502343,23,interleaved
23087,87,0,0.6702160695353387,0.4797325718198383,23,interleaved
23088,88,0,0.9206289497479951,0.43537582178653156,23,interleaved
23089,89,0,1.259223031182496e-05,1.4561792744109425,23,interleaved
23090,90,0,0.5338418135488812,0.686667984344858,23,interleaved
23091,91,0,0.4945551392935054,0.9234683229860896,23,interleaved
23092,92,0,0.7040245266791509,0.5489251408144762,23,interleaved
23093,93,0,0.5216702590333475,0.6612223355674323,23,interleaved
23094,94,0,0.1167925909841136,0.6738087966021638,23,interleaved
23095,95,0,0.4849857940617607,0.6566681573770372,23,interleaved
23096,96,0,0.3903654775289034,0.6317517464414942,23,interleaved
23097,97,0,0.3355989758973044,1.020505915762143,23,interleaved
23098,98,0,0.5500595771675275,0.42308475842969895,23,interleaved
23099,99,0,0.5760498607775238,0.520024896438166,23,interleaved
23100,100,0,0.5071236766228897,0.4310109964225455,23,interleaved
23101,101,0,0.6855919689570616,0.3998889428049105,23,interleaved
23102,102,0,0.9851685922242328,0.45554534692156873,23,interleaved
23103,103,0,0.870302420810025,0.7380292961010138,23,interleaved
23104,104,0,0.9999239411454073,0.734855790137634,23,interleaved
23105,105,0,0.5628745121383153,0.5794899882182633,23,interleaved
23106,106,0,0.4532710368177082,0.43702399950793935,23,interleaved
23107,107,0,0.523406026386921,0.5553029078213617,23,interleaved
23108,108,0,0.5525493476912853,0.8069134267535047,23,interleaved
23109,109,0,0.9830587227886582,0.6778476752688716,23,interleaved
23110,110,0,0.14316934509851723,0.659016629597963,23,interleaved
23111,111,0,0.9276085533593879,0.7159531229681786,23,interleaved
23112,112,0,0.41051513671041795,0.7546914043100166,23,interleaved
23113,113,0,0.7009044975133396,0.781718699484935,23,interleaved
23114,114,0,0.8281345099637167,0.7263804669811369,23,interleaved
23115,115,0,0.5729553426157387,0.8211090663456693,23,interleaved
23116,116,0,0.9958880829897099,0.6044167668126827,23,interleaved
23117,117,0,0.4115667004885434,0.6075670809921583,23,interleaved
23118,118,0,0.3540518108267466,1.0454463711737225,23,interleaved
23119,119,0,0.505088161436106,0.4575157697273432,23,interleaved
23120,120,0,0.5128419490043693,0.8188680700861635,23,interleaved
23121,121,0,0.015046647770092967,0.9047605019155731,23,interleaved
23122,122,0,0.5064514116997233,0.4860501959995687,23,interleaved
23123,123,0,0.48435821327847867,0.8526657419240202,23,interleaved
23124,124,0,0.9900903503010503,0.6071825851683337,23,interleaved
23125,125,0,0.23542720755226965,0.49190244717883996,23,interleaved
23126,126,0,0.5027124020823468,0.7230565758621451,23,interleaved
23127,127,0,0.5003036047846855,0.7316000443926812,23,interleaved
23128,128,0,0.8892124840048032,0.660631962084071,23,interleaved
23129,129,0,0.34432340754441276,0.7673119399165644,23,interleaved
23130,130,0,0.45438782732408856,0.4072495234149651,23,interleaved
23131,131,0,0.9122674147085714,0.494280893380465,23,interleaved
23132,132,0,0.5140219352309171,0.5770496218017356,23,interleaved
23133,133,0,0.040501464157842525,0.6979966783236482,23,interleaved
23134,134,0,0.50807670354066,0.7537805405052769,23,interleaved
23135,135,0,0.40579430268189787,0.5464248921151131,23,interleaved
23136,136,0,0.522916138410475,0.4157667843454558,23,interleaved
23137,137,0,0.6238915512212793,0.700241877033202,23,interleaved
23138,138,0,0.4995682986274897,0.8496765246122331,23,interleaved
23139,139,0,0.9258504542110457,0.660702537518649,23,interleaved
23140,140,0,0.23804949959200708,0.7947230418394857,23,interleaved
23141,141,0,0.693524999789922,0.6588095113766369,23,interleaved
23142,142,0,0.8902200927548514,0.4104546999234997,23,interleaved
23143,143,0,0.8044899211232233,0.32603550849699575,23,interleaved
23144,144,0,0.5005180498390487,0.672873335107776,23,interleaved
23145,145,0,0.9556389270588022,0.8811684035037319,23,interleaved
23146,146,0,0.9935242616433668,0.6566849965386683,23,interleaved
23147,147,0,0.9945604095411502,0.4852913916498295,23,interleaved
23148,148,0,0.9997204736893719,0.5211006614145257,23,interleaved
23149,149,0,0.6168059808520431,1.0387414239159771,23,interleaved
23150,150,0,0.9770550432285162,0.45917075872610036,23,interleaved
23151,151,0,0.7207595185331652,0.4631312342947582,23,interleaved
23152,152,0,0.48892439702719553,0.4242148633918601,23,interleaved
23153,153,0,0.9802803711856901,0.7270726424738094,23,interleaved
23154,154,0,0.2526302203102998,0.7910126415112981,23,interleaved
23155,155,0,0.019893105221659595,0.6314344920206053,23,interleaved
23156,156,0,0.504586802774846,0.5794049960873937,23,interleaved
23157,157,0,0.5067663506485596,0.48783603640558537,23,interleaved
23158,158,0,0.13974967835157204,0.7312485389635845,23,interleaved
23159,159,0,0.9999221508677696,0.556950509274217,23,interleaved
23160,160,0,0.9904910897644162,0.44040961655419586,23,interleaved
23161,161,0,0.3987046822273579,0.83284357321008,23,interleaved
23162,162,0,0.9997994787059802,0.5569174502090177,23,interleaved
23163,163,0,0.95029529910531,0.37092236244658494,23,interleaved
23164,164,0,0.6518082626700309,0.768242827343039,23,interleaved
23165,165,0,0.48927700263134305,0.7716508425980061,23,interleaved
23166,166,0,0.9013009724470273,0.6176741890955944,23,interleaved
23167,167,0,0.507199572320183,0.7937559764874496,23,interleaved
23168,168,0,0.09410463840312114,0.8262010087216723,23,interleaved
23169,169,0,0.0568314296550286,0.6062168756974833,23,interleaved
23170,170,0,0.5022296914626899,0.7694972771217005,23,interleaved
23171,171,0,0.4710270452641674,0.6214072840577081,23,interleaved
23172,172,0,0.007453935025402042,0.7675007593719831,23,interleaved
23173,173,0,0.77990355525944,0.9709469421636493,23,interleaved
23174,174,0,0.5266268606065603,0.5485903242909809,23,interleaved
23175,175,0,0.5205017213636927,0.4414601216972722,23,interleaved
23176,176,0,0.9960879615830025,0.5237029574768634,23,interleaved
23177,177,0,0.5007387369125863,0.7958967408221884,23,interleaved
23178,178,0,0.9976403458446776,0.5800981168681604,23,interleaved
23179,179,0,0.9991545106821923,0.5221700690484844,23,interleaved
23180,180,0,0.7631703866924897,0.4871530408636349,23,interleaved
23181,181,0,0.5016511466008389,0.8922408270532557,23,interleaved
23182,182,0,0.51317930800101,0.46117636490529956,23,interleaved
23183,183,0,0.5185522767033137,0.6500317033248877,23,interleaved
23184,184,0,0.4293120958394703,0.6178620542593929,23,interleaved
23185,185,0,0.04324356959414036,0.7155430549016677,23,interleaved
23186,186,0,0.6753687128955344,0.5276692971685002,23,interleaved
23187,187,0,0.59350225309997,0.6508390260682317,23,interleaved
23188,188,0,0.996400029237125,0.7212225558789879,23,interleaved
23189,189,0,0.24331417728135324,0.7394743537765984,23,interleaved
23190,190,0,0.14687597171939262,0.8807033803800545,23,interleaved
23191,191,0,0.49983926339478024,0.6328234742475289,23,interleaved
23192,192,0,0.9998463809522442,0.7300312489958867,23,interleaved
23193,193,0,0.9962800952865749,0.4349157314728849,23,interleaved
23194,194,0,0.5003322626019674,0.8363095207128224,23,interleaved
23195,195,0,0.9144310030483411,0.6851845558433494,23,interleaved
23196,196,0,0.6860481473049186,0.5574438973518562,23,interleaved
23197,197,0,0.9703772377035577,0.5973483065356064,23,interleaved
23198,198,0,9.40284632375426e-05,1.076055546025886,23,interleaved
23199,199,0,0.49626247412148133,0.5302072786453887,23,interleaved
23200,0,0,0.9744099897012697,0.6500127000393067,23,blocked
23201,1,0,0.19358874269214332,0.7597583475488235,23,blocked
23202,2,0,0.2480911898024699,0.6700212797404261,23,blocked
23203,3,0,0.1392252182642424,0.779005361946409,23,blocked
23204,4,0,0.42214244200779044,0.6250849765849387,23,blocked
23205,5,0,0.33083674540016883,0.7472624024412586,23,blocked
23206,6,0,0.930225098634656,0.5728570147812626,23,blocked
23207,7,0,0.654109207973027,0.8725620098283073,23,blocked
23208,8,0,0.07484830742698324,0.8065733448942038,23,blocked
23209,9,0,0.006242531378927165,0.8868655677781063,23,blocked
23210,10,0,0.008119412444965021,0.8176949026492728,23,blocked
23211,11,0,0.9795682716472919,0.5201631483455821,23,blocked
23212,12,0,0.3546480727119153,0.6961639059149142,23,blocked
23213,13,0,0.09494989151511218,0.7895478285542219,23,blocked
23214,14,0,0.6096793773993899,0.867035523912125,23,blocked
23215,15,0,0.6700615338199103,0.9276804776059039,23,blocked
23216,16,0,0.9455733122633998,0.8981058475157767,23,blocked
23217,17,0,0.48651335223054276,0.7544852755583104,23,blocked
23218,18,0,0.5498562688734483,0.9750398257588302,23,blocked
23219,19,0,0.5183934197243031,0.49114161901615694,23,blocked
23220,20,0,0.6809544568268268,0.6433601776874457,23,blocked
23221,21,0,0.0565206621153896,0.6445315652270532,23,blocked
23222,22,0,0.19575849686486158,0.7144978039051666,23,blocked
23223,23,0,0.5996660152135967,0.7702418509368811,23,blocked
23224,24,0,0.2895850098324463,0.692393508296104,23,blocked
23225,25,0,0.8696325358666772,0.5912835416537329,23,blocked
23226,26,0,0.9966474527872891,0.5249513761756625,23,blocked
23227,27,0,0.9979674463058039,0.8563208420801401,23,blocked
23228,28,0,0.5162320312920455,0.6272838515233133,23,blocked
23229,29,0,0.9789917412668301,0.37380450275815263,23,blocked
23230,30,0,0.10349899235549656,0.8985014173784094,23,blocked
23231,31,0,0.6785096444467009,0.4894177617580995,23,blocked
23232,32,0,0.016226928698569818,1.2093737479050408,23,blocked
23233,33,0,0.9798811635883052,0.6804247416436151,23,blocked
23234,34,0,0.4464301245226044,0.7545411181408339,23,blocked
23235,35,0,0.9823989282131762,0.8116613162705856,23,blocked
23236,36,0,0.9913415631566656,0.8396894591444073,23,blocked
23237,37,0,0.4534159071768759,0.43905064031771346,23,blocked
23238,38,0,0.14232672537546492,0.4378097194659869,23,blocked
23239,39,0,0.5545046099609234,0.5923279648743005,23,blocked
23240,40,0,0.2933307871241765,0.7331966971586635,23,blocked
23241,41,0,0.9851293309798599,0.5334835313372748,23,blocked
23242,42,0,0.0051370968264912555,0.8277048225714696,23,blocked
23243,43,0,0.02856142665863911,0.8506215487181603,23,blocked
23244,44,0,0.46514913582057954,0.8259723400047737,23,blocked
23245,45,0,0.8401675115328517,0.7002268128389091,23,blocked
23246,46,0,0.004688840081972283,0.6929291139369773,23,blocked
23247,47,0,0.2928302145426461,0.894663120661965,23,blocked
23248,48,0,0.8909604842905214,0.6202507208616905,23,blocked
23249,49,0,0.0002672607388821719,1.0602418808452105,23,blocked
23250,50,0,0.9996160033892819,0.7424616797494288,23,blocked
23251,51,0,0.5001366630827032,0.867340218962986,23,blocked
23252,52,0,0.9895710499882999,0.6929240797928085,23,blocked
23253,53,0,0.9488952101690582,0.6146238973735706,23,blocked
23254,54,0,0.6784607901551468,1.0343792028107601,23,blocked
23255,55,0,0.4101273048358117,0.9466203084259641,23,blocked
23256,56,0,0.9920214572223539,0.7198570850800484,23,blocked
23257,57,0,0.9994203880792785,0.9763983410118744,23,blocked
23258,58,0,0.20123445015083202,0.8144884471817124,23,blocked
23259,59,0,0.9796568946723124,0.4794175759384348,23,blocked
23260,60,0,0.9291259819388744,0.8202792141831678,23,blocked
23261,61,0,0.5047672811354695,0.7447378593206022,23,blocked
23262,62,0,0.2872606471982442,0.6729443923443529,23,blocked
23263,63,0,0.4019995193489832,0.8249586887035865,23,blocked
23264,64,0,0.9721044150891901,0.8925988612198992,23,blocked
23265,65,0,0.5506934587154722,0.422246503279318,23,blocked
23266,66,0,0.029168593699044752,0.6549853556572118,23,blocked
23267,67,0,0.47060891484417955,1.1547630654152354,23,blocked
23268,68,0,0.4999902415953755,1.2625776532329032,23,blocked
23269,69,0,0.9806559358481685,0.4745921315950215,23,blocked
23270,70,0,0.6573524056614074,0.5242061009372236,23,blocked
23271,71,0,0.26197971315034946,0.654771969381119,23,blocked
23272,72,0,0.9643361912346218,0.43946055305477616,23,blocked
23273,73,0,0.33348091731764473,0.768166363691771,23,blocked
23274,74,0,0.50203763838826,0.6828138691029448,23,blocked
23275,75,0,0.9928888708120556,0.5720253200062041,23,blocked
23276,76,0,0.9989734132013388,0.5996585440712001,23,blocked
23277,77,0,0.498454769011468,1.1408534955463976,23,blocked
23278,78,0,0.4884545556945455,0.7708970742353829,23,blocked
23279,79,0,0.9884458658340847,0.6031070351158552,23,blocked
23280,80,0,0.4761929200388138,0.4983076280827904,23,blocked
23281,81,0,0.10180272362891715,0.8680852283677177,23,blocked
23282,82,0,0.9979347987108221,0.5121219443227264,23,blocked
23283,83,0,0.9555758607549287,0.6626372297928986,23,blocked
23284,84,0,0.29650290461504264,0.6340841377050942,23,blocked
23285,85,0,0.5420201165394394,0.841797518440955,23,blocked
23286,86,0,0.5831106857243933,0.555894066216198,23,blocked
23287,87,0,0.31671156797850936,0.6056178980833945,23,blocked
23288,88,0,0.018291671413419343,0.7363834907996711,23,blocked
23289,89,0,0.9880370831765231,0.7056918450305415,23,blocked
23290,90,0,0.9397354116502541,0.627085402195836,23,blocked
23291,91,0,0.6523416929115249,0.4406165775669275,23,blocked
23292,92,0,0.2793721899283903,0.6535464274056713,23,blocked
23293,93,0,0.9804428302113202,0.5175311193263461,23,blocked
23294,94,0,0.9958300475905202,0.4312945329253865,23,blocked
23295,95,0,0.7926054419580826,0.44994191654429794,23,blocked
23296,96,0,0.10092094630039067,0.6573600021682139,23,blocked
23297,97,0,0.9894634499976827,0.7043250043135926,23,blocked
23298,98,0,0.46168738016365096,0.459489688734216,23,blocked
23299,99,0,0.5417428787663651,0.6706098430576299,23,blocked
23300,100,0,0.518318247966661,0.4403429147533324,23,blocked
23301,101,0,0.10898345584056054,0.9962727611357125,23,blocked
23302,102,0,0.0011638650778424066,0.890642441253706,23,blocked
23303,103,0,0.24580290902287316,0.6451068901555975,23,blocked
23304,104,0,0.007837836427422078,1.0095888275975127,23,blocked
23305,105,0,0.9834449656667554,0.5720807172504281,23,blocked
23306,106,0,0.9973679997946574,0.6246384084000903,23,blocked
23307,107,0,0.5025140741066062,0.6406892300078801,23,blocked
23308,108,0,0.6148676501011702,0.5381233054143479,23,blocked
23309,109,0,0.5094634811521189,0.6869054473393708,23,blocked
23310,110,0,0.5544947303562422,0.5104785525460991,23,blocked
23311,111,0,0.6020857288018234,0.7372260311290311,23,blocked
23312,112,0,0.9972865423624013,0.7494848469198143,23,blocked
23313,113,0,0.5585812518682045,0.8871100057142143,23,blocked
23314,114,0,0.9663771524966414,0.7801837251800194,23,blocked
23315,115,0,0.2165092716762171,0.7833780041584126,23,blocked
23316,116,0,0.9910225297767312,0.673827388270354,23,blocked
23317,117,0,0.05715810233639377,0.8685561556528758,23,blocked
23318,118,0,0.5110486687474719,0.7651838214456823,23,blocked
23319,119,0,0.9686434520184999,0.6224509717293296,23,blocked
23320,120,0,0.9152137006858889,0.5539981240024995,23,blocked
23321,121,0,0.1072378199167052,0.6588558067832562,23,blocked
23322,122,0,0.8412759254729997,0.5098632594361382,23,blocked
23323,123,0,0.0012049835692280865,0.9644063710479114,23,blocked
23324,124,0,0.9878271582501956,0.5424749703649936,23,blocked
23325,125,0,0.0797517117252732,0.8715843630555573,23,blocked
23326,126,0,0.8526201229787889,0.6970784959014438,23,blocked
23327,127,0,0.17096141065663775,0.7340618463149263,23,blocked
23328,128,0,0.43629027499836315,0.6621371681168475,23,blocked
23329,129,0,0.9979708823825431,0.7222360446974214,23,blocked
23330,130,0,0.4995318372139374,0.9939255568931805,23,blocked
23331,131,0,0.9926758088522771,0.4385637733397114,23,blocked
23332,132,0,0.9930313276737486,0.40143123686333393,23,blocked
23333,133,0,0.4758822380130807,0.4969801236610089,23,blocked
23334,134,0,0.8443607763328427,0.893519439243698,23,blocked
23335,135,0,0.6261189981179218,0.6139419542862345,23,blocked
23336,136,0,0.3834975205296538,0.6225782982282144,23,blocked
23337,137,0,0.5057409020774349,0.645087313537048,23,blocked
23338,138,0,0.9848593166283117,0.5201386731779579,23,blocked
23339,139,0,0.8723719787676576,0.47122381413913883,23,blocked
23340,140,0,0.5344221205965707,0.6216047109899692,23,blocked
23341,141,0,0.48922808976193843,0.5402565451896097,23,blocked
23342,142,0,0.7769309316401563,0.5359303668203962,23,blocked
23343,143,0,0.6080972862150604,0.8244202716019553,23,blocked
23344,144,0,0.9910824390700295,0.4372726871468643,23,blocked
23345,145,0,0.9229823209462096,0.4108351378729203,23,blocked
23346,146,0,0.6474108253375852,0.6372175692531199,23,blocked
23347,147,0,0.7211175067915986,0.6038865717836905,23,blocked
23348,148,0,0.1944222234095096,0.5377945196070464,23,blocked
23349,149,0,0.928603558713657,0.5732058443689414,23,blocked
23350,150,0,0.9979968175046514,0.28751218539322265,23,blocked
23351,151,0,0.9992487755197523,0.2752811746787399,23,blocked
23352,152,0,0.5789320984975026,0.49504784672155994,23,blocked
23353,153,0,0.5556725013321511,0.7042413672236469,23,blocked
23354,154,0,0.9969829046318393,0.37035742403179667,23,blocked
23355,155,0,0.9487082379065994,0.44697377233077346,23,blocked
23356,156,0,0.9979186737199156,0.5572535854740682,23,blocked
23357,157,0,0.9914279608999179,0.3326151064210654,23,blocked
23358,158,0,0.9006758106411608,0.5507800119213393,23,blocked
23359,159,0,0.10447984285455877,0.6431804828795712,23,blocked
23360,160,0,0.5007943532589487,0.725928464135867,23,blocked
23361,161,0,0.9968648297061145,0.45721727248851474,23,blocked
23362,162,0,0.49151183379100505,0.731025196311373,23,blocked
23363,163,0,0.00033313691744821727,0.8775902867207004,23,blocked
23364,164,0,0.5590757261487551,0.5696097961331097,23,blocked
23365,165,0,0.754470956392242,0.5262686271347163,23,blocked
23366,166,0,0.8520743252813615,0.596462206222689,23,blocked
23367,167,0,0.6506918436358787,0.3576562684203328,23,blocked
23368,168,0,0.926032628894346,0.5360856924031803,23,blocked
23369,169,0,0.8681811376712354,0.6410216837921292,23,blocked
23370,170,0,0.889875773567756,0.327719767589728,23,blocked
23371,171,0,0.5321362283234455,0.5797204861751946,23,blocked
23372,172,0,0.6261940312220211,0.7359022448233017,23,blocked
23373,173,0,0.4919658907788923,0.87386511935752,23,blocked
23374,174,0,0.4114898793773877,1.0279014177021912,23,blocked
23375,175,0,0.07522879427548651,0.7550165969825021,23,blocked
23376,176,0,0.5916801109602587,0.9057698426404861,23,blocked
23377,177,0,0.46787174142083,0.6626558905767369,23,blocked
23378,178,0,0.4963191586015427,0.944852398033061,23,blocked
23379,179,0,0.9661567231123791,0.5330380346222231,23,blocked
23380,180,0,0.992654753589413,0.29590031361281605,23,blocked
23381,181,0,0.48683435055094826,0.8476447421570236,23,blocked
23382,182,0,0.974622137523683,0.6163138796571372,23,blocked
23383,183,0,0.29237011720394773,0.7102796418921584,23,blocked
23384,184,0,0.8816412889343852,0.5203251902532696,23,blocked
23385,185,0,0.9289103025385741,0.49177517202397214,23,blocked
23386,186,0,0.9928613622494264,0.7201581870292869,23,blocked
23387,187,0,0.023043806322779897,0.697975446938127,23,blocked
23388,188,0,0.9432343368073546,0.5682284428392609,23,blocked
23389,189,0,0.7470686599930834,0.7813289092734765,23,blocked
23390,190,0,0.5043618860040708,0.5571206944813527,23,blocked
23391,191,0,0.35429431509721526,0.5245118588546563,23,blocked
23392,192,0,0.012954688224362977,0.7563850687853473,23,blocked
23393,193,0,0.5141235318795551,0.6567860092858846,23,blocked
23394,194,0,0.9861090875135551,0.5012675284437782,23,blocked
23395,195,0,0.7283332768583869,0.49492277040666977,23,blocked
23396,196,0,0.023766324843263485,0.709401901864009,23,blocked
23397,197,0,0.17736030910663048,0.7965806371449901,23,blocked
23398,198,0,0.9908381116592719,0.7471519427753123,23,blocked
23399,199,0,0.4793290662993227,0.5794356202569411,23,blocked
23400,0,0,0.5921840972646579,0.6119701869050016,23,early
23401,1,0,0.4121860311954093,0.4538947552779622,23,early
23402,2,0,0.03154624632059113,0.6817114126914663,23,early
23403,3,0,0.3735537789735259,0.8800735392060639,23,early
23404,4,0,0.1947810317117609,0.7249991119657715,23,early
23405,5,0,0.8804098798188271,0.7621070783964629,23,early
23406,6,0,0.7624730677402691,0.5312050728645643,23,early
23407,7,0,0.7168073821151392,0.4524742905229275,23,early
23408,8,0,0.5622338454162032,0.5193471977210595,23,early
23409,9,0,0.03524426359157463,0.92522771982541,23,early
23410,10,0,0.9928070140363416,0.5130987068560569,23,early
23411,11,0,0.42670342666942374,0.644553167826141,23,early
23412,12,0,0.7237454694796721,0.450751119350761,23,early
23413,13,0,0.28631082478293995,0.6636235496003002,23,early
23414,14,0,0.9074794436794998,0.5308955170293697,23,early
23415,15,0,0.7993404930288961,0.717923908502778,23,early
23416,16,0,0.548130382658425,0.5358807536721151,23,early
23417,17,0,0.4238584119853239,0.5187259417017516,23,early
23418,18,0,0.9908757224019545,0.6434062946209251,23,early
23419,19,0,0.9884986787547132,0.6272547896838573,23,early
23420,20,0,0.16474841789109343,0.5017128376224611,23,early
23421,21,0,0.09442385753996724,0.46750100634960295,23,early
23422,22,0,0.184975760399388,0.6583086256027496,23,early
23423,23,0,0.8373719770887486,0.7589197959987832,23,early
23424,24,0,0.4723261979520449,0.49035908029844466,23,early
23425,25,0,0.041654835761597266,0.9458826509750753,23,early
23426,26,0,0.9688360715259899,0.8173937796607287,23,early
23427,27,0,0.5334964486353038,0.5676578600970155,23,early
23428,28,0,0.9923497252692787,0.5759774251754582,23,early
23429,29,0,0.44904507107107283,0.44721025157500693,23,early
23430,30,0,0.7852616231079197,0.732141800781597,23,early
23431,31,0,0.4607072908757856,0.8622333669940598,23,early
23432,32,0,0.44234607227695383,1.0365495541105876,23,early
23433,33,0,0.4547259980316679,1.158835175243532,23,early
23434,34,0,0.2292296648648946,0.7079478869836172,23,early
23435,35,0,0.5127272144362175,0.557016690551615,23,early
23436,36,0,0.9835153127074734,0.6458054514707724,23,early
23437,37,0,0.012192487633896206,0.4871416997655655,23,early
23438,38,0,0.05578610551604174,0.6352324242451632,23,early
23439,39,0,0.9998280293905839,0.8266803885149772,23,early
23440,40,0,0.4823232583925345,0.5753663467238529,23,early
23441,41,0,0.9121410239104396,0.6255736447320461,23,early
23442,42,0,0.22129426928914545,0.646729503460274,23,early
23443,43,0,0.2119697322236754,0.9591691475409138,23,early
23444,44,0,0.43654565454633815,0.9283905272365801,23,early
23445,45,0,0.49726098991855744,0.772839411688777,23,early
23446,46,0,0.5148943842767018,0.5115223146108274,23,early
23447,47,0,0.495394848276219,0.8451759928717169,23,early
23448,48,0,0.49258310703485225,0.8522354889596008,23,early
23449,49,0,0.482301834775598,0.7151050955269367,23,early
23450,50,0,0.971225626561588,0.8396754891657383,23,early
23451,51,0,0.3978141052835692,0.6901078122104851,23,early
23452,52,0,0.7312212695036715,0.6966530783651655,23,early
23453,53,0,0.5026146632371358,0.7124832452610141,23,early
23454,54,0,0.6814888923141481,0.7171631130053404,23,early
23455,55,0,0.5049283850171004,0.7971541352765357,23,early
23456,56,0,0.14115292933557982,0.6841306393585429,23,early
23457,57,0,0.4456089874897589,0.6070585017430082,23,early
23458,58,0,0.9654184727863829,0.5745074374810022,23,early
23459,59,0,0.7993343977846281,0.5677310621936397,23,early
23460,60,0,0.6341237614161104,0.49831604483233216,23,early
23461,61,0,0.953261865000316,0.34452555312202626,23,early
23462,62,0,0.506569823079531,0.7999137148480291,23,early
23463,63,0,0.9971776091831976,0.5215654824700032,23,early
23464,64,0,0.9055837812356078,0.3978362257157442,23,early
23465,65,0,0.5376157826078056,0.6384438209398557,23,early
23466,66,0,0.9988709619910512,0.38857003657522415,23,early
23467,67,0,0.3743541538089734,0.5073636209479708,23,early
23468,68,0,0.6818977019387847,0.7653047569815367,23,early
23469,69,0,0.6944988804770195,0.4967335373122408,23,early
23470,70,0,0.5783298631975076,0.7296479242653702,23,early
23471,71,0,0.5305531193518152,0.8320123524678071,23,early
23472,72,0,0.9978983359785499,0.466971907207006,23,early
23473,73,0,0.5751587433749933,0.6175665830410171,23,early
23474,74,0,0.5260557821626333,0.8509782202660645,23,early
23475,75,0,0.9455420641190635,0.5839238827083242,23,early
23476,76,0,0.6822641458549548,0.8519271295721118,23,early
23477,77,0,0.6841483830883227,0.47115133780471,23,early
23478,78,0,0.26516964674453153,0.7055035990816716,23,early
23479,79,0,0.6654118438642023,0.7673753600264337,23,early
23480,80,0,0.9857333158465196,0.5327427609141953,23,early
23481,81,0,0.6221069027431112,0.3862446700246179,23,early
23482,82,0,0.2796639048149641,0.8320795561794572,23,early
23483,83,0,0.7640416969726942,0.486313262705933,23,early
23484,84,0,0.9607931874074997,0.6962356706131376,23,early
23485,85,0,0.7590336283549224,0.42805135509773545,23,early
23486,86,0,0.4011160854525168,0.6154187544984073,23,early
23487,87,0,0.6790490425407055,0.4306331961551396,23,early
23488,88,0,0.9255233572553647,0.5825614413598785,23,early
23489,89,0,0.5357391080997307,0.859607749653396,23,early
23490,90,0,0.035653708175407584,0.9584736877919389,23,early
23491,91,0,0.8232570920958728,0.49596257797173526,23,early
23492,92,0,0.6105213056008072,0.49044994981209483,23,early
23493,93,0,0.4984984753261595,0.7188099196894662,23,early
23494,94,0,0.9939295421115258,0.4282854963855713,23,early
23495,95,0,0.4888391189487513,0.7147607295149181,23,early
23496,96,0,0.726061604207342,0.4002658096935786,23,early
23497,97,0,0.9099282730075235,0.3476041519749279,23,early
23498,98,0,0.9927565329288024,0.5506756550255886,23,early
23499,99,0,0.2941014271551049,0.644873939203995,23,early
23500,100,0,0.7670394630967727,0.7641937951578688,23,early
23501,101,0,0.5098305337472109,0.6442783137752224,23,early
23502,102,0,0.45614837947117715,0.5842436272050011,23,early
23503,103,0,0.6758027298972153,0.4575696315387885,23,early
23504,104,0,0.5504134911428051,0.6503968622826829,23,early
23505,105,0,0.5691867029442003,0.6370829845604857,23,early
23506,106,0,0.5178555363627676,0.5284693732801942,23,early
23507,107,0,0.5744586342167031,0.4554503819098663,23,early
23508,108,0,0.9494702050540176,0.8583297136328103,23,early
23509,109,0,0.38262383166187086,0.8405574296972731,23,early
23510,110,0,0.8229863877584954,0.7731226464160451,23,early
23511,111,0,0.5026449537584333,0.692601090425923,23,early
23512,112,0,0.7116034760192064,0.4726253535461751,23,early
23513,113,0,0.42840527775623777,0.7917385577058533,23,early
23514,114,0,0.6472473601006629,0.733829281479998,23,early
23515,115,0,0.5018460783207171,0.5028117047999605,23,early
23516,116,0,0.22105487464046197,0.6475941930217841,23,early
23517,117,0,0.628757210221756,0.6739358007506483,23,early
23518,118,0,0.4651620104067399,0.8139444242782358,23,early
23519,119,0,0.5027748722251244,0.8734161211969982,23,early
23520,120,0,0.6248593096693689,0.4813423418357058,23,early
23521,121,0,0.738796607277242,0.7960704152151132,23,early
23522,122,0,0.7542520085809312,0.4301117551123503,23,early
23523,123,0,0.5363851861965697,0.3717052810027618,23,early
23524,124,0,0.7627958582307052,0.3347769817742209,23,early
23525,125,0,0.8960578214727577,0.5752691411032014,23,early
23526,126,0,0.009501865066518046,0.5769855602974209,23,early
23527,127,0,0.32332642369831555,0.5128144722191015,23,early
23528,128,0,0.26449893463303065,0.46605035590641,23,early
23529,129,0,0.7067681286946208,0.4439985997198591,23,early
23530,130,0,0.010518748744036655,0.7400037639148218,23,early
23531,131,0,0.45704494820483327,0.5950257734001971,23,early
23532,132,0,0.8975772145150409,0.5687936719964073,23,early
23533,133,0,0.16505131320788546,0.743668914776366,23,early
23534,134,0,0.9827065235784068,0.9207912011351722,23,early
23535,135,0,0.5286455042172042,0.8206732558668213,23,early
23536,136,0,0.9272826122925358,0.39090540388535067,23,early
23537,137,0,0.5002498348104972,0.453803245574432,23,early
23538,138,0,0.26073879158272856,0.50226549213173,23,early
23539,139,0,0.6364432471519808,0.4605616170285512,23,early
23540,140,0,0.05160354406853821,0.5136413708616314,23,early
23541,141,0,0.5022723237898884,0.6034954726634594,23,early
23542,142,0,0.5612014175794139,0.6941822839198295,23,early
23543,143,0,0.5162867553545282,0.7819088505838567,23,early
23544,144,0,0.8258934708554876,0.4939690497696941,23,early
23545,145,0,0.7886206706688679,0.5322749249239807,23,early
23546,146,0,0.005360149516267373,0.6975826084670518,23,early
23547,147,0,0.756477886041367,0.7462272095992653,23,early
23548,148,0,0.9990071891369581,0.4875595307496746,23,early
23549,149,0,0.6017355791931919,0.7524419065899604,23,early
23550,150,0,0.8354414314730605,0.6523064478681269,23,early
23551,151,0,0.602757791662027,0.39786438046816897,23,early
23552,152,0,0.6795625683152973,0.39174589006770255,23,early
23553,153,0,0.39257327011961324,0.6167110549480693,23,early
23554,154,0,0.40928562085190134,0.6736536740570938,23,early
23555,155,0,0.7381009089282831,0.6651287082250296,23,early
23556,156,0,0.4974245919648504,0.5307479310864879,23,early
23557,157,0,0.5289501222406414,0.2488653823892468,23,early
23558,158,0,0.7497515123323607,0.4752793333184048,23,early
23559,159,0,0.6646907171481681,0.5319313548251947,23,early
23560,160,0,0.7259930448815483,0.5858290084505713,23,early
23561,161,0,0.9510908257528635,0.7205419227942698,23,early
23562,162,0,0.9965945818375299,0.601770041805465,23,early
23563,163,0,0.6074865049412692,0.41985925329075535,23,early
23564,164,0,0.7918926737476137,0.40691564927069956,23,early
23565,165,0,0.9848104438951196,0.5963894526888809,23,early
23566,166,0,0.7972608737303892,0.38046010835752,23,early
23567,167,0,0.6450237405892781,0.4535948342755089,23,early
23568,168,0,0.6276226097746457,0.6754013350733155,23,early
23569,169,0,0.5075229183050757,0.39340394733716727,23,early
23570,170,0,0.7853568357979697,0.7673008743931956,23,early
23571,171,0,0.3974163423032807,0.7716485119170617,23,early
23572,172,0,0.9712381108426317,0.33012546949059696,23,early
23573,173,0,0.24303350045606253,0.6871188269478752,23,early
23574,174,0,0.4460730282264667,0.46754273132019974,23,early
23575,175,0,0.5566665247654125,0.5649846661488651,23,early
23576,176,0,0.6461055337661052,0.3717104283924436,23,early
23577,177,0,0.853660060380291,0.4635679887164962,23,early
23578,178,0,0.5150614654005298,0.6725231286685259,23,early
23579,179,0,0.957204363073052,0.5321404498979987,23,early
23580,180,0,0.5888360075325652,0.7225550953056503,23,early
23581,181,0,0.16771843005364184,0.5271006921201081,23,early
23582,182,0,0.2763653058570664,0.5143013247661226,23,early
23583,183,0,0.3379439832573159,0.9283118911636286,23,early
23584,184,0,0.05421673142757949,0.9159690277468613,23,early
23585,185,0,0.6327131870276568,0.5430219575550203,23,early
23586,186,0,0.6614195636428549,0.5658567693749689,23,early
23587,187,0,0.6893250757509803,0.5583468028041594,23,early
23588,188,0,0.9632925108476696,0.5817820553572641,23,early
23589,189,0,0.7177605449573071,0.3988645412831664,23,early
23590,190,0,0.6766122487926868,0.3504929827029365,23,early
23591,191,0,0.371328672634067,0.3905743488013593,23,early
23592,192,0,0.9282936300230673,0.25203390675389653,23,early
23593,193,0,0.16200194542979232,0.7861867564653062,23,early
23594,194,0,0.5235517085624857,0.4183554982804926,23,early
23595,195,0,0.7528735582625381,0.5752144460181925,23,early
23596,196,0,0.7006710602007817,0.5632707330009874,23,early
23597,197,0,0.598507832333933,0.5328934798245863,23,early
23598,198,0,0.9939501591855492,0.4546217196575801,23,early
23599,199,0,0.9530058268168606,0.5005836501910309,23,early
23600,0,0,0.996167788324686,0.8387422518266261,23,middle
23601,1,0,0.7790824290679466,0.5101364075245645,23,middle
23602,2,0,0.4737164968679433,0.4313817616473472,23,middle
23603,3,0,0.7547500969634993,0.3842067143700718,23,middle
23604,4,0,0.34101309693439286,0.7731457795192126,23,middle
23605,5,0,0.5011190977418223,0.5111866205081423,23,middle
23606,6,0,0.3355178168204183,0.8636683172520254,23,middle
23607,7,0,0.5177899898043847,0.7304755102885916,23,middle
23608,8,0,0.8472526738747759,0.5074650384601884,23,middle
23609,9,0,0.838665290802266,0.8499705016226518,23,middle
23610,10,0,0.3273158744054356,0.5828436627166123,23,middle
23611,11,0,0.8365395144125254,0.8367581445648363,23,middle
23612,12,0,0.4878746320336051,0.5218387105776168,23,middle
23613,13,0,0.7435897196221191,0.49521387822245294,23,middle
23614,14,0,0.9376884031161925,0.4392196162023111,23,middle
23615,15,0,0.12990754189638884,0.7213783559153268,23,middle
23616,16,0,0.4969890802232867,0.5297670238587712,23,middle
23617,17,0,0.7344521849220593,0.6822838478768692,23,middle
23618,18,0,0.8243475835249773,0.6292244449520966,23,middle
23619,19,0,0.5361858783610112,0.44740466377636995,23,middle
23620,20,0,0.24423131801632203,0.5186711162600117,23,middle
23621,21,0,0.5373895634664725,0.7039618382295003,23,middle
23622,22,0,0.4959489568260927,0.8678587400881212,23,middle
23623,23,0,0.5248877035435068,0.7209340303327121,23,middle
23624,24,0,0.45855605874565397,0.5319536717167234,23,middle
23625,25,0,0.988348417191385,0.705907063175205,23,middle
23626,26,0,0.9005877648048537,0.9328930092087883,23,middle
23627,27,0,0.5072614329518105,0.6346551655871413,23,middle
23628,28,0,0.5461739561628457,0.5192801369768981,23,middle
23629,29,0,0.013307896488697546,0.7205206046759753,23,middle
23630,30,0,0.47785393894598793,0.812072064623391,23,middle
23631,31,0,0.9415302328554018,0.7399528755904508,23,middle
23632,32,0,0.43676587500063013,0.9958657520566957,23,middle
23633,33,0,0.3948071686838299,0.8076226531014856,23,middle
23634,34,0,0.3530350472212992,0.9817287724577245,23,middle
23635,35,0,0.9395697977614761,0.9462380371343284,23,middle
23636,36,0,0.7556339094388889,0.6742585585698404,23,middle
23637,37,0,0.49895452261938256,0.770401825199271,23,middle
23638,38,0,0.988800346544213,0.7466444748230441,23,middle
23639,39,0,0.0026673251150069375,0.8689997133688361,23,middle
23640,40,0,0.4783117971161592,0.6715488857837981,23,middle
23641,41,0,0.1597954935143793,0.6049200335264193,23,middle
23642,42,0,0.7162244210556181,0.5691224817124445,23,middle
23643,43,0,0.522969482134496,1.112172483554367,23,middle
23644,44,0,0.8866908750472147,0.5996380648451454,23,middle
23645,45,0,0.8846775884197945,0.7110239548750292,23,middle
23646,46,0,0.8262304607626173,0.538219172903982,23,middle
23647,47,0,0.4962490400912395,0.6785565502984516,23,middle
23648,48,0,0.8448284796231802,0.48842155557964734,23,middle
23649,49,0,0.4936446479828687,0.6512490504775768,23,middle
23650,50,0,0.11556299849829338,0.5719711455633953,23,middle
23651,51,0,0.0003197678938682241,0.9418019358904457,23,middle
23652,52,0,0.019166221159404716,1.064619484555516,23,middle
23653,53,0,0.05440498600278577,0.8669688992715733,23,middle
23654,54,0,0.7218964557592611,0.4446036749780159,23,middle
23655,55,0,0.0026572980144928173,0.7914834418710153,23,middle
23656,56,0,0.021503050586528686,0.8909705619893944,23,middle
23657,57,0,0.09095888293301607,0.8844330766410119,23,middle
23658,58,0,0.4713151729621924,0.7915488233738619,23,middle
23659,59,0,0.5355381366257259,0.6097545436812045,23,middle
23660,60,0,0.44499609368737864,0.6788374602708669,23,middle
23661,61,0,0.8773205567721127,0.561303108059696,23,middle
23662,62,0,0.5009981930910303,1.078584634926396,23,middle
23663,63,0,0.3475943294496127,0.9102754388815846,23,middle
23664,64,0,0.00561201416374513,0.8750749782639005,23,middle
23665,65,0,0.5543151667105464,0.7877323142777168,23,middle
23666,66,0,0.5176180500727663,0.7810174400606552,23,middle
23667,67,0,0.0694923422090073,0.8410645389472932,23,middle
23668,68,0,0.9770282141804636,0.620441102985012,23,middle
23669,69,0,0.46033416521687137,0.5194270734581775,23,middle
23670,70,0,0.9107309047038354,0.4726167858814321,23,middle
23671,71,0,0.7098726068195745,0.5845788309314628,23,middle
23672,72,0,0.4711105077462714,0.9256681516603245,23,middle
23673,73,0,0.49603976846326486,1.1868733952635346,23,middle
23674,74,0,0.5000155246232385,1.342464129231455,23,middle
23675,75,0,0.2988927770147003,0.7371191387062268,23,middle
23676,76,0,0.5159233122185275,0.6486208331805514,23,middle
23677,77,0,0.8971720712387528,0.5120788156981105,23,middle
23678,78,0,0.48582926164795687,0.42198781758393533,23,middle
23679,79,0,0.6553648859505846,0.6300687815871902,23,middle
23680,80,0,0.49618476455529925,0.7866181732130728,23,middle
23681,81,0,0.47907534502447163,0.5656735587494034,23,middle
23682,82,0,0.45465899362781276,0.7918528465889128,23,middle
23683,83,0,0.99538302090731,0.7371085701498445,23,middle
23684,84,0,0.4539772987982446,0.5071605148272917,23,middle
23685,85,0,0.7608554708990387,0.6454942320438649,23,middle
23686,86,0,0.9005109035466194,0.5612147599032424,23,middle
23687,87,0,0.986396247923417,0.4899862106187014,23,middle
23688,88,0,0.13466617446988222,0.8254031376234485,23,middle
23689,89,0,0.5295099090104025,0.5861912686115928,23,middle
23690,90,0,0.5010032670180544,0.7487755488774117,23,middle
23691,91,0,0.6621201734082485,0.6784892850336678,23,middle
23692,92,0,0.9779168757098917,0.4612228226708519,23,middle
23693,93,0,0.8452326492521671,0.7910537729901508,23,middle
23694,94,0,0.4858806336389703,0.4575460568471682,23,middle
23695,95,0,0.5047233368938236,0.585390670340648,23,middle
23696,96,0,0.999182685933554,0.9680707670604666,23,middle
23697,97,0,0.036989335173264,0.6166017242202553,23,middle
23698,98,0,0.859257379388046,0.904421961380268,23,middle
23699,99,0,0.6588057794868303,0.6481865760366928,23,middle
23700,100,0,0.1472594551353596,0.9230634836987879,23,middle
23701,101,0,0.019934119695783122,0.9142638082322454,23,middle
23702,102,0,0.10111659328456472,0.8325345955889392,23,middle
23703,103,0,0.8425704286394274,0.6776095841353698,23,middle
23704,104,0,0.501618076539549,0.5772492776691227,23,middle
23705,105,0,0.5407174609069434,0.507695434217883,23,middle
23706,106,0,0.750538539568733,0.6344964524740548,23,middle
23707,107,0,0.95063584644789,0.6989099224427895,23,middle
23708,108,0,0.2050577568576083,0.6549801409269019,23,middle
23709,109,0,0.9914796524559759,0.3576462931994048,23,middle
23710,110,0,0.9989392626162785,0.9655365868336834,23,middle
23711,111,0,0.8180457998842469,0.639259184553455,23,middle
23712,112,0,0.5530222208326798,0.45609687331816307,23,middle
23713,113,0,0.9017753749917815,0.49211411435352126,23,middle
23714,114,0,0.5559222711551217,0.6041496945299812,23,middle
23715,115,0,0.780872987468797,0.49316209159141755,23,middle
23716,116,0,0.19782338111903625,0.6998680840449741,23,middle
23717,117,0,0.5237532935483563,0.47128503578966185,23,middle
23718,118,0,0.12339051070075086,0.983081550387658,23,middle
23719,119,0,0.9999091555207169,0.9124859383255508,23,middle
23720,120,0,0.5471503861629605,0.6201457654403091,23,middle
23721,121,0,0.4852584946954924,0.8418377066241033,23,middle
23722,122,0,0.41369962699871377,0.6126286738922921,23,middle
23723,123,0,0.9917718778489026,0.43175222896413856,23,middle
23724,124,0,0.27488598003447434,0.5834322777509724,23,middle
23725,125,0,0.5702793251761538,0.3939920332454074,23,middle
23726,126,0,0.9686294365478465,0.5373034232919851,23,middle
23727,127,0,0.5039653382285566,0.6401382045731199,23,middle
23728,128,0,0.24537584502567972,0.426396992552707,23,middle
23729,129,0,0.9939117433250315,0.931232774210511,23,middle
23730,130,0,0.8588080188443952,0.794432845682387,23,middle
23731,131,0,0.34664283749668523,0.620082723535204,23,middle
23732,132,0,0.4764774373916095,1.001937167503961,23,middle
23733,133,0,0.6644172920202898,0.677108923648536,23,middle
23734,134,0,0.3903010163847349,0.4830255539834837,23,middle
23735,135,0,0.9552793267436948,0.49587666958279475,23,middle
23736,136,0,0.507351288941266,0.48573465878791244,23,middle
23737,137,0,0.6524554029274908,0.33432567239751004,23,middle
23738,138,0,0.37624118177484867,0.49029368291266373,23,middle
23739,139,0,0.4193833634828026,0.660904189990733,23,middle
23740,140,0,0.34305477150659086,0.5616350949647237,23,middle
23741,141,0,0.47096131455791507,0.3788971086450369,23,middle
23742,142,0,0.8440386959188018,0.49189129591480596,23,middle
23743,143,0,0.7640101930747701,0.6654246352475134,23,middle
23744,144,0,0.6347618558745152,0.6497479347188141,23,middle
23745,145,0,0.5337761417687324,0.41890550152748934,23,middle
23746,146,0,0.6944906557694175,0.7000022942592123,23,middle
23747,147,0,0.5017432794677535,0.6402961040575763,23,middle
23748,148,0,0.5775555489864671,0.5945128972652847,23,middle
23749,149,0,0.6441890450681881,0.4763812438067684,23,middle
23750,150,0,0.4795512623477762,0.5632200040873809,23,middle
23751,151,0,0.9855234163714424,0.42044550375894096,23,middle
23752,152,0,0.562768741691057,0.691599346255621,23,middle
23753,153,0,0.9790888947931139,0.7765723721494014,23,middle
23754,154,0,0.01580988578014417,0.7095346931494987,23,middle
23755,155,0,0.24251749336223988,0.6698728416927133,23,middle
23756,156,0,0.5039794835393087,0.7420029494423965,23,middle
23757,157,0,0.6707182758010319,0.6458629802532011,23,middle
23758,158,0,0.9411862054947994,0.4605161825767595,23,middle
23759,159,0,0.8823554750352687,0.36495775517443035,23,middle
23760,160,0,0.7952191480283337,0.4283299939516618,23,middle
23761,161,0,0.9442534305095057,0.3625769055981072,23,middle
23762,162,0,0.9614283374831224,0.42055329295421706,23,middle
23763,163,0,0.7796093532753918,0.5640473920317048,23,middle
23764,164,0,0.9434317381232362,0.5302298674017767,23,middle
23765,165,0,0.8642170224785639,0.42673344068997066,23,middle
23766,166,0,0.4713692776492988,0.7637779836977516,23,middle
23767,167,0,0.6222522874656063,0.49600253701001873,23,middle
23768,168,0,0.5873844838173522,0.46697266050444436,23,middle
23769,169,0,0.3957292022953403,0.7483798351625044,23,middle
23770,170,0,0.9114802198187244,0.7520070145269646,23,middle
23771,171,0,0.989821089210229,0.5378129129545564,23,middle
23772,172,0,0.9797762725066431,0.33358745739647916,23,middle
23773,173,0,0.39185548884254096,0.6812641954782667,23,middle
23774,174,0,0.5152773019644591,0.5082712540742484,23,middle
23775,175,0,0.1698483165779999,0.6763282225550058,23,middle
23776,176,0,0.5393089618403883,0.5973722964397542,23,middle
23777,177,0,0.9692569980142317,0.5377450481077612,23,middle
23778,178,0,0.9205088133317758,0.5747776194604767,23,middle
23779,179,0,0.7664119483822391,0.6619152815848427,23,middle
23780,180,0,0.9558346307031989,0.5627816058735471,23,middle
23781,181,0,0.5212520634867569,0.7621069131503644,23,middle
23782,182,0,0.9281008158468502,0.5511168098202117,23,middle
23783,183,0,0.9217203939519478,0.43037269442439235,23,middle
23784,184,0,0.13085982292717047,0.7105504796069051,23,middle
23785,185,0,0.5178799617462522,0.6043685447079848,23,middle
23786,186,0,0.9975001040371061,0.734354005330335,23,middle
23787,187,0,0.9945248820071105,0.6871713798301861,23,middle
23788,188,0,0.5167932151296386,0.3945134172794711,23,middle
23789,189,0,0.9582139477056324,0.42237169902090654,23,middle
23790,190,0,0.9318084035182879,0.4511062359050644,23,middle
23791,191,0,0.9829782350130204,0.48728856530236564,23,middle
23792,192,0,0.6620262025982554,0.4879217594905322,23,middle
23793,193,0,0.6747522455545931,0.46303949142437717,23,middle
23794,194,0,0.9858682412653657,0.37335362012001716,23,middle
23795,195,0,0.5354042217530041,0.734273782907322,23,middle
23796,196,0,0.9895292553580628,0.3368375748089042,23,middle
23797,197,0,0.9807894286846854,0.49984263977803023,23,middle
23798,198,0,0.5550724390625744,0.3949195924086794,23,middle
23799,199,0,0.1595103592049157,0.6949940821924471,23,middle
23800,0,0,0.4998543647072854,0.8018252746415799,23,late
23801,1,0,0.12461727512553111,0.6130845188955241,23,late
23802,2,0,0.056544031268836004,0.7612539897111703,23,late
23803,3,0,0.7407444641192047,0.6903500056044991,23,late
23804,4,0,0.8126507037039017,0.9484049931102149,23,late
23805,5,0,0.37966351362280115,0.6356393657170912,23,late
23806,6,0,0.6277314609699725,0.5792029363985075,23,late
23807,7,0,0.17060800883937127,0.6530224338046058,23,late
23808,8,0,0.7332409251237144,0.6111981578735985,23,late
23809,9,0,0.24763778679024692,0.6546257966110447,23,late
23810,10,0,0.8757363046000108,0.5387920929040401,23,late
23811,11,0,0.7959667651524232,0.4954707527875298,23,late
23812,12,0,0.4978843023197198,0.9431836506377677,23,late
23813,13,0,0.9421717747898779,0.5420991611399314,23,late
23814,14,0,0.4984592529895547,0.44094018697509163,23,late
23815,15,0,0.1739147240552918,0.49782724632470593,23,late
23816,16,0,0.30091031515753786,0.6442730878826671,23,late
23817,17,0,0.781912904603216,0.51317915817594,23,late
23818,18,0,0.49958701512067216,0.6218305946638616,23,late
23819,19,0,0.95092372445192,0.31271181143618204,23,late
23820,20,0,0.4999510972015626,1.2447693749532234,23,late
23821,21,0,0.49190030386530137,0.41720763983298714,23,late
23822,22,0,0.4985881970738309,1.1023777763210645,23,late
23823,23,0,0.9410420739430918,0.648649749563794,23,late
23824,24,0,0.4631748253722863,0.606970829707955,23,late
23825,25,0,0.3176725005682454,0.6891284506514677,23,late
23826,26,0,0.5021954375799179,0.5447164349950879,23,late
23827,27,0,0.12957923033677893,0.7192806568645016,23,late
23828,28,0,0.4999819501613242,0.8149777661296007,23,late
23829,29,0,0.0012763804598474337,0.9704888171560382,23,late
23830,30,0,0.40800074542398085,0.3852416242507106,23,late
23831,31,0,0.5830575332215461,0.4228510238817215,23,late
23832,32,0,0.4076899840057188,0.566359860815064,23,late
23833,33,0,0.5321107119037519,0.6684469502528365,23,late
23834,34,0,0.4723131794789418,0.7710107443558765,23,late
23835,35,0,0.8226016022918201,0.6394438385119677,23,late
23836,36,0,0.49982946103602005,1.3072748772781368,23,late
23837,37,0,0.5588614384574704,0.9522144979939569,23,late
23838,38,0,0.46220432034469056,0.7178652536677247,23,late
23839,39,0,0.1285677090069568,1.0203801257192113,23,late
23840,40,0,0.3003726835722631,0.8734602739730067,23,late
23841,41,0,0.9927927520890478,0.934520537282147,23,late
23842,42,0,0.39620405850969115,0.4552813068011298,23,late
23843,43,0,0.7062833100755397,0.3427713954985883,23,late
23844,44,0,0.5075174816783979,0.551310340423357,23,late
23845,45,0,0.5042418506656352,0.8415573299157979,23,late
23846,46,0,0.6936493131128983,0.8674259123203782,23,late
23847,47,0,0.08431541050180467,1.0674461075493396,23,late
23848,48,0,0.5051017498082877,0.6112436101403962,23,late
23849,49,0,0.0009215992339488591,1.5400645526589518,23,late
23850,50,0,0.49999391045998215,0.7885529948309755,23,late
23851,51,0,0.21256561876926813,0.573006730276779,23,late
23852,52,0,0.500334102055329,0.8005939694641133,23,late
23853,53,0,8.305583989867545e-06,1.4044812250044831,23,late
23854,54,0,0.1447573859613405,0.9413120508645073,23,late
23855,55,0,0.39636383814362197,0.5024684430472249,23,late
23856,56,0,0.5000285826022004,0.9986674654681702,23,late
23857,57,0,0.992821219938242,1.3164367935727164,23,late
23858,58,0,0.787941404371925,0.8923734307257003,23,late
23859,59,0,0.9990537079748106,0.7131447069454235,23,late
23860,60,0,0.4222676314937034,0.8962725513393823,23,late
23861,61,0,0.9999494092396845,0.8238055804501715,23,late
23862,62,0,0.6977174504800598,0.3990435569129035,23,late
23863,63,0,0.479787633411319,0.5174710208000373,23,late
23864,64,0,0.5592288543258712,0.8860891079340795,23,late
23865,65,0,0.0015302791755931304,0.9205941429601348,23,late
23866,66,0,0.5862486885323175,0.7249493012601107,23,late
23867,67,0,0.10022937902368234,0.6950689824319158,23,late
23868,68,0,0.744182321087375,0.6483304182247308,23,late
23869,69,0,0.9382821881866497,0.6221983590687681,23,late
23870,70,0,0.5408100356446474,0.5680431110243725,23,late
23871,71,0,0.40225825713380825,0.669878309264157,23,late
23872,72,0,0.5000014192121992,0.885584117126172,23,late
23873,73,0,0.5382823311638103,0.4785591862015246,23,late
23874,74,0,0.5620840318361573,0.6003608746386793,23,late
23875,75,0,0.4818186069768076,0.397037767329079,23,late
23876,76,0,0.5101850127856615,0.6410704262293369,23,late
23877,77,0,0.9850659126027455,0.7798558872027002,23,late
23878,78,0,0.552022657602171,0.6922054874684516,23,late
23879,79,0,0.0074261408957867914,0.754823568837244,23,late
23880,80,0,0.5001226382284051,0.9600663995553688,23,late
23881,81,0,0.5663852314823627,0.5483073809405866,23,late
23882,82,0,0.624286514874847,0.7746571906365347,23,late
23883,83,0,0.12334612826150186,1.048500862563962,23,late
23884,84,0,0.9225382844468442,0.6262715499832783,23,late
23885,85,0,0.446590952914043,0.9879879019129368,23,late
23886,86,0,0.2587250521351876,0.9681155123116012,23,late
23887,87,0,0.7323455383360373,0.7265778061808195,23,late
23888,88,0,0.7557271868190538,0.4105751448855123,23,late
23889,89,0,0.9550059388046503,0.5819631987260403,23,late
23890,90,0,0.9545014556686631,0.532935571892216,23,late
23891,91,0,0.9933096375812012,0.47977226432713227,23,late
23892,92,0,0.4174683262588859,0.7828527013818734,23,late
23893,93,0,0.9874753332426351,0.5495898274172919,23,late
23894,94,0,0.8054531372383131,0.5305215517361861,23,late
23895,95,0,0.9365238579971193,0.49273708613803724,23,late
23896,96,0,0.9414852679086929,0.5254209652053113,23,late
23897,97,0,0.9626073256674894,0.5348966648466654,23,late
23898,98,0,0.5217346120747869,0.7453074218107135,23,late
23899,99,0,0.5791945515809456,0.7070387623056004,23,late
23900,100,0,0.5591784779463884,0.4725404071225112,23,late
23901,101,0,0.6894872732592161,0.6480000860566917,23,late
23902,102,0,0.5117501202397645,0.6497199564849856,23,late
23903,103,0,0.8086475244323561,0.6063416752296593,23,late
23904,104,0,0.569614258773906,0.46086374344421344,23,late
23905,105,0,0.9901158161974326,0.5980252567392695,23,late
23906,106,0,0.8143389762065754,0.7362068935296093,23,late
23907,107,0,0.5003177431956429,0.714879882425999,23,late
23908,108,0,0.9950347209443046,0.5596434589432453,23,late
23909,109,0,0.5055814731341532,0.8910692639704567,23,late
23910,110,0,0.5009750851732603,0.6665388681113129,23,late
23911,111,0,0.9625588133790549,0.5321751013560907,23,late
23912,112,0,0.49299595835608745,0.6656045266342574,23,late
23913,113,0,0.9882713224915107,0.5690322867038523,23,late
23914,114,0,0.5003035802845386,0.9956245478451495,23,late
23915,115,0,0.6240605563068041,0.748082598800088,23,late
23916,116,0,0.8705939810662661,0.7310841785617668,23,late
23917,117,0,0.9447498652082886,1.2590034476239622,23,late
23918,118,0,0.6901060607064634,0.5579881765020264,23,late
23919,119,0,0.9277577202563161,0.6852518479955618,23,late
23920,120,0,0.4994130932344597,0.8910520096156442,23,late
23921,121,0,0.38384620260831837,1.1891653033684513,23,late
23922,122,0,0.7836783715913079,0.4476739195559387,23,late
23923,123,0,0.8776608906521364,0.5149499701561546,23,late
23924,124,0,0.5444361608943884,0.7992172581801535,23,late
23925,125,0,0.8424426161105983,0.431770447867961,23,late
23926,126,0,0.48158785723420583,0.4885760664698971,23,late
23927,127,0,0.10350574682248884,0.8343011637902248,23,late
23928,128,0,0.004069879461731764,0.7905063393980858,23,late
23929,129,0,0.6404882645471075,0.6519595414492556,23,late
23930,130,0,0.4827519962667096,0.6578595460186172,23,late
23931,131,0,0.6247654428573075,0.49356932226707817,23,late
23932,132,0,0.13377571754490594,0.7913212592209016,23,late
23933,133,0,0.9999865425709971,0.6657846399545422,23,late
23934,134,0,0.9998859345482101,0.4368227600335716,23,late
23935,135,0,0.9889313432493364,0.4309875523680283,23,late
23936,136,0,0.10207273453831678,0.7054596738998824,23,late
23937,137,0,0.7792766143535361,0.5224858677311303,23,late
23938,138,0,0.008095413445146363,0.9683169904484394,23,late
23939,139,0,0.7673470729273306,0.614365667879313,23,late
23940,140,0,0.996661520634829,0.4479136104872354,23,late
23941,141,0,0.9999999931666961,1.3346376457342735,23,late
23942,142,0,0.002429136248619697,0.8344000203713449,23,late
23943,143,0,0.8969925248342392,0.6902433302192578,23,late
23944,144,0,0.9999998019006814,0.9725008296145798,23,late
23945,145,0,0.06267403657434503,0.857664104086401,23,late
23946,146,0,0.8208521748907571,0.7327958235970905,23,late
23947,147,0,0.9999473906796092,0.6214868033723979,23,late
23948,148,0,0.9999332377915888,0.530402338426261,23,late
23949,149,0,0.4163412203806953,0.4883377483335475,23,late
23950,150,0,0.29650393068646064,0.8230240023348991,23,late
23951,151,0,0.6206835444303337,0.5372250029053138,23,late
23952,152,0,0.9989530695810267,0.8141437792885999,23,late
23953,153,0,0.9981545292395002,0.48735036447189795,23,late
23954,154,0,0.334643434686507,0.5296548912404644,23,late
23955,155,0,0.237894043282938,0.5210177167185037,23,late
23956,156,0,0.19676036977075612,0.5777456624356068,23,late
23957,157,0,0.0002627370844256893,1.1374798517694709,23,late
23958,158,0,0.9999729955913262,0.49815857443645195,23,late
23959,159,0,0.9995658127780014,0.9575602764329877,23,late
23960,160,0,0.3901591889144773,0.7505518401025166,23,late
23961,161,0,0.4999376012316336,1.1237259384915501,23,late
23962,162,0,0.8621590953523519,0.5210904551126517,23,late
23963,163,0,0.8262341217675808,0.5217246813958706,23,late
23964,164,0,0.2747609608408911,0.6433289072778817,23,late
23965,165,0,0.1373591569437346,0.6102909806565155,23,late
23966,166,0,0.41131094751439895,0.8029509850824179,23,late
23967,167,0,0.42865403714806966,0.4492771207034441,23,late
23968,168,0,0.11196264806714609,0.7490301688899954,23,late
23969,169,0,0.07886773142480415,0.678147255478293,23,late
23970,170,0,0.9883497112989832,0.5153228408735246,23,late
23971,171,0,0.9991891175804157,0.5311745983531189,23,late
23972,172,0,0.492427470162965,0.6155210797102229,23,late
23973,173,0,0.7112262638305267,0.5616667535297514,23,late
23974,174,0,0.0007645359828589551,0.7692106204508053,23,late
23975,175,0,0.45310201412096734,0.6436378877580307,23,late
23976,176,0,0.8084337586569056,0.7920642691382886,23,late
23977,177,0,0.4828308961103652,0.7718536248546417,23,late
23978,178,0,0.5680667197787937,0.5922524915568641,23,late
23979,179,0,0.8255861631842716,0.5114922657507917,23,late
23980,180,0,0.9524002550095227,0.4498104714476496,23,late
23981,181,0,0.5023599503746542,0.8505532134249221,23,late
23982,182,0,0.45821560288106433,0.619837286625155,23,late
23983,183,0,0.9619919174820482,0.631936058729039,23,late
23984,184,0,0.9615421665351154,0.46081429722507117,23,late
23985,185,0,0.5002456720058525,0.6071897736015304,23,late
23986,186,0,0.5216055796934939,0.348864411428518,23,late
23987,187,0,0.8661704414749201,0.6458297349888473,23,late
23988,188,0,0.9113187903250568,0.6888365913845692,23,late
23989,189,0,0.5290300108618159,0.6610094373864092,23,late
23990,190,0,0.852957822501271,0.5882300599659207,23,late
23991,191,0,0.7360098246562563,0.6633069816389043,23,late
23992,192,0,0.0002517807258953749,0.8581516792344996,23,late
23993,193,0,0.012933338525421837,0.722980744909578,23,late
23994,194,0,0.4755781883638429,0.5485992171519551,23,late
23995,195,0,0.6672779817860106,1.0435297729073063,23,late
23996,196,0,0.9700909734842817,0.5606111779732013,23,late
23997,197,0,0.8567438359466976,0.5375335758103474,23,late
23998,198,0,0.5217524031625806,0.6285008965965978,23,late
23999,199,0,0.8350055288206422,1.0734757432120743,23,late
24000,0,0,0.13544665541728215,0.8813028525163855,24,interleaved
24001,1,0,0.3043467876638034,0.48208859329047393,24,interleaved
24002,2,0,0.587089661888064,0.7219288763274851,24,interleaved
24003,3,0,0.29611818728622497,0.6475669317668392,24,interleaved
24004,4,0,0.8010879062590885,0.6099403609100791,24,interleaved
24005,5,0,0.20501935403370838,0.9675993541855863,24,interleaved
24006,6,0,0.48475762855197874,0.7455687563555842,24,interleaved
24007,7,0,0.5485492495685841,0.583666015425688,24,interleaved
24008,8,0,0.6794600490265319,0.6932938500293544,24,interleaved
24009,9,0,0.5170891973557363,0.4903190411338415,24,interleaved
24010,10,0,0.8076365923420978,0.43095096274683076,24,interleaved
24011,11,0,0.2754636521020232,0.7214399905440907,24,interleaved
24012,12,0,0.5011831815629122,0.7379364203155665,24,interleaved
24013,13,0,0.49943356066465244,0.6618766517643445,24,interleaved
24014,14,0,0.5386110941804496,0.6276219605885205,24,interleaved
24015,15,0,0.5041851486105328,0.5394672909249654,24,interleaved
24016,16,0,0.8693589590656312,0.4701178709539285,24,interleaved
24017,17,0,0.4660608270857727,0.5228475560015388,24,interleaved
24018,18,0,0.23206821779160786,0.7533021992344151,24,interleaved
24019,19,0,0.5031401702706869,0.73095273895747,24,interleaved
24020,20,0,0.49741070618555056,0.6363700740452567,24,interleaved
24021,21,0,0.5012809440764625,0.7663999157220084,24,interleaved
24022,22,0,0.5038207498334201,0.8032201201583038,24,interleaved
24023,23,0,0.45638633056597355,0.7525675935296599,24,interleaved
24024,24,0,0.9367845770684198,0.5371188440528893,24,interleaved
24025,25,0,0.26054376785984584,0.7161117421478398,24,interleaved
24026,26,0,0.4867145201479025,0.6176533603345079,24,interleaved
24027,27,0,0.7962144864971399,0.34786907523443766,24,interleaved
24028,28,0,0.9595935930690986,0.7599015113155531,24,interleaved
24029,29,0,0.8828076312764536,0.7230526610543703,24,interleaved
24030,30,0,0.7258269748393076,0.7628145781012331,24,interleaved
24031,31,0,0.019289775592021358,0.8268043100287206,24,interleaved
24032,32,0,0.5042215174198705,0.7722982885848546,24,interleaved
24033,33,0,0.5183467013798443,0.7948362641195859,24,interleaved
24034,34,0,0.499664518084166,0.9612815638383827,24,interleaved
24035,35,0,0.34275605020822214,0.705772682862578,24,interleaved
24036,36,0,0.5197319277522806,0.6499698751118448,24,interleaved
24037,37,0,0.4677260041431015,0.7437321648914181,24,interleaved
24038,38,0,0.1275415411461887,0.9453813083550617,24,interleaved
24039,39,0,0.5407542228356974,0.6156642689072368,24,interleaved
24040,40,0,0.4981467953216681,0.5675441069603095,24,interleaved
24041,41,0,0.6713393756337529,0.4798114183511879,24,interleaved
24042,42,0,0.5042501984657247,0.6469272340459742,24,interleaved
24043,43,0,0.4694961360350516,1.00601783586728,24,interleaved
24044,44,0,0.49698467399708307,0.6093100581718196,24,interleaved
24045,45,0,0.23829835330783866,0.6141099324731489,24,interleaved
24046,46,0,0.06664684207244222,0.8528130897689319,24,interleaved
24047,47,0,0.01457412176259084,0.7949627356763556,24,interleaved
24048,48,0,0.27391099347259446,0.6453047305161473,24,interleaved
24049,49,0,0.8326207546751712,0.5916597683086025,24,interleaved
24050,50,0,0.49992445607493646,0.7844942265220307,24,interleaved
24051,51,0,0.34101935267168115,1.0238828018082708,24,interleaved
24052,52,0,0.49998250496117164,0.9642042458512964,24,interleaved
24053,53,0,0.010129506171765234,0.9417519582749011,24,interleaved
24054,54,0,0.4225778180779672,0.6549081250261062,24,interleaved
24055,55,0,0.5127733538300848,0.5304156435983847,24,interleaved
24056,56,0,0.05286271683920259,0.5158524275613388,24,interleaved
24057,57,0,0.9509286522177001,0.38897531309911226,24,interleaved
24058,58,0,0.8483372152080269,0.4733107096039683,24,interleaved
24059,59,0,0.0004951377184204766,0.9373820248249829,24,interleaved
24060,60,0,0.5026063588738234,0.5660583767213748,24,interleaved
24061,61,0,0.02778361250536808,0.6794992677911491,24,interleaved
24062,62,0,0.5021617175051523,0.6913790972054767,24,interleaved
24063,63,0,0.1932322036844187,0.8237112039484884,24,interleaved
24064,64,0,0.48313646223629886,0.5872307081425506,24,interleaved
24065,65,0,0.9184966261313798,0.6529413546065018,24,interleaved
24066,66,0,0.5813763558390175,0.577127564131837,24,interleaved
24067,67,0,0.3026902354210137,0.5711297747348705,24,interleaved
24068,68,0,0.10242585896009301,0.9161808006349168,24,interleaved
24069,69,0,0.9902977873217471,0.6837563328121937,24,interleaved
24070,70,0,0.04712236329261859,0.6153240373635227,24,interleaved
24071,71,0,0.4982226403943563,0.4899101808269786,24,interleaved
24072,72,0,0.6457536747868431,0.6446775786400889,24,interleaved
24073,73,0,0.47183729920290635,0.8539233185610947,24,interleaved
24074,74,0,0.06245539545788954,0.6150517430750504,24,interleaved
24075,75,0,0.7108708190130574,0.5611095961171483,24,interleaved
24076,76,0,0.39671859525296366,0.4080069253803472,24,interleaved
24077,77,0,0.14690771601922628,0.6224908641320375,24,interleaved
24078,78,0,0.035207064436866456,0.8264924550113586,24,interleaved
24079,79,0,0.5198943053389807,0.4446229542114122,24,interleaved
24080,80,0,0.5445673882155692,1.0718032413611054,24,interleaved
24081,81,0,0.13699210523834882,0.7008302936735722,24,interleaved
24082,82,0,0.4394128906627263,0.8140913410717472,24,interleaved
24083,83,0,0.3310197461887133,0.7998625777419008,24,interleaved
24084,84,0,0.4103005617366659,0.7857145731268738,24,interleaved
24085,85,0,0.9295935309656387,0.4919884758671299,24,interleaved
24086,86,0,0.6425567484298884,0.5802930433708615,24,interleaved
24087,87,0,0.5400453273398423,0.5344443364613316,24,interleaved
24088,88,0,0.7232529271938146,0.779875082118141,24,interleaved
24089,89,0,0.8230178424569685,0.36330182453083143,24,interleaved
24090,90,0,0.4224777502525631,0.5069115160243238,24,interleaved
24091,91,0,0.47490282820030255,0.9330208435887797,24,interleaved
24092,92,0,0.053253723350305995,0.6577821718446377,24,interleaved
24093,93,0,0.4876932584487584,0.8752868611912388,24,interleaved
24094,94,0,0.5068612109671573,0.7039355302541326,24,interleaved
24095,95,0,0.8620811326652903,0.5528916323466626,24,interleaved
24096,96,0,0.4197925324937649,0.7003899922044559,24,interleaved
24097,97,0,0.46393535516376955,0.5569878609214965,24,interleaved
24098,98,0,0.3480044538388268,0.7693649834561744,24,interleaved
24099,99,0,0.4743674429663825,0.7339775272049993,24,interleaved
24100,100,0,0.522553882567669,0.5945037107843736,24,interleaved
24101,101,0,0.40750233197627284,0.7148963155081991,24,interleaved
24102,102,0,0.5321004985951635,0.7485890652295762,24,interleaved
24103,103,0,0.7155758718628236,0.6861926311092353,24,interleaved
24104,104,0,0.3501893745999987,0.5270836555021222,24,interleaved
24105,105,0,0.4769230626090683,0.893956573364154,24,interleaved
24106,106,0,0.4940869661081381,0.8456380079809354,24,interleaved
24107,107,0,0.565495776303007,0.6286212965041404,24,interleaved
24108,108,0,0.5075697206487598,0.5340865608929308,24,interleaved
24109,109,0,0.5208477135770256,0.4869453677542229,24,interleaved
24110,110,0,0.32114681176848014,0.5808914417010842,24,interleaved
24111,111,0,0.1626277100705681,0.9143328752917939,24,interleaved
24112,112,0,0.521975332435581,0.5273214000469978,24,interleaved
24113,113,0,0.49234984663805226,0.6172939039554315,24,interleaved
24114,114,0,0.9321039456797066,0.7978818035117012,24,interleaved
24115,115,0,0.6460699708807469,0.6843801625656416,24,interleaved
24116,116,0,0.2427348422186042,0.47386419922174294,24,interleaved
24117,117,0,0.04717062586561269,0.6272481228913382,24,interleaved
24118,118,0,0.6759313815455523,0.7595148856557605,24,interleaved
24119,119,0,0.8991544778123515,0.48592156502171585,24,interleaved
24120,120,0,0.08636782521571343,0.5794120640072957,24,interleaved
24121,121,0,0.6817535555530463,0.42657430197351903,24,interleaved
24122,122,0,0.49996388227025684,0.5058013757399542,24,interleaved
24123,123,0,0.5342775197391505,0.27663961400521964,24,interleaved
24124,124,0,0.45147001934098546,0.5211062233408673,24,interleaved
24125,125,0,0.45289597373044277,0.6344818536061684,24,interleaved
24126,126,0,0.5068257499427498,0.6182727771279273,24,interleaved
24127,127,0,0.5222674821106317,0.6696182212319377,24,interleaved
24128,128,0,0.4799537346713311,0.6761132546821236,24,interleaved
24129,129,0,0.6372769217111712,0.5491395539448534,24,interleaved
24130,130,0,0.6053449601159335,0.7135022087107916,24,interleaved
24131,131,0,0.02351412251964371,0.9573044704595082,24,interleaved
24132,132,0,0.8920387842240304,0.7702695988232939,24,interleaved
24133,133,0,0.7984490645257647,0.3828650039416972,24,interleaved
24134,134,0,0.6441316595177083,0.3405392468888704,24,interleaved
24135,135,0,0.6205258541871528,0.3419924392914383,24,interleaved
24136,136,0,0.004685593323844423,0.8786959209096301,24,interleaved
24137,137,0,0.5054328944050283,0.8393664740069791,24,interleaved
24138,138,0,0.5141686439082381,0.5299616529995383,24,interleaved
24139,139,0,0.27670781166314373,0.6990838495065252,24,interleaved
24140,140,0,0.5172539654781073,0.4330186153526117,24,interleaved
24141,141,0,0.4923900834757299,0.8809626320992685,24,interleaved
24142,142,0,0.4956148930820903,0.8427843643845068,24,interleaved
24143,143,0,0.5936284733401225,0.816342454414432,24,interleaved
24144,144,0,0.48069489240983887,0.9055355868007651,24,interleaved
24145,145,0,0.4910423451852339,0.6454028992055505,24,interleaved
24146,146,0,0.5827272776755066,0.6073093338227367,24,interleaved
24147,147,0,0.44740041347646986,0.4494009196976435,24,interleaved
24148,148,0,0.2095056996263161,0.6030056210442671,24,interleaved
24149,149,0,0.9436682307788747,0.5514699801471348,24,interleaved
24150,150,0,0.5332215084459746,0.6583710741741354,24,interleaved
24151,151,0,0.8844797638581369,0.38061995918642766,24,interleaved
24152,152,0,0.5144349847517801,0.4955349224887815,24,interleaved
24153,153,0,0.6929547819169231,0.37262933177929786,24,interleaved
24154,154,0,0.7607430904504318,0.49291121317532627,24,interleaved
24155,155,0,0.839473025480803,0.36945669548354587,24,interleaved
24156,156,0,0.4775868329091103,0.9008942045471162,24,interleaved
24157,157,0,0.49974077706360553,0.824258144854553,24,interleaved
24158,158,0,0.8967559688918693,0.5566671770665004,24,interleaved
24159,159,0,0.7344642357583298,0.6205578735046315,24,interleaved
24160,160,0,0.9785681774719683,0.5008854440997191,24,interleaved
24161,161,0,0.36578292918060146,0.7528380721716723,24,interleaved
24162,162,0,0.9996826956393019,0.5479569758549638,24,interleaved
24163,163,0,0.1771821483901343,0.686357877493782,24,interleaved
24164,164,0,0.4239706825419685,0.8444200922936728,24,interleaved
24165,165,0,0.718560803415095,0.7882250461297976,24,interleaved
24166,166,0,0.5053309278118006,1.0334847267825453,24,interleaved
24167,167,0,0.3589605258848967,0.5538866722291201,24,interleaved
24168,168,0,0.09087649556539228,0.519126614202674,24,interleaved
24169,169,0,0.1499708860146394,0.5680407343139315,24,interleaved
24170,170,0,0.5309641877837932,0.461547778300195,24,interleaved
24171,171,0,0.4324753244322109,0.37207231934813145,24,interleaved
24172,172,0,0.27716497216253444,0.5167400414556131,24,interleaved
24173,173,0,0.9090738092760341,0.4394764931423786,24,interleaved
24174,174,0,0.5038837065003456,0.653265920851871,24,interleaved
24175,175,0,0.8087958017300259,0.6698470416822582,24,interleaved
24176,176,0,0.7896503383771662,0.4350167782231271,24,interleaved
24177,177,0,0.713165666826828,0.3529458193281326,24,interleaved
24178,178,0,0.24603849782937753,0.5160724040314539,24,interleaved
24179,179,0,0.9989541152984983,0.6652865892640141,24,interleaved
24180,180,0,0.020953967834921018,0.8523618810015051,24,interleaved
24181,181,0,0.8171484216664784,0.4855265487078066,24,interleaved
24182,182,0,0.5030574705693109,0.6081355726350794,24,interleaved
24183,183,0,0.854971570821998,0.5168713638490752,24,interleaved
24184,184,0,0.9594763046928958,0.4633763389684801,24,interleaved
24185,185,0,0.9659752005527665,0.3517331564689229,24,interleaved
24186,186,0,0.09062046367993909,0.5662028550635785,24,interleaved
24187,187,0,0.3485634241699343,0.7311557355472049,24,interleaved
24188,188,0,0.3644270158987612,0.5555053722705704,24,interleaved
24189,189,0,0.5369584984911181,1.1133047431519598,24,interleaved
24190,190,0,0.5019592220442632,0.6598731627278508,24,interleaved
24191,191,0,0.1480273525832625,0.9853708803863326,24,interleaved
24192,192,0,0.38702636940836993,0.7321413442270845,24,interleaved
24193,193,0,0.542485198635478,0.6223058972104621,24,interleaved
24194,194,0,0.9067975150750116,0.63643345857607,24,interleaved
24195,195,0,0.6372084464868972,0.6049095988478488,24,interleaved
24196,196,0,0.8499723359824134,0.5980691327284746,24,interleaved
24197,197,0,0.12472977658876536,0.6622249987224427,24,interleaved
24198,198,0,0.6310015437626522,0.5311256353861893,24,interleaved
24199,199,0,0.6011871460030558,0.6259074454628446,24,interleaved
24200,0,0,0.9557722490188445,0.8010677872002174,24,blocked
24201,1,0,0.44771624634282414,0.5292681625470793,24,blocked
24202,2,0,0.3992714071167805,0.4983230924077231,24,blocked
24203,3,0,0.8885183858430393,0.6801033119490503,24,blocked
24204,4,0,0.9644145077104678,0.5009389593403224,24,blocked
24205,5,0,0.37688184211832443,0.9458406495220542,24,blocked
24206,6,0,0.02970979103115511,0.768262059348575,24,blocked
24207,7,0,0.41110873554627303,0.49620876834767613,24,blocked
24208,8,0,0.9253614537896677,0.549540733555989,24,blocked
24209,9,0,0.17713112505347836,0.7587437491305618,24,blocked
24210,10,0,0.5741982331328966,1.0139040106960449,24,blocked
24211,11,0,0.985666841378971,0.729831308989259,24,blocked
24212,12,0,0.8824489824251389,0.6992944012951026,24,blocked
24213,13,0,0.7930954920110616,0.6146377113990906,24,blocked
24214,14,0,0.9191445567218304,0.43556169912111486,24,blocked
24215,15,0,0.9618648443224893,0.4900109868429108,24,blocked
24216,16,0,0.9937848533077671,0.9914717810905778,24,blocked
24217,17,0,0.5754686998387004,0.8950473148432927,24,blocked
24218,18,0,0.7756183447399665,0.400030243698713,24,blocked
24219,19,0,0.9763909874457232,0.7667355507875097,24,blocked
24220,20,0,0.6355306159657318,0.7222657817439171,24,blocked
24221,21,0,0.9499763661971428,1.0608863478805506,24,blocked
24222,22,0,0.4814420506149579,0.8907118276180278,24,blocked
24223,23,0,0.9996474165876863,0.7254646433292766,24,blocked
24224,24,0,0.5559946547912699,0.7918571531707833,24,blocked
24225,25,0,0.9973393670782249,0.8525635516999585,24,blocked
24226,26,0,0.5571407136150133,0.6438377679474894,24,blocked
24227,27,0,0.99829090816771,0.661442082689273,24,blocked
24228,28,0,0.9999235343224784,1.2308082938483775,24,blocked
24229,29,0,0.5651712866055082,0.6614579230069761,24,blocked
24230,30,0,0.5386817459297004,0.8771001787581174,24,blocked
24231,31,0,0.8473431079974709,0.6063834887331061,24,blocked
24232,32,0,0.9999882418623602,0.8083354833333595,24,blocked
24233,33,0,0.9990369195800233,0.7014199309206468,24,blocked
24234,34,0,0.9067068084186793,0.6780864502321955,24,blocked
24235,35,0,0.4766948683816856,0.626048153133868,24,blocked
24236,36,0,0.8797868167654637,0.9493560396595804,24,blocked
24237,37,0,0.5115790434818253,0.7347895320571316,24,blocked
24238,38,0,0.5059854404716485,0.6235105286098022,24,blocked
24239,39,0,0.9972993593394822,0.7380713700288473,24,blocked
24240,40,0,0.5572855337554106,0.596132279649134,24,blocked
24241,41,0,0.08528121513233865,0.5720710602720537,24,blocked
24242,42,0,0.02257890320800627,0.7303283409400663,24,blocked
24243,43,0,0.3316406927568108,0.6543639435857296,24,blocked
24244,44,0,0.5736336232511408,0.8600182415658597,24,blocked
24245,45,0,0.7124928583487475,0.699228397911803,24,blocked
24246,46,0,0.059724253972302896,0.6714643609967631,24,blocked
24247,47,0,0.31995690903239765,0.8774858837337032,24,blocked
24248,48,0,0.241121237765117,0.6437442493174055,24,blocked
24249,49,0,0.9229892522553225,0.5743682593138845,24,blocked
24250,50,0,0.7267438929120391,0.41899031093096717,24,blocked
24251,51,0,0.11915813975686669,0.6388876095859022,24,blocked
24252,52,0,0.5019435074229422,0.7310287849977064,24,blocked
24253,53,0,0.8261822979546505,0.8596626181180238,24,blocked
24254,54,0,0.5418822748817076,0.7011172811996544,24,blocked
24255,55,0,0.8990296256405605,0.596834491506429,24,blocked
24256,56,0,0.9931931986074973,0.623519721743075,24,blocked
24257,57,0,0.5606539174949484,0.6026266616016541,24,blocked
24258,58,0,0.3293502302848103,0.7567987515499319,24,blocked
24259,59,0,0.6353714071283609,0.575991249423816,24,blocked
24260,60,0,0.8829291579378282,0.29396185020298937,24,blocked
24261,61,0,0.9576644029244419,0.3363228866354805,24,blocked
24262,62,0,0.7934775993405947,0.5745465987646087,24,blocked
24263,63,0,0.280163947885637,0.6357117494661061,24,blocked
24264,64,0,0.8354293324701279,0.7096565315682365,24,blocked
24265,65,0,0.5541471030311391,0.9554061379041785,24,blocked
24266,66,0,0.979309098510891,0.4892541422388046,24,blocked
24267,67,0,0.8595759404749035,0.29155671628277346,24,blocked
24268,68,0,0.8584238349518758,0.6022137111189708,24,blocked
24269,69,0,0.7985008647854623,0.4703923087777188,24,blocked
24270,70,0,0.9158699552487553,0.44321915650331806,24,blocked
24271,71,0,0.5034109090190256,0.7292983270271913,24,blocked
24272,72,0,0.5158184597334807,0.6877758486517686,24,blocked
24273,73,0,0.8328543421507043,0.49058686438789817,24,blocked
24274,74,0,0.5985888221600039,0.4706131587742135,24,blocked
24275,75,0,0.8636588948034946,0.6496021809010101,24,blocked
24276,76,0,0.5032938914740092,0.6591755456934003,24,blocked
24277,77,0,0.6250223891167401,0.383358625257449,24,blocked
24278,78,0,0.6122922675038087,0.5917833726291801,24,blocked
24279,79,0,0.9928084368857637,0.294299922704123,24,blocked
24280,80,0,0.49007377720794126,0.6695492734803272,24,blocked
24281,81,0,0.3965446349685272,0.7675859928013714,24,blocked
24282,82,0,0.999948734034193,0.9300875213919098,24,blocked
24283,83,0,0.13425738742778393,0.6725699917505639,24,blocked
24284,84,0,0.9740445566081293,0.6634886322423165,24,blocked
24285,85,0,0.9846774321739662,0.27671134195875446,24,blocked
24286,86,0,0.007271231667355481,0.5771733204062801,24,blocked
24287,87,0,0.9457684002542754,0.4427005020388497,24,blocked
24288,88,0,0.6115794410020535,0.5348023262339935,24,blocked
24289,89,0,0.8034201453872585,0.3538764180524981,24,blocked
24290,90,0,0.07395188800288349,0.4724875245097532,24,blocked
24291,91,0,0.5009037521600691,0.6812825626051295,24,blocked
24292,92,0,0.01004384907833064,0.814784256146809,24,blocked
24293,93,0,0.9717584175016248,0.6302605051923393,24,blocked
24294,94,0,0.931687131294282,0.5040379976290665,24,blocked
24295,95,0,0.9143250142884378,0.5740106756447356,24,blocked
24296,96,0,0.9482939613569737,0.3875767301884787,24,blocked
24297,97,0,0.6751731674776118,0.46822229245846747,24,blocked
24298,98,0,0.19935713200482316,0.5574961018689705,24,blocked
24299,99,0,0.22870123844550422,0.38364647766975013,24,blocked
24300,100,0,0.5098017066683542,0.41500833633716505,24,blocked
24301,101,0,0.9524924537941812,0.4839873383733548,24,blocked
24302,102,0,0.9769069693616008,0.49861186574825056,24,blocked
24303,103,0,0.9502408945270222,0.4066686216947497,24,blocked
24304,104,0,0.8696488344773436,0.5265710876254112,24,blocked
24305,105,0,0.8042489200511236,0.6227638916736316,24,blocked
24306,106,0,0.7736529098780006,0.35129206815370706,24,blocked
24307,107,0,0.8327264275109931,0.44431497114944674,24,blocked
24308,108,0,0.9995251956475959,0.7977408199491829,24,blocked
24309,109,0,0.5088454625478299,0.6203163300584198,24,blocked
24310,110,0,0.5026131583418323,0.6425531149402961,24,blocked
24311,111,0,0.9495699799933051,0.7963937767534516,24,blocked
24312,112,0,0.9940686231320914,0.5079147126209096,24,blocked
24313,113,0,0.9768776699517159,0.7827644725127443,24,blocked
24314,114,0,0.5000972822737094,0.9653580590381448,24,blocked
24315,115,0,0.9999926135017774,0.8485355828498691,24,blocked
24316,116,0,0.9074949041289654,0.483517464261929,24,blocked
24317,117,0,0.9997953652676352,0.31988229408843405,24,blocked
24318,118,0,0.9462880131424631,0.5587025208715084,24,blocked
24319,119,0,0.9745165983785309,0.2775653823874551,24,blocked
24320,120,0,0.5010928860149064,0.48466531229118176,24,blocked
24321,121,0,0.24369960418854536,0.41957170830274837,24,blocked
24322,122,0,0.6474326713323452,0.8475573544950892,24,blocked
24323,123,0,0.9106242908302912,0.45987783727921483,24,blocked
24324,124,0,0.9906749534418487,0.7704353130631847,24,blocked
24325,125,0,0.6322539855877507,0.6369064882864164,24,blocked
24326,126,0,0.49890433937554524,0.6097506064180935,24,blocked
24327,127,0,0.35933154930437816,0.607418231305072,24,blocked
24328,128,0,0.9906642809664333,0.4459274989213351,24,blocked
24329,129,0,0.19912394787248194,0.4835806155589636,24,blocked
24330,130,0,0.5302748286968432,0.5061151038746221,24,blocked
24331,131,0,0.22151140664583835,0.6599327402183681,24,blocked
24332,132,0,0.962378925160281,0.44034808593657015,24,blocked
24333,133,0,0.48134200539138877,0.6560362297702054,24,blocked
24334,134,0,0.9973969620996423,0.47888379389397384,24,blocked
24335,135,0,0.9915079463216139,0.5645209947075083,24,blocked
24336,136,0,0.49045236392944175,0.6308913024671304,24,blocked
24337,137,0,0.9921957637161865,0.566550545003341,24,blocked
24338,138,0,0.9844828236978587,0.3611716589568272,24,blocked
24339,139,0,0.9884954285022308,0.7135767647857305,24,blocked
24340,140,0,0.9343531424544749,0.4048376049515512,24,blocked
24341,141,0,0.6995964837362432,0.4736124648163347,24,blocked
24342,142,0,0.4881196711244694,0.4060284217621931,24,blocked
24343,143,0,0.6943810309612691,0.5743271548574135,24,blocked
24344,144,0,0.724244543089211,0.7819063211584315,24,blocked
24345,145,0,0.5988263902830354,0.5115873493390825,24,blocked
24346,146,0,0.9655195243205987,0.4651847898417978,24,blocked
24347,147,0,0.7480073534097343,0.4607228615245754,24,blocked
24348,148,0,0.7595107041324624,0.7936997960542513,24,blocked
24349,149,0,0.9633279350180146,0.5711349898968274,24,blocked
24350,150,0,0.9936857573367182,0.5186407965828683,24,blocked
24351,151,0,0.5464929431657762,0.5600121193430551,24,blocked
24352,152,0,0.9830732199002895,0.3892195000589971,24,blocked
24353,153,0,0.6313628797567514,0.6537987347101141,24,blocked
24354,154,0,0.9971732618950919,0.4486362024185844,24,blocked
24355,155,0,0.2956157896846162,0.585968552363902,24,blocked
24356,156,0,0.9779247283076562,0.4566044568755253,24,blocked
24357,157,0,0.9905637197636451,0.30812315777866883,24,blocked
24358,158,0,0.509139235300143,0.5833180226452784,24,blocked
24359,159,0,0.9991134306713998,0.7661498021260368,24,blocked
24360,160,0,0.9533643056923871,0.5585465130072241,24,blocked
24361,161,0,0.982348766815062,0.42460801284859073,24,blocked
24362,162,0,0.5203025931234805,0.7585582358104497,24,blocked
24363,163,0,0.9988165577118245,0.3859612875950664,24,blocked
24364,164,0,0.9979377286352507,0.5879385749597155,24,blocked
24365,165,0,0.7920011281370123,0.4609350774314327,24,blocked
24366,166,0,0.5067000653691522,0.6715171073124484,24,blocked
24367,167,0,0.02149093614339429,0.7893079343829905,24,blocked
24368,168,0,0.5496324298086452,0.5586873934423918,24,blocked
24369,169,0,0.7394814310860535,0.6445438997162151,24,blocked
24370,170,0,0.945605569570851,0.4729312874084889,24,blocked
24371,171,0,0.5376592377238684,0.5290851022940278,24,blocked
24372,172,0,0.30747167025275146,0.5829090113585844,24,blocked
24373,173,0,0.49009917901339456,0.763506325905367,24,blocked
24374,174,0,0.952047653782885,0.9712739916220932,24,blocked
24375,175,0,0.9325387007366241,0.6874092900110405,24,blocked
24376,176,0,0.9206570518398299,0.44986145358846097,24,blocked
24377,177,0,0.9803791099479191,0.37482627503532806,24,blocked
24378,178,0,0.9913456712192517,0.8275870348476582,24,blocked
24379,179,0,0.6429990407800585,0.421467811261388,24,blocked
24380,180,0,0.5662121189446734,0.7792812584788632,24,blocked
24381,181,0,0.5657333521503694,0.4812745767991533,24,blocked
24382,182,0,0.006687616683699161,0.7417613773159002,24,blocked
24383,183,0,0.9927544758325051,0.4755624884087182,24,blocked
24384,184,0,0.9950794711357513,0.6242309531641997,24,blocked
24385,185,0,0.7248452368400236,0.6904668380898583,24,blocked
24386,186,0,0.8952863405821865,0.4487385388356741,24,blocked
24387,187,0,0.4558837801287231,0.7539040261449179,24,blocked
24388,188,0,0.8088032816236105,0.5408477770499104,24,blocked
24389,189,0,0.00486083299630718,0.7326312580363763,24,blocked
24390,190,0,0.48086643494004266,0.5873904729196129,24,blocked
24391,191,0,0.9118994100957818,0.2992294405024229,24,blocked
24392,192,0,0.9212082756434181,0.3092284559144808,24,blocked
24393,193,0,0.9457322782814344,0.37086873574431156,24,blocked
24394,194,0,0.5372990260146272,0.6170989405986347,24,blocked
24395,195,0,0.8895782524925255,0.35752458061650666,24,blocked
24396,196,0,0.8816353303651419,0.34196430861153065,24,blocked
24397,197,0,0.8780840529113629,0.5119170786960865,24,blocked
24398,198,0,0.9909718660754723,0.6077988418071544,24,blocked
24399,199,0,0.9903046012333678,0.511404452052866,24,blocked
24400,0,0,0.44313306577821004,0.842331149806818,24,early
24401,1,0,0.011465826167729263,0.7300039769190407,24,early
24402,2,0,0.016058117392635365,0.5085758355041076,24,early
24403,3,0,0.16621581330220359,0.4662307178280794,24,early
24404,4,0,0.13191827945850804,0.7355340874301881,24,early
24405,5,0,0.9856025325416411,0.4443453634347023,24,early
24406,6,0,0.9871697924217512,0.40466594463243166,24,early
24407,7,0,0.039645622673850966,0.7027670552951654,24,early
24408,8,0,0.9868094196298832,0.6710874796288557,24,early
24409,9,0,0.40852219506331106,0.9178523757442182,24,early
24410,10,0,0.1250151066561896,0.7621797974291409,24,early
24411,11,0,0.03710165247572087,0.7265690574264035,24,early
24412,12,0,0.48386158189097833,0.4933566591392376,24,early
24413,13,0,0.05239589398201338,0.8274087272772603,24,early
24414,14,0,0.9974544857019996,1.014713821382957,24,early
24415,15,0,0.9257926496222882,0.3892812013077527,24,early
24416,16,0,0.18074115252977097,0.614301397305689,24,early
24417,17,0,0.9359961056416314,0.5778914707818573,24,early
24418,18,0,0.6595633441342229,0.5883312289710108,24,early
24419,19,0,0.17601824581625683,0.804561017762081,24,early
24420,20,0,0.0019213242143868948,0.9447539828444215,24,early
24421,21,0,0.989511218626908,0.5938592611967759,24,early
24422,22,0,0.35458513151507814,0.752838533067452,24,early
24423,23,0,0.32518330088015146,0.4913216187474776,24,early
24424,24,0,0.022252384744274524,0.7879982758972247,24,early
24425,25,0,0.8379992943628765,0.5440384338206937,24,early
24426,26,0,0.025505900197204386,0.5493180251049159,24,early
24427,27,0,0.0025329721926771903,0.9133951826225238,24,early
24428,28,0,0.49987505713268765,1.1463784271043078,24,early
24429,29,0,0.5068536130950408,0.7496377880084906,24,early
24430,30,0,0.4447281280253746,0.7672798512594615,24,early
24431,31,0,0.9626030326176895,0.6473054539256673,24,early
24432,32,0,0.9943727257998218,0.3001431546019302,24,early
24433,33,0,0.9929301825297514,0.4346483231531959,24,early
24434,34,0,0.8276097544303671,0.42881071210086646,24,early
24435,35,0,0.8458225192607451,0.43130780012998093,24,early
24436,36,0,0.998713547622686,0.42272154773340037,24,early
24437,37,0,0.8217121221996602,0.6333447079033163,24,early
24438,38,0,0.0031384231564675694,1.0300394771069354,24,early
24439,39,0,0.003895052182479085,1.0125627820455918,24,early
24440,40,0,0.5982577825947202,0.7086845722483409,24,early
24441,41,0,0.25726951849846386,0.8475808834288054,24,early
24442,42,0,0.7433092462066248,0.559674843108463,24,early
24443,43,0,0.941214896416809,0.7577903697936292,24,early
24444,44,0,0.37897249917964587,0.7650668682946302,24,early
24445,45,0,0.43162984630709555,0.49230313972981077,24,early
24446,46,0,0.08061274925998262,0.776327747098638,24,early
24447,47,0,0.9995467576158821,0.6807647535877674,24,early
24448,48,0,0.6373406073387393,0.5841299900151145,24,early
24449,49,0,0.500109076873705,0.9343024235404125,24,early
24450,50,0,0.4816502811751069,0.8226303755691734,24,early
24451,51,0,0.979295873598067,0.9821421489274536,24,early
24452,52,0,0.49895165937223995,0.9420512585480988,24,early
24453,53,0,0.39191202796426583,0.7380415975644989,24,early
24454,54,0,0.9665988204646005,0.5401151542434717,24,early
24455,55,0,0.7150489568392162,0.5592075385276403,24,early
24456,56,0,0.9349982410804276,0.6664870721813803,24,early
24457,57,0,0.9844054015615296,0.822191049395672,24,early
24458,58,0,0.4508315421395214,0.7020035135946292,24,early
24459,59,0,0.9952985667089329,0.5638585741244774,24,early
24460,60,0,0.5632577265702281,0.6361219795988549,24,early
24461,61,0,0.5649367475766246,0.49150435338554377,24,early
24462,62,0,0.8174195905852697,0.5262644245141208,24,early
24463,63,0,0.2731956934696416,0.6637319479023276,24,early
24464,64,0,0.8695925959437723,0.42246028484943465,24,early
24465,65,0,0.13625020157060988,0.7554222245729649,24,early
24466,66,0,0.5933778589382832,0.9138149918612237,24,early
24467,67,0,0.5131320700071151,0.7228165045045014,24,early
24468,68,0,0.9869476772351695,0.5394821577855151,24,early
24469,69,0,0.22296853028358385,0.7349800991355855,24,early
24470,70,0,0.5188487153202443,0.6915966910887333,24,early
24471,71,0,0.3100326145752429,1.1941310550697577,24,early
24472,72,0,0.8838415600374082,0.900732398659319,24,early
24473,73,0,0.968407111632108,0.576294521584162,24,early
24474,74,0,0.9488653779230175,0.4803683363932265,24,early
24475,75,0,0.5008357521803523,0.7068348933575561,24,early
24476,76,0,0.993482213258435,0.6032797368587701,24,early
24477,77,0,0.9924611257190636,0.7249426650264907,24,early
24478,78,0,0.6731200404643023,0.7136289917208196,24,early
24479,79,0,0.5147006778176186,0.7174648558390408,24,early
24480,80,0,0.18418718111374693,1.1426039670152728,24,early
24481,81,0,0.5004777390142086,0.9651668503050614,24,early
24482,82,0,0.2214067429851444,0.5736025765869903,24,early
24483,83,0,0.8823941879200683,0.6474421170606536,24,early
24484,84,0,0.9998964328998328,0.6883799716862968,24,early
24485,85,0,0.8710631614076156,0.4123309609492794,24,early
24486,86,0,0.004184808737062705,1.3348618265782626,24,early
24487,87,0,0.9105192135530195,0.793284086308192,24,early
24488,88,0,0.5837300562946426,0.7307613602769493,24,early
24489,89,0,0.7020035922743738,0.6779150336725721,24,early
24490,90,0,0.3746571227613885,0.6621632948383569,24,early
24491,91,0,0.5203417943016493,0.6995232104109479,24,early
24492,92,0,0.7154716392265164,0.5255426101731828,24,early
24493,93,0,0.9569397638663226,0.5179173104648385,24,early
24494,94,0,0.47625772001743033,0.613782011797739,24,early
24495,95,0,0.5050251011853579,0.6239902258720486,24,early
24496,96,0,0.9993085663088184,0.7510895273939349,24,early
24497,97,0,0.4676807005044872,1.044888761191506,24,early
24498,98,0,0.5031126846294642,0.35186000604013035,24,early
24499,99,0,0.7541544648481732,0.5146569426425243,24,early
24500,100,0,0.08166189975884745,0.5434266301077105,24,early
24501,101,0,0.5000034069978558,0.7697960423693733,24,early
24502,102,0,0.1827170594645251,0.6356001539009386,24,early
24503,103,0,0.3155631939704749,0.5241458305761901,24,early
24504,104,0,0.5999938886296988,0.5272400063976728,24,early
24505,105,0,0.8211545538770408,0.6504849157154495,24,early
24506,106,0,0.4953514268510096,0.6685935882856612,24,early
24507,107,0,0.9315663384249895,0.4530253241581825,24,early
24508,108,0,0.000538795298954759,1.1554456560863167,24,early
24509,109,0,0.46455907750237485,0.7537909360855002,24,early
24510,110,0,0.0004952452117899302,0.9737220115263672,24,early
24511,111,0,0.5002596087246359,0.6048599710864856,24,early
24512,112,0,0.0024047186324225828,1.132841378686511,24,early
24513,113,0,0.5039423543002073,0.6566175260102424,24,early
24514,114,0,0.8601547065319555,0.9023794976648863,24,early
24515,115,0,0.8960176465556486,0.9183302346601534,24,early
24516,116,0,0.3981491988402106,0.871971230866682,24,early
24517,117,0,0.5227880671661111,0.785941995468739,24,early
24518,118,0,0.5006200789629689,1.048760798849967,24,early
24519,119,0,0.5996559949174504,0.7062479804314249,24,early
24520,120,0,0.0075700997936798435,1.077688556360715,24,early
24521,121,0,0.6570021092962298,0.5639829172064222,24,early
24522,122,0,0.6614218715867618,0.8148503498702808,24,early
24523,123,0,0.48248276300679854,0.8320710145073618,24,early
24524,124,0,0.6305263101777034,0.8219717074457038,24,early
24525,125,0,0.3318170142206783,0.6108104166736938,24,early
24526,126,0,0.4795920976343402,0.8276362742987071,24,early
24527,127,0,0.675285837000947,0.6575493813102518,24,early
24528,128,0,0.0002872381674301227,1.22867619630622,24,early
24529,129,0,0.5349841469644421,0.8222289749813834,24,early
24530,130,0,0.16854192749817318,0.7922770278503584,24,early
24531,131,0,0.5004019903183171,0.6767604464782495,24,early
24532,132,0,0.0520584141795978,0.6856447996970298,24,early
24533,133,0,0.5002194552172782,0.5213228551319208,24,early
24534,134,0,0.9476959836322818,0.4957035227646038,24,early
24535,135,0,0.41888999004094446,0.36371848264064455,24,early
24536,136,0,0.4309843169194679,0.6938005362138635,24,early
24537,137,0,0.9873190204203474,0.6002149165764532,24,early
24538,138,0,0.9145437839034036,0.36505081616567947,24,early
24539,139,0,0.6516680922945101,0.6488618563701019,24,early
24540,140,0,0.018251571300770084,0.7646031749394009,24,early
24541,141,0,0.991132068664871,0.6886677597756357,24,early
24542,142,0,0.033031191652592606,0.7243762365040687,24,early
24543,143,0,0.5843110122644666,0.39558424807496684,24,early
24544,144,0,0.1361481237180544,0.7943565721916148,24,early
24545,145,0,0.4533180158607098,0.810141648386479,24,early
24546,146,0,0.0028065960856494035,0.9750523318594567,24,early
24547,147,0,0.8310692142790324,0.5894252775114905,24,early
24548,148,0,0.336073117608818,0.6345798588204807,24,early
24549,149,0,0.632042074260354,0.5693100136868257,24,early
24550,150,0,0.011403557656719798,0.9796910946681029,24,early
24551,151,0,0.9899192412956777,0.3349597981502575,24,early
24552,152,0,0.9402368688909525,0.6722367228373441,24,early
24553,153,0,0.8779022247209727,0.5254018577529556,24,early
24554,154,0,0.9990188988795308,0.7705352387593623,24,early
24555,155,0,0.538566597382995,0.4255288315639896,24,early
24556,156,0,0.4920306637147282,0.7328216458299444,24,early
24557,157,0,0.5088903136990311,0.8551852626687315,24,early
24558,158,0,0.05274071134253033,1.252277895988587,24,early
24559,159,0,0.5990519599014077,0.4744572362146632,24,early
24560,160,0,0.5080612907465042,0.7212623965901273,24,early
24561,161,0,0.9960947746494111,0.4299457953273336,24,early
24562,162,0,0.7891984779894368,0.47548556563465066,24,early
24563,163,0,0.5044559518336648,0.7063398962897376,24,early
24564,164,0,0.07128347880137041,0.6611060559984464,24,early
24565,165,0,0.9997413039638356,0.5652324955183379,24,early
24566,166,0,0.9999683142654295,0.9198808852700334,24,early
24567,167,0,0.16508142754356236,0.38938640411115366,24,early
24568,168,0,0.998924997039726,0.38413097749715414,24,early
24569,169,0,0.9916318523534937,0.504259413331687,24,early
24570,170,0,0.7436989090255984,0.5562885828230721,24,early
24571,171,0,0.2207986125693338,0.5055547497115271,24,early
24572,172,0,0.5373882135228086,0.5936414938944564,24,early
24573,173,0,0.40685578967122893,0.5144008690703442,24,early
24574,174,0,0.9851085595768871,0.43845445048768594,24,early
24575,175,0,0.4665296213997576,0.8331867486987131,24,early
24576,176,0,0.519544293945617,0.9300174475372575,24,early
24577,177,0,0.7394758953227661,0.909445929646309,24,early
24578,178,0,0.9971217266788798,0.3831399775927655,24,early
24579,179,0,0.3655774943953269,0.9035432810640687,24,early
24580,180,0,0.0031455340226028,1.0392748672105254,24,early
24581,181,0,0.9080202642590138,0.4112048365726444,24,early
24582,182,0,0.4633002389066606,0.4849514355411919,24,early
24583,183,0,0.44203548324029684,0.6383551121640609,24,early
24584,184,0,0.4107151218671153,0.6374155453208256,24,early
24585,185,0,0.987686621666711,0.48255382841065875,24,early
24586,186,0,0.49948694188905535,0.6948568139946765,24,early
24587,187,0,0.4998981956419898,0.8265156675762257,24,early
24588,188,0,0.49947673890314276,0.7597353797831773,24,early
24589,189,0,0.4788386992385026,0.5234034543615741,24,early
24590,190,0,0.9982465182082476,0.4394002459841408,24,early
24591,191,0,1.8044041642401206e-05,1.0988964837834683,24,early
24592,192,0,0.6212082264093743,0.4837309523899189,24,early
24593,193,0,0.7722849831570652,0.573889861381785,24,early
24594,194,0,0.7425686336089591,0.5496134536770891,24,early
24595,195,0,0.7688937448660218,0.6000597038316229,24,early
24596,196,0,0.33493430538259256,0.6411945381032189,24,early
24597,197,0,0.7525299035580967,0.5189490904606973,24,early
24598,198,0,0.9947083241027419,0.5309531023632186,24,early
24599,199,0,0.2811479239060394,0.44568153319759196,24,early
24600,0,0,0.01615776274000289,0.7378621716595587,24,middle
24601,1,0,0.6850749021259197,0.8459381122842557,24,middle
24602,2,0,0.47320749602421264,0.565740020393986,24,middle
24603,3,0,0.5151392418036462,0.6948434918319546,24,middle
24604,4,0,0.5237713361190143,0.6387263051237427,24,middle
24605,5,0,0.12104076741315509,0.5726430135363226,24,middle
24606,6,0,0.9000405859774488,0.5923269756748881,24,middle
24607,7,0,0.4419374646940065,1.0635003551303872,24,middle
24608,8,0,0.2434285326282805,0.543247563472014,24,middle
24609,9,0,0.8796172154585723,0.5691070443788444,24,middle
24610,10,0,0.3354427351217481,0.6386796092737473,24,middle
24611,11,0,0.4551299425572032,0.7510772099647303,24,middle
24612,12,0,0.6439967012038996,0.6066633340256269,24,middle
24613,13,0,0.4387775630188228,0.4404936666696605,24,middle
24614,14,0,0.6032005593260283,0.47951411618466905,24,middle
24615,15,0,0.14041640094724334,0.7190320372574728,24,middle
24616,16,0,0.6210069423426774,0.8244887366720445,24,middle
24617,17,0,0.7524665206687813,0.4283248277745071,24,middle
24618,18,0,0.7241904270592883,0.5138035493359021,24,middle
24619,19,0,0.9561997357964477,0.5099564697014168,24,middle
24620,20,0,0.6747055660669496,0.6539394833272788,24,middle
24621,21,0,0.8349415397093587,0.6005242340105343,24,middle
24622,22,0,0.7957996456407245,0.5688158032068197,24,middle
24623,23,0,0.41082183896398244,0.7449038083748984,24,middle
24624,24,0,0.874116837702934,0.7299975654376941,24,middle
24625,25,0,0.06468248767805002,0.8391104565996418,24,middle
24626,26,0,0.6152675425220218,0.6152462702459348,24,middle
24627,27,0,0.41367627867579126,0.5827553315180571,24,middle
24628,28,0,0.6659334313163995,0.657672780387653,24,middle
24629,29,0,0.05463515354414593,0.9217115725595217,24,middle
24630,30,0,0.43058571944592605,0.7937647333770974,24,middle
24631,31,0,0.017075388616111076,0.9313548169366203,24,middle
24632,32,0,0.48713191937716466,0.799789752963247,24,middle
24633,33,0,0.39899748797238904,0.6720788416129218,24,middle
24634,34,0,0.4997393954965739,0.9328724019228403,24,middle
24635,35,0,0.1407464024269033,0.7706305077429051,24,middle
24636,36,0,0.499041643286535,0.7876538347138549,24,middle
24637,37,0,0.2878667949251979,0.7597773973644196,24,middle
24638,38,0,0.4751570056811989,1.3074803682876612,24,middle
24639,39,0,0.4458062473419727,0.5916138292500761,24,middle
24640,40,0,0.30917121011805626,0.8764172356744004,24,middle
24641,41,0,0.814551861874933,0.6761747587211895,24,middle
24642,42,0,0.8368059701314059,0.5175523074109618,24,middle
24643,43,0,0.4094219522630324,0.6982365191326795,24,middle
24644,44,0,0.82344477776941,1.2045299299801961,24,middle
24645,45,0,0.6981883411060993,0.6475055032686661,24,middle
24646,46,0,0.4771156487610159,0.8195551188602557,24,middle
24647,47,0,0.22636976035016987,0.5556689071717756,24,middle
24648,48,0,0.9477409485866236,0.8562050274706833,24,middle
24649,49,0,0.5043314980083994,0.9194907836851897,24,middle
24650,50,0,0.5242595753187174,0.5551854423777377,24,middle
24651,51,0,0.5047310867894634,0.8264214859321972,24,middle
24652,52,0,0.5063312085096261,0.6469457712963567,24,middle
24653,53,0,0.47721169843084127,0.6490274177502755,24,middle
24654,54,0,0.5338981227929546,0.6098174886387877,24,middle
24655,55,0,0.22148174937195264,0.6110238162974718,24,middle
24656,56,0,0.4992495722667863,0.7655215008988048,24,middle
24657,57,0,0.4777962274408745,0.9667869531298444,24,middle
24658,58,0,0.5370263741979536,0.5450456085227156,24,middle
24659,59,0,0.1419319781715785,0.47373732207659947,24,middle
24660,60,0,0.8298529374647001,0.5473050689752608,24,middle
24661,61,0,0.8757252596250269,0.6578632652567702,24,middle
24662,62,0,0.7849997645113485,0.6449870847046555,24,middle
24663,63,0,0.4962743274787058,1.029346153480976,24,middle
24664,64,0,0.9665691621398447,0.42155389379625885,24,middle
24665,65,0,0.49968439332840303,1.1324791811666983,24,middle
24666,66,0,0.483857019689403,1.0295643047715966,24,middle
24667,67,0,0.9816252638192748,0.5767263466873424,24,middle
24668,68,0,0.6827995040783176,0.8167430003930349,24,middle
24669,69,0,0.5040712078366628,0.9782392951558754,24,middle
24670,70,0,0.4721894325924705,0.6430298955637207,24,middle
24671,71,0,0.822601648546281,0.531597007233458,24,middle
24672,72,0,0.49528852790823386,0.7564136393566401,24,middle
24673,73,0,0.6136274913636799,0.4254558468767878,24,middle
24674,74,0,0.5078020136815208,0.6145451334715113,24,middle
24675,75,0,0.7910608231859374,0.6006764257389487,24,middle
24676,76,0,0.5899655587507998,0.6739759059119159,24,middle
24677,77,0,0.499035355290752,0.7803804676218249,24,middle
24678,78,0,0.49813152746620337,0.8289514392991233,24,middle
24679,79,0,0.9727371979424111,0.49292808859629056,24,middle
24680,80,0,0.6844761198123379,0.6135959343024482,24,middle
24681,81,0,0.6364406762936157,0.5206048183525935,24,middle
24682,82,0,0.5063693629387291,0.7571971501381451,24,middle
24683,83,0,0.22727892070453837,0.7781386899125755,24,middle
24684,84,0,0.7637657216916126,0.7607767806918335,24,middle
24685,85,0,0.9930038454845524,0.7646827764634838,24,middle
24686,86,0,0.6399546549998103,0.5746584796969513,24,middle
24687,87,0,0.019707776386256672,1.2489204970311623,24,middle
24688,88,0,0.979952817808089,0.8929816434494189,24,middle
24689,89,0,0.5232387863416272,0.737032294270447,24,middle
24690,90,0,0.2924191594937153,0.7124376009209299,24,middle
24691,91,0,0.9920272380576896,0.8176905916231441,24,middle
24692,92,0,0.9416668535973189,0.6009264507765539,24,middle
24693,93,0,0.5266872408223283,0.7236466123263324,24,middle
24694,94,0,0.8961795293615556,0.7236364180676028,24,middle
24695,95,0,0.3248937403549969,0.6045960140930435,24,middle
24696,96,0,0.671150837542695,0.8641516535812799,24,middle
24697,97,0,0.9073002470248661,0.5117978309911586,24,middle
24698,98,0,0.9687320307515268,0.5858806139053407,24,middle
24699,99,0,0.754423388087122,0.8986607142312789,24,middle
24700,100,0,0.8578195274235587,0.4727150237602017,24,middle
24701,101,0,0.6863825000732369,0.4606002263843039,24,middle
24702,102,0,0.8736558294858683,0.6359739651944586,24,middle
24703,103,0,0.47790587703550724,0.5757877070669215,24,middle
24704,104,0,0.43248327937940506,0.5312273722822689,24,middle
24705,105,0,0.9745293567298285,0.40803363496295086,24,middle
24706,106,0,0.7339888196167479,0.4912342512985474,24,middle
24707,107,0,0.6298884162267202,0.6737623235990323,24,middle
24708,108,0,0.295246774399402,0.659351891770144,24,middle
24709,109,0,0.7230676366755988,0.6895729918191126,24,middle
24710,110,0,0.35122579824206684,0.7568857896190722,24,middle
24711,111,0,0.3895582184687096,0.7009582761932471,24,middle
24712,112,0,0.9718070833722564,0.40493424426784624,24,middle
24713,113,0,0.6871334471472212,0.3745309734000123,24,middle
24714,114,0,0.043847518723525825,0.7973020041625158,24,middle
24715,115,0,0.3529958851125837,0.6857975476603602,24,middle
24716,116,0,0.6967958670080074,0.4879192417819282,24,middle
24717,117,0,0.6885716984779259,0.6152699918020937,24,middle
24718,118,0,0.9983324539758639,0.4315096509369268,24,middle
24719,119,0,0.003542124208241528,0.8851327486765483,24,middle
24720,120,0,0.5314871421253915,0.5151969543994112,24,middle
24721,121,0,0.9842218855492038,0.706344611004794,24,middle
24722,122,0,0.4776748626857669,0.846474074836268,24,middle
24723,123,0,0.533881105942811,0.5103645054183664,24,middle
24724,124,0,0.18087003614119096,0.5065266703821776,24,middle
24725,125,0,0.28743483441943907,0.6435494813347908,24,middle
24726,126,0,0.9773925922263367,0.6796381685588212,24,middle
24727,127,0,0.8391143148303006,0.39852052496550616,24,middle
24728,128,0,0.5936142137281198,0.5351873034253809,24,middle
24729,129,0,0.23491628258107222,0.5006223682616963,24,middle
24730,130,0,0.5083169517613968,0.5229150163430153,24,middle
24731,131,0,0.7134302348032664,0.6237345529825988,24,middle
24732,132,0,0.8985939309905233,0.5981889016073783,24,middle
24733,133,0,0.36089665208048,0.6345208434748322,24,middle
24734,134,0,0.4951461662622884,0.6434950817010034,24,middle
24735,135,0,0.29710451717656966,0.6625335913535104,24,middle
24736,136,0,0.2732966455507021,0.43766603094503986,24,middle
24737,137,0,0.9631993313091112,0.6954072927735978,24,middle
24738,138,0,0.9416093137492554,0.5471969037720565,24,middle
24739,139,0,0.02871251028415692,0.6477361558438128,24,middle
24740,140,0,0.11172899568488467,0.5767931776742918,24,middle
24741,141,0,0.6191116538244847,0.3837540070736505,24,middle
24742,142,0,0.5965660791263575,0.7762809836591194,24,middle
24743,143,0,0.9080308812536452,0.8349448783811815,24,middle
24744,144,0,0.5915641986688721,0.5364111716513258,24,middle
24745,145,0,0.9561288958571577,0.6128439904108967,24,middle
24746,146,0,0.6035511193151766,0.60562133728913,24,middle
24747,147,0,0.978596851961996,0.5066116695047101,24,middle
24748,148,0,0.6178614030846337,0.3754658952760076,24,middle
24749,149,0,0.5916319362549861,0.4409244448295059,24,middle
24750,150,0,0.4099558555588198,0.644977010187268,24,middle
24751,151,0,0.13534015270351937,0.5783317377593512,24,middle
24752,152,0,0.5782554413150449,0.45286619798861966,24,middle
24753,153,0,0.2163698552259903,0.6936395726488402,24,middle
24754,154,0,0.4914609755216128,0.5149769076227593,24,middle
24755,155,0,0.630353375035611,0.49311322222303894,24,middle
24756,156,0,0.6198547603251893,0.7379553156025433,24,middle
24757,157,0,0.19787089903010632,0.7518155906915076,24,middle
24758,158,0,0.5086178998477497,0.7250221408692163,24,middle
24759,159,0,0.5023089638612257,0.8760320872310312,24,middle
24760,160,0,0.47769292110195255,0.907522704896678,24,middle
24761,161,0,0.32579952955352615,0.7816305951295388,24,middle
24762,162,0,0.4985129756198945,1.0105429699059656,24,middle
24763,163,0,0.62228006679173,0.42494057461749335,24,middle
24764,164,0,0.8507575249378121,0.708156022248493,24,middle
24765,165,0,0.7477158677021465,0.5676335466244044,24,middle
24766,166,0,0.9685418071682566,0.6939215606253082,24,middle
24767,167,0,0.6917601181161026,0.5372926349482255,24,middle
24768,168,0,0.17955531078420667,0.6035472616652864,24,middle
24769,169,0,0.510908321849025,0.5907440372660645,24,middle
24770,170,0,0.9953495928330727,0.5237276356385627,24,middle
24771,171,0,0.0013036181874786982,1.0259635749383391,24,middle
24772,172,0,0.8466558615757789,0.49045681855519657,24,middle
24773,173,0,0.3706680704037921,0.6910487621074225,24,middle
24774,174,0,0.0024471060883372816,0.601213923680942,24,middle
24775,175,0,0.7263768015046438,0.32473945758918743,24,middle
24776,176,0,0.7631162424181825,0.4049809403289039,24,middle
24777,177,0,0.9011928205107291,0.3165804488372296,24,middle
24778,178,0,0.21364629021545375,0.7498334267357643,24,middle
24779,179,0,0.5149027304517205,0.9057183342927029,24,middle
24780,180,0,0.5058592652543531,0.7546570263065222,24,middle
24781,181,0,0.4971780069736405,0.4278569792396848,24,middle
24782,182,0,0.7664579512757703,0.3861512576820716,24,middle
24783,183,0,0.5182593871028689,0.5975179452030969,24,middle
24784,184,0,0.24625113098154888,0.6058170283846638,24,middle
24785,185,0,0.5054931796167678,0.5677847698646303,24,middle
24786,186,0,0.4209181831342516,0.37415178958758927,24,middle
24787,187,0,0.31385655550657354,0.7051307932975435,24,middle
24788,188,0,0.40499416826671186,0.5900304831699933,24,middle
24789,189,0,0.908864875339315,0.4005003090412448,24,middle
24790,190,0,0.12202377906207768,0.8723323561190686,24,middle
24791,191,0,0.9753479489644109,0.569373013638812,24,middle
24792,192,0,0.9239973580809742,0.46716787549125943,24,middle
24793,193,0,0.7826292771065904,0.7162143153442944,24,middle
24794,194,0,0.44632887262106197,0.542593202720925,24,middle
24795,195,0,0.6722244327812004,0.4201873194791641,24,middle
24796,196,0,0.13574571105827699,0.8266374414946677,24,middle
24797,197,0,0.04747544241018191,0.928436658711437,24,middle
24798,198,0,0.4562412445844293,0.598041004716428,24,middle
24799,199,0,0.4393293926089737,0.5834722902493814,24,middle
24800,0,0,0.5461966026183406,0.5470521209289149,24,late
24801,1,0,0.8305405093465792,0.5742652940962294,24,late
24802,2,0,0.20851235056658762,0.7889338413692848,24,late
24803,3,0,0.9730362047647387,0.4633130438759082,24,late
24804,4,0,0.7925189369402754,0.4394374827241649,24,late
24805,5,0,0.8970795998347458,0.3934494156900722,24,late
24806,6,0,0.5237424569346127,0.5090495601725453,24,late
24807,7,0,0.6597674149474335,0.6023752460025894,24,late
24808,8,0,0.4994340023380148,0.784953875804576,24,late
24809,9,0,0.5540299375601637,0.5274208066916027,24,late
24810,10,0,0.9179154570055352,0.5349776023471262,24,late
24811,11,0,0.49780421483995085,0.8830970823908257,24,late
24812,12,0,0.49670562124891393,0.6997403790340709,24,late
24813,13,0,0.7738023111881507,0.5023049523127384,24,late
24814,14,0,0.4497536244422521,0.42959014897738634,24,late
24815,15,0,0.025074418128396808,0.81861936788384,24,late
24816,16,0,0.7154718054154032,0.4906028354316025,24,late
24817,17,0,0.3149042199263605,0.8103853105225165,24,late
24818,18,0,0.49997812215436166,0.8719104899300701,24,late
24819,19,0,0.030204971710077178,0.7544247379923852,24,late
24820,20,0,0.4892346096148728,0.7409050474432537,24,late
24821,21,0,0.8145845058147437,0.663875841358786,24,late
24822,22,0,0.12305502766219059,0.6229581285403492,24,late
24823,23,0,0.09801737092033563,0.6740625319855948,24,late
24824,24,0,0.500032252561627,0.9526871818934273,24,late
24825,25,0,0.9989567746372716,0.9049366436948423,24,late
24826,26,0,0.5055024372635578,0.7335345453879749,24,late
24827,27,0,0.0016628766345257418,0.9486864407858939,24,late
24828,28,0,0.8610567082285928,0.38275137016530814,24,late
24829,29,0,0.24923315251265216,0.7905643141487099,24,late
24830,30,0,0.8676831564344532,0.5596164641865732,24,late
24831,31,0,0.5158806761475321,0.9721123955440424,24,late
24832,32,0,0.24966699458160937,1.0722194192046879,24,late
24833,33,0,0.4407328539770902,0.6664729994269531,24,late
24834,34,0,0.004646029676215253,1.0217273619139915,24,late
24835,35,0,0.025408868213305055,1.192448410415079,24,late
24836,36,0,0.49999530939379694,0.7340706340759039,24,late
24837,37,0,0.9861654886045079,0.42101196939415486,24,late
24838,38,0,0.5006727337579702,0.9976676526400436,24,late
24839,39,0,0.5181673982665155,1.0520427572672695,24,late
24840,40,0,0.6553768521688486,0.660275131023184,24,late
24841,41,0,0.4976146117772445,1.4061510663957184,24,late
24842,42,0,0.025729986859313995,1.1940167435699267,24,late
24843,43,0,0.4774207902618165,1.0559941411060325,24,late
24844,44,0,0.6914620303560495,0.7108413767960486,24,late
24845,45,0,0.019899222426832133,0.8171332658137332,24,late
24846,46,0,0.6309410615471809,0.766434449575716,24,late
24847,47,0,0.26255953886223515,0.952663116413029,24,late
24848,48,0,0.7610133885165036,0.9334845198810182,24,late
24849,49,0,0.8038912282272441,0.6318558509862262,24,late
24850,50,0,0.501675032670076,0.7865251845525807,24,late
24851,51,0,0.004527463714312291,1.0515223359092214,24,late
24852,52,0,0.4482847306279982,0.7022287972594072,24,late
24853,53,0,0.849330677647856,0.5405580853652812,24,late
24854,54,0,0.34913531057845143,0.8484757119246853,24,late
24855,55,0,0.39079129404478846,0.7229417706647812,24,late
24856,56,0,0.5122287197822206,0.7206869492996414,24,late
24857,57,0,0.992224024146102,0.6554796497987017,24,late
24858,58,0,0.9169418995410206,0.7817581093675019,24,late
24859,59,0,0.9349508745445542,0.73802136365192,24,late
24860,60,0,0.7107284074898363,0.6154951774727075,24,late
24861,61,0,0.5726143316205503,0.960713802858475,24,late
24862,62,0,0.4947852085421408,0.7165767211118464,24,late
24863,63,0,0.8154234211107414,0.5193023364486994,24,late
24864,64,0,0.9259809442957141,0.647005223712421,24,late
24865,65,0,0.7230901752806123,0.5767591259214292,24,late
24866,66,0,0.5544867254021715,0.7423281984220522,24,late
24867,67,0,0.9730388128990517,0.5937249769649037,24,late
24868,68,0,0.8279708175977762,0.6732815099410627,24,late
24869,69,0,0.2970845112911711,1.1301575618712407,24,late
24870,70,0,0.9758820918860681,0.5180554121491736,24,late
24871,71,0,0.9918758629448616,0.6112811673787458,24,late
24872,72,0,0.5006066266006846,0.9519861822087337,24,late
24873,73,0,0.9996719160622048,0.8723393889529204,24,late
24874,74,0,0.9866162722158829,0.5026632469901542,24,late
24875,75,0,0.8938583789420613,0.382885753136056,24,late
24876,76,0,0.506361155374425,0.8400891654871381,24,late
24877,77,0,0.9850322541331238,0.557685856814794,24,late
24878,78,0,0.4764609269622878,0.8042004457214225,24,late
24879,79,0,0.48366575114850113,0.7447711904559986,24,late
24880,80,0,0.38325548721456804,0.6819646467280089,24,late
24881,81,0,0.39985665105925977,0.8230783285708705,24,late
24882,82,0,0.16547846537130712,0.8608235764669442,24,late
24883,83,0,0.3607891849408349,0.5582510017335998,24,late
24884,84,0,0.9239857852474113,0.5054557593747413,24,late
24885,85,0,0.993046822892955,0.7334259402854455,24,late
24886,86,0,0.5961421754136382,0.8598450100114899,24,late
24887,87,0,0.02067641518025853,0.7460714674975142,24,late
24888,88,0,0.16378058713403218,0.6886359329075646,24,late
24889,89,0,0.4966038027147112,1.0362706724845676,24,late
24890,90,0,0.5019468736505092,0.8140894898437594,24,late
24891,91,0,0.04003294065626263,0.7400696724766123,24,late
24892,92,0,0.4967082313277313,0.6383009230391472,24,late
24893,93,0,0.5296409715666959,0.7676215564826037,24,late
24894,94,0,0.9996750393088263,0.8540792471025762,24,late
24895,95,0,0.6295195886229027,0.5826412465771871,24,late
24896,96,0,0.26408652731536725,1.0836332838511071,24,late
24897,97,0,0.7997595517102076,0.6841404377002471,24,late
24898,98,0,0.7389429777703924,0.6807859070422757,24,late
24899,99,0,0.49296339685836055,0.5597755743136903,24,late
24900,100,0,0.515064839725852,0.5673131430651169,24,late
24901,101,0,0.7963529378884896,0.5686198678237802,24,late
24902,102,0,0.5723128060168117,0.5519088287842406,24,late
24903,103,0,0.6383549407914556,0.5288311213735759,24,late
24904,104,0,0.486230044617327,0.7052849148725767,24,late
24905,105,0,0.549864364957712,0.71862618706549,24,late
24906,106,0,0.5670578013977154,0.6318879287772764,24,late
24907,107,0,0.5014852115432492,0.8227310489058508,24,late
24908,108,0,0.6529186876115392,0.5029582230137778,24,late
24909,109,0,0.9125377823168791,0.6283525534011066,24,late
24910,110,0,0.5102258421907152,0.49713061674811576,24,late
24911,111,0,0.9915959181335244,0.60516302772159,24,late
24912,112,0,0.5112718378186983,0.6451757831664391,24,late
24913,113,0,0.5258234090466237,0.7204729469197411,24,late
24914,114,0,0.9985207194212464,0.624992747021859,24,late
24915,115,0,0.6201888002598461,0.7114533713827437,24,late
24916,116,0,0.9998353187873474,0.5085897712583867,24,late
24917,117,0,0.50210106775497,0.5353137189579191,24,late
24918,118,0,0.44979549914400185,0.7251864972836629,24,late
24919,119,0,0.9968886907766886,0.7645268128459001,24,late
24920,120,0,0.13924816215908636,0.7709892167272581,24,late
24921,121,0,0.9995837784371602,0.9074621729681934,24,late
24922,122,0,0.007506888839515544,0.5543260753662276,24,late
24923,123,0,0.9567336052039075,0.4492140418242283,24,late
24924,124,0,0.324876188295523,0.8772025897439887,24,late
24925,125,0,0.7857252033103579,0.3980890810381463,24,late
24926,126,0,0.47729526769375397,0.7442549160456468,24,late
24927,127,0,0.00044983380270749483,0.9837862990435,24,late
24928,128,0,0.7518078303703897,0.6240748217893769,24,late
24929,129,0,0.24479925928810728,0.8081738383682113,24,late
24930,130,0,0.9969862236881525,0.5401079433941425,24,late
24931,131,0,0.8491960062312454,0.5266741227161713,24,late
24932,132,0,0.7930422790948095,0.7265353943563402,24,late
24933,133,0,0.9998607186657207,0.8379040470095593,24,late
24934,134,0,0.947090960180183,0.6483234545943983,24,late
24935,135,0,0.8475605164204916,0.5294774200518108,24,late
24936,136,0,0.7510335424106351,0.6641522956037251,24,late
24937,137,0,0.86827826841525,0.4366489742957183,24,late
24938,138,0,0.02096531912260949,0.9048686823307563,24,late
24939,139,0,0.5049404154812316,0.5403837893255757,24,late
24940,140,0,0.9054434137525817,0.8967923444753296,24,late
24941,141,0,0.9925135567030992,0.6944899330736815,24,late
24942,142,0,0.9624161046049926,0.39095289781670195,24,late
24943,143,0,0.9999406723558231,0.7122315070211936,24,late
24944,144,0,0.5536071535157302,0.5559804664918703,24,late
24945,145,0,0.44675258488105224,0.7408433588052795,24,late
24946,146,0,0.8341341852250281,0.8226998097324356,24,late
24947,147,0,0.999961795984726,0.647635993548211,24,late
24948,148,0,0.9986345804119138,0.5441308440773278,24,late
24949,149,0,0.1950106317690713,0.688458977962049,24,late
24950,150,0,0.05242204005703263,0.7935497798462425,24,late
24951,151,0,0.3583252119847902,0.9341811092825183,24,late
24952,152,0,0.9742322501431477,0.6777785755329844,24,late
24953,153,0,0.3617671279308204,0.7735250601049728,24,late
24954,154,0,0.13783023833725094,0.5150556217278489,24,late
24955,155,0,0.9171558526564016,0.3358634760774529,24,late
24956,156,0,0.6265866233898547,0.43531623736455227,24,late
24957,157,0,0.9695132956941067,0.5074861487175154,24,late
24958,158,0,0.08587125793700044,0.8594263295541394,24,late
24959,159,0,0.8769034731323858,0.6676547987200439,24,late
24960,160,0,0.9588328858672007,0.4916443644700387,24,late
24961,161,0,0.8155363044033719,0.5336717356483663,24,late
24962,162,0,0.06820300993790465,0.6822451937429002,24,late
24963,163,0,0.5249529171265628,0.5284380218495841,24,late
24964,164,0,0.6549193158538167,0.8253642746536601,24,late
24965,165,0,0.9703667138076597,0.6351014698345929,24,late
24966,166,0,0.32314172673218344,0.48624937147795855,24,late
24967,167,0,0.9325517759661224,0.41798123196532844,24,late
24968,168,0,0.9974420620589826,0.3484516803983314,24,late
24969,169,0,0.9396245345454868,0.2857920874481601,24,late
24970,170,0,0.4883483388254787,0.42257892651580226,24,late
24971,171,0,0.49991211177523726,0.37388838281615006,24,late
24972,172,0,0.9023848997113788,0.37624835290669817,24,late
24973,173,0,0.7040768712950095,0.6154605936182762,24,late
24974,174,0,0.9978441182390021,0.5071585489838144,24,late
24975,175,0,0.6834027332914341,0.43362454124537053,24,late
24976,176,0,0.9732644390787046,0.28745480117073785,24,late
24977,177,0,0.9974733323177198,0.6081339388208008,24,late
24978,178,0,0.013317718133178238,0.896851298675156,24,late
24979,179,0,0.33491685656542114,0.42783107969746503,24,late
24980,180,0,0.9958029412730203,0.33337543013358006,24,late
24981,181,0,0.9953941537991021,0.42622083479875617,24,late
24982,182,0,0.9958829399488812,0.36701329354546447,24,late
24983,183,0,0.7845934242303132,0.6982556200310193,24,late
24984,184,0,0.9875169939881698,0.8784449462881616,24,late
24985,185,0,0.5001511004299242,0.7332213111047774,24,late
24986,186,0,0.6150566764092265,0.5787787621548498,24,late
24987,187,0,0.49529144718408447,1.1848412011397502,24,late
24988,188,0,0.9885270913296929,0.4618103358825424,24,late
24989,189,0,0.9992204148079074,0.32724994421995035,24,late
24990,190,0,0.3757386558741144,0.5083460792152776,24,late
24991,191,0,0.6438512908812117,0.6572023670362745,24,late
24992,192,0,0.9739290003050833,0.627154023807261,24,late
24993,193,0,0.9990286906525954,0.8046385223219061,24,late
24994,194,0,0.9528397921382181,0.4233923837230329,24,late
24995,195,0,0.13973453896322363,0.7118905604767207,24,late
24996,196,0,0.4805380756607513,0.3827715988549641,24,late
24997,197,0,0.5084518108279098,0.5571174466242435,24,late
24998,198,0,0.5545839699759416,0.552437502920338,24,late
24999,199,0,0.4418460981362552,0.5116391427961904,24,late
25000,0,0,0.6208203694031422,0.49422016292174276,25,interleaved
25001,1,0,0.043013312795077877,0.6141070968903022,25,interleaved
25002,2,0,0.1122361164563357,0.6245751568209956,25,interleaved
25003,3,0,0.2326529951431876,0.7524018533888033,25,interleaved
25004,4,0,0.11992490680041001,0.6587329503433761,25,interleaved
25005,5,0,0.6063776188240166,0.5033474636831147,25,interleaved
25006,6,0,0.8775753622353504,0.3313946079091361,25,interleaved
25007,7,0,0.6951449526772481,0.5000047425408057,25,interleaved
25008,8,0,0.3925581004149773,0.593459905232701,25,interleaved
25009,9,0,0.0636745462158941,0.7076044056445632,25,interleaved
25010,10,0,0.5022707444331299,0.6064646920144631,25,interleaved
25011,11,0,0.021039378730897482,0.9526418258866607,25,interleaved
25012,12,0,0.5378600009137743,0.6454145302642739,25,interleaved
25013,13,0,0.5921564438878452,0.6037102153980043,25,interleaved
25014,14,0,0.8334931066166361,0.5664031141966102,25,interleaved
25015,15,0,0.6983839427795886,0.6252433036845475,25,interleaved
25016,16,0,0.2520880977497834,0.8306791873203168,25,interleaved
25017,17,0,0.08027443439645973,0.5929715306158658,25,interleaved
25018,18,0,0.5229817581813804,0.6070469152707995,25,interleaved
25019,19,0,0.39516779167871025,0.9573239779030982,25,interleaved
25020,20,0,0.5000264471408661,0.7385056356943207,25,interleaved
25021,21,0,0.6827202656982848,0.6439152510237612,25,interleaved
25022,22,0,0.2647014876593792,0.5435781278424303,25,interleaved
25023,23,0,0.3540991715026365,0.6947192163918245,25,interleaved
25024,24,0,0.49944598477661556,0.6240276984197464,25,interleaved
25025,25,0,0.03028372480244039,0.8128392413548453,25,interleaved
25026,26,0,0.4897107773444778,0.6860579149556816,25,interleaved
25027,27,0,0.39768069234788866,0.8993421199345384,25,interleaved
25028,28,0,0.5000119682362234,0.7129787715620076,25,interleaved
25029,29,0,0.6316746246301423,0.776313540392952,25,interleaved
25030,30,0,0.8665870706080746,0.5733928663589032,25,interleaved
25031,31,0,0.897110064256073,0.7673311562495289,25,interleaved
25032,32,0,0.08062339827694136,0.700958101476489,25,interleaved
25033,33,0,0.9671895966327526,0.6303591879156074,25,interleaved
25034,34,0,0.4947125120709901,0.6048437066658425,25,interleaved
25035,35,0,0.7960704744729598,0.5728634866969413,25,interleaved
25036,36,0,0.5009681632145105,0.6530797266359163,25,interleaved
25037,37,0,0.7075260062539266,0.6819340075548361,25,interleaved
25038,38,0,0.5034059263731607,1.0046476500508625,25,interleaved
25039,39,0,0.023826178570092185,0.8350427027849329,25,interleaved
25040,40,0,0.49998396623996916,0.825712305167404,25,interleaved
25041,41,0,0.9726396824168437,0.5915274923498925,25,interleaved
25042,42,0,0.5001097511372384,0.7141123696149922,25,interleaved
25043,43,0,0.867234599593515,0.6519440292200462,25,interleaved
25044,44,0,0.5000623141681388,0.8898040260604998,25,interleaved
25045,45,0,0.0009779868289883696,0.8214767038655857,25,interleaved
25046,46,0,0.8158598427954787,0.5161833715589984,25,interleaved
25047,47,0,0.018052370287044074,0.5945894461919814,25,interleaved
25048,48,0,0.4968191516609279,0.8954084708230251,25,interleaved
25049,49,0,0.9777568532838811,0.7646741208816781,25,interleaved
25050,50,0,0.4937431381690597,0.8801237026435561,25,interleaved
25051,51,0,0.20848033249366116,0.9000913171811553,25,interleaved
25052,52,0,0.7097709745350352,0.945129256098695,25,interleaved
25053,53,0,0.9997816237549444,0.8697299132701097,25,interleaved
25054,54,0,0.5318554362330634,0.8634380899936639,25,interleaved
25055,55,0,0.2613107923726733,0.5921359899048804,25,interleaved
25056,56,0,0.5015084436916396,0.6443603032431722,25,interleaved
25057,57,0,0.36646976319445757,0.6455124422355087,25,interleaved
25058,58,0,0.2697348558832485,0.7262066201696674,25,interleaved
25059,59,0,0.9999951904962995,1.0374912337134805,25,interleaved
25060,60,0,0.4074191614880797,0.644215169571485,25,interleaved
25061,61,0,0.00032645028885169294,1.192633544938042,25,interleaved
25062,62,0,0.5030027299611705,0.6559965592602176,25,interleaved
25063,63,0,0.035755100901930514,0.7195033026184682,25,interleaved
25064,64,0,0.7546701709205594,0.33205018582097734,25,interleaved
25065,65,0,0.9956666482078006,0.6636944117456286,25,interleaved
25066,66,0,0.6894120391246024,0.5820498482181344,25,interleaved
25067,67,0,0.12346948059481985,0.7106428347240761,25,interleaved
25068,68,0,0.584730714892526,0.5961839034514573,25,interleaved
25069,69,0,0.07349815990026132,0.8224339990709678,25,interleaved
25070,70,0,0.5003204606817393,0.7150898456484002,25,interleaved
25071,71,0,0.9877051486106274,0.8983481238289859,25,interleaved
25072,72,0,0.45544261820785625,0.49767847170568846,25,interleaved
25073,73,0,0.9646029440047343,0.5228345703632289,25,interleaved
25074,74,0,0.8834350064571075,0.6758990263192046,25,interleaved
25075,75,0,0.08478716414435765,0.5866459285051631,25,interleaved
25076,76,0,0.5018716156923758,0.6626142522965814,25,interleaved
25077,77,0,0.9899393974950057,0.7293942542103857,25,interleaved
25078,78,0,0.8759858022911576,0.4242027743052934,25,interleaved
25079,79,0,0.08343058088973493,0.9996286087003062,25,interleaved
25080,80,0,0.5000007969640898,1.1602261471333506,25,interleaved
25081,81,0,0.6739840048293928,0.7403484739789021,25,interleaved
25082,82,0,0.570778052661757,0.5632127587915543,25,interleaved
25083,83,0,0.6944123017694541,0.5170439490618346,25,interleaved
25084,84,0,0.9630952002154699,0.5199814601128192,25,interleaved
25085,85,0,0.9808931804236247,0.4217514000794951,25,interleaved
25086,86,0,0.911831505646066,0.35617160816785026,25,interleaved
25087,87,0,0.9926289817821683,0.4603794885530693,25,interleaved
25088,88,0,0.6422841435307228,0.4047757133067663,25,interleaved
25089,89,0,0.9349801142301741,0.41085014280033005,25,interleaved
25090,90,0,0.9824520030776462,0.7076389027099956,25,interleaved
25091,91,0,0.9953100532231927,0.720705313629289,25,interleaved
25092,92,0,0.9224821991209425,0.6216353119554019,25,interleaved
25093,93,0,0.5766172098700597,0.680720394567641,25,interleaved
25094,94,0,0.5000668073114579,0.8708346613858791,25,interleaved
25095,95,0,0.36441343889516564,0.47319526812246404,25,interleaved
25096,96,0,0.44687107613554927,0.43539794170517354,25,interleaved
25097,97,0,0.9992975732444311,0.43484956367522876,25,interleaved
25098,98,0,0.5658361603144625,0.4020820009831291,25,interleaved
25099,99,0,0.4571418247884015,0.5018132721202826,25,interleaved
25100,100,0,0.6113428811117954,0.5725571510086778,25,interleaved
25101,101,0,0.9944898263204666,0.7229955227922109,25,interleaved
25102,102,0,0.5000238098967877,0.9165200139182328,25,interleaved
25103,103,0,0.06113722078480479,0.6201237170062319,25,interleaved
25104,104,0,0.4920196335959365,0.5550914949861996,25,interleaved
25105,105,0,0.9673302679535876,0.7297784891504044,25,interleaved
25106,106,0,0.4602547930056738,0.7669409943740325,25,interleaved
25107,107,0,0.00115845706300773,0.9915507789422902,25,interleaved
25108,108,0,0.5034391802626498,0.4599319860802267,25,interleaved
25109,109,0,0.999989225375584,0.6898985951492183,25,interleaved
25110,110,0,0.9785217599627647,0.6034848785695854,25,interleaved
25111,111,0,0.9981619803484951,0.5360969658108586,25,interleaved
25112,112,0,0.9064422872012934,0.6015248728099728,25,interleaved
25113,113,0,0.7988766992890852,0.5942845038399545,25,interleaved
25114,114,0,0.5536555037715477,0.6331521859423245,25,interleaved
25115,115,0,0.48325415204089456,0.691501863514901,25,interleaved
25116,116,0,0.5037516220131328,0.6578440425315482,25,interleaved
25117,117,0,0.8931488366901197,0.2728092341206675,25,interleaved
25118,118,0,0.635093311146148,0.4866277653299331,25,interleaved
25119,119,0,0.4414407308191449,0.5831393865010523,25,interleaved
25120,120,0,0.5000535106338972,1.0870709680898902,25,interleaved
25121,121,0,0.009184088458755145,0.885444172823424,25,interleaved
25122,122,0,0.9295754969171132,0.2673293340762706,25,interleaved
25123,123,0,0.48162014861360947,0.6126581780702898,25,interleaved
25124,124,0,0.7639481563288735,0.2676668657214589,25,interleaved
25125,125,0,0.7859551139067829,0.8428124470160385,25,interleaved
25126,126,0,0.8552711433841202,0.3157587872056358,25,interleaved
25127,127,0,0.5900128802277957,0.6243995043965044,25,interleaved
25128,128,0,0.976446323238005,0.4164046530505562,25,interleaved
25129,129,0,0.5551144978645342,0.5738390204963092,25,interleaved
25130,130,0,0.5260319751962755,0.7077948194899033,25,interleaved
25131,131,0,0.5543317412086655,0.41209492888037275,25,interleaved
25132,132,0,0.4717226241683093,0.610331139787823,25,interleaved
25133,133,0,0.3951796786347206,0.5157953811721271,25,interleaved
25134,134,0,0.8550043736630809,0.4308155226670364,25,interleaved
25135,135,0,0.9619753440372419,0.5777708923768168,25,interleaved
25136,136,0,0.8514683218344286,0.5603550631892784,25,interleaved
25137,137,0,0.9910723617843571,0.4380626820855581,25,interleaved
25138,138,0,0.5523181733111212,0.5494111792534915,25,interleaved
25139,139,0,0.7971797015937823,0.4464811608697228,25,interleaved
25140,140,0,0.49325024689935787,0.5645079009330061,25,interleaved
25141,141,0,0.9680531181334495,0.40265029537048425,25,interleaved
25142,142,0,0.8008556196012371,0.2284417030905314,25,interleaved
25143,143,0,0.33518884779531843,0.5600147348959293,25,interleaved
25144,144,0,0.6743996606140708,0.6590308897867085,25,interleaved
25145,145,0,0.06870817582709718,0.8316825301867761,25,interleaved
25146,146,0,0.49979911762369955,0.5538072707564365,25,interleaved
25147,147,0,0.6835187882150834,0.5534375827333486,25,interleaved
25148,148,0,0.5037586441316825,0.5658283211854893,25,interleaved
25149,149,0,0.42792956295830853,0.6777541102877054,25,interleaved
25150,150,0,0.5806061551181837,0.3619654268319641,25,interleaved
25151,151,0,0.9951554693427409,0.39656888445401023,25,interleaved
25152,152,0,0.4009804080285651,0.5675326165182173,25,interleaved
25153,153,0,0.9562716380383961,0.4451893583450377,25,interleaved
25154,154,0,0.424188727413547,0.5497615538770271,25,interleaved
25155,155,0,0.2054381774490466,0.6500205363123583,25,interleaved
25156,156,0,0.6483743196009961,0.4966198667024627,25,interleaved
25157,157,0,0.7351926385196937,0.2986408828877426,25,interleaved
25158,158,0,0.4763386161064914,0.39882567258057067,25,interleaved
25159,159,0,0.5334209026087836,0.4894833827155807,25,interleaved
25160,160,0,0.6029858806058055,0.6413794934927148,25,interleaved
25161,161,0,0.729100540785687,0.3922074046576426,25,interleaved
25162,162,0,0.5063177360615074,0.669109046559547,25,interleaved
25163,163,0,0.5370387419017225,0.8213527210361112,25,interleaved
25164,164,0,0.131663718947908,0.4862113039995431,25,interleaved
25165,165,0,0.5824960471424634,0.3611744154885863,25,interleaved
25166,166,0,0.999941749316662,0.6369134959926444,25,interleaved
25167,167,0,0.9921440279991278,0.4911676848182993,25,interleaved
25168,168,0,0.4979508805725147,0.8179694444932457,25,interleaved
25169,169,0,0.46110043460007055,0.4708824011713517,25,interleaved
25170,170,0,0.5006940828635454,0.4619680365827695,25,interleaved
25171,171,0,0.015731505647572704,0.8377221758017166,25,interleaved
25172,172,0,0.9967121585662702,0.5361531277199862,25,interleaved
25173,173,0,0.4180552780329951,0.38129173070886313,25,interleaved
25174,174,0,0.9609204266986376,0.3877010149407158,25,interleaved
25175,175,0,0.9393876973126595,0.3794965777976028,25,interleaved
25176,176,0,0.5548552024509762,0.41480514992294737,25,interleaved
25177,177,0,0.9153358197544588,0.4200698530629286,25,interleaved
25178,178,0,0.9967014854610234,0.7001255480773607,25,interleaved
25179,179,0,0.8686212412996477,0.6137146784308776,25,interleaved
25180,180,0,0.9989822422084003,0.3630524352524172,25,interleaved
25181,181,0,0.9992342612533972,0.21254007168689587,25,interleaved
25182,182,0,0.8094826033549651,0.5050994775138771,25,interleaved
25183,183,0,0.9010468325201537,0.5373378933581994,25,interleaved
25184,184,0,0.8821272620580741,0.5859326817776618,25,interleaved
25185,185,0,0.46577169929541096,0.5336539867602353,25,interleaved
25186,186,0,0.0005050041780419072,1.0585583650186106,25,interleaved
25187,187,0,0.010144727204148071,0.5522899032218906,25,interleaved
25188,188,0,0.8987011952840863,0.5405713582760521,25,interleaved
25189,189,0,0.9744999498761309,0.47997571948325346,25,interleaved
25190,190,0,0.5209787083057615,0.5426815036986106,25,interleaved
25191,191,0,0.9730398080387985,0.39154127811946526,25,interleaved
25192,192,0,0.12072729880897153,0.5930478876695526,25,interleaved
25193,193,0,0.04164793972960357,0.7877630059045426,25,interleaved
25194,194,0,0.8782928729056576,0.42187105361940946,25,interleaved
25195,195,0,0.5166871001537229,0.4952955594995214,25,interleaved
25196,196,0,0.6858824920400219,0.5646549051499092,25,interleaved
25197,197,0,0.02904717063927314,0.8180699375654383,25,interleaved
25198,198,0,0.02145761835906799,0.8614712129650258,25,interleaved
25199,199,0,0.4401843728776426,0.6928032961968261,25,interleaved
25200,0,0,0.2514356066618506,0.6458424854046718,25,blocked
25201,1,0,0.994458544936123,0.5028962533420835,25,blocked
25202,2,0,0.5179901356696012,0.5296560897700392,25,blocked
25203,3,0,0.000987363146725346,0.883922685044781,25,blocked
25204,4,0,0.5235828449138831,0.6546310269759185,25,blocked
25205,5,0,0.0527688840299581,0.9126637861609436,25,blocked
25206,6,0,0.996147121785387,0.5349982859848468,25,blocked
25207,7,0,0.7310398405837331,0.5209645591046861,25,blocked
25208,8,0,0.003158633830933035,0.8184494091901909,25,blocked
25209,9,0,0.2790313057269891,0.5694457989472426,25,blocked
25210,10,0,0.4999671616813504,0.7950218578164392,25,blocked
25211,11,0,0.5048202830355898,0.7012186899610856,25,blocked
25212,12,0,0.616448015838793,0.651854554755293,25,blocked
25213,13,0,0.9870218079011832,0.37909930734592495,25,blocked
25214,14,0,0.4812993532603451,0.7774908934162114,25,blocked
25215,15,0,0.8605149389363418,0.5456735843983611,25,blocked
25216,16,0,0.47817992663782566,0.9182120693105758,25,blocked
25217,17,0,0.9793605736789077,0.395468486569153,25,blocked
25218,18,0,0.6760266854871717,0.5715195144788787,25,blocked
25219,19,0,0.008488721739335816,0.9560974017189408,25,blocked
25220,20,0,0.9999121626480579,0.9035015079951391,25,blocked
25221,21,0,0.5338422991839056,0.5552074574966308,25,blocked
25222,22,0,0.994804816385648,0.4426053572095287,25,blocked
25223,23,0,0.034356694285724305,0.7664362950500907,25,blocked
25224,24,0,0.5156459878877458,0.665851960974339,25,blocked
25225,25,0,0.9999648690519973,0.7253946119828478,25,blocked
25226,26,0,0.9535931882376125,0.45280342327377465,25,blocked
25227,27,0,0.9763922308725927,0.6331135221094017,25,blocked
25228,28,0,0.9892876253556309,0.3159256074168072,25,blocked
25229,29,0,0.9986662800772655,0.3965886460070739,25,blocked
25230,30,0,0.9996963017069566,0.5544778715380082,25,blocked
25231,31,0,0.115783394519898,0.5190329073373434,25,blocked
25232,32,0,0.766446055596449,0.47948067460600124,25,blocked
25233,33,0,0.5501411760009012,0.8421576187605777,25,blocked
25234,34,0,0.7118006838999136,0.893821341276247,25,blocked
25235,35,0,0.22681239454577762,0.5236027144154635,25,blocked
25236,36,0,0.5673292257381363,0.6387618820871728,25,blocked
25237,37,0,0.047240917027539645,0.5851501167661473,25,blocked
25238,38,0,0.9237875757480036,0.4423795156803719,25,blocked
25239,39,0,0.9368426466370174,0.75171072851625,25,blocked
25240,40,0,0.00026159052455353984,1.0875534630075,25,blocked
25241,41,0,0.10505446772065535,1.0343576662262448,25,blocked
25242,42,0,0.3861380468594933,0.8125470513923296,25,blocked
25243,43,0,0.7690220634618503,0.5985144949313496,25,blocked
25244,44,0,0.026795912851736606,0.7624296083673556,25,blocked
25245,45,0,0.34303932438772844,0.6343939283210402,25,blocked
25246,46,0,0.02903661479039795,0.687583035869322,25,blocked
25247,47,0,0.48876479025893943,1.0297615780755003,25,blocked
25248,48,0,0.9285204607898787,0.5452174295348097,25,blocked
25249,49,0,0.9275836033914799,0.5408231705057857,25,blocked
25250,50,0,0.9972027013888694,0.8800584693341962,25,blocked
25251,51,0,0.5419346064955367,0.6070641134307337,25,blocked
25252,52,0,0.4801735834457395,0.5606147857786608,25,blocked
25253,53,0,0.045372223127787936,1.0050695024115035,25,blocked
25254,54,0,0.35045272317597664,0.9414744441905816,25,blocked
25255,55,0,0.9942927879145126,0.398142182489994,25,blocked
25256,56,0,0.9816817533804956,0.49935815667487504,25,blocked
25257,57,0,0.9948584829732734,0.6012159510474608,25,blocked
25258,58,0,0.14588682213550613,0.8936176872704902,25,blocked
25259,59,0,0.5015093322264861,0.9427021234047543,25,blocked
25260,60,0,0.669311713581003,0.5526678977653574,25,blocked
25261,61,0,0.9772605334205267,0.516494704795405,25,blocked
25262,62,0,0.8028297984142467,0.6067869059485976,25,blocked
25263,63,0,0.21814263547569046,0.5388165810936276,25,blocked
25264,64,0,0.6397120924224502,0.4355958296314562,25,blocked
25265,65,0,0.9638738531458503,0.94164389705485,25,blocked
25266,66,0,0.008911737737373675,0.7968859362637651,25,blocked
25267,67,0,0.41477998661348514,1.2144748996522536,25,blocked
25268,68,0,0.5102247347875285,0.8237432515354761,25,blocked
25269,69,0,0.7449207699305604,0.5697206711840108,25,blocked
25270,70,0,0.9979288153780492,0.3923835318976482,25,blocked
25271,71,0,0.9801526427520231,0.42529562962651607,25,blocked
25272,72,0,0.5928025609567124,0.5499094751208042,25,blocked
25273,73,0,0.496319576561021,0.5822895042067495,25,blocked
25274,74,0,0.9883467785800026,0.40202727744107936,25,blocked
25275,75,0,0.9997786764236278,1.0095632462588982,25,blocked
25276,76,0,0.9827497768119623,0.552724369740156,25,blocked
25277,77,0,0.855212816142173,1.0538165507946577,25,blocked
25278,78,0,0.7632622052407049,1.0387840954738015,25,blocked
25279,79,0,0.9935934045952104,0.509399371823101,25,blocked
25280,80,0,0.5065377211584141,0.9435433721169265,25,blocked
25281,81,0,0.34282260244887647,0.7357266649185195,25,blocked
25282,82,0,0.00041065324393357644,1.1183551803457459,25,blocked
25283,83,0,0.14345749274392858,0.6442496117227798,25,blocked
25284,84,0,0.0864273032129823,0.6973749475230234,25,blocked
25285,85,0,0.13744346691557707,0.9134980170485802,25,blocked
25286,86,0,0.9776622141287146,0.4856332630544765,25,blocked
25287,87,0,0.011703841572745791,0.7087785846871328,25,blocked
25288,88,0,0.844352331350191,0.5573053193471365,25,blocked
25289,89,0,0.760926489594667,0.6829021890962857,25,blocked
25290,90,0,0.9789788435017035,0.5435062869218026,25,blocked
25291,91,0,0.016960307047549014,0.9252760323895437,25,blocked
25292,92,0,0.3210665913538149,0.6053230683791697,25,blocked
25293,93,0,0.3821762812834543,0.8613036653409731,25,blocked
25294,94,0,0.49867689980508706,0.8671603445669968,25,blocked
25295,95,0,0.11256807366752108,0.6398046627176073,25,blocked
25296,96,0,0.1608375166863249,0.6302980837612818,25,blocked
25297,97,0,0.6904452330314141,0.6315451491782711,25,blocked
25298,98,0,0.4880726088765539,0.7184385676498536,25,blocked
25299,99,0,0.9961554755994886,0.6276186106449354,25,blocked
25300,100,0,0.5196726773137551,0.9347778421184204,25,blocked
25301,101,0,0.9950791393018319,0.574905827075173,25,blocked
25302,102,0,0.9824892869179068,0.5495404039736702,25,blocked
25303,103,0,0.9996016243594019,0.5613372676175465,25,blocked
25304,104,0,0.8232964462165366,0.4114073021020115,25,blocked
25305,105,0,0.06825493412027178,0.717807518792713,25,blocked
25306,106,0,0.656705343167882,0.7074282689183047,25,blocked
25307,107,0,0.9990797681597439,0.620360724297065,25,blocked
25308,108,0,0.9989143288098551,0.24333258255300677,25,blocked
25309,109,0,0.8146559339128296,0.8108020568879416,25,blocked
25310,110,0,0.8299106319761347,0.7207540922837603,25,blocked
25311,111,0,0.8910170938689405,0.6936533254535324,25,blocked
25312,112,0,0.9768311408855661,0.855253458755836,25,blocked
25313,113,0,0.9822668822888775,0.8581071184285644,25,blocked
25314,114,0,0.49729674359225123,0.7268959147573377,25,blocked
25315,115,0,0.5537627223526985,0.7452293560210423,25,blocked
25316,116,0,0.9998306305862907,0.6830838095789888,25,blocked
25317,117,0,0.9392610963316506,0.6461343965782558,25,blocked
25318,118,0,0.7249462565960285,0.7495707473883528,25,blocked
25319,119,0,0.6758021342120172,0.7788060404432131,25,blocked
25320,120,0,0.0020594702469929655,1.1512627119354208,25,blocked
25321,121,0,0.4309947866299626,0.9948066143939511,25,blocked
25322,122,0,0.9546823038560106,0.7487173882062512,25,blocked
25323,123,0,0.9397048634930597,0.5305328162592955,25,blocked
25324,124,0,0.9991993816022164,0.5805121585369719,25,blocked
25325,125,0,0.5421844129013638,0.4984334193825336,25,blocked
25326,126,0,0.8063055291890284,0.6173023968466589,25,blocked
25327,127,0,0.42217175366262716,0.6803075758389996,25,blocked
25328,128,0,0.5587345654082526,0.5773655460523005,25,blocked
25329,129,0,0.9588116124490333,0.5150693062312509,25,blocked
25330,130,0,0.023220589621854356,1.0451162769619182,25,blocked
25331,131,0,0.4167772436058589,0.5259355334890647,25,blocked
25332,132,0,0.2923618929695498,0.5003602130498825,25,blocked
25333,133,0,0.9791231426526155,0.7438693951261217,25,blocked
25334,134,0,0.5046506061373908,0.7149451807992149,25,blocked
25335,135,0,0.9960941935270151,0.3867243512592473,25,blocked
25336,136,0,0.8541815700465818,0.617248218507392,25,blocked
25337,137,0,0.8552003325350604,0.9721964133397778,25,blocked
25338,138,0,0.97612013735986,0.6247796319406829,25,blocked
25339,139,0,0.5092711369232078,0.690693738368494,25,blocked
25340,140,0,0.9678127104090669,0.8116310722937785,25,blocked
25341,141,0,0.4997526388263084,0.855253040650804,25,blocked
25342,142,0,0.4739188105283141,0.6339573760243833,25,blocked
25343,143,0,0.9984885880047512,0.7559311942792903,25,blocked
25344,144,0,0.866994930085525,0.7665914050582165,25,blocked
25345,145,0,0.5434837963957915,0.6850019149366728,25,blocked
25346,146,0,0.9885014885132275,0.49222321496917687,25,blocked
25347,147,0,0.9878808693332721,0.583266523640326,25,blocked
25348,148,0,0.5013919063506507,1.1948862863315348,25,blocked
25349,149,0,0.33070426719235174,0.7317581041596961,25,blocked
25350,150,0,0.9439185901794453,0.6951399798908571,25,blocked
25351,151,0,0.9886380359607471,1.0725230974960258,25,blocked
25352,152,0,0.8811026410601441,0.6744205236538661,25,blocked
25353,153,0,0.915239884370115,0.46978535038908675,25,blocked
25354,154,0,0.5114079973641339,0.6009912491381952,25,blocked
25355,155,0,0.9066924004160087,0.7649661115334694,25,blocked
25356,156,0,0.6843987593230565,0.7935641552690827,25,blocked
25357,157,0,0.9986784199244605,0.4680955893339571,25,blocked
25358,158,0,0.9684538843062728,0.5161928261548362,25,blocked
25359,159,0,0.4863067281378637,0.5446259300249001,25,blocked
25360,160,0,0.997738703093158,0.745198117106558,25,blocked
25361,161,0,0.6779076151356198,0.7765335748568483,25,blocked
25362,162,0,0.9631187827601244,0.44829084239837913,25,blocked
25363,163,0,0.3903543058619949,0.55493990077324,25,blocked
25364,164,0,0.8606583826140136,0.49867811737591794,25,blocked
25365,165,0,0.2712857462238764,0.9545529986171326,25,blocked
25366,166,0,0.13589091582597287,0.8988810339649698,25,blocked
25367,167,0,0.9241584944490776,0.4716203915735551,25,blocked
25368,168,0,0.5182155967849708,0.6476260824054703,25,blocked
25369,169,0,0.6693844710829342,0.9369540645459001,25,blocked
25370,170,0,0.05344500244664395,1.0139189980968855,25,blocked
25371,171,0,0.9961973982678911,0.5554094872052922,25,blocked
25372,172,0,0.20884818574158803,0.4689310277021348,25,blocked
25373,173,0,0.5101015827343022,0.7976831729836583,25,blocked
25374,174,0,0.19788327012610274,0.7118820392067227,25,blocked
25375,175,0,0.4515530267970853,0.7677242836108766,25,blocked
25376,176,0,0.5810187642018017,0.631805014334793,25,blocked
25377,177,0,0.701504564342142,0.7392561826613245,25,blocked
25378,178,0,0.5327884212414159,0.5719882664543234,25,blocked
25379,179,0,0.33192513847402827,0.9632847528266801,25,blocked
25380,180,0,0.12747211169079312,0.9508551250678223,25,blocked
25381,181,0,0.7511458669223171,0.7989364540255934,25,blocked
25382,182,0,0.3798968629545909,0.7755180970757496,25,blocked
25383,183,0,0.8933143511056849,0.8118588733624067,25,blocked
25384,184,0,0.9481783559623143,0.5592315951980811,25,blocked
25385,185,0,0.9850902817697805,0.576574267926699,25,blocked
25386,186,0,0.4853814708815616,0.9221671084899243,25,blocked
25387,187,0,0.535969045128551,0.5259763938552406,25,blocked
25388,188,0,0.566797793813546,0.59240344738885,25,blocked
25389,189,0,0.793914837813267,0.551047102260557,25,blocked
25390,190,0,0.5271258687187113,0.5162587633178145,25,blocked
25391,191,0,0.06333162527104254,0.7991011504056951,25,blocked
25392,192,0,0.4994575913722517,0.5214437652990473,25,blocked
25393,193,0,0.47282743433172736,0.6580800621862697,25,blocked
25394,194,0,0.6448424707068663,0.6733369510785481,25,blocked
25395,195,0,0.22727906273019174,0.73950530775529,25,blocked
25396,196,0,0.11238786524282332,0.4849569438642075,25,blocked
25397,197,0,0.5869083145302563,0.5027313487148355,25,blocked
25398,198,0,0.5168696162382402,0.44105993487041206,25,blocked
25399,199,0,0.9597425493524581,0.4723492190742476,25,blocked
25400,0,0,0.8383989552694207,0.678998715239413,25,early
25401,1,0,0.041723221245344,0.7292003745639117,25,early
25402,2,0,0.5317298995114911,0.44796388043812785,25,early
25403,3,0,0.08284798951746578,0.8316570063872153,25,early
25404,4,0,0.6386352783650271,0.5491408481151532,25,early
25405,5,0,0.9412560309715159,0.5603095835496748,25,early
25406,6,0,0.7155844272916155,0.6346304261951676,25,early
25407,7,0,0.9777859097975343,0.7863243995684388,25,early
25408,8,0,0.6170410214055022,0.6708194920401671,25,early
25409,9,0,0.8652083989423064,0.39757997227224695,25,early
25410,10,0,0.9944190727024497,0.5071425281202367,25,early
25411,11,0,0.50150497410692,0.9058473226386512,25,early
25412,12,0,0.12465396306129783,0.8796450235938074,25,early
25413,13,0,0.9468518228547793,0.7299774573840194,25,early
25414,14,0,0.5425012110641616,0.5401163927753846,25,early
25415,15,0,0.2792358695081125,0.47616092798106113,25,early
25416,16,0,0.4901175849803914,0.6138720327784479,25,early
25417,17,0,0.0264309698238222,0.6231682979820823,25,early
25418,18,0,0.650059940553293,0.6323805591316721,25,early
25419,19,0,0.7409236694231249,0.3895196377361027,25,early
25420,20,0,0.9118933020172548,0.7535631045834048,25,early
25421,21,0,0.4897474449426278,0.7326734490586695,25,early
25422,22,0,0.49121054486972565,0.5118974304186199,25,early
25423,23,0,0.3902236339491884,0.38996236701647213,25,early
25424,24,0,0.7054512226009902,0.5447668811576796,25,early
25425,25,0,0.9858107449826106,0.4522063343707696,25,early
25426,26,0,0.8819195257018435,0.5955896077384006,25,early
25427,27,0,0.0028933126758503057,0.8571957070403065,25,early
25428,28,0,0.7834717561843942,0.7144365332850763,25,early
25429,29,0,0.49895258817681504,1.0913673964936765,25,early
25430,30,0,0.49862507959139246,0.7176959671971788,25,early
25431,31,0,0.5052322033303651,0.7782443731248412,25,early
25432,32,0,0.7148448420761614,0.8011551821140304,25,early
25433,33,0,0.4997515433174481,1.5834689564630036,25,early
25434,34,0,0.49998980879291993,0.9665803478230935,25,early
25435,35,0,0.11939854767451621,0.41231523185016045,25,early
25436,36,0,0.5441005074011503,0.6608078652435477,25,early
25437,37,0,0.4810600985227879,0.7676787517624851,25,early
25438,38,0,0.4933821581592232,0.4168335964303954,25,early
25439,39,0,0.5232980635872184,0.7584609893647214,25,early
25440,40,0,0.002983657213865268,0.6644131702674957,25,early
25441,41,0,0.5181642056482805,0.5314912271343697,25,early
25442,42,0,0.10026908815401916,0.5859040826280495,25,early
25443,43,0,0.022131742150364404,0.6293257873521076,25,early
25444,44,0,0.743844508425678,0.5509412589446127,25,early
25445,45,0,0.07500259840472355,0.6745954518067735,25,early
25446,46,0,0.7097803702972495,0.3397770899460863,25,early
25447,47,0,0.9953111324320645,0.7036690310262583,25,early
25448,48,0,0.8895479404339999,0.46498994815963646,25,early
25449,49,0,0.11131919102012197,0.9207820465263883,25,early
25450,50,0,0.014145951985408304,0.9246357717239555,25,early
25451,51,0,0.9271003530881567,0.46302704101146014,25,early
25452,52,0,0.905954129544672,0.5401044250398708,25,early
25453,53,0,0.3878753374651548,0.5405778950867358,25,early
25454,54,0,0.008313852716506398,0.8011676751235571,25,early
25455,55,0,0.010750484938748129,0.6366363122752969,25,early
25456,56,0,0.5613947357911319,0.5466598815286945,25,early
25457,57,0,0.3231413649102345,0.9060536090468871,25,early
25458,58,0,0.9862736384746629,0.43468210579489464,25,early
25459,59,0,0.9765384979475832,0.5161370195651984,25,early
25460,60,0,0.09346308808155109,0.6177012400883237,25,early
25461,61,0,0.8863159900344515,0.40399751841994813,25,early
25462,62,0,0.4385689526312883,0.7494876282170181,25,early
25463,63,0,0.9994904784785554,0.674474640373971,25,early
25464,64,0,0.9996043731086448,0.7257449427897047,25,early
25465,65,0,0.42958072848136875,0.5361957832411225,25,early
25466,66,0,0.25680508723782997,0.5484820893790285,25,early
25467,67,0,0.9875438742857942,0.80599471214758,25,early
25468,68,0,0.9784074609290838,0.6457885529901777,25,early
25469,69,0,0.00023390769346844615,1.0616988299260626,25,early
25470,70,0,0.9400825961605481,0.7151507266892047,25,early
25471,71,0,0.9901474071072551,0.6249840084900766,25,early
25472,72,0,0.33843416606736276,0.5918489715389994,25,early
25473,73,0,0.9075278757215884,0.631126556343669,25,early
25474,74,0,0.9150490401234261,0.6435334017539751,25,early
25475,75,0,0.9986164864248273,0.9846081375439182,25,early
25476,76,0,0.011074734091576523,0.809130778986435,25,early
25477,77,0,0.5018574400605633,0.8982086283632801,25,early
25478,78,0,0.542404721410865,0.3856390569364718,25,early
25479,79,0,0.5240819965746616,0.5701999027961766,25,early
25480,80,0,0.7425575032160779,0.38379093704358724,25,early
25481,81,0,0.7308094830738103,0.46244548625698245,25,early
25482,82,0,0.006081131172739425,0.6379490791886145,25,early
25483,83,0,0.24770343140128512,0.5949573681080604,25,early
25484,84,0,0.9719134866139341,0.6445671877329888,25,early
25485,85,0,0.4920039542524034,0.8092683797137246,25,early
25486,86,0,0.4507478685349958,0.3861923094676682,25,early
25487,87,0,0.5010096994195533,0.5138609890401243,25,early
25488,88,0,0.014438942865912796,0.7556854684041259,25,early
25489,89,0,0.5103281416788322,0.5125136098094232,25,early
25490,90,0,0.46950486689736864,0.6424004045583827,25,early
25491,91,0,0.5810025517325026,0.5877812289563265,25,early
25492,92,0,0.7787364295548067,0.608693738673209,25,early
25493,93,0,0.033939944685743205,0.8272443512564025,25,early
25494,94,0,0.4397223560012964,0.883908573007848,25,early
25495,95,0,0.5827175971256412,0.7174524415198906,25,early
25496,96,0,0.5251507915026863,0.7123357934494641,25,early
25497,97,0,0.42807659476225896,1.0646086537970325,25,early
25498,98,0,0.5071938889535962,0.5658664700190733,25,early
25499,99,0,0.9470742900843915,0.7508212799939178,25,early
25500,100,0,0.23108001587264929,0.4444782547980679,25,early
25501,101,0,0.8202400084831394,0.6602961403294395,25,early
25502,102,0,0.4310615216259221,0.6397941760748929,25,early
25503,103,0,0.15445940495834048,0.7526268083294243,25,early
25504,104,0,0.5609484938097183,0.6339830890514446,25,early
25505,105,0,0.9039602338619894,0.49461046676968623,25,early
25506,106,0,0.5019112029819718,0.5337415397079488,25,early
25507,107,0,0.020306401665765153,0.7466616186923856,25,early
25508,108,0,0.49917852762595966,0.4987802330455091,25,early
25509,109,0,0.5957589772721262,0.4300318808806335,25,early
25510,110,0,0.4826728296278714,0.4936989116851363,25,early
25511,111,0,0.4788664665205833,0.4782057008065057,25,early
25512,112,0,0.934601438567494,0.4298685579181387,25,early
25513,113,0,0.4685109667480523,0.7978109787830052,25,early
25514,114,0,0.9804011807151907,0.3463470245485383,25,early
25515,115,0,0.4582852698576537,0.6028191588686067,25,early
25516,116,0,0.5061985691401296,0.45040982190615986,25,early
25517,117,0,0.6358717262853744,0.4959900834176484,25,early
25518,118,0,0.7603881599266511,0.7911039196362929,25,early
25519,119,0,0.48298926091316197,0.8355541455878552,25,early
25520,120,0,0.9616234286745562,0.6225947726127987,25,early
25521,121,0,0.9274661899943304,0.4076725759505818,25,early
25522,122,0,0.45277173504961477,0.42592611999068275,25,early
25523,123,0,0.0035516009416204056,0.8353522912604593,25,early
25524,124,0,0.5044839801209735,0.5965308867466118,25,early
25525,125,0,0.46882439792627045,0.6437045640638495,25,early
25526,126,0,0.4259510682782491,0.5374827272823985,25,early
25527,127,0,0.9959998640312789,0.6281067105676205,25,early
25528,128,0,0.8323652144318716,0.3465034465269611,25,early
25529,129,0,0.3710724956264863,0.6789580878685044,25,early
25530,130,0,0.44443474555261014,0.7052967203242477,25,early
25531,131,0,0.9867052972289647,0.7608888235568101,25,early
25532,132,0,0.5391271743913078,0.5674512843627315,25,early
25533,133,0,0.7037921770078827,0.5037419310091443,25,early
25534,134,0,0.5172034387975096,0.7440792483744836,25,early
25535,135,0,0.4141783960809966,0.6821137865682645,25,early
25536,136,0,0.23971525429161977,0.5074978692813994,25,early
25537,137,0,0.11723793967014431,0.906038042522163,25,early
25538,138,0,0.4638529557570605,0.563147160949203,25,early
25539,139,0,0.5632657272125728,0.37095107235195784,25,early
25540,140,0,0.46571315754385223,0.5348760077335042,25,early
25541,141,0,0.4943050836641599,0.6651165791998516,25,early
25542,142,0,0.49481904858690207,0.4252631288397717,25,early
25543,143,0,0.5016115958766738,0.5120023976066884,25,early
25544,144,0,0.5973628842563282,0.5881942490953601,25,early
25545,145,0,0.7258094820041315,0.5251041248761124,25,early
25546,146,0,0.3269218274708259,0.49888638253060824,25,early
25547,147,0,0.4463094020563417,0.45564595166166255,25,early
25548,148,0,0.5649967559214366,0.5871944421598576,25,early
25549,149,0,0.46825234150715306,0.45740405926950634,25,early
25550,150,0,0.30928752831142026,0.7402459146273237,25,early
25551,151,0,0.8318704067830651,0.43868857684041135,25,early
25552,152,0,0.6332310232022095,0.574199309891082,25,early
25553,153,0,0.5221273542644844,0.6735441704002465,25,early
25554,154,0,0.8694326490487625,0.6879260280852156,25,early
25555,155,0,0.6248502452308055,0.5717308655398485,25,early
25556,156,0,0.9962943590765737,0.2579608448867762,25,early
25557,157,0,0.742837179434584,0.40142618447378353,25,early
25558,158,0,0.4871746830117085,0.6978380713522643,25,early
25559,159,0,0.3013127859212642,0.6479780341103467,25,early
25560,160,0,0.5359948048341838,0.6703701968434737,25,early
25561,161,0,0.6694307843075079,0.6225271222870352,25,early
25562,162,0,0.49723269104473566,0.7643839723976411,25,early
25563,163,0,0.5000038314364131,0.8579157615058357,25,early
25564,164,0,0.7156896891001996,0.3719136055764032,25,early
25565,165,0,0.9563248365130452,0.3490397636666205,25,early
25566,166,0,0.8706930499986073,0.6001533839818101,25,early
25567,167,0,0.9492441997314998,0.38585825167964527,25,early
25568,168,0,0.8935290119257671,0.3865877302287978,25,early
25569,169,0,0.20706616734455216,0.4561965955703895,25,early
25570,170,0,0.5213633893345785,0.7496281026602636,25,early
25571,171,0,0.82837598191125,0.6199588419517377,25,early
25572,172,0,0.7688408775357525,0.766488104058441,25,early
25573,173,0,0.6431204417446371,0.32486541327840823,25,early
25574,174,0,0.8265352403237467,0.7634294125936468,25,early
25575,175,0,0.9662290611966111,0.5424885788014245,25,early
25576,176,0,0.8784862514210103,0.5743616748754334,25,early
25577,177,0,0.9856693916956034,0.3302334526360323,25,early
25578,178,0,0.4996289163927189,0.7201764805148173,25,early
25579,179,0,0.3609986165150823,0.41120571149376406,25,early
25580,180,0,0.6928324344959409,0.3946476019455441,25,early
25581,181,0,0.8509354753941984,0.4996975869770728,25,early
25582,182,0,0.5077282648964045,0.7862523407501927,25,early
25583,183,0,0.999966167265585,0.5941623322258726,25,early
25584,184,0,0.37322436340697496,0.5909963418905781,25,early
25585,185,0,0.9905587191508323,0.5434411233356571,25,early
25586,186,0,0.9933363913576181,0.4701561108119894,25,early
25587,187,0,0.9207220504265698,0.39802991516852343,25,early
25588,188,0,0.999912896823901,0.45615647832060824,25,early
25589,189,0,0.5171960876892832,0.6566434114918795,25,early
25590,190,0,0.6040241248810392,0.5103498652785222,25,early
25591,191,0,0.9999032165497517,0.4104210697978875,25,early
25592,192,0,0.6959493855639578,0.2801567607223255,25,early
25593,193,0,0.8628190698284772,0.6191140790124241,25,early
25594,194,0,0.06878438422943634,0.572325773690896,25,early
25595,195,0,0.9899980907664152,0.34579830675327794,25,early
25596,196,0,0.6121700142535644,0.45251661186403397,25,early
25597,197,0,0.030128297490017546,0.6139981533115946,25,early
25598,198,0,0.18710993013487998,0.5956976650603949,25,early
25599,199,0,0.37261828717033385,0.7427887491716862,25,early
25600,0,0,0.8574919521061256,0.661067204373178,25,middle
25601,1,0,0.5310506069097188,0.5203817675462215,25,middle
25602,2,0,0.7138810182186611,0.5443852574892992,25,middle
25603,3,0,0.27443531362214063,0.6815553952062556,25,middle
25604,4,0,0.41713945202250363,0.553482360695984,25,middle
25605,5,0,0.9779954355931083,0.5947873961065888,25,middle
25606,6,0,0.976444676325233,0.5692005635500399,25,middle
25607,7,0,0.10842732275934992,0.6000872777581743,25,middle
25608,8,0,0.6585156926946385,0.43807885083713916,25,middle
25609,9,0,0.6952128675818614,0.6333619047269987,25,middle
25610,10,0,0.3922924664749701,0.6109080513082042,25,middle
25611,11,0,0.9713875937814174,0.899600282859945,25,middle
25612,12,0,0.993608443379827,0.9280956875220204,25,middle
25613,13,0,0.8456610979073615,0.5909612553554935,25,middle
25614,14,0,0.5456736651769958,0.5297477093157065,25,middle
25615,15,0,0.06205063986256149,0.5319365817197144,25,middle
25616,16,0,0.0797796472661968,0.4898454557615613,25,middle
25617,17,0,0.18723432403250878,0.7361825705553877,25,middle
25618,18,0,0.9569941269017131,0.7776276235649154,25,middle
25619,19,0,0.32553922925496714,0.7514632042641836,25,middle
25620,20,0,0.6719175361603462,0.5692029057686044,25,middle
25621,21,0,0.8177194546212,0.5927053271458259,25,middle
25622,22,0,0.019727337207049032,0.8916961082936373,25,middle
25623,23,0,0.44242235299643073,0.6872158607755783,25,middle
25624,24,0,0.7913881463044559,0.7257354063455799,25,middle
25625,25,0,0.43081869463207173,0.8465437385345433,25,middle
25626,26,0,0.9770762715225132,0.6704297917058173,25,middle
25627,27,0,0.7904819727180612,0.7898595593322373,25,middle
25628,28,0,0.9057665255304985,0.5367450382772522,25,middle
25629,29,0,0.7796123413130127,0.5374809333760836,25,middle
25630,30,0,0.12963411582114978,0.7282712113401091,25,middle
25631,31,0,0.3886337605628446,0.6473322163351121,25,middle
25632,32,0,0.8781502584710335,0.5682843133048356,25,middle
25633,33,0,0.5000701978091833,0.7130373264993581,25,middle
25634,34,0,0.558757654814065,0.8835881718571816,25,middle
25635,35,0,0.2855725101800239,0.6934585244641782,25,middle
25636,36,0,0.9970763176102468,0.5706030257916557,25,middle
25637,37,0,0.499999983617456,1.4060724862502907,25,middle
25638,38,0,0.9999963905128935,0.7581187974555734,25,middle
25639,39,0,0.5208349146368408,0.736802444962172,25,middle
25640,40,0,0.8285540860374911,0.576481335996828,25,middle
25641,41,0,0.1537046208497428,0.7255917122044192,25,middle
25642,42,0,0.9621225640878874,0.7218796630213621,25,middle
25643,43,0,0.00044177836889725696,1.0919354418143254,25,middle
25644,44,0,0.9990016828863257,0.8981700996149239,25,middle
25645,45,0,1.1825344409812806e-06,1.2336551043305128,25,middle
25646,46,0,0.995992524470348,0.3856186063809487,25,middle
25647,47,0,2.9705068564885704e-06,1.1533058552536408,25,middle
25648,48,0,0.23628660294225595,0.8783548803897223,25,middle
25649,49,0,0.9999830681310102,0.8369533751288665,25,middle
25650,50,0,0.9998163046900627,0.9799761346140583,25,middle
25651,51,0,0.7863105145925366,0.6224322334432022,25,middle
25652,52,0,0.07958484489605962,0.8370992494915355,25,middle
25653,53,0,0.751674788810593,0.6303354779757111,25,middle
25654,54,0,0.2784675950921891,0.6232173795625362,25,middle
25655,55,0,0.012041560778167376,0.9525549538420899,25,middle
25656,56,0,0.9999980060388134,0.9706061198620328,25,middle
25657,57,0,0.3722694755759427,0.5810010428582151,25,middle
25658,58,0,0.9999993334097291,0.7957972041214454,25,middle
25659,59,0,3.2918593488631205e-07,1.4466058657886152,25,middle
25660,60,0,0.0001976512810425923,1.1121526489519498,25,middle
25661,61,0,0.00022571339664054056,1.1290581957038754,25,middle
25662,62,0,0.06204814362010225,0.5889960070774807,25,middle
25663,63,0,0.38640556067747905,0.5857089697093096,25,middle
25664,64,0,0.9792762857212527,0.5136598745028685,25,middle
25665,65,0,0.37538377538901846,0.6398713512129554,25,middle
25666,66,0,0.8557441768818699,0.6908765060702922,25,middle
25667,67,0,0.9999999930197376,1.1692592354169324,25,middle
25668,68,0,0.2687046258138106,0.8017083038620403,25,middle
25669,69,0,0.9663256151278912,0.5284284338985272,25,middle
25670,70,0,0.023872955802016867,0.6213115811320736,25,middle
25671,71,0,0.0013405026972370998,0.8021973056010194,25,middle
25672,72,0,0.009045999970976644,0.7192368447859643,25,middle
25673,73,0,0.0001701866420744336,1.0436114859173566,25,middle
25674,74,0,0.9992508102133857,0.5618558410069855,25,middle
25675,75,0,0.19984544387782663,0.9989883152720604,25,middle
25676,76,0,1.004161940265061e-06,1.2650818765408505,25,middle
25677,77,0,0.9999952646809049,0.6752133896500478,25,middle
25678,78,0,0.8827483039181652,0.7534834547765956,25,middle
25679,79,0,0.4107559224704144,0.5255008825033721,25,middle
25680,80,0,0.49999959647124875,1.114658006891851,25,middle
25681,81,0,0.49987872079976,0.820619686892581,25,middle
25682,82,0,0.4923202281634004,0.5040751443337894,25,middle
25683,83,0,0.4942714294857748,0.6722179671644828,25,middle
25684,84,0,0.5459383849188858,0.5095982804699801,25,middle
25685,85,0,0.6220786096330726,0.53584910467082,25,middle
25686,86,0,0.8014427408352189,0.6384113163875409,25,middle
25687,87,0,0.18025163907324782,0.8146868704202159,25,middle
25688,88,0,0.37029587666038394,0.6326638039057283,25,middle
25689,89,0,0.5000048118143096,1.1546914806865523,25,middle
25690,90,0,0.4927516773948955,0.9549730303990698,25,middle
25691,91,0,0.3684556325928231,0.6483245715077779,25,middle
25692,92,0,0.5313904658303447,0.9575515120206677,25,middle
25693,93,0,0.5006203249364019,0.5177173927960138,25,middle
25694,94,0,0.9272274654373271,0.4809840801392645,25,middle
25695,95,0,0.2702550428676189,0.7130760653935313,25,middle
25696,96,0,0.7282712142082617,0.6418562838985231,25,middle
25697,97,0,0.5025751815430168,0.8511361371789364,25,middle
25698,98,0,0.49988267626683475,0.7976860284983038,25,middle
25699,99,0,0.8421857152794643,0.4104925686495987,25,middle
25700,100,0,0.5045771759856409,0.4550043116328645,25,middle
25701,101,0,0.5356645606796795,0.4787589817672435,25,middle
25702,102,0,0.5762863245265519,0.7406869003911619,25,middle
25703,103,0,0.5085492469496781,0.6742131305365352,25,middle
25704,104,0,0.9654256321205323,0.38208393947250663,25,middle
25705,105,0,0.9047734085811316,0.4100407643663243,25,middle
25706,106,0,0.5257378662521845,0.7928079105223257,25,middle
25707,107,0,0.4978361061730742,0.838696771148598,25,middle
25708,108,0,0.8839297761286047,0.49141818600904524,25,middle
25709,109,0,0.9947832805885424,0.3902631592172693,25,middle
25710,110,0,0.965427232073989,0.6636453729838334,25,middle
25711,111,0,0.9519099040296846,0.8836292600295304,25,middle
25712,112,0,0.5394122104321123,0.9248911020760734,25,middle
25713,113,0,0.6544547663332311,0.7157264570264936,25,middle
25714,114,0,0.5346469315698812,0.8863048437452732,25,middle
25715,115,0,0.5017651402894632,0.9472194126726914,25,middle
25716,116,0,0.49996122250087477,0.7254128843940892,25,middle
25717,117,0,0.9956216400369398,0.5199360533063541,25,middle
25718,118,0,0.5568342995885378,0.5932778793781408,25,middle
25719,119,0,0.5237578911913614,0.515690124385744,25,middle
25720,120,0,0.9687182126508807,0.5014378574970899,25,middle
25721,121,0,0.8338120954184127,0.5748133760526057,25,middle
25722,122,0,0.9494138079682104,0.5835577187410584,25,middle
25723,123,0,0.9929913740139502,0.25821187348338714,25,middle
25724,124,0,0.9861563021205841,0.7281539237772715,25,middle
25725,125,0,0.6647619943918641,0.6271785618783692,25,middle
25726,126,0,0.018103752347023803,0.8212434098908885,25,middle
25727,127,0,0.5000003275987593,1.2620022634075085,25,middle
25728,128,0,0.000759845843688122,0.8716699301920712,25,middle
25729,129,0,0.485961957454983,0.6911133887072629,25,middle
25730,130,0,0.15819042552570992,0.5889191611785832,25,middle
25731,131,0,0.8310279138290669,0.4007662673036156,25,middle
25732,132,0,0.2866365048822238,0.70766398227819,25,middle
25733,133,0,0.5644977871426708,0.753888390093886,25,middle
25734,134,0,0.5897258170713248,0.8728072529445661,25,middle
25735,135,0,0.5026227301724989,0.5689980422173124,25,middle
25736,136,0,0.5088195869427639,0.5843715877975785,25,middle
25737,137,0,0.7378923475006776,0.5152077279341691,25,middle
25738,138,0,0.9999852807075804,0.721657611350738,25,middle
25739,139,0,0.5138132006430646,0.512581738690511,25,middle
25740,140,0,0.06022369582179485,0.553613847342406,25,middle
25741,141,0,0.9555637671837057,0.700773745236698,25,middle
25742,142,0,0.8286325863967251,0.37508353026843194,25,middle
25743,143,0,0.8330355684258355,0.5256543776614916,25,middle
25744,144,0,0.9307198995852098,0.3722455668860505,25,middle
25745,145,0,0.496805438445196,0.7876809154527308,25,middle
25746,146,0,0.016151982328801735,0.8582221652468675,25,middle
25747,147,0,0.48866983841904194,0.5447345851952387,25,middle
25748,148,0,0.5821118620814183,0.4811147800322496,25,middle
25749,149,0,0.6777147454243526,0.5122526647756463,25,middle
25750,150,0,0.16681454564151305,0.5129214207778545,25,middle
25751,151,0,0.600621167033538,0.5838473202481562,25,middle
25752,152,0,0.924381426903514,0.5771802750726016,25,middle
25753,153,0,0.49999157008277123,0.5743522607761848,25,middle
25754,154,0,0.803017160526687,0.4899857363925528,25,middle
25755,155,0,0.5118255231583838,0.5205795561939699,25,middle
25756,156,0,0.16765476878132943,0.5292104771369138,25,middle
25757,157,0,0.8416894039232066,0.34351681177181964,25,middle
25758,158,0,0.708655819194919,0.4984271683683295,25,middle
25759,159,0,0.9140302558487934,0.5061046766691685,25,middle
25760,160,0,0.8723824169482732,0.4352765615674802,25,middle
25761,161,0,0.03432932835332797,0.7142651868738643,25,middle
25762,162,0,0.6904843566485825,0.4114750712515185,25,middle
25763,163,0,0.5130106788014677,0.6054540491537544,25,middle
25764,164,0,0.5237998873718287,0.9019001348767548,25,middle
25765,165,0,0.3263056238633919,0.8395486180400062,25,middle
25766,166,0,0.7633583129011412,0.6532374491784962,25,middle
25767,167,0,0.08692850053166505,0.6161027605969416,25,middle
25768,168,0,0.9266477326521998,0.6499387035681099,25,middle
25769,169,0,0.04476028698429305,0.6754450244302237,25,middle
25770,170,0,0.172023093797143,0.39996296061595676,25,middle
25771,171,0,0.6488607380225446,0.5216850297252138,25,middle
25772,172,0,0.5001473528723931,0.9090111125294884,25,middle
25773,173,0,0.9995591438010167,0.5048715176985401,25,middle
25774,174,0,0.5887033546792073,0.46243327118953903,25,middle
25775,175,0,0.2787322549278739,0.6518074468657645,25,middle
25776,176,0,0.9993734473165267,0.7342156820021706,25,middle
25777,177,0,0.9564163232946523,0.5153831286157711,25,middle
25778,178,0,0.508987137480886,0.5877768152287328,25,middle
25779,179,0,0.9981554692255304,0.35397666420391505,25,middle
25780,180,0,0.49999833341991423,1.0040850299731834,25,middle
25781,181,0,0.685525003366824,0.48841275865895134,25,middle
25782,182,0,0.19118828309701552,0.5581172530338936,25,middle
25783,183,0,0.49927497378134256,0.501903091512513,25,middle
25784,184,0,0.17109033126453427,0.4308120628499891,25,middle
25785,185,0,0.18746359929399709,0.7114672996584412,25,middle
25786,186,0,0.007673072071594652,0.9877846973949445,25,middle
25787,187,0,0.9999703349302886,1.040100331840044,25,middle
25788,188,0,0.8323500010483614,0.5095283543724543,25,middle
25789,189,0,0.9916625493336937,0.5738666723299021,25,middle
25790,190,0,0.49808905496786954,0.9280765964541682,25,middle
25791,191,0,0.7878301329966833,0.6469201838208826,25,middle
25792,192,0,0.8594128687884899,0.4445539955225378,25,middle
25793,193,0,0.9727467087570643,0.519072003186317,25,middle
25794,194,0,0.9905203346874785,0.37985288371164794,25,middle
25795,195,0,0.8006853522732245,0.5703007348978042,25,middle
25796,196,0,0.5050182350460406,0.6171950798874309,25,middle
25797,197,0,0.8088397714530171,0.38515051534503564,25,middle
25798,198,0,0.7919041846537598,0.6121560753657922,25,middle
25799,199,0,0.9830021543948286,0.8007098192679625,25,middle
25800,0,0,0.20467698474209908,0.9152675099566543,25,late
25801,1,0,0.4722452165550928,0.5072278131357131,25,late
25802,2,0,0.5467052020784955,0.6959472624826374,25,late
25803,3,0,0.8297336053675255,0.7170521782864869,25,late
25804,4,0,0.5215053909275669,0.511904021837994,25,late
25805,5,0,0.6668206890571431,0.6541386504365947,25,late
25806,6,0,0.9194417652787852,0.5216864119078375,25,late
25807,7,0,0.589215258128609,0.45501514120676045,25,late
25808,8,0,0.3774734486563709,0.5162531729927784,25,late
25809,9,0,0.3354886166072739,0.6405285511133678,25,late
25810,10,0,0.6837688451660089,0.5113767074421632,25,late
25811,11,0,0.06485634822233871,0.598182125450258,25,late
25812,12,0,0.9159184626734385,0.7378553543656272,25,late
25813,13,0,0.49829100122537806,0.6564956171009286,25,late
25814,14,0,0.10807012586783829,0.5912124868737303,25,late
25815,15,0,0.8919957436228116,0.5312196102473649,25,late
25816,16,0,0.1939381825698433,0.6381771529048974,25,late
25817,17,0,0.30546153103991813,0.9316196131780633,25,late
25818,18,0,0.961854238006361,0.7217259538883416,25,late
25819,19,0,0.8282392387434336,0.820219353090605,25,late
25820,20,0,0.49656921010642074,0.9226313914311512,25,late
25821,21,0,0.004888662562730112,0.8630998485826779,25,late
25822,22,0,0.4994370088653232,1.125219118454756,25,late
25823,23,0,0.7816145479278811,0.6389248256553984,25,late
25824,24,0,0.051198771522153214,1.0915557489230636,25,late
25825,25,0,0.46606847485637765,0.7379772492911478,25,late
25826,26,0,0.3938217043778284,0.7409930083609155,25,late
25827,27,0,0.7571439044151904,0.6547155290034594,25,late
25828,28,0,0.15926205559732728,0.9989698996314332,25,late
25829,29,0,0.002963826198996155,1.2307496723555238,25,late
25830,30,0,0.04500930537195936,0.8892243836748956,25,late
25831,31,0,0.29343644068338237,1.2510362685260392,25,late
25832,32,0,0.5096149994006591,0.4727736971809586,25,late
25833,33,0,0.5214678227749646,0.7632144494576899,25,late
25834,34,0,0.6493713770342056,0.8699279052857529,25,late
25835,35,0,0.20811004502764613,1.0301393371335759,25,late
25836,36,0,0.18036004698969543,1.1362108195863332,25,late
25837,37,0,0.9973229333435767,0.9953856502937044,25,late
25838,38,0,0.06912052938587215,0.8030435955441813,25,late
25839,39,0,0.8930261169217821,0.5810215898033093,25,late
25840,40,0,0.49477050588236177,0.6387566437912513,25,late
25841,41,0,0.27248407714492645,0.9754853103328347,25,late
25842,42,0,0.9387098503000789,0.7092199583853083,25,late
25843,43,0,0.0914284364028514,1.0250366425289565,25,late
25844,44,0,0.9686047113570015,1.3801257402019278,25,late
25845,45,0,0.6115918409795076,1.0619125200083748,25,late
25846,46,0,0.3743853543562824,0.7458237038997448,25,late
25847,47,0,0.49991575076018196,0.8547730433046474,25,late
25848,48,0,0.40502595620721427,0.7245026077948535,25,late
25849,49,0,0.49247401139216423,0.8541795741237012,25,late
25850,50,0,0.4594864425251937,0.6889401598803726,25,late
25851,51,0,0.4559620921420731,0.7950224937199745,25,late
25852,52,0,0.4952575857506907,0.9484498257934626,25,late
25853,53,0,0.039636142507979616,0.7354664977807681,25,late
25854,54,0,0.11935710352144137,0.6800946209579499,25,late
25855,55,0,0.8910360816951292,0.6658828653495313,25,late
25856,56,0,0.9898932106408018,0.6596077390716651,25,late
25857,57,0,0.18917385669544143,0.708483368787049,25,late
25858,58,0,0.9328317903538741,0.7268343589988266,25,late
25859,59,0,0.12372127904722018,0.7565319956163563,25,late
25860,60,0,0.48933460271477464,0.7568317295065723,25,late
25861,61,0,0.022906916052837966,1.0084545379402077,25,late
25862,62,0,0.5003677233467038,0.8994702068866312,25,late
25863,63,0,0.8332064649958177,1.0689194421953965,25,late
25864,64,0,0.46163102071230405,0.7005185676349999,25,late
25865,65,0,0.4920289991089821,1.1899630407076907,25,late
25866,66,0,0.4927324066782058,0.6371106817725818,25,late
25867,67,0,0.23637515919848714,0.8801288906804847,25,late
25868,68,0,0.0836243051195844,0.7738384756313528,25,late
25869,69,0,0.11526633727536824,0.681094317899418,25,late
25870,70,0,0.48186605981260794,1.401342059105814,25,late
25871,71,0,0.7615134902268365,0.6857423946432917,25,late
25872,72,0,0.5470147134765976,0.7588410490195727,25,late
25873,73,0,0.7515344632828626,0.6903933509463538,25,late
25874,74,0,0.4001822205508323,0.6782806293186303,25,late
25875,75,0,0.17145965237494099,0.8530819733413781,25,late
25876,76,0,0.9115566706251768,0.664393444114874,25,late
25877,77,0,0.0036303427130588094,1.5714825163400687,25,late
25878,78,0,0.4734213309029797,1.0156017910646313,25,late
25879,79,0,0.1343312029739892,1.233371358551867,25,late
25880,80,0,0.8590976552760241,0.6028179646294582,25,late
25881,81,0,0.5176749645669603,0.6112669851736645,25,late
25882,82,0,0.21695935980608705,0.9635614145587038,25,late
25883,83,0,0.7105207621606511,0.8273163493398703,25,late
25884,84,0,0.990900019835352,0.7801704229602069,25,late
25885,85,0,0.4722659956069322,1.2483911245506514,25,late
25886,86,0,0.9612395689239239,0.7177705649172947,25,late
25887,87,0,0.7228820375701542,0.458216899569424,25,late
25888,88,0,0.9382562760973616,0.5214686890558233,25,late
25889,89,0,0.01417133188207188,1.074613093135583,25,late
25890,90,0,0.07797920950170295,0.9198116618099941,25,late
25891,91,0,0.46281446177858987,0.8054684738290199,25,late
25892,92,0,0.4795414679208113,0.8812137256133925,25,late
25893,93,0,0.9934961306267489,0.8333307977691942,25,late
25894,94,0,0.6526735305863418,0.6127110883325197,25,late
25895,95,0,0.5152411763986147,0.6852637326933417,25,late
25896,96,0,0.8056707904492768,0.3887291082946196,25,late
25897,97,0,0.5173118398897314,0.4558282821222662,25,late
25898,98,0,0.17006816339055206,0.8516149539461435,25,late
25899,99,0,0.8474130499170913,1.1134053329454865,25,late
25900,100,0,0.9542993046891466,0.35713021325082167,25,late
25901,101,0,0.37343322200215207,1.1652931164608178,25,late
25902,102,0,0.4039741593804212,1.145230038416777,25,late
25903,103,0,0.7624421181588787,0.6150381703821299,25,late
25904,104,0,0.03627638901574837,1.2871069660417502,25,late
25905,105,0,0.9953074931162762,0.45834147093216293,25,late
25906,106,0,0.4088724889442862,1.22937077529875,25,late
25907,107,0,0.20245024673487358,0.7585777922517026,25,late
25908,108,0,0.9145855761216114,0.8048724386547497,25,late
25909,109,0,0.5760040585909026,0.7438544545041975,25,late
25910,110,0,0.48949478848299444,0.777163159940325,25,late
25911,111,0,0.7530123553682022,0.489198432228672,25,late
25912,112,0,0.5469889453023772,0.9315744260526043,25,late
25913,113,0,0.9995962891614492,0.8952177207360739,25,late
25914,114,0,0.967519570284775,0.599322206281022,25,late
25915,115,0,0.8323333273235722,0.6996855209431774,25,late
25916,116,0,0.8506264471098859,0.6840199269314646,25,late
25917,117,0,0.5126937650485601,0.7417986877324609,25,late
25918,118,0,0.754448919785132,0.6085928982358764,25,late
25919,119,0,0.5238168917175783,0.7857238634619176,25,late
25920,120,0,0.5658583792295665,0.6265660019857155,25,late
25921,121,0,0.0013815843028031885,1.0395957318330666,25,late
25922,122,0,0.48573048606645886,0.9652198201795213,25,late
25923,123,0,0.47427155830299245,0.9373550772603235,25,late
25924,124,0,0.9386842921586729,0.4328837419390702,25,late
25925,125,0,0.49631382746896036,0.618713694051011,25,late
25926,126,0,0.846778298973899,0.5167039253635058,25,late
25927,127,0,0.036852814208096246,0.974873137837386,25,late
25928,128,0,8.67187556594095e-06,1.3741194473924805,25,late
25929,129,0,0.955611897351762,0.39716310005074307,25,late
25930,130,0,0.9715772390622937,0.6387066080876671,25,late
25931,131,0,0.9976796263718934,0.3786592047717604,25,late
25932,132,0,0.0081416291838696,0.8109675056836818,25,late
25933,133,0,0.4721284307649164,0.7844788600931891,25,late
25934,134,0,0.5210848367439666,0.8553745561574135,25,late
25935,135,0,0.07671766263879737,1.0710964187390295,25,late
25936,136,0,0.9921827800792733,0.5890392392905353,25,late
25937,137,0,0.9810821928728972,0.5032087281843567,25,late
25938,138,0,0.2516217038649293,0.6633643077303172,25,late
25939,139,0,0.9983693791561556,0.6196486549063012,25,late
25940,140,0,0.4955486498261035,0.666804800514517,25,late
25941,141,0,0.34105012158619236,0.5534565545893189,25,late
25942,142,0,0.9420276668969227,0.7247290291343682,25,late
25943,143,0,0.49965932333171764,0.9711879508908905,25,late
25944,144,0,0.8896277380927029,0.6898911412347765,25,late
25945,145,0,0.001967864048799371,0.7440441516995215,25,late
25946,146,0,0.9938814679084429,0.489784569212564,25,late
25947,147,0,0.28629103670165734,0.706735631157825,25,late
25948,148,0,0.9994766892444165,0.6883293601001919,25,late
25949,149,0,0.8323092151079093,0.4420960797231968,25,late
25950,150,0,0.8606558916577495,0.5263121110032216,25,late
25951,151,0,0.4191189518612659,0.9109210981022581,25,late
25952,152,0,0.4987731904387152,0.6046197544657466,25,late
25953,153,0,0.4809755285126965,0.8685498169983082,25,late
25954,154,0,0.4968579915223182,0.8628353618249599,25,late
25955,155,0,0.9972588026674907,0.6371962791766465,25,late
25956,156,0,0.12907477091185587,0.7340241515737799,25,late
25957,157,0,0.3370916599012093,0.6146828544569193,25,late
25958,158,0,0.626077511132645,0.5646318925511373,25,late
25959,159,0,0.06961305619079851,0.8867347932793486,25,late
25960,160,0,0.7537044293725315,0.8192505005670494,25,late
25961,161,0,0.9934156480631338,1.0284801690839738,25,late
25962,162,0,0.8229390481090313,0.7740734223144032,25,late
25963,163,0,0.8015909050290693,0.49324304345529035,25,late
25964,164,0,0.9943427433400864,0.5865172900199882,25,late
25965,165,0,0.4539280315219359,0.7586229278358217,25,late
25966,166,0,0.2401653800609356,0.8005274544267956,25,late
25967,167,0,0.46773219260785703,0.588373053505499,25,late
25968,168,0,0.6290539813164551,0.8141460985454307,25,late
25969,169,0,0.6598551969948897,0.696506936424104,25,late
25970,170,0,0.23904825891638992,0.7452592978307808,25,late
25971,171,0,0.8089262997149629,0.7121863526772554,25,late
25972,172,0,0.722228080996747,0.6326382132506305,25,late
25973,173,0,0.6470898921440568,0.6257497018318122,25,late
25974,174,0,0.9148952371483035,0.5389821996905505,25,late
25975,175,0,0.3531507132524558,0.5975321786476544,25,late
25976,176,0,0.16596152249407956,0.8629504600485338,25,late
25977,177,0,0.999885485938045,0.8506291585281436,25,late
25978,178,0,0.45597098817094767,0.7426089435585348,25,late
25979,179,0,0.4829917221450559,0.5652165758697567,25,late
25980,180,0,0.852495982626673,0.467003974971533,25,late
25981,181,0,0.9066462169415064,0.46156910652565714,25,late
25982,182,0,0.6267889835786445,0.7264896609424367,25,late
25983,183,0,0.9919532850615649,0.4870740006162651,25,late
25984,184,0,0.8839329559763334,0.3666490299757832,25,late
25985,185,0,0.47429847001025127,0.8422317137647619,25,late
25986,186,0,0.7208063107527374,0.5881110756249388,25,late
25987,187,0,0.34048745643929124,0.7310520176872926,25,late
25988,188,0,0.7845329394194778,0.5629425988432184,25,late
25989,189,0,0.8850574294706989,0.416731005732754,25,late
25990,190,0,0.7415606836767338,0.49331469963489916,25,late
25991,191,0,0.9799803820617056,0.6346552784183019,25,late
25992,192,0,0.9328398782794802,0.6320829297571092,25,late
25993,193,0,0.4401023008927541,0.7535064224744117,25,late
25994,194,0,0.9964765534753711,0.7046011669634861,25,late
25995,195,0,0.04407016918023509,0.7253650558071649,25,late
25996,196,0,0.9877354640993683,0.48581057201607647,25,late
25997,197,0,0.3735423491241891,0.8013402541197419,25,late
25998,198,0,0.2392242199284898,1.1494784135620277,25,late
25999,199,0,0.9635609561636732,0.6722154729523234,25,late
26000,0,0,0.044661125328120076,0.8172129573877316,26,interleaved
26001,1,0,0.49638848748333236,0.6286856042592821,26,interleaved
26002,2,0,0.37489004709055046,0.7734255645032911,26,interleaved
26003,3,0,0.33204145296258936,0.6445118412092381,26,interleaved
26004,4,0,0.10772677757995625,0.9500672907624291,26,interleaved
26005,5,0,0.4891394104269615,0.5250363396323968,26,interleaved
26006,6,0,0.642292086902368,0.7008257109381846,26,interleaved
26007,7,0,0.08320385910288568,0.9893551405930618,26,interleaved
26008,8,0,0.4975402574050001,1.0227312052761017,26,interleaved
26009,9,0,0.4628050641074741,0.6905518236992376,26,interleaved
26010,10,0,0.08079287790138086,0.8295079742080438,26,interleaved
26011,11,0,0.22561759551211025,1.05733763650763,26,interleaved
26012,12,0,0.9421529722526147,0.9470112099934298,26,interleaved
26013,13,0,0.0029343822823939135,0.9214336717052323,26,interleaved
26014,14,0,0.48985019139647346,0.8251205591222368,26,interleaved
26015,15,0,0.4034051753238332,0.7052172575534307,26,interleaved
26016,16,0,0.5363905566068349,0.8177199552942176,26,interleaved
26017,17,0,0.0037391842238024193,0.7110316726189864,26,interleaved
26018,18,0,0.5131424522674989,0.42580807136880544,26,interleaved
26019,19,0,0.454616428603076,0.5502220611865326,26,interleaved
26020,20,0,0.44393267534967656,0.8769238605284315,26,interleaved
26021,21,0,0.03207045084652473,0.833608865928013,26,interleaved
26022,22,0,0.8298298359956703,0.8869164105218255,26,interleaved
26023,23,0,0.010013298618545597,1.234960246740129,26,interleaved
26024,24,0,0.5002883771210325,0.8270341307845965,26,interleaved
26025,25,0,0.6299685031181264,0.7769503615127751,26,interleaved
26026,26,0,0.5168878531679408,0.792948696058793,26,interleaved
26027,27,0,0.3499869916983451,0.8252558562654244,26,interleaved
26028,28,0,0.008099571959401272,0.8282986140093798,26,interleaved
26029,29,0,0.15393071383684587,0.9527846868922436,26,interleaved
26030,30,0,0.6403075257518448,0.7875929079126307,26,interleaved
26031,31,0,0.5534333371724485,0.4564372179252006,26,interleaved
26032,32,0,0.45885548636536894,0.7081984541387805,26,interleaved
26033,33,0,0.5102464031113014,0.6320110947302595,26,interleaved
26034,34,0,0.8675298237607364,0.5097198639965973,26,interleaved
26035,35,0,0.1316588244213437,1.0437345830978388,26,interleaved
26036,36,0,0.4979099416836377,0.8342658809319086,26,interleaved
26037,37,0,0.9509469382085096,0.6209222405962795,26,interleaved
26038,38,0,0.17822648205955927,1.054285843415107,26,interleaved
26039,39,0,0.49895975088379096,0.5479283324428876,26,interleaved
26040,40,0,0.8439408610963135,0.6493550053405921,26,interleaved
26041,41,0,0.9776001801152305,0.5784256087374661,26,interleaved
26042,42,0,0.00824432498124792,0.7941550228505796,26,interleaved
26043,43,0,0.49858258178779,0.8264185314076735,26,interleaved
26044,44,0,0.9972524917315881,0.6337705756447944,26,interleaved
26045,45,0,0.9616769137318247,0.765684800549798,26,interleaved
26046,46,0,0.4358968501809575,1.3106613929476194,26,interleaved
26047,47,0,0.9480734596769849,0.6603039021222159,26,interleaved
26048,48,0,0.589711710836991,0.8709899849554357,26,interleaved
26049,49,0,0.011600205378736,1.0410309763777268,26,interleaved
26050,50,0,0.5874610337212733,0.9356616894476908,26,interleaved
26051,51,0,0.24876377208755396,0.5949178656162397,26,interleaved
26052,52,0,0.6520453770087271,0.7086032806460546,26,interleaved
26053,53,0,0.3137805212574512,0.522532401927063,26,interleaved
26054,54,0,0.9922682493332358,0.5876381426272879,26,interleaved
26055,55,0,0.013978082615969313,1.0013016635996368,26,interleaved
26056,56,0,0.33558469494928955,1.1194903171676627,26,interleaved
26057,57,0,0.510036270591124,0.7168361421943696,26,interleaved
26058,58,0,0.006842374982791395,0.7256171196255693,26,interleaved
26059,59,0,0.48682839742547745,0.6635646776527147,26,interleaved
26060,60,0,0.2739228730259061,0.47467486261431163,26,interleaved
26061,61,0,0.16952685679035834,0.5728996778320317,26,interleaved
26062,62,0,0.7853057465237818,0.6398623270592076,26,interleaved
26063,63,0,0.37854404746560705,0.8649093178819054,26,interleaved
26064,64,0,0.8124419824220459,0.5289753004015249,26,interleaved
26065,65,0,0.6965782706454504,0.7234335929170327,26,interleaved
26066,66,0,0.9885711881980433,0.6904830543385901,26,interleaved
26067,67,0,0.31722026507485096,0.6774388427530496,26,interleaved
26068,68,0,0.4983288421863773,0.6160097710894772,26,interleaved
26069,69,0,0.5179102635831025,0.7035910891258614,26,interleaved
26070,70,0,0.7585245794593278,0.8579271903629067,26,interleaved
26071,71,0,0.8749498929915362,0.4701944400135435,26,interleaved
26072,72,0,0.3588820489328764,0.5147570728346034,26,interleaved
26073,73,0,0.5323692169174776,0.7392877425661102,26,interleaved
26074,74,0,0.9444861096272426,0.7552097686717698,26,interleaved
26075,75,0,0.4873672831788085,0.6066235381868095,26,interleaved
26076,76,0,0.927080231382318,0.6651718529453108,26,interleaved
26077,77,0,0.46999296456643924,0.4728396352752697,26,interleaved
26078,78,0,0.33725740451323455,0.5874441185236108,26,interleaved
26079,79,0,0.5043882451725047,0.992312955066597,26,interleaved
26080,80,0,0.09930890326952914,0.771972652430581,26,interleaved
26081,81,0,0.4938261852720868,0.5862349189332127,26,interleaved
26082,82,0,0.9702813037871885,0.5158451431059096,26,interleaved
26083,83,0,0.13298895109620265,0.5384269347864932,26,interleaved
26084,84,0,0.9939642467586467,0.8450846642826646,26,interleaved
26085,85,0,0.5444951167395877,0.6202751430082665,26,interleaved
26086,86,0,0.5028016756161451,0.7626005483698626,26,interleaved
26087,87,0,0.49845330943628424,0.6690287473744811,26,interleaved
26088,88,0,0.7997866862133912,0.5950716586275611,26,interleaved
26089,89,0,0.04790745676196476,0.8559208474160738,26,interleaved
26090,90,0,0.5009756600339054,1.2653970236647947,26,interleaved
26091,91,0,0.5058205479810313,0.7979386295046824,26,interleaved
26092,92,0,0.8854316701065374,0.5160504536034586,26,interleaved
26093,93,0,0.10759708467559213,0.8765763014893118,26,interleaved
26094,94,0,0.5014212812610945,0.6800334631917206,26,interleaved
26095,95,0,0.499936051092688,0.8721594472611136,26,interleaved
26096,96,0,0.007925780147579928,1.2004124459175913,26,interleaved
26097,97,0,0.491842634898481,0.6760389452562394,26,interleaved
26098,98,0,0.15099307018682662,0.5156872967677273,26,interleaved
26099,99,0,0.425909247532802,0.47266216409455575,26,interleaved
26100,100,0,0.24179860170418838,0.7205890052032481,26,interleaved
26101,101,0,0.40147322178317557,0.640063173605032,26,interleaved
26102,102,0,0.7555084028343899,0.5624508649955895,26,interleaved
26103,103,0,0.48616790831404544,0.49927025777263534,26,interleaved
26104,104,0,0.3325886989387342,1.0718889954828676,26,interleaved
26105,105,0,0.40237824277472045,0.698971384885973,26,interleaved
26106,106,0,0.980111825353253,0.8708500303345605,26,interleaved
26107,107,0,0.5006418851794718,0.5884826479769742,26,interleaved
26108,108,0,0.42036452268754304,0.9058704307684023,26,interleaved
26109,109,0,0.4980310604501797,0.631834359551028,26,interleaved
26110,110,0,0.6681480867301193,0.8558682635966517,26,interleaved
26111,111,0,0.5081306574031186,0.581652302182728,26,interleaved
26112,112,0,0.5729316120475006,0.47199350920131294,26,interleaved
26113,113,0,0.18829976888564198,0.5449090851086298,26,interleaved
26114,114,0,0.6133696116863057,0.5078210126406479,26,interleaved
26115,115,0,0.3398980910221292,0.6576467761421794,26,interleaved
26116,116,0,0.0203839985777519,1.0102093508281937,26,interleaved
26117,117,0,0.20721193013563816,0.6082386265460034,26,interleaved
26118,118,0,0.47442530646074343,0.7152500386180467,26,interleaved
26119,119,0,0.5021012590433926,0.49662842458450396,26,interleaved
26120,120,0,0.7996107391191796,0.46947899448362584,26,interleaved
26121,121,0,0.5166730072817627,0.638342336983803,26,interleaved
26122,122,0,0.6868334474989196,0.8309810830600024,26,interleaved
26123,123,0,0.042392717316118156,0.6963736952747753,26,interleaved
26124,124,0,0.48701871336371394,0.7023305905678455,26,interleaved
26125,125,0,0.4830586979573556,0.5548794690361414,26,interleaved
26126,126,0,0.7879923062413574,0.5185201559552847,26,interleaved
26127,127,0,0.4989256641769867,0.5405491915925861,26,interleaved
26128,128,0,0.9999130432904149,0.9892856216260358,26,interleaved
26129,129,0,0.5214718423392719,0.5354979182603702,26,interleaved
26130,130,0,0.03061196834461466,0.7816527147830636,26,interleaved
26131,131,0,0.5112754591094836,0.5155496837026297,26,interleaved
26132,132,0,0.4408962658419217,0.8947943505023592,26,interleaved
26133,133,0,0.49934500442530694,0.9516717279122098,26,interleaved
26134,134,0,0.4282137971000191,0.4659784634529818,26,interleaved
26135,135,0,0.496704474581145,0.8273893653056357,26,interleaved
26136,136,0,0.3612606588279853,0.8182599269331627,26,interleaved
26137,137,0,0.497596855867311,0.9161540333385257,26,interleaved
26138,138,0,0.11486456009530473,0.7909643519712489,26,interleaved
26139,139,0,0.437380081384444,1.0174539894385828,26,interleaved
26140,140,0,0.005646493174217792,0.7725192294245451,26,interleaved
26141,141,0,0.5003291642046644,0.9129903575862546,26,interleaved
26142,142,0,0.04954023992717711,0.7199566758489966,26,interleaved
26143,143,0,0.8233427881284395,0.49036392507278326,26,interleaved
26144,144,0,0.7225098370403669,0.6611354233114508,26,interleaved
26145,145,0,0.5283040502391869,0.6186731330499264,26,interleaved
26146,146,0,0.07020152920287817,0.7678591685372778,26,interleaved
26147,147,0,0.4999091678772576,0.7302110974517091,26,interleaved
26148,148,0,0.5594398780028114,0.4568668888093288,26,interleaved
26149,149,0,0.3287278889575022,0.6107839686981922,26,interleaved
26150,150,0,0.410035080124309,0.6118034295818763,26,interleaved
26151,151,0,0.46209051482144303,0.6637966580271051,26,interleaved
26152,152,0,0.48142612294298764,0.9639288157877852,26,interleaved
26153,153,0,0.5144744856942343,0.43709714020822377,26,interleaved
26154,154,0,0.48519000810087154,0.8940390315057829,26,interleaved
26155,155,0,0.8568138406560364,0.6761297050806063,26,interleaved
26156,156,0,0.09072503238631757,0.41289161044922235,26,interleaved
26157,157,0,0.4939948807698137,0.6450851831000992,26,interleaved
26158,158,0,0.023607606005767383,0.9331379679950093,26,interleaved
26159,159,0,0.5027315901835762,0.6082317307237204,26,interleaved
26160,160,0,0.8771408010646853,0.6379425512635084,26,interleaved
26161,161,0,0.2481729735267475,0.4048881738460628,26,interleaved
26162,162,0,0.515590788749017,0.4724050266074985,26,interleaved
26163,163,0,0.5689721207183798,0.4485628945025504,26,interleaved
26164,164,0,0.46076589856714895,0.6577657057216895,26,interleaved
26165,165,0,0.9976226116076565,0.8098575965468456,26,interleaved
26166,166,0,0.4705968843912032,0.6227378475904453,26,interleaved
26167,167,0,0.2675442850282371,0.7204903617821685,26,interleaved
26168,168,0,0.5470254960719394,0.4882425873894373,26,interleaved
26169,169,0,0.5024570283093631,0.40108722323440427,26,interleaved
26170,170,0,0.5035783823356011,0.4389568057355253,26,interleaved
26171,171,0,0.0008129376364986068,0.8599409945200369,26,interleaved
26172,172,0,0.0015188733743369963,0.6939981060130995,26,interleaved
26173,173,0,0.34744283234323414,1.082871424621477,26,interleaved
26174,174,0,0.49929796929517906,1.3449883106710545,26,interleaved
26175,175,0,0.9452495988564222,0.6748943167186524,26,interleaved
26176,176,0,0.4670807965433962,0.5720229788962916,26,interleaved
26177,177,0,0.24528416463595357,0.6129748910716871,26,interleaved
26178,178,0,0.8097796277621164,0.5408102041912031,26,interleaved
26179,179,0,0.2416538997464147,0.5863477707285156,26,interleaved
26180,180,0,0.240957607927294,0.7934140709143848,26,interleaved
26181,181,0,0.3026160971680307,0.5159023900061743,26,interleaved
26182,182,0,0.0002617900558311425,1.0733693240182471,26,interleaved
26183,183,0,0.4297974548894739,0.851319456972136,26,interleaved
26184,184,0,0.5131163546958442,0.48748983604461604,26,interleaved
26185,185,0,0.12897991951532894,0.5832418667894361,26,interleaved
26186,186,0,0.4339146979553509,0.5675624301363643,26,interleaved
26187,187,0,0.07021799368245236,0.7623076107719904,26,interleaved
26188,188,0,0.0009348599283258362,0.5954133412687,26,interleaved
26189,189,0,0.8055551179381277,0.42883347910551733,26,interleaved
26190,190,0,0.8386361952176514,0.3620316382525356,26,interleaved
26191,191,0,0.6071898173249959,0.3637763337529927,26,interleaved
26192,192,0,0.5710851415674425,0.45002931851652395,26,interleaved
26193,193,0,0.4826083498682175,0.6587266403506546,26,interleaved
26194,194,0,0.5447282896245799,0.6004276954247305,26,interleaved
26195,195,0,0.5688097712759137,0.579749648435064,26,interleaved
26196,196,0,0.619671665612371,0.5473246616080594,26,interleaved
26197,197,0,0.504535529854071,0.7969032798444352,26,interleaved
26198,198,0,0.4389748708562299,0.4612070818792178,26,interleaved
26199,199,0,0.1158695969620711,0.5919777410220314,26,interleaved
26200,0,0,0.7058790199934393,0.43830683650730246,26,blocked
26201,1,0,0.49488492411924456,0.7279385752477965,26,blocked
26202,2,0,0.6619575794827887,0.646665598926727,26,blocked
26203,3,0,0.5155108485985777,0.56733219272562,26,blocked
26204,4,0,0.9376108742764842,0.4444039250675291,26,blocked
26205,5,0,0.9587572682715346,0.5585026015987276,26,blocked
26206,6,0,0.9948000117695559,0.5063448627263394,26,blocked
26207,7,0,0.004263412653958048,0.8391435849006208,26,blocked
26208,8,0,0.9751575568667674,0.5107894976534029,26,blocked
26209,9,0,0.5749504154942282,0.5260093754712647,26,blocked
26210,10,0,0.5976515655285906,0.5850251638047024,26,blocked
26211,11,0,0.10531784885406577,0.750209431052242,26,blocked
26212,12,0,0.006404782421065822,0.7475637387971199,26,blocked
26213,13,0,0.07430508519614765,0.4183942046496334,26,blocked
26214,14,0,0.5533901562060827,0.7836333643813167,26,blocked
26215,15,0,0.911093367673881,0.6011476430087319,26,blocked
26216,16,0,0.8316288833509018,0.4068113395812241,26,blocked
26217,17,0,0.4615372779387167,0.8976447644509,26,blocked
26218,18,0,0.8187888932513667,0.6022786676525669,26,blocked
26219,19,0,0.3966623120915365,0.7616496862094361,26,blocked
26220,20,0,0.19020125710422958,0.8855932851274928,26,blocked
26221,21,0,0.9146618193868993,0.34376884095309745,26,blocked
26222,22,0,0.060325197125842854,0.7786403972318743,26,blocked
26223,23,0,0.9012462412748681,0.4864889626848481,26,blocked
26224,24,0,0.9819405824912805,0.6105662041899774,26,blocked
26225,25,0,0.3247788317055769,0.7275315789291967,26,blocked
26226,26,0,0.0373835155328533,0.7746769454284128,26,blocked
26227,27,0,0.4421149012616344,0.5033614578555605,26,blocked
26228,28,0,0.9745480638388262,0.4761779871481787,26,blocked
26229,29,0,0.9993977358041348,0.5281221855004978,26,blocked
26230,30,0,0.05549204680679297,0.9432136608186161,26,blocked
26231,31,0,0.9927237032296943,0.6824872695661766,26,blocked
26232,32,0,0.6033957917605942,0.683751990160023,26,blocked
26233,33,0,0.44897669501817,0.5037549099846825,26,blocked
26234,34,0,0.8915925651871719,0.6269051160777741,26,blocked
26235,35,0,0.9985977238369224,0.5575742606527618,26,blocked
26236,36,0,0.5987328976049852,0.5223583555338972,26,blocked
26237,37,0,0.5096128086272843,1.0152373186626868,26,blocked
26238,38,0,0.8775018999518689,0.7871041312867522,26,blocked
26239,39,0,0.2654347309235179,0.42436727601862234,26,blocked
26240,40,0,0.0575907196418274,0.6749921368791231,26,blocked
26241,41,0,0.9734856737407964,0.38184570792579964,26,blocked
26242,42,0,0.49507735614363924,0.9628022911785723,26,blocked
26243,43,0,0.010746482134880072,0.9220363684243214,26,blocked
26244,44,0,0.95596925138834,0.5511310675920245,26,blocked
26245,45,0,0.5291061592950369,0.539834063790379,26,blocked
26246,46,0,0.01916481452946535,0.7846502860054121,26,blocked
26247,47,0,0.871067376392161,0.387228073502093,26,blocked
26248,48,0,0.22945850995427985,0.7782731186922145,26,blocked
26249,49,0,0.49485248562921225,0.45983546200803505,26,blocked
26250,50,0,0.7855350143794204,0.502858129936054,26,blocked
26251,51,0,0.9744076591411186,0.5301020665969169,26,blocked
26252,52,0,0.11081093510404248,0.6052862273898386,26,blocked
26253,53,0,0.29475664616886577,0.6799396399185272,26,blocked
26254,54,0,0.8248341322006972,0.8490758873752999,26,blocked
26255,55,0,0.9384113903628717,0.8532311751905881,26,blocked
26256,56,0,0.22840186522110906,0.6137065926175331,26,blocked
26257,57,0,0.19622198757273976,0.892553533924114,26,blocked
26258,58,0,0.9743424019691534,0.6242220361006199,26,blocked
26259,59,0,0.5441782398839536,0.6001052299072196,26,blocked
26260,60,0,0.3124726727623874,0.8602463762809207,26,blocked
26261,61,0,0.5168867654726907,0.6583650924400246,26,blocked
26262,62,0,0.975107776789488,0.40616256708431997,26,blocked
26263,63,0,0.16804444045028172,0.6971874425422742,26,blocked
26264,64,0,0.499351706630362,0.8575045216384962,26,blocked
26265,65,0,0.000503443141627715,1.0344527930419456,26,blocked
26266,66,0,0.8707099506415439,0.4827668449351131,26,blocked
26267,67,0,0.18506168329018635,0.742169970185961,26,blocked
26268,68,0,0.4212176508980374,0.8573356252552231,26,blocked
26269,69,0,0.9807977975192559,0.6592917376848808,26,blocked
26270,70,0,0.4843608864924318,0.6820220493636322,26,blocked
26271,71,0,0.4996502468935139,0.7989472580723442,26,blocked
26272,72,0,0.6212594257683437,0.27127894252746854,26,blocked
26273,73,0,0.9983021970267298,0.5766807106894238,26,blocked
26274,74,0,0.7920726143063535,0.4338389054021767,26,blocked
26275,75,0,0.49143799304858865,0.8339078390890804,26,blocked
26276,76,0,0.7042135728186845,0.38923828143423606,26,blocked
26277,77,0,0.5074382058615692,0.6542775421759892,26,blocked
26278,78,0,0.627664859892713,0.5265839372286873,26,blocked
26279,79,0,0.500112657609801,0.8123125959824522,26,blocked
26280,80,0,0.7323990006603595,0.5953197523416369,26,blocked
26281,81,0,0.7102807216394124,1.259408010127911,26,blocked
26282,82,0,0.4887581667815008,0.8042754620159678,26,blocked
26283,83,0,0.9727516015526082,0.6125339630223653,26,blocked
26284,84,0,0.992312904042565,0.8044732660970886,26,blocked
26285,85,0,0.9231921623881221,0.8697164347079036,26,blocked
26286,86,0,0.780434145552537,0.5110526762808602,26,blocked
26287,87,0,0.5523773923750723,0.5824410398579128,26,blocked
26288,88,0,0.4407953273109804,0.7213474209291841,26,blocked
26289,89,0,0.2594859472714571,0.5240530802630345,26,blocked
26290,90,0,0.8914405372196758,0.4657364089405866,26,blocked
26291,91,0,0.829899449753335,0.759996317105691,26,blocked
26292,92,0,0.7454404108596073,0.735360829721707,26,blocked
26293,93,0,0.9845062333886779,0.5509449194375884,26,blocked
26294,94,0,0.9601552361870088,0.6255661610838383,26,blocked
26295,95,0,0.9881632677152223,0.4656497632154758,26,blocked
26296,96,0,0.3528015518596134,0.6052031167615709,26,blocked
26297,97,0,0.9885924539672486,0.8509481890823205,26,blocked
26298,98,0,0.9954379343369388,0.7005777327967144,26,blocked
26299,99,0,0.7960307412147885,0.6668780240740824,26,blocked
26300,100,0,0.673524532439812,0.5527993428488172,26,blocked
26301,101,0,0.006384503486260661,0.7258331863385017,26,blocked
26302,102,0,0.9987683589187373,0.44813791637547784,26,blocked
26303,103,0,0.9799538881275844,0.536041192208107,26,blocked
26304,104,0,0.9732512453389871,0.3746534978612521,26,blocked
26305,105,0,0.5342858758147564,0.3400827907860224,26,blocked
26306,106,0,0.9926873910333494,0.5285174415949186,26,blocked
26307,107,0,0.09062453085740454,0.5975921687732979,26,blocked
26308,108,0,0.9373238746839567,0.5069262040825496,26,blocked
26309,109,0,0.9950340266773223,0.4000460537303471,26,blocked
26310,110,0,0.9285308933098322,0.3337897540870919,26,blocked
26311,111,0,0.9962854594225397,0.33837214191406867,26,blocked
26312,112,0,0.9952883800143488,0.6496004982821175,26,blocked
26313,113,0,0.2952105200929407,0.7279521672908587,26,blocked
26314,114,0,0.9747091510560617,0.5072352511735355,26,blocked
26315,115,0,0.9309196294933392,0.6170384969876921,26,blocked
26316,116,0,0.9896641678460103,0.5304846005045407,26,blocked
26317,117,0,0.981210810288808,0.7448276402336798,26,blocked
26318,118,0,0.9528120072196399,0.5236629453285067,26,blocked
26319,119,0,0.997854701013567,0.5108143384972961,26,blocked
26320,120,0,0.15665781551786548,0.7882316301320165,26,blocked
26321,121,0,0.5346821733625833,0.6844465354694548,26,blocked
26322,122,0,0.24966077871509174,0.4129229410836674,26,blocked
26323,123,0,0.8800111096881905,0.5096285353546145,26,blocked
26324,124,0,0.26156486692254277,0.6873071838287784,26,blocked
26325,125,0,0.6580033314556406,0.5839798039412962,26,blocked
26326,126,0,0.8407941305477997,0.5132186084567324,26,blocked
26327,127,0,0.058946051489247975,0.7143205942235951,26,blocked
26328,128,0,0.42755174514982286,0.6917175138926117,26,blocked
26329,129,0,0.49535647568501917,0.938300248196146,26,blocked
26330,130,0,0.5079703696013697,1.0010708111945354,26,blocked
26331,131,0,0.6971581892907861,0.436985268460113,26,blocked
26332,132,0,0.4915378483695171,0.89229265255098,26,blocked
26333,133,0,0.7284606191789185,0.6902069574455029,26,blocked
26334,134,0,0.018211977390780735,0.5532555303326847,26,blocked
26335,135,0,0.6028924876283418,0.42788579993181086,26,blocked
26336,136,0,0.9836972337055033,0.38727303915531386,26,blocked
26337,137,0,0.4568551990371225,0.7477368793356733,26,blocked
26338,138,0,0.7952973702526087,0.979908279219803,26,blocked
26339,139,0,0.602305214498853,0.5212393713034531,26,blocked
26340,140,0,0.9608496478496611,0.31839831512099037,26,blocked
26341,141,0,0.6860405430180336,0.6613122734266392,26,blocked
26342,142,0,0.9943632799494322,0.4503717023523591,26,blocked
26343,143,0,0.9161327507092076,0.7358938039760965,26,blocked
26344,144,0,0.9822171160128781,0.7799005355894678,26,blocked
26345,145,0,0.8234339444944421,0.4328496138795441,26,blocked
26346,146,0,0.4999179772303709,0.5554749237606051,26,blocked
26347,147,0,0.8919979046780695,0.4920247767767131,26,blocked
26348,148,0,0.8668350202093327,0.36563439086017663,26,blocked
26349,149,0,0.2425377400246429,0.47606712242074384,26,blocked
26350,150,0,0.46289307633149424,0.808081844457006,26,blocked
26351,151,0,0.5028627741959303,0.8888384802964788,26,blocked
26352,152,0,0.49599288028472627,1.0081282178975561,26,blocked
26353,153,0,0.9928925134722139,0.442741815315183,26,blocked
26354,154,0,0.9412987814949848,0.5538756537231856,26,blocked
26355,155,0,0.48683473794390386,0.9309195479811962,26,blocked
26356,156,0,0.9940123649024888,0.35748701032460983,26,blocked
26357,157,0,0.48804504376590707,0.7965833652900006,26,blocked
26358,158,0,0.4473548436602833,0.8426152038490828,26,blocked
26359,159,0,0.9722200211665983,0.5792186016531642,26,blocked
26360,160,0,0.49925696605942277,0.9329623986082782,26,blocked
26361,161,0,0.5030711633051769,0.7887700769452131,26,blocked
26362,162,0,0.8413824465554431,0.41360785700838626,26,blocked
26363,163,0,0.1952125471658685,0.6098711354300419,26,blocked
26364,164,0,0.8744187498712659,0.49558340997402045,26,blocked
26365,165,0,0.833079478260945,0.6726503532444721,26,blocked
26366,166,0,0.5392599873576639,0.605626748448867,26,blocked
26367,167,0,0.991487743785683,0.5079271476927768,26,blocked
26368,168,0,0.4334929791175745,0.5361040069557828,26,blocked
26369,169,0,0.9674161875954121,0.6434016215153844,26,blocked
26370,170,0,0.5035091241973206,0.7553329863082425,26,blocked
26371,171,0,0.9675596705244365,0.42583210578310593,26,blocked
26372,172,0,0.5679075031396654,0.5498567867225086,26,blocked
26373,173,0,0.6600644298480973,0.7775697504942032,26,blocked
26374,174,0,0.717812842961798,1.0041772063505796,26,blocked
26375,175,0,0.9516909591254361,0.8073958503183754,26,blocked
26376,176,0,0.39418089717412236,0.6329217884753185,26,blocked
26377,177,0,0.9980739373560559,0.721098861494491,26,blocked
26378,178,0,0.9699525957605811,0.19719897534944753,26,blocked
26379,179,0,0.03804580645169419,0.6364203095077502,26,blocked
26380,180,0,0.7205437620797785,0.5254723196988507,26,blocked
26381,181,0,0.9052071200477811,0.48613151130447496,26,blocked
26382,182,0,0.37814302159890595,0.5233314780680213,26,blocked
26383,183,0,0.37266020851990134,0.6933782821996111,26,blocked
26384,184,0,0.9980842779424057,1.2829745552395562,26,blocked
26385,185,0,0.4333793339980999,0.8332853909810438,26,blocked
26386,186,0,0.6814630447408794,0.4009679239303902,26,blocked
26387,187,0,0.5415137311715355,0.43958827606754003,26,blocked
26388,188,0,0.507146464050826,0.8036306029691149,26,blocked
26389,189,0,0.7548366644141646,0.5402233411526617,26,blocked
26390,190,0,0.9368615693989414,0.8352451563690069,26,blocked
26391,191,0,0.7563960100022695,0.5697695007997708,26,blocked
26392,192,0,0.9717006109158224,0.45871647699447987,26,blocked
26393,193,0,0.5038394578664771,0.504811039969254,26,blocked
26394,194,0,0.5078149480095511,0.7738316380830446,26,blocked
26395,195,0,0.4773576675355358,0.7049662740988633,26,blocked
26396,196,0,0.5231544633825924,0.4517263094519608,26,blocked
26397,197,0,0.3213873446023927,0.7542512496819421,26,blocked
26398,198,0,0.680067798020281,0.5708141257548315,26,blocked
26399,199,0,0.46109353434836087,0.7468173038389272,26,blocked
26400,0,0,0.5181452777346622,0.7966832896906212,26,early
26401,1,0,0.9482527558579588,0.8461684853845379,26,early
26402,2,0,0.6523597140531943,0.7954213260978418,26,early
26403,3,0,0.15492991104836945,0.7238233984673277,26,early
26404,4,0,0.09905479104120243,0.5584371109855679,26,early
26405,5,0,0.5920870346750959,0.6687377581252169,26,early
26406,6,0,0.5356044376462031,0.9377523440923259,26,early
26407,7,0,0.04722182571246426,0.6108023722617556,26,early
26408,8,0,0.6765047288671,0.9174739066113515,26,early
26409,9,0,0.29428704343998296,0.9197485130558536,26,early
26410,10,0,0.9448369710457842,0.6164668989786464,26,early
26411,11,0,0.16514260155286747,0.6754748579052618,26,early
26412,12,0,0.523746984158049,0.8529877473397527,26,early
26413,13,0,0.9070115938892815,0.4078377137831995,26,early
26414,14,0,0.41906283379191156,0.9016410881914629,26,early
26415,15,0,0.9924328433945953,0.7151542192740508,26,early
26416,16,0,0.43307360660203503,0.6346746682657082,26,early
26417,17,0,0.5223814540182051,0.6875221558455047,26,early
26418,18,0,0.9922129627953103,0.8846227818192316,26,early
26419,19,0,0.3595496194165969,0.8037937754149982,26,early
26420,20,0,0.507171609717253,0.9269619211423261,26,early
26421,21,0,0.5048163822863797,0.7924699361174985,26,early
26422,22,0,0.9918450202150288,0.359172757825421,26,early
26423,23,0,0.9958533790008046,0.6586844672801664,26,early
26424,24,0,0.4002124615167622,0.8310683324644462,26,early
26425,25,0,0.4909067893028536,0.8101602328516836,26,early
26426,26,0,0.9859150179441966,1.2635993661391196,26,early
26427,27,0,0.8293977128894512,0.873838454398929,26,early
26428,28,0,0.4245165816478923,1.1597705489711787,26,early
26429,29,0,0.5003328208768882,1.1124353812434862,26,early
26430,30,0,0.5181520692346328,0.551215991412171,26,early
26431,31,0,0.5733221421016609,0.9081449805090386,26,early
26432,32,0,0.5762337615971457,0.6818029448742329,26,early
26433,33,0,0.723158538019842,0.7764330176239732,26,early
26434,34,0,0.49956752496064144,1.0218548642766236,26,early
26435,35,0,0.49947138317970846,0.9410506190434411,26,early
26436,36,0,0.6524266533351161,0.6498415351709801,26,early
26437,37,0,0.9917228344552051,0.8264380624892078,26,early
26438,38,0,0.9765252791974306,0.40778902463345723,26,early
26439,39,0,0.9012705254209031,0.5680243044501843,26,early
26440,40,0,0.0003750550683204748,1.173433726741185,26,early
26441,41,0,0.9956669745710613,0.5306323021960131,26,early
26442,42,0,0.0012178331413083636,1.0836004774670394,26,early
26443,43,0,0.0024570299787594323,0.7844091988092403,26,early
26444,44,0,0.9518402067906989,0.43895531209894945,26,early
26445,45,0,0.00044842097528679544,1.1110959377781884,26,early
26446,46,0,0.0667126732805384,0.6720826105635125,26,early
26447,47,0,0.9739228913539837,0.5736780819152165,26,early
26448,48,0,0.2946186441584403,0.4884850757129401,26,early
26449,49,0,0.04378306487729556,0.7799784280409041,26,early
26450,50,0,0.8829457864844829,0.4968914577321413,26,early
26451,51,0,0.9783636573780756,0.6159387319248127,26,early
26452,52,0,0.9973821970880647,0.7427128282653694,26,early
26453,53,0,0.9368173374237678,0.49896189445231987,26,early
26454,54,0,0.5489147497424471,0.5500998775848844,26,early
26455,55,0,0.8038365029449563,0.9630078774238305,26,early
26456,56,0,0.8587075927255283,0.6600472346340556,26,early
26457,57,0,0.9792259443117228,0.7114630679827759,26,early
26458,58,0,0.827692239323754,0.7718167901444435,26,early
26459,59,0,0.5986922817384901,0.6619102598822159,26,early
26460,60,0,0.6606607811989568,0.6046459940515692,26,early
26461,61,0,0.29541381577942777,0.7043498358764873,26,early
26462,62,0,0.12466666847394665,0.6364507025708893,26,early
26463,63,0,0.6850973480225953,0.38592116434275514,26,early
26464,64,0,0.08195198844343765,0.8814478455138388,26,early
26465,65,0,0.0512897523218001,0.6571410801431232,26,early
26466,66,0,0.6389380748316261,0.5768551436693878,26,early
26467,67,0,0.00131575787652473,1.3810599599112643,26,early
26468,68,0,0.38292010141721466,1.05321165025975,26,early
26469,69,0,0.9841787946490212,0.5162239124967235,26,early
26470,70,0,0.30327239678387036,1.0322318810417244,26,early
26471,71,0,0.8073262719296822,0.38302842089411115,26,early
26472,72,0,0.8329612593347984,0.7036692940149267,26,early
26473,73,0,0.9843110104961885,0.5742206045982186,26,early
26474,74,0,0.9951036120896375,0.6096026604834424,26,early
26475,75,0,0.9967262721785701,0.6723011840349535,26,early
26476,76,0,0.8187052169843261,1.0927508043453695,26,early
26477,77,0,0.5787332299260857,0.9278043459988274,26,early
26478,78,0,0.5266925322306043,0.4139536773923014,26,early
26479,79,0,0.9845302021835323,0.4219755354449979,26,early
26480,80,0,0.4966657103901641,1.1440017526410178,26,early
26481,81,0,0.8075963349208052,0.5663891000263401,26,early
26482,82,0,0.7099493434810266,0.8223324347433989,26,early
26483,83,0,0.9404881723045622,0.4110258302213313,26,early
26484,84,0,0.0035202395174136107,1.187923379200199,26,early
26485,85,0,0.9032761042566478,0.4351122066557749,26,early
26486,86,0,0.5076122840383829,0.7199170046634417,26,early
26487,87,0,0.44240452328238344,0.6677599634010649,26,early
26488,88,0,0.498824630972012,0.8057736637108579,26,early
26489,89,0,0.023971999450457204,1.0946747264342385,26,early
26490,90,0,0.9596791782290934,0.5945091359935573,26,early
26491,91,0,0.37138063342815897,1.0228515588131737,26,early
26492,92,0,0.4992475132563389,1.0905033851901393,26,early
26493,93,0,0.1729655875577423,0.759162796544514,26,early
26494,94,0,0.3704304347756068,0.7739899177555631,26,early
26495,95,0,0.9732630653176809,0.6912223386482763,26,early
26496,96,0,0.7458045529815198,0.7376985927941488,26,early
26497,97,0,0.7339556684623809,0.4411272185877612,26,early
26498,98,0,0.502750583289543,0.9697818414958747,26,early
26499,99,0,0.0175955646193973,0.9825047582767582,26,early
26500,100,0,0.5044962728681018,0.814943955371132,26,early
26501,101,0,0.3490486893338064,0.6136279020160388,26,early
26502,102,0,0.5498185865767503,0.5836679605478876,26,early
26503,103,0,0.5560168286154296,0.6477444906640142,26,early
26504,104,0,0.38646088269990797,0.6404943835272001,26,early
26505,105,0,0.50339648906672,0.6617597194316249,26,early
26506,106,0,0.6346255061488341,0.7511084895726674,26,early
26507,107,0,0.3844179260786636,0.8444682136580242,26,early
26508,108,0,0.6093974023238955,0.6655651277810641,26,early
26509,109,0,0.2270277712247329,1.0411271589468023,26,early
26510,110,0,0.5257337910449214,0.9009801210113328,26,early
26511,111,0,0.9529298000639583,0.7185147099399423,26,early
26512,112,0,0.9088603193860612,0.4648375709801599,26,early
26513,113,0,0.9717990694275211,0.494443949552957,26,early
26514,114,0,0.7402353435625675,0.5316411438780798,26,early
26515,115,0,0.542431333568222,0.5944097026110309,26,early
26516,116,0,0.8364849228993783,0.8217054378473643,26,early
26517,117,0,0.9261764749007027,0.8382598336490549,26,early
26518,118,0,0.4491144661993047,1.105535775563666,26,early
26519,119,0,0.5722622978862609,1.0564417467648148,26,early
26520,120,0,0.946999929409643,0.7507801274004438,26,early
26521,121,0,0.770842144986607,0.5083373993771703,26,early
26522,122,0,0.7702222422850744,0.5301323953565341,26,early
26523,123,0,0.7951488491251641,0.5638639247844286,26,early
26524,124,0,0.9815202209787619,0.3935003928239636,26,early
26525,125,0,0.9672075330567763,0.5301928697905768,26,early
26526,126,0,0.49793578621955914,0.7173530288628003,26,early
26527,127,0,0.9881095755474745,0.7952364984632616,26,early
26528,128,0,0.49977753522383495,1.052513338782984,26,early
26529,129,0,0.9899741275547052,0.6569428406129141,26,early
26530,130,0,0.5202192557152825,0.5894539503320319,26,early
26531,131,0,0.3207751103342331,0.9130955696489784,26,early
26532,132,0,0.5805454094664718,0.7055798899548116,26,early
26533,133,0,0.7782856228716296,0.4752178262258537,26,early
26534,134,0,0.8357426785587119,0.7313935625546066,26,early
26535,135,0,0.9991952116486206,0.7515854072208458,26,early
26536,136,0,0.5134552122359121,0.8324339023621975,26,early
26537,137,0,0.9994632023362451,0.8220716661000043,26,early
26538,138,0,0.5085212200558308,0.9442428657459994,26,early
26539,139,0,0.8545664616356042,0.7590515507978857,26,early
26540,140,0,0.5079512705520808,0.8097341433599547,26,early
26541,141,0,0.9165599358729386,0.6572548514265271,26,early
26542,142,0,0.5137361556354874,0.45364087030002487,26,early
26543,143,0,0.17387536127839426,0.9044246130088238,26,early
26544,144,0,0.5002779151920163,0.9398089145354229,26,early
26545,145,0,0.9838565058881891,0.9375932352014062,26,early
26546,146,0,0.47365634440546117,0.7385459677694768,26,early
26547,147,0,0.622931759462601,0.8979426721499134,26,early
26548,148,0,0.9855858578333636,0.5574085216606146,26,early
26549,149,0,0.8621197330631807,0.8433602401401912,26,early
26550,150,0,0.4658081184352741,1.0276871999452906,26,early
26551,151,0,0.48186869311263136,0.8454242312703126,26,early
26552,152,0,0.6551248565424139,0.44512273000276653,26,early
26553,153,0,0.14813029613915202,0.566678953908528,26,early
26554,154,0,0.9885473732940656,0.5514475177130471,26,early
26555,155,0,0.6965287639286138,0.47901540442345636,26,early
26556,156,0,0.504961201727514,0.8492450623492425,26,early
26557,157,0,0.3401489902704928,1.1467242318341326,26,early
26558,158,0,0.5000469355427655,1.1182327215274483,26,early
26559,159,0,0.9973589329580477,0.7246460385917226,26,early
26560,160,0,0.4993080686476884,0.8592413442885418,26,early
26561,161,0,0.11216501908935177,0.7462097244335166,26,early
26562,162,0,0.4916047759664003,0.8266120660919354,26,early
26563,163,0,0.9999956167218873,0.8584712788190785,26,early
26564,164,0,0.4383885707066367,0.8113105781954622,26,early
26565,165,0,0.5823005453014325,0.5052868656656232,26,early
26566,166,0,0.7994783861099952,0.5735032391844201,26,early
26567,167,0,0.3807040099068836,0.9021571154022581,26,early
26568,168,0,0.20468791548566034,0.6089687287264591,26,early
26569,169,0,0.474736030309967,0.9046791768054215,26,early
26570,170,0,0.9958415007496304,0.3071450138537254,26,early
26571,171,0,0.8760992876167945,0.39349318847957804,26,early
26572,172,0,0.519095707944192,0.8463385874816634,26,early
26573,173,0,0.7097819182465769,0.3731384909621673,26,early
26574,174,0,0.568864193925594,1.0195000362218793,26,early
26575,175,0,0.030341839888307954,0.8618536702920988,26,early
26576,176,0,0.5009180773130444,0.6635139387886118,26,early
26577,177,0,0.4929324707615642,0.761438753534204,26,early
26578,178,0,0.998689915552067,0.48058446062261884,26,early
26579,179,0,0.7164325747426645,0.5116306585925694,26,early
26580,180,0,0.5876491296499577,0.5695265434466883,26,early
26581,181,0,0.9342204398899827,0.5204664316843032,26,early
26582,182,0,0.5327555299014866,0.3586611865824373,26,early
26583,183,0,0.9726740968662272,0.7318535275313804,26,early
26584,184,0,0.7832103243125188,0.702498805808772,26,early
26585,185,0,0.5040402702136295,0.5429630730543256,26,early
26586,186,0,0.47406814547266246,0.7506369537194213,26,early
26587,187,0,0.6150027587897877,0.6544243564357877,26,early
26588,188,0,0.44542774416699027,0.6992987747118355,26,early
26589,189,0,0.9999444790413925,0.7948078119984838,26,early
26590,190,0,0.37089220894572167,0.6956419992726485,26,early
26591,191,0,0.9980260096884419,0.7445926779157674,26,early
26592,192,0,0.9084763911982316,0.5984289985852684,26,early
26593,193,0,0.999746046971334,0.4839949208412439,26,early
26594,194,0,0.39563676865805325,0.5150658195019885,26,early
26595,195,0,0.5859155134371525,0.5454350774002891,26,early
26596,196,0,0.5951488631817339,0.6334241143169919,26,early
26597,197,0,0.9978726287399046,0.5367747308246562,26,early
26598,198,0,0.987090033353341,1.0501362549087299,26,early
26599,199,0,0.9446060419220897,0.5760919489698662,26,early
26600,0,0,0.5584147765621732,0.8003764970154688,26,middle
26601,1,0,0.4395492260932779,0.46576296743043016,26,middle
26602,2,0,0.49028506120663595,0.6184096079282582,26,middle
26603,3,0,0.7845790327499147,0.48917638721260787,26,middle
26604,4,0,0.1845646282730192,0.6428156258178185,26,middle
26605,5,0,0.37081048881962225,0.9544143341333446,26,middle
26606,6,0,0.37665355815873575,0.6578957542744943,26,middle
26607,7,0,0.5023270172688389,0.5807685128042628,26,middle
26608,8,0,0.49502806035079,0.7755037104506861,26,middle
26609,9,0,0.42765332272679263,0.6923577030860165,26,middle
26610,10,0,0.3682122068923614,0.6933604134922221,26,middle
26611,11,0,0.7763980023231931,0.6656084896125831,26,middle
26612,12,0,0.7834462284053829,0.6381411874164364,26,middle
26613,13,0,0.41797077028651014,0.8170619120687269,26,middle
26614,14,0,0.07650481147226498,0.7945047367131255,26,middle
26615,15,0,0.33140792226893734,0.5419181175949321,26,middle
26616,16,0,0.006025587824425799,0.7946648169694308,26,middle
26617,17,0,0.6247172147588265,0.5456912694414247,26,middle
26618,18,0,0.7016868204832197,0.33377493909718425,26,middle
26619,19,0,0.44732839253716006,0.4585322485671004,26,middle
26620,20,0,0.999559845514179,0.6014580154622373,26,middle
26621,21,0,0.41734870204946095,0.7274163063803967,26,middle
26622,22,0,0.05346545785497452,0.7259232762885204,26,middle
26623,23,0,0.7523515129297051,0.7797160634699727,26,middle
26624,24,0,0.9318650512895457,0.47955846789247025,26,middle
26625,25,0,0.5026438665088758,0.7695781316401917,26,middle
26626,26,0,0.8408851790769243,0.6100902824044747,26,middle
26627,27,0,0.13869477950418568,0.6771910512478772,26,middle
26628,28,0,0.5042867813209946,0.8066138352294943,26,middle
26629,29,0,0.2077276344407609,0.7549585101005531,26,middle
26630,30,0,0.500078751506288,0.9369988923262021,26,middle
26631,31,0,0.25743457996537583,0.5584303851912353,26,middle
26632,32,0,0.513193978922663,0.7592652676181871,26,middle
26633,33,0,0.5924119160653192,0.39595663095469136,26,middle
26634,34,0,0.33599950277396184,0.7660581648603343,26,middle
26635,35,0,0.4866948736562299,0.6552303502904728,26,middle
26636,36,0,0.8561452477987901,0.5058698412285128,26,middle
26637,37,0,0.766853173698891,0.3463135959056204,26,middle
26638,38,0,0.6113921028676231,0.6660635203333443,26,middle
26639,39,0,0.5855465551067133,0.7961708610491864,26,middle
26640,40,0,0.8562166126824474,0.535161933442782,26,middle
26641,41,0,0.4996523700002752,1.3473389461032625,26,middle
26642,42,0,0.06865462460957975,0.913734961481065,26,middle
26643,43,0,0.009053196648674334,0.8008270226071277,26,middle
26644,44,0,0.9875885249254713,0.60249479866865,26,middle
26645,45,0,0.5092272570590725,0.6600485257982189,26,middle
26646,46,0,0.6408311217687896,0.5457152423927725,26,middle
26647,47,0,0.9689013083320676,0.6841334790709397,26,middle
26648,48,0,0.29856406080864456,0.3820007782721613,26,middle
26649,49,0,0.6507270884920067,0.6272008005769576,26,middle
26650,50,0,0.9990386108854519,0.8478737718442244,26,middle
26651,51,0,0.0614053121314563,0.8981785690591786,26,middle
26652,52,0,0.0393269211963954,0.678647594136269,26,middle
26653,53,0,0.003917966898413878,0.9426237923734642,26,middle
26654,54,0,0.590247117172362,0.4695726471898183,26,middle
26655,55,0,0.9935419067791234,0.6259981855202574,26,middle
26656,56,0,0.6262762586705044,0.36194403065907277,26,middle
26657,57,0,0.4750014487655162,0.6446855289088993,26,middle
26658,58,0,0.8916917099473165,0.6198302678770578,26,middle
26659,59,0,0.9990477291273173,1.0203530553744327,26,middle
26660,60,0,0.8260884680763372,0.43144773609704834,26,middle
26661,61,0,0.01634130058595985,0.5550536281206516,26,middle
26662,62,0,0.972910871060349,0.7034232377238465,26,middle
26663,63,0,0.8545689988293819,0.4212970636380178,26,middle
26664,64,0,0.9785515870938775,0.6536327418119313,26,middle
26665,65,0,0.6050926786651236,0.445055416241246,26,middle
26666,66,0,0.16461803934566094,0.5422425591350375,26,middle
26667,67,0,0.6862217663591177,0.6149607204945159,26,middle
26668,68,0,0.04042000725476011,0.7814733205851097,26,middle
26669,69,0,0.9990147254513551,0.5803542700272404,26,middle
26670,70,0,0.8969662028840888,0.3342543517574915,26,middle
26671,71,0,0.9907117830099217,0.4043786506993001,26,middle
26672,72,0,0.5748440265462558,0.464273526732369,26,middle
26673,73,0,0.9986645287292524,0.2309137104302223,26,middle
26674,74,0,0.9994209249534416,0.6500663985138411,26,middle
26675,75,0,0.6075958495963515,0.6347166692525438,26,middle
26676,76,0,0.4382870953306737,0.6334611991013723,26,middle
26677,77,0,0.9914721558942112,0.47280163307510514,26,middle
26678,78,0,0.9789794623286893,0.5918384972930546,26,middle
26679,79,0,0.21387619303127284,0.5614336507401614,26,middle
26680,80,0,0.9574459557071063,0.8230318495779028,26,middle
26681,81,0,0.27783700795850197,0.508963944433431,26,middle
26682,82,0,0.6839353823902659,0.4509287576860169,26,middle
26683,83,0,0.5101738763388914,0.5319596502654849,26,middle
26684,84,0,0.5511685552577196,0.758963326229382,26,middle
26685,85,0,0.4489749390700168,0.7443859430560322,26,middle
26686,86,0,0.35911852849290526,1.0554463919140684,26,middle
26687,87,0,0.4219066456710694,0.5286570058350961,26,middle
26688,88,0,0.05790976390048181,0.9005543471112698,26,middle
26689,89,0,0.6982534522546214,0.5361627086542828,26,middle
26690,90,0,0.750841884350515,0.5123768069339892,26,middle
26691,91,0,0.8200009793503436,0.4225690602142694,26,middle
26692,92,0,0.17415400001044254,0.6265965998759193,26,middle
26693,93,0,0.4015075373456598,0.5848452609988617,26,middle
26694,94,0,0.04512041316644238,0.5179518192588147,26,middle
26695,95,0,0.4480838214804832,0.6170446271389193,26,middle
26696,96,0,0.8060909635305054,0.6810614154740058,26,middle
26697,97,0,0.4653279509381227,0.48199900560610814,26,middle
26698,98,0,0.48319114004919833,0.7735605886216923,26,middle
26699,99,0,0.2850647309144822,0.5495826296147881,26,middle
26700,100,0,0.5003377813690029,1.0409754602132149,26,middle
26701,101,0,0.34249821186652823,0.5592231482778671,26,middle
26702,102,0,0.4972942089343749,0.536116478274827,26,middle
26703,103,0,0.8934065824120445,0.3219393243498736,26,middle
26704,104,0,0.4861328096331879,0.406315272149785,26,middle
26705,105,0,0.6752010352605889,0.46128752229894043,26,middle
26706,106,0,0.3141057127141237,0.48853083733305736,26,middle
26707,107,0,0.5869009587762846,0.6490356925180458,26,middle
26708,108,0,0.8275706919108918,0.465862348737603,26,middle
26709,109,0,0.9113718116586915,0.4695545934102169,26,middle
26710,110,0,0.5022819651740613,0.7092693798987988,26,middle
26711,111,0,0.8393671213431964,0.43517303544306174,26,middle
26712,112,0,0.4147987762856328,0.5751312843936655,26,middle
26713,113,0,0.4860058009795506,0.5234973458801104,26,middle
26714,114,0,0.49108332356684226,0.46033795307190456,26,middle
26715,115,0,0.6085093061073832,0.3252322946413236,26,middle
26716,116,0,0.8817789463454486,0.5886911361395291,26,middle
26717,117,0,0.442223067912915,0.738737926383962,26,middle
26718,118,0,0.47158192138195404,0.6680939055425836,26,middle
26719,119,0,0.3665003591680602,0.6097285066778131,26,middle
26720,120,0,0.06518312670006224,0.6109069952064148,26,middle
26721,121,0,0.5611921085200243,0.5995148677627009,26,middle
26722,122,0,0.8801708538225651,0.5037678997758819,26,middle
26723,123,0,0.7110614284560286,0.3152882032548449,26,middle
26724,124,0,0.051808412962102236,0.46174293652001724,26,middle
26725,125,0,0.37335254857303984,0.4607282092300318,26,middle
26726,126,0,0.043304153197869275,0.8201978226594895,26,middle
26727,127,0,0.5945274577819737,0.5987623975274208,26,middle
26728,128,0,0.15384336916896077,0.36700193277357485,26,middle
26729,129,0,0.9620433629113929,0.7238759116484017,26,middle
26730,130,0,0.9829400652652192,0.2943508995554458,26,middle
26731,131,0,0.7418740350949037,0.5911884617400847,26,middle
26732,132,0,0.6333203310295371,0.6361360711046001,26,middle
26733,133,0,0.4888840661379575,0.36392973039226983,26,middle
26734,134,0,0.09912466403522083,0.5573181039779743,26,middle
26735,135,0,0.34950515072777555,0.47413063334104205,26,middle
26736,136,0,0.2092924452785245,0.5340716442611073,26,middle
26737,137,0,0.46671388104586253,0.5434156929716037,26,middle
26738,138,0,0.05068486369128031,0.6418464691745782,26,middle
26739,139,0,0.5174442226669204,0.5385514326430291,26,middle
26740,140,0,0.9926200492176567,0.5211577926677344,26,middle
26741,141,0,0.9912592714911415,0.5137615121009914,26,middle
26742,142,0,0.9893287673669364,0.5075348905090065,26,middle
26743,143,0,0.24471631840086305,0.5590415661279899,26,middle
26744,144,0,0.6974774674287305,0.6617539957035572,26,middle
26745,145,0,0.06582346594370554,0.7388755408758213,26,middle
26746,146,0,0.8898278539238246,0.7146352859444619,26,middle
26747,147,0,0.3967486585077836,0.5018032034328066,26,middle
26748,148,0,0.5535343474083558,0.461818159088716,26,middle
26749,149,0,0.5414643797879511,0.4905645454450904,26,middle
26750,150,0,0.5291048244865643,0.5400003932384567,26,middle
26751,151,0,0.9417052125237086,0.6582355776506261,26,middle
26752,152,0,0.0008625559965101934,0.847889915387257,26,middle
26753,153,0,0.23177799123415527,0.7082005415873525,26,middle
26754,154,0,0.789632394871739,0.6566051841722095,26,middle
26755,155,0,0.3192445230703818,0.3120783929085943,26,middle
26756,156,0,0.8733219117173374,0.3277630419593215,26,middle
26757,157,0,0.5078016917589762,0.3517196448179902,26,middle
26758,158,0,0.7519251450621461,0.3904348841658669,26,middle
26759,159,0,0.04765279892226777,0.5182642879377638,26,middle
26760,160,0,0.5460521080974191,0.4853091388807691,26,middle
26761,161,0,0.7263240463777381,0.36252916799933377,26,middle
26762,162,0,0.44774452121945596,0.6222090164595868,26,middle
26763,163,0,0.9768489191685428,0.3949056374082212,26,middle
26764,164,0,0.4905397541646907,0.3873790418157671,26,middle
26765,165,0,0.9795874648992438,0.9049227448830315,26,middle
26766,166,0,0.06047999853262163,0.7288524373246168,26,middle
26767,167,0,0.7582478176845054,0.7455150989594437,26,middle
26768,168,0,0.4973217233535091,0.6489526023070251,26,middle
26769,169,0,0.5298481738829618,0.4474181993684644,26,middle
26770,170,0,0.24746632729762644,0.44468246333864125,26,middle
26771,171,0,0.7817586172002541,0.4899899321410236,26,middle
26772,172,0,0.9699818591477781,0.7280391898901057,26,middle
26773,173,0,0.5141339917755442,0.46332027625540084,26,middle
26774,174,0,0.6910784558258029,0.7394759167107472,26,middle
26775,175,0,0.6841324225828456,0.6716407843197745,26,middle
26776,176,0,0.26510187139521835,0.39622082440206297,26,middle
26777,177,0,0.10536945406873625,0.43729211858747385,26,middle
26778,178,0,0.4974626374616339,0.5806039902513787,26,middle
26779,179,0,0.9365008834707721,0.5626747450393293,26,middle
26780,180,0,0.6652113276882468,0.4977485438021868,26,middle
26781,181,0,0.4870189503395857,0.7809247220307698,26,middle
26782,182,0,0.6478097787007906,0.5414452134581944,26,middle
26783,183,0,0.6570834400862595,0.32077962172579366,26,middle
26784,184,0,0.5880484434130127,0.5308745639428227,26,middle
26785,185,0,0.9866867083266515,0.5500799846247578,26,middle
26786,186,0,0.5733613876356715,0.5247104324332004,26,middle
26787,187,0,0.9483410441108614,0.7384362213363013,26,middle
26788,188,0,0.5647405097061597,0.7525983558089362,26,middle
26789,189,0,0.5610311074143561,0.36008962893496155,26,middle
26790,190,0,0.5602601137690205,0.434198548228239,26,middle
26791,191,0,0.3478271544973551,0.4061233244937494,26,middle
26792,192,0,0.39980147415708295,0.6204039100202434,26,middle
26793,193,0,0.5394523714962955,0.583787683113425,26,middle
26794,194,0,0.007605654100032262,0.7129518569217279,26,middle
26795,195,0,0.9700200178550241,0.5702085321202218,26,middle
26796,196,0,0.7740406718540964,0.3284799873426951,26,middle
26797,197,0,0.9345541580309784,0.5004637845506754,26,middle
26798,198,0,0.2903676290013933,0.5829151159460231,26,middle
26799,199,0,0.44510120248244067,0.6036778726994401,26,middle
26800,0,0,0.7501450093124853,0.624621774121659,26,late
26801,1,0,0.3869000070472177,0.422708640417074,26,late
26802,2,0,0.9317532781067176,0.48058379231919235,26,late
26803,3,0,0.6169902954113198,0.6593851816268883,26,late
26804,4,0,0.111729935586465,0.6737061558077604,26,late
26805,5,0,0.6281682520839758,0.5475397129644783,26,late
26806,6,0,0.5773319769220207,0.6010319697324346,26,late
26807,7,0,0.6429454620793746,0.8690786098133327,26,late
26808,8,0,0.48420389680301934,0.6483575054452775,26,late
26809,9,0,0.18645911611871896,1.2449786176088549,26,late
26810,10,0,0.5116082304445666,0.9343390076637736,26,late
26811,11,0,0.9825290787833306,0.9364290253564969,26,late
26812,12,0,0.13923098354225275,0.8107644975906227,26,late
26813,13,0,0.10058642810836249,0.7857189445408823,26,late
26814,14,0,0.4942647304153915,0.6956734166468814,26,late
26815,15,0,0.0824246641045612,0.9921092105118928,26,late
26816,16,0,0.8050420928411217,0.821158981584555,26,late
26817,17,0,0.04096747791668484,0.9064734917824582,26,late
26818,18,0,0.49579336052183437,0.9721239370947394,26,late
26819,19,0,0.3843574969297558,0.5500049737903654,26,late
26820,20,0,0.9820984449285348,0.7856973393301361,26,late
26821,21,0,0.8404907967838928,0.5372529372383015,26,late
26822,22,0,0.2891147316185078,1.1179285570794346,26,late
26823,23,0,0.7533141707796681,0.6710726185328375,26,late
26824,24,0,0.01165138944764301,1.4819045579677979,26,late
26825,25,0,0.4844939512189658,0.7543785074778516,26,late
26826,26,0,0.08914098751317938,0.7656360884673765,26,late
26827,27,0,0.5607751671094735,0.7132343857837187,26,late
26828,28,0,0.43499024610233994,0.6711656029985626,26,late
26829,29,0,0.5313249856035273,0.47430507863072646,26,late
26830,30,0,0.5961126099754367,0.623649803190587,26,late
26831,31,0,0.8892382816827451,0.48894448254676753,26,late
26832,32,0,0.9783276420273936,0.6227921326478589,26,late
26833,33,0,0.40343517113588423,0.8693471403984248,26,late
26834,34,0,0.5197069483778476,0.9064793767912226,26,late
26835,35,0,0.46643371048272475,0.745468839171848,26,late
26836,36,0,0.33803528502413743,0.5372482893452861,26,late
26837,37,0,0.5257911555666068,0.7604591072856299,26,late
26838,38,0,0.962839833630992,0.4092168813432807,26,late
26839,39,0,0.9971502717239875,0.5210345669302572,26,late
26840,40,0,0.9997270377138152,0.7654950063397535,26,late
26841,41,0,0.614950680946464,0.47725050338425423,26,late
26842,42,0,0.5250537491691193,1.2002915181353682,26,late
26843,43,0,0.3332867214579415,0.8009563337240004,26,late
26844,44,0,0.531676930858922,0.8535138529886246,26,late
26845,45,0,0.9795122197769734,0.3654966919023731,26,late
26846,46,0,0.4970476514997567,0.7714246957115176,26,late
26847,47,0,0.8636105516866796,0.6284846500078818,26,late
26848,48,0,0.05714198597242656,1.2111472728458788,26,late
26849,49,0,0.5056783738820657,0.7975793116571185,26,late
26850,50,0,0.49273545195030893,0.8900847310805162,26,late
26851,51,0,0.05808526561010051,0.8886641858688166,26,late
26852,52,0,0.122420751727914,0.6695199618754213,26,late
26853,53,0,0.8257108401385599,0.8649867216449327,26,late
26854,54,0,0.7205193833726209,1.053927185594277,26,late
26855,55,0,0.4951234051456905,0.7801398548480466,26,late
26856,56,0,0.6563880275330357,0.9762497051561281,26,late
26857,57,0,0.5082698309768152,0.7135620502965121,26,late
26858,58,0,0.9196101329665058,0.5102039890263708,26,late
26859,59,0,0.9921193450357387,0.7141113302936131,26,late
26860,60,0,0.3654954048001545,1.0768150205936813,26,late
26861,61,0,0.7480492734742206,0.6479199033443146,26,late
26862,62,0,0.03216031833631051,0.8834150749057044,26,late
26863,63,0,0.06248577084821042,0.7629060869590226,26,late
26864,64,0,0.5101197427794318,0.7021420882844258,26,late
26865,65,0,0.6184508212516989,0.4457269859619144,26,late
26866,66,0,0.9878127154043508,0.5312801938955498,26,late
26867,67,0,0.796818560753118,0.4176932175279737,26,late
26868,68,0,0.17655470822776975,0.7774953244486595,26,late
26869,69,0,0.44931528283014277,0.6492051621320651,26,late
26870,70,0,0.7728173939168552,0.6809453294818728,26,late
26871,71,0,0.8651744469971883,0.46448180290597674,26,late
26872,72,0,0.14710744683647714,0.807697538902159,26,late
26873,73,0,0.4998457023581849,0.8644340167855314,26,late
26874,74,0,0.4952822651697931,0.8101417560531282,26,late
26875,75,0,0.9897482374321508,0.8121887065051365,26,late
26876,76,0,0.9924886371300272,0.6306664604486627,26,late
26877,77,0,0.3574246351895512,0.6793818321098413,26,late
26878,78,0,0.9757659843098468,0.6753694879505796,26,late
26879,79,0,0.7887593969581319,0.5120682972055803,26,late
26880,80,0,3.347991626952854e-05,1.3918254406655217,26,late
26881,81,0,1.9152889648272693e-05,1.380137564707785,26,late
26882,82,0,0.9324107250393416,0.4444531415138381,26,late
26883,83,0,0.9964667541129655,0.4724984463842686,26,late
26884,84,0,0.4230474954082984,0.5833546650030438,26,late
26885,85,0,0.8992432735463707,0.47845105997240667,26,late
26886,86,0,0.3447390951066507,0.5363014055940306,26,late
26887,87,0,0.4910068455021039,0.6905809086651621,26,late
26888,88,0,0.034555076387171896,0.9734990166811137,26,late
26889,89,0,0.1797506231447036,0.7668955844714322,26,late
26890,90,0,0.9999732591375181,0.8558967315222104,26,late
26891,91,0,0.5533623712707493,0.6508159052271849,26,late
26892,92,0,0.07552186521973693,0.6448937994725117,26,late
26893,93,0,0.993637335762658,0.47840846400731807,26,late
26894,94,0,0.9981446675454946,0.47478979850575787,26,late
26895,95,0,0.48294341022540554,0.8427961919447746,26,late
26896,96,0,0.13918103419037473,1.0201359755024813,26,late
26897,97,0,0.8455806791284981,0.48384877037406615,26,late
26898,98,0,0.0910511856160633,0.7772293158963519,26,late
26899,99,0,0.9974906625472637,0.8724156237335207,26,late
26900,100,0,0.6720899759540772,0.5279868947244463,26,late
26901,101,0,0.5486226893235111,0.7467770118452239,26,late
26902,102,0,0.9954511411971211,0.8413048535992309,26,late
26903,103,0,0.999200828969682,0.8899921684239216,26,late
26904,104,0,0.564832999338316,0.7677175683104949,26,late
26905,105,0,0.3663056977563876,0.865729080882048,26,late
26906,106,0,0.9844578148178587,0.752134584638291,26,late
26907,107,0,0.9234014499209449,0.4784992805975978,26,late
26908,108,0,0.09499544996975937,0.9801012471317003,26,late
26909,109,0,0.9986677697336189,0.7407038549027825,26,late
26910,110,0,0.5647500449778551,0.6577695736839126,26,late
26911,111,0,0.4875378239195704,0.8491607478984157,26,late
26912,112,0,0.7959404638670942,0.8381053767603049,26,late
26913,113,0,0.6602011922169322,0.6413653438297402,26,late
26914,114,0,0.505334147175639,0.6955650606643545,26,late
26915,115,0,0.49325661644055563,0.9245090666642946,26,late
26916,116,0,0.5511834864768494,0.8175261183254307,26,late
26917,117,0,0.6953565251434826,0.7999135225452804,26,late
26918,118,0,0.43447192106307353,0.9000920339401799,26,late
26919,119,0,0.16683039382942455,0.6553859489591494,26,late
26920,120,0,0.42205329649733564,0.575538533489301,26,late
26921,121,0,0.9971206876856396,0.4285254308071099,26,late
26922,122,0,0.9902436106037205,0.44921072092385217,26,late
26923,123,0,0.03755985571429271,0.7447465477601523,26,late
26924,124,0,0.2340074071773645,0.5646204218976412,26,late
26925,125,0,0.03456661605398884,1.004844903146769,26,late
26926,126,0,0.6859242203873779,0.7551910955001028,26,late
26927,127,0,0.009934243215885014,0.7108159307110877,26,late
26928,128,0,0.6719968845916853,0.669720517781206,26,late
26929,129,0,0.9148989834080576,0.7986940857503135,26,late
26930,130,0,0.10570905274311344,0.7394796835139018,26,late
26931,131,0,0.4871653519981363,0.8394893579474367,26,late
26932,132,0,0.0009443688826487783,1.1873164108335537,26,late
26933,133,0,0.5606808821206142,0.3691759616339457,26,late
26934,134,0,0.983025634868609,0.8262746225766628,26,late
26935,135,0,0.018866805950214286,0.7998461008011355,26,late
26936,136,0,0.0017907670103083748,1.0566917593535854,26,late
26937,137,0,0.4349859363215935,1.0312340894770406,26,late
26938,138,0,0.5829995989142903,0.7666353361269023,26,late
26939,139,0,0.994746807618401,0.554958444874396,26,late
26940,140,0,0.10690536810905205,0.5662384553027653,26,late
26941,141,0,0.49701555984872026,1.0257980780088936,26,late
26942,142,0,0.23955806473602154,0.8779488744741291,26,late
26943,143,0,0.33426346994614275,0.4985911082255089,26,late
26944,144,0,0.7440146992752837,0.8952883322404759,26,late
26945,145,0,0.24792215793371825,0.6612030046483001,26,late
26946,146,0,0.9080329445140531,0.5316525013078149,26,late
26947,147,0,0.962266810826906,0.3878419986529981,26,late
26948,148,0,0.987176652186833,0.5779009786609774,26,late
26949,149,0,0.8238738851410323,0.5365717542390237,26,late
26950,150,0,0.8802162520743284,0.4588807194530776,26,late
26951,151,0,0.7227724112396551,0.8967311875070909,26,late
26952,152,0,0.9172419350450034,0.42501215585627206,26,late
26953,153,0,0.03702829587139172,0.9739849812120227,26,late
26954,154,0,0.9007108477673021,0.49471168701047574,26,late
26955,155,0,0.5574285727229235,0.7662633570177236,26,late
26956,156,0,0.9993039107557082,0.47664576592944047,26,late
26957,157,0,0.9987519270964973,0.8258094584615332,26,late
26958,158,0,0.9951035058321295,0.6185250923123442,26,late
26959,159,0,0.41340566426012926,0.7187239895869062,26,late
26960,160,0,0.49174343754290173,0.6992270555385713,26,late
26961,161,0,0.8343507721037007,0.6028029926238312,26,late
26962,162,0,0.5012060405427805,0.6573122779006069,26,late
26963,163,0,0.5138491493224467,0.5596748694880295,26,late
26964,164,0,0.7117338681185319,0.4523718920425697,26,late
26965,165,0,0.9974800923108245,0.6396852410437975,26,late
26966,166,0,0.819101218223427,0.7696503728333055,26,late
26967,167,0,0.980461838200668,0.5367695695873472,26,late
26968,168,0,0.0022538658000619454,0.8533690517088923,26,late
26969,169,0,0.1029677160885612,0.7547239487568382,26,late
26970,170,0,0.5425247410741936,0.7556847093845525,26,late
26971,171,0,0.49569394223614016,1.1461527212331357,26,late
26972,172,0,0.11387714928990064,0.7308963183271115,26,late
26973,173,0,0.6294968830365032,0.5890375676072692,26,late
26974,174,0,0.822117775170166,0.6303358282149423,26,late
26975,175,0,0.4705831178268848,1.026691124997777,26,late
26976,176,0,0.9996382957244898,0.4867558038917239,26,late
26977,177,0,0.19813846862623333,0.7008610816300482,26,late
26978,178,0,0.8991805887072964,0.5570459108778977,26,late
26979,179,0,0.9995181505237546,0.7698684220944088,26,late
26980,180,0,0.5048981284936286,0.7947670348236,26,late
26981,181,0,0.08006688811890716,0.4960671720553082,26,late
26982,182,0,0.9808820635150388,0.38650991036038995,26,late
26983,183,0,0.28807873963719843,0.5798047384591551,26,late
26984,184,0,0.6151131446209687,0.6360071192612058,26,late
26985,185,0,0.5657485171756946,0.3481756198837005,26,late
26986,186,0,0.20011820472354888,0.6897167826457533,26,late
26987,187,0,0.8153365878260195,0.56714202076818,26,late
26988,188,0,0.8911891688589104,0.39729831144534006,26,late
26989,189,0,0.768868062736838,0.4589417778739212,26,late
26990,190,0,0.11524152611373031,0.7316195566520793,26,late
26991,191,0,0.8271321967074861,0.36084893306334165,26,late
26992,192,0,0.18278933003602585,0.6849233826539225,26,late
26993,193,0,0.2822489085184709,0.7996237009315006,26,late
26994,194,0,0.4990467016512567,0.7849719379688007,26,late
26995,195,0,0.4534955417544177,0.6294739540387329,26,late
26996,196,0,0.18060722077693253,0.6806514476968764,26,late
26997,197,0,0.1360937366623156,0.691518302438892,26,late
26998,198,0,0.9920636253381994,0.39769477040688944,26,late
26999,199,0,0.5775597068713222,0.660311873431633,26,late
27000,0,0,0.4840482823093818,0.8601598250969722,27,interleaved
27001,1,0,0.510202967925382,0.7451697935471572,27,interleaved
27002,2,0,0.06457560670511608,0.6123402054717239,27,interleaved
27003,3,0,0.5222931319261824,0.5237012903199383,27,interleaved
27004,4,0,0.22067734005882297,0.6201871979333536,27,interleaved
27005,5,0,0.46391565194904205,0.4909744301233194,27,interleaved
27006,6,0,0.9225617773017458,0.5625245895521819,27,interleaved
27007,7,0,0.34394444313692946,0.7735007994993297,27,interleaved
27008,8,0,0.07280310773168665,0.7306630408651551,27,interleaved
27009,9,0,0.5038046679921034,0.5048127544466209,27,interleaved
27010,10,0,0.50337052075968,0.3941676857883511,27,interleaved
27011,11,0,0.21912782516825324,0.8641856671892725,27,interleaved
27012,12,0,0.9885054386602645,0.6294268693405234,27,interleaved
27013,13,0,0.5206399938722235,0.7002135015020576,27,interleaved
27014,14,0,0.9691187658830307,0.3398394520075354,27,interleaved
27015,15,0,0.6423493509490961,0.6280645107755078,27,interleaved
27016,16,0,0.8925337048629185,0.594802658129307,27,interleaved
27017,17,0,0.5001780083995174,0.7713017503437167,27,interleaved
27018,18,0,0.506764159302084,0.5890515845221125,27,interleaved
27019,19,0,0.4975132575644515,0.7933990071209829,27,interleaved
27020,20,0,0.02605988856893147,0.8771990912445149,27,interleaved
27021,21,0,0.5000347813971872,0.8863172977367293,27,interleaved
27022,22,0,0.5057585512738939,0.5739089575615453,27,interleaved
27023,23,0,0.17675290225030016,0.7085035261469459,27,interleaved
27024,24,0,0.994724773133433,0.7628208294578823,27,interleaved
27025,25,0,0.541646291608213,0.799847286457824,27,interleaved
27026,26,0,0.4812420779935573,0.6031914394578706,27,interleaved
27027,27,0,0.37033139849483354,0.7378891954405657,27,interleaved
27028,28,0,0.4372730010963513,0.606378883680629,27,interleaved
27029,29,0,0.7361767554057934,0.8171746699463076,27,interleaved
27030,30,0,0.06008666942257046,0.7290430893810385,27,interleaved
27031,31,0,0.5000126882997601,0.9158951538885268,27,interleaved
27032,32,0,0.23659305900184116,0.7135261174798325,27,interleaved
27033,33,0,0.43694162612643483,0.34575114992554545,27,interleaved
27034,34,0,0.46606312010320683,0.3078231045849068,27,interleaved
27035,35,0,0.2826947880339792,0.8430267990816045,27,interleaved
27036,36,0,0.5680294845147597,0.5017415887291685,27,interleaved
27037,37,0,0.4502999894613778,1.187867432015072,27,interleaved
27038,38,0,0.6458681629638545,0.632127788571758,27,interleaved
27039,39,0,0.49224388647485157,0.7202264220418437,27,interleaved
27040,40,0,0.9331711655636763,0.6583792930137418,27,interleaved
27041,41,0,0.48827904912331427,0.9492969788464616,27,interleaved
27042,42,0,0.3377675555634575,0.5705785371492105,27,interleaved
27043,43,0,0.5230222908652346,0.6343916834941117,27,interleaved
27044,44,0,0.9273677471950288,0.4338420542031284,27,interleaved
27045,45,0,0.32636506857995273,0.7818240012173897,27,interleaved
27046,46,0,0.03669688164245005,0.7045982981211685,27,interleaved
27047,47,0,0.4726454112337439,0.5633864667984723,27,interleaved
27048,48,0,0.6041089599162828,0.6638564904448787,27,interleaved
27049,49,0,0.5012878794147136,0.7034342156137292,27,interleaved
27050,50,0,0.9975421407621926,0.40883720419612796,27,interleaved
27051,51,0,0.40514358212831697,0.4717545209565306,27,interleaved
27052,52,0,0.00364747113893981,0.611324415976646,27,interleaved
27053,53,0,0.6793104302340962,0.5973967603047051,27,interleaved
27054,54,0,0.24925818542034092,0.8395081054301939,27,interleaved
27055,55,0,0.5039760122447369,0.5217153940479206,27,interleaved
27056,56,0,0.5644835373868078,0.5921266379381787,27,interleaved
27057,57,0,0.47496917131557165,1.1349488212526602,27,interleaved
27058,58,0,0.6987419769953354,0.6980490818691196,27,interleaved
27059,59,0,0.5195392136385776,0.6947097826992882,27,interleaved
27060,60,0,0.4998875912991135,0.9122811526057826,27,interleaved
27061,61,0,0.532243526193219,0.6713347817802895,27,interleaved
27062,62,0,0.6043053840728396,0.3930868377168708,27,interleaved
27063,63,0,0.6811080129910194,0.7641763098390848,27,interleaved
27064,64,0,0.4997491826810446,1.1015403075706063,27,interleaved
27065,65,0,0.48238906702838186,0.6205973989395177,27,interleaved
27066,66,0,0.7039005334804388,0.5205598822485528,27,interleaved
27067,67,0,0.5165945923005408,0.5785821465843237,27,interleaved
27068,68,0,0.769036430883514,0.6645854258348488,27,interleaved
27069,69,0,0.6341120244998985,0.7107885785209173,27,interleaved
27070,70,0,0.06567171253650143,1.0803472335178559,27,interleaved
27071,71,0,0.4999491539214558,1.1829957675655618,27,interleaved
27072,72,0,0.14724537794071949,1.361821970182693,27,interleaved
27073,73,0,0.4997516213974926,1.0589107196230558,27,interleaved
27074,74,0,0.03476092499275521,0.8380603942852032,27,interleaved
27075,75,0,0.5062017491579696,0.8351021287340792,27,interleaved
27076,76,0,0.459317594496596,0.7277028428829598,27,interleaved
27077,77,0,0.8846061836321796,0.535889902186979,27,interleaved
27078,78,0,0.4988126892789566,0.7600299588938326,27,interleaved
27079,79,0,0.5007537509746778,0.7781833783377996,27,interleaved
27080,80,0,0.1572952698366281,0.6930324480207443,27,interleaved
27081,81,0,0.9425555387622245,0.6073686633353595,27,interleaved
27082,82,0,0.998994261189607,0.7725348015891602,27,interleaved
27083,83,0,0.5051414292502111,0.7711086914387704,27,interleaved
27084,84,0,0.9963241310066457,0.5817040364606345,27,interleaved
27085,85,0,0.4980655890766551,0.7647145923578271,27,interleaved
27086,86,0,0.9887142846155113,0.6910653847761353,27,interleaved
27087,87,0,0.6175849471431206,0.4396816408902931,27,interleaved
27088,88,0,0.012837662801482911,0.8417327794270112,27,interleaved
27089,89,0,0.5251907095699914,0.5354194782975488,27,interleaved
27090,90,0,0.9842241516469803,0.5496798113428238,27,interleaved
27091,91,0,0.5055577548166499,0.8505938456716272,27,interleaved
27092,92,0,0.9752618545251275,0.3965274317291333,27,interleaved
27093,93,0,0.26330932602658674,0.6621766744929304,27,interleaved
27094,94,0,0.45407187959740475,0.5414367029758606,27,interleaved
27095,95,0,0.5236591775601754,0.6340805290215543,27,interleaved
27096,96,0,0.5943385456721596,0.6775369538901145,27,interleaved
27097,97,0,0.5032064819965227,0.7197395616526707,27,interleaved
27098,98,0,0.2818478303938643,0.6186747387745735,27,interleaved
27099,99,0,0.491928468447988,1.0455827706970113,27,interleaved
27100,100,0,0.051354522684669515,0.6352677106817026,27,interleaved
27101,101,0,0.29282247684470447,0.6369300726499851,27,interleaved
27102,102,0,0.018531311384853942,0.713181577495948,27,interleaved
27103,103,0,0.5002725211902871,0.6748733546422667,27,interleaved
27104,104,0,0.9216914112660453,0.5427899719066346,27,interleaved
27105,105,0,0.8339410571934562,0.58346476189454,27,interleaved
27106,106,0,0.536727050075961,0.6066152563963705,27,interleaved
27107,107,0,0.7539707113400055,0.7359325475416095,27,interleaved
27108,108,0,0.9993316284093113,0.7658068615763888,27,interleaved
27109,109,0,0.9878569013681407,0.5314541683173364,27,interleaved
27110,110,0,0.12951823088711342,1.046322266125055,27,interleaved
27111,111,0,0.639224420150918,0.5762972209103574,27,interleaved
27112,112,0,0.3271115635506784,0.5546689584332614,27,interleaved
27113,113,0,0.8577376106501987,0.7326106214208619,27,interleaved
27114,114,0,0.6338849283550522,0.7517349251844334,27,interleaved
27115,115,0,0.5056225177957835,0.821442755506454,27,interleaved
27116,116,0,0.4245605542401317,0.672861091428501,27,interleaved
27117,117,0,0.5000679728474405,0.9421186217912136,27,interleaved
27118,118,0,0.959487449205089,0.5173359388239858,27,interleaved
27119,119,0,0.9544107585036297,0.6979680012196838,27,interleaved
27120,120,0,0.9188752269216309,0.6940053667756088,27,interleaved
27121,121,0,0.49964771174469835,0.8180098136880407,27,interleaved
27122,122,0,0.8747738264583125,0.2706402610048264,27,interleaved
27123,123,0,0.5104260738977271,1.1147909293499194,27,interleaved
27124,124,0,0.6238322155059522,0.6924655706892008,27,interleaved
27125,125,0,0.8205676265855493,0.47342624184291515,27,interleaved
27126,126,0,0.7824564806476006,0.8645943308639035,27,interleaved
27127,127,0,0.9249037181564914,0.8039237484676427,27,interleaved
27128,128,0,0.6444210147630527,0.7589058901280609,27,interleaved
27129,129,0,0.8460559882394318,0.6412902564437799,27,interleaved
27130,130,0,0.1049448708587733,1.0252468351086481,27,interleaved
27131,131,0,0.9391161982194374,0.6422002220560885,27,interleaved
27132,132,0,0.9856017959420215,0.695665059933054,27,interleaved
27133,133,0,0.5355847155190144,0.8552187114124954,27,interleaved
27134,134,0,0.4092194567232061,1.1028717476782912,27,interleaved
27135,135,0,0.4104449992164877,0.6124241491218736,27,interleaved
27136,136,0,0.93435327584367,0.29612728738081406,27,interleaved
27137,137,0,0.4997315468436464,0.7089598145543261,27,interleaved
27138,138,0,0.02460632359345042,0.6563474615293471,27,interleaved
27139,139,0,0.4846884306277721,0.6420203189202472,27,interleaved
27140,140,0,0.9318475136223295,0.49151206018777077,27,interleaved
27141,141,0,0.9777857502692123,0.2753141181120164,27,interleaved
27142,142,0,0.6629121945795564,0.30113728622936287,27,interleaved
27143,143,0,0.785644424569715,0.4602743757677821,27,interleaved
27144,144,0,0.3761662271418895,0.6200625002940093,27,interleaved
27145,145,0,0.6685402528782494,0.7472854553588986,27,interleaved
27146,146,0,0.5088869563124163,0.7798236130886312,27,interleaved
27147,147,0,0.992689488908447,0.5932652312716309,27,interleaved
27148,148,0,0.9416991766115579,0.5255367679201551,27,interleaved
27149,149,0,0.9189683258681439,0.49315127382597745,27,interleaved
27150,150,0,0.2577403887406105,0.6498043446390444,27,interleaved
27151,151,0,0.6268882164111684,0.5558343160848037,27,interleaved
27152,152,0,0.9994293508183754,0.4946706428832057,27,interleaved
27153,153,0,0.9909647333896321,0.5218037886453466,27,interleaved
27154,154,0,0.35300514807903727,0.7322698342086653,27,interleaved
27155,155,0,0.5790417284592577,0.6667936903726828,27,interleaved
27156,156,0,0.42906270048088335,0.5454121655987938,27,interleaved
27157,157,0,0.5019480892724217,0.8145951534118441,27,interleaved
27158,158,0,0.9749442387568423,0.30681839523872706,27,interleaved
27159,159,0,0.4982477934236858,0.5638067190481537,27,interleaved
27160,160,0,0.974985824945293,0.40034301685967455,27,interleaved
27161,161,0,0.49929410412436653,0.8427430525377241,27,interleaved
27162,162,0,0.9879287492758015,0.6006839716031819,27,interleaved
27163,163,0,0.5005368329307373,0.7359880893136157,27,interleaved
27164,164,0,0.01566595675145819,0.7652080450280399,27,interleaved
27165,165,0,0.875182416106008,0.5118681370995597,27,interleaved
27166,166,0,0.8831681398379464,0.5177248009193696,27,interleaved
27167,167,0,0.03924355227461008,0.6600887912682769,27,interleaved
27168,168,0,0.010689887571505215,0.9035612632996817,27,interleaved
27169,169,0,0.6689013675842713,0.48656079048771295,27,interleaved
27170,170,0,0.10075642213285493,0.590701817519559,27,interleaved
27171,171,0,0.8670481344795934,0.3643977242593154,27,interleaved
27172,172,0,0.2629551259199091,0.7758521702518129,27,interleaved
27173,173,0,0.049073374284647614,0.7843276092160354,27,interleaved
27174,174,0,0.9689570926471823,0.4938818402199814,27,interleaved
27175,175,0,0.8735404516583345,0.5264099090305234,27,interleaved
27176,176,0,0.5569602222660114,0.5971161395846144,27,interleaved
27177,177,0,0.9614324278398199,0.6946069714753235,27,interleaved
27178,178,0,0.9474976180662512,0.6373793594291972,27,interleaved
27179,179,0,0.49910382246662804,0.8643982980293765,27,interleaved
27180,180,0,0.5124364746389415,0.6090828219353505,27,interleaved
27181,181,0,0.9594767234545785,0.4102597553987499,27,interleaved
27182,182,0,0.9989522175802168,0.6519095766387277,27,interleaved
27183,183,0,0.8449945443155739,0.6469463009644243,27,interleaved
27184,184,0,0.4918153502802242,0.7021886802702579,27,interleaved
27185,185,0,0.999367601610935,0.6254385995936711,27,interleaved
27186,186,0,0.9788945967529891,0.5578490697149554,27,interleaved
27187,187,0,0.995311882381192,0.4483973213009611,27,interleaved
27188,188,0,0.9980577566253139,0.5031325256568531,27,interleaved
27189,189,0,0.5532581475880743,0.875652517679329,27,interleaved
27190,190,0,0.9260744070046087,0.9696588797487526,27,interleaved
27191,191,0,0.5977724187619953,0.6310964598704718,27,interleaved
27192,192,0,0.49984305085423536,0.9341477897931063,27,interleaved
27193,193,0,0.9508759930626299,0.811960532488005,27,interleaved
27194,194,0,0.08124846713658528,0.6268767545019792,27,interleaved
27195,195,0,0.7520203762593296,0.5155407668430165,27,interleaved
27196,196,0,0.6540737948171472,0.45881528864261745,27,interleaved
27197,197,0,0.9716465026965082,0.6313213430346702,27,interleaved
27198,198,0,0.6892646899927862,0.8274999727214125,27,interleaved
27199,199,0,0.179768140890731,1.0294251180400884,27,interleaved
27200,0,0,0.4526871949819046,0.608248965962088,27,blocked
27201,1,0,0.674136821039724,0.31192043410762205,27,blocked
27202,2,0,0.9791985032631232,0.6310122208661957,27,blocked
27203,3,0,0.1266455440575108,0.5890163312026857,27,blocked
27204,4,0,0.46973703061484096,0.6854780053644427,27,blocked
27205,5,0,0.9769939722818602,0.5403527572002018,27,blocked
27206,6,0,0.9939545919032231,0.47115361445982595,27,blocked
27207,7,0,0.9192838154195043,0.5568807013279503,27,blocked
27208,8,0,0.03749220206414428,0.8395076271924408,27,blocked
27209,9,0,0.05806214655537444,0.5931186456598003,27,blocked
27210,10,0,0.37724887410212926,1.0472824997385497,27,blocked
27211,11,0,0.6014203256872723,1.334180233432122,27,blocked
27212,12,0,0.8992357776710416,0.4503018764473413,27,blocked
27213,13,0,0.8453210445312296,0.3690629906385943,27,blocked
27214,14,0,0.4900279313251108,0.6437817173734819,27,blocked
27215,15,0,0.9910445416667761,0.6974212585363844,27,blocked
27216,16,0,0.9635300240327431,0.7684294484097451,27,blocked
27217,17,0,0.4992181129162982,0.8805307063309424,27,blocked
27218,18,0,0.39293422761769564,0.8333268121638109,27,blocked
27219,19,0,0.5819420418071785,0.8046161032981645,27,blocked
27220,20,0,0.9973285793812743,0.5342386606352054,27,blocked
27221,21,0,0.9199375147822413,0.4319618957209134,27,blocked
27222,22,0,0.9880897552709231,0.4185089100448559,27,blocked
27223,23,0,0.9970413102169722,0.5103823314895266,27,blocked
27224,24,0,0.9992325251548495,0.3553892810067186,27,blocked
27225,25,0,0.9688606795460852,0.43976217673623974,27,blocked
27226,26,0,0.07290612875939578,0.6225194940585008,27,blocked
27227,27,0,0.9785326830166745,0.6116809501441101,27,blocked
27228,28,0,0.7947950822764931,0.6471112105799677,27,blocked
27229,29,0,0.1305311966837582,0.9074099616876904,27,blocked
27230,30,0,0.9249912390616435,0.7700407265150023,27,blocked
27231,31,0,0.0727804115359375,0.5757731525244163,27,blocked
27232,32,0,0.9423465481822912,0.38775351852012074,27,blocked
27233,33,0,0.9832871492910377,0.651000677164602,27,blocked
27234,34,0,0.4963949923049919,1.09251347094984,27,blocked
27235,35,0,0.9999351035520454,0.609185924465826,27,blocked
27236,36,0,0.47774693842113447,0.7225859004059739,27,blocked
27237,37,0,0.4724372302074209,0.6361015228143673,27,blocked
27238,38,0,0.9995661411536141,0.481807044683459,27,blocked
27239,39,0,0.8735393039551111,0.2947657107784889,27,blocked
27240,40,0,0.5006532488644061,0.9517734788975488,27,blocked
27241,41,0,0.0623944901496489,0.8407715557131463,27,blocked
27242,42,0,0.24258674772528852,0.8847478230053285,27,blocked
27243,43,0,0.5002650954844828,0.9860925805095774,27,blocked
27244,44,0,0.2362075099822212,0.534692924503303,27,blocked
27245,45,0,0.8667303575564718,0.6197535925996818,27,blocked
27246,46,0,0.49997371652868916,0.5522576250340375,27,blocked
27247,47,0,0.479045024568126,0.7879983161858635,27,blocked
27248,48,0,0.19486907747429527,0.9171265173945508,27,blocked
27249,49,0,0.9920177317641332,0.34411113310477726,27,blocked
27250,50,0,0.9729649960730181,0.5931358083548028,27,blocked
27251,51,0,0.09817821737938913,0.9559432775634971,27,blocked
27252,52,0,0.438752802667328,0.7896432444957471,27,blocked
27253,53,0,0.9699841490933068,0.6631698610893477,27,blocked
27254,54,0,0.24606906272917986,0.6822130263971661,27,blocked
27255,55,0,0.9534450201752838,0.6095374662685987,27,blocked
27256,56,0,0.084559634553436,1.1873738636644084,27,blocked
27257,57,0,0.6173197964632564,0.8319561164035576,27,blocked
27258,58,0,0.9997290455968372,0.7720460523416669,27,blocked
27259,59,0,0.7794018390384514,0.45657839452616267,27,blocked
27260,60,0,0.3883330361368651,0.6219935720824507,27,blocked
27261,61,0,0.9463072664400975,0.5594790394029345,27,blocked
27262,62,0,0.991815018262918,0.44715970628372687,27,blocked
27263,63,0,0.9993613457606312,0.3451068993730387,27,blocked
27264,64,0,0.3169417334903089,0.8543199379187976,27,blocked
27265,65,0,0.618649525199428,0.8404869766012453,27,blocked
27266,66,0,0.0419315234765388,1.315301411343653,27,blocked
27267,67,0,0.9957425685147554,0.9340616408738098,27,blocked
27268,68,0,0.9840112927127034,0.6988811492269911,27,blocked
27269,69,0,0.0816368698003431,0.981310385377272,27,blocked
27270,70,0,0.5080078698732859,1.0206820013101554,27,blocked
27271,71,0,0.4966695950344363,1.1621140606654021,27,blocked
27272,72,0,0.13376902464768448,0.9687440373240175,27,blocked
27273,73,0,0.9293987423391761,0.4810740693339697,27,blocked
27274,74,0,0.9786535636257683,0.6384965618280035,27,blocked
27275,75,0,0.9891045890348482,0.7215930140266619,27,blocked
27276,76,0,0.6817073809547536,0.5463702039498282,27,blocked
27277,77,0,0.5780982427966932,0.781644140687547,27,blocked
27278,78,0,0.9998950729492619,0.4303562866852131,27,blocked
27279,79,0,0.9911632685115526,0.47678458097593296,27,blocked
27280,80,0,0.8321548450750436,0.5093703788218413,27,blocked
27281,81,0,0.03722049881556335,0.873448143063753,27,blocked
27282,82,0,0.999364403021022,0.7997708704857898,27,blocked
27283,83,0,0.969460613269733,0.830311775550025,27,blocked
27284,84,0,0.8742474787635006,0.5695294156627431,27,blocked
27285,85,0,0.7059101194265566,0.669364094444282,27,blocked
27286,86,0,0.9999988682476562,0.802270857444001,27,blocked
27287,87,0,0.4989213190393924,0.6312283958882097,27,blocked
27288,88,0,0.0028368168866796124,0.9418330606241679,27,blocked
27289,89,0,0.17360150871458455,0.7510562141363472,27,blocked
27290,90,0,0.45330600755819406,0.6405855914708278,27,blocked
27291,91,0,0.8606647428689564,0.8788404465172799,27,blocked
27292,92,0,0.9416261236553385,0.7880773906738554,27,blocked
27293,93,0,0.885313635451809,0.5376101971275756,27,blocked
27294,94,0,0.9665007057026009,0.8840578722951554,27,blocked
27295,95,0,0.7853732029314295,0.6412947642369453,27,blocked
27296,96,0,0.1566673618913244,0.6449496298312798,27,blocked
27297,97,0,0.9883016872186539,0.5484758909663461,27,blocked
27298,98,0,0.16150707228827269,0.9529965937449618,27,blocked
27299,99,0,0.028925740097525885,0.983174950531543,27,blocked
27300,100,0,0.9864491732140983,0.5032913534014777,27,blocked
27301,101,0,0.9876401094532514,0.843295209894482,27,blocked
27302,102,0,0.9992325053704791,0.6616318623681128,27,blocked
27303,103,0,0.6692054150468081,0.6129093129224639,27,blocked
27304,104,0,0.0039762692815642625,1.0656624797410674,27,blocked
27305,105,0,0.9995397238810235,0.6822900400068761,27,blocked
27306,106,0,0.9967957377749015,0.8178391895476426,27,blocked
27307,107,0,0.29381902856108355,0.745291776526263,27,blocked
27308,108,0,0.9999945600497939,0.9844183039772729,27,blocked
27309,109,0,0.5720124879481504,0.528058380533989,27,blocked
27310,110,0,0.9998759541182595,0.7137902699758742,27,blocked
27311,111,0,0.9034079405002347,0.4867746281944563,27,blocked
27312,112,0,0.9627674954556342,0.4711112876435464,27,blocked
27313,113,0,0.9472134804641795,0.49783992137911093,27,blocked
27314,114,0,0.8725969657549071,0.6267809165898,27,blocked
27315,115,0,0.1429675863129484,0.9887492078133754,27,blocked
27316,116,0,0.9999752289486126,0.8845593934215012,27,blocked
27317,117,0,0.9998888587466052,0.5959484530880861,27,blocked
27318,118,0,0.9987290165945644,0.7668240822406664,27,blocked
27319,119,0,0.9531366838337556,0.40102014242531175,27,blocked
27320,120,0,0.43431342577733956,1.045337980943153,27,blocked
27321,121,0,0.039327368295606326,0.8964517614760353,27,blocked
27322,122,0,0.44174226066645006,0.6318046772692272,27,blocked
27323,123,0,0.5855882148638097,0.5474592481789265,27,blocked
27324,124,0,0.8046607846643324,0.8491136287577261,27,blocked
27325,125,0,0.0029279497213523724,0.8283241306460094,27,blocked
27326,126,0,0.516546448417182,0.6614280526608969,27,blocked
27327,127,0,0.03556394606574651,0.6737104037502615,27,blocked
27328,128,0,0.4282061841227768,0.6597631923620904,27,blocked
27329,129,0,0.9349358362313953,0.42022308334952574,27,blocked
27330,130,0,0.027944070520855232,0.88714718987021,27,blocked
27331,131,0,0.42198620119000313,0.7295085396156635,27,blocked
27332,132,0,0.7237940690852589,0.8828587993654557,27,blocked
27333,133,0,0.7433810280118753,0.7077503260481997,27,blocked
27334,134,0,0.30547122971652946,0.5937555775488657,27,blocked
27335,135,0,0.5157907780489354,0.5172167936084773,27,blocked
27336,136,0,0.7405567487433746,0.9880314847347644,27,blocked
27337,137,0,0.2893899747956701,1.193016935394208,27,blocked
27338,138,0,0.42935068057455744,0.7303601741643433,27,blocked
27339,139,0,0.5775947063845893,0.5659827540780169,27,blocked
27340,140,0,0.9638975061206974,0.3857913103342395,27,blocked
27341,141,0,0.49664305251223134,0.5866817999194562,27,blocked
27342,142,0,0.9904383607711433,0.44931728024951234,27,blocked
27343,143,0,0.9988194141600246,0.8548801497795598,27,blocked
27344,144,0,0.9441179934183741,0.6657197718736703,27,blocked
27345,145,0,0.4516271505169519,1.0727936777326355,27,blocked
27346,146,0,0.7402431473662718,0.5301552008524855,27,blocked
27347,147,0,0.9753190941844421,0.5375396174964049,27,blocked
27348,148,0,0.9935753630924179,0.7049019617605948,27,blocked
27349,149,0,0.9804329604011808,0.4408337862549949,27,blocked
27350,150,0,0.9705968503256959,0.7877767675294212,27,blocked
27351,151,0,0.958627519542141,0.48466710619604547,27,blocked
27352,152,0,0.52928642533157,0.7230500670090103,27,blocked
27353,153,0,0.9915824881772675,0.7146040141520592,27,blocked
27354,154,0,0.7742493968664509,0.7568348190737376,27,blocked
27355,155,0,0.7029923900644145,0.8978088077801301,27,blocked
27356,156,0,0.9638859902614629,0.5344781161768015,27,blocked
27357,157,0,0.9949321807826845,0.7856586263623244,27,blocked
27358,158,0,0.5079732056345638,0.9020884775029405,27,blocked
27359,159,0,0.9957154285168581,0.7473782168904499,27,blocked
27360,160,0,0.9446298375354165,0.6349070703185113,27,blocked
27361,161,0,0.9163510382856326,0.6269142011550729,27,blocked
27362,162,0,0.45140101853880593,0.5961999175390439,27,blocked
27363,163,0,0.8133703034509818,0.7585243199337759,27,blocked
27364,164,0,0.36661206813338515,0.9372025914542754,27,blocked
27365,165,0,0.5172564264529189,0.7876352333782587,27,blocked
27366,166,0,0.050645098770634556,0.6262740326795583,27,blocked
27367,167,0,0.6853344949358204,0.6073171580750178,27,blocked
27368,168,0,0.33625222113841974,0.5475629630329407,27,blocked
27369,169,0,0.34812574201436597,0.6853094823929529,27,blocked
27370,170,0,0.4302499840821219,0.912933530115049,27,blocked
27371,171,0,0.9734602176095882,0.9703073124281538,27,blocked
27372,172,0,0.38061291643667083,1.0132999409068089,27,blocked
27373,173,0,0.03708448972979654,0.7029531016810276,27,blocked
27374,174,0,0.5721980840142573,0.614220069492335,27,blocked
27375,175,0,0.9976064173847423,0.4065058877823526,27,blocked
27376,176,0,0.8857710270900309,0.6534689432843657,27,blocked
27377,177,0,0.7023949605121788,0.6528625513669489,27,blocked
27378,178,0,0.9050095142640782,0.5971904003713006,27,blocked
27379,179,0,0.6728018174284868,0.5888297287552646,27,blocked
27380,180,0,0.38017944905814616,0.8451589924070637,27,blocked
27381,181,0,0.7699252074726363,0.609211670714519,27,blocked
27382,182,0,0.9780357075004291,0.37637633621520583,27,blocked
27383,183,0,0.5081302818145923,0.72672851966076,27,blocked
27384,184,0,0.21949417359220313,0.7936184843190158,27,blocked
27385,185,0,0.5161714017608469,0.5515417318780311,27,blocked
27386,186,0,0.698838504600499,0.8110418719336382,27,blocked
27387,187,0,0.500031154287877,0.9481770806091683,27,blocked
27388,188,0,0.49609125919597874,0.8423810258069551,27,blocked
27389,189,0,0.9597143378363395,0.5961529405205765,27,blocked
27390,190,0,0.9218585817467438,0.6084553819024033,27,blocked
27391,191,0,0.5380670774394416,0.5546059818871352,27,blocked
27392,192,0,0.4906587504748523,0.43147613252587863,27,blocked
27393,193,0,0.5472319738746512,0.7475144769661715,27,blocked
27394,194,0,0.9604081696014107,0.8323533303508452,27,blocked
27395,195,0,0.567740288499903,0.49545311757549443,27,blocked
27396,196,0,0.9785520121363602,0.5365372078694343,27,blocked
27397,197,0,0.11666141843739211,0.80647316308458,27,blocked
27398,198,0,0.5366679913401031,0.7186198919420043,27,blocked
27399,199,0,0.5010064025909073,0.8640492990300995,27,blocked
27400,0,0,0.5254912327790572,0.7080693035046495,27,early
27401,1,0,0.5521901479945818,0.5178441448776842,27,early
27402,2,0,0.5926482373593698,0.5869115794018877,27,early
27403,3,0,0.7269195504922064,0.6038452693346958,27,early
27404,4,0,0.0866783982448643,0.5544299143282718,27,early
27405,5,0,0.2914939531916799,0.6682032677332834,27,early
27406,6,0,0.4990715361725146,0.6893951086907023,27,early
27407,7,0,0.5545558052453361,0.7650714230217168,27,early
27408,8,0,0.5006589470248912,0.7825907915616321,27,early
27409,9,0,0.009715514934607244,0.7691539901009652,27,early
27410,10,0,0.0036978846651920046,0.7262650897127536,27,early
27411,11,0,0.4971961418091322,0.7115733468204413,27,early
27412,12,0,0.3728492285782607,0.687457288005972,27,early
27413,13,0,0.49669679016863105,0.822456964602383,27,early
27414,14,0,0.4999105499997167,0.9431642554273918,27,early
27415,15,0,0.4802160119565597,0.6934736586256388,27,early
27416,16,0,0.026769485097846445,0.5580891475420967,27,early
27417,17,0,0.8389348389894242,0.4896133667933238,27,early
27418,18,0,0.9706692977195457,0.41614467056767623,27,early
27419,19,0,0.896937421092578,0.36609850009532674,27,early
27420,20,0,0.9357338485819566,0.4600784418385136,27,early
27421,21,0,0.011345644697394228,0.7634296759405304,27,early
27422,22,0,0.9742490465799254,0.7006833504567093,27,early
27423,23,0,0.4928203718473326,0.6270490039289833,27,early
27424,24,0,0.04308157861353077,0.7509274720334445,27,early
27425,25,0,0.6443651475850166,0.4962937473719975,27,early
27426,26,0,0.5430991050204357,0.5843570094627222,27,early
27427,27,0,0.08413531326534117,0.827267869665102,27,early
27428,28,0,0.05216868594739297,0.8318034077246975,27,early
27429,29,0,0.6764829724481422,0.5290355435402803,27,early
27430,30,0,0.24699212652589134,0.6614757557643363,27,early
27431,31,0,0.4420185324027432,0.6450392177169096,27,early
27432,32,0,0.9712816111089424,0.4985230284656388,27,early
27433,33,0,0.34801569106210206,0.7956675793231476,27,early
27434,34,0,0.4280118115514039,0.7045747528569537,27,early
27435,35,0,0.09180788025894973,0.8801138541750708,27,early
27436,36,0,0.9859239164158164,0.32642080945987173,27,early
27437,37,0,0.9935382597210417,0.5497799105782926,27,early
27438,38,0,0.07606082282705223,0.5069619774718845,27,early
27439,39,0,0.07754246042979099,0.8111682250163839,27,early
27440,40,0,0.508203724098129,0.6490309525436803,27,early
27441,41,0,0.41284692592759037,0.5273088203151433,27,early
27442,42,0,0.962725485228882,0.6043531693160172,27,early
27443,43,0,0.18283615689010735,0.6762581419778407,27,early
27444,44,0,0.25602987973108166,0.6671751112872877,27,early
27445,45,0,0.07363646273438487,0.48154979789371455,27,early
27446,46,0,0.8322954456540013,0.8717089198942769,27,early
27447,47,0,0.8683341960403141,0.7224223158499623,27,early
27448,48,0,0.04931914228994429,0.573923944580153,27,early
27449,49,0,0.5445540361891038,0.7981388551200421,27,early
27450,50,0,0.5139876979161433,0.8133914148000114,27,early
27451,51,0,0.9844217257223102,0.6889170712777227,27,early
27452,52,0,0.5676887497164783,0.7108609469019441,27,early
27453,53,0,0.786252793491812,0.355908788267718,27,early
27454,54,0,0.08069637856000607,0.6225667870126346,27,early
27455,55,0,0.09943984269522413,0.8680755714702069,27,early
27456,56,0,0.022289629035438283,1.0508211492482529,27,early
27457,57,0,0.9886624814833702,0.36197353345761374,27,early
27458,58,0,0.0067112045586001715,0.8679607505717817,27,early
27459,59,0,0.006543064755939727,0.8603742561723122,27,early
27460,60,0,0.016200202860639373,0.8662858791562278,27,early
27461,61,0,0.6243328424645618,0.384347938556525,27,early
27462,62,0,0.8554261353640906,0.462828790971357,27,early
27463,63,0,0.9998042254819726,0.5531327755613931,27,early
27464,64,0,0.6593725320286354,0.894401987686312,27,early
27465,65,0,0.18434377574730626,0.7512579923680014,27,early
27466,66,0,0.5113765263869696,0.6582795466260654,27,early
27467,67,0,0.04990514648097059,0.9074064162118627,27,early
27468,68,0,0.9948943609667394,0.804758279043124,27,early
27469,69,0,0.44402434020549375,0.5680991576035495,27,early
27470,70,0,0.9877804375028262,0.6555119928674455,27,early
27471,71,0,0.8156180349395591,0.7391523229113647,27,early
27472,72,0,0.09267828384345547,0.8284015037374529,27,early
27473,73,0,0.7548109682694043,0.580533199399434,27,early
27474,74,0,0.8944059004938673,0.9794989413659193,27,early
27475,75,0,0.9113075401972476,0.5848765340144417,27,early
27476,76,0,0.8783859649959977,0.5291379009134956,27,early
27477,77,0,0.9998633225621889,0.5964758956094711,27,early
27478,78,0,0.40670197871979324,0.7184938466822695,27,early
27479,79,0,0.9983575117299993,0.5914538833957665,27,early
27480,80,0,0.5644361595817852,0.4926897917739959,27,early
27481,81,0,0.11295472798372184,0.7129108478948601,27,early
27482,82,0,0.5408420588776804,0.6731074384368978,27,early
27483,83,0,0.3844339601133457,0.5624532451099746,27,early
27484,84,0,0.5758166595014753,0.4686930786779002,27,early
27485,85,0,0.4735711700215903,0.6067774734327107,27,early
27486,86,0,0.48577346135602373,1.2025688440688111,27,early
27487,87,0,0.46191141474659664,0.7394416906675316,27,early
27488,88,0,0.5292419927885046,0.5522914588858231,27,early
27489,89,0,0.2104399016978676,0.7572494072936184,27,early
27490,90,0,0.9075161955152058,0.5674541951386878,27,early
27491,91,0,0.511407867679799,0.43937241809330996,27,early
27492,92,0,0.7373654182354048,0.7168887069643399,27,early
27493,93,0,0.004363200812587594,0.7729881726435608,27,early
27494,94,0,0.4074815645845991,0.6437231539013704,27,early
27495,95,0,0.26331401704207635,0.6854138456389496,27,early
27496,96,0,0.4934612154860797,0.6834827390442075,27,early
27497,97,0,0.4912231157533046,0.6094646845944243,27,early
27498,98,0,0.5141549458101017,0.4323478351147493,27,early
27499,99,0,0.5118941339511173,0.6464466356420484,27,early
27500,100,0,0.2203718435247725,0.7381448491018523,27,early
27501,101,0,0.005005343120619918,0.8451310431461214,27,early
27502,102,0,0.15277354289214373,0.5838043199149539,27,early
27503,103,0,7.514858576345535e-05,1.1331392700877663,27,early
27504,104,0,0.40397632423043056,0.7228851905385347,27,early
27505,105,0,0.502172699050074,0.5379850630356159,27,early
27506,106,0,0.830680256101143,0.5679873049104913,27,early
27507,107,0,0.998475444308274,0.41532203882576135,27,early
27508,108,0,0.06383401957917165,0.7017892842108883,27,early
27509,109,0,0.5227150367648628,0.5658382237932947,27,early
27510,110,0,0.5159031094472626,0.38591469891468777,27,early
27511,111,0,0.7456539369799666,0.33294260310654605,27,early
27512,112,0,0.6422545853944439,0.6395706641767945,27,early
27513,113,0,0.7473000390389156,0.576327347627079,27,early
27514,114,0,0.1949722576559066,0.9262306558382698,27,early
27515,115,0,0.4605519191588825,0.5106092004676099,27,early
27516,116,0,0.4862738379185353,0.6774980739334722,27,early
27517,117,0,0.5279434203712766,0.9718677167826535,27,early
27518,118,0,0.9928347051289755,0.6423057007277297,27,early
27519,119,0,0.7190477868425945,0.7699976472424643,27,early
27520,120,0,0.5003267074897159,0.6884292570362432,27,early
27521,121,0,0.5222113147303036,0.7021488791070785,27,early
27522,122,0,0.9999117048608877,0.6852470914861615,27,early
27523,123,0,0.4329576503832452,0.5413816275452634,27,early
27524,124,0,0.583349411633857,0.6202590333786903,27,early
27525,125,0,0.6591145389239663,0.7525847576061994,27,early
27526,126,0,0.5011302696139197,1.0821694425161157,27,early
27527,127,0,0.001721875325898791,0.878474626326209,27,early
27528,128,0,0.4971159146275374,0.6703435136237595,27,early
27529,129,0,0.14228481253666567,0.7285952845444037,27,early
27530,130,0,0.4838454199207973,0.5724465990614799,27,early
27531,131,0,0.5067602009388803,0.6795150472067981,27,early
27532,132,0,0.7935049661105977,0.8686189383998348,27,early
27533,133,0,0.4954735312575057,0.7678826466479715,27,early
27534,134,0,0.242829773426323,0.5896556725548632,27,early
27535,135,0,0.48588965120005884,0.45902341230075644,27,early
27536,136,0,0.8544162154644479,0.7132677443943183,27,early
27537,137,0,0.986710555214827,0.3732653758858868,27,early
27538,138,0,0.47377872824326067,0.6764295962715186,27,early
27539,139,0,0.15173120741296484,0.5961603353181699,27,early
27540,140,0,0.9233842606566977,0.7281775602977427,27,early
27541,141,0,0.7551932822496408,0.529073385245167,27,early
27542,142,0,0.8605239721122641,0.47995706597151166,27,early
27543,143,0,0.7236028304739811,0.6068654240463708,27,early
27544,144,0,0.34075927769155256,0.6830930110373494,27,early
27545,145,0,0.7576080820657058,0.6682120234761528,27,early
27546,146,0,0.5417258075636792,0.43835612472038277,27,early
27547,147,0,0.5086852098979877,0.7240697109805332,27,early
27548,148,0,0.4513086308207438,0.8984542690901824,27,early
27549,149,0,0.28664740805491473,0.744013117059179,27,early
27550,150,0,0.4969768958477456,0.8781105834127778,27,early
27551,151,0,0.48333456552790244,0.9021991932617834,27,early
27552,152,0,0.50219969679864,0.6425663268449531,27,early
27553,153,0,0.4937692474811435,0.490866150548,27,early
27554,154,0,0.6363389659589119,0.4467826613031922,27,early
27555,155,0,0.7382857808892516,0.36555393076093656,27,early
27556,156,0,0.37669017223559775,0.6231203529153211,27,early
27557,157,0,0.45010147581507426,0.7086478322905537,27,early
27558,158,0,0.5256682934609915,0.6908427607522328,27,early
27559,159,0,0.47539560663376257,0.42480665912167653,27,early
27560,160,0,0.43939821633675363,0.6106795274863137,27,early
27561,161,0,0.7705470310250848,0.5389531435313006,27,early
27562,162,0,0.49510621712557923,0.5027345745984986,27,early
27563,163,0,0.6332040889257845,0.7579781184779196,27,early
27564,164,0,0.8363039669328148,0.7970910535547358,27,early
27565,165,0,0.5016181840423883,0.7650793195503005,27,early
27566,166,0,0.49528231639641607,0.6544008525477316,27,early
27567,167,0,0.08604178973645087,0.8876023401634543,27,early
27568,168,0,0.23169444697900857,0.5162345636893576,27,early
27569,169,0,0.5821291467951448,0.3480905909500117,27,early
27570,170,0,0.5899698486112029,0.8386533182043586,27,early
27571,171,0,0.997550738661042,0.6449259116067407,27,early
27572,172,0,0.9227221318909058,0.6760195048678057,27,early
27573,173,0,0.7601643521260959,0.7947864594104324,27,early
27574,174,0,0.3253358302713489,0.9657972454833252,27,early
27575,175,0,0.01607716649837029,0.8362958046464248,27,early
27576,176,0,0.5723068303331547,0.6435186146838369,27,early
27577,177,0,0.08441313765815897,0.6783225311445058,27,early
27578,178,0,0.7238377437795627,0.7001482043122462,27,early
27579,179,0,0.12209383859246402,0.7024614220056888,27,early
27580,180,0,0.9986266003617876,0.5628622181135048,27,early
27581,181,0,0.5086684427634555,0.6371183758346932,27,early
27582,182,0,0.9610403619021364,0.4868391139959143,27,early
27583,183,0,0.07466325782616173,0.676112722493837,27,early
27584,184,0,0.26103704361056934,0.6099260872068311,27,early
27585,185,0,0.9479376230195214,0.3071959800589503,27,early
27586,186,0,0.9497995212275597,0.547956885333126,27,early
27587,187,0,0.4999598989087974,0.6764789376356728,27,early
27588,188,0,0.6458154210413468,0.7075933029139523,27,early
27589,189,0,0.043950157506965744,0.7492694885223157,27,early
27590,190,0,0.4996737930682859,0.47709991659300277,27,early
27591,191,0,0.4444949708193684,0.6744226964318071,27,early
27592,192,0,0.7426004821262224,0.5247309438191645,27,early
27593,193,0,0.5162985932088315,0.620179357467128,27,early
27594,194,0,0.46720955531546626,0.69876018302781,27,early
27595,195,0,0.810099449507482,0.5344401918127064,27,early
27596,196,0,0.677035695208987,0.5845849875709658,27,early
27597,197,0,0.4995033363094051,0.728669977953655,27,early
27598,198,0,0.9883160001165918,0.42354670073158396,27,early
27599,199,0,0.26317451489843885,0.6832758327146854,27,early
27600,0,0,0.4940706459239312,0.7116909247184912,27,middle
27601,1,0,0.341435279695743,0.5298844745380502,27,middle
27602,2,0,0.8389878236959388,0.7836610329280551,27,middle
27603,3,0,0.6069763833468438,0.4772480643275745,27,middle
27604,4,0,0.4488286542650805,0.6569126848733922,27,middle
27605,5,0,0.2867038539269823,0.7341139208561935,27,middle
27606,6,0,0.7501585820276153,0.7646431208969271,27,middle
27607,7,0,0.8038804708563336,0.3836494844838434,27,middle
27608,8,0,0.02679050528388597,0.7681128123862413,27,middle
27609,9,0,0.5373397682604111,0.5083149926526442,27,middle
27610,10,0,0.5124056902213534,0.7480800728472685,27,middle
27611,11,0,0.42908530308521187,0.7074387037998807,27,middle
27612,12,0,0.8466734958157689,0.6768690349973046,27,middle
27613,13,0,0.5436609156531175,0.6719731615248741,27,middle
27614,14,0,0.03371330588900583,1.2798837027379646,27,middle
27615,15,0,0.43156961827409057,0.8314369496719455,27,middle
27616,16,0,0.8005420847945675,0.6298888650983399,27,middle
27617,17,0,0.508110332036441,0.7660863325510767,27,middle
27618,18,0,0.9985773474557798,0.740420264812695,27,middle
27619,19,0,0.6440051777568079,0.6444537545292808,27,middle
27620,20,0,0.5482356295475864,0.6778123575353182,27,middle
27621,21,0,0.054115681207489455,0.6814289299906173,27,middle
27622,22,0,0.5175428398081876,0.8017636409181421,27,middle
27623,23,0,0.784092724595332,0.7076172325927974,27,middle
27624,24,0,0.5034840187128037,0.882872585147194,27,middle
27625,25,0,0.2092413215208689,0.8779402932631817,27,middle
27626,26,0,0.5330272124396414,0.9659806848003178,27,middle
27627,27,0,0.5015062021961582,1.1599189146218023,27,middle
27628,28,0,0.6462421223565686,0.6285247685879755,27,middle
27629,29,0,0.5022665138434399,0.8815778022734075,27,middle
27630,30,0,0.9138959452155233,0.7796721894960621,27,middle
27631,31,0,0.9363767706619432,0.8155420547163638,27,middle
27632,32,0,0.021795575010067285,1.0809351975805428,27,middle
27633,33,0,0.5170263502184903,0.6262822140133238,27,middle
27634,34,0,0.923674289991175,0.7898636606526921,27,middle
27635,35,0,0.8116360460051202,0.8853372660544847,27,middle
27636,36,0,0.9999895966726052,1.024498444556033,27,middle
27637,37,0,0.27326434053522675,0.7264159937379379,27,middle
27638,38,0,0.893192683044302,1.472390090575418,27,middle
27639,39,0,0.5259798119605377,0.8599328097758245,27,middle
27640,40,0,0.6687462389309665,0.5926066582306437,27,middle
27641,41,0,0.48897848652835146,0.7471630144574282,27,middle
27642,42,0,0.9953566682785651,0.4689661653546048,27,middle
27643,43,0,0.6421050846978993,0.5363943345515195,27,middle
27644,44,0,0.019864607083607294,0.5823353820448871,27,middle
27645,45,0,0.8443984634790824,0.5359491294634393,27,middle
27646,46,0,0.9864325654752645,0.48585258202438164,27,middle
27647,47,0,0.21024874159786472,0.7392079553874266,27,middle
27648,48,0,0.8588905370745541,0.6095114529132626,27,middle
27649,49,0,0.10916159600885099,0.7507752830645036,27,middle
27650,50,0,0.6585933897185712,0.3969473088833253,27,middle
27651,51,0,0.9393051840978178,0.49381146463857223,27,middle
27652,52,0,0.22542675820924055,1.0018250492422274,27,middle
27653,53,0,0.9996540915449293,0.8447967438229405,27,middle
27654,54,0,0.5818353044302623,0.5614850152980244,27,middle
27655,55,0,0.996260588463626,1.034422764541464,27,middle
27656,56,0,0.7882717131252088,0.6017619528932496,27,middle
27657,57,0,0.5322601998482906,0.8820079744396733,27,middle
27658,58,0,0.7607359267209616,0.7735464082441884,27,middle
27659,59,0,0.006199588449771643,1.1369827607823852,27,middle
27660,60,0,0.9999066982410428,0.7326723101926373,27,middle
27661,61,0,0.9911135578841359,0.271650882483083,27,middle
27662,62,0,0.976907615530686,0.3754719552695206,27,middle
27663,63,0,0.12280487346547839,0.8955975177055446,27,middle
27664,64,0,0.9940058596192535,0.5907797810229862,27,middle
27665,65,0,0.07245792056940628,1.0309972467371755,27,middle
27666,66,0,0.9995073894150425,0.8615359117274796,27,middle
27667,67,0,0.9449212924644986,0.5060037935155793,27,middle
27668,68,0,0.9942357338758406,0.8322260135966636,27,middle
27669,69,0,0.9769547458143546,0.39672411806391156,27,middle
27670,70,0,0.9926877022670908,0.4220697469946526,27,middle
27671,71,0,0.989068524945836,0.363073980650839,27,middle
27672,72,0,0.4905003040451495,0.9061733411594064,27,middle
27673,73,0,0.9975865609861131,0.7420131868598501,27,middle
27674,74,0,0.5146136017917389,0.689130683999688,27,middle
27675,75,0,0.8855334808338047,0.7290626875965158,27,middle
27676,76,0,0.010284040159768554,1.1785078543470497,27,middle
27677,77,0,0.999678067307538,0.5860599074965771,27,middle
27678,78,0,0.055794181204820034,0.5397277669594451,27,middle
27679,79,0,0.991435034968226,0.6919562183340654,27,middle
27680,80,0,0.5710595705666436,0.6070409942253308,27,middle
27681,81,0,0.33705746479929527,1.1249367321921486,27,middle
27682,82,0,0.0004771595150109704,1.3751411211755242,27,middle
27683,83,0,0.8137081069365277,0.6004402984190491,27,middle
27684,84,0,0.5870340237659242,0.7222554762799518,27,middle
27685,85,0,0.3251793362906343,0.8367284122119674,27,middle
27686,86,0,0.8584015343955629,0.5686145537128583,27,middle
27687,87,0,0.9329717452384771,0.43068272939860575,27,middle
27688,88,0,0.28472620055131204,0.7176418667352313,27,middle
27689,89,0,0.4140906269918121,0.571458479810988,27,middle
27690,90,0,0.9600611723491252,0.6580455917518822,27,middle
27691,91,0,0.01184734823877472,0.8197630582566706,27,middle
27692,92,0,0.8929931209946029,0.675622998127956,27,middle
27693,93,0,0.6706620491205733,0.6284840580057454,27,middle
27694,94,0,0.6149953701856068,0.7044250532750668,27,middle
27695,95,0,0.005918160416307767,0.9891221876912243,27,middle
27696,96,0,0.008213086306053507,0.7592671565870325,27,middle
27697,97,0,0.6131258818126638,0.8325294931000098,27,middle
27698,98,0,0.9999760726409499,0.5027155602675879,27,middle
27699,99,0,0.49433459015088166,1.131637959490267,27,middle
27700,100,0,0.8867500772157217,0.8959119905548945,27,middle
27701,101,0,0.24596625690067245,0.7468233080652096,27,middle
27702,102,0,0.5514942856684522,0.7811583904556897,27,middle
27703,103,0,0.510821221643577,0.7479133201558006,27,middle
27704,104,0,0.9939830338222597,0.3494179732133138,27,middle
27705,105,0,0.1185404432866877,0.8900938537429752,27,middle
27706,106,0,0.9421488440794442,0.5579311951281231,27,middle
27707,107,0,0.9997181281361458,0.6597674241423312,27,middle
27708,108,0,0.4088637242975753,0.7933034137463824,27,middle
27709,109,0,0.5360646000516426,0.5867456584687982,27,middle
27710,110,0,0.8123853884791801,0.49203064322454093,27,middle
27711,111,0,0.1381011189344607,0.5254849325575046,27,middle
27712,112,0,0.6837083457965627,0.8129603685326281,27,middle
27713,113,0,0.5620879732611843,0.7287433253730364,27,middle
27714,114,0,0.4627059992795802,0.9125528117145982,27,middle
27715,115,0,0.8288137141112708,0.7027670239236102,27,middle
27716,116,0,0.157170722746422,0.8012790251600894,27,middle
27717,117,0,0.5916293296291866,0.5136123185769709,27,middle
27718,118,0,0.8384715365256263,0.532984609836703,27,middle
27719,119,0,0.09760096271035502,1.070381446556453,27,middle
27720,120,0,0.03599074158903395,0.922576748969774,27,middle
27721,121,0,0.500026250795256,1.068240208130607,27,middle
27722,122,0,0.437231053993232,0.7086687248900221,27,middle
27723,123,0,0.4730087023791179,0.7125443741687157,27,middle
27724,124,0,0.9355154176274839,0.7915865481586066,27,middle
27725,125,0,0.4725512198444071,0.6239751327552869,27,middle
27726,126,0,0.582735387077278,0.7005136379196522,27,middle
27727,127,0,0.5300009673948671,0.6424805474713784,27,middle
27728,128,0,0.47079197161285247,0.621254009445426,27,middle
27729,129,0,0.9414338952720356,0.50915438755383,27,middle
27730,130,0,0.43758922762914737,0.7627723215369662,27,middle
27731,131,0,0.4693711052947239,0.3974458565833192,27,middle
27732,132,0,0.07185888554550875,1.0122497965703305,27,middle
27733,133,0,0.49693826519009254,0.5860663867668249,27,middle
27734,134,0,0.9995471669793816,0.599399366633734,27,middle
27735,135,0,0.8433831040235886,0.5088737530362848,27,middle
27736,136,0,0.05263617284026574,1.0075819878292835,27,middle
27737,137,0,0.5530840579828669,0.47209668453631104,27,middle
27738,138,0,0.17099314458856352,0.6793935629811851,27,middle
27739,139,0,0.49887590489900396,0.6882838843043357,27,middle
27740,140,0,0.020997464293036866,1.0948559004367793,27,middle
27741,141,0,0.4998420012235002,0.961063651894953,27,middle
27742,142,0,0.9932088366945697,0.9021115121577183,27,middle
27743,143,0,0.6557765249255666,0.7125715087756195,27,middle
27744,144,0,0.6399044790785495,0.7964580474582088,27,middle
27745,145,0,0.8672900077480528,0.7085471123666601,27,middle
27746,146,0,0.5036113897751833,0.7441700500691814,27,middle
27747,147,0,0.8803995958297963,0.2766397145477023,27,middle
27748,148,0,0.9865638779685204,0.21390345465960817,27,middle
27749,149,0,0.5043644962979579,0.7588114322462923,27,middle
27750,150,0,0.732610388197233,0.6276842729999641,27,middle
27751,151,0,0.49928010354766816,0.7077413240327293,27,middle
27752,152,0,0.2964288929437866,0.73852243821052,27,middle
27753,153,0,0.5252207577799991,0.5121892873074783,27,middle
27754,154,0,0.5006850806993748,0.8267574615022879,27,middle
27755,155,0,0.4818736432409152,0.8477480478904871,27,middle
27756,156,0,0.49966322129305746,0.7880356319300962,27,middle
27757,157,0,0.7078594933158915,0.5797287242841652,27,middle
27758,158,0,0.5001025551877822,0.7715209936162326,27,middle
27759,159,0,0.7158466952841893,0.4901395925938311,27,middle
27760,160,0,0.9981934528206321,0.6451889162648431,27,middle
27761,161,0,0.47668882873465923,0.6431633120267568,27,middle
27762,162,0,0.5402303004761094,0.5404564243001804,27,middle
27763,163,0,0.9946365244251927,0.3863393804238885,27,middle
27764,164,0,0.5002264348225978,0.8420692138324923,27,middle
27765,165,0,0.9689195163790745,0.6275588735050222,27,middle
27766,166,0,0.9494559691828031,0.6544198740843477,27,middle
27767,167,0,0.5377770607047171,0.6849821117431572,27,middle
27768,168,0,0.49992464103110235,1.0230377289501822,27,middle
27769,169,0,0.9694009974217563,0.6477098442756137,27,middle
27770,170,0,0.5389504076152476,0.7690126073445231,27,middle
27771,171,0,0.9899201248174567,0.6574484568914052,27,middle
27772,172,0,0.03519354158835239,0.8496833845436873,27,middle
27773,173,0,0.7519847720648752,0.5808548050571546,27,middle
27774,174,0,0.9829415772483482,0.6059145558579588,27,middle
27775,175,0,0.4965232311057292,0.9390255032645256,27,middle
27776,176,0,0.5287681155352514,0.5035021503999582,27,middle
27777,177,0,0.9503229827459175,0.5326881618399941,27,middle
27778,178,0,0.9929179568903801,0.6752738672060992,27,middle
27779,179,0,0.6296194791307117,0.5563862761656313,27,middle
27780,180,0,0.999832406219566,1.0662561064918825,27,middle
27781,181,0,0.010379968881396693,1.1394525616863587,27,middle
27782,182,0,0.9981443920258525,0.7748015310538683,27,middle
27783,183,0,0.4458330980617848,0.7765968742157873,27,middle
27784,184,0,0.6692256657579115,0.6009317229200775,27,middle
27785,185,0,0.9577452201261676,0.48648858058987327,27,middle
27786,186,0,0.4843725158838439,0.617762562058908,27,middle
27787,187,0,0.9902358095477332,0.5009999791664522,27,middle
27788,188,0,0.7008542055211593,0.5546485750042776,27,middle
27789,189,0,0.9999996885044378,1.095166725309359,27,middle
27790,190,0,0.5922699742901463,0.6937502346154649,27,middle
27791,191,0,0.9690294673687125,0.6651155232465794,27,middle
27792,192,0,0.40918664896683343,1.0389059274353842,27,middle
27793,193,0,0.8454248340082715,0.33419573358096144,27,middle
27794,194,0,0.5230010763538818,0.6136691820767848,27,middle
27795,195,0,0.5145595397963735,0.6826456885504744,27,middle
27796,196,0,0.03141940465090607,0.7362242231415079,27,middle
27797,197,0,0.6938381884526533,0.6334415860068279,27,middle
27798,198,0,0.9986807307274717,0.6471754360952772,27,middle
27799,199,0,0.44999916965282005,0.6527465564910141,27,middle
27800,0,0,0.2705469766246719,1.2199010372690082,27,late
27801,1,0,0.03987287590556417,0.49459747502571855,27,late
27802,2,0,0.3527541574663914,0.6240675298619213,27,late
27803,3,0,0.9401142345629474,0.37210945032458626,27,late
27804,4,0,0.49930989740052323,0.6158121443244747,27,late
27805,5,0,0.9862929113393708,0.48984808852184486,27,late
27806,6,0,0.4359442869129524,0.6196820065941828,27,late
27807,7,0,0.3408024646886325,0.8832442649411791,27,late
27808,8,0,0.5089177039197713,0.6491794526043289,27,late
27809,9,0,0.48113813129552707,0.5112038360407207,27,late
27810,10,0,0.4772311794664584,0.8057299167514271,27,late
27811,11,0,0.00042239045490233507,1.1317546172284447,27,late
27812,12,0,0.928483141922366,0.5138421085077823,27,late
27813,13,0,0.8418320872942537,0.776684904022563,27,late
27814,14,0,0.5167818078889469,0.6350220797333307,27,late
27815,15,0,0.5094703560239107,0.5623975300589716,27,late
27816,16,0,0.5288622533605385,0.5868902885994771,27,late
27817,17,0,0.9468174679717618,1.0041765835553926,27,late
27818,18,0,0.09219266863394696,0.8779088178433534,27,late
27819,19,0,0.005018539237388089,0.9865109830969832,27,late
27820,20,0,0.49968987920015057,0.7048316094953967,27,late
27821,21,0,0.0678915491311152,0.7188931952956856,27,late
27822,22,0,0.5018025565035087,0.5480947244196952,27,late
27823,23,0,0.188247911163712,0.7422826348902345,27,late
27824,24,0,0.4469914346292246,0.843039143434547,27,late
27825,25,0,0.6596223732519477,0.6462653818221331,27,late
27826,26,0,0.4997289680353707,1.1803268042461645,27,late
27827,27,0,0.4958759755504798,0.5775199125257237,27,late
27828,28,0,0.4853545130607372,0.5392696772784581,27,late
27829,29,0,0.7690488221817355,0.4374626073804117,27,late
27830,30,0,0.5727834811307854,0.5877459411070154,27,late
27831,31,0,0.7249965219860749,0.6778320829530167,27,late
27832,32,0,0.8062272148892614,0.5328750072799575,27,late
27833,33,0,0.007760597027534013,0.8647844579172088,27,late
27834,34,0,0.506363461724373,0.6976849926496279,27,late
27835,35,0,0.46616434613213414,0.6175561150761825,27,late
27836,36,0,0.5100657661676192,0.8122789281588516,27,late
27837,37,0,0.12144756552590552,0.9318343985857036,27,late
27838,38,0,0.4993647570995756,1.0725189216758704,27,late
27839,39,0,0.9999077140719121,0.8738634769282323,27,late
27840,40,0,0.49663836904635483,0.7781402997457343,27,late
27841,41,0,0.8333903189846318,0.8461346373659464,27,late
27842,42,0,0.7153541659791198,0.677672011781047,27,late
27843,43,0,0.5358705755303951,1.1273274041684593,27,late
27844,44,0,0.49187812411090004,0.6198790019547611,27,late
27845,45,0,0.15478069086119384,0.7125620871768816,27,late
27846,46,0,0.9443167896375011,0.606297741189152,27,late
27847,47,0,0.9891297150937797,0.5924428803972777,27,late
27848,48,0,0.9868597463512264,0.5827314077293726,27,late
27849,49,0,0.4865934405371946,0.5872940958958054,27,late
27850,50,0,0.06498568553712969,1.0455776435428878,27,late
27851,51,0,0.14232719030581809,0.5599463282135775,27,late
27852,52,0,0.5296746214123845,0.5817122394530101,27,late
27853,53,0,0.10774317804419653,0.7161266542635628,27,late
27854,54,0,0.8368328465093773,0.5928696564462386,27,late
27855,55,0,0.023383463940051735,0.8972474180388079,27,late
27856,56,0,0.5001418475707576,1.1718256894999617,27,late
27857,57,0,0.4762955219463263,0.8935976507924828,27,late
27858,58,0,0.5178309752056902,0.6482882520578646,27,late
27859,59,0,0.016861688089330834,0.6872646176378692,27,late
27860,60,0,0.436019077386454,0.9161447046727986,27,late
27861,61,0,0.25012748755457476,0.7889469508615918,27,late
27862,62,0,0.5003922911848013,1.0992107993568367,27,late
27863,63,0,0.000615278740948679,1.022262175730812,27,late
27864,64,0,0.6264079087645795,0.5663898221591157,27,late
27865,65,0,0.7996458313890258,0.666084236707752,27,late
27866,66,0,0.6132138174694245,0.4338749213586529,27,late
27867,67,0,0.2718424732865519,0.43740250037760675,27,late
27868,68,0,0.9369333943491756,0.48495160230423895,27,late
27869,69,0,0.9992027475083318,0.7143626122648143,27,late
27870,70,0,0.9930224288404585,0.4770994430396497,27,late
27871,71,0,0.5134718004930162,0.4154592044552835,27,late
27872,72,0,0.5027401121331534,0.8775342117278757,27,late
27873,73,0,0.0024958697744889274,0.9445104551173138,27,late
27874,74,0,0.3646858685163102,0.7442801802024923,27,late
27875,75,0,0.7465262662111445,0.6429696760817758,27,late
27876,76,0,0.5020016345602588,0.6155019349771604,27,late
27877,77,0,0.40017043809731917,0.6622233284124516,27,late
27878,78,0,0.5843135312585799,0.5456642649127179,27,late
27879,79,0,0.15488269041793418,0.68947326774395,27,late
27880,80,0,0.508368477819659,0.41903677390434824,27,late
27881,81,0,0.8506778601941845,0.35358107949907747,27,late
27882,82,0,0.49006922455553326,0.9348827013224905,27,late
27883,83,0,0.6753875690984092,0.6100655850767334,27,late
27884,84,0,0.866033340875924,0.6026092771649499,27,late
27885,85,0,0.835229275834638,0.4452974374604107,27,late
27886,86,0,0.3386059130092729,0.5418963560859131,27,late
27887,87,0,0.577337027237524,0.5530363832490803,27,late
27888,88,0,0.504749611584425,0.4748208351750065,27,late
27889,89,0,0.626249902235144,0.8438072186558637,27,late
27890,90,0,0.3127189221608543,0.7564593947098364,27,late
27891,91,0,0.6817340297691011,0.7449059924301327,27,late
27892,92,0,0.5484910012298978,0.5865158715574728,27,late
27893,93,0,0.8329101816306791,0.44402344731422494,27,late
27894,94,0,0.479798153594002,0.9608608604724647,27,late
27895,95,0,0.6072122612040228,0.4476650788249177,27,late
27896,96,0,0.9648788830114641,0.6406326453105877,27,late
27897,97,0,0.9293376636925136,0.32682816944228654,27,late
27898,98,0,0.490994937766098,0.6590259353822105,27,late
27899,99,0,0.5394240501117309,0.32788700053902886,27,late
27900,100,0,0.6258542861280064,0.44471605568246464,27,late
27901,101,0,0.20171486640242942,0.8412562304668113,27,late
27902,102,0,0.8529225250261148,0.463034178848243,27,late
27903,103,0,0.9036795516440344,0.7850473373861567,27,late
27904,104,0,0.9909926535170339,0.8607061311131861,27,late
27905,105,0,0.6677796064319084,0.68988194932117,27,late
27906,106,0,0.9537723659644908,0.508966630960179,27,late
27907,107,0,0.9384945664253612,0.5187796351735295,27,late
27908,108,0,0.3667228149461995,0.5091098875950499,27,late
27909,109,0,0.715433466831329,0.5226289952847363,27,late
27910,110,0,0.6947348015873547,0.3544414624840498,27,late
27911,111,0,0.5057480071727783,0.6359757468338588,27,late
27912,112,0,0.9660737628329956,0.5541987205015777,27,late
27913,113,0,0.5158432937167496,0.4571733498330206,27,late
27914,114,0,0.7904356548502041,0.3702609398558825,27,late
27915,115,0,0.9440667898412702,0.47838839344022716,27,late
27916,116,0,0.6852841495123976,0.5423879205597071,27,late
27917,117,0,0.5326291130227151,0.5005931381118098,27,late
27918,118,0,0.9825931109107728,0.47055023226265996,27,late
27919,119,0,0.9652827745981359,0.48874692018085364,27,late
27920,120,0,0.04296599022644844,0.76003246987085,27,late
27921,121,0,0.0034808620990565884,0.6326709469187735,27,late
27922,122,0,0.24861004112928384,0.41467858845158584,27,late
27923,123,0,0.005214253428657087,0.6628632409485451,27,late
27924,124,0,0.5095490055080036,0.6721625300508762,27,late
27925,125,0,0.0521449402351003,0.5089345254610954,27,late
27926,126,0,0.583661031306401,0.4669153669379853,27,late
27927,127,0,0.550873186318366,0.6657231905143127,27,late
27928,128,0,0.7347417507356184,0.4516402982073539,27,late
27929,129,0,0.8290555384723524,0.2683202740785009,27,late
27930,130,0,0.999751437370091,0.507692922101258,27,late
27931,131,0,0.15032622496011905,0.6091361166128104,27,late
27932,132,0,0.0003098098332091236,0.7356187507909875,27,late
27933,133,0,0.6469915551882264,0.5552513468510247,27,late
27934,134,0,0.9252750663108102,0.5108381122912957,27,late
27935,135,0,0.042968096736582556,0.7016139823725767,27,late
27936,136,0,0.9301710336506372,0.347527158817445,27,late
27937,137,0,0.9918040600335248,0.4679788223663093,27,late
27938,138,0,0.9998068796055761,0.6490817736867351,27,late
27939,139,0,0.9988040884344275,0.6176234464791239,27,late
27940,140,0,0.2628336836025714,0.46202248331035234,27,late
27941,141,0,0.18205396490263598,0.4750419456266249,27,late
27942,142,0,0.28338089868839306,0.8726341640269503,27,late
27943,143,0,0.9074813191310771,0.6758119693349534,27,late
27944,144,0,0.0827617878236301,0.7340086459650703,27,late
27945,145,0,0.018380674584386306,0.6026642778469058,27,late
27946,146,0,0.036488731403799365,0.5798161228803183,27,late
27947,147,0,0.04432373823256017,0.6044116532460848,27,late
27948,148,0,0.024034976635167554,0.5679163571624071,27,late
27949,149,0,0.2638772005229038,0.6217408264500615,27,late
27950,150,0,0.1741187073606288,0.5906226057583803,27,late
27951,151,0,0.9794692949566627,0.5465296026360367,27,late
27952,152,0,0.25151511918156244,0.6648774158542459,27,late
27953,153,0,0.510198685062633,0.6744192896312498,27,late
27954,154,0,0.9532161190064554,0.5419837037941109,27,late
27955,155,0,0.029660929735213382,0.8846832043217217,27,late
27956,156,0,0.4514661774902994,0.5177011961870163,27,late
27957,157,0,0.5671623409787969,0.5487201267268854,27,late
27958,158,0,0.49718501697689055,0.6351077959493696,27,late
27959,159,0,0.7097760437858636,0.5903945856557891,27,late
27960,160,0,0.5001858124180149,0.4304713001877788,27,late
27961,161,0,0.9191126410964495,0.5421191355316151,27,late
27962,162,0,0.9938249375875774,0.6944530871208374,27,late
27963,163,0,0.6562768931184355,0.47603360018469554,27,late
27964,164,0,0.7158687566345103,0.4327071991130817,27,late
27965,165,0,0.6835159830990138,0.3390743790783179,27,late
27966,166,0,0.5237265139345938,0.3997201110163914,27,late
27967,167,0,0.9086669309942209,0.4439550077150908,27,late
27968,168,0,0.8404400234954361,0.4966846126860481,27,late
27969,169,0,0.9982461967148906,0.6058167377417333,27,late
27970,170,0,0.6677924922340435,0.43316697650372826,27,late
27971,171,0,0.8413956232399474,0.5441340458348617,27,late
27972,172,0,0.7017605794352478,0.3709615881956152,27,late
27973,173,0,0.5098556052008346,0.447404102478839,27,late
27974,174,0,0.5007964879509035,0.6075079335694427,27,late
27975,175,0,0.5344833384135401,0.5943284233315932,27,late
27976,176,0,0.941471674133121,0.43646647529584814,27,late
27977,177,0,0.9947901610542222,0.2338347325908186,27,late
27978,178,0,0.4149429589715091,0.6478898910765272,27,late
27979,179,0,0.5563911876794596,0.4132760513081951,27,late
27980,180,0,0.3491776213277483,0.6068134874694058,27,late
27981,181,0,0.9055736824077809,0.6377682106318021,27,late
27982,182,0,0.9424963417511216,0.6173418719060162,27,late
27983,183,0,0.7321607599796005,0.686127624041518,27,late
27984,184,0,0.7550814366644261,0.4551678999593439,27,late
27985,185,0,0.9036490898402754,0.6881574395094315,27,late
27986,186,0,0.4695612103031786,0.633609341923721,27,late
27987,187,0,0.6758082946234938,0.5708191229332269,27,late
27988,188,0,0.9978659686327775,0.35223380707950136,27,late
27989,189,0,0.9823163817438954,0.35857401071807954,27,late
27990,190,0,0.4305710224468036,0.40342856172639446,27,late
27991,191,0,0.5965696495624797,0.4540391405249792,27,late
27992,192,0,0.8426930885691291,0.3878632510182399,27,late
27993,193,0,0.5365285458971359,0.5421443704595136,27,late
27994,194,0,0.05388478630084331,0.743029210031185,27,late
27995,195,0,0.6757327511428627,0.5339423801636536,27,late
27996,196,0,0.9198253376640222,0.5296883909099335,27,late
27997,197,0,0.9820488483325198,0.7814168551502063,27,late
27998,198,0,0.6267200918816873,0.42932167681446753,27,late
27999,199,0,0.551573985065257,0.49148375868700067,27,late
28000,0,0,0.15474334752370586,0.5576798507771458,28,interleaved
28001,1,0,0.9196650502292743,0.6305917695171044,28,interleaved
28002,2,0,0.41747834369407455,0.6785501085539078,28,interleaved
28003,3,0,0.5934122930431512,0.8301064764938042,28,interleaved
28004,4,0,0.526080599171953,0.6385237096153125,28,interleaved
28005,5,0,0.10883898317782566,1.1388356362444119,28,interleaved
28006,6,0,0.4992873646049303,0.8163009846804644,28,interleaved
28007,7,0,0.4998502439921855,0.5751518430235913,28,interleaved
28008,8,0,0.7302404385197238,0.4560597696853319,28,interleaved
28009,9,0,0.45844512133520327,0.62215180490884,28,interleaved
28010,10,0,0.42494003607722197,0.67575691440458,28,interleaved
28011,11,0,0.14853657890663563,0.7987191785378631,28,interleaved
28012,12,0,0.20668806992756975,0.8090442102420432,28,interleaved
28013,13,0,0.8613551369173527,0.7030229621758304,28,interleaved
28014,14,0,0.47946824856776626,0.7124368528488909,28,interleaved
28015,15,0,0.6149832674881022,0.5370884963456495,28,interleaved
28016,16,0,0.841439818310443,0.7130357609308569,28,interleaved
28017,17,0,0.5109364884886014,0.5240493289110705,28,interleaved
28018,18,0,0.4908478965926792,0.9725394978943351,28,interleaved
28019,19,0,0.48518887146148487,0.8387724568526027,28,interleaved
28020,20,0,0.2800479749116661,0.8726943016659858,28,interleaved
28021,21,0,0.5193318417061638,0.9473341774928274,28,interleaved
28022,22,0,0.35093418649007346,0.9379311452363565,28,interleaved
28023,23,0,0.0039409877481307275,0.9002988060071077,28,interleaved
28024,24,0,0.3705748714751731,0.8493225774708608,28,interleaved
28025,25,0,0.5254237516084241,0.8548489825328256,28,interleaved
28026,26,0,0.581282478997109,0.8295126945198683,28,interleaved
28027,27,0,0.248196885350648,0.8337332684850084,28,interleaved
28028,28,0,0.4039989066359695,0.7979843732566747,28,interleaved
28029,29,0,0.11116515090042003,0.6938793686796141,28,interleaved
28030,30,0,0.26076197330107753,0.6474931745830294,28,interleaved
28031,31,0,0.34282318657752303,0.5257993654369536,28,interleaved
28032,32,0,0.4557100464128961,0.6061008884287579,28,interleaved
28033,33,0,0.5022142426964381,0.7543889139369484,28,interleaved
28034,34,0,0.2688217622902727,0.7907476997405152,28,interleaved
28035,35,0,0.498969961749728,0.5566493711544903,28,interleaved
28036,36,0,0.6920563677076872,0.7187806510047892,28,interleaved
28037,37,0,0.6842969400452972,0.6003895241768757,28,interleaved
28038,38,0,0.0019052859870585664,1.0980188284533772,28,interleaved
28039,39,0,0.49991442248599116,0.7489463609756172,28,interleaved
28040,40,0,0.17915309417518333,0.699029313648756,28,interleaved
28041,41,0,0.38816068688406147,0.8951304973939525,28,interleaved
28042,42,0,0.5090689772883501,0.8319904968651708,28,interleaved
28043,43,0,0.0072624426712132135,0.989053999196474,28,interleaved
28044,44,0,0.4999789221059278,0.6995205551999953,28,interleaved
28045,45,0,0.2421521535783881,0.5148926727906789,28,interleaved
28046,46,0,0.4332142093436836,0.45446364648632287,28,interleaved
28047,47,0,0.5039775611008142,0.8163942729970728,28,interleaved
28048,48,0,0.10374960665594167,0.794955262696059,28,interleaved
28049,49,0,0.4939266745511817,0.8258339545620487,28,interleaved
28050,50,0,0.5186753310911314,0.6256583912246421,28,interleaved
28051,51,0,0.014047209285638433,0.805575950568288,28,interleaved
28052,52,0,0.18772658095646877,0.8032014439221307,28,interleaved
28053,53,0,0.48128356774773573,0.8335162983226203,28,interleaved
28054,54,0,0.8641476129650885,0.6311164569827743,28,interleaved
28055,55,0,0.4206026245398453,0.5040490249904356,28,interleaved
28056,56,0,0.4640981681936604,0.6137927688203166,28,interleaved
28057,57,0,0.49432105082500916,0.301884123426158,28,interleaved
28058,58,0,0.4956845591231388,0.8090743250084973,28,interleaved
28059,59,0,0.9634204882923975,0.8131510808368487,28,interleaved
28060,60,0,0.8823550159931957,0.842881266500454,28,interleaved
28061,61,0,0.7349037968643783,0.8667529768045571,28,interleaved
28062,62,0,0.5030289277477207,0.7881918192917301,28,interleaved
28063,63,0,0.3719114268112751,0.540012167088695,28,interleaved
28064,64,0,0.508790988846665,0.46802342294493676,28,interleaved
28065,65,0,0.5332393673900224,0.6357339429378854,28,interleaved
28066,66,0,0.7635322938019289,0.6516409798377669,28,interleaved
28067,67,0,0.00801073974821902,0.8345265108501394,28,interleaved
28068,68,0,0.9917178916544476,0.9082788255271227,28,interleaved
28069,69,0,0.8759563960960681,0.7461991671916244,28,interleaved
28070,70,0,0.2082603062532106,0.8760687800571691,28,interleaved
28071,71,0,0.5176409008897976,1.0518286269531765,28,interleaved
28072,72,0,0.9744537615516238,0.8049065557517905,28,interleaved
28073,73,0,0.5006358806093922,0.5832488948853797,28,interleaved
28074,74,0,0.46789273640261186,0.9682722645050027,28,interleaved
28075,75,0,0.5071080147294726,0.8100948280490334,28,interleaved
28076,76,0,0.9866194762350418,0.49626706822726085,28,interleaved
28077,77,0,0.9995437676627272,0.8261320370294253,28,interleaved
28078,78,0,0.5404421419452963,0.5315003741624945,28,interleaved
28079,79,0,0.9565219896616474,1.3066003752645763,28,interleaved
28080,80,0,0.6176149514407299,0.8560254044270391,28,interleaved
28081,81,0,0.0181037279648528,0.7991787156203178,28,interleaved
28082,82,0,0.17767282052277483,0.7704354080352753,28,interleaved
28083,83,0,0.5399861284557078,0.763999824557864,28,interleaved
28084,84,0,0.7739653693690752,0.7961586668259582,28,interleaved
28085,85,0,0.7198545129317948,0.7556021625741993,28,interleaved
28086,86,0,0.9931403527452757,0.607432415831979,28,interleaved
28087,87,0,0.9695274479751463,0.6298038596041469,28,interleaved
28088,88,0,0.0045948864526180865,1.0000734590837133,28,interleaved
28089,89,0,0.9939909018278421,0.7808243956902737,28,interleaved
28090,90,0,0.8476505615322809,0.3533231266889982,28,interleaved
28091,91,0,0.8845793899718187,0.4224744564653158,28,interleaved
28092,92,0,0.6913847198132089,0.4724186618274787,28,interleaved
28093,93,0,0.5872306225508603,0.6584278090213134,28,interleaved
28094,94,0,0.7994499100538078,0.6075126420810003,28,interleaved
28095,95,0,0.5419155180523298,0.7667566549635481,28,interleaved
28096,96,0,0.35408459483153343,0.9466129653239134,28,interleaved
28097,97,0,0.3961334216415857,0.6109468626020041,28,interleaved
28098,98,0,0.5004699028389217,0.7124100450018527,28,interleaved
28099,99,0,0.5383898966519425,0.7106814668332893,28,interleaved
28100,100,0,0.029568442182905934,0.9248138666869661,28,interleaved
28101,101,0,0.20798862828103357,0.6433503001033325,28,interleaved
28102,102,0,0.4195780869986424,0.8918002797278144,28,interleaved
28103,103,0,0.5047030091783271,0.7509157384864658,28,interleaved
28104,104,0,0.11573710631642008,0.8026023269206598,28,interleaved
28105,105,0,0.49954953810813885,0.7075344990276415,28,interleaved
28106,106,0,0.49729722197530796,0.9165776803492834,28,interleaved
28107,107,0,0.49994084590905147,0.92769068244308,28,interleaved
28108,108,0,0.1984617343101006,1.0037688785122498,28,interleaved
28109,109,0,0.5334342832444007,0.6251291485746213,28,interleaved
28110,110,0,0.4911057776914593,0.45373466068614227,28,interleaved
28111,111,0,0.24298950822363227,0.5728563943110107,28,interleaved
28112,112,0,0.7762788339450755,0.5801380708113948,28,interleaved
28113,113,0,0.5003076728832324,0.6040337062381999,28,interleaved
28114,114,0,0.43784920602009225,0.9235944468655892,28,interleaved
28115,115,0,0.24818612452774522,0.5972905778939448,28,interleaved
28116,116,0,0.13977969054860936,0.9234358929191513,28,interleaved
28117,117,0,0.9114213947829046,0.450849907001919,28,interleaved
28118,118,0,0.7529749154823129,0.6896168346363368,28,interleaved
28119,119,0,0.8165735012173161,0.8524622726160067,28,interleaved
28120,120,0,0.5337122363962096,0.5386026612797332,28,interleaved
28121,121,0,0.28855833928392255,0.6698028938370553,28,interleaved
28122,122,0,0.050992965503165,0.7175494683869494,28,interleaved
28123,123,0,0.5421646392110641,0.5106425862916781,28,interleaved
28124,124,0,0.5707472669653199,0.6232871353344208,28,interleaved
28125,125,0,0.9342876129386537,0.388196571754346,28,interleaved
28126,126,0,0.2662504829198753,0.5421222377722354,28,interleaved
28127,127,0,0.48620486116425826,0.9285378257929482,28,interleaved
28128,128,0,0.4893248886397621,0.4892625975396445,28,interleaved
28129,129,0,0.8939041012307906,0.29856876891702383,28,interleaved
28130,130,0,0.9952677478250826,0.5992504336685376,28,interleaved
28131,131,0,0.001984152652663537,0.7692451039788675,28,interleaved
28132,132,0,0.408606913890969,0.7382430692149378,28,interleaved
28133,133,0,0.4073778711517524,0.6589964194959277,28,interleaved
28134,134,0,0.4053371966484135,0.6445044559530096,28,interleaved
28135,135,0,0.4994927929708473,0.8549044456956636,28,interleaved
28136,136,0,0.8827736608597645,0.726419562848537,28,interleaved
28137,137,0,0.49199278763436777,0.6916701916071953,28,interleaved
28138,138,0,0.750805130362655,0.6128047983995459,28,interleaved
28139,139,0,0.453545291337797,0.6615734334266281,28,interleaved
28140,140,0,0.3773987988842765,0.6371981092272826,28,interleaved
28141,141,0,0.1273848769109396,0.5004922661803186,28,interleaved
28142,142,0,0.6159821978263798,0.9095407633737187,28,interleaved
28143,143,0,0.34371676966588494,0.7444048525047715,28,interleaved
28144,144,0,0.006003455037178793,1.1538373592007036,28,interleaved
28145,145,0,0.48448924003395705,0.9077255192663027,28,interleaved
28146,146,0,0.6215534124183992,0.43924348242489286,28,interleaved
28147,147,0,0.8551836950712366,0.6340529701369655,28,interleaved
28148,148,0,0.4822019245570779,1.1073356503574812,28,interleaved
28149,149,0,0.507155194936362,0.7238999752760684,28,interleaved
28150,150,0,0.24448247896670194,0.7678118589475664,28,interleaved
28151,151,0,0.7770042220482287,0.6530834371674059,28,interleaved
28152,152,0,0.026101769542573237,1.0619868318197414,28,interleaved
28153,153,0,0.4883399620127957,0.9284070231474624,28,interleaved
28154,154,0,0.5015096421852865,0.6359264075634665,28,interleaved
28155,155,0,0.004589681415679693,0.9351577563655742,28,interleaved
28156,156,0,0.4080098522600658,1.0493445561203183,28,interleaved
28157,157,0,0.9000352302843742,0.5836871510405749,28,interleaved
28158,158,0,0.9958844322686657,0.5906535573933631,28,interleaved
28159,159,0,0.591296285790058,0.7058446159372103,28,interleaved
28160,160,0,0.5379184113769887,0.6176816626088517,28,interleaved
28161,161,0,0.47597378637616505,0.5200677356647392,28,interleaved
28162,162,0,0.4925215397451814,0.5064333230745706,28,interleaved
28163,163,0,0.14035086839423716,0.7639052352995609,28,interleaved
28164,164,0,0.6701217809937532,0.674854903145282,28,interleaved
28165,165,0,0.4981022468632816,0.5140791393858022,28,interleaved
28166,166,0,0.5008565425703241,0.32866487000497696,28,interleaved
28167,167,0,0.9099700903707235,0.5431498459254253,28,interleaved
28168,168,0,0.6809408782302491,0.7249059837750886,28,interleaved
28169,169,0,0.9729603255027675,0.9508183060583647,28,interleaved
28170,170,0,0.42995734348639103,0.5654681099402517,28,interleaved
28171,171,0,0.8024735511294382,0.24136076091661127,28,interleaved
28172,172,0,0.5290299932138086,0.3844977083994646,28,interleaved
28173,173,0,0.5360556242171312,0.6767124839385608,28,interleaved
28174,174,0,0.08455072660957413,0.8676455513684656,28,interleaved
28175,175,0,0.5688432261458145,0.36763024029403213,28,interleaved
28176,176,0,0.52986114031373,0.45776994327191045,28,interleaved
28177,177,0,0.9480828541767325,0.4916575049210622,28,interleaved
28178,178,0,0.8537996638733937,0.6189588116238671,28,interleaved
28179,179,0,0.6381241000236881,0.5083451872023934,28,interleaved
28180,180,0,0.9668869162367022,0.6444369107038517,28,interleaved
28181,181,0,0.9828034397586785,0.35297474785845895,28,interleaved
28182,182,0,0.9747610005361458,0.4787054056902279,28,interleaved
28183,183,0,0.8736110893082976,0.38109526494865165,28,interleaved
28184,184,0,0.9780314862379154,0.6666203612163691,28,interleaved
28185,185,0,0.5049403696815229,0.6074615598020272,28,interleaved
28186,186,0,0.9060938312235547,0.6028600791077106,28,interleaved
28187,187,0,0.5493267756245304,0.4122925316017766,28,interleaved
28188,188,0,0.6885565618762629,0.7538296700898435,28,interleaved
28189,189,0,0.49806806981134155,0.4621066432714783,28,interleaved
28190,190,0,0.5311449574192786,0.7341146492983814,28,interleaved
28191,191,0,0.4989922541801128,0.8705100998249526,28,interleaved
28192,192,0,0.7074796729475874,0.7099175841312289,28,interleaved
28193,193,0,0.9358376010853902,0.5825609684401907,28,interleaved
28194,194,0,0.48966737211533484,0.6511061300110049,28,interleaved
28195,195,0,0.46992416914611856,0.7252662934540215,28,interleaved
28196,196,0,0.6348916041334439,0.6327905010389168,28,interleaved
28197,197,0,0.5241666573302257,0.6551471693909195,28,interleaved
28198,198,0,0.5933345491366245,0.5714343144260825,28,interleaved
28199,199,0,0.6342951918058608,0.7558473755428343,28,interleaved
28200,0,0,0.5116729688058257,0.7704446419218175,28,blocked
28201,1,0,0.430281634851271,0.8636772910194105,28,blocked
28202,2,0,0.8627396657035399,0.5639096273728386,28,blocked
28203,3,0,0.9166470556932516,0.69925577889076,28,blocked
28204,4,0,0.5265517807640516,0.6335982785896013,28,blocked
28205,5,0,0.5519334252559318,0.7351888296877644,28,blocked
28206,6,0,0.6718542298290509,0.6994700863975668,28,blocked
28207,7,0,0.48900794559856986,0.8163815204293821,28,blocked
28208,8,0,0.7147417837143267,0.5500624931569147,28,blocked
28209,9,0,0.620649227502254,0.6908495033635715,28,blocked
28210,10,0,0.49373617495087585,0.42529252167570497,28,blocked
28211,11,0,0.9736005464545416,0.5237080028972441,28,blocked
28212,12,0,0.7043564842147745,0.8187866749148797,28,blocked
28213,13,0,0.006200575573942464,0.7345003056487819,28,blocked
28214,14,0,0.9576665565322374,0.6069249274250728,28,blocked
28215,15,0,0.5267949797927453,0.7384646344849037,28,blocked
28216,16,0,0.5429950492518466,0.9160905356889335,28,blocked
28217,17,0,0.5080635160631392,0.9607887310345995,28,blocked
28218,18,0,0.48568981898271557,0.7249724260377707,28,blocked
28219,19,0,0.4650100553671124,0.7159228621867606,28,blocked
28220,20,0,0.006327476006484827,0.8962695651354293,28,blocked
28221,21,0,0.019912326716373822,1.0356910770337904,28,blocked
28222,22,0,0.9690463236937452,0.47856392922369767,28,blocked
28223,23,0,0.7291219922674317,0.8583637253900038,28,blocked
28224,24,0,0.26175914689475177,0.6182054297067663,28,blocked
28225,25,0,0.5003383022582664,0.6129567708507278,28,blocked
28226,26,0,0.9303734928264467,0.7707937506396365,28,blocked
28227,27,0,0.5254979599018182,0.6039536863911168,28,blocked
28228,28,0,0.09674278984527435,0.928714263311468,28,blocked
28229,29,0,0.30660984426302706,0.7153661593400111,28,blocked
28230,30,0,0.5533176748222675,0.5801714383586483,28,blocked
28231,31,0,0.9551175147341606,0.6757252811870204,28,blocked
28232,32,0,0.9998651423809234,0.8381569266648108,28,blocked
28233,33,0,0.7952424859006726,0.8677917872615781,28,blocked
28234,34,0,0.9883956832905081,1.0375452206282656,28,blocked
28235,35,0,0.8165034208085622,0.6512625579438982,28,blocked
28236,36,0,0.3068825589865114,0.8129420031030034,28,blocked
28237,37,0,0.5994698605544813,0.7275001215611436,28,blocked
28238,38,0,0.8841086978494734,0.6113781100934256,28,blocked
28239,39,0,0.8476371728127843,0.43326486891620825,28,blocked
28240,40,0,0.3231979086353257,0.8440679223735028,28,blocked
28241,41,0,0.6232758939692145,0.33374169564778444,28,blocked
28242,42,0,0.8993575206482441,0.6150080394408675,28,blocked
28243,43,0,0.44807991277964765,0.6873789105952847,28,blocked
28244,44,0,0.47244594896832043,0.7042141073608608,28,blocked
28245,45,0,0.3322411579545735,0.455177159030282,28,blocked
28246,46,0,0.5746960559415015,0.5143622036713837,28,blocked
28247,47,0,0.4829384744789917,0.7565955483233469,28,blocked
28248,48,0,0.5000844722592486,1.0290361804866253,28,blocked
28249,49,0,0.5837413780749025,0.5193947708073972,28,blocked
28250,50,0,0.8345581987492916,0.6354300644721007,28,blocked
28251,51,0,0.9975080716274953,0.326420199884082,28,blocked
28252,52,0,0.9513839914678938,0.8254718299721107,28,blocked
28253,53,0,0.2492998572483387,0.8116532260547886,28,blocked
28254,54,0,0.9842727920892262,0.7631858865854982,28,blocked
28255,55,0,0.4868721879995764,0.9405032794072639,28,blocked
28256,56,0,0.1822994868704217,0.6912382401869076,28,blocked
28257,57,0,0.6246437755329377,0.6669877662697912,28,blocked
28258,58,0,0.32899852063965185,0.5276192635148934,28,blocked
28259,59,0,0.5011694148666165,0.6744874267083176,28,blocked
28260,60,0,0.3861262511225007,0.8868916844505026,28,blocked
28261,61,0,0.9966046973937537,0.6174517261560739,28,blocked
28262,62,0,0.9571540156913657,0.5178462298332251,28,blocked
28263,63,0,0.19448476381054827,0.855125142611753,28,blocked
28264,64,0,0.6624684988323004,0.7175410498287664,28,blocked
28265,65,0,0.9979141096230076,0.6705908553432769,28,blocked
28266,66,0,0.7510530161962258,0.5466032050017302,28,blocked
28267,67,0,0.8967900470667693,0.7553562700685374,28,blocked
28268,68,0,0.6614224002108238,0.6172837073749224,28,blocked
28269,69,0,0.308787051195391,0.8872434678370946,28,blocked
28270,70,0,0.5024165073114828,0.7516228052417908,28,blocked
28271,71,0,0.5404491888119142,0.8788765043222135,28,blocked
28272,72,0,0.8949452817898336,0.7136684777364235,28,blocked
28273,73,0,0.9196035884751194,0.49304674557197103,28,blocked
28274,74,0,0.3993667707007225,0.8209109489038762,28,blocked
28275,75,0,0.5487855113884369,0.7066611177229547,28,blocked
28276,76,0,0.5059265122405073,1.0157685978535378,28,blocked
28277,77,0,0.3532847426614588,0.48627172266928487,28,blocked
28278,78,0,0.9853027424767095,0.710306937362702,28,blocked
28279,79,0,0.4048274243599238,0.6799683867281741,28,blocked
28280,80,0,0.00824708944066036,0.7457769769949416,28,blocked
28281,81,0,0.8309119210889384,0.5435935800167617,28,blocked
28282,82,0,0.025314596401099145,0.9287434853040006,28,blocked
28283,83,0,0.8068645888634676,0.5872841793030965,28,blocked
28284,84,0,0.07404030089116943,0.9062984675301771,28,blocked
28285,85,0,0.4646899281519056,0.7789386223412618,28,blocked
28286,86,0,0.8030569041215332,0.6302951070948584,28,blocked
28287,87,0,0.8606369810850529,0.7252185115850078,28,blocked
28288,88,0,0.6877532507522989,0.4541566205523765,28,blocked
28289,89,0,0.9915836650131697,0.5537302487412253,28,blocked
28290,90,0,0.8436678248681831,0.7405777907741062,28,blocked
28291,91,0,0.5784727604357335,0.5213203273262037,28,blocked
28292,92,0,0.5792809791155078,0.40755508732470214,28,blocked
28293,93,0,0.5940150114197021,0.6558961432321557,28,blocked
28294,94,0,0.7727450337411712,0.8294821529045049,28,blocked
28295,95,0,0.042995244762305276,1.0804565267549306,28,blocked
28296,96,0,0.38200858725761444,0.6725315441751223,28,blocked
28297,97,0,0.5587331516154894,0.8694998612438696,28,blocked
28298,98,0,0.9922504077057163,0.7559411782629766,28,blocked
28299,99,0,0.8441736326405171,0.7265531602719286,28,blocked
28300,100,0,0.99736725096912,0.8934185303563396,28,blocked
28301,101,0,0.9855841746125305,0.8709415196589713,28,blocked
28302,102,0,0.3680576184392283,0.7616287698720676,28,blocked
28303,103,0,0.25529352874139977,0.5883383434710209,28,blocked
28304,104,0,0.9780960097981608,0.7275896794273611,28,blocked
28305,105,0,0.2847714617781728,1.1470561908641175,28,blocked
28306,106,0,0.7720395292397102,0.5879639365392473,28,blocked
28307,107,0,0.8939835203284636,0.4265646093334261,28,blocked
28308,108,0,0.4452660535146057,0.8104423794828206,28,blocked
28309,109,0,0.9997191976515026,0.8563498608655185,28,blocked
28310,110,0,0.9643575241994258,0.6968775349252375,28,blocked
28311,111,0,0.9951244029244649,0.432160045126429,28,blocked
28312,112,0,0.9878423090741818,0.510908287339815,28,blocked
28313,113,0,0.9751632162544898,0.8147660361802933,28,blocked
28314,114,0,0.5103554998904889,0.9978248285467785,28,blocked
28315,115,0,0.9576126094858216,0.4540817624762017,28,blocked
28316,116,0,0.997374266661541,0.4106413847868229,28,blocked
28317,117,0,0.924395905914569,0.34955953104220494,28,blocked
28318,118,0,0.9900536226662073,0.5331201724573871,28,blocked
28319,119,0,0.9868235124363136,0.5925633176023023,28,blocked
28320,120,0,0.014599032984282532,0.5911636208983317,28,blocked
28321,121,0,0.5301092582870943,0.5550472330801218,28,blocked
28322,122,0,0.979068465709444,0.9704066059361209,28,blocked
28323,123,0,0.5161401678330597,0.6315859496005691,28,blocked
28324,124,0,0.5238929269886756,0.646211871821475,28,blocked
28325,125,0,0.42853801633407085,0.7760572754191084,28,blocked
28326,126,0,0.6325935182477661,0.6691828195719501,28,blocked
28327,127,0,0.30385592511041176,0.7427794714862705,28,blocked
28328,128,0,0.39988530269226497,0.5435774561388778,28,blocked
28329,129,0,0.9949200353731984,0.5757575881480473,28,blocked
28330,130,0,0.07891080039193912,0.3925734245345453,28,blocked
28331,131,0,0.5399820655350362,0.5043459131872725,28,blocked
28332,132,0,0.2836095678592262,0.9674882483969156,28,blocked
28333,133,0,0.7257163423201507,0.7629735289434275,28,blocked
28334,134,0,0.9719701218686608,0.5215245596436549,28,blocked
28335,135,0,0.5857255276560686,0.8396870959573481,28,blocked
28336,136,0,0.41463894620582586,0.692348618487767,28,blocked
28337,137,0,0.6316957821290128,0.4580303303353296,28,blocked
28338,138,0,0.9193405304761324,0.4684758330081462,28,blocked
28339,139,0,0.5566431292113795,1.0046888779654894,28,blocked
28340,140,0,0.13477506719944737,0.5722154661618267,28,blocked
28341,141,0,0.9538994112325,0.674077960384676,28,blocked
28342,142,0,0.8720628291509964,0.7283282704973568,28,blocked
28343,143,0,0.4665183601196369,0.782714472227694,28,blocked
28344,144,0,0.5668921797301494,0.7762086262737273,28,blocked
28345,145,0,0.9502036364496029,0.748541596303328,28,blocked
28346,146,0,0.7683791534325191,0.45305915166455984,28,blocked
28347,147,0,0.6586843783641393,0.780816150918811,28,blocked
28348,148,0,0.5261454169996191,0.8100147788209546,28,blocked
28349,149,0,0.5037842188392689,0.8355961229644963,28,blocked
28350,150,0,0.5143323015028997,0.3801229856748777,28,blocked
28351,151,0,0.8664976705694785,0.6295549652156581,28,blocked
28352,152,0,0.9263305606019512,0.5508274802009656,28,blocked
28353,153,0,0.8640199002308284,0.42565976087186114,28,blocked
28354,154,0,0.9942537316936245,0.2994596757870376,28,blocked
28355,155,0,0.5234571969390323,0.7838607180893626,28,blocked
28356,156,0,0.12872785157405936,0.658782902295349,28,blocked
28357,157,0,0.057665591783428546,0.6318203684975684,28,blocked
28358,158,0,0.836346358003214,0.7202300352798057,28,blocked
28359,159,0,0.5174460997660489,0.5468615959531868,28,blocked
28360,160,0,0.7790997607973805,0.5182083357209247,28,blocked
28361,161,0,0.8494208234467617,0.4834682491087686,28,blocked
28362,162,0,0.44426092290457164,0.45042931347865933,28,blocked
28363,163,0,0.02206269187310712,0.8208203550608741,28,blocked
28364,164,0,0.004957088115555947,0.630457204978905,28,blocked
28365,165,0,0.3708469228685622,0.7727725531137429,28,blocked
28366,166,0,0.722760178101232,0.7111116931288235,28,blocked
28367,167,0,0.873415181522887,0.43315403843649186,28,blocked
28368,168,0,0.5063273859045944,0.4838490863683659,28,blocked
28369,169,0,0.523913300154602,0.8281676244176565,28,blocked
28370,170,0,0.42309439895272954,0.7162151791103593,28,blocked
28371,171,0,0.2715314922078138,0.7456383546657129,28,blocked
28372,172,0,0.5962001809934174,0.5437925468179413,28,blocked
28373,173,0,0.5000536323899287,0.6280050469037805,28,blocked
28374,174,0,0.8152240618129558,0.6138367081399276,28,blocked
28375,175,0,0.6196468872301504,0.778438587378312,28,blocked
28376,176,0,0.5454050652381246,0.45856350071569507,28,blocked
28377,177,0,0.7889346479291728,0.3643732273537102,28,blocked
28378,178,0,0.0878505221017942,0.7322481321668556,28,blocked
28379,179,0,0.7934745929266224,0.7315407961254095,28,blocked
28380,180,0,0.5000037446896906,0.9350638570275388,28,blocked
28381,181,0,0.7093818415165645,0.4622793215958986,28,blocked
28382,182,0,0.7587761444232334,0.5828963214857206,28,blocked
28383,183,0,0.5260003302037584,0.5062673452864246,28,blocked
28384,184,0,0.7744809895951466,0.7533396953931915,28,blocked
28385,185,0,0.863675709555173,0.7418386260322605,28,blocked
28386,186,0,0.4982120491923542,0.757526240719022,28,blocked
28387,187,0,0.29517900307861705,0.5912709093296371,28,blocked
28388,188,0,0.7789006344635847,0.6004806515961866,28,blocked
28389,189,0,0.7584418884144057,0.4666191091776572,28,blocked
28390,190,0,0.9902989119615697,0.6066682679355256,28,blocked
28391,191,0,0.9561660558336454,0.4834186473376608,28,blocked
28392,192,0,0.9034285454707076,0.6528268772344255,28,blocked
28393,193,0,0.49851779336146385,0.7105163805559335,28,blocked
28394,194,0,0.3098225107376581,0.7438027818993,28,blocked
28395,195,0,0.73663793777869,0.3996993667234603,28,blocked
28396,196,0,0.9867490363594393,0.46853279487416716,28,blocked
28397,197,0,0.7539670523702158,0.5776163781671697,28,blocked
28398,198,0,0.9343776137325421,0.6666669015407469,28,blocked
28399,199,0,0.8142418721716176,0.6713585265239419,28,blocked
28400,0,0,0.6128074628602608,0.3853141536698729,28,early
28401,1,0,0.21913021349385184,0.4985924393501318,28,early
28402,2,0,0.9232171517685197,0.47543429067367243,28,early
28403,3,0,0.1859496810453358,0.5062415751947384,28,early
28404,4,0,0.7646274791152247,0.6018523987279198,28,early
28405,5,0,0.706485566723276,0.6825203292608822,28,early
28406,6,0,0.9021312717790577,0.41927871330719957,28,early
28407,7,0,0.8856378646071887,0.4424994977283176,28,early
28408,8,0,0.6105813001181306,0.49717249451850387,28,early
28409,9,0,0.553625048368627,0.608635299466669,28,early
28410,10,0,0.8152213218052214,0.6711864138818047,28,early
28411,11,0,0.5629902867112931,0.5662023217578752,28,early
28412,12,0,0.4783777844262717,0.8522046556817608,28,early
28413,13,0,0.5840212835368521,0.9445717173237642,28,early
28414,14,0,0.6208908442746353,0.7263027706078484,28,early
28415,15,0,0.7910860094023328,0.49700527225358826,28,early
28416,16,0,0.29544550980986717,0.6016134740839484,28,early
28417,17,0,0.4831603373853376,0.8610196838142091,28,early
28418,18,0,0.43426552113781414,0.6940179048615209,28,early
28419,19,0,0.45220874628327035,0.5953435196108297,28,early
28420,20,0,0.5218176383656211,0.5186173010737645,28,early
28421,21,0,0.05641319398537724,0.6413635694180859,28,early
28422,22,0,0.5288782496149603,0.5955685766086511,28,early
28423,23,0,0.6152564041231408,0.7654864387928779,28,early
28424,24,0,0.5053015284993531,0.6371575697180751,28,early
28425,25,0,0.9760504744484116,0.6260264433879841,28,early
28426,26,0,0.9785703021422064,0.6550814228573671,28,early
28427,27,0,0.3059618223693772,0.5205072405460467,28,early
28428,28,0,0.6293169250407139,0.477878602563532,28,early
28429,29,0,0.673917743739959,0.4450442598127585,28,early
28430,30,0,0.7910310372634224,0.43077276137186865,28,early
28431,31,0,0.796733972679532,0.6643995809055627,28,early
28432,32,0,0.5794575905967245,0.6190944165925572,28,early
28433,33,0,0.708772077459193,0.5558421626987184,28,early
28434,34,0,0.9856637053879442,0.5519055107026485,28,early
28435,35,0,0.5563303444002173,0.6604283299886313,28,early
28436,36,0,0.4484427287366708,0.6748806852983062,28,early
28437,37,0,0.9840697233971265,0.6984945792356424,28,early
28438,38,0,0.08177175962555865,0.7998022045139701,28,early
28439,39,0,0.4813664449834432,0.6236466607984603,28,early
28440,40,0,0.9223912133925127,0.42610809329312493,28,early
28441,41,0,0.01751534685090896,0.4838144379723977,28,early
28442,42,0,0.376817125322735,0.7120386515546615,28,early
28443,43,0,0.6418304972596397,0.5999060997673757,28,early
28444,44,0,0.7896486862677937,0.6836714407145948,28,early
28445,45,0,0.594570874542891,0.4569889299404499,28,early
28446,46,0,0.3456401600587666,0.8312718101393007,28,early
28447,47,0,0.17844617287923029,0.8751663177667581,28,early
28448,48,0,0.9835808586128636,0.6315609303892613,28,early
28449,49,0,0.02430536233974727,0.46797208862631146,28,early
28450,50,0,0.32611514992618196,0.5168687698723693,28,early
28451,51,0,0.03224280731264273,1.1694096418720132,28,early
28452,52,0,0.3706094080360927,0.8264492366722063,28,early
28453,53,0,0.8322805927140197,0.5131563234644537,28,early
28454,54,0,0.9078572935496892,0.6455311795746168,28,early
28455,55,0,0.3617971415285135,0.721933633534116,28,early
28456,56,0,0.4301073264675697,0.6159259877567596,28,early
28457,57,0,0.9033778134449661,0.6953983682863429,28,early
28458,58,0,0.3063832791720994,0.584112600097328,28,early
28459,59,0,0.7990673666484892,0.812346589753266,28,early
28460,60,0,0.53602694903546,0.46944908425845033,28,early
28461,61,0,0.7553956381082574,0.40365267648668113,28,early
28462,62,0,0.9896881898465689,0.5670115684459178,28,early
28463,63,0,0.016079524497951154,0.6979165690318726,28,early
28464,64,0,0.9941355415833637,0.6228330904052697,28,early
28465,65,0,0.4334293416752457,0.5039386387572096,28,early
28466,66,0,0.9843226683237456,0.4817582457399392,28,early
28467,67,0,0.981268742304825,0.8332481871782076,28,early
28468,68,0,0.896803226237568,0.3479406129586332,28,early
28469,69,0,0.9679005246380705,0.46389499388911287,28,early
28470,70,0,0.5214918246219473,0.6491068803557282,28,early
28471,71,0,0.4559146872871588,0.6987401560731998,28,early
28472,72,0,0.9998527097401049,0.900130364218272,28,early
28473,73,0,0.931300227220795,0.5754806511364389,28,early
28474,74,0,0.9990073270889424,0.5512872775080706,28,early
28475,75,0,0.6865446059035235,0.71702486790111,28,early
28476,76,0,0.9998306969866583,0.534686992573058,28,early
28477,77,0,0.8306494843824451,0.6371223808991869,28,early
28478,78,0,0.5053323246878769,0.4994465701862325,28,early
28479,79,0,0.9694532111209189,0.6888273656000217,28,early
28480,80,0,0.5378411309951475,0.8394904299023866,28,early
28481,81,0,0.9809353041411188,0.606470949164166,28,early
28482,82,0,0.19016026594389276,0.7953982524407155,28,early
28483,83,0,0.7306199391613815,0.5580220581068046,28,early
28484,84,0,0.48834517110072034,0.8060783204565078,28,early
28485,85,0,0.7494925714075238,0.5591462383600321,28,early
28486,86,0,0.49802589774739436,0.5277455160658623,28,early
28487,87,0,0.7786820804979776,0.6712063132775895,28,early
28488,88,0,0.5793988044798313,0.6650417660660848,28,early
28489,89,0,0.8755012426508987,1.0092531044998185,28,early
28490,90,0,0.03525233310692449,0.5256143512757635,28,early
28491,91,0,0.4976197378900374,0.7563159709657008,28,early
28492,92,0,0.633465332570049,0.5960102055424854,28,early
28493,93,0,0.40847953692390776,0.6667353539655911,28,early
28494,94,0,0.5000595767724327,0.6698883077601215,28,early
28495,95,0,0.20214664041563224,0.63981579778905,28,early
28496,96,0,0.12474928310156988,0.9275279599771737,28,early
28497,97,0,0.615339541060899,0.8107008974105161,28,early
28498,98,0,0.48315126052108526,0.7067283839841151,28,early
28499,99,0,0.7586174381667181,0.5409001875662328,28,early
28500,100,0,0.5003759906885501,0.6455386560155085,28,early
28501,101,0,0.8943474611189222,0.5704337590085374,28,early
28502,102,0,0.49288152698689724,0.5978913954527626,28,early
28503,103,0,0.06699818991206699,0.6344558343035718,28,early
28504,104,0,0.7873544617028554,0.7376242461608733,28,early
28505,105,0,0.7431947301365043,0.6424705128398168,28,early
28506,106,0,0.5268030649487268,0.6838911129901573,28,early
28507,107,0,0.5085982535446765,0.8043451834041921,28,early
28508,108,0,0.9041544177197959,0.71185202891107,28,early
28509,109,0,0.6944288379572532,0.5183783292383977,28,early
28510,110,0,0.4959707485915119,0.44146348168241484,28,early
28511,111,0,0.0081461786561375,0.9540632487813718,28,early
28512,112,0,0.4798645901890761,0.9374256229472939,28,early
28513,113,0,0.16992719343915158,0.7841050277836026,28,early
28514,114,0,0.407043614612203,0.6826467860980074,28,early
28515,115,0,0.9451546632533525,0.37285002966248887,28,early
28516,116,0,0.6922401618529033,0.6470841270139207,28,early
28517,117,0,0.9842131303192079,0.6279668483534201,28,early
28518,118,0,0.7247902609571513,0.45231817540529523,28,early
28519,119,0,0.5145264994250114,0.583741633093233,28,early
28520,120,0,0.50100579373079,0.8678781716208491,28,early
28521,121,0,0.5727341433826032,0.7537325052554662,28,early
28522,122,0,0.48666531732213425,0.32863129251848966,28,early
28523,123,0,0.9543662243874749,0.4125332963980964,28,early
28524,124,0,0.7923314115379378,0.6117943591185682,28,early
28525,125,0,0.5242790230461244,0.5569475084858576,28,early
28526,126,0,0.5470802109695843,0.5548834624723185,28,early
28527,127,0,0.531369414193989,0.6307111703019757,28,early
28528,128,0,0.08763086660756192,0.4399796228348739,28,early
28529,129,0,0.4544496991617929,0.6229361888002212,28,early
28530,130,0,0.33527685559906467,0.8239822410542204,28,early
28531,131,0,0.38731498116677726,0.8490459153000534,28,early
28532,132,0,0.7529526470509988,0.5315076141302595,28,early
28533,133,0,0.8688767956960166,0.40373059794877936,28,early
28534,134,0,0.016441598819248098,0.6474394051424011,28,early
28535,135,0,0.9527923818923456,0.48487113557087885,28,early
28536,136,0,0.9558571968414405,0.8409711339109776,28,early
28537,137,0,0.926733286460188,0.539136934323315,28,early
28538,138,0,0.674722963448156,0.6644067494819408,28,early
28539,139,0,0.52385678967698,1.071574705235832,28,early
28540,140,0,0.2938756563698904,0.7899785367656242,28,early
28541,141,0,0.6604193931458195,0.7201711872259831,28,early
28542,142,0,0.5772166186338569,0.5341883371316167,28,early
28543,143,0,0.47973385587935935,0.5946627673157672,28,early
28544,144,0,0.2734098694915444,0.4465751968423263,28,early
28545,145,0,0.056637916648242734,0.6784910528926692,28,early
28546,146,0,0.7423326056904187,0.6635452577336174,28,early
28547,147,0,0.9828799344028807,0.6119941341793373,28,early
28548,148,0,0.9890954145747755,0.7446633160526108,28,early
28549,149,0,0.551366647395711,0.4207736506854506,28,early
28550,150,0,0.5155250527869456,0.5634827850208286,28,early
28551,151,0,0.9998329194787445,1.022818053317215,28,early
28552,152,0,0.9973997329236536,0.934290810863505,28,early
28553,153,0,0.5169304900025173,0.4603548023122801,28,early
28554,154,0,0.4854213092848302,0.6484388910423112,28,early
28555,155,0,0.9557051456452565,0.45936177139634565,28,early
28556,156,0,0.05218671848498409,0.686452682395402,28,early
28557,157,0,0.6564219400358609,0.5447083810524133,28,early
28558,158,0,0.16112470832935413,0.7041816164048327,28,early
28559,159,0,0.0508598896479194,1.0945950633006862,28,early
28560,160,0,0.7910396622452501,0.4284926956646403,28,early
28561,161,0,0.23254688438525545,0.5709180804740921,28,early
28562,162,0,0.9997691242521463,0.7262793988483613,28,early
28563,163,0,0.871319735734347,0.6553682375477315,28,early
28564,164,0,0.9819681876792276,0.7390056623496639,28,early
28565,165,0,0.9897977357095961,0.7529330550997388,28,early
28566,166,0,0.4835643863941106,0.3969205198547966,28,early
28567,167,0,0.4786185254769229,1.0652432938614143,28,early
28568,168,0,0.9434116194035201,0.9679061947552954,28,early
28569,169,0,0.8773740223674301,0.4534277019985266,28,early
28570,170,0,0.44755327773550646,0.6588818064839148,28,early
28571,171,0,0.5533604973359145,0.47290292033430814,28,early
28572,172,0,0.787391965350392,0.8088699500671568,28,early
28573,173,0,0.9497885671132107,0.6413355562575547,28,early
28574,174,0,0.48807832661277123,0.33729909165121014,28,early
28575,175,0,0.8761072490181498,0.2455565669977387,28,early
28576,176,0,0.8597940940450873,0.6024730461161998,28,early
28577,177,0,0.9860254607394872,0.5666134638344626,28,early
28578,178,0,0.9052368826979035,0.4468604473361729,28,early
28579,179,0,0.9618747894133084,0.46865247744224264,28,early
28580,180,0,0.9998947915079739,0.7444058620667832,28,early
28581,181,0,0.4828258933977607,0.5375816074858975,28,early
28582,182,0,0.546751750542022,0.519702744637566,28,early
28583,183,0,0.7797505251118122,0.6755673253118955,28,early
28584,184,0,0.979286798957569,0.4328282022559328,28,early
28585,185,0,0.370088066938792,0.6621848661457586,28,early
28586,186,0,0.4893203516736005,0.525476705933817,28,early
28587,187,0,0.9147479735701385,0.7411088696494543,28,early
28588,188,0,0.8252850592973424,0.3652496066832432,28,early
28589,189,0,0.30216942751190046,0.4757514124140698,28,early
28590,190,0,0.9905927297694601,0.6345241987811179,28,early
28591,191,0,0.5506246988206865,0.612201174126092,28,early
28592,192,0,0.3308192277140759,0.3661846101121769,28,early
28593,193,0,0.9401521743016993,0.43050343864702856,28,early
28594,194,0,0.5264571705834997,0.42553546482847704,28,early
28595,195,0,0.44071022006901694,0.6011916814542899,28,early
28596,196,0,0.9857784022009712,0.5502497120808006,28,early
28597,197,0,0.10052413078691808,0.4771994997951107,28,early
28598,198,0,0.22694644634409475,0.6473865141868909,28,early
28599,199,0,0.7441088707335299,0.5687223831886998,28,early
28600,0,0,0.3823601976457152,1.260805206049858,28,middle
28601,1,0,0.5179106022870017,0.6476196677929655,28,middle
28602,2,0,0.7339751641276817,0.5538916872474422,28,middle
28603,3,0,0.7147155670566148,0.5238166764916381,28,middle
28604,4,0,0.02238344065255567,0.9177027986100905,28,middle
28605,5,0,0.510213792324758,0.9384857763863639,28,middle
28606,6,0,0.8780188929269697,0.7508800005339484,28,middle
28607,7,0,0.8159746051360046,0.5660613508684302,28,middle
28608,8,0,0.5661412980314217,0.4374430855451201,28,middle
28609,9,0,0.516976563041518,0.6099024549970856,28,middle
28610,10,0,0.9588642640474592,0.8064520705753617,28,middle
28611,11,0,0.016838140910844696,0.8132300943760593,28,middle
28612,12,0,0.949182282927999,0.36605172945216535,28,middle
28613,13,0,0.48713650050348095,0.6061984274207749,28,middle
28614,14,0,0.03568691527143278,0.896971762361163,28,middle
28615,15,0,0.5153429837053956,0.7098148677411081,28,middle
28616,16,0,0.13905986035696438,0.926275693337022,28,middle
28617,17,0,0.5059829964270581,0.47852438820307913,28,middle
28618,18,0,0.018281273409489988,0.7016943614103799,28,middle
28619,19,0,0.5000332974208465,0.7435568036276591,28,middle
28620,20,0,0.8433579544134616,0.6664547738603768,28,middle
28621,21,0,0.15422873544011476,0.572958943960723,28,middle
28622,22,0,0.0466818153577959,0.9131533768462302,28,middle
28623,23,0,0.5106593291756113,0.4765543341428431,28,middle
28624,24,0,0.487881727393508,0.5665359526794655,28,middle
28625,25,0,0.5117582569509078,0.5109778031791501,28,middle
28626,26,0,0.4872418844149795,0.5113193328267489,28,middle
28627,27,0,0.35966672024709806,0.6655429422949442,28,middle
28628,28,0,0.6900494049549966,0.8367766279528285,28,middle
28629,29,0,0.4367123039372947,0.6280538711380576,28,middle
28630,30,0,0.8672651696663896,0.6218955629985752,28,middle
28631,31,0,0.4982353183142775,0.8264936878635598,28,middle
28632,32,0,0.28152926457996946,1.1454737829107857,28,middle
28633,33,0,0.49816816161743793,0.5383926257655981,28,middle
28634,34,0,0.29787080151428136,0.7136253969430921,28,middle
28635,35,0,0.04593476606610145,0.8206159661959243,28,middle
28636,36,0,0.8684825238145932,1.0793608556776682,28,middle
28637,37,0,0.6114067447197659,0.4976828966480715,28,middle
28638,38,0,0.0004652024668219972,1.3065460166473435,28,middle
28639,39,0,0.5000028564165558,0.809397045134822,28,middle
28640,40,0,0.9866087473447374,0.547678321980126,28,middle
28641,41,0,0.9007677914441726,0.3675501073254349,28,middle
28642,42,0,0.7684358270447056,0.9453124047839876,28,middle
28643,43,0,0.9976058547763694,0.45263296829161126,28,middle
28644,44,0,0.9322113250811008,0.3248151975438459,28,middle
28645,45,0,0.6887307150964207,0.46448355612890746,28,middle
28646,46,0,0.002915875668397281,0.7623144441262771,28,middle
28647,47,0,0.6953655407867816,0.7878627736455406,28,middle
28648,48,0,0.9469481545515515,0.48422681232127307,28,middle
28649,49,0,0.2177827442745402,0.5536580938502995,28,middle
28650,50,0,0.23296692422900228,1.1701972809877834,28,middle
28651,51,0,0.32089763476603383,1.069286063960971,28,middle
28652,52,0,0.045071531430230356,0.6636292988736889,28,middle
28653,53,0,0.8421427938373449,0.4371206207277104,28,middle
28654,54,0,0.8078056172520962,0.5939766828923347,28,middle
28655,55,0,0.9533874292447857,0.47053921006097627,28,middle
28656,56,0,0.9998022593224007,1.3168655621319747,28,middle
28657,57,0,0.45860090795398417,0.754277897333459,28,middle
28658,58,0,0.824445017715451,0.4601097927703294,28,middle
28659,59,0,0.009802727270914902,0.7552594169824182,28,middle
28660,60,0,0.45378800133132485,0.9941430109099887,28,middle
28661,61,0,0.9986114026927799,0.8585400904434175,28,middle
28662,62,0,0.9449098244275216,0.5429842879928335,28,middle
28663,63,0,0.3773451638715753,0.52070983668364,28,middle
28664,64,0,0.019452390146630666,0.8892413689849854,28,middle
28665,65,0,0.993852824061866,0.5938577874988241,28,middle
28666,66,0,0.025166282003694213,0.6555557867175692,28,middle
28667,67,0,0.9447572730307067,0.5414547463206935,28,middle
28668,68,0,0.03441444456084484,0.760189983885285,28,middle
28669,69,0,0.2281023438132727,0.7024795654694869,28,middle
28670,70,0,0.1317591104618606,1.0453757439037217,28,middle
28671,71,0,0.13568254965263254,0.9239070629195463,28,middle
28672,72,0,0.3416900047515588,0.8936811842471155,28,middle
28673,73,0,0.7390857300581444,0.689934406817214,28,middle
28674,74,0,0.01393463401465312,0.7508767452527924,28,middle
28675,75,0,0.17498528316151313,0.6417552651387208,28,middle
28676,76,0,0.9213281139133864,0.6648678595787094,28,middle
28677,77,0,0.00535318619924021,0.762041636643539,28,middle
28678,78,0,0.006126069782709583,0.8791953669416375,28,middle
28679,79,0,0.8310828663380824,0.5319821336715884,28,middle
28680,80,0,0.5076368567076461,0.5530624138179069,28,middle
28681,81,0,0.19821978618529792,0.8646228322084115,28,middle
28682,82,0,0.5417909424881964,0.5181402298867495,28,middle
28683,83,0,0.9321521718820837,0.5824213778876011,28,middle
28684,84,0,0.5390345572133569,0.7044485121917341,28,middle
28685,85,0,0.9547890216652936,0.6949629100938471,28,middle
28686,86,0,0.9620162992206613,0.6854720001942289,28,middle
28687,87,0,0.6756058607408022,0.7940563221214939,28,middle
28688,88,0,0.5888680917237348,0.4460023838272843,28,middle
28689,89,0,0.05509235935843037,0.6806778532351028,28,middle
28690,90,0,0.49880312665233834,0.9544645333604216,28,middle
28691,91,0,0.4728075393779337,1.0924037944042735,28,middle
28692,92,0,0.3363582598248238,0.567126810669198,28,middle
28693,93,0,0.20561102720967284,0.6193358446496922,28,middle
28694,94,0,0.23967359566291116,0.6809837325825769,28,middle
28695,95,0,0.6332505943582267,1.1848077766890754,28,middle
28696,96,0,0.5087857562198762,0.9146561612199866,28,middle
28697,97,0,0.9960491096092189,0.7500356668044448,28,middle
28698,98,0,0.3141267779903068,0.4735007052355934,28,middle
28699,99,0,0.1522318893903673,0.7805213386658025,28,middle
28700,100,0,0.027509856395403508,0.9767773465808782,28,middle
28701,101,0,0.7684066576677102,0.4056960070389342,28,middle
28702,102,0,0.44534949277751845,1.003197315089551,28,middle
28703,103,0,0.4937095137167469,0.8043636219129526,28,middle
28704,104,0,0.9848960856218464,0.727703376992361,28,middle
28705,105,0,0.17038162752540362,0.688943985129448,28,middle
28706,106,0,0.29424831156503883,0.9164488873104603,28,middle
28707,107,0,0.6013668347774864,0.8081068813127031,28,middle
28708,108,0,0.8421433200699604,0.6103634202435024,28,middle
28709,109,0,0.23693457584516875,0.49677716268147964,28,middle
28710,110,0,0.6222229006073905,0.42649564829883346,28,middle
28711,111,0,0.9572148003418676,0.6808623977378758,28,middle
28712,112,0,0.18823750064292202,0.7699508131537638,28,middle
28713,113,0,0.20204995219172925,0.6364731193517197,28,middle
28714,114,0,0.9598347052451865,0.31423124663239554,28,middle
28715,115,0,0.9881481270685925,0.5505513691862256,28,middle
28716,116,0,0.9666838093882604,0.6712353094270251,28,middle
28717,117,0,0.9123265508760494,0.570289504063946,28,middle
28718,118,0,0.40916563113689175,0.522013549800113,28,middle
28719,119,0,0.5013658891204419,0.8740988803584209,28,middle
28720,120,0,0.8600090027398082,0.550308382025184,28,middle
28721,121,0,0.5016805944225924,0.7266235996429053,28,middle
28722,122,0,0.20253758912188524,0.6944537013971966,28,middle
28723,123,0,0.31783530889293105,0.7904452021827473,28,middle
28724,124,0,0.748916456467851,0.563709053292091,28,middle
28725,125,0,0.38405640133798963,0.6026298213346601,28,middle
28726,126,0,0.03639559216636983,1.0002098497132985,28,middle
28727,127,0,0.5038366613843784,0.6455461725300453,28,middle
28728,128,0,0.4403496862765033,0.8822049951844647,28,middle
28729,129,0,0.4972025012998054,0.8849378939461447,28,middle
28730,130,0,0.5259840521507206,1.3009543815965965,28,middle
28731,131,0,0.7117018413090224,0.9376786740932708,28,middle
28732,132,0,0.9431768208092786,1.009356798046331,28,middle
28733,133,0,0.5078978339295912,0.8144958717287627,28,middle
28734,134,0,0.001418862167961546,1.1373230670555654,28,middle
28735,135,0,0.48127844396090375,0.5239548325589645,28,middle
28736,136,0,0.13445013835883912,0.8307064920647882,28,middle
28737,137,0,0.7520120768234172,0.4655640347789631,28,middle
28738,138,0,0.6300385449492709,0.5795483307467757,28,middle
28739,139,0,0.5280404390639644,0.5727882373390885,28,middle
28740,140,0,0.33870361859771164,0.8075183378336634,28,middle
28741,141,0,0.5144590475540941,0.6250248196851858,28,middle
28742,142,0,0.7372734336644615,0.6927163446978535,28,middle
28743,143,0,0.5023852882665018,0.8930685402327105,28,middle
28744,144,0,0.041760128083642406,1.140723721772785,28,middle
28745,145,0,0.5135601212749408,0.9807603655645326,28,middle
28746,146,0,0.03148170832463637,1.012538327525566,28,middle
28747,147,0,0.517472998224785,0.7566820620684181,28,middle
28748,148,0,0.5165170507021545,0.8522381486523761,28,middle
28749,149,0,0.4984753915102835,1.0800027807343993,28,middle
28750,150,0,0.8296396580038352,1.005088180033347,28,middle
28751,151,0,0.62383920473896,0.7478041742674588,28,middle
28752,152,0,0.9826517823050414,0.659429610484932,28,middle
28753,153,0,0.17819953037151354,0.8960111381005867,28,middle
28754,154,0,0.6848028364639036,0.5796022325008217,28,middle
28755,155,0,0.49290010244289034,0.7132252231339329,28,middle
28756,156,0,0.5092545781191506,0.840602644757084,28,middle
28757,157,0,0.18502159819760267,0.5935120006699963,28,middle
28758,158,0,0.48488986077197727,0.7708102888504471,28,middle
28759,159,0,0.4905059382289872,0.4399657844374265,28,middle
28760,160,0,0.838110745170561,0.636822467109655,28,middle
28761,161,0,0.9275296279626015,0.7964977181305652,28,middle
28762,162,0,0.5032355779741783,0.5486285375871007,28,middle
28763,163,0,0.14725594250819796,0.8550842659469093,28,middle
28764,164,0,0.9913552885092312,0.6063801780768647,28,middle
28765,165,0,0.9867448364746614,0.7695871931641975,28,middle
28766,166,0,0.03818851148202717,0.7832366467535926,28,middle
28767,167,0,0.5043707827610638,0.754386137011837,28,middle
28768,168,0,0.7111905843940339,1.0082728528760334,28,middle
28769,169,0,0.992449643820373,0.7104358786369086,28,middle
28770,170,0,0.47102211590945536,0.8726822215284893,28,middle
28771,171,0,0.3912971216286429,0.7244905065480578,28,middle
28772,172,0,0.3930844430927032,0.6204976619115368,28,middle
28773,173,0,0.4933602358238725,0.7032894450163152,28,middle
28774,174,0,0.9753507631394798,0.3990566105452835,28,middle
28775,175,0,0.8436181954175711,0.48593350459254125,28,middle
28776,176,0,0.7254073057149983,0.47911367706358104,28,middle
28777,177,0,0.518066853405454,0.6868079219472045,28,middle
28778,178,0,0.6268719966008482,0.42269081858252977,28,middle
28779,179,0,0.8138198382738462,0.5293363935832411,28,middle
28780,180,0,0.25189194382253455,0.6681999195330994,28,middle
28781,181,0,0.0012139508344073363,0.9321051338728391,28,middle
28782,182,0,0.5299889850155832,0.6831899018761587,28,middle
28783,183,0,0.4986302712548688,0.7632358909007453,28,middle
28784,184,0,0.3455862713475476,0.7729484413644965,28,middle
28785,185,0,0.8617042031601314,0.4790745463524211,28,middle
28786,186,0,0.6757373051981739,0.5730664840275076,28,middle
28787,187,0,0.44693952916309887,0.5296735761088294,28,middle
28788,188,0,0.49754211816352606,1.0211988060813204,28,middle
28789,189,0,0.8902650168722825,0.6288826304569304,28,middle
28790,190,0,0.4953116569422281,0.7079229320845968,28,middle
28791,191,0,0.8941858748672065,0.7860702820617171,28,middle
28792,192,0,0.0016092555464713638,0.9044784341539113,28,middle
28793,193,0,0.9952869923914407,0.3818662306737639,28,middle
28794,194,0,0.00039019268011958655,0.9758169669802496,28,middle
28795,195,0,0.504883602948289,0.6558279707454118,28,middle
28796,196,0,0.9852780524605327,0.7048398485455082,28,middle
28797,197,0,0.017010753497775744,0.8567011200354253,28,middle
28798,198,0,0.6567794047986284,0.5584174238832857,28,middle
28799,199,0,0.057732863876112095,0.8964888737095309,28,middle
28800,0,0,0.4713887010212915,0.627793499240383,28,late
28801,1,0,0.055399597057088024,0.740877997557575,28,late
28802,2,0,0.7990800661232502,0.5732928517438953,28,late
28803,3,0,0.5534400883907931,0.4948603596318961,28,late
28804,4,0,0.32808462575434016,0.9432786191572413,28,late
28805,5,0,0.9075300897479603,0.8145616364671078,28,late
28806,6,0,0.12290121527161905,0.7744739516063022,28,late
28807,7,0,0.9717098093754059,0.6756124138642243,28,late
28808,8,0,0.9429782480135722,0.799545454402367,28,late
28809,9,0,0.5007378318252605,0.6290271888010088,28,late
28810,10,0,0.38688815418738487,0.8406687706292231,28,late
28811,11,0,0.2962034093843708,0.7387813243792419,28,late
28812,12,0,0.9867544449431578,0.7610228286443768,28,late
28813,13,0,0.9298152873190348,0.6367180515043951,28,late
28814,14,0,0.47819796761205036,0.6358522539087132,28,late
28815,15,0,0.7357816522764873,0.6645870323260099,28,late
28816,16,0,0.49352870453933756,0.6354109234301362,28,late
28817,17,0,0.045792365237800385,0.6914433671778918,28,late
28818,18,0,0.9522328433159685,0.6950356738075767,28,late
28819,19,0,0.8866787085077155,0.673689929792143,28,late
28820,20,0,0.4939438823430895,0.7185861725136332,28,late
28821,21,0,0.6982857791850973,0.6108472417237804,28,late
28822,22,0,0.9679124303893638,0.5409675421495406,28,late
28823,23,0,0.4999404700935219,0.9296741283546492,28,late
28824,24,0,0.43216295593750026,0.9683703317159988,28,late
28825,25,0,0.7341143492937674,0.7688879503703074,28,late
28826,26,0,0.9494321677181835,0.758576504288367,28,late
28827,27,0,0.3059471039817939,0.828342230977048,28,late
28828,28,0,0.49589751355620704,0.8298973374199602,28,late
28829,29,0,0.525455847535049,0.6607268568228128,28,late
28830,30,0,0.7073570843447026,0.725130840587447,28,late
28831,31,0,0.5057577191065626,0.7808039265942615,28,late
28832,32,0,0.8972959918897683,0.9138211810719123,28,late
28833,33,0,0.41976126910555805,0.7310517166604135,28,late
28834,34,0,0.5533653799116163,0.5423276698839927,28,late
28835,35,0,0.9970324901342413,0.43017562128843256,28,late
28836,36,0,0.050981924628296676,0.7090559794593969,28,late
28837,37,0,0.11808548891842387,1.1751351729606805,28,late
28838,38,0,0.5076928445617089,0.6592795197158177,28,late
28839,39,0,0.7160870054733033,0.43826504179843906,28,late
28840,40,0,0.1525007145786244,0.7787809176073041,28,late
28841,41,0,0.5358104426877159,0.4059664911767212,28,late
28842,42,0,0.9848094841950926,0.6531397861927419,28,late
28843,43,0,0.7335291923187696,0.9364822760135307,28,late
28844,44,0,0.5793417085371875,0.7467066533288828,28,late
28845,45,0,0.5849638004475868,0.5111196637606441,28,late
28846,46,0,0.08589045623442447,0.720600666206767,28,late
28847,47,0,0.4982599907324608,0.684901058268597,28,late
28848,48,0,0.49395470530880436,0.7037541332434574,28,late
28849,49,0,0.49159421852380064,0.768347086663509,28,late
28850,50,0,0.5466514538569295,0.6375149115509867,28,late
28851,51,0,0.7178908187939723,0.48719436835590774,28,late
28852,52,0,0.49939889224121625,1.1794442911026142,28,late
28853,53,0,0.5859264168871859,0.5063935828048856,28,late
28854,54,0,0.4907817035731963,0.6469460633787446,28,late
28855,55,0,0.5010103373227535,0.9595518483127912,28,late
28856,56,0,0.49807324409468473,0.6041733789771384,28,late
28857,57,0,0.4964227013424846,0.5015787483440599,28,late
28858,58,0,0.4005630347171923,0.6331883417111535,28,late
28859,59,0,0.5083956238291087,0.7702088147608228,28,late
28860,60,0,0.5131603191210213,0.6030997521907236,28,late
28861,61,0,0.648506854861638,0.5814131553365716,28,late
28862,62,0,0.523917530777032,0.388366424932864,28,late
28863,63,0,0.5152349439118175,0.5912849695591661,28,late
28864,64,0,0.4990494064715773,0.9783200935496936,28,late
28865,65,0,0.625795411261602,0.6277966622171005,28,late
28866,66,0,0.013202873831270457,0.7691416695929442,28,late
28867,67,0,0.6178905471479872,0.7892965276237872,28,late
28868,68,0,0.5435074073727446,0.6266882867848338,28,late
28869,69,0,0.5172267938366366,0.7877494948452821,28,late
28870,70,0,0.5625160182500929,0.8214406001577343,28,late
28871,71,0,0.4935828788356942,0.848572484321575,28,late
28872,72,0,0.7942990990940817,0.5005224599945359,28,late
28873,73,0,0.8286888471562913,0.779351912435925,28,late
28874,74,0,0.5955767802475738,0.7105163125143232,28,late
28875,75,0,0.9889702464010421,0.5564021548755381,28,late
28876,76,0,0.598199762770929,0.6579186086720982,28,late
28877,77,0,0.9701243355980379,0.783988221080367,28,late
28878,78,0,0.04218714940046544,0.9694966670517604,28,late
28879,79,0,0.16161478944767338,0.5699258485628056,28,late
28880,80,0,0.10730188073277475,0.7095684430381539,28,late
28881,81,0,0.4903990891219639,1.1181878374613503,28,late
28882,82,0,0.4532977905261505,0.7903875886157061,28,late
28883,83,0,0.9981144087605578,0.5324215649947148,28,late
28884,84,0,0.9758509191936146,0.6386778339671222,28,late
28885,85,0,0.15044195360494575,0.9470975695156464,28,late
28886,86,0,0.9836623190800271,0.8898534748866532,28,late
28887,87,0,0.988790259382686,0.8584262375785032,28,late
28888,88,0,0.8582547388479734,0.5969793451740828,28,late
28889,89,0,0.3729316589044329,0.9764353948015774,28,late
28890,90,0,0.08032597117123363,0.729235649533672,28,late
28891,91,0,0.5204546560520615,0.8000384594082014,28,late
28892,92,0,0.9998436008834923,0.6889253831273143,28,late
28893,93,0,0.32450485386194333,0.8104889122586447,28,late
28894,94,0,0.49837034480763065,0.6205385776363648,28,late
28895,95,0,0.7866355508835553,0.6536545143076427,28,late
28896,96,0,0.5106553957119093,0.8615581150045553,28,late
28897,97,0,0.9451201192108833,0.8822376566809322,28,late
28898,98,0,0.9993191980360614,0.5760362994327706,28,late
28899,99,0,0.5128406319367915,0.6356740622433679,28,late
28900,100,0,0.21524269602791263,0.7396065672205769,28,late
28901,101,0,0.9938708990703942,1.252874510940682,28,late
28902,102,0,0.5043125670409804,0.9967561135050931,28,late
28903,103,0,0.9709169305751135,0.8821458839411208,28,late
28904,104,0,0.8980915788725883,0.5468156755110696,28,late
28905,105,0,0.7425131366606124,0.4318899363011739,28,late
28906,106,0,0.5987315185807004,0.9100032697870496,28,late
28907,107,0,0.7661171984949968,0.8942397474036601,28,late
28908,108,0,0.7498396922949783,0.5647660276327557,28,late
28909,109,0,0.5414965275309779,0.7888670982046996,28,late
28910,110,0,0.9991006119816129,0.4501943014998785,28,late
28911,111,0,0.8112477230073676,0.5910908428239781,28,late
28912,112,0,0.9877346129449522,0.5983457762523414,28,late
28913,113,0,0.5929712151522994,0.7949542304071656,28,late
28914,114,0,0.5068546631021352,0.7755508691913879,28,late
28915,115,0,0.7505674973810119,0.5171355586262669,28,late
28916,116,0,0.30339190696252283,0.8163082382215385,28,late
28917,117,0,0.2815340434565039,0.6989247113656001,28,late
28918,118,0,0.9919264908081138,0.7618679917224994,28,late
28919,119,0,0.9182294632966815,0.6661102325802737,28,late
28920,120,0,0.4640954647913772,0.5087393902330346,28,late
28921,121,0,0.0038278325145626366,1.0062614929434723,28,late
28922,122,0,0.0029503141786765452,1.023715318651979,28,late
28923,123,0,0.4336632992618557,0.8738345833745835,28,late
28924,124,0,0.7637402786465217,0.8208735235852194,28,late
28925,125,0,0.6728698157069163,0.4521232582037381,28,late
28926,126,0,0.402001474454484,0.6875282530305507,28,late
28927,127,0,0.9836033001652279,0.43949123324734257,28,late
28928,128,0,0.016052037730350577,0.7730635849422709,28,late
28929,129,0,0.5655447609287214,0.5429473831385214,28,late
28930,130,0,0.6597870944619042,0.6246493142084091,28,late
28931,131,0,0.7480398576152336,0.6121604975580319,28,late
28932,132,0,0.44584107811653906,0.8437061147740559,28,late
28933,133,0,0.6454269781455693,0.6162023489226279,28,late
28934,134,0,0.5151036403572306,0.3776536779885956,28,late
28935,135,0,0.9853866698615641,0.7491650331089784,28,late
28936,136,0,0.4665846115645108,0.8489596348924819,28,late
28937,137,0,0.7817318085185616,0.5701043168552167,28,late
28938,138,0,0.44358593140504415,1.0645283786023936,28,late
28939,139,0,0.9961857865766617,0.6897791399087554,28,late
28940,140,0,0.5052049684599769,0.9774933743241474,28,late
28941,141,0,0.9028356864571552,0.7578366591480619,28,late
28942,142,0,0.1377412502551298,0.7185358529365662,28,late
28943,143,0,0.5080835072054078,0.607032307544058,28,late
28944,144,0,0.6620459435721538,0.493894419921748,28,late
28945,145,0,0.8067343107042644,0.3442153306232038,28,late
28946,146,0,0.47359429447425816,0.7482042387842398,28,late
28947,147,0,0.3043987366786408,0.6115265220660497,28,late
28948,148,0,0.9971207587211479,1.0606712324834375,28,late
28949,149,0,0.8311738523507339,0.5261873063371063,28,late
28950,150,0,0.42926570252569174,0.7320203247844685,28,late
28951,151,0,0.18316975804366287,0.6282054075991101,28,late
28952,152,0,0.5821146073213184,0.7362817652297098,28,late
28953,153,0,0.5278205875185574,0.6748836099842515,28,late
28954,154,0,0.11910727660079258,0.9625813730408894,28,late
28955,155,0,0.555471288776494,0.7166709657872188,28,late
28956,156,0,0.4765685735422426,0.5235310902248683,28,late
28957,157,0,0.8713396503120378,0.6482410277733534,28,late
28958,158,0,0.675705190568529,0.6406966734321894,28,late
28959,159,0,0.9913516598599188,0.8527412987157816,28,late
28960,160,0,0.9915676867209022,0.9113596755202722,28,late
28961,161,0,0.06208519648254432,0.8397829280376181,28,late
28962,162,0,0.5562267412088036,0.577792486723849,28,late
28963,163,0,0.5869127108258798,0.33501898456789203,28,late
28964,164,0,0.49397094506884304,0.7787971537552174,28,late
28965,165,0,0.28661222001024217,0.7972255991784707,28,late
28966,166,0,0.537847470407353,0.5419243407236649,28,late
28967,167,0,0.06587669599062121,0.6074179861999998,28,late
28968,168,0,0.9487515975824106,0.41983228598715683,28,late
28969,169,0,0.9442798407536641,0.6203240519019764,28,late
28970,170,0,0.4050779044078975,0.729422336401143,28,late
28971,171,0,0.49544567030534137,0.8334915642653762,28,late
28972,172,0,0.014357220978043502,0.6421863097193152,28,late
28973,173,0,0.8229923011454483,0.7680633885345249,28,late
28974,174,0,0.9835258755058769,0.41934726483261986,28,late
28975,175,0,0.9235944184555422,0.5735471870442123,28,late
28976,176,0,0.8002118727986695,0.4609150897610245,28,late
28977,177,0,0.5005502596564105,0.7884839607326231,28,late
28978,178,0,0.0016644731987976041,0.8590311059057265,28,late
28979,179,0,0.35735520553089795,0.7162691572616366,28,late
28980,180,0,0.4999204476761554,0.8525805185098272,28,late
28981,181,0,0.5063739472247529,0.7293026013514343,28,late
28982,182,0,0.2812460180244643,0.7744447017170675,28,late
28983,183,0,0.47183094212309107,0.6743725766974753,28,late
28984,184,0,0.07331894055764285,0.6214380432702004,28,late
28985,185,0,0.7335153772324721,0.5964444269354556,28,late
28986,186,0,0.5492552817750042,0.7732074927794699,28,late
28987,187,0,0.9948384855134719,0.40239071799415244,28,late
28988,188,0,0.9538670475554178,0.3984630475599744,28,late
28989,189,0,0.545824311943311,0.5623020994891466,28,late
28990,190,0,0.43852922836763736,0.6534301050463094,28,late
28991,191,0,0.08285058995112594,0.6572748486787443,28,late
28992,192,0,0.6191348820087641,0.7033687129158033,28,late
28993,193,0,0.5852111127749386,0.5238600806749334,28,late
28994,194,0,0.5561749646002083,0.6132415937433114,28,late
28995,195,0,0.06830230146104826,0.6533517113536115,28,late
28996,196,0,0.5130805229167322,0.657759743206989,28,late
28997,197,0,0.5230326936437332,0.6128941646546532,28,late
28998,198,0,0.9904437033518023,0.48800715607550915,28,late
28999,199,0,0.43108041542137365,0.6396767737813019,28,late
29000,0,0,0.9918454765461251,0.7570769275104088,29,interleaved
29001,1,0,0.5227912340929749,0.661843016469625,29,interleaved
29002,2,0,0.506134358178898,0.545285086034847,29,interleaved
29003,3,0,0.33147614061206326,0.5477975022611354,29,interleaved
29004,4,0,0.8365249181034361,0.663572654904766,29,interleaved
29005,5,0,0.8258533629791074,0.5556298819267628,29,interleaved
29006,6,0,0.8412803418365038,0.6267408715996503,29,interleaved
29007,7,0,0.6333735089366554,0.5375145415869431,29,interleaved
29008,8,0,0.7027740438961122,0.5943867243523423,29,interleaved
29009,9,0,0.38967230957758997,0.6270391622402818,29,interleaved
29010,10,0,0.9211769152765645,0.59963597037401,29,interleaved
29011,11,0,0.49972086394547527,0.6996519356559504,29,interleaved
29012,12,0,0.1010026154373175,0.580634927666905,29,interleaved
29013,13,0,0.48589498182690455,0.7246296595617894,29,interleaved
29014,14,0,0.026003979837278323,0.8387356348783971,29,interleaved
29015,15,0,0.4815042244781486,0.8126750280105203,29,interleaved
29016,16,0,0.9912226986875029,0.5379196862564088,29,interleaved
29017,17,0,0.35291670389149876,0.7373202088382558,29,interleaved
29018,18,0,0.2761827439042458,1.2143377382340885,29,interleaved
29019,19,0,0.49999080275469815,0.8445370454873107,29,interleaved
29020,20,0,0.9958627254524274,0.4947797690041632,29,interleaved
29021,21,0,0.5285074092146872,0.48581455020887987,29,interleaved
29022,22,0,0.8780473988748128,0.6675865784099264,29,interleaved
29023,23,0,0.49994372213652816,0.745819127399822,29,interleaved
29024,24,0,0.5907468715287303,0.695945453338249,29,interleaved
29025,25,0,0.5001398012829743,0.769371850420543,29,interleaved
29026,26,0,0.10097126289410328,0.8998971852498068,29,interleaved
29027,27,0,0.21757221765755713,0.6414019386229308,29,interleaved
29028,28,0,0.5150514919156852,0.7387467225851128,29,interleaved
29029,29,0,0.5342690054881704,0.8940930559934945,29,interleaved
29030,30,0,0.9962728322231691,0.7413135988369376,29,interleaved
29031,31,0,0.4992403466276958,0.7637453728879786,29,interleaved
29032,32,0,0.8172364259446154,0.6894810440409154,29,interleaved
29033,33,0,0.5001834035451213,0.6794113605791732,29,interleaved
29034,34,0,0.0572322784801467,0.848019969153352,29,interleaved
29035,35,0,0.13409455577498686,0.609235413483205,29,interleaved
29036,36,0,0.9297513727807987,0.876803208794506,29,interleaved
29037,37,0,0.6319756909109133,1.0235461086058228,29,interleaved
29038,38,0,0.6791839666332105,0.4542775846977005,29,interleaved
29039,39,0,0.4989783020744392,0.6148210294724936,29,interleaved
29040,40,0,0.7285549237378738,0.7895577027917069,29,interleaved
29041,41,0,0.39618984288956055,0.7073083187939235,29,interleaved
29042,42,0,0.5450520703771436,0.7168033169834799,29,interleaved
29043,43,0,0.4997891480176472,0.9221966541335411,29,interleaved
29044,44,0,0.0006054540737936854,0.9088017728310067,29,interleaved
29045,45,0,0.49995388366079396,0.677469194631684,29,interleaved
29046,46,0,0.24480953664510274,0.9822905402757303,29,interleaved
29047,47,0,0.5519360948581686,0.9541059800098368,29,interleaved
29048,48,0,0.9760278774715814,0.5695438324716047,29,interleaved
29049,49,0,0.5136001017483603,0.7697737463843811,29,interleaved
29050,50,0,0.5078008393862966,0.6157374413213569,29,interleaved
29051,51,0,0.41132331163221747,0.6583529425653661,29,interleaved
29052,52,0,0.9465482973505766,0.6903739302425858,29,interleaved
29053,53,0,0.48892322271939814,0.4980830607193135,29,interleaved
29054,54,0,0.9960993161302814,0.5971976016201592,29,interleaved
29055,55,0,0.49986990406383697,0.8218556270843818,29,interleaved
29056,56,0,0.5808148741019367,0.5111504844517263,29,interleaved
29057,57,0,0.4936517377779482,0.7618422890791898,29,interleaved
29058,58,0,0.9413036088003512,0.4717753436480927,29,interleaved
29059,59,0,0.49999979382994536,1.0070550660178936,29,interleaved
29060,60,0,0.9971779565480308,1.0309051136929683,29,interleaved
29061,61,0,0.8529341310089722,0.5986729524441545,29,interleaved
29062,62,0,0.12425900041182496,0.5671629258389972,29,interleaved
29063,63,0,0.5009442300529019,0.890001746608216,29,interleaved
29064,64,0,0.896249380165433,0.8952819278582449,29,interleaved
29065,65,0,0.7844038849117618,0.5039729470393314,29,interleaved
29066,66,0,0.9163213462186461,1.2097363950747333,29,interleaved
29067,67,0,0.06397141332686425,1.1664323527688119,29,interleaved
29068,68,0,0.847747793799569,0.5256749489366692,29,interleaved
29069,69,0,0.5001998132806222,0.5839401462263956,29,interleaved
29070,70,0,0.08833080975154536,0.5545716564374246,29,interleaved
29071,71,0,0.3657200723460427,0.9206662244388617,29,interleaved
29072,72,0,0.997529902483443,0.9089728890789189,29,interleaved
29073,73,0,0.5007877930628164,1.1916566383833473,29,interleaved
29074,74,0,0.9967554598745614,0.5048392916476478,29,interleaved
29075,75,0,0.5934427937520325,0.6472631589578117,29,interleaved
29076,76,0,0.0007975621269504351,1.119672534467631,29,interleaved
29077,77,0,0.5000170982609415,0.8103181257029304,29,interleaved
29078,78,0,0.9309448603665864,0.5797682855422506,29,interleaved
29079,79,0,0.12311920931869766,1.049083761325992,29,interleaved
29080,80,0,0.005344800177863052,1.0462498248090615,29,interleaved
29081,81,0,0.5020195770725259,0.8732458662731357,29,interleaved
29082,82,0,0.7968936015371783,0.8653844705981999,29,interleaved
29083,83,0,0.23289091486412822,0.7440844522234937,29,interleaved
29084,84,0,0.3472808591494946,0.6720363931937092,29,interleaved
29085,85,0,0.7449873830778311,0.9012798001785752,29,interleaved
29086,86,0,0.03775001717126503,1.1293946743467713,29,interleaved
29087,87,0,0.49999453008993316,0.8681972697698839,29,interleaved
29088,88,0,0.4996786240292325,1.0944148582487827,29,interleaved
29089,89,0,0.41335939772871194,0.858356628132726,29,interleaved
29090,90,0,0.8722582422884015,0.717939162998217,29,interleaved
29091,91,0,0.6169657056454764,0.6733001816753055,29,interleaved
29092,92,0,0.3719719817114549,0.5516454443669843,29,interleaved
29093,93,0,0.48776297526363027,0.775519157072871,29,interleaved
29094,94,0,0.48537849627025503,1.1087228183543172,29,interleaved
29095,95,0,0.49946611991196466,0.7126571102333538,29,interleaved
29096,96,0,0.14864607317645004,0.648931750572064,29,interleaved
29097,97,0,0.8135255589089423,0.8971467472422947,29,interleaved
29098,98,0,0.8849452012760974,0.5853794465802075,29,interleaved
29099,99,0,0.5475966334747817,0.7218067625410356,29,interleaved
29100,100,0,0.511540445135963,0.6681192307096775,29,interleaved
29101,101,0,0.5592722097056826,0.6680168422843996,29,interleaved
29102,102,0,0.804755110860972,0.4981708659326462,29,interleaved
29103,103,0,0.4986964306397038,0.840223328367208,29,interleaved
29104,104,0,0.9822335972449754,0.6173212095843779,29,interleaved
29105,105,0,0.7919186778535506,0.8896564446213215,29,interleaved
29106,106,0,0.46309399940952595,0.7403496512908535,29,interleaved
29107,107,0,0.5006377202103028,0.7777223737201723,29,interleaved
29108,108,0,0.6999569549108465,0.5838726477915103,29,interleaved
29109,109,0,0.6021498607038184,0.6196549662344927,29,interleaved
29110,110,0,0.18384990452040617,0.9426896386502659,29,interleaved
29111,111,0,0.4983576113156538,0.9790080430009,29,interleaved
29112,112,0,0.9316581669183805,0.617011650467115,29,interleaved
29113,113,0,0.5328394385794777,0.5982013931307417,29,interleaved
29114,114,0,0.5846654834326422,0.5994305030199938,29,interleaved
29115,115,0,0.7572348090180647,0.42653858690478275,29,interleaved
29116,116,0,0.011877895965978326,0.6779623711201944,29,interleaved
29117,117,0,0.5274115161381289,0.8653535138692923,29,interleaved
29118,118,0,0.9991298034654528,0.9253718069469479,29,interleaved
29119,119,0,0.28261987994276083,0.8150089022160288,29,interleaved
29120,120,0,0.8213829138403806,0.6117847111455248,29,interleaved
29121,121,0,0.46380020109589964,0.9127832816476755,29,interleaved
29122,122,0,0.016647295436184876,0.7777294896813991,29,interleaved
29123,123,0,0.45424453771138606,0.781157447837061,29,interleaved
29124,124,0,0.8942560128855008,0.7119570480472001,29,interleaved
29125,125,0,0.5674916769407924,0.5134306978672061,29,interleaved
29126,126,0,0.007301999667003757,0.7360272543793143,29,interleaved
29127,127,0,0.49997637206561907,0.9408745991057763,29,interleaved
29128,128,0,0.09966208977817255,0.6011186680826652,29,interleaved
29129,129,0,0.47200129820978914,0.5940517127442044,29,interleaved
29130,130,0,0.37610683658496696,1.2181449058984932,29,interleaved
29131,131,0,0.5001270410773732,1.0133182008405064,29,interleaved
29132,132,0,0.542217830951284,0.6361522852530782,29,interleaved
29133,133,0,0.9313447255648901,0.8988925546308201,29,interleaved
29134,134,0,0.027408113855450784,0.6915411764955592,29,interleaved
29135,135,0,0.7471977013214416,0.8971330104521789,29,interleaved
29136,136,0,0.010473377355508802,1.179688628052347,29,interleaved
29137,137,0,0.5000006656837169,0.9849609442496937,29,interleaved
29138,138,0,0.9826065752105516,0.5445959203086046,29,interleaved
29139,139,0,0.5009169688763696,0.7392048726565807,29,interleaved
29140,140,0,0.9925978708576128,0.4499472121304823,29,interleaved
29141,141,0,0.7153247377704058,0.8671897991019244,29,interleaved
29142,142,0,0.9999866634115939,0.8993303733138485,29,interleaved
29143,143,0,0.7863859095730508,1.0020101471395397,29,interleaved
29144,144,0,0.09529177321732346,0.8655183300486042,29,interleaved
29145,145,0,0.5001085084495988,0.9047023884656966,29,interleaved
29146,146,0,0.011614820821566535,0.7800094692507491,29,interleaved
29147,147,0,0.5697271041972097,0.7334417843810686,29,interleaved
29148,148,0,0.8201912947688171,0.7791258298003118,29,interleaved
29149,149,0,0.884992322237365,0.5492801519975141,29,interleaved
29150,150,0,0.28192737347246616,0.7974078210014375,29,interleaved
29151,151,0,0.499999980026969,1.4538099264578408,29,interleaved
29152,152,0,0.9999359906061124,0.9207477118089928,29,interleaved
29153,153,0,0.5488898185894969,0.887527501784604,29,interleaved
29154,154,0,0.9966914941584601,0.39769367600500816,29,interleaved
29155,155,0,0.5012898709101168,0.5865869902861748,29,interleaved
29156,156,0,0.9984529700855143,0.5195176576176755,29,interleaved
29157,157,0,0.5040634867239127,0.5394776881605063,29,interleaved
29158,158,0,0.9999257282363612,0.7169662163473054,29,interleaved
29159,159,0,0.14222519523467764,0.5854062762673746,29,interleaved
29160,160,0,0.19685727282969706,0.7810197348426438,29,interleaved
29161,161,0,0.8145466071968209,0.7762706518451419,29,interleaved
29162,162,0,0.12576865537640877,0.8471496303768224,29,interleaved
29163,163,0,0.8421544461316965,0.7464776795988453,29,interleaved
29164,164,0,0.44366933017016896,0.7334120887367788,29,interleaved
29165,165,0,0.5547120423752757,0.672524418024678,29,interleaved
29166,166,0,0.8861724413592804,0.49499385012811353,29,interleaved
29167,167,0,0.010017242136659617,0.6309778460936815,29,interleaved
29168,168,0,0.8269521086024053,0.7157020523679617,29,interleaved
29169,169,0,0.5571121500718395,0.9717797769361813,29,interleaved
29170,170,0,0.0991429580004726,0.9619093364170299,29,interleaved
29171,171,0,0.8873328609866166,0.6947724915952402,29,interleaved
29172,172,0,0.9826709563549705,0.5539627900192656,29,interleaved
29173,173,0,0.6144672755392078,0.6007485821898693,29,interleaved
29174,174,0,0.973155366336224,0.6742572290587592,29,interleaved
29175,175,0,0.3655145961209956,0.7993848938062347,29,interleaved
29176,176,0,0.14407965005040782,0.7593763882091941,29,interleaved
29177,177,0,0.12241271660997265,0.6377686254326833,29,interleaved
29178,178,0,0.5565855254982236,0.8106261501445696,29,interleaved
29179,179,0,0.5165585536363175,0.8515729865322365,29,interleaved
29180,180,0,0.5000321488529755,1.041188207779157,29,interleaved
29181,181,0,0.5421866864529148,0.6684824136426022,29,interleaved
29182,182,0,0.5363325458586484,0.7882403139399614,29,interleaved
29183,183,0,0.9993643852266592,0.6070706754532473,29,interleaved
29184,184,0,0.9844779348405928,0.5272001196417061,29,interleaved
29185,185,0,0.4138222886881563,0.5562499618415037,29,interleaved
29186,186,0,0.05110305330552214,0.8596255392696516,29,interleaved
29187,187,0,0.5595669436031131,0.9072606924465263,29,interleaved
29188,188,0,0.30599283224052376,1.0234546244980067,29,interleaved
29189,189,0,0.15960316780621256,0.7516750257663837,29,interleaved
29190,190,0,0.5375082064260155,0.44389821533219664,29,interleaved
29191,191,0,0.009012808539533214,0.921372000826302,29,interleaved
29192,192,0,0.5015162072378324,0.5488508388696496,29,interleaved
29193,193,0,0.5015817289805637,0.5745204190662008,29,interleaved
29194,194,0,0.8461950618138518,0.8100058727828483,29,interleaved
29195,195,0,0.9404377771847394,0.7889183244683136,29,interleaved
29196,196,0,0.04759472676462224,0.5565975085950692,29,interleaved
29197,197,0,0.024961124155455965,0.7705289730942648,29,interleaved
29198,198,0,0.4945887854628192,0.5386026187977434,29,interleaved
29199,199,0,0.47656609745890344,0.7856810544988686,29,interleaved
29200,0,0,0.13632215113776738,0.6393580531260379,29,blocked
29201,1,0,0.9383796631155905,0.408300048852979,29,blocked
29202,2,0,0.5228147288146924,0.6095155985278093,29,blocked
29203,3,0,0.1006057965806341,0.6500785272250151,29,blocked
29204,4,0,0.07442561302718696,0.4622958871669469,29,blocked
29205,5,0,0.012957484386625633,0.7557256970115491,29,blocked
29206,6,0,0.10126765578399298,0.6740664671251044,29,blocked
29207,7,0,0.5533666146441495,0.5893400204608901,29,blocked
29208,8,0,0.8530507661416351,0.6234813760890496,29,blocked
29209,9,0,0.13963622211754262,0.7458161114843787,29,blocked
29210,10,0,0.8615414539076601,0.6637756733606428,29,blocked
29211,11,0,0.5894055117922046,0.5787918198846164,29,blocked
29212,12,0,0.7492317261010356,0.5657106227673332,29,blocked
29213,13,0,0.7408873881157383,0.36340927734686573,29,blocked
29214,14,0,0.9845001674454936,0.4023604126948819,29,blocked
29215,15,0,0.5200062209210765,0.3885180507112649,29,blocked
29216,16,0,0.9054882953997249,1.0065759423421388,29,blocked
29217,17,0,0.3384404537789257,0.5830404823547543,29,blocked
29218,18,0,0.4179367428565882,0.7570264081616589,29,blocked
29219,19,0,0.602692980657396,0.5423173290139118,29,blocked
29220,20,0,0.7615239998884762,0.7264065854561299,29,blocked
29221,21,0,0.5884370740734478,0.5832237616375355,29,blocked
29222,22,0,0.0028272810965207632,0.8022810408130367,29,blocked
29223,23,0,0.9966809824700686,0.5663529700098405,29,blocked
29224,24,0,0.3667358096639381,0.5343932442121793,29,blocked
29225,25,0,0.0010594971448313712,0.6522803738250924,29,blocked
29226,26,0,0.9731504680787773,0.7116905476838413,29,blocked
29227,27,0,0.6564631036963637,0.527445192453089,29,blocked
29228,28,0,0.9200100724951956,0.43494280269293545,29,blocked
29229,29,0,0.9588518142802951,0.40515095766072,29,blocked
29230,30,0,0.9704321187857484,0.6877852644485345,29,blocked
29231,31,0,0.49219557159568145,0.7426299573202846,29,blocked
29232,32,0,0.25786382082614145,0.831711683772064,29,blocked
29233,33,0,0.12731501027486705,0.8167665508372438,29,blocked
29234,34,0,0.4105294070121114,0.5120020560945955,29,blocked
29235,35,0,0.5567835014644065,0.6208443586298058,29,blocked
29236,36,0,0.8770234357195372,0.7790313572080115,29,blocked
29237,37,0,0.11576393476534767,0.7609055236688387,29,blocked
29238,38,0,0.8139827107495506,0.7485548900739176,29,blocked
29239,39,0,0.48221678653583927,0.634546225201807,29,blocked
29240,40,0,0.016488991423397454,0.6567938557958439,29,blocked
29241,41,0,0.8861349877143796,0.37472349260711946,29,blocked
29242,42,0,0.4699486201233699,0.6518662851154841,29,blocked
29243,43,0,0.49951100469675275,0.7949353489584289,29,blocked
29244,44,0,0.7497124984817343,0.6760485788933142,29,blocked
29245,45,0,0.4889055509623046,0.6677463786319091,29,blocked
29246,46,0,0.3357797680714563,0.5245245622389187,29,blocked
29247,47,0,0.4942373969457935,0.7141497600015471,29,blocked
29248,48,0,0.44945370200516827,1.0115888812166385,29,blocked
29249,49,0,0.5074620209563796,0.9753424224790169,29,blocked
29250,50,0,0.8361971799658425,0.3782918881468078,29,blocked
29251,51,0,0.47210854630978527,0.4961378018422641,29,blocked
29252,52,0,0.4484136969182324,0.910082180542976,29,blocked
29253,53,0,0.9236606047702819,0.44710038318350054,29,blocked
29254,54,0,0.9875067490513696,0.4132955998838113,29,blocked
29255,55,0,0.9934579842511935,0.580867841754322,29,blocked
29256,56,0,0.5000109546472624,1.2618066341109422,29,blocked
29257,57,0,0.5300579486513505,0.9685767427306832,29,blocked
29258,58,0,0.7676429414224037,0.8001666410283783,29,blocked
29259,59,0,0.5103244979410407,0.7153362470939806,29,blocked
29260,60,0,0.8204642659025505,0.6689251283576478,29,blocked
29261,61,0,0.5729271003226749,0.6858993893574256,29,blocked
29262,62,0,0.702202514484122,0.46068989759922346,29,blocked
29263,63,0,0.9317222425673228,0.5640869450597703,29,blocked
29264,64,0,0.787968065161334,0.6679727079010955,29,blocked
29265,65,0,0.5813820622976819,0.9234052769789896,29,blocked
29266,66,0,0.4999851606569909,1.0554578058102067,29,blocked
29267,67,0,0.9967558098844878,0.43236359859604123,29,blocked
29268,68,0,0.4473597776731798,0.6462035547010279,29,blocked
29269,69,0,0.31165199836227425,0.5323474127227704,29,blocked
29270,70,0,0.9399973326960187,0.4344656032602807,29,blocked
29271,71,0,0.4173890984779407,0.4064885564961785,29,blocked
29272,72,0,0.8431242473178876,0.728558471185484,29,blocked
29273,73,0,0.8605453821903124,0.539782856688066,29,blocked
29274,74,0,0.5873284789097218,0.452195518523558,29,blocked
29275,75,0,0.5258139856747498,0.8041964229921483,29,blocked
29276,76,0,0.5559725697017804,0.8798487080134514,29,blocked
29277,77,0,0.4944310545841338,0.6482706286010885,29,blocked
29278,78,0,0.49970311227070885,0.902708226125772,29,blocked
29279,79,0,0.478069003781475,1.0549979267846732,29,blocked
29280,80,0,0.502004663740374,0.5982614080384916,29,blocked
29281,81,0,0.2221651239249333,0.9801561629420305,29,blocked
29282,82,0,0.4064744776566774,0.8348895010094228,29,blocked
29283,83,0,0.16585880711758774,0.7227306352173828,29,blocked
29284,84,0,0.04801332512519035,0.6079953431578464,29,blocked
29285,85,0,0.9729753829463257,0.6642736920417401,29,blocked
29286,86,0,0.4348622549498191,0.3239768462147869,29,blocked
29287,87,0,0.33930204568735206,0.528968368182289,29,blocked
29288,88,0,0.2299763048381766,0.6534842331956794,29,blocked
29289,89,0,0.2713864547868033,0.8836914701593128,29,blocked
29290,90,0,0.6147197583636285,0.7204563053861301,29,blocked
29291,91,0,0.032699006870456446,0.6772815739401064,29,blocked
29292,92,0,0.565811123928377,0.46029019129655535,29,blocked
29293,93,0,0.30023400946222234,0.6708126740290421,29,blocked
29294,94,0,0.38592090950321234,0.7458673059353489,29,blocked
29295,95,0,0.5295386264465255,0.6799672308044657,29,blocked
29296,96,0,0.29402538751703733,0.6206765278386946,29,blocked
29297,97,0,0.23826208450880096,0.591656258360977,29,blocked
29298,98,0,0.5190738120254264,0.47980246493768475,29,blocked
29299,99,0,0.5671466940174267,0.6654767583369208,29,blocked
29300,100,0,0.4926293818848582,0.8545085400309689,29,blocked
29301,101,0,0.4809895254078712,0.8237905998639486,29,blocked
29302,102,0,0.2556117212977127,0.8968661541614746,29,blocked
29303,103,0,0.4313858474258939,0.42964175634387686,29,blocked
29304,104,0,0.8413876539745394,0.5258767491044046,29,blocked
29305,105,0,0.9749497991968348,0.5451710268093859,29,blocked
29306,106,0,0.8881439750864386,0.7517049842847787,29,blocked
29307,107,0,0.5064858908434325,0.6078073926742841,29,blocked
29308,108,0,0.8826579194184898,0.7121181266450483,29,blocked
29309,109,0,0.07445595444463915,0.6563945374703355,29,blocked
29310,110,0,0.9971104359838956,0.6645320417005506,29,blocked
29311,111,0,0.9788670187019334,0.6331005646981853,29,blocked
29312,112,0,0.5325150661314779,0.506583504335811,29,blocked
29313,113,0,0.9866809364009046,0.48399027060970873,29,blocked
29314,114,0,0.9982844994910747,0.6942528073474282,29,blocked
29315,115,0,0.4841233158464189,0.42930929682785435,29,blocked
29316,116,0,0.9695327134373152,0.5020366611102147,29,blocked
29317,117,0,0.4112456889928363,0.7074574270284204,29,blocked
29318,118,0,0.9879413223257438,0.45210475168678854,29,blocked
29319,119,0,0.937586503137572,0.28785869170700035,29,blocked
29320,120,0,0.6336336407030463,0.7018898243982292,29,blocked
29321,121,0,0.59125771351814,0.6759012833395501,29,blocked
29322,122,0,0.5181442632364717,0.6058278579953569,29,blocked
29323,123,0,0.7899017259239368,0.5967175421801066,29,blocked
29324,124,0,0.5025937266675549,0.6530888815316422,29,blocked
29325,125,0,0.49704503313925996,0.6221375093985986,29,blocked
29326,126,0,0.8806508363286831,0.5250606641068244,29,blocked
29327,127,0,0.614524703092476,0.6271804091633761,29,blocked
29328,128,0,0.5237943410348326,0.4575655385950875,29,blocked
29329,129,0,0.44687017489397207,0.59033048108537,29,blocked
29330,130,0,0.0445889423867937,0.38857888560092513,29,blocked
29331,131,0,0.9537654640139164,0.5332658663771237,29,blocked
29332,132,0,0.9729114270926074,0.4270502312629984,29,blocked
29333,133,0,0.4301678390197893,0.519592217609697,29,blocked
29334,134,0,0.9244936085784744,0.5508031250960428,29,blocked
29335,135,0,0.9289673935804429,0.5823710286249628,29,blocked
29336,136,0,0.9318271642129938,0.3736777704101594,29,blocked
29337,137,0,0.8290371099441671,0.46217223842156097,29,blocked
29338,138,0,0.6904629124019431,0.6193655226972019,29,blocked
29339,139,0,0.6608757419897193,0.49733939367540236,29,blocked
29340,140,0,0.6398092045320791,0.49816828003351354,29,blocked
29341,141,0,0.47584931744421055,0.8648950619534392,29,blocked
29342,142,0,0.1576600761425969,0.7240364763648356,29,blocked
29343,143,0,0.4436649879591178,0.6905285985724894,29,blocked
29344,144,0,0.9806771389813409,0.9731002756242891,29,blocked
29345,145,0,0.9424300505901884,0.5056098328022076,29,blocked
29346,146,0,0.8268627972922032,0.5809979831688259,29,blocked
29347,147,0,0.9711695166129981,0.5374579128868138,29,blocked
29348,148,0,0.9718989356323451,0.6196643286637495,29,blocked
29349,149,0,0.9965155615210087,0.6220739536880495,29,blocked
29350,150,0,0.9473582239386938,0.3666755504301124,29,blocked
29351,151,0,0.6562061539991473,0.5729139818134106,29,blocked
29352,152,0,0.7026522757687665,0.48785288319852227,29,blocked
29353,153,0,0.7489641913259388,0.608320457800442,29,blocked
29354,154,0,0.5902269579677415,0.6691147089036944,29,blocked
29355,155,0,0.9944219721916916,0.5956160930229147,29,blocked
29356,156,0,0.9940878999920669,0.4210792923150717,29,blocked
29357,157,0,0.6390794089874494,0.3490800801029874,29,blocked
29358,158,0,0.9996756697651037,0.6182166334619222,29,blocked
29359,159,0,0.9871572291738968,0.8080585550225814,29,blocked
29360,160,0,0.5253526564345234,0.6601209528446985,29,blocked
29361,161,0,0.5637865188417995,0.4191925343326536,29,blocked
29362,162,0,0.2834440030134296,0.4161417683446367,29,blocked
29363,163,0,0.8020001599677963,0.6171372134438473,29,blocked
29364,164,0,0.9193529741169946,0.6249019252064556,29,blocked
29365,165,0,0.03202805210675118,0.6630133416915192,29,blocked
29366,166,0,0.5658949118718121,0.5807677062764409,29,blocked
29367,167,0,0.891375425436916,0.6194092735313763,29,blocked
29368,168,0,0.8277209829678513,0.5791749133053883,29,blocked
29369,169,0,0.911161549743928,0.5043180802338177,29,blocked
29370,170,0,0.5208481264291801,0.7215364992446014,29,blocked
29371,171,0,0.9741717833010959,0.33559874133302076,29,blocked
29372,172,0,0.9496618779576638,0.6173986387353454,29,blocked
29373,173,0,0.03962243489004832,0.583309585263025,29,blocked
29374,174,0,0.3029703328687971,0.6295506275359635,29,blocked
29375,175,0,0.5468501984365258,0.5642982071340774,29,blocked
29376,176,0,0.4451040252921351,0.6104846877504053,29,blocked
29377,177,0,0.7018217118072395,0.5402430389333719,29,blocked
29378,178,0,0.43232177909145186,0.4639625255926609,29,blocked
29379,179,0,0.34445469176165516,0.5647049414964961,29,blocked
29380,180,0,0.3452992729149033,0.6957629512941856,29,blocked
29381,181,0,0.9911056683314174,0.352186469208738,29,blocked
29382,182,0,0.5858301339448349,0.26133583528094845,29,blocked
29383,183,0,0.27061419127397973,0.4609958993810618,29,blocked
29384,184,0,0.13259220308224967,0.5451881620056641,29,blocked
29385,185,0,0.3700296007830426,0.6015439624887104,29,blocked
29386,186,0,0.8280961345363593,0.37463198452158486,29,blocked
29387,187,0,0.48178983461045044,0.3494615485627384,29,blocked
29388,188,0,0.5236250726664249,0.37872984727156594,29,blocked
29389,189,0,0.9810571327747597,0.5572763106059352,29,blocked
29390,190,0,0.34105080212853567,0.6613216313172048,29,blocked
29391,191,0,0.6111436065017807,0.8016293205171754,29,blocked
29392,192,0,0.42955886040439456,0.5123445467405494,29,blocked
29393,193,0,0.9703733416337734,0.33136950141889765,29,blocked
29394,194,0,0.9942346215355243,0.5819493641688916,29,blocked
29395,195,0,0.280767185446023,0.7084954338240863,29,blocked
29396,196,0,0.199550069045964,0.5714698065054555,29,blocked
29397,197,0,0.7507229141042205,0.2671992280765872,29,blocked
29398,198,0,0.8860197713286697,0.4623920233345633,29,blocked
29399,199,0,0.0413774769043322,0.7297928251995445,29,blocked
29400,0,0,0.5332004624962232,0.7629579136649234,29,early
29401,1,0,0.024127055972958774,0.6067827970450876,29,early
29402,2,0,0.9458526698448166,0.5648934346465091,29,early
29403,3,0,0.7805170039476133,0.6566290286927426,29,early
29404,4,0,0.01633904435688739,0.867786139111077,29,early
29405,5,0,0.9909952691839443,0.6194772205931642,29,early
29406,6,0,0.9502039361051162,0.6225166871719371,29,early
29407,7,0,0.9974321979689189,0.44336853305241186,29,early
29408,8,0,0.029009275397708943,0.6485759774753781,29,early
29409,9,0,0.2139647757437101,0.9006120790452135,29,early
29410,10,0,0.153102484032985,0.839205199257843,29,early
29411,11,0,0.7156156750344969,0.5380169568624311,29,early
29412,12,0,0.9834278420937081,0.6342977493294294,29,early
29413,13,0,0.734868632367079,0.6612004561784728,29,early
29414,14,0,0.006711328978827146,0.8047509785667577,29,early
29415,15,0,0.07488028004721946,0.8870515631889131,29,early
29416,16,0,0.6005875110449812,0.8811350627171471,29,early
29417,17,0,0.9360393812219365,0.5061945942385515,29,early
29418,18,0,0.9887011357648714,0.5489768815875211,29,early
29419,19,0,0.7057551919791021,0.7101087128495315,29,early
29420,20,0,0.4507393511676897,0.9651565933590112,29,early
29421,21,0,0.9958683144162943,0.6305848940754768,29,early
29422,22,0,0.014893882292734605,0.7843954126301396,29,early
29423,23,0,0.90901742612913,1.1056466008368977,29,early
29424,24,0,0.07937821523771867,0.6278663496518166,29,early
29425,25,0,0.9226394919978764,0.5850482241654011,29,early
29426,26,0,0.018112622529443213,0.8778927696496968,29,early
29427,27,0,0.9958541628916561,0.8125755048073373,29,early
29428,28,0,0.014063873040826529,0.8447675000959807,29,early
29429,29,0,0.4315492030544357,0.506275784528136,29,early
29430,30,0,0.7408044060927257,0.8977207436050649,29,early
29431,31,0,0.9462369961343482,1.290134706242412,29,early
29432,32,0,0.25259182399462693,0.6103534781595186,29,early
29433,33,0,0.22286853162597553,1.2804296598228109,29,early
29434,34,0,0.9736139009017499,0.441806310942408,29,early
29435,35,0,0.29293534913431324,0.7183132900296721,29,early
29436,36,0,0.9993879214561178,0.3775593904318307,29,early
29437,37,0,0.9054153393595132,0.7119557932868186,29,early
29438,38,0,0.35308274044453597,0.8259412773670631,29,early
29439,39,0,1.6887144641905467e-05,1.1901082920407275,29,early
29440,40,0,0.49047080395592935,0.7645260929640337,29,early
29441,41,0,0.3901440435331641,1.0533917394786991,29,early
29442,42,0,0.5943450778420281,0.6552410014311305,29,early
29443,43,0,0.9951901422890024,0.6975478297439868,29,early
29444,44,0,0.53093958760412,0.6601512571432571,29,early
29445,45,0,0.5697908920827186,0.7550111641167061,29,early
29446,46,0,0.8768692008720647,1.0966422403392455,29,early
29447,47,0,0.40676686995518235,0.8976733919348716,29,early
29448,48,0,0.5226388940024549,0.44733123216628873,29,early
29449,49,0,0.6878611942865991,0.5539793813421093,29,early
29450,50,0,0.6288546071241262,0.7539862851774908,29,early
29451,51,0,0.14542642481147094,0.9164227069976776,29,early
29452,52,0,0.6827523247213397,0.6478246208845704,29,early
29453,53,0,0.4822767129396323,1.223186021374211,29,early
29454,54,0,0.9429860456936404,0.6172614784725311,29,early
29455,55,0,0.7693740700164365,0.4959837418400481,29,early
29456,56,0,0.649246813338458,0.7767959646156595,29,early
29457,57,0,0.11936435943659637,0.7347899088945529,29,early
29458,58,0,0.5011766846226304,1.0613006709784305,29,early
29459,59,0,0.49599953815996145,0.6830311504019544,29,early
29460,60,0,0.9832643002679529,1.2808185758622712,29,early
29461,61,0,0.1432948211589823,1.1075084368506136,29,early
29462,62,0,0.8572237608532859,0.5367973321265931,29,early
29463,63,0,0.4158301211383185,0.7494965638330053,29,early
29464,64,0,0.5069701671720522,0.7063528304666055,29,early
29465,65,0,0.9334430077893813,0.4759598260190216,29,early
29466,66,0,0.9995736340244419,0.7013134635451435,29,early
29467,67,0,0.5393959226502737,0.7671570755948054,29,early
29468,68,0,0.2689652906221618,0.8093885709088613,29,early
29469,69,0,0.499883071032239,1.0987893502052737,29,early
29470,70,0,0.30806101298885713,0.9567126569223273,29,early
29471,71,0,0.5563955991662308,0.660204012695415,29,early
29472,72,0,0.7562833826048199,0.5438613749680099,29,early
29473,73,0,0.9028498500964222,0.4731219476376173,29,early
29474,74,0,0.4605888888309946,0.7344238381860899,29,early
29475,75,0,0.8514076369059747,0.7955737012003478,29,early
29476,76,0,0.9901298273999265,0.864564413089574,29,early
29477,77,0,0.9934519145901755,0.9533970517124967,29,early
29478,78,0,0.6616865365977174,0.5816284407789118,29,early
29479,79,0,0.9733496261050985,0.5659997122579152,29,early
29480,80,0,0.0008410791457825571,1.1566121819855941,29,early
29481,81,0,0.9271987272821385,0.6394982789607715,29,early
29482,82,0,0.4948293542963127,0.9220639210424472,29,early
29483,83,0,0.247420689756495,1.1899421851157514,29,early
29484,84,0,0.36408041272087655,0.7774861978360752,29,early
29485,85,0,0.12239241869642799,0.7396294361883317,29,early
29486,86,0,0.9998630038823837,0.833438618387121,29,early
29487,87,0,0.4461251498602681,0.9312010763011661,29,early
29488,88,0,0.9767227506333624,0.3876173535761255,29,early
29489,89,0,0.43490432201688317,0.9334073840709789,29,early
29490,90,0,0.06230594961360039,0.6457434085217407,29,early
29491,91,0,0.5054257465891984,0.7650781525842316,29,early
29492,92,0,0.18078686623236195,0.7334846185596003,29,early
29493,93,0,0.501178671270357,0.7915042167778763,29,early
29494,94,0,0.05361293303527782,1.0198874842899492,29,early
29495,95,0,0.8567431463775077,0.7424900988038559,29,early
29496,96,0,0.5354252043637939,0.7463292320084555,29,early
29497,97,0,0.6018444688875481,0.7154115259161404,29,early
29498,98,0,0.20056470856905034,0.764643782129246,29,early
29499,99,0,0.5640722124028016,0.8493187601180241,29,early
29500,100,0,0.06977458837757654,0.9626395554568012,29,early
29501,101,0,0.5000354590452276,1.0638526590265822,29,early
29502,102,0,0.5479825216411705,0.8322264174216116,29,early
29503,103,0,0.528934169482917,0.8432894054671684,29,early
29504,104,0,0.1682443004436029,0.8811037240080158,29,early
29505,105,0,0.4943374334559734,0.7349554758766597,29,early
29506,106,0,0.32689133281774907,0.6204678138092559,29,early
29507,107,0,0.5005194445705258,0.8368890175792875,29,early
29508,108,0,8.079575895433723e-05,1.1419538958504512,29,early
29509,109,0,0.5015582828703666,0.796055224737984,29,early
29510,110,0,0.09046388229671376,1.112223133755982,29,early
29511,111,0,0.5090127564060741,0.5304430128401416,29,early
29512,112,0,0.5336604273410442,0.49300414853565916,29,early
29513,113,0,0.4080148931607633,0.9245249725084934,29,early
29514,114,0,0.4483904763915193,1.0487940886775453,29,early
29515,115,0,0.5566329742041143,0.48981891959155205,29,early
29516,116,0,0.8186167846526908,0.5331346969185378,29,early
29517,117,0,0.6360353875540451,0.6861099789938299,29,early
29518,118,0,0.5102960275935985,0.5996607907078557,29,early
29519,119,0,0.5778322941957501,0.6328919197559586,29,early
29520,120,0,0.16950099402429908,0.6206786215741061,29,early
29521,121,0,0.4999425164707788,0.7487789849528125,29,early
29522,122,0,0.10360536943627299,0.6685387349816964,29,early
29523,123,0,0.8357080726045423,0.6672783785248887,29,early
29524,124,0,0.01104423316910661,0.846846452990194,29,early
29525,125,0,0.5297421053875437,0.7815788917012436,29,early
29526,126,0,0.1293766105863737,0.7448441012309593,29,early
29527,127,0,0.9996081396684762,1.0367381986514723,29,early
29528,128,0,0.39267500552592627,0.690225984134532,29,early
29529,129,0,0.5486059668674367,0.8239225638710813,29,early
29530,130,0,0.3717680425562382,0.6544926895681538,29,early
29531,131,0,0.5020485736176994,0.8995240625942909,29,early
29532,132,0,0.9124102697183265,0.616814179566948,29,early
29533,133,0,0.8884099083288615,0.7109828852548077,29,early
29534,134,0,0.9972628807913427,0.5525027799534216,29,early
29535,135,0,0.5000854872225049,0.918415307164372,29,early
29536,136,0,0.5717792025921171,0.5262136971211886,29,early
29537,137,0,0.4735595159858404,0.8281699441440669,29,early
29538,138,0,0.8673869163521587,0.7196251892336231,29,early
29539,139,0,0.9999549881337826,0.5424652036589902,29,early
29540,140,0,0.9949332016570096,0.40480554575421035,29,early
29541,141,0,0.9585722944379202,0.750859310830073,29,early
29542,142,0,0.999340003207138,0.5422247114171668,29,early
29543,143,0,0.9996683693060158,0.9561021659777581,29,early
29544,144,0,0.510966331714481,0.6861248533926556,29,early
29545,145,0,0.5180306999440244,0.9358827533471425,29,early
29546,146,0,0.5002752949593032,0.6229622251625649,29,early
29547,147,0,0.6886462094566717,0.57675477222549,29,early
29548,148,0,0.0855839500506331,0.869188980513117,29,early
29549,149,0,0.5008901185683708,0.9269324977088406,29,early
29550,150,0,0.3331008122202982,0.517202931759718,29,early
29551,151,0,0.7573376812886365,0.4619265096143209,29,early
29552,152,0,0.4986403959358529,0.7226779360872821,29,early
29553,153,0,0.9882489653048538,0.8295088691859012,29,early
29554,154,0,0.02209939113924556,1.0688162207751992,29,early
29555,155,0,0.49482850006712625,0.8033762851503681,29,early
29556,156,0,0.017463899293476928,0.8772831202586373,29,early
29557,157,0,0.504242325779263,0.6232746760854148,29,early
29558,158,0,0.5157463412811342,0.6763694716139093,29,early
29559,159,0,0.9688199427911535,0.5731340531378426,29,early
29560,160,0,0.7322693576429633,0.7120839396302379,29,early
29561,161,0,0.9983295850229356,0.5831477120813799,29,early
29562,162,0,0.6176248502538287,0.6188524109492974,29,early
29563,163,0,0.9966707996186169,0.6703249002054144,29,early
29564,164,0,0.23632964752264363,0.7391348457604614,29,early
29565,165,0,0.06102941579240018,1.012303228710605,29,early
29566,166,0,0.23334366996199005,0.8210002786064011,29,early
29567,167,0,0.5965558767812741,0.6777792205003154,29,early
29568,168,0,0.6781731884307264,0.8978778137581045,29,early
29569,169,0,0.5009435154908801,0.9200810029618407,29,early
29570,170,0,0.05719909106573104,0.7347962016784149,29,early
29571,171,0,0.1208341392259934,0.8209753454569613,29,early
29572,172,0,0.2832378633831699,0.8750239099334176,29,early
29573,173,0,0.500963111953409,0.6095782601916653,29,early
29574,174,0,0.9967642489122002,0.5317477213719181,29,early
29575,175,0,0.9584209510325261,0.4234882146070539,29,early
29576,176,0,0.5131736425344722,0.817203444678156,29,early
29577,177,0,0.1917195525997672,1.1483294818073713,29,early
29578,178,0,0.4954990795023953,0.9948732017309725,29,early
29579,179,0,0.5907845088766599,0.5429624360251409,29,early
29580,180,0,0.025662101316757727,0.7706229610772362,29,early
29581,181,0,0.7842473790157434,0.8326586820748163,29,early
29582,182,0,0.5118518253509752,0.5361555061970242,29,early
29583,183,0,0.5949359217594288,0.4553592491089017,29,early
29584,184,0,0.7433086426875105,0.6050687770935126,29,early
29585,185,0,0.012737556446046412,0.8570757102631317,29,early
29586,186,0,0.5235582986844375,0.6467553497212406,29,early
29587,187,0,0.893914136127376,0.5118371210641974,29,early
29588,188,0,0.42728827347905607,0.8251542861096037,29,early
29589,189,0,0.9324164692453287,0.4663090935947713,29,early
29590,190,0,0.670649136165405,0.6316947956827157,29,early
29591,191,0,0.9202452435954112,0.4886674610436883,29,early
29592,192,0,0.8298937695830522,0.49252014780779274,29,early
29593,193,0,0.6740954690259381,0.4557939528249651,29,early
29594,194,0,0.975782582717359,0.5413841599900564,29,early
29595,195,0,0.12270787877756191,0.6190739687947606,29,early
29596,196,0,0.496598129205972,0.9306719555564279,29,early
29597,197,0,0.4998183468261337,1.1869581851245998,29,early
29598,198,0,0.7374593358033978,0.9058582089645544,29,early
29599,199,0,0.031848911706875066,1.1590358481609857,29,early
29600,0,0,0.024235113883861892,0.6565676883624516,29,middle
29601,1,0,0.9767066956951684,0.8559053810714934,29,middle
29602,2,0,0.30674280126150444,0.8112780045194518,29,middle
29603,3,0,0.9460904980019598,0.56357662945264,29,middle
29604,4,0,0.9954803256886171,0.4132014084501512,29,middle
29605,5,0,0.41112668528674473,0.8625962518911008,29,middle
29606,6,0,0.04710312296111795,0.7078656137409887,29,middle
29607,7,0,0.49082799338644517,0.6663413094815556,29,middle
29608,8,0,0.03724971775482423,0.5038871426789979,29,middle
29609,9,0,0.597937733949716,0.5774672477959942,29,middle
29610,10,0,0.9641335171319875,0.7513440251239099,29,middle
29611,11,0,0.8515588059045565,0.6274610215157512,29,middle
29612,12,0,0.35982712499050923,0.6186875217499794,29,middle
29613,13,0,0.27388222250219246,0.9668315957043748,29,middle
29614,14,0,0.40320746019568465,0.6644626473808506,29,middle
29615,15,0,0.5174366531953861,0.7670270970126973,29,middle
29616,16,0,0.9949279344083719,0.43903845325952384,29,middle
29617,17,0,0.04887536175571695,0.8031820625374773,29,middle
29618,18,0,0.8236658033917537,0.36878936299050846,29,middle
29619,19,0,0.21477625200566505,0.893199509663374,29,middle
29620,20,0,0.5254747077696433,0.7323967239768183,29,middle
29621,21,0,0.7257559546455782,0.4636534424318559,29,middle
29622,22,0,0.48573092928651806,0.4269471713470408,29,middle
29623,23,0,0.5604173648253722,0.34101926194786947,29,middle
29624,24,0,0.0010994129212728043,0.9184612153202667,29,middle
29625,25,0,0.4995046248754692,0.8940055201130481,29,middle
29626,26,0,0.7943456934501558,0.6530661482711796,29,middle
29627,27,0,0.04523912150651676,0.7054598809743433,29,middle
29628,28,0,0.4860002142473082,0.3628221529198904,29,middle
29629,29,0,0.30620593072124325,0.5044640017277174,29,middle
29630,30,0,0.8140719832622777,0.6136579469679959,29,middle
29631,31,0,0.5370266488042353,0.40159890790028974,29,middle
29632,32,0,0.897310791752882,0.5874758600862247,29,middle
29633,33,0,0.4829586362955527,0.8765222039319619,29,middle
29634,34,0,0.8736228984363414,0.4968387874786263,29,middle
29635,35,0,0.5091338163996966,0.3906045257730138,29,middle
29636,36,0,0.3851589394366171,0.4370601730373415,29,middle
29637,37,0,0.08064563066179882,0.5819577632448955,29,middle
29638,38,0,0.7121970716939393,0.5586367657670346,29,middle
29639,39,0,0.31327299417971416,0.712436400808143,29,middle
29640,40,0,0.7402998524487053,0.6080489170218206,29,middle
29641,41,0,0.3286776209283569,1.1997426401309852,29,middle
29642,42,0,0.010708142337960653,0.8943753432405037,29,middle
29643,43,0,0.010753351381506873,0.8715446767326818,29,middle
29644,44,0,0.005022011549031645,1.0435942617453224,29,middle
29645,45,0,0.9944147681249446,0.44777301553255067,29,middle
29646,46,0,0.02390675555558035,0.8869167464199217,29,middle
29647,47,0,0.7195178110683923,0.5631092795253922,29,middle
29648,48,0,0.9971548542824363,0.699547023261633,29,middle
29649,49,0,0.6606965465197661,0.4419012203879084,29,middle
29650,50,0,0.30892575851193227,0.503530344469544,29,middle
29651,51,0,0.9971739726732722,0.5165681990212392,29,middle
29652,52,0,0.7642513868921383,0.6015512200878019,29,middle
29653,53,0,0.4896661131014191,0.8077629704511337,29,middle
29654,54,0,0.9955458317713184,0.4263862610515462,29,middle
29655,55,0,0.9992591185045095,0.6638787990488507,29,middle
29656,56,0,0.8336603717953394,0.6980420345910038,29,middle
29657,57,0,0.8727391062311705,0.7391730047141993,29,middle
29658,58,0,0.9983591429387517,0.47658941797265597,29,middle
29659,59,0,0.8017387900771273,0.5560778529635318,29,middle
29660,60,0,0.8131076709234577,0.5644451984465128,29,middle
29661,61,0,0.8259904805971401,0.49169140840778836,29,middle
29662,62,0,0.0019430538335811504,0.743053613428964,29,middle
29663,63,0,0.5276863075396816,0.483078673179249,29,middle
29664,64,0,0.8595488216175906,0.892935130867585,29,middle
29665,65,0,0.6223845243101208,0.7959525487320189,29,middle
29666,66,0,0.9999998916099958,0.7575353482942999,29,middle
29667,67,0,0.09185723286682024,0.70419384008114,29,middle
29668,68,0,0.5454932067859971,0.8843349610064069,29,middle
29669,69,0,0.3069519226421638,0.7004769343033166,29,middle
29670,70,0,0.9233928776208353,0.4491949045445759,29,middle
29671,71,0,0.8672362444503536,0.517339068578829,29,middle
29672,72,0,0.19466520354142933,0.6736852734470835,29,middle
29673,73,0,0.8972634549214439,0.5961816679396514,29,middle
29674,74,0,0.644266910837292,0.7881839744756416,29,middle
29675,75,0,0.9118915728343551,0.369967547879014,29,middle
29676,76,0,0.002333634547499474,0.9541471874294494,29,middle
29677,77,0,0.5500382159633969,0.8976928168640815,29,middle
29678,78,0,0.519492277146906,0.5848418268846571,29,middle
29679,79,0,0.2217573674266156,0.6349248420313436,29,middle
29680,80,0,0.4999973871834985,0.6595165990106148,29,middle
29681,81,0,0.3691756560792942,0.4006657832206258,29,middle
29682,82,0,0.49930908777348004,0.5663446179119689,29,middle
29683,83,0,0.5135845543574212,0.5258303385806632,29,middle
29684,84,0,0.15441868928072333,0.6306708459411622,29,middle
29685,85,0,0.40644856211204705,0.6485864855464076,29,middle
29686,86,0,0.7980871182366637,0.5078502333029691,29,middle
29687,87,0,0.08235940874785501,0.8761032515074908,29,middle
29688,88,0,0.42884032694034985,0.764886204950207,29,middle
29689,89,0,0.6048869776269648,0.5879478784937306,29,middle
29690,90,0,0.974829276828583,0.5095305202977487,29,middle
29691,91,0,0.9305493403096674,0.6207799191820369,29,middle
29692,92,0,0.5100829565270856,0.5599491682429099,29,middle
29693,93,0,0.7901100525086833,0.31267018697445415,29,middle
29694,94,0,0.11034232954936184,0.6663243530781371,29,middle
29695,95,0,0.5148281418687365,0.49756890308598756,29,middle
29696,96,0,0.29185465333131777,0.6492568916280206,29,middle
29697,97,0,0.7573029045267139,0.6909943033728029,29,middle
29698,98,0,0.5952863579523606,0.6283864707857998,29,middle
29699,99,0,0.486758066068143,0.6485175567277488,29,middle
29700,100,0,0.9471681198459596,0.5764125315517041,29,middle
29701,101,0,0.8332940624753509,0.5654882580085013,29,middle
29702,102,0,0.6941975649962543,0.42252822247437194,29,middle
29703,103,0,0.5023487549187975,0.6671997797946945,29,middle
29704,104,0,0.9754229192801047,0.3880727290468477,29,middle
29705,105,0,0.4297341850535895,0.5402420632209388,29,middle
29706,106,0,0.6641973917010283,0.39827720153269064,29,middle
29707,107,0,0.6676743124646842,0.6356250931238547,29,middle
29708,108,0,0.6815365204368478,0.7265825390336416,29,middle
29709,109,0,0.4999101957692321,0.465954021734378,29,middle
29710,110,0,0.5049168764064316,0.40506254303887573,29,middle
29711,111,0,0.5068311965846671,0.7084471329537775,29,middle
29712,112,0,0.9967362167967084,0.6368426137199712,29,middle
29713,113,0,0.746593625068164,0.6473790774053079,29,middle
29714,114,0,0.8648439978696376,0.3279496495747677,29,middle
29715,115,0,0.46634669200390305,0.5171307247861107,29,middle
29716,116,0,0.8008899956986184,0.37258811531179986,29,middle
29717,117,0,0.9855623864814942,0.40283872695666845,29,middle
29718,118,0,0.9599476130653437,0.46222880171891795,29,middle
29719,119,0,0.24877519156653644,0.6139050929480301,29,middle
29720,120,0,0.5022776211595353,0.5483466491496509,29,middle
29721,121,0,0.5415420429694786,0.33812307675677633,29,middle
29722,122,0,0.4087831116030006,0.5741430624532513,29,middle
29723,123,0,0.5014794396599078,0.6506582699497924,29,middle
29724,124,0,0.4908976799102421,0.4570677564745555,29,middle
29725,125,0,0.614349251472578,0.4691165789312117,29,middle
29726,126,0,0.49675429446101643,0.7260668946951427,29,middle
29727,127,0,0.3834329676236933,0.6655493942107575,29,middle
29728,128,0,0.5174920769022431,0.753571260321356,29,middle
29729,129,0,0.875215361663286,0.5070650485316994,29,middle
29730,130,0,0.017571025478671842,0.6609188760104603,29,middle
29731,131,0,0.6236424608552721,0.5291367041604724,29,middle
29732,132,0,0.5136044312603691,0.6421172676808389,29,middle
29733,133,0,0.7997767777677318,0.7973324551320313,29,middle
29734,134,0,0.08687929652105317,0.7348066824190999,29,middle
29735,135,0,0.5171533145800674,0.6005298628069943,29,middle
29736,136,0,0.9684841638860529,0.4609126177979569,29,middle
29737,137,0,0.5291914496029775,0.5710147839420399,29,middle
29738,138,0,0.462154699636375,0.5537550350089097,29,middle
29739,139,0,0.4975895748710675,0.5828793040890947,29,middle
29740,140,0,0.49831964837922094,0.7296589871274604,29,middle
29741,141,0,0.47838751544285074,0.6245266686379256,29,middle
29742,142,0,0.8248372239539894,0.4473175213183974,29,middle
29743,143,0,0.5000200069127732,0.5998585452219183,29,middle
29744,144,0,0.4444026423519692,0.6160908462895073,29,middle
29745,145,0,0.5290858695968177,0.530711533242795,29,middle
29746,146,0,0.9816301355308815,0.5853857831194267,29,middle
29747,147,0,0.7261337438210496,0.5533950711125366,29,middle
29748,148,0,0.8282020737322036,0.41029859656900963,29,middle
29749,149,0,0.8468963578940083,0.4464737116893833,29,middle
29750,150,0,0.28277293757003386,0.5915484952456559,29,middle
29751,151,0,0.49961824114808795,0.9078771831687,29,middle
29752,152,0,0.009122106781404102,0.7967035203434876,29,middle
29753,153,0,0.5003297749511191,0.5805797545936286,29,middle
29754,154,0,0.9598997698999909,0.8103356349983959,29,middle
29755,155,0,0.48174877287974643,0.5814888335522448,29,middle
29756,156,0,0.4354084133526424,0.5873644734936833,29,middle
29757,157,0,0.4352702963934588,0.7142583419248792,29,middle
29758,158,0,0.8124733043393702,0.4795614653837825,29,middle
29759,159,0,0.3945016804193317,0.5383938329556173,29,middle
29760,160,0,0.5104496116070786,0.39463062926367887,29,middle
29761,161,0,0.9681402434326956,0.46945597029331687,29,middle
29762,162,0,0.03811439597429851,0.8646483866320294,29,middle
29763,163,0,0.5009978351357984,0.7422158550118997,29,middle
29764,164,0,0.6300443165270108,0.2751112313887497,29,middle
29765,165,0,0.25074317111296146,0.867822587479449,29,middle
29766,166,0,0.5066797874868669,0.5032720593659661,29,middle
29767,167,0,0.9491237579291605,0.5620129062444963,29,middle
29768,168,0,0.9507530711617318,0.47766409822612843,29,middle
29769,169,0,0.5067089853500418,0.45460878253210374,29,middle
29770,170,0,0.40005580963028287,0.5554092343246925,29,middle
29771,171,0,0.3123049379184688,0.380641632045712,29,middle
29772,172,0,0.5205917902056176,0.6599148826252168,29,middle
29773,173,0,0.9387629758404753,0.5442977646337637,29,middle
29774,174,0,0.5689192920416328,0.5815216930322173,29,middle
29775,175,0,0.997328276826454,0.28738995004081813,29,middle
29776,176,0,0.5009695538587524,0.7110466322912021,29,middle
29777,177,0,0.8648361652244794,0.49009437451173987,29,middle
29778,178,0,0.49525232364187494,0.5457302776439671,29,middle
29779,179,0,0.9359913881996017,0.3538237253337475,29,middle
29780,180,0,0.5498473773623751,0.5923673702522188,29,middle
29781,181,0,0.5916215326028875,0.4626846002605606,29,middle
29782,182,0,0.10961712422525115,0.637097252170399,29,middle
29783,183,0,0.65178099114404,0.4956021394567218,29,middle
29784,184,0,0.01576770288602268,0.7263715045883654,29,middle
29785,185,0,0.8797999401653482,0.6059718686095066,29,middle
29786,186,0,0.5283768584768972,0.3985147336369618,29,middle
29787,187,0,0.5211333818117018,0.693149722269016,29,middle
29788,188,0,0.5190487848421838,0.6678045024296344,29,middle
29789,189,0,0.5312517686810964,0.5813965589543555,29,middle
29790,190,0,0.08132469450968031,0.47394425915590865,29,middle
29791,191,0,0.5001391994538097,0.5620912761306864,29,middle
29792,192,0,0.37363712480998057,0.44409032697151146,29,middle
29793,193,0,0.26533991267146817,0.665950296793518,29,middle
29794,194,0,0.7075713147474589,0.7071049810284734,29,middle
29795,195,0,0.843898666071894,0.5354771122636631,29,middle
29796,196,0,0.003719493361799742,0.5541919665336552,29,middle
29797,197,0,0.6070501769350525,0.6321768741916565,29,middle
29798,198,0,0.45223989033358897,0.8264237743782352,29,middle
29799,199,0,0.5380592359727236,0.5224450377081351,29,middle
29800,0,0,0.6198274336190024,0.6849430186561203,29,late
29801,1,0,0.849131021176008,0.43238354816111424,29,late
29802,2,0,0.5990188434156988,0.7322526568201986,29,late
29803,3,0,0.6859919990897075,0.673108791017941,29,late
29804,4,0,0.49789422460760124,0.6400244551345152,29,late
29805,5,0,0.22292215586256356,0.7420207151325343,29,late
29806,6,0,0.5002952186228201,1.0318107595851609,29,late
29807,7,0,0.9959432416970521,0.6154049858254836,29,late
29808,8,0,0.3980539666562039,0.6437705194949622,29,late
29809,9,0,0.9694810133420082,0.5272489462070741,29,late
29810,10,0,0.5140947029513244,0.6257318488405592,29,late
29811,11,0,0.9986166518940445,0.6489496197257982,29,late
29812,12,0,0.5137593405253461,0.9234751836727815,29,late
29813,13,0,0.4537029455941619,0.5685925995383236,29,late
29814,14,0,0.5553241401277764,0.5579408984790221,29,late
29815,15,0,0.42974357826042336,0.5246528752220292,29,late
29816,16,0,0.506002322467547,0.6307952983814111,29,late
29817,17,0,0.08513252990132746,0.8509030339120824,29,late
29818,18,0,0.39154265751944634,0.47040250851107085,29,late
29819,19,0,0.0018817230096490303,0.819429296195668,29,late
29820,20,0,0.4997601937565897,0.7798978267269925,29,late
29821,21,0,0.8968051085448014,0.30066422279940536,29,late
29822,22,0,0.8468996912303324,0.5919410220109027,29,late
29823,23,0,0.017896245754621565,0.9598906413645881,29,late
29824,24,0,0.5443027074023036,0.8744196674851912,29,late
29825,25,0,0.9993496890414526,0.7824012601959545,29,late
29826,26,0,0.8605964023687673,0.5067754739783003,29,late
29827,27,0,0.11021271053496358,0.6280843473004488,29,late
29828,28,0,0.49608174478954536,0.7569725095748562,29,late
29829,29,0,0.15222348461156507,0.8366066753372841,29,late
29830,30,0,0.5152138167064169,0.7303209639548134,29,late
29831,31,0,0.29435320752491184,1.2816855821690238,29,late
29832,32,0,0.42034876450060804,0.6614699142660911,29,late
29833,33,0,0.9580464056449234,0.4465295368244004,29,late
29834,34,0,0.6377455115044681,0.47850381508632633,29,late
29835,35,0,0.5138621305441541,0.4324536189862907,29,late
29836,36,0,0.48150857809743947,0.6220821336561915,29,late
29837,37,0,0.47972662733671007,0.5094835462010181,29,late
29838,38,0,0.5920065868239489,0.6826295446696833,29,late
29839,39,0,0.2517975639492522,0.6985265461426229,29,late
29840,40,0,0.4985492251881995,0.6694647043098809,29,late
29841,41,0,0.9658521393129667,0.8672851861914618,29,late
29842,42,0,0.4113934552667107,0.8284744686639791,29,late
29843,43,0,0.0026273373187801373,0.7789529881667049,29,late
29844,44,0,0.4473301048849473,0.8907742929777963,29,late
29845,45,0,0.9905309275759373,0.5000639771886564,29,late
29846,46,0,0.49974080704357343,1.2288136393075706,29,late
29847,47,0,0.9807862400771858,0.6669985180516241,29,late
29848,48,0,0.5025924369196878,0.6331076303268226,29,late
29849,49,0,0.008911133164056135,0.8583151686627586,29,late
29850,50,0,0.014138514347263632,0.9943451309786746,29,late
29851,51,0,0.7508567368470539,0.47115193128066835,29,late
29852,52,0,0.75272329850671,0.5597344194684424,29,late
29853,53,0,0.241653414972878,0.944370648324105,29,late
29854,54,0,0.7250633512348567,0.6213820347092442,29,late
29855,55,0,0.9366485166042634,0.610211168315991,29,late
29856,56,0,0.04755793307841961,0.7395742570032228,29,late
29857,57,0,0.9980374845811035,0.2289543313988856,29,late
29858,58,0,0.49976178511042874,0.891577737420757,29,late
29859,59,0,0.5045413869764188,0.8322186547649587,29,late
29860,60,0,0.5612983920564831,0.6790738947037137,29,late
29861,61,0,0.4785078561319734,0.5126186317733746,29,late
29862,62,0,0.5004695740751661,0.6609546533418273,29,late
29863,63,0,0.6429034354876861,0.564056710389731,29,late
29864,64,0,0.5288251688837622,0.5023691041155866,29,late
29865,65,0,0.6100227413810193,0.6411442651491837,29,late
29866,66,0,0.534990260898282,0.8569357607290804,29,late
29867,67,0,0.035193411893705374,0.7809710643069265,29,late
29868,68,0,0.526313050334923,0.6613816421894174,29,late
29869,69,0,0.11467649736757327,0.7824147198192941,29,late
29870,70,0,0.5086174929550634,0.7779160668067235,29,late
29871,71,0,0.47664078765703166,0.8369173732470716,29,late
29872,72,0,0.5008847979129629,0.719785676277255,29,late
29873,73,0,0.9786218878227866,0.8108464982338696,29,late
29874,74,0,0.5003937557737838,0.9000336176000847,29,late
29875,75,0,0.12704960355245873,1.1817375816331026,29,late
29876,76,0,0.6105285998096206,0.598400481456864,29,late
29877,77,0,0.5341053882490735,0.7005067935767886,29,late
29878,78,0,0.5203270425895876,0.6748094930054207,29,late
29879,79,0,0.59007404196131,0.48122542296761084,29,late
29880,80,0,0.45651433822535464,0.7366156827115029,29,late
29881,81,0,0.8795866624849051,0.397728684919811,29,late
29882,82,0,0.5217165515159229,0.5082266926710236,29,late
29883,83,0,0.9852500870264511,0.2998266061734707,29,late
29884,84,0,0.6947971531215947,0.4485562716381706,29,late
29885,85,0,0.41706468097669797,0.7830101989201479,29,late
29886,86,0,0.9837096763767648,0.6378670080804609,29,late
29887,87,0,0.6839538991949852,0.5513961571705989,29,late
29888,88,0,0.4806360582310367,0.7628313096005936,29,late
29889,89,0,0.482202153099013,0.8658650708130293,29,late
29890,90,0,0.23179149124763576,0.7861242775282458,29,late
29891,91,0,0.5001150790569607,0.8985757548498396,29,late
29892,92,0,0.8717505572606193,0.5394783183266174,29,late
29893,93,0,0.4769025349883765,1.028480969896716,29,late
29894,94,0,0.7907224621658817,0.44561610806653973,29,late
29895,95,0,0.5002399909039771,0.9983609376675644,29,late
29896,96,0,0.5000524640610237,1.0302538042753262,29,late
29897,97,0,0.7382367765585006,0.4079482912861867,29,late
29898,98,0,0.8269230550871088,0.7828704332135143,29,late
29899,99,0,0.2376005880682207,0.8080151172556123,29,late
29900,100,0,0.9878302975071973,0.39773813164646143,29,late
29901,101,0,0.5075987925074585,0.6703026642833543,29,late
29902,102,0,0.5151439075041324,0.5779794726582359,29,late
29903,103,0,0.7073613505876962,0.5247543845973883,29,late
29904,104,0,0.9376267542082402,0.6352389603711499,29,late
29905,105,0,0.9612485461367896,0.4744173835608834,29,late
29906,106,0,0.846531838686954,0.7016474279747738,29,late
29907,107,0,0.6122734299510918,0.7816607972503189,29,late
29908,108,0,0.7468913203922212,0.6733445937421556,29,late
29909,109,0,0.7243462195915304,0.32653731546655657,29,late
29910,110,0,0.5263334092060407,0.6216611382839419,29,late
29911,111,0,0.5049208708933346,0.7434699935105887,29,late
29912,112,0,0.4950470795321338,0.9166172138058379,29,late
29913,113,0,0.08191230103013515,0.6379277983613766,29,late
29914,114,0,0.8946349161811742,0.44167615107870395,29,late
29915,115,0,0.6623154273480425,0.3498691005367255,29,late
29916,116,0,0.7832110009292907,0.4650508172196929,29,late
29917,117,0,0.8915001508551615,0.4748176609538285,29,late
29918,118,0,0.9747427355977295,0.3677134406463124,29,late
29919,119,0,0.8837108053178044,0.3618674239397792,29,late
29920,120,0,0.78282239942974,0.47624901586166235,29,late
29921,121,0,0.998161988198403,0.5834488469757652,29,late
29922,122,0,0.49143699800978713,0.8223691272220992,29,late
29923,123,0,0.3921579477362126,0.6289836693580931,29,late
29924,124,0,8.753048813852438e-06,1.0835641115056358,29,late
29925,125,0,0.2817931805414537,0.8601228386195698,29,late
29926,126,0,0.5782094864519417,0.7368820905074192,29,late
29927,127,0,0.25302717762305155,0.8585989428132289,29,late
29928,128,0,0.09452050443040243,0.49776637420021286,29,late
29929,129,0,0.8245011057499724,0.6246657161653959,29,late
29930,130,0,0.8071488503803068,0.6015362738424024,29,late
29931,131,0,0.9118880507095286,0.3457942839713057,29,late
29932,132,0,0.9855040157784538,0.5325910544156038,29,late
29933,133,0,0.984064847135258,0.8041436378161575,29,late
29934,134,0,0.6263353088049544,0.5281125406732599,29,late
29935,135,0,0.9765326856053103,0.39515757797612927,29,late
29936,136,0,0.00020631753011835915,0.8754380553138201,29,late
29937,137,0,0.10966624668199111,0.6090845016857366,29,late
29938,138,0,0.01087521017530189,0.6774256354617764,29,late
29939,139,0,0.9813897128149907,0.4457971509434146,29,late
29940,140,0,0.629926847993715,0.5080460704675853,29,late
29941,141,0,0.9472938038477856,0.6107240381942047,29,late
29942,142,0,0.1329103832848126,0.4962257703546262,29,late
29943,143,0,0.22138161941272394,0.6091490356963267,29,late
29944,144,0,0.10777384028496705,0.5025483691970419,29,late
29945,145,0,0.9212985661841788,0.4916815124648219,29,late
29946,146,0,0.8259113971436984,0.4856914200206282,29,late
29947,147,0,0.9705395281459206,0.5125008588653758,29,late
29948,148,0,0.9995153174062881,0.5381885431305192,29,late
29949,149,0,0.9775926564972622,0.31673697374123744,29,late
29950,150,0,0.49546017244583296,0.36255950417617683,29,late
29951,151,0,0.717408080525786,0.4185257381394837,29,late
29952,152,0,0.9992508712914963,0.4929066588959663,29,late
29953,153,0,0.7162279998134897,0.4390106341594773,29,late
29954,154,0,0.8421773005140468,0.7417734011313393,29,late
29955,155,0,0.015451340913440555,0.929179419983474,29,late
29956,156,0,0.02339028342056506,0.9679536358328614,29,late
29957,157,0,0.007658348807548899,0.6398943703955879,29,late
29958,158,0,0.9859071549639091,0.48110081648212577,29,late
29959,159,0,0.9883406983636254,0.46965758633351457,29,late
29960,160,0,0.997291934397262,0.47407386559065356,29,late
29961,161,0,0.8110951248253357,0.45111603948736734,29,late
29962,162,0,0.9557813849383429,0.5746338430664846,29,late
29963,163,0,0.9621191718119806,0.4312425805863044,29,late
29964,164,0,0.41173420722063653,0.4819164537670534,29,late
29965,165,0,0.4705548337499396,0.423085271846515,29,late
29966,166,0,0.9747800401777543,0.4123804907262081,29,late
29967,167,0,0.1380504950001391,0.7506412479334843,29,late
29968,168,0,0.9998585770841555,0.47251890872027213,29,late
29969,169,0,0.9997798797552832,0.6178931502884721,29,late
29970,170,0,0.40389738693210403,0.5439455332239633,29,late
29971,171,0,0.8710185698860178,0.4349891734260641,29,late
29972,172,0,0.5003608214822264,0.6289628328822905,29,late
29973,173,0,0.4418652945267957,0.8307138958789896,29,late
29974,174,0,0.6869861572993619,0.4906991697734976,29,late
29975,175,0,0.5679185877885842,0.5779937774892461,29,late
29976,176,0,0.40824239127150996,0.5403003607187931,29,late
29977,177,0,0.08118422249705401,0.721786593274581,29,late
29978,178,0,0.07544791116915782,0.6678422638007322,29,late
29979,179,0,0.9017127565597168,0.5145511253080034,29,late
29980,180,0,0.999900664679779,0.7647490395290153,29,late
29981,181,0,0.7655044211140123,0.3702284929333823,29,late
29982,182,0,0.07929418442312772,0.6360917875649723,29,late
29983,183,0,0.9707999743517026,0.5256093855911583,29,late
29984,184,0,0.6832485040351547,0.5929523316611148,29,late
29985,185,0,0.3297220769878551,0.5700582646116439,29,late
29986,186,0,0.4997776301579571,1.0510514598684289,29,late
29987,187,0,0.9856913310735254,0.40127916426916754,29,late
29988,188,0,0.3925286800251823,0.5570400933774263,29,late
29989,189,0,0.9802026280559415,0.42932285785624735,29,late
29990,190,0,0.34740698776996615,1.0869587703604877,29,late
29991,191,0,0.5145333612169818,0.8422320016477945,29,late
29992,192,0,0.5544534924112631,0.5948361970470445,29,late
29993,193,0,0.9296582614783708,0.49320368584957175,29,late
29994,194,0,0.9630463678255585,0.361566581899851,29,late
29995,195,0,0.021279907328597202,0.7132879703155365,29,late
29996,196,0,0.5017577372199793,0.49794741032426526,29,late
29997,197,0,0.2569326091382633,0.5762355014938887,29,late
29998,198,0,0.04022597569251742,0.6039663670463575,29,late
29999,199,0,0.41552356412936886,0.4583313359472304,29,late
30000,0,0,0.5005633749990392,0.6394963152615507,30,interleaved
30001,1,0,0.055526221070601824,0.6753099616012688,30,interleaved
30002,2,0,0.4759780285590197,0.9584878218622832,30,interleaved
30003,3,0,0.9995719192392959,0.6375620822014587,30,interleaved
30004,4,0,0.6986756637896169,0.5435644362915218,30,interleaved
30005,5,0,0.3623971837962373,0.7217885239084355,30,interleaved
30006,6,0,0.2945566097397849,0.5704455750955104,30,interleaved
30007,7,0,0.9035685697472065,0.8362381813800557,30,interleaved
30008,8,0,0.8634237174377979,0.621164746876564,30,interleaved
30009,9,0,0.7325595583668836,0.8281247066816819,30,interleaved
30010,10,0,0.49989661427992704,0.6461503282659834,30,interleaved
30011,11,0,0.9182356279571905,0.6552019522836587,30,interleaved
30012,12,0,0.4875527616236581,0.8695741496413723,30,interleaved
30013,13,0,0.9829012616348316,0.753870683920252,30,interleaved
30014,14,0,0.5003059234977854,0.7142387325936997,30,interleaved
30015,15,0,0.5225555263977403,0.8635826291419899,30,interleaved
30016,16,0,0.497648178737486,0.9674082190340799,30,interleaved
30017,17,0,4.195170519825888e-08,1.7938192847046457,30,interleaved
30018,18,0,0.5000004700942795,1.253055859801347,30,interleaved
30019,19,0,0.0210643730930213,0.6729117583759507,30,interleaved
30020,20,0,0.601740827807395,0.46321041019595205,30,interleaved
30021,21,0,0.8343666682206534,0.5341229702184613,30,interleaved
30022,22,0,0.4999253756677639,1.0000943519812242,30,interleaved
30023,23,0,0.030109269137589097,1.0994293838258637,30,interleaved
30024,24,0,0.3464637570373225,0.7362572115489875,30,interleaved
30025,25,0,0.9289007897635941,0.7021584729557777,30,interleaved
30026,26,0,0.26227211156251884,0.47122873137588206,30,interleaved
30027,27,0,0.015541157589412454,0.8586193062416312,30,interleaved
30028,28,0,0.35967297303664086,0.9663855630391216,30,interleaved
30029,29,0,0.00018788759724034176,1.2815578706246966,30,interleaved
30030,30,0,0.08552782201913214,0.683586755535979,30,interleaved
30031,31,0,0.29955063173137725,0.6940095663670589,30,interleaved
30032,32,0,0.8360664037885186,0.6249864492186428,30,interleaved
30033,33,0,0.6963242303065138,0.8839826129410284,30,interleaved
30034,34,0,0.5349524384521522,1.306616065075711,30,interleaved
30035,35,0,0.999981858212432,0.9430149978952063,30,interleaved
30036,36,0,0.5945197216751382,0.65693249986796,30,interleaved
30037,37,0,0.17105246187399067,0.7527620991299371,30,interleaved
30038,38,0,0.49939361652187875,0.9981140184677048,30,interleaved
30039,39,0,0.9701667400973396,0.7699002294322759,30,interleaved
30040,40,0,0.06760083721703726,1.103309256795579,30,interleaved
30041,41,0,0.08637655470100693,0.810828632092935,30,interleaved
30042,42,0,0.9991299079186376,0.8788007256739333,30,interleaved
30043,43,0,0.474108409852481,0.8475614203190743,30,interleaved
30044,44,0,0.5068219368068765,0.7936846087840954,30,interleaved
30045,45,0,0.8229338742180428,0.6482503144452608,30,interleaved
30046,46,0,0.4974029075136607,1.1694250044657646,30,interleaved
30047,47,0,0.9994348739472236,0.9868915752155705,30,interleaved
30048,48,0,0.07832127989665782,0.6604383034277252,30,interleaved
30049,49,0,0.0014362898501655676,1.158713553770703,30,interleaved
30050,50,0,0.49973120635395024,0.8448844953937642,30,interleaved
30051,51,0,0.985661899409479,0.5542559780417249,30,interleaved
30052,52,0,0.26518658940373463,0.4627996237038965,30,interleaved
30053,53,0,0.9851036645938747,0.4725978207711624,30,interleaved
30054,54,0,0.4670084429802143,0.5320584793433772,30,interleaved
30055,55,0,0.5133296479411258,1.0709420322896896,30,interleaved
30056,56,0,0.30348604101025156,1.5033765687107163,30,interleaved
30057,57,0,0.5106899274793292,0.48150163304719074,30,interleaved
30058,58,0,0.564325723594328,0.6677001439818588,30,interleaved
30059,59,0,0.5026330025773605,0.7911618886065512,30,interleaved
30060,60,0,0.49767287857694503,1.1090073815578423,30,interleaved
30061,61,0,0.8837511856538568,0.9939990625077859,30,interleaved
30062,62,0,0.6995762597216051,0.9446779991761091,30,interleaved
30063,63,0,0.0003408004838413882,0.9116737518822571,30,interleaved
30064,64,0,0.5100124987992207,0.6494057904032724,30,interleaved
30065,65,0,0.9996828448371771,0.806639298825141,30,interleaved
30066,66,0,0.4751122965233516,0.9944957589170424,30,interleaved
30067,67,0,0.4977348078373276,0.7861820854692599,30,interleaved
30068,68,0,0.12666338090477822,0.9064999373708468,30,interleaved
30069,69,0,0.5505168113859791,0.6349490428209569,30,interleaved
30070,70,0,0.5038026391664248,0.5323095694505656,30,interleaved
30071,71,0,0.5637684681826779,0.7151287827724769,30,interleaved
30072,72,0,0.47981995974133734,0.48083842715070557,30,interleaved
30073,73,0,0.7540028687742522,0.7638564310266924,30,interleaved
30074,74,0,0.8045252200106071,0.6693321596170037,30,interleaved
30075,75,0,0.9977913808170711,0.916984040375102,30,interleaved
30076,76,0,0.5068640594256248,0.7836123307557428,30,interleaved
30077,77,0,0.00046656639998252726,0.8944854719905635,30,interleaved
30078,78,0,0.22960180398239968,1.1165418175562691,30,interleaved
30079,79,0,0.9977171813529871,0.848447107019185,30,interleaved
30080,80,0,0.18936800443111423,0.5861536613956999,30,interleaved
30081,81,0,0.3169193386118792,0.7115852589980096,30,interleaved
30082,82,0,0.48281865357691073,0.5866489909106989,30,interleaved
30083,83,0,0.6206111393613111,0.6727469568621759,30,interleaved
30084,84,0,0.2587041568289549,1.073573558415399,30,interleaved
30085,85,0,0.5198144807483666,0.9220256789116758,30,interleaved
30086,86,0,0.6092092617802578,0.6383393647230887,30,interleaved
30087,87,0,7.700495651703463e-05,0.9500802201910865,30,interleaved
30088,88,0,0.758641808613556,0.42352635659066223,30,interleaved
30089,89,0,0.97885292581142,0.3985767249237051,30,interleaved
30090,90,0,0.20604916577544524,0.6859341063383535,30,interleaved
30091,91,0,0.9991629667276755,0.7298928888230349,30,interleaved
30092,92,0,0.007841844618138912,0.8734447817206796,30,interleaved
30093,93,0,0.005312167397866924,0.9119216281566567,30,interleaved
30094,94,0,0.48392513723709546,0.8137886277750206,30,interleaved
30095,95,0,0.061322363041054095,0.8598171209268624,30,interleaved
30096,96,0,0.5050262342888027,0.6410930101970316,30,interleaved
30097,97,0,0.03217909221207941,0.6782727447013721,30,interleaved
30098,98,0,0.48758554245065666,0.5530158510045888,30,interleaved
30099,99,0,0.9785594216091931,0.8157824969857886,30,interleaved
30100,100,0,0.5501170387940337,0.7741360172845217,30,interleaved
30101,101,0,0.018002987293392014,0.7190787810990447,30,interleaved
30102,102,0,0.4952417823545497,0.4834927352562056,30,interleaved
30103,103,0,0.1949987557418885,0.5709177163102961,30,interleaved
30104,104,0,0.5079423780754767,0.6403634225371542,30,interleaved
30105,105,0,0.9775709958494743,0.8194106155963365,30,interleaved
30106,106,0,0.06537895751398534,0.9591216599916184,30,interleaved
30107,107,0,0.17471553028852357,0.9625902309037258,30,interleaved
30108,108,0,0.2034083267136674,0.7131511300183293,30,interleaved
30109,109,0,0.4012211583812886,0.5848429529628526,30,interleaved
30110,110,0,0.49910486693099876,0.9512149029223074,30,interleaved
30111,111,0,0.03869780234998367,0.7577954866813719,30,interleaved
30112,112,0,0.16468961283650332,0.641292961159122,30,interleaved
30113,113,0,0.5081941564803125,0.6775442441597217,30,interleaved
30114,114,0,0.861010023434027,0.6969734433601359,30,interleaved
30115,115,0,0.9969942705410397,0.7755098501583628,30,interleaved
30116,116,0,0.11533712937548254,0.8900258477991027,30,interleaved
30117,117,0,0.011582455920570814,0.9376403061622278,30,interleaved
30118,118,0,0.5002922841448201,0.5677449380199393,30,interleaved
30119,119,0,0.5285214148749176,0.45937018915715266,30,interleaved
30120,120,0,0.49921689413403647,0.6041866518538225,30,interleaved
30121,121,0,0.5483662173798395,0.6822670437868401,30,interleaved
30122,122,0,0.3977042321770468,1.0635296615036047,30,interleaved
30123,123,0,0.9272748961325106,0.9305156106710986,30,interleaved
30124,124,0,0.499298464210125,0.6668452622991707,30,interleaved
30125,125,0,0.794497417993576,0.4377899224706173,30,interleaved
30126,126,0,0.5010680813099897,0.6643638157975496,30,interleaved
30127,127,0,0.3005833809175805,0.6029090331405657,30,interleaved
30128,128,0,0.17085512048879717,0.9072360449914331,30,interleaved
30129,129,0,0.019880750885805154,0.9659695183149386,30,interleaved
30130,130,0,0.47415283580801104,0.6626847616754905,30,interleaved
30131,131,0,0.00010786991395297433,0.864512966323609,30,interleaved
30132,132,0,0.4915582921091795,0.7655361144912691,30,interleaved
30133,133,0,0.05165408870547879,0.9277531908219574,30,interleaved
30134,134,0,0.5044346623688424,0.6620806110245554,30,interleaved
30135,135,0,0.6141765661276488,0.7741447114927995,30,interleaved
30136,136,0,0.5928785375851472,0.559300770163542,30,interleaved
30137,137,0,0.43327684792718335,0.7556505267959588,30,interleaved
30138,138,0,0.5000541453160456,0.6814178834472581,30,interleaved
30139,139,0,0.8482117035503808,0.8346384138665714,30,interleaved
30140,140,0,0.5352014283985816,0.9427508158652919,30,interleaved
30141,141,0,0.5430339030169091,0.9521744697927684,30,interleaved
30142,142,0,0.559023634647057,0.5414161681370202,30,interleaved
30143,143,0,0.9676764998425476,0.6610392476642104,30,interleaved
30144,144,0,0.2618307017991868,0.877567183247021,30,interleaved
30145,145,0,3.4350459240144037e-07,1.3913909971908294,30,interleaved
30146,146,0,0.5002061652055837,0.6776199868049178,30,interleaved
30147,147,0,0.9992587222295426,0.6797990070682369,30,interleaved
30148,148,0,0.4894753510965955,0.5508204658864881,30,interleaved
30149,149,0,0.9197589596406965,0.612501511353907,30,interleaved
30150,150,0,0.5849207526926872,0.45565389972256176,30,interleaved
30151,151,0,0.6927475878333309,0.8235547330063968,30,interleaved
30152,152,0,0.46329465471689085,1.2150139662724042,30,interleaved
30153,153,0,0.9979770794453225,0.37612790245146416,30,interleaved
30154,154,0,0.5001872037748878,0.7941524707259133,30,interleaved
30155,155,0,0.48499555031238345,0.5290397318817082,30,interleaved
30156,156,0,0.4998267510922578,0.9582368613899528,30,interleaved
30157,157,0,0.9995560746835532,0.6335035858052995,30,interleaved
30158,158,0,0.08804292752863903,0.9084082450974756,30,interleaved
30159,159,0,7.017746375899536e-05,0.9412517950189567,30,interleaved
30160,160,0,0.49483762472576265,0.7729285517235646,30,interleaved
30161,161,0,0.9304822399998758,0.5453442913732407,30,interleaved
30162,162,0,0.9707942826122906,0.6698323873039309,30,interleaved
30163,163,0,0.5785068640654127,0.6948131746440623,30,interleaved
30164,164,0,0.5016706630526484,0.64425088585658,30,interleaved
30165,165,0,0.9589504763283393,0.8484586298338597,30,interleaved
30166,166,0,0.2218158988284071,1.0655076779013666,30,interleaved
30167,167,0,0.6637093221403025,0.6882455373385611,30,interleaved
30168,168,0,0.980922943624366,0.728775201009042,30,interleaved
30169,169,0,0.8756786065892826,0.5952961832438987,30,interleaved
30170,170,0,0.999999972156234,1.2193608924736328,30,interleaved
30171,171,0,0.5068674614727179,0.510563867609479,30,interleaved
30172,172,0,0.2845002045149229,0.5966989176305271,30,interleaved
30173,173,0,0.00035219448662320284,0.8141035877777986,30,interleaved
30174,174,0,0.022314027236985987,0.637935555741461,30,interleaved
30175,175,0,0.8790226952294211,0.4455069514387726,30,interleaved
30176,176,0,0.865167265125533,0.5975431361731595,30,interleaved
30177,177,0,0.3628949677486669,0.5010609460226797,30,interleaved
30178,178,0,0.6559137597182898,0.7778199087502389,30,interleaved
30179,179,0,0.9057696778506884,0.48428802318013175,30,interleaved
30180,180,0,0.49962564373207735,0.9545674136434744,30,interleaved
30181,181,0,0.008678083942442497,0.6883694476958834,30,interleaved
30182,182,0,0.6743813616883989,0.36135722035834206,30,interleaved
30183,183,0,0.918089217732721,0.54099445480463,30,interleaved
30184,184,0,0.05475675595244305,0.7802121651506663,30,interleaved
30185,185,0,0.9999871095822132,0.5275986919962177,30,interleaved
30186,186,0,0.405309906968256,1.0608597416959968,30,interleaved
30187,187,0,0.5080306045344397,0.6262872988054721,30,interleaved
30188,188,0,0.01585348299634344,0.9466047636399026,30,interleaved
30189,189,0,0.5195510466417763,0.43953151814050395,30,interleaved
30190,190,0,0.9871270767168893,0.5698861588587083,30,interleaved
30191,191,0,0.47825724052868007,0.5370059796273766,30,interleaved
30192,192,0,0.500044705836508,0.6794544328106389,30,interleaved
30193,193,0,0.009697031585301297,0.8631961631675233,30,interleaved
30194,194,0,0.9513769429087409,0.4976945330504536,30,interleaved
30195,195,0,0.499968258223361,0.9269168946453497,30,interleaved
30196,196,0,0.8763799466129314,0.7929263905623967,30,interleaved
30197,197,0,0.9996864128114771,0.4634282301925716,30,interleaved
30198,198,0,0.7839598322139847,0.6348760209976658,30,interleaved
30199,199,0,0.8489466802700143,0.7169012126443958,30,interleaved
30200,0,0,0.5150012695500759,1.1219720880463866,30,blocked
30201,1,0,0.45827155488723686,0.7215942373366531,30,blocked
30202,2,0,0.1442801004972401,0.545518548853801,30,blocked
30203,3,0,0.384127688279195,0.606521956694836,30,blocked
30204,4,0,0.16619487302651956,0.6520530166020894,30,blocked
30205,5,0,0.48799297009262604,0.6195040251945871,30,blocked
30206,6,0,0.9128823771279646,0.4109482006217128,30,blocked
30207,7,0,0.050218934021936876,0.7055514813268724,30,blocked
30208,8,0,0.29013125172326504,0.6146025233415445,30,blocked
30209,9,0,0.430264980837486,0.6898909776744352,30,blocked
30210,10,0,0.9660205215905519,0.8299183634168767,30,blocked
30211,11,0,0.12126632417969392,0.671688950492387,30,blocked
30212,12,0,0.621037343332387,0.5839632842388515,30,blocked
30213,13,0,0.9137992798827212,0.4065812627524793,30,blocked
30214,14,0,0.9908869436049483,0.6317277152228322,30,blocked
30215,15,0,0.012751885634780247,0.7996573699236404,30,blocked
30216,16,0,0.18126522643150958,0.5533155496702699,30,blocked
30217,17,0,0.6909551439523882,0.7603118632856086,30,blocked
30218,18,0,0.1305759887409668,0.6359716584342275,30,blocked
30219,19,0,0.023924743145461606,0.7708838642796991,30,blocked
30220,20,0,0.9928380398368778,0.5799881549493856,30,blocked
30221,21,0,0.982689503465803,0.6075290784897986,30,blocked
30222,22,0,0.5379611180422434,0.7547784276581029,30,blocked
30223,23,0,0.5271649135001311,0.6269715352938448,30,blocked
30224,24,0,0.6108381093348603,0.6711283045297303,30,blocked
30225,25,0,0.4953775659033524,0.8312142671673419,30,blocked
30226,26,0,0.9448424700116149,0.3682180944561086,30,blocked
30227,27,0,0.3408954888373165,0.6599221592821168,30,blocked
30228,28,0,0.27978738651781826,0.8055275370339443,30,blocked
30229,29,0,0.3165829203712711,0.6997639253221573,30,blocked
30230,30,0,0.18828079890272362,0.7412822552755756,30,blocked
30231,31,0,0.7404319132099857,0.5140080220050942,30,blocked
30232,32,0,0.7772149382061149,0.2846629439581115,30,blocked
30233,33,0,0.018859564913616123,0.689332514763122,30,blocked
30234,34,0,0.6013899197758661,0.6778608622639488,30,blocked
30235,35,0,0.6547712606469143,0.6898549966927391,30,blocked
30236,36,0,0.535400863386429,0.6559325695987419,30,blocked
30237,37,0,0.01537465190099466,0.65493473974188,30,blocked
30238,38,0,0.44522053985082527,0.7306964613212877,30,blocked
30239,39,0,0.0018995218191489747,0.9736101897522792,30,blocked
30240,40,0,0.04415882956192378,0.6744656916065268,30,blocked
30241,41,0,0.5775947121583503,0.49659311179071275,30,blocked
30242,42,0,0.9875933078602517,0.7177503378290568,30,blocked
30243,43,0,0.1797589377363763,1.0948562556144208,30,blocked
30244,44,0,0.7612126957326208,0.5426209270748654,30,blocked
30245,45,0,0.956314290501449,0.44053334933130517,30,blocked
30246,46,0,0.998849038469112,1.0774685703907105,30,blocked
30247,47,0,0.7146517741985525,0.626689898100829,30,blocked
30248,48,0,0.14261699926041366,0.5107755343415896,30,blocked
30249,49,0,0.128814982684372,0.6096021428336645,30,blocked
30250,50,0,0.9871078264117364,0.3065734931614673,30,blocked
30251,51,0,0.9852654140225948,0.5671562088222792,30,blocked
30252,52,0,0.1347734060257384,0.6675042390992025,30,blocked
30253,53,0,0.9590857000945548,0.8084525033733423,30,blocked
30254,54,0,0.5085868518317165,1.0378732872555372,30,blocked
30255,55,0,0.5084188698639625,0.5830032325948126,30,blocked
30256,56,0,0.7390624853953609,0.34598213119725013,30,blocked
30257,57,0,0.5003553339809546,1.0060848771476851,30,blocked
30258,58,0,0.05507555627674,0.8822281831660153,30,blocked
30259,59,0,0.013786752199860454,0.6586017086681222,30,blocked
30260,60,0,0.9942416165893455,0.6876864360809,30,blocked
30261,61,0,0.1445351990080993,0.710439764908251,30,blocked
30262,62,0,0.08836287782669976,0.8430406173839174,30,blocked
30263,63,0,0.9967686297250584,0.4627653991175643,30,blocked
30264,64,0,0.45875289651512935,0.6744551146888289,30,blocked
30265,65,0,0.9666248517621716,0.6263396745780859,30,blocked
30266,66,0,0.5001460067855686,0.7826961184961705,30,blocked
30267,67,0,0.46126662351892206,0.7954320319662054,30,blocked
30268,68,0,0.5113553131339459,1.0202272254775375,30,blocked
30269,69,0,0.9922950181076707,0.8462412479490093,30,blocked
30270,70,0,0.4057970168539283,0.5703645744257282,30,blocked
30271,71,0,0.7546633178373496,0.4762806810394544,30,blocked
30272,72,0,0.7203103009271755,0.7570441007814119,30,blocked
30273,73,0,0.8981162025401875,0.7107754159958203,30,blocked
30274,74,0,0.9822055925954558,0.3609481473038372,30,blocked
30275,75,0,0.9995835934424664,0.7096436133979223,30,blocked
30276,76,0,0.6666827411384395,0.4404386544085867,30,blocked
30277,77,0,0.5809335506123096,0.6418391703735766,30,blocked
30278,78,0,0.5747330816145786,0.6206801642472344,30,blocked
30279,79,0,0.6199220272377788,0.5646827396723113,30,blocked
30280,80,0,0.5186186320531054,0.5617226232891449,30,blocked
30281,81,0,0.9852039969362572,0.5513611995807427,30,blocked
30282,82,0,0.7490123924252133,0.6412879490084871,30,blocked
30283,83,0,0.43011649552724374,0.490938081450107,30,blocked
30284,84,0,0.004284694018416134,0.626817575474576,30,blocked
30285,85,0,0.05765779468247689,0.8421388213604477,30,blocked
30286,86,0,0.8075096876505762,0.6493311135570059,30,blocked
30287,87,0,0.19999351554124128,1.032216219819375,30,blocked
30288,88,0,0.0008613838151853713,1.190722436572744,30,blocked
30289,89,0,0.49901141786475106,0.8479061920757864,30,blocked
30290,90,0,0.998205370673588,0.5434905899060347,30,blocked
30291,91,0,0.0020147815037148856,0.7096271663299438,30,blocked
30292,92,0,0.006266907933952564,0.8976365836917399,30,blocked
30293,93,0,0.037340823920787886,0.6952914246705789,30,blocked
30294,94,0,0.05180849950342082,0.8869981410254422,30,blocked
30295,95,0,0.018234601058594802,1.024926170125921,30,blocked
30296,96,0,0.011359612674166613,0.8182894209621219,30,blocked
30297,97,0,0.9226328614361616,0.6366545029920267,30,blocked
30298,98,0,0.6662896976797298,0.4543167005006675,30,blocked
30299,99,0,0.3542060858638878,0.42458693269250564,30,blocked
30300,100,0,0.7608340979958605,0.4598361631095621,30,blocked
30301,101,0,0.9092592603409604,0.5858953857383147,30,blocked
30302,102,0,0.0715881369902838,0.5772204528181488,30,blocked
30303,103,0,0.01618100686277874,0.6956591533437708,30,blocked
30304,104,0,0.1586213736542582,0.5642474509095265,30,blocked
30305,105,0,0.2735106552940333,0.5292779634893141,30,blocked
30306,106,0,0.7121371040673251,0.43224035914109127,30,blocked
30307,107,0,0.999745279585668,0.7086199212225981,30,blocked
30308,108,0,0.7713571932386187,0.3385841456678852,30,blocked
30309,109,0,0.693649057321839,0.9067701163354023,30,blocked
30310,110,0,0.6220426347732666,0.47995996013136216,30,blocked
30311,111,0,0.9677939052929962,0.42453045517993454,30,blocked
30312,112,0,0.5386355413317965,0.5306288512483379,30,blocked
30313,113,0,0.7802282405042192,0.4574056463792036,30,blocked
30314,114,0,0.9990784957622256,0.8104527640759311,30,blocked
30315,115,0,0.9823857880724309,0.812051099380112,30,blocked
30316,116,0,0.11986803191655909,0.8381130258504821,30,blocked
30317,117,0,0.9497928546414625,0.7832857842305443,30,blocked
30318,118,0,0.622529232374614,0.7054884370125885,30,blocked
30319,119,0,0.7122745692730335,0.4853343919999381,30,blocked
30320,120,0,0.49992395157391056,0.5217941531617363,30,blocked
30321,121,0,0.4889378493472594,0.5749180780814721,30,blocked
30322,122,0,0.9558563916716803,0.4197183842614656,30,blocked
30323,123,0,0.9937595728809168,0.7186618614024143,30,blocked
30324,124,0,0.9750038916885801,0.5023058328161174,30,blocked
30325,125,0,0.4584408721922487,0.5728192524080513,30,blocked
30326,126,0,0.9929360717430278,0.7001534663321096,30,blocked
30327,127,0,0.45792744408891806,0.4876886290808843,30,blocked
30328,128,0,0.16844546904240623,0.5748120902959984,30,blocked
30329,129,0,0.35857479115163376,0.8205378665854355,30,blocked
30330,130,0,0.9832922722133299,0.5445564132264408,30,blocked
30331,131,0,0.7333823188857762,0.389209002244865,30,blocked
30332,132,0,0.9921979240107912,0.30145979018860525,30,blocked
30333,133,0,0.6485991664108821,0.5607918574974122,30,blocked
30334,134,0,0.7120106679783377,0.6823827424246356,30,blocked
30335,135,0,0.16081480036026374,0.6767377632178027,30,blocked
30336,136,0,0.8756518558307961,0.8078450504066683,30,blocked
30337,137,0,0.8494499686378322,0.5332804037020388,30,blocked
30338,138,0,0.7894316075313499,0.8899870208572509,30,blocked
30339,139,0,0.5977665633464879,0.614176465547917,30,blocked
30340,140,0,0.4633363789613735,0.730096090589689,30,blocked
30341,141,0,0.9763949414596427,0.9254930069634145,30,blocked
30342,142,0,0.49822514461447676,1.0073802503897833,30,blocked
30343,143,0,0.04179059759102826,0.9831808816386565,30,blocked
30344,144,0,0.5053127678846573,0.7481689971366694,30,blocked
30345,145,0,0.9953775659442887,0.7911795320185857,30,blocked
30346,146,0,0.6195519576843278,0.6248832528043471,30,blocked
30347,147,0,0.5096704970872514,0.680147558499479,30,blocked
30348,148,0,0.9958734751262888,0.4816245019285579,30,blocked
30349,149,0,0.04866471674944417,0.6542096804124719,30,blocked
30350,150,0,0.5484897825206005,0.7077759956482683,30,blocked
30351,151,0,0.13419241544480098,0.5097708347202465,30,blocked
30352,152,0,0.9889597169802946,0.5269623298065027,30,blocked
30353,153,0,0.9893968504032654,0.4404707465379818,30,blocked
30354,154,0,0.9619070977612392,0.425028493382411,30,blocked
30355,155,0,0.7675493797499849,0.6722407462426623,30,blocked
30356,156,0,0.4943004041318639,0.8064322076099937,30,blocked
30357,157,0,0.6734232402151706,0.4886215393179211,30,blocked
30358,158,0,0.9828527847782547,0.4809867167099726,30,blocked
30359,159,0,0.996225650032601,0.5240753637215718,30,blocked
30360,160,0,0.9823831417630603,0.5038553347003277,30,blocked
30361,161,0,0.8401984826742628,0.4461248478155356,30,blocked
30362,162,0,0.5015027703649406,0.5536475289298477,30,blocked
30363,163,0,0.037112688503527766,0.7076542740009141,30,blocked
30364,164,0,0.9897670120107692,0.4280326996711077,30,blocked
30365,165,0,0.6392915274947085,0.536138923740989,30,blocked
30366,166,0,0.4750905117356352,0.6019510943407842,30,blocked
30367,167,0,0.6662968342356292,0.40177461950325266,30,blocked
30368,168,0,0.41750549019928507,0.5705326099228434,30,blocked
30369,169,0,0.010288015209901899,1.091483764696653,30,blocked
30370,170,0,0.9900772447731219,0.7310246551263924,30,blocked
30371,171,0,0.500586376110964,0.7935143124361818,30,blocked
30372,172,0,0.6257288287132825,0.8916116100753172,30,blocked
30373,173,0,0.5937192603626402,0.579036004095266,30,blocked
30374,174,0,0.37417979102119764,0.7423973100383225,30,blocked
30375,175,0,0.23085470893625654,0.6576404697100151,30,blocked
30376,176,0,0.46627799822554344,0.5023515241481401,30,blocked
30377,177,0,0.8276221289368604,0.46291225972839994,30,blocked
30378,178,0,0.6692366823115541,0.5573557103307996,30,blocked
30379,179,0,0.9343189085481545,0.5544330122297056,30,blocked
30380,180,0,0.9497488574358388,0.38902491450995447,30,blocked
30381,181,0,0.5127029719010716,0.6451325868349653,30,blocked
30382,182,0,0.6649868004578364,0.6098174212610158,30,blocked
30383,183,0,0.01687395727753463,0.6236479625471796,30,blocked
30384,184,0,0.4922243650778612,0.6564900070044888,30,blocked
30385,185,0,0.9419966805691664,0.31837837290366067,30,blocked
30386,186,0,0.49464205404304756,0.622387446041979,30,blocked
30387,187,0,0.9612266187175467,0.5245375807405638,30,blocked
30388,188,0,0.8686427228590113,0.5324009320507864,30,blocked
30389,189,0,0.1799686522936479,0.7473033739502992,30,blocked
30390,190,0,0.49604335216074513,0.5814166892404266,30,blocked
30391,191,0,0.9622191241800643,0.2967196434977747,30,blocked
30392,192,0,0.7366368021541323,0.5598047935261106,30,blocked
30393,193,0,0.8975329262484615,0.5088974428449401,30,blocked
30394,194,0,0.04617320623710488,0.7916756158368456,30,blocked
30395,195,0,0.5423633170238272,0.5306561362246299,30,blocked
30396,196,0,0.6262793517826771,0.6089252898541946,30,blocked
30397,197,0,0.9991443901966823,0.4493245827225707,30,blocked
30398,198,0,0.9999511761911656,0.49856568412222474,30,blocked
30399,199,0,0.6490990585872963,0.5328094638246783,30,blocked
30400,0,0,0.27376515061273593,1.2295590966272223,30,early
30401,1,0,0.6230704671536935,0.5080183815506971,30,early
30402,2,0,0.7183452857834378,0.4996491584025877,30,early
30403,3,0,0.9322577368155204,0.5715053483309401,30,early
30404,4,0,0.13286018278203612,0.5649991806064707,30,early
30405,5,0,0.7462478337921583,0.49387163130273504,30,early
30406,6,0,0.626005774884388,0.6146788020275826,30,early
30407,7,0,0.49954449880293295,0.9517057481737632,30,early
30408,8,0,0.8006640378849958,0.6365140493457561,30,early
30409,9,0,0.8952078242413167,0.8196300206593574,30,early
30410,10,0,0.9115157245995708,0.4598437595072354,30,early
30411,11,0,0.8907392710752915,0.31334997060274006,30,early
30412,12,0,0.708477336383884,0.6205954433402364,30,early
30413,13,0,0.46823542951317215,0.5510975129503448,30,early
30414,14,0,0.4546830480811669,0.798755383613355,30,early
30415,15,0,0.2933434700655147,0.8582178612801041,30,early
30416,16,0,0.7994018344930905,0.8627057023674155,30,early
30417,17,0,0.25731359485024313,0.3904949458904772,30,early
30418,18,0,0.8166812896390012,0.5901686980874574,30,early
30419,19,0,0.5030216120682739,0.6216723469014187,30,early
30420,20,0,0.9895329412087035,0.6881826316039275,30,early
30421,21,0,0.938972278559892,0.46341449970771714,30,early
30422,22,0,0.5622539524611962,0.7709570674164021,30,early
30423,23,0,0.5913444237143068,0.7016251172457977,30,early
30424,24,0,0.9882003354613171,0.5319315449496416,30,early
30425,25,0,0.8741118566989996,0.689763744699126,30,early
30426,26,0,0.9325015328425043,0.37630124375529617,30,early
30427,27,0,0.543569524515044,0.48514027350745204,30,early
30428,28,0,0.9576463293939663,0.4614083081701641,30,early
30429,29,0,0.9698480733764028,0.6807395335306866,30,early
30430,30,0,0.9880969718034824,0.7342835238018681,30,early
30431,31,0,0.5447654608484485,1.059213684311941,30,early
30432,32,0,0.954130561526814,0.42384273964647934,30,early
30433,33,0,0.06076873430292762,1.1698777372985514,30,early
30434,34,0,0.9949570086803378,0.748878488977528,30,early
30435,35,0,0.7018535284984313,0.7151487035917805,30,early
30436,36,0,0.8196751903046597,0.6176156014282574,30,early
30437,37,0,0.8991599859273351,0.7190405780181892,30,early
30438,38,0,0.99852490678267,0.6082903450077725,30,early
30439,39,0,0.5005969011729099,0.8784625764598957,30,early
30440,40,0,0.1928929306910844,0.5690838329402528,30,early
30441,41,0,0.4999626852299344,1.053171022818773,30,early
30442,42,0,0.0003193045997983905,1.323925367865187,30,early
30443,43,0,0.0018766874054308626,0.7978857609643257,30,early
30444,44,0,0.6783109761163854,0.4169390137860614,30,early
30445,45,0,0.9963856812590145,0.586921362880672,30,early
30446,46,0,0.9956351314386427,0.44080780335690495,30,early
30447,47,0,0.13480936383379197,0.8723203873436498,30,early
30448,48,0,0.5649162475431201,0.6395139976186122,30,early
30449,49,0,0.0034806151468508464,0.9126839293920871,30,early
30450,50,0,0.011175359500353357,0.9061227082590527,30,early
30451,51,0,0.215726992226883,0.8241167724066831,30,early
30452,52,0,0.9999219780147441,0.6339404666652252,30,early
30453,53,0,0.010282735784160309,0.7455602463775408,30,early
30454,54,0,0.4427191603907789,0.7749713803886311,30,early
30455,55,0,0.9592597623989466,0.5002418916409009,30,early
30456,56,0,0.6376191930689028,0.6364562196644856,30,early
30457,57,0,0.0006192155073229582,1.0072927892321297,30,early
30458,58,0,0.20862135897925657,0.7341878287472436,30,early
30459,59,0,0.963701816277188,0.45139595122309284,30,early
30460,60,0,0.07282042710633936,1.0916012731338576,30,early
30461,61,0,0.9107809620701188,0.6518198230482599,30,early
30462,62,0,0.004830285088711993,0.8495705098014241,30,early
30463,63,0,0.9291356587864288,0.4687088225504225,30,early
30464,64,0,0.970521469539714,0.5609042344543749,30,early
30465,65,0,0.9980824648742047,0.5393706695447218,30,early
30466,66,0,0.03118192093169408,0.7302812836711567,30,early
30467,67,0,0.11157507584570403,0.5738307587367865,30,early
30468,68,0,0.8637361987152798,0.6224766776069952,30,early
30469,69,0,0.9880141924634476,0.3751727170940473,30,early
30470,70,0,0.13908855802594047,0.6403854137722265,30,early
30471,71,0,0.9970565372091492,0.2023384115431781,30,early
30472,72,0,0.2594793610980558,0.7050099583281193,30,early
30473,73,0,0.9608951565394173,0.5898293171517197,30,early
30474,74,0,0.9995975573279028,0.6765519727519644,30,early
30475,75,0,0.6035418240173865,0.7663924210523547,30,early
30476,76,0,0.42546198182199785,1.2727245131952987,30,early
30477,77,0,0.965448355084306,0.5151772533354275,30,early
30478,78,0,0.9959764853373755,0.6596900257598886,30,early
30479,79,0,0.43994871528520385,0.5280216296064514,30,early
30480,80,0,0.43822316010054674,0.9380067541143884,30,early
30481,81,0,0.99981527050355,0.7158389217903862,30,early
30482,82,0,0.493887570447135,0.5739384246211162,30,early
30483,83,0,0.8923469633871437,0.5312842356324106,30,early
30484,84,0,0.4677655888903553,0.7021138726628242,30,early
30485,85,0,0.7417559977358893,0.38184527920102773,30,early
30486,86,0,0.9026556852145065,0.4454773126164162,30,early
30487,87,0,0.8994030765101664,0.6028536683456969,30,early
30488,88,0,0.03289808096098332,0.9610840180539073,30,early
30489,89,0,0.5133045298498792,0.6827077099533181,30,early
30490,90,0,0.47633540357501275,1.2307176360101582,30,early
30491,91,0,0.6328219507045922,0.5803776217745721,30,early
30492,92,0,0.627100421739287,0.36161522106855065,30,early
30493,93,0,0.9854443809945714,0.4457111210840944,30,early
30494,94,0,0.09607880783013481,0.6051206972528678,30,early
30495,95,0,0.11934451936694936,0.7728960526076918,30,early
30496,96,0,0.5002800818284185,0.8452871778594444,30,early
30497,97,0,0.06089504602230637,0.5449535672309136,30,early
30498,98,0,0.7060109453916448,0.5036687778288498,30,early
30499,99,0,0.5048583772388875,0.5275743140863746,30,early
30500,100,0,0.6057430622141324,0.583097461517069,30,early
30501,101,0,0.26597811246671765,0.7444618017453858,30,early
30502,102,0,0.6281475590757768,0.557612573081264,30,early
30503,103,0,0.3228784146414732,0.4532075263565928,30,early
30504,104,0,0.46054474828298114,0.8221716228495262,30,early
30505,105,0,0.6412210122087335,0.8199055723172388,30,early
30506,106,0,0.7098273188392007,0.743899162518369,30,early
30507,107,0,0.89443730435821,0.890009220179042,30,early
30508,108,0,0.6818250685043246,0.7861124818842788,30,early
30509,109,0,0.02018760150540245,0.7681131638151846,30,early
30510,110,0,0.6153916526181324,0.6957407337299879,30,early
30511,111,0,0.4833078836440959,0.6379660726040783,30,early
30512,112,0,0.49946354847673563,1.0257766480467019,30,early
30513,113,0,0.510293504695468,0.5912037772271213,30,early
30514,114,0,0.5002205913774873,0.8368189431460666,30,early
30515,115,0,0.28670074626625414,0.8103413063109942,30,early
30516,116,0,0.9045271849921535,0.947362999693779,30,early
30517,117,0,0.5695541641963381,0.7118579940832004,30,early
30518,118,0,0.15957730595380212,0.7308670369215204,30,early
30519,119,0,0.5099911914432981,0.7706077134631615,30,early
30520,120,0,0.5105443232943614,0.7882969823957575,30,early
30521,121,0,0.9977293837427009,0.7076214912209003,30,early
30522,122,0,0.5278283836407092,0.4871448442464673,30,early
30523,123,0,0.02100006162988504,0.827680761323898,30,early
30524,124,0,0.4399229193860867,0.632301997245693,30,early
30525,125,0,0.26105127102831577,0.7129253780096677,30,early
30526,126,0,0.6533361179756298,0.6436365181132907,30,early
30527,127,0,0.5165382967818011,0.7058197525768564,30,early
30528,128,0,0.4700311092057883,0.8344762931840508,30,early
30529,129,0,0.500273998955168,0.541705485535225,30,early
30530,130,0,0.5037951814280343,0.6717555883830795,30,early
30531,131,0,0.6496031022113047,0.5061872065157497,30,early
30532,132,0,0.5029649527039702,0.6194613965268061,30,early
30533,133,0,0.5193568680355141,0.6284941522565451,30,early
30534,134,0,0.5000119101697026,0.8761191925053049,30,early
30535,135,0,0.8449482871943694,0.5138027498662194,30,early
30536,136,0,0.5290439739187961,0.5727512101386433,30,early
30537,137,0,0.4278016650178584,0.5362960981261692,30,early
30538,138,0,0.5816500948580817,0.5573131619233169,30,early
30539,139,0,0.00031545624797292755,1.2822402853870543,30,early
30540,140,0,0.501064567149984,0.7108701887579769,30,early
30541,141,0,0.2328200573677116,1.0153989877724194,30,early
30542,142,0,0.49999385082322795,1.1155066093605117,30,early
30543,143,0,0.2527245985910133,0.5378509587188411,30,early
30544,144,0,0.6159452157825087,0.5625531306531201,30,early
30545,145,0,0.8336307822504057,0.5798055222741774,30,early
30546,146,0,0.776279733648551,0.65016680210303,30,early
30547,147,0,0.2501902950993166,0.7197651713984425,30,early
30548,148,0,0.4982589081399978,0.566496319223244,30,early
30549,149,0,0.9378380579786774,0.7256343517919828,30,early
30550,150,0,0.6110839636957618,0.8515003545332446,30,early
30551,151,0,0.7241606978544683,0.5705197101333664,30,early
30552,152,0,0.35756873520179683,0.8445224253141445,30,early
30553,153,0,0.4363230367418761,0.5843894846976208,30,early
30554,154,0,0.6856810055555723,0.5720945926767526,30,early
30555,155,0,0.6307682099340474,0.6023075179812156,30,early
30556,156,0,0.798502234209489,0.6604000924189851,30,early
30557,157,0,0.9969705484361513,0.32670958099876585,30,early
30558,158,0,0.963124299136813,0.7753895278336529,30,early
30559,159,0,0.1051330896439962,0.5726221644281579,30,early
30560,160,0,0.794932806642104,0.628358068318122,30,early
30561,161,0,0.9879114932110843,0.6006694330640066,30,early
30562,162,0,0.08195618860756998,0.5723421533560408,30,early
30563,163,0,0.11882352139931027,0.7970886175238798,30,early
30564,164,0,0.9988171675186404,0.2674257862389739,30,early
30565,165,0,0.5035777876974911,0.6719928060735554,30,early
30566,166,0,0.1903366352715461,0.9291508091921601,30,early
30567,167,0,0.4962620930835193,1.0749630996532475,30,early
30568,168,0,0.9743448782420946,0.5818529376414266,30,early
30569,169,0,0.9541950041888116,0.5396093386726319,30,early
30570,170,0,0.5139142468553424,0.6939967963566451,30,early
30571,171,0,0.20734529401645765,0.806975841784701,30,early
30572,172,0,0.5240675064836547,0.34081974265790177,30,early
30573,173,0,0.6441866917786394,0.4453440509265707,30,early
30574,174,0,0.2124726286395351,1.1908973103828653,30,early
30575,175,0,0.11442611741931048,1.0902798770294377,30,early
30576,176,0,0.8350115049398019,0.5029860843442745,30,early
30577,177,0,0.821042843255922,0.578452000085796,30,early
30578,178,0,0.6826804247529707,0.7501390432672455,30,early
30579,179,0,0.9672710827169237,0.4333997378135661,30,early
30580,180,0,0.5100611073142005,0.7919583126609944,30,early
30581,181,0,0.4709174469970852,0.7117795572300092,30,early
30582,182,0,0.05630942244813126,0.8887334588738819,30,early
30583,183,0,0.1649709493213841,0.99665122471986,30,early
30584,184,0,0.9851598019755355,0.4701627510945018,30,early
30585,185,0,0.9833770362260971,0.24645206429825345,30,early
30586,186,0,0.5269562847945362,0.6659766561111656,30,early
30587,187,0,0.5902814692836361,0.7897442274641991,30,early
30588,188,0,0.2388372218057889,1.021013841900086,30,early
30589,189,0,0.5000004001800742,0.8487731780985704,30,early
30590,190,0,0.9914681811179791,0.42183905339177047,30,early
30591,191,0,0.7369694763383728,0.5241368201308629,30,early
30592,192,0,0.4960631129238236,0.6113176589003071,30,early
30593,193,0,0.9523342015337337,0.5218939583188409,30,early
30594,194,0,0.21034151540923363,0.6251713823451515,30,early
30595,195,0,0.5180159551257951,0.7408907968301738,30,early
30596,196,0,0.4728659219972505,0.7730197141147029,30,early
30597,197,0,0.49586475982295986,0.6933763799557255,30,early
30598,198,0,0.4759179522903996,0.47467302664938305,30,early
30599,199,0,0.8423774908433979,0.35665728571822863,30,early
30600,0,0,0.05515233699468563,0.6584364802724134,30,middle
30601,1,0,0.44956795067139405,0.62460323691184,30,middle
30602,2,0,0.2636726808378262,0.4940267497485451,30,middle
30603,3,0,0.09845133156960492,0.6103841823783711,30,middle
30604,4,0,0.18254359672808884,0.6707229082746357,30,middle
30605,5,0,0.20287128402299875,0.8437074804458397,30,middle
30606,6,0,0.35103932713049335,0.6961467196478963,30,middle
30607,7,0,0.19690056419815355,0.5661810680968531,30,middle
30608,8,0,0.5316854684549434,0.8136224898653381,30,middle
30609,9,0,0.496321385288016,0.7015294308486898,30,middle
30610,10,0,0.004833020805418028,0.8124449382998055,30,middle
30611,11,0,0.6323024855529984,0.6657737610110552,30,middle
30612,12,0,0.11532070171118525,0.9966628930314024,30,middle
30613,13,0,0.05423704320869526,0.9395907037788374,30,middle
30614,14,0,0.5060211181200571,0.5529729263100126,30,middle
30615,15,0,0.501337763193286,0.7321020881846729,30,middle
30616,16,0,0.031399690997493034,0.8710680416181301,30,middle
30617,17,0,0.7029593538025751,0.5486691482710845,30,middle
30618,18,0,0.9770446383005775,0.6280310835942637,30,middle
30619,19,0,0.3915635865787254,0.6016487405478177,30,middle
30620,20,0,0.1383644509807689,0.6554723220058465,30,middle
30621,21,0,0.5117139224319114,0.714838278338056,30,middle
30622,22,0,0.4045976827023536,0.6533101579524281,30,middle
30623,23,0,0.47891381824163226,0.8178730544601618,30,middle
30624,24,0,0.9559171011163735,0.6818208609384266,30,middle
30625,25,0,0.9903958194496131,0.7741856041517741,30,middle
30626,26,0,0.7451794492628682,0.34490997890412295,30,middle
30627,27,0,0.934099891587062,0.5866416092824687,30,middle
30628,28,0,0.17128630495102232,0.6939546589045509,30,middle
30629,29,0,0.5012473036355798,0.7372167827684943,30,middle
30630,30,0,0.1194108045608259,0.8880288980984686,30,middle
30631,31,0,0.4857763771023156,0.8915851944811424,30,middle
30632,32,0,0.6422567014708479,0.4286002722674991,30,middle
30633,33,0,0.5513793558507443,0.6771508044391858,30,middle
30634,34,0,0.06475734030212714,0.854967941335697,30,middle
30635,35,0,0.5015251946310417,0.9536773099325994,30,middle
30636,36,0,0.42723860713044376,0.8811251528031971,30,middle
30637,37,0,0.4792919945635102,0.7689758737708454,30,middle
30638,38,0,0.15896738783444145,0.6506456434186157,30,middle
30639,39,0,0.9491488955568126,0.45736678813689235,30,middle
30640,40,0,0.48681960679633485,0.8278951989027987,30,middle
30641,41,0,0.5366002854306294,0.5912252853848021,30,middle
30642,42,0,0.8686325554288779,0.48387796502988367,30,middle
30643,43,0,0.210478595207434,0.5962925881770875,30,middle
30644,44,0,0.9594292100774734,0.5026854660247819,30,middle
30645,45,0,0.5057737556405537,0.7519117157247429,30,middle
30646,46,0,0.00677732430068173,1.0933816488454813,30,middle
30647,47,0,0.9711694777689792,0.717547156327657,30,middle
30648,48,0,0.8494007928919562,0.5539470040873224,30,middle
30649,49,0,0.9986701968626399,0.44506491141001114,30,middle
30650,50,0,0.9643159044694798,0.5929278222687518,30,middle
30651,51,0,0.49992696110586216,1.6821036143175934,30,middle
30652,52,0,0.5022221911449218,0.8201800521616589,30,middle
30653,53,0,0.3349769614449019,0.619140942675765,30,middle
30654,54,0,0.8560947658441553,0.47422013974890986,30,middle
30655,55,0,0.10458132319715571,0.7316369542060297,30,middle
30656,56,0,0.8788466898252921,0.49477413407404847,30,middle
30657,57,0,0.3402954188908195,0.5138385661977232,30,middle
30658,58,0,0.5313118364492476,0.4841490454444964,30,middle
30659,59,0,0.9613280706257725,0.6762862799441901,30,middle
30660,60,0,0.24748776961102198,0.8396648810798939,30,middle
30661,61,0,0.49999160487478084,0.9857614923844797,30,middle
30662,62,0,0.551336128407372,0.5023592476539301,30,middle
30663,63,0,0.007666431758276879,1.2199742134292118,30,middle
30664,64,0,0.49997702490913887,1.0357793715997412,30,middle
30665,65,0,0.8552878435320894,0.653189090212295,30,middle
30666,66,0,0.5011075751865963,0.8078723928468556,30,middle
30667,67,0,0.4987264966475035,0.8409975267404828,30,middle
30668,68,0,0.923532552555365,0.7306998069587943,30,middle
30669,69,0,0.9999693335397323,0.7625383430311046,30,middle
30670,70,0,0.10640448107446615,0.7212206906461838,30,middle
30671,71,0,0.9978875869855697,0.5615232927234568,30,middle
30672,72,0,0.5022298386856676,0.5172018876167812,30,middle
30673,73,0,0.9895345501933759,0.42584816707279666,30,middle
30674,74,0,0.5302855240962624,0.7242357454360896,30,middle
30675,75,0,0.7375710083611262,0.8481436980338268,30,middle
30676,76,0,0.47159719035380043,0.7810647181573237,30,middle
30677,77,0,0.5067830016600297,0.5516666009206896,30,middle
30678,78,0,0.4997850348411713,1.0648758686049784,30,middle
30679,79,0,0.9751470487038063,0.9190348832407257,30,middle
30680,80,0,0.00025898130503365695,1.0944946448570572,30,middle
30681,81,0,0.007271107376927341,0.8849074169521767,30,middle
30682,82,0,0.014547564771889,0.8819356830193494,30,middle
30683,83,0,0.8587977538190494,0.5556308090483881,30,middle
30684,84,0,0.39984156354887684,0.6092479610858907,30,middle
30685,85,0,0.4989536164116397,0.6518583020927655,30,middle
30686,86,0,0.14691106987739372,0.6248703275644387,30,middle
30687,87,0,0.964070891059433,0.7014490765958561,30,middle
30688,88,0,0.06606345777397299,0.9314233392343445,30,middle
30689,89,0,0.4562644127963437,0.6420436495578892,30,middle
30690,90,0,0.9090736276595626,0.5392712674691988,30,middle
30691,91,0,0.5299190110564691,0.764901964597965,30,middle
30692,92,0,0.9652414395993,0.3996033117883403,30,middle
30693,93,0,0.9996080598399647,0.7988341962310721,30,middle
30694,94,0,0.08189749263536765,0.9575708364020717,30,middle
30695,95,0,0.2289124632680161,0.5858829129424821,30,middle
30696,96,0,0.9577879735895173,0.513706126487376,30,middle
30697,97,0,0.002369289689379531,0.81941827124752,30,middle
30698,98,0,0.932675803580788,0.506883340305796,30,middle
30699,99,0,0.9841320792039236,0.38124067391837113,30,middle
30700,100,0,0.5053985653151031,0.7813668355042878,30,middle
30701,101,0,0.16321395000873112,0.6729632417474016,30,middle
30702,102,0,0.9968622520108941,0.6430347474594145,30,middle
30703,103,0,0.6883422823420534,0.49233640500165543,30,middle
30704,104,0,0.49915953245618827,0.5250619687752887,30,middle
30705,105,0,0.46213503255151533,0.608238109044793,30,middle
30706,106,0,0.5342701452712996,0.7247808085217842,30,middle
30707,107,0,0.3066779790916774,0.7503816764335101,30,middle
30708,108,0,0.9996745047085431,0.8750736558725893,30,middle
30709,109,0,0.985056861088917,0.49116687327743674,30,middle
30710,110,0,0.9868222675227218,0.5429749230389898,30,middle
30711,111,0,0.09622767751135068,0.751221269460802,30,middle
30712,112,0,0.5881289053844925,0.5367471802226207,30,middle
30713,113,0,0.8453846361339503,0.5732158643254823,30,middle
30714,114,0,0.292226033445881,0.4924285361835811,30,middle
30715,115,0,0.9996093570104913,0.480383957893908,30,middle
30716,116,0,0.9475527008071452,0.5273184095219731,30,middle
30717,117,0,0.9533550989595219,0.6545075484857074,30,middle
30718,118,0,0.9966509420939262,0.6350596161146752,30,middle
30719,119,0,0.9967792877654031,0.5417881330294652,30,middle
30720,120,0,0.012581763784594998,0.6688320265114067,30,middle
30721,121,0,0.40258734865285495,0.6618684059071938,30,middle
30722,122,0,0.7446893972640072,0.6979294920414489,30,middle
30723,123,0,0.040790911578175576,0.9866482002085366,30,middle
30724,124,0,0.7001044853386369,0.7559017284966267,30,middle
30725,125,0,0.983055172232695,0.7342356112715414,30,middle
30726,126,0,0.7658508260591892,0.8346891495431144,30,middle
30727,127,0,0.5297527184417716,0.8859213071695244,30,middle
30728,128,0,0.6978166850404794,0.9373003475340231,30,middle
30729,129,0,0.7296478284796237,0.5099440946037561,30,middle
30730,130,0,0.8522532059787893,0.46795534377156045,30,middle
30731,131,0,0.6836450783156747,0.5210975076128013,30,middle
30732,132,0,0.4546849956950205,0.5210900452556796,30,middle
30733,133,0,0.5003181009134238,0.7127129350039736,30,middle
30734,134,0,0.4867283906208814,0.5579763324405248,30,middle
30735,135,0,0.718717504094605,0.5703327166190274,30,middle
30736,136,0,0.7538694111128316,0.7742629800130085,30,middle
30737,137,0,0.9914531865714453,0.40643431576554967,30,middle
30738,138,0,0.5998705227943282,0.39540509432920834,30,middle
30739,139,0,0.7119766218486714,0.7848132206653098,30,middle
30740,140,0,0.29190739443104097,0.7766898029885474,30,middle
30741,141,0,0.5320048983545314,0.6390272648457763,30,middle
30742,142,0,0.5044972764525081,0.5547050116040729,30,middle
30743,143,0,0.993755873343702,0.6187644613306246,30,middle
30744,144,0,0.8181353815162649,0.5751406064972069,30,middle
30745,145,0,0.7786379947050233,0.5021981548626528,30,middle
30746,146,0,0.45909978837104914,0.4020313173456367,30,middle
30747,147,0,0.5046665740661641,0.9415791547635539,30,middle
30748,148,0,0.013576211825587377,0.8857570973177106,30,middle
30749,149,0,0.8206107273232544,0.425013101279652,30,middle
30750,150,0,0.7873164369464825,0.593937400527317,30,middle
30751,151,0,0.5319297654528389,0.5422311250931208,30,middle
30752,152,0,0.569538816450158,0.7495756942209695,30,middle
30753,153,0,0.7103395658210139,0.630547910323235,30,middle
30754,154,0,0.7676852958061313,0.5418478758722604,30,middle
30755,155,0,0.6075202353200669,0.8192930773057558,30,middle
30756,156,0,0.9095358772092206,0.584084116420905,30,middle
30757,157,0,0.5966100325182755,0.5118202614596451,30,middle
30758,158,0,0.5034650525260812,0.6765426883172303,30,middle
30759,159,0,0.9232493285768582,0.3419587724614853,30,middle
30760,160,0,0.18847468323229227,0.5000247070297827,30,middle
30761,161,0,0.8767668485499593,0.433151909153582,30,middle
30762,162,0,0.9896099232373059,0.37563937488960897,30,middle
30763,163,0,0.7282201698657714,0.706028294469476,30,middle
30764,164,0,0.0003759635413853566,0.851024310538989,30,middle
30765,165,0,0.645714430556777,0.6107681383560304,30,middle
30766,166,0,0.40442024944188587,0.694221708966611,30,middle
30767,167,0,0.9232277464966501,0.4361793058731316,30,middle
30768,168,0,0.716510339480857,0.678515584113401,30,middle
30769,169,0,0.9661970322603366,0.35916171460908997,30,middle
30770,170,0,0.21465905460676177,0.5526524301956053,30,middle
30771,171,0,0.54655225027202,0.7269536223197381,30,middle
30772,172,0,0.8629778927817986,0.5402686541306944,30,middle
30773,173,0,0.8804251797501648,0.6874594095222593,30,middle
30774,174,0,0.006061137980178619,1.069865569267868,30,middle
30775,175,0,0.977689400956131,0.6087567015644177,30,middle
30776,176,0,0.24154469699420275,0.6509070607688209,30,middle
30777,177,0,0.9617010508395556,0.5621413954993076,30,middle
30778,178,0,0.46280842979650455,0.9318021134240099,30,middle
30779,179,0,5.0105897876868086e-05,1.1858521644507696,30,middle
30780,180,0,0.9990487852861039,0.7417417593938045,30,middle
30781,181,0,0.9954775093316948,0.5355953157775644,30,middle
30782,182,0,0.525858565153469,0.521998428785216,30,middle
30783,183,0,0.7814819932320827,0.5341569735414509,30,middle
30784,184,0,0.7131420467476494,0.5523745843647692,30,middle
30785,185,0,0.49057381739737843,0.625779100674055,30,middle
30786,186,0,0.023256924541490413,0.8243988402793987,30,middle
30787,187,0,0.5233612872247074,0.5968773143183843,30,middle
30788,188,0,0.8972864794898694,0.609478483397793,30,middle
30789,189,0,0.20499854651025162,0.7461156008881711,30,middle
30790,190,0,0.9982530625449372,0.668620927696335,30,middle
30791,191,0,0.6710050469150239,0.47840190848069275,30,middle
30792,192,0,0.9504480510887439,0.7528803839190747,30,middle
30793,193,0,0.4998921861373943,0.6642895242387745,30,middle
30794,194,0,0.9546051584296116,0.6032253759819401,30,middle
30795,195,0,0.18282086740251977,0.6754730558993419,30,middle
30796,196,0,0.9520960322959515,0.5102267736928238,30,middle
30797,197,0,0.9974310790207652,0.5736332535023749,30,middle
30798,198,0,0.684457631006599,0.6127184159017869,30,middle
30799,199,0,0.911840034141958,0.5099231387880525,30,middle
30800,0,0,0.2735093649568892,0.9090447242974316,30,late
30801,1,0,0.7126392742606682,0.7053034915647618,30,late
30802,2,0,0.4882356438391257,0.47578363671270685,30,late
30803,3,0,0.17592824446144395,0.6639520270612066,30,late
30804,4,0,0.1341428470503963,0.6118870478331992,30,late
30805,5,0,0.6179054630793209,0.7169551651566222,30,late
30806,6,0,0.9975768501932065,0.5878312305505442,30,late
30807,7,0,0.8135413400732742,0.5963549676265241,30,late
30808,8,0,0.9091203344807732,0.7384071060785253,30,late
30809,9,0,0.4975494990237163,0.7248796686256812,30,late
30810,10,0,0.27452885421568807,0.6326242371600048,30,late
30811,11,0,0.17481416494736257,0.6310415313810184,30,late
30812,12,0,0.6631419501140275,0.5800532689099924,30,late
30813,13,0,0.19984510004610045,0.7556982223207859,30,late
30814,14,0,0.7348411109562655,0.6129200163369061,30,late
30815,15,0,0.5397301302504856,0.4303337142497733,30,late
30816,16,0,0.17039742903806254,0.7083087701833796,30,late
30817,17,0,0.35552435981300984,0.9114151102280376,30,late
30818,18,0,0.5329464109702022,1.0459362085807167,30,late
30819,19,0,0.9317320324078848,0.826281892832225,30,late
30820,20,0,0.95602520124517,0.5673052712179742,30,late
30821,21,0,0.5001004347088237,0.7725568260842183,30,late
30822,22,0,0.10459591893487724,0.7414618022825963,30,late
30823,23,0,0.4399297262581016,0.6131997930843297,30,late
30824,24,0,0.19395412998522668,0.7573811219279591,30,late
30825,25,0,0.5586343774180086,0.6601146482829751,30,late
30826,26,0,0.40905425821506125,0.8229308230836622,30,late
30827,27,0,0.5034787547222599,0.729827551901437,30,late
30828,28,0,0.9805268521871086,0.7964965520333467,30,late
30829,29,0,0.7428681320789252,0.9550409266678821,30,late
30830,30,0,0.9814157384621309,0.7414820545153707,30,late
30831,31,0,0.9988947853954191,0.5084695116030183,30,late
30832,32,0,0.9989586003153093,0.5963029262071384,30,late
30833,33,0,0.21264477285278605,0.8840676980556501,30,late
30834,34,0,0.9962006611073826,0.6490107293183383,30,late
30835,35,0,0.8618574524979417,0.7309738213556738,30,late
30836,36,0,0.9183043217472675,0.7146049512672644,30,late
30837,37,0,0.5000024795647743,0.7348677099994407,30,late
30838,38,0,0.5539519615897257,0.7468059258892984,30,late
30839,39,0,0.4135102555739282,0.7397898555343889,30,late
30840,40,0,0.005987522101502411,1.0500761983092968,30,late
30841,41,0,0.5000701406738336,0.9540547080355989,30,late
30842,42,0,0.9986130948988696,0.6903201425444544,30,late
30843,43,0,0.8792542922079064,0.7054007030402334,30,late
30844,44,0,0.43903711402583884,0.6928334830565186,30,late
30845,45,0,0.5348969036982997,0.8299774903249075,30,late
30846,46,0,0.5339380488165317,0.6118901618962431,30,late
30847,47,0,0.49479878007296685,0.6028705105661056,30,late
30848,48,0,0.4056148042704782,0.47480903265868113,30,late
30849,49,0,0.3646584113054369,0.7793300243267358,30,late
30850,50,0,0.7818390699967184,0.4184522829523378,30,late
30851,51,0,0.8928852946575384,0.35885753018683103,30,late
30852,52,0,0.4643087548465442,0.7570127528429973,30,late
30853,53,0,0.5008324390191241,0.6050120489644737,30,late
30854,54,0,0.814584274804371,0.4343708537051647,30,late
30855,55,0,0.9583460747916246,0.5675240991490789,30,late
30856,56,0,0.7076774620538355,0.86033609431898,30,late
30857,57,0,0.6916768631069442,0.5714669108934436,30,late
30858,58,0,0.030264728301077272,0.6318335446948475,30,late
30859,59,0,0.49822501925422247,0.7289354359389892,30,late
30860,60,0,0.9344960388192798,0.4605902894819027,30,late
30861,61,0,0.8923005602315143,0.4692689458278391,30,late
30862,62,0,0.7915884590124819,0.4944554491851605,30,late
30863,63,0,0.6913862216573061,0.5183385658927937,30,late
30864,64,0,0.9862681269682096,0.4120313190527084,30,late
30865,65,0,0.4630075396898566,0.720477115625205,30,late
30866,66,0,0.5173196710652841,0.6573851234009491,30,late
30867,67,0,0.5818660757647235,0.5948770953955147,30,late
30868,68,0,0.2250355348928421,0.5148049753318986,30,late
30869,69,0,0.39176882237775434,0.6658473343650742,30,late
30870,70,0,0.9080209762127334,0.9157195127431594,30,late
30871,71,0,0.51238578763605,0.6235686739853137,30,late
30872,72,0,0.07922837686078359,0.866019703492136,30,late
30873,73,0,0.5006095275426898,0.845186401866336,30,late
30874,74,0,0.22435938457282376,0.7198103597844978,30,late
30875,75,0,0.4952608871427497,1.0715224442095441,30,late
30876,76,0,0.49144220927238985,0.6038372827254485,30,late
30877,77,0,0.4999564861425745,0.7202544425234823,30,late
30878,78,0,0.36350142696266,0.5228618197708004,30,late
30879,79,0,0.4867992073924023,0.6284244323504271,30,late
30880,80,0,0.7247255499696856,0.9272240255631368,30,late
30881,81,0,0.00015578661668337373,1.0776495163540796,30,late
30882,82,0,0.8816383480717297,0.6315289396160226,30,late
30883,83,0,0.021919498365728676,0.6063396510306354,30,late
30884,84,0,0.9272998990653569,0.21677733505044902,30,late
30885,85,0,0.004179271395845478,0.7744760546676348,30,late
30886,86,0,0.0037782886778535015,1.0977662594287623,30,late
30887,87,0,0.9994566094905557,0.8083383918904186,30,late
30888,88,0,0.20131417136024837,0.6706225126980736,30,late
30889,89,0,0.0026878880915029756,0.879878142284108,30,late
30890,90,0,0.2530423124871835,0.6244838754834799,30,late
30891,91,0,0.7921517879657711,0.7323021646066101,30,late
30892,92,0,0.9993832903706996,0.6585274295782197,30,late
30893,93,0,0.35396407456611545,0.8268615163345054,30,late
30894,94,0,0.8001964659660573,0.5449781578762734,30,late
30895,95,0,0.4913273349439821,0.9021290694500853,30,late
30896,96,0,0.9966563375362825,0.8877468264768658,30,late
30897,97,0,0.6629753382028107,0.6945483369390936,30,late
30898,98,0,0.9947196554662483,0.6755224107033789,30,late
30899,99,0,0.5088482594690165,0.7572157493372731,30,late
30900,100,0,0.016897499086493635,0.5888302468473012,30,late
30901,101,0,0.0064285737365143425,0.845817406605275,30,late
30902,102,0,0.9570391157995131,0.43360891373210914,30,late
30903,103,0,0.42578285398773424,0.8603482119927501,30,late
30904,104,0,0.008088913192843425,0.8507596489967408,30,late
30905,105,0,0.9989231355853021,0.4850177959106552,30,late
30906,106,0,0.9964607248071904,0.37140450926045276,30,late
30907,107,0,0.0237204558294404,0.6626856441288625,30,late
30908,108,0,0.9697048505073583,0.5074255917567838,30,late
30909,109,0,0.9753997052652906,0.18836456457541678,30,late
30910,110,0,0.9902235262301953,0.3781269575805447,30,late
30911,111,0,0.7640841384479448,0.6690906632742886,30,late
30912,112,0,0.9761806830833978,0.5426304132009745,30,late
30913,113,0,0.7628975188566646,0.8310486777775608,30,late
30914,114,0,0.765330517174742,0.7003445491059065,30,late
30915,115,0,0.03313343096662652,0.6996917997374663,30,late
30916,116,0,0.4168416423094669,0.6323390151911105,30,late
30917,117,0,0.48294385202538054,0.8019532198465381,30,late
30918,118,0,0.18485332903468593,0.6639908235312744,30,late
30919,119,0,0.0040992237381373515,0.924448038318967,30,late
30920,120,0,0.5090563562950972,0.8411375955973122,30,late
30921,121,0,0.7119677061651719,0.5495091838759693,30,late
30922,122,0,0.10555650220339083,1.233328545056462,30,late
30923,123,0,0.10118628103624401,0.88985738083533,30,late
30924,124,0,0.5589293625213998,0.8400378626831748,30,late
30925,125,0,0.9858369090558101,0.8317171952621846,30,late
30926,126,0,0.7063321081549833,0.7036317237969417,30,late
30927,127,0,0.5006755470016098,0.7095980263187707,30,late
30928,128,0,0.8082607217377397,0.6966685223974447,30,late
30929,129,0,0.4982094618310241,0.8433520844310722,30,late
30930,130,0,0.03278741498382005,1.061117028959863,30,late
30931,131,0,0.4922268830416145,0.5835440162032468,30,late
30932,132,0,0.9296197478039138,0.7130976320022289,30,late
30933,133,0,0.7922732327990945,0.47714983606459743,30,late
30934,134,0,0.15547437138922376,0.47356700706204446,30,late
30935,135,0,0.964763937153748,0.4681807030335208,30,late
30936,136,0,0.5274333407856845,0.7264244625973101,30,late
30937,137,0,0.40743117957366715,0.8348081890117807,30,late
30938,138,0,0.9921102222493761,0.3548005262927819,30,late
30939,139,0,0.4956496305570054,1.034906451933447,30,late
30940,140,0,0.42602492225175537,0.5089463357756715,30,late
30941,141,0,0.4955272480626655,0.5064979568978927,30,late
30942,142,0,0.6291000869771844,0.5519842792649691,30,late
30943,143,0,0.7536120020395223,0.6922503289926558,30,late
30944,144,0,0.500270504289774,0.8715970403162209,30,late
30945,145,0,0.49729637047268554,0.642209688961098,30,late
30946,146,0,0.5235421370467904,0.7972768072488036,30,late
30947,147,0,0.6040772027239665,0.47049930170503246,30,late
30948,148,0,0.9932673757522621,0.4049831509236828,30,late
30949,149,0,0.9524547899878528,0.6126890569643662,30,late
30950,150,0,0.3188728731863108,0.6804033094206545,30,late
30951,151,0,0.518789669445225,0.8940673762722446,30,late
30952,152,0,0.630970772413209,0.6123521493618647,30,late
30953,153,0,0.3370331156600021,0.6601785067134698,30,late
30954,154,0,0.7607675272175705,0.4549781456329943,30,late
30955,155,0,0.5107159441671173,0.7158739164032877,30,late
30956,156,0,0.9763220441446382,0.43719020291063265,30,late
30957,157,0,0.5300370943551669,0.8461360789913253,30,late
30958,158,0,0.9780280050872951,0.4592509565797499,30,late
30959,159,0,0.8122090885247837,0.6205402323724745,30,late
30960,160,0,0.7304454705383937,0.7196214457386692,30,late
30961,161,0,0.12409487609907785,0.9716236451468421,30,late
30962,162,0,0.9903055358394923,0.6498739396205669,30,late
30963,163,0,0.7334183553153613,0.5046509210903491,30,late
30964,164,0,0.9521805360859141,0.8376522361694207,30,late
30965,165,0,0.9867292479727418,0.47799451901854817,30,late
30966,166,0,0.14086362436878,0.7770247802110051,30,late
30967,167,0,0.5015992454287826,0.739975505198435,30,late
30968,168,0,0.50664052267957,1.0672889939241736,30,late
30969,169,0,0.5378531201854728,1.096082627192271,30,late
30970,170,0,0.7662943882188229,0.9322430800396468,30,late
30971,171,0,0.9188805970425563,0.7330024384945515,30,late
30972,172,0,0.644268027582825,0.5904237903364542,30,late
30973,173,0,0.9590817848076292,0.6014837675363112,30,late
30974,174,0,4.6920986738829776e-05,1.2629904661304425,30,late
30975,175,0,1.153953013296486e-05,1.1863811080107955,30,late
30976,176,0,0.00398362003146361,0.70408204925914,30,late
30977,177,0,0.45289733935693965,0.6896272898520039,30,late
30978,178,0,0.4879447667613983,0.8080900513149274,30,late
30979,179,0,0.4937142024515418,1.102456155418062,30,late
30980,180,0,0.968392524271299,0.4085990573486975,30,late
30981,181,0,0.5705452115102235,0.7723256470887185,30,late
30982,182,0,0.6594324775822921,0.7524790774014627,30,late
30983,183,0,0.7632266907765863,0.3913914100580131,30,late
30984,184,0,0.5016908072298123,0.6653346961174487,30,late
30985,185,0,0.23823456489440956,0.8185649503521353,30,late
30986,186,0,0.79698515119271,0.7470175304547787,30,late
30987,187,0,0.5005430525505997,1.033973785755956,30,late
30988,188,0,0.11653497594739297,0.9062870993560146,30,late
30989,189,0,0.5042557272852131,0.580666683273561,30,late
30990,190,0,0.8972365436629957,0.6092234953212228,30,late
30991,191,0,0.9537434798701345,0.4234524116167413,30,late
30992,192,0,0.5001954559735016,0.6625198149328937,30,late
30993,193,0,0.16004157916841225,0.8299414911914091,30,late
30994,194,0,0.5011791023977321,0.7011818093099198,30,late
30995,195,0,0.3525148943991564,1.1148482382906477,30,late
30996,196,0,0.49225409055038066,0.8229903579387398,30,late
30997,197,0,0.4985700510493311,0.770329827413472,30,late
30998,198,0,0.45667117392514095,0.6702148334148539,30,late
30999,199,0,0.6975458351062757,0.40293993206951434,30,late
31000,0,0,0.11486287565356583,0.9243524578418987,31,interleaved
31001,1,0,0.3989388562730746,0.42149488104896055,31,interleaved
31002,2,0,0.7375504677582636,0.4135789514811261,31,interleaved
31003,3,0,0.3110002120389414,0.47201519171266737,31,interleaved
31004,4,0,0.5166216071458317,0.6775836389287503,31,interleaved
31005,5,0,0.48854860040904474,0.5787228176589079,31,interleaved
31006,6,0,0.2569658087918614,0.5548119589121623,31,interleaved
31007,7,0,0.11832967605441783,1.0646711243296338,31,interleaved
31008,8,0,0.49994866144722905,0.9859643577679165,31,interleaved
31009,9,0,0.4708689938673668,0.5360559468204432,31,interleaved
31010,10,0,0.7984344275963998,0.596750087803668,31,interleaved
31011,11,0,0.5705445947599903,0.7472961842894821,31,interleaved
31012,12,0,0.21805768620573918,0.8077864501932643,31,interleaved
31013,13,0,0.24548307208771047,1.1475079796309178,31,interleaved
31014,14,0,0.500719811595814,0.7713173415378342,31,interleaved
31015,15,0,0.558710950987391,0.604317400080473,31,interleaved
31016,16,0,0.7359749040861948,0.49485609132140906,31,interleaved
31017,17,0,0.11598903152870327,0.7542379846825739,31,interleaved
31018,18,0,0.5038407667728356,0.907223210371779,31,interleaved
31019,19,0,0.6166685867524263,0.5792609064653322,31,interleaved
31020,20,0,0.5842827698620445,0.7247331304633718,31,interleaved
31021,21,0,0.558972305264963,0.7015863269704835,31,interleaved
31022,22,0,0.9261293327361604,0.8714440439004645,31,interleaved
31023,23,0,0.0011029742586766967,1.367476865483312,31,interleaved
31024,24,0,0.5002289327792966,0.9789608936831138,31,interleaved
31025,25,0,0.22642341260093252,0.7109569122273336,31,interleaved
31026,26,0,0.5182965115070994,0.6268780218948803,31,interleaved
31027,27,0,0.5947616845407772,0.6886717037183938,31,interleaved
31028,28,0,0.5436746619074285,0.45153528489839123,31,interleaved
31029,29,0,0.5497215211229601,0.855052925014921,31,interleaved
31030,30,0,0.058919196838647575,0.9941179217696301,31,interleaved
31031,31,0,0.020285833248480985,1.0261760072129846,31,interleaved
31032,32,0,0.7816146843991123,0.6142142362028499,31,interleaved
31033,33,0,0.5795618868781482,0.630620323426458,31,interleaved
31034,34,0,0.9030636982323753,0.5415613104323657,31,interleaved
31035,35,0,0.14449225042078984,0.7599320722495707,31,interleaved
31036,36,0,0.29550167843969094,0.7988990575942652,31,interleaved
31037,37,0,0.18781561821592732,0.600997318507476,31,interleaved
31038,38,0,0.5021788490524348,0.8759089232096473,31,interleaved
31039,39,0,0.058044233676814334,0.6195590617102062,31,interleaved
31040,40,0,0.25989733071548404,0.6031446861717205,31,interleaved
31041,41,0,0.5697579859148016,0.6658631428188213,31,interleaved
31042,42,0,0.5204746811875628,0.4596502663401604,31,interleaved
31043,43,0,0.5505696625101848,0.6139504175137447,31,interleaved
31044,44,0,0.5043815303411683,0.5183462168685021,31,interleaved
31045,45,0,0.10149049551309469,0.8342086221204309,31,interleaved
31046,46,0,0.5017915796282575,0.9203783620410328,31,interleaved
31047,47,0,0.009091572763401222,1.0108546433804766,31,interleaved
31048,48,0,0.9070508318312019,0.4526266330316556,31,interleaved
31049,49,0,1.1911100380433109e-05,1.6639393590727027,31,interleaved
31050,50,0,0.48928331676912834,0.8378707990228216,31,interleaved
31051,51,0,0.4562913536173417,0.632255298896298,31,interleaved
31052,52,0,0.7197785135166861,0.4578299638470083,31,interleaved
31053,53,0,0.18144084316288378,0.8477934443885433,31,interleaved
31054,54,0,0.500208126704192,0.84760956836967,31,interleaved
31055,55,0,0.4878018445924323,0.49168731620082934,31,interleaved
31056,56,0,0.49878328448149545,0.5258840725264504,31,interleaved
31057,57,0,0.03129583638133714,0.6394063232744218,31,interleaved
31058,58,0,0.6635255943729381,0.7588884346085405,31,interleaved
31059,59,0,0.8548371474668515,0.8018356382728149,31,interleaved
31060,60,0,0.9950993858468284,0.7663363513168111,31,interleaved
31061,61,0,0.00528031294093565,1.3318555431853474,31,interleaved
31062,62,0,0.45559318494152334,0.921739569674308,31,interleaved
31063,63,0,0.4661793885391517,0.36992725638461377,31,interleaved
31064,64,0,0.7361405115404258,0.44104162230583455,31,interleaved
31065,65,0,0.6038187766355241,0.4150297206822976,31,interleaved
31066,66,0,0.3031202102371489,0.6874490676753235,31,interleaved
31067,67,0,0.2107237388035842,0.5624663870093207,31,interleaved
31068,68,0,0.8049176898579515,0.578426384517829,31,interleaved
31069,69,0,0.6493835211398769,0.7226577157432326,31,interleaved
31070,70,0,0.9655892479771324,0.728867823169721,31,interleaved
31071,71,0,0.9883117918727571,0.4449572269906126,31,interleaved
31072,72,0,0.5837772335519306,0.6173907794516913,31,interleaved
31073,73,0,0.9701308292293465,0.4067830372504889,31,interleaved
31074,74,0,0.9187833610357002,0.7638081545107784,31,interleaved
31075,75,0,0.005453586554482382,0.7775978580891764,31,interleaved
31076,76,0,0.536608011337197,0.6374565781944119,31,interleaved
31077,77,0,0.6288847491134981,0.7203692317382416,31,interleaved
31078,78,0,0.4995613222146152,0.773197626230786,31,interleaved
31079,79,0,0.13084718178032884,0.5363278920848985,31,interleaved
31080,80,0,0.24428701702948685,0.5267199708292662,31,interleaved
31081,81,0,0.9841806591062381,0.45384828117401166,31,interleaved
31082,82,0,0.46359337555780616,0.7577709133169643,31,interleaved
31083,83,0,0.9680402724137105,0.43021144013479895,31,interleaved
31084,84,0,0.7031718676680074,0.37896448714536934,31,interleaved
31085,85,0,0.8096340970834166,0.47320860418012034,31,interleaved
31086,86,0,0.4861301546395971,0.7199996930809208,31,interleaved
31087,87,0,0.495085516955609,0.7609523963663294,31,interleaved
31088,88,0,0.9795594036975199,0.5092805653108877,31,interleaved
31089,89,0,0.8462803610940605,0.42381344893031714,31,interleaved
31090,90,0,0.5029020443405817,0.8698676888952077,31,interleaved
31091,91,0,0.9990230142502268,0.5718793325841024,31,interleaved
31092,92,0,0.6885569323127465,0.6344790329785022,31,interleaved
31093,93,0,0.8731683071195837,0.4998457331849593,31,interleaved
31094,94,0,0.5002906111057166,0.6525638440797481,31,interleaved
31095,95,0,0.09304359075656887,1.131849178734245,31,interleaved
31096,96,0,0.4998552979122223,0.7514672085176468,31,interleaved
31097,97,0,0.542291241336154,0.7683022101894829,31,interleaved
31098,98,0,0.2103732235188046,0.5602866175700143,31,interleaved
31099,99,0,0.7263499667001277,0.525669848457905,31,interleaved
31100,100,0,0.5834865353694677,0.5611260891076535,31,interleaved
31101,101,0,0.1015404086584225,0.7243452759792652,31,interleaved
31102,102,0,0.4946890686547478,0.7428364657564557,31,interleaved
31103,103,0,0.8336000080108729,0.4573912324851024,31,interleaved
31104,104,0,0.5540846989945585,0.6453096531698075,31,interleaved
31105,105,0,0.542090863653913,0.6272626940995609,31,interleaved
31106,106,0,0.49675140148481434,0.647267740773234,31,interleaved
31107,107,0,0.9285222659278592,0.359032407218533,31,interleaved
31108,108,0,0.49015125566605094,0.4748268621684951,31,interleaved
31109,109,0,0.03308059882518027,0.8115696820591352,31,interleaved
31110,110,0,0.5001203131534707,0.989627259928685,31,interleaved
31111,111,0,0.38037648073342517,0.6091149945878158,31,interleaved
31112,112,0,0.7154142900098585,0.48536356406971226,31,interleaved
31113,113,0,0.6992810968788523,0.5171128268721368,31,interleaved
31114,114,0,0.4985599341735301,0.6907263416928365,31,interleaved
31115,115,0,0.9280139141403037,0.34730890896486155,31,interleaved
31116,116,0,0.9270010558599588,0.65670331860381,31,interleaved
31117,117,0,0.9996403540902759,0.6080653285441888,31,interleaved
31118,118,0,0.14008204327148382,0.8230845970755025,31,interleaved
31119,119,0,0.8229334786356105,0.7025675071507979,31,interleaved
31120,120,0,0.6285698586759623,0.4989592350865658,31,interleaved
31121,121,0,0.8976659651615156,0.42494384797858964,31,interleaved
31122,122,0,0.282330533408736,0.6309282296296811,31,interleaved
31123,123,0,0.9993186922518591,0.5494249011966635,31,interleaved
31124,124,0,0.9429565755037919,0.6302716288674106,31,interleaved
31125,125,0,0.5694504827462483,0.6164180702284607,31,interleaved
31126,126,0,0.5002748281267718,0.7843447562070014,31,interleaved
31127,127,0,0.0009687683392005473,0.9095426271887788,31,interleaved
31128,128,0,0.5013077093580995,0.5857775396490166,31,interleaved
31129,129,0,0.5023007486679711,0.630080746478344,31,interleaved
31130,130,0,0.43205272061626115,0.567108180356428,31,interleaved
31131,131,0,0.7656992854898826,0.5125343064830022,31,interleaved
31132,132,0,0.7238080819321793,0.6357786892313858,31,interleaved
31133,133,0,0.29417100831296067,0.562608517184137,31,interleaved
31134,134,0,0.5085173506021448,0.6603115156020725,31,interleaved
31135,135,0,0.49058277479813134,0.5532620595034297,31,interleaved
31136,136,0,0.8443091061489794,0.4662927316834705,31,interleaved
31137,137,0,0.5143435021443634,0.6060383771573399,31,interleaved
31138,138,0,0.5624114005669443,0.5465892562985932,31,interleaved
31139,139,0,0.31179318383078386,0.7776257501668062,31,interleaved
31140,140,0,0.8765733656760474,0.6009384207770259,31,interleaved
31141,141,0,0.7988152829322064,0.5646887046844151,31,interleaved
31142,142,0,0.5213982129192899,0.518592889828807,31,interleaved
31143,143,0,0.11981201975880318,0.728107549101165,31,interleaved
31144,144,0,0.9109962610417945,0.5451521491441197,31,interleaved
31145,145,0,0.6971172483504413,0.31250487911545577,31,interleaved
31146,146,0,0.6307356282960821,0.7285978550500007,31,interleaved
31147,147,0,0.4793827688687805,0.9483388799409025,31,interleaved
31148,148,0,0.5159310491290114,0.6216635620164206,31,interleaved
31149,149,0,0.2029996758568645,0.6471148296962689,31,interleaved
31150,150,0,0.36745560003558936,0.8295086808208804,31,interleaved
31151,151,0,0.49903712798680827,0.7804090664231766,31,interleaved
31152,152,0,0.8867783547386767,0.5265983941696015,31,interleaved
31153,153,0,0.318548483304697,0.6300783781600487,31,interleaved
31154,154,0,0.5378257709032974,0.649990229925514,31,interleaved
31155,155,0,0.730249418911573,0.8528916181436232,31,interleaved
31156,156,0,0.9567300395144424,0.9768693207395478,31,interleaved
31157,157,0,0.7199715284470174,0.5270579952395735,31,interleaved
31158,158,0,0.4529759344227662,0.44323152713420366,31,interleaved
31159,159,0,0.9885064787966378,0.7467808832926541,31,interleaved
31160,160,0,0.9097491040885468,0.46627312343379357,31,interleaved
31161,161,0,0.7701061683511937,0.539005028190175,31,interleaved
31162,162,0,0.500105845123383,0.7801255959855791,31,interleaved
31163,163,0,0.7291323456564789,0.5731000375413342,31,interleaved
31164,164,0,0.003684094705748208,0.8883242044883017,31,interleaved
31165,165,0,0.046452750253050124,0.7278262590494837,31,interleaved
31166,166,0,0.5066529739443747,0.4987146951310511,31,interleaved
31167,167,0,0.9656704000509237,0.6681208703228518,31,interleaved
31168,168,0,0.4906111319905772,0.5588488521390628,31,interleaved
31169,169,0,0.9122126772525683,0.6537128444554687,31,interleaved
31170,170,0,0.6195515977356554,0.34026094862335576,31,interleaved
31171,171,0,0.5461641853396328,0.7762416105207999,31,interleaved
31172,172,0,0.5836442115219235,1.0125261220850836,31,interleaved
31173,173,0,0.5283625898072544,1.0141110930507606,31,interleaved
31174,174,0,0.041747348434491904,0.7947955984521928,31,interleaved
31175,175,0,0.9678008657775464,0.44211706273184187,31,interleaved
31176,176,0,0.899126244031318,0.6978514724884215,31,interleaved
31177,177,0,0.4714410483056647,0.7354842517096876,31,interleaved
31178,178,0,0.9967291028097898,0.6649821387592452,31,interleaved
31179,179,0,0.38880781879455095,0.8650330779467456,31,interleaved
31180,180,0,0.9984092139210503,0.3194494575244388,31,interleaved
31181,181,0,0.5345737920997014,0.5909917252224406,31,interleaved
31182,182,0,0.5114441465528893,0.6956580428884906,31,interleaved
31183,183,0,0.5148631891039859,0.5597205034868005,31,interleaved
31184,184,0,0.9913216926221852,0.4566056720444652,31,interleaved
31185,185,0,0.49419992671543195,0.6478167261832176,31,interleaved
31186,186,0,0.49883083622241253,1.0447587832376484,31,interleaved
31187,187,0,0.3563901958980577,0.9052103564190477,31,interleaved
31188,188,0,0.7095934449704586,0.6882824381219126,31,interleaved
31189,189,0,0.9101836139060191,0.518549753939609,31,interleaved
31190,190,0,0.6914873137833801,0.4384454754780455,31,interleaved
31191,191,0,0.9999138448928766,0.6611566004544702,31,interleaved
31192,192,0,0.7418874164970573,0.598966801500262,31,interleaved
31193,193,0,0.8939376509707581,0.4241044789124868,31,interleaved
31194,194,0,0.01953368119622298,0.9642108444702346,31,interleaved
31195,195,0,0.865386515519895,0.34436377370830656,31,interleaved
31196,196,0,0.9982521278629378,0.5984131031350899,31,interleaved
31197,197,0,0.9911158711912236,0.5647441644246539,31,interleaved
31198,198,0,0.9817995473502334,0.39566074510883703,31,interleaved
31199,199,0,0.5409688499293075,0.5713438032230043,31,interleaved
31200,0,0,0.6848946412923712,0.5251982062429265,31,blocked
31201,1,0,0.0037217652833234595,0.7520699640191275,31,blocked
31202,2,0,0.4330104213376139,0.511660815386223,31,blocked
31203,3,0,0.5319961220008194,0.4921899198813432,31,blocked
31204,4,0,0.9972666972252455,0.7098348560851511,31,blocked
31205,5,0,0.5478866225254742,0.44208568115579583,31,blocked
31206,6,0,0.0018023458130418512,1.009719920618509,31,blocked
31207,7,0,0.01956099819094718,1.0104113725348292,31,blocked
31208,8,0,0.49258005597723165,0.6085313890231601,31,blocked
31209,9,0,0.022222190686536584,1.0776927780263577,31,blocked
31210,10,0,0.012545582220089935,0.8829318584048649,31,blocked
31211,11,0,0.4252639704384987,0.5042537039456616,31,blocked
31212,12,0,0.5373469480101809,0.4152593550992073,31,blocked
31213,13,0,0.9189292157884794,0.6053285795339058,31,blocked
31214,14,0,0.978448577578222,0.5212143017132497,31,blocked
31215,15,0,0.49301987307005335,0.8136785404797726,31,blocked
31216,16,0,0.6813386567036568,0.5268211844076467,31,blocked
31217,17,0,0.5003963058980857,0.5747674333241051,31,blocked
31218,18,0,0.9927511168080418,0.39322706766359045,31,blocked
31219,19,0,0.9917691418859795,0.49046286496213576,31,blocked
31220,20,0,0.5883240155230511,0.8322249040371661,31,blocked
31221,21,0,0.13722848593206016,0.7076872774456837,31,blocked
31222,22,0,0.96049103178473,0.44064534893288876,31,blocked
31223,23,0,0.4701668648308788,0.5683763709208263,31,blocked
31224,24,0,0.05907553358525554,1.0125299168283999,31,blocked
31225,25,0,0.041812034712399186,0.893901424974589,31,blocked
31226,26,0,0.3691791302899585,0.795941938760651,31,blocked
31227,27,0,0.9616618752560582,0.6360532597180949,31,blocked
31228,28,0,0.999279606964921,1.0882710477351414,31,blocked
31229,29,0,0.40366691427802254,0.6789404642638893,31,blocked
31230,30,0,0.7343110216712261,0.5154711792971498,31,blocked
31231,31,0,0.26715230200809964,1.0153529075567311,31,blocked
31232,32,0,0.4622062208618603,0.5575705552072572,31,blocked
31233,33,0,0.27960642474146663,0.7406602527973777,31,blocked
31234,34,0,0.9974624656264706,0.5839253466018373,31,blocked
31235,35,0,0.28665456396385297,0.677125178315668,31,blocked
31236,36,0,0.9573052222788667,0.5573381657479253,31,blocked
31237,37,0,0.9366418031680563,0.554849730581506,31,blocked
31238,38,0,0.44650199194798584,1.185225890011911,31,blocked
31239,39,0,0.043159514206991885,0.7502905439125276,31,blocked
31240,40,0,0.5780948718253874,0.5315151635231411,31,blocked
31241,41,0,0.0024214113609481113,0.8020304684265287,31,blocked
31242,42,0,0.7563677354614129,0.7499362615301517,31,blocked
31243,43,0,0.9583052313928712,0.6609172260922844,31,blocked
31244,44,0,0.13949964929534445,0.6111382342516999,31,blocked
31245,45,0,0.6284984487537251,0.5310999643491058,31,blocked
31246,46,0,0.246390403108763,0.48384990425115654,31,blocked
31247,47,0,0.15950283232607207,0.5130135531951214,31,blocked
31248,48,0,0.9772924063532666,0.5591494241961243,31,blocked
31249,49,0,0.08959190116402288,0.6257700281619383,31,blocked
31250,50,0,0.5630422049925602,0.4831899424630237,31,blocked
31251,51,0,0.0376153807158698,0.5610551629617386,31,blocked
31252,52,0,0.6207974399104366,1.0988077038004833,31,blocked
31253,53,0,0.018869386495910072,0.9498031609067342,31,blocked
31254,54,0,0.8112818689682634,0.7354756323058799,31,blocked
31255,55,0,0.9864610967393499,0.5820944728757023,31,blocked
31256,56,0,0.1464987412473336,0.8417383461467767,31,blocked
31257,57,0,0.8582909341319103,0.7737470534700668,31,blocked
31258,58,0,0.5791194490760301,0.897095194435771,31,blocked
31259,59,0,0.9173709503349469,0.5591151076863502,31,blocked
31260,60,0,0.23054182598728715,0.45478362578025977,31,blocked
31261,61,0,0.8773287730854888,0.4512352058435908,31,blocked
31262,62,0,0.17644326183161452,0.8723639837985429,31,blocked
31263,63,0,0.6675817403444243,0.6556863112749393,31,blocked
31264,64,0,0.9777047442196741,0.3865761817114245,31,blocked
31265,65,0,0.39783947338191955,0.956242172318547,31,blocked
31266,66,0,0.5134966638273084,0.9848586685808927,31,blocked
31267,67,0,0.9901947612124404,0.6109629147094006,31,blocked
31268,68,0,0.523125075193691,0.5810829480160534,31,blocked
31269,69,0,0.9508753624431754,0.3781356082025874,31,blocked
31270,70,0,0.9945285767403966,0.2802767650459631,31,blocked
31271,71,0,0.5334353171929642,0.6204215766538157,31,blocked
31272,72,0,0.48263223440411895,0.7123727279605916,31,blocked
31273,73,0,0.15592228872317948,0.7783292640768432,31,blocked
31274,74,0,0.5058190478335076,0.7958473021843244,31,blocked
31275,75,0,0.4990617811021993,0.6046088257998133,31,blocked
31276,76,0,0.4757012760867929,0.6907857983816172,31,blocked
31277,77,0,0.41277136877718285,0.9196159462225034,31,blocked
31278,78,0,0.5999347212801471,0.7005662992932349,31,blocked
31279,79,0,0.9406709688540119,0.5218987382447542,31,blocked
31280,80,0,0.5822711798964777,0.613037543276308,31,blocked
31281,81,0,0.999794408778056,0.36687670639407916,31,blocked
31282,82,0,0.999200238964135,0.3605623943510294,31,blocked
31283,83,0,0.3515600081761925,0.41991125992643163,31,blocked
31284,84,0,0.9815985819252202,0.6977142304801474,31,blocked
31285,85,0,0.4868020137576507,0.6418897332503231,31,blocked
31286,86,0,0.44137753364745913,0.6103124249427281,31,blocked
31287,87,0,0.8012658093906835,0.5835999982190787,31,blocked
31288,88,0,0.487581443643821,0.5708170340885574,31,blocked
31289,89,0,0.9608844400877845,0.3220240222803915,31,blocked
31290,90,0,0.8847189705064067,0.511524759891033,31,blocked
31291,91,0,0.23991239178713844,0.5620612230211017,31,blocked
31292,92,0,0.160404034331187,0.6947472374810608,31,blocked
31293,93,0,0.9989078353900653,0.720027857991115,31,blocked
31294,94,0,0.9962942645380266,0.45592280032097915,31,blocked
31295,95,0,0.6533874163706115,0.5081194028204614,31,blocked
31296,96,0,0.20013313618028059,0.6489756421288998,31,blocked
31297,97,0,0.0007061689401971116,0.8300803210883091,31,blocked
31298,98,0,0.980990520476646,0.4393183561515013,31,blocked
31299,99,0,0.9903287775981682,0.45806109834596476,31,blocked
31300,100,0,0.9096127058710388,0.5500370883784842,31,blocked
31301,101,0,0.26295019953384113,0.588184032850055,31,blocked
31302,102,0,0.033189481785201175,0.6554820541095551,31,blocked
31303,103,0,0.4896387075668676,0.4739452388667347,31,blocked
31304,104,0,0.27396905750268324,0.6948300982744453,31,blocked
31305,105,0,0.6335796190427874,0.48625886911256266,31,blocked
31306,106,0,0.9684985685792927,0.5677147827739055,31,blocked
31307,107,0,0.21831687740096434,0.7517696802383969,31,blocked
31308,108,0,0.8246002326902723,0.30725615596411326,31,blocked
31309,109,0,0.8856291184581557,0.3599674498556855,31,blocked
31310,110,0,0.460214365964142,0.6019007238715828,31,blocked
31311,111,0,0.5545857983788497,0.5689746200336802,31,blocked
31312,112,0,0.8282371847860361,0.3799184456148307,31,blocked
31313,113,0,0.9714131824383753,0.4076706211677553,31,blocked
31314,114,0,0.9992538153506436,0.31863260648600744,31,blocked
31315,115,0,0.8071981734803242,0.4919813514053938,31,blocked
31316,116,0,0.46887857340115835,0.45189700303708746,31,blocked
31317,117,0,0.6239710274451142,0.548270658373963,31,blocked
31318,118,0,0.5451825079274382,0.5673007604665777,31,blocked
31319,119,0,0.9148685240284953,0.46144961649431115,31,blocked
31320,120,0,0.7928934063874484,0.7247061029600792,31,blocked
31321,121,0,0.9920627475456716,0.5494861543586523,31,blocked
31322,122,0,0.03598390640517252,0.6343441117947662,31,blocked
31323,123,0,0.5043704147410324,1.1411767424782604,31,blocked
31324,124,0,0.4591895290811928,0.6833921651035028,31,blocked
31325,125,0,0.6771903583169707,0.43226520041030486,31,blocked
31326,126,0,0.9866969142172174,0.45560339143822615,31,blocked
31327,127,0,0.999227723973193,0.4916866374279791,31,blocked
31328,128,0,0.9979069706613061,0.41460144377441105,31,blocked
31329,129,0,0.9851694647556976,0.41263523275497715,31,blocked
31330,130,0,0.7565387093443201,0.46487883503654936,31,blocked
31331,131,0,0.9968988393797655,0.5011962682884186,31,blocked
31332,132,0,0.9262001017706365,0.5395742255031204,31,blocked
31333,133,0,0.964385402068808,0.5305646961767607,31,blocked
31334,134,0,0.3795283766646368,0.5651663011096889,31,blocked
31335,135,0,0.06300551796266816,0.6974671380490968,31,blocked
31336,136,0,0.43297243816878744,0.7172442296708506,31,blocked
31337,137,0,0.5034653669440574,0.5984481103685082,31,blocked
31338,138,0,0.9511177476755823,0.4941213039509333,31,blocked
31339,139,0,0.33106207091025547,0.41526092884268806,31,blocked
31340,140,0,0.549795409389654,1.0236328434482236,31,blocked
31341,141,0,0.9663746556648393,0.6180725569033473,31,blocked
31342,142,0,0.78176090162642,0.3922604479253766,31,blocked
31343,143,0,0.5910484828810334,0.6093417734224083,31,blocked
31344,144,0,0.4999559717606426,0.9156704109000404,31,blocked
31345,145,0,0.5023689011496195,0.9852173741635641,31,blocked
31346,146,0,0.502454940780352,0.9829746417968066,31,blocked
31347,147,0,0.993643376492406,0.7002021018766125,31,blocked
31348,148,0,0.94998002450082,0.40606106728654656,31,blocked
31349,149,0,0.5635208837833837,0.4351017861089458,31,blocked
31350,150,0,0.993359173768608,0.41311952538526087,31,blocked
31351,151,0,0.5994226790743186,0.5584629354967471,31,blocked
31352,152,0,0.9829164428637722,0.40642638389933555,31,blocked
31353,153,0,0.9994252106596193,0.4424346147178827,31,blocked
31354,154,0,0.8256905847661442,0.4478683574661383,31,blocked
31355,155,0,0.9977925968609247,0.2889113059129159,31,blocked
31356,156,0,0.15689273738046017,0.4555753901853634,31,blocked
31357,157,0,0.9059164262080966,0.3534121292068575,31,blocked
31358,158,0,0.5517279723968649,0.47459839388586145,31,blocked
31359,159,0,0.7477318619440653,0.526457820523699,31,blocked
31360,160,0,0.9999062288189231,0.7596086806361816,31,blocked
31361,161,0,0.33319644799208903,0.5189142302026126,31,blocked
31362,162,0,0.8604202421494572,0.640321735436836,31,blocked
31363,163,0,0.5264410604867742,0.6756336058016492,31,blocked
31364,164,0,0.9710747579580096,0.3926456452050602,31,blocked
31365,165,0,0.5009884238416953,0.8227068260505391,31,blocked
31366,166,0,0.43337524412290396,0.7132307659089538,31,blocked
31367,167,0,0.8067716328039798,0.444860577689569,31,blocked
31368,168,0,8.064940031399036e-05,0.9616561786160108,31,blocked
31369,169,0,0.7290167300756215,0.5107894185063194,31,blocked
31370,170,0,0.6050996353557877,0.5264465638571013,31,blocked
31371,171,0,0.5185290316812668,0.5216146352076305,31,blocked
31372,172,0,0.5896698515289227,0.5437759217994431,31,blocked
31373,173,0,0.5083342132047196,0.3684529408694954,31,blocked
31374,174,0,0.41454848055372195,0.6800548280918779,31,blocked
31375,175,0,0.3427933747923343,0.5303441691937427,31,blocked
31376,176,0,0.6636094229892913,0.5563318956898575,31,blocked
31377,177,0,0.6921803894765037,0.4349182973559357,31,blocked
31378,178,0,0.32515052973518277,0.41941628834248246,31,blocked
31379,179,0,0.7762875984300845,0.41152072461188816,31,blocked
31380,180,0,0.7922838825577359,0.43980557264283476,31,blocked
31381,181,0,0.057384738564413895,0.6534287406222301,31,blocked
31382,182,0,0.5015832678486463,0.5413744274001103,31,blocked
31383,183,0,0.3576142519457848,0.6544585715222859,31,blocked
31384,184,0,0.9435320770763793,0.8440113749884623,31,blocked
31385,185,0,0.5005181002897973,0.7219746575301595,31,blocked
31386,186,0,0.5735180456430277,0.37679055164771824,31,blocked
31387,187,0,0.5135911964050464,0.5423045412905858,31,blocked
31388,188,0,0.6464464704447566,0.43675394517288213,31,blocked
31389,189,0,0.8548187445582821,0.3710625546512826,31,blocked
31390,190,0,0.031044585266473104,0.5001971704422199,31,blocked
31391,191,0,0.6437636054716604,0.5484578572966066,31,blocked
31392,192,0,0.9202621419361123,0.24455565751095693,31,blocked
31393,193,0,0.05065782955604999,0.711453428672451,31,blocked
31394,194,0,0.6353352700663564,0.414694995337218,31,blocked
31395,195,0,0.44983702750677257,0.4770043567124389,31,blocked
31396,196,0,0.010459304828052383,0.7450780142276082,31,blocked
31397,197,0,0.7739380244617967,0.5008753955450866,31,blocked
31398,198,0,0.6829714233360669,0.46007458772632714,31,blocked
31399,199,0,0.5251898346922597,0.5390193035780536,31,blocked
31400,0,0,0.20040302765637286,0.889772776704552,31,early
31401,1,0,0.05862786341837392,0.5691315394929675,31,early
31402,2,0,0.8590315605267671,0.5316221185232499,31,early
31403,3,0,0.057366314511521625,0.6619357276367125,31,early
31404,4,0,0.4620446160129954,0.8630779199585932,31,early
31405,5,0,0.010153525793986873,0.8742308611070684,31,early
31406,6,0,0.2439418617809354,0.6736905928554756,31,early
31407,7,0,0.027655808336081836,1.033382057829434,31,early
31408,8,0,0.9992216783170308,0.5242182436317693,31,early
31409,9,0,0.992060104280582,0.4969676926507628,31,early
31410,10,0,0.534749778724703,0.6391348502735305,31,early
31411,11,0,0.27133623399669693,0.8880204918617516,31,early
31412,12,0,0.7845632790456827,1.1493774665808298,31,early
31413,13,0,0.9217294605084977,0.6163790238715063,31,early
31414,14,0,0.4865270003490538,1.053241053728231,31,early
31415,15,0,0.8699574792398879,0.9517115846318092,31,early
31416,16,0,0.12972140055505876,0.6364666252247397,31,early
31417,17,0,0.7658657381239162,0.3597117212847969,31,early
31418,18,0,0.7294133240218568,0.3381803075955312,31,early
31419,19,0,0.9837058776274157,0.8049202051943669,31,early
31420,20,0,0.03820793439705345,0.9450102721440412,31,early
31421,21,0,0.26288936147053266,0.89291967162551,31,early
31422,22,0,0.9997831535774147,0.7795404496905366,31,early
31423,23,0,0.7832923132755827,0.5246133676799338,31,early
31424,24,0,0.7275488498795158,0.5585654917543621,31,early
31425,25,0,0.45893438921527613,0.6790953935170434,31,early
31426,26,0,0.24705592227451564,1.0092793607587272,31,early
31427,27,0,0.19071418464457218,0.6260509707380014,31,early
31428,28,0,0.99587962532492,1.1556132254985712,31,early
31429,29,0,0.6749640199720806,0.5628116848099476,31,early
31430,30,0,0.5411084729198151,0.7318680727175098,31,early
31431,31,0,0.739529600852137,0.6541841272931956,31,early
31432,32,0,0.420318696990198,0.6581105801368484,31,early
31433,33,0,0.3642937594668112,0.7221212762828786,31,early
31434,34,0,0.49906060319733636,1.0824085068366336,31,early
31435,35,0,0.9880894664556954,0.4967464422139925,31,early
31436,36,0,0.5346125773985373,0.7910922014284592,31,early
31437,37,0,0.7235963896290951,0.7284341394994486,31,early
31438,38,0,0.833241267825235,0.49703346689637395,31,early
31439,39,0,0.47704894119017255,1.1649131123498813,31,early
31440,40,0,0.45923155168004803,0.9524762606457122,31,early
31441,41,0,0.0028820722098462067,0.5630663385827887,31,early
31442,42,0,0.17652258021451697,0.7687478887593495,31,early
31443,43,0,0.9688315452873223,0.5573277693396368,31,early
31444,44,0,0.5737883059880675,0.7120988450108545,31,early
31445,45,0,0.973325120614244,1.1293101809018742,31,early
31446,46,0,0.9518401154427967,0.7319209162196199,31,early
31447,47,0,0.005541039357747883,0.6510248122889071,31,early
31448,48,0,0.2679733394745404,0.6130771598445641,31,early
31449,49,0,0.9980578974996005,0.6914980039748229,31,early
31450,50,0,0.27256266323858197,0.6730614014334853,31,early
31451,51,0,0.9569786339374653,0.5271317726146714,31,early
31452,52,0,0.5196193615346523,0.5458757511115899,31,early
31453,53,0,0.9998391754056772,0.9527526416494334,31,early
31454,54,0,0.6964805041525172,0.5284955775149709,31,early
31455,55,0,0.4956570844078114,0.669731127574946,31,early
31456,56,0,0.9907650360218051,0.6014114348756942,31,early
31457,57,0,0.5751985827442042,0.7440542649996755,31,early
31458,58,0,0.08390990233679135,0.9863254690299614,31,early
31459,59,0,0.01449245513167085,0.8934707294254229,31,early
31460,60,0,0.9988319508546891,0.8089818562165904,31,early
31461,61,0,0.9552280312811126,0.6662161974089078,31,early
31462,62,0,0.9981491736819987,0.30613512273344534,31,early
31463,63,0,0.05333738034676764,0.7503832613703283,31,early
31464,64,0,0.3035921822645744,0.6814168647038084,31,early
31465,65,0,0.22676956989748337,0.7821628799367946,31,early
31466,66,0,0.03737680464022046,0.5785894055444052,31,early
31467,67,0,0.998657367317042,0.4455605537451107,31,early
31468,68,0,0.9981475417532113,0.22552676577549988,31,early
31469,69,0,0.9621312429004877,0.5468933679979291,31,early
31470,70,0,0.006659611154527015,0.7615915165269315,31,early
31471,71,0,0.39774108657520285,0.8685748778237525,31,early
31472,72,0,0.002715622513801388,0.9662954199150867,31,early
31473,73,0,0.06383349119103551,0.6821998027625806,31,early
31474,74,0,0.4064876410391106,0.574449945489013,31,early
31475,75,0,0.28815137585621103,0.6190680922799001,31,early
31476,76,0,0.9820804078546022,0.3403068117631862,31,early
31477,77,0,0.043859967440659994,0.6710140592227947,31,early
31478,78,0,0.7934226841778427,0.5721998840830171,31,early
31479,79,0,0.9867838486695952,1.0435102210979967,31,early
31480,80,0,0.8046083582845784,0.8112205143748102,31,early
31481,81,0,0.05592228337265346,1.0802152139897272,31,early
31482,82,0,0.5347078032837326,0.9102769852151018,31,early
31483,83,0,0.8834812053813172,0.8281345699599802,31,early
31484,84,0,0.3480490626517904,0.8181759510002513,31,early
31485,85,0,0.9052291395291863,0.6586480255817029,31,early
31486,86,0,0.9695991924349785,0.9820207528528153,31,early
31487,87,0,0.5037615237652253,0.9450890181362162,31,early
31488,88,0,0.13171828995899906,0.6519518810323207,31,early
31489,89,0,0.9331577205848445,0.386536494203887,31,early
31490,90,0,0.5196103511596427,0.624161265840985,31,early
31491,91,0,0.997235120178189,0.8436919389251243,31,early
31492,92,0,0.4855560140355989,0.6027339632557851,31,early
31493,93,0,0.3817689904462357,0.8088153415798564,31,early
31494,94,0,0.4795970388349385,1.1324395277462447,31,early
31495,95,0,0.3011885166485914,0.6206023574471365,31,early
31496,96,0,0.015881236280409508,0.8719337159363639,31,early
31497,97,0,0.14755383539863373,1.0276036527470485,31,early
31498,98,0,0.5000526758281267,1.1445322144441383,31,early
31499,99,0,0.7150059130894876,0.44650435051157294,31,early
31500,100,0,0.4332606779573355,0.6123178038957768,31,early
31501,101,0,0.9036378703638117,0.4572478585808436,31,early
31502,102,0,0.46850186558973805,0.5703590182984847,31,early
31503,103,0,0.28446573330157227,1.0403363352011112,31,early
31504,104,0,0.822891955935307,0.521889760034153,31,early
31505,105,0,0.37424653682828185,0.9568780945649275,31,early
31506,106,0,0.5593088833768984,0.7230323741512896,31,early
31507,107,0,0.7154163011860295,0.9838769625273275,31,early
31508,108,0,0.05877426018241715,0.8104034234773811,31,early
31509,109,0,0.693103326501584,0.9117598975801137,31,early
31510,110,0,0.2850379286240993,0.8989497473838091,31,early
31511,111,0,0.01834948108044038,0.8776641784837813,31,early
31512,112,0,0.48604469946167683,0.7807752222357096,31,early
31513,113,0,0.8353474475871226,0.7165438006738281,31,early
31514,114,0,0.16409930734071004,0.9184466245014036,31,early
31515,115,0,0.9557710353943749,0.6584095260238023,31,early
31516,116,0,0.8462589456720586,0.5590792914749874,31,early
31517,117,0,0.08319401357384831,0.97026152429505,31,early
31518,118,0,0.04269931773007642,0.7879416955788923,31,early
31519,119,0,0.8807059181848291,0.6864681234995562,31,early
31520,120,0,0.5941128163519345,0.6202441221068347,31,early
31521,121,0,0.0021262393519657745,0.9180726642892727,31,early
31522,122,0,0.6524771315088287,0.5203929782930752,31,early
31523,123,0,0.6095801905123795,0.5920637644717461,31,early
31524,124,0,0.5378361948413316,0.754516959820364,31,early
31525,125,0,0.5019098062741818,0.5364229068675382,31,early
31526,126,0,0.5070345232560262,1.0339724228462452,31,early
31527,127,0,0.30857895348156417,0.8811221364117134,31,early
31528,128,0,0.411193233102772,0.5463966603156272,31,early
31529,129,0,0.7616801170163081,0.5505755945143956,31,early
31530,130,0,0.5881796778554623,0.5809890277956873,31,early
31531,131,0,0.9265232404441378,0.9959258222060354,31,early
31532,132,0,0.5847920685379843,0.6024886963411918,31,early
31533,133,0,0.08695236810683381,0.6519904197908768,31,early
31534,134,0,0.50452337592973,0.5116011076077678,31,early
31535,135,0,0.9478070650264618,0.41754562328378286,31,early
31536,136,0,0.6926476908439361,0.5655942858928882,31,early
31537,137,0,0.9489775880736866,0.6510465478765062,31,early
31538,138,0,0.8369686348307761,0.5756426648373467,31,early
31539,139,0,0.2726347716864081,0.6017398053001302,31,early
31540,140,0,0.967783494079707,0.8874492995187326,31,early
31541,141,0,0.04752464684254254,0.9093331860976576,31,early
31542,142,0,0.10053124847268329,0.7356863582209272,31,early
31543,143,0,0.9759584541183333,0.8322409708315439,31,early
31544,144,0,0.8743503146243518,0.5270478811426633,31,early
31545,145,0,0.4850780063940577,0.737063646826869,31,early
31546,146,0,0.8236393025475308,0.5015496342522721,31,early
31547,147,0,0.6655499108744247,0.5719350324562057,31,early
31548,148,0,0.7815009666933781,0.8978935640767465,31,early
31549,149,0,0.989235940139644,0.9462680310871244,31,early
31550,150,0,0.5001958710995585,0.7974655988681929,31,early
31551,151,0,0.03300721784829491,1.0723366156238823,31,early
31552,152,0,0.12657475740878743,0.7936560831020458,31,early
31553,153,0,0.9908005784067782,0.6589462330148335,31,early
31554,154,0,0.5638033357989843,0.9041424465329715,31,early
31555,155,0,0.6234427246349183,0.6066734302470539,31,early
31556,156,0,0.8891034154168624,0.3108340843232504,31,early
31557,157,0,0.4994420205687104,0.7075788776117391,31,early
31558,158,0,0.6045881087612313,0.6563885884978784,31,early
31559,159,0,0.2909803032778648,1.083347916383543,31,early
31560,160,0,0.7275950748381723,0.5184838511888473,31,early
31561,161,0,0.678915656676814,0.8061042386140316,31,early
31562,162,0,0.854050153280675,0.79251398155329,31,early
31563,163,0,0.4994570610263039,0.7930446712547506,31,early
31564,164,0,0.3598078450714885,0.9393240929504842,31,early
31565,165,0,0.48209268679632084,0.7566018652561523,31,early
31566,166,0,0.9285946248975634,0.9102808044427262,31,early
31567,167,0,0.989821575159332,0.7266233692705815,31,early
31568,168,0,0.8716433088491523,1.0024550036841164,31,early
31569,169,0,0.31287345567916947,0.8983475450784982,31,early
31570,170,0,0.9733594994018142,0.35505818484784035,31,early
31571,171,0,0.50282529641395,0.51095992581381,31,early
31572,172,0,0.981521471147559,0.7443242995734864,31,early
31573,173,0,0.001926786286039907,0.9310828786807378,31,early
31574,174,0,0.5095143509347985,0.5654664487341625,31,early
31575,175,0,0.47165818613620186,0.5196960800716588,31,early
31576,176,0,0.500536968455505,0.6213622015624884,31,early
31577,177,0,0.057065718239263784,0.6593745640492228,31,early
31578,178,0,0.485312444906834,1.1852248921677209,31,early
31579,179,0,0.9999567674924229,0.8476319167175945,31,early
31580,180,0,0.9668886375264576,0.5242045999689224,31,early
31581,181,0,0.9992395102257876,0.3260823625688297,31,early
31582,182,0,0.49998384913243776,0.9053945230265683,31,early
31583,183,0,0.5078527846197476,0.5702997339464622,31,early
31584,184,0,0.9991053473394698,0.6164462691181465,31,early
31585,185,0,0.7652361572888594,0.3602224654989213,31,early
31586,186,0,0.4979262312580842,0.7693911414468946,31,early
31587,187,0,0.014776397028099634,0.6076554631492761,31,early
31588,188,0,0.6204138196394422,0.4342624943986455,31,early
31589,189,0,0.6552842931819124,0.6805774851829881,31,early
31590,190,0,0.9268367162032818,0.7122558937146719,31,early
31591,191,0,0.7545965818326453,0.6061069863055587,31,early
31592,192,0,0.9075943573167848,0.7622424902043969,31,early
31593,193,0,0.41797706014047226,0.6037979971812601,31,early
31594,194,0,0.9729646827576527,0.49358535948313764,31,early
31595,195,0,0.4998782003715434,0.8114030077881983,31,early
31596,196,0,0.9098467818423943,0.6762113596718169,31,early
31597,197,0,0.9994704893961894,0.6736251417997988,31,early
31598,198,0,0.24035307938826042,0.7327394556648066,31,early
31599,199,0,0.00013159431331978175,0.8876273438250557,31,early
31600,0,0,0.8478381348512283,0.8723484936424712,31,middle
31601,1,0,0.11049591121106901,0.6870721644516383,31,middle
31602,2,0,0.4915393122119715,0.7836426827769776,31,middle
31603,3,0,0.018331635643679373,0.7299497835137805,31,middle
31604,4,0,0.4590577610850757,0.5714580651309056,31,middle
31605,5,0,0.37766689477846366,0.8760526711331218,31,middle
31606,6,0,0.5001222394810912,0.7116138460778273,31,middle
31607,7,0,0.6847662995452922,0.6073356112345846,31,middle
31608,8,0,0.8109260862498558,0.8893102074942476,31,middle
31609,9,0,0.999341206839742,0.5575877577030077,31,middle
31610,10,0,0.49969475752384085,0.8127699077508005,31,middle
31611,11,0,0.45551845152071224,0.7296051449766738,31,middle
31612,12,0,0.5469329204055768,0.5891945503070701,31,middle
31613,13,0,0.9627331109021253,0.6616370519780947,31,middle
31614,14,0,0.5857865456330864,0.4811367471827577,31,middle
31615,15,0,0.4316290708917174,0.6897695273427157,31,middle
31616,16,0,0.8219865482907789,0.46165072193933276,31,middle
31617,17,0,0.8172029251189583,0.9361192338276165,31,middle
31618,18,0,0.5040079937560941,0.6797004932976299,31,middle
31619,19,0,0.6072959908317783,0.675524002055091,31,middle
31620,20,0,0.5000047128782353,0.8775508065632642,31,middle
31621,21,0,0.5512856855394231,0.5749957231308859,31,middle
31622,22,0,0.5471455362205979,0.5489883530800118,31,middle
31623,23,0,0.1950600966942294,0.7837366817887743,31,middle
31624,24,0,0.20189882095121803,0.7437432477196373,31,middle
31625,25,0,0.8682334891371626,0.6007814546687306,31,middle
31626,26,0,0.5009560612679252,0.8187111208367577,31,middle
31627,27,0,0.8256398873787634,0.6392999173276005,31,middle
31628,28,0,0.5028233386313109,0.673027938333052,31,middle
31629,29,0,0.5386238969847026,0.6391529951137318,31,middle
31630,30,0,0.12108488183661845,0.6591140064180158,31,middle
31631,31,0,0.28381306369461645,1.0068186618115404,31,middle
31632,32,0,0.39674799139786404,0.9492680469655239,31,middle
31633,33,0,0.49332981654030417,0.9877664510810021,31,middle
31634,34,0,0.5675235348223922,0.657281880743026,31,middle
31635,35,0,0.032145420300991726,0.8183299162822673,31,middle
31636,36,0,0.3918480297051672,0.9897351583364298,31,middle
31637,37,0,0.35309674262122787,0.6088105983714879,31,middle
31638,38,0,0.9097360265663506,0.47902123671461205,31,middle
31639,39,0,0.9687760063021529,0.526808457485832,31,middle
31640,40,0,0.8111382608025663,0.45008989493101254,31,middle
31641,41,0,0.49578176138039604,1.1009651058655487,31,middle
31642,42,0,0.8406711184940456,0.8767142983984912,31,middle
31643,43,0,0.947163260654621,0.3877599562357993,31,middle
31644,44,0,0.5604845993467718,0.5860134942301961,31,middle
31645,45,0,0.7862977679601038,0.8701022078056557,31,middle
31646,46,0,0.5109991809982787,0.8154267142883678,31,middle
31647,47,0,0.8813491992561637,0.9297080014396527,31,middle
31648,48,0,0.9940441784103242,0.6955233690350444,31,middle
31649,49,0,0.4937810753669685,0.8511042098693058,31,middle
31650,50,0,0.009867852798945377,0.9532786958723688,31,middle
31651,51,0,0.6170241259509428,0.4817239854379026,31,middle
31652,52,0,0.9465650039002831,0.9592542618503619,31,middle
31653,53,0,0.9135329492156747,0.5986236556893202,31,middle
31654,54,0,0.9340104423323972,0.5794962076539327,31,middle
31655,55,0,0.17454338419369145,0.646297470130436,31,middle
31656,56,0,0.49952966369894003,0.659806314706189,31,middle
31657,57,0,0.9877182759658596,0.5877135548695767,31,middle
31658,58,0,0.7142041055242899,0.42427471762396674,31,middle
31659,59,0,0.1112601200706991,0.9184290409689372,31,middle
31660,60,0,0.42082946705880087,0.7714922980871526,31,middle
31661,61,0,0.8515025444834308,0.6956493129010539,31,middle
31662,62,0,0.5034878079195789,0.6572577307636426,31,middle
31663,63,0,0.8356079169798893,0.469511053387222,31,middle
31664,64,0,0.4160112686163872,0.7973215206643924,31,middle
31665,65,0,0.5044087249922168,0.9507840948488583,31,middle
31666,66,0,0.7550137313881462,0.7017196050489962,31,middle
31667,67,0,0.8883860713064788,0.45006541696005203,31,middle
31668,68,0,0.6209946194838094,0.547477687393958,31,middle
31669,69,0,0.544326345523474,0.8219340486765406,31,middle
31670,70,0,0.9970878247750339,0.7009199892441806,31,middle
31671,71,0,0.5852331680334784,0.7108902079782962,31,middle
31672,72,0,0.47225407042075457,0.6692414745277645,31,middle
31673,73,0,0.5021660879478506,0.8083667522741842,31,middle
31674,74,0,0.8934623349700739,0.9258326865212843,31,middle
31675,75,0,0.5029320159845051,0.7879401680360762,31,middle
31676,76,0,0.499603599575847,1.059219225335196,31,middle
31677,77,0,0.502666761995561,0.7308989023735459,31,middle
31678,78,0,0.7663557111465402,0.6943862576701186,31,middle
31679,79,0,0.5776184841147888,0.6784623035151974,31,middle
31680,80,0,0.01443843393444596,0.8146216054308992,31,middle
31681,81,0,9.706277208783366e-07,1.201586396996936,31,middle
31682,82,0,0.013918468618909914,0.9608369845519643,31,middle
31683,83,0,0.9646085829724167,0.7357902008403305,31,middle
31684,84,0,0.992717486338063,0.6215022989357502,31,middle
31685,85,0,0.999788523261379,0.6278441139929871,31,middle
31686,86,0,0.9884604364294423,0.40832224534107836,31,middle
31687,87,0,0.18186095299026084,0.5212557506921504,31,middle
31688,88,0,0.01765945039042563,0.6551325421042058,31,middle
31689,89,0,0.2078140459902467,0.7199164376560215,31,middle
31690,90,0,0.372794601116482,0.8857667767527676,31,middle
31691,91,0,0.3125956697573854,0.9169533082394437,31,middle
31692,92,0,0.9928167660471183,0.5327604826392802,31,middle
31693,93,0,1.290559113958329e-05,1.3410842934562381,31,middle
31694,94,0,0.0024565242062759268,1.4755728545809954,31,middle
31695,95,0,0.9871852526021621,0.5589508276990667,31,middle
31696,96,0,0.016192729384043404,0.8671053869845933,31,middle
31697,97,0,0.6554920717132131,0.8657859374901968,31,middle
31698,98,0,0.8767262652297317,0.8189185777133567,31,middle
31699,99,0,0.57671932618267,0.8380155261169462,31,middle
31700,100,0,0.31583789056510025,0.8903900662988444,31,middle
31701,101,0,0.08001744434392598,1.0153151720340217,31,middle
31702,102,0,0.9946392307160117,0.7202675020520082,31,middle
31703,103,0,0.8781517110372449,0.8616243734130026,31,middle
31704,104,0,0.6282137006677937,0.6386826850291769,31,middle
31705,105,0,0.032411122509960186,0.901932818303314,31,middle
31706,106,0,0.9653192789133205,0.6607849385954405,31,middle
31707,107,0,0.3869179149373248,0.8613331330184445,31,middle
31708,108,0,0.42242232720847583,0.6233701418537576,31,middle
31709,109,0,0.005517714592121631,1.0286381068868862,31,middle
31710,110,0,0.019013660432186483,0.7085800390374049,31,middle
31711,111,0,0.9817850362825701,0.7161189215756563,31,middle
31712,112,0,0.959904032364997,0.6173711771347475,31,middle
31713,113,0,0.014778464153869419,0.8732391854122121,31,middle
31714,114,0,0.9969433700428336,0.7289576349204032,31,middle
31715,115,0,0.9999541334692523,0.7362964827294727,31,middle
31716,116,0,0.9424837587347139,0.47867605521538115,31,middle
31717,117,0,0.9849058966021484,0.4732675817097572,31,middle
31718,118,0,0.5087860136615311,0.644754071143512,31,middle
31719,119,0,0.5006599439323157,0.8717094433630737,31,middle
31720,120,0,0.4991419022993885,0.46859109950882355,31,middle
31721,121,0,0.45174820441648766,0.8921820116042426,31,middle
31722,122,0,0.14627765463828826,0.802931402425791,31,middle
31723,123,0,0.42709191324390294,0.8429716925643134,31,middle
31724,124,0,0.4979989455120114,0.5295473988919818,31,middle
31725,125,0,0.37979677688947655,0.6882283892311756,31,middle
31726,126,0,0.3487196279443537,0.7070684956450772,31,middle
31727,127,0,0.48323893053355665,1.3418927456772343,31,middle
31728,128,0,0.6390088650836022,0.8165246896109568,31,middle
31729,129,0,0.502946495708485,0.951346358078649,31,middle
31730,130,0,0.49384830355161263,0.6843117559846135,31,middle
31731,131,0,0.2994823613944398,0.7644962506592745,31,middle
31732,132,0,0.5000232317495701,0.5474101846625442,31,middle
31733,133,0,0.5693003023126374,0.6907044911130009,31,middle
31734,134,0,0.5996322480757746,0.734678495581309,31,middle
31735,135,0,0.17321862267804844,0.8806222936188416,31,middle
31736,136,0,0.508646878420254,0.6242423003947971,31,middle
31737,137,0,0.08946452424387037,0.9057641748072296,31,middle
31738,138,0,0.49899075982646374,0.7305261763859754,31,middle
31739,139,0,0.8485972060217886,0.4703729954599857,31,middle
31740,140,0,0.5020483752158587,0.6601255425132388,31,middle
31741,141,0,0.9036046525907775,0.6095201796096363,31,middle
31742,142,0,0.938318033234018,0.5884072053586596,31,middle
31743,143,0,0.621334770931407,0.7659477733392557,31,middle
31744,144,0,0.6330575441958637,0.6581497890590344,31,middle
31745,145,0,0.8952568164904202,0.6936114821978896,31,middle
31746,146,0,0.5099987114936833,1.1214026215373987,31,middle
31747,147,0,0.9993786651432468,0.7192602984809253,31,middle
31748,148,0,0.0437587745659988,0.6728457134635764,31,middle
31749,149,0,0.5073591716569708,0.7005939481201668,31,middle
31750,150,0,0.7934286532884738,0.5441730006620129,31,middle
31751,151,0,0.8902086597266929,0.4608389241350814,31,middle
31752,152,0,0.3206847314316213,0.7737519906611985,31,middle
31753,153,0,0.4982995894193038,1.3942682522147358,31,middle
31754,154,0,0.8318484852482946,0.6059525243152307,31,middle
31755,155,0,0.20654833549373722,0.5556278406687736,31,middle
31756,156,0,0.9784956017210602,0.6158385534905778,31,middle
31757,157,0,0.8381185376955504,0.613203402444423,31,middle
31758,158,0,0.4995543909641421,0.8948083221862181,31,middle
31759,159,0,0.6304195339368106,0.5862512293476739,31,middle
31760,160,0,0.07732550372925547,0.8917000147314948,31,middle
31761,161,0,0.6924886363987844,0.6882261986586008,31,middle
31762,162,0,0.4175485935273352,0.6906267360676837,31,middle
31763,163,0,0.878971515957063,0.806815936650431,31,middle
31764,164,0,0.025656077979356706,0.9842649241165319,31,middle
31765,165,0,0.12316424821390307,0.7261800941174197,31,middle
31766,166,0,0.5055249262306779,1.1172793571551654,31,middle
31767,167,0,0.5659773760603922,0.6304268368296483,31,middle
31768,168,0,0.5730498876543566,0.5049310313720208,31,middle
31769,169,0,0.03660601759280623,0.6506187404867197,31,middle
31770,170,0,0.13357050548409882,0.6723540875657863,31,middle
31771,171,0,0.1608807079158426,0.7733346211569228,31,middle
31772,172,0,0.4994628203260382,0.7931135029378891,31,middle
31773,173,0,0.9625486030361753,0.5755641714463177,31,middle
31774,174,0,0.4212891093511987,0.7477207871121396,31,middle
31775,175,0,0.45829888577203765,0.5761623742747931,31,middle
31776,176,0,0.9962692313159482,0.9672905356596537,31,middle
31777,177,0,0.8135571799802443,0.6785961266702394,31,middle
31778,178,0,0.01387961515054047,0.815093850232296,31,middle
31779,179,0,0.001136445624202841,0.7843891463380978,31,middle
31780,180,0,0.21861765430651045,0.6158228209730612,31,middle
31781,181,0,0.5022039170194581,0.854106889948042,31,middle
31782,182,0,0.5038701516066855,0.8765774250399727,31,middle
31783,183,0,0.8730658119983572,0.6949726782138832,31,middle
31784,184,0,0.9976440290502011,0.7333897576287434,31,middle
31785,185,0,0.7067777973020691,0.6895027013999029,31,middle
31786,186,0,0.043390722018730545,0.7490015735383897,31,middle
31787,187,0,0.4966622472988437,0.7767266183865038,31,middle
31788,188,0,0.5104096023715341,0.731169935791209,31,middle
31789,189,0,0.9922518975303927,0.4460988482349934,31,middle
31790,190,0,0.46635559822899997,0.4143018445435342,31,middle
31791,191,0,0.39337464259990507,0.6184477447079247,31,middle
31792,192,0,0.26220188345584594,0.6638414592648025,31,middle
31793,193,0,0.50030892283694,0.49179194005820015,31,middle
31794,194,0,0.49093232213631993,0.9208256339699387,31,middle
31795,195,0,0.8183572062749931,0.3785105990791817,31,middle
31796,196,0,0.5143493643188114,0.5475178820938043,31,middle
31797,197,0,0.8483348345903451,0.7727054155414894,31,middle
31798,198,0,0.4529735482763478,0.6957479538349209,31,middle
31799,199,0,0.5041851598453722,0.7286708891920177,31,middle
31800,0,0,0.28654388903219585,0.8261040928431637,31,late
31801,1,0,0.38237020829840324,0.4726012950226376,31,late
31802,2,0,0.7424169449705951,0.6340310437717258,31,late
31803,3,0,0.013032030126706309,0.6875860683342665,31,late
31804,4,0,0.5372644865235794,0.4401350987529107,31,late
31805,5,0,0.8284214078780352,0.6674762554814022,31,late
31806,6,0,0.8507811147951148,0.6229178687930343,31,late
31807,7,0,0.9219635856437705,0.5255091403468732,31,late
31808,8,0,0.5519462856781119,0.6548321454306358,31,late
31809,9,0,0.2096811647751463,1.1434678131678342,31,late
31810,10,0,0.003911744688230227,0.980065293050498,31,late
31811,11,0,0.4379289584841673,0.8630011075793391,31,late
31812,12,0,0.5117348359431264,0.4738625450153887,31,late
31813,13,0,0.4764009674090284,0.8934437155164465,31,late
31814,14,0,0.8017741563056935,0.4176645794992735,31,late
31815,15,0,0.6233306382384071,0.5257616521279977,31,late
31816,16,0,0.5130136030287755,0.6000709453710923,31,late
31817,17,0,0.6796469110372425,0.5023812355056182,31,late
31818,18,0,0.5128331614118831,0.7620000678500533,31,late
31819,19,0,0.00998559318490438,0.7229686008213172,31,late
31820,20,0,0.7458081593125991,0.8346592160017338,31,late
31821,21,0,0.47108983520566483,0.5993344988393559,31,late
31822,22,0,0.5342816507250906,0.5192960834022837,31,late
31823,23,0,0.5549221228206164,0.9480571200725765,31,late
31824,24,0,0.6539063338482013,0.5486766095614279,31,late
31825,25,0,0.19816532897054606,0.6033057713070447,31,late
31826,26,0,0.4981615262731046,0.9094576929528289,31,late
31827,27,0,0.8709712719531535,0.607103097780208,31,late
31828,28,0,0.02003217512400804,0.8627948882399803,31,late
31829,29,0,0.28850036416115893,0.8389873334582063,31,late
31830,30,0,0.4571215601811282,0.8949418488578984,31,late
31831,31,0,0.18247932379796128,0.7432600380198057,31,late
31832,32,0,0.4996043384008155,0.8449271229266081,31,late
31833,33,0,0.48965795947701857,0.7530536519011024,31,late
31834,34,0,0.7214580301964016,0.9514974740992783,31,late
31835,35,0,0.06276787777959114,0.40080631598312544,31,late
31836,36,0,0.46223113604527644,0.5256686850545794,31,late
31837,37,0,0.002042833505248057,0.6950895458449402,31,late
31838,38,0,0.9969966175223134,0.9009907299181412,31,late
31839,39,0,0.6942693650488221,0.8877058869097614,31,late
31840,40,0,0.8390262131011204,0.4612463690249142,31,late
31841,41,0,0.006767350866388814,0.742423745733998,31,late
31842,42,0,0.5177816688916901,0.6249772007329539,31,late
31843,43,0,0.45094466928374916,0.4958211526811211,31,late
31844,44,0,0.5000689619860332,0.7295678461821913,31,late
31845,45,0,0.5470756944302886,0.5588838689430823,31,late
31846,46,0,0.48581938290932924,0.5051055694471769,31,late
31847,47,0,0.43676156363434904,0.7553036277520381,31,late
31848,48,0,0.5700754293947444,0.5860843706801885,31,late
31849,49,0,0.5191934182547103,0.6053710829810957,31,late
31850,50,0,0.5267590114800017,0.7411971135611829,31,late
31851,51,0,0.1564956804483263,0.8147373140631802,31,late
31852,52,0,0.5062795691042368,0.6498805181768674,31,late
31853,53,0,0.41727325586258845,0.6670535184585046,31,late
31854,54,0,0.375732947495674,0.6109146467848268,31,late
31855,55,0,0.9121106849145367,0.7725341945425019,31,late
31856,56,0,0.4302956727751628,0.7633447730333336,31,late
31857,57,0,0.5451676502880244,0.691916743143618,31,late
31858,58,0,0.4211921965637761,0.611901641345415,31,late
31859,59,0,0.838441479535172,0.6251713746518426,31,late
31860,60,0,0.9696212914697553,0.6646232369474574,31,late
31861,61,0,0.6605401902464878,0.5786386803016274,31,late
31862,62,0,0.6200288506194698,0.6528800253374583,31,late
31863,63,0,0.8577761568748357,0.48587364139598205,31,late
31864,64,0,0.499414384300284,0.8903596266999234,31,late
31865,65,0,0.33182963914766295,0.8805644161845685,31,late
31866,66,0,0.49745003471854815,0.5966491349437458,31,late
31867,67,0,0.7787881303337558,0.7796353269127079,31,late
31868,68,0,0.6212437364363498,0.5551084565280128,31,late
31869,69,0,0.4870508356410493,0.6379336039766045,31,late
31870,70,0,0.5136617594926354,0.6996216672682953,31,late
31871,71,0,0.7742696605274311,0.6547022240122319,31,late
31872,72,0,0.3656147020178585,0.7567035946529018,31,late
31873,73,0,0.4937968646774179,0.8630569415816283,31,late
31874,74,0,0.41092176681566456,0.4861390671714918,31,late
31875,75,0,0.999290698058168,0.5631921299640021,31,late
31876,76,0,0.6047261640670114,0.6214607765705169,31,late
31877,77,0,0.019360667644856718,0.8721290987840654,31,late
31878,78,0,0.9137755891740902,0.6588595288377708,31,late
31879,79,0,0.6615725778292034,0.6428050194880643,31,late
31880,80,0,0.5000054735253595,1.0325393300968142,31,late
31881,81,0,0.4769823060626375,1.0413863408746669,31,late
31882,82,0,0.5144231718414208,0.8153120876786799,31,late
31883,83,0,0.21031856470358806,0.5607257345509461,31,late
31884,84,0,0.34654492299086437,0.5294136130706837,31,late
31885,85,0,0.06446674380712668,0.8016477274590773,31,late
31886,86,0,0.2978395599240363,0.5382767117728425,31,late
31887,87,0,0.0783275134240719,0.8586906330840176,31,late
31888,88,0,0.061363742195372224,0.7664549928742681,31,late
31889,89,0,0.9498523630560081,0.6576820186873145,31,late
31890,90,0,0.09825894922372498,0.9510003074214204,31,late
31891,91,0,0.9749352786155632,0.6238401455178404,31,late
31892,92,0,0.22845867365715294,0.603153203821964,31,late
31893,93,0,0.07042230286542683,0.4952738309402341,31,late
31894,94,0,0.6246867698947542,0.6723952974696683,31,late
31895,95,0,0.40993974108827536,0.6023805082187935,31,late
31896,96,0,0.5804008222890785,0.8320376844142647,31,late
31897,97,0,0.3535883807383901,0.6155663911886047,31,late
31898,98,0,0.7063392888309061,0.38170184062537194,31,late
31899,99,0,0.5213225606589034,0.528366415732981,31,late
31900,100,0,0.48803171281711016,0.4174081178800185,31,late
31901,101,0,0.516444938473267,0.661596569115664,31,late
31902,102,0,0.6479066727454694,0.37910995218715404,31,late
31903,103,0,0.898018712655886,0.5188233077002362,31,late
31904,104,0,0.5169778499240366,0.4110380185621417,31,late
31905,105,0,0.5000576734408013,0.63916769755336,31,late
31906,106,0,0.5630795418927121,0.5319030805781917,31,late
31907,107,0,0.9008040560572377,0.27001019247838703,31,late
31908,108,0,0.49692765021745144,0.975277063028524,31,late
31909,109,0,0.807777064224426,0.7800408251781035,31,late
31910,110,0,0.9135769216803987,0.45668848809921203,31,late
31911,111,0,0.9098190019595709,0.6973356161464377,31,late
31912,112,0,0.5079695758163695,0.5363275465373394,31,late
31913,113,0,0.836881113254623,0.7500024525169566,31,late
31914,114,0,0.7941474529695285,0.5135065136211534,31,late
31915,115,0,0.17431732802674765,0.5238755040384668,31,late
31916,116,0,0.5114757039037655,0.630981949128459,31,late
31917,117,0,0.5037508494669483,0.6540195472059249,31,late
31918,118,0,0.5226237290783259,0.42898464610633513,31,late
31919,119,0,0.7634844192783212,0.5064793617260032,31,late
31920,120,0,0.9826442673557778,0.5948937495605704,31,late
31921,121,0,0.01497555215571497,0.6764625544318407,31,late
31922,122,0,0.014094334474991328,0.6623240256242873,31,late
31923,123,0,0.01974744778472136,0.9698465270105422,31,late
31924,124,0,0.4032840911722246,0.48486127689138675,31,late
31925,125,0,0.03311861277330727,1.057648442083618,31,late
31926,126,0,0.998941609169481,0.4834841039114497,31,late
31927,127,0,0.9983836174808152,0.664956033112784,31,late
31928,128,0,0.9490042517149438,0.4029463930673142,31,late
31929,129,0,0.33852836747494425,0.7068597191945849,31,late
31930,130,0,0.00329262993526495,0.6785170489810632,31,late
31931,131,0,0.7203354436124801,0.5322556942215296,31,late
31932,132,0,0.9650943849416251,0.3303160947567506,31,late
31933,133,0,0.9992777800268884,0.38631009244559306,31,late
31934,134,0,0.7466535000077954,0.4184319663109174,31,late
31935,135,0,0.9919758293977886,0.4461606678449481,31,late
31936,136,0,0.8297845559335573,0.4074439864864569,31,late
31937,137,0,0.7266113311401722,0.34651975644345456,31,late
31938,138,0,0.5004518248711869,0.8900419285533909,31,late
31939,139,0,0.5816160552424103,0.8426463019584762,31,late
31940,140,0,0.15715811970689947,0.5033540467521498,31,late
31941,141,0,0.07845899580587826,0.5446774895462034,31,late
31942,142,0,0.05280924023083372,0.7151564656273685,31,late
31943,143,0,0.9999452457493372,0.7796604875352098,31,late
31944,144,0,0.011261976216307333,0.506283398220443,31,late
31945,145,0,0.42093745311250025,0.4524615588331774,31,late
31946,146,0,0.6309857344151192,0.4381164141477408,31,late
31947,147,0,0.5072947574865746,1.0164766271757186,31,late
31948,148,0,0.9997343622080513,0.727434311369247,31,late
31949,149,0,0.07960304659476297,0.614829433519819,31,late
31950,150,0,0.9018812927392172,0.6556536065728648,31,late
31951,151,0,0.973250985614452,0.5983460965046099,31,late
31952,152,0,0.11031763539836888,0.6894724876611058,31,late
31953,153,0,0.6160950902335387,0.44412826353209456,31,late
31954,154,0,0.9985203605690395,0.6787153307285587,31,late
31955,155,0,0.8839480928667908,0.46578476401565416,31,late
31956,156,0,0.09770485359253522,0.6537165399546068,31,late
31957,157,0,0.015155684292942534,0.6376706483814921,31,late
31958,158,0,0.30740870714161295,0.5796487981157552,31,late
31959,159,0,0.0344416854361445,0.6949732586707246,31,late
31960,160,0,0.9602521841518048,0.5458130535802144,31,late
31961,161,0,0.8517945955128136,0.45263465221626864,31,late
31962,162,0,0.9979531218875388,0.3742790329585867,31,late
31963,163,0,0.5109611106582874,0.40665634907811793,31,late
31964,164,0,0.5456238410910166,0.3983464235436009,31,late
31965,165,0,0.9635079471167922,0.48414629895163797,31,late
31966,166,0,0.19166275236030392,0.7034185329163607,31,late
31967,167,0,0.19126836468755057,0.8673247940412405,31,late
31968,168,0,0.007299168806020794,0.7581786145679708,31,late
31969,169,0,0.6872326551204131,0.593114569466775,31,late
31970,170,0,0.6870491965316192,0.5960612494408506,31,late
31971,171,0,0.90910308373669,0.46725178794155686,31,late
31972,172,0,0.10161650886623737,0.7379111926560835,31,late
31973,173,0,0.481589903962153,0.8640178459244987,31,late
31974,174,0,0.5410892890209593,0.4918778943088148,31,late
31975,175,0,0.07184068299393215,0.6201805183798587,31,late
31976,176,0,0.6561693484664098,0.35272963396032403,31,late
31977,177,0,0.7204645400850456,0.6890449334728618,31,late
31978,178,0,0.21764909416314793,0.5657014968536735,31,late
31979,179,0,0.07795031812896022,0.4808644717701981,31,late
31980,180,0,0.0659379625294654,0.49288521815301356,31,late
31981,181,0,0.5325115126662948,0.35583802534057907,31,late
31982,182,0,0.09942111357326004,0.5277446325385114,31,late
31983,183,0,0.5642154832139724,0.6515670158428266,31,late
31984,184,0,0.2632101487672393,0.5884753531019448,31,late
31985,185,0,0.5659690653397064,0.5821011363987509,31,late
31986,186,0,0.46337707262988737,0.46299071500088496,31,late
31987,187,0,0.5102165792412003,0.7078898422426341,31,late
31988,188,0,0.13586171259928212,0.7303554102524608,31,late
31989,189,0,0.025113790942159143,0.8571305016438733,31,late
31990,190,0,0.51471624882483,0.6610323112240475,31,late
31991,191,0,0.6205275174850976,0.567144987114359,31,late
31992,192,0,0.9851053325570516,0.4655072214125914,31,late
31993,193,0,0.9914137386647586,0.3698709796491524,31,late
31994,194,0,0.7954566613438789,0.42493874068888515,31,late
31995,195,0,0.5234987482126742,0.9142632824195205,31,late
31996,196,0,0.5637217694994927,0.41194852736869575,31,late
31997,197,0,0.9666888789575487,0.41562802018301104,31,late
31998,198,0,0.4688115252438089,0.6989854333725891,31,late
31999,199,0,0.5483213593488184,0.6789743271225239,31,late
32000,0,0,0.48010980363471667,0.7235592456242098,32,interleaved
32001,1,0,0.5578976392380147,0.4155902452157626,32,interleaved
32002,2,0,0.5141752178125273,0.8177977232231041,32,interleaved
32003,3,0,0.732054493591331,0.5755955676422123,32,interleaved
32004,4,0,0.30603425651565275,0.5140308894007477,32,interleaved
32005,5,0,0.4168972340391804,0.5075474445789012,32,interleaved
32006,6,0,0.718430487821305,0.5025023006091938,32,interleaved
32007,7,0,0.030658306978520202,0.6955084397088142,32,interleaved
32008,8,0,0.5219433917924385,0.5871923859383971,32,interleaved
32009,9,0,0.25103424100337257,0.6758993887023248,32,interleaved
32010,10,0,0.5030259949784883,0.5449144358703558,32,interleaved
32011,11,0,0.4706241299615749,0.9659988755072588,32,interleaved
32012,12,0,0.9685071742238909,0.5294800602177072,32,interleaved
32013,13,0,0.5025780211016263,0.5223475039666301,32,interleaved
32014,14,0,0.9422014909360563,0.6829435274690413,32,interleaved
32015,15,0,0.9954878442434067,0.40072258967494656,32,interleaved
32016,16,0,0.5479080123019524,0.4986406723222113,32,interleaved
32017,17,0,0.25571866268833215,0.5969659261658898,32,interleaved
32018,18,0,0.32598369079119616,0.6135666495227322,32,interleaved
32019,19,0,0.3876323771825298,0.6621378716406123,32,interleaved
32020,20,0,0.6453187475602677,0.5215900446774763,32,interleaved
32021,21,0,0.015909783413751488,0.6155751275104073,32,interleaved
32022,22,0,0.5164545328673603,0.5230745434342614,32,interleaved
32023,23,0,0.4418571558120781,0.6141652909702734,32,interleaved
32024,24,0,0.01159261649973365,1.0985871335086979,32,interleaved
32025,25,0,0.3913419404880025,0.40190671470178996,32,interleaved
32026,26,0,0.9489380068585425,0.7325722377622859,32,interleaved
32027,27,0,0.5359228527734242,0.5330495390280217,32,interleaved
32028,28,0,0.4461151034906575,0.7906248553565549,32,interleaved
32029,29,0,0.5317934711984387,0.3793342881959027,32,interleaved
32030,30,0,0.9728477186933776,0.7709960419070194,32,interleaved
32031,31,0,0.49221150583979817,1.4307141521503544,32,interleaved
32032,32,0,0.06158742073051475,0.5923005380333399,32,interleaved
32033,33,0,0.9339218854068878,0.5829585551643116,32,interleaved
32034,34,0,0.9961782866265786,0.5783380541407315,32,interleaved
32035,35,0,0.4991212749854073,1.0270518617051179,32,interleaved
32036,36,0,0.540426456681861,0.6489650979354713,32,interleaved
32037,37,0,0.2427172670486891,0.8394688547166302,32,interleaved
32038,38,0,0.9913724742539056,0.8356561366691766,32,interleaved
32039,39,0,0.23440752030668147,0.6729138602584122,32,interleaved
32040,40,0,0.6726093183502676,0.8507310109867969,32,interleaved
32041,41,0,0.5021234467134036,1.120466575332221,32,interleaved
32042,42,0,0.5148284570479887,0.9843051836975925,32,interleaved
32043,43,0,0.4191736591468498,0.9282156863819012,32,interleaved
32044,44,0,0.9899779017261119,0.6831962133889629,32,interleaved
32045,45,0,0.4882785872885993,0.9019967441957353,32,interleaved
32046,46,0,0.71923093697635,0.7344649749993732,32,interleaved
32047,47,0,0.09025420594041347,1.0958965162601468,32,interleaved
32048,48,0,0.5022447500895602,0.6783644229810339,32,interleaved
32049,49,0,0.502379264570576,0.8231240109134446,32,interleaved
32050,50,0,0.4656742253963662,0.6144519170545928,32,interleaved
32051,51,0,0.9585165884677607,0.5005600804426098,32,interleaved
32052,52,0,0.7916307901580533,0.4884325756656795,32,interleaved
32053,53,0,0.4949101917137008,0.6738429294686457,32,interleaved
32054,54,0,0.6118363723839448,0.5154926109797459,32,interleaved
32055,55,0,0.70352521154427,0.4166979788242058,32,interleaved
32056,56,0,0.4092926649173267,0.4973926441745482,32,interleaved
32057,57,0,0.9764882448809196,0.41047532616204196,32,interleaved
32058,58,0,0.4084916534097403,0.48150869511458116,32,interleaved
32059,59,0,0.9696389478859776,0.5002214632080928,32,interleaved
32060,60,0,0.39619435965699934,0.704672636935904,32,interleaved
32061,61,0,0.5261116649250013,0.7306704628823858,32,interleaved
32062,62,0,0.15822692423405907,0.7712294528873314,32,interleaved
32063,63,0,0.5101679796282756,0.8345352969804132,32,interleaved
32064,64,0,0.00012449924382862526,1.1617432203771147,32,interleaved
32065,65,0,0.2156597323586562,0.5808468811210776,32,interleaved
32066,66,0,0.05391036706405457,0.6040128121420052,32,interleaved
32067,67,0,0.8948033626239977,0.5081616037208526,32,interleaved
32068,68,0,0.6384998046467043,0.675648244069168,32,interleaved
32069,69,0,0.49816447479853226,0.8296597896378208,32,interleaved
32070,70,0,0.5194880231329619,0.9537844811835017,32,interleaved
32071,71,0,0.1542186326083078,0.6179122647807543,32,interleaved
32072,72,0,0.9928223320825195,0.41576823142718633,32,interleaved
32073,73,0,0.5715291101888819,0.5083716917409816,32,interleaved
32074,74,0,0.9949852333965488,0.5872167833844588,32,interleaved
32075,75,0,0.5001851962469207,1.00362211778863,32,interleaved
32076,76,0,0.42774176103720507,0.6967299361012632,32,interleaved
32077,77,0,0.5084731489999479,1.0412123755487075,32,interleaved
32078,78,0,0.028293051736731342,0.9411237738113394,32,interleaved
32079,79,0,0.9297012997257863,0.6914644674177758,32,interleaved
32080,80,0,0.5019373559730772,0.5130183006515648,32,interleaved
32081,81,0,0.551648938563932,0.7492581636603649,32,interleaved
32082,82,0,0.06361760931302236,1.0054443831204591,32,interleaved
32083,83,0,0.5111943754615154,0.8121966809547985,32,interleaved
32084,84,0,0.5895683112755261,0.6155758195193476,32,interleaved
32085,85,0,0.7850472792836698,0.508971829967937,32,interleaved
32086,86,0,0.9930074185088389,0.4243124843360462,32,interleaved
32087,87,0,0.5000049336417361,1.6459206595419489,32,interleaved
32088,88,0,0.0003870919583198291,0.9182479163987171,32,interleaved
32089,89,0,0.5044747752064098,0.7031177863703746,32,interleaved
32090,90,0,0.9998704207214593,0.8601421809921116,32,interleaved
32091,91,0,0.4990411558388389,0.8671788394198923,32,interleaved
32092,92,0,0.7434987047910406,0.6029051062057786,32,interleaved
32093,93,0,0.9685208591425858,0.8068142722356668,32,interleaved
32094,94,0,0.9834622399105435,0.48273022920173225,32,interleaved
32095,95,0,0.5024117971383599,0.7987517858107294,32,interleaved
32096,96,0,0.43851225064419813,1.0792222163245746,32,interleaved
32097,97,0,0.5756535352836598,0.8600357387829407,32,interleaved
32098,98,0,0.8974571222236746,0.756889035278259,32,interleaved
32099,99,0,0.9634221285223857,0.3933040654254798,32,interleaved
32100,100,0,0.9478397128927667,0.8932531883105304,32,interleaved
32101,101,0,0.5026842638782394,0.827770074851925,32,interleaved
32102,102,0,0.05449872577222722,0.5579837428202667,32,interleaved
32103,103,0,0.9864966007892583,0.34946612797427734,32,interleaved
32104,104,0,0.012610704107346745,1.121867732562887,32,interleaved
32105,105,0,0.44922774323785386,1.0394065273298467,32,interleaved
32106,106,0,0.2658270535189209,0.7152100223277599,32,interleaved
32107,107,0,0.7313590009051554,0.5383490239326609,32,interleaved
32108,108,0,0.6530794742698312,0.6051544722414645,32,interleaved
32109,109,0,0.8921909600362394,0.5766976549628813,32,interleaved
32110,110,0,0.9972033108437027,0.4906276994285141,32,interleaved
32111,111,0,0.6615719266091302,0.4036782014703216,32,interleaved
32112,112,0,0.5912651883912033,0.5750431243697964,32,interleaved
32113,113,0,0.5039049266552454,0.7166365661315105,32,interleaved
32114,114,0,0.9949580360389052,1.021432619463681,32,interleaved
32115,115,0,0.516115540506898,0.8489837697895369,32,interleaved
32116,116,0,0.3113780916060035,0.8405018608137593,32,interleaved
32117,117,0,0.5009136487501239,0.5498159120012733,32,interleaved
32118,118,0,0.8840854322221641,0.5653490363611249,32,interleaved
32119,119,0,0.6468161249921972,0.40431967321127094,32,interleaved
32120,120,0,0.4855661134162707,0.5801675365599064,32,interleaved
32121,121,0,0.7311714136476875,0.570949436851758,32,interleaved
32122,122,0,0.9551129714176361,0.4622432146435713,32,interleaved
32123,123,0,0.5033881146683417,0.7378021588497027,32,interleaved
32124,124,0,0.6451849465143279,0.6027438792219795,32,interleaved
32125,125,0,0.502632641652601,1.014778051352887,32,interleaved
32126,126,0,0.48060162670882894,0.7030763979727561,32,interleaved
32127,127,0,0.7926317206737038,0.46822670887861895,32,interleaved
32128,128,0,0.13061393686817835,0.6993569317428023,32,interleaved
32129,129,0,0.3914098559317795,0.7880512312314889,32,interleaved
32130,130,0,0.9335176184336511,0.587639508328184,32,interleaved
32131,131,0,0.49877841421312213,0.6945242497213436,32,interleaved
32132,132,0,0.875954581498616,0.5528758090489941,32,interleaved
32133,133,0,0.8608894515809543,0.5191277089550284,32,interleaved
32134,134,0,0.9293977152488467,0.5745472976485135,32,interleaved
32135,135,0,0.5052752753533744,0.5344005077863005,32,interleaved
32136,136,0,0.9995952944185797,0.7132188111656464,32,interleaved
32137,137,0,0.5002167139224475,0.754078731539769,32,interleaved
32138,138,0,0.9026697139645008,0.4820722799036077,32,interleaved
32139,139,0,0.2774046668017478,0.6801633607387362,32,interleaved
32140,140,0,0.7291504598610884,0.4445907016337283,32,interleaved
32141,141,0,0.9930642929043796,0.5078556120687059,32,interleaved
32142,142,0,0.9991776392611835,0.6139305773527044,32,interleaved
32143,143,0,0.4787345036579392,0.5120629562556408,32,interleaved
32144,144,0,0.9834948999407868,0.7949255711907616,32,interleaved
32145,145,0,0.49927114566567743,0.7278095551886476,32,interleaved
32146,146,0,0.5397561420338013,0.6473414706150922,32,interleaved
32147,147,0,0.5249749540016684,0.45392982585181024,32,interleaved
32148,148,0,0.950030829461922,0.40404501890144795,32,interleaved
32149,149,0,0.49427715391701654,0.3402189747328712,32,interleaved
32150,150,0,0.6326636714288587,0.6368072061991747,32,interleaved
32151,151,0,0.28405408304487617,0.7110486914254519,32,interleaved
32152,152,0,0.544641067095212,0.4517890754827336,32,interleaved
32153,153,0,0.5156665683321396,0.6201251800194085,32,interleaved
32154,154,0,0.9996482098523034,0.5923616633260794,32,interleaved
32155,155,0,0.5063463913996427,0.7746456394771453,32,interleaved
32156,156,0,0.9550481919872266,0.5668265172721723,32,interleaved
32157,157,0,0.4018335939038191,0.5320436037766283,32,interleaved
32158,158,0,0.9615234553381189,0.46931799747859265,32,interleaved
32159,159,0,0.9619962020495876,0.4212303726983332,32,interleaved
32160,160,0,0.7809527597529458,0.6208793541982326,32,interleaved
32161,161,0,0.5174703957372858,0.7679367699047673,32,interleaved
32162,162,0,0.049440509542895104,0.6495064416436678,32,interleaved
32163,163,0,0.9755767647600373,0.5614519199844794,32,interleaved
32164,164,0,0.5372470728542952,0.5495167898685878,32,interleaved
32165,165,0,0.9995594047524703,0.6575823168337782,32,interleaved
32166,166,0,0.6351384696307807,0.45367646369948533,32,interleaved
32167,167,0,0.6238140628433454,0.4279776828430286,32,interleaved
32168,168,0,0.9953499272869641,0.541126769802196,32,interleaved
32169,169,0,0.520982153093336,0.47869192963910845,32,interleaved
32170,170,0,0.8970837785093434,0.4611597043949026,32,interleaved
32171,171,0,0.506590802838075,0.5205453734447829,32,interleaved
32172,172,0,0.7777376194242134,0.4136333424215335,32,interleaved
32173,173,0,0.7438305914308925,0.561526450434937,32,interleaved
32174,174,0,0.9194894922614992,0.5936850743060961,32,interleaved
32175,175,0,0.497440337267052,0.6229711005266398,32,interleaved
32176,176,0,0.5134555247968947,0.771673281050314,32,interleaved
32177,177,0,0.7032527298665551,0.7520481745216234,32,interleaved
32178,178,0,0.507899866685111,0.4966039362267015,32,interleaved
32179,179,0,0.9553715350664289,0.7997709265321806,32,interleaved
32180,180,0,0.6092791030512446,0.7295071414062666,32,interleaved
32181,181,0,0.53309504661894,0.4611966340739809,32,interleaved
32182,182,0,0.3668252326171039,0.6561733786274829,32,interleaved
32183,183,0,0.636650445786497,0.3440362044181874,32,interleaved
32184,184,0,0.7822338352216897,0.42442937973210554,32,interleaved
32185,185,0,0.9159731166538104,0.4440066747954735,32,interleaved
32186,186,0,0.5826632215767906,0.5051642763175087,32,interleaved
32187,187,0,0.9078936892173284,0.49243755294802005,32,interleaved
32188,188,0,0.5082817594198539,0.47244987056756665,32,interleaved
32189,189,0,0.6480552874983211,0.3151538177610702,32,interleaved
32190,190,0,0.8818967747636515,0.46012465498555166,32,interleaved
32191,191,0,0.5148707432918599,0.4889545872119919,32,interleaved
32192,192,0,0.7853483328655795,0.5253510476743302,32,interleaved
32193,193,0,0.9071994131929708,0.46246777278342877,32,interleaved
32194,194,0,0.5010048585247096,0.9310441008279757,32,interleaved
32195,195,0,0.9898303162747539,0.9046690263429729,32,interleaved
32196,196,0,0.9298467420385906,0.5788511754368395,32,interleaved
32197,197,0,0.967312493198129,0.8846392517936777,32,interleaved
32198,198,0,0.9265661072767698,0.5464752037723049,32,interleaved
32199,199,0,0.5756119146446808,0.6198820219950978,32,interleaved
32200,0,0,0.5607659328949858,0.856609966209585,32,blocked
32201,1,0,0.08661327227817933,0.7239682274983286,32,blocked
32202,2,0,0.515045984494801,0.5773015476718306,32,blocked
32203,3,0,0.8847638222246901,0.3736752862100204,32,blocked
32204,4,0,0.13201917534035762,0.6421170203204891,32,blocked
32205,5,0,0.5734129824687062,0.631337432253352,32,blocked
32206,6,0,0.9995692349794996,0.838164068584478,32,blocked
32207,7,0,0.544577989767561,0.5576263303788378,32,blocked
32208,8,0,0.623880691651388,0.5467639454400903,32,blocked
32209,9,0,0.4833699909270002,0.5428771202219591,32,blocked
32210,10,0,0.9153882469099903,0.4767913179504889,32,blocked
32211,11,0,0.9610669477756847,0.36246157017952757,32,blocked
32212,12,0,0.9880785333314648,0.657822987351987,32,blocked
32213,13,0,0.933040884342035,0.38495766227928085,32,blocked
32214,14,0,0.15709847550686123,0.8774487406857177,32,blocked
32215,15,0,0.079212619907458,0.7312733755149992,32,blocked
32216,16,0,0.6491270764569897,0.8049088689624454,32,blocked
32217,17,0,0.14983792581233818,1.1985876523950671,32,blocked
32218,18,0,0.5872399134680986,0.5851184685465154,32,blocked
32219,19,0,0.7682585234222178,0.5697242188703673,32,blocked
32220,20,0,0.9739079688388913,0.6155485830061752,32,blocked
32221,21,0,0.9842466600517992,0.8539278739151217,32,blocked
32222,22,0,0.9508059834218299,0.5797430854171972,32,blocked
32223,23,0,0.9959448404294766,0.6467490994333573,32,blocked
32224,24,0,0.49101930493880147,0.8580559550988547,32,blocked
32225,25,0,0.8736371158340714,0.5170122236357289,32,blocked
32226,26,0,0.9827893767512443,0.4656432699031061,32,blocked
32227,27,0,0.16564871132768877,0.9548294187275133,32,blocked
32228,28,0,0.6058032765058728,0.6324854390314061,32,blocked
32229,29,0,0.992067259997991,0.6330408113386199,32,blocked
32230,30,0,0.6118961957727775,0.5284838674495063,32,blocked
32231,31,0,0.033683551100564604,0.8383823189608102,32,blocked
32232,32,0,0.9829520764036901,0.5677832724009497,32,blocked
32233,33,0,0.7162534998118926,0.5405178222876745,32,blocked
32234,34,0,0.5968095016185232,0.6912895209668215,32,blocked
32235,35,0,0.7560184161690444,0.79908770113666,32,blocked
32236,36,0,0.14164464778948505,0.7665076165731621,32,blocked
32237,37,0,0.9881311654537877,1.0392157471598187,32,blocked
32238,38,0,0.7310612769436964,0.8541021887891578,32,blocked
32239,39,0,0.4114114004478472,0.588039429185403,32,blocked
32240,40,0,0.5084348771791851,0.6628095668554755,32,blocked
32241,41,0,0.022876285868632024,0.6956745895067218,32,blocked
32242,42,0,0.6235316014565976,0.5529739970815422,32,blocked
32243,43,0,0.519099820154731,0.9833749807711439,32,blocked
32244,44,0,0.09521957910870235,0.8555546895758426,32,blocked
32245,45,0,0.9914294418943235,0.8289892716039113,32,blocked
32246,46,0,0.006629011803888614,0.9886779832026589,32,blocked
32247,47,0,0.0034957295895040002,0.8293977629714724,32,blocked
32248,48,0,0.6468599779512135,1.044224645331876,32,blocked
32249,49,0,0.9983257053805245,1.0688387086585875,32,blocked
32250,50,0,0.12271759524402792,0.9010769304794172,32,blocked
32251,51,0,0.9999150425630667,0.9389786194980189,32,blocked
32252,52,0,0.9998654548473715,1.0689395305586173,32,blocked
32253,53,0,0.5501849494128838,0.7759811538545298,32,blocked
32254,54,0,0.9989017234612572,0.6725049947318349,32,blocked
32255,55,0,0.013943931122944595,0.8358877544768915,32,blocked
32256,56,0,0.004401955524902381,0.8684462069010235,32,blocked
32257,57,0,0.9609713717178345,0.49102491393802294,32,blocked
32258,58,0,0.4708678802763584,0.6038169312112529,32,blocked
32259,59,0,0.6609402150295431,0.567445620526671,32,blocked
32260,60,0,0.999707820311206,0.5468544622941589,32,blocked
32261,61,0,0.6618168114928036,0.6065925387705065,32,blocked
32262,62,0,0.45417315862776025,0.5905919590649051,32,blocked
32263,63,0,0.011129646966259132,0.8816732040382332,32,blocked
32264,64,0,0.0698630920554609,0.7683738180448824,32,blocked
32265,65,0,0.005695415474358917,0.8932721575448579,32,blocked
32266,66,0,0.9981336268531862,0.7833808858428843,32,blocked
32267,67,0,0.9690651920205732,0.5087134232121472,32,blocked
32268,68,0,0.46991507778382713,0.7253146886748767,32,blocked
32269,69,0,0.9998187725392734,0.794227415053999,32,blocked
32270,70,0,0.2869053781986245,0.6593426372265467,32,blocked
32271,71,0,0.9984083403744701,0.5302398064187219,32,blocked
32272,72,0,0.5413857311001065,0.7562010618387031,32,blocked
32273,73,0,0.9898692776002611,0.6144790079084796,32,blocked
32274,74,0,0.9015978976962551,0.5575049975248559,32,blocked
32275,75,0,0.5929182238876718,0.49772371633694346,32,blocked
32276,76,0,0.9993357049481677,0.6812869339851448,32,blocked
32277,77,0,0.5450934246324176,0.5484297607752135,32,blocked
32278,78,0,0.9887325023626087,0.6677044240526411,32,blocked
32279,79,0,0.8973920400156064,0.44243053506645624,32,blocked
32280,80,0,0.5002515190317198,0.8229164905811711,32,blocked
32281,81,0,0.5005015817483368,0.8735948858490209,32,blocked
32282,82,0,0.49727083163152036,0.7038374070751704,32,blocked
32283,83,0,0.16634196843807555,0.604977869441065,32,blocked
32284,84,0,0.4927142097223607,1.1805193233304572,32,blocked
32285,85,0,0.4730951496438261,0.6364824103856714,32,blocked
32286,86,0,0.958415459872849,0.545301381646768,32,blocked
32287,87,0,0.65478779692562,0.834614366922364,32,blocked
32288,88,0,0.04756067013791245,0.6892371924356049,32,blocked
32289,89,0,0.9837820865859422,0.5756342243669693,32,blocked
32290,90,0,0.6534406684594469,0.98004940399225,32,blocked
32291,91,0,0.4993540319968052,0.8592601985626528,32,blocked
32292,92,0,0.41747854074774315,1.0395146186364825,32,blocked
32293,93,0,0.5407684589127524,0.6048815240847518,32,blocked
32294,94,0,0.5382192007885332,0.6305365022050355,32,blocked
32295,95,0,0.9130848740315493,0.6775455405058508,32,blocked
32296,96,0,0.4929021648489023,1.1991555038397888,32,blocked
32297,97,0,0.5728498811238598,0.6470586932441361,32,blocked
32298,98,0,0.4753516818932425,0.9896610041555031,32,blocked
32299,99,0,0.994888611081526,0.7896753693598708,32,blocked
32300,100,0,0.8402801431656286,0.6051383098261649,32,blocked
32301,101,0,0.5000043285528316,0.9137060197399436,32,blocked
32302,102,0,0.9999282088735988,0.6306643265451657,32,blocked
32303,103,0,0.9807426170821888,0.4512794947713253,32,blocked
32304,104,0,0.9572437896884898,0.5013144090677237,32,blocked
32305,105,0,0.4983413856969482,1.2815183607530807,32,blocked
32306,106,0,0.8132579297572304,0.7028049747206437,32,blocked
32307,107,0,0.9981617830091785,0.5536354291791811,32,blocked
32308,108,0,0.6426115931855257,0.6229636564592251,32,blocked
32309,109,0,0.6015802749491926,0.6524786415938172,32,blocked
32310,110,0,0.5977918885723043,0.5923661446389367,32,blocked
32311,111,0,0.995971588499331,0.3994359402513501,32,blocked
32312,112,0,0.9642743542361925,0.6600526531185871,32,blocked
32313,113,0,0.9912196796227498,0.5979566147394715,32,blocked
32314,114,0,0.9100646455144094,0.6492765285185516,32,blocked
32315,115,0,0.9722293703208351,0.3722185177448464,32,blocked
32316,116,0,0.9626871392052501,0.3555343460949544,32,blocked
32317,117,0,0.5280021631080083,0.5852556058175117,32,blocked
32318,118,0,0.9870406860412184,0.5149502316644785,32,blocked
32319,119,0,0.798799282578619,0.3339505831166334,32,blocked
32320,120,0,0.056598448535411565,0.600549173987043,32,blocked
32321,121,0,0.8471277714562072,0.6145473646007367,32,blocked
32322,122,0,0.5271398985348108,0.6022087042883478,32,blocked
32323,123,0,0.03557559182139291,0.7687854618149419,32,blocked
32324,124,0,0.03059660065848703,1.0338016440527535,32,blocked
32325,125,0,0.19545269539183055,0.6040869838312783,32,blocked
32326,126,0,0.47927927686433935,0.5135963892483526,32,blocked
32327,127,0,0.8661320981942231,0.6842669282919521,32,blocked
32328,128,0,0.9129165759077039,0.6868024182264818,32,blocked
32329,129,0,0.2687831732170318,0.8773205463660931,32,blocked
32330,130,0,0.5090121777801535,0.7326653009504585,32,blocked
32331,131,0,0.010627593129255361,0.7634247670158574,32,blocked
32332,132,0,0.9254456586193953,0.5701999094538304,32,blocked
32333,133,0,0.5140539231002476,1.0133066367317536,32,blocked
32334,134,0,0.5827573654973276,0.6810526227302138,32,blocked
32335,135,0,0.7724982790340478,0.5607689453446778,32,blocked
32336,136,0,0.9999455690147026,0.6203613676155451,32,blocked
32337,137,0,0.42516719544376824,0.452842264648519,32,blocked
32338,138,0,0.9976043623005835,0.8042966128256175,32,blocked
32339,139,0,0.5476642253891646,0.7306852483153174,32,blocked
32340,140,0,0.9781488858375169,0.5705092462850919,32,blocked
32341,141,0,0.9960804571440044,0.5215300428280586,32,blocked
32342,142,0,0.9883664752056096,0.6923618810479403,32,blocked
32343,143,0,0.3555395909889162,0.7964085865851207,32,blocked
32344,144,0,0.6898939650044036,0.8847575221882545,32,blocked
32345,145,0,0.9998849295182695,0.8220893590780756,32,blocked
32346,146,0,0.6202289587831795,0.45125521657095774,32,blocked
32347,147,0,0.7637434315490417,0.4789935054463076,32,blocked
32348,148,0,0.6903043076073083,0.7196982832105485,32,blocked
32349,149,0,0.7293165859076587,0.6559027778976114,32,blocked
32350,150,0,1.5924164310785188e-05,1.0915241593416307,32,blocked
32351,151,0,0.9953151075355806,0.6065308278665148,32,blocked
32352,152,0,0.9735534492970221,0.36168373440764123,32,blocked
32353,153,0,0.8674458645613139,0.5279010216620015,32,blocked
32354,154,0,0.44372274974007087,0.6041952625004965,32,blocked
32355,155,0,0.7255394744315324,0.769938379127175,32,blocked
32356,156,0,0.10665936325576603,0.5367812716940654,32,blocked
32357,157,0,0.6793496692219052,0.4904954832578754,32,blocked
32358,158,0,0.8353046613184398,0.3662413163520441,32,blocked
32359,159,0,0.6528911550663643,0.4691029204792852,32,blocked
32360,160,0,0.6922384410069717,0.5658749020144985,32,blocked
32361,161,0,0.6399486796719357,0.481887694142467,32,blocked
32362,162,0,0.49691997838108337,0.9167442394433696,32,blocked
32363,163,0,0.05865502345159079,0.5836083456264078,32,blocked
32364,164,0,0.8367283921941586,0.597278512835575,32,blocked
32365,165,0,0.9996468716020331,0.5331175239774886,32,blocked
32366,166,0,0.9981715384064866,0.4138919122396507,32,blocked
32367,167,0,0.2517521193925001,0.7902785089389527,32,blocked
32368,168,0,0.2126533667084436,0.5747207499469235,32,blocked
32369,169,0,0.3681449006931274,0.4870206898522098,32,blocked
32370,170,0,0.22880039101004207,0.5298829520793392,32,blocked
32371,171,0,0.6116278784373061,0.6607841619782377,32,blocked
32372,172,0,0.5505471762747602,0.603992258395986,32,blocked
32373,173,0,0.4965683684844422,0.9811455500869699,32,blocked
32374,174,0,0.4512421281562119,0.7460780032774681,32,blocked
32375,175,0,0.5044181873713025,0.7950776844515677,32,blocked
32376,176,0,0.022317506244560636,0.7981702499204631,32,blocked
32377,177,0,0.3755942162087756,0.7172148528738906,32,blocked
32378,178,0,0.07576826820992143,0.8007228388341309,32,blocked
32379,179,0,0.13770521558986407,0.5546133908110147,32,blocked
32380,180,0,0.026231483947919687,0.5788097560236407,32,blocked
32381,181,0,0.5378708599512741,0.5275573802786436,32,blocked
32382,182,0,0.9553412766881539,0.6033723853309783,32,blocked
32383,183,0,0.2503189986832036,0.6711044086706748,32,blocked
32384,184,0,0.4721173291617216,0.8005741821280343,32,blocked
32385,185,0,0.9302030758261555,0.7788606704475621,32,blocked
32386,186,0,0.9365226349177815,0.715196205800597,32,blocked
32387,187,0,0.25709416869146984,0.7043099600997951,32,blocked
32388,188,0,0.5486533272616777,0.4624032229071763,32,blocked
32389,189,0,0.9444838131902199,0.5971433052515424,32,blocked
32390,190,0,0.6775350596495765,0.7285448684585316,32,blocked
32391,191,0,0.9994854611391784,0.8696730201510295,32,blocked
32392,192,0,0.6893568892480291,0.47933263581466296,32,blocked
32393,193,0,0.9491908881315005,0.7964143834779401,32,blocked
32394,194,0,0.9718152497355446,0.4963213041539919,32,blocked
32395,195,0,0.3697062289588093,0.4029928947340857,32,blocked
32396,196,0,0.49910389071713746,0.4785796631270234,32,blocked
32397,197,0,0.641708396142511,0.5643822593767727,32,blocked
32398,198,0,0.36352624494153934,0.633935357707829,32,blocked
32399,199,0,0.18516973409618284,0.6754269002657418,32,blocked
32400,0,0,0.5170967520657845,0.5385837841972703,32,early
32401,1,0,0.2657530283654542,0.6224153334689477,32,early
32402,2,0,0.486507309768182,0.5859743955928531,32,early
32403,3,0,0.528478325663943,0.46200593308420324,32,early
32404,4,0,0.2982630224652784,0.5875631859012647,32,early
32405,5,0,0.46201023516444994,0.45357833799183256,32,early
32406,6,0,0.5172282803992588,0.54415100502946,32,early
32407,7,0,0.0626029311855374,0.6079872512749156,32,early
32408,8,0,0.17877770972580023,0.6191697129690106,32,early
32409,9,0,0.7197548581429868,0.5469474361435287,32,early
32410,10,0,0.5033068493178956,0.45090143739229416,32,early
32411,11,0,0.5188810045795992,0.5204064487624992,32,early
32412,12,0,0.621389616012668,0.5638792769253175,32,early
32413,13,0,0.4379646060417066,0.5579921980944704,32,early
32414,14,0,0.5248201331549882,0.6370761229958868,32,early
32415,15,0,0.5930916386642155,0.7223056302486168,32,early
32416,16,0,0.23302330018736053,0.5300124938289109,32,early
32417,17,0,0.5431731486445461,0.39316730734013833,32,early
32418,18,0,0.3531918500336176,0.5849163336400349,32,early
32419,19,0,0.5029194423988941,0.6289991161611965,32,early
32420,20,0,0.5023789461230804,0.7888152088203286,32,early
32421,21,0,0.5100602143254349,0.5204275182755755,32,early
32422,22,0,0.1737659094367852,0.5925163418865429,32,early
32423,23,0,0.5017936516446485,0.5088366524963583,32,early
32424,24,0,0.5935359973620269,0.4716833412231922,32,early
32425,25,0,0.6669657628915127,0.8025533275725125,32,early
32426,26,0,0.405855504540461,0.6073602295175267,32,early
32427,27,0,0.300755898083169,0.5605118836243645,32,early
32428,28,0,0.5010440361049067,0.6684747325884972,32,early
32429,29,0,0.9538592161762669,0.5327897064604804,32,early
32430,30,0,0.4865740309910307,0.5029368425644042,32,early
32431,31,0,0.5345563088004276,0.5060355635788143,32,early
32432,32,0,0.609601110473428,0.382830990797163,32,early
32433,33,0,0.5011085261427954,0.7330743191846996,32,early
32434,34,0,0.49586003117297167,0.5632701560294184,32,early
32435,35,0,0.5064224542634455,0.7189042748088752,32,early
32436,36,0,0.5020750305863613,0.5009361918575554,32,early
32437,37,0,0.6548572589144603,0.39837317914487164,32,early
32438,38,0,0.5004571426865749,0.6011840232870671,32,early
32439,39,0,0.4842046170835772,0.6660876692601618,32,early
32440,40,0,0.6722798307976016,0.5810788291309187,32,early
32441,41,0,3.5461511107301e-07,1.3385082150584406,32,early
32442,42,0,0.014791361376961125,0.7809691626442963,32,early
32443,43,0,0.9940900374190698,0.42946257211379757,32,early
32444,44,0,0.9093666727095686,0.5326682995447495,32,early
32445,45,0,0.23753209221127325,0.671422550420389,32,early
32446,46,0,0.5143420934588369,0.6798437625130916,32,early
32447,47,0,0.5310258218185082,0.5641459503872577,32,early
32448,48,0,0.5575626688372035,0.4170719682373698,32,early
32449,49,0,0.9881986553651534,0.4806638804046548,32,early
32450,50,0,0.9997690015164369,0.5950337889751349,32,early
32451,51,0,0.9881590871246331,0.774168356623467,32,early
32452,52,0,0.3453458537110112,0.6351126768272881,32,early
32453,53,0,0.9169512389006362,0.5076325444617225,32,early
32454,54,0,0.7829987576997298,0.39783210569851324,32,early
32455,55,0,0.7725871782680477,0.35654607994774523,32,early
32456,56,0,0.9846541048380908,0.5455211191362863,32,early
32457,57,0,0.9999390273510103,0.5807577605841021,32,early
32458,58,0,0.5051779154697208,0.5334360337189243,32,early
32459,59,0,0.906037166795091,0.5833064365043544,32,early
32460,60,0,0.9940244075999797,0.6397344426274134,32,early
32461,61,0,0.9091261058481801,0.6858464246193957,32,early
32462,62,0,0.9983352389221211,0.6460524836842141,32,early
32463,63,0,0.9997544947138595,0.7428887025219123,32,early
32464,64,0,0.9766871413676359,0.36137579148540966,32,early
32465,65,0,0.999598003774588,0.5707606653119539,32,early
32466,66,0,0.9931996867379279,0.6333091432976166,32,early
32467,67,0,0.6722776520055596,0.6847374923499668,32,early
32468,68,0,0.0002783972548905826,0.7692343567643203,32,early
32469,69,0,0.952997971310902,0.37850749637000425,32,early
32470,70,0,0.7639118798176046,0.5320748045593047,32,early
32471,71,0,0.6428064723934497,0.5647369473967498,32,early
32472,72,0,0.24192468967268377,0.5184249279161162,32,early
32473,73,0,0.9980022056193744,0.33928498545917174,32,early
32474,74,0,0.2352141675983876,0.6422745455552104,32,early
32475,75,0,0.035684412255550246,0.46957892052838296,32,early
32476,76,0,0.9999015282204129,0.6074103344065565,32,early
32477,77,0,0.9997849409467906,0.3755961919881008,32,early
32478,78,0,0.9418856131937814,0.8878164251742167,32,early
32479,79,0,0.40822089833611885,0.8557852289472823,32,early
32480,80,0,0.48347929280204177,0.5097760922331938,32,early
32481,81,0,0.9994327654848888,0.5224145951902924,32,early
32482,82,0,0.35870326321474977,0.4363596768955954,32,early
32483,83,0,0.9532363084479005,0.5611923807795028,32,early
32484,84,0,0.5003415019525062,0.7178186965187942,32,early
32485,85,0,0.01795699015910592,0.7136420472428266,32,early
32486,86,0,0.7587179878377683,0.501448209024703,32,early
32487,87,0,0.5139134645679335,0.5117163987573627,32,early
32488,88,0,0.18114996977445183,0.547540273854473,32,early
32489,89,0,0.5222860793648013,0.5529727762439479,32,early
32490,90,0,0.5123309868841099,0.4267918576104447,32,early
32491,91,0,0.9027985098113132,0.5789261709898097,32,early
32492,92,0,0.5429169822411207,0.4571599384155155,32,early
32493,93,0,0.6288021188238773,0.5042735381189205,32,early
32494,94,0,0.5004377545633307,0.7697899282473607,32,early
32495,95,0,0.0022502551419104734,0.5854155331222033,32,early
32496,96,0,0.49923166588011597,0.565792765366051,32,early
32497,97,0,0.9969944995495529,0.4129506728384875,32,early
32498,98,0,0.657014115099753,0.5129125775569147,32,early
32499,99,0,0.9275335554326192,0.4977615291205336,32,early
32500,100,0,0.44940772158890424,0.6501792396429967,32,early
32501,101,0,0.968901570884384,0.7169046092734388,32,early
32502,102,0,0.735711647948533,0.6202992439510852,32,early
32503,103,0,0.549964330093936,0.36852590685214065,32,early
32504,104,0,0.5406792726063978,0.6344091915458083,32,early
32505,105,0,0.29967566444661003,0.4417291586994334,32,early
32506,106,0,0.17152056289888,0.7459926675780445,32,early
32507,107,0,0.36884622457647337,0.6490460367352348,32,early
32508,108,0,0.5160430475542931,0.3896641994640749,32,early
32509,109,0,0.3834609011075338,0.546374901873693,32,early
32510,110,0,0.5033159171182405,0.3679222353177265,32,early
32511,111,0,0.8047542625881894,0.41905436376673216,32,early
32512,112,0,0.635318361930155,0.5304867978441784,32,early
32513,113,0,0.5237593028686023,0.4686536364834504,32,early
32514,114,0,0.5983415354736298,0.5116185326057519,32,early
32515,115,0,0.19264897281829854,0.7578652796284981,32,early
32516,116,0,0.4625036730259033,0.8047280995314687,32,early
32517,117,0,0.9999298043360796,0.5902840572982018,32,early
32518,118,0,0.842772733000926,0.3046473895169363,32,early
32519,119,0,0.4572637002899731,0.32844222500816833,32,early
32520,120,0,0.5274515106334022,0.41359183455868465,32,early
32521,121,0,0.9385958630693034,0.34043902601365994,32,early
32522,122,0,0.500679527145411,0.7532303473398321,32,early
32523,123,0,0.9988717291560305,0.38470149168715906,32,early
32524,124,0,0.5060268239829931,0.4935987949528876,32,early
32525,125,0,0.9163826836110087,0.4494942102773325,32,early
32526,126,0,0.5009029042075265,0.8453936123076332,32,early
32527,127,0,0.0064695200426060934,0.739768350633208,32,early
32528,128,0,0.5051403846235349,0.5125372544414651,32,early
32529,129,0,0.45133146256353596,0.4609560971896275,32,early
32530,130,0,0.5529621294593071,0.4390195262962252,32,early
32531,131,0,0.5136827356616515,0.5922442418844183,32,early
32532,132,0,0.6301104406506098,0.6909607465147012,32,early
32533,133,0,0.8715579107137517,0.4760426709322558,32,early
32534,134,0,0.6162568277888283,0.4969981251732959,32,early
32535,135,0,0.43543821406189764,0.4971248554321968,32,early
32536,136,0,0.49998922890155706,0.746623943963743,32,early
32537,137,0,0.5437900061535895,0.477185997433071,32,early
32538,138,0,0.4996925021610148,0.5237073098115537,32,early
32539,139,0,0.9383435998904754,0.2705657632999191,32,early
32540,140,0,0.7054398562821818,0.49564422835406297,32,early
32541,141,0,0.05088607036967585,0.5882806326194563,32,early
32542,142,0,0.0988937852252553,0.4832246247472288,32,early
32543,143,0,0.825495223378357,0.44093494725467614,32,early
32544,144,0,0.5074514417674879,0.5017536241834684,32,early
32545,145,0,0.8218916114099919,0.5078625953831548,32,early
32546,146,0,0.497472343398679,0.4015352243429141,32,early
32547,147,0,0.5098876070326981,0.44688351601506815,32,early
32548,148,0,0.68725999196926,0.47022843691684457,32,early
32549,149,0,0.9750208925325321,0.4198158578611034,32,early
32550,150,0,0.5000298589510184,0.7632090649939891,32,early
32551,151,0,0.5052872328501763,0.6740557123746109,32,early
32552,152,0,0.5054608434840603,0.6270332860921384,32,early
32553,153,0,0.14905362490299398,0.5391578046754066,32,early
32554,154,0,0.4960273036082614,0.6879631841638869,32,early
32555,155,0,0.024574706206357058,0.6262759126531561,32,early
32556,156,0,0.13420721987169992,0.5335529795685752,32,early
32557,157,0,0.9785620962876391,0.4464397541370851,32,early
32558,158,0,0.5702043846489508,0.32068611387246504,32,early
32559,159,0,0.9697011977327583,0.3216771940309848,32,early
32560,160,0,0.6254693161917182,0.4199204998437124,32,early
32561,161,0,0.98572953434329,0.3988843381225397,32,early
32562,162,0,0.5102445246260099,0.2969545284289079,32,early
32563,163,0,0.9870940643833296,0.45566520988948783,32,early
32564,164,0,0.7091449548603628,0.5407306552139006,32,early
32565,165,0,0.5651496931256008,0.5765459050515173,32,early
32566,166,0,0.524495362705273,0.42463709486911183,32,early
32567,167,0,0.9122411617397723,0.4950367540729621,32,early
32568,168,0,0.9998696175295179,0.635028201882237,32,early
32569,169,0,0.5785639243441966,0.739168747706227,32,early
32570,170,0,0.9774343396673897,0.51712047387604,32,early
32571,171,0,0.626308243208623,0.6312729201424785,32,early
32572,172,0,0.9541924034640024,0.39399113846246003,32,early
32573,173,0,0.5193406801301192,0.5811579941086435,32,early
32574,174,0,0.865025070592363,0.5278452776752782,32,early
32575,175,0,0.498362193789861,0.500735986993984,32,early
32576,176,0,0.6044853229623762,0.3697685490798375,32,early
32577,177,0,0.8189326694550851,0.23702726457357876,32,early
32578,178,0,0.8044113708386322,0.5624052016645992,32,early
32579,179,0,0.5259997069155518,0.5631435055168544,32,early
32580,180,0,0.7557688424672897,0.24733727482739265,32,early
32581,181,0,0.5345822619902686,0.5376265890253678,32,early
32582,182,0,0.9739647300710077,0.366287415642703,32,early
32583,183,0,0.9543796876348667,0.2853495571561879,32,early
32584,184,0,0.10957708110475257,0.47154460741969473,32,early
32585,185,0,0.5023465454139915,0.7954972427537801,32,early
32586,186,0,0.8839172316700908,0.34438412262601126,32,early
32587,187,0,0.1395551975841688,0.4967752755987308,32,early
32588,188,0,0.7838542076455355,0.5437371481577908,32,early
32589,189,0,0.9999602736068631,0.38015808578610355,32,early
32590,190,0,0.09643566072590318,0.5736884198166643,32,early
32591,191,0,0.49495130907923107,0.5113605628508234,32,early
32592,192,0,0.9871045802976234,0.4752603734273386,32,early
32593,193,0,0.1319269130221145,0.612285628424136,32,early
32594,194,0,0.5132803367374729,0.5256049177033452,32,early
32595,195,0,0.9573892973372569,0.4010476914550507,32,early
32596,196,0,0.5075188504687493,0.5979755996610696,32,early
32597,197,0,0.9863186531814406,0.47643261664396697,32,early
32598,198,0,0.9344343760326816,0.2888517218254269,32,early
32599,199,0,0.9998522243457155,0.5138908571857471,32,early
32600,0,0,0.03621636414280214,1.2347815831535496,32,middle
32601,1,0,0.28811184674985607,0.8759916403162783,32,middle
32602,2,0,0.41769049726016133,0.7097855849696699,32,middle
32603,3,0,0.5178136010021044,0.5725185814212881,32,middle
32604,4,0,0.508898241868874,0.5624428339277797,32,middle
32605,5,0,0.3648910374437283,0.7566637074000586,32,middle
32606,6,0,0.2964046251152289,0.809028011225297,32,middle
32607,7,0,0.029595756254826185,0.5295008870904427,32,middle
32608,8,0,0.8749216764885879,0.4193013603985585,32,middle
32609,9,0,0.49972907231742175,0.8388904283957066,32,middle
32610,10,0,0.39675627624980303,0.5057644200545056,32,middle
32611,11,0,0.4838808379553744,0.5796837173798048,32,middle
32612,12,0,0.5380901186331916,0.6417567442282657,32,middle
32613,13,0,0.7573755956180553,0.6556720452775537,32,middle
32614,14,0,0.6675753700749962,0.9041016227979386,32,middle
32615,15,0,0.30794190699465407,0.9133629207958536,32,middle
32616,16,0,0.05128423147499539,0.7624901916595967,32,middle
32617,17,0,0.9803634139739741,0.6544228333756854,32,middle
32618,18,0,0.0012159481040965772,1.1531751616663939,32,middle
32619,19,0,0.49786293311119134,0.7508900601165256,32,middle
32620,20,0,0.8494564297856331,0.7714723123222728,32,middle
32621,21,0,0.5290027890195234,0.5945299274033079,32,middle
32622,22,0,0.35696616698363554,0.7546541746514572,32,middle
32623,23,0,0.9658799488642069,0.6892081404724744,32,middle
32624,24,0,0.9658553611225134,0.5813939250881162,32,middle
32625,25,0,0.7574048470045445,0.5069329070311718,32,middle
32626,26,0,0.15106907428179286,0.7546773771690629,32,middle
32627,27,0,0.5006722599624721,0.7374854829448215,32,middle
32628,28,0,0.9168531028559037,0.7979064320288893,32,middle
32629,29,0,0.5931587500221284,0.8378768332307023,32,middle
32630,30,0,0.015575342189420163,1.0266209325639188,32,middle
32631,31,0,0.4976828668608992,0.9203130449194794,32,middle
32632,32,0,0.49866076510791246,0.9752131370835351,32,middle
32633,33,0,0.35297645589573934,0.7081028648472225,32,middle
32634,34,0,0.3338907827256269,0.6978287796810747,32,middle
32635,35,0,0.6552746015981944,0.4554814237717807,32,middle
32636,36,0,0.5081875024085478,0.5904932448945514,32,middle
32637,37,0,0.9457002870564071,0.8128287164959274,32,middle
32638,38,0,0.996715526996703,0.719689061839811,32,middle
32639,39,0,0.5012224179321523,0.5239790497086968,32,middle
32640,40,0,0.308039113251397,0.5148851296623307,32,middle
32641,41,0,0.49814608581188285,0.4969204585042171,32,middle
32642,42,0,0.9949038638124377,0.756586668778169,32,middle
32643,43,0,0.3983691331155732,0.6433208381501183,32,middle
32644,44,0,0.001098838475213978,1.260163550247451,32,middle
32645,45,0,0.9938278823206952,0.5618222115290581,32,middle
32646,46,0,0.9801027507228801,0.4590393610751493,32,middle
32647,47,0,0.003085898747774134,0.8855163489476815,32,middle
32648,48,0,0.9680572133832321,0.5386258484123758,32,middle
32649,49,0,0.7756219753774725,0.43432062766635904,32,middle
32650,50,0,0.9819996566383146,0.5559032334200764,32,middle
32651,51,0,0.21149362864492502,0.5132443898661385,32,middle
32652,52,0,0.4808971932589783,0.7212939885217124,32,middle
32653,53,0,0.5030928623840089,0.9417595964657406,32,middle
32654,54,0,0.6373498597401441,0.8411963543404325,32,middle
32655,55,0,0.6807671355188698,0.8038510868414428,32,middle
32656,56,0,0.6238471085723069,0.4824121484479902,32,middle
32657,57,0,0.6704077223000466,0.360288266081808,32,middle
32658,58,0,0.033848851334011054,0.8385968082751557,32,middle
32659,59,0,0.9804389717683534,0.7153483040958231,32,middle
32660,60,0,0.9858154687653866,0.6188113352157829,32,middle
32661,61,0,0.050086063967487104,1.2747719706736382,32,middle
32662,62,0,0.9633361862920893,0.7570812330915409,32,middle
32663,63,0,0.9928367746422391,0.6018250654238,32,middle
32664,64,0,0.1151887260745826,1.1375359952033521,32,middle
32665,65,0,0.4949961491851348,1.0138419241797263,32,middle
32666,66,0,0.6157782025360792,0.5368540768474515,32,middle
32667,67,0,0.4443915359105638,0.8574114943171531,32,middle
32668,68,0,6.293909610719558e-05,0.9726623322458291,32,middle
32669,69,0,0.535037978642575,0.48697125439397804,32,middle
32670,70,0,0.017425691310138755,0.7662708880044541,32,middle
32671,71,0,0.6811308571365496,0.5071383860500513,32,middle
32672,72,0,0.49352420067748776,0.758266793074065,32,middle
32673,73,0,0.36823782804958327,0.757197952423805,32,middle
32674,74,0,0.8866372181856117,0.8605543621633074,32,middle
32675,75,0,0.5896486613390637,0.568962755498126,32,middle
32676,76,0,0.20365507943699107,0.7672214794978561,32,middle
32677,77,0,0.0008312077646893377,0.9260902032684406,32,middle
32678,78,0,0.5312063728019917,0.3479634264611018,32,middle
32679,79,0,0.385719962912006,0.6625358774062345,32,middle
32680,80,0,0.18891488302776277,0.8471751122821848,32,middle
32681,81,0,0.49482240882174194,0.7117880293381054,32,middle
32682,82,0,0.5068893860524453,1.0591571881364776,32,middle
32683,83,0,0.5038154837864829,0.9607783369827452,32,middle
32684,84,0,0.04235026567409363,0.9577016915126173,32,middle
32685,85,0,0.49997379886942106,1.3899417389502045,32,middle
32686,86,0,0.508453113211391,0.7022384551936018,32,middle
32687,87,0,0.5182771065188863,0.7348647439189349,32,middle
32688,88,0,0.5047836498264027,0.9868715447400682,32,middle
32689,89,0,0.9221504570031306,0.9031678762016215,32,middle
32690,90,0,0.6703099895341615,0.6445209977075266,32,middle
32691,91,0,0.542375491755225,0.913797607826671,32,middle
32692,92,0,0.956426221633039,0.9147746420459417,32,middle
32693,93,0,0.7405887040169499,0.48106404631364674,32,middle
32694,94,0,0.05319306103924346,0.744127318702859,32,middle
32695,95,0,0.7832813806272863,0.5706110188961943,32,middle
32696,96,0,0.4514715595979769,0.9241262992957793,32,middle
32697,97,0,0.3157956769131798,0.8873162916093488,32,middle
32698,98,0,0.5006086334920296,0.9508686212138209,32,middle
32699,99,0,0.9716634541015999,0.8778174829330718,32,middle
32700,100,0,0.42305600359918344,1.4096239379978917,32,middle
32701,101,0,0.10789539589812445,0.9294933707034578,32,middle
32702,102,0,0.4903393841006708,0.8514575679577085,32,middle
32703,103,0,0.03133077832365585,0.7790560476858599,32,middle
32704,104,0,0.8127939884481301,0.8849370738415551,32,middle
32705,105,0,0.443495777647739,0.639070602778427,32,middle
32706,106,0,0.6706442842622782,0.5298097289583851,32,middle
32707,107,0,0.98047215092281,0.33297459218629344,32,middle
32708,108,0,0.9785758371350767,0.5737612707599744,32,middle
32709,109,0,0.6251728557235696,0.48303048867422804,32,middle
32710,110,0,0.01820475418899948,1.0936312785528255,32,middle
32711,111,0,0.9954444459219376,0.7108202376060141,32,middle
32712,112,0,0.18270210543853949,1.1679263074924897,32,middle
32713,113,0,0.05545471528579575,0.6015710687059503,32,middle
32714,114,0,0.5014218433149334,0.8525632389409364,32,middle
32715,115,0,0.5526236990338339,0.7350176023172842,32,middle
32716,116,0,0.999704774732997,0.7824395295426589,32,middle
32717,117,0,0.900524537237271,0.7381529894561449,32,middle
32718,118,0,0.6733111252348478,0.8122161506347841,32,middle
32719,119,0,0.6116476846264245,0.7185090855568089,32,middle
32720,120,0,0.7766424000005898,0.5574447910323063,32,middle
32721,121,0,0.9916815874118439,0.768766797040344,32,middle
32722,122,0,0.006165664918743438,0.9143997987078513,32,middle
32723,123,0,0.8157398493308412,0.6550933782781856,32,middle
32724,124,0,0.04586391399715236,0.6677001639848847,32,middle
32725,125,0,0.8568813198510874,0.6161314259077968,32,middle
32726,126,0,0.5183352175693826,0.6808682673038574,32,middle
32727,127,0,0.8237099700945614,0.632179112536198,32,middle
32728,128,0,0.5004376276694863,0.8264273796902394,32,middle
32729,129,0,0.33841130147386256,0.6379834425681256,32,middle
32730,130,0,0.23351169563856178,0.4065008973044476,32,middle
32731,131,0,0.97598734940345,0.4637614757986154,32,middle
32732,132,0,0.05600923941249459,1.1358636604400787,32,middle
32733,133,0,0.506245108886073,0.9703561946469814,32,middle
32734,134,0,0.2918533816038697,0.7337492230536706,32,middle
32735,135,0,0.0001559897675254516,1.1794074334683573,32,middle
32736,136,0,0.9662860553348651,0.6752371249025152,32,middle
32737,137,0,0.17403216036931296,0.6402886374446028,32,middle
32738,138,0,0.48912974338859366,0.6277652760714205,32,middle
32739,139,0,0.49390020137138596,0.7177190778926898,32,middle
32740,140,0,0.8090732449246073,0.78099709957135,32,middle
32741,141,0,0.5758962635348179,0.8413930938263369,32,middle
32742,142,0,0.9768482549305973,0.7140760899619911,32,middle
32743,143,0,0.412263382596211,0.7459774869286202,32,middle
32744,144,0,0.9859006657801732,0.6282279278240204,32,middle
32745,145,0,0.8100305126936809,0.518399953036431,32,middle
32746,146,0,0.6374892349774257,0.6610382783871923,32,middle
32747,147,0,0.998154598470666,0.8261082314216596,32,middle
32748,148,0,0.7716614531267637,0.40664062361858183,32,middle
32749,149,0,0.5584239155551841,0.6460624232489558,32,middle
32750,150,0,0.1807390443434086,0.6179540912792509,32,middle
32751,151,0,0.8794190505548918,0.4626153497367688,32,middle
32752,152,0,0.0014159371205886334,0.982090279621575,32,middle
32753,153,0,0.9651489133904793,0.363988362729215,32,middle
32754,154,0,0.9218661877036594,0.7790377458378159,32,middle
32755,155,0,0.5115015159890499,0.5482877361317325,32,middle
32756,156,0,0.3877321830905748,0.6896480815870752,32,middle
32757,157,0,0.26277529044263526,0.8737807966935867,32,middle
32758,158,0,0.4924298482483526,0.7926691016410982,32,middle
32759,159,0,0.47950222066342757,0.7557503003211523,32,middle
32760,160,0,0.6662535368636813,0.5322434559311238,32,middle
32761,161,0,0.010332690970507197,0.7720505223218873,32,middle
32762,162,0,0.14576120079168697,0.4324422986174059,32,middle
32763,163,0,0.0859979324773767,0.7095967983041571,32,middle
32764,164,0,0.9413204441009627,0.731616911317206,32,middle
32765,165,0,0.9936345028383884,0.5075403001130872,32,middle
32766,166,0,0.9955280722587039,0.638635287027868,32,middle
32767,167,0,0.9935656672857062,0.5208026675271729,32,middle
32768,168,0,0.9658198707787808,0.49683730164655526,32,middle
32769,169,0,0.848365935572424,0.5135913160446474,32,middle
32770,170,0,0.01057987210868295,0.9636754976440893,32,middle
32771,171,0,0.7638254698418228,0.6328279700301125,32,middle
32772,172,0,0.4127173439424116,0.5816255648882719,32,middle
32773,173,0,0.024957701285787375,0.7888853433531606,32,middle
32774,174,0,0.5167734487579297,0.7634186237816085,32,middle
32775,175,0,0.6187683852167674,0.4988417114850232,32,middle
32776,176,0,0.9029546416705739,0.6223574604079349,32,middle
32777,177,0,0.9596793317793759,0.5206073736037418,32,middle
32778,178,0,0.4410030205078009,0.5370397502619231,32,middle
32779,179,0,0.8628321349543369,0.5510500789472944,32,middle
32780,180,0,0.5043388832623625,0.8818937178673794,32,middle
32781,181,0,0.4642718300903919,0.4513998013593528,32,middle
32782,182,0,0.7525831059495569,0.48332222201605934,32,middle
32783,183,0,0.5434119249473646,0.5592927527169151,32,middle
32784,184,0,0.7490590321013064,0.46116771212072344,32,middle
32785,185,0,0.8883958261704648,0.40379594154735854,32,middle
32786,186,0,0.5006881342632225,0.6877724060750825,32,middle
32787,187,0,0.9715589218909864,0.718428721798926,32,middle
32788,188,0,0.17039904418442595,0.6609553509285939,32,middle
32789,189,0,0.6677190351993814,0.5113209990072746,32,middle
32790,190,0,0.952567382314454,0.6700776915744407,32,middle
32791,191,0,0.5055900541399451,0.8812742341333238,32,middle
32792,192,0,0.7489774293873797,0.6562920884716322,32,middle
32793,193,0,0.25256916401379564,0.6781681028766626,32,middle
32794,194,0,0.029941781774066194,0.7563064795788844,32,middle
32795,195,0,0.8963674814276514,0.4600128783933416,32,middle
32796,196,0,0.35264680183818076,0.5621440330926577,32,middle
32797,197,0,0.3412557725767966,0.6774171908284704,32,middle
32798,198,0,0.8998332927522876,0.4332798411732634,32,middle
32799,199,0,0.9840494456094291,0.34016647524994276,32,middle
32800,0,0,0.3039215932354099,0.8258344967837885,32,late
32801,1,0,0.7748938740755339,0.4985575973934257,32,late
32802,2,0,0.6171563168229142,0.38513195451238924,32,late
32803,3,0,0.909123749133732,0.5704366619582846,32,late
32804,4,0,0.5010912023305567,0.6319496164234556,32,late
32805,5,0,0.4512754529191881,0.6678009370731457,32,late
32806,6,0,0.8461979111256628,0.49115101745644163,32,late
32807,7,0,0.6192922716451743,0.48956657156944294,32,late
32808,8,0,0.38645914508388174,0.8374810821363259,32,late
32809,9,0,0.7425523151681085,0.5197422720187451,32,late
32810,10,0,0.2958308331987838,0.5504288875387781,32,late
32811,11,0,0.00130682641529028,1.019422381650426,32,late
32812,12,0,0.6748551189058511,0.5294381191810602,32,late
32813,13,0,0.6548667244550053,0.6871238252452709,32,late
32814,14,0,0.16325771111505516,0.6698152352788502,32,late
32815,15,0,0.005435787088986859,0.7372602559800945,32,late
32816,16,0,0.5001326022060971,0.9623565859487258,32,late
32817,17,0,0.008033443486388216,0.9741639780485138,32,late
32818,18,0,0.5002903043232847,0.6841661051647591,32,late
32819,19,0,0.44531495242166497,0.7295462598337475,32,late
32820,20,0,0.5374922709973327,0.615879906875811,32,late
32821,21,0,0.018811159889845008,0.8692074892457144,32,late
32822,22,0,0.4827387228160553,1.2691705425656674,32,late
32823,23,0,0.5130420447582587,0.826025888556952,32,late
32824,24,0,0.5007758181677948,0.818961607453364,32,late
32825,25,0,0.7620325155064813,0.6594866134751299,32,late
32826,26,0,0.7889113015530638,0.446869386766794,32,late
32827,27,0,0.34499460491329664,0.7242159120950249,32,late
32828,28,0,0.704558217717588,0.9046571086456033,32,late
32829,29,0,0.40072370099788585,0.4415146468402083,32,late
32830,30,0,0.5832791390586909,0.4338626743223515,32,late
32831,31,0,0.3219171453540965,0.7134044030376316,32,late
32832,32,0,0.5004098304513778,0.7231770966846958,32,late
32833,33,0,0.4490325584960072,0.6571542937078966,32,late
32834,34,0,0.5452260601710853,0.5162074319290172,32,late
32835,35,0,0.8981938084740095,0.42118181465928417,32,late
32836,36,0,0.499175525550273,0.7100603996277387,32,late
32837,37,0,0.14215504963282893,1.2328209010385238,32,late
32838,38,0,0.5017574634390323,0.6606405100539243,32,late
32839,39,0,0.00044392028294729086,0.9654283577938236,32,late
32840,40,0,0.5088855588961495,0.6470841290314315,32,late
32841,41,0,0.35501650625178566,0.5131329545840225,32,late
32842,42,0,0.4020558594683793,0.596612661509789,32,late
32843,43,0,0.09690553859743803,0.6934798775115669,32,late
32844,44,0,0.5000059889596375,1.1949983192807192,32,late
32845,45,0,0.38941302285762164,0.5687232044314199,32,late
32846,46,0,0.5001051126205563,0.6629721222078744,32,late
32847,47,0,0.655442042503888,0.8006035142955834,32,late
32848,48,0,0.8200190665784647,0.5611796799026172,32,late
32849,49,0,0.2873310690678229,0.6449690528163818,32,late
32850,50,0,0.5244634008652663,0.50572337019653,32,late
32851,51,0,0.03880806408384831,0.44090217021618194,32,late
32852,52,0,0.8191670565630269,0.5043437004506086,32,late
32853,53,0,0.282810754431419,0.7072909279270974,32,late
32854,54,0,0.5165960909513136,0.7131439472805081,32,late
32855,55,0,0.07829180050028908,0.694524247714368,32,late
32856,56,0,0.5000071303955245,0.8505130570937511,32,late
32857,57,0,0.00782095073309723,0.8025788533996132,32,late
32858,58,0,0.5017637316520877,0.541345797378132,32,late
32859,59,0,0.014711556609279875,0.6661234778000016,32,late
32860,60,0,0.8570360772979455,0.690796908644395,32,late
32861,61,0,0.0015054570856956211,0.6063603449483654,32,late
32862,62,0,0.49934853850607464,0.9190423991981397,32,late
32863,63,0,0.5519243578385018,0.9593970574567128,32,late
32864,64,0,0.5054918038296236,0.7076408705148461,32,late
32865,65,0,0.6834447511517432,0.3111065421590734,32,late
32866,66,0,0.5849648363490298,0.43042592709010674,32,late
32867,67,0,0.21221990206540464,0.4171830803046541,32,late
32868,68,0,0.5090302608649504,0.6631111558862534,32,late
32869,69,0,0.8136552563421798,0.4617553804515303,32,late
32870,70,0,0.9427192402395048,0.5170592667727965,32,late
32871,71,0,0.999255659241123,0.5831694063302129,32,late
32872,72,0,0.4987431754965556,0.8636635604566014,32,late
32873,73,0,0.007084069531960348,0.7311082525414625,32,late
32874,74,0,0.5010434567638695,0.5376425838648906,32,late
32875,75,0,0.10474919965391365,0.6077435893640979,32,late
32876,76,0,0.5015977752078065,0.6355336971013803,32,late
32877,77,0,0.4843072126583971,0.5404821304757907,32,late
32878,78,0,0.5114652204112943,0.6473495843630792,32,late
32879,79,0,0.01000248929190808,1.0301803969615648,32,late
32880,80,0,0.500304095580931,0.4835967994169162,32,late
32881,81,0,0.946458508271238,0.46302468968915034,32,late
32882,82,0,0.5581888250000346,0.5959387147732449,32,late
32883,83,0,0.5049207847767492,0.7618857905939158,32,late
32884,84,0,0.5157138658887713,0.44941569953653454,32,late
32885,85,0,0.5379765465422806,0.848118002069771,32,late
32886,86,0,0.5006497248326246,0.43919854101080325,32,late
32887,87,0,0.5078557609573486,0.7026001886722995,32,late
32888,88,0,0.5000034175055523,0.6651859278425818,32,late
32889,89,0,0.5093937754944396,0.7109104095173251,32,late
32890,90,0,0.5768581943408946,0.6041089947222457,32,late
32891,91,0,0.617923163968543,0.4915869783108435,32,late
32892,92,0,0.5301032301551915,0.5860849693974647,32,late
32893,93,0,0.528949074305705,0.8334825025577108,32,late
32894,94,0,0.5000361309126834,0.8488236335262409,32,late
32895,95,0,0.5002726237687957,0.5654666673105346,32,late
32896,96,0,0.5407126660586224,0.39449881829075883,32,late
32897,97,0,0.5087143918474802,0.6956230650002745,32,late
32898,98,0,0.6769040413802122,0.37772313610508035,32,late
32899,99,0,0.8788210331890678,0.46878757885862044,32,late
32900,100,0,0.9007943953423634,0.5937281514426689,32,late
32901,101,0,0.6262020436308084,0.5107163260470926,32,late
32902,102,0,0.6895686070737188,0.5470253653252886,32,late
32903,103,0,0.8310673717933983,0.8536918992811175,32,late
32904,104,0,0.6787789454148927,0.5878885430035978,32,late
32905,105,0,0.5085308736641776,0.4817010649686154,32,late
32906,106,0,0.5713377419358066,0.6039744790030528,32,late
32907,107,0,0.5000301965927486,1.0207818947645926,32,late
32908,108,0,0.3678329818784973,0.44593854455606763,32,late
32909,109,0,0.6167691696010273,0.7256471709078923,32,late
32910,110,0,0.5024122110828587,0.8334288675892139,32,late
32911,111,0,0.8897836413154028,0.560907798904969,32,late
32912,112,0,0.9016374785455437,0.8497052516195032,32,late
32913,113,0,0.7784784885748692,0.4963770637228804,32,late
32914,114,0,0.5167646646920916,0.5347721180320775,32,late
32915,115,0,0.8435076630449365,0.46525251949332175,32,late
32916,116,0,0.8544236539986292,0.46852737712668485,32,late
32917,117,0,0.5035953465193294,0.6602814886096007,32,late
32918,118,0,0.9930229190346064,0.555629477661759,32,late
32919,119,0,0.5000889370983663,0.8884517527239576,32,late
32920,120,0,0.09765188103538387,0.5187269703051529,32,late
32921,121,0,0.08137398633684204,0.6803429673892794,32,late
32922,122,0,0.9998230920622055,0.47746785357455745,32,late
32923,123,0,0.9998850085278027,0.44388252130590933,32,late
32924,124,0,0.10771698927069204,0.4666419003572858,32,late
32925,125,0,0.005631038182011031,0.5701308702203491,32,late
32926,126,0,0.3180352854611473,0.6578195764253296,32,late
32927,127,0,0.057605522614334076,0.851583299675563,32,late
32928,128,0,0.371245329540205,0.6365785824885085,32,late
32929,129,0,0.9665148442672206,0.39590374221232993,32,late
32930,130,0,0.27273499618993663,0.4481201033898212,32,late
32931,131,0,0.9967348873730059,0.3617540478194494,32,late
32932,132,0,0.9998536151435024,0.43451233827871694,32,late
32933,133,0,0.00038053079957857004,0.8209497194283206,32,late
32934,134,0,0.9538342171159775,0.34578167921042674,32,late
32935,135,0,0.9999845286941109,0.7421361927191124,32,late
32936,136,0,0.23355497447855278,0.4148608586815284,32,late
32937,137,0,0.009975326838746915,0.6971193525301013,32,late
32938,138,0,0.42360040957648876,0.5691147914192412,32,late
32939,139,0,0.0014972350078371658,0.96075002852622,32,late
32940,140,0,0.971087383539902,0.32176417853246564,32,late
32941,141,0,0.9991663755364084,0.4977625642136879,32,late
32942,142,0,0.1437554260142179,0.7513164961111172,32,late
32943,143,0,0.4642044217853194,0.6278878741511623,32,late
32944,144,0,0.00010546554548903226,0.7800897699924532,32,late
32945,145,0,0.05505314938390146,0.5856284272866257,32,late
32946,146,0,0.9404094253270391,0.25913406288057356,32,late
32947,147,0,0.9992085683682185,0.3512516831239029,32,late
32948,148,0,0.016985804573429696,0.7821505310983974,32,late
32949,149,0,0.14018138047923642,0.5767607678397004,32,late
32950,150,0,0.014448519341506542,0.7873702967117246,32,late
32951,151,0,0.9749128919335788,0.6187509080070026,32,late
32952,152,0,0.00038481691514872336,0.864117620172857,32,late
32953,153,0,0.13118659766120513,0.6681348220831548,32,late
32954,154,0,0.9983053448327668,0.17887156126135384,32,late
32955,155,0,0.9787660579870399,0.5718507969595545,32,late
32956,156,0,0.9985678721270651,0.39357514937492466,32,late
32957,157,0,0.00016932775786998984,0.9775582561631995,32,late
32958,158,0,0.6695846971269279,0.36690795528822795,32,late
32959,159,0,0.0002547655603537849,0.9165554394807582,32,late
32960,160,0,0.5043275829890358,0.658278057916468,32,late
32961,161,0,0.36249575541072715,0.43474549750410085,32,late
32962,162,0,0.5002634231979044,0.9270264051793191,32,late
32963,163,0,0.052731600728440735,0.5221057445798953,32,late
32964,164,0,0.5018092124484532,0.8056809418758208,32,late
32965,165,0,0.38679220739786796,0.49677300528785995,32,late
32966,166,0,0.5015483374777764,0.8185815810935988,32,late
32967,167,0,0.8533998802768689,0.45915475980164266,32,late
32968,168,0,0.9848932064274283,0.7238166935397199,32,late
32969,169,0,0.9972587847465024,0.3635619283426865,32,late
32970,170,0,0.5058870216549255,0.41144641234199963,32,late
32971,171,0,0.11920812589555979,0.8007982884670045,32,late
32972,172,0,0.60812479749585,0.4532471082114232,32,late
32973,173,0,0.9084639676369661,0.49172125715272175,32,late
32974,174,0,9.910392273139117e-06,0.9669744977011024,32,late
32975,175,0,0.35437770102913557,0.4682678293064308,32,late
32976,176,0,0.9616610266763228,0.4687168614627128,32,late
32977,177,0,0.41495000391980064,0.6245731368377347,32,late
32978,178,0,0.9902412488287987,0.39078797036082813,32,late
32979,179,0,0.0010042900977274664,1.02237473770157,32,late
32980,180,0,0.06147995284681183,0.8510533281331663,32,late
32981,181,0,0.006349935977517179,0.49507604524982085,32,late
32982,182,0,0.5142239550408563,0.8043463139915932,32,late
32983,183,0,0.7177570238349877,0.42566561080243204,32,late
32984,184,0,0.18225317941066424,0.4361764312063787,32,late
32985,185,0,0.9778488060600892,0.31488801835675934,32,late
32986,186,0,0.5014796722882399,0.6480087231896476,32,late
32987,187,0,0.35261099857744693,0.5205774701318742,32,late
32988,188,0,0.9040794132127168,0.6372304482201013,32,late
32989,189,0,0.9533129129839488,0.503847220860366,32,late
32990,190,0,0.5259596951200933,0.5045523871463005,32,late
32991,191,0,0.35249030441027834,0.4095723316039823,32,late
32992,192,0,0.8867611300257764,0.3991558749912496,32,late
32993,193,0,0.6662658838231079,0.44932308390723924,32,late
32994,194,0,0.9444209311123348,0.6028670292185428,32,late
32995,195,0,0.6551503143409635,0.33749298573169756,32,late
32996,196,0,0.5003806084589237,0.6617222754789214,32,late
32997,197,0,0.6105962663655147,0.36412564304915873,32,late
32998,198,0,0.9773786340276818,0.2778535996023627,32,late
32999,199,0,0.5001774755773702,0.5078523441841638,32,late
33000,0,0,0.1334812547715814,0.6841521558897969,33,interleaved
33001,1,0,0.46327753281193246,0.47220835528570143,33,interleaved
33002,2,0,0.2503872031561779,0.616553935957764,33,interleaved
33003,3,0,0.8112194905437428,0.6376180221444842,33,interleaved
33004,4,0,0.353567529284186,0.616755372597001,33,interleaved
33005,5,0,0.6028948486006096,0.6980935287227312,33,interleaved
33006,6,0,0.4121990672655427,0.6041722252384312,33,interleaved
33007,7,0,0.40277201902073456,0.5768972242751578,33,interleaved
33008,8,0,0.9809232664608225,0.522368077066422,33,interleaved
33009,9,0,0.34676951649750376,0.6739581538297414,33,interleaved
33010,10,0,0.9796476902467639,0.6433582831177524,33,interleaved
33011,11,0,0.2807182770515141,0.6531092318691248,33,interleaved
33012,12,0,0.9341128942694522,0.500813011040921,33,interleaved
33013,13,0,0.22958291393554595,0.571387861253304,33,interleaved
33014,14,0,0.3750412281219695,0.8221273991959563,33,interleaved
33015,15,0,0.20627728746419663,0.3808244176372805,33,interleaved
33016,16,0,0.9188648592751658,0.33740684838857093,33,interleaved
33017,17,0,0.522979813800842,0.6050962570885254,33,interleaved
33018,18,0,0.0034569990179253375,0.9133356818245657,33,interleaved
33019,19,0,0.23175292113988658,0.6641652964781342,33,interleaved
33020,20,0,0.5163783869564064,0.4313786228355735,33,interleaved
33021,21,0,0.02372675708603232,0.8936850479882036,33,interleaved
33022,22,0,0.6318906683931311,0.5493371627168319,33,interleaved
33023,23,0,0.5246045457582763,0.5932779190997832,33,interleaved
33024,24,0,0.4748925428497871,0.5180232705256245,33,interleaved
33025,25,0,0.44029827496040574,0.5545293562377507,33,interleaved
33026,26,0,0.46299700011647427,0.8888934027150162,33,interleaved
33027,27,0,0.49783354482346986,0.7749072010323677,33,interleaved
33028,28,0,0.5743933737684123,0.8523886413768542,33,interleaved
33029,29,0,0.8920813031350032,0.6736167278873743,33,interleaved
33030,30,0,0.4375870268091672,0.6056382799559934,33,interleaved
33031,31,0,0.5301634236082807,0.9440634021579538,33,interleaved
33032,32,0,0.5551075629223344,0.9236064927548219,33,interleaved
33033,33,0,0.13316203974609214,0.5578850767258619,33,interleaved
33034,34,0,0.9853441270704895,0.688198634611906,33,interleaved
33035,35,0,0.48630804255799487,0.8841583184218744,33,interleaved
33036,36,0,0.45238622670085094,0.6206883210718497,33,interleaved
33037,37,0,0.08503648450201036,0.7479457932076763,33,interleaved
33038,38,0,0.21597414272135698,1.0594406808042325,33,interleaved
33039,39,0,0.4470250463061927,0.7120544889881174,33,interleaved
33040,40,0,0.47800672969245206,0.7284781816192776,33,interleaved
33041,41,0,0.5083653198277118,0.4238694577269945,33,interleaved
33042,42,0,0.4988929286509882,0.8953543330346855,33,interleaved
33043,43,0,0.3251666516709626,0.88071563180472,33,interleaved
33044,44,0,0.5181313813585176,0.7820596842715828,33,interleaved
33045,45,0,0.5795187458429831,0.3601660574732844,33,interleaved
33046,46,0,0.4662691907876071,0.653009689001036,33,interleaved
33047,47,0,0.5427539741678389,0.6471344824671719,33,interleaved
33048,48,0,0.6947521072795861,0.5512751691809668,33,interleaved
33049,49,0,0.24983982500999216,0.5679259430059622,33,interleaved
33050,50,0,0.5456054963286081,0.44122442562851827,33,interleaved
33051,51,0,0.10086555509744723,0.5474368127717952,33,interleaved
33052,52,0,0.06725725028670765,0.9556676952465049,33,interleaved
33053,53,0,0.5118217066377049,0.7921890037268351,33,interleaved
33054,54,0,0.9359232734340692,0.5842132976493024,33,interleaved
33055,55,0,0.8039191409717825,0.6841085896014034,33,interleaved
33056,56,0,0.8747770632558485,0.5121327478771737,33,interleaved
33057,57,0,0.4666657456111267,0.6088154590560044,33,interleaved
33058,58,0,0.5710320323512424,0.5619054177655032,33,interleaved
33059,59,0,0.4428820170558606,0.6463486016990478,33,interleaved
33060,60,0,0.4433584959134915,0.7000815400003212,33,interleaved
33061,61,0,0.88578541252417,0.7049831112467044,33,interleaved
33062,62,0,0.5715675558207416,0.6130327294474442,33,interleaved
33063,63,0,0.5109574660506842,1.0126088478907993,33,interleaved
33064,64,0,0.7560814668951548,0.5561822119611799,33,interleaved
33065,65,0,0.8668641644973762,0.5631333108135615,33,interleaved
33066,66,0,0.45633264234131743,0.5895321646174361,33,interleaved
33067,67,0,0.790694034637117,0.9362113800430958,33,interleaved
33068,68,0,0.992448487626372,0.9815251923405965,33,interleaved
33069,69,0,0.9970175924544977,0.8950729792905439,33,interleaved
33070,70,0,0.4328201763160433,0.49864166050822867,33,interleaved
33071,71,0,0.5242608406983523,0.6119429864904137,33,interleaved
33072,72,0,0.44558339595142915,0.6333340356267716,33,interleaved
33073,73,0,0.9313433869463006,0.48724772067491995,33,interleaved
33074,74,0,0.23926851022094772,0.5658736780704925,33,interleaved
33075,75,0,0.37054352105325544,1.063116621898748,33,interleaved
33076,76,0,0.01557217850520938,0.9856280165209732,33,interleaved
33077,77,0,0.9679045029033992,0.5727477353535154,33,interleaved
33078,78,0,0.023382472125552695,0.7059036410246768,33,interleaved
33079,79,0,0.5728188682358524,0.44855038709804673,33,interleaved
33080,80,0,0.4495092097281261,0.42023098334698167,33,interleaved
33081,81,0,0.5022386697803434,0.7434893493521263,33,interleaved
33082,82,0,0.5548344162068588,0.6261214703152206,33,interleaved
33083,83,0,0.522643655058304,0.31536342370952786,33,interleaved
33084,84,0,0.8474202016873968,0.7087551514743291,33,interleaved
33085,85,0,0.6991009213493415,0.5165006272926148,33,interleaved
33086,86,0,0.499804631587406,0.8623229698295388,33,interleaved
33087,87,0,0.4937398786160123,0.7593864980237452,33,interleaved
33088,88,0,0.002088922100735285,0.8920449535856179,33,interleaved
33089,89,0,0.4626295471592671,0.7196256020683924,33,interleaved
33090,90,0,0.9923175179522044,0.5157614679922411,33,interleaved
33091,91,0,0.499603274600811,0.46353865739155786,33,interleaved
33092,92,0,0.8265228105488314,0.5441651607775526,33,interleaved
33093,93,0,0.9570983968753608,0.5491395513078978,33,interleaved
33094,94,0,0.6338341226906928,0.8576473339578565,33,interleaved
33095,95,0,0.07553084699330079,0.5858576905352388,33,interleaved
33096,96,0,0.746133008382885,0.3964972989612299,33,interleaved
33097,97,0,0.8397918285903534,0.8720774111946641,33,interleaved
33098,98,0,0.9850212551199772,0.5647392334709198,33,interleaved
33099,99,0,0.8603688520539391,0.9213197773507358,33,interleaved
33100,100,0,0.5062737393524773,0.9108355483594293,33,interleaved
33101,101,0,0.8095671095924553,0.4633248808759306,33,interleaved
33102,102,0,0.534268500057611,0.5887080440506209,33,interleaved
33103,103,0,0.13919208572986666,0.6968154944290729,33,interleaved
33104,104,0,0.14016471157045005,0.9887165656773462,33,interleaved
33105,105,0,0.3961628578409978,0.5251633303284344,33,interleaved
33106,106,0,0.5003300092839129,0.9530574725262315,33,interleaved
33107,107,0,0.4090142250783071,0.44891269199014394,33,interleaved
33108,108,0,0.9610251457100314,0.6075346000955437,33,interleaved
33109,109,0,0.97606004688534,0.6627327218849339,33,interleaved
33110,110,0,0.5090903994854463,0.8214566045231639,33,interleaved
33111,111,0,0.8588904733759875,0.49719482898314615,33,interleaved
33112,112,0,0.21042484094066882,0.5048012606411965,33,interleaved
33113,113,0,0.6185458653843817,0.5325646429234476,33,interleaved
33114,114,0,0.7922987049463144,0.5950243417852066,33,interleaved
33115,115,0,0.38036978077499284,0.5966404641201686,33,interleaved
33116,116,0,0.23391154520337815,0.6918871775660747,33,interleaved
33117,117,0,0.320419534991259,0.9734818782212503,33,interleaved
33118,118,0,0.35960873830543194,0.8541656241027357,33,interleaved
33119,119,0,0.45803506667633326,0.7509925251066236,33,interleaved
33120,120,0,0.47186478143139954,0.4052213579097279,33,interleaved
33121,121,0,0.9852334780231901,0.5568852543040149,33,interleaved
33122,122,0,0.515469338586171,0.5044900595971724,33,interleaved
33123,123,0,0.455633422131339,0.6164101417018972,33,interleaved
33124,124,0,0.9269092587111631,0.4572587284483998,33,interleaved
33125,125,0,0.06008051002755419,0.7174739701996637,33,interleaved
33126,126,0,0.5212079722098787,0.8683066854185393,33,interleaved
33127,127,0,0.46883850651834846,0.7647962657631338,33,interleaved
33128,128,0,0.9884660872482083,0.49122337102618807,33,interleaved
33129,129,0,0.4261643571421124,0.5460983275895925,33,interleaved
33130,130,0,0.944618243988985,1.0574198514047066,33,interleaved
33131,131,0,0.053975547726815974,0.4297673034819717,33,interleaved
33132,132,0,0.21180025214706835,0.6135698171146083,33,interleaved
33133,133,0,0.49571678869315794,0.8625232326771367,33,interleaved
33134,134,0,0.2705455925161182,0.6142987037123027,33,interleaved
33135,135,0,0.37750789212194813,0.5396236114855797,33,interleaved
33136,136,0,0.8714866634208382,0.42988594633126037,33,interleaved
33137,137,0,0.8689366268259285,0.375941476378604,33,interleaved
33138,138,0,0.9375151201865688,0.6316684113846507,33,interleaved
33139,139,0,0.7383120328066233,0.42198627146890155,33,interleaved
33140,140,0,0.6573588046280887,0.49673410599807005,33,interleaved
33141,141,0,0.5079389973243975,0.7580933488131392,33,interleaved
33142,142,0,0.44038835385632324,0.5996602285910975,33,interleaved
33143,143,0,0.3944502892682922,0.8385010720682537,33,interleaved
33144,144,0,0.9968633505887565,0.7687028805323943,33,interleaved
33145,145,0,0.4776204646609915,0.6316388487929765,33,interleaved
33146,146,0,0.2796685573794784,0.6524176514151093,33,interleaved
33147,147,0,0.40078797252669757,0.3291332784218236,33,interleaved
33148,148,0,0.481719150458971,0.6197430755457924,33,interleaved
33149,149,0,0.5042230428822068,0.6742012957981571,33,interleaved
33150,150,0,0.5095186546284507,0.4558436049232828,33,interleaved
33151,151,0,0.5237986501972027,0.641014183428765,33,interleaved
33152,152,0,0.7107430850179197,0.3767290300596985,33,interleaved
33153,153,0,0.5172340485018023,0.5587547247569224,33,interleaved
33154,154,0,0.6156926864520901,0.45559763612602494,33,interleaved
33155,155,0,0.744887870119866,0.708445529625158,33,interleaved
33156,156,0,0.5073936578324378,0.5176430087384378,33,interleaved
33157,157,0,0.21362110350126537,0.7993704054238787,33,interleaved
33158,158,0,0.17710638984035337,0.5481523731144134,33,interleaved
33159,159,0,0.9852245807896387,0.3993400279690179,33,interleaved
33160,160,0,0.4172285593594548,0.5033560463086907,33,interleaved
33161,161,0,0.32930813837141787,0.6821263504766716,33,interleaved
33162,162,0,0.2978848603901165,0.5816367397052155,33,interleaved
33163,163,0,0.013714631854720865,0.7442250133226553,33,interleaved
33164,164,0,0.5000797304662434,0.4740515351121166,33,interleaved
33165,165,0,0.9884236298654366,0.35839464062249793,33,interleaved
33166,166,0,0.5205072521334121,0.5029580879653415,33,interleaved
33167,167,0,0.49838069209818586,0.7714904516117396,33,interleaved
33168,168,0,0.6876029990862647,0.7332516359784806,33,interleaved
33169,169,0,0.9930470978025405,0.5351283173056562,33,interleaved
33170,170,0,0.24869853155391267,0.7770160246220383,33,interleaved
33171,171,0,0.9885700971819154,0.6218101495111488,33,interleaved
33172,172,0,0.4965374919309765,0.5979896927435615,33,interleaved
33173,173,0,0.05424076954448907,0.7335537960131525,33,interleaved
33174,174,0,0.2733860979724778,0.6740401069623807,33,interleaved
33175,175,0,0.4993869286964444,1.2513610188570041,33,interleaved
33176,176,0,0.9972668735870589,0.7138591170551365,33,interleaved
33177,177,0,0.004596712438781056,0.8430350008110288,33,interleaved
33178,178,0,0.47720611533866586,0.41632865461805396,33,interleaved
33179,179,0,0.044094194612961046,0.6677256727968717,33,interleaved
33180,180,0,0.1341399044214176,0.4699125075787103,33,interleaved
33181,181,0,0.7674769854328359,0.4605406883109061,33,interleaved
33182,182,0,0.9759462786126823,0.2874642055854366,33,interleaved
33183,183,0,0.931511975112241,0.6041186382486272,33,interleaved
33184,184,0,0.8685701396264691,0.3238293614385578,33,interleaved
33185,185,0,0.4167701497850279,0.5358668798480275,33,interleaved
33186,186,0,0.3311397811267405,0.6930697361051437,33,interleaved
33187,187,0,0.5640442482349324,0.5039177407262398,33,interleaved
33188,188,0,0.35908883074161724,0.4609229015154186,33,interleaved
33189,189,0,0.2103626517588188,0.45761035129185734,33,interleaved
33190,190,0,0.8009113085825502,0.33902294636931,33,interleaved
33191,191,0,0.49223795643683355,0.4427332464818627,33,interleaved
33192,192,0,0.9120322153441377,0.4663014248408242,33,interleaved
33193,193,0,0.9781170459161584,0.3503727108124078,33,interleaved
33194,194,0,0.1779304622042294,0.5193970277814787,33,interleaved
33195,195,0,0.6466745802933627,0.31941933184490234,33,interleaved
33196,196,0,0.5790865352769998,0.43028166355279773,33,interleaved
33197,197,0,0.3063163685696068,0.7420733359709852,33,interleaved
33198,198,0,0.5022837114439774,0.5033288380199006,33,interleaved
33199,199,0,0.9234661973176748,0.35032907646756317,33,interleaved
33200,0,0,0.5375001350258392,0.7684396302293666,33,blocked
33201,1,0,0.4747629248318057,0.6628877010909278,33,blocked
33202,2,0,0.48038890969169745,0.5971396974085382,33,blocked
33203,3,0,0.6446392316906726,0.5241316034636789,33,blocked
33204,4,0,0.9889839672838667,0.4287159567403222,33,blocked
33205,5,0,0.7967751516233218,0.6035429552568323,33,blocked
33206,6,0,0.003897603248151227,0.9531157885124724,33,blocked
33207,7,0,0.526167110776999,0.7104904963887961,33,blocked
33208,8,0,0.38772518710424503,1.1457777340250286,33,blocked
33209,9,0,0.006381733596196917,0.765153474230823,33,blocked
33210,10,0,0.9033937869661952,0.5609958825936818,33,blocked
33211,11,0,0.4956492696229046,1.197008765832479,33,blocked
33212,12,0,0.23859737930360872,0.7377812959264973,33,blocked
33213,13,0,0.21495203536149163,0.595819923018355,33,blocked
33214,14,0,0.454062630743075,0.907058379240544,33,blocked
33215,15,0,0.535188936539922,0.9011105252132758,33,blocked
33216,16,0,0.202658835025118,0.5799003647754342,33,blocked
33217,17,0,0.43704630089087176,0.7539283300716857,33,blocked
33218,18,0,0.5530456117548479,0.4183941148439626,33,blocked
33219,19,0,0.5829319666453994,0.5218716679925802,33,blocked
33220,20,0,0.7327179051942407,0.3655589623193809,33,blocked
33221,21,0,0.19119446059539352,0.45992506051288634,33,blocked
33222,22,0,0.06651096144386202,0.9019203348664516,33,blocked
33223,23,0,0.03774295030530415,0.7662667612177355,33,blocked
33224,24,0,0.2293712295716876,0.5032256185489901,33,blocked
33225,25,0,0.4824094408550723,0.432609431484536,33,blocked
33226,26,0,0.9896823600578353,0.6719256915784071,33,blocked
33227,27,0,0.5719668133801228,0.46930458986617474,33,blocked
33228,28,0,0.6988104695349091,0.7064426549818295,33,blocked
33229,29,0,0.3820434983493183,0.7120517799171242,33,blocked
33230,30,0,0.5088503892417738,0.6526334769777117,33,blocked
33231,31,0,0.8430763989805723,0.5931265560075347,33,blocked
33232,32,0,0.6792005888311177,0.5267994630578514,33,blocked
33233,33,0,0.08851436050937395,0.6640048205522069,33,blocked
33234,34,0,0.9652606841088431,0.7069407934802936,33,blocked
33235,35,0,0.5863758083163573,0.6561468094927914,33,blocked
33236,36,0,0.5450098848434053,0.7898654568614552,33,blocked
33237,37,0,0.7389805983859875,0.39881492801238466,33,blocked
33238,38,0,0.9717240800074594,0.604473455457448,33,blocked
33239,39,0,0.7399926423844245,0.8267042823904087,33,blocked
33240,40,0,0.8892101401597068,0.5627917942040607,33,blocked
33241,41,0,0.9488528496732516,0.47238621753833,33,blocked
33242,42,0,0.49152706735979196,0.9626767153755449,33,blocked
33243,43,0,0.45325168742737265,0.9667759084787219,33,blocked
33244,44,0,0.020707152953051595,1.2539540797885749,33,blocked
33245,45,0,0.7864176226051953,0.7571339752137316,33,blocked
33246,46,0,0.5329740770248683,0.7629092949700187,33,blocked
33247,47,0,0.9617849714568523,0.49131748339462805,33,blocked
33248,48,0,0.9429282649620389,0.661029024153917,33,blocked
33249,49,0,0.8941925374306421,0.4067873746234649,33,blocked
33250,50,0,0.6645858671965212,0.5843875970476551,33,blocked
33251,51,0,0.5592530587634806,0.6529972139818362,33,blocked
33252,52,0,0.5029213244083686,1.081900626323409,33,blocked
33253,53,0,0.033047383376961455,1.0629640007455865,33,blocked
33254,54,0,0.5004381771807352,0.7128164224038738,33,blocked
33255,55,0,0.4608131258130946,0.6835794200149171,33,blocked
33256,56,0,0.8282739040518137,0.4273492132970764,33,blocked
33257,57,0,0.8691134566986473,0.6766172022805378,33,blocked
33258,58,0,0.9822376796511356,0.5261632968146925,33,blocked
33259,59,0,0.6605242741032202,0.7459550674751954,33,blocked
33260,60,0,0.007480521027196704,0.9496768454720967,33,blocked
33261,61,0,0.6030171827800997,0.6710736830116855,33,blocked
33262,62,0,0.4364633630494322,0.7734615701109484,33,blocked
33263,63,0,0.5236237130832077,0.557439517057605,33,blocked
33264,64,0,0.48005278893340014,0.5450511213383868,33,blocked
33265,65,0,0.5468850179612147,0.4408752570908169,33,blocked
33266,66,0,0.03251830726286266,0.7406896290066939,33,blocked
33267,67,0,0.4444968198370956,0.556560152409436,33,blocked
33268,68,0,0.49834969710840904,1.0127527642924163,33,blocked
33269,69,0,0.3928559461883979,0.4778064270860967,33,blocked
33270,70,0,0.8244149038108692,0.8451263779375744,33,blocked
33271,71,0,0.7777484986560523,0.8857167209056318,33,blocked
33272,72,0,0.7457955768583162,0.6828509088166393,33,blocked
33273,73,0,0.5370399814669646,0.7909112508804533,33,blocked
33274,74,0,0.7973646928130682,0.5346561104188817,33,blocked
33275,75,0,0.9504084853041468,0.5686596378899444,33,blocked
33276,76,0,0.9511355554695665,0.7396573085830991,33,blocked
33277,77,0,0.9870466769440559,0.682576544433424,33,blocked
33278,78,0,0.7353867444810689,0.9048213451009113,33,blocked
33279,79,0,0.47660218405868293,0.6657949454043022,33,blocked
33280,80,0,0.434482846336532,0.6838398934369931,33,blocked
33281,81,0,0.9862660463503805,0.6248794338712853,33,blocked
33282,82,0,0.3257326394699953,0.774669746385549,33,blocked
33283,83,0,0.7381855683135172,0.5155623143185839,33,blocked
33284,84,0,0.11164103407354921,0.469324050935196,33,blocked
33285,85,0,0.8941300395785742,0.3712924418206397,33,blocked
33286,86,0,0.4864065919891685,0.6483987063045478,33,blocked
33287,87,0,0.9836841570034652,0.45853301079206166,33,blocked
33288,88,0,0.6283870081595062,0.7104397200034811,33,blocked
33289,89,0,0.9341693747626887,0.3951417985646837,33,blocked
33290,90,0,0.5216619785602808,0.661551703726053,33,blocked
33291,91,0,0.6567484399178006,0.9048838111295647,33,blocked
33292,92,0,0.22609166119315183,0.7444535771697068,33,blocked
33293,93,0,0.9861776230631643,0.4718530263477462,33,blocked
33294,94,0,0.0053668513401719685,0.6561095042937191,33,blocked
33295,95,0,0.7932430539092912,0.5336035467656036,33,blocked
33296,96,0,0.9921384761430987,0.5717697362192797,33,blocked
33297,97,0,0.5714842926589657,0.5449983497386583,33,blocked
33298,98,0,0.09063856821420689,0.4912846346828724,33,blocked
33299,99,0,0.1324611635541424,0.9798618613691598,33,blocked
33300,100,0,0.5241279465495448,0.5953845827680182,33,blocked
33301,101,0,0.9999985536743944,1.0225953365495648,33,blocked
33302,102,0,0.5993130806282428,0.6845647627805302,33,blocked
33303,103,0,0.6895801087030906,0.6214413590337478,33,blocked
33304,104,0,0.5055373763753331,0.7552536148331913,33,blocked
33305,105,0,0.6693998881698049,0.38049566826450587,33,blocked
33306,106,0,0.1717054692662333,0.4357957327079258,33,blocked
33307,107,0,0.6859001737416848,0.5576520802940075,33,blocked
33308,108,0,0.4822564798269565,0.5567877642966899,33,blocked
33309,109,0,0.9999876032291326,0.9030198238202191,33,blocked
33310,110,0,0.9915573499009197,0.5816752106347687,33,blocked
33311,111,0,0.9241883319541147,0.58269380891545,33,blocked
33312,112,0,0.1906608383969054,0.5719946961512858,33,blocked
33313,113,0,0.5604709896496655,0.7660793047249765,33,blocked
33314,114,0,0.9999875481442391,0.8224380110101268,33,blocked
33315,115,0,0.5606944505073653,0.5321871752541988,33,blocked
33316,116,0,0.9297350534427893,0.45746019853579656,33,blocked
33317,117,0,0.6428624893436174,0.38702964216592495,33,blocked
33318,118,0,0.9575330166554791,0.7229021503790967,33,blocked
33319,119,0,0.5352714050864477,0.715445120777197,33,blocked
33320,120,0,0.5135474341437432,0.6776794598246527,33,blocked
33321,121,0,0.009715828116793916,0.7048044242395471,33,blocked
33322,122,0,0.5236068690070584,0.7989272840133073,33,blocked
33323,123,0,0.5418664205439067,0.682181779767479,33,blocked
33324,124,0,0.45304190323543414,0.7298825294049889,33,blocked
33325,125,0,0.4031685454878955,0.6794079798060724,33,blocked
33326,126,0,0.1242525328523883,0.6249483562044325,33,blocked
33327,127,0,0.0345982047721184,0.9393200473635599,33,blocked
33328,128,0,0.12803024316004305,0.6084607238882007,33,blocked
33329,129,0,0.9548057205797744,0.5319317526204577,33,blocked
33330,130,0,0.20831381093176796,0.6057362510351233,33,blocked
33331,131,0,0.501884797195343,0.795040742654346,33,blocked
33332,132,0,0.7959326845909096,0.9386318058959303,33,blocked
33333,133,0,0.4661410131325232,0.8203784046937233,33,blocked
33334,134,0,0.8684315686433457,0.33662969509426577,33,blocked
33335,135,0,0.6859550422647577,0.3586345652555708,33,blocked
33336,136,0,0.14186405511244923,0.4785060104374268,33,blocked
33337,137,0,0.1755014804803387,0.7285317613159176,33,blocked
33338,138,0,0.8813356825075623,0.9097933300621819,33,blocked
33339,139,0,0.9674381345067102,0.3888064325903636,33,blocked
33340,140,0,0.5143578568029434,0.5863647097637401,33,blocked
33341,141,0,0.7321875459798006,0.5620300722785334,33,blocked
33342,142,0,0.38891975810541585,0.6213047643902757,33,blocked
33343,143,0,0.40309687071149447,0.6300003106411556,33,blocked
33344,144,0,0.9220664927718516,0.47558687172492997,33,blocked
33345,145,0,0.07089144078827803,0.6420789192733889,33,blocked
33346,146,0,0.7917795362771791,0.47428432564540346,33,blocked
33347,147,0,0.9557418849762443,0.6075966926243916,33,blocked
33348,148,0,0.44984579674727393,0.45562116572432654,33,blocked
33349,149,0,0.9076503920969217,0.4573527754649306,33,blocked
33350,150,0,0.5205084125925308,0.6396408313872166,33,blocked
33351,151,0,0.4686301409906716,1.1661284152861944,33,blocked
33352,152,0,0.48739646952198373,0.8206973974356694,33,blocked
33353,153,0,0.5000199129836513,1.1338395272424169,33,blocked
33354,154,0,0.6409585138617064,0.3926611733261039,33,blocked
33355,155,0,0.7877423554096548,0.7747734653888634,33,blocked
33356,156,0,0.10111912164138788,0.981439173040267,33,blocked
33357,157,0,0.669776047941135,0.5263183047927468,33,blocked
33358,158,0,0.8932177956531552,0.8491052658652185,33,blocked
33359,159,0,0.5231639211266953,0.7611971635393042,33,blocked
33360,160,0,0.9611810468232224,0.47841448350751226,33,blocked
33361,161,0,0.5724962376191105,0.4513461445400008,33,blocked
33362,162,0,0.9990157750678621,0.9561738086436229,33,blocked
33363,163,0,0.649045885632109,0.7233318126157554,33,blocked
33364,164,0,0.5388957392457958,0.5483629676962458,33,blocked
33365,165,0,0.9713071366925636,0.3164844266410558,33,blocked
33366,166,0,0.029921593776183992,0.6356234837862711,33,blocked
33367,167,0,0.3005036856634155,0.8469337073519334,33,blocked
33368,168,0,0.4571447038627814,0.5891039355271404,33,blocked
33369,169,0,0.6618496349881874,0.6444828541972171,33,blocked
33370,170,0,0.38758082496584956,0.5615324892931175,33,blocked
33371,171,0,0.4984788851296722,0.4650698711924697,33,blocked
33372,172,0,0.06412098215618758,0.7893730787993816,33,blocked
33373,173,0,0.927246471866977,0.6135533855635947,33,blocked
33374,174,0,0.8625816120005956,0.6501022011745212,33,blocked
33375,175,0,0.650798258350431,0.7844009220559762,33,blocked
33376,176,0,0.582448147144061,0.5969629232294091,33,blocked
33377,177,0,0.5154092985211576,0.7384710709970352,33,blocked
33378,178,0,0.7810487347980006,0.5913648223637868,33,blocked
33379,179,0,0.6728491967463923,0.57866190682487,33,blocked
33380,180,0,0.7568642766688641,0.551194290092202,33,blocked
33381,181,0,0.45406130984632936,0.6201686118945318,33,blocked
33382,182,0,0.4975832489345885,0.3740609730858592,33,blocked
33383,183,0,0.44770924658650435,0.5167372110782427,33,blocked
33384,184,0,0.43961209674988033,0.4314674597056283,33,blocked
33385,185,0,0.6264387063370587,0.4588915287586274,33,blocked
33386,186,0,0.002498634261343291,0.7852891442556239,33,blocked
33387,187,0,0.7831569423210217,0.37959886505653295,33,blocked
33388,188,0,0.6523279170820957,0.5034845397365636,33,blocked
33389,189,0,0.29031722282243533,0.5800002288125945,33,blocked
33390,190,0,0.8445378485525875,0.7384419650262801,33,blocked
33391,191,0,0.29169382446308395,0.6896463149964851,33,blocked
33392,192,0,0.26280120686614666,0.6375265812265527,33,blocked
33393,193,0,0.46441930773425755,0.6081205061080359,33,blocked
33394,194,0,0.10576675244653332,0.6979942867598221,33,blocked
33395,195,0,0.29329346788212035,0.824070557014832,33,blocked
33396,196,0,0.9993341352172667,0.4466720463528433,33,blocked
33397,197,0,0.2497614336440932,0.5601595695944975,33,blocked
33398,198,0,0.433899708351192,0.5260875723206861,33,blocked
33399,199,0,0.8567678405224459,0.6930503632781261,33,blocked
33400,0,0,0.6218903655394071,0.5904733703093007,33,early
33401,1,0,0.4530456217500653,0.5876962596929857,33,early
33402,2,0,0.848159053935296,0.5716312682843107,33,early
33403,3,0,0.022424763353329782,0.5608389358234689,33,early
33404,4,0,0.4523027818963554,0.5296178819602158,33,early
33405,5,0,0.40402951669615467,0.5590632346853429,33,early
33406,6,0,0.6142934050619895,0.5138839690859947,33,early
33407,7,0,0.6630602757808159,0.8558222164045557,33,early
33408,8,0,0.9609284318762865,0.7643603132413026,33,early
33409,9,0,0.81247774506844,0.5537169442120459,33,early
33410,10,0,0.9792681224111313,0.6738598349486318,33,early
33411,11,0,0.6089468774263249,0.8177243686019585,33,early
33412,12,0,0.012139852389221634,0.8260144283802504,33,early
33413,13,0,0.5274681637845091,0.8927987426365045,33,early
33414,14,0,0.9977044423146639,0.5547499721274063,33,early
33415,15,0,0.0019822759047912883,0.7544775414942934,33,early
33416,16,0,0.7223303348416397,0.3134652776793141,33,early
33417,17,0,0.10613727551182967,0.6872407094110861,33,early
33418,18,0,0.9757511702734172,0.5724577504105087,33,early
33419,19,0,0.02340082253797168,0.6648817314551994,33,early
33420,20,0,0.8727258149853769,0.4214948008213084,33,early
33421,21,0,0.7433162621387011,0.8319481658353554,33,early
33422,22,0,0.7472540645609187,0.8015435623245857,33,early
33423,23,0,0.2545455295680912,0.5866872526700639,33,early
33424,24,0,0.509156634203506,0.9197387480374246,33,early
33425,25,0,0.5147223021673457,0.7747459486183592,33,early
33426,26,0,0.39464160869796,0.8517322270498833,33,early
33427,27,0,0.8419222768347028,0.5213045164486023,33,early
33428,28,0,0.015867924313815104,0.8096607078780946,33,early
33429,29,0,0.85749497245153,0.3238841262625701,33,early
33430,30,0,0.03956928021171529,0.8494233401064324,33,early
33431,31,0,0.9333402551251667,0.5697314244000655,33,early
33432,32,0,0.0044536010038737795,1.1368056207951502,33,early
33433,33,0,0.9962207444075943,1.2073113097011559,33,early
33434,34,0,0.9998408395337872,0.8438304223677822,33,early
33435,35,0,0.19241626286679517,0.679505893424907,33,early
33436,36,0,0.13698622265165455,0.7253817795312557,33,early
33437,37,0,0.0016707192070145275,0.9582984190915732,33,early
33438,38,0,0.05582697074646815,0.8747869420127256,33,early
33439,39,0,0.9296109616624793,0.515119042265999,33,early
33440,40,0,0.33153831473245,0.505816222979871,33,early
33441,41,0,0.5080955179555485,0.5151084266081806,33,early
33442,42,0,0.5302516138929458,0.7575255864860158,33,early
33443,43,0,0.45306335871926096,0.5549899380055084,33,early
33444,44,0,0.41862599733250455,0.6433467992641866,33,early
33445,45,0,0.4913199918892722,0.51021604969021,33,early
33446,46,0,0.4998190348700083,0.9674243627674983,33,early
33447,47,0,0.6623005686147589,0.48099205746707896,33,early
33448,48,0,0.9946329105002487,0.7896557649571547,33,early
33449,49,0,0.9489219848169828,0.8912394068076102,33,early
33450,50,0,0.14042529809950713,0.6148280275061415,33,early
33451,51,0,0.5659973770236176,0.8548429291324479,33,early
33452,52,0,0.7938831658192576,0.7601871475078255,33,early
33453,53,0,0.49692888986903216,1.4971675655114907,33,early
33454,54,0,0.5008376270563957,0.8811394976504809,33,early
33455,55,0,0.5054582243802421,0.6337645040544128,33,early
33456,56,0,0.48520857142814455,0.5460099712035504,33,early
33457,57,0,0.5187838295922006,0.5308153284422599,33,early
33458,58,0,0.2656342257945402,0.5807447355525286,33,early
33459,59,0,0.780832490204575,0.7946392726732909,33,early
33460,60,0,0.6831554484866647,0.7634474533058156,33,early
33461,61,0,0.9468094228369789,0.7116338252973152,33,early
33462,62,0,0.4999202079696,0.9665373763029279,33,early
33463,63,0,0.8506308006007095,0.28073702463789557,33,early
33464,64,0,0.7646824008716745,0.6618716193961471,33,early
33465,65,0,0.6092017057545105,0.5572154422858595,33,early
33466,66,0,0.937488472283259,0.6816978614366263,33,early
33467,67,0,0.4962725642222518,0.8549770112681971,33,early
33468,68,0,0.11714185426768967,0.7055261441429588,33,early
33469,69,0,0.7744010831417143,0.39337400429829006,33,early
33470,70,0,0.4925485648961739,0.7585779993359555,33,early
33471,71,0,0.523351354270311,0.6914264908916905,33,early
33472,72,0,0.49952753430088914,1.368636770327957,33,early
33473,73,0,0.4995540765072039,0.9736864387104774,33,early
33474,74,0,0.604712351546749,0.6541174356799921,33,early
33475,75,0,0.49462721259723874,0.7191995784300561,33,early
33476,76,0,0.868945035042914,0.4074144835645758,33,early
33477,77,0,0.4995964627819591,0.999801343574833,33,early
33478,78,0,0.5669740749376612,0.5242124801175153,33,early
33479,79,0,0.5767061742653505,0.6399103999196014,33,early
33480,80,0,0.1829609328799661,0.7669296401215365,33,early
33481,81,0,0.4999833657836157,1.0388437028247337,33,early
33482,82,0,0.015519203264278128,0.7001006608224808,33,early
33483,83,0,0.8421848331628075,0.391873704732307,33,early
33484,84,0,0.5398875829824064,0.5826768975196497,33,early
33485,85,0,0.6337016841188062,0.8487593506091429,33,early
33486,86,0,0.956071672698181,0.901350745717129,33,early
33487,87,0,0.5000048383076647,1.0040481375007224,33,early
33488,88,0,0.4179081802807923,0.58219651867201,33,early
33489,89,0,0.25270478006627195,0.8852466355584827,33,early
33490,90,0,0.9622639410416327,0.8564212578366457,33,early
33491,91,0,0.5129141971981557,0.5672013893947243,33,early
33492,92,0,0.872451511620852,0.7811412944754188,33,early
33493,93,0,0.5000796857218007,0.9110513178192954,33,early
33494,94,0,0.006015681038046634,0.8184055315014436,33,early
33495,95,0,0.8574585972154847,0.9010022150947943,33,early
33496,96,0,0.007891963331787382,0.7241884858655996,33,early
33497,97,0,0.7081680225254966,0.454084931227821,33,early
33498,98,0,0.9347356528536718,0.6554693991501477,33,early
33499,99,0,0.38068745797137715,0.6451313324808754,33,early
33500,100,0,0.3214726052210709,0.8582188088752088,33,early
33501,101,0,0.512206049572241,0.5515831958803483,33,early
33502,102,0,0.7825586455389991,0.44208852550096944,33,early
33503,103,0,0.6691182348981548,0.8537038530567287,33,early
33504,104,0,0.580337725776368,0.4223621793474998,33,early
33505,105,0,0.4963328791860024,0.813894931617789,33,early
33506,106,0,0.7372357909575569,0.6731059164113362,33,early
33507,107,0,0.5045879874787247,0.742126336395978,33,early
33508,108,0,0.021771091107040532,0.7308303365943452,33,early
33509,109,0,0.5325298744066812,0.564509734092197,33,early
33510,110,0,0.4279338749442497,0.4046249278108241,33,early
33511,111,0,0.9240550080440977,0.5445319784111413,33,early
33512,112,0,0.5046588490379503,0.6719614818956672,33,early
33513,113,0,0.5007121473470322,0.8371946457629806,33,early
33514,114,0,0.8653264886174941,0.6106857749342982,33,early
33515,115,0,0.4969388994943976,0.640509674113395,33,early
33516,116,0,0.08608718696523812,0.6850238724489073,33,early
33517,117,0,0.500794762009373,0.7315702764188649,33,early
33518,118,0,0.9878761757960728,0.6767045827331585,33,early
33519,119,0,0.1027494894531503,0.6176257091102618,33,early
33520,120,0,0.0009980588897951163,0.9622117058409312,33,early
33521,121,0,0.8309088012117276,0.6309614139432163,33,early
33522,122,0,0.9989823908222919,0.6170665874218751,33,early
33523,123,0,0.8704140135165213,0.6017527315028247,33,early
33524,124,0,0.974702035246007,0.5682762574781566,33,early
33525,125,0,0.36881907554982085,0.5439644691224368,33,early
33526,126,0,0.43376222371908624,0.6145449142177686,33,early
33527,127,0,0.5354318670440642,0.4951500483843151,33,early
33528,128,0,0.32443333686989656,0.7780857089572126,33,early
33529,129,0,0.5009856213032381,0.6213397645208023,33,early
33530,130,0,0.5007232194494058,0.8081441813152919,33,early
33531,131,0,0.5202440088572101,0.6238848092556499,33,early
33532,132,0,0.005958875017192689,0.7522436582526923,33,early
33533,133,0,0.5921816060187091,0.6877340170406119,33,early
33534,134,0,0.7334198401174564,0.7100081825438083,33,early
33535,135,0,0.5558380720216965,0.6194668352289125,33,early
33536,136,0,0.8868838508021102,0.5796651840507745,33,early
33537,137,0,0.560915625824151,0.42545496071301386,33,early
33538,138,0,0.3190358714733573,0.564742344970502,33,early
33539,139,0,0.5007566752397293,0.8018043426943007,33,early
33540,140,0,0.21061436341003542,0.6559242071006728,33,early
33541,141,0,0.20560810028982276,0.953625805144589,33,early
33542,142,0,0.5493797177344715,0.5852952424116843,33,early
33543,143,0,0.8313981653577966,0.62820305746526,33,early
33544,144,0,0.2985361520011822,0.6042773351444272,33,early
33545,145,0,0.5567350094168289,0.4198761813501537,33,early
33546,146,0,0.6846980127211264,0.5096068641827411,33,early
33547,147,0,0.788697825557668,0.4858709819776958,33,early
33548,148,0,0.6975423850355856,0.7173102401000737,33,early
33549,149,0,0.840245268968403,0.8504207881670953,33,early
33550,150,0,0.6810871741149195,0.38916365324300733,33,early
33551,151,0,0.8237965338674855,0.6060353320585898,33,early
33552,152,0,1.6889683477705134e-05,1.3227396924344275,33,early
33553,153,0,0.5039092639077164,0.8007082317600289,33,early
33554,154,0,0.11998451651384301,0.6788410204324088,33,early
33555,155,0,0.1453878490974068,0.7917560052202607,33,early
33556,156,0,0.747058215948132,0.49848432427159683,33,early
33557,157,0,0.5019998076213947,0.6377407843775472,33,early
33558,158,0,0.9983695956310932,0.6516288830511612,33,early
33559,159,0,0.7611456884687486,0.764956352710809,33,early
33560,160,0,0.8490702052400669,0.5613535165651635,33,early
33561,161,0,0.7372297859363165,0.43120861850049597,33,early
33562,162,0,0.862520020073044,0.3542623483552674,33,early
33563,163,0,0.9930729484334034,0.4214804611903765,33,early
33564,164,0,0.49448007367271396,0.575601969366925,33,early
33565,165,0,0.11141260316974883,0.8517976087626835,33,early
33566,166,0,0.022645677107222473,0.8321470301822615,33,early
33567,167,0,0.6556407990414083,0.6312997984678297,33,early
33568,168,0,0.11258222231811271,0.6942535031957632,33,early
33569,169,0,0.5000012661445186,0.9497947193008074,33,early
33570,170,0,0.5334702129071642,0.5028489335334982,33,early
33571,171,0,0.5651666706377418,0.496397765295319,33,early
33572,172,0,0.14242005792959042,0.7220980041797922,33,early
33573,173,0,0.7329038681861894,0.46458059636836924,33,early
33574,174,0,0.5047006686416599,0.791146793464391,33,early
33575,175,0,0.4776126267978924,0.677889731274709,33,early
33576,176,0,0.15123393682956673,0.7433118118604534,33,early
33577,177,0,0.6604668023116365,0.592804546871683,33,early
33578,178,0,0.496999309666379,0.5460264927330709,33,early
33579,179,0,0.6797292105940647,0.5209854093462076,33,early
33580,180,0,0.5411165854801494,0.8048204007345324,33,early
33581,181,0,0.5066238406294327,0.8923243675969905,33,early
33582,182,0,0.2692748928739236,0.8913229659519055,33,early
33583,183,0,0.034125002288446,0.6552364145220185,33,early
33584,184,0,0.0625484094872835,1.0673142878498623,33,early
33585,185,0,0.6481483527097041,0.7286100178312376,33,early
33586,186,0,0.2892247886234472,0.41820417686716427,33,early
33587,187,0,0.5926107224905968,0.37255771743189253,33,early
33588,188,0,0.7903193010894387,0.8256082819278674,33,early
33589,189,0,0.3859152751032762,0.40041642720478765,33,early
33590,190,0,0.4779979369210723,0.4588725647953199,33,early
33591,191,0,0.11363948074493364,0.7544154995856449,33,early
33592,192,0,0.502673154006158,0.5621712311354436,33,early
33593,193,0,0.5008719078766011,0.5815436263411746,33,early
33594,194,0,0.7505480619100482,0.5887841689971085,33,early
33595,195,0,0.6044537264925458,0.4134301294523881,33,early
33596,196,0,0.7391728253893224,0.30477257567625016,33,early
33597,197,0,0.6898918437971184,0.5235416988149222,33,early
33598,198,0,0.9633956717883332,0.4583132125696042,33,early
33599,199,0,0.48269767404572156,0.910756847565282,33,early
33600,0,0,0.8510754341744462,0.5218471698146927,33,middle
33601,1,0,0.6652169335277085,0.8393086473316624,33,middle
33602,2,0,0.47892003651556914,0.5249180670390784,33,middle
33603,3,0,0.3462199052303966,0.5126993445864423,33,middle
33604,4,0,0.7677824209464723,0.6253347833562812,33,middle
33605,5,0,0.5201719518189463,0.7334821811755319,33,middle
33606,6,0,0.6905388364425694,0.5433949993284294,33,middle
33607,7,0,0.2944032769963931,0.5334756220385686,33,middle
33608,8,0,0.49743525199474936,0.6176369616736793,33,middle
33609,9,0,0.5196803441617039,0.5560666545057327,33,middle
33610,10,0,0.08847345134153531,0.8708089586970902,33,middle
33611,11,0,0.506977018477058,0.7806061348058162,33,middle
33612,12,0,0.46178425164607256,0.7907046610590873,33,middle
33613,13,0,0.8682909846823017,0.7007963047999732,33,middle
33614,14,0,0.9699710227557917,0.6044439060883224,33,middle
33615,15,0,0.765966983726226,0.5583162961313871,33,middle
33616,16,0,0.5411819853766952,0.5296044749565061,33,middle
33617,17,0,0.3252768897092834,0.6911537270131719,33,middle
33618,18,0,0.09566926263707154,0.7875414544187532,33,middle
33619,19,0,0.48537173064809824,0.6282928432573381,33,middle
33620,20,0,0.5205755443594783,0.5980064471914588,33,middle
33621,21,0,0.7841364127088684,0.8526108142843745,33,middle
33622,22,0,0.9997745761633463,0.5452077665889498,33,middle
33623,23,0,0.0001704129786558051,0.8995296211484561,33,middle
33624,24,0,0.21809099758135203,1.0929487888344775,33,middle
33625,25,0,0.4801820816098784,0.8320975689609518,33,middle
33626,26,0,0.20467001873183566,0.7813149454175657,33,middle
33627,27,0,0.07658289789729206,1.0265616254454426,33,middle
33628,28,0,0.8546645002470616,0.40483927093375416,33,middle
33629,29,0,0.9987488442573706,0.6400029043726487,33,middle
33630,30,0,0.46496694118225496,0.8269567640064558,33,middle
33631,31,0,0.544648080797532,0.5362111111638246,33,middle
33632,32,0,0.13875416578295557,0.8343683259180128,33,middle
33633,33,0,0.5326874266648299,0.6479554681013112,33,middle
33634,34,0,0.4205951521927899,0.4492793748823487,33,middle
33635,35,0,0.4802582249230814,0.7725245261515448,33,middle
33636,36,0,0.023236431376003817,0.6865995112930845,33,middle
33637,37,0,0.49230742298228075,0.851555248530117,33,middle
33638,38,0,0.17561117933701798,0.7946989746578556,33,middle
33639,39,0,0.5364351771697429,0.6355423147747572,33,middle
33640,40,0,0.2271977467398101,0.5510237551651381,33,middle
33641,41,0,0.560516889404332,0.5452062153620509,33,middle
33642,42,0,0.06714912717438638,1.0686043917760704,33,middle
33643,43,0,0.45945594876078094,0.7881865207732713,33,middle
33644,44,0,0.9451638028589524,0.36095873545234813,33,middle
33645,45,0,0.051885783484027004,0.6934793529623571,33,middle
33646,46,0,0.38724866645678463,0.8028668653316396,33,middle
33647,47,0,0.053642360103203966,0.7766665246251062,33,middle
33648,48,0,0.04507474575644643,0.8014378478378681,33,middle
33649,49,0,0.6250006200135737,0.9041527377767571,33,middle
33650,50,0,0.3581667376137934,0.7260852139724874,33,middle
33651,51,0,0.6690316737860449,0.6861080148443922,33,middle
33652,52,0,0.9943271991921068,0.729369919304002,33,middle
33653,53,0,0.5001008284732604,0.7839708998765509,33,middle
33654,54,0,0.985631437018317,0.4292143211069608,33,middle
33655,55,0,0.9550025219377357,0.5019390802204864,33,middle
33656,56,0,0.8820979028862339,0.5817206870889364,33,middle
33657,57,0,0.9806394178988826,0.6155750867245602,33,middle
33658,58,0,0.5038184306609023,0.46041002031939154,33,middle
33659,59,0,0.848930258047339,0.4759717058547216,33,middle
33660,60,0,0.5945513307357279,0.6214066875808784,33,middle
33661,61,0,0.4982168449555828,0.7780955421014507,33,middle
33662,62,0,0.9715423077760408,0.5626109491103781,33,middle
33663,63,0,0.5081952749640163,0.5804910588340544,33,middle
33664,64,0,0.08309751879118185,0.7371096952409106,33,middle
33665,65,0,0.5989464118419245,0.705452698342985,33,middle
33666,66,0,0.6379788839983807,0.7001857453518425,33,middle
33667,67,0,0.9998696461383845,0.4596251951459335,33,middle
33668,68,0,0.9964318092125322,0.6622166431545345,33,middle
33669,69,0,0.500152291462561,0.73578359425655,33,middle
33670,70,0,0.20382691788755478,0.7214412697628219,33,middle
33671,71,0,0.9573898393703515,0.38612068697671054,33,middle
33672,72,0,0.97930002194395,0.6147727101940375,33,middle
33673,73,0,0.5568570673468588,0.43610805600935615,33,middle
33674,74,0,0.7834497611942086,0.5734176755358553,33,middle
33675,75,0,0.8500089640249968,0.8160273278692978,33,middle
33676,76,0,0.8948824529029668,0.44106645847202297,33,middle
33677,77,0,0.8029580238885433,0.6800439528336063,33,middle
33678,78,0,0.9496410532172747,0.3600915044656273,33,middle
33679,79,0,0.9316046062653298,0.5583734977113745,33,middle
33680,80,0,0.0063563371383339,0.9000687647189236,33,middle
33681,81,0,0.007801338362776636,0.8115270219090855,33,middle
33682,82,0,0.02224991143472892,0.6859183683300274,33,middle
33683,83,0,0.08728925362015155,0.3538148459845176,33,middle
33684,84,0,0.3352225563406751,0.566325042667961,33,middle
33685,85,0,0.10479542613078219,0.7338815523375348,33,middle
33686,86,0,0.8947033325151794,0.34972113114386505,33,middle
33687,87,0,0.00011446186993386174,0.9184435587419408,33,middle
33688,88,0,0.5070255241310263,0.6602247004870134,33,middle
33689,89,0,0.024062205856935075,0.6845206609780429,33,middle
33690,90,0,0.48464428344442134,0.6413191574188759,33,middle
33691,91,0,0.0015631818885559878,0.707357804582583,33,middle
33692,92,0,0.007858771112506522,0.8665141952404005,33,middle
33693,93,0,0.7839186985520956,0.6829572489610147,33,middle
33694,94,0,0.01226162455061786,1.0244425789364717,33,middle
33695,95,0,0.7844884028419303,0.4500446299184474,33,middle
33696,96,0,0.605061803445322,0.6094054335977658,33,middle
33697,97,0,0.9737480872446334,0.5326928632828475,33,middle
33698,98,0,0.7358638470943673,0.7695905045090363,33,middle
33699,99,0,0.45088185879789755,0.7958203309095091,33,middle
33700,100,0,0.5679510141942726,0.44174595073380674,33,middle
33701,101,0,0.5147369107026186,0.8124370718475327,33,middle
33702,102,0,0.523313956852946,0.713311857618663,33,middle
33703,103,0,0.9970783199389037,0.5680811944927688,33,middle
33704,104,0,0.059990293910244435,0.7595117815909536,33,middle
33705,105,0,0.9992484027126107,0.81288930553878,33,middle
33706,106,0,0.9844793188026426,0.32963822973086243,33,middle
33707,107,0,0.4722152553829493,0.62153409057548,33,middle
33708,108,0,0.9047643690516892,0.47570212340190565,33,middle
33709,109,0,0.975900420649846,0.554002608692734,33,middle
33710,110,0,0.8001762964004906,0.5133627965112975,33,middle
33711,111,0,0.12607486325639697,0.42422934274167373,33,middle
33712,112,0,0.6732653150601238,0.7790919939160397,33,middle
33713,113,0,0.8896241554825057,0.532384067258872,33,middle
33714,114,0,0.3188907437628211,0.8228087030796798,33,middle
33715,115,0,0.006503743445241958,1.035383476530407,33,middle
33716,116,0,0.970747836629038,0.8154841844967492,33,middle
33717,117,0,0.09977786659595052,0.761889412199737,33,middle
33718,118,0,0.5807430575656137,0.6014080266908133,33,middle
33719,119,0,0.998044927852263,0.4371254723929634,33,middle
33720,120,0,0.006659344359097747,1.1079079891115982,33,middle
33721,121,0,0.5004563898723082,1.029088883002232,33,middle
33722,122,0,0.8333583977771052,0.7218199708226913,33,middle
33723,123,0,0.5610396109923889,0.6117524780266452,33,middle
33724,124,0,0.5739107182050366,0.37067874594060896,33,middle
33725,125,0,0.2899751044944432,0.6822126367338717,33,middle
33726,126,0,0.49853205391311783,0.910252923667346,33,middle
33727,127,0,0.5151509460597542,0.43995905037521454,33,middle
33728,128,0,0.6166779189129752,0.39048182106753054,33,middle
33729,129,0,0.5177326990155496,0.5561002186114599,33,middle
33730,130,0,0.549324082123599,0.5345144392053691,33,middle
33731,131,0,0.7183145791135002,0.6856463415554888,33,middle
33732,132,0,0.9437437867844107,0.3836166293402745,33,middle
33733,133,0,0.9385973596200987,0.5275486952272095,33,middle
33734,134,0,0.8610334654259313,0.4854596954501178,33,middle
33735,135,0,0.5486537842530382,0.5830387938871244,33,middle
33736,136,0,0.9367027077384246,0.507965573757855,33,middle
33737,137,0,0.3000795742590785,0.4763010794748749,33,middle
33738,138,0,0.7469233669133892,0.4604374729097531,33,middle
33739,139,0,0.9677759066782341,0.6480098763934825,33,middle
33740,140,0,0.8569399607586454,0.4689742772963952,33,middle
33741,141,0,0.741430433659575,0.4057125841405268,33,middle
33742,142,0,0.9831602425791095,0.4207673071318111,33,middle
33743,143,0,0.49939684223100633,0.6677004145883865,33,middle
33744,144,0,0.7237632885705931,0.5382143221210681,33,middle
33745,145,0,0.9403320316780216,0.48021054602757596,33,middle
33746,146,0,0.9427852263293753,0.40526301207921067,33,middle
33747,147,0,0.5826581013014838,0.2953150517223201,33,middle
33748,148,0,0.9991448431100272,0.5915093448636235,33,middle
33749,149,0,0.9978564942160859,0.5596695251711714,33,middle
33750,150,0,0.7218407735244129,0.4776487729380958,33,middle
33751,151,0,0.568711562301558,0.5084462991072924,33,middle
33752,152,0,0.8541223226202013,0.7283433658221814,33,middle
33753,153,0,0.4466743975657982,0.9345945395488804,33,middle
33754,154,0,0.9012847971702285,0.5190754016303267,33,middle
33755,155,0,0.985766760934969,0.30835631894726234,33,middle
33756,156,0,0.7592348915684088,0.5039444925402266,33,middle
33757,157,0,0.9994130297286421,0.751224705238019,33,middle
33758,158,0,0.5335281577842668,0.8612213330405356,33,middle
33759,159,0,0.960511720379191,0.46373616046419985,33,middle
33760,160,0,0.9914160472231115,0.44130384691016156,33,middle
33761,161,0,0.699354031122737,0.517715896888207,33,middle
33762,162,0,0.9922282517755137,0.5615806044229827,33,middle
33763,163,0,0.9696576311200925,0.4685636913385204,33,middle
33764,164,0,0.9959782134428663,0.880248681070753,33,middle
33765,165,0,0.5793559092246489,0.5547133062996215,33,middle
33766,166,0,0.9890127441056189,0.9175170226601286,33,middle
33767,167,0,0.900155917720284,0.6660787502212684,33,middle
33768,168,0,0.4970552077711112,0.9695616109153302,33,middle
33769,169,0,0.001364970658686992,1.0932392561075803,33,middle
33770,170,0,0.8698220909167997,0.6321040316291482,33,middle
33771,171,0,0.7419180129175614,0.42425081035554313,33,middle
33772,172,0,0.5083329004048629,0.5290983552711375,33,middle
33773,173,0,0.008261543328849149,0.6491285356967876,33,middle
33774,174,0,0.4992560895253752,0.7502193000147516,33,middle
33775,175,0,0.6718373635395795,0.6951558919854613,33,middle
33776,176,0,0.5940566701421555,0.6215067838261561,33,middle
33777,177,0,0.3518015774661629,0.475926062400691,33,middle
33778,178,0,0.9509333872988374,0.400430201656789,33,middle
33779,179,0,0.9902921507732336,0.29679098344572624,33,middle
33780,180,0,0.993266698018404,0.5357680002544126,33,middle
33781,181,0,0.9977678915468604,0.44406955706540824,33,middle
33782,182,0,0.5944567352782486,0.5437482173450289,33,middle
33783,183,0,0.6796397088120271,0.7069511188169009,33,middle
33784,184,0,0.5001129503798332,0.5720976917984203,33,middle
33785,185,0,0.7366826020411822,0.5382435668298478,33,middle
33786,186,0,0.36402789177107703,0.5959485602359538,33,middle
33787,187,0,0.6658990399895308,0.6128905698249073,33,middle
33788,188,0,0.524039443231688,0.6785729905196971,33,middle
33789,189,0,0.9991703352295771,0.45963217754970037,33,middle
33790,190,0,0.8430527590236077,0.4705739326812908,33,middle
33791,191,0,0.9953607063719634,0.5941652563828721,33,middle
33792,192,0,0.4735196791464459,0.8875398437638364,33,middle
33793,193,0,0.7409783086832631,0.5447143525575395,33,middle
33794,194,0,0.9763417702253367,0.316187738277263,33,middle
33795,195,0,0.8846756108893364,0.45032606440127154,33,middle
33796,196,0,0.52417473596303,0.6568259491399475,33,middle
33797,197,0,0.514367406578832,0.7170260514468869,33,middle
33798,198,0,0.5003087104713243,0.7283751644739309,33,middle
33799,199,0,0.6698295213493327,0.5709556724894992,33,middle
33800,0,0,0.6936540193805382,0.6303806405761833,33,late
33801,1,0,0.48255835758657,0.7284581449003952,33,late
33802,2,0,0.026126971873594834,0.6967539939262201,33,late
33803,3,0,0.8104418935025611,0.4200750534025215,33,late
33804,4,0,0.5645267813619167,0.6629108316744479,33,late
33805,5,0,0.6561511975688562,0.7898249952402598,33,late
33806,6,0,0.5446123627973767,0.5513675782533778,33,late
33807,7,0,0.3964508634298435,0.6910377701200346,33,late
33808,8,0,0.7319743385044021,0.5057722568232956,33,late
33809,9,0,0.5021581271236414,0.5400039209448068,33,late
33810,10,0,0.25797385895688035,0.6725656973190586,33,late
33811,11,0,0.29689812872520394,0.8189646132424502,33,late
33812,12,0,0.045717955309485525,0.7323236582552874,33,late
33813,13,0,0.50008845739147,0.8609336630002284,33,late
33814,14,0,0.4322691910389744,0.5702822393803939,33,late
33815,15,0,0.6033032962730567,0.48384654273184186,33,late
33816,16,0,0.049824805252945435,0.7088794058326785,33,late
33817,17,0,0.45608347198440097,0.4976872290326704,33,late
33818,18,0,0.13020898257292574,0.8072652032081831,33,late
33819,19,0,0.5249050011903118,0.5750995285405192,33,late
33820,20,0,0.05738799258839653,0.800866732445642,33,late
33821,21,0,0.4972393405473589,0.7935351762614218,33,late
33822,22,0,0.8802417295360772,0.6435946340694297,33,late
33823,23,0,0.4978803598030652,0.8996862979955378,33,late
33824,24,0,0.24330224658660585,0.8990760663145245,33,late
33825,25,0,0.5000786141361185,0.8956430526531267,33,late
33826,26,0,0.627202791735961,0.699311267727734,33,late
33827,27,0,0.5247038463440297,0.6662105598922206,33,late
33828,28,0,0.3273531027885943,0.6291326548226952,33,late
33829,29,0,0.3986820004568056,0.7624101462467228,33,late
33830,30,0,0.006647029326297449,0.9187197906155673,33,late
33831,31,0,0.488021670996664,0.7491116982233459,33,late
33832,32,0,0.33276925156532666,0.4794026338708528,33,late
33833,33,0,0.6668622669306074,0.7685169416292148,33,late
33834,34,0,0.5231387930737118,0.5731032284445481,33,late
33835,35,0,0.47570690114521047,0.5292438602296985,33,late
33836,36,0,0.48394435305643263,0.4985979963267337,33,late
33837,37,0,0.23533667849465548,0.517243293107772,33,late
33838,38,0,0.0822055618633524,0.5559971825575035,33,late
33839,39,0,0.49552882106971996,0.6892071955953651,33,late
33840,40,0,0.9476959547130508,0.43477719294110034,33,late
33841,41,0,0.5305225073558754,0.637676753228054,33,late
33842,42,0,0.0966756255261832,0.6549726668753402,33,late
33843,43,0,0.292398287934874,1.0780941093139058,33,late
33844,44,0,0.2980377223911194,0.8646333160088567,33,late
33845,45,0,0.6217224547880199,0.5116416282313381,33,late
33846,46,0,0.10523296611454942,0.6705040285695232,33,late
33847,47,0,0.6197272404806955,0.572374970336236,33,late
33848,48,0,0.6627487374403459,0.65828811206355,33,late
33849,49,0,0.5000031362888369,0.8529570570529421,33,late
33850,50,0,0.9803807594910344,0.6831129646862334,33,late
33851,51,0,0.5049902302483847,0.6247800394930617,33,late
33852,52,0,0.4127988904424283,0.9456254026026139,33,late
33853,53,0,0.4857488641986526,0.7793895181180048,33,late
33854,54,0,0.7225494482113481,0.7441324405034195,33,late
33855,55,0,0.5000262463685754,1.1852240355378836,33,late
33856,56,0,0.19528485621623692,0.9616418787300487,33,late
33857,57,0,0.4999876670861352,0.9172809659912675,33,late
33858,58,0,0.49948830098024577,0.9204073142447402,33,late
33859,59,0,0.500666769730601,0.6356054247442928,33,late
33860,60,0,0.955730230715005,0.570338145283146,33,late
33861,61,0,0.6610628693635923,0.6636394608787763,33,late
33862,62,0,0.9252949012391902,0.5920282057444493,33,late
33863,63,0,0.784000970145857,0.5292605710684442,33,late
33864,64,0,0.2997332656735704,0.7138653598019592,33,late
33865,65,0,0.6111378614799066,0.6950550335126182,33,late
33866,66,0,0.9981326298215611,0.42502342676328775,33,late
33867,67,0,0.42690942007743193,0.46713667913849366,33,late
33868,68,0,0.15879344770782652,0.873659406603658,33,late
33869,69,0,0.5142194807944059,0.7109742013303446,33,late
33870,70,0,0.5383762519180367,0.4552020219235914,33,late
33871,71,0,0.5658058272462975,0.482545477402697,33,late
33872,72,0,0.008261864962593674,1.2155188624098274,33,late
33873,73,0,0.987729462588532,1.1017688709085198,33,late
33874,74,0,0.9996417829469828,0.5982600072645573,33,late
33875,75,0,0.5064550250590022,0.6961033318070355,33,late
33876,76,0,0.9931565378702564,0.8871439661579761,33,late
33877,77,0,0.006588026891133974,0.7800672542669406,33,late
33878,78,0,0.3637796013985206,0.6881054896239422,33,late
33879,79,0,0.5000996988626073,0.5918073921158751,33,late
33880,80,0,0.08027457498805093,0.7250707896280468,33,late
33881,81,0,0.0010253978186127125,0.7810571838818803,33,late
33882,82,0,0.44355360975965197,0.528923965031815,33,late
33883,83,0,0.29622563560701054,0.6009479933266417,33,late
33884,84,0,0.1424033382470048,0.6928067182131836,33,late
33885,85,0,0.9839002518112656,0.3934125901920559,33,late
33886,86,0,0.9061957532384592,0.5728385383247727,33,late
33887,87,0,0.06505272220932641,0.6644442776346553,33,late
33888,88,0,0.9997508730021749,0.7950981876892051,33,late
33889,89,0,0.01260532226235624,1.0570714983452674,33,late
33890,90,0,0.9989405771706177,0.6327297599264567,33,late
33891,91,0,0.9503958682454341,0.6318077182238324,33,late
33892,92,0,0.6796221543845374,0.7663139105536818,33,late
33893,93,0,0.009261182004576405,0.7442229061174566,33,late
33894,94,0,0.28395986602962847,0.6807939703007393,33,late
33895,95,0,0.9919688644922879,0.5826346275761979,33,late
33896,96,0,0.23067922578238995,0.6199462829899716,33,late
33897,97,0,0.7446751712384849,0.6049733904880309,33,late
33898,98,0,0.006970693560560454,0.6766126798453196,33,late
33899,99,0,0.07064783972455999,0.5579389221765577,33,late
33900,100,0,0.9952193437613122,0.5261029580662311,33,late
33901,101,0,0.8541688465291409,0.6226100618055108,33,late
33902,102,0,0.4807334778132246,0.34996101664059115,33,late
33903,103,0,0.9555336430954737,0.6583165066631687,33,late
33904,104,0,0.9999253642606798,0.9762539660112054,33,late
33905,105,0,0.990583877645184,0.5390839350394412,33,late
33906,106,0,0.4771883749979483,0.6485777359770013,33,late
33907,107,0,0.0014125057532754367,1.0743220180222268,33,late
33908,108,0,0.002531253322494156,0.9990039288725493,33,late
33909,109,0,0.04369384423640946,0.7458299132117128,33,late
33910,110,0,0.9570350484006301,0.4870109510921964,33,late
33911,111,0,0.9429004643246444,0.5976033933493619,33,late
33912,112,0,0.9933072017669304,0.49875875077066,33,late
33913,113,0,0.8026935437651643,0.4860443048494444,33,late
33914,114,0,0.534653469765186,0.5091737693849047,33,late
33915,115,0,0.003926967516361924,0.7962943272318148,33,late
33916,116,0,0.5653388714182539,0.8455933982192612,33,late
33917,117,0,0.9988240187352442,0.5693938962522016,33,late
33918,118,0,0.0031305074697237215,0.7893429247358873,33,late
33919,119,0,0.22415803840359197,0.5940016316748962,33,late
33920,120,0,0.5009917666962416,0.8922135491021577,33,late
33921,121,0,0.5001421381075303,1.0911676012354918,33,late
33922,122,0,0.781005332472545,0.51413104140684,33,late
33923,123,0,0.05971414256501788,0.9586230853494622,33,late
33924,124,0,0.5437542144867208,0.5894242478054523,33,late
33925,125,0,0.5944780607256379,0.637299100638566,33,late
33926,126,0,0.4231092123790983,0.6054965752943019,33,late
33927,127,0,0.724094768337992,0.7088058283797035,33,late
33928,128,0,0.3466601840215312,0.6851065888825241,33,late
33929,129,0,0.5136183693168062,0.5997496684020449,33,late
33930,130,0,0.7612688213601264,0.5506275543387087,33,late
33931,131,0,0.235737216805475,0.6932896170611984,33,late
33932,132,0,0.42349945719764176,0.6001951871373081,33,late
33933,133,0,0.13814640720364033,0.6312529396821732,33,late
33934,134,0,0.16665953654666502,0.651339318871441,33,late
33935,135,0,0.6345015898363974,0.42947703938101034,33,late
33936,136,0,0.17403457316583934,0.7793800426717186,33,late
33937,137,0,0.6285105030513856,0.6927342684435625,33,late
33938,138,0,0.8810598542209289,0.49668449697197226,33,late
33939,139,0,0.8844522626727911,0.5273247394523073,33,late
33940,140,0,0.08722590408311308,0.5219180460502857,33,late
33941,141,0,0.4728036342471701,0.5193323943496296,33,late
33942,142,0,0.8303336104928669,0.6073241893473137,33,late
33943,143,0,0.2838791485186331,0.7848783560463616,33,late
33944,144,0,0.5001022200455655,0.6705738929938304,33,late
33945,145,0,0.26971782052304305,0.740941022337259,33,late
33946,146,0,0.9635368106352957,0.4918106567646625,33,late
33947,147,0,0.4997325156579242,0.7207008877406512,33,late
33948,148,0,0.5373887149983727,0.439816263589318,33,late
33949,149,0,0.5525155023845847,0.7655840031163732,33,late
33950,150,0,0.7418222190116832,0.7754891462333962,33,late
33951,151,0,0.49274978886889875,0.7111016102564527,33,late
33952,152,0,0.6782409676011025,0.4644670555174838,33,late
33953,153,0,0.5287215449790109,0.6646249397880587,33,late
33954,154,0,0.34916192980879857,0.4752032267043216,33,late
33955,155,0,0.7976630164184662,0.4851730814221382,33,late
33956,156,0,0.7500648440359508,0.5225397022675424,33,late
33957,157,0,0.8484043515860149,0.6527172057217199,33,late
33958,158,0,0.5035375213469498,0.7825579805342127,33,late
33959,159,0,0.8609823790767007,0.5112303255078888,33,late
33960,160,0,0.8749652722787087,0.6971400262657619,33,late
33961,161,0,0.9998332949214405,0.911718124696572,33,late
33962,162,0,0.564745110881796,0.5969201108411393,33,late
33963,163,0,0.806810392190628,0.7048683219365683,33,late
33964,164,0,0.5442832595732262,0.78541014388931,33,late
33965,165,0,0.49239348045283615,1.0839609176207943,33,late
33966,166,0,0.6538463922958657,0.3833970534626069,33,late
33967,167,0,0.04493089354493991,0.7464958931706163,33,late
33968,168,0,0.8826829095990014,0.5246837946888593,33,late
33969,169,0,0.9932989093302118,0.5138639670495598,33,late
33970,170,0,0.5033632188823192,0.7095246894260141,33,late
33971,171,0,0.7273717959716143,0.44726981608742133,33,late
33972,172,0,0.5139651423468661,0.7469386267268621,33,late
33973,173,0,0.6824503148829535,0.7176706856779955,33,late
33974,174,0,0.3029531679021841,0.6688850077790126,33,late
33975,175,0,0.5729123882890264,0.42286270897995926,33,late
33976,176,0,0.0017920770479432778,0.7639851774454705,33,late
33977,177,0,0.7264760018542611,0.5687242392501033,33,late
33978,178,0,0.4047996088540855,0.5251491185067282,33,late
33979,179,0,0.7194484456429643,0.5484027842406942,33,late
33980,180,0,0.48199526930845404,0.6577670798843744,33,late
33981,181,0,0.999730255416537,0.4542838473679086,33,late
33982,182,0,0.9182907747511397,0.47683162975679627,33,late
33983,183,0,0.6455560240257701,0.6442132961955981,33,late
33984,184,0,0.564915624667867,0.7387087630200246,33,late
33985,185,0,0.6059287755108227,0.5728315293199162,33,late
33986,186,0,0.9417478847538532,0.5154567823315929,33,late
33987,187,0,0.4842659010114179,0.5167187218770191,33,late
33988,188,0,0.9754660927135064,0.5383981348937119,33,late
33989,189,0,0.4432045634540145,0.6595162023593055,33,late
33990,190,0,0.951539278480602,0.4169428857291064,33,late
33991,191,0,0.9509778234200037,0.4786022708291293,33,late
33992,192,0,0.6640992936558445,0.589547117104466,33,late
33993,193,0,0.08338003730113329,0.886205512887656,33,late
33994,194,0,0.5336178898826084,0.7632341645208378,33,late
33995,195,0,0.9946757491622847,0.4498364037377624,33,late
33996,196,0,0.018820774197937776,0.5044233183960096,33,late
33997,197,0,0.41315329256585315,0.6209005137067578,33,late
33998,198,0,0.5141683320769129,0.5508263713830222,33,late
33999,199,0,0.8478994754017445,0.48100444493207284,33,late
34000,0,0,0.13557059426377774,0.7000166719112088,34,interleaved
34001,1,0,0.5316025819605738,0.38965459408144204,34,interleaved
34002,2,0,0.4171707678614747,0.5632309586285856,34,interleaved
34003,3,0,0.8515554406354847,0.6299069631863459,34,interleaved
34004,4,0,0.7609509303729756,0.3101504023992576,34,interleaved
34005,5,0,0.12725542105259258,0.628906476120479,34,interleaved
34006,6,0,0.25298403603024744,0.6825928588772038,34,interleaved
34007,7,0,0.602051887684764,0.450457918205086,34,interleaved
34008,8,0,0.8134156462350117,0.6489486260149326,34,interleaved
34009,9,0,0.034802806560622186,0.7013901923561122,34,interleaved
34010,10,0,0.4338395343444856,0.6463973000267316,34,interleaved
34011,11,0,0.8805860880107745,0.6048497892689778,34,interleaved
34012,12,0,0.4525921456018349,0.44824368322174357,34,interleaved
34013,13,0,0.22521354336593646,0.6637934959834827,34,interleaved
34014,14,0,0.5817491085031622,0.5789125376295832,34,interleaved
34015,15,0,0.4947570644011171,0.74162147264185,34,interleaved
34016,16,0,0.9532886979605388,0.686477303563253,34,interleaved
34017,17,0,0.1392181233336337,0.7399846582535112,34,interleaved
34018,18,0,0.47505950790541823,0.4333879371686601,34,interleaved
34019,19,0,0.41824042074236695,0.6978848387935886,34,interleaved
34020,20,0,0.3827155549595305,0.6618976561067182,34,interleaved
34021,21,0,0.5009669989359814,0.439189652081681,34,interleaved
34022,22,0,0.8008166354962032,0.652835169780587,34,interleaved
34023,23,0,0.0024098441278662688,0.9804648531007412,34,interleaved
34024,24,0,0.35528658330132806,0.5620616311819403,34,interleaved
34025,25,0,0.5006610807502035,0.5694699185063878,34,interleaved
34026,26,0,0.4907985978146975,0.5990584201457905,34,interleaved
34027,27,0,0.6984148201220866,0.6499108369882519,34,interleaved
34028,28,0,0.5789340611511267,0.38264292115476634,34,interleaved
34029,29,0,0.5686125433134257,0.46054150521649434,34,interleaved
34030,30,0,0.9040988156742116,0.7179614032203989,34,interleaved
34031,31,0,0.2852695275660677,0.5923897279823296,34,interleaved
34032,32,0,0.7149606504278234,0.5610664119985163,34,interleaved
34033,33,0,0.7424174037018326,0.5611447426307747,34,interleaved
34034,34,0,0.5002484577325206,1.0192910863390254,34,interleaved
34035,35,0,0.881381731862745,0.4895379606288748,34,interleaved
34036,36,0,0.5507552818141408,0.6309551287948004,34,interleaved
34037,37,0,0.971625117107917,0.6664330789363275,34,interleaved
34038,38,0,0.4932127571554855,0.9651556976672069,34,interleaved
34039,39,0,0.9934581371333714,0.8124608164364777,34,interleaved
34040,40,0,0.9967773365624983,0.5185592915205618,34,interleaved
34041,41,0,0.1562936426026787,0.6884817620658612,34,interleaved
34042,42,0,0.34444993108743543,0.40616970568329575,34,interleaved
34043,43,0,0.027232363572466816,0.92800672156467,34,interleaved
34044,44,0,0.26907539557016424,0.69298432657503,34,interleaved
34045,45,0,0.4437371887574698,0.5519304904669216,34,interleaved
34046,46,0,0.9878059682683146,0.6072918232185801,34,interleaved
34047,47,0,0.03093198584076049,0.7952993320464672,34,interleaved
34048,48,0,0.49953735104814206,0.7185373828388917,34,interleaved
34049,49,0,0.7852665996640678,0.5690579798329705,34,interleaved
34050,50,0,0.71729006481268,0.9328320039930811,34,interleaved
34051,51,0,0.03136639395742907,1.0582566254078292,34,interleaved
34052,52,0,0.2982056329730855,0.7414033240534543,34,interleaved
34053,53,0,0.6416621450751862,0.4548599047766158,34,interleaved
34054,54,0,0.48932400393052794,0.529180090966098,34,interleaved
34055,55,0,0.4768510635223814,0.3556351894562756,34,interleaved
34056,56,0,0.7207412859329302,0.5513357926939397,34,interleaved
34057,57,0,0.9984188528904222,0.4929922820809173,34,interleaved
34058,58,0,0.06895895510731351,0.652476058690949,34,interleaved
34059,59,0,0.7022776541422928,0.37843788449120536,34,interleaved
34060,60,0,0.5103005160495766,0.5085362485344069,34,interleaved
34061,61,0,0.006551438183378671,0.8363661051339369,34,interleaved
34062,62,0,0.6205078486865542,0.6710042431479791,34,interleaved
34063,63,0,0.5436327851656976,0.406356376045594,34,interleaved
34064,64,0,0.3802155176644547,0.813364581438704,34,interleaved
34065,65,0,0.26474851881811506,0.7816028353355347,34,interleaved
34066,66,0,0.391849715868586,0.831680286158589,34,interleaved
34067,67,0,0.008507599465107483,0.9255017756191908,34,interleaved
34068,68,0,0.5884787543150036,0.5800221610515326,34,interleaved
34069,69,0,0.5526364204577726,0.5916259305474545,34,interleaved
34070,70,0,0.42078741760347027,0.903838061402057,34,interleaved
34071,71,0,0.4999645821505231,0.7824771999568485,34,interleaved
34072,72,0,0.522360187840031,0.5073853796777471,34,interleaved
34073,73,0,0.014096267243533361,0.8247759674374247,34,interleaved
34074,74,0,0.2200786023597916,0.7956015361132168,34,interleaved
34075,75,0,0.37119378407231135,0.9295043504790286,34,interleaved
34076,76,0,0.4861752185362439,0.6257640778677362,34,interleaved
34077,77,0,0.10059682550090715,0.7341156906982333,34,interleaved
34078,78,0,0.4994590187366734,0.6264628082593781,34,interleaved
34079,79,0,0.9078583997759176,0.41636623608364814,34,interleaved
34080,80,0,0.14248434471733684,0.5552436044611972,34,interleaved
34081,81,0,0.06626595438269113,0.7885820787291026,34,interleaved
34082,82,0,0.055987564942775236,0.8081604411933125,34,interleaved
34083,83,0,0.2911043764205268,0.8998659183050223,34,interleaved
34084,84,0,0.4928325293758352,0.7886800783499617,34,interleaved
34085,85,0,0.5086138045389477,0.5303088473551321,34,interleaved
34086,86,0,0.45836017925231376,0.4271240234795757,34,interleaved
34087,87,0,0.2839582924051251,0.5137689676519847,34,interleaved
34088,88,0,0.48254624987879,0.5784398640158372,34,interleaved
34089,89,0,0.9783095515308462,0.48967404017330374,34,interleaved
34090,90,0,0.6698766837936106,0.5636226765450811,34,interleaved
34091,91,0,0.9992818399588477,0.6162957096459576,34,interleaved
34092,92,0,0.5194558272186988,0.7320927340432132,34,interleaved
34093,93,0,0.8744601903417701,0.6323930092182315,34,interleaved
34094,94,0,0.6015479061521305,0.525167884690975,34,interleaved
34095,95,0,0.5002510801144847,0.7112604742807285,34,interleaved
34096,96,0,0.4988292761368373,0.509675731685655,34,interleaved
34097,97,0,0.5000967131437403,0.6791346446977139,34,interleaved
34098,98,0,0.9473343566279036,0.47777248853081694,34,interleaved
34099,99,0,0.8799217257268348,0.47345826924864753,34,interleaved
34100,100,0,0.0038386871136531376,0.9937670231501139,34,interleaved
34101,101,0,0.5122714930515696,0.5495560743756241,34,interleaved
34102,102,0,0.4843950540475845,0.7224136813814046,34,interleaved
34103,103,0,0.7511833856805183,0.8019425524166681,34,interleaved
34104,104,0,0.046828756234524864,0.9853121912489127,34,interleaved
34105,105,0,0.39500785080596723,0.5188209441783422,34,interleaved
34106,106,0,0.5369960358697392,0.4093883450193101,34,interleaved
34107,107,0,0.4882706366037468,0.5141180804202385,34,interleaved
34108,108,0,0.7313824784435805,0.4754212373104293,34,interleaved
34109,109,0,0.3197835965570023,0.5106171932162367,34,interleaved
34110,110,0,0.5313146209913748,0.595304091813261,34,interleaved
34111,111,0,0.5086352929004386,0.6609395505541631,34,interleaved
34112,112,0,0.5095035919982824,0.7882767255158881,34,interleaved
34113,113,0,0.449860280617812,1.0052149875051815,34,interleaved
34114,114,0,0.5003134179829906,0.9398218747942431,34,interleaved
34115,115,0,0.7814528827265894,0.6587605722464518,34,interleaved
34116,116,0,0.3857263245953749,0.5148534393591062,34,interleaved
34117,117,0,0.4011972493879349,0.5323478102153985,34,interleaved
34118,118,0,0.05809784563409462,0.4513697559634757,34,interleaved
34119,119,0,0.8774772118521259,0.664394494864101,34,interleaved
34120,120,0,0.012540046563448985,0.8285881355829892,34,interleaved
34121,121,0,0.5633437324168413,0.44380049401720695,34,interleaved
34122,122,0,0.566613569379381,0.514463393946201,34,interleaved
34123,123,0,0.7339074228195446,0.5437036516276721,34,interleaved
34124,124,0,0.4803819412716533,0.7408359848458391,34,interleaved
34125,125,0,0.621546045954002,0.5682524770447902,34,interleaved
34126,126,0,0.9449470769677057,0.29816396965529707,34,interleaved
34127,127,0,0.6485801471350208,0.43098593432489507,34,interleaved
34128,128,0,0.4663754940729974,0.8234165504939738,34,interleaved
34129,129,0,0.3677775606165435,1.3831944161734833,34,interleaved
34130,130,0,0.4876460102601758,0.4669955392752375,34,interleaved
34131,131,0,0.4995255922114531,0.9883651950306428,34,interleaved
34132,132,0,0.5105892222145061,0.7273247777770359,34,interleaved
34133,133,0,0.4235130978246129,0.6789281969017158,34,interleaved
34134,134,0,0.09917308555279221,0.7265765029906912,34,interleaved
34135,135,0,0.9837340217103779,0.44851136153303944,34,interleaved
34136,136,0,0.4193990423668611,0.48350124143532286,34,interleaved
34137,137,0,0.5001764107980089,0.8812320282068566,34,interleaved
34138,138,0,0.9983100605981361,0.5906330327161573,34,interleaved
34139,139,0,0.46120552686401173,0.5056171967617831,34,interleaved
34140,140,0,0.7297916231467445,0.43006764904653594,34,interleaved
34141,141,0,0.9769121809076995,0.5393897911602011,34,interleaved
34142,142,0,0.3237904113661467,0.7634591571797313,34,interleaved
34143,143,0,0.03157262741480203,0.699063070543368,34,interleaved
34144,144,0,0.5206683273055221,0.41015998534918474,34,interleaved
34145,145,0,0.44962903398605125,0.6846837771536605,34,interleaved
34146,146,0,0.830443617109869,0.41143891184422365,34,interleaved
34147,147,0,0.9097413106024679,0.37478812655804156,34,interleaved
34148,148,0,0.5091686632576924,0.455830626495784,34,interleaved
34149,149,0,0.23956352035063777,0.6687571247046193,34,interleaved
34150,150,0,0.9363917164465744,0.8105969638159114,34,interleaved
34151,151,0,0.5002441281125729,0.7508431115720766,34,interleaved
34152,152,0,0.6350400236800434,0.5715973991827833,34,interleaved
34153,153,0,0.5277178364246975,0.4536935522228098,34,interleaved
34154,154,0,0.8483280788974159,0.5151733454610451,34,interleaved
34155,155,0,0.4914505394238872,0.6016138444162097,34,interleaved
34156,156,0,0.07549332815597774,0.6688607353816309,34,interleaved
34157,157,0,0.5081464068540472,0.6192365427826656,34,interleaved
34158,158,0,0.5957299640142956,0.4108041757695373,34,interleaved
34159,159,0,0.44645594579975445,0.5383040115611011,34,interleaved
34160,160,0,0.9934753270766148,0.5132375071070019,34,interleaved
34161,161,0,0.11590301413642908,0.5469845962798714,34,interleaved
34162,162,0,0.9480845343645274,0.42224195738865966,34,interleaved
34163,163,0,0.7246982636750439,0.4546706127159361,34,interleaved
34164,164,0,0.9982920436187454,0.5788923606485039,34,interleaved
34165,165,0,0.5000335087847299,0.8085194808481954,34,interleaved
34166,166,0,0.49871588401883366,0.9943728504766247,34,interleaved
34167,167,0,0.5168215315644948,0.5323182715160817,34,interleaved
34168,168,0,0.007397717213174726,0.8739096656192913,34,interleaved
34169,169,0,0.9912432796989107,0.5453624104579933,34,interleaved
34170,170,0,0.42718788966868537,0.6369302382295816,34,interleaved
34171,171,0,0.9997649129710455,0.7509018226151098,34,interleaved
34172,172,0,0.5536901784084693,0.5792598764628363,34,interleaved
34173,173,0,0.9212633949480247,0.3176713311096877,34,interleaved
34174,174,0,0.7068724747794604,0.5619444767906376,34,interleaved
34175,175,0,0.47958915957292475,0.7513484072013967,34,interleaved
34176,176,0,0.5587501152765416,0.3946939068366414,34,interleaved
34177,177,0,0.73454031644797,0.3196982568034644,34,interleaved
34178,178,0,0.9932435746080581,0.46054679565061646,34,interleaved
34179,179,0,0.9825947646233553,0.6445696407624069,34,interleaved
34180,180,0,0.31602197891565537,0.42450861310657795,34,interleaved
34181,181,0,0.5054446628753,0.7374286498690255,34,interleaved
34182,182,0,0.4738246792262,0.6229085749846648,34,interleaved
34183,183,0,0.2780071456116921,0.8595407643921884,34,interleaved
34184,184,0,0.1495441318453916,0.5761741663898505,34,interleaved
34185,185,0,0.6974475134164692,0.7620836991083577,34,interleaved
34186,186,0,0.9305123934130028,1.0712345420730038,34,interleaved
34187,187,0,0.001471989533907579,0.9435699551777768,34,interleaved
34188,188,0,0.5303391626017999,0.565285790371787,34,interleaved
34189,189,0,0.8872090942488908,0.3101239590077459,34,interleaved
34190,190,0,0.5753215160143845,0.5811275098139772,34,interleaved
34191,191,0,0.5941700803123348,0.42733203188537017,34,interleaved
34192,192,0,0.4996988689405785,0.6840586857857873,34,interleaved
34193,193,0,0.26323736391798314,0.6825359473414327,34,interleaved
34194,194,0,0.8873827869697883,0.36021049760404567,34,interleaved
34195,195,0,0.9995288030370733,0.7175286576358875,34,interleaved
34196,196,0,0.5016311221200739,0.5144413008620332,34,interleaved
34197,197,0,0.8777385206908499,0.5417977560459719,34,interleaved
34198,198,0,0.02281230199966755,0.6693507596379946,34,interleaved
34199,199,0,0.5053395777211958,0.6824549937129729,34,interleaved
34200,0,0,0.5156931287629085,0.5978640058850653,34,blocked
34201,1,0,0.6019887660684908,0.5874731242878954,34,blocked
34202,2,0,0.5421927324253875,0.4376723015870508,34,blocked
34203,3,0,0.4954323335640238,0.44639571711355414,34,blocked
34204,4,0,0.16484326968759752,0.7778660734967986,34,blocked
34205,5,0,0.30603550590780076,0.5760091201226729,34,blocked
34206,6,0,0.32312297868993384,0.7249059323333962,34,blocked
34207,7,0,0.9659220940212853,0.43818891342928645,34,blocked
34208,8,0,0.9934669770815777,0.619086191180072,34,blocked
34209,9,0,0.07172186514534509,0.7875194871363345,34,blocked
34210,10,0,9.611748110131406e-05,1.0804505333067695,34,blocked
34211,11,0,0.01581921936530346,0.717477249504153,34,blocked
34212,12,0,0.9988653963632423,0.8720012167877743,34,blocked
34213,13,0,0.9230104861034968,0.45503239614108726,34,blocked
34214,14,0,0.22050163580095805,0.762517731008153,34,blocked
34215,15,0,0.3675948179203294,0.536821745556901,34,blocked
34216,16,0,0.9073360241797117,0.36191356233180116,34,blocked
34217,17,0,0.09154488695330197,0.5839569962313238,34,blocked
34218,18,0,0.3733830700023331,0.6972516610358812,34,blocked
34219,19,0,0.940715872839518,0.48683744976440446,34,blocked
34220,20,0,0.2268970620834921,0.659566598129258,34,blocked
34221,21,0,0.7095892330236581,0.4833538529518844,34,blocked
34222,22,0,0.558637203644384,0.41417520424148124,34,blocked
34223,23,0,0.8608590275315842,0.6854068112463905,34,blocked
34224,24,0,0.4792732404373113,0.58971631273369,34,blocked
34225,25,0,0.3882174839410393,0.7054937507655785,34,blocked
34226,26,0,0.9908254293521728,0.6341834423374013,34,blocked
34227,27,0,0.4434972576686028,0.6126662103110391,34,blocked
34228,28,0,0.05017714865906962,0.5282655086294311,34,blocked
34229,29,0,0.1587794878190618,0.775615040822409,34,blocked
34230,30,0,0.25455093953299696,0.5026762409704545,34,blocked
34231,31,0,0.7105182080566493,0.8331605495861945,34,blocked
34232,32,0,0.3732208839083705,1.1034900004227501,34,blocked
34233,33,0,0.4869095494392044,0.7694360529001532,34,blocked
34234,34,0,0.2969685821852109,0.6222532495452441,34,blocked
34235,35,0,0.2963349537682461,0.3527072577715963,34,blocked
34236,36,0,0.9476160802400131,0.4596383995820186,34,blocked
34237,37,0,0.4954742845124303,0.7724134287022897,34,blocked
34238,38,0,0.153690976289387,0.6711001709875792,34,blocked
34239,39,0,0.0759032615956781,0.8666044978096741,34,blocked
34240,40,0,0.02295255178523068,0.7744284920789446,34,blocked
34241,41,0,0.5028063003594917,0.482852159117954,34,blocked
34242,42,0,0.8760856017130549,0.45121122354538956,34,blocked
34243,43,0,0.805846781466412,0.6046540376252756,34,blocked
34244,44,0,0.4999552490480281,1.0982162016350143,34,blocked
34245,45,0,0.0598427997101299,0.8251810373192279,34,blocked
34246,46,0,0.9750105628751404,0.7936184556475815,34,blocked
34247,47,0,0.3416915482918008,0.6188951292912404,34,blocked
34248,48,0,0.3161165161776717,0.6863199347326823,34,blocked
34249,49,0,0.9838887672611591,0.5525422145050156,34,blocked
34250,50,0,0.9776829027383069,0.48594520250919493,34,blocked
34251,51,0,0.4949960075351124,0.9056188161030378,34,blocked
34252,52,0,0.6273973950596716,0.8147474107692196,34,blocked
34253,53,0,0.7707194672775797,0.7797171659491331,34,blocked
34254,54,0,0.8856776368826538,0.614192400758786,34,blocked
34255,55,0,0.9033299154532928,0.6067600901013364,34,blocked
34256,56,0,0.5162205013099707,0.5093090261523394,34,blocked
34257,57,0,0.6222795963012573,0.4933193873660239,34,blocked
34258,58,0,0.8646525411496001,0.692295140445961,34,blocked
34259,59,0,0.020392480098384163,1.1292514272390022,34,blocked
34260,60,0,0.1529855747736803,1.0672915825214886,34,blocked
34261,61,0,0.5283530029441538,0.5889545317929954,34,blocked
34262,62,0,0.6381947812924165,0.6216348741718212,34,blocked
34263,63,0,0.5138103586426981,0.6186243131651386,34,blocked
34264,64,0,0.2907200995646594,0.7588808715034311,34,blocked
34265,65,0,0.9999821909768183,1.1940096145699055,34,blocked
34266,66,0,0.24127532537270938,1.0015111158438672,34,blocked
34267,67,0,0.47138580507882055,0.5103892135036885,34,blocked
34268,68,0,0.8805885034977181,0.5336076777037517,34,blocked
34269,69,0,0.9981399548566734,0.5579963888674389,34,blocked
34270,70,0,0.982090880516,0.7237394173023229,34,blocked
34271,71,0,0.510611570772596,0.89862393690967,34,blocked
34272,72,0,0.993755319768627,0.45021721859145414,34,blocked
34273,73,0,0.4668267421497073,0.5172613951341858,34,blocked
34274,74,0,0.6853671328442428,0.4198452791867864,34,blocked
34275,75,0,0.8075115673168493,0.4509543067620632,34,blocked
34276,76,0,0.9335670855354449,0.5901762285731569,34,blocked
34277,77,0,0.5313422414076404,0.528236167031035,34,blocked
34278,78,0,0.24173374065654843,0.7176393463287567,34,blocked
34279,79,0,0.4736594256144244,0.6321077418788802,34,blocked
34280,80,0,0.8346271581573553,0.4998402801662896,34,blocked
34281,81,0,0.9612628638374479,0.3754242102739032,34,blocked
34282,82,0,0.002442309505243403,0.7375891103416634,34,blocked
34283,83,0,0.6459790439704776,0.6567184049415042,34,blocked
34284,84,0,0.6501774151175478,0.598160523120699,34,blocked
34285,85,0,0.09569873193368744,0.4850123394037875,34,blocked
34286,86,0,0.25477404437913237,0.5001651651190011,34,blocked
34287,87,0,0.9996227191737508,0.5634912544017219,34,blocked
34288,88,0,0.8389639901140914,0.37799056992586677,34,blocked
34289,89,0,0.1654820233509936,0.7657129283731664,34,blocked
34290,90,0,0.09176728519431711,0.6376567199824956,34,blocked
34291,91,0,0.011591430277720206,0.7931842667930029,34,blocked
34292,92,0,0.9977451061660776,0.462306750035137,34,blocked
34293,93,0,0.9964698833239529,0.868457414345686,34,blocked
34294,94,0,0.598834462499785,0.5578757214174643,34,blocked
34295,95,0,0.9689586543531836,0.4413849978849663,34,blocked
34296,96,0,0.0017108820256146416,0.9095335743889613,34,blocked
34297,97,0,0.9325063825271205,0.42772076943225945,34,blocked
34298,98,0,0.9094139404034292,0.4684933726595002,34,blocked
34299,99,0,0.08965793750080617,0.657624368939413,34,blocked
34300,100,0,0.9850188794583501,0.5684905080796939,34,blocked
34301,101,0,0.8697497535730614,0.557987624919858,34,blocked
34302,102,0,0.9652391162584459,0.5292973170531008,34,blocked
34303,103,0,0.9659245026787283,0.5140318195669228,34,blocked
34304,104,0,0.2047616402290783,0.799631539402398,34,blocked
34305,105,0,0.9821599723578383,0.41724513290212706,34,blocked
34306,106,0,0.9972873838000916,0.5493123340980091,34,blocked
34307,107,0,0.9866605710831176,0.5057624678256294,34,blocked
34308,108,0,0.021644326738873558,0.7400036762726951,34,blocked
34309,109,0,0.9979001964585408,0.4921504924748099,34,blocked
34310,110,0,0.49726888393470703,0.7726287793547605,34,blocked
34311,111,0,0.49420593995325846,0.7341230970338224,34,blocked
34312,112,0,0.9457333571858249,0.5468023461175922,34,blocked
34313,113,0,0.9142698865384833,0.727528466773997,34,blocked
34314,114,0,0.016968477379290366,1.1336147675824444,34,blocked
34315,115,0,0.9999593361365511,0.7047139755116996,34,blocked
34316,116,0,0.025416900767176724,0.9514506645942022,34,blocked
34317,117,0,0.9985824875281745,0.4078502522873547,34,blocked
34318,118,0,0.9972122645644355,0.46004067010899913,34,blocked
34319,119,0,0.9862041381080957,0.4353622456061441,34,blocked
34320,120,0,0.31242061941292304,0.5831909262689265,34,blocked
34321,121,0,0.4151378354066346,0.7179014215909363,34,blocked
34322,122,0,0.2505915964274815,0.5298316785302868,34,blocked
34323,123,0,0.5672197047724954,0.47259947694502924,34,blocked
34324,124,0,0.9450198080080846,0.6084427722350477,34,blocked
34325,125,0,0.6914597466160807,0.6825619424794298,34,blocked
34326,126,0,0.5251383376901141,0.5571244364807437,34,blocked
34327,127,0,0.5359044610591317,0.5999499923381588,34,blocked
34328,128,0,0.5427963191813886,0.612681068065699,34,blocked
34329,129,0,0.9581813048418031,0.5108094785109046,34,blocked
34330,130,0,0.9897240093883614,0.5677524610099185,34,blocked
34331,131,0,0.4890062434684071,0.7346993413868137,34,blocked
34332,132,0,0.9999075593965799,0.9246882350384797,34,blocked
34333,133,0,0.8252231427617347,0.34275973179594516,34,blocked
34334,134,0,0.5640136220810803,0.3896151487000698,34,blocked
34335,135,0,0.9739530706247155,0.4993796690847312,34,blocked
34336,136,0,0.9982246452209365,0.44642171886082294,34,blocked
34337,137,0,0.5056378216195345,0.6488327458246193,34,blocked
34338,138,0,0.49318031163319076,0.6323871005635815,34,blocked
34339,139,0,0.8264113405942515,0.7100281047609402,34,blocked
34340,140,0,0.8509216880283119,0.730188164773478,34,blocked
34341,141,0,0.9697822135107913,0.3891712717786567,34,blocked
34342,142,0,0.8470873063205941,0.38834218875302895,34,blocked
34343,143,0,0.6693287097395093,0.5431045659270626,34,blocked
34344,144,0,0.6272911274420085,0.4958282886521721,34,blocked
34345,145,0,0.8525333841402474,0.5837783058435961,34,blocked
34346,146,0,0.6751856258605126,0.6531603548041605,34,blocked
34347,147,0,0.9959396917904308,0.5435692765562841,34,blocked
34348,148,0,0.9433793406345045,0.5365081134173781,34,blocked
34349,149,0,0.9379638993205904,0.416727766355974,34,blocked
34350,150,0,0.9563495547036288,0.5655971103736865,34,blocked
34351,151,0,0.9925171984058939,0.3960593908470216,34,blocked
34352,152,0,0.8461209702473269,0.3700210035241469,34,blocked
34353,153,0,0.9799124656476494,0.35614017863159697,34,blocked
34354,154,0,0.9772872394943912,0.42191042993855854,34,blocked
34355,155,0,0.9800121989892321,0.447049743227053,34,blocked
34356,156,0,0.9925501940135233,0.3891866312489522,34,blocked
34357,157,0,0.9883762234203104,0.6240047180025204,34,blocked
34358,158,0,0.8794302390182935,0.7050703114510035,34,blocked
34359,159,0,0.6611809780408937,0.6865370438442608,34,blocked
34360,160,0,0.1941410255577803,0.7377492016866101,34,blocked
34361,161,0,0.9912428204646315,0.5898459155760296,34,blocked
34362,162,0,0.6920202454600977,0.5034003452101978,34,blocked
34363,163,0,0.03475983040500274,0.6617367982915219,34,blocked
34364,164,0,0.6315844822736207,0.39439315733418656,34,blocked
34365,165,0,0.92186615692408,0.353465367749216,34,blocked
34366,166,0,0.1201782580305223,0.5369317927723922,34,blocked
34367,167,0,0.5107675777403198,0.6230405623080955,34,blocked
34368,168,0,0.5000712985431186,0.712530251193811,34,blocked
34369,169,0,0.27442416829314387,0.9019292028553823,34,blocked
34370,170,0,0.5440884709924636,0.550000156311531,34,blocked
34371,171,0,0.6289765301855619,0.5960518522054338,34,blocked
34372,172,0,0.9952198638556606,0.37350068355940247,34,blocked
34373,173,0,0.005037241715719484,0.7111012484182954,34,blocked
34374,174,0,0.6176190886777589,0.39264170904703405,34,blocked
34375,175,0,0.49982101058066003,0.6575327367275428,34,blocked
34376,176,0,0.6599657585852611,0.5701149336055056,34,blocked
34377,177,0,0.5828111977917665,0.34566034832400455,34,blocked
34378,178,0,0.3843179263021952,0.5440597565231364,34,blocked
34379,179,0,0.8458509662477157,0.37788196342725294,34,blocked
34380,180,0,0.9353277762736458,0.3904811395408266,34,blocked
34381,181,0,0.8810017433742124,0.5689650078358428,34,blocked
34382,182,0,0.500508515541718,0.5399828939937319,34,blocked
34383,183,0,0.08769723858057281,0.8226544973712312,34,blocked
34384,184,0,0.9089343831018701,0.43247649507596864,34,blocked
34385,185,0,0.009379344256459591,0.604118316984731,34,blocked
34386,186,0,0.001322007761149073,0.8056386899830357,34,blocked
34387,187,0,0.9922150264014005,0.7847315940683456,34,blocked
34388,188,0,0.5769381173122152,0.5492543658976201,34,blocked
34389,189,0,0.017593372976117877,0.8640667988231927,34,blocked
34390,190,0,0.005072181012470635,0.769325698500154,34,blocked
34391,191,0,0.984155557818885,0.501946471081756,34,blocked
34392,192,0,0.09132928479408693,0.5384902910840146,34,blocked
34393,193,0,0.5060364069741365,0.7267441897045025,34,blocked
34394,194,0,0.12883706040576215,0.8123507479147207,34,blocked
34395,195,0,0.0014017113496963079,0.8439095156249851,34,blocked
34396,196,0,0.5007802409634398,0.6541643330773759,34,blocked
34397,197,0,0.5296717978041138,0.5403580046688424,34,blocked
34398,198,0,0.5353498241134661,0.5313480131632743,34,blocked
34399,199,0,0.5301180126470638,0.4624759143214923,34,blocked
34400,0,0,0.8968505615478015,0.8220975613107817,34,early
34401,1,0,0.14055508084311646,0.6017931902901399,34,early
34402,2,0,0.8750443030039623,0.502215527580465,34,early
34403,3,0,0.0018468520649356248,0.6614196612526293,34,early
34404,4,0,0.6204411239958206,0.4664574073064556,34,early
34405,5,0,0.9873506304582067,0.6681310665758645,34,early
34406,6,0,0.9553436505629584,0.6584565418616706,34,early
34407,7,0,0.9988247590141435,0.5086574639858124,34,early
34408,8,0,0.1453049485699503,0.588893792016608,34,early
34409,9,0,0.2673935007306212,0.9061364711488727,34,early
34410,10,0,0.9999196311747898,0.5656513873240168,34,early
34411,11,0,0.7246129250667452,0.634150172942687,34,early
34412,12,0,0.9237112336610454,0.6730186120468076,34,early
34413,13,0,0.10400807533502804,0.6849882657972062,34,early
34414,14,0,0.004683166460795994,0.5984768843551331,34,early
34415,15,0,0.3478901910469634,0.5167707310598088,34,early
34416,16,0,0.9602673742586418,0.40050239788738573,34,early
34417,17,0,0.9653272551935257,0.45310326125217126,34,early
34418,18,0,0.018881199253913166,0.6355628056607496,34,early
34419,19,0,0.16666397225034768,0.7101555719353279,34,early
34420,20,0,0.9803073215089648,0.7236068836945234,34,early
34421,21,0,0.9826808607867574,0.6235305724739815,34,early
34422,22,0,0.4843662260171589,0.8568392609931059,34,early
34423,23,0,0.4991001402904164,0.6979246916787474,34,early
34424,24,0,0.46873140499124416,0.7636018247299101,34,early
34425,25,0,0.6025072033333739,0.6022647402317225,34,early
34426,26,0,0.03269125877514284,0.8002777233611936,34,early
34427,27,0,0.08723699557254316,0.9023899659526511,34,early
34428,28,0,0.09337128006537264,0.8617741775194514,34,early
34429,29,0,0.44819898597537466,0.8214243811963385,34,early
34430,30,0,0.9843083826692334,0.5231009226571889,34,early
34431,31,0,0.016264434948177395,0.8259477393855605,34,early
34432,32,0,0.08723944980346311,0.8913413318607972,34,early
34433,33,0,0.9897745420674693,0.6844210211653663,34,early
34434,34,0,0.9387209420825282,0.5552313349079048,34,early
34435,35,0,0.8502043896534552,0.9983109482025401,34,early
34436,36,0,0.018249834406058905,0.754718250798956,34,early
34437,37,0,0.9907069128646251,0.722301366962383,34,early
34438,38,0,0.9996181325421212,0.7990938647153432,34,early
34439,39,0,0.49858130589368416,0.8139542241480104,34,early
34440,40,0,0.3580084442255407,0.7236114226608643,34,early
34441,41,0,0.6410235270741108,0.7490306066272674,34,early
34442,42,0,0.49811563840948936,0.7396880061623836,34,early
34443,43,0,0.3408203123239383,0.5061059220461537,34,early
34444,44,0,0.4443887308616551,0.45375606333460317,34,early
34445,45,0,0.5046433985329455,0.5429216178297109,34,early
34446,46,0,0.6465695247296763,0.5400253538859618,34,early
34447,47,0,0.29998711844167253,0.7962458935044701,34,early
34448,48,0,0.347608429406009,0.6166711535699625,34,early
34449,49,0,0.4302563207741296,0.710500635750395,34,early
34450,50,0,0.12898008802258676,0.510178674394226,34,early
34451,51,0,0.5933491737684904,0.4081988143451215,34,early
34452,52,0,0.4570772149375196,0.700645529978508,34,early
34453,53,0,0.33592663059960814,0.649632455049072,34,early
34454,54,0,0.5247130547280047,0.4373238910517308,34,early
34455,55,0,0.5111604020718788,0.3797340714011317,34,early
34456,56,0,0.7095741778014442,0.7059869778193939,34,early
34457,57,0,0.501422517627902,0.7130124732039138,34,early
34458,58,0,0.9318805214772636,0.5993998769802724,34,early
34459,59,0,0.4978447874613136,0.5119976047238741,34,early
34460,60,0,0.508642716148487,0.47396723078385944,34,early
34461,61,0,0.4997976467566405,0.667020993268935,34,early
34462,62,0,0.5716957122280693,0.685705808808514,34,early
34463,63,0,0.5477103901799224,0.7696977303731387,34,early
34464,64,0,0.574855479235373,0.38119062483241684,34,early
34465,65,0,0.4811062507048563,0.6751481455502638,34,early
34466,66,0,0.5004499618256644,0.6766354083955862,34,early
34467,67,0,0.89252393783514,0.5449397750189979,34,early
34468,68,0,0.49040895902765463,0.7497982054678061,34,early
34469,69,0,0.5173593354744029,0.6009183970167262,34,early
34470,70,0,0.9834625039009472,0.421023786262528,34,early
34471,71,0,0.4994820533570057,0.9621309787530524,34,early
34472,72,0,0.4997868552124329,0.658849649195891,34,early
34473,73,0,0.6186248202464079,0.6288373282458841,34,early
34474,74,0,0.5004775256970464,0.6950308555082969,34,early
34475,75,0,0.4733236994945597,0.533088670149892,34,early
34476,76,0,0.8605448093990401,0.6096466711782884,34,early
34477,77,0,0.9791416940218449,0.6779384922243628,34,early
34478,78,0,0.4998550400789066,0.8089180328766311,34,early
34479,79,0,0.5670979371513801,0.6318688257583588,34,early
34480,80,0,0.8798123924183607,0.5777837906542151,34,early
34481,81,0,0.5481144255822631,0.4932501641309961,34,early
34482,82,0,0.0760953934206241,0.6859360322434134,34,early
34483,83,0,0.5008375144051135,0.6024229625819253,34,early
34484,84,0,0.45151649865863136,0.4379840231753148,34,early
34485,85,0,0.2205326337424414,0.6751601515493886,34,early
34486,86,0,0.9746431308729896,0.46038958927499973,34,early
34487,87,0,0.5007145841801336,0.5860026301286705,34,early
34488,88,0,0.8800971580284863,0.4074512174168433,34,early
34489,89,0,0.848819609802699,0.5235713977306212,34,early
34490,90,0,0.9018195988714819,0.44449376216255865,34,early
34491,91,0,0.4871467237750763,0.5210168076908587,34,early
34492,92,0,0.84793708630357,0.44595876562841696,34,early
34493,93,0,0.8207276613690606,0.6139553900271058,34,early
34494,94,0,0.6598896563067836,1.0158922837081517,34,early
34495,95,0,0.4668653230913071,0.7406394050719984,34,early
34496,96,0,0.7861769452839134,0.44697732000103785,34,early
34497,97,0,0.9873735190540456,0.27237472066497614,34,early
34498,98,0,0.8646077332115629,0.3332121959958586,34,early
34499,99,0,0.49166529789418123,0.5744276159287749,34,early
34500,100,0,0.3576530393625931,0.5096669425249394,34,early
34501,101,0,0.5225989362764335,0.4468209092419788,34,early
34502,102,0,0.054212707389127056,0.6515239670267483,34,early
34503,103,0,0.4976906543701041,0.7715776786199822,34,early
34504,104,0,0.9210599860721804,0.5296224377131528,34,early
34505,105,0,0.9396823952764188,0.49152517843264365,34,early
34506,106,0,0.9950877658409569,0.5325856633863033,34,early
34507,107,0,0.6679239894231869,0.44454331041511297,34,early
34508,108,0,0.9995455721617079,0.6103578407778107,34,early
34509,109,0,0.9840483483288067,0.7639728956895289,34,early
34510,110,0,0.9987180338652186,0.6563059964992588,34,early
34511,111,0,0.9865940454131621,0.6467828485702547,34,early
34512,112,0,0.8481709643149012,0.6582007382601724,34,early
34513,113,0,0.34923448769995286,0.47222611461527975,34,early
34514,114,0,0.9949493894811894,0.4559927689243599,34,early
34515,115,0,0.48930093301178484,0.5922055526706443,34,early
34516,116,0,0.07978197617781808,1.2715220524689417,34,early
34517,117,0,0.49579116650629873,0.8431083669169375,34,early
34518,118,0,0.28379494759417156,0.5696038083115869,34,early
34519,119,0,0.5018250542289577,0.6064603421515872,34,early
34520,120,0,5.619305391738074e-05,0.9212614195547241,34,early
34521,121,0,0.49427406516295885,0.712264553915495,34,early
34522,122,0,0.20818622075179627,0.5211744568365266,34,early
34523,123,0,0.5007688170890792,0.6288888099197911,34,early
34524,124,0,0.7154979097159476,0.40496459876373775,34,early
34525,125,0,0.7371909872366426,0.6054616934439125,34,early
34526,126,0,0.9952665043866665,0.6150571435525969,34,early
34527,127,0,0.8045904047446737,0.5765549495056368,34,early
34528,128,0,0.7193049286110048,0.547406042797202,34,early
34529,129,0,0.5504775384287213,0.47478267889066095,34,early
34530,130,0,0.04037845537212305,0.5631300713424223,34,early
34531,131,0,0.500413271205523,0.9123299141005163,34,early
34532,132,0,0.02374931592410861,0.5387668357929905,34,early
34533,133,0,0.5028005791546646,0.5588869303227755,34,early
34534,134,0,0.02702030669546378,0.8920583320229142,34,early
34535,135,0,0.49995659801219666,0.727984222346495,34,early
34536,136,0,0.6565693938097328,0.38744157694999104,34,early
34537,137,0,0.47192230487599346,0.6695769375323692,34,early
34538,138,0,0.25883296814945334,0.8567822823963406,34,early
34539,139,0,0.1853538719941057,0.8888645464430646,34,early
34540,140,0,0.9994352496083236,0.8390921436069491,34,early
34541,141,0,0.5020540829879262,0.6953909333059134,34,early
34542,142,0,0.9998495853413405,0.4821332834944377,34,early
34543,143,0,0.5013444794240384,0.6900066863514314,34,early
34544,144,0,0.1713084713856534,0.8931968801301442,34,early
34545,145,0,0.510491001717125,0.8417063836288605,34,early
34546,146,0,0.47601376036104653,0.4181800467914839,34,early
34547,147,0,0.5411399779715462,0.669121412590454,34,early
34548,148,0,0.7531822569587394,0.552518394768359,34,early
34549,149,0,0.5033393788599143,0.7356268957550469,34,early
34550,150,0,0.9982910927118884,0.6641067894249362,34,early
34551,151,0,0.5922783217852322,0.5665712276611556,34,early
34552,152,0,0.23524710257397108,0.6229368346216037,34,early
34553,153,0,0.5076572227217063,0.9597200765307328,34,early
34554,154,0,0.07765716979973034,0.7590664659148036,34,early
34555,155,0,0.9930781907435785,0.5472697213764511,34,early
34556,156,0,0.6261466336037431,0.6830170786392362,34,early
34557,157,0,0.9017116795384121,0.35096298401769044,34,early
34558,158,0,0.7052048170408936,0.8158027247173406,34,early
34559,159,0,0.5201312579607775,0.6191272605891223,34,early
34560,160,0,0.5091368347826078,0.5669866415561231,34,early
34561,161,0,0.41824247022425237,0.527603039859581,34,early
34562,162,0,0.9608808877910173,0.5694831435250443,34,early
34563,163,0,0.06933598819962285,0.7817172228616894,34,early
34564,164,0,0.9387675922229002,0.6869451249497769,34,early
34565,165,0,0.3014282096249072,0.43087255865373875,34,early
34566,166,0,0.993450734030439,0.432346476785481,34,early
34567,167,0,0.9572059509204718,0.42687229523641373,34,early
34568,168,0,0.9878671584879901,0.7217309761995373,34,early
34569,169,0,0.933414087354709,0.9235121110270033,34,early
34570,170,0,0.6689500874676692,0.4655732289656166,34,early
34571,171,0,0.6018745813679252,0.4108088749812943,34,early
34572,172,0,0.9411270937302195,0.6904562618961554,34,early
34573,173,0,0.469773139826486,0.4569808527860348,34,early
34574,174,0,0.5015890657958721,0.614717757378276,34,early
34575,175,0,0.5493205763243537,0.5744002932401551,34,early
34576,176,0,0.3473546468717184,0.7888479839440978,34,early
34577,177,0,0.9999222169173332,0.7042238354306989,34,early
34578,178,0,0.6524993257695549,0.7063580857348255,34,early
34579,179,0,0.6718056686709938,0.5772230734801984,34,early
34580,180,0,0.4826325446721764,0.438412351898819,34,early
34581,181,0,0.9984834923167887,0.4320340617424764,34,early
34582,182,0,0.0015369628347028691,0.7658825571569605,34,early
34583,183,0,0.5134305886955266,0.4816097935969186,34,early
34584,184,0,0.40306054427859084,0.5442718776286322,34,early
34585,185,0,0.993847399657199,0.4980380051921783,34,early
34586,186,0,0.6477257600952172,0.6123589370229476,34,early
34587,187,0,0.804994776113747,0.7723969478849495,34,early
34588,188,0,0.005943498557561009,0.7807673792288734,34,early
34589,189,0,0.2677768684301461,0.5194391424204148,34,early
34590,190,0,0.7107657382911975,0.49669582603121964,34,early
34591,191,0,0.0031944887542634014,0.8140809114597934,34,early
34592,192,0,0.0003449519420611749,1.026444140401815,34,early
34593,193,0,0.9976114969915513,0.4739046975506914,34,early
34594,194,0,0.7245926495849349,0.5822328368237426,34,early
34595,195,0,0.47454103076507265,0.9652314045080113,34,early
34596,196,0,0.939665439614783,0.4695531118510613,34,early
34597,197,0,0.015095553537044481,0.88390011431395,34,early
34598,198,0,0.6198010317906263,0.46002792721531127,34,early
34599,199,0,0.9989803219096691,0.3584098590301583,34,early
34600,0,0,0.16419596811611395,0.7092901693538126,34,middle
34601,1,0,0.05840043468898059,0.623119787884274,34,middle
34602,2,0,0.08885321152998485,0.4699470423370469,34,middle
34603,3,0,0.07595410887601864,0.6658128655332771,34,middle
34604,4,0,0.8880747560392173,0.48157514309336796,34,middle
34605,5,0,0.5430430802757932,0.6339787223911368,34,middle
34606,6,0,0.5886398246245832,0.6011706675645767,34,middle
34607,7,0,0.275220495062356,0.5653470167100949,34,middle
34608,8,0,0.7586174988318792,0.5042668366282497,34,middle
34609,9,0,0.5216594647181246,0.49156953308416335,34,middle
34610,10,0,0.5537740670624526,0.5581590119654344,34,middle
34611,11,0,0.5539186489031033,0.4991520757637215,34,middle
34612,12,0,0.4290401078172342,0.7108388629446079,34,middle
34613,13,0,0.5001274440857513,0.5688706648583037,34,middle
34614,14,0,0.5193733517321187,0.6130617349342997,34,middle
34615,15,0,0.8338100001665757,0.31951857426113234,34,middle
34616,16,0,0.5293351061548119,0.5793543122057725,34,middle
34617,17,0,0.39919687424883415,0.8622984535430617,34,middle
34618,18,0,0.2624637078460717,0.594975922045352,34,middle
34619,19,0,0.2681001851841027,0.7154559051631966,34,middle
34620,20,0,0.5096915383898816,0.39506337586774104,34,middle
34621,21,0,0.053541398382048626,0.8160093765982298,34,middle
34622,22,0,0.5076098773096197,0.6687232402651706,34,middle
34623,23,0,0.37832495038224223,0.8018771953304822,34,middle
34624,24,0,0.36618518695227975,0.7191523150083554,34,middle
34625,25,0,0.5016529267814378,0.9753693697883457,34,middle
34626,26,0,0.5001112915781395,0.5346450466740562,34,middle
34627,27,0,0.4570723209964845,0.9087693215520894,34,middle
34628,28,0,0.4978336384430315,0.8012682408042431,34,middle
34629,29,0,0.4922619036625964,0.5029089904634979,34,middle
34630,30,0,0.5284686490994897,0.5145312394908523,34,middle
34631,31,0,0.4944253708367654,0.46800506767695593,34,middle
34632,32,0,0.08573856728618617,1.0598507002207969,34,middle
34633,33,0,0.9973004970130246,0.9931957941606013,34,middle
34634,34,0,0.560458767688707,0.877797515865071,34,middle
34635,35,0,0.44443645990053454,0.6299881180082472,34,middle
34636,36,0,0.3596594373955836,0.734936496626246,34,middle
34637,37,0,0.50033157579034,0.5046727068611544,34,middle
34638,38,0,0.6388554124130287,0.5330012060549953,34,middle
34639,39,0,0.4988391344143231,0.8994889587971809,34,middle
34640,40,0,0.4290805195223152,0.9372932703844084,34,middle
34641,41,0,0.14130457318941442,0.8501285416164873,34,middle
34642,42,0,0.9960446416755633,0.9213825432547866,34,middle
34643,43,0,0.5970311209854265,0.6118767905716118,34,middle
34644,44,0,0.7228444892060865,0.9658013035726352,34,middle
34645,45,0,0.4876045281474591,0.8954175139072362,34,middle
34646,46,0,0.08445646985462431,0.6313772622871703,34,middle
34647,47,0,0.9637093946887217,0.625913803617195,34,middle
34648,48,0,0.42478506452451326,0.4832803712940674,34,middle
34649,49,0,0.8233365451402167,0.5178938472573043,34,middle
34650,50,0,0.15043039017331458,0.749656064540265,34,middle
34651,51,0,0.9154489595157801,0.6313098506960557,34,middle
34652,52,0,0.9940531205888506,1.0442692505064892,34,middle
34653,53,0,0.22372009178232072,0.7838178912394393,34,middle
34654,54,0,0.4740340311885191,0.7666977123649646,34,middle
34655,55,0,0.29345933885023184,0.950928203662643,34,middle
34656,56,0,0.06921116582418631,0.788302566618205,34,middle
34657,57,0,0.8202874730884615,0.7629579465068996,34,middle
34658,58,0,0.46089904318180647,0.7697407444018025,34,middle
34659,59,0,0.3714858061787665,0.6660624273931859,34,middle
34660,60,0,0.4883682263352048,0.5814515944681953,34,middle
34661,61,0,0.9242535152289324,0.47981375278152716,34,middle
34662,62,0,0.9606054203992704,0.617333869592074,34,middle
34663,63,0,0.7928002104724141,1.0942044933995914,34,middle
34664,64,0,0.9415485472986449,1.0662824153890182,34,middle
34665,65,0,0.11956596872272765,0.6134395180768177,34,middle
34666,66,0,0.2599668439481031,0.7776742157536658,34,middle
34667,67,0,0.5010659967348102,0.9579435035568494,34,middle
34668,68,0,0.9040652460072796,0.9517915353658728,34,middle
34669,69,0,0.8533339668679034,0.8460613835388676,34,middle
34670,70,0,0.49531146151562055,0.8112031264678287,34,middle
34671,71,0,0.6431287008738598,0.5242730458240074,34,middle
34672,72,0,0.8857940293697216,0.6423065550323492,34,middle
34673,73,0,0.5016597975927742,0.6992525897655177,34,middle
34674,74,0,0.2130176352022406,0.851197077080593,34,middle
34675,75,0,0.9746409319141975,0.3152052820900699,34,middle
34676,76,0,0.629402186688281,0.5916247436524176,34,middle
34677,77,0,0.8305784601491297,0.5148109629543107,34,middle
34678,78,0,0.6724408918620985,0.5856258606409489,34,middle
34679,79,0,0.5073942572068855,0.7622479433892515,34,middle
34680,80,0,0.5626042521795399,0.5316308367255127,34,middle
34681,81,0,0.9179049275964168,0.6177752872075668,34,middle
34682,82,0,0.9522476506579818,0.45089561634155356,34,middle
34683,83,0,0.999984400601303,0.9225461002827804,34,middle
34684,84,0,0.10754652700035748,0.9265626941290666,34,middle
34685,85,0,0.6795749304082874,0.6306001240013575,34,middle
34686,86,0,0.4578074006603644,0.7787922719890059,34,middle
34687,87,0,0.9908496974418157,0.5991803977011445,34,middle
34688,88,0,0.9825956591416258,0.6768542553258562,34,middle
34689,89,0,0.9935113932663239,0.5055398200555682,34,middle
34690,90,0,0.25443392780356444,0.8549039040029596,34,middle
34691,91,0,0.7076187251550182,0.9298951164932101,34,middle
34692,92,0,0.19864319762441537,1.0643829948509598,34,middle
34693,93,0,0.06468386841837569,0.8619827518689326,34,middle
34694,94,0,0.939750048309811,0.6409667229735241,34,middle
34695,95,0,0.46588105091933923,0.8692166329478846,34,middle
34696,96,0,0.025921606524564267,0.8344593522019735,34,middle
34697,97,0,0.4780086862330051,0.8021143924726362,34,middle
34698,98,0,0.7995256947170291,0.4853978618307805,34,middle
34699,99,0,0.9929782578911117,0.5201945222918147,34,middle
34700,100,0,0.638272629930406,0.6311117127302266,34,middle
34701,101,0,0.48086919560361896,0.7707646702485398,34,middle
34702,102,0,0.7608286045224825,0.8237899458787454,34,middle
34703,103,0,0.9855090387880945,0.5224363171742032,34,middle
34704,104,0,0.7053915964411923,0.698915154896014,34,middle
34705,105,0,0.9131411240792273,0.3827313336500634,34,middle
34706,106,0,0.48379589360188063,0.6695267949820038,34,middle
34707,107,0,0.9958657352914033,0.5782497646585778,34,middle
34708,108,0,0.3101892207527206,0.6737181681027471,34,middle
34709,109,0,0.5092879171317266,0.6987378688755648,34,middle
34710,110,0,0.8052128257033231,0.48851298507665,34,middle
34711,111,0,0.062071237740951433,0.7140659390879873,34,middle
34712,112,0,0.5342346383155157,0.597135051342389,34,middle
34713,113,0,0.9992901066732112,0.7953937233752194,34,middle
34714,114,0,0.9874198837861852,0.48566745788631543,34,middle
34715,115,0,0.9488369272619457,0.37396351273335404,34,middle
34716,116,0,0.9890138385991336,0.41574690682791776,34,middle
34717,117,0,0.7963412743133325,0.4556726883612676,34,middle
34718,118,0,0.5240992794663413,0.5686708914243743,34,middle
34719,119,0,0.05851614529326227,0.6918135017542619,34,middle
34720,120,0,0.4842602619374942,0.6692980396607975,34,middle
34721,121,0,0.2572752532837718,0.8190567878318181,34,middle
34722,122,0,0.47201916450691006,0.5933752654074929,34,middle
34723,123,0,0.9009782505623514,0.5362550643866743,34,middle
34724,124,0,0.8358595406650547,0.6573038653794302,34,middle
34725,125,0,0.9526337144402461,0.6425662179817959,34,middle
34726,126,0,0.4986737379969945,0.6640231369078443,34,middle
34727,127,0,0.5018580375372289,0.413053678919847,34,middle
34728,128,0,0.22770054576527918,0.8435994038170569,34,middle
34729,129,0,0.7139512279495748,0.55660706598491,34,middle
34730,130,0,0.4012637553537926,0.583754060652216,34,middle
34731,131,0,0.9684633331649954,0.6860474208460313,34,middle
34732,132,0,0.5816187648095341,0.5917685047109303,34,middle
34733,133,0,0.9731256284430743,0.38208285455944063,34,middle
34734,134,0,0.03379088223920503,0.9142829433432451,34,middle
34735,135,0,0.4537562901047562,0.709887578320392,34,middle
34736,136,0,0.5024883967140591,0.5336328305648523,34,middle
34737,137,0,0.6406400416226897,0.47574779423622426,34,middle
34738,138,0,0.5477814179920325,0.33755976181471314,34,middle
34739,139,0,0.9528697771569179,0.39628435916398375,34,middle
34740,140,0,0.7668267618207099,0.4196086384516962,34,middle
34741,141,0,0.788823259305536,0.5240194045297338,34,middle
34742,142,0,0.9575646399358357,0.494033888702316,34,middle
34743,143,0,0.6245871229408411,0.6093053228976877,34,middle
34744,144,0,0.5306840602685567,0.5934988810350812,34,middle
34745,145,0,0.7362733923654694,0.6014240628110521,34,middle
34746,146,0,0.33223024425378467,0.7667957219893573,34,middle
34747,147,0,0.9291809287094006,0.3318391801049816,34,middle
34748,148,0,0.31504506765768386,0.7608678717587231,34,middle
34749,149,0,0.5206922634734655,0.8720347179133479,34,middle
34750,150,0,0.4044869475223865,0.8264853304927728,34,middle
34751,151,0,0.4091377966831655,0.9231839523763167,34,middle
34752,152,0,0.050439159356522226,0.6220276934817037,34,middle
34753,153,0,0.6204869688753579,0.45678853514481593,34,middle
34754,154,0,0.33035920229269955,0.48981210330519165,34,middle
34755,155,0,0.9989013103521215,0.5954972391037547,34,middle
34756,156,0,0.4474587137651929,0.5851349507203352,34,middle
34757,157,0,0.9494684294028427,0.47298793695563673,34,middle
34758,158,0,0.34235748206003846,0.5967043592704738,34,middle
34759,159,0,0.5403340567319359,0.5702085578139557,34,middle
34760,160,0,0.7270651818912407,0.842137568228128,34,middle
34761,161,0,0.5181454207271694,0.7245389886058695,34,middle
34762,162,0,0.39499475453118155,0.672668806630583,34,middle
34763,163,0,0.9488819401194802,0.4895792470014707,34,middle
34764,164,0,0.8075000157159454,0.6410955466591044,34,middle
34765,165,0,0.4987352887604109,0.8495561168195738,34,middle
34766,166,0,0.5034918771732713,0.814927605598584,34,middle
34767,167,0,0.6235071604716584,0.6443845977106804,34,middle
34768,168,0,0.5015294287197176,0.7344702591444967,34,middle
34769,169,0,0.28603170400395167,0.7043549860386455,34,middle
34770,170,0,0.43607161069936584,0.44179624957143304,34,middle
34771,171,0,0.3288641675013477,0.6191335740204678,34,middle
34772,172,0,0.5003159642161479,1.0301441650316139,34,middle
34773,173,0,0.9970746864662051,0.34039149717936223,34,middle
34774,174,0,0.5203320992653971,0.5785311648604707,34,middle
34775,175,0,0.9794121263690205,0.36898286505788525,34,middle
34776,176,0,0.5313016441630815,0.8676318611960447,34,middle
34777,177,0,0.9998848143555457,0.7647405907761652,34,middle
34778,178,0,0.41314467714213776,0.6594013456974317,34,middle
34779,179,0,0.8336536739422278,0.5607864923774435,34,middle
34780,180,0,0.7634533750155974,0.8227604104627605,34,middle
34781,181,0,0.5015653394488953,0.500472613732144,34,middle
34782,182,0,0.07444936806902121,0.8469298177747409,34,middle
34783,183,0,0.9904833382540277,0.590309351012591,34,middle
34784,184,0,0.9465831381363105,0.453178230686497,34,middle
34785,185,0,0.4931622951316955,0.7341127736669282,34,middle
34786,186,0,0.055636946961329925,0.9015682989218761,34,middle
34787,187,0,0.4999994306016992,0.8700319563712917,34,middle
34788,188,0,0.47494194728782274,0.7979178375918766,34,middle
34789,189,0,0.013888141199344128,0.8308362093267603,34,middle
34790,190,0,0.32156703862948105,0.7911167304441248,34,middle
34791,191,0,0.5000165729684724,0.6834425667829712,34,middle
34792,192,0,0.4032142192214304,0.5304415871177577,34,middle
34793,193,0,0.24814882656045606,0.5550095988681798,34,middle
34794,194,0,0.7456249050910753,0.34195346505985796,34,middle
34795,195,0,0.03947474311547976,0.8196973369173817,34,middle
34796,196,0,0.9418162678918257,0.7425017057035292,34,middle
34797,197,0,0.5631475374773572,0.4718844998480267,34,middle
34798,198,0,0.27708379625759627,0.4927363352743592,34,middle
34799,199,0,0.5003865011881728,0.48302561773718355,34,middle
34800,0,0,0.8292792630265882,0.6612933589926253,34,late
34801,1,0,0.04149213495614586,0.668987211036655,34,late
34802,2,0,0.21696951961412816,0.5469837745120325,34,late
34803,3,0,0.7135723038163306,0.7383269842204627,34,late
34804,4,0,0.49076801210013743,0.7563176441271531,34,late
34805,5,0,0.9688490738751556,0.4453671635199058,34,late
34806,6,0,0.5179964830929109,0.8352082706969992,34,late
34807,7,0,0.5213989148368898,0.6101834912075428,34,late
34808,8,0,0.5041243899807734,0.519562201918245,34,late
34809,9,0,0.02165550539988497,0.5409725563863571,34,late
34810,10,0,0.6005936584026292,0.5084299199847637,34,late
34811,11,0,0.36299509596395707,0.7223224747428005,34,late
34812,12,0,0.1512277746272032,0.7489240335905807,34,late
34813,13,0,0.02734376485055154,0.8081065968747168,34,late
34814,14,0,0.49595034552015044,0.3976037588760942,34,late
34815,15,0,0.9979133091742114,0.8383662953246724,34,late
34816,16,0,0.8272466965749508,1.016317801726291,34,late
34817,17,0,0.001317466051446531,0.8518750537264287,34,late
34818,18,0,0.16898235505613715,0.6523051021490033,34,late
34819,19,0,0.5346833424876756,0.5269355087288183,34,late
34820,20,0,0.5269481107787144,0.8621998126232985,34,late
34821,21,0,0.3849993280030314,0.5831882364820398,34,late
34822,22,0,0.9933502645070635,0.5507160198131319,34,late
34823,23,0,0.6823113471096812,0.6544226395942282,34,late
34824,24,0,0.5319545652958436,1.0373352510540848,34,late
34825,25,0,0.014551492094949313,0.7036771158924536,34,late
34826,26,0,0.5008069143937829,0.9632011331564081,34,late
34827,27,0,0.36823106041568326,0.6166483579018789,34,late
34828,28,0,0.4964207656325289,0.8328455893606509,34,late
34829,29,0,0.014184884960123672,0.5743718389919445,34,late
34830,30,0,0.5947964772954394,0.6519079159746641,34,late
34831,31,0,0.1661178170435806,0.5509733384513692,34,late
34832,32,0,0.4949555895096582,0.6616849387928732,34,late
34833,33,0,0.3623211996661419,0.6492943453342864,34,late
34834,34,0,0.50884879174157,0.5451528111276087,34,late
34835,35,0,0.5867112644450071,0.46021993862620836,34,late
34836,36,0,0.6850214567762789,0.6703321664645865,34,late
34837,37,0,0.00013754454841078347,1.3732469611873086,34,late
34838,38,0,0.6190651351117005,0.9829467888946097,34,late
34839,39,0,0.005325033490104547,0.8325216570938693,34,late
34840,40,0,0.5892710381350017,0.9293063034460605,34,late
34841,41,0,0.3183261809471661,0.8332000462157525,34,late
34842,42,0,0.5772604324243534,0.5583291729590021,34,late
34843,43,0,0.6577776211298794,0.6444113144415671,34,late
34844,44,0,0.6773938599319375,0.7417447321013977,34,late
34845,45,0,0.03803536598165861,0.6698580104683356,34,late
34846,46,0,0.4987941160577019,0.7302157865567052,34,late
34847,47,0,0.6183134869767843,0.7138926880226777,34,late
34848,48,0,0.34298677723009235,0.8926211886451261,34,late
34849,49,0,0.00039996438243423813,1.1315968440224353,34,late
34850,50,0,0.5929126893413288,0.9330395317299046,34,late
34851,51,0,0.45998906760701824,0.7020224645095601,34,late
34852,52,0,0.4340159855914376,0.8477556775435084,34,late
34853,53,0,0.5001231416175583,1.2846940039089296,34,late
34854,54,0,0.9818115637068637,0.7107693138967857,34,late
34855,55,0,0.11372890110058437,0.911623380422574,34,late
34856,56,0,0.5133422915667462,0.8277412499516498,34,late
34857,57,0,0.6650127700226793,0.8476555303370462,34,late
34858,58,0,0.9612170184775478,0.7145468893145543,34,late
34859,59,0,0.04735233125554826,0.7935878600933903,34,late
34860,60,0,0.5002144595584376,1.0486451533677812,34,late
34861,61,0,0.07442010044350492,0.9701887133898066,34,late
34862,62,0,0.49999615787076823,1.0829456904364418,34,late
34863,63,0,0.9993826356302006,0.6447974855448233,34,late
34864,64,0,0.5184079591307433,0.7494225717707079,34,late
34865,65,0,1.2191594578159832e-06,1.239418020048553,34,late
34866,66,0,0.7894885595406411,0.5766399335099783,34,late
34867,67,0,0.9653469320934809,0.7341884360900703,34,late
34868,68,0,0.6454671428073612,0.6249183204034927,34,late
34869,69,0,0.2271718992250663,0.9359643408974965,34,late
34870,70,0,0.5983453941037272,0.6684187832359076,34,late
34871,71,0,0.9810178191719496,0.7141783371910408,34,late
34872,72,0,0.4982942858907977,0.8790815396925442,34,late
34873,73,0,0.4548916198656455,0.8170102888755912,34,late
34874,74,0,0.6633457849685296,0.40413034778269064,34,late
34875,75,0,0.609090903968681,0.6867422922682265,34,late
34876,76,0,0.40282781680141194,0.6974935599549766,34,late
34877,77,0,0.8129997107337994,0.8217995470988675,34,late
34878,78,0,0.7730224126850769,1.0740221829590417,34,late
34879,79,0,0.17790150790437428,0.3680971366869955,34,late
34880,80,0,0.4480258152622025,0.5682611504320318,34,late
34881,81,0,0.5979296738523575,0.717933029182201,34,late
34882,82,0,0.5274579037191974,0.5695762810940788,34,late
34883,83,0,0.8284730017361449,0.5519225133031196,34,late
34884,84,0,0.4227937507280191,0.6628442804678483,34,late
34885,85,0,0.855263014250294,0.7069146178621606,34,late
34886,86,0,0.7844536198793064,0.4446717830611503,34,late
34887,87,0,0.50239326444318,0.8295790309646748,34,late
34888,88,0,0.5996363201192408,0.5852413389425097,34,late
34889,89,0,0.5894986217029197,0.4267499194143507,34,late
34890,90,0,0.4007302710918436,0.4185746551170343,34,late
34891,91,0,0.3514315756451604,0.6552438917443936,34,late
34892,92,0,0.22176778586921506,0.6621826314223478,34,late
34893,93,0,0.8234712822511019,0.3933930804787057,34,late
34894,94,0,0.948310580364282,0.5555818251979712,34,late
34895,95,0,0.6429851953887556,0.5832381978605042,34,late
34896,96,0,0.9929100582443021,1.0322538635428715,34,late
34897,97,0,0.8038229305962719,0.5071412547914377,34,late
34898,98,0,0.6218335843753428,0.8486741577218244,34,late
34899,99,0,0.9644032754802482,0.6823931610199071,34,late
34900,100,0,0.10582266663737457,0.8284209662797888,34,late
34901,101,0,0.9959205173511065,0.6801053682400364,34,late
34902,102,0,0.8952059289718081,0.9162006870161115,34,late
34903,103,0,0.8477626201637172,0.5860487841488047,34,late
34904,104,0,0.9091152290127213,0.5617414238849723,34,late
34905,105,0,0.4905856174577433,0.7844044780252019,34,late
34906,106,0,0.30752314031112965,0.8252000599809208,34,late
34907,107,0,0.4904287111622264,0.7878294443491428,34,late
34908,108,0,0.9881220221812264,0.6295505262537295,34,late
34909,109,0,0.5884070257045879,0.7234847560685407,34,late
34910,110,0,0.7617135515139161,0.5574645657407963,34,late
34911,111,0,0.5708810196008048,0.5525244480186129,34,late
34912,112,0,0.4930935689047211,0.9266744718688503,34,late
34913,113,0,0.9062818609331624,0.5409642299700083,34,late
34914,114,0,0.9708469838651492,0.7774791650183819,34,late
34915,115,0,0.7446211430141958,0.5549942216189127,34,late
34916,116,0,0.7358649557139723,0.5083187265426292,34,late
34917,117,0,0.14063698385459003,0.8877364136073178,34,late
34918,118,0,0.7618503444874358,0.7338238799649544,34,late
34919,119,0,0.7413638623397137,0.6309835073366861,34,late
34920,120,0,0.1404231432547432,0.829460391673018,34,late
34921,121,0,0.8957272658474548,0.6715025650959925,34,late
34922,122,0,0.3743958262468882,0.641452012017998,34,late
34923,123,0,0.02726879482069448,0.7320791195605062,34,late
34924,124,0,0.1329095336424359,0.7080933290306823,34,late
34925,125,0,0.47317993118592167,0.7077688566270179,34,late
34926,126,0,0.9428620887047208,0.578742691980626,34,late
34927,127,0,0.028967999806058985,0.7540055527111857,34,late
34928,128,0,0.5326580518084244,0.4900232723841002,34,late
34929,129,0,0.673439683813583,0.3646737132946726,34,late
34930,130,0,0.6113300510572488,0.7323845215758817,34,late
34931,131,0,0.05762939739043524,0.7984487574270347,34,late
34932,132,0,0.995832271120533,0.3824927935963496,34,late
34933,133,0,0.9950737539281405,0.6750638952560212,34,late
34934,134,0,0.9336272265384729,0.4521996227587123,34,late
34935,135,0,0.8477039759807433,0.5668729886014423,34,late
34936,136,0,0.5305932573271044,0.4192955842993996,34,late
34937,137,0,0.9339905017973411,0.5790899241898679,34,late
34938,138,0,0.706212109183152,0.4676011242931969,34,late
34939,139,0,0.08787114354842256,0.8930567540323903,34,late
34940,140,0,0.9988529004473008,0.806967260132498,34,late
34941,141,0,0.3014986422909778,0.9658253491108701,34,late
34942,142,0,0.9163181696231908,1.188789229838419,34,late
34943,143,0,0.5323440254090136,0.9123010613016247,34,late
34944,144,0,0.9990789620530645,0.5703929059296827,34,late
34945,145,0,0.8849834030867978,0.773446117866087,34,late
34946,146,0,0.47874821530936307,0.8321602974546273,34,late
34947,147,0,0.9966886905005325,0.7204471806734271,34,late
34948,148,0,0.9988287129816952,0.3898751451647471,34,late
34949,149,0,0.5705455763507552,0.5414461580268041,34,late
34950,150,0,0.7619917122529976,0.5226045533839162,34,late
34951,151,0,0.7468185443848276,0.6070773673539032,34,late
34952,152,0,0.49186585621422013,0.8266536590208555,34,late
34953,153,0,0.7573158146921692,1.0938129279331292,34,late
34954,154,0,0.501320011964142,0.7656951566268595,34,late
34955,155,0,0.9327008036095664,0.5712187322796245,34,late
34956,156,0,0.9894675631570895,0.2538457873557559,34,late
34957,157,0,0.5285581568790513,0.7679074425097119,34,late
34958,158,0,0.5155479391614451,0.7392506857120307,34,late
34959,159,0,0.45198612247187125,0.7575314853506632,34,late
34960,160,0,0.7653691860557003,0.6729627267712786,34,late
34961,161,0,0.32042025654433876,0.6205340155649978,34,late
34962,162,0,0.11938998201342435,0.7648316463205146,34,late
34963,163,0,0.9918658067307891,1.051794694996232,34,late
34964,164,0,0.69046073112768,0.673984016794033,34,late
34965,165,0,0.7567761290495563,0.6575565775454675,34,late
34966,166,0,0.8061235628117907,0.4753733709650028,34,late
34967,167,0,0.5083087400102806,0.633151042636314,34,late
34968,168,0,0.4857269499900117,0.6069238481676196,34,late
34969,169,0,0.9008839559768821,0.7367960110107583,34,late
34970,170,0,0.6114241593598346,0.6407281053359312,34,late
34971,171,0,0.4947300115899577,0.639777312041927,34,late
34972,172,0,0.2470187078983416,0.7572356658718817,34,late
34973,173,0,0.46429155932652233,0.6544652503295827,34,late
34974,174,0,0.9543196409211766,0.5877858522590902,34,late
34975,175,0,0.5002725730812546,0.6376817627914821,34,late
34976,176,0,0.8813351802117739,0.4721845891648816,34,late
34977,177,0,0.9882112197847721,0.7035096073178937,34,late
34978,178,0,0.9985294030820753,0.58881504090128,34,late
34979,179,0,0.8622854233791803,0.39613805566364385,34,late
34980,180,0,0.888737151028884,0.47368747276625406,34,late
34981,181,0,0.11735552121643725,0.511277060682702,34,late
34982,182,0,0.8319564855307426,0.629143658800011,34,late
34983,183,0,0.9376625483668553,0.5625451699667651,34,late
34984,184,0,0.4989677331005866,0.4911807231257024,34,late
34985,185,0,0.44286464266056036,0.6888545531146393,34,late
34986,186,0,0.950288246278705,0.8957546614482303,34,late
34987,187,0,0.5123804048732703,0.5909800210321186,34,late
34988,188,0,0.47114206146805804,0.6134428545976696,34,late
34989,189,0,0.8708997203811207,0.4969737265958861,34,late
34990,190,0,0.23873758578218257,0.811934745512406,34,late
34991,191,0,0.5437751409068001,0.6106045375230824,34,late
34992,192,0,0.4882308945070759,0.9520350766126919,34,late
34993,193,0,0.5266341214604973,0.6899357576725037,34,late
34994,194,0,0.010161755969487717,0.6861672179424971,34,late
34995,195,0,0.907270540023587,0.4767447953323619,34,late
34996,196,0,0.9849533919234013,0.7737793360188081,34,late
34997,197,0,0.4690286937382433,0.8099876503353769,34,late
34998,198,0,0.44304781459864906,0.8208196098992294,34,late
34999,199,0,0.06951347688213552,0.642364589669721,34,late
35000,0,0,0.43613332782322917,0.9582449580085057,35,interleaved
35001,1,0,0.5364765019798207,0.6349931975177268,35,interleaved
35002,2,0,0.035134820921860356,0.5141072358375038,35,interleaved
35003,3,0,0.28254650401896464,0.4940162332449801,35,interleaved
35004,4,0,0.6781454400844198,0.633083463537602,35,interleaved
35005,5,0,0.502361988333297,0.5192757561502137,35,interleaved
35006,6,0,0.10081123317131784,1.0914356653368031,35,interleaved
35007,7,0,0.5310507498484421,0.899997139145053,35,interleaved
35008,8,0,0.6987169104714285,0.5722456935937902,35,interleaved
35009,9,0,0.4960487919726305,0.4749136809726694,35,interleaved
35010,10,0,0.02432835391811489,0.5023235815150164,35,interleaved
35011,11,0,0.7258449332853372,0.4655734914107085,35,interleaved
35012,12,0,0.4345341125268209,0.46911592775354616,35,interleaved
35013,13,0,0.6716749819581066,0.6488397542495425,35,interleaved
35014,14,0,0.9025215660631474,0.6012207856200369,35,interleaved
35015,15,0,0.4101423323454227,0.5295950393655193,35,interleaved
35016,16,0,0.009419313765170852,0.6857340332799333,35,interleaved
35017,17,0,0.3986524046763953,0.8126376433058127,35,interleaved
35018,18,0,0.13611228836856198,1.4406263524493914,35,interleaved
35019,19,0,0.9358518754042864,0.4614269774256176,35,interleaved
35020,20,0,0.5237965489810514,0.5111746439727414,35,interleaved
35021,21,0,0.4742891027823274,0.7450562650397838,35,interleaved
35022,22,0,0.7175010684492925,0.5489067778641645,35,interleaved
35023,23,0,0.477637710809042,0.6304197948073873,35,interleaved
35024,24,0,0.005609587983464326,0.8591024890590209,35,interleaved
35025,25,0,0.5000172938851392,0.8455494875297767,35,interleaved
35026,26,0,0.4757158402731629,0.6324071282736764,35,interleaved
35027,27,0,0.5014634094580531,0.668904671362899,35,interleaved
35028,28,0,0.18429192748058584,0.9087496104092667,35,interleaved
35029,29,0,0.5000010589513589,0.855385788592133,35,interleaved
35030,30,0,6.225094974548662e-05,0.9274553920973745,35,interleaved
35031,31,0,0.458697288954407,0.765101772182881,35,interleaved
35032,32,0,0.5955669370424426,0.693898826021575,35,interleaved
35033,33,0,0.4993704049565829,0.8171779109752935,35,interleaved
35034,34,0,0.0024916147823243907,1.0538017984346442,35,interleaved
35035,35,0,0.5098637855099555,0.7604529521438534,35,interleaved
35036,36,0,0.011412927156055349,0.80095068282679,35,interleaved
35037,37,0,0.4309944291710064,0.5464699156224768,35,interleaved
35038,38,0,0.697494907369851,0.518090818702977,35,interleaved
35039,39,0,0.49142597081560874,0.8376570239178517,35,interleaved
35040,40,0,0.340557601282221,0.7982677550913648,35,interleaved
35041,41,0,0.8027730139654015,0.661388743014788,35,interleaved
35042,42,0,0.0057188477701527055,0.8521921366832435,35,interleaved
35043,43,0,0.48819208127053637,0.7451500643317264,35,interleaved
35044,44,0,0.5729703147149265,0.8883276433395735,35,interleaved
35045,45,0,0.5248669235037399,0.5600441093188085,35,interleaved
35046,46,0,0.03131390795347489,0.9501374508463243,35,interleaved
35047,47,0,0.5041120308969643,0.9001223189845973,35,interleaved
35048,48,0,0.016744360255330267,0.8514309587062341,35,interleaved
35049,49,0,0.5022169118926972,0.9012018574337913,35,interleaved
35050,50,0,0.392865808357473,0.6733435826288532,35,interleaved
35051,51,0,0.7414881450840001,1.0528386438917163,35,interleaved
35052,52,0,0.6387452666298691,0.6703765467407903,35,interleaved
35053,53,0,0.9634268761576853,0.47183558021488653,35,interleaved
35054,54,0,0.34970094547908076,0.6387884738754339,35,interleaved
35055,55,0,0.5435174609369762,0.5768138034828505,35,interleaved
35056,56,0,0.3077744109593745,0.5757821251134284,35,interleaved
35057,57,0,0.5041045002260207,0.490523766960686,35,interleaved
35058,58,0,0.050390749931627336,0.6797262478382646,35,interleaved
35059,59,0,0.5025846189849165,0.6258209784028417,35,interleaved
35060,60,0,0.38333467322350184,0.9488467619984482,35,interleaved
35061,61,0,0.4999924114327889,0.7132194484019869,35,interleaved
35062,62,0,0.12738462310921408,0.372782278570427,35,interleaved
35063,63,0,0.5860055824278811,0.6727013725670102,35,interleaved
35064,64,0,0.21857735711000256,1.17225616188902,35,interleaved
35065,65,0,0.5000118535957889,1.1737288465626454,35,interleaved
35066,66,0,0.9784253318754557,0.7343576714836997,35,interleaved
35067,67,0,0.6673055654643326,0.779992167911213,35,interleaved
35068,68,0,0.39578485274604935,0.7960900179621951,35,interleaved
35069,69,0,0.4991453309792444,0.5068772530870238,35,interleaved
35070,70,0,0.0321565455971938,0.654185753777955,35,interleaved
35071,71,0,0.49342237583856785,0.6035487267959903,35,interleaved
35072,72,0,0.11705309007824694,0.6898050746965234,35,interleaved
35073,73,0,0.5030662564521852,0.7749293798086361,35,interleaved
35074,74,0,0.1349387784256184,0.8242551669601661,35,interleaved
35075,75,0,0.8160048987466838,0.4827083502829756,35,interleaved
35076,76,0,0.292980820774527,0.5120411075480431,35,interleaved
35077,77,0,0.4999979577545706,1.1156134877262691,35,interleaved
35078,78,0,0.5763884424695761,0.7203842591505032,35,interleaved
35079,79,0,0.6076803362636862,0.7948472963824439,35,interleaved
35080,80,0,0.1526098415019559,0.854878441901253,35,interleaved
35081,81,0,0.5000223182156246,0.7839716938265214,35,interleaved
35082,82,0,0.48551144461529105,1.0034311291440923,35,interleaved
35083,83,0,0.5024533259734583,0.782775944506743,35,interleaved
35084,84,0,0.380712501892802,0.5176698911136719,35,interleaved
35085,85,0,0.7253602905305422,0.6980704339359587,35,interleaved
35086,86,0,0.6223173420835151,0.5904929947163358,35,interleaved
35087,87,0,0.5004667440555043,1.3741941333699232,35,interleaved
35088,88,0,0.04147124440766065,1.145409907967912,35,interleaved
35089,89,0,0.500002757827998,1.2982299692792267,35,interleaved
35090,90,0,0.0006463844223444915,0.8642940316526335,35,interleaved
35091,91,0,0.4937103784246979,0.46244830718184315,35,interleaved
35092,92,0,0.7059276663526667,0.5929142095537537,35,interleaved
35093,93,0,0.5282293510725389,0.6665249018295001,35,interleaved
35094,94,0,0.026502677396639977,0.697007744472232,35,interleaved
35095,95,0,0.5002132006112939,0.7944184632580944,35,interleaved
35096,96,0,0.0014878870835074302,0.893187252709144,35,interleaved
35097,97,0,0.5060818495926457,0.9773372563873379,35,interleaved
35098,98,0,0.9687974842120975,0.8268429040130607,35,interleaved
35099,99,0,0.8504035441822557,0.6093719250004139,35,interleaved
35100,100,0,0.0019196818210673971,0.9438520244176734,35,interleaved
35101,101,0,0.5185456558076582,0.514891643527523,35,interleaved
35102,102,0,0.33091622322197484,0.3466606537881691,35,interleaved
35103,103,0,0.8821469303734726,0.5679510482854294,35,interleaved
35104,104,0,0.9199806623551514,0.7430274188556858,35,interleaved
35105,105,0,0.8384531826789214,0.5576078453111964,35,interleaved
35106,106,0,0.03398859074660267,0.9894240563903957,35,interleaved
35107,107,0,0.6317659239604025,0.9811117128381157,35,interleaved
35108,108,0,0.44819905620607864,0.5296371347947268,35,interleaved
35109,109,0,0.5565685212151453,0.6096713553225936,35,interleaved
35110,110,0,0.43787505563460916,0.8314099911907008,35,interleaved
35111,111,0,0.771647361123839,0.8278503123262726,35,interleaved
35112,112,0,0.7562541939611865,0.4662307663625517,35,interleaved
35113,113,0,0.9749493954062882,0.554067075679402,35,interleaved
35114,114,0,0.48780211582602745,0.8342076868119401,35,interleaved
35115,115,0,0.5055506725355489,0.842710353239647,35,interleaved
35116,116,0,0.6703277219569655,0.39623563805517825,35,interleaved
35117,117,0,0.527710817304805,0.6214695898249467,35,interleaved
35118,118,0,0.5008485265043954,0.5321053742333965,35,interleaved
35119,119,0,0.8479749385804352,1.0845031736687736,35,interleaved
35120,120,0,0.3001713036586993,0.9640168767236579,35,interleaved
35121,121,0,0.7041505747231007,0.6729064265704753,35,interleaved
35122,122,0,0.4395390448162979,0.5044370480121625,35,interleaved
35123,123,0,0.5828774740920729,0.6158781352895986,35,interleaved
35124,124,0,0.5384112983764636,0.6892733329583165,35,interleaved
35125,125,0,0.9701478142740738,0.6637408498450854,35,interleaved
35126,126,0,0.11064600860362414,0.695066914528551,35,interleaved
35127,127,0,0.4962803270585504,0.6132134335763014,35,interleaved
35128,128,0,0.39867459384935744,0.7247268872975328,35,interleaved
35129,129,0,0.601531578910686,1.0652453587073902,35,interleaved
35130,130,0,0.49905631086878766,0.5512636270595836,35,interleaved
35131,131,0,0.5151906375193517,0.6200358871352258,35,interleaved
35132,132,0,0.5071574415492648,0.6955245958156029,35,interleaved
35133,133,0,0.9978812399498131,0.6948019115442092,35,interleaved
35134,134,0,0.9790456183242329,0.6494916745462848,35,interleaved
35135,135,0,0.9834197289311374,0.5885734881581676,35,interleaved
35136,136,0,0.9387953176005808,0.5355901625003963,35,interleaved
35137,137,0,0.966348700875125,0.38121091021586295,35,interleaved
35138,138,0,0.7990207008343573,0.4404468333726028,35,interleaved
35139,139,0,0.5034751770457911,0.5646996853834245,35,interleaved
35140,140,0,0.8364503988163592,0.6944280865187891,35,interleaved
35141,141,0,0.97051187605106,0.5756035253177387,35,interleaved
35142,142,0,0.4590176352021094,0.5174571531556947,35,interleaved
35143,143,0,0.3454392032291239,0.8488052282145988,35,interleaved
35144,144,0,0.5257769595483914,0.7461246205938699,35,interleaved
35145,145,0,0.9012902084117144,0.5593977804587766,35,interleaved
35146,146,0,0.010547883433313015,0.9956271111771028,35,interleaved
35147,147,0,0.49755350203859877,0.6060587698108331,35,interleaved
35148,148,0,0.29709044496678216,0.4139281931876103,35,interleaved
35149,149,0,0.9539326324108298,0.41893500931620076,35,interleaved
35150,150,0,0.04181798051897767,0.8417176572661472,35,interleaved
35151,151,0,0.523911465008569,0.6735619425998247,35,interleaved
35152,152,0,0.9159497735655011,0.3718342433474513,35,interleaved
35153,153,0,0.8665437456022566,0.7126437238771457,35,interleaved
35154,154,0,0.9552016994765797,0.4727388331744472,35,interleaved
35155,155,0,0.3332210169789244,0.5468712502825019,35,interleaved
35156,156,0,0.06046337145129783,0.9696376979681013,35,interleaved
35157,157,0,0.49940650395279346,1.277959651783835,35,interleaved
35158,158,0,0.5519727164577745,0.6151997087095337,35,interleaved
35159,159,0,0.5473727133374531,0.47604826555872537,35,interleaved
35160,160,0,0.27269060490838637,0.5635577894993911,35,interleaved
35161,161,0,0.02019469821115959,0.8870967960866416,35,interleaved
35162,162,0,0.09708748556317122,0.6993632538063856,35,interleaved
35163,163,0,0.869249114761848,0.6235026411462443,35,interleaved
35164,164,0,0.50970300585841,0.9004422015148461,35,interleaved
35165,165,0,0.5202278974669194,0.5675545963072288,35,interleaved
35166,166,0,0.5244679947228998,0.8383874008519138,35,interleaved
35167,167,0,0.5836305265293822,0.48901315363212206,35,interleaved
35168,168,0,0.9865956035351588,0.5909276395554279,35,interleaved
35169,169,0,0.9380956138959113,0.5616016957056329,35,interleaved
35170,170,0,0.8477456210241219,0.43496876015326436,35,interleaved
35171,171,0,0.9878055574501805,0.6923192463645738,35,interleaved
35172,172,0,0.6802044914957945,0.3338394182008724,35,interleaved
35173,173,0,0.5221678981493676,0.2776385018104441,35,interleaved
35174,174,0,0.5010013588747404,0.508116068943097,35,interleaved
35175,175,0,0.031018257343486823,0.86699130050366,35,interleaved
35176,176,0,0.022287837477802663,0.7919012633004969,35,interleaved
35177,177,0,0.5775047260524003,0.4315837617457364,35,interleaved
35178,178,0,0.9902886836048103,0.508058522533926,35,interleaved
35179,179,0,0.9900179242260831,0.47539213798231816,35,interleaved
35180,180,0,0.7030059621377068,0.5746773656370081,35,interleaved
35181,181,0,0.12778690464138923,1.0842380229255395,35,interleaved
35182,182,0,0.6736379591159412,0.4673921012468313,35,interleaved
35183,183,0,0.9982042630985746,0.4239867400285357,35,interleaved
35184,184,0,0.667427812203875,0.5925447442929945,35,interleaved
35185,185,0,0.9127395031071369,0.4639058571880644,35,interleaved
35186,186,0,0.5174917632892206,0.600531257948853,35,interleaved
35187,187,0,0.28410744574307983,0.8720238195706119,35,interleaved
35188,188,0,0.49739265312492337,0.6448213215019514,35,interleaved
35189,189,0,0.5076646503247491,0.7842741430392994,35,interleaved
35190,190,0,0.998799474758629,0.66043052176055,35,interleaved
35191,191,0,0.8865357952319198,0.5845074781517772,35,interleaved
35192,192,0,0.6646839649621279,0.5583296264264738,35,interleaved
35193,193,0,0.9945102547008715,0.6512962127986903,35,interleaved
35194,194,0,0.9711622157942982,0.9718851814681257,35,interleaved
35195,195,0,0.16276019960580412,0.6622255509248914,35,interleaved
35196,196,0,0.9999267476242895,0.8736782795851524,35,interleaved
35197,197,0,0.7088319988146022,0.4797791401909337,35,interleaved
35198,198,0,0.5443213139125801,0.37752702787788617,35,interleaved
35199,199,0,0.5524480220814928,0.3924109366772911,35,interleaved
35200,0,0,0.9685342235649359,0.599372909868161,35,blocked
35201,1,0,0.5842164632247143,0.5106214446139301,35,blocked
35202,2,0,0.9773111540708259,0.8739617325965784,35,blocked
35203,3,0,0.9901816272491378,0.655239336524146,35,blocked
35204,4,0,0.6976494419806035,0.660409075722135,35,blocked
35205,5,0,0.7620869334934186,0.42283986548045704,35,blocked
35206,6,0,0.14735313303507874,1.016516293558456,35,blocked
35207,7,0,0.9996178362211754,0.5336162809396239,35,blocked
35208,8,0,0.9896225024541407,0.5409299282807737,35,blocked
35209,9,0,0.9282584438318782,0.9573009579536117,35,blocked
35210,10,0,0.3464828436333853,0.8064820514183294,35,blocked
35211,11,0,0.9995095173328958,0.4287336227733831,35,blocked
35212,12,0,0.999548432226331,0.6118077016468613,35,blocked
35213,13,0,0.9999786673913207,0.9227108426566513,35,blocked
35214,14,0,0.8770445979216708,0.975801605934183,35,blocked
35215,15,0,0.8638874936771899,1.0049984348903993,35,blocked
35216,16,0,0.4541673809818162,0.644861442387138,35,blocked
35217,17,0,0.522504198905689,0.6242501597884181,35,blocked
35218,18,0,0.570622124217707,1.241480046316807,35,blocked
35219,19,0,0.9988501881231839,1.355109335609295,35,blocked
35220,20,0,0.34424370180739505,0.6665529241498682,35,blocked
35221,21,0,0.999599251033882,0.38138094305976467,35,blocked
35222,22,0,0.6099381228015472,0.9202824925457018,35,blocked
35223,23,0,0.3970375515022731,0.6843052248034417,35,blocked
35224,24,0,0.02616399479459874,0.804149903663212,35,blocked
35225,25,0,0.2208489997564161,0.7971546079310636,35,blocked
35226,26,0,0.6216227007735229,0.5625753778662552,35,blocked
35227,27,0,0.9965806576103614,0.7590984743055893,35,blocked
35228,28,0,0.9997029710195711,0.8221082895424809,35,blocked
35229,29,0,0.32941215036480825,0.6910779700610472,35,blocked
35230,30,0,0.01641215421698257,0.7759188003008994,35,blocked
35231,31,0,0.9857150915055427,0.67250874276632,35,blocked
35232,32,0,0.8948026263307259,0.6357899792378807,35,blocked
35233,33,0,0.9900031205742688,1.2207867559473966,35,blocked
35234,34,0,0.4899895442596619,0.9951242770968016,35,blocked
35235,35,0,0.9884796179519377,0.703237220118654,35,blocked
35236,36,0,0.9960431743690328,1.1913470175781549,35,blocked
35237,37,0,0.9815996787060295,0.6931684396040453,35,blocked
35238,38,0,0.2809783196773362,0.747720872244001,35,blocked
35239,39,0,0.9869357684283417,0.4230439799898291,35,blocked
35240,40,0,0.1833435865357051,0.7949429835306996,35,blocked
35241,41,0,0.003233171757995178,0.9907933164168652,35,blocked
35242,42,0,0.6505283442970456,0.534639312482615,35,blocked
35243,43,0,0.48335280859202895,0.506823851095304,35,blocked
35244,44,0,0.37481324263262467,0.9992888284629158,35,blocked
35245,45,0,0.05999466488066383,0.8270039588754916,35,blocked
35246,46,0,0.5009585686103726,0.7054057139670585,35,blocked
35247,47,0,0.696630972911393,0.5625552313813199,35,blocked
35248,48,0,0.9936801604651619,0.8020798245425191,35,blocked
35249,49,0,0.27896536073844813,0.7526113189303489,35,blocked
35250,50,0,0.013119026272218184,1.0543646001132727,35,blocked
35251,51,0,0.28256374228424336,0.8393746643467052,35,blocked
35252,52,0,0.12373245440002581,1.137135358428499,35,blocked
35253,53,0,0.8760782389571606,0.6020520013037576,35,blocked
35254,54,0,0.32814184481187875,0.9035820664149763,35,blocked
35255,55,0,0.11813796200604643,0.612011710469736,35,blocked
35256,56,0,0.49753689800372525,0.7931453012726332,35,blocked
35257,57,0,0.5007917672906778,0.943138732018024,35,blocked
35258,58,0,0.9946325950947774,0.9228996733736545,35,blocked
35259,59,0,0.13593606908980763,0.9475909293236686,35,blocked
35260,60,0,0.5053135986998056,0.9101764878431405,35,blocked
35261,61,0,0.4978337906037077,0.9957088700635259,35,blocked
35262,62,0,0.7998186394227027,0.6888866499861402,35,blocked
35263,63,0,0.500483020974513,0.8739615780860626,35,blocked
35264,64,0,0.49850074454003745,1.1462675253729584,35,blocked
35265,65,0,0.5049650851257406,1.0212423893791676,35,blocked
35266,66,0,0.5670942389241979,1.1232920275831886,35,blocked
35267,67,0,0.9372337979810722,0.8460009052274158,35,blocked
35268,68,0,0.03518852033269829,0.9430496185871362,35,blocked
35269,69,0,0.5261247306964965,0.538347397986868,35,blocked
35270,70,0,0.46906220025873885,0.754780271381029,35,blocked
35271,71,0,0.70509909883862,1.0403336178142282,35,blocked
35272,72,0,0.47131131118963276,0.7763037171355005,35,blocked
35273,73,0,0.565914417886042,0.8655112730878552,35,blocked
35274,74,0,0.5007916309961773,0.8396152001467321,35,blocked
35275,75,0,0.715594310534919,0.7310272469693677,35,blocked
35276,76,0,0.4989071652083968,0.9490750007750213,35,blocked
35277,77,0,0.7983492279275151,0.7439785306608999,35,blocked
35278,78,0,0.5001424776503814,0.9717918468625755,35,blocked
35279,79,0,0.9995082063224532,0.9060417765215338,35,blocked
35280,80,0,0.9796504990145815,0.8241132676138191,35,blocked
35281,81,0,0.8197334650627368,0.766140418591615,35,blocked
35282,82,0,0.9695699198836157,1.0129959101076724,35,blocked
35283,83,0,0.9995509380887293,0.8549774073642176,35,blocked
35284,84,0,0.9891797681704821,0.9670817557864061,35,blocked
35285,85,0,0.8618782425624817,0.7930298468309915,35,blocked
35286,86,0,0.034211617652463944,0.6522769661454557,35,blocked
35287,87,0,0.12355701387523865,0.8910132752710815,35,blocked
35288,88,0,0.998451914897979,0.7120825644200719,35,blocked
35289,89,0,0.29465809844187524,0.8572834169141796,35,blocked
35290,90,0,0.35361623380276086,0.9614481802759108,35,blocked
35291,91,0,0.05937260627196239,0.9158512191754563,35,blocked
35292,92,0,0.08112583883344134,0.736538244200992,35,blocked
35293,93,0,0.9992187740630485,0.563595652075455,35,blocked
35294,94,0,0.9995845807816409,0.6338770461627714,35,blocked
35295,95,0,0.641622099090013,0.647349074963453,35,blocked
35296,96,0,0.5021355236990623,0.9199297506593381,35,blocked
35297,97,0,0.6009173171949381,0.9261671932859006,35,blocked
35298,98,0,0.8658738955035941,0.88424415528474,35,blocked
35299,99,0,0.9918362507836644,0.5278893551436898,35,blocked
35300,100,0,0.9975408248443649,0.6861899391218749,35,blocked
35301,101,0,0.962390553693858,1.2780227546022584,35,blocked
35302,102,0,0.9804774989586347,0.7788682859600651,35,blocked
35303,103,0,0.582488909425338,0.6390847608437309,35,blocked
35304,104,0,0.9843649242104842,0.8642787310273858,35,blocked
35305,105,0,0.9979642309643078,0.7608882868158979,35,blocked
35306,106,0,0.709213032989579,0.5977074173775564,35,blocked
35307,107,0,0.9965870286117073,0.4371146373343731,35,blocked
35308,108,0,0.99941564253493,0.724987259162063,35,blocked
35309,109,0,0.9955445627330218,0.4759626390559665,35,blocked
35310,110,0,0.7908502854321893,0.8863175157605352,35,blocked
35311,111,0,0.9577306159914374,1.3573204310332727,35,blocked
35312,112,0,0.8771285738171892,0.8794685390569207,35,blocked
35313,113,0,0.80157868532062,0.8653081051606651,35,blocked
35314,114,0,0.9316895883535509,0.4113803330138766,35,blocked
35315,115,0,0.7796290330011091,0.6630843515564697,35,blocked
35316,116,0,0.8053317877810947,0.6196432165146004,35,blocked
35317,117,0,0.799404266374433,0.7603639701078799,35,blocked
35318,118,0,0.47293829466482795,1.1841139121665798,35,blocked
35319,119,0,0.9978327915247845,0.8248951141320837,35,blocked
35320,120,0,0.01734153479786439,0.7621122999742731,35,blocked
35321,121,0,0.9954612830793705,0.7878442128765335,35,blocked
35322,122,0,0.007085920743297799,0.6159977417115562,35,blocked
35323,123,0,0.470567155518763,0.8361626738271609,35,blocked
35324,124,0,0.5004003762831822,0.9947362581321425,35,blocked
35325,125,0,0.4974972709693498,0.848748044830488,35,blocked
35326,126,0,0.3094495182139899,0.5171926121976058,35,blocked
35327,127,0,0.5338868081434549,0.6563191483965833,35,blocked
35328,128,0,0.49850287542987237,1.07558845583736,35,blocked
35329,129,0,0.21861494510924023,0.7784868527107947,35,blocked
35330,130,0,0.49827321290183824,1.085611889391481,35,blocked
35331,131,0,0.5884160539610125,0.47987918485809566,35,blocked
35332,132,0,0.4393629649177916,0.7252276175134957,35,blocked
35333,133,0,0.5526801415255307,1.0919843714773299,35,blocked
35334,134,0,0.567363360320878,0.8306221613417201,35,blocked
35335,135,0,0.5345241657428592,0.6955485759264335,35,blocked
35336,136,0,0.8362183543750612,0.9465288812617418,35,blocked
35337,137,0,0.4767456816739657,0.8964808396722629,35,blocked
35338,138,0,0.502484506345557,0.681696534095731,35,blocked
35339,139,0,0.9885774057736543,0.9576778787345891,35,blocked
35340,140,0,0.5019507181265555,0.8123022349183349,35,blocked
35341,141,0,0.952463422763549,0.6885850884415399,35,blocked
35342,142,0,0.9967208892680237,0.7052765026017254,35,blocked
35343,143,0,0.6064049741097448,0.6095974906976411,35,blocked
35344,144,0,0.3528763498931664,0.7467085741777439,35,blocked
35345,145,0,0.6229596475284507,1.08731456118797,35,blocked
35346,146,0,0.4903273751867197,1.1371433994146076,35,blocked
35347,147,0,0.5250616521629212,0.9482466287760125,35,blocked
35348,148,0,0.5614825519877223,0.7466112599792672,35,blocked
35349,149,0,0.49519551422165553,0.725848047160146,35,blocked
35350,150,0,0.5017831574406986,0.9333579685570779,35,blocked
35351,151,0,0.924548217263166,0.6626162870871655,35,blocked
35352,152,0,0.46147562260434827,0.6648387599079331,35,blocked
35353,153,0,0.500052895223943,1.0895932862192261,35,blocked
35354,154,0,0.7162334510553858,0.4124735502762459,35,blocked
35355,155,0,0.9833801276691273,0.5734399562185507,35,blocked
35356,156,0,0.5014240466829655,1.0055783500842335,35,blocked
35357,157,0,0.500779051246887,0.7502133055067866,35,blocked
35358,158,0,0.7218166106997271,1.071079002611367,35,blocked
35359,159,0,0.5001835873693116,0.9827516718844982,35,blocked
35360,160,0,0.01166254627053232,0.9630938130312505,35,blocked
35361,161,0,0.2969985637849267,0.5920237183893998,35,blocked
35362,162,0,0.5217147442506744,0.7242514756880851,35,blocked
35363,163,0,0.5073831495506245,0.4868777111753329,35,blocked
35364,164,0,0.9931903902435687,0.5660712022111741,35,blocked
35365,165,0,0.20793799656346476,0.5596713614235729,35,blocked
35366,166,0,0.4990430861340152,0.8804713292567716,35,blocked
35367,167,0,0.9667823478827919,0.5502990374567545,35,blocked
35368,168,0,0.9993701040332934,0.4639295656256638,35,blocked
35369,169,0,0.7498876144786268,0.644199696869135,35,blocked
35370,170,0,0.7955561071690409,0.6748410824886178,35,blocked
35371,171,0,0.485037006909626,1.0384211068694915,35,blocked
35372,172,0,0.5023215224321592,0.7518256617853114,35,blocked
35373,173,0,0.5000045470923842,0.9960480309827169,35,blocked
35374,174,0,0.9900516170071854,0.8155895849661399,35,blocked
35375,175,0,0.5077044805790825,0.8322901382315497,35,blocked
35376,176,0,0.16891183373275115,0.7998597452322427,35,blocked
35377,177,0,0.07606502643062532,0.8760294891963932,35,blocked
35378,178,0,0.9039564034929883,0.8620602753744122,35,blocked
35379,179,0,0.11665351925375583,0.838250396847081,35,blocked
35380,180,0,0.10488026574157643,0.6927426787833213,35,blocked
35381,181,0,0.640204531482724,0.7228051605951679,35,blocked
35382,182,0,0.9998753619058032,0.6196559599760574,35,blocked
35383,183,0,0.5996766076972018,0.6807106121890032,35,blocked
35384,184,0,0.5062275472730133,0.7979243954102291,35,blocked
35385,185,0,0.9930849696343416,0.5137804249982733,35,blocked
35386,186,0,0.9999956382206215,0.7637352396870811,35,blocked
35387,187,0,0.6387331152135937,0.5173531929927428,35,blocked
35388,188,0,0.9783984926513725,0.5031583623141349,35,blocked
35389,189,0,0.0027784822197240455,0.8136335038055302,35,blocked
35390,190,0,0.9451011081226082,0.7174231514001492,35,blocked
35391,191,0,0.8636216997289978,0.5568558008827682,35,blocked
35392,192,0,0.9994356155489417,1.0017504138365598,35,blocked
35393,193,0,0.511037443653318,1.0514975298112175,35,blocked
35394,194,0,0.005827393241727926,0.8680220291222156,35,blocked
35395,195,0,0.002583723603572578,0.6440402476274049,35,blocked
35396,196,0,0.9472487759072952,0.7403500567794629,35,blocked
35397,197,0,0.915792834737707,0.507944795563418,35,blocked
35398,198,0,0.9751900220779719,0.5129167272092816,35,blocked
35399,199,0,0.4999518418755605,0.5209113157614182,35,blocked
35400,0,0,0.466797210757185,0.782513501307804,35,early
35401,1,0,0.612156004979975,0.6847557661379979,35,early
35402,2,0,0.5317775415844294,0.5604016897484148,35,early
35403,3,0,0.9835226297153062,0.32200171088630264,35,early
35404,4,0,0.17545540130913792,0.5455554849415504,35,early
35405,5,0,0.4616642064719239,0.5196202179684818,35,early
35406,6,0,0.4845031175610108,0.9356899608373406,35,early
35407,7,0,0.9406015676497322,0.5210768437067991,35,early
35408,8,0,0.1307266656504482,0.6534183784751457,35,early
35409,9,0,0.9724368784703938,0.34612425433631455,35,early
35410,10,0,0.047373192932467466,0.6063247683473652,35,early
35411,11,0,0.08542844798613028,0.6239624537277282,35,early
35412,12,0,0.986621118553831,0.9329810051781193,35,early
35413,13,0,0.38903762949037524,0.7396931183007014,35,early
35414,14,0,0.5869974691311933,0.5650748406368187,35,early
35415,15,0,0.5680346315436318,0.46966234166054754,35,early
35416,16,0,0.9994963382289631,0.5754791077190894,35,early
35417,17,0,0.7712565844732768,0.9201113856892486,35,early
35418,18,0,0.1534834094677541,0.8034581849602633,35,early
35419,19,0,0.8263149125996434,0.5271657442051703,35,early
35420,20,0,0.9780070131084078,0.5725873909863408,35,early
35421,21,0,0.8083492142605736,0.4651852174957662,35,early
35422,22,0,0.7183993850904828,0.4357188894942706,35,early
35423,23,0,0.998523082382746,0.7811834747035256,35,early
35424,24,0,0.9970103975610223,0.7627489224987924,35,early
35425,25,0,0.4984490310547887,0.6701585400744823,35,early
35426,26,0,0.3399485916803555,0.6572037762875733,35,early
35427,27,0,0.7599856961016405,0.4541485632955953,35,early
35428,28,0,0.8119295230296028,0.6764079118617692,35,early
35429,29,0,0.6357721984317939,0.41538074853128415,35,early
35430,30,0,0.8126039692708869,0.5496625202285288,35,early
35431,31,0,0.9881013759157353,0.479443849737909,35,early
35432,32,0,0.8208405263315839,0.49015679337292645,35,early
35433,33,0,0.06007094767663321,1.1795216667622483,35,early
35434,34,0,0.22970264570001983,0.8724929464465938,35,early
35435,35,0,0.34006855212878384,0.8835578938176393,35,early
35436,36,0,0.16192800717037217,0.6617113385984741,35,early
35437,37,0,0.01488777379250838,1.058778542615073,35,early
35438,38,0,0.9995209741730278,0.5935886340878496,35,early
35439,39,0,0.4684479017854971,0.7260659606349309,35,early
35440,40,0,0.04116133255145908,0.7415564655845579,35,early
35441,41,0,0.02347395527929288,0.8541139225183356,35,early
35442,42,0,0.4615910099941742,0.7162302967955352,35,early
35443,43,0,0.6317438602421799,0.7253160523507696,35,early
35444,44,0,0.11250820531853142,0.9092214444168221,35,early
35445,45,0,0.4988715865290748,0.6776700073375482,35,early
35446,46,0,0.6485247343663496,0.3349016460084851,35,early
35447,47,0,0.759151051603548,0.5795097909885553,35,early
35448,48,0,0.039088888506110434,0.7299041648893234,35,early
35449,49,0,0.560487933438571,0.5522413862524118,35,early
35450,50,0,0.6045386863025046,0.558213468852709,35,early
35451,51,0,0.8707005488471418,0.5580892364981098,35,early
35452,52,0,0.9986960641763043,0.7787291598775874,35,early
35453,53,0,0.723888038637962,0.6603291674078999,35,early
35454,54,0,0.9009118402138795,0.49624994790806964,35,early
35455,55,0,0.5000016797480156,1.273940640461328,35,early
35456,56,0,0.49995449404390757,1.001283154192524,35,early
35457,57,0,0.7992211459569875,0.6304519748147966,35,early
35458,58,0,0.9363218221530474,0.6884065864622533,35,early
35459,59,0,0.7098471972038876,0.6805163945557562,35,early
35460,60,0,0.7631975845698923,0.6805038283203506,35,early
35461,61,0,0.9995274239193908,0.6857527253035571,35,early
35462,62,0,0.4977711576132111,0.6918081478752551,35,early
35463,63,0,0.8859943377898574,0.32958891671346335,35,early
35464,64,0,0.9188234659685385,0.8371697854844626,35,early
35465,65,0,0.9893716309041823,0.8251257824497901,35,early
35466,66,0,0.8803497303251373,0.6767776597044481,35,early
35467,67,0,0.4573252302093648,0.41296461085608976,35,early
35468,68,0,0.9510290745557184,0.7604683030504245,35,early
35469,69,0,0.5214151159009291,0.8428654896670196,35,early
35470,70,0,0.5441465171738473,0.9178907408147163,35,early
35471,71,0,0.5001523670697208,0.8036176177385963,35,early
35472,72,0,0.49968208469190406,0.9761924855690496,35,early
35473,73,0,0.9859170043068328,0.6160213463138855,35,early
35474,74,0,0.6338362447322645,0.8259197661867634,35,early
35475,75,0,0.49738054637009566,0.7026674307341245,35,early
35476,76,0,0.9653608706744268,0.6447094542531141,35,early
35477,77,0,0.577588760133843,0.629232210718619,35,early
35478,78,0,0.9789940382723221,0.39528339979257593,35,early
35479,79,0,0.10229387661313355,0.5644710577608558,35,early
35480,80,0,0.5334570459405026,0.6157928852789971,35,early
35481,81,0,0.881839660597125,0.635365741539035,35,early
35482,82,0,0.6727465188420314,0.8532620019008029,35,early
35483,83,0,0.5033497704693692,0.7248104262978279,35,early
35484,84,0,0.46095613985751505,1.0089768122443796,35,early
35485,85,0,0.5051977748322255,1.115436136319743,35,early
35486,86,0,0.8497556351696509,0.6765864054698356,35,early
35487,87,0,0.6820127225174597,0.47728447842869626,35,early
35488,88,0,0.30696498636536984,0.6436945685018325,35,early
35489,89,0,0.4123142910497423,0.44696992973372085,35,early
35490,90,0,0.8703479257649076,0.6070669330596841,35,early
35491,91,0,0.5075479181611114,0.6863289065402352,35,early
35492,92,0,0.48617724612810803,0.6168122667769348,35,early
35493,93,0,0.8485315853340101,0.5746155019248953,35,early
35494,94,0,0.5039861529557377,0.5188067821138276,35,early
35495,95,0,0.9925414838585322,0.546374159526538,35,early
35496,96,0,0.5873123048799542,0.6046099546005139,35,early
35497,97,0,0.6361658199381065,0.7873623366007174,35,early
35498,98,0,0.9969731463677268,0.5230627318811245,35,early
35499,99,0,0.6094153423467088,0.6476182956853578,35,early
35500,100,0,0.3420114532468599,0.5508417121085534,35,early
35501,101,0,0.4740823642156075,0.5004831015740243,35,early
35502,102,0,0.48594668522458007,0.6101760661945035,35,early
35503,103,0,0.9210993334832284,0.8551645446262007,35,early
35504,104,0,0.4434038956977144,0.6551694215789633,35,early
35505,105,0,0.5720158480526547,0.48153082810884135,35,early
35506,106,0,0.00023093473521877298,1.141399446023466,35,early
35507,107,0,0.6064682266556359,0.4373402246211896,35,early
35508,108,0,0.8957186482188744,0.527069414913341,35,early
35509,109,0,0.32601073978084677,0.9010257729523993,35,early
35510,110,0,0.34507085826784545,0.8046042827268671,35,early
35511,111,0,0.500023316336954,0.8017026012067034,35,early
35512,112,0,0.14264845883303948,0.7961356397195367,35,early
35513,113,0,0.5029135034891355,0.6598705742488196,35,early
35514,114,0,0.46119535946256424,0.7774259392627195,35,early
35515,115,0,0.9893209239259213,0.40665560185139726,35,early
35516,116,0,0.9998929103610278,0.5698266872289511,35,early
35517,117,0,0.9531979505468355,0.6068719159474881,35,early
35518,118,0,0.1392012097678774,0.5980940448880401,35,early
35519,119,0,0.4846641270068275,0.5406123354809209,35,early
35520,120,0,0.7222272119166376,0.4032681119297528,35,early
35521,121,0,0.9820812332885476,0.32260298954923333,35,early
35522,122,0,0.32716122810012044,0.534204361918194,35,early
35523,123,0,0.7268933815954254,0.6764890709051745,35,early
35524,124,0,0.029804143793556417,0.6971849110153278,35,early
35525,125,0,0.9750462994331428,0.6816471497608227,35,early
35526,126,0,0.06456956719125724,0.7718404404303714,35,early
35527,127,0,0.647806033517919,0.7000083490284879,35,early
35528,128,0,0.6409669794135255,0.6926567984213958,35,early
35529,129,0,0.5269697227620721,0.791929833782369,35,early
35530,130,0,0.5771099773737162,0.48894250721635113,35,early
35531,131,0,0.5949184531200269,0.6938116338670834,35,early
35532,132,0,0.867058920618224,0.5620953065365932,35,early
35533,133,0,0.5740208123721837,0.9374640706921262,35,early
35534,134,0,0.6673086013577327,0.8500359345684659,35,early
35535,135,0,0.6916411873372238,0.3771053843987659,35,early
35536,136,0,0.6042578714027174,0.4155219144221153,35,early
35537,137,0,0.5000428726374035,0.9035081240493218,35,early
35538,138,0,0.5391739550582313,0.5719111072449836,35,early
35539,139,0,0.8442435500046599,0.3998352303053745,35,early
35540,140,0,0.998483148048677,0.4045526001860612,35,early
35541,141,0,0.6193062222483638,0.8272505290339449,35,early
35542,142,0,0.5128455861813621,0.7906889726319917,35,early
35543,143,0,0.9421570112428445,0.5848742240335119,35,early
35544,144,0,0.9944017483435534,0.48211150982375284,35,early
35545,145,0,0.19317911590915204,0.36194534772829534,35,early
35546,146,0,0.9959492142382136,0.5691225546680883,35,early
35547,147,0,0.10675760099192214,0.5259687491780418,35,early
35548,148,0,0.015334050105721834,0.7128354862013093,35,early
35549,149,0,0.7266448868426998,0.9083059166549524,35,early
35550,150,0,0.8833547111848121,0.573204577652386,35,early
35551,151,0,0.9629671049339864,0.5433280372352323,35,early
35552,152,0,0.0026823808434443155,1.1274498412696583,35,early
35553,153,0,0.5047398683263378,0.7754058309761569,35,early
35554,154,0,0.03911990216124074,0.7886129483886279,35,early
35555,155,0,0.764502438781582,0.4191505093037564,35,early
35556,156,0,0.34492658227604267,0.8370098993947321,35,early
35557,157,0,0.5260735576399278,0.5619992227845667,35,early
35558,158,0,0.9925302719758269,0.7860731417621392,35,early
35559,159,0,0.4955981258194176,1.0976607384929167,35,early
35560,160,0,0.9931535612114535,0.4537842043691911,35,early
35561,161,0,0.873132477423693,0.4407582608537538,35,early
35562,162,0,0.4915119499021166,0.5797716620119686,35,early
35563,163,0,0.48323890669359415,0.5581490160771397,35,early
35564,164,0,0.7045232892493147,0.46516037576619285,35,early
35565,165,0,0.14223741654671085,0.6567290862701842,35,early
35566,166,0,0.07377310905113289,1.108716043911305,35,early
35567,167,0,0.999045465225368,0.829822581525456,35,early
35568,168,0,0.7584636496182239,0.7024397835558862,35,early
35569,169,0,0.5109624437706131,0.605390128956572,35,early
35570,170,0,0.4880184450399258,0.4339166818619611,35,early
35571,171,0,0.17501182711864177,0.5839119616859143,35,early
35572,172,0,0.11116282184945704,0.6893320167923334,35,early
35573,173,0,0.6280201114879269,0.5534610343525269,35,early
35574,174,0,0.40715469374791824,0.7954156534102341,35,early
35575,175,0,0.9801986898247623,0.3943947677426834,35,early
35576,176,0,0.551619244568136,0.49427926477615564,35,early
35577,177,0,0.22374208704637394,0.7009697372960202,35,early
35578,178,0,0.9901594840836049,0.5038069308312164,35,early
35579,179,0,0.4914843885575424,0.6435399209856771,35,early
35580,180,0,0.460118513012383,0.8198930851664767,35,early
35581,181,0,0.8646904195494761,0.4391175582101253,35,early
35582,182,0,0.5046636699397906,0.3267751570220214,35,early
35583,183,0,0.5736691489284718,0.6096442996090168,35,early
35584,184,0,0.9006275211342083,0.5822273640144646,35,early
35585,185,0,0.4829004431226957,0.4645791725041719,35,early
35586,186,0,0.002082059326673109,0.7272982921662889,35,early
35587,187,0,0.6478939177584575,0.695267677985836,35,early
35588,188,0,0.37182688200363007,0.8191750093190175,35,early
35589,189,0,0.11536913361638469,0.8878531369993559,35,early
35590,190,0,0.7837323714975619,0.548283892026237,35,early
35591,191,0,0.6885737809090926,0.5045379445586703,35,early
35592,192,0,0.027399106866253124,0.6342710775078664,35,early
35593,193,0,0.06847247067007103,0.5900159830262921,35,early
35594,194,0,0.08462178693288147,0.5897213470329883,35,early
35595,195,0,0.5205337126813606,0.6570646331058261,35,early
35596,196,0,0.9762881471080641,0.4701267783343075,35,early
35597,197,0,0.7426733152841841,0.4183188403964111,35,early
35598,198,0,0.9935333393582031,0.5874165627078415,35,early
35599,199,0,0.8354805205417593,0.7380322318282233,35,early
35600,0,0,0.93272688152256,0.5466771401193888,35,middle
35601,1,0,0.9968892090926057,0.734607073475627,35,middle
35602,2,0,0.9490702091606404,0.33342631457171,35,middle
35603,3,0,0.4714919605107283,0.4725600611555104,35,middle
35604,4,0,0.04998483693324491,0.571546075889166,35,middle
35605,5,0,0.009572523128275279,0.859815860742929,35,middle
35606,6,0,0.1508129266057845,0.6960655541197529,35,middle
35607,7,0,0.5805364097136604,0.5237728379579785,35,middle
35608,8,0,0.4118870902505993,0.5683627088410774,35,middle
35609,9,0,0.20924490217004643,0.6017642181702143,35,middle
35610,10,0,0.5775700093454206,0.499211150747994,35,middle
35611,11,0,0.05879649655044773,0.9869847807416499,35,middle
35612,12,0,0.5525127923335879,0.7176833968169413,35,middle
35613,13,0,0.5150090655498186,0.731580128893127,35,middle
35614,14,0,0.07336354376016208,0.7855731341436615,35,middle
35615,15,0,0.43516260866092826,0.6205999505882559,35,middle
35616,16,0,0.5783040679391789,0.7173540264536786,35,middle
35617,17,0,0.5074409577790466,0.7663828041782288,35,middle
35618,18,0,0.44453431690700873,0.8818579813770973,35,middle
35619,19,0,0.4675993977580235,0.7486345047640175,35,middle
35620,20,0,0.6054338364662492,0.7535240610066078,35,middle
35621,21,0,0.9438108929571759,0.7270824013468586,35,middle
35622,22,0,0.9973416065709029,0.5608586317260085,35,middle
35623,23,0,0.49995933526635505,1.2985983029390726,35,middle
35624,24,0,0.07559001839374924,0.7873856667598012,35,middle
35625,25,0,0.29747889312675935,0.5009858732075779,35,middle
35626,26,0,0.6284770551192719,0.66282225184428,35,middle
35627,27,0,0.8734212761510947,0.9564807279515494,35,middle
35628,28,0,0.4981960061233938,0.875769159594244,35,middle
35629,29,0,0.5522052749990826,1.0851569934152046,35,middle
35630,30,0,0.34022232236087213,0.6972050714967641,35,middle
35631,31,0,0.5069483807307439,0.6678548592880815,35,middle
35632,32,0,0.9240115240232605,0.7818743366635237,35,middle
35633,33,0,0.4983019051474257,0.7665938041106392,35,middle
35634,34,0,0.5204410125314038,0.5739700312435261,35,middle
35635,35,0,0.4557087193787221,1.0459352122773031,35,middle
35636,36,0,0.4783061467772612,1.0227150660325575,35,middle
35637,37,0,0.4986236922497308,0.8208535734619662,35,middle
35638,38,0,0.9682090091320911,0.403389587858736,35,middle
35639,39,0,0.5014457037726455,0.7704779797229794,35,middle
35640,40,0,0.3007282986674017,0.5694734876713963,35,middle
35641,41,0,0.4572922027515722,0.8236873844515664,35,middle
35642,42,0,0.5177930023098131,0.8485486104256187,35,middle
35643,43,0,0.9902899919141505,0.7158585620519277,35,middle
35644,44,0,0.9695826505783955,0.6953589966057341,35,middle
35645,45,0,0.8638647004473716,0.5198465743750552,35,middle
35646,46,0,0.9715622486028044,0.6833081802548489,35,middle
35647,47,0,0.9996471580435415,0.40349243670898577,35,middle
35648,48,0,0.7720153996989567,0.7687627387345501,35,middle
35649,49,0,0.45072820571556027,0.683999540597186,35,middle
35650,50,0,0.5877772175546528,0.5838818520177823,35,middle
35651,51,0,0.508960402799668,0.7573285701953616,35,middle
35652,52,0,0.9955046917736097,0.45345648391918647,35,middle
35653,53,0,0.0006436539215561364,1.00145534725254,35,middle
35654,54,0,0.5036931212181605,0.7782170073003474,35,middle
35655,55,0,0.5034018690500535,0.9480343170592538,35,middle
35656,56,0,0.4997039264962336,1.1828485737432977,35,middle
35657,57,0,0.49320583884264574,1.2972488864711773,35,middle
35658,58,0,0.4991547123788411,0.9389361480947654,35,middle
35659,59,0,0.4072894690704179,0.8512472764235446,35,middle
35660,60,0,0.048311929287932195,0.6664400481714521,35,middle
35661,61,0,0.7456277453894187,0.861774164264094,35,middle
35662,62,0,0.011256786205790414,0.6115800875063845,35,middle
35663,63,0,0.5689951701441293,0.830440904965696,35,middle
35664,64,0,0.9903785324638175,0.9846547009159099,35,middle
35665,65,0,0.5017729844773384,1.0777588772444324,35,middle
35666,66,0,0.44164499954505515,0.6960905939145231,35,middle
35667,67,0,0.9895752675037459,0.5315369045303724,35,middle
35668,68,0,0.7178943078861616,0.6304159505690015,35,middle
35669,69,0,0.4481390469652899,0.848079381993014,35,middle
35670,70,0,0.9992071730154396,0.8457288377295508,35,middle
35671,71,0,0.9996135999822708,0.740651232110674,35,middle
35672,72,0,0.9659824106364031,0.6939380247457094,35,middle
35673,73,0,0.6167721742214247,0.6551418420857622,35,middle
35674,74,0,0.9976454378180308,0.588040543107317,35,middle
35675,75,0,0.5371100662538104,0.5075165538413758,35,middle
35676,76,0,0.4794670456353016,0.6544857341605634,35,middle
35677,77,0,0.5066565400133866,0.5815058924102241,35,middle
35678,78,0,0.6895643094173041,0.6468204540454161,35,middle
35679,79,0,0.9999966236067468,0.783755828835341,35,middle
35680,80,0,0.49965623780754953,0.8218878684196929,35,middle
35681,81,0,0.4754563473990369,0.8378375903935666,35,middle
35682,82,0,0.5789215174320327,0.563306616415381,35,middle
35683,83,0,0.4993853026363443,0.8904510528091181,35,middle
35684,84,0,0.4608749777648519,0.7135095561727696,35,middle
35685,85,0,0.9718380328459684,0.8277676204471629,35,middle
35686,86,0,0.4177518824985795,0.5082525205701344,35,middle
35687,87,0,0.8216344342304653,0.7175273947786789,35,middle
35688,88,0,0.8310510917058137,0.34612872762565505,35,middle
35689,89,0,0.11372993466726661,0.7395546028213345,35,middle
35690,90,0,0.49898674819052297,0.8143324483555123,35,middle
35691,91,0,0.4974990777397583,0.8259584950707511,35,middle
35692,92,0,0.9825446139672984,0.6201529315012739,35,middle
35693,93,0,0.38266043306120845,0.8403269140356919,35,middle
35694,94,0,0.011129495254083618,0.7086518818803336,35,middle
35695,95,0,0.32775167366872954,0.853155115269652,35,middle
35696,96,0,0.013434728173480973,0.911872768281035,35,middle
35697,97,0,0.6859939484661376,0.5555798847552029,35,middle
35698,98,0,0.9233387673852942,0.4955685124729008,35,middle
35699,99,0,0.4415319622615433,0.6335079226062201,35,middle
35700,100,0,0.5098049790953685,0.8401835139416263,35,middle
35701,101,0,0.6196832130189918,0.5961041616058517,35,middle
35702,102,0,0.9985388878538551,0.5434535113735561,35,middle
35703,103,0,0.9643321084040328,0.5984210765719121,35,middle
35704,104,0,0.5462757126614385,0.9922329207563938,35,middle
35705,105,0,0.9883189399304113,0.6401562192719746,35,middle
35706,106,0,0.9951326214002261,0.5421908001568714,35,middle
35707,107,0,0.5043405119633453,0.4251478263059633,35,middle
35708,108,0,0.4919287270773536,0.9737383649469615,35,middle
35709,109,0,0.49724036522431064,0.8634315465649034,35,middle
35710,110,0,0.31717506600508516,0.7680781276642931,35,middle
35711,111,0,0.9955374946339625,0.5656414061762489,35,middle
35712,112,0,0.4987075046662825,0.9567262568325016,35,middle
35713,113,0,0.9541249920135215,0.4240432335192746,35,middle
35714,114,0,0.9969214604210235,0.5610048483552134,35,middle
35715,115,0,0.9997953659761476,0.6326068541906484,35,middle
35716,116,0,0.4964553794743721,0.9394648167988728,35,middle
35717,117,0,0.5013054909088682,0.934927705161404,35,middle
35718,118,0,0.4963606046597686,0.5859029428898148,35,middle
35719,119,0,0.027766114696415992,0.6797726570164921,35,middle
35720,120,0,0.5528913087137879,0.4532563417464348,35,middle
35721,121,0,0.734341760548397,0.4966607309245553,35,middle
35722,122,0,0.958610517454701,0.45751373913522975,35,middle
35723,123,0,0.4992849814262189,1.3823664946253373,35,middle
35724,124,0,0.1745605974688824,1.1553491591942135,35,middle
35725,125,0,0.4914381413793784,0.6598452893835836,35,middle
35726,126,0,0.5000693962841734,1.0270310638795732,35,middle
35727,127,0,0.8873053024065742,1.0436283852716852,35,middle
35728,128,0,0.3495554982612871,0.9829934659048172,35,middle
35729,129,0,0.5474661182965236,0.5988263890569145,35,middle
35730,130,0,0.9902053560111981,0.8739237498974699,35,middle
35731,131,0,0.9805175557867605,0.759735695897434,35,middle
35732,132,0,0.7141866774300609,0.8276530495189173,35,middle
35733,133,0,0.8641025451928455,0.920436405622569,35,middle
35734,134,0,0.500591710305728,0.8575184574554935,35,middle
35735,135,0,0.9658155714509704,0.7377378660767777,35,middle
35736,136,0,0.4363495079667641,0.6425183218002108,35,middle
35737,137,0,0.38731630800157124,0.7396139093737072,35,middle
35738,138,0,0.48390114448479066,0.7648680474883581,35,middle
35739,139,0,0.17175787725616337,0.8288605513194642,35,middle
35740,140,0,0.5703006251869177,1.0145633937521241,35,middle
35741,141,0,0.738470014570898,0.5493125136946011,35,middle
35742,142,0,0.7322231879853477,0.5926650194191689,35,middle
35743,143,0,0.5271171749343695,0.7010907552863548,35,middle
35744,144,0,0.5925269548657965,0.6885587625827762,35,middle
35745,145,0,0.3687971591543582,0.9589657588615339,35,middle
35746,146,0,0.4505224664120865,1.2581355175354676,35,middle
35747,147,0,0.4943889992277308,0.8169676243141263,35,middle
35748,148,0,0.5724157756477162,0.5316350965908287,35,middle
35749,149,0,0.9514630292463746,0.5955988912419471,35,middle
35750,150,0,0.7812130823918177,0.6121105986094306,35,middle
35751,151,0,0.47914943123454823,0.8400382218374833,35,middle
35752,152,0,0.5000182048405851,0.8484179484656575,35,middle
35753,153,0,0.006231038445310089,0.7823931796432435,35,middle
35754,154,0,0.49003974406302564,0.7206504765591039,35,middle
35755,155,0,0.5213159086586747,0.48068632030382163,35,middle
35756,156,0,0.42481780354464843,0.4576406469495965,35,middle
35757,157,0,0.9738379981365743,0.6146535295500353,35,middle
35758,158,0,0.6655590376910928,0.71217949623917,35,middle
35759,159,0,0.8818134901093568,0.6266493389633379,35,middle
35760,160,0,0.7017761154976148,0.5766332349841925,35,middle
35761,161,0,0.4745165055863623,0.8288723797114375,35,middle
35762,162,0,0.6676540942109361,0.5256979592073432,35,middle
35763,163,0,0.559768291161469,0.6014991019104575,35,middle
35764,164,0,0.4985517169313035,0.8344522548926668,35,middle
35765,165,0,0.8855728924490793,0.710364414523482,35,middle
35766,166,0,0.06185780417533825,0.8766705160844861,35,middle
35767,167,0,0.5559817668915904,0.6989448598786162,35,middle
35768,168,0,0.3848750790576912,0.7754395718221576,35,middle
35769,169,0,0.8741581388649882,0.5224346019242642,35,middle
35770,170,0,0.41165683011928783,0.6232618967113414,35,middle
35771,171,0,0.9147443520858966,0.5541371643647672,35,middle
35772,172,0,0.9768940980907588,0.6639184498572674,35,middle
35773,173,0,0.21918483721153187,0.4705396070597305,35,middle
35774,174,0,0.9323752719846403,0.5232664063976364,35,middle
35775,175,0,0.5043487355742587,0.8022013838392059,35,middle
35776,176,0,0.6212975046152196,0.615210238554889,35,middle
35777,177,0,0.9690739531384407,0.6808781359559782,35,middle
35778,178,0,0.6227256494470421,0.6924478630524677,35,middle
35779,179,0,0.8391208542248904,0.5256989488822059,35,middle
35780,180,0,0.49831416628171193,0.6764700688452618,35,middle
35781,181,0,0.22704350517074556,0.6389003883955033,35,middle
35782,182,0,0.49671600409694544,0.6134127807529179,35,middle
35783,183,0,0.5600345020278608,0.36405489036929073,35,middle
35784,184,0,0.49765196649670485,0.4849565785005375,35,middle
35785,185,0,0.56677896916979,0.524878556572359,35,middle
35786,186,0,0.9950372555167891,0.7152457491582054,35,middle
35787,187,0,0.010034866518612906,1.0836933298349236,35,middle
35788,188,0,0.8812029188572995,0.70266808210489,35,middle
35789,189,0,0.580366133776478,0.699624557414495,35,middle
35790,190,0,0.8857580206911089,0.5884711108443261,35,middle
35791,191,0,0.33742466121487896,0.6160492213514552,35,middle
35792,192,0,0.5259085920098148,0.759950838158325,35,middle
35793,193,0,0.12330776785120792,1.000437993331039,35,middle
35794,194,0,0.5036673243410382,0.7692121760978847,35,middle
35795,195,0,0.4649907062305532,0.6920096834662998,35,middle
35796,196,0,0.5493842091160878,0.5568097428142397,35,middle
35797,197,0,0.04643700815784817,0.7683928362254941,35,middle
35798,198,0,0.7821528033946314,0.5011321347687654,35,middle
35799,199,0,0.5957195539969711,0.39081215041015205,35,middle
35800,0,0,0.002645934581645202,0.9321812494697395,35,late
35801,1,0,0.6896658901009812,0.41469007312102213,35,late
35802,2,0,0.48597288058862226,0.46591602796736054,35,late
35803,3,0,0.4885662210575125,0.44774452709696155,35,late
35804,4,0,0.9405687829999657,0.5703348057114267,35,late
35805,5,0,0.49710321388611584,0.4970065719526899,35,late
35806,6,0,0.5883539675210934,0.5174795953609627,35,late
35807,7,0,0.9541953335764624,0.5193882269414072,35,late
35808,8,0,0.5728716327054583,0.6337598502513533,35,late
35809,9,0,0.4784893369068626,0.8083874350590742,35,late
35810,10,0,0.9689206628874089,0.6564492707864109,35,late
35811,11,0,0.5073221788219611,0.8070028939079005,35,late
35812,12,0,0.12107589232104383,0.842050541737891,35,late
35813,13,0,0.013129827474482783,0.8357757792237239,35,late
35814,14,0,0.499297731632111,1.2640196814771805,35,late
35815,15,0,0.8436091983106642,0.687296347147218,35,late
35816,16,0,0.3061233852998816,0.5566383789976936,35,late
35817,17,0,0.4671522686472469,0.8131015450458572,35,late
35818,18,0,0.4997518036021045,0.7351495188995077,35,late
35819,19,0,0.1747267074113039,0.6790104916828592,35,late
35820,20,0,0.5005854036675691,0.8407828830246635,35,late
35821,21,0,0.4354276164102162,0.49812728762109504,35,late
35822,22,0,0.12127452570493386,0.8165053577396916,35,late
35823,23,0,0.5064147941517116,0.6517027427946591,35,late
35824,24,0,0.9895162490114044,0.8138090446066724,35,late
35825,25,0,0.49762656542387823,0.6779989402808163,35,late
35826,26,0,0.6273651165446927,0.4915626048648457,35,late
35827,27,0,0.012928070553854629,0.8057542183827903,35,late
35828,28,0,0.46683909689114744,0.9646001765536361,35,late
35829,29,0,0.00045857525100055304,0.9789554345720546,35,late
35830,30,0,0.5583205021020344,0.6728424161990006,35,late
35831,31,0,0.9635679299155279,0.7227859920344293,35,late
35832,32,0,0.3491481024839277,0.8157585413136601,35,late
35833,33,0,0.33700679849698584,0.8566930168131431,35,late
35834,34,0,0.46134741084882697,0.6636499251559163,35,late
35835,35,0,0.09314005138663028,0.6052428956783613,35,late
35836,36,0,0.9811547764943269,0.8637208775905514,35,late
35837,37,0,0.016949752918326805,0.7295060554032726,35,late
35838,38,0,0.458090265438472,0.7591380565174253,35,late
35839,39,0,0.8063104477563763,0.9394171070428277,35,late
35840,40,0,5.2138448945111794e-05,1.098519625517119,35,late
35841,41,0,0.6723980962215538,0.7901309121308079,35,late
35842,42,0,0.9216519370145289,0.6236929732532228,35,late
35843,43,0,0.049204953445630105,0.781351792590771,35,late
35844,44,0,0.9921665696124351,0.631733887886979,35,late
35845,45,0,0.6994286201242866,0.8247497449228773,35,late
35846,46,0,0.49628161563588097,1.0054794770068567,35,late
35847,47,0,0.6980658974970873,0.5187566422704981,35,late
35848,48,0,0.8586264357079447,0.6379605309617649,35,late
35849,49,0,0.35581281571660617,0.7461031919442465,35,late
35850,50,0,0.6177888812486474,0.64930480863125,35,late
35851,51,0,0.49867946101892924,0.7062829033022758,35,late
35852,52,0,0.9321997691746239,0.6508543672004907,35,late
35853,53,0,0.8556845641398532,0.5192466129425389,35,late
35854,54,0,0.4944772917428972,0.5916086660298061,35,late
35855,55,0,0.7325073263928406,0.7349243195163746,35,late
35856,56,0,0.08666496222794122,0.6695704375509868,35,late
35857,57,0,0.5711072030256219,0.7913666043772745,35,late
35858,58,0,0.9083948931820258,0.955727979516944,35,late
35859,59,0,0.9432547210473914,0.7281204808755434,35,late
35860,60,0,0.46285678452016726,0.5554318693968764,35,late
35861,61,0,0.25813592489840403,0.5797810899213702,35,late
35862,62,0,0.39988925814914217,0.6059961337515081,35,late
35863,63,0,0.79592141662603,0.5400460059849703,35,late
35864,64,0,0.8534528655005347,0.47612846554941474,35,late
35865,65,0,0.17243340928893022,0.5141959646769675,35,late
35866,66,0,0.4888900081234706,0.6147983595380531,35,late
35867,67,0,0.5862996782985594,0.5847717566633963,35,late
35868,68,0,0.9999737334315365,0.7049133171610618,35,late
35869,69,0,0.8111656353279888,0.5437500923515667,35,late
35870,70,0,0.01595005112751162,0.797792212683182,35,late
35871,71,0,0.9221101555078683,0.6898601118559493,35,late
35872,72,0,0.4650416362541323,0.3958993914936678,35,late
35873,73,0,0.3363403237629646,0.805650770881754,35,late
35874,74,0,0.2891278937383707,0.808606701924462,35,late
35875,75,0,0.4771699828685426,0.4957563138245768,35,late
35876,76,0,0.8638609477891926,0.3849478288433301,35,late
35877,77,0,0.5000396852401517,0.788823729241107,35,late
35878,78,0,0.999984960263321,0.7220793004935813,35,late
35879,79,0,0.6873838977853789,0.7374125445209152,35,late
35880,80,0,0.7100353713065413,1.1528453452938852,35,late
35881,81,0,0.00906372202428327,0.8325662141107162,35,late
35882,82,0,0.02184688747068836,0.7948571461225025,35,late
35883,83,0,0.9838740671665015,0.4836617758534294,35,late
35884,84,0,0.3412091457467007,0.6580278057489929,35,late
35885,85,0,0.9910137082943797,0.5467612328445683,35,late
35886,86,0,0.9989443242425844,0.45274123358613705,35,late
35887,87,0,0.9787115388951098,0.5478090733317746,35,late
35888,88,0,0.9063853564284494,0.6454967594162164,35,late
35889,89,0,0.0017274865185794202,0.8454201967517929,35,late
35890,90,0,0.763571504089849,0.34092207710964406,35,late
35891,91,0,0.48266564792203737,0.7621784767047335,35,late
35892,92,0,0.779482986400019,0.6614491272515224,35,late
35893,93,0,0.0006694161514933759,0.8445948366053346,35,late
35894,94,0,0.5030554026146531,0.48421563388292954,35,late
35895,95,0,0.0372758239260535,0.7757266604748565,35,late
35896,96,0,0.48139148107912516,0.8110607585455711,35,late
35897,97,0,0.6054934257747758,0.856428721809071,35,late
35898,98,0,0.0008776107761319146,0.9235939063326878,35,late
35899,99,0,0.03444072708933884,0.5823570695472453,35,late
35900,100,0,0.8889292073202695,0.497712577304395,35,late
35901,101,0,0.47639974419994247,0.6131778557083174,35,late
35902,102,0,0.9991679198810755,0.37102059473465976,35,late
35903,103,0,0.6472292801754674,0.6005681757607428,35,late
35904,104,0,0.9960165252516984,0.4799074665140597,35,late
35905,105,0,0.016207441462900755,0.8230210724064684,35,late
35906,106,0,0.998519279838231,0.6253435975570265,35,late
35907,107,0,0.629953373374832,0.42497660091929584,35,late
35908,108,0,0.48775158875922253,0.46108839991108974,35,late
35909,109,0,0.3589585538705985,0.7602075672514128,35,late
35910,110,0,0.4735970539468106,0.5332890246296376,35,late
35911,111,0,0.83908035113645,0.5422886648640923,35,late
35912,112,0,0.9999239000264168,0.47630251941599727,35,late
35913,113,0,0.8168228918460989,0.2293304498256788,35,late
35914,114,0,0.4585209384259698,0.5100915549396097,35,late
35915,115,0,0.9963198136978736,0.5013945477100298,35,late
35916,116,0,0.975313951548814,0.4430525445071962,35,late
35917,117,0,0.0027753073038562495,0.698367087051666,35,late
35918,118,0,0.007898967057800988,0.7156782349968105,35,late
35919,119,0,0.9771747260965551,0.4173454834442894,35,late
35920,120,0,0.48931177151272376,0.4438122537749776,35,late
35921,121,0,0.3590546324250945,0.37649107967377715,35,late
35922,122,0,0.4975427253889114,0.5220790034491414,35,late
35923,123,0,0.9876393992320074,0.6234862413028136,35,late
35924,124,0,0.4221537571080296,0.5864184144317766,35,late
35925,125,0,0.43447442429102845,0.4191502814897656,35,late
35926,126,0,0.38365427481068487,0.4523451423880548,35,late
35927,127,0,0.5948317936439209,0.5606532835511069,35,late
35928,128,0,0.5824113604972149,0.5843699206663336,35,late
35929,129,0,0.504865645399073,0.5650654306223325,35,late
35930,130,0,0.5205457872918838,0.5603827446903388,35,late
35931,131,0,0.5502072497475669,0.5779697088030138,35,late
35932,132,0,0.9172831742612062,0.43925287673090996,35,late
35933,133,0,0.9969580858091045,0.5983464724084221,35,late
35934,134,0,0.046255009223293356,0.575920083509426,35,late
35935,135,0,0.6022297516591223,0.616439823795714,35,late
35936,136,0,0.8530953547570563,0.4507616036915063,35,late
35937,137,0,0.290503719428929,0.7363256396343729,35,late
35938,138,0,0.5556456977339508,0.42119535295537536,35,late
35939,139,0,0.4713666061601343,0.5433901994453763,35,late
35940,140,0,0.5028579034261592,0.591373402810045,35,late
35941,141,0,0.9707992278924211,0.47757025116183344,35,late
35942,142,0,0.5465492226169039,0.6628789560258708,35,late
35943,143,0,0.8993357356669958,0.5821656565921748,35,late
35944,144,0,0.4891758508202648,0.5457979758297258,35,late
35945,145,0,0.8603148341168698,0.3780360878326753,35,late
35946,146,0,0.32772992421547104,0.4291635684944553,35,late
35947,147,0,0.9749119998094506,0.40886045912903857,35,late
35948,148,0,0.4375833423940819,0.4579225874358075,35,late
35949,149,0,0.6678691697248793,0.5690467471287093,35,late
35950,150,0,0.9848640554856563,0.3161086602766037,35,late
35951,151,0,0.5699884178834564,0.4322791714571923,35,late
35952,152,0,0.5510593843524333,0.431333474165179,35,late
35953,153,0,0.9797144730332282,0.4135101798159569,35,late
35954,154,0,0.3155553270793859,0.6827464701529316,35,late
35955,155,0,0.51162418430907,0.4077580363766967,35,late
35956,156,0,0.9961221115245806,0.3717930104926336,35,late
35957,157,0,0.5151893592692287,0.643429250743623,35,late
35958,158,0,0.5001345399095536,0.8679330909325209,35,late
35959,159,0,0.5050601520138635,0.5589834602949897,35,late
35960,160,0,0.4273586476716513,0.34759492822190974,35,late
35961,161,0,0.38447515311181646,0.6010431624110408,35,late
35962,162,0,0.00843602159556219,0.5601429814066945,35,late
35963,163,0,0.9867717855290917,0.6222346552692144,35,late
35964,164,0,0.3708334961620757,0.7545461385463251,35,late
35965,165,0,0.6275512207734839,0.4584445522522411,35,late
35966,166,0,0.5207165985902478,0.6608730411087718,35,late
35967,167,0,0.4703765355223578,0.9624215015107261,35,late
35968,168,0,0.15409044933865682,0.6724805844239083,35,late
35969,169,0,0.2568830499189205,0.7855407567186671,35,late
35970,170,0,0.5078596425305248,0.4377051186564372,35,late
35971,171,0,0.5089738633359259,0.7119071753081508,35,late
35972,172,0,0.5597163939205518,0.6429795154105853,35,late
35973,173,0,0.4995265311878528,0.4211293608843117,35,late
35974,174,0,0.5740527089058385,0.4269298144603447,35,late
35975,175,0,0.5019958438432428,0.37283297938745086,35,late
35976,176,0,0.9587534237531041,0.5215812527603443,35,late
35977,177,0,0.2936035123342348,0.4828260114915064,35,late
35978,178,0,0.6069698684862253,0.41779645210924155,35,late
35979,179,0,0.9559969991818664,0.6734700914085319,35,late
35980,180,0,0.6161680632903783,0.3456097437865733,35,late
35981,181,0,0.5030001971321121,0.44500304816103065,35,late
35982,182,0,0.4711914837098129,0.5947227865837648,35,late
35983,183,0,0.6438871199855496,0.5079775172774611,35,late
35984,184,0,0.9574105562826204,0.5077842915090367,35,late
35985,185,0,0.9096855491013355,0.4391517807081533,35,late
35986,186,0,0.6615590536873653,0.5487227746241201,35,late
35987,187,0,0.07699449639692024,0.47012507123907593,35,late
35988,188,0,0.8204251194866754,0.9206083841760557,35,late
35989,189,0,0.5000206857148788,0.7079682930440512,35,late
35990,190,0,0.9968062477019273,0.6951676893964218,35,late
35991,191,0,0.7424981025872538,0.3475942295676112,35,late
35992,192,0,0.5008067095828881,0.5974015243610691,35,late
35993,193,0,0.5278322415598005,0.3046702499797061,35,late
35994,194,0,0.8391731052555211,0.5185010133881718,35,late
35995,195,0,0.956220351052943,0.2922428433327773,35,late
35996,196,0,0.5007917219824949,0.7243013629222943,35,late
35997,197,0,0.011568697017041567,0.553458623072871,35,late
35998,198,0,0.02322770462463128,0.8132447278425248,35,late
35999,199,0,0.5927214816514803,0.6082003302377024,35,late
36000,0,0,0.9200458501941309,0.8487306216759036,36,interleaved
36001,1,0,0.40423572369779337,0.6671259637419491,36,interleaved
36002,2,0,0.49528244047234854,0.5953901829369412,36,interleaved
36003,3,0,0.2884642374254541,0.6638905019624219,36,interleaved
36004,4,0,0.491574525334296,0.5884112797540306,36,interleaved
36005,5,0,0.33569422780396585,0.7240252323585393,36,interleaved
36006,6,0,0.01810093138547623,0.7146984553731797,36,interleaved
36007,7,0,0.5867617375377707,0.6172191896891972,36,interleaved
36008,8,0,0.8015651669554613,0.5122598173110575,36,interleaved
36009,9,0,0.8094269641175524,0.7273216468144299,36,interleaved
36010,10,0,0.251321820314388,0.7959737083207044,36,interleaved
36011,11,0,0.3603663301699514,0.8221320599383022,36,interleaved
36012,12,0,0.4954094807049297,0.674112774743507,36,interleaved
36013,13,0,0.5088654160981644,0.750168592973747,36,interleaved
36014,14,0,0.5139376249364002,1.0553342448210445,36,interleaved
36015,15,0,0.9819935535985764,0.5905654368555637,36,interleaved
36016,16,0,0.9005660064114702,0.9587941555910168,36,interleaved
36017,17,0,0.5212733480745619,0.7032338092122454,36,interleaved
36018,18,0,0.8181655614538594,0.498669348709191,36,interleaved
36019,19,0,0.1378410182226221,0.6935635416810602,36,interleaved
36020,20,0,0.8588384578958334,0.5441060273786482,36,interleaved
36021,21,0,0.9935944933079177,0.6650057226487626,36,interleaved
36022,22,0,0.9998659505649081,0.9928093896082464,36,interleaved
36023,23,0,0.01624574086304617,0.953353578284718,36,interleaved
36024,24,0,0.49943347397727866,0.9073465676383718,36,interleaved
36025,25,0,0.9851266373199041,0.7356794979842489,36,interleaved
36026,26,0,0.9145124123921315,0.6237018958135393,36,interleaved
36027,27,0,0.9998650447203796,0.7609257680781218,36,interleaved
36028,28,0,0.7698484533649541,0.5173111175121976,36,interleaved
36029,29,0,0.9001494579885041,0.7375944907763151,36,interleaved
36030,30,0,0.011441749551033602,0.926279565902956,36,interleaved
36031,31,0,0.4945781331595705,0.5822227892654575,36,interleaved
36032,32,0,0.48624654868404527,0.4836816153979533,36,interleaved
36033,33,0,0.04323280382349413,0.783418470481988,36,interleaved
36034,34,0,0.4344809640530334,0.8634936727283888,36,interleaved
36035,35,0,0.43301992877724466,1.2130024439681235,36,interleaved
36036,36,0,0.5003835075029432,0.8419179223981101,36,interleaved
36037,37,0,0.9354485623361184,0.6435884726191056,36,interleaved
36038,38,0,0.49514403846631355,0.7703277336314638,36,interleaved
36039,39,0,0.028474490861627278,0.7175561324440669,36,interleaved
36040,40,0,0.5588737421859697,0.860935976633785,36,interleaved
36041,41,0,0.9819361556304209,0.4285021236542851,36,interleaved
36042,42,0,0.5625409995976867,0.7236269648862694,36,interleaved
36043,43,0,0.6801808429554022,0.6118653587848615,36,interleaved
36044,44,0,0.500531677009634,0.5904793035259097,36,interleaved
36045,45,0,0.9998163228676329,0.5569165051578442,36,interleaved
36046,46,0,0.8653658187428337,0.6875751823150178,36,interleaved
36047,47,0,0.02429184817562422,0.7652319057457659,36,interleaved
36048,48,0,0.34373605986271616,0.5804416713118514,36,interleaved
36049,49,0,0.11465988620401428,0.6900036590039242,36,interleaved
36050,50,0,0.20973936171828342,0.8262934016359853,36,interleaved
36051,51,0,0.9847282305896625,0.8727259898300488,36,interleaved
36052,52,0,0.3140281766971254,1.2032116615205304,36,interleaved
36053,53,0,0.9914987547924469,0.9450296753463441,36,interleaved
36054,54,0,0.3045811520842869,0.6974964478701394,36,interleaved
36055,55,0,0.9339694065927877,0.6287878475028017,36,interleaved
36056,56,0,0.8924560861274442,0.9784951786057554,36,interleaved
36057,57,0,0.33474222049190905,0.8372872263195228,36,interleaved
36058,58,0,0.49512878974396224,0.7059565697249028,36,interleaved
36059,59,0,0.21036237399350505,0.8183506486077449,36,interleaved
36060,60,0,0.4936587738855195,1.1985971940793152,36,interleaved
36061,61,0,0.9996912587533804,0.7522179855842075,36,interleaved
36062,62,0,0.067462722079192,0.9147050370083191,36,interleaved
36063,63,0,0.9827594383148371,0.9168684358346518,36,interleaved
36064,64,0,0.8284139001831696,0.7190753398154025,36,interleaved
36065,65,0,0.9960346648134553,0.5515938137915984,36,interleaved
36066,66,0,0.19278511962832337,0.6711589840445004,36,interleaved
36067,67,0,0.9999461005487061,0.600330620787862,36,interleaved
36068,68,0,0.6241632230520651,0.6170578761673763,36,interleaved
36069,69,0,0.9736742922173836,0.4163949791254846,36,interleaved
36070,70,0,0.1551146408280588,0.8067034895759568,36,interleaved
36071,71,0,0.9998496266000584,0.907286397529522,36,interleaved
36072,72,0,0.49422041173285414,0.7651048954903014,36,interleaved
36073,73,0,0.5259407375683472,1.0017025547670177,36,interleaved
36074,74,0,0.5028751204086099,0.7461375618248369,36,interleaved
36075,75,0,0.004136064152619388,0.9463784772858641,36,interleaved
36076,76,0,0.5000002012006352,0.9479860078455952,36,interleaved
36077,77,0,0.5467755936553008,0.8020740854688937,36,interleaved
36078,78,0,0.393086766128474,0.6656254355504945,36,interleaved
36079,79,0,0.5503854789530233,0.45726162353607447,36,interleaved
36080,80,0,0.9817008669393451,0.5522127570091298,36,interleaved
36081,81,0,0.9959079066178906,0.8225557763900971,36,interleaved
36082,82,0,0.4999596302795636,1.1311730016222374,36,interleaved
36083,83,0,0.9849835104662013,0.494211725091089,36,interleaved
36084,84,0,0.500001154121763,0.9078103987733066,36,interleaved
36085,85,0,0.16588381836680924,0.9317066793907818,36,interleaved
36086,86,0,0.4914649543611825,0.8752419331789099,36,interleaved
36087,87,0,0.943449200307653,0.821433182522479,36,interleaved
36088,88,0,0.5167893288124603,0.4616619622813324,36,interleaved
36089,89,0,0.463785867191559,0.8642357202640012,36,interleaved
36090,90,0,0.510684645600716,0.9214307417023173,36,interleaved
36091,91,0,0.9569705921016591,1.0724549045719776,36,interleaved
36092,92,0,0.5502464272847346,0.7285209732062401,36,interleaved
36093,93,0,0.03170716506220228,0.7056556419811317,36,interleaved
36094,94,0,0.5652635928466246,0.4702228073441016,36,interleaved
36095,95,0,0.5921223516060807,0.7643233660518436,36,interleaved
36096,96,0,0.6674020847409303,0.5242913685395791,36,interleaved
36097,97,0,0.9811841835192054,0.5241231681911784,36,interleaved
36098,98,0,0.5790552696820612,0.8239336046324824,36,interleaved
36099,99,0,0.9958148458109477,0.8936641602789345,36,interleaved
36100,100,0,0.4999328308487748,0.8631710244386228,36,interleaved
36101,101,0,0.9629061679381898,0.7966835959236689,36,interleaved
36102,102,0,0.10934602025805622,1.1214541810133445,36,interleaved
36103,103,0,0.5040820796812933,0.798969169756437,36,interleaved
36104,104,0,0.11390477014136999,0.7993677593889137,36,interleaved
36105,105,0,0.9946151011673273,0.5333266306710647,36,interleaved
36106,106,0,0.5627624202417538,0.5323413280750837,36,interleaved
36107,107,0,0.4353849746293506,0.35073216459451795,36,interleaved
36108,108,0,0.4355750747529368,0.5740965284031665,36,interleaved
36109,109,0,0.5480625030020816,0.8914719636580618,36,interleaved
36110,110,0,0.09050430822200273,0.7653472704340806,36,interleaved
36111,111,0,0.7395576523496663,0.9078725453367084,36,interleaved
36112,112,0,0.8824977252035064,0.43040509075364675,36,interleaved
36113,113,0,0.00017526546810390164,1.075742544375684,36,interleaved
36114,114,0,0.06857094551891242,0.5517905157067586,36,interleaved
36115,115,0,0.9897011549129474,0.792102842579038,36,interleaved
36116,116,0,0.5098474240955041,0.7759409532782353,36,interleaved
36117,117,0,0.9329769252306361,0.6759061347968436,36,interleaved
36118,118,0,0.5312638626985686,0.5846100463771081,36,interleaved
36119,119,0,0.9105621796754726,0.4046509341663633,36,interleaved
36120,120,0,0.22975210811823615,1.106666712668753,36,interleaved
36121,121,0,0.5155955627175696,0.8720645434414318,36,interleaved
36122,122,0,0.5000007214908498,0.9330180783942297,36,interleaved
36123,123,0,0.9996864078969192,0.7628236412341403,36,interleaved
36124,124,0,0.5202560672459733,1.0808115443349235,36,interleaved
36125,125,0,0.0033568265205807172,1.2591368379220855,36,interleaved
36126,126,0,0.49958680818888695,0.9368371588798916,36,interleaved
36127,127,0,0.9944896552552092,1.0145784974332965,36,interleaved
36128,128,0,0.45713636766625054,1.120940816307884,36,interleaved
36129,129,0,0.9923041978185265,0.6678134256656837,36,interleaved
36130,130,0,0.14503564246895834,1.0884383626214276,36,interleaved
36131,131,0,0.7194096854311369,1.1438173994552798,36,interleaved
36132,132,0,0.5000629701746451,0.8315579224310714,36,interleaved
36133,133,0,0.9702955754306091,0.5554396304311683,36,interleaved
36134,134,0,0.5059732624590706,0.39119715367646335,36,interleaved
36135,135,0,0.704183241240542,0.5332667491262748,36,interleaved
36136,136,0,0.5729516330448701,0.7603857502096485,36,interleaved
36137,137,0,0.5944437287153281,0.7461024225251351,36,interleaved
36138,138,0,0.49701329535820415,0.8383344265659227,36,interleaved
36139,139,0,0.2194344193943716,0.7569300848468816,36,interleaved
36140,140,0,0.4572881599800128,0.6654347742118889,36,interleaved
36141,141,0,0.9225800605912295,0.6927582039896163,36,interleaved
36142,142,0,0.5688744457406595,0.9226521263011049,36,interleaved
36143,143,0,0.9999938980487446,1.1665167140194144,36,interleaved
36144,144,0,0.4995735691697392,1.2004112369989737,36,interleaved
36145,145,0,0.9995588254873211,0.9049123080036856,36,interleaved
36146,146,0,0.11323815486575337,0.9690329424644963,36,interleaved
36147,147,0,0.17469005378366417,1.2277152428569773,36,interleaved
36148,148,0,0.5058604594109063,0.7630977872666069,36,interleaved
36149,149,0,0.5300949254136211,1.0812201755883777,36,interleaved
36150,150,0,0.6259007932724618,0.6418401694576077,36,interleaved
36151,151,0,0.6615964958677493,1.0356475923641781,36,interleaved
36152,152,0,0.021271848875478186,0.7769003771071159,36,interleaved
36153,153,0,0.981031400979278,0.7581511136571997,36,interleaved
36154,154,0,0.5159739759113007,0.6549399926592423,36,interleaved
36155,155,0,0.9725301205275307,0.5980776561641368,36,interleaved
36156,156,0,0.5168516064939187,0.5903522368651609,36,interleaved
36157,157,0,0.466256518097862,0.7275313548472138,36,interleaved
36158,158,0,0.7678303726551376,0.8196498299229372,36,interleaved
36159,159,0,0.9986803865326591,0.8098289227908126,36,interleaved
36160,160,0,0.4996206522750605,1.1177564919689509,36,interleaved
36161,161,0,0.08008728522617917,1.2456644312806355,36,interleaved
36162,162,0,0.7693971374614428,0.9363748443959362,36,interleaved
36163,163,0,0.7207766129684616,0.7227566750797114,36,interleaved
36164,164,0,0.35835912789768953,0.9514464047266888,36,interleaved
36165,165,0,0.5070404076972047,1.1947945231111405,36,interleaved
36166,166,0,0.48489861725200534,0.6737236059978395,36,interleaved
36167,167,0,0.24512777624161286,1.0377864044701113,36,interleaved
36168,168,0,0.03001465923817131,1.2480798765145524,36,interleaved
36169,169,0,0.5015876089880584,0.5609338625621632,36,interleaved
36170,170,0,0.5896649649602335,0.6009439957329887,36,interleaved
36171,171,0,0.9989281540254763,0.44274813554066433,36,interleaved
36172,172,0,0.47397728061669164,1.2426503256337282,36,interleaved
36173,173,0,0.4889603261552302,0.9854702585184274,36,interleaved
36174,174,0,0.9016343983467299,0.7100293079599374,36,interleaved
36175,175,0,0.4336387115735568,0.5062045957581303,36,interleaved
36176,176,0,0.5348283510998134,0.7649420049482791,36,interleaved
36177,177,0,0.7717401032391713,0.7540875038491124,36,interleaved
36178,178,0,0.5292771510535093,0.725792051956641,36,interleaved
36179,179,0,0.49863304047332313,1.1229536038990475,36,interleaved
36180,180,0,0.656094724060172,0.7766744003254741,36,interleaved
36181,181,0,0.9999944994494243,0.8913077142940586,36,interleaved
36182,182,0,0.9123022407089187,0.6314471436289555,36,interleaved
36183,183,0,0.49954351899177246,0.6626274444698583,36,interleaved
36184,184,0,0.03834841426084862,0.790783628352766,36,interleaved
36185,185,0,0.986669867228042,0.7564893910393891,36,interleaved
36186,186,0,0.8075096759322216,0.6924648762340881,36,interleaved
36187,187,0,0.9790398299490993,0.7103223018094249,36,interleaved
36188,188,0,0.9633923974613345,0.6970568976347673,36,interleaved
36189,189,0,0.8963339114446713,0.8429944508924165,36,interleaved
36190,190,0,0.5213878612769188,0.662175867678368,36,interleaved
36191,191,0,0.5190327360799298,0.4648029693427134,36,interleaved
36192,192,0,0.5761616286403306,0.6511789978101004,36,interleaved
36193,193,0,0.5002467526487824,0.7084164839154943,36,interleaved
36194,194,0,0.6042483252623241,0.6274019123733382,36,interleaved
36195,195,0,0.3728906482518882,0.8572346043355774,36,interleaved
36196,196,0,0.500472558249961,0.8170918896339499,36,interleaved
36197,197,0,0.5191273884294828,0.5492961840236321,36,interleaved
36198,198,0,0.7143314176559366,0.6220393411855671,36,interleaved
36199,199,0,0.9948058117632137,0.7077275408983053,36,interleaved
36200,0,0,0.31921590292722246,0.6542991213223557,36,blocked
36201,1,0,0.9742963294389675,0.6907941796667545,36,blocked
36202,2,0,0.07226211545588748,0.9174439143436761,36,blocked
36203,3,0,0.781848444445784,0.4671904368245864,36,blocked
36204,4,0,0.15640834211498764,0.6237088453195819,36,blocked
36205,5,0,0.7056255964390235,0.5637531777379867,36,blocked
36206,6,0,0.42466922907716864,0.8673005314715367,36,blocked
36207,7,0,0.007631588489200969,0.847631066651708,36,blocked
36208,8,0,0.6128184698573511,0.6936211871933247,36,blocked
36209,9,0,0.9893479529603048,0.6056592027759242,36,blocked
36210,10,0,0.9669327499999534,0.45164585629920784,36,blocked
36211,11,0,0.9920114180744899,0.5726116432689204,36,blocked
36212,12,0,0.007045365446291012,1.2067392348962098,36,blocked
36213,13,0,0.17661452933584126,0.6386017244143233,36,blocked
36214,14,0,0.6726212219699136,0.7520444724870031,36,blocked
36215,15,0,0.05090405569427126,0.8235972327710441,36,blocked
36216,16,0,0.4589405803128451,0.725305251866142,36,blocked
36217,17,0,0.013706545354213086,1.0631773083049019,36,blocked
36218,18,0,0.8830163835423348,0.4817949010467011,36,blocked
36219,19,0,0.07517607733044936,0.8112090580027338,36,blocked
36220,20,0,0.9234283866555832,0.5655580453967546,36,blocked
36221,21,0,0.8972803181190183,0.46435227194889717,36,blocked
36222,22,0,0.04867015499789346,0.8786514445804754,36,blocked
36223,23,0,0.2792573380955411,0.6709603015828277,36,blocked
36224,24,0,0.9414054497327955,0.506969075225097,36,blocked
36225,25,0,0.4375441090706113,0.5052028744692206,36,blocked
36226,26,0,0.25292290825115615,0.7488259305036129,36,blocked
36227,27,0,0.9811365265572505,0.7541995848779377,36,blocked
36228,28,0,0.09968594299737847,0.9188236437422851,36,blocked
36229,29,0,0.9930421447749791,0.5917944096838534,36,blocked
36230,30,0,0.508794046300159,0.6169831976326483,36,blocked
36231,31,0,0.9630260698870386,0.44073559745944557,36,blocked
36232,32,0,0.9954148956241554,0.6401435770628765,36,blocked
36233,33,0,0.3566402276198803,0.7656990331304072,36,blocked
36234,34,0,0.9876072826517617,0.5092170671734092,36,blocked
36235,35,0,0.9955988054071008,0.6315783440851843,36,blocked
36236,36,0,0.9919159227591631,0.48751722451515495,36,blocked
36237,37,0,0.49389467771750756,0.8939668779643977,36,blocked
36238,38,0,0.9530451235076517,0.5551023444901034,36,blocked
36239,39,0,0.9817172615535164,0.6070533168077308,36,blocked
36240,40,0,0.45769353081347763,0.6983405376104177,36,blocked
36241,41,0,0.5365686049995165,0.6719366708602077,36,blocked
36242,42,0,0.26992976582607536,0.9208170612469617,36,blocked
36243,43,0,0.07775554555690589,0.9277226919998394,36,blocked
36244,44,0,0.998814353169079,0.8182952925941818,36,blocked
36245,45,0,0.6791936005222001,0.6195946522663232,36,blocked
36246,46,0,0.1665842436470882,0.7929206049920504,36,blocked
36247,47,0,0.06753603203284783,0.7080239903369547,36,blocked
36248,48,0,0.6641144349179184,0.7119818199687193,36,blocked
36249,49,0,0.9458228178853152,0.5181339797220955,36,blocked
36250,50,0,0.554016145016109,0.718575058222946,36,blocked
36251,51,0,0.013959872793595582,0.9104857956293648,36,blocked
36252,52,0,0.4691000252481238,0.6564042314830812,36,blocked
36253,53,0,0.9891384276656863,0.7823542736343356,36,blocked
36254,54,0,0.6952699314567654,0.542148863947734,36,blocked
36255,55,0,0.720870268811478,0.7304662515145466,36,blocked
36256,56,0,0.9860491525000059,0.6745955542029081,36,blocked
36257,57,0,0.5685565091593219,0.7026336309476338,36,blocked
36258,58,0,0.6782536691863988,0.703060745713826,36,blocked
36259,59,0,0.9385682835580015,0.5042604481011309,36,blocked
36260,60,0,0.25340622093860954,1.0413020433942588,36,blocked
36261,61,0,0.9805066453765894,0.5952762471743258,36,blocked
36262,62,0,0.9956349610325577,0.408310678826428,36,blocked
36263,63,0,0.766594353627326,0.9094469709792445,36,blocked
36264,64,0,0.9997536031479188,0.881524856536303,36,blocked
36265,65,0,0.49450722971324634,0.743067079318547,36,blocked
36266,66,0,0.005656099383848517,1.2324882033146085,36,blocked
36267,67,0,0.47930995067752413,0.8481496773469762,36,blocked
36268,68,0,0.35036091798710256,0.732440172431873,36,blocked
36269,69,0,0.07795505840425115,0.930311557270585,36,blocked
36270,70,0,0.9993717154684689,0.3521370315046477,36,blocked
36271,71,0,0.6553292442330414,0.6136529164457543,36,blocked
36272,72,0,0.6488849626543558,0.439942108641698,36,blocked
36273,73,0,0.9151492549313095,0.6943628977945098,36,blocked
36274,74,0,0.8056758648895761,0.8192100496652932,36,blocked
36275,75,0,0.9999917337204565,0.8070288479602414,36,blocked
36276,76,0,0.999057714033482,0.44075125606067833,36,blocked
36277,77,0,0.5414565158698738,0.7550024271066422,36,blocked
36278,78,0,0.7694739529863273,0.89802712488352,36,blocked
36279,79,0,0.9059934377816808,0.9072921305019909,36,blocked
36280,80,0,0.1930906788188041,0.904417387525453,36,blocked
36281,81,0,0.6455867396451183,0.5636353447621171,36,blocked
36282,82,0,0.4993033165890079,0.7286175818282135,36,blocked
36283,83,0,0.6526257708949452,0.520757392971182,36,blocked
36284,84,0,0.490441543531459,0.6139220850648317,36,blocked
36285,85,0,0.9536863445985941,0.8069108299623498,36,blocked
36286,86,0,0.4866220307805228,0.8804049504506006,36,blocked
36287,87,0,0.24794165789616174,0.9110695848804433,36,blocked
36288,88,0,0.9909861948528442,0.729640292370166,36,blocked
36289,89,0,0.9873572205082534,0.5440456176252144,36,blocked
36290,90,0,0.012112709012180351,1.0174241556777073,36,blocked
36291,91,0,0.034645870805007306,0.8856700661419002,36,blocked
36292,92,0,0.5079583872274036,0.5831352058856896,36,blocked
36293,93,0,0.9948399883412493,0.6590146282777263,36,blocked
36294,94,0,0.35551572830881073,0.5969046539877192,36,blocked
36295,95,0,0.512923967651136,0.39086122490576547,36,blocked
36296,96,0,0.7059500487021664,0.7863537515519363,36,blocked
36297,97,0,0.36037753467901024,0.8067542145455604,36,blocked
36298,98,0,0.24220095628268798,0.7751828171456029,36,blocked
36299,99,0,0.9998400542034914,0.5773769302004842,36,blocked
36300,100,0,0.8703965514539453,0.6777743666301295,36,blocked
36301,101,0,0.9008952481138399,0.6133415969578233,36,blocked
36302,102,0,0.21981563613679078,0.9968542621913163,36,blocked
36303,103,0,0.05508840982213303,0.9110075335708818,36,blocked
36304,104,0,0.9824210337388841,0.8657215821019493,36,blocked
36305,105,0,0.9844249166496521,0.7461660030460717,36,blocked
36306,106,0,0.5063784677641185,0.7629100207281023,36,blocked
36307,107,0,0.999641681801827,0.5873043975210139,36,blocked
36308,108,0,0.9237953843422811,0.5411719626142157,36,blocked
36309,109,0,0.9527130306534565,0.7982089343078589,36,blocked
36310,110,0,0.5586716993232274,0.8868877492365617,36,blocked
36311,111,0,0.9943445412581503,0.5288619002790333,36,blocked
36312,112,0,0.9099068517558349,0.650773531908996,36,blocked
36313,113,0,0.5621852221597101,0.8539276775664246,36,blocked
36314,114,0,0.8500129507154627,0.8069812682929143,36,blocked
36315,115,0,0.9812751026842549,0.5371277643312303,36,blocked
36316,116,0,0.4482081570356629,1.0747024759254509,36,blocked
36317,117,0,0.9345671004605087,0.5149352901389403,36,blocked
36318,118,0,0.9980799315469011,0.8702837122696706,36,blocked
36319,119,0,0.9930425481779797,0.49542073065249015,36,blocked
36320,120,0,0.49813715437582884,0.7338165518296367,36,blocked
36321,121,0,0.5906137152339171,0.5690093001948587,36,blocked
36322,122,0,0.46734098821022446,0.9667337323532401,36,blocked
36323,123,0,0.5186081934916207,0.8652744485684857,36,blocked
36324,124,0,0.9833393236413637,0.43851737370218635,36,blocked
36325,125,0,0.08250962831442384,0.8146350901996136,36,blocked
36326,126,0,0.8859990829694769,0.6297276729545483,36,blocked
36327,127,0,0.5229450136492653,0.6846093086868745,36,blocked
36328,128,0,0.9965316772173933,0.39254348766271285,36,blocked
36329,129,0,0.00815780966623192,1.1049540408467329,36,blocked
36330,130,0,0.5578214072783614,0.9188541861571144,36,blocked
36331,131,0,0.9511139110880801,0.7033745467885026,36,blocked
36332,132,0,0.7068137804593319,0.824499850591797,36,blocked
36333,133,0,0.975533803340566,0.4557346891185625,36,blocked
36334,134,0,0.21208224743325743,1.0065496364907718,36,blocked
36335,135,0,0.2620333059948214,0.8462604657822217,36,blocked
36336,136,0,0.4815929989560006,0.665071065793479,36,blocked
36337,137,0,0.9999045712637888,0.7245420234014022,36,blocked
36338,138,0,0.9679887798280902,0.6853804960018575,36,blocked
36339,139,0,0.8550217745686558,1.1313643829871771,36,blocked
36340,140,0,0.869536407345839,0.7502009950659025,36,blocked
36341,141,0,0.9223942559576958,0.4805312543821425,36,blocked
36342,142,0,0.728238044095353,0.9391960215490482,36,blocked
36343,143,0,0.9844087844139968,0.8282080679346953,36,blocked
36344,144,0,0.6785369297572008,0.6270549112573924,36,blocked
36345,145,0,0.15966392167548865,0.6050199293111582,36,blocked
36346,146,0,0.9993920390008451,0.5711213622991689,36,blocked
36347,147,0,0.9064535873248065,0.7468831587391063,36,blocked
36348,148,0,0.7626148357418446,0.6291875235180402,36,blocked
36349,149,0,0.9623555811670607,0.6800456859881476,36,blocked
36350,150,0,0.9853442682923544,0.4319349910531264,36,blocked
36351,151,0,0.9993268825133306,0.5065056332105897,36,blocked
36352,152,0,0.2262830519761289,0.8809051864096775,36,blocked
36353,153,0,0.997564956697621,0.6930180374984699,36,blocked
36354,154,0,0.9990033380916352,0.6187671622434747,36,blocked
36355,155,0,0.9628179894617406,0.593309993850295,36,blocked
36356,156,0,0.9790751852809927,0.6914187899490227,36,blocked
36357,157,0,0.9885623187248407,0.6784437818444456,36,blocked
36358,158,0,0.8321227377170872,0.6516391395671728,36,blocked
36359,159,0,0.5751217643989486,0.9143887003521677,36,blocked
36360,160,0,0.9305766567950973,0.5324335159079363,36,blocked
36361,161,0,0.3613403650482834,0.7748579940184888,36,blocked
36362,162,0,0.02872250946611197,0.9429655293044055,36,blocked
36363,163,0,0.9944704441941383,0.7959472130280795,36,blocked
36364,164,0,0.45268256019891456,0.6327244607352893,36,blocked
36365,165,0,0.5031437321306335,0.6332397735156272,36,blocked
36366,166,0,0.1151361684895281,0.7003888106100555,36,blocked
36367,167,0,0.46427115955457154,0.6376284725708707,36,blocked
36368,168,0,0.7782820676512752,0.6189288771541623,36,blocked
36369,169,0,0.5314032824662289,0.7415641364775747,36,blocked
36370,170,0,0.18888160662953365,0.9130918173670761,36,blocked
36371,171,0,0.04567774797506065,0.8679065199260086,36,blocked
36372,172,0,0.3890201821924295,0.8311342106739557,36,blocked
36373,173,0,0.9989391012123444,0.6280467050435008,36,blocked
36374,174,0,0.909107725287711,0.6596160441256341,36,blocked
36375,175,0,0.5017675940948702,0.6790627131919406,36,blocked
36376,176,0,0.3832383435239542,0.9079691277784457,36,blocked
36377,177,0,0.9286559480609466,0.5338569421859236,36,blocked
36378,178,0,0.9946927762067137,0.7680566254539549,36,blocked
36379,179,0,0.8559208934577014,0.326627144267728,36,blocked
36380,180,0,0.8836208942541102,0.8502596064687822,36,blocked
36381,181,0,0.8305127271491133,0.6385091979744095,36,blocked
36382,182,0,0.5203903668593741,0.6159809163512449,36,blocked
36383,183,0,0.9956957208305774,0.6864823075296729,36,blocked
36384,184,0,0.9491661589627765,0.8581169104934369,36,blocked
36385,185,0,0.2729130386333837,0.6557524544821073,36,blocked
36386,186,0,0.9230210528569669,0.5992687604742015,36,blocked
36387,187,0,0.28988864701983513,0.7769906537809687,36,blocked
36388,188,0,0.500286145075907,0.8800091006197355,36,blocked
36389,189,0,0.910848535252061,0.2648915295155577,36,blocked
36390,190,0,0.5815572902613952,0.8222984985499924,36,blocked
36391,191,0,0.9960852018210813,0.698759977946098,36,blocked
36392,192,0,0.31533564979928985,0.6977637483285077,36,blocked
36393,193,0,0.9999435372588485,0.6440517193301183,36,blocked
36394,194,0,0.7915326948939381,0.4498107378497148,36,blocked
36395,195,0,0.9593438793390973,0.509763627536747,36,blocked
36396,196,0,0.9997268923395578,0.660110534907886,36,blocked
36397,197,0,0.7426700956284844,0.7108430848208753,36,blocked
36398,198,0,0.5058070130827927,0.5941706540404752,36,blocked
36399,199,0,0.6634547124886898,0.48023662454161287,36,blocked
36400,0,0,0.9102843353158291,0.6127562215212413,36,early
36401,1,0,0.9959745710791132,0.6186416738436076,36,early
36402,2,0,0.08325505459615837,0.7212697680279423,36,early
36403,3,0,0.0010041581072649812,0.7653065000399171,36,early
36404,4,0,0.5094202905750495,0.5999766956457182,36,early
36405,5,0,0.24237845807791397,0.5972670820305952,36,early
36406,6,0,0.9239931692611698,0.43501890644933383,36,early
36407,7,0,0.5784490305847853,0.7986156279991892,36,early
36408,8,0,0.34670464752155294,0.7859734816442654,36,early
36409,9,0,0.782142153128444,1.065305906484848,36,early
36410,10,0,0.528341329147883,0.792582142046792,36,early
36411,11,0,0.7135766521982945,0.5587177739942933,36,early
36412,12,0,0.9859889030872344,0.6099177574090231,36,early
36413,13,0,0.470918285071903,0.803555565360218,36,early
36414,14,0,0.997609136448855,0.6359656348858654,36,early
36415,15,0,0.30316741855327833,0.520685456604385,36,early
36416,16,0,0.5111941000234159,0.7386860490652762,36,early
36417,17,0,0.46903355326474083,0.8684211659456129,36,early
36418,18,0,0.4703715985272273,0.6497644273580248,36,early
36419,19,0,0.2654245636790443,0.6692061894257688,36,early
36420,20,0,0.37389976232455024,0.7187945413587546,36,early
36421,21,0,0.9640315731684332,0.7222018287748383,36,early
36422,22,0,0.9590323929765203,0.5149601421502722,36,early
36423,23,0,0.2852576699131417,0.7319112062519083,36,early
36424,24,0,0.36534994318887587,0.7791312090597227,36,early
36425,25,0,0.8931663666537302,0.5589130889455199,36,early
36426,26,0,0.6085611351029645,0.7731636183375615,36,early
36427,27,0,0.8457685311143286,0.44767326921408845,36,early
36428,28,0,0.9597908894203547,0.3420645999582212,36,early
36429,29,0,0.4804363391204297,0.6690457438831311,36,early
36430,30,0,0.5064425180845612,0.9161170775973251,36,early
36431,31,0,0.06145215211952185,0.7049573489143137,36,early
36432,32,0,0.5571018718617562,0.6555472716439001,36,early
36433,33,0,0.9986784316995991,0.47511119024875137,36,early
36434,34,0,0.7909496564269334,0.6289797329084353,36,early
36435,35,0,0.6538813479603409,0.4687328741106567,36,early
36436,36,0,0.8401219241207094,0.8912186718285957,36,early
36437,37,0,0.9999657787661268,0.8805395155152029,36,early
36438,38,0,0.9990220937732631,0.7454955293831422,36,early
36439,39,0,0.42611807336895124,0.6635123802189221,36,early
36440,40,0,0.1236981368699621,0.6345896170535511,36,early
36441,41,0,0.2589737964075753,0.9536857709456126,36,early
36442,42,0,0.24213707975216586,1.3153683307096629,36,early
36443,43,0,0.4993978387163831,0.737964423193431,36,early
36444,44,0,0.08094108878588917,0.6258054269351505,36,early
36445,45,0,0.5706116471660836,0.5090117549892593,36,early
36446,46,0,0.9753996534961273,0.5951970619787281,36,early
36447,47,0,0.4926665598585473,0.7110366566741184,36,early
36448,48,0,0.16980991154474315,1.0564140315035924,36,early
36449,49,0,0.49251612026537145,1.0402642879066466,36,early
36450,50,0,0.8168667324841411,0.4549531744855535,36,early
36451,51,0,0.8616521405789427,0.6145142559891196,36,early
36452,52,0,0.5043631070942132,1.0341200105328074,36,early
36453,53,0,0.9474512861494166,0.6211872580981915,36,early
36454,54,0,0.9826358245378581,0.7032858534423043,36,early
36455,55,0,0.8366278261065853,0.6522635195688771,36,early
36456,56,0,0.8341970604279765,0.9213087239862632,36,early
36457,57,0,0.41645683367029845,0.9159988874513185,36,early
36458,58,0,0.4946006900056836,0.7704816480217594,36,early
36459,59,0,0.4039205624141919,0.9035012261195821,36,early
36460,60,0,0.7818459041400836,0.5632268072928437,36,early
36461,61,0,0.8290493149814704,0.45036950412184107,36,early
36462,62,0,0.9457154858470309,0.7708282067073587,36,early
36463,63,0,0.5646377021629229,0.6352608289689592,36,early
36464,64,0,0.5207674971269595,0.5829893751720084,36,early
36465,65,0,0.9956680892628101,0.47514813749823503,36,early
36466,66,0,0.4938166219385045,0.8975033248538349,36,early
36467,67,0,0.55256068833501,0.7899038628643221,36,early
36468,68,0,0.9823128170556386,0.8534108780384235,36,early
36469,69,0,0.2727175336854873,0.9051860540359974,36,early
36470,70,0,0.8538779634507347,0.4734683406854857,36,early
36471,71,0,0.562388351448551,0.619343242892296,36,early
36472,72,0,0.3399992232161436,0.5949729017721571,36,early
36473,73,0,0.5715895884719316,0.5195040228950965,36,early
36474,74,0,0.6191932196293357,0.6329574506815316,36,early
36475,75,0,0.9607026500382031,0.5587226408183699,36,early
36476,76,0,0.9798655243838272,0.45261980004536045,36,early
36477,77,0,0.8572436043585665,0.6276238394396403,36,early
36478,78,0,0.9815796874085156,0.6751858802544286,36,early
36479,79,0,0.6506504383086984,0.8067057412974926,36,early
36480,80,0,0.4606693576899925,0.5412699727750789,36,early
36481,81,0,0.6123808830210179,0.40661579988721697,36,early
36482,82,0,0.23255636583914563,0.7887397426617294,36,early
36483,83,0,0.7804443613839407,0.43327096330107334,36,early
36484,84,0,0.37542888582877326,0.6656610666704812,36,early
36485,85,0,0.9886066517195431,0.47318360834846174,36,early
36486,86,0,0.9499396944657426,0.5832663937264599,36,early
36487,87,0,0.5006957857727515,0.9671734915182485,36,early
36488,88,0,0.20646940958223825,0.6871408644053589,36,early
36489,89,0,0.9784831877575957,0.485382279743806,36,early
36490,90,0,0.3972671256349271,0.8338769857309134,36,early
36491,91,0,0.38426220032475494,0.8647369926993773,36,early
36492,92,0,0.840815694295403,0.6289622404850342,36,early
36493,93,0,0.5001522230075252,0.9960996008318953,36,early
36494,94,0,0.9136292629259825,0.5069485184271119,36,early
36495,95,0,0.7593956770279322,0.4540960133629555,36,early
36496,96,0,0.98980099057873,0.5669434320947129,36,early
36497,97,0,0.9122993401004722,0.5082697766523079,36,early
36498,98,0,0.6815647228107116,0.9174729178689984,36,early
36499,99,0,0.9820826009752508,0.5110464636965247,36,early
36500,100,0,0.9945118341175222,0.5823221714606842,36,early
36501,101,0,0.051565253052664704,0.9720893332557814,36,early
36502,102,0,0.5561823812877045,0.5581665629338681,36,early
36503,103,0,0.8780933832359757,0.5490944867438665,36,early
36504,104,0,0.559748501106436,0.7586402398096816,36,early
36505,105,0,0.5147971437075021,0.6232002740138676,36,early
36506,106,0,0.999949527076514,0.6192494237449842,36,early
36507,107,0,0.6499643975344092,0.787545183207274,36,early
36508,108,0,0.49438597519262195,0.6426035615795953,36,early
36509,109,0,0.3357769241259019,0.6734066250181348,36,early
36510,110,0,0.11652738670939762,0.7525762150432997,36,early
36511,111,0,0.5181970784238861,0.6267728079890038,36,early
36512,112,0,0.41358905946271823,0.786825986147348,36,early
36513,113,0,0.4831721486418269,0.8375259864716876,36,early
36514,114,0,0.6192072510582216,0.5600883894074209,36,early
36515,115,0,0.57851085995963,0.4785022124930103,36,early
36516,116,0,0.6950732550361983,0.43762191277916895,36,early
36517,117,0,0.4349263388353503,0.7681438029478942,36,early
36518,118,0,0.3455444619383537,0.8692944476082579,36,early
36519,119,0,0.5446586856505777,0.49930215828072344,36,early
36520,120,0,0.9998000880827658,0.7014099413936922,36,early
36521,121,0,0.500025552162981,0.9047031968219454,36,early
36522,122,0,0.9958064580039012,0.4944136767159092,36,early
36523,123,0,0.5053875010796282,0.6227048922102701,36,early
36524,124,0,0.600959609270415,0.5737918343836663,36,early
36525,125,0,0.3433561540292139,0.6345732727541862,36,early
36526,126,0,0.5012125298171559,0.8739275494392523,36,early
36527,127,0,0.9997821001362457,0.7874473770506634,36,early
36528,128,0,0.24256346694165062,0.847701164543726,36,early
36529,129,0,0.9001714619754984,0.4471521034035867,36,early
36530,130,0,0.5534127613281726,0.7160134831327656,36,early
36531,131,0,0.6774525105302083,0.4919158229175003,36,early
36532,132,0,0.9895999860382197,0.37870460214266133,36,early
36533,133,0,0.4900633418353912,0.7749878290011242,36,early
36534,134,0,0.5463054755377015,0.709052977268434,36,early
36535,135,0,0.4971453833207938,0.7728718107697474,36,early
36536,136,0,0.5178718531777746,0.5683916312803712,36,early
36537,137,0,0.822877457960506,0.5173800473993371,36,early
36538,138,0,0.9780697478527901,0.734362616546504,36,early
36539,139,0,0.5031276282561111,0.5860334408438054,36,early
36540,140,0,0.9972523230346717,0.6655385083190646,36,early
36541,141,0,0.5241662044975853,0.7135473144744955,36,early
36542,142,0,0.8610048482264011,0.5709807024793083,36,early
36543,143,0,0.6104115317118942,0.8402546983642387,36,early
36544,144,0,0.5104601566305658,0.592981016330155,36,early
36545,145,0,0.7966151072440308,0.7374417453309439,36,early
36546,146,0,0.4990607814102541,0.8436368623549706,36,early
36547,147,0,0.5175101808143908,0.507566684465446,36,early
36548,148,0,0.7677720100165145,0.6251686305522131,36,early
36549,149,0,0.7938574613261061,0.3975361339772582,36,early
36550,150,0,0.9994409037235586,0.4992014447162012,36,early
36551,151,0,0.6532462459388682,0.41634091717608523,36,early
36552,152,0,0.21283464284216236,0.6457705520760215,36,early
36553,153,0,0.7219437098946377,0.5827988078520062,36,early
36554,154,0,0.45078642325005563,0.6220576232693709,36,early
36555,155,0,0.5350268888888614,0.6355427221087477,36,early
36556,156,0,0.7358530456829393,0.5336464974234852,36,early
36557,157,0,0.3689854098381954,0.692716976622719,36,early
36558,158,0,0.9766256081138873,0.3996965247164055,36,early
36559,159,0,0.6830998942937888,0.5653658000153742,36,early
36560,160,0,0.8040421680031453,0.5712788270165099,36,early
36561,161,0,0.5530353904131668,0.5344390062772825,36,early
36562,162,0,0.5635520968322417,0.5565607758046328,36,early
36563,163,0,0.8585342570386176,0.33699875683183905,36,early
36564,164,0,0.3338455190826348,0.7045757400042001,36,early
36565,165,0,0.5129079773426081,0.9214306954491405,36,early
36566,166,0,0.928229199202411,0.4811851275144348,36,early
36567,167,0,0.4999930168067002,1.029887476454386,36,early
36568,168,0,0.4746332461229097,0.5270474647648182,36,early
36569,169,0,0.737917848274112,0.5328238130306585,36,early
36570,170,0,0.8823471065728183,0.42481296028087234,36,early
36571,171,0,0.11353524959519494,0.7395768761481546,36,early
36572,172,0,0.28545983886572474,0.6659418758916102,36,early
36573,173,0,0.6185816746338016,0.5998550773084619,36,early
36574,174,0,0.5062843381015807,0.6755673205167628,36,early
36575,175,0,0.5358889447918398,0.7937066014564675,36,early
36576,176,0,0.02366818789430285,0.6491717821160048,36,early
36577,177,0,0.9972806570389705,0.48789880790078477,36,early
36578,178,0,0.5934785301907752,0.3228195484703903,36,early
36579,179,0,0.5980645431010281,0.586605760767487,36,early
36580,180,0,0.3917617705016242,0.9105519130645265,36,early
36581,181,0,0.44364753544588287,0.7849789798618112,36,early
36582,182,0,0.6059099374077808,0.5214586494942686,36,early
36583,183,0,0.9900344922739592,0.6026599212480506,36,early
36584,184,0,0.9987377197539193,0.6100643236003573,36,early
36585,185,0,0.41053076946275535,0.7628883063469569,36,early
36586,186,0,0.9560751951644227,0.4139095402072164,36,early
36587,187,0,0.6885354659044065,0.5078261486655118,36,early
36588,188,0,0.9072520562322268,0.5957480197027838,36,early
36589,189,0,0.5654290154822869,0.7039913513857601,36,early
36590,190,0,0.9685510897460006,0.33886664155879154,36,early
36591,191,0,0.907593918311572,0.3620885558779724,36,early
36592,192,0,0.9335463475025756,0.3739346115460991,36,early
36593,193,0,0.8179922165514381,0.477921628744671,36,early
36594,194,0,0.5403844872755722,0.7764697574710491,36,early
36595,195,0,0.4786571254384454,0.7184451484203118,36,early
36596,196,0,0.903487255812004,0.4404671066920529,36,early
36597,197,0,0.9826743653883812,0.49901303011803955,36,early
36598,198,0,0.9973115741181863,0.6499752352001851,36,early
36599,199,0,0.5009507614271547,0.817924230787691,36,early
36600,0,0,0.669603446676676,0.7461474933924817,36,middle
36601,1,0,0.5042718503263908,0.7087656042222605,36,middle
36602,2,0,0.06715117208304547,0.8318588393749418,36,middle
36603,3,0,0.47605619604206373,0.7320843183530703,36,middle
36604,4,0,0.6765559237236721,0.5837199691101499,36,middle
36605,5,0,0.5017211205928737,0.8602540962726516,36,middle
36606,6,0,0.0002575213630290873,0.9983260900155639,36,middle
36607,7,0,0.4809011141651286,0.5457090603100341,36,middle
36608,8,0,0.8952126608387794,0.4690255879556338,36,middle
36609,9,0,0.22586033402879171,0.743685627610003,36,middle
36610,10,0,0.05517241462530244,0.4787640984697045,36,middle
36611,11,0,0.4938300787878012,1.0402723022017306,36,middle
36612,12,0,0.9953615132320752,0.8257088058587065,36,middle
36613,13,0,0.6259489028171141,0.7638024577904142,36,middle
36614,14,0,0.6473938088933651,0.7185637309537242,36,middle
36615,15,0,0.6854188851045355,0.4445767797271405,36,middle
36616,16,0,0.4259972204601546,0.7820140039954233,36,middle
36617,17,0,0.18420221651842975,0.7735470071565034,36,middle
36618,18,0,0.028343071191315634,0.8936637677334286,36,middle
36619,19,0,0.10126112001289245,1.105905153763802,36,middle
36620,20,0,0.3885097131266812,0.836537270767328,36,middle
36621,21,0,0.45323330461420963,0.6558507179153121,36,middle
36622,22,0,0.01372317392253338,0.8304562850464821,36,middle
36623,23,0,0.5052805286166413,0.7853329679538512,36,middle
36624,24,0,0.9805693490534113,0.650172314355187,36,middle
36625,25,0,0.25298105430862755,0.5546702829919193,36,middle
36626,26,0,0.0012106409622305444,1.098129508544667,36,middle
36627,27,0,0.6029898951456795,0.919463545759314,36,middle
36628,28,0,0.0791194018922841,0.5672252582874171,36,middle
36629,29,0,0.5256846816455986,0.8330959751823264,36,middle
36630,30,0,0.9768613427596228,0.6291520993443135,36,middle
36631,31,0,0.6093554165159308,0.47311359403524567,36,middle
36632,32,0,0.858416008248559,0.3917346095368767,36,middle
36633,33,0,0.9839864991277605,0.600288239690212,36,middle
36634,34,0,0.9999977292061172,1.0548398737393956,36,middle
36635,35,0,0.7660754566954147,0.7327409348535514,36,middle
36636,36,0,1.4532335606237264e-06,1.4008652076388262,36,middle
36637,37,0,0.051692613237660154,0.6678655552498106,36,middle
36638,38,0,0.6088672743406446,0.9301579256303628,36,middle
36639,39,0,0.9184313138721356,0.691554097156116,36,middle
36640,40,0,0.09804765791890739,0.9419256984672644,36,middle
36641,41,0,0.9644459098453171,0.787675386144739,36,middle
36642,42,0,0.40847700582458496,0.6366728754441364,36,middle
36643,43,0,2.682390356616641e-06,1.2286396396709662,36,middle
36644,44,0,0.9999464603226564,0.7101641844118607,36,middle
36645,45,0,0.7115762120066653,0.44644582365481567,36,middle
36646,46,0,0.07572021897745752,0.7167368646388036,36,middle
36647,47,0,0.9962245779710045,0.6291793837789318,36,middle
36648,48,0,0.339462502577688,0.4418671750500378,36,middle
36649,49,0,0.4330871894361985,0.6659727260513477,36,middle
36650,50,0,0.22874808682106915,0.6137760863542565,36,middle
36651,51,0,0.5081803698165218,0.7533146319637396,36,middle
36652,52,0,0.6236120493032827,0.6389384002160157,36,middle
36653,53,0,0.8058443613074501,0.47926481007701915,36,middle
36654,54,0,0.9958095961038245,0.4993868905193974,36,middle
36655,55,0,0.2407075017062075,0.7866375596195629,36,middle
36656,56,0,0.4749439035354415,0.6975622945941169,36,middle
36657,57,0,0.9417513174978862,0.45698469503301936,36,middle
36658,58,0,0.8008390390888838,0.5647949143621236,36,middle
36659,59,0,0.5372032236707394,0.7035426001145504,36,middle
36660,60,0,0.9997782986158605,0.6929180394326553,36,middle
36661,61,0,0.7195866657350466,0.7800488742821967,36,middle
36662,62,0,0.2067610528899731,0.7370028405008342,36,middle
36663,63,0,0.4307659393828098,0.6155158231149656,36,middle
36664,64,0,0.412832204717241,0.7998174156605468,36,middle
36665,65,0,0.12443478737610886,0.524799487056671,36,middle
36666,66,0,0.9098143737973988,0.4908680155748878,36,middle
36667,67,0,0.8568792787385935,0.5292572001895797,36,middle
36668,68,0,0.38145431292285725,0.7961708904703185,36,middle
36669,69,0,0.3899412299433357,0.6028990415437594,36,middle
36670,70,0,0.999985292440063,0.7143469987955189,36,middle
36671,71,0,0.01859802767204028,0.7119960897606405,36,middle
36672,72,0,0.4025363530096121,0.4959478949415052,36,middle
36673,73,0,0.856330198798337,0.6951938071337971,36,middle
36674,74,0,0.8833440346464987,0.8126675436303181,36,middle
36675,75,0,0.39153052281146083,0.7436251430329199,36,middle
36676,76,0,0.999838340508846,1.0007199565349008,36,middle
36677,77,0,0.01691307454972454,1.043451940926361,36,middle
36678,78,0,0.5409739085611122,0.6585999657127579,36,middle
36679,79,0,0.9998160153303206,0.5865111368794741,36,middle
36680,80,0,0.50108022809682,0.5734439089613925,36,middle
36681,81,0,0.5430454845008155,0.7536438884205627,36,middle
36682,82,0,0.4985662454033681,0.8869762245000415,36,middle
36683,83,0,0.3482165808293647,0.6035594633272927,36,middle
36684,84,0,0.5066211139223398,0.5998055405192368,36,middle
36685,85,0,0.7008533071485025,0.5608718681947855,36,middle
36686,86,0,0.8601628064442359,0.5454905948146187,36,middle
36687,87,0,0.017313928844282837,0.699743158105961,36,middle
36688,88,0,0.4296165397124089,0.4833571339633856,36,middle
36689,89,0,0.42073893816283503,0.740646400638191,36,middle
36690,90,0,0.007856194380084528,0.9444167936869092,36,middle
36691,91,0,0.23995081150677047,1.0411783569248065,36,middle
36692,92,0,0.15802446420717203,0.5466162678602873,36,middle
36693,93,0,0.49124360211671564,0.6377229385269187,36,middle
36694,94,0,0.9081325013474022,0.5455813037057764,36,middle
36695,95,0,0.4967448269097942,0.7406896516299023,36,middle
36696,96,0,0.6378955392729675,0.5042872075904231,36,middle
36697,97,0,0.6670556809820848,0.559871710396326,36,middle
36698,98,0,0.46769310491746524,0.6894564345507683,36,middle
36699,99,0,0.9891909550578903,0.46928742007288043,36,middle
36700,100,0,0.39807612135070203,0.5366209162084822,36,middle
36701,101,0,0.953075367051503,0.7685188285131022,36,middle
36702,102,0,0.5703328012241925,0.5411195383669146,36,middle
36703,103,0,0.4974550942760263,0.6343953598241192,36,middle
36704,104,0,0.7020267577570591,0.696541085935434,36,middle
36705,105,0,0.5014829008119126,0.5535367793872088,36,middle
36706,106,0,0.09625063998912717,0.5966081845102049,36,middle
36707,107,0,0.7577369485653276,0.5724525061353963,36,middle
36708,108,0,0.5651381425698441,0.7487334440447575,36,middle
36709,109,0,0.9992306955738572,0.7712948938981334,36,middle
36710,110,0,0.552778541826054,0.5595036888098066,36,middle
36711,111,0,0.5019379608861249,0.6131458254129705,36,middle
36712,112,0,0.5081587574175516,0.7920863835099468,36,middle
36713,113,0,0.09502225359345517,0.6050047881604466,36,middle
36714,114,0,0.5527577983000628,0.6434682314569451,36,middle
36715,115,0,0.9751871864324595,0.4642583821704537,36,middle
36716,116,0,0.7438958662130398,0.8109108754100166,36,middle
36717,117,0,0.6308578218562483,0.7117554103809032,36,middle
36718,118,0,0.5024870763296796,0.7529381452953666,36,middle
36719,119,0,0.9996460574232497,0.6739750491812605,36,middle
36720,120,0,0.9988361506833534,0.8542737181950901,36,middle
36721,121,0,0.7730781939113043,0.8918607170243344,36,middle
36722,122,0,2.526594953434098e-06,1.018548644799715,36,middle
36723,123,0,0.9013572695312135,0.5716573774943543,36,middle
36724,124,0,0.887669704143792,0.5261067510953056,36,middle
36725,125,0,0.3337629813457691,0.46344436867714756,36,middle
36726,126,0,0.6568018288882597,0.5673600817601638,36,middle
36727,127,0,0.9472185057123478,0.3118952176204356,36,middle
36728,128,0,0.24543470274124726,0.7784648944103303,36,middle
36729,129,0,0.4049102411757266,0.7406722222735542,36,middle
36730,130,0,0.2757478325687035,0.8039663169595432,36,middle
36731,131,0,0.5025317620703998,0.6445789098689363,36,middle
36732,132,0,0.5135892785590845,0.5338933370357538,36,middle
36733,133,0,0.12427369576894234,0.5687047521174948,36,middle
36734,134,0,0.015289693240202329,0.6399700009114895,36,middle
36735,135,0,0.5058951781033626,0.6962947942679332,36,middle
36736,136,0,0.5538740628796494,0.789092203458405,36,middle
36737,137,0,0.5368158532551998,1.0067556088785428,36,middle
36738,138,0,0.999991039673813,0.5297053493278554,36,middle
36739,139,0,0.5224082054205622,0.7267133604094392,36,middle
36740,140,0,0.9891839603999384,0.5156293859601546,36,middle
36741,141,0,0.9844544119455103,0.6547255654820585,36,middle
36742,142,0,0.9897695949534622,0.6435607300275363,36,middle
36743,143,0,0.9436746281503694,0.5841369370972669,36,middle
36744,144,0,0.4974616905768458,0.6823967940005615,36,middle
36745,145,0,0.549027381440309,0.6076488975614096,36,middle
36746,146,0,2.1240609010973413e-05,1.0050416016614654,36,middle
36747,147,0,0.5000095025033645,0.7802512803811714,36,middle
36748,148,0,0.00013490131887581352,0.8727695451301676,36,middle
36749,149,0,0.5030039637604898,0.5996339793887255,36,middle
36750,150,0,0.02307491163192377,0.6501221728027895,36,middle
36751,151,0,0.5600359575812839,0.5929839470984299,36,middle
36752,152,0,0.9971529862822319,0.5964601263439067,36,middle
36753,153,0,0.5012102361777332,0.6819368014549007,36,middle
36754,154,0,0.05384334580976785,0.7738905874877166,36,middle
36755,155,0,0.5014614334301148,0.698649852566835,36,middle
36756,156,0,0.004998675968767126,0.8114195990045212,36,middle
36757,157,0,0.6766591466666051,0.4826753382518326,36,middle
36758,158,0,0.49799409680881485,0.42950123073830837,36,middle
36759,159,0,0.9799430783265745,0.285510844477045,36,middle
36760,160,0,0.9819339537758841,0.41610796459157695,36,middle
36761,161,0,0.03485168398535729,0.6001558333388466,36,middle
36762,162,0,0.9710601665054656,0.3966116596928817,36,middle
36763,163,0,0.8395139262942608,0.9362591400438436,36,middle
36764,164,0,0.9850941784740026,0.4979144428382075,36,middle
36765,165,0,0.019349579011481752,0.7043556974819438,36,middle
36766,166,0,0.8315469338626282,0.506822383967918,36,middle
36767,167,0,0.7177302210785506,0.49102042124535805,36,middle
36768,168,0,0.0009536566159639695,1.0738955161290367,36,middle
36769,169,0,0.45894350351280866,0.5846712436551778,36,middle
36770,170,0,0.9677318244057103,0.6440726264129422,36,middle
36771,171,0,0.990825528762183,0.6045905491413746,36,middle
36772,172,0,0.6651752672511366,0.5664380869229589,36,middle
36773,173,0,0.7750674415987102,0.3938734669471706,36,middle
36774,174,0,0.4669902281798204,0.44955003326377374,36,middle
36775,175,0,0.5539234233453546,0.6446928232311757,36,middle
36776,176,0,0.5075738205079402,0.5977289001568702,36,middle
36777,177,0,0.8980043570825207,0.7099738411930736,36,middle
36778,178,0,0.9478467024892365,0.32150012265415673,36,middle
36779,179,0,0.9422050123507508,0.2232483711803706,36,middle
36780,180,0,0.4325447227351067,0.5533518083607772,36,middle
36781,181,0,0.99776497523118,0.28205642398413544,36,middle
36782,182,0,0.5076437510886954,0.48660142220257735,36,middle
36783,183,0,0.92475759555955,0.550179081945926,36,middle
36784,184,0,0.9997287566755976,0.5810359329834633,36,middle
36785,185,0,0.6006443545854787,0.9583741478027097,36,middle
36786,186,0,0.6770600751170023,0.6697949398557597,36,middle
36787,187,0,0.5111848754090885,0.5616747713684311,36,middle
36788,188,0,0.522418983217789,0.5347632031478573,36,middle
36789,189,0,0.6086756729991716,0.5670562949096065,36,middle
36790,190,0,0.10910924434211572,0.7744434638196236,36,middle
36791,191,0,0.8269977470421752,0.8675064739736479,36,middle
36792,192,0,0.04187535941627772,0.5177126174645432,36,middle
36793,193,0,0.9034914627860728,0.4663338996053343,36,middle
36794,194,0,0.7640198576782389,0.4110137590810524,36,middle
36795,195,0,0.35274237895624466,0.72751647435556,36,middle
36796,196,0,0.5534661678849335,0.5229869593524732,36,middle
36797,197,0,0.9620939735981817,0.34818093875774603,36,middle
36798,198,0,0.9992272036257088,0.7712276666879664,36,middle
36799,199,0,0.9996016204896196,0.49841776909643676,36,middle
36800,0,0,0.863410528369263,0.5522011005181506,36,late
36801,1,0,0.5000739886986046,0.838395338727007,36,late
36802,2,0,0.5260733702485823,0.4928885057619097,36,late
36803,3,0,0.6856315356555213,0.6983639722983825,36,late
36804,4,0,0.1649546367129162,0.5163391169525584,36,late
36805,5,0,0.19449325503297035,0.5200544454452272,36,late
36806,6,0,0.3034106909432808,0.7223521807620292,36,late
36807,7,0,0.6292713828507119,0.7027220403748985,36,late
36808,8,0,0.3403442865133115,0.7957727836093944,36,late
36809,9,0,0.5118560136268401,1.0218670821958709,36,late
36810,10,0,0.2756763991028169,0.5904065522912614,36,late
36811,11,0,0.6445056521445452,0.7388442982339036,36,late
36812,12,0,0.1343873448592944,0.9422968340410665,36,late
36813,13,0,0.5034133046220112,0.8892175014548132,36,late
36814,14,0,0.01421175051620068,0.901492427393688,36,late
36815,15,0,0.6237489446518264,0.5029146478878525,36,late
36816,16,0,0.7435297539670739,0.5996314876332063,36,late
36817,17,0,0.5015194652303313,0.7264269893885841,36,late
36818,18,0,0.6549478049118032,0.8481821524555142,36,late
36819,19,0,0.640138563108381,0.8570950260315978,36,late
36820,20,0,0.9563905632523615,0.8191009753448601,36,late
36821,21,0,0.9083648281553983,0.4337403421500207,36,late
36822,22,0,0.056230591184030905,0.7633522658073635,36,late
36823,23,0,0.5024960585194511,0.5758542616657376,36,late
36824,24,0,0.010679429440428335,0.6675132311684474,36,late
36825,25,0,0.5790537332891423,0.7692222520936527,36,late
36826,26,0,0.6447608388298477,0.5908115718332891,36,late
36827,27,0,0.6702084007953661,0.6895662619599331,36,late
36828,28,0,0.5379535618006709,0.6360636771046484,36,late
36829,29,0,0.498875518620866,0.9379570808010833,36,late
36830,30,0,0.19812646519451246,0.6270422733029105,36,late
36831,31,0,0.5332699660396678,0.6200149474476129,36,late
36832,32,0,0.3426995117642803,0.5889459387871558,36,late
36833,33,0,0.5023761320621845,0.6156257989817034,36,late
36834,34,0,0.47369116895441027,0.47455429696961615,36,late
36835,35,0,0.925272232981053,0.6511863091743199,36,late
36836,36,0,0.8034438974700145,0.8299424327355722,36,late
36837,37,0,0.94733579529255,0.47153340528377957,36,late
36838,38,0,0.9147333532228438,0.27009026151353743,36,late
36839,39,0,0.8235794093767548,0.4956156797496269,36,late
36840,40,0,0.28529959477362715,0.665650317110045,36,late
36841,41,0,0.041354997141219575,0.5608111465355015,36,late
36842,42,0,0.08865411690764849,0.8633872135167491,36,late
36843,43,0,0.5003712606651143,0.8781616386811635,36,late
36844,44,0,0.19703578839531657,0.6032485682197632,36,late
36845,45,0,0.5292452581145772,0.5897805225925234,36,late
36846,46,0,0.3179364002216961,0.5499100415067923,36,late
36847,47,0,0.3120442679320966,0.7356164775360847,36,late
36848,48,0,0.974220187615839,0.6312033965915078,36,late
36849,49,0,0.44265571040353263,0.5134987104695934,36,late
36850,50,0,0.00842779043583847,0.8114255230004365,36,late
36851,51,0,0.6024424887206828,0.5078224056541941,36,late
36852,52,0,0.72060200694088,0.3597432198170408,36,late
36853,53,0,0.6136090145181873,0.45650572967758285,36,late
36854,54,0,0.0013929437364664286,0.8903846333561268,36,late
36855,55,0,0.4460495849657036,0.613376636678953,36,late
36856,56,0,0.4990604491851835,0.9227962728332768,36,late
36857,57,0,0.9315689050823579,0.561504987741551,36,late
36858,58,0,0.494997296016285,0.6888800618793027,36,late
36859,59,0,0.49667654712868986,0.8591928455787048,36,late
36860,60,0,0.28800125061539733,0.7066635472904161,36,late
36861,61,0,0.5013595937669343,0.42112972013491135,36,late
36862,62,0,0.31203882457304594,0.46309239700313526,36,late
36863,63,0,0.5711502308460543,0.7513441174407873,36,late
36864,64,0,0.22926860855123665,0.7677047761999396,36,late
36865,65,0,0.48663653706488624,0.6158650578289395,36,late
36866,66,0,0.9899921568399941,0.43036524378729524,36,late
36867,67,0,0.14768031086611844,0.5444386081269101,36,late
36868,68,0,0.6554634733693581,0.6443388415665926,36,late
36869,69,0,0.03352333864722027,0.7793961017090199,36,late
36870,70,0,0.1759003633661159,0.8320494276650081,36,late
36871,71,0,0.2689374507065659,0.609289276014503,36,late
36872,72,0,0.4637061126108545,0.7557689210741605,36,late
36873,73,0,0.3952313045206361,0.7714773471439289,36,late
36874,74,0,0.5486443853525671,0.5118647094223612,36,late
36875,75,0,0.9779526798943783,0.5302679414980707,36,late
36876,76,0,0.323782512104962,0.45736709306580176,36,late
36877,77,0,0.43209954249742183,0.4939635777770224,36,late
36878,78,0,0.360916392708006,0.5462451801815041,36,late
36879,79,0,0.3158087043454615,0.8820039104466324,36,late
36880,80,0,0.29989900551616044,0.8183623676662941,36,late
36881,81,0,0.913444270885575,0.5690763227266084,36,late
36882,82,0,0.3416175660013599,0.6456994721564366,36,late
36883,83,0,0.9890397323836131,0.2833027439898222,36,late
36884,84,0,0.9404169633326832,0.5651716805724158,36,late
36885,85,0,0.4448726070823745,0.6855687298957709,36,late
36886,86,0,0.9999879344339513,0.7160816048676444,36,late
36887,87,0,0.9769614080884225,0.5669376434856177,36,late
36888,88,0,0.7310493696656976,0.5080680829170983,36,late
36889,89,0,0.9997543342543829,0.5815596235262969,36,late
36890,90,0,0.0011005063013743248,1.026836026873584,36,late
36891,91,0,0.8587787745587004,0.7216088667826759,36,late
36892,92,0,0.9955502404458693,0.29634258298592997,36,late
36893,93,0,0.9933346070717377,0.6648457273745201,36,late
36894,94,0,0.9997593018822869,0.742522879869707,36,late
36895,95,0,0.6907804237320277,0.6871902811368917,36,late
36896,96,0,0.7178640787022496,0.5255509188946077,36,late
36897,97,0,0.9583898880256936,0.350326587035525,36,late
36898,98,0,0.9776424781775115,0.24494083948344872,36,late
36899,99,0,0.5867903798122382,0.3116346888985314,36,late
36900,100,0,0.2955387464216981,0.5466599349847332,36,late
36901,101,0,0.0014736901515902383,0.7360769304484711,36,late
36902,102,0,0.6083795089358153,0.419465311987836,36,late
36903,103,0,0.7106796597061774,0.4855230649811485,36,late
36904,104,0,0.49824739652596256,1.02238290326106,36,late
36905,105,0,0.9774630171776764,0.6327982306152717,36,late
36906,106,0,0.9762285256888432,0.5163749403003217,36,late
36907,107,0,0.9184866324994285,0.8835801930952506,36,late
36908,108,0,0.9999835296410167,0.6126246187597149,36,late
36909,109,0,0.9886737318408314,0.4545760886486012,36,late
36910,110,0,0.4948273047901683,0.594582620413663,36,late
36911,111,0,0.6506066573324125,0.4858368818082067,36,late
36912,112,0,0.19239690883347088,0.6299060966812249,36,late
36913,113,0,0.8770092306807653,0.2592061691660412,36,late
36914,114,0,0.7527854653812536,0.6455807424223219,36,late
36915,115,0,0.979462610525353,0.4135922339709574,36,late
36916,116,0,0.7508402139046294,0.6177010037027124,36,late
36917,117,0,0.8602273621669617,0.409543683928105,36,late
36918,118,0,0.9999915811434319,0.6303528084861083,36,late
36919,119,0,0.9986789553424611,0.5139550445459548,36,late
36920,120,0,0.2309391906461076,0.7542084223358971,36,late
36921,121,0,0.11478931326519884,0.8912204111906867,36,late
36922,122,0,0.03391852034217789,0.6885432973226382,36,late
36923,123,0,0.5324213584670147,0.5239081317309673,36,late
36924,124,0,0.5207737034214165,0.9506967828915975,36,late
36925,125,0,0.18155151508764933,0.6688320924191702,36,late
36926,126,0,0.5223289433413374,0.5123230522218882,36,late
36927,127,0,0.12333127379052215,0.5932577687127565,36,late
36928,128,0,0.5814873744661004,0.6040867973979316,36,late
36929,129,0,0.4006998531982831,0.7661576290333105,36,late
36930,130,0,0.5779082753806192,0.7530701258930426,36,late
36931,131,0,0.17969505377447442,0.5493272701757419,36,late
36932,132,0,0.8141654083091938,0.7599152924070547,36,late
36933,133,0,0.5355605118986784,0.7000506014163278,36,late
36934,134,0,0.5963187180558046,0.36160187569761515,36,late
36935,135,0,0.1714001116489054,0.4840561435285906,36,late
36936,136,0,0.8117643578761546,0.22703127504738446,36,late
36937,137,0,0.2454985405658089,0.49411210401031586,36,late
36938,138,0,0.5113130527888686,0.5000977650833636,36,late
36939,139,0,0.9077066758966877,0.35011705694620354,36,late
36940,140,0,0.673408595218334,0.16429353420914708,36,late
36941,141,0,0.6868088563237501,0.36627822078949557,36,late
36942,142,0,0.8560071273503749,0.6297045291076722,36,late
36943,143,0,0.5001324236823519,0.3833720413144577,36,late
36944,144,0,0.4871196552746321,0.7258985083267824,36,late
36945,145,0,0.5363688874529894,0.44838380039651493,36,late
36946,146,0,0.9820276112766635,0.4216050200353605,36,late
36947,147,0,0.4771936232776071,0.6466269318781486,36,late
36948,148,0,0.8484595374319557,0.7066849190520581,36,late
36949,149,0,0.9692536007937302,0.42817105053858284,36,late
36950,150,0,0.9930301333202203,0.4836032021636941,36,late
36951,151,0,0.14711989494427713,0.6148523255502323,36,late
36952,152,0,0.9922355810444167,0.5927841138810717,36,late
36953,153,0,0.8887807450512157,0.41808050572736466,36,late
36954,154,0,0.794095455754295,0.5775598453665649,36,late
36955,155,0,0.5043919452978918,0.5840851504799642,36,late
36956,156,0,0.9357221738995056,0.48097774155593875,36,late
36957,157,0,0.9953099542274365,0.4057691911129423,36,late
36958,158,0,0.997894642617287,0.23354472414574867,36,late
36959,159,0,0.4794889692923692,0.45836272077194573,36,late
36960,160,0,0.9703042756955632,0.3297153093571822,36,late
36961,161,0,0.010914230302261508,0.8234015452836021,36,late
36962,162,0,0.5188337440749962,0.45328969724309875,36,late
36963,163,0,0.017733308253406126,0.7213266261685971,36,late
36964,164,0,0.5159190436497592,0.627403588476392,36,late
36965,165,0,0.5195562444259485,0.4543302951872513,36,late
36966,166,0,0.7326089092429514,0.5679149364578159,36,late
36967,167,0,0.9238881467210336,0.6536355892759523,36,late
36968,168,0,0.01052063316188643,0.8526849881642479,36,late
36969,169,0,0.0174248911269356,0.8089144648606665,36,late
36970,170,0,0.7088454486271867,0.3030343996990318,36,late
36971,171,0,0.9950033420700263,0.7907438427437201,36,late
36972,172,0,0.9001745892631898,0.5926627540438745,36,late
36973,173,0,0.8700650472267247,0.41346668054831776,36,late
36974,174,0,0.4076015751486298,1.0208935136809785,36,late
36975,175,0,0.2600729866549471,0.5837524723900376,36,late
36976,176,0,0.2696873417806883,0.6898462514924009,36,late
36977,177,0,0.3851836362151076,0.3424486779931234,36,late
36978,178,0,0.14698901687980787,0.9868899025004223,36,late
36979,179,0,0.999955060476722,0.5438957793153257,36,late
36980,180,0,0.5087049729151846,0.5994293132639716,36,late
36981,181,0,0.470878745778516,0.6994841715366631,36,late
36982,182,0,0.5340168924778597,0.4624846091376772,36,late
36983,183,0,0.8925396487402396,0.4576957522582428,36,late
36984,184,0,0.8882609991456918,0.5483808185647934,36,late
36985,185,0,0.8690912379464073,0.4777439295337509,36,late
36986,186,0,0.07406736930308845,0.6666404714849838,36,late
36987,187,0,0.8378698952044685,0.5826443134578607,36,late
36988,188,0,0.9614749944983361,0.5022694551751604,36,late
36989,189,0,0.9749073544621456,0.5650757502597503,36,late
36990,190,0,0.50016368339685,0.8586049724170396,36,late
36991,191,0,0.34648603726364424,0.7542506281285937,36,late
36992,192,0,0.5858539067442406,0.6440602585816176,36,late
36993,193,0,0.8895338338659038,0.46445410541930293,36,late
36994,194,0,0.9018783846030758,0.18285223913208729,36,late
36995,195,0,0.37377342084130993,0.5829044346385495,36,late
36996,196,0,0.8946117099672781,0.39767701664488525,36,late
36997,197,0,0.013974705390726429,0.7176957788919069,36,late
36998,198,0,0.6687469229683533,0.6805464649299671,36,late
36999,199,0,0.1713429499933036,0.5399537432241247,36,late
37000,0,0,0.7571727691980004,0.6122435290359225,37,interleaved
37001,1,0,0.9424675514150014,0.5185230505321605,37,interleaved
37002,2,0,0.33109962265088505,0.7406878729541297,37,interleaved
37003,3,0,0.3194154466989781,0.6006330440860637,37,interleaved
37004,4,0,0.6054341472183958,0.49995418388818,37,interleaved
37005,5,0,0.8430516550562639,0.47679712337926794,37,interleaved
37006,6,0,0.48913915111729656,0.5407635712336207,37,interleaved
37007,7,0,0.5188027668104986,0.6182520194234741,37,interleaved
37008,8,0,0.503765457597605,0.549438323658923,37,interleaved
37009,9,0,0.9875608571939651,0.44693264908478203,37,interleaved
37010,10,0,0.8235068724813784,0.3998487035756364,37,interleaved
37011,11,0,0.8958440063094675,0.38917554666073295,37,interleaved
37012,12,0,0.44967050720003304,0.4949644709777162,37,interleaved
37013,13,0,0.4263290627492212,0.5592110962618246,37,interleaved
37014,14,0,0.5151306544174717,0.47786060313300704,37,interleaved
37015,15,0,0.7247419510297364,0.494015182917679,37,interleaved
37016,16,0,0.5148480160682509,0.700214442291295,37,interleaved
37017,17,0,0.007220855777136603,0.7293747560006076,37,interleaved
37018,18,0,0.4978419369524089,0.9103255080893538,37,interleaved
37019,19,0,0.46883685236990014,0.8853233736922381,37,interleaved
37020,20,0,0.8410984028698086,0.7782732034875754,37,interleaved
37021,21,0,0.00251134371454386,0.8927019569202808,37,interleaved
37022,22,0,0.5372115463215446,0.6117088530923748,37,interleaved
37023,23,0,0.0018126885704764326,0.7746029271440218,37,interleaved
37024,24,0,0.7664924429183941,0.4252441864458917,37,interleaved
37025,25,0,0.0771209529866098,0.5847530020329399,37,interleaved
37026,26,0,0.9461421093002775,0.47988198915917163,37,interleaved
37027,27,0,0.012499933871076004,0.6739954349834574,37,interleaved
37028,28,0,0.7866598948968091,0.5541004477631821,37,interleaved
37029,29,0,0.0021506225845724747,0.8591679623317952,37,interleaved
37030,30,0,0.6353875563451272,0.880788960978871,37,interleaved
37031,31,0,0.0058248285334030515,0.8042139416934538,37,interleaved
37032,32,0,0.5000030992551417,0.9046943774631313,37,interleaved
37033,33,0,0.062458646739356735,0.8898411393992776,37,interleaved
37034,34,0,0.5047335575770711,0.5967161301136723,37,interleaved
37035,35,0,0.9627920696945231,0.795938049187559,37,interleaved
37036,36,0,0.5007124721685391,0.7772068516078816,37,interleaved
37037,37,0,0.0020803102537038493,0.9967626045498326,37,interleaved
37038,38,0,0.4868685974618615,0.5066162006697161,37,interleaved
37039,39,0,0.08936782401665593,0.5630338307999112,37,interleaved
37040,40,0,0.9555727346207479,0.49600508966896234,37,interleaved
37041,41,0,0.08218370451162708,0.8711386178247407,37,interleaved
37042,42,0,0.5000196911881986,0.5271282443934908,37,interleaved
37043,43,0,0.9346628630741329,0.6473521927943101,37,interleaved
37044,44,0,0.893835850211941,0.682073608725295,37,interleaved
37045,45,0,0.05721546828051684,0.8099359736648599,37,interleaved
37046,46,0,0.32408714700730956,0.3980583290803143,37,interleaved
37047,47,0,0.43816825590632497,0.30458587519944036,37,interleaved
37048,48,0,0.3645722979378383,0.7937244808469828,37,interleaved
37049,49,0,0.10008689660591333,0.9926427145821402,37,interleaved
37050,50,0,0.49955765466492824,0.6938071647751536,37,interleaved
37051,51,0,0.017176392936990234,0.6896418099730801,37,interleaved
37052,52,0,0.5340912009153697,0.4684611176004336,37,interleaved
37053,53,0,0.00036932370845152825,1.259137235838398,37,interleaved
37054,54,0,0.5018084159384146,0.6342921509557955,37,interleaved
37055,55,0,0.09691264294500805,0.6932286378157733,37,interleaved
37056,56,0,0.4673070439123579,0.7268633824771789,37,interleaved
37057,57,0,0.9250880802984548,0.5344931926446813,37,interleaved
37058,58,0,0.6814161884307659,0.723734093379748,37,interleaved
37059,59,0,0.27520741471894705,0.6352986426407075,37,interleaved
37060,60,0,0.4996730188074645,0.8550678514003203,37,interleaved
37061,61,0,0.9377402928680849,0.625160131986185,37,interleaved
37062,62,0,0.6126800419905496,0.3512674357474784,37,interleaved
37063,63,0,0.2920654420731543,0.9648093297818258,37,interleaved
37064,64,0,0.3743618856477674,0.6855462136466717,37,interleaved
37065,65,0,0.9987509923496087,0.48264520332125466,37,interleaved
37066,66,0,0.056746544925695856,0.7678668657186529,37,interleaved
37067,67,0,2.1076607775081107e-05,1.2622932172588306,37,interleaved
37068,68,0,0.5092849119458648,0.6310271489591137,37,interleaved
37069,69,0,0.6049327810081473,0.5544355848594205,37,interleaved
37070,70,0,0.41787968077307963,0.590520102525854,37,interleaved
37071,71,0,0.6686627060816985,0.6399323004682317,37,interleaved
37072,72,0,0.8204061048073754,0.4076712823679544,37,interleaved
37073,73,0,0.4232207601340621,0.6408576018383823,37,interleaved
37074,74,0,0.4687851186232154,1.1455364508169485,37,interleaved
37075,75,0,0.5010791511894209,0.7374045422676423,37,interleaved
37076,76,0,0.505999522511298,0.46105988609724763,37,interleaved
37077,77,0,0.49527099490397913,0.628060162765363,37,interleaved
37078,78,0,0.05715458686140099,0.8323172444273905,37,interleaved
37079,79,0,0.7389969433949983,0.5542018809454698,37,interleaved
37080,80,0,0.4792364091519197,0.5579700882823757,37,interleaved
37081,81,0,0.08744842807826465,0.8225290824494454,37,interleaved
37082,82,0,0.5211935845502897,0.7045880295407714,37,interleaved
37083,83,0,0.7634184088385397,0.43092247334996875,37,interleaved
37084,84,0,0.5004463897133995,0.5926970449801353,37,interleaved
37085,85,0,0.6855626442103967,0.43924061954979565,37,interleaved
37086,86,0,0.41162119323803026,0.7544156280423988,37,interleaved
37087,87,0,0.48555677997256963,0.7536032391766427,37,interleaved
37088,88,0,0.16871392207172536,0.6449229703523748,37,interleaved
37089,89,0,0.9249426180958522,0.6664219085728049,37,interleaved
37090,90,0,0.5006198710548614,0.4735960119990845,37,interleaved
37091,91,0,0.4043534298835213,0.5628088578311988,37,interleaved
37092,92,0,0.5288720881983157,0.4529925670997496,37,interleaved
37093,93,0,0.03377275434077834,0.8434582810051456,37,interleaved
37094,94,0,0.5000141710069538,0.7144042091322991,37,interleaved
37095,95,0,0.5528393905179498,0.6209281211239661,37,interleaved
37096,96,0,0.2965448227082953,0.5739295637522137,37,interleaved
37097,97,0,0.9291865294173831,0.4307496583440893,37,interleaved
37098,98,0,0.3341512134168607,0.5512489587383234,37,interleaved
37099,99,0,0.45780699607810804,0.48781519332244194,37,interleaved
37100,100,0,0.5001518305944146,0.6197520588968162,37,interleaved
37101,101,0,0.3023863315477239,0.7277462382626314,37,interleaved
37102,102,0,0.5636598465015099,0.7555728088066729,37,interleaved
37103,103,0,0.9683965933708418,0.45271550799278015,37,interleaved
37104,104,0,0.5243037265880146,0.5342318970341002,37,interleaved
37105,105,0,0.45343421495330793,0.4665366699773643,37,interleaved
37106,106,0,0.862981215849081,0.7574953153435872,37,interleaved
37107,107,0,0.9988156069473995,0.7175423666575358,37,interleaved
37108,108,0,0.5000498872716111,0.611846324858702,37,interleaved
37109,109,0,0.9055904961648518,0.42094903622452395,37,interleaved
37110,110,0,0.8399352297185156,0.8024473603206002,37,interleaved
37111,111,0,0.2314825203813151,0.8894579191583947,37,interleaved
37112,112,0,0.9574562127931369,0.6634034763890619,37,interleaved
37113,113,0,0.9911190523948534,0.6471523034392923,37,interleaved
37114,114,0,0.9946527099887161,0.7191785355457878,37,interleaved
37115,115,0,0.749227862934294,0.5292617898686642,37,interleaved
37116,116,0,0.9278629148169089,0.3172979887905162,37,interleaved
37117,117,0,0.33754324098497945,0.6603859859193455,37,interleaved
37118,118,0,0.04688485695716707,0.732948765404885,37,interleaved
37119,119,0,0.38877350607707234,0.6554272191212591,37,interleaved
37120,120,0,0.562631018251569,0.610343292505605,37,interleaved
37121,121,0,0.49406477434283735,0.5372008679242066,37,interleaved
37122,122,0,0.5121580459419434,0.9049601772903656,37,interleaved
37123,123,0,0.00019886921712181958,1.0513638408016246,37,interleaved
37124,124,0,0.9971852403255383,0.7338010929640013,37,interleaved
37125,125,0,0.582252752687431,0.4145422837774304,37,interleaved
37126,126,0,0.5008151788181581,0.8682903777732307,37,interleaved
37127,127,0,0.9969372700663702,0.3658687257625053,37,interleaved
37128,128,0,0.5074436405260302,0.4546979669813045,37,interleaved
37129,129,0,0.9750510276030605,0.30404306904381695,37,interleaved
37130,130,0,0.36030003214971945,0.5271010046795832,37,interleaved
37131,131,0,0.9045267721572714,0.4244726289107314,37,interleaved
37132,132,0,0.931072040470933,0.30401390213720364,37,interleaved
37133,133,0,0.9999990956394775,0.7856458176982628,37,interleaved
37134,134,0,0.44546958126595715,0.5572979778151846,37,interleaved
37135,135,0,0.4173011519467847,0.7075557937111356,37,interleaved
37136,136,0,0.9655250263368291,0.5134764017105758,37,interleaved
37137,137,0,0.6296837338935053,0.5620438109405699,37,interleaved
37138,138,0,0.9595157701367473,0.8001624228923412,37,interleaved
37139,139,0,0.007102735820076136,0.940348309234584,37,interleaved
37140,140,0,0.500015633215959,0.8476709352040652,37,interleaved
37141,141,0,0.9993199686028102,0.526893219063147,37,interleaved
37142,142,0,0.6680290957867159,0.585762244013463,37,interleaved
37143,143,0,0.8331941053492247,0.42139830613149887,37,interleaved
37144,144,0,0.5177440329162165,0.6656292080896243,37,interleaved
37145,145,0,0.3468164020372879,0.500050171895147,37,interleaved
37146,146,0,0.444937114116487,0.714270726389019,37,interleaved
37147,147,0,0.15922406845787593,0.903916017902735,37,interleaved
37148,148,0,0.4970129050081476,0.5133382247934737,37,interleaved
37149,149,0,0.5293417527793695,0.6458063811071819,37,interleaved
37150,150,0,0.49675434874730745,0.6626205008455284,37,interleaved
37151,151,0,0.49426116577225593,0.6015997653554164,37,interleaved
37152,152,0,0.6672216835703697,0.7014625097516672,37,interleaved
37153,153,0,0.42658055617815777,0.47969005485879473,37,interleaved
37154,154,0,0.5092325437340653,0.48083579612642147,37,interleaved
37155,155,0,0.7755665211842704,0.6135721162975472,37,interleaved
37156,156,0,0.4995124745585216,0.7058538902248876,37,interleaved
37157,157,0,0.5259632878606537,1.1049601935215088,37,interleaved
37158,158,0,0.5000536113897202,0.7926765836919015,37,interleaved
37159,159,0,0.012227843242962751,0.5993770166492682,37,interleaved
37160,160,0,0.31916890442458823,0.7448190191439334,37,interleaved
37161,161,0,0.07884808957722451,0.7473287954544856,37,interleaved
37162,162,0,0.9257888812704133,0.49467158240247755,37,interleaved
37163,163,0,0.5205292524234967,0.3858749571147398,37,interleaved
37164,164,0,0.9462571019331911,0.5210772939544086,37,interleaved
37165,165,0,0.20406966065376234,0.8208121859053902,37,interleaved
37166,166,0,0.5012321014602935,0.9860916651052425,37,interleaved
37167,167,0,0.9845890723525994,0.5516589738586559,37,interleaved
37168,168,0,0.5030021230249042,0.6146692843938055,37,interleaved
37169,169,0,0.5014103220170124,0.5725323720369841,37,interleaved
37170,170,0,0.7446226111006062,0.48283548963207795,37,interleaved
37171,171,0,0.7414577859773029,0.811983072540774,37,interleaved
37172,172,0,0.1526235667776676,0.47609149088410513,37,interleaved
37173,173,0,0.6147976407859126,0.6805832617113631,37,interleaved
37174,174,0,0.49966699114810786,0.7319133112779954,37,interleaved
37175,175,0,0.7717715140431418,0.4172738806770172,37,interleaved
37176,176,0,0.5156951133373693,0.7151394331028753,37,interleaved
37177,177,0,0.6175197872508104,0.5583053694696636,37,interleaved
37178,178,0,0.919669630629468,0.2732520531575968,37,interleaved
37179,179,0,0.08129754718360045,0.6905016067001422,37,interleaved
37180,180,0,0.5341430447156442,0.5430532795206741,37,interleaved
37181,181,0,0.9775801536516269,0.4925969750424798,37,interleaved
37182,182,0,0.042348849365538586,0.8121902378866879,37,interleaved
37183,183,0,0.9837248216707799,0.40788607054249076,37,interleaved
37184,184,0,0.9982112240348068,0.3807965800085098,37,interleaved
37185,185,0,0.5041069245152024,0.5835100392950214,37,interleaved
37186,186,0,0.4999089238309267,0.741828189077371,37,interleaved
37187,187,0,0.7855145593778613,0.7045227791084077,37,interleaved
37188,188,0,0.7584224001640454,0.6634125762247693,37,interleaved
37189,189,0,0.617891868402893,0.6347052169393805,37,interleaved
37190,190,0,0.5001302875620824,0.9151984613073016,37,interleaved
37191,191,0,0.51437415925657,0.8290075523443687,37,interleaved
37192,192,0,0.9978919858021433,0.29329611404525263,37,interleaved
37193,193,0,0.010994379525889015,0.739326881403857,37,interleaved
37194,194,0,0.5010474741098313,0.7465131711590063,37,interleaved
37195,195,0,0.6645944271870186,0.4385573872734105,37,interleaved
37196,196,0,0.5082262978548712,0.6046132994321882,37,interleaved
37197,197,0,0.04271218238400563,0.9164264920282408,37,interleaved
37198,198,0,0.005009109488677353,0.8558287940508106,37,interleaved
37199,199,0,0.48126805897317804,0.4616433161874036,37,interleaved
37200,0,0,0.8038761890206476,0.8618960797724535,37,blocked
37201,1,0,0.5755872719057125,0.4825328568969336,37,blocked
37202,2,0,0.8763065592511625,0.4354297893630532,37,blocked
37203,3,0,0.7466898668329209,0.46302987964319864,37,blocked
37204,4,0,0.5238245926686256,0.5647231421610212,37,blocked
37205,5,0,0.021880837415175512,0.4952335114227489,37,blocked
37206,6,0,0.7878612771007737,0.3749784597653514,37,blocked
37207,7,0,0.07570056512908702,0.6566709298535178,37,blocked
37208,8,0,0.9977192953560821,0.7263289128916381,37,blocked
37209,9,0,0.31971030428129615,0.6523423964573172,37,blocked
37210,10,0,0.2618783623253868,0.8439877756336546,37,blocked
37211,11,0,0.992518554653573,0.5896388959840515,37,blocked
37212,12,0,0.8839459149387379,0.5304305898548793,37,blocked
37213,13,0,0.8285458474856364,0.5910438000027683,37,blocked
37214,14,0,0.007931689572314304,0.6147641624846234,37,blocked
37215,15,0,0.918269542423101,0.5603049349758404,37,blocked
37216,16,0,0.5006549010020095,0.6550800465023355,37,blocked
37217,17,0,0.047618831970026546,0.6531537927557529,37,blocked
37218,18,0,0.307587195701766,0.4155585845255677,37,blocked
37219,19,0,0.6450551791046311,0.5213508874009677,37,blocked
37220,20,0,0.45959807214907694,0.7957450334376426,37,blocked
37221,21,0,0.0180284431214549,0.8067498799104784,37,blocked
37222,22,0,0.5523757082898272,0.7673935248212539,37,blocked
37223,23,0,0.7301728238572389,0.7941866059127257,37,blocked
37224,24,0,0.8774418005716993,0.5144591316484807,37,blocked
37225,25,0,0.9152368040176941,0.5345817988104522,37,blocked
37226,26,0,0.9035460660867035,0.8649318816134901,37,blocked
37227,27,0,0.35016238129122035,0.6962150493284206,37,blocked
37228,28,0,0.9734426980842603,0.3313269946458018,37,blocked
37229,29,0,0.9969003808605728,0.395249212414334,37,blocked
37230,30,0,0.44795432731985035,0.5598809014143296,37,blocked
37231,31,0,0.00710300693798081,0.8810788098654139,37,blocked
37232,32,0,0.9567438829941324,0.9277207687154049,37,blocked
37233,33,0,0.48746728689499663,1.1127641715640668,37,blocked
37234,34,0,0.9686816588648124,0.5078022053414402,37,blocked
37235,35,0,0.879884089620963,0.46129922700826803,37,blocked
37236,36,0,0.14832810730309476,0.5765091609874116,37,blocked
37237,37,0,0.723594828628448,0.5307738769195269,37,blocked
37238,38,0,0.9932111499309859,0.41993810869830095,37,blocked
37239,39,0,0.32955458306718727,0.6596370435005958,37,blocked
37240,40,0,0.3788020000061902,0.8458254539812289,37,blocked
37241,41,0,0.9944989417113819,0.6910453780853155,37,blocked
37242,42,0,0.05335178026424943,0.5681674470224756,37,blocked
37243,43,0,0.44140833067676266,0.7930370330478147,37,blocked
37244,44,0,0.9319767341640064,0.2802763047195582,37,blocked
37245,45,0,0.0022219964161591214,0.7983372827832698,37,blocked
37246,46,0,0.5254351730790258,0.7765778152077135,37,blocked
37247,47,0,0.01851044311920666,0.8978556558599327,37,blocked
37248,48,0,0.5535683434624656,0.515733438715208,37,blocked
37249,49,0,0.06927279783411586,0.6365475231857483,37,blocked
37250,50,0,0.143695080729913,0.7010312458642757,37,blocked
37251,51,0,0.5143787904555264,0.5453917288182875,37,blocked
37252,52,0,0.49184248934857216,0.7740711550204665,37,blocked
37253,53,0,0.0345132211004372,1.0150465704900908,37,blocked
37254,54,0,0.9981831378930199,0.7899309781267325,37,blocked
37255,55,0,0.859803679693242,0.7911552454465083,37,blocked
37256,56,0,0.4516571776159543,0.64595914564359,37,blocked
37257,57,0,0.34341901194137836,0.7104697855938059,37,blocked
37258,58,0,0.9623431452882997,0.7070550890028297,37,blocked
37259,59,0,0.9665191320183817,0.6401679244858585,37,blocked
37260,60,0,0.5802628167516307,1.0452541718836952,37,blocked
37261,61,0,0.31419762112865,0.5925028016820715,37,blocked
37262,62,0,0.690190730521061,0.805591465282594,37,blocked
37263,63,0,0.6709806090520514,1.2106264990789715,37,blocked
37264,64,0,0.3888775163463664,0.9481345201894285,37,blocked
37265,65,0,0.425100203836038,0.6602002977952357,37,blocked
37266,66,0,0.9643860097999963,0.4877735023273303,37,blocked
37267,67,0,0.3788743879960458,0.7111023165216115,37,blocked
37268,68,0,0.9885550681576667,0.9236223995579729,37,blocked
37269,69,0,0.6831421715056658,0.5823318154801373,37,blocked
37270,70,0,0.5952084641856143,0.6395872894396271,37,blocked
37271,71,0,0.9766973638109012,0.5463877723964152,37,blocked
37272,72,0,0.9782868123328525,0.3730643405659176,37,blocked
37273,73,0,0.9991703469290216,0.6488095544162049,37,blocked
37274,74,0,0.49280116135655505,0.7804786556255686,37,blocked
37275,75,0,0.30230266608930767,0.7299115609921232,37,blocked
37276,76,0,0.9943017945599946,0.39480751154070237,37,blocked
37277,77,0,0.5721804278901874,0.3451735328569823,37,blocked
37278,78,0,0.5206289037455172,0.7426468598188518,37,blocked
37279,79,0,0.6408338280302981,0.5620677339545274,37,blocked
37280,80,0,0.16309201445280483,0.6193201820903989,37,blocked
37281,81,0,0.9964396194263797,0.6845947031427482,37,blocked
37282,82,0,0.07962207309851428,0.9484163609212446,37,blocked
37283,83,0,5.9816382184706196e-05,1.0162491625811514,37,blocked
37284,84,0,0.8712306964183371,0.38065103877264395,37,blocked
37285,85,0,0.9627575309824365,0.5170951362665696,37,blocked
37286,86,0,0.9999599972208235,0.9719145533662271,37,blocked
37287,87,0,0.6395773102803259,0.7624994222002339,37,blocked
37288,88,0,0.48030033856667015,0.34775888605659416,37,blocked
37289,89,0,0.8988442725981174,0.5685868604138329,37,blocked
37290,90,0,0.01926644380157794,0.8171938270767318,37,blocked
37291,91,0,0.5642710398569021,0.9014207715410055,37,blocked
37292,92,0,0.017970762916096766,0.9988028777109852,37,blocked
37293,93,0,0.9997967737933773,0.5328013701457369,37,blocked
37294,94,0,0.4924786287591721,0.605952011756268,37,blocked
37295,95,0,0.7975350892023982,0.6795333920756157,37,blocked
37296,96,0,0.2510229974566724,0.620520897793295,37,blocked
37297,97,0,0.9901354444762065,0.37078918225316704,37,blocked
37298,98,0,0.4329046023453449,0.5521739223673439,37,blocked
37299,99,0,0.9898227224689626,0.9061983568018086,37,blocked
37300,100,0,0.8572168395483014,1.0244749129853477,37,blocked
37301,101,0,0.7052909456800354,0.4641991773534976,37,blocked
37302,102,0,0.4741134010929276,0.5768086320681158,37,blocked
37303,103,0,0.9985098521291613,0.5906139194144908,37,blocked
37304,104,0,0.4504972253210797,0.9744478547882602,37,blocked
37305,105,0,0.004030310893577365,0.6869876984942844,37,blocked
37306,106,0,0.6065822683372452,0.35344523825541435,37,blocked
37307,107,0,0.4046809499286689,0.5516522351507045,37,blocked
37308,108,0,0.9501907537365573,0.41542751303399367,37,blocked
37309,109,0,0.5295993220092637,0.6044606300035151,37,blocked
37310,110,0,0.9998055127611865,0.941151859781242,37,blocked
37311,111,0,0.6146316898211686,0.8171546667411442,37,blocked
37312,112,0,0.981121865038046,0.47833550105850964,37,blocked
37313,113,0,0.1320512247164389,0.7843600398248647,37,blocked
37314,114,0,0.9985880428446487,0.44771263280817586,37,blocked
37315,115,0,0.9998352527501284,0.6100078207561045,37,blocked
37316,116,0,0.5014291094272038,0.9648442565287345,37,blocked
37317,117,0,0.8029477765354445,0.7160108040384695,37,blocked
37318,118,0,0.459513195808072,0.7688840087255786,37,blocked
37319,119,0,0.4570792904313966,0.47390647236321026,37,blocked
37320,120,0,0.43788505609615813,0.5807668662161457,37,blocked
37321,121,0,0.23025618900913522,1.0393711399808618,37,blocked
37322,122,0,0.0011285972985251897,1.1518472559758468,37,blocked
37323,123,0,0.9877959603078641,0.4832817212672762,37,blocked
37324,124,0,0.5021537271262004,0.6003281636040327,37,blocked
37325,125,0,0.9859646646934752,0.344037072459365,37,blocked
37326,126,0,0.19309928336802587,0.8100989127060323,37,blocked
37327,127,0,0.9940053287731907,0.4630510451023401,37,blocked
37328,128,0,0.6390714940825464,0.7048061642608674,37,blocked
37329,129,0,0.05617692571431702,0.8276521577158247,37,blocked
37330,130,0,0.6951094434490401,0.5752606725464874,37,blocked
37331,131,0,0.15600236635052436,0.9469318938924447,37,blocked
37332,132,0,0.48704734031678215,0.7398338595715355,37,blocked
37333,133,0,0.9592496856262633,0.3641619136698183,37,blocked
37334,134,0,0.785706246801909,0.4250121603879082,37,blocked
37335,135,0,0.008686475741041555,0.7703573000065647,37,blocked
37336,136,0,0.4741515773972514,0.9074153555082174,37,blocked
37337,137,0,0.5003360517717254,0.6688182172430829,37,blocked
37338,138,0,0.9210523139317193,0.3816185796555547,37,blocked
37339,139,0,0.8551265662094523,0.5582137551249631,37,blocked
37340,140,0,0.9997691924034104,0.5858367902677861,37,blocked
37341,141,0,0.29513769268315754,0.7434180072830694,37,blocked
37342,142,0,0.7285105412706622,0.5842114081976939,37,blocked
37343,143,0,0.8124823599863039,0.6071220887136204,37,blocked
37344,144,0,0.5001085402607496,0.9397044029077879,37,blocked
37345,145,0,0.833576899517651,0.638082462131146,37,blocked
37346,146,0,0.6396802969439123,0.7455832563320628,37,blocked
37347,147,0,0.48753765009554656,0.9682322644435754,37,blocked
37348,148,0,0.4363527798105916,0.7866296890764524,37,blocked
37349,149,0,0.9587754118818995,0.6225519191434825,37,blocked
37350,150,0,0.23111283181840783,0.8210675874437685,37,blocked
37351,151,0,0.12034483717336276,0.8508681392512756,37,blocked
37352,152,0,0.6750401508168878,0.5826265362868605,37,blocked
37353,153,0,0.9870349294600737,0.48478268376086386,37,blocked
37354,154,0,0.7200239660248071,0.466283746649006,37,blocked
37355,155,0,0.9632261117684797,0.4223475073349668,37,blocked
37356,156,0,0.9999455019501193,0.5650660879059533,37,blocked
37357,157,0,0.5017334842209835,0.43812776667373904,37,blocked
37358,158,0,0.9739807501718314,0.5012403113805683,37,blocked
37359,159,0,0.7431313538302926,0.4782495952180125,37,blocked
37360,160,0,0.6870856325961842,0.6094620292896247,37,blocked
37361,161,0,0.9874958670758395,0.45218747926128156,37,blocked
37362,162,0,0.6237365123266907,0.4483537002086446,37,blocked
37363,163,0,0.971114856873863,0.4655777136221474,37,blocked
37364,164,0,0.5111252416274021,0.549169106503208,37,blocked
37365,165,0,0.49894775240476336,0.47287161965783,37,blocked
37366,166,0,0.8910231129482598,0.37269011739598,37,blocked
37367,167,0,0.3554943604926252,1.0464712344103784,37,blocked
37368,168,0,0.0064798436300192415,0.9279152107608799,37,blocked
37369,169,0,0.5374737420325759,0.6004450692334479,37,blocked
37370,170,0,0.7985668413231826,0.8074574886437194,37,blocked
37371,171,0,0.4998729279531472,0.9534255672001287,37,blocked
37372,172,0,0.44433807398635855,0.6903409984034361,37,blocked
37373,173,0,0.010462010122589686,0.6463935210458491,37,blocked
37374,174,0,0.368255701972524,0.6534454019589346,37,blocked
37375,175,0,0.9182737480836788,0.8872471559562857,37,blocked
37376,176,0,0.510652939726196,0.44971996998652275,37,blocked
37377,177,0,0.9438315807594655,0.44897861070115547,37,blocked
37378,178,0,0.5070782428419531,0.5474889960282745,37,blocked
37379,179,0,0.9015554338780387,0.5735065564599832,37,blocked
37380,180,0,0.8914618893882003,0.45114401106173974,37,blocked
37381,181,0,0.6901474806402025,0.9819244111729006,37,blocked
37382,182,0,0.8736494150863368,0.5456082513821646,37,blocked
37383,183,0,0.4771519624289825,0.9773860097252034,37,blocked
37384,184,0,0.9936186255793521,0.6254510524912293,37,blocked
37385,185,0,0.04976660299378869,0.8257184865846248,37,blocked
37386,186,0,0.5023737326386827,0.8892899789468564,37,blocked
37387,187,0,0.500229672789505,0.7983054648934886,37,blocked
37388,188,0,0.12148689400113305,0.8518199403716866,37,blocked
37389,189,0,0.13402006791808807,0.563640889842568,37,blocked
37390,190,0,0.43058189521180007,0.5516371636031937,37,blocked
37391,191,0,0.8978756857215402,0.5364917922135093,37,blocked
37392,192,0,0.8275357386783839,0.6012945514304113,37,blocked
37393,193,0,0.7197988548919774,0.38754081559495657,37,blocked
37394,194,0,0.7245305582394783,0.486763346330475,37,blocked
37395,195,0,0.32656475367660004,0.7213641022744389,37,blocked
37396,196,0,0.4931060182296954,0.5067391657477284,37,blocked
37397,197,0,0.8462021419732948,0.4040380337151199,37,blocked
37398,198,0,0.032302928835834493,0.6444522460334448,37,blocked
37399,199,0,0.0016682693972867946,0.9586964397168245,37,blocked
37400,0,0,0.22149299007703976,0.766353094580172,37,early
37401,1,0,0.44136798304882896,0.8019165036216842,37,early
37402,2,0,0.22708496208011136,0.5800379634803503,37,early
37403,3,0,0.5052595009085252,0.8623356289671693,37,early
37404,4,0,0.5852066873715003,0.524350801834471,37,early
37405,5,0,0.19973191240779165,0.696095567585072,37,early
37406,6,0,0.7169917964398368,0.6838201609272085,37,early
37407,7,0,0.49743153858744316,0.7399087791139591,37,early
37408,8,0,0.49229569010968266,0.6717458728013765,37,early
37409,9,0,0.07720912414075277,0.8378130275733817,37,early
37410,10,0,0.8940487289449703,0.5197330154989007,37,early
37411,11,0,0.40658873091935666,0.7086242562783649,37,early
37412,12,0,0.500435465031964,0.7430992572426127,37,early
37413,13,0,0.5481713879672658,0.5653620602400675,37,early
37414,14,0,0.5126704980664011,0.6595866068437259,37,early
37415,15,0,0.6486545508877384,0.6237427549866332,37,early
37416,16,0,0.5029218148675819,0.6852239587678299,37,early
37417,17,0,0.9778347869285159,0.5637934396704354,37,early
37418,18,0,0.4877975259596294,1.2146536058298696,37,early
37419,19,0,0.5583780585581064,0.5856807628241234,37,early
37420,20,0,0.4686994547232463,1.0176224259206175,37,early
37421,21,0,0.9390472039934532,0.5102124088429674,37,early
37422,22,0,0.5172318486881571,0.48973037056489055,37,early
37423,23,0,0.5131903168058941,0.9540842091665558,37,early
37424,24,0,0.4991621178940948,1.0514231644694974,37,early
37425,25,0,0.7776148987226936,0.7536093707001559,37,early
37426,26,0,0.7959912930057924,0.7285068943879035,37,early
37427,27,0,0.500027177420031,1.4078766834699898,37,early
37428,28,0,0.5830577662318689,0.654723072129354,37,early
37429,29,0,0.490402174306801,0.878978902162296,37,early
37430,30,0,0.507105293816315,0.5956389518188885,37,early
37431,31,0,0.9420025005323359,0.5462812283572607,37,early
37432,32,0,0.2548249113743215,0.546189306836668,37,early
37433,33,0,0.2838774707938179,0.8111393371141704,37,early
37434,34,0,0.4989507136663806,1.0482181689712027,37,early
37435,35,0,0.7349875396906139,0.3985278043887604,37,early
37436,36,0,0.335691938215962,0.9652088550685769,37,early
37437,37,0,0.537750853032142,0.7580817049041626,37,early
37438,38,0,0.44107599508675266,0.590548243396748,37,early
37439,39,0,0.48962352385436736,0.7068762975750672,37,early
37440,40,0,0.625562376078501,0.7134536123195734,37,early
37441,41,0,0.7825725549145013,0.6898471075492545,37,early
37442,42,0,0.3406949277533039,0.6215944320901461,37,early
37443,43,0,0.8120053972821887,0.5493060559336549,37,early
37444,44,0,0.4739501375682373,0.8362469768122073,37,early
37445,45,0,0.9706164927380794,0.729439941810557,37,early
37446,46,0,0.9929213059909623,0.5934942819686551,37,early
37447,47,0,0.012762228491577439,0.5142753339259154,37,early
37448,48,0,0.5480106317022229,0.804305524329591,37,early
37449,49,0,0.45613094114598335,0.8105746527716451,37,early
37450,50,0,0.9992459200908953,0.6809962965933027,37,early
37451,51,0,0.5974752960625863,0.4406822293718571,37,early
37452,52,0,0.9945612964938627,0.49319141330544736,37,early
37453,53,0,0.5431353892227483,0.8363017030033082,37,early
37454,54,0,0.9586084480396199,0.6664899589185227,37,early
37455,55,0,0.32435649708980707,0.7841914154308862,37,early
37456,56,0,0.00040978524945564415,0.9046857963077846,37,early
37457,57,0,0.9379953011120324,0.2741290015184098,37,early
37458,58,0,0.0003949148774230852,0.8966246022899669,37,early
37459,59,0,0.03220329367238534,0.3560678312053007,37,early
37460,60,0,0.9918110146423689,0.6682220631641083,37,early
37461,61,0,0.0030680528345092906,0.898695157928145,37,early
37462,62,0,0.9965961712907434,0.47072282198963317,37,early
37463,63,0,0.9998317041832275,0.5602473813971255,37,early
37464,64,0,0.8726244239250325,0.5873719907668737,37,early
37465,65,0,0.07510385848574178,0.7625109341283492,37,early
37466,66,0,0.8035938147552926,0.5759954044193163,37,early
37467,67,0,0.9788498202793472,0.39497623393600817,37,early
37468,68,0,0.9958996192767284,0.342825635661019,37,early
37469,69,0,0.541328859369413,0.805359679919583,37,early
37470,70,0,0.5089185404243944,0.7411755319449153,37,early
37471,71,0,0.9967036963549623,0.5415369522840823,37,early
37472,72,0,0.8720671927259479,0.6181189772836502,37,early
37473,73,0,0.9999891109558614,0.6030031463643309,37,early
37474,74,0,0.9908944977489887,0.6451225478460875,37,early
37475,75,0,0.40894922982093546,0.5670481732921606,37,early
37476,76,0,0.5908965470582259,0.5374302227220623,37,early
37477,77,0,0.03666934380336432,0.8440652354366911,37,early
37478,78,0,0.3150934063617308,0.6502590490660141,37,early
37479,79,0,0.500511772380044,1.1681346291524708,37,early
37480,80,0,0.994737776718552,0.8671380294194175,37,early
37481,81,0,0.9931063652116122,0.535797923142286,37,early
37482,82,0,0.2293837133157477,0.8056046320442944,37,early
37483,83,0,0.4248896671024838,0.5703924042770201,37,early
37484,84,0,0.6135723442192615,0.5584009376725407,37,early
37485,85,0,0.9663224672103646,0.6480282647356064,37,early
37486,86,0,0.4638832869722784,0.4970149748997712,37,early
37487,87,0,0.23071294920379554,0.6781724167421339,37,early
37488,88,0,0.6589274770994196,0.7720696658813101,37,early
37489,89,0,0.1241227597097588,1.042898996917421,37,early
37490,90,0,0.7802061680423198,0.7168956562275696,37,early
37491,91,0,0.9203720202338624,0.5922765930914708,37,early
37492,92,0,0.5402899004693189,0.5610118015589647,37,early
37493,93,0,0.03868267053775143,0.8450880494018334,37,early
37494,94,0,0.546190666802225,0.8199255257535287,37,early
37495,95,0,0.9989875606167917,0.3750385348288765,37,early
37496,96,0,0.5253338872891692,0.7660656096960186,37,early
37497,97,0,0.9604918363436867,0.7847642475854775,37,early
37498,98,0,0.8892654236451534,0.5332630438510152,37,early
37499,99,0,0.6371247076488762,0.5894874913944932,37,early
37500,100,0,0.7125132457323746,0.6072894637927161,37,early
37501,101,0,0.9704373176749798,0.44696784334437756,37,early
37502,102,0,0.6148667011859555,0.45438445576877073,37,early
37503,103,0,0.9916200432588151,0.3663156390475236,37,early
37504,104,0,0.6821068759731327,0.4459328508817807,37,early
37505,105,0,0.10813328292252991,0.8281878662420069,37,early
37506,106,0,0.5567276069789944,0.7141817226855094,37,early
37507,107,0,0.3885779514488499,0.4522692334230083,37,early
37508,108,0,0.6953795097117654,0.4179809931985361,37,early
37509,109,0,0.17044440228326327,0.6681643867150977,37,early
37510,110,0,0.537907499929269,0.8331187626575597,37,early
37511,111,0,0.5270960357514973,0.7116735097740725,37,early
37512,112,0,0.9069521464087007,0.2998297797972958,37,early
37513,113,0,0.9902201527398335,0.5872829375176825,37,early
37514,114,0,0.5087854163046243,0.7491072339638177,37,early
37515,115,0,0.49803936594078274,0.707839022387371,37,early
37516,116,0,0.8326373538497605,0.6684159544802707,37,early
37517,117,0,0.9653352207592378,0.42089303290962454,37,early
37518,118,0,0.6155556326831428,0.38669183019260317,37,early
37519,119,0,0.9960758804077932,0.7195142990172281,37,early
37520,120,0,0.622418648443694,0.7131984707538139,37,early
37521,121,0,0.6822621185716813,0.6397691056588715,37,early
37522,122,0,0.7750354549299907,0.6378201659290961,37,early
37523,123,0,0.7379572477274188,0.679227936477093,37,early
37524,124,0,0.6126014390892554,0.6213242436912387,37,early
37525,125,0,0.44958250770660696,0.615753000297842,37,early
37526,126,0,0.9602058137147647,0.5540058138323595,37,early
37527,127,0,0.9986601064244351,0.524573363055765,37,early
37528,128,0,0.5331213873938474,0.6298647933213662,37,early
37529,129,0,0.5277601315626655,1.0211104758080713,37,early
37530,130,0,0.44111933867822606,0.47856544107566773,37,early
37531,131,0,0.9199497255149636,0.522405369659417,37,early
37532,132,0,0.4711286046952483,0.9272490853997057,37,early
37533,133,0,0.5031869618732683,0.81670200676902,37,early
37534,134,0,0.9558504581111593,0.44542272000562466,37,early
37535,135,0,0.9981374897812125,0.7690466678833545,37,early
37536,136,0,0.552005868093296,0.8765376157720141,37,early
37537,137,0,0.9728325260112411,0.5329248982476418,37,early
37538,138,0,0.6205825313395537,0.5209492678371637,37,early
37539,139,0,0.8872378172777717,0.6162284194829438,37,early
37540,140,0,0.9868795543134643,0.4165035863364823,37,early
37541,141,0,0.0016028486471424644,0.8290350967094376,37,early
37542,142,0,0.5458341096346611,0.8621478353762432,37,early
37543,143,0,0.9936001543819304,0.698092825998053,37,early
37544,144,0,0.4998055241959646,0.6411002793079223,37,early
37545,145,0,0.7843583165728027,0.7335893909650183,37,early
37546,146,0,0.6531829407137885,0.45288852108330774,37,early
37547,147,0,0.9816907913113873,0.743986681694035,37,early
37548,148,0,0.4965043042943952,0.8399592187831522,37,early
37549,149,0,0.5340797679149749,0.6115899508559852,37,early
37550,150,0,0.5752085670261728,0.5021140209574949,37,early
37551,151,0,0.09055705225986559,0.8592779950750218,37,early
37552,152,0,0.9514982674781236,0.6628180053715018,37,early
37553,153,0,0.9692818555020374,0.5622894416303034,37,early
37554,154,0,0.8567224142725699,0.6186747568168371,37,early
37555,155,0,0.616329080160791,0.456161600747392,37,early
37556,156,0,0.6078800815388258,0.5373974603877701,37,early
37557,157,0,0.9127931514640696,0.7263035081666942,37,early
37558,158,0,0.991758339141801,0.8041707563472122,37,early
37559,159,0,0.9999782912734541,0.6427837072478351,37,early
37560,160,0,0.9569720199957908,0.5126537669384623,37,early
37561,161,0,0.9340472890795571,0.8457060288335168,37,early
37562,162,0,0.733575700019911,0.7460325791939234,37,early
37563,163,0,0.831313089418257,0.45033716462609724,37,early
37564,164,0,0.6221626636376981,0.4244076748888918,37,early
37565,165,0,0.5229282401692851,1.0280170714946821,37,early
37566,166,0,0.07748702949184953,0.8692705485309058,37,early
37567,167,0,0.9995217839338222,0.7568505408512646,37,early
37568,168,0,0.5335479084976693,0.5123295762052624,37,early
37569,169,0,0.5084976001209707,0.7206491849304446,37,early
37570,170,0,0.26374269157737484,0.42415167695361056,37,early
37571,171,0,0.49910737573083613,0.8576238983297177,37,early
37572,172,0,0.5494094598569145,0.45764049589589345,37,early
37573,173,0,0.49572137171334013,0.7040596840269786,37,early
37574,174,0,0.9122570125491758,0.40302808043212934,37,early
37575,175,0,0.6152884387712357,0.5810598560866191,37,early
37576,176,0,0.0035787052502720892,0.7913022338474927,37,early
37577,177,0,0.5266534841711026,0.8370831235662921,37,early
37578,178,0,0.507278834672331,0.7936980042741222,37,early
37579,179,0,0.5769895681484537,0.5178842406695331,37,early
37580,180,0,0.877541129212247,0.49877074940917965,37,early
37581,181,0,0.9704727713106565,0.4883854074217595,37,early
37582,182,0,0.925014751955511,0.6835064074260305,37,early
37583,183,0,0.5456443307007481,0.6958737072003236,37,early
37584,184,0,0.12502607653566788,0.5380388738285615,37,early
37585,185,0,0.9003260147126777,0.4653448066262246,37,early
37586,186,0,0.8612542293264074,0.3675561915115549,37,early
37587,187,0,0.9450168306160893,0.5985100587451003,37,early
37588,188,0,0.20560396613607956,0.635236827182635,37,early
37589,189,0,0.962673698666854,0.735563595461006,37,early
37590,190,0,0.00842169093161917,0.9591139523865991,37,early
37591,191,0,0.9600373526341408,0.3919889088053665,37,early
37592,192,0,0.09803118102369048,0.6924818077532962,37,early
37593,193,0,0.49636804789846883,0.6524244716422329,37,early
37594,194,0,0.410073247416304,0.9835766677326252,37,early
37595,195,0,0.20734015364557115,0.5934748870487505,37,early
37596,196,0,0.7645011081085898,0.5201907803482408,37,early
37597,197,0,0.9693846140128456,0.4250203300740207,37,early
37598,198,0,0.7847209943244037,0.4343356209936625,37,early
37599,199,0,0.9967666791250409,0.5627040731456647,37,early
37600,0,0,0.047859242716312936,1.0756214197307739,37,middle
37601,1,0,0.9063273028940768,0.6398205222389312,37,middle
37602,2,0,0.6611119697715172,0.4525829712357707,37,middle
37603,3,0,0.5359872635644173,0.4979334340566214,37,middle
37604,4,0,0.5088442366462348,0.8485046088201516,37,middle
37605,5,0,0.928931510056235,0.5185810722474373,37,middle
37606,6,0,0.5192955640108806,0.718433978181297,37,middle
37607,7,0,0.5473004530558564,0.5423789702074151,37,middle
37608,8,0,0.44564893665167715,0.7982480473518876,37,middle
37609,9,0,0.27549332308053487,0.5465740689979062,37,middle
37610,10,0,0.02783501799017534,0.9263911680800253,37,middle
37611,11,0,0.9346263641626988,0.6584984635735702,37,middle
37612,12,0,0.5670659894142303,0.548914015368847,37,middle
37613,13,0,0.5111678043801139,0.635975653403432,37,middle
37614,14,0,0.005308506719627712,0.9719219527313951,37,middle
37615,15,0,0.5204645923516824,0.6816731238469493,37,middle
37616,16,0,0.98207871868243,0.7369463866376993,37,middle
37617,17,0,0.7396796747734309,0.493850584596787,37,middle
37618,18,0,0.4956634539968348,0.4980010984082014,37,middle
37619,19,0,0.5340937885840176,0.5805656109459886,37,middle
37620,20,0,0.49389454100054514,0.9219686784048273,37,middle
37621,21,0,0.558806327048797,0.7120465057938824,37,middle
37622,22,0,0.5567892167677826,0.5735350878098815,37,middle
37623,23,0,0.47898320009954737,0.7851090797229605,37,middle
37624,24,0,0.5115446856327356,0.6048421037657631,37,middle
37625,25,0,0.9703389910482937,0.8340214796097898,37,middle
37626,26,0,0.4996884738438156,0.8689317081230692,37,middle
37627,27,0,0.48850363554327525,0.9061761087853585,37,middle
37628,28,0,0.4988609803945993,0.7252825399961998,37,middle
37629,29,0,0.25751399566085875,0.8310704584099857,37,middle
37630,30,0,0.5192289977195208,0.6254537594371242,37,middle
37631,31,0,0.9493065124373814,0.5970705756601511,37,middle
37632,32,0,0.9706427962680322,0.7777311424796057,37,middle
37633,33,0,0.44397350433319677,0.5030700356662346,37,middle
37634,34,0,0.6104060642369101,0.406231815696503,37,middle
37635,35,0,0.44123896872101137,0.8411260780621692,37,middle
37636,36,0,0.3832486591046865,1.2460193793901428,37,middle
37637,37,0,0.5888731550981159,0.787821795275389,37,middle
37638,38,0,0.6631961929846373,0.8747354154618738,37,middle
37639,39,0,0.5568567327627688,0.4489314554202333,37,middle
37640,40,0,0.49584170192597354,0.9111119659106902,37,middle
37641,41,0,0.5004015293469671,0.8331927416910163,37,middle
37642,42,0,0.852864576840063,0.8197308219962178,37,middle
37643,43,0,0.12547448344676174,1.1412152761030407,37,middle
37644,44,0,0.5000449680949207,0.9552531652225089,37,middle
37645,45,0,0.9619905129283487,0.5079122990360885,37,middle
37646,46,0,0.5257422049866683,0.5976509423651022,37,middle
37647,47,0,0.6613926475480583,0.7257739810133872,37,middle
37648,48,0,0.49632028533457584,0.7662328860764319,37,middle
37649,49,0,0.7634778833806279,1.0472175093943838,37,middle
37650,50,0,0.8052188757100921,0.6540123780089699,37,middle
37651,51,0,0.5077768936930344,0.9587145529310919,37,middle
37652,52,0,0.5021921592879894,0.996270592609849,37,middle
37653,53,0,0.16990283962731706,0.5127941230822137,37,middle
37654,54,0,0.8462457243524631,0.3823370030643659,37,middle
37655,55,0,0.5753657156928816,0.47782248204323285,37,middle
37656,56,0,0.5362542997297901,0.7097249674174979,37,middle
37657,57,0,0.9780644306656245,0.4870917108011168,37,middle
37658,58,0,0.34077092928887776,0.7120979282662002,37,middle
37659,59,0,0.9840369900264212,0.7290337583116983,37,middle
37660,60,0,0.5334254626952554,0.6992370065770747,37,middle
37661,61,0,0.9958109440907024,0.7616115572816645,37,middle
37662,62,0,0.9639164228298359,1.1024276915358708,37,middle
37663,63,0,0.703035257961619,1.0906506945126693,37,middle
37664,64,0,0.49912458048785907,0.939218771672801,37,middle
37665,65,0,0.6364816580979498,0.5973765298908118,37,middle
37666,66,0,0.6513519769499447,0.9564728248501259,37,middle
37667,67,0,0.43078583639425766,0.5868867103996076,37,middle
37668,68,0,0.5668544733447408,0.9199611629639475,37,middle
37669,69,0,0.5212005101324422,0.8194258815414479,37,middle
37670,70,0,0.9369416221033358,0.865952362521142,37,middle
37671,71,0,0.9888984555321161,0.79101382463364,37,middle
37672,72,0,0.9036284662698233,0.47469616575722645,37,middle
37673,73,0,0.612458028642078,0.6905494867529145,37,middle
37674,74,0,0.49852424412115953,0.9406860620843476,37,middle
37675,75,0,0.9941132910511974,1.27683855267693,37,middle
37676,76,0,0.9734187952345812,0.7958914187562489,37,middle
37677,77,0,0.6741845958222047,0.8958998637374552,37,middle
37678,78,0,0.49950353179850127,0.8278804867047926,37,middle
37679,79,0,0.8509496957365286,0.6437539532832015,37,middle
37680,80,0,0.44019193876196494,0.6066405828404434,37,middle
37681,81,0,0.02264153476967146,0.4821442025114342,37,middle
37682,82,0,0.0008482286332388889,1.286649224319743,37,middle
37683,83,0,0.566997207358044,0.6369739376614666,37,middle
37684,84,0,0.9951505339209767,0.8027400588929352,37,middle
37685,85,0,0.8785117505635819,0.831981804941147,37,middle
37686,86,0,0.9128011259455439,0.6658692111164559,37,middle
37687,87,0,0.01523645688560641,0.8608500526087459,37,middle
37688,88,0,0.38737166829286634,0.7534499431001171,37,middle
37689,89,0,0.07470922081699778,0.7917409301717193,37,middle
37690,90,0,0.460608026968015,0.5316724694620487,37,middle
37691,91,0,0.09589231483212944,0.8839856532350348,37,middle
37692,92,0,0.27880623405207244,1.018487113841517,37,middle
37693,93,0,0.9972836201909085,0.6179346988144702,37,middle
37694,94,0,0.6143479734784384,0.7999639554411349,37,middle
37695,95,0,0.9300206985055998,0.5042012817250972,37,middle
37696,96,0,0.9706477150826052,0.4154584792359314,37,middle
37697,97,0,0.6925951251216907,0.564383741165059,37,middle
37698,98,0,0.807881804561867,0.6930620998212886,37,middle
37699,99,0,0.9999651395831799,0.6447667719006773,37,middle
37700,100,0,0.4768486381239979,0.5140836484542958,37,middle
37701,101,0,0.07494515886384255,0.7468248237520825,37,middle
37702,102,0,4.2470218231841464e-05,0.9724708991341695,37,middle
37703,103,0,0.6544487029866131,0.6797977977427492,37,middle
37704,104,0,0.12068875251257172,0.8966577410726164,37,middle
37705,105,0,0.4392320169135936,0.922493281511823,37,middle
37706,106,0,0.3833822442178364,0.6900955383847189,37,middle
37707,107,0,0.9985855486954653,0.47268532270761465,37,middle
37708,108,0,0.9979092884645162,0.6394837245425068,37,middle
37709,109,0,0.8708634561121045,0.6086103348569727,37,middle
37710,110,0,0.5384918310166991,0.45727525094957344,37,middle
37711,111,0,0.9070033814295582,0.6436983074012819,37,middle
37712,112,0,0.08030386989102341,0.755547187038539,37,middle
37713,113,0,0.999914345842263,0.5971520427824282,37,middle
37714,114,0,0.9996204953289786,0.5590373868340334,37,middle
37715,115,0,0.9207348333088969,0.5010539641677715,37,middle
37716,116,0,0.9495446025557409,0.4689216850680138,37,middle
37717,117,0,0.6904203340958063,0.6537583986154373,37,middle
37718,118,0,0.9999732613945027,0.6819083740734017,37,middle
37719,119,0,0.06782606565122583,0.9360406333414378,37,middle
37720,120,0,0.9084617637093851,0.5099681823716126,37,middle
37721,121,0,0.9932599751980244,0.42710322997638117,37,middle
37722,122,0,0.4998228693589288,0.7110235035353543,37,middle
37723,123,0,0.39021834646376446,0.527691069763645,37,middle
37724,124,0,0.540148000371124,0.7586967169271861,37,middle
37725,125,0,0.40306669269751283,0.6194775392252527,37,middle
37726,126,0,0.4994590784261231,0.9882655376851842,37,middle
37727,127,0,0.9999432211808201,0.774867545646789,37,middle
37728,128,0,0.24610570973402315,0.43607761467298345,37,middle
37729,129,0,0.42333349832740985,0.5227143851379354,37,middle
37730,130,0,0.9989342842257984,0.3814251439082894,37,middle
37731,131,0,0.9889449751044929,0.4268724886913453,37,middle
37732,132,0,0.4999366372241996,0.9590213721433685,37,middle
37733,133,0,0.002647075267598627,0.9326423701510469,37,middle
37734,134,0,0.2328945893961244,0.8895588734783203,37,middle
37735,135,0,0.5025844456177453,1.0037900342619825,37,middle
37736,136,0,0.499790349878156,0.8957858567652871,37,middle
37737,137,0,0.5811886151860062,1.0895329826058233,37,middle
37738,138,0,0.12898777621017327,0.9937661780386646,37,middle
37739,139,0,0.5330840283244996,0.7894604496219313,37,middle
37740,140,0,0.5328782404449313,0.6696343848714659,37,middle
37741,141,0,0.7798022014030154,0.482978215814606,37,middle
37742,142,0,0.9713581355545375,0.796639254577105,37,middle
37743,143,0,0.03755903844248146,0.7492924632910147,37,middle
37744,144,0,0.81174007080338,0.5948834374358327,37,middle
37745,145,0,0.8361295306453191,0.5267006707768248,37,middle
37746,146,0,0.5030393932490151,0.6970466415246196,37,middle
37747,147,0,0.5033562879914147,0.43961374473570447,37,middle
37748,148,0,0.4817109358236862,0.7685373838158198,37,middle
37749,149,0,0.9446943837176673,0.6015170545360908,37,middle
37750,150,0,0.49891454928038026,0.7843538880951214,37,middle
37751,151,0,0.932755124233407,0.6156904747051202,37,middle
37752,152,0,0.042907006463600114,0.8602647828172549,37,middle
37753,153,0,0.49468799748347125,1.0397032274700093,37,middle
37754,154,0,0.5022653919661989,1.0615661015809443,37,middle
37755,155,0,0.9660240166632483,0.858270906926397,37,middle
37756,156,0,0.4768701384452543,0.8103686930279548,37,middle
37757,157,0,0.7623692561929009,0.4265449655559159,37,middle
37758,158,0,0.9558657905865284,0.7369168782375386,37,middle
37759,159,0,0.38429811871602626,0.7514074656774785,37,middle
37760,160,0,0.9294169878097442,0.5934089059643233,37,middle
37761,161,0,0.6998294277493562,0.4894600235276928,37,middle
37762,162,0,0.9999651340719169,0.7620989479470316,37,middle
37763,163,0,0.37145241035398396,0.7648072704652413,37,middle
37764,164,0,0.9338474505827512,0.40258085230051854,37,middle
37765,165,0,0.9954923196366561,0.35516624619023995,37,middle
37766,166,0,0.9989868602555478,0.6132045034301316,37,middle
37767,167,0,0.8782669854837335,0.49567327999480487,37,middle
37768,168,0,0.5005297377784038,0.9201997671746946,37,middle
37769,169,0,0.5051337517425397,0.6050795965233748,37,middle
37770,170,0,0.5325901667668546,0.5758352816392651,37,middle
37771,171,0,0.5150459325047254,0.8822192931524574,37,middle
37772,172,0,0.49429209912677124,0.9533939024921116,37,middle
37773,173,0,0.9949021372799085,0.6567144070239946,37,middle
37774,174,0,0.3237156990121946,0.7785891761060517,37,middle
37775,175,0,0.47477454684018144,0.7950963430615847,37,middle
37776,176,0,0.9053788347259389,0.4934049273141582,37,middle
37777,177,0,0.9045007914799836,0.5640463608436008,37,middle
37778,178,0,0.49485092313434503,0.6586230025861205,37,middle
37779,179,0,0.4865402663743827,0.6857416868824913,37,middle
37780,180,0,0.4963707313855685,0.866414409170452,37,middle
37781,181,0,0.49999543742264846,1.4117654937194453,37,middle
37782,182,0,0.999827780052092,0.6907349281670287,37,middle
37783,183,0,0.6983478463417768,0.4850594384613096,37,middle
37784,184,0,0.4956051049107102,0.5733335687448902,37,middle
37785,185,0,0.8119786435150627,0.48025097386395005,37,middle
37786,186,0,0.5005542296344502,0.6628836726697489,37,middle
37787,187,0,0.5003990863322163,0.5581072958389155,37,middle
37788,188,0,0.2436351206477064,0.708214475054538,37,middle
37789,189,0,0.6377280337245987,0.7907337020276223,37,middle
37790,190,0,0.6522345642263334,0.8154095336945286,37,middle
37791,191,0,0.2565343298323533,0.475958298278396,37,middle
37792,192,0,0.6205320634342515,0.5718998566101076,37,middle
37793,193,0,0.5004410073312276,1.0467413715137253,37,middle
37794,194,0,0.4325444811304129,0.8528468840454821,37,middle
37795,195,0,0.15257864791809106,0.6483069843982121,37,middle
37796,196,0,0.466196988881488,0.7975895504930508,37,middle
37797,197,0,0.6513380082619286,0.5754062665609982,37,middle
37798,198,0,0.7828164758921371,0.6177529364642494,37,middle
37799,199,0,0.4424040501271993,0.7973441180727381,37,middle
37800,0,0,0.3914257120750261,0.8547571693489278,37,late
37801,1,0,0.49606202433002194,0.5080758780927205,37,late
37802,2,0,0.052173156422288876,0.6822198000916668,37,late
37803,3,0,0.49260836520549145,0.7095703231015797,37,late
37804,4,0,0.387347813066207,0.6780903203208712,37,late
37805,5,0,0.72220371594947,0.6814736820495297,37,late
37806,6,0,0.1452709225553505,0.712001726596625,37,late
37807,7,0,0.5003016878560808,0.7376284623860769,37,late
37808,8,0,0.2973002975960144,0.458019941769656,37,late
37809,9,0,0.7036520683711844,0.5407118778723061,37,late
37810,10,0,0.9474613238426461,0.44582668181322516,37,late
37811,11,0,0.917038074055516,0.7011977161427694,37,late
37812,12,0,0.5765001591488508,0.6814870931837341,37,late
37813,13,0,0.49992395191519656,0.7528125640745577,37,late
37814,14,0,0.10352963920558779,0.4695834468462218,37,late
37815,15,0,0.5047511685246737,0.5465106133395842,37,late
37816,16,0,0.22844774171087273,0.49546955027321155,37,late
37817,17,0,0.5351739466974561,0.4428843318325477,37,late
37818,18,0,0.6450703578223473,0.5377506571339841,37,late
37819,19,0,0.592091928998429,0.4601772271293706,37,late
37820,20,0,0.43649843753712,0.6742618300290675,37,late
37821,21,0,0.5575471797149161,0.5471408098424745,37,late
37822,22,0,0.002930456359711982,0.7943651614781748,37,late
37823,23,0,0.49329757037793526,0.9396154940728725,37,late
37824,24,0,0.6577313409453529,0.3564895372598622,37,late
37825,25,0,0.5768771762852605,0.5300099348492315,37,late
37826,26,0,0.018326185742609066,0.9382429566233002,37,late
37827,27,0,0.48058526001094615,0.8335178977229071,37,late
37828,28,0,0.924980709044784,0.43573250989272205,37,late
37829,29,0,0.504163195808306,0.5733676870080264,37,late
37830,30,0,0.4600817738582929,0.599453080118442,37,late
37831,31,0,0.6118285015059399,0.7508311281059828,37,late
37832,32,0,0.6768125294380762,0.7474215889923359,37,late
37833,33,0,0.49716314674285894,0.9498016023581604,37,late
37834,34,0,0.0009305103305640918,0.865805023575706,37,late
37835,35,0,0.5036029144414893,0.9986660358192949,37,late
37836,36,0,0.499584932015456,0.9753104330195123,37,late
37837,37,0,0.5013460031433031,0.8717961189759778,37,late
37838,38,0,0.423521185227841,0.7160986530647472,37,late
37839,39,0,0.47370258677433613,0.5899136396219322,37,late
37840,40,0,0.554000522618638,0.6122786531826073,37,late
37841,41,0,0.5096370743025235,0.6599244498467982,37,late
37842,42,0,0.0018013911505267261,0.8053926695308558,37,late
37843,43,0,0.4998202673459481,0.9454181065494431,37,late
37844,44,0,0.47858752098326074,0.4501688176250427,37,late
37845,45,0,0.763167624653011,0.6045820251118253,37,late
37846,46,0,0.7616107402479265,0.7121744415199758,37,late
37847,47,0,0.5000045431661551,0.9621218759565602,37,late
37848,48,0,0.010935331108358858,0.9215914449132123,37,late
37849,49,0,0.16833305029205292,0.89827504541873,37,late
37850,50,0,0.00028360561588715717,0.959126429957108,37,late
37851,51,0,0.49996316607492997,1.023626881830277,37,late
37852,52,0,0.88206297446525,1.2785278146544523,37,late
37853,53,0,0.4653073553431387,0.8029993553622199,37,late
37854,54,0,0.0022316112415885618,0.8277575451862456,37,late
37855,55,0,0.500012125163709,0.9617363203727842,37,late
37856,56,0,0.6843351125734587,0.6332596797382878,37,late
37857,57,0,0.9019975716711304,0.5741669285720163,37,late
37858,58,0,0.9974668829178994,0.7872277339318987,37,late
37859,59,0,0.9390811926549215,0.614801646048059,37,late
37860,60,0,0.4286535358920875,1.0553409283552497,37,late
37861,61,0,0.49996975704460617,0.740498597942926,37,late
37862,62,0,0.4282674965612557,0.7280556740473924,37,late
37863,63,0,0.4684646044175946,0.8252635089353882,37,late
37864,64,0,0.9072015595076262,0.82234507253396,37,late
37865,65,0,0.5001164336373755,0.9617468572023393,37,late
37866,66,0,0.6022792492555744,0.6754339914133138,37,late
37867,67,0,0.45837105155438385,0.36947289080737766,37,late
37868,68,0,0.5039729046894473,0.431486554008467,37,late
37869,69,0,0.4877437676989993,0.7100328149848762,37,late
37870,70,0,0.6211695492620968,0.5763484498171925,37,late
37871,71,0,0.5040890332336464,0.7756689354055604,37,late
37872,72,0,0.004066307422842973,0.8504284634569306,37,late
37873,73,0,0.4915610019776205,0.45880608721303917,37,late
37874,74,0,0.0005788165971345413,1.0446299109604518,37,late
37875,75,0,0.5035622104485914,0.6544530572059853,37,late
37876,76,0,0.6876601340262014,0.5889485698053494,37,late
37877,77,0,0.4928110791368314,0.6915515357178599,37,late
37878,78,0,0.6566986231397482,0.6488166904211412,37,late
37879,79,0,0.49990146894351517,1.1327561478317574,37,late
37880,80,0,0.5015034828625353,0.6105488177357244,37,late
37881,81,0,0.9930126966317525,0.6750237694629406,37,late
37882,82,0,0.0009028770782339647,1.148179759369792,37,late
37883,83,0,0.29963723652433216,0.7121026293263168,37,late
37884,84,0,0.0031602464925626055,0.8379528239724567,37,late
37885,85,0,0.011332563722985814,0.7810768633995411,37,late
37886,86,0,0.40909645556982954,0.486295321834955,37,late
37887,87,0,0.27647913276515546,0.6828379835865999,37,late
37888,88,0,0.5912787520883149,0.5636254340229787,37,late
37889,89,0,0.9913955553619527,0.8074611371541707,37,late
37890,90,0,0.8661383740594624,0.7636251235077434,37,late
37891,91,0,0.2623429517759312,0.6040848575276507,37,late
37892,92,0,0.47226186974067685,1.2010400049449816,37,late
37893,93,0,1.4418626348254016e-05,0.9985726266039403,37,late
37894,94,0,0.004174488051849037,0.618556177767577,37,late
37895,95,0,0.2610803562930487,0.6843285062441983,37,late
37896,96,0,0.9350354593201173,0.8004302789891746,37,late
37897,97,0,0.5017135443734474,0.8220982803585919,37,late
37898,98,0,0.7174179729777825,0.9512125241533964,37,late
37899,99,0,0.999712433739744,0.6898879961747608,37,late
37900,100,0,0.9965635649907867,0.6179197268413417,37,late
37901,101,0,0.9183389612208959,0.6460397912358022,37,late
37902,102,0,0.408691215373388,0.9374745804946976,37,late
37903,103,0,1.3595021251522607e-05,1.5733289882921415,37,late
37904,104,0,0.00040408413654596006,0.906870997149082,37,late
37905,105,0,0.9557393105956797,0.7794702931747995,37,late
37906,106,0,0.46161565385568,0.8441209816244202,37,late
37907,107,0,0.5217531752951938,0.8025862885034047,37,late
37908,108,0,0.7542152059816853,0.6815371403012642,37,late
37909,109,0,0.5297987084677128,0.8977230507099461,37,late
37910,110,0,0.9999361408643783,1.0118412028117736,37,late
37911,111,0,0.20006242029190738,0.8136404961573391,37,late
37912,112,0,0.99938170654128,0.5545019288571967,37,late
37913,113,0,0.09111105760506422,0.5453698905128009,37,late
37914,114,0,0.3530438631497586,0.6196576833140794,37,late
37915,115,0,0.9921773081253646,1.0388312838914453,37,late
37916,116,0,0.030748952118501677,1.129858810338083,37,late
37917,117,0,0.9998734733573317,0.7854431681819387,37,late
37918,118,0,0.9945742489679439,0.4509608891562428,37,late
37919,119,0,0.708702644860346,0.586171180080236,37,late
37920,120,0,0.7725581949934488,0.5241489965638431,37,late
37921,121,0,0.29634522192720647,0.7950891178863249,37,late
37922,122,0,0.5487030407369059,0.8838196332731201,37,late
37923,123,0,0.9978788933983789,0.882916840523581,37,late
37924,124,0,0.47874819175599326,0.7788242577930017,37,late
37925,125,0,0.2507949598735435,0.7037258937618529,37,late
37926,126,0,0.08151866723929624,0.8406091095403512,37,late
37927,127,0,0.008729270199011995,0.8575813217909611,37,late
37928,128,0,0.057712638674956074,0.9546355617214711,37,late
37929,129,0,0.9962805416140645,1.026296776374234,37,late
37930,130,0,0.3165788738000347,0.945432890058598,37,late
37931,131,0,0.011821933411219196,0.6503774336754575,37,late
37932,132,0,0.03750280312549239,0.8463443928782977,37,late
37933,133,0,0.1796326658537722,0.6377848278070957,37,late
37934,134,0,0.571668219189774,0.5606359404625574,37,late
37935,135,0,0.5736857180937933,0.6123338237655245,37,late
37936,136,0,0.4738960069385369,0.972525262913554,37,late
37937,137,0,0.5384932991534321,0.47940226376616035,37,late
37938,138,0,0.7780196160218609,0.6404894777695164,37,late
37939,139,0,0.9893124901472894,0.49458014131946304,37,late
37940,140,0,0.057078313831458644,0.991700195804895,37,late
37941,141,0,0.4684366066576627,0.48678940436692086,37,late
37942,142,0,0.5294106727590966,0.6550727217367012,37,late
37943,143,0,0.36521757584019926,0.7148384634881664,37,late
37944,144,0,0.9611451411035221,0.4787817846091613,37,late
37945,145,0,0.5688139103081107,0.5185540175916139,37,late
37946,146,0,0.31565843754595646,0.6122548122769431,37,late
37947,147,0,0.9258127034887689,0.6459459793968527,37,late
37948,148,0,0.6974628850276045,0.5831200481763805,37,late
37949,149,0,0.8848274039914026,0.4411160215729334,37,late
37950,150,0,0.4311847030225662,0.8980030199174351,37,late
37951,151,0,0.7131603470844695,0.5298364407715069,37,late
37952,152,0,0.99909905612909,0.5148033272969057,37,late
37953,153,0,0.7219547575983016,0.5893333347161821,37,late
37954,154,0,0.16988445507041405,0.8034392662709398,37,late
37955,155,0,0.6338237612874724,0.4299484197410469,37,late
37956,156,0,0.5149318060045113,0.8430440512495763,37,late
37957,157,0,0.4982794236781977,0.862055695795731,37,late
37958,158,0,0.7655040641563856,0.6573510364055926,37,late
37959,159,0,0.7267539675510577,0.7157126885226069,37,late
37960,160,0,0.504932614060507,0.63451808037596,37,late
37961,161,0,0.5074219865087897,0.5816174205327957,37,late
37962,162,0,0.4736324780708643,0.8232881272555741,37,late
37963,163,0,0.5001699099603799,0.6910242052253301,37,late
37964,164,0,5.400519281845924e-05,1.2613911212823825,37,late
37965,165,0,0.5053012675554583,0.5964596722495702,37,late
37966,166,0,0.4728017069642945,0.913860043617355,37,late
37967,167,0,0.023393268021967326,0.8151432950176873,37,late
37968,168,0,2.9952788543313966e-05,1.1329209611469047,37,late
37969,169,0,0.00016550159959458023,0.9005267684663045,37,late
37970,170,0,0.9145522751441746,0.7175492235596659,37,late
37971,171,0,0.49081008693142514,0.8790865976390605,37,late
37972,172,0,0.2451691032759818,0.6703551168909843,37,late
37973,173,0,0.38392282803477107,0.49755977224415837,37,late
37974,174,0,0.5099545393685859,0.6762319708530347,37,late
37975,175,0,0.9500092079172976,0.4260944023213961,37,late
37976,176,0,0.5054805587680203,0.6917428308210869,37,late
37977,177,0,0.500020645565643,0.8544698431929345,37,late
37978,178,0,0.29366941607100805,0.4636741565581941,37,late
37979,179,0,0.4700695777623072,0.572096598537142,37,late
37980,180,0,0.7032430821639035,0.6371096909566615,37,late
37981,181,0,0.9751489596630166,0.3790443418641577,37,late
37982,182,0,0.5185772220843808,0.5718712264243768,37,late
37983,183,0,0.9599535554164145,0.38003308122014334,37,late
37984,184,0,0.9945365734081406,0.3723423199354019,37,late
37985,185,0,0.49689546846645705,0.38918148910292627,37,late
37986,186,0,0.11520301468301948,0.6515596645869748,37,late
37987,187,0,0.008343825098849605,1.0013516282973172,37,late
37988,188,0,0.010011205915803772,0.6651457304168851,37,late
37989,189,0,0.497553170302507,0.5415120958670595,37,late
37990,190,0,0.32044364421713334,0.5826695586625439,37,late
37991,191,0,0.49589099779406276,0.5025943430275783,37,late
37992,192,0,0.7397517778721958,0.44258181045220124,37,late
37993,193,0,0.9121239279744991,0.4064309751615838,37,late
37994,194,0,0.49408595281854606,0.5399360210251728,37,late
37995,195,0,0.49999788141563717,1.0092039044808556,37,late
37996,196,0,0.5195414649450071,0.44253692098670205,37,late
37997,197,0,0.35528865567500434,0.6129840919148748,37,late
37998,198,0,0.562248771275833,0.3567544031577654,37,late
37999,199,0,0.4910823890846597,0.7108920754581167,37,late
38000,0,0,0.38882029590706285,0.5960116383492244,38,interleaved
38001,1,0,0.6113820513494203,0.40135924924562605,38,interleaved
38002,2,0,0.6031242747553527,0.3665785960507147,38,interleaved
38003,3,0,0.47883764923891176,0.5994469827205887,38,interleaved
38004,4,0,0.6838455658850524,0.7218234540185825,38,interleaved
38005,5,0,0.9092426355485563,0.7598356330732129,38,interleaved
38006,6,0,0.32501608805131077,0.6440536146178295,38,interleaved
38007,7,0,0.3661484947552279,0.5290650859210093,38,interleaved
38008,8,0,0.8272938970583439,0.6380983337150683,38,interleaved
38009,9,0,0.6453078129939664,0.5534550718381785,38,interleaved
38010,10,0,0.8336479916926817,0.642605971981693,38,interleaved
38011,11,0,0.8767031220162933,0.4917619413645049,38,interleaved
38012,12,0,0.7229591121181842,0.5955469345686657,38,interleaved
38013,13,0,0.4724079455441958,0.5268100204054946,38,interleaved
38014,14,0,0.6586281226845143,0.4700758465112948,38,interleaved
38015,15,0,0.5649614680515025,0.6947771901049099,38,interleaved
38016,16,0,0.1788091415998722,0.845234283566163,38,interleaved
38017,17,0,0.5010184234350965,0.6965724539242875,38,interleaved
38018,18,0,0.5054746547327919,0.48659252464255776,38,interleaved
38019,19,0,0.41733770863209,0.5865001159779941,38,interleaved
38020,20,0,0.9961606364286315,1.029539980110751,38,interleaved
38021,21,0,0.4954168582729863,0.8242613244614696,38,interleaved
38022,22,0,0.9492205240459792,0.6517781295960021,38,interleaved
38023,23,0,0.5985786563420633,0.9230799472678395,38,interleaved
38024,24,0,0.005547180261985486,0.713745964464064,38,interleaved
38025,25,0,0.9229461226843616,0.5116764146871563,38,interleaved
38026,26,0,0.0038136949305239334,0.8537517829186643,38,interleaved
38027,27,0,0.6207428844005416,0.6700430662010093,38,interleaved
38028,28,0,0.9682679498098866,0.670448524025554,38,interleaved
38029,29,0,0.9296129303060825,0.7327885053557197,38,interleaved
38030,30,0,0.9994394410102916,0.6569236828420733,38,interleaved
38031,31,0,0.5389004448290352,0.8911639969985896,38,interleaved
38032,32,0,0.9996725541427586,0.4571104210735203,38,interleaved
38033,33,0,0.06147399856459863,0.7016814727488407,38,interleaved
38034,34,0,0.0926674719933059,1.028439074190851,38,interleaved
38035,35,0,0.5559063049915739,0.5743135948855528,38,interleaved
38036,36,0,0.05902776814756964,0.6069634686379366,38,interleaved
38037,37,0,0.49126990654262287,0.5946430992259641,38,interleaved
38038,38,0,0.4037281373489059,0.4469101282635592,38,interleaved
38039,39,0,0.682958756459874,0.7257929334422192,38,interleaved
38040,40,0,0.9970722202851956,0.9933955448202718,38,interleaved
38041,41,0,0.5304658345241732,0.8716296796634295,38,interleaved
38042,42,0,0.9527164127902539,0.8501870252859773,38,interleaved
38043,43,0,0.9751983204738459,0.2866309059951667,38,interleaved
38044,44,0,0.11068973670091768,0.5670561723743628,38,interleaved
38045,45,0,0.5020290855790581,0.6903462475228073,38,interleaved
38046,46,0,0.9492913262244149,0.47511611335828,38,interleaved
38047,47,0,0.5278772828251019,0.8037435657139644,38,interleaved
38048,48,0,0.9723417297899932,0.4776160132821634,38,interleaved
38049,49,0,0.9267307221096923,0.6792286579566206,38,interleaved
38050,50,0,0.006681243289947377,0.7151808928239081,38,interleaved
38051,51,0,0.5894564652599729,0.6404017968639776,38,interleaved
38052,52,0,0.9677766578815704,0.6671561416342755,38,interleaved
38053,53,0,0.9568242476383815,0.7821192004122286,38,interleaved
38054,54,0,0.8211533386577676,0.6386409520694241,38,interleaved
38055,55,0,0.5007178823738762,0.7317341447257568,38,interleaved
38056,56,0,0.9375373416334535,0.36295578667161765,38,interleaved
38057,57,0,0.5642704095074443,0.707694158803726,38,interleaved
38058,58,0,0.04599967948253758,0.5904377902454717,38,interleaved
38059,59,0,0.5051162125557135,0.7754576875952988,38,interleaved
38060,60,0,0.5063991080309783,0.5184137266225441,38,interleaved
38061,61,0,0.6626653824867723,0.44618222650554523,38,interleaved
38062,62,0,0.9689051029487821,0.42101619119419775,38,interleaved
38063,63,0,0.5370397335721577,0.5824928752789977,38,interleaved
38064,64,0,0.9390142172035689,0.5816970362470759,38,interleaved
38065,65,0,0.7519893016775162,0.8755625553401052,38,interleaved
38066,66,0,0.9870737369267839,0.5600645324775038,38,interleaved
38067,67,0,0.5336436718194858,0.7621459896721741,38,interleaved
38068,68,0,0.0011215727770311828,0.8257137250367048,38,interleaved
38069,69,0,0.969054707014829,0.796352714266974,38,interleaved
38070,70,0,0.8360464531099852,0.7421007076723596,38,interleaved
38071,71,0,0.8140854571585603,0.8513445101993,38,interleaved
38072,72,0,0.15678368364458717,0.7802762017792091,38,interleaved
38073,73,0,0.5032387297137298,0.6086879311933167,38,interleaved
38074,74,0,0.9457265885765929,0.5628975330056667,38,interleaved
38075,75,0,0.5575593676742158,0.7953319927469185,38,interleaved
38076,76,0,0.42855725103622905,0.8140078837845997,38,interleaved
38077,77,0,0.5059229350242356,0.615130478762073,38,interleaved
38078,78,0,0.9900509109284088,0.46232596569494266,38,interleaved
38079,79,0,0.45024681555306045,0.6826935223260171,38,interleaved
38080,80,0,0.9999930848189801,0.9750405459028477,38,interleaved
38081,81,0,0.7604555694085557,0.5260517229484275,38,interleaved
38082,82,0,0.9284563673080417,0.47849594967693687,38,interleaved
38083,83,0,0.6842336563191335,0.5776321930167931,38,interleaved
38084,84,0,0.4520024138689307,0.7374957638598915,38,interleaved
38085,85,0,0.35407002897658024,0.7111516560276158,38,interleaved
38086,86,0,0.4733926303550414,0.7549330131379643,38,interleaved
38087,87,0,0.501624428356702,0.6106986648426285,38,interleaved
38088,88,0,0.6204790497347242,0.8486005389216416,38,interleaved
38089,89,0,0.49924016352524603,0.9624107492302303,38,interleaved
38090,90,0,0.03633833819900306,0.8130998561432383,38,interleaved
38091,91,0,0.5296278871110474,0.5371805384351718,38,interleaved
38092,92,0,0.5530568703052475,0.5845030616723712,38,interleaved
38093,93,0,0.12777685481952422,0.6644932494570619,38,interleaved
38094,94,0,0.42211876354446165,0.7314333079525475,38,interleaved
38095,95,0,0.5193414675664592,0.8820679153931494,38,interleaved
38096,96,0,0.6602616239577085,0.6062918933056343,38,interleaved
38097,97,0,0.9402289845632053,0.4634831275408938,38,interleaved
38098,98,0,0.7530595818261903,0.5740809303684455,38,interleaved
38099,99,0,0.36396891519697466,0.6992675024257917,38,interleaved
38100,100,0,0.6675633157448253,0.48593689358694364,38,interleaved
38101,101,0,0.5456182784109904,0.5942070653949119,38,interleaved
38102,102,0,0.6140002262819182,0.8783317056828776,38,interleaved
38103,103,0,0.46869410471575834,0.7436838235907683,38,interleaved
38104,104,0,0.24603822163258424,0.5271421105434623,38,interleaved
38105,105,0,0.5426350255149838,0.3785058438919614,38,interleaved
38106,106,0,0.6473011082387693,0.5590420578349852,38,interleaved
38107,107,0,0.5253869030214077,0.7305329755005987,38,interleaved
38108,108,0,0.5334986834151514,0.5680122163414407,38,interleaved
38109,109,0,0.8353929557672144,0.4999934494605155,38,interleaved
38110,110,0,0.6390681941731977,0.43707149341882606,38,interleaved
38111,111,0,0.19130363912370513,0.8681023750829823,38,interleaved
38112,112,0,0.017933496216499503,0.8172314222797252,38,interleaved
38113,113,0,0.072647685150689,0.780744034038509,38,interleaved
38114,114,0,0.8738662480709406,0.4019635715497484,38,interleaved
38115,115,0,0.17202065239608166,0.5881415121984961,38,interleaved
38116,116,0,0.9960258528495329,0.6122665279358577,38,interleaved
38117,117,0,0.5022818489210611,0.7062046171410556,38,interleaved
38118,118,0,0.9712399066260349,0.5656416341982674,38,interleaved
38119,119,0,0.4275022301996295,0.6193247552760122,38,interleaved
38120,120,0,0.7459379741675363,0.6127909151495339,38,interleaved
38121,121,0,0.7532486530222825,0.4940732682554298,38,interleaved
38122,122,0,0.9532991659341563,0.8981310417920041,38,interleaved
38123,123,0,0.9677595408322631,0.44287470044240396,38,interleaved
38124,124,0,0.4133263013589494,0.6080482723073719,38,interleaved
38125,125,0,0.5126854250634387,0.5514419533742607,38,interleaved
38126,126,0,0.9992264752167184,0.6985384891545067,38,interleaved
38127,127,0,0.8011843243937264,0.4715024000697232,38,interleaved
38128,128,0,0.9688194366883774,0.9762221574091323,38,interleaved
38129,129,0,0.5012620798189117,0.6609896570712387,38,interleaved
38130,130,0,0.9807260624169309,0.5324678470687719,38,interleaved
38131,131,0,0.49833903164199594,0.7311325995343241,38,interleaved
38132,132,0,0.3240482920582619,0.6529155136008385,38,interleaved
38133,133,0,0.5070444425404868,0.6996553392021705,38,interleaved
38134,134,0,0.8259387424244535,0.3943133933827941,38,interleaved
38135,135,0,0.5002969208151531,0.8736947405134603,38,interleaved
38136,136,0,0.8961152448987855,0.4439755436030838,38,interleaved
38137,137,0,0.5770421418735275,0.5450180081943669,38,interleaved
38138,138,0,0.6134293669543065,0.7930014167307393,38,interleaved
38139,139,0,0.5371097935177208,0.44592469627783204,38,interleaved
38140,140,0,0.24771479858414397,0.4919249527578823,38,interleaved
38141,141,0,0.6887696899354151,0.7782552596397476,38,interleaved
38142,142,0,0.06582311129890926,0.682831004125879,38,interleaved
38143,143,0,0.4995328872316,0.6856530158445567,38,interleaved
38144,144,0,0.17246970891187602,0.8086489419590419,38,interleaved
38145,145,0,0.5169496201453913,0.5160395051277565,38,interleaved
38146,146,0,0.1990831033365856,0.630819213595669,38,interleaved
38147,147,0,0.7230603371344173,0.6846707730089101,38,interleaved
38148,148,0,0.28331047259172254,0.7892721100184478,38,interleaved
38149,149,0,0.49857922509505403,0.42675450008073623,38,interleaved
38150,150,0,0.022627668323652074,0.8570696672692035,38,interleaved
38151,151,0,0.6739169944078908,0.7561933055602853,38,interleaved
38152,152,0,0.9830525278422955,0.5243163798236175,38,interleaved
38153,153,0,0.91640350395977,0.5321498412144321,38,interleaved
38154,154,0,0.2658851443208903,1.1983312894923452,38,interleaved
38155,155,0,0.30960040619496976,0.6872381176093207,38,interleaved
38156,156,0,0.544258984940948,0.5349013032916426,38,interleaved
38157,157,0,0.8509544606617072,0.5416221665975267,38,interleaved
38158,158,0,0.42581535847804725,0.65993227968612,38,interleaved
38159,159,0,0.6551881155057916,0.8516920363731646,38,interleaved
38160,160,0,0.989266541380272,0.7737588235201028,38,interleaved
38161,161,0,0.9776666878333002,0.5792942312920363,38,interleaved
38162,162,0,0.013516668936727325,0.7423206293826583,38,interleaved
38163,163,0,0.6041909085240462,0.5085736964570617,38,interleaved
38164,164,0,0.6884087041639044,0.5361193259932804,38,interleaved
38165,165,0,0.8159769828462213,0.5015015546497594,38,interleaved
38166,166,0,0.44667250398525915,0.48662416973483935,38,interleaved
38167,167,0,0.8931225569889769,0.4315333783550328,38,interleaved
38168,168,0,0.555053630062995,0.568227727618368,38,interleaved
38169,169,0,0.9537561742830691,0.42848879309606536,38,interleaved
38170,170,0,0.6489737848943051,0.546065290280186,38,interleaved
38171,171,0,0.9975579970090936,0.7695131858607216,38,interleaved
38172,172,0,0.6622890732758235,0.7350447249402212,38,interleaved
38173,173,0,0.5594396682787998,0.6726152758015771,38,interleaved
38174,174,0,0.972573823731721,0.41831598641343587,38,interleaved
38175,175,0,0.6936216123525619,0.6504573652391654,38,interleaved
38176,176,0,0.7484526953359465,0.5363488969990082,38,interleaved
38177,177,0,0.1605184499401327,0.3614500147538845,38,interleaved
38178,178,0,0.9270441069571225,0.5037963596413434,38,interleaved
38179,179,0,0.6779234314414165,0.42741471453748237,38,interleaved
38180,180,0,0.9835711550623925,0.508195974221133,38,interleaved
38181,181,0,0.8175171200656002,0.36230002861835725,38,interleaved
38182,182,0,0.39971673013401515,0.7435697352950287,38,interleaved
38183,183,0,0.8997712879219726,0.8043623469514093,38,interleaved
38184,184,0,0.5208986934336015,0.663870044606871,38,interleaved
38185,185,0,0.8150988520251958,0.757104237335871,38,interleaved
38186,186,0,0.5500506197073812,0.458279934625258,38,interleaved
38187,187,0,0.26967666250501593,0.4696040894358492,38,interleaved
38188,188,0,0.8947725754573239,0.5198511227979409,38,interleaved
38189,189,0,0.9908373418844625,0.46483310182244286,38,interleaved
38190,190,0,0.996278320800672,0.7949064765910723,38,interleaved
38191,191,0,0.4817378259322776,0.8389541429506442,38,interleaved
38192,192,0,0.5573851740875533,0.4928664381349845,38,interleaved
38193,193,0,0.7788186572624123,0.482261716176776,38,interleaved
38194,194,0,0.4484046071863973,0.7265580313154927,38,interleaved
38195,195,0,0.4987293190363098,0.6706964962393831,38,interleaved
38196,196,0,0.6061007265610765,0.49940322478694177,38,interleaved
38197,197,0,0.8623279095147445,0.5181315967613291,38,interleaved
38198,198,0,0.9326314783114658,0.5460221569878698,38,interleaved
38199,199,0,0.7336419888468716,0.6214566777026453,38,interleaved
38200,0,0,0.46839071644890684,0.779055338924659,38,blocked
38201,1,0,0.03837772998275941,0.5784888628742348,38,blocked
38202,2,0,0.9014649591367065,0.8131161142453299,38,blocked
38203,3,0,0.9299405681258798,0.44293072591427163,38,blocked
38204,4,0,0.9875160135077145,0.3671836668555645,38,blocked
38205,5,0,0.9957535782924669,0.6216855404124726,38,blocked
38206,6,0,0.9161891749465576,0.8189574657809291,38,blocked
38207,7,0,0.22727354089740548,0.7069819805483812,38,blocked
38208,8,0,0.9926952310295013,0.3034504099143639,38,blocked
38209,9,0,0.9774083824649713,0.37869401859827745,38,blocked
38210,10,0,0.7516064406467132,0.5602572677067901,38,blocked
38211,11,0,0.004211771201827456,0.8871991756921837,38,blocked
38212,12,0,0.991301284359193,0.5239331905261964,38,blocked
38213,13,0,0.9830787451143348,0.7878598754041071,38,blocked
38214,14,0,0.05078730930005287,0.6953901050999253,38,blocked
38215,15,0,0.49985273803156377,1.0860753511541767,38,blocked
38216,16,0,0.4462715605863357,0.716380403502225,38,blocked
38217,17,0,0.016771587234844787,1.0201112789688935,38,blocked
38218,18,0,0.9970249956537238,0.46807618104867205,38,blocked
38219,19,0,0.4944026374944165,0.7319842421731526,38,blocked
38220,20,0,0.17141180613734364,0.46313205916899736,38,blocked
38221,21,0,0.7927193634526103,0.41496789929963146,38,blocked
38222,22,0,0.6708492590373011,0.6200728573548551,38,blocked
38223,23,0,0.2120075179507966,0.8638410579512559,38,blocked
38224,24,0,0.539495768205031,0.7115770128698055,38,blocked
38225,25,0,0.04821850413881431,1.0133279529050307,38,blocked
38226,26,0,0.8949077216796804,0.7555933615159623,38,blocked
38227,27,0,0.021776957902437274,0.6377049942767161,38,blocked
38228,28,0,0.924758062057399,0.39560441309698363,38,blocked
38229,29,0,0.49600483102137266,0.5774267171351188,38,blocked
38230,30,0,0.9222054478902098,0.6687426924604949,38,blocked
38231,31,0,0.9999960846139826,0.8324497185501964,38,blocked
38232,32,0,0.6042815774480438,0.5299853251182132,38,blocked
38233,33,0,0.7064963400219275,0.7115353461239268,38,blocked
38234,34,0,0.9959267417744097,0.45613656573051853,38,blocked
38235,35,0,0.9945737831337382,0.5184413233380956,38,blocked
38236,36,0,0.997457929366462,0.46976007312184687,38,blocked
38237,37,0,0.978142167216043,0.708297117776261,38,blocked
38238,38,0,0.39243232544749385,0.8350895217306895,38,blocked
38239,39,0,0.954189820140105,0.48238572599066354,38,blocked
38240,40,0,0.5026159140032036,0.7734242602976449,38,blocked
38241,41,0,0.6074775697743164,0.8660646126676402,38,blocked
38242,42,0,0.4626933391227058,0.6021745186258463,38,blocked
38243,43,0,0.47844966131918387,0.4716176679520947,38,blocked
38244,44,0,0.4543493761463712,0.6557628841592327,38,blocked
38245,45,0,0.4997328453826914,0.9351907609849355,38,blocked
38246,46,0,0.5002206788933353,0.8556149128160772,38,blocked
38247,47,0,0.19574915068415152,0.6598220384146222,38,blocked
38248,48,0,0.9654591988062431,0.5805803463246576,38,blocked
38249,49,0,0.5084826925941265,0.611748829445709,38,blocked
38250,50,0,0.6929917537827638,0.40395715355258854,38,blocked
38251,51,0,0.21569411843871264,0.6456152445504966,38,blocked
38252,52,0,0.8359587159389661,0.304252649633133,38,blocked
38253,53,0,0.37804693530324224,0.6072807151532756,38,blocked
38254,54,0,0.511113985015626,0.7269026620679302,38,blocked
38255,55,0,0.4923697077220941,0.8140934779210658,38,blocked
38256,56,0,0.6421684457877327,0.5588328206875461,38,blocked
38257,57,0,0.45436607154801195,0.6579086064612589,38,blocked
38258,58,0,0.950840757902101,0.6416202788498563,38,blocked
38259,59,0,0.9603852790609211,0.598222190334096,38,blocked
38260,60,0,0.3470466778196831,0.46787968166763494,38,blocked
38261,61,0,0.7666836064899223,0.529123668373889,38,blocked
38262,62,0,0.7980472205955423,0.6330579814242892,38,blocked
38263,63,0,0.12466030459902551,0.7552584854662758,38,blocked
38264,64,0,0.6918915726231856,0.35455829751537227,38,blocked
38265,65,0,0.4319794424938186,0.8713797983676058,38,blocked
38266,66,0,0.6007112991820754,0.4150831194430717,38,blocked
38267,67,0,0.5197953978140278,0.6720459591745437,38,blocked
38268,68,0,0.9894655347253647,0.43137773609593527,38,blocked
38269,69,0,0.9132909659797983,0.4578452696907306,38,blocked
38270,70,0,0.6401020473258083,0.5755985549228366,38,blocked
38271,71,0,0.578531597537731,0.45187931845645035,38,blocked
38272,72,0,0.924669879419504,0.48182982366088734,38,blocked
38273,73,0,0.9474805219783667,0.5062603161423551,38,blocked
38274,74,0,0.5305092341175324,0.5170321844839513,38,blocked
38275,75,0,0.8036969056015029,0.43862678397561927,38,blocked
38276,76,0,0.5570649545230978,0.6148377495106316,38,blocked
38277,77,0,0.7469948771590543,0.7713629727731257,38,blocked
38278,78,0,0.541848944342639,0.47496627475664777,38,blocked
38279,79,0,0.9751581794225561,0.3645024344238676,38,blocked
38280,80,0,0.5235792561170404,0.4024291733621889,38,blocked
38281,81,0,0.0049551331160957585,0.649301275879483,38,blocked
38282,82,0,0.125997874213521,0.7633766406011196,38,blocked
38283,83,0,0.9857954532515293,0.6412201837295146,38,blocked
38284,84,0,0.60712948067562,0.5145386192487905,38,blocked
38285,85,0,0.9950452460683784,0.42225427988269715,38,blocked
38286,86,0,0.01459730291104833,0.7017954617458274,38,blocked
38287,87,0,0.9669168510820795,0.34225083966369063,38,blocked
38288,88,0,0.9961968177678042,0.28575610951154073,38,blocked
38289,89,0,0.2129062952299164,0.6285766790740192,38,blocked
38290,90,0,0.898865699648908,0.46941837467242087,38,blocked
38291,91,0,0.26352045665353885,0.5037621802425113,38,blocked
38292,92,0,0.5706553867738203,0.6747540137200253,38,blocked
38293,93,0,0.03793112964715272,0.3500621980128601,38,blocked
38294,94,0,0.9395789644753318,0.4254203252141947,38,blocked
38295,95,0,0.6100943652256561,0.47376294604815994,38,blocked
38296,96,0,0.01617200159841961,1.002883685429605,38,blocked
38297,97,0,0.9960669873445047,0.3579207633591357,38,blocked
38298,98,0,0.18911096948989053,0.49314547360466093,38,blocked
38299,99,0,0.5186176450861808,0.9073671112794488,38,blocked
38300,100,0,0.9747078635282294,0.5575909983113578,38,blocked
38301,101,0,0.6956681259795844,0.5607613007628266,38,blocked
38302,102,0,0.07383232690737498,0.9232255299057619,38,blocked
38303,103,0,0.4950302947948571,0.5778815254805392,38,blocked
38304,104,0,0.994698884429037,0.5775707100858656,38,blocked
38305,105,0,0.9928706932287592,0.5918891935788,38,blocked
38306,106,0,0.29190751000543985,0.6105624266356995,38,blocked
38307,107,0,0.0542281054844442,0.8034876587525649,38,blocked
38308,108,0,0.9932357734706059,0.7246600454884183,38,blocked
38309,109,0,0.7644198199580547,0.4015309199124075,38,blocked
38310,110,0,0.6184464329487198,0.703125846633015,38,blocked
38311,111,0,0.9824421086546349,0.681523551858492,38,blocked
38312,112,0,0.9333542348532149,0.46115288634505125,38,blocked
38313,113,0,0.7448983322526896,0.9575715556870045,38,blocked
38314,114,0,0.4281271296621957,0.7980570202100195,38,blocked
38315,115,0,0.8487159967650524,0.5595416018468866,38,blocked
38316,116,0,0.9885342734683933,0.36854972785191753,38,blocked
38317,117,0,0.9300198701270459,0.6940914681082292,38,blocked
38318,118,0,0.5978586004894445,1.292315777499721,38,blocked
38319,119,0,0.6059704636005765,0.7384408908045412,38,blocked
38320,120,0,0.3120348406805016,0.696099940317608,38,blocked
38321,121,0,0.5001027487782764,0.6410830540105511,38,blocked
38322,122,0,0.7835413810111608,0.4629682533678346,38,blocked
38323,123,0,0.4952449402637059,0.5305787647298881,38,blocked
38324,124,0,0.532127908061728,0.8210067156792413,38,blocked
38325,125,0,0.7154189978975899,0.7518245422464875,38,blocked
38326,126,0,0.8092964926663087,0.5587339287657953,38,blocked
38327,127,0,0.4995429948965043,0.609271329234585,38,blocked
38328,128,0,0.684549641073218,0.6344618542227716,38,blocked
38329,129,0,0.7004629406899502,0.5318017806425972,38,blocked
38330,130,0,0.6498071928369321,0.6216363592555983,38,blocked
38331,131,0,0.5021160085017192,0.8267967958299807,38,blocked
38332,132,0,0.9242153905798263,0.5551400950380423,38,blocked
38333,133,0,0.5254376919872662,0.6703538879966873,38,blocked
38334,134,0,0.8506979712162485,0.4842146882211401,38,blocked
38335,135,0,0.6845557734448764,0.5227317121352412,38,blocked
38336,136,0,0.9013802954198775,0.4902345139099329,38,blocked
38337,137,0,0.6700681542314768,0.509803176001556,38,blocked
38338,138,0,0.9578466245469486,0.6219532822936968,38,blocked
38339,139,0,0.6019344942991482,0.5677221588737857,38,blocked
38340,140,0,0.7390982576349279,0.3775798605324447,38,blocked
38341,141,0,0.9728864791873737,0.5740001229172935,38,blocked
38342,142,0,0.9407387561184846,0.5722900763367289,38,blocked
38343,143,0,0.9932298070563388,0.6460745334322953,38,blocked
38344,144,0,0.9856946816667577,0.40666848241233755,38,blocked
38345,145,0,0.3600785315784477,0.6438315871505762,38,blocked
38346,146,0,0.5030595909024854,0.6302715415246816,38,blocked
38347,147,0,0.8678679417201699,0.3679467386030482,38,blocked
38348,148,0,0.8245518906873838,0.4459695178851436,38,blocked
38349,149,0,0.5203692187210895,0.5096237933113299,38,blocked
38350,150,0,0.661154289413644,0.4608784938588888,38,blocked
38351,151,0,0.6627756125660159,0.5485170868591551,38,blocked
38352,152,0,0.9401706246656089,0.3134560219156045,38,blocked
38353,153,0,0.9648576294421095,0.4387615734035705,38,blocked
38354,154,0,0.9849945378245212,0.40080228255400585,38,blocked
38355,155,0,0.5119962128272606,0.7250079520985863,38,blocked
38356,156,0,0.4335268853493333,0.6548249975868516,38,blocked
38357,157,0,0.9987037382412864,0.3957322772284422,38,blocked
38358,158,0,0.993878889340003,0.4989263107112153,38,blocked
38359,159,0,0.9093015811178691,0.5239092017415327,38,blocked
38360,160,0,0.9331102896747374,0.46989420023504475,38,blocked
38361,161,0,0.255749027496151,0.4856064716973715,38,blocked
38362,162,0,0.6305536101499862,0.4063958206453895,38,blocked
38363,163,0,0.9910070785110418,0.4674266528090349,38,blocked
38364,164,0,0.946378361963107,0.611802535179816,38,blocked
38365,165,0,0.7226337724015762,0.6042552130324252,38,blocked
38366,166,0,0.006355159299152569,0.835101306234235,38,blocked
38367,167,0,0.9005481708339991,0.42609533359640883,38,blocked
38368,168,0,0.12204706349548415,0.6444626861142424,38,blocked
38369,169,0,0.6454216090359454,0.659746310235449,38,blocked
38370,170,0,0.1928928101408778,0.7736048725832366,38,blocked
38371,171,0,0.5243101664324492,0.6045331299023714,38,blocked
38372,172,0,0.5510132148488822,0.5956281893651343,38,blocked
38373,173,0,0.9688442602769689,0.46879221400662985,38,blocked
38374,174,0,0.19292491741035386,0.6657225808256646,38,blocked
38375,175,0,0.5001424961130831,0.8962869489236172,38,blocked
38376,176,0,0.4934277938506586,0.7175579631936878,38,blocked
38377,177,0,0.43143645739938025,0.5673023179274854,38,blocked
38378,178,0,0.5640913204118984,0.5529966014011249,38,blocked
38379,179,0,0.49831307930648355,0.5984030611911968,38,blocked
38380,180,0,0.9047371043297665,0.3337969266984719,38,blocked
38381,181,0,0.4845816093785128,0.5816949875479163,38,blocked
38382,182,0,0.9730709504545056,0.6318501020776426,38,blocked
38383,183,0,0.7523951360965312,0.9271867958926259,38,blocked
38384,184,0,0.9909847557723126,0.6376047068238696,38,blocked
38385,185,0,0.014107114127057665,0.9323846716520052,38,blocked
38386,186,0,0.9934195806127315,0.7714164267719095,38,blocked
38387,187,0,0.9976553291743713,0.767712280374762,38,blocked
38388,188,0,0.995548954852925,0.5885987917332303,38,blocked
38389,189,0,0.27055135808760683,0.7344289746165602,38,blocked
38390,190,0,0.993775427063273,0.7586213724761235,38,blocked
38391,191,0,0.0841865927177807,0.6267848508613344,38,blocked
38392,192,0,0.34961540675634434,0.7170676559231319,38,blocked
38393,193,0,0.4985813919579954,0.7756975482843678,38,blocked
38394,194,0,0.4944663879926614,0.6326679728503084,38,blocked
38395,195,0,0.2790830809927322,0.687600383760969,38,blocked
38396,196,0,0.4703652912370451,0.643290506621355,38,blocked
38397,197,0,0.4223407209087055,0.5181003992073084,38,blocked
38398,198,0,0.8800771393152751,0.5542481467518983,38,blocked
38399,199,0,0.9400577202273565,0.25458973648489747,38,blocked
38400,0,0,0.6201291730778902,0.6124444357316813,38,early
38401,1,0,0.5136566141019143,0.479083268834758,38,early
38402,2,0,0.4939202612420084,0.5213203154943156,38,early
38403,3,0,0.8862771420747133,0.5461392775700291,38,early
38404,4,0,0.003810221026961975,0.8184693641356424,38,early
38405,5,0,0.5887681367949404,0.5902166275217458,38,early
38406,6,0,0.9690859305900639,0.5898411296808604,38,early
38407,7,0,0.14276116248842488,0.5887802467322361,38,early
38408,8,0,0.5001120136294085,0.8418531896014818,38,early
38409,9,0,0.9415870274462201,0.7996638826678166,38,early
38410,10,0,0.4375013709993856,0.40473893091225327,38,early
38411,11,0,0.6897077064923005,0.5042723239299215,38,early
38412,12,0,0.6392804985487864,0.508415735457368,38,early
38413,13,0,0.9948435482418825,0.4556479984876618,38,early
38414,14,0,0.5313256124528096,0.776967173823609,38,early
38415,15,0,0.528349203666531,0.8222535536311327,38,early
38416,16,0,0.9425243184397883,0.6549495265479879,38,early
38417,17,0,0.505698724306168,0.7946242075967909,38,early
38418,18,0,0.8617427209611062,0.647245712439395,38,early
38419,19,0,0.4201220829142907,1.0483974582852869,38,early
38420,20,0,0.4676751508230283,0.7838007016359212,38,early
38421,21,0,0.631574719887168,0.7178592800115916,38,early
38422,22,0,0.2403244272519474,0.8149945583827674,38,early
38423,23,0,0.7615758169596667,0.43887207841437426,38,early
38424,24,0,0.999563098445908,0.33853038462890156,38,early
38425,25,0,0.4998238079360731,1.1358830773500028,38,early
38426,26,0,0.9124967637920705,0.5993204513293369,38,early
38427,27,0,0.8551720594512575,0.5930004962999633,38,early
38428,28,0,0.9959330082151762,0.6235378699860192,38,early
38429,29,0,0.5060307076206517,0.6267414857460087,38,early
38430,30,0,0.5000704106478385,1.1960489693490834,38,early
38431,31,0,0.500446075961123,0.8615044704895642,38,early
38432,32,0,0.49282637476175856,0.916721427725654,38,early
38433,33,0,0.999580170990573,0.7074450897335558,38,early
38434,34,0,0.7549262447277325,0.46159984262337994,38,early
38435,35,0,0.9830304762558413,0.5740877740411428,38,early
38436,36,0,0.5000487669169482,1.1227350960736895,38,early
38437,37,0,0.9624318765287645,0.5397329310574286,38,early
38438,38,0,0.9564627429014867,0.5394263267247686,38,early
38439,39,0,0.5052773787328267,0.7453109842189003,38,early
38440,40,0,0.5031317972366276,0.6575323779002573,38,early
38441,41,0,0.004146418543978913,0.859467853526314,38,early
38442,42,0,0.5271797270856667,0.6962015465575143,38,early
38443,43,0,0.3519388407152343,0.5140477352392273,38,early
38444,44,0,0.4778500020713614,0.6935305156898642,38,early
38445,45,0,0.9868287730680774,0.4180109209935696,38,early
38446,46,0,0.04708210995621338,0.9669098072166586,38,early
38447,47,0,0.9975566522744506,0.5264271483143983,38,early
38448,48,0,0.5443450718050433,0.5673951748337769,38,early
38449,49,0,0.001471105358874461,1.3644442152978296,38,early
38450,50,0,0.9983321763914075,0.9701510106171773,38,early
38451,51,0,0.5276341934719396,0.6468835384986683,38,early
38452,52,0,0.5574177758791339,0.7464621975929174,38,early
38453,53,0,0.7561069075187865,0.737670275805566,38,early
38454,54,0,0.5301560883351618,0.710487048820708,38,early
38455,55,0,0.7894415083343816,0.8964007912652991,38,early
38456,56,0,0.9414906504538899,0.7896318903007725,38,early
38457,57,0,0.4722532913698716,0.5637817491961674,38,early
38458,58,0,0.06608497328364857,0.6879541084321316,38,early
38459,59,0,0.14224428712383214,0.6990278237756153,38,early
38460,60,0,0.995738401385525,0.9235133845935408,38,early
38461,61,0,0.03703874628648938,0.7841586868389898,38,early
38462,62,0,0.5007409938725751,0.9530773430684264,38,early
38463,63,0,0.9968869370569057,0.45491035243069544,38,early
38464,64,0,0.11420820143402242,0.8222458697634831,38,early
38465,65,0,0.997209087309687,0.5562689148787624,38,early
38466,66,0,0.07053194242233667,0.7152942650313648,38,early
38467,67,0,0.9999930916955178,0.9918083957644241,38,early
38468,68,0,0.9797143768696481,0.5335062436129954,38,early
38469,69,0,0.8186957057500299,0.5511640963079493,38,early
38470,70,0,0.9962450636193215,0.4998760450638866,38,early
38471,71,0,0.13227353293074995,0.8507162278593636,38,early
38472,72,0,0.20648132010108275,0.9779095159320956,38,early
38473,73,0,0.57724123504706,0.5818498661246208,38,early
38474,74,0,0.8120959795446017,0.3731033335640043,38,early
38475,75,0,0.9487875376698232,0.42282919612508885,38,early
38476,76,0,0.47127618058685183,0.6540142728225842,38,early
38477,77,0,0.6861937066238817,0.5657069435478258,38,early
38478,78,0,0.9417076542196663,0.506032324190625,38,early
38479,79,0,0.9996322259837946,0.6925851311044471,38,early
38480,80,0,0.16432811458639562,0.9312896026568545,38,early
38481,81,0,0.1272907444069625,0.9668976565411408,38,early
38482,82,0,0.000351760125903371,1.134746776619751,38,early
38483,83,0,0.5045098686477778,0.73998298017749,38,early
38484,84,0,0.49978388102720706,0.7670026212798763,38,early
38485,85,0,0.7696470629681593,0.5610245786918966,38,early
38486,86,0,0.6074031342940719,0.7274645717450221,38,early
38487,87,0,0.5035527668412321,1.0303406836350846,38,early
38488,88,0,0.49819160869098794,0.8018886919880903,38,early
38489,89,0,0.43432380932781917,0.8392339864443787,38,early
38490,90,0,0.8257891711130574,1.0919436042738697,38,early
38491,91,0,0.6355271075996906,0.861591195837125,38,early
38492,92,0,0.49993180333006676,0.911710302703999,38,early
38493,93,0,0.45583430996591495,0.644085476817535,38,early
38494,94,0,0.5031699765103482,0.49928515099131165,38,early
38495,95,0,0.5851924628347884,0.6566424187568041,38,early
38496,96,0,0.14973408610928618,0.7778679724599187,38,early
38497,97,0,0.9991590642595768,0.7657076615751096,38,early
38498,98,0,0.3699193293753511,0.6712007750734911,38,early
38499,99,0,0.9931487424944505,0.38661482797515534,38,early
38500,100,0,0.2595578682813091,0.5702706096862324,38,early
38501,101,0,0.8359833609456035,0.43136076131659234,38,early
38502,102,0,0.12767847142161348,0.8457144596826779,38,early
38503,103,0,0.008421758586957763,0.8921878618454924,38,early
38504,104,0,0.5034776479568579,0.7571697708676368,38,early
38505,105,0,0.9316314520234137,0.445391952220328,38,early
38506,106,0,0.5039253722257167,0.6043700196797929,38,early
38507,107,0,0.5268909995304693,0.9011708943462816,38,early
38508,108,0,0.9952019750543757,0.7187422972416733,38,early
38509,109,0,0.6486894180522653,0.47431747445133843,38,early
38510,110,0,0.09568296081433895,0.5415107590580165,38,early
38511,111,0,0.9984023064713949,0.4896169805852325,38,early
38512,112,0,0.4503739322371684,0.9909651834330302,38,early
38513,113,0,0.220453264467476,0.7159960022546912,38,early
38514,114,0,0.8293066665577711,0.6184435259687533,38,early
38515,115,0,0.7567669787332887,0.6982140988229801,38,early
38516,116,0,0.4886714210241937,0.6563406492561704,38,early
38517,117,0,0.7294462370694121,0.6099942531577124,38,early
38518,118,0,0.7351536264544571,0.6831005907288559,38,early
38519,119,0,0.14906818278396008,0.6842529934591068,38,early
38520,120,0,0.024324101849578103,0.8658937469242037,38,early
38521,121,0,0.48494771362933103,0.9195517442406398,38,early
38522,122,0,0.761025198489961,0.6639347894130292,38,early
38523,123,0,0.2959727025946658,0.664052100793447,38,early
38524,124,0,0.6165021426842623,0.7707156150920763,38,early
38525,125,0,0.9992176548454113,0.803918532089825,38,early
38526,126,0,0.5011128498563682,0.7248793581952667,38,early
38527,127,0,0.17689684359345748,0.5226440028489957,38,early
38528,128,0,0.23974596862640685,0.6175078174418083,38,early
38529,129,0,0.9592954477640575,0.441761033915699,38,early
38530,130,0,0.5039255264091609,0.5734997435785267,38,early
38531,131,0,0.9665036811256185,0.3070930898245241,38,early
38532,132,0,0.3598094021975811,0.7153445557558908,38,early
38533,133,0,0.8554840256086147,0.5007384150850075,38,early
38534,134,0,0.4710296053996283,0.4780980674585476,38,early
38535,135,0,0.9797172921199007,0.5348305677450058,38,early
38536,136,0,0.8858605591998638,0.47236659297747685,38,early
38537,137,0,0.6759208607343572,0.5165010390339552,38,early
38538,138,0,0.5005349325815647,0.8948717379749106,38,early
38539,139,0,0.5260924734311827,0.5663334617417989,38,early
38540,140,0,0.3630904849675709,0.711545169719617,38,early
38541,141,0,0.3968419240267993,0.6717968468128475,38,early
38542,142,0,0.8988123025667175,0.5989441110004272,38,early
38543,143,0,0.9623396210095188,0.9036070724096603,38,early
38544,144,0,0.5002797642259944,0.8527034282127282,38,early
38545,145,0,0.013781363047955715,0.819351314518799,38,early
38546,146,0,0.5000005687587576,1.3355808168422878,38,early
38547,147,0,0.9998862561376329,0.6066023301884079,38,early
38548,148,0,0.5977244550203498,0.471974814541718,38,early
38549,149,0,0.7036357433335,0.4279162711238883,38,early
38550,150,0,0.2209346428559433,0.6429006163354932,38,early
38551,151,0,0.9030467055326589,0.4169558351241598,38,early
38552,152,0,0.5681427177609382,0.6512295643948314,38,early
38553,153,0,0.400609243997831,0.5546260565405371,38,early
38554,154,0,0.5000199448367758,0.9436127369995251,38,early
38555,155,0,0.7594853731324962,0.6860082550367688,38,early
38556,156,0,0.9614993787869988,0.4360368373994551,38,early
38557,157,0,0.9117923090019839,0.4318141008440457,38,early
38558,158,0,0.4530975725345485,0.4605920912114029,38,early
38559,159,0,0.5218844422398943,0.5156926623712251,38,early
38560,160,0,0.674838967289383,0.5066803136163359,38,early
38561,161,0,0.5000478496068745,0.607826179639961,38,early
38562,162,0,0.7055350594748337,0.5090521497764348,38,early
38563,163,0,0.5101419904544481,0.601113227866062,38,early
38564,164,0,0.005410396510311838,1.0409855841468623,38,early
38565,165,0,0.44405677763584217,0.7298465110556318,38,early
38566,166,0,0.8913535472822119,0.584691115324848,38,early
38567,167,0,0.8863809235300266,0.2810981183198715,38,early
38568,168,0,0.9754909034482724,0.2737553973657604,38,early
38569,169,0,0.5013515937354833,0.7735126752602952,38,early
38570,170,0,0.18884561493514423,0.7477457078111567,38,early
38571,171,0,0.5791747542509578,0.5958091551928099,38,early
38572,172,0,0.6796594108140107,0.4013278850309382,38,early
38573,173,0,0.41959883301778245,0.588214286835487,38,early
38574,174,0,0.4997241418497831,0.7956038460289174,38,early
38575,175,0,0.04702502893085342,0.822273479865485,38,early
38576,176,0,0.6475580822407515,0.7338971487804723,38,early
38577,177,0,0.8559466616206789,0.3269734825604088,38,early
38578,178,0,0.9706973645502672,0.41873907783680187,38,early
38579,179,0,0.9999651266717571,0.5654997182565169,38,early
38580,180,0,0.9468841180476923,0.657458697467803,38,early
38581,181,0,0.8381434481141387,0.4533050225679006,38,early
38582,182,0,0.3013936172718572,0.656742671955591,38,early
38583,183,0,0.96167225661127,0.5570958486702879,38,early
38584,184,0,0.8957053203547727,0.7466364713324618,38,early
38585,185,0,0.45935665537843495,0.5569016331261403,38,early
38586,186,0,0.6567073194020757,0.6774694763056932,38,early
38587,187,0,0.99807366585412,0.46285299133055224,38,early
38588,188,0,0.5094408415552732,0.752527348346765,38,early
38589,189,0,0.513860239034038,0.5538048624879415,38,early
38590,190,0,0.47366505985966373,0.5369487071311718,38,early
38591,191,0,0.8104470473656789,0.5311999663003274,38,early
38592,192,0,0.8549024605142226,0.3249481417967743,38,early
38593,193,0,0.22845690920449735,0.3688664251718765,38,early
38594,194,0,0.9806257097034586,0.5192862538352379,38,early
38595,195,0,0.9546785806855798,0.4682507849398331,38,early
38596,196,0,0.5002813405628862,0.4643001526166136,38,early
38597,197,0,0.9803838148138578,0.31689352908325374,38,early
38598,198,0,0.5184530904423776,0.824508752180049,38,early
38599,199,0,0.4640122684503717,0.6652836176429407,38,early
38600,0,0,0.6888241400211098,0.5275200431890362,38,middle
38601,1,0,0.4666693758577681,0.5745820910335203,38,middle
38602,2,0,0.5322231062087545,0.7343903821499995,38,middle
38603,3,0,0.3938515072893276,0.8224178410086906,38,middle
38604,4,0,0.23039379228162377,0.5934134172054576,38,middle
38605,5,0,0.7535623706741228,0.6081358709022231,38,middle
38606,6,0,0.5158312263978077,0.5215764528567147,38,middle
38607,7,0,0.6619887824801509,0.6085615941130498,38,middle
38608,8,0,0.48149177273412147,0.5752950907326528,38,middle
38609,9,0,0.10610730225906696,0.5166789316582967,38,middle
38610,10,0,0.9865742846886453,0.4606143749645185,38,middle
38611,11,0,0.49648218136765776,0.9083350425719207,38,middle
38612,12,0,0.4516046467742543,0.7305593138109898,38,middle
38613,13,0,0.6817069383038672,0.4372504476008927,38,middle
38614,14,0,0.06345729302473015,0.6936396555377856,38,middle
38615,15,0,0.46403132793949664,0.7008763618312399,38,middle
38616,16,0,0.4371301208057485,0.7370627727664578,38,middle
38617,17,0,0.9911730417912203,0.49158919686253416,38,middle
38618,18,0,0.5027097623819626,0.6161687066891441,38,middle
38619,19,0,0.8329687431732982,0.771830861195299,38,middle
38620,20,0,0.29588593419964065,0.437662269910459,38,middle
38621,21,0,0.4978353753010262,0.6412844246247071,38,middle
38622,22,0,0.43237143707477765,0.6942467955778693,38,middle
38623,23,0,0.8803425871350692,0.5736588475212104,38,middle
38624,24,0,0.5527328167311106,0.766397617786382,38,middle
38625,25,0,0.6906414923150862,0.7331717775205896,38,middle
38626,26,0,0.49424603914058507,0.42508473321661683,38,middle
38627,27,0,0.9947322372578058,0.4705713067822137,38,middle
38628,28,0,0.5031311663127038,0.5915384854273531,38,middle
38629,29,0,0.6871645497251679,0.5132371068734514,38,middle
38630,30,0,0.03418054607545908,1.3608866624606089,38,middle
38631,31,0,0.5016393233551272,1.0375746648018491,38,middle
38632,32,0,0.8385900376524105,0.5690773434720515,38,middle
38633,33,0,0.5406730635241167,0.6012038207053394,38,middle
38634,34,0,0.7897728679283647,0.7253912930026742,38,middle
38635,35,0,0.5052110346779408,0.8816111537939,38,middle
38636,36,0,0.41203816289594264,0.8160177576647327,38,middle
38637,37,0,0.27544639348790856,0.7810102000989283,38,middle
38638,38,0,0.5003626397946533,0.7311785818082123,38,middle
38639,39,0,0.16498257682639722,0.6094013692840738,38,middle
38640,40,0,0.915962435948801,0.8406334845001499,38,middle
38641,41,0,0.5888469451711968,0.7318808696696324,38,middle
38642,42,0,0.960414805517738,0.7076292575659586,38,middle
38643,43,0,0.9824271194328369,0.7031458115614577,38,middle
38644,44,0,0.8910215781310299,0.5900071756310552,38,middle
38645,45,0,0.9487197476687693,0.5468389159533786,38,middle
38646,46,0,0.37125181242728394,0.4343546164449422,38,middle
38647,47,0,0.5410838716632075,0.6036292772077521,38,middle
38648,48,0,0.9094009563503822,0.7967687473057181,38,middle
38649,49,0,0.9742924694079608,0.5399582652807026,38,middle
38650,50,0,0.32885328145336634,0.8572097818044542,38,middle
38651,51,0,0.5650176628259407,0.43657322216005956,38,middle
38652,52,0,0.9818893631062824,0.3841292798238596,38,middle
38653,53,0,0.3613296623812247,0.6431458146984308,38,middle
38654,54,0,0.9844418568700697,0.5192048373445629,38,middle
38655,55,0,0.5019744766447425,0.5106132089733153,38,middle
38656,56,0,0.3516387720445968,0.6535255007368601,38,middle
38657,57,0,0.33644362780572307,0.8409032262521157,38,middle
38658,58,0,0.9839836216538569,0.4260305700564514,38,middle
38659,59,0,0.3592751131150436,0.7180218367424556,38,middle
38660,60,0,0.6332011174570287,0.7702615992042914,38,middle
38661,61,0,0.853481001577054,0.38307666912357324,38,middle
38662,62,0,0.8961817461645882,0.29200968127660615,38,middle
38663,63,0,0.9910868606327,0.7302198986632847,38,middle
38664,64,0,0.07713370364418479,0.6482797887353218,38,middle
38665,65,0,0.6128560055636552,0.913831384457677,38,middle
38666,66,0,0.4998451626172349,1.1674575857051304,38,middle
38667,67,0,0.9740325323799209,0.6294154077572397,38,middle
38668,68,0,0.26100601374094634,0.8598774757502426,38,middle
38669,69,0,0.5255390379758642,0.7463439152365948,38,middle
38670,70,0,0.9253654343717536,0.3598360736116537,38,middle
38671,71,0,0.9316406069474663,0.38598615188554186,38,middle
38672,72,0,0.7933370019872166,0.6824991298235994,38,middle
38673,73,0,0.3793017134145664,0.5461348059951481,38,middle
38674,74,0,0.9129286130672072,0.3885083059914809,38,middle
38675,75,0,0.977337431828174,0.3411812793041994,38,middle
38676,76,0,0.4946610870643351,0.8054009140068517,38,middle
38677,77,0,0.34884936604805106,0.40836407880590414,38,middle
38678,78,0,0.5044921260646853,0.7929915001964074,38,middle
38679,79,0,0.6609281399520783,0.4172475623403009,38,middle
38680,80,0,0.030666534065327728,0.7254651894939533,38,middle
38681,81,0,0.003593793925279355,0.9485434184162087,38,middle
38682,82,0,0.5595220339229612,0.6009258644962442,38,middle
38683,83,0,0.9662903445516446,0.658249414781998,38,middle
38684,84,0,0.00013331850657138055,0.8199798438536805,38,middle
38685,85,0,0.0027966787880151943,1.0087119744505986,38,middle
38686,86,0,3.620660407165256e-05,0.9236838015054901,38,middle
38687,87,0,0.9813677796436406,0.31160579801760396,38,middle
38688,88,0,0.07104874468474452,0.5766243103657018,38,middle
38689,89,0,0.4557829469794834,1.0688369579108246,38,middle
38690,90,0,0.24218078880294006,0.6149075903144423,38,middle
38691,91,0,0.055257938497741486,0.6651525620414291,38,middle
38692,92,0,0.7287973988394041,0.5279892134996003,38,middle
38693,93,0,0.16495749156637265,0.6284668991930547,38,middle
38694,94,0,0.7628888298861414,0.8317048833640908,38,middle
38695,95,0,0.9635269395901013,0.3877543296382242,38,middle
38696,96,0,0.9855659601237692,0.4757179434136068,38,middle
38697,97,0,0.6639216543491085,0.6825883389759132,38,middle
38698,98,0,0.002410810491718248,0.6985806102556364,38,middle
38699,99,0,0.6312289978841478,0.42139463162186774,38,middle
38700,100,0,0.865693232980894,0.42756149309457503,38,middle
38701,101,0,0.9959077004153141,0.4210495654592289,38,middle
38702,102,0,0.016648305499814636,1.016073469665529,38,middle
38703,103,0,0.3320951572671576,0.7120975094621098,38,middle
38704,104,0,0.7493279954065379,0.4262291420935411,38,middle
38705,105,0,0.029011453322609685,0.5987734589703922,38,middle
38706,106,0,0.21936290901016575,0.9060813416433701,38,middle
38707,107,0,0.9774971023794041,0.5304470392815486,38,middle
38708,108,0,0.9980877336014056,0.49229399829382114,38,middle
38709,109,0,0.9905276256912485,0.6549951454783116,38,middle
38710,110,0,0.8902302303127825,0.5063862507843099,38,middle
38711,111,0,0.9323562783924364,0.4277612789320362,38,middle
38712,112,0,0.5083641593095967,0.5137394715662371,38,middle
38713,113,0,0.42044266433810656,0.6236385297175384,38,middle
38714,114,0,0.9342587720313469,0.44144256694124945,38,middle
38715,115,0,0.5896705288844901,0.5607600096517463,38,middle
38716,116,0,0.9551506472894951,0.6249680865717868,38,middle
38717,117,0,0.0018152121462270728,0.8359292009453005,38,middle
38718,118,0,0.1148634984647311,0.5130860095982287,38,middle
38719,119,0,0.9527882365377376,0.31250298797424236,38,middle
38720,120,0,0.3296942948089679,0.5083353303588094,38,middle
38721,121,0,0.9207352071204162,0.4268085556956751,38,middle
38722,122,0,0.32288637403874926,0.635407271067615,38,middle
38723,123,0,0.5734418018595742,0.585682602828559,38,middle
38724,124,0,0.31182805236504607,0.7164396646797924,38,middle
38725,125,0,0.28840508614350474,0.7695987017607648,38,middle
38726,126,0,0.5031764534323575,0.9221006793284321,38,middle
38727,127,0,0.5381161871162182,0.5144164976808098,38,middle
38728,128,0,0.7479152191868799,0.4752349531725263,38,middle
38729,129,0,0.0944852030607983,0.5497419478933621,38,middle
38730,130,0,0.41887367288033067,0.7091491568208317,38,middle
38731,131,0,0.46725606788229423,0.558016834812971,38,middle
38732,132,0,0.41683081738209626,0.5096310853382829,38,middle
38733,133,0,0.20276298828169992,0.6966437301854533,38,middle
38734,134,0,0.5055175626214385,0.46248194703616097,38,middle
38735,135,0,0.44757063862893365,0.6942250161039771,38,middle
38736,136,0,0.5214457098510452,0.6454020714578772,38,middle
38737,137,0,0.4844087575196652,0.6802961476648758,38,middle
38738,138,0,0.11717524326741523,0.7274610095939869,38,middle
38739,139,0,0.4548076860262588,0.5316889676884081,38,middle
38740,140,0,0.7409237597812046,0.5813920422524224,38,middle
38741,141,0,0.566515436676219,0.6760576945182568,38,middle
38742,142,0,0.38276910596359637,0.7556785391080991,38,middle
38743,143,0,0.5073228434234803,0.6108995366783632,38,middle
38744,144,0,0.5321761898876969,0.6900366450181827,38,middle
38745,145,0,0.9839389488904435,0.489098875126624,38,middle
38746,146,0,0.2967258281526024,0.30619475223886133,38,middle
38747,147,0,0.7731342808859064,0.6516721809783228,38,middle
38748,148,0,0.5397691703368946,0.6461791529812841,38,middle
38749,149,0,0.9394746934270639,0.2051043265154605,38,middle
38750,150,0,0.8814561988757448,0.4018221881189157,38,middle
38751,151,0,0.45936589695954966,0.8536155760200403,38,middle
38752,152,0,0.49997222525208795,0.7777550632632579,38,middle
38753,153,0,0.49682810781541675,0.6585923446674652,38,middle
38754,154,0,0.43950609628837145,0.6275204452511292,38,middle
38755,155,0,0.8976389357855536,0.6371538994820269,38,middle
38756,156,0,0.4956563767894079,0.6317117721073637,38,middle
38757,157,0,0.45871725478925063,0.479168781208011,38,middle
38758,158,0,0.5723019730603436,0.5282835773137786,38,middle
38759,159,0,0.8789248127538107,0.5127994914162401,38,middle
38760,160,0,0.6179318457587131,0.5784216346176967,38,middle
38761,161,0,0.0665035381461606,0.7033157881995833,38,middle
38762,162,0,0.9977692385974604,0.5053544772813755,38,middle
38763,163,0,0.9243618533126786,0.30953153240971853,38,middle
38764,164,0,0.37543187256028554,0.6309330670553461,38,middle
38765,165,0,0.9854274500246836,0.4012316055851587,38,middle
38766,166,0,0.999932156410152,0.2844851983684936,38,middle
38767,167,0,0.004493893476768394,0.8043160519859143,38,middle
38768,168,0,0.9992001265173047,0.4435280347454902,38,middle
38769,169,0,0.4944994635244851,0.8987940169534929,38,middle
38770,170,0,0.8047410138757015,0.45738754381169006,38,middle
38771,171,0,0.9877934510894826,0.4588577716827723,38,middle
38772,172,0,0.4696225111942028,0.5627781008737425,38,middle
38773,173,0,0.45523425924317473,0.7847145693568338,38,middle
38774,174,0,0.9980334922361074,0.6083446556238482,38,middle
38775,175,0,0.48965962710941124,0.3637525293287377,38,middle
38776,176,0,0.5212602466720377,0.5523016019424549,38,middle
38777,177,0,0.4635833415915045,0.6137529503505471,38,middle
38778,178,0,0.6993624756124108,0.35699558408214116,38,middle
38779,179,0,0.1410634118701543,0.4381635250779583,38,middle
38780,180,0,0.6043524012384603,0.33811233745008284,38,middle
38781,181,0,0.28674881827727505,0.6706586186403217,38,middle
38782,182,0,0.9189566299331459,0.5313241248600655,38,middle
38783,183,0,0.49738322607969626,0.8752165033757042,38,middle
38784,184,0,0.12820091057720853,0.7960680941980502,38,middle
38785,185,0,0.2684938497747802,0.617629017854604,38,middle
38786,186,0,0.9844599299008961,0.45318979576246804,38,middle
38787,187,0,0.9276948288751987,0.5980375053649198,38,middle
38788,188,0,0.34729636610700365,0.6414618706334441,38,middle
38789,189,0,0.9761793801482449,0.3423235954033298,38,middle
38790,190,0,0.5735906644567053,0.3773092121668741,38,middle
38791,191,0,0.9628217034331576,0.342098903489119,38,middle
38792,192,0,0.9468317313946035,0.3263096133930177,38,middle
38793,193,0,0.9942301933966298,0.39485365220087953,38,middle
38794,194,0,0.00017662697905919514,0.6966538035164995,38,middle
38795,195,0,0.9556979730341448,0.3888277127901241,38,middle
38796,196,0,0.8213945360821755,0.404110551220884,38,middle
38797,197,0,0.9440685297172968,0.4333192290621862,38,middle
38798,198,0,0.5933787009851924,0.47528921273782243,38,middle
38799,199,0,0.61816767166328,0.5099118803190799,38,middle
38800,0,0,0.009165021101484715,0.8319886052527938,38,late
38801,1,0,0.4311969003154142,0.7670754472828407,38,late
38802,2,0,0.5716181318291501,0.40102353693454124,38,late
38803,3,0,0.47360286209874725,0.5669802760017938,38,late
38804,4,0,0.346553234119709,0.5007895980534659,38,late
38805,5,0,0.17310858419205818,0.9466215391184571,38,late
38806,6,0,0.5026392262954694,0.7653426197600355,38,late
38807,7,0,0.08624867499663873,0.6874032120609096,38,late
38808,8,0,0.017938469649309906,0.7635478131322828,38,late
38809,9,0,0.12400508826180681,0.7499622267506381,38,late
38810,10,0,0.4969914794363146,0.5282243407306054,38,late
38811,11,0,0.7444163301381422,0.5117785586881645,38,late
38812,12,0,0.5249347009336357,0.37310206701141324,38,late
38813,13,0,0.5787685412440996,0.5492150675036981,38,late
38814,14,0,0.2960324804362933,0.5466110626346344,38,late
38815,15,0,0.25034879577026103,0.606482954325593,38,late
38816,16,0,0.6337392426067532,0.40321111371580104,38,late
38817,17,0,0.41302403805937693,0.3980095778019648,38,late
38818,18,0,0.46635135622404017,0.736642984284472,38,late
38819,19,0,0.8932227126235637,0.5181708409140127,38,late
38820,20,0,0.4237777911026064,0.566830339259329,38,late
38821,21,0,0.512027850663337,0.6212529830554414,38,late
38822,22,0,0.558886043728999,0.4128934576217114,38,late
38823,23,0,0.39855745924831704,0.41145638816961094,38,late
38824,24,0,0.5006839833384665,0.43852453889650433,38,late
38825,25,0,0.5397104524948202,0.6316965774749806,38,late
38826,26,0,0.4980444087116136,0.8651820491457065,38,late
38827,27,0,0.5317202650725227,0.5172016919987643,38,late
38828,28,0,0.2814183980870522,0.8969381271697674,38,late
38829,29,0,0.8283401178892471,0.6134409843910135,38,late
38830,30,0,0.49996515597504004,0.6403521389962423,38,late
38831,31,0,0.2747992112601835,0.4538251495665695,38,late
38832,32,0,0.49109449648698456,1.0750075487064032,38,late
38833,33,0,0.5118712134563049,0.5918615462577599,38,late
38834,34,0,0.4523713225742993,0.5678989910099524,38,late
38835,35,0,0.2663717160289159,0.7005241339859279,38,late
38836,36,0,0.4978733686339269,0.6933603264535467,38,late
38837,37,0,0.5041740116890532,0.5810636492406475,38,late
38838,38,0,0.6681768492712448,0.5437478051632099,38,late
38839,39,0,0.4678881528202461,0.7004607486286313,38,late
38840,40,0,0.5306878858413686,0.5130963125902146,38,late
38841,41,0,0.03987871218476195,1.0725324176302355,38,late
38842,42,0,0.5812823232807078,0.5495454075117131,38,late
38843,43,0,0.5089318708106101,0.6439655461224975,38,late
38844,44,0,0.9866652570251983,0.5675501261146283,38,late
38845,45,0,0.7088467632103197,0.6875115859789189,38,late
38846,46,0,0.5008270356413246,0.504140085272855,38,late
38847,47,0,0.9536248969087119,0.3966852131500378,38,late
38848,48,0,0.9778848954461059,0.48842622583080875,38,late
38849,49,0,0.9536534504180099,0.4169990182701785,38,late
38850,50,0,0.5008611050280511,0.5247207467110739,38,late
38851,51,0,0.00578761904136787,0.6983114223661115,38,late
38852,52,0,0.9125688956898599,0.4055534832845039,38,late
38853,53,0,0.027489955267286,0.8119583031834877,38,late
38854,54,0,0.5197620892298718,0.5514028963153251,38,late
38855,55,0,0.0011337179442932263,1.0325033323387602,38,late
38856,56,0,0.49544125590253274,0.4629559996410546,38,late
38857,57,0,0.654065988900564,0.62501380564735,38,late
38858,58,0,0.5007659165273493,0.9255942490168726,38,late
38859,59,0,0.2511944261458272,0.7636245146348435,38,late
38860,60,0,0.501618855384993,0.4664839418480401,38,late
38861,61,0,0.06431429242745237,0.5361738686514259,38,late
38862,62,0,0.4542971346637334,0.5245747408825757,38,late
38863,63,0,0.887424216085665,0.5909357585359158,38,late
38864,64,0,0.5877019684009053,0.8401236420916176,38,late
38865,65,0,0.854185409968184,0.4204384075448909,38,late
38866,66,0,0.20954626260299597,0.7479359927365201,38,late
38867,67,0,0.017656152243909685,0.7920079507300646,38,late
38868,68,0,0.4970530952824806,0.39171026452641394,38,late
38869,69,0,0.18683482446408464,0.7182673710571139,38,late
38870,70,0,0.5409121834974029,0.4968161724475558,38,late
38871,71,0,0.6953687143155634,0.493621707601781,38,late
38872,72,0,0.5006140613441405,0.5842828029747883,38,late
38873,73,0,0.5052411038146957,0.6423530872482277,38,late
38874,74,0,0.5180850148786453,0.5667725627729991,38,late
38875,75,0,0.4943505272491,0.6528395005373056,38,late
38876,76,0,0.5147428752588019,0.685520170749198,38,late
38877,77,0,0.7378599917664063,0.5321763646437384,38,late
38878,78,0,0.26748159724148257,0.5301364879906736,38,late
38879,79,0,0.056366922839090956,0.6367712942535593,38,late
38880,80,0,0.8627440526445719,0.44822036321355224,38,late
38881,81,0,0.994206747776424,0.48216153237948656,38,late
38882,82,0,0.29473453378821757,0.8487695711761958,38,late
38883,83,0,0.5142937808086396,0.732688043601617,38,late
38884,84,0,0.3410493201790225,0.7080032909576552,38,late
38885,85,0,0.04678442570933634,0.9341287019662511,38,late
38886,86,0,0.9999409924531477,0.9630662705887048,38,late
38887,87,0,0.48352505565565246,0.6460912361465048,38,late
38888,88,0,0.6845034233717093,0.3756990188871422,38,late
38889,89,0,0.9900723198940501,0.5439688830145513,38,late
38890,90,0,0.5182408894592152,0.6557581451248975,38,late
38891,91,0,0.9916394334861678,0.33567636313823024,38,late
38892,92,0,0.6958054292301105,0.5146101076728227,38,late
38893,93,0,0.9990684934854912,0.677244314371573,38,late
38894,94,0,0.855401704934277,0.5250248362332264,38,late
38895,95,0,0.8957814404427051,0.4199912343629263,38,late
38896,96,0,0.7747866810985826,0.3525679732793188,38,late
38897,97,0,0.9767647384208469,0.42848341347995367,38,late
38898,98,0,0.9424166369085356,0.3469815830112768,38,late
38899,99,0,0.8267763767252219,0.4796335973341963,38,late
38900,100,0,0.8837661719018839,0.5070725309531743,38,late
38901,101,0,0.99860913784764,0.5434320713775829,38,late
38902,102,0,0.9971766642055271,0.42548752316119365,38,late
38903,103,0,0.7635358401961183,0.42119628494578165,38,late
38904,104,0,0.9986790895917808,0.4224253386497696,38,late
38905,105,0,0.924491765504688,0.3569713783096797,38,late
38906,106,0,0.9506340202962362,0.43854383928779594,38,late
38907,107,0,0.8091878483991191,0.38786673196439836,38,late
38908,108,0,0.9172904159146168,0.35641440309700956,38,late
38909,109,0,0.9795824648092378,0.3600963041800832,38,late
38910,110,0,0.6016354279471224,0.4014533070455282,38,late
38911,111,0,0.937692929717747,0.41611224110022405,38,late
38912,112,0,0.9937431356622821,0.5400088703229633,38,late
38913,113,0,0.6394097223456339,0.6235300481350219,38,late
38914,114,0,0.4365944971873923,0.4253663972649376,38,late
38915,115,0,0.7250662763699606,0.3763579585800123,38,late
38916,116,0,0.9886359423326322,0.6031994938889109,38,late
38917,117,0,0.5709980884070776,0.44680998245366277,38,late
38918,118,0,0.9993140046032543,0.44705035781593705,38,late
38919,119,0,0.3541978918626874,0.8460606642121826,38,late
38920,120,0,0.48100495997551684,0.9742262591321476,38,late
38921,121,0,0.9903672425655384,0.4905259838592918,38,late
38922,122,0,0.4634874495546559,0.7022458572877366,38,late
38923,123,0,0.9989048058000296,0.5856483075085943,38,late
38924,124,0,0.8915968826885485,0.45183504180467327,38,late
38925,125,0,0.9549277041863236,0.5571455962098764,38,late
38926,126,0,0.5084126528204903,0.538062924739362,38,late
38927,127,0,0.5671142889267933,0.502292634514566,38,late
38928,128,0,0.9755207131701242,0.5203471565800062,38,late
38929,129,0,0.7694117411473771,0.312059911299834,38,late
38930,130,0,0.37978727782025284,0.5272595325294238,38,late
38931,131,0,0.27187682622969783,0.6259843560065083,38,late
38932,132,0,0.11204878291184998,0.5680471756680228,38,late
38933,133,0,0.9860544721104804,0.6046619928596775,38,late
38934,134,0,0.5992958844634787,0.29890229966013104,38,late
38935,135,0,0.9273780802836575,0.37773914399978087,38,late
38936,136,0,0.8832453328202649,0.41634153398371465,38,late
38937,137,0,0.9942561005494132,0.5449416683131388,38,late
38938,138,0,0.6403274233065708,0.6667662703882459,38,late
38939,139,0,0.4948174785415757,0.8045590116265642,38,late
38940,140,0,0.7200924185639934,0.652986332759151,38,late
38941,141,0,0.6254368359746943,0.5677258617350129,38,late
38942,142,0,0.9805306020036463,0.5487883746969627,38,late
38943,143,0,0.6417046108847474,0.6501377771647123,38,late
38944,144,0,0.9414185365674432,0.29973303394683254,38,late
38945,145,0,0.9999096165388945,0.5692228583860632,38,late
38946,146,0,0.9994877808965942,0.5839596901766104,38,late
38947,147,0,0.6203912553829302,0.5514802745741121,38,late
38948,148,0,0.9869840948012458,0.624529354459048,38,late
38949,149,0,0.988734832485512,0.6302000588113658,38,late
38950,150,0,0.9035644534014138,0.3354987564909656,38,late
38951,151,0,0.15522234836291715,0.5388811632260453,38,late
38952,152,0,0.23142523547150398,0.49819736595443853,38,late
38953,153,0,0.9960459868273792,0.44509809093778996,38,late
38954,154,0,0.7598720649176698,0.4444743747735882,38,late
38955,155,0,0.9974161045546783,0.46874183969595373,38,late
38956,156,0,0.9791420313222977,0.6027244875650166,38,late
38957,157,0,0.41165670125862264,0.5142006439786824,38,late
38958,158,0,0.7086266180519972,0.3880354556202444,38,late
38959,159,0,0.999608884680085,0.28240586717625826,38,late
38960,160,0,0.3117108914063645,0.40854385415943906,38,late
38961,161,0,0.9629388983418543,0.41962754023505267,38,late
38962,162,0,0.991682410710285,0.5259878978908819,38,late
38963,163,0,0.9999729330252323,0.4358198985210281,38,late
38964,164,0,0.5726345117690832,0.5587769416037083,38,late
38965,165,0,0.9847856125524099,0.5408539747710106,38,late
38966,166,0,0.9650214276941411,0.41272654169510353,38,late
38967,167,0,0.5353959729506472,0.4209742124174706,38,late
38968,168,0,0.48231076727666955,0.7542649821453429,38,late
38969,169,0,0.8109172012054595,0.6564496302994562,38,late
38970,170,0,0.523761588662096,0.544364296525635,38,late
38971,171,0,0.69512103282321,0.46113445335336567,38,late
38972,172,0,0.07497006849369696,0.5432786118486945,38,late
38973,173,0,0.10165823548981288,0.7453061258934137,38,late
38974,174,0,0.5479095821743094,0.4162227426501831,38,late
38975,175,0,0.7416724260258323,0.4422320244697665,38,late
38976,176,0,0.8700574047010223,0.5216628036701527,38,late
38977,177,0,0.3109316424139522,0.7721252913525222,38,late
38978,178,0,0.5828660661855711,0.3351232363626767,38,late
38979,179,0,0.9654608021350124,0.4953361607640594,38,late
38980,180,0,0.029289129939834006,0.9477577462435784,38,late
38981,181,0,0.507712321485118,0.8229645954827582,38,late
38982,182,0,0.6612168616829298,0.6115193730917415,38,late
38983,183,0,0.5793278200739427,0.5292770723514261,38,late
38984,184,0,0.8522230512311197,0.42708916593438917,38,late
38985,185,0,0.8545281390268181,0.46782471063296205,38,late
38986,186,0,0.5992539356183046,0.5255103372031438,38,late
38987,187,0,0.2971224062634493,0.632306272984176,38,late
38988,188,0,0.9103186531000486,0.2608953238856098,38,late
38989,189,0,0.9542866660087945,0.5657887742744994,38,late
38990,190,0,0.8603108944763722,0.4501060531436897,38,late
38991,191,0,0.5186804303948842,0.6347372788380996,38,late
38992,192,0,0.5120324481643482,0.7109679888307994,38,late
38993,193,0,0.9990985844897662,0.4399787483031337,38,late
38994,194,0,0.5424382257085849,0.5374414007142745,38,late
38995,195,0,0.3233917366868558,0.542004607266505,38,late
38996,196,0,0.9575212449131579,0.4575428223850666,38,late
38997,197,0,0.9402545131875184,0.5276923980087522,38,late
38998,198,0,0.50666912737856,0.6034422850241626,38,late
38999,199,0,0.9991698364393649,0.39817916213723825,38,late
39000,0,0,0.5058361544510992,0.6858344865152628,39,interleaved
39001,1,0,0.69115418710243,0.38241596083836427,39,interleaved
39002,2,0,0.1997251823282288,0.6757501751513133,39,interleaved
39003,3,0,0.061771113631099904,0.719679770283747,39,interleaved
39004,4,0,0.13271996095181074,0.6170947261977417,39,interleaved
39005,5,0,0.3956365591756891,0.4525975149727908,39,interleaved
39006,6,0,0.5473846502459994,0.7183409389873898,39,interleaved
39007,7,0,0.529903734190544,0.6727684349177285,39,interleaved
39008,8,0,0.5051059504183636,0.9445168491064551,39,interleaved
39009,9,0,0.9865533352535701,0.4384805135905908,39,interleaved
39010,10,0,0.7772386351003522,0.7985236327560441,39,interleaved
39011,11,0,0.17746482492434187,0.7288587994433791,39,interleaved
39012,12,0,0.47133427194116356,0.7125636653346515,39,interleaved
39013,13,0,0.8693811968400471,0.439330659559667,39,interleaved
39014,14,0,0.42877859292693093,0.6978062286566655,39,interleaved
39015,15,0,0.266656236078012,0.47815403397643,39,interleaved
39016,16,0,0.5732500146736721,0.4961921537494466,39,interleaved
39017,17,0,0.41739940305521367,0.4679562559921988,39,interleaved
39018,18,0,0.4713739558491545,0.7392777132727283,39,interleaved
39019,19,0,0.5086144546316141,0.6391874642231964,39,interleaved
39020,20,0,0.2859416878495914,0.6914298646224222,39,interleaved
39021,21,0,0.8100648826876697,0.7517296731531564,39,interleaved
39022,22,0,0.06820065833356767,0.6593282727377451,39,interleaved
39023,23,0,0.6011191386990108,0.6484426755374773,39,interleaved
39024,24,0,0.439130073821776,0.8524452272046492,39,interleaved
39025,25,0,0.4717307390723628,0.9537014363309056,39,interleaved
39026,26,0,0.044303371212209154,0.6467096637941315,39,interleaved
39027,27,0,0.02911562648028132,0.8264946544510482,39,interleaved
39028,28,0,0.34979499385786966,0.7984589686901817,39,interleaved
39029,29,0,0.7426020073163041,0.6460522378029536,39,interleaved
39030,30,0,0.4911688474540806,0.9015831252283664,39,interleaved
39031,31,0,0.99936622468715,0.7050076376942718,39,interleaved
39032,32,0,0.557649766009674,0.6751353303250808,39,interleaved
39033,33,0,0.5573767450790643,0.7044204003858685,39,interleaved
39034,34,0,0.508877212773188,0.739042492823353,39,interleaved
39035,35,0,0.9955204864566516,0.6060970307412062,39,interleaved
39036,36,0,0.5065521499174575,1.073022102288228,39,interleaved
39037,37,0,0.1583286453942317,0.6231248831404983,39,interleaved
39038,38,0,0.5201266392040373,0.4213822279031463,39,interleaved
39039,39,0,0.047140768328433544,0.604805625301707,39,interleaved
39040,40,0,0.3825371469582563,0.5348609551127661,39,interleaved
39041,41,0,0.9934851360619531,0.5732272647322777,39,interleaved
39042,42,0,0.7952696667752012,0.704601202869338,39,interleaved
39043,43,0,0.6602324742267276,0.5903193714881294,39,interleaved
39044,44,0,0.5000496703851053,0.9676396114369081,39,interleaved
39045,45,0,0.9999972771819082,1.5528651434370198,39,interleaved
39046,46,0,0.800797253911942,0.7161362718740822,39,interleaved
39047,47,0,0.9704525893745272,0.6357518916586421,39,interleaved
39048,48,0,0.5459946801767738,0.6880876239815477,39,interleaved
39049,49,0,0.9693762189722412,0.5394624085613768,39,interleaved
39050,50,0,0.4908829132853908,0.41317577167724706,39,interleaved
39051,51,0,0.5295594963030964,0.5558454721203946,39,interleaved
39052,52,0,0.8064158921902322,0.667954441964038,39,interleaved
39053,53,0,0.9998170625321845,0.7164134920487145,39,interleaved
39054,54,0,0.05459175580488398,0.6863021049373099,39,interleaved
39055,55,0,0.5268696875665771,0.4200919123176813,39,interleaved
39056,56,0,0.33047132520695394,0.5712276529794471,39,interleaved
39057,57,0,0.44358465138633685,0.4191059351208148,39,interleaved
39058,58,0,0.9972786195997392,0.7546735470660827,39,interleaved
39059,59,0,0.49963906232398886,0.8857922188621186,39,interleaved
39060,60,0,0.3666020507074746,0.6543743890667136,39,interleaved
39061,61,0,0.5263340871777663,0.641998349058764,39,interleaved
39062,62,0,0.5198173876175104,0.5116161741501848,39,interleaved
39063,63,0,0.04480338627417629,0.6670605386882598,39,interleaved
39064,64,0,0.7280257787407722,0.6039411220028549,39,interleaved
39065,65,0,0.015038381341600685,0.9857883746909365,39,interleaved
39066,66,0,0.5203089784086025,0.4388841313455452,39,interleaved
39067,67,0,0.5499246043887902,0.6181603838244591,39,interleaved
39068,68,0,0.7376142264319661,0.7225189446229485,39,interleaved
39069,69,0,0.8175330317276805,0.5061668882825974,39,interleaved
39070,70,0,0.4834499332278824,0.42819655457143363,39,interleaved
39071,71,0,0.3203778719048016,0.8141443000946137,39,interleaved
39072,72,0,0.5117260479614842,0.6976560485336729,39,interleaved
39073,73,0,0.5269805227105313,0.6998453466483396,39,interleaved
39074,74,0,0.5434550098694633,0.5200198308206851,39,interleaved
39075,75,0,0.9999964122770852,1.1889503855015686,39,interleaved
39076,76,0,0.501174444538516,0.5486667860216616,39,interleaved
39077,77,0,0.788298568335132,0.6930299012249537,39,interleaved
39078,78,0,0.9715465062678225,0.3761148828637176,39,interleaved
39079,79,0,0.6479702103361772,0.6240695848564919,39,interleaved
39080,80,0,0.4888897090206769,0.7732648487708478,39,interleaved
39081,81,0,0.036893470624536136,0.6835198135881677,39,interleaved
39082,82,0,0.8377478918102623,0.47481189327405826,39,interleaved
39083,83,0,0.9882215636532645,0.38017140214426737,39,interleaved
39084,84,0,0.5024537586693879,0.8614501613520035,39,interleaved
39085,85,0,0.999910097229471,1.304582768440525,39,interleaved
39086,86,0,0.3493127378591901,0.6716435188144196,39,interleaved
39087,87,0,0.5063743705051847,0.6573791481288745,39,interleaved
39088,88,0,0.6437895474219775,0.5187620629686058,39,interleaved
39089,89,0,0.9999918427251722,0.9150794599190677,39,interleaved
39090,90,0,0.9936666402526676,0.6150570563827207,39,interleaved
39091,91,0,0.9686861215336406,0.5388225293327402,39,interleaved
39092,92,0,0.9083136232268716,0.8040285573695354,39,interleaved
39093,93,0,0.9957379817710956,0.6388683930507633,39,interleaved
39094,94,0,0.4939757678425143,0.46687004389240094,39,interleaved
39095,95,0,0.004076618189896852,0.982935397753543,39,interleaved
39096,96,0,0.4982321317787653,0.7638157066890658,39,interleaved
39097,97,0,0.34238663305839107,0.6393201607547292,39,interleaved
39098,98,0,0.4999943338725533,1.0006484069026857,39,interleaved
39099,99,0,0.8738578512839985,0.9797116320801194,39,interleaved
39100,100,0,0.5077230504319108,0.7290422543802945,39,interleaved
39101,101,0,0.022116503070423846,0.9463030102776486,39,interleaved
39102,102,0,0.5253926372946756,0.6638433621762228,39,interleaved
39103,103,0,0.618201169405241,0.5481198964096772,39,interleaved
39104,104,0,0.9976922823448147,0.5875401236313551,39,interleaved
39105,105,0,0.945288629371666,0.614768873296474,39,interleaved
39106,106,0,0.4766466185069661,0.6091233790511847,39,interleaved
39107,107,0,0.9685018386296366,0.2963647738549424,39,interleaved
39108,108,0,0.5056053825027289,0.6557972948777568,39,interleaved
39109,109,0,0.9672259603536291,0.3802081915067168,39,interleaved
39110,110,0,0.5401278666473377,0.47704652167151185,39,interleaved
39111,111,0,0.032691537053581,0.7688789708613724,39,interleaved
39112,112,0,0.6713735863719053,0.6747990196534126,39,interleaved
39113,113,0,0.9878870014663417,0.4498806470482993,39,interleaved
39114,114,0,0.0068757018845125115,0.8591092064665092,39,interleaved
39115,115,0,0.5571878307637728,0.8203124314895309,39,interleaved
39116,116,0,0.343568568307069,1.0983778435703475,39,interleaved
39117,117,0,0.9964621644214566,0.46162769415110777,39,interleaved
39118,118,0,0.6877413976403333,0.5904441958086959,39,interleaved
39119,119,0,0.446744777775811,0.6082802200587287,39,interleaved
39120,120,0,0.5306924178199879,0.8111377093689752,39,interleaved
39121,121,0,0.6403177047755464,0.6144837751697081,39,interleaved
39122,122,0,0.9278355761281103,0.404128449284731,39,interleaved
39123,123,0,0.39276487611123045,0.7422076370540098,39,interleaved
39124,124,0,0.4813157465563062,0.5768047795611101,39,interleaved
39125,125,0,0.4591035456526219,1.061991659301144,39,interleaved
39126,126,0,0.11876691582367126,0.9424419055839088,39,interleaved
39127,127,0,0.6114856872011979,0.7397101317539962,39,interleaved
39128,128,0,0.5001269354847737,0.8257213405278571,39,interleaved
39129,129,0,0.48799072601029186,0.49772179798698224,39,interleaved
39130,130,0,0.5775428317645365,0.5389459714201986,39,interleaved
39131,131,0,0.9998654805944396,1.1014705289238813,39,interleaved
39132,132,0,0.4999995364458825,1.2329586433647093,39,interleaved
39133,133,0,0.2718839917897172,0.6751519823971498,39,interleaved
39134,134,0,0.2442137728874214,0.6522609976577509,39,interleaved
39135,135,0,0.0372633327739187,0.7726387746639769,39,interleaved
39136,136,0,0.5137559707069266,0.6888677981735021,39,interleaved
39137,137,0,0.9893672520068819,0.5668821067216125,39,interleaved
39138,138,0,0.49982958371101327,0.5714301356105449,39,interleaved
39139,139,0,0.9313815162102852,0.630308962961843,39,interleaved
39140,140,0,0.3746997192107816,0.6032410028446201,39,interleaved
39141,141,0,0.6053100303942144,0.659919545638991,39,interleaved
39142,142,0,0.9649756595195427,0.862458256465509,39,interleaved
39143,143,0,0.493845789636974,0.8502111176207853,39,interleaved
39144,144,0,0.5132201020819813,0.5724601213138596,39,interleaved
39145,145,0,0.2373823636556476,0.5692343664726329,39,interleaved
39146,146,0,0.6923694838527968,0.5883862325739768,39,interleaved
39147,147,0,0.5267391443679996,0.5413043699573434,39,interleaved
39148,148,0,0.10105773463516834,0.6898388517316347,39,interleaved
39149,149,0,0.4714561692745693,0.5337127684921801,39,interleaved
39150,150,0,0.6021920403281085,0.42365723964940316,39,interleaved
39151,151,0,0.9947130344091852,0.4603253934616805,39,interleaved
39152,152,0,0.49952238986352365,0.8768375007779766,39,interleaved
39153,153,0,0.4075839324271123,1.0038588677644118,39,interleaved
39154,154,0,0.9586795005304398,0.4386345303678998,39,interleaved
39155,155,0,0.6000630775333144,0.7168655486976666,39,interleaved
39156,156,0,0.5508817694243994,0.5868853231307928,39,interleaved
39157,157,0,0.730194924587901,0.423436633547329,39,interleaved
39158,158,0,0.49964196794328153,0.9563670681668803,39,interleaved
39159,159,0,0.9989373698531403,1.0958133009520008,39,interleaved
39160,160,0,0.9996986102147812,0.671638896189624,39,interleaved
39161,161,0,0.9902737569802194,0.7862053466211536,39,interleaved
39162,162,0,0.9984588613900294,0.6070881600157879,39,interleaved
39163,163,0,0.13220054674673246,0.5526318431439627,39,interleaved
39164,164,0,0.5465300696919764,0.7563062323121896,39,interleaved
39165,165,0,0.6926453508176034,0.6358278973990752,39,interleaved
39166,166,0,0.9226209236494263,0.35760281150164736,39,interleaved
39167,167,0,0.3916002542503332,0.5768992434580965,39,interleaved
39168,168,0,0.5218988356831413,0.7308526009931595,39,interleaved
39169,169,0,0.5220967964610949,0.4750593879818583,39,interleaved
39170,170,0,0.6190407220601757,0.5241151826558911,39,interleaved
39171,171,0,0.17513090587754518,0.730121358961181,39,interleaved
39172,172,0,0.9938830551356419,0.40796215465046803,39,interleaved
39173,173,0,0.9914730351664556,0.35551378940187706,39,interleaved
39174,174,0,0.9914824781915595,0.5100368972452884,39,interleaved
39175,175,0,0.44958908101986167,0.6303920551275638,39,interleaved
39176,176,0,0.9990110913932039,0.6360565266960012,39,interleaved
39177,177,0,0.8983155001706324,0.4443782290307238,39,interleaved
39178,178,0,0.876327446270355,0.3792066723442025,39,interleaved
39179,179,0,0.5154784124607245,0.5770392691774722,39,interleaved
39180,180,0,0.7193937857959575,0.4066042195893811,39,interleaved
39181,181,0,0.5084099190538204,0.781900053101954,39,interleaved
39182,182,0,0.9005340590559057,0.6245375053070065,39,interleaved
39183,183,0,0.9415412830690622,0.5144343072577011,39,interleaved
39184,184,0,0.5046578744149447,0.333270442592404,39,interleaved
39185,185,0,0.9795528394421683,0.40468385163804055,39,interleaved
39186,186,0,0.8824325922605987,0.7024817659521199,39,interleaved
39187,187,0,0.5000170742104346,0.6676301202550398,39,interleaved
39188,188,0,0.9900962098011825,0.760988301852233,39,interleaved
39189,189,0,0.942941971908877,0.5705272736711058,39,interleaved
39190,190,0,0.2969228489139512,0.609575368833507,39,interleaved
39191,191,0,0.6303657261524006,0.6553668175077796,39,interleaved
39192,192,0,0.5063196424306458,0.593279993111215,39,interleaved
39193,193,0,0.5057322126558581,0.6316423620125863,39,interleaved
39194,194,0,0.5960297248490629,0.48573479134178255,39,interleaved
39195,195,0,0.2581424113564142,0.785579619867897,39,interleaved
39196,196,0,0.5002182792576405,0.662716943019422,39,interleaved
39197,197,0,0.5296387739969604,0.5794411437109487,39,interleaved
39198,198,0,0.950882320526176,0.47513666750574285,39,interleaved
39199,199,0,0.5258940078696928,0.655170966273776,39,interleaved
39200,0,0,0.38839648457666887,0.7738881125479091,39,blocked
39201,1,0,0.35991182232959795,0.6316724780293175,39,blocked
39202,2,0,0.030676455965323923,0.5101893047917612,39,blocked
39203,3,0,0.5413271803587622,0.6210337959572052,39,blocked
39204,4,0,0.8258137249974475,0.5773800022701693,39,blocked
39205,5,0,0.9923538706183612,0.9530474889593168,39,blocked
39206,6,0,0.8773091378767557,0.5126110847457971,39,blocked
39207,7,0,0.00026670223719222794,1.1986805560458706,39,blocked
39208,8,0,0.3803846652508014,0.7200626878359717,39,blocked
39209,9,0,0.5029699032943046,0.4779164645229229,39,blocked
39210,10,0,0.9785125987101844,0.4695455695782337,39,blocked
39211,11,0,0.8327679668160373,0.8930419396798444,39,blocked
39212,12,0,0.0339798580507179,0.8021851213337055,39,blocked
39213,13,0,0.9753286455742156,0.4288918111077046,39,blocked
39214,14,0,0.7649048413369941,0.5889222484476053,39,blocked
39215,15,0,0.5468497334402999,0.7414282575164196,39,blocked
39216,16,0,0.9702533874177769,0.5646640841005753,39,blocked
39217,17,0,0.10946173604876219,0.8116745805042869,39,blocked
39218,18,0,0.47826553924453297,0.8027824244895658,39,blocked
39219,19,0,0.5184938601378747,0.5203839680242188,39,blocked
39220,20,0,0.7563487040261643,0.613588718481568,39,blocked
39221,21,0,0.4334676712574571,0.9928361990323187,39,blocked
39222,22,0,0.4998174243771044,1.1609806506380047,39,blocked
39223,23,0,0.9846981632591154,0.4343044254196272,39,blocked
39224,24,0,0.5464774944425161,0.42818570454791793,39,blocked
39225,25,0,0.5636256434849177,0.7749580630832653,39,blocked
39226,26,0,0.22252200796982438,0.9557991103392286,39,blocked
39227,27,0,0.5292491358004332,0.5831955327175435,39,blocked
39228,28,0,0.5928200185912305,0.7414371023998292,39,blocked
39229,29,0,0.8756509886306104,0.47738858839981724,39,blocked
39230,30,0,0.5014541139180305,1.0762117825955213,39,blocked
39231,31,0,0.4986349226810895,0.716340437398729,39,blocked
39232,32,0,0.9651857864687182,0.5514665885346217,39,blocked
39233,33,0,0.23244149744816897,0.7092996549631014,39,blocked
39234,34,0,0.5129360913549305,0.780953597831838,39,blocked
39235,35,0,0.45689141641730147,0.6942048705494204,39,blocked
39236,36,0,0.9770611783195284,0.36711201122269405,39,blocked
39237,37,0,0.5051713771713293,0.9409159731799728,39,blocked
39238,38,0,0.18837478402709856,0.9169092738367739,39,blocked
39239,39,0,0.4823889511406222,0.6408230176325183,39,blocked
39240,40,0,0.29611234098559075,0.7352535629377699,39,blocked
39241,41,0,0.5307630533304045,0.6177917005942298,39,blocked
39242,42,0,0.00030752279435779597,1.2417172589490781,39,blocked
39243,43,0,0.8784541105987002,0.6523559409395367,39,blocked
39244,44,0,0.10941947243516714,0.6155298751369789,39,blocked
39245,45,0,0.005846603724828106,0.6438519094358017,39,blocked
39246,46,0,0.5111199217175757,0.6127754765331526,39,blocked
39247,47,0,0.1219886657557861,0.49666547585409737,39,blocked
39248,48,0,0.9426844629888917,0.41965351290636455,39,blocked
39249,49,0,0.10525480785505069,0.6200061621117487,39,blocked
39250,50,0,0.703417015518118,0.3515619488118806,39,blocked
39251,51,0,0.8330970857513773,0.7741175874979931,39,blocked
39252,52,0,0.02450035467381615,0.9760290760714536,39,blocked
39253,53,0,0.5051754067702188,0.6400358691293128,39,blocked
39254,54,0,0.0006601950528281413,1.1548717305128022,39,blocked
39255,55,0,0.04436100741627398,0.576350240978604,39,blocked
39256,56,0,0.9698388104646916,0.9698115258416362,39,blocked
39257,57,0,0.2796067102747763,0.7885907894196266,39,blocked
39258,58,0,0.11952956877587784,0.6026183311159918,39,blocked
39259,59,0,0.004135982910086571,0.7799785448272529,39,blocked
39260,60,0,0.02295165762437219,0.6074329723530271,39,blocked
39261,61,0,0.584617972541174,0.6094915238504055,39,blocked
39262,62,0,0.00021945050893925477,0.8132992808174089,39,blocked
39263,63,0,0.9482093084655121,0.5912998770152706,39,blocked
39264,64,0,0.9917260742277596,0.6378271681234475,39,blocked
39265,65,0,0.7699421767046449,0.5718050346694581,39,blocked
39266,66,0,0.9539147571148252,0.45970188682889923,39,blocked
39267,67,0,0.5318554768531268,0.5414734605008416,39,blocked
39268,68,0,0.9867637225462895,0.5165836324087494,39,blocked
39269,69,0,0.4344820798723568,0.6654747570805877,39,blocked
39270,70,0,0.4019514253028589,0.7296602143529305,39,blocked
39271,71,0,0.7057422985596666,0.4987636058492181,39,blocked
39272,72,0,0.2354558522768006,0.7203281575346119,39,blocked
39273,73,0,0.9990186697949285,0.6830025741685197,39,blocked
39274,74,0,0.9846448124173421,0.6510594112397399,39,blocked
39275,75,0,0.2200147212850216,0.8999383522538595,39,blocked
39276,76,0,0.999290086359012,0.8509843894827138,39,blocked
39277,77,0,0.3064606882769578,0.9563226736931493,39,blocked
39278,78,0,0.02273242556262787,1.0415936145644837,39,blocked
39279,79,0,0.3397450611094214,0.7736658163111982,39,blocked
39280,80,0,0.4942743261103907,0.750060124252351,39,blocked
39281,81,0,0.5011295229608508,0.8606302985286971,39,blocked
39282,82,0,0.5374755160537834,1.0212588231285915,39,blocked
39283,83,0,0.7737227803411428,0.6777158528181348,39,blocked
39284,84,0,0.4887341704221519,0.7827791624090825,39,blocked
39285,85,0,0.9942809690094165,0.6423514922390139,39,blocked
39286,86,0,0.5275987241895325,0.9460984184179959,39,blocked
39287,87,0,0.8948602879842895,0.5367273805630125,39,blocked
39288,88,0,0.581543325971099,0.7347953809189216,39,blocked
39289,89,0,0.5005192952449516,0.6230564876672293,39,blocked
39290,90,0,0.9625513333035542,0.525013161366277,39,blocked
39291,91,0,0.5010685514021417,0.6847240568798195,39,blocked
39292,92,0,0.49972547636821113,0.9768505665393109,39,blocked
39293,93,0,0.47847819595163565,0.7131941169166476,39,blocked
39294,94,0,0.9820067586279246,0.5895931921352265,39,blocked
39295,95,0,0.9995257016340592,0.7669022272217825,39,blocked
39296,96,0,0.9951573467499804,0.7016223283653813,39,blocked
39297,97,0,0.49711866704473506,0.8416348044178834,39,blocked
39298,98,0,0.4999537939371871,0.8307473873879678,39,blocked
39299,99,0,0.15100466108979588,0.5663440005174829,39,blocked
39300,100,0,0.5598645733431244,0.6796737390817804,39,blocked
39301,101,0,0.4713888543332701,0.510610242378454,39,blocked
39302,102,0,0.5019780466354691,0.8617098790580819,39,blocked
39303,103,0,0.5006421740470778,1.0850339948960679,39,blocked
39304,104,0,0.49970971833262956,1.3438650318985996,39,blocked
39305,105,0,0.49564178093899497,0.5475836633533986,39,blocked
39306,106,0,0.5006548693342672,0.9696091993172617,39,blocked
39307,107,0,0.49999979386497234,1.585546580909908,39,blocked
39308,108,0,0.030466104534531073,1.073824319227768,39,blocked
39309,109,0,0.9991204963112074,0.7308274616345274,39,blocked
39310,110,0,0.5008367597033397,0.8269483677766511,39,blocked
39311,111,0,0.5040158145753336,0.8861605680954067,39,blocked
39312,112,0,0.7141735539311758,0.7170143034995017,39,blocked
39313,113,0,0.5612737341974207,0.5353169490426344,39,blocked
39314,114,0,0.6063940825332436,0.4425786520049497,39,blocked
39315,115,0,0.5030675034325373,0.732743775452149,39,blocked
39316,116,0,0.5039561167346744,0.6599972682644115,39,blocked
39317,117,0,0.6114620017990576,0.5340714938983865,39,blocked
39318,118,0,0.011467815817878115,0.743208113216786,39,blocked
39319,119,0,0.5039531528544335,0.5535781332774823,39,blocked
39320,120,0,0.9989629270350007,0.7532494203824694,39,blocked
39321,121,0,0.012270355780140334,0.8192691393222521,39,blocked
39322,122,0,0.8619862008543293,0.6058543346162573,39,blocked
39323,123,0,0.00011151651499267731,1.0628351897206745,39,blocked
39324,124,0,0.9174438051935704,0.8792020473401005,39,blocked
39325,125,0,0.5445422391707507,0.6039292697414418,39,blocked
39326,126,0,0.8427417927886944,0.7304983094920203,39,blocked
39327,127,0,0.9991936891542121,0.6433612863944016,39,blocked
39328,128,0,0.5607653893165901,0.4254706556517647,39,blocked
39329,129,0,0.9724535222532031,0.5128419556943433,39,blocked
39330,130,0,0.3744951567848126,0.4736449261625987,39,blocked
39331,131,0,0.9797895402077723,0.4621042049274404,39,blocked
39332,132,0,0.9994630701257219,0.7267076447411764,39,blocked
39333,133,0,0.7913292158891814,0.6311317853237312,39,blocked
39334,134,0,0.28299552054322086,0.5179159303997817,39,blocked
39335,135,0,0.4063003456075176,0.5337868666157406,39,blocked
39336,136,0,0.9999066007111452,0.648595173544408,39,blocked
39337,137,0,0.38208598434374996,0.5850296479678601,39,blocked
39338,138,0,0.00124129054257288,0.9513324362962521,39,blocked
39339,139,0,0.5058586352490105,0.667829784467769,39,blocked
39340,140,0,0.9990435554166335,0.5671704213732605,39,blocked
39341,141,0,0.0024916730471184955,0.9313285578249395,39,blocked
39342,142,0,0.9951036425885006,0.6210355525544118,39,blocked
39343,143,0,0.7695607738875614,0.6062892673836304,39,blocked
39344,144,0,0.6236317036548813,0.5522406083220625,39,blocked
39345,145,0,0.9997239876613626,0.6830270006656257,39,blocked
39346,146,0,0.9977016893994015,0.6274916369052194,39,blocked
39347,147,0,0.0019137024077587397,1.072603718248121,39,blocked
39348,148,0,0.9998711126609766,0.7211405495182746,39,blocked
39349,149,0,0.9139028969110143,0.4912991160118514,39,blocked
39350,150,0,0.9933604080079561,0.7218827924355447,39,blocked
39351,151,0,0.5280230880271293,0.5892298674582713,39,blocked
39352,152,0,0.9936379617331638,0.37688591663305393,39,blocked
39353,153,0,0.9686917721267676,0.43636807563349905,39,blocked
39354,154,0,0.43691796539553085,0.36516650228373015,39,blocked
39355,155,0,0.9403418907580834,0.5065652715075755,39,blocked
39356,156,0,0.30982789444682024,0.5583850093317284,39,blocked
39357,157,0,0.9968786626666253,0.49975192191091944,39,blocked
39358,158,0,0.9958318160094592,0.3718152213091836,39,blocked
39359,159,0,0.4290051764809544,0.4262358587093701,39,blocked
39360,160,0,0.4966545983738328,0.7555420895577591,39,blocked
39361,161,0,0.6604993695974253,0.34855505963392025,39,blocked
39362,162,0,0.8120104023814445,0.6095138622724137,39,blocked
39363,163,0,0.9662464358098151,0.5217652280110978,39,blocked
39364,164,0,0.9977010925812084,0.5741235085026406,39,blocked
39365,165,0,0.7503678429807821,0.7631638156544949,39,blocked
39366,166,0,0.17037625948807264,0.7124454998490721,39,blocked
39367,167,0,0.7996509629426586,0.5884239307439602,39,blocked
39368,168,0,0.4708105822441116,0.7724086011968105,39,blocked
39369,169,0,0.500296292239378,0.9630354069802908,39,blocked
39370,170,0,0.8398733083443477,0.6281153928768552,39,blocked
39371,171,0,0.42506412351208783,0.7106863531858039,39,blocked
39372,172,0,0.9915937765110842,0.45646268261433237,39,blocked
39373,173,0,0.4357531653383141,0.7919843998447906,39,blocked
39374,174,0,0.9441050938105187,0.5821826124364866,39,blocked
39375,175,0,0.5010370816303966,0.7437695026642674,39,blocked
39376,176,0,0.7927857239758058,0.6867876498908297,39,blocked
39377,177,0,0.9959489488692824,0.50514114895669,39,blocked
39378,178,0,0.929688064974726,0.5868434964554906,39,blocked
39379,179,0,0.9906225482132596,0.7051731876673611,39,blocked
39380,180,0,0.9986285217047692,0.447447719612597,39,blocked
39381,181,0,0.8767100414941986,0.3796086237913261,39,blocked
39382,182,0,0.08906349134206425,0.5310089998153567,39,blocked
39383,183,0,0.8637753789122284,0.4364612988664695,39,blocked
39384,184,0,0.9970427763477356,0.3910768213890363,39,blocked
39385,185,0,0.6250975926438217,0.7018784182648543,39,blocked
39386,186,0,0.056390007732823315,0.7854634033054322,39,blocked
39387,187,0,0.7442232651862966,0.5646775114468792,39,blocked
39388,188,0,0.4902097019992289,0.6253046764833177,39,blocked
39389,189,0,0.501280722618516,0.8856062466171664,39,blocked
39390,190,0,0.0003141201783737806,0.9178235316224643,39,blocked
39391,191,0,0.602024155040235,0.4293693969112292,39,blocked
39392,192,0,0.8001808003510791,0.39571082704211336,39,blocked
39393,193,0,0.5001137939644539,0.5595204326073884,39,blocked
39394,194,0,0.6193298570436641,0.5109728878116089,39,blocked
39395,195,0,0.9349815406421051,0.3092833822493867,39,blocked
39396,196,0,0.9007010500261794,0.878334085067506,39,blocked
39397,197,0,0.18175178554547464,0.7527068531238386,39,blocked
39398,198,0,0.5092619877935802,0.7073946101109754,39,blocked
39399,199,0,0.8766153767205147,0.7134459951843031,39,blocked
39400,0,0,0.41474482902350324,0.7552105554636688,39,early
39401,1,0,0.5967136456682736,0.5360922206253487,39,early
39402,2,0,0.5991392747209687,0.6475591706374404,39,early
39403,3,0,0.44691318843624533,0.6019751425470617,39,early
39404,4,0,0.4166266690340943,0.6274257738497511,39,early
39405,5,0,0.5695165758653842,0.4038418631466957,39,early
39406,6,0,0.09340986945986447,0.46087747800479373,39,early
39407,7,0,0.6463392863059214,0.43421878522296603,39,early
39408,8,0,0.114103399021,0.5737092804765207,39,early
39409,9,0,0.037439236022873836,0.6606274621109954,39,early
39410,10,0,0.3944857568088626,0.6378691511600281,39,early
39411,11,0,0.1230013372146818,0.45327407530498187,39,early
39412,12,0,0.5126112369515213,0.6668356317865598,39,early
39413,13,0,0.9572565921196996,0.43412054455520865,39,early
39414,14,0,0.4669787941950768,0.6978111343495341,39,early
39415,15,0,0.4863817196944496,0.6919093493427215,39,early
39416,16,0,0.4057826082291931,0.4880498567247832,39,early
39417,17,0,0.9518173914124033,0.48958606183426967,39,early
39418,18,0,0.01076369863629487,0.7408157459934835,39,early
39419,19,0,0.9356471759320597,0.5223949273697748,39,early
39420,20,0,0.8942189029477456,0.740426358238986,39,early
39421,21,0,0.2235457234789625,0.5043817840268678,39,early
39422,22,0,0.4734668007710088,0.5994596002958997,39,early
39423,23,0,0.9222251550967844,0.5967595745307235,39,early
39424,24,0,0.6010107005897873,1.091719079056553,39,early
39425,25,0,0.05293052244205283,0.8417128510680201,39,early
39426,26,0,0.11135656644209363,0.5589473096361317,39,early
39427,27,0,0.21944847300475043,0.44706489489273693,39,early
39428,28,0,0.5893722472292005,0.5708633474357293,39,early
39429,29,0,0.891995452792145,0.8103050409437211,39,early
39430,30,0,0.5058127490574673,0.6657098102395891,39,early
39431,31,0,0.48405763939578544,0.594880734416352,39,early
39432,32,0,0.20119870402866447,0.7127513878026503,39,early
39433,33,0,0.7704413058946358,0.36704306616865034,39,early
39434,34,0,0.6839873457409456,0.5123811949518642,39,early
39435,35,0,0.3751783005402931,0.6866530721100628,39,early
39436,36,0,0.21653626822586505,0.6314850641736982,39,early
39437,37,0,0.4930340930342637,0.6036474238354215,39,early
39438,38,0,0.999748560197145,0.7422444764844648,39,early
39439,39,0,0.8678171609091517,0.8184732649116926,39,early
39440,40,0,0.4635988894313513,0.7304752369901496,39,early
39441,41,0,0.004609298631017094,0.6885020028361548,39,early
39442,42,0,0.00928510712846789,0.9047364608635802,39,early
39443,43,0,0.07919167511171915,0.6503854267282989,39,early
39444,44,0,0.5000078916102462,1.203893990347875,39,early
39445,45,0,0.8729161676883224,0.6889673960729219,39,early
39446,46,0,0.29781119272601886,1.2712902847965215,39,early
39447,47,0,0.21235657866922056,0.6322878912826886,39,early
39448,48,0,0.9635110159572797,0.6416564637465862,39,early
39449,49,0,0.009845185777212464,0.8649800002789256,39,early
39450,50,0,0.32581664464732596,0.7037519143555904,39,early
39451,51,0,0.5423792487645953,0.7524677074619804,39,early
39452,52,0,0.5092195093006728,0.698410764147271,39,early
39453,53,0,0.8469748889414023,0.48889692045505384,39,early
39454,54,0,0.4121104082631629,0.7176229487398358,39,early
39455,55,0,0.6074893828292732,0.78434646282674,39,early
39456,56,0,0.15251517287411198,0.7513662863655817,39,early
39457,57,0,0.9984241263397114,0.7240577770611696,39,early
39458,58,0,0.9714956924959657,0.44154465101151763,39,early
39459,59,0,0.44422143125833397,0.8076243240131447,39,early
39460,60,0,0.8509840828342041,0.67287875021832,39,early
39461,61,0,0.3906151683584571,0.6720203339491542,39,early
39462,62,0,0.9931742919390468,0.5598853387302124,39,early
39463,63,0,0.4939334995243559,0.674544784984533,39,early
39464,64,0,0.3300677071330288,0.5464467974416555,39,early
39465,65,0,0.04315229620370477,0.5582246582240867,39,early
39466,66,0,0.16394688344763012,0.8983871627244149,39,early
39467,67,0,0.6688241504786168,0.6072585738035514,39,early
39468,68,0,0.5406362962394416,0.6704393790586631,39,early
39469,69,0,0.8791978358146464,0.9032473596763273,39,early
39470,70,0,0.9993237588736206,0.6728750948818045,39,early
39471,71,0,0.32518036424523705,0.8564530310842082,39,early
39472,72,0,0.9986809291134982,0.8619250867185847,39,early
39473,73,0,0.7989999596756387,0.7783910207859304,39,early
39474,74,0,0.623870801951063,0.6823471588136314,39,early
39475,75,0,0.9701986494264885,0.7351692552703548,39,early
39476,76,0,0.9086588179177455,0.3950032045197429,39,early
39477,77,0,0.7716388214769156,0.6111936550863633,39,early
39478,78,0,0.5552908116328881,0.5604339151025618,39,early
39479,79,0,0.3211469197512549,0.6664528711254882,39,early
39480,80,0,0.8291635050878672,0.7068809828042564,39,early
39481,81,0,0.8935256002967817,0.629404323675733,39,early
39482,82,0,0.4909618726900706,0.7107616074472799,39,early
39483,83,0,0.018221943428727252,1.0194476407873823,39,early
39484,84,0,0.00022288078488079768,1.095309955209577,39,early
39485,85,0,0.7918243075598039,0.46342000094670066,39,early
39486,86,0,0.4981494713410318,0.5370392057576023,39,early
39487,87,0,0.17769717168424506,0.5175467486812709,39,early
39488,88,0,0.6608422897851839,0.42788799809002265,39,early
39489,89,0,0.42315927712763,0.5466973161907982,39,early
39490,90,0,0.8725608904193592,0.5517135794829207,39,early
39491,91,0,0.5506103505297212,0.6307127991445365,39,early
39492,92,0,0.06904856397548373,0.6521844570481753,39,early
39493,93,0,0.6719104960372313,0.56894617282516,39,early
39494,94,0,0.8262770524529182,0.5899546887397288,39,early
39495,95,0,0.08890816780724517,0.7207121157157625,39,early
39496,96,0,0.5613620338665353,0.8666786574463419,39,early
39497,97,0,0.9735753365074402,0.8014800940255182,39,early
39498,98,0,0.7250002466929542,0.47481572216211376,39,early
39499,99,0,0.2790835929296698,0.6827349582010985,39,early
39500,100,0,0.21907308806295775,0.4011224846886091,39,early
39501,101,0,0.2756017125461248,0.7072748832191353,39,early
39502,102,0,0.7228697830929633,0.5110940989076922,39,early
39503,103,0,0.89603595022153,0.5240831844711589,39,early
39504,104,0,0.30366299256056456,0.7604274778775026,39,early
39505,105,0,0.9572861303666987,0.5711592656372351,39,early
39506,106,0,0.21305721244940318,0.5410015502478267,39,early
39507,107,0,0.4065970101030799,0.46527137358909576,39,early
39508,108,0,0.44745662048654156,0.4974920575706889,39,early
39509,109,0,0.8566097917634299,0.3225766268335207,39,early
39510,110,0,0.017550941756889437,0.6966011315636157,39,early
39511,111,0,0.5041074077873627,0.6304466026033426,39,early
39512,112,0,0.7214888545072382,0.5113144588310582,39,early
39513,113,0,0.5560493221862475,0.48732330728102957,39,early
39514,114,0,0.3066603894839109,0.43773730714948816,39,early
39515,115,0,0.7026403167535361,0.4818079722227594,39,early
39516,116,0,0.01582746429687717,0.967767926337534,39,early
39517,117,0,0.500512386187631,0.7628528802390162,39,early
39518,118,0,0.5018284639576451,0.5751820543928041,39,early
39519,119,0,0.5022117760303937,0.720214640440543,39,early
39520,120,0,0.26914422619730727,0.5877907631047783,39,early
39521,121,0,0.7740402073360352,0.522715118268836,39,early
39522,122,0,0.5073922838978928,0.511410843746197,39,early
39523,123,0,0.9854530142599554,0.6214259090846179,39,early
39524,124,0,0.9220618548400648,0.3288547350132148,39,early
39525,125,0,0.9763954117952551,0.6915134507386995,39,early
39526,126,0,0.4524802989018784,0.5403088414714132,39,early
39527,127,0,0.4185175838688892,0.6138207175174673,39,early
39528,128,0,0.0044662153571666295,0.769786577558377,39,early
39529,129,0,0.819796632129195,0.7322798448779321,39,early
39530,130,0,0.4178518723469877,0.7323480704334118,39,early
39531,131,0,0.8134480002199687,0.7080033775245873,39,early
39532,132,0,0.9554249063594545,0.946284350206076,39,early
39533,133,0,0.8035155164763678,0.7050615323298048,39,early
39534,134,0,0.9302508643728373,0.5652298938228586,39,early
39535,135,0,0.975306945936371,0.4226540108109855,39,early
39536,136,0,0.6248003679327432,0.660505432143363,39,early
39537,137,0,0.493527003718609,0.5695344808691558,39,early
39538,138,0,0.33283679133104904,0.5246466770325008,39,early
39539,139,0,0.5019191978923784,0.6534082599191844,39,early
39540,140,0,0.5330930670006941,0.659500819953306,39,early
39541,141,0,0.4847422805120318,1.0632566813831819,39,early
39542,142,0,0.5069671406609098,0.39135200673337767,39,early
39543,143,0,0.4839919742238259,0.45145523699224427,39,early
39544,144,0,0.5027640166751924,0.47773359146519756,39,early
39545,145,0,0.5059100887982841,0.5978923351982766,39,early
39546,146,0,0.48728679096010247,0.556651133219816,39,early
39547,147,0,0.8326967735364077,0.6320024627144387,39,early
39548,148,0,0.4787837152653669,0.5765907597641278,39,early
39549,149,0,0.5208271009970079,0.47988779709865503,39,early
39550,150,0,0.41752328065811184,0.6670288377603597,39,early
39551,151,0,0.4930016412291849,0.46149962180652193,39,early
39552,152,0,0.503937455908248,0.6336488078682643,39,early
39553,153,0,0.7125775143264583,0.49719998418258626,39,early
39554,154,0,0.9854469909919079,0.43141986899452334,39,early
39555,155,0,0.8210899873354938,0.5886087150821276,39,early
39556,156,0,0.41306638841834814,0.6592185922107978,39,early
39557,157,0,0.2581160175427373,0.5726581299783702,39,early
39558,158,0,0.9716136792086537,0.4181116764440419,39,early
39559,159,0,0.4997751878584564,0.6976850669711419,39,early
39560,160,0,0.616939802133513,0.650632355806989,39,early
39561,161,0,0.3809973739299808,0.6159984307581949,39,early
39562,162,0,0.5136821592215624,0.6952357287479094,39,early
39563,163,0,0.9185800593919295,0.7171482337380402,39,early
39564,164,0,0.15136517936470154,0.7278948825675025,39,early
39565,165,0,0.3960271399821807,0.48339061826513824,39,early
39566,166,0,0.8629591862390565,0.5429054033791877,39,early
39567,167,0,0.7358032314959592,0.25548127809252325,39,early
39568,168,0,0.5662071038700727,0.4955703714105751,39,early
39569,169,0,0.4039399629326911,0.5823728717392918,39,early
39570,170,0,0.957611207673607,0.64435541517709,39,early
39571,171,0,0.6967193490796026,0.44755151742317356,39,early
39572,172,0,0.9975313146090901,0.47585768423543107,39,early
39573,173,0,0.02262138764469837,0.6615435345513334,39,early
39574,174,0,0.6400554932891369,0.43015177285058726,39,early
39575,175,0,0.7209170554046721,0.6215052160574348,39,early
39576,176,0,0.4408467432934786,0.5541182154340385,39,early
39577,177,0,0.7396597745993079,0.3751613404029629,39,early
39578,178,0,0.6812688412565431,0.6073803174665404,39,early
39579,179,0,0.9944245487617419,0.5860732525422792,39,early
39580,180,0,0.5611694992256397,0.7094161246730348,39,early
39581,181,0,0.5246664997338668,0.7723814382836823,39,early
39582,182,0,0.5023497542945922,0.5608754305760275,39,early
39583,183,0,0.5066825930987952,0.5387786687827731,39,early
39584,184,0,0.6653864457652816,0.27993815519851817,39,early
39585,185,0,0.5137752679990751,0.44143521623199855,39,early
39586,186,0,0.46413931944973963,0.49762820092296756,39,early
39587,187,0,0.5117370495854274,0.5492880452222835,39,early
39588,188,0,0.02425754921001286,0.5816224885739367,39,early
39589,189,0,0.5041452414725893,0.5632922083268086,39,early
39590,190,0,0.4723303353880884,0.6022943769294091,39,early
39591,191,0,0.6998827847453031,0.3573786662915117,39,early
39592,192,0,0.6795878108310649,0.4012924260794562,39,early
39593,193,0,0.9615571800143043,0.44897170562580724,39,early
39594,194,0,0.5018618096161951,0.6221392221309567,39,early
39595,195,0,0.5211044626041638,0.7022485718452594,39,early
39596,196,0,0.4868993377849674,0.5896902758855613,39,early
39597,197,0,0.7841505323931435,0.48355948874327415,39,early
39598,198,0,0.3527004127486774,0.4469305537375765,39,early
39599,199,0,0.788464147290894,0.6725539727371078,39,early
39600,0,0,0.49321267056127294,0.6323953529318771,39,middle
39601,1,0,0.04147558275758108,0.6096252693490156,39,middle
39602,2,0,0.4797706078050977,0.7684097272912717,39,middle
39603,3,0,0.9433444314731302,0.44687099653049034,39,middle
39604,4,0,0.5334966109587747,0.6405736495610839,39,middle
39605,5,0,0.5001051939269573,0.8314172139417285,39,middle
39606,6,0,0.15688194002899675,1.0389753063239244,39,middle
39607,7,0,0.9984669099418285,0.4458178354434402,39,middle
39608,8,0,0.3955396442716905,0.6730552163005346,39,middle
39609,9,0,0.9978452221429692,0.43214196971908314,39,middle
39610,10,0,0.49970644943209874,0.5675745785723683,39,middle
39611,11,0,0.6735963975162396,0.4213381393398761,39,middle
39612,12,0,0.5205046805267762,0.5298949040455552,39,middle
39613,13,0,0.6907304254191197,0.4899809602435232,39,middle
39614,14,0,0.09983789261470405,0.7942132768981338,39,middle
39615,15,0,0.6632785821147608,0.3591916637279918,39,middle
39616,16,0,0.520175491536974,0.5463403824591292,39,middle
39617,17,0,0.22060213379369528,0.350204040955005,39,middle
39618,18,0,0.4732307577981061,0.5813837860417959,39,middle
39619,19,0,0.47274053394266496,0.5897691792681234,39,middle
39620,20,0,0.5958215995742272,0.8474914147115151,39,middle
39621,21,0,0.9766070381747491,0.5502547565300208,39,middle
39622,22,0,0.40895937757103534,0.9240287467429306,39,middle
39623,23,0,0.46393600509182975,0.6164401627206456,39,middle
39624,24,0,0.8841479398678499,0.9198221224343524,39,middle
39625,25,0,0.9743032519774348,0.8009688077397952,39,middle
39626,26,0,0.505918103907216,0.5679765336101522,39,middle
39627,27,0,0.5170500612528732,0.7997282156574335,39,middle
39628,28,0,0.4954448418084957,0.8773303932548988,39,middle
39629,29,0,0.5099324694708145,0.39617194841561226,39,middle
39630,30,0,0.01187156932358958,0.8117670409971389,39,middle
39631,31,0,0.5892089229230478,0.42570652060310177,39,middle
39632,32,0,0.04061845276308348,0.978102683498619,39,middle
39633,33,0,0.5149223515092268,0.8058737382394103,39,middle
39634,34,0,0.509880275161174,0.7249941982226562,39,middle
39635,35,0,0.9912365474472806,0.8529648566821142,39,middle
39636,36,0,0.9971114718579358,0.8164148369196862,39,middle
39637,37,0,0.008277265912433681,0.9825768093677247,39,middle
39638,38,0,0.49997911108142684,0.5519073353847983,39,middle
39639,39,0,0.8093431947313852,0.6060008824166241,39,middle
39640,40,0,0.4310880900195555,0.6927543824362143,39,middle
39641,41,0,0.1845667677476104,1.245730270044025,39,middle
39642,42,0,0.13717681697814266,0.6049679909760566,39,middle
39643,43,0,0.3064483065081451,0.7173071297656441,39,middle
39644,44,0,0.5049092973325496,0.7578260240050239,39,middle
39645,45,0,0.26130865319468444,0.7327570839142155,39,middle
39646,46,0,0.7785069803170158,0.49731990291372885,39,middle
39647,47,0,0.08173701377189584,0.714417673072404,39,middle
39648,48,0,0.504052313365739,0.4719164744537325,39,middle
39649,49,0,0.33260457117396275,0.6088858649470501,39,middle
39650,50,0,0.38687391711232905,0.6156644198003041,39,middle
39651,51,0,0.5377248301412748,0.8494890407175871,39,middle
39652,52,0,0.8790401356809954,0.8483681676242378,39,middle
39653,53,0,0.8857491630216193,0.9811661561145546,39,middle
39654,54,0,0.5715047827738363,0.7672412992593944,39,middle
39655,55,0,0.5371205882905673,0.7259623196629312,39,middle
39656,56,0,0.9156053409435618,0.7021871294045978,39,middle
39657,57,0,0.999480141395704,0.48457723250714,39,middle
39658,58,0,0.9953418490690092,0.5649723604701303,39,middle
39659,59,0,0.4807758729549881,0.6815847095899645,39,middle
39660,60,0,0.32275294341281346,0.6315391381801261,39,middle
39661,61,0,0.1313477399207536,0.7404879958230646,39,middle
39662,62,0,0.4913779232637699,0.8254239796486071,39,middle
39663,63,0,0.43308156738338843,1.3855139288515927,39,middle
39664,64,0,0.1247297896721328,0.8595445849619774,39,middle
39665,65,0,0.9109910209410157,0.6144256737769709,39,middle
39666,66,0,0.6602281699590327,0.49895638836322376,39,middle
39667,67,0,0.641997640317651,0.6616587798015554,39,middle
39668,68,0,0.9224978460937211,0.6926372783057313,39,middle
39669,69,0,0.9769773796955227,0.5734352551955282,39,middle
39670,70,0,0.6696916289268036,0.41226055098552405,39,middle
39671,71,0,0.9877728790785197,0.3885666648543766,39,middle
39672,72,0,0.960936919522328,0.715702882631792,39,middle
39673,73,0,0.49787374926556505,1.0482461999570523,39,middle
39674,74,0,0.7511084999892865,0.7315265576844328,39,middle
39675,75,0,0.8348133143812648,0.6840914411781669,39,middle
39676,76,0,0.5555179346623949,0.7237678304804198,39,middle
39677,77,0,0.4995715371555755,0.7986348045006229,39,middle
39678,78,0,0.9481983802154581,0.45304273026383024,39,middle
39679,79,0,0.5838654551060576,0.6427582696767336,39,middle
39680,80,0,0.5077076013550943,1.0398377810363626,39,middle
39681,81,0,0.9396152733288512,0.5940281608058898,39,middle
39682,82,0,0.454406532721778,0.9104074425898397,39,middle
39683,83,0,0.6787922587571313,0.7922812752032773,39,middle
39684,84,0,0.7031291708523194,0.6509589174368882,39,middle
39685,85,0,0.009464561297604594,0.5733430313392635,39,middle
39686,86,0,0.6051567789684804,0.4169971400933492,39,middle
39687,87,0,0.14709762097878784,0.6341451021454045,39,middle
39688,88,0,0.9716079406594544,0.5504490911758528,39,middle
39689,89,0,0.9999906099808283,0.6921972596954452,39,middle
39690,90,0,0.4183456491543488,0.5703373347231857,39,middle
39691,91,0,0.26142371070294795,0.8132717258823219,39,middle
39692,92,0,0.02252041839122604,0.5324650060203465,39,middle
39693,93,0,0.00821058960283419,0.8871345141382303,39,middle
39694,94,0,0.07014352234840683,0.7041271355385555,39,middle
39695,95,0,0.23203731062531013,0.7381701116310031,39,middle
39696,96,0,0.2266346248697316,0.6237652236738891,39,middle
39697,97,0,0.4981216824261957,0.6974252282899019,39,middle
39698,98,0,0.0006128249181913696,1.0443809542000482,39,middle
39699,99,0,0.9999337812246949,1.1818399306480438,39,middle
39700,100,0,0.001383549694986371,0.5520903166206432,39,middle
39701,101,0,0.14196395369931825,0.6890691946654102,39,middle
39702,102,0,0.0026096962135245773,0.6241411870020619,39,middle
39703,103,0,0.9799043881834415,0.9120438639702817,39,middle
39704,104,0,0.5024808066467871,1.2310538751411901,39,middle
39705,105,0,0.7332621698413779,0.7895373608177412,39,middle
39706,106,0,0.0027167800253250856,1.1488590584543243,39,middle
39707,107,0,0.8767330353338576,0.6684034928125766,39,middle
39708,108,0,0.6141403384095723,0.7388880782677034,39,middle
39709,109,0,0.8367556559212834,0.7942658788982359,39,middle
39710,110,0,0.40504106635839615,0.8851135957601146,39,middle
39711,111,0,0.9913958962915059,0.49216548974975316,39,middle
39712,112,0,0.14520596639875405,0.829987130407575,39,middle
39713,113,0,0.6170748189072242,0.6940611229518797,39,middle
39714,114,0,0.47889542855661527,0.8462259849786149,39,middle
39715,115,0,0.7362726097294934,0.9932489404132465,39,middle
39716,116,0,0.2664136838523553,0.5950558633075526,39,middle
39717,117,0,0.9269396019816674,0.4835762019299287,39,middle
39718,118,0,0.39102882209662015,0.5578723537413659,39,middle
39719,119,0,0.9249618764134737,0.48309392539637697,39,middle
39720,120,0,0.1016957834253646,0.8475695470087345,39,middle
39721,121,0,0.5497186511704633,0.4841348735829031,39,middle
39722,122,0,0.7770195809087564,0.36693125549778893,39,middle
39723,123,0,0.5158029413347455,0.4831380647979233,39,middle
39724,124,0,0.4119461887648242,0.6865774820631946,39,middle
39725,125,0,0.5901083832696536,0.6499620926580827,39,middle
39726,126,0,0.8972939491046168,0.5526327822903785,39,middle
39727,127,0,0.4770952194856213,0.6128549470429094,39,middle
39728,128,0,0.8980940669010835,0.563170723151232,39,middle
39729,129,0,0.9181479676701068,0.6354349814291886,39,middle
39730,130,0,0.5465387694854168,0.5635809650653096,39,middle
39731,131,0,0.9703080849007578,0.649841868853821,39,middle
39732,132,0,0.21641140066942946,1.1321252314804946,39,middle
39733,133,0,0.8904565576061723,0.9022366456382388,39,middle
39734,134,0,0.5035211957956788,0.8473996871154803,39,middle
39735,135,0,0.9153002988297233,0.6756097029260573,39,middle
39736,136,0,0.5019293526737667,0.5385859209567347,39,middle
39737,137,0,0.37847156899196654,0.878732929267603,39,middle
39738,138,0,0.3570801865971155,0.8895105355421569,39,middle
39739,139,0,0.4685099060641758,0.8211218314392925,39,middle
39740,140,0,0.5063847096626996,0.6893090793241039,39,middle
39741,141,0,0.5787264722113314,0.6370088539823344,39,middle
39742,142,0,0.9497781391439214,0.47681621188492573,39,middle
39743,143,0,0.9978344612036407,0.7056769390478462,39,middle
39744,144,0,0.898330946751505,0.6433929782422699,39,middle
39745,145,0,0.4646277198950368,0.95123832654168,39,middle
39746,146,0,0.5065707440396953,0.9391401989508126,39,middle
39747,147,0,0.3076616619560102,0.7133447653593465,39,middle
39748,148,0,0.7115456853795731,0.5384246211636057,39,middle
39749,149,0,0.3927344176582345,0.6963658505691447,39,middle
39750,150,0,0.5000122012467378,0.8069176499321542,39,middle
39751,151,0,0.5754773138900202,0.6847181891523133,39,middle
39752,152,0,0.4978137872772035,0.5917056383135149,39,middle
39753,153,0,0.42265056619091457,0.6853746963322186,39,middle
39754,154,0,0.8937690722286326,0.5424482773678148,39,middle
39755,155,0,0.9418915609750977,0.521827495640775,39,middle
39756,156,0,0.31769455413406256,0.6663819253846047,39,middle
39757,157,0,0.17048048366909188,0.6742000001017252,39,middle
39758,158,0,0.3933505877992947,0.7560237247261592,39,middle
39759,159,0,0.4817455197227001,0.5133971555927233,39,middle
39760,160,0,0.4823393934097819,0.6995521891676484,39,middle
39761,161,0,0.9705933987931944,0.4523993032889724,39,middle
39762,162,0,0.5252028515599094,0.422130058918283,39,middle
39763,163,0,0.7921661111895615,0.4356930673090589,39,middle
39764,164,0,0.500255474023408,0.5869818309269932,39,middle
39765,165,0,0.9665956143802272,0.6408518830663166,39,middle
39766,166,0,0.5088253856259913,0.8120473696375557,39,middle
39767,167,0,0.9668037431268364,0.6816615255092408,39,middle
39768,168,0,0.49695060935042834,0.6963193710247999,39,middle
39769,169,0,0.873971350557404,0.4704248335970484,39,middle
39770,170,0,0.34885080352986375,0.597190129329288,39,middle
39771,171,0,0.9646324187813611,0.6738156980823282,39,middle
39772,172,0,0.6589083194049227,0.526270664534896,39,middle
39773,173,0,0.5583273541669169,0.5661524623230334,39,middle
39774,174,0,0.555472790606554,0.786462246073725,39,middle
39775,175,0,0.0041030555653280626,0.6312931591418292,39,middle
39776,176,0,0.5026620849610136,0.7990904483085695,39,middle
39777,177,0,0.4500244670830392,0.5490013967036144,39,middle
39778,178,0,0.4756230027573034,0.6541922500556461,39,middle
39779,179,0,0.9124911455267268,0.5262145077556789,39,middle
39780,180,0,0.6769140365201124,0.5840849996721532,39,middle
39781,181,0,0.9414422746184938,0.599010490631106,39,middle
39782,182,0,0.4961013481878859,0.7073221604952569,39,middle
39783,183,0,0.9767581196329715,0.6038296072748035,39,middle
39784,184,0,0.5015197760582121,0.4970205710324451,39,middle
39785,185,0,0.20890935613925948,0.5710868557317277,39,middle
39786,186,0,0.7011903803267907,0.7372815433951934,39,middle
39787,187,0,0.5470915022943549,0.7939756282738675,39,middle
39788,188,0,0.9032242174068745,0.3937591740015446,39,middle
39789,189,0,0.7720022522604206,0.8295420090857404,39,middle
39790,190,0,0.012620303257568164,0.9016255675060834,39,middle
39791,191,0,0.005328113593645408,0.633236048200345,39,middle
39792,192,0,0.6027594304542652,0.5894988738669662,39,middle
39793,193,0,0.8838991809376531,0.4416757159766631,39,middle
39794,194,0,0.45975874410938994,0.6766959454603872,39,middle
39795,195,0,0.0005986978447925947,1.0801895867195221,39,middle
39796,196,0,0.9863772851174099,0.5417796866285316,39,middle
39797,197,0,0.1338831307972293,0.5615733772160284,39,middle
39798,198,0,0.5056069010295772,0.48574350554419304,39,middle
39799,199,0,0.3954082680953802,0.6285955073008949,39,middle
39800,0,0,0.02018288804432829,0.8209268307510267,39,late
39801,1,0,0.8132178258220635,0.3948636271196817,39,late
39802,2,0,0.5016199699141127,0.4995622868444034,39,late
39803,3,0,0.017114583444441268,0.5970810480755946,39,late
39804,4,0,0.04239582113395065,0.658111092249976,39,late
39805,5,0,0.14415015436490214,0.5654952327664429,39,late
39806,6,0,0.5947790675251023,0.5817871723241771,39,late
39807,7,0,0.8720194889095704,0.4556307291069248,39,late
39808,8,0,0.4829763689774921,0.5422379304550785,39,late
39809,9,0,0.9457087285232573,0.928830248607107,39,late
39810,10,0,0.5612986704147082,1.131461980303189,39,late
39811,11,0,0.007803018597367186,1.1570260415814961,39,late
39812,12,0,0.43511494145688234,0.5148558547091007,39,late
39813,13,0,0.48003871713437024,0.5808709274550115,39,late
39814,14,0,0.4929754969012506,0.7665222271661618,39,late
39815,15,0,0.4371582775051946,0.5928017443291018,39,late
39816,16,0,0.6689052111222524,0.6018931632287718,39,late
39817,17,0,0.05030917661259154,1.1872246821483148,39,late
39818,18,0,0.4973749417991476,0.7817210663355583,39,late
39819,19,0,0.00018421621859640672,1.1127419824286942,39,late
39820,20,0,0.13813320666501988,0.8468611098704535,39,late
39821,21,0,0.6589940796218496,0.6239207311136906,39,late
39822,22,0,0.5096092782576315,0.6574707796956242,39,late
39823,23,0,0.1995029618820483,0.5247977592622519,39,late
39824,24,0,0.11837497992574983,0.6740192960347875,39,late
39825,25,0,0.14159240763704248,0.7836902396862784,39,late
39826,26,0,0.5601945122274679,0.9889479347532996,39,late
39827,27,0,0.00537925659654297,0.9856392155075161,39,late
39828,28,0,0.4998952771122371,0.7901189289606467,39,late
39829,29,0,0.5071486803570082,0.7110963947049924,39,late
39830,30,0,0.49999845575279667,1.1530271054353927,39,late
39831,31,0,0.5981499094147704,0.674019333500124,39,late
39832,32,0,0.5001374425327795,0.5039762507520309,39,late
39833,33,0,0.9995004976285438,0.7170636233644545,39,late
39834,34,0,0.9823790329354098,0.6743152210660326,39,late
39835,35,0,0.10648934401505857,0.7389361113979424,39,late
39836,36,0,0.6288771655416652,0.6530759002694798,39,late
39837,37,0,0.6757883315956147,0.5354170734207209,39,late
39838,38,0,0.5729808714951936,0.6318148333371241,39,late
39839,39,0,0.6629123523207402,0.6218815326921204,39,late
39840,40,0,0.38559935751565344,0.5717400665739479,39,late
39841,41,0,0.49461059239294475,0.5052834648533572,39,late
39842,42,0,0.6420115889193153,0.6307988311275576,39,late
39843,43,0,0.17141961225495322,0.6837624354748163,39,late
39844,44,0,0.7586472733728116,0.65258473304315,39,late
39845,45,0,0.0003278390002796311,1.1200095414426747,39,late
39846,46,0,0.5012464389281808,0.6222459218285398,39,late
39847,47,0,0.8973879396413116,0.579025102072389,39,late
39848,48,0,0.46142800590276306,0.6004641874631871,39,late
39849,49,0,0.4754618337570193,0.6801340509643482,39,late
39850,50,0,0.500217330579726,0.8362749887723484,39,late
39851,51,0,0.005397785691909522,0.9241594640367299,39,late
39852,52,0,0.49991978634768114,0.9733996078315054,39,late
39853,53,0,0.8733939133513903,0.5772009025131944,39,late
39854,54,0,0.07357228515706726,1.1301321835444744,39,late
39855,55,0,0.03521121010630891,0.8004700198935624,39,late
39856,56,0,0.3254371164218445,0.6599181152635962,39,late
39857,57,0,0.001275606653352255,0.9194410300050759,39,late
39858,58,0,0.7719155328569365,0.522622672457191,39,late
39859,59,0,0.6796802175257683,0.6629524531456945,39,late
39860,60,0,0.7375476656606046,0.6812221746408913,39,late
39861,61,0,0.626514282151138,0.4903606051346143,39,late
39862,62,0,0.5783990074031806,0.6742084679528415,39,late
39863,63,0,0.9404732432204832,0.5941284544272022,39,late
39864,64,0,0.4878772387435899,0.854950933254588,39,late
39865,65,0,0.9751859554426998,0.4878343067795895,39,late
39866,66,0,0.5262173624401612,0.8149977806396272,39,late
39867,67,0,0.27821066450009213,0.9525690980021053,39,late
39868,68,0,0.5029385543804503,0.5893626768737068,39,late
39869,69,0,0.990222646301378,0.5030893867941987,39,late
39870,70,0,0.7576149085631797,0.8035087101985265,39,late
39871,71,0,0.9343690607940767,0.5875376733521384,39,late
39872,72,0,0.5002515309589287,0.7601080048248845,39,late
39873,73,0,0.5211496234017876,0.5087855637950959,39,late
39874,74,0,0.4907403854246928,0.5577983132126575,39,late
39875,75,0,0.9960078717510481,0.3405930122882026,39,late
39876,76,0,0.6319867543121721,0.8135939484997783,39,late
39877,77,0,0.9642643333346737,0.7024973353910218,39,late
39878,78,0,0.49038611259225307,0.7139823932198139,39,late
39879,79,0,0.21472575118751125,0.473631701733584,39,late
39880,80,0,0.7938611827831918,0.6978586923048138,39,late
39881,81,0,0.8187792727480591,0.3567914038597818,39,late
39882,82,0,0.965261163615541,0.6310434374299949,39,late
39883,83,0,0.7267739393077675,0.7065892714101487,39,late
39884,84,0,0.4795429535080879,1.0898580555088637,39,late
39885,85,0,0.5616509097842335,0.5546799620769229,39,late
39886,86,0,0.5096168494597335,0.9465288421762401,39,late
39887,87,0,0.49999690895068366,1.035961832972373,39,late
39888,88,0,0.8339632071739591,0.5461097521238177,39,late
39889,89,0,0.777661902200024,0.2967730651916031,39,late
39890,90,0,0.5034835765054851,0.7938144305586334,39,late
39891,91,0,0.8411008523954591,0.6138346376892057,39,late
39892,92,0,0.8738411048621834,0.7474640782729991,39,late
39893,93,0,0.5809925176819818,0.8108222898660109,39,late
39894,94,0,0.5000012225269194,0.9924394030810356,39,late
39895,95,0,0.49599057039376293,0.6099173440922118,39,late
39896,96,0,0.8202387570685677,0.5804987139259556,39,late
39897,97,0,0.9194534371848665,0.5102321432089654,39,late
39898,98,0,0.4847409291717851,0.6607757686330118,39,late
39899,99,0,0.9230950904998438,0.328475795760254,39,late
39900,100,0,0.7188849659113142,0.29668160964439105,39,late
39901,101,0,0.9856455386353815,0.6195899059846421,39,late
39902,102,0,0.5006323031131126,0.7657038834486218,39,late
39903,103,0,0.5003082187097705,0.6978597951460908,39,late
39904,104,0,0.5801250615361538,0.613112370760555,39,late
39905,105,0,0.8048034884251383,0.44915011929867094,39,late
39906,106,0,0.7413726749241925,0.6163248658087133,39,late
39907,107,0,0.5287642094999168,0.5344126627890217,39,late
39908,108,0,0.5161584923355378,0.659527376865549,39,late
39909,109,0,0.4879908942095418,0.6719211495360833,39,late
39910,110,0,0.5153905021520886,0.6388117794776589,39,late
39911,111,0,0.6236606457211804,0.4826791848546456,39,late
39912,112,0,0.432438417067469,0.6738521706483784,39,late
39913,113,0,0.6445233038059953,0.5731154579319198,39,late
39914,114,0,0.5440943509207228,0.7170130578229842,39,late
39915,115,0,0.5770688022173712,0.6844413921509716,39,late
39916,116,0,0.49095114882581603,0.7781444757417662,39,late
39917,117,0,0.5040767515292649,0.4969521251253412,39,late
39918,118,0,0.5022459974960001,0.5544683572324032,39,late
39919,119,0,0.8173052264607246,0.4208137549562324,39,late
39920,120,0,0.06709423107458615,0.5479617780902357,39,late
39921,121,0,0.09162993381630209,0.6842385312093026,39,late
39922,122,0,0.0015384215930737326,0.9194089482948451,39,late
39923,123,0,0.991744365942411,0.7660781665409839,39,late
39924,124,0,0.9961793365227356,0.39607683529442106,39,late
39925,125,0,0.00015325416457638867,0.8860574864687198,39,late
39926,126,0,0.8193327125339311,0.4999206049153557,39,late
39927,127,0,0.5016655539173485,0.4217039337951043,39,late
39928,128,0,0.7842005097761912,0.6241011000350258,39,late
39929,129,0,0.00976754792462121,0.6958241395705428,39,late
39930,130,0,0.09222307307511446,0.5080649113499291,39,late
39931,131,0,0.5619671282914857,0.6487249536072828,39,late
39932,132,0,0.0071636210184232085,0.7383203050836884,39,late
39933,133,0,0.00290317615230283,0.9424978402089123,39,late
39934,134,0,1.5332025452603294e-06,1.1712489924860736,39,late
39935,135,0,0.9986783772417808,0.4507522298901576,39,late
39936,136,0,0.9427968150254977,0.5124997564791833,39,late
39937,137,0,0.9480276886600767,0.3736064230443966,39,late
39938,138,0,0.9011615162011222,0.4396390404167848,39,late
39939,139,0,0.9854871794173261,0.44210475234372903,39,late
39940,140,0,0.06441527852174266,0.6739270799164001,39,late
39941,141,0,0.0002326953604581584,1.0489032521263626,39,late
39942,142,0,0.9910752343785922,0.7527634264601808,39,late
39943,143,0,0.306322808794933,0.31706252527250456,39,late
39944,144,0,0.0008364805806719106,0.8548006715311436,39,late
39945,145,0,0.022507763337212654,0.5752461084464644,39,late
39946,146,0,0.5319377547329148,0.4457152798833588,39,late
39947,147,0,0.7350295627876002,0.38311696372445736,39,late
39948,148,0,0.9223649827385594,0.34115444601631834,39,late
39949,149,0,0.8220035769477545,0.3546603756039848,39,late
39950,150,0,0.9522263003536452,0.4064809340420845,39,late
39951,151,0,0.055699771700179396,0.616034315425092,39,late
39952,152,0,0.0038419436771855125,1.0288275160511628,39,late
39953,153,0,0.9711739594430275,0.37408551951544755,39,late
39954,154,0,1.5537903781573916e-05,0.961460939399774,39,late
39955,155,0,0.0945909856683092,0.5352702209295439,39,late
39956,156,0,0.5709908481574711,0.417894548706448,39,late
39957,157,0,0.8684411707898527,0.5327101160099992,39,late
39958,158,0,0.008482505891551997,0.5424846784827495,39,late
39959,159,0,0.18953946683336745,0.6532971868100603,39,late
39960,160,0,0.010089883663518474,0.9875217821818469,39,late
39961,161,0,0.499844927211169,0.7480770564341025,39,late
39962,162,0,0.8895555606481724,0.5041834455860277,39,late
39963,163,0,0.5199155072861777,0.2910692076100523,39,late
39964,164,0,0.3614875686642438,0.4231265339041601,39,late
39965,165,0,0.4739964757754065,0.4580226342466883,39,late
39966,166,0,0.2708255134101455,0.44932520115814456,39,late
39967,167,0,0.5008198536410108,0.5309302915448486,39,late
39968,168,0,0.9962095534532021,0.32131007928576627,39,late
39969,169,0,0.5006102995236509,0.623412671967216,39,late
39970,170,0,0.08717296944268521,0.42908648820813017,39,late
39971,171,0,0.27528064224409177,0.48094293321812154,39,late
39972,172,0,0.6168902998974843,0.5410950937078783,39,late
39973,173,0,0.9914972513985489,0.6022389258384395,39,late
39974,174,0,0.4976861212317021,0.5771191639238019,39,late
39975,175,0,0.8544737209547291,0.7639692385091047,39,late
39976,176,0,0.37609316735092707,0.8030865427418961,39,late
39977,177,0,0.987638162506717,0.42487643198202263,39,late
39978,178,0,0.9306716790713627,0.4426090534851278,39,late
39979,179,0,0.28865380992606665,0.43705930191262465,39,late
39980,180,0,0.5102796362621062,0.49077636732157437,39,late
39981,181,0,0.9788443692433666,0.5401939466339287,39,late
39982,182,0,0.9877724423175807,0.5801585277451632,39,late
39983,183,0,0.5061737539584992,0.7218050535162166,39,late
39984,184,0,0.4565298229249706,0.3968812191820984,39,late
39985,185,0,0.03112218112812425,0.6834821798427491,39,late
39986,186,0,0.07193072847949855,0.6764914009945737,39,late
39987,187,0,0.6133928856199579,0.4905826193487508,39,late
39988,188,0,0.0006705733849737485,0.7286346196884205,39,late
39989,189,0,0.45806770495911797,0.43680348260924046,39,late
39990,190,0,0.025507155524258557,0.6807113282280048,39,late
39991,191,0,0.006344161951156733,0.5248994904790825,39,late
39992,192,0,0.613622689717269,0.6407205097120148,39,late
39993,193,0,0.6579048230273813,0.47701317410858834,39,late
39994,194,0,0.8028653823445582,0.4927845343924624,39,late
39995,195,0,0.9893731124994302,0.41439106787056446,39,late
39996,196,0,0.9495230731931135,0.46775435271974586,39,late
39997,197,0,0.020681189513300745,0.6341037171152882,39,late
39998,198,0,0.4820224005158818,0.5257566566402998,39,late
39999,199,0,0.6850469861507942,0.5759984139258719,39,late
40000,0,0,0.5023660152373003,0.7718709559278487,40,interleaved
40001,1,0,0.8802824302684281,0.8846236251494088,40,interleaved
40002,2,0,0.5039141147548899,0.4732989847430868,40,interleaved
40003,3,0,0.49308032359276815,0.5822752105751696,40,interleaved
40004,4,0,0.7376568433260714,0.3504365817376286,40,interleaved
40005,5,0,0.11949001997342848,0.704222478551541,40,interleaved
40006,6,0,0.716825419378667,0.5374065023309622,40,interleaved
40007,7,0,0.5000538595136194,1.154977177890524,40,interleaved
40008,8,0,0.5599111381486295,0.3182138340333037,40,interleaved
40009,9,0,0.5825582187612691,0.4867039158673816,40,interleaved
40010,10,0,0.013878257002706357,0.6630019851264755,40,interleaved
40011,11,0,0.4332570044850601,0.49463259236538243,40,interleaved
40012,12,0,0.12818202178767732,0.5689497808680624,40,interleaved
40013,13,0,0.3662664018016446,0.690978305133614,40,interleaved
40014,14,0,0.7106065144461655,0.40998811992900136,40,interleaved
40015,15,0,0.48314282490498134,0.6260796694455071,40,interleaved
40016,16,0,0.6706818681311019,0.7430762645258469,40,interleaved
40017,17,0,0.450054786809652,0.5804920098976176,40,interleaved
40018,18,0,0.7011590852137288,0.5440804855209531,40,interleaved
40019,19,0,0.5001339126403165,0.7462654864116223,40,interleaved
40020,20,0,0.49865058906990145,0.4736444661009622,40,interleaved
40021,21,0,0.579557697159963,0.6064341194615196,40,interleaved
40022,22,0,0.3270048450917823,0.5497912131908821,40,interleaved
40023,23,0,0.5079302009696437,0.5901729161754543,40,interleaved
40024,24,0,7.378852089919785e-05,1.1091119603960151,40,interleaved
40025,25,0,0.5000000073477585,1.4089751116217837,40,interleaved
40026,26,0,0.21687528701642866,0.7210297091127003,40,interleaved
40027,27,0,0.5001659708545401,1.03715180463892,40,interleaved
40028,28,0,0.6073950154065383,0.46513080829104925,40,interleaved
40029,29,0,0.6571901800652901,0.585801016779327,40,interleaved
40030,30,0,0.10943046519442762,0.4832983446179353,40,interleaved
40031,31,0,0.6193446868935242,0.3979941091443973,40,interleaved
40032,32,0,0.07192028410316156,0.6969245471854444,40,interleaved
40033,33,0,0.40442652591106043,0.7833353128228225,40,interleaved
40034,34,0,0.9992025548728444,1.0643228821840514,40,interleaved
40035,35,0,0.494966753072137,0.8234149405882518,40,interleaved
40036,36,0,0.9578519421582323,0.3620017485406555,40,interleaved
40037,37,0,0.46460913630270995,0.8094493023478435,40,interleaved
40038,38,0,0.9932263226499943,0.7706653066535474,40,interleaved
40039,39,0,0.23181160424710331,0.6870369477507097,40,interleaved
40040,40,0,0.9962800782640362,0.5138471790743512,40,interleaved
40041,41,0,0.6369464673743553,0.6201670960965131,40,interleaved
40042,42,0,0.4986974292886204,0.852573290117099,40,interleaved
40043,43,0,0.7600896397374716,0.7129035625019066,40,interleaved
40044,44,0,0.9994176657097814,0.7977775929869111,40,interleaved
40045,45,0,0.5574036052715172,0.4037379908546313,40,interleaved
40046,46,0,0.5154798567495715,0.707990081033477,40,interleaved
40047,47,0,0.46285137403339915,0.6598157587789721,40,interleaved
40048,48,0,0.00012441654756252052,1.1315860378152087,40,interleaved
40049,49,0,0.4999484125513217,0.755292659347333,40,interleaved
40050,50,0,0.3977823684942112,0.5677715097329209,40,interleaved
40051,51,0,0.4994787602127592,0.7751785632741937,40,interleaved
40052,52,0,0.7852892732911386,0.6326126204817691,40,interleaved
40053,53,0,0.5001940004012767,0.5582712985502111,40,interleaved
40054,54,0,0.09109153527946641,0.625012419522188,40,interleaved
40055,55,0,0.6146261154341229,0.8818757812911704,40,interleaved
40056,56,0,0.9266363867639019,0.7094515793667182,40,interleaved
40057,57,0,0.4952809629478401,0.9378824186811545,40,interleaved
40058,58,0,0.6592703579824013,0.5664017480651289,40,interleaved
40059,59,0,0.8083188680520778,0.9186474745164172,40,interleaved
40060,60,0,0.019178859526446577,0.8033973415802449,40,interleaved
40061,61,0,0.5035061108367235,0.6238873014871542,40,interleaved
40062,62,0,0.9543845903220303,0.5220256029674799,40,interleaved
40063,63,0,0.8123450377055991,0.5393178231236889,40,interleaved
40064,64,0,0.01352878421261668,0.7862999900412173,40,interleaved
40065,65,0,0.19326619877984863,0.5771138156678991,40,interleaved
40066,66,0,0.26161641673559005,0.7674333077498432,40,interleaved
40067,67,0,0.4943856330970328,0.5943228236482342,40,interleaved
40068,68,0,0.7993358910566564,0.5230963687245808,40,interleaved
40069,69,0,0.5204324223911746,0.4927138598939952,40,interleaved
40070,70,0,0.3024007392656303,0.7332247503677767,40,interleaved
40071,71,0,0.41550234874253666,0.6601431498120747,40,interleaved
40072,72,0,0.9913878987142828,0.7767278322727642,40,interleaved
40073,73,0,0.5031027484129261,0.4710613101695742,40,interleaved
40074,74,0,0.4287355120561762,0.5775991625937542,40,interleaved
40075,75,0,0.48455165408756984,0.5582757170342846,40,interleaved
40076,76,0,0.31709298116089174,0.601765669237286,40,interleaved
40077,77,0,0.5473094346323134,0.4429672210938147,40,interleaved
40078,78,0,0.5078974904181166,0.5887682694190464,40,interleaved
40079,79,0,0.43728648581043167,0.5702990826947404,40,interleaved
40080,80,0,0.9944274145872667,0.33142292313862215,40,interleaved
40081,81,0,0.9836120497711409,0.832387473163655,40,interleaved
40082,82,0,0.9528445929685401,0.843991455222102,40,interleaved
40083,83,0,0.3147176825319196,0.31744149915209713,40,interleaved
40084,84,0,0.1133533559344837,0.7363992784443596,40,interleaved
40085,85,0,0.5174239191645771,0.6058098723978755,40,interleaved
40086,86,0,0.6918557460257122,0.4717937080689538,40,interleaved
40087,87,0,0.1752506506842319,0.6239521650394492,40,interleaved
40088,88,0,0.3679269606539899,0.5443100295332627,40,interleaved
40089,89,0,0.47032175044404695,0.5931771537640254,40,interleaved
40090,90,0,0.9379572531885183,0.5707898747632788,40,interleaved
40091,91,0,0.5969366592509828,0.7434293369599081,40,interleaved
40092,92,0,0.47621043097212024,0.8607853881127462,40,interleaved
40093,93,0,0.4920528602221328,0.7952590788650645,40,interleaved
40094,94,0,0.5042990467163939,0.5104435725973095,40,interleaved
40095,95,0,0.5235384305998869,0.4327991720992057,40,interleaved
40096,96,0,0.8311043637030049,0.5267352505393179,40,interleaved
40097,97,0,0.498429995312306,0.8904750897254771,40,interleaved
40098,98,0,0.07187296622921874,0.9138465073608074,40,interleaved
40099,99,0,0.5962731517225808,0.8693308633771509,40,interleaved
40100,100,0,0.5808572544285016,0.5195048600031857,40,interleaved
40101,101,0,0.5198837652746072,0.7624539444294192,40,interleaved
40102,102,0,0.5625285581024473,0.6431847818824291,40,interleaved
40103,103,0,0.4951178849812376,0.8725695494527081,40,interleaved
40104,104,0,0.6851199650482831,0.6480616118949897,40,interleaved
40105,105,0,0.5904478379304088,0.7597873188111088,40,interleaved
40106,106,0,0.5930870043295655,0.541070289434438,40,interleaved
40107,107,0,0.5145231263301674,0.5219501361937815,40,interleaved
40108,108,0,0.8419526428182876,0.4481464329985986,40,interleaved
40109,109,0,0.5553236686972425,0.34357114368728486,40,interleaved
40110,110,0,0.5922822551439221,0.39775129551226174,40,interleaved
40111,111,0,0.4628565848265704,0.5011881466801525,40,interleaved
40112,112,0,0.059075415279201564,0.5379381470287148,40,interleaved
40113,113,0,0.49181445832871484,0.4078768386689342,40,interleaved
40114,114,0,0.4699588132442527,0.4251021349755718,40,interleaved
40115,115,0,0.5138556202690304,0.5780183706935527,40,interleaved
40116,116,0,0.5321047007011668,0.4252634986074295,40,interleaved
40117,117,0,0.6530144566261085,0.5793599036973103,40,interleaved
40118,118,0,0.9872792883509687,0.8204186283339351,40,interleaved
40119,119,0,0.594294447850943,0.6337848589586671,40,interleaved
40120,120,0,0.5771776906914408,0.3952800643221559,40,interleaved
40121,121,0,0.33990044057827795,0.42569225798681,40,interleaved
40122,122,0,0.5442396007870474,0.6087813838126579,40,interleaved
40123,123,0,0.49985596961539824,0.8181260524239073,40,interleaved
40124,124,0,0.9890187966178283,0.436635857012578,40,interleaved
40125,125,0,0.8176614741304612,0.33179586965690533,40,interleaved
40126,126,0,0.48437214914237314,0.973343409200695,40,interleaved
40127,127,0,0.5235828814225175,0.6012730617224913,40,interleaved
40128,128,0,0.49983039431975634,0.5877602749496723,40,interleaved
40129,129,0,0.5072665146807933,0.5373970306700311,40,interleaved
40130,130,0,0.9992495639592762,0.891225745116683,40,interleaved
40131,131,0,0.7640756485060756,0.7273678414435443,40,interleaved
40132,132,0,0.6111701430251373,0.42922020023808083,40,interleaved
40133,133,0,0.39570737487474306,0.71257027130495,40,interleaved
40134,134,0,0.9676459421267061,0.3215984636781176,40,interleaved
40135,135,0,0.6555721385605758,0.527492239768593,40,interleaved
40136,136,0,0.12472828153008522,0.5061304551954642,40,interleaved
40137,137,0,0.5180820641056949,0.7480893359501588,40,interleaved
40138,138,0,0.5225037528481321,0.5323536032421989,40,interleaved
40139,139,0,0.5276243865384362,0.36456125529501526,40,interleaved
40140,140,0,0.030087885771284816,0.512868018283186,40,interleaved
40141,141,0,0.5149806927881836,0.48159860009664757,40,interleaved
40142,142,0,0.6002910209618708,0.4789421432135611,40,interleaved
40143,143,0,0.5001455421567906,1.037853065984527,40,interleaved
40144,144,0,0.18002368452163847,0.7070832560560789,40,interleaved
40145,145,0,0.49128269675853503,0.8160917132044518,40,interleaved
40146,146,0,0.9944060267385917,0.4748303149045231,40,interleaved
40147,147,0,0.4659863967455848,0.6133194858279153,40,interleaved
40148,148,0,0.9911489290448212,0.44876135296488956,40,interleaved
40149,149,0,0.4774667160374164,0.7485284303839498,40,interleaved
40150,150,0,0.5094655060940358,0.5883046446023945,40,interleaved
40151,151,0,0.4884361084165978,0.4679328597860112,40,interleaved
40152,152,0,0.9999953454609759,0.9076938859802026,40,interleaved
40153,153,0,0.45559405865445096,0.47986758776127847,40,interleaved
40154,154,0,0.10370463425645284,0.40320123242775097,40,interleaved
40155,155,0,0.8434030302780797,0.32598306484004635,40,interleaved
40156,156,0,0.05733583923965032,0.467722374318603,40,interleaved
40157,157,0,0.5875180840369045,0.5628830037712471,40,interleaved
40158,158,0,0.9846449251317724,0.684939280098507,40,interleaved
40159,159,0,0.9804898363327806,0.531104492982398,40,interleaved
40160,160,0,0.6843765213174134,0.37394871217182934,40,interleaved
40161,161,0,0.23032197761592355,0.5582980296050527,40,interleaved
40162,162,0,0.6000718367856018,0.3891823149373708,40,interleaved
40163,163,0,0.09582932911308034,0.6605168040489743,40,interleaved
40164,164,0,0.3947349382349015,0.5681681931767695,40,interleaved
40165,165,0,0.9534166171930634,0.5845201920882275,40,interleaved
40166,166,0,0.5388914954025497,0.5002648429620802,40,interleaved
40167,167,0,0.9285705401889468,0.5064753627647752,40,interleaved
40168,168,0,0.9766644631387253,0.3763470719141598,40,interleaved
40169,169,0,0.971012534140792,0.43500542546958343,40,interleaved
40170,170,0,0.24337810678052402,0.6764665500100133,40,interleaved
40171,171,0,0.7701304559678431,0.6296371844327815,40,interleaved
40172,172,0,0.6477101177289659,0.4951452172057103,40,interleaved
40173,173,0,0.5348680385342646,0.4931094298570896,40,interleaved
40174,174,0,0.5752916130595118,0.5022545063262229,40,interleaved
40175,175,0,0.02904426040676566,0.571930846713012,40,interleaved
40176,176,0,0.988240554503318,0.4738634322123487,40,interleaved
40177,177,0,0.8315832964788593,0.4294411276202754,40,interleaved
40178,178,0,0.9904190215480386,0.5342654986227714,40,interleaved
40179,179,0,0.5272248174552416,0.43821137135786004,40,interleaved
40180,180,0,0.7782923061369826,0.5019692074781508,40,interleaved
40181,181,0,0.07917823000245541,0.6513314505430907,40,interleaved
40182,182,0,0.9999561241377445,0.6726713844992178,40,interleaved
40183,183,0,0.6763399062986227,0.514055316179143,40,interleaved
40184,184,0,0.5001479891073567,0.686732142051642,40,interleaved
40185,185,0,0.629238993406304,0.4040882164213244,40,interleaved
40186,186,0,0.6634571841246903,0.5574170025471191,40,interleaved
40187,187,0,0.8361247883389933,0.37717939578390297,40,interleaved
40188,188,0,0.5506483181640371,0.5629523918307754,40,interleaved
40189,189,0,0.9996417171936907,0.5159707546576778,40,interleaved
40190,190,0,0.8362540696152925,0.24244321602445573,40,interleaved
40191,191,0,0.15611675705093248,0.43313155175363716,40,interleaved
40192,192,0,0.7916878203600429,0.33701816392720707,40,interleaved
40193,193,0,0.9315269305985397,0.7119809634789704,40,interleaved
40194,194,0,0.2899109000630441,0.4821776565634906,40,interleaved
40195,195,0,0.7187249878701489,0.46525454370795194,40,interleaved
40196,196,0,0.9402365287072149,0.33894708752955943,40,interleaved
40197,197,0,0.9896312053132587,0.3317668473775528,40,interleaved
40198,198,0,0.9999745965843769,0.6876227394516388,40,interleaved
40199,199,0,0.5116938618629494,0.6641908547841762,40,interleaved
40200,0,0,0.08680386467670646,0.6912853468405453,40,blocked
40201,1,0,0.7126951291691959,0.6463135809631215,40,blocked
40202,2,0,0.4789196684113047,0.8647387109604721,40,blocked
40203,3,0,0.5644836229850121,0.5972277182320641,40,blocked
40204,4,0,0.6019677680080294,0.6455652809476307,40,blocked
40205,5,0,0.48933689103486744,0.6411503800083311,40,blocked
40206,6,0,0.7434893669094081,0.6203798836070905,40,blocked
40207,7,0,0.7604398122664386,0.7266721847979736,40,blocked
40208,8,0,0.5658540159576002,0.6926817957832071,40,blocked
40209,9,0,0.34112215664925716,0.684349615913814,40,blocked
40210,10,0,0.9854637541615823,0.6611438793716066,40,blocked
40211,11,0,0.6389319038559814,0.7820460947708876,40,blocked
40212,12,0,0.5159207851846119,0.6000479365978904,40,blocked
40213,13,0,0.6540816590645948,0.8600794828093332,40,blocked
40214,14,0,0.9907012719400027,0.732498781687823,40,blocked
40215,15,0,0.5840729270519487,0.634469498453754,40,blocked
40216,16,0,0.8965536283106659,0.43625295090448385,40,blocked
40217,17,0,0.4995469758183505,0.8458361939923762,40,blocked
40218,18,0,0.4746420153480866,0.7507399972540577,40,blocked
40219,19,0,0.13426230909061457,1.1155660437178605,40,blocked
40220,20,0,0.2778289280340854,0.6652506433598266,40,blocked
40221,21,0,0.48340596701749594,0.7748230166735717,40,blocked
40222,22,0,0.1593445848779381,0.9471174336606486,40,blocked
40223,23,0,0.9950360465653146,0.7843965868512223,40,blocked
40224,24,0,0.43641882954490063,1.014113091895878,40,blocked
40225,25,0,0.7560169769486083,0.7932369739739391,40,blocked
40226,26,0,0.4994246784132213,0.9649918322844799,40,blocked
40227,27,0,0.696124449425658,0.8287906577986147,40,blocked
40228,28,0,0.5004390749821461,0.9075007096043688,40,blocked
40229,29,0,0.9909579587898791,0.3683946426681681,40,blocked
40230,30,0,0.03130688218654053,1.0992708516332301,40,blocked
40231,31,0,0.49863999996412817,0.9028055082117198,40,blocked
40232,32,0,0.9331112290691945,0.5281388808881321,40,blocked
40233,33,0,0.6697645242251785,0.7691834355955065,40,blocked
40234,34,0,0.7974727871515468,0.9260714929060287,40,blocked
40235,35,0,0.5911231191566725,0.7562968467501029,40,blocked
40236,36,0,0.9436931648946126,0.4830965431811117,40,blocked
40237,37,0,0.9981103856065381,0.6167660606848102,40,blocked
40238,38,0,0.49332784421199644,0.8900321263799483,40,blocked
40239,39,0,0.3504470532361727,0.9480387910028152,40,blocked
40240,40,0,0.4540517818759093,1.0395552199637783,40,blocked
40241,41,0,0.9727468062068756,0.7536947873266113,40,blocked
40242,42,0,0.3073577370310516,0.725886569170221,40,blocked
40243,43,0,0.7849191475192858,0.6412777406810146,40,blocked
40244,44,0,0.010820805341765057,0.8888644300966424,40,blocked
40245,45,0,0.988535031045589,0.8062514133184762,40,blocked
40246,46,0,0.5773399382927116,0.49996080458953407,40,blocked
40247,47,0,0.9063532445936748,0.6013555523796452,40,blocked
40248,48,0,0.15600194776891085,0.8483330923683727,40,blocked
40249,49,0,0.5298759525829928,0.735738773700431,40,blocked
40250,50,0,0.9511172882056533,1.1420338206593952,40,blocked
40251,51,0,0.4806865204978668,1.2143468345381332,40,blocked
40252,52,0,0.9961913895020762,0.651807859364705,40,blocked
40253,53,0,0.6130072107149449,0.44022784385969405,40,blocked
40254,54,0,0.6298162232938369,0.45162261988128727,40,blocked
40255,55,0,0.5879621255664299,0.637679943115646,40,blocked
40256,56,0,0.943599072296369,0.8282452699933529,40,blocked
40257,57,0,0.4885751536637244,0.982653817628856,40,blocked
40258,58,0,0.9169750035074493,0.8708833594420903,40,blocked
40259,59,0,0.08836062097957623,0.7309716421346331,40,blocked
40260,60,0,0.5691032774479272,0.6156008318900701,40,blocked
40261,61,0,0.28932442039918926,0.6365622118715133,40,blocked
40262,62,0,0.8182956540875405,0.7784929017928799,40,blocked
40263,63,0,0.8826794575083327,1.031299461469127,40,blocked
40264,64,0,0.09852455542625191,0.9807239633766962,40,blocked
40265,65,0,0.05673464974851883,0.6801693946367808,40,blocked
40266,66,0,0.19899964899779998,0.789372390436156,40,blocked
40267,67,0,0.49879411278731484,1.1226384342325926,40,blocked
40268,68,0,0.6626398516492249,0.7837762801198811,40,blocked
40269,69,0,0.7465064252485024,0.7211061625790607,40,blocked
40270,70,0,0.994665408525409,0.7383381172865567,40,blocked
40271,71,0,0.9880034716298418,0.5179330569405669,40,blocked
40272,72,0,0.06917166401018303,0.7500859408186067,40,blocked
40273,73,0,0.46038618985975716,0.8727061242743781,40,blocked
40274,74,0,0.9998857582472636,0.6091174898421992,40,blocked
40275,75,0,0.7836239220072215,0.5901165858668779,40,blocked
40276,76,0,0.5103470468745652,0.6503266013478507,40,blocked
40277,77,0,0.9997498588339551,0.48648250454657127,40,blocked
40278,78,0,0.010599809328841567,1.158161369988198,40,blocked
40279,79,0,0.8174528395351012,0.7505635757725351,40,blocked
40280,80,0,0.8661051098221906,0.8718499583391663,40,blocked
40281,81,0,0.9996573426413627,0.7075360628527658,40,blocked
40282,82,0,0.3602859317127044,0.9066638021827685,40,blocked
40283,83,0,0.9998982625220753,0.53614410364345,40,blocked
40284,84,0,0.507225536073923,0.6528323839293011,40,blocked
40285,85,0,0.04042040279780815,0.9673187452991032,40,blocked
40286,86,0,0.6128422559384977,0.6553635439613158,40,blocked
40287,87,0,0.5115895982404995,0.6329738007571543,40,blocked
40288,88,0,0.4942159427547496,0.5395371189433559,40,blocked
40289,89,0,0.17727277848883014,0.7410980986023282,40,blocked
40290,90,0,0.6065167424203975,0.4905547980319233,40,blocked
40291,91,0,0.8019847709392431,0.6076597451519561,40,blocked
40292,92,0,0.9169308424611292,0.6172807521891446,40,blocked
40293,93,0,0.39895027078021233,0.8896348550563065,40,blocked
40294,94,0,0.5049843416352586,0.7397764894403205,40,blocked
40295,95,0,0.9618197800363839,1.225686041664435,40,blocked
40296,96,0,0.9618539375793826,0.5025439965402755,40,blocked
40297,97,0,0.5813826966013158,0.6928059794022589,40,blocked
40298,98,0,0.536420202677161,0.7345123831896301,40,blocked
40299,99,0,0.3296581619380711,0.8638689245889566,40,blocked
40300,100,0,0.6392800659546807,0.9151031163665011,40,blocked
40301,101,0,0.975215347240461,0.568657858276765,40,blocked
40302,102,0,0.5037613091815691,0.8699953667865343,40,blocked
40303,103,0,0.19497343633920033,0.7423667307555102,40,blocked
40304,104,0,0.4868264173391478,0.8482795612177272,40,blocked
40305,105,0,0.9717996417824372,0.4920297431375156,40,blocked
40306,106,0,0.6754759942972104,0.590345088321417,40,blocked
40307,107,0,0.5162724942511938,0.7533952230858316,40,blocked
40308,108,0,0.5754077993414288,0.7747340429214628,40,blocked
40309,109,0,0.12479385063672226,0.9724904828024016,40,blocked
40310,110,0,0.853515230301048,0.7453876481942536,40,blocked
40311,111,0,0.9829669207999491,0.43033631673146,40,blocked
40312,112,0,0.8799689568092672,0.9792112508770748,40,blocked
40313,113,0,0.14881272418196903,1.155592009182648,40,blocked
40314,114,0,0.9762693675184064,0.38408847951070435,40,blocked
40315,115,0,0.4887922861400164,0.6952315591527338,40,blocked
40316,116,0,0.9827992833283403,0.6403239944370219,40,blocked
40317,117,0,0.5301335462156974,0.6953190315499849,40,blocked
40318,118,0,0.5313803785506719,0.6633865455149968,40,blocked
40319,119,0,0.9004204092808474,0.5481809219726079,40,blocked
40320,120,0,0.04035736094252391,1.057887301619196,40,blocked
40321,121,0,0.0005781008260568615,1.2584866710885345,40,blocked
40322,122,0,0.4761700903124751,1.2078102149401135,40,blocked
40323,123,0,0.9986214229986969,0.6065479922183634,40,blocked
40324,124,0,0.09155081104791427,0.8119593997736619,40,blocked
40325,125,0,0.49187669217411806,0.6332348683801241,40,blocked
40326,126,0,0.799461117118258,1.0301335555564375,40,blocked
40327,127,0,0.21255891913462396,0.7733158170331179,40,blocked
40328,128,0,0.3955363141029059,0.6792498801259783,40,blocked
40329,129,0,0.9989779361512264,0.5246785973746488,40,blocked
40330,130,0,0.34318840682808127,0.8552360337547698,40,blocked
40331,131,0,0.5996660058926528,0.7529010096632134,40,blocked
40332,132,0,0.328067443879217,0.6340739227395311,40,blocked
40333,133,0,0.9859526036940536,0.7148992410842636,40,blocked
40334,134,0,0.9864152870946099,0.4941260148060078,40,blocked
40335,135,0,0.024198673038351493,0.9951709240050768,40,blocked
40336,136,0,0.9980958090390701,1.1944508528390585,40,blocked
40337,137,0,0.5847580552694281,1.1592512478040893,40,blocked
40338,138,0,0.9944024652290621,0.7818355590204634,40,blocked
40339,139,0,0.635019818834428,0.5851406513379871,40,blocked
40340,140,0,0.8362595209413983,0.7017950119190699,40,blocked
40341,141,0,0.02346749276614251,1.3629420283480358,40,blocked
40342,142,0,0.451334902211076,0.5710298421290823,40,blocked
40343,143,0,0.6550367946767787,0.48349788605264227,40,blocked
40344,144,0,0.5106715560171412,0.640438643858579,40,blocked
40345,145,0,0.9426564049080943,0.782906369901325,40,blocked
40346,146,0,0.551515231119685,0.8325733098908579,40,blocked
40347,147,0,0.9994201150569243,0.4645204028223481,40,blocked
40348,148,0,0.9393133132731998,0.4861341573128992,40,blocked
40349,149,0,0.08249184103151747,0.8337202427676542,40,blocked
40350,150,0,0.5857789634222098,0.9015515111951287,40,blocked
40351,151,0,0.9988824877906368,0.826372056582526,40,blocked
40352,152,0,0.9580973596611536,1.1140962500034992,40,blocked
40353,153,0,0.842680230335213,0.6371775194350722,40,blocked
40354,154,0,0.480400770157292,0.8316145566173593,40,blocked
40355,155,0,0.9759581421017898,0.9150606996274776,40,blocked
40356,156,0,0.50302043816933,1.1528196051557016,40,blocked
40357,157,0,0.5111334244748331,0.7971964446200048,40,blocked
40358,158,0,0.46623366311488085,0.8232740194699153,40,blocked
40359,159,0,0.6917839566136613,0.6336759846106719,40,blocked
40360,160,0,0.38057029394776365,0.7619146425472225,40,blocked
40361,161,0,0.0004605660838748399,1.552688628367812,40,blocked
40362,162,0,0.19122684335231155,1.015615249459691,40,blocked
40363,163,0,0.5190004511759776,0.6361058647545104,40,blocked
40364,164,0,0.9079091927480145,0.7663322553942369,40,blocked
40365,165,0,0.6356775687331515,0.5963416065608544,40,blocked
40366,166,0,0.0694505397579817,0.8518263415912055,40,blocked
40367,167,0,0.4999251075272339,0.955203846694873,40,blocked
40368,168,0,0.9722717331995665,0.5855813668421087,40,blocked
40369,169,0,0.5519331045507407,0.9347262109870164,40,blocked
40370,170,0,0.4647709138772887,0.9004819014920424,40,blocked
40371,171,0,0.2687541289010711,0.9488299470590722,40,blocked
40372,172,0,0.9733481911152038,0.4422789041838837,40,blocked
40373,173,0,0.06185700176570017,1.2738655395417773,40,blocked
40374,174,0,0.5048292502922025,1.021971631481887,40,blocked
40375,175,0,0.39442349018693024,0.6289259635482737,40,blocked
40376,176,0,0.9917789121120761,0.37343811197920007,40,blocked
40377,177,0,0.7770328550933503,0.7451160082559638,40,blocked
40378,178,0,0.5430773508636761,0.5070415228212417,40,blocked
40379,179,0,0.9930732004127489,0.47254091784996,40,blocked
40380,180,0,0.8476347662100665,0.6663568852368267,40,blocked
40381,181,0,0.08664071739923083,0.8179676299497247,40,blocked
40382,182,0,0.9424537256480974,0.4577468233431131,40,blocked
40383,183,0,0.4992505736694533,0.9316489349159529,40,blocked
40384,184,0,0.7389982246626914,0.7257555820792707,40,blocked
40385,185,0,0.47299147973955424,0.9860112471145055,40,blocked
40386,186,0,0.9998469240509674,1.2544939294467274,40,blocked
40387,187,0,0.5071879310619899,1.0080528180894164,40,blocked
40388,188,0,0.26568453298269973,0.7463303765178435,40,blocked
40389,189,0,0.6357034718759484,0.6340370350393737,40,blocked
40390,190,0,0.9995575461434341,1.252220927649704,40,blocked
40391,191,0,0.5021049419370139,0.8436331332928881,40,blocked
40392,192,0,0.5058428768792043,0.9306971077547084,40,blocked
40393,193,0,0.04803088761741266,0.8817961955155386,40,blocked
40394,194,0,0.6633059859484534,0.8507047340563444,40,blocked
40395,195,0,0.998563788748785,0.6312595509630876,40,blocked
40396,196,0,0.4748501323011131,0.772769659804526,40,blocked
40397,197,0,0.9994259524014103,0.6601261146947546,40,blocked
40398,198,0,0.49933168269591127,0.8932377996679097,40,blocked
40399,199,0,0.9976918363271657,0.6858977168502456,40,blocked
40400,0,0,0.9964481097242917,0.6372053896684563,40,early
40401,1,0,0.28478030895490075,0.478310624881647,40,early
40402,2,0,0.24402719048496996,0.4905516508401301,40,early
40403,3,0,0.5479303853372722,0.6104781025503032,40,early
40404,4,0,0.8479466420370506,0.7150382195750247,40,early
40405,5,0,0.7144342867277433,0.5724352107576806,40,early
40406,6,0,0.8066618901019891,0.4668802148626171,40,early
40407,7,0,0.3227560726169226,0.531586526532561,40,early
40408,8,0,0.5886982496669806,0.48778785382503914,40,early
40409,9,0,0.5185133088303204,0.47443452478565284,40,early
40410,10,0,0.6893009453095842,0.7367282924630736,40,early
40411,11,0,0.809757129850206,0.8884670539809925,40,early
40412,12,0,0.6022104706647748,0.5574520148699749,40,early
40413,13,0,0.6998920190828117,0.42706850083612546,40,early
40414,14,0,0.8343606725313157,0.790350027054461,40,early
40415,15,0,0.9015270287816408,0.7319477586374932,40,early
40416,16,0,0.593002935482867,0.6002120714816326,40,early
40417,17,0,0.0019956691962809935,1.061770110541807,40,early
40418,18,0,0.8977148331509698,0.7657400750807505,40,early
40419,19,0,0.8516134116945713,0.43238380048023406,40,early
40420,20,0,0.6152137826969866,0.5516479918232621,40,early
40421,21,0,0.5707643367633874,0.7723472102782789,40,early
40422,22,0,0.3949243274348211,0.6035970577186478,40,early
40423,23,0,0.021895509083291603,0.4897544692592406,40,early
40424,24,0,0.569913070433072,0.6997241987606633,40,early
40425,25,0,0.9810028310890638,0.5412149902815802,40,early
40426,26,0,0.49697792540939023,0.8986060458659579,40,early
40427,27,0,0.8442334279972512,0.9609819553319718,40,early
40428,28,0,0.5521502979744445,0.6715665493608043,40,early
40429,29,0,0.4988814743436519,0.6320693808732755,40,early
40430,30,0,0.8462084194791103,0.5112088100978669,40,early
40431,31,0,0.716141808059937,0.6449950223820333,40,early
40432,32,0,0.3361717059955576,1.068230388177357,40,early
40433,33,0,0.8817551086291852,0.5639676122547757,40,early
40434,34,0,0.803861401872929,0.6240509644856196,40,early
40435,35,0,0.4478107106696794,0.6139647700808171,40,early
40436,36,0,0.8280656728115086,0.5420006970195095,40,early
40437,37,0,0.5551391521237675,0.4291825404326364,40,early
40438,38,0,0.7602069645660594,0.4526430865781615,40,early
40439,39,0,0.4617808242334939,0.940662729784939,40,early
40440,40,0,0.24055833639217283,0.7944206030106249,40,early
40441,41,0,0.09644606521319275,0.6682512526164042,40,early
40442,42,0,0.9167537869649232,0.6885320742738005,40,early
40443,43,0,0.33510388378808964,0.9139412970883034,40,early
40444,44,0,0.8777840526656038,0.6479899876191708,40,early
40445,45,0,0.5316985523831235,0.8870393473214984,40,early
40446,46,0,0.9020279096731754,0.8651421107901558,40,early
40447,47,0,0.0010562658687635366,0.721045927442986,40,early
40448,48,0,0.5048709016973777,0.8732228094221728,40,early
40449,49,0,0.6529957406664639,0.9839166691535134,40,early
40450,50,0,0.9905651631585815,0.5844380483119768,40,early
40451,51,0,0.733006161927938,0.3598382266445474,40,early
40452,52,0,0.37028820800478335,1.0990729464710038,40,early
40453,53,0,0.027046193876069907,0.70410815735173,40,early
40454,54,0,0.732851331156573,1.009713682989207,40,early
40455,55,0,0.5019401464200223,0.7928386980527781,40,early
40456,56,0,0.47059647584390213,0.5979857194176473,40,early
40457,57,0,0.7254404461682173,0.5419167188748358,40,early
40458,58,0,0.9626297490346332,0.41263717712411235,40,early
40459,59,0,0.6644425056384273,0.5791452480629584,40,early
40460,60,0,0.7379354840394846,1.137173180981832,40,early
40461,61,0,0.030818081814322006,1.2913345980487034,40,early
40462,62,0,0.9326485641447855,0.7037762653376796,40,early
40463,63,0,0.9169144377442877,0.7032495149344125,40,early
40464,64,0,0.9447473101007271,0.7065841927380307,40,early
40465,65,0,0.9244058193257498,0.7672202327799686,40,early
40466,66,0,0.6266118483520263,0.5171089002926069,40,early
40467,67,0,0.41044078935585493,0.4576525975673215,40,early
40468,68,0,0.8469152993377695,0.6779150463039032,40,early
40469,69,0,0.7205646635244153,0.724579535486715,40,early
40470,70,0,0.06450502522581401,1.1355267402251439,40,early
40471,71,0,0.23140967523102637,0.7683930018497949,40,early
40472,72,0,0.23619835356369073,0.7978697531967633,40,early
40473,73,0,0.5011118166308739,1.0634029584768452,40,early
40474,74,0,0.8474229716832176,0.6165489133405403,40,early
40475,75,0,0.2819335583148167,0.5279729308342631,40,early
40476,76,0,0.08279363918389286,1.1083941086762352,40,early
40477,77,0,0.029228737569432395,0.6981382159449239,40,early
40478,78,0,0.27754883875292136,0.8425901652764676,40,early
40479,79,0,0.011119634784386751,0.8196728282492508,40,early
40480,80,0,0.8075603064068722,1.0714935195577602,40,early
40481,81,0,0.5169438088847044,0.5930410678028437,40,early
40482,82,0,0.03750682791941693,0.5706052452609675,40,early
40483,83,0,0.00756631886849067,1.3927785146235123,40,early
40484,84,0,0.17926654693227342,0.7876456145875916,40,early
40485,85,0,0.9008426683833247,0.825174377434726,40,early
40486,86,0,0.5064579053110699,0.44002475881974157,40,early
40487,87,0,0.4551568643983613,0.8734595857642373,40,early
40488,88,0,0.001711540432817633,0.9821147375488115,40,early
40489,89,0,0.4984061048567964,1.5143444881226125,40,early
40490,90,0,0.3962056525308405,1.2155846184132708,40,early
40491,91,0,0.9124139449772307,0.6384852519222073,40,early
40492,92,0,0.5066654058695721,0.9368147610383815,40,early
40493,93,0,0.5739189143351293,0.5786349964188888,40,early
40494,94,0,0.5000269105113826,0.8965097271526875,40,early
40495,95,0,0.13299404054667632,0.4042859445434588,40,early
40496,96,0,0.8849400275159341,0.5117006713832346,40,early
40497,97,0,0.3424800645509627,0.8452998531230524,40,early
40498,98,0,0.9980785977799606,0.8167699304667151,40,early
40499,99,0,0.2895216170345557,0.9052598137041132,40,early
40500,100,0,0.9495257019071925,0.8075148652336974,40,early
40501,101,0,0.8341427728818704,0.7830742377929816,40,early
40502,102,0,0.656816307458882,0.8853744385867195,40,early
40503,103,0,0.6243148465248252,1.063277412032348,40,early
40504,104,0,0.8924206748866388,0.9969116952859001,40,early
40505,105,0,0.028173741957994006,1.179852543723566,40,early
40506,106,0,0.7216610376019456,1.0251786068838689,40,early
40507,107,0,0.8655738885568459,0.7318835317356769,40,early
40508,108,0,0.9976935131638079,0.8019380840500745,40,early
40509,109,0,0.009266714720770439,0.9029684436759169,40,early
40510,110,0,0.39081522492623944,0.7682669281050611,40,early
40511,111,0,0.8857164253017715,0.753385419808797,40,early
40512,112,0,0.7644112051941736,0.7215591440240205,40,early
40513,113,0,0.4355448936346826,0.8327129055146982,40,early
40514,114,0,0.3779025308248677,1.0596936524184581,40,early
40515,115,0,0.5070046136064181,0.8795616259331465,40,early
40516,116,0,0.4420715748949427,1.2043879681392964,40,early
40517,117,0,0.9988192873739535,0.7481346677623932,40,early
40518,118,0,0.9750324841206959,0.5589616593306338,40,early
40519,119,0,0.3166600399304443,0.6766450903497839,40,early
40520,120,0,0.4192710839451759,0.48153102662033376,40,early
40521,121,0,0.10624801962220812,0.7993296137513726,40,early
40522,122,0,0.505275260822161,1.1117487435197084,40,early
40523,123,0,0.6205524546191502,0.7332344340128569,40,early
40524,124,0,0.16559631856290383,0.5829925233207801,40,early
40525,125,0,0.13176558125975416,0.7945627433170206,40,early
40526,126,0,0.14156608625619577,0.6811206334086839,40,early
40527,127,0,0.17716842372319702,0.8983553843594451,40,early
40528,128,0,0.5944772509630529,0.6037187985546733,40,early
40529,129,0,0.3929821851380551,0.6601919814341382,40,early
40530,130,0,0.01777919264466119,0.9388778551294987,40,early
40531,131,0,0.4223969769160385,0.9635614945935735,40,early
40532,132,0,0.7367056808924757,0.53951139234365,40,early
40533,133,0,0.43361342809497655,0.7803383372583761,40,early
40534,134,0,0.2654146032598876,0.4986529405350962,40,early
40535,135,0,0.956416444852886,0.5179174681633982,40,early
40536,136,0,0.5002391338014562,0.930913630599167,40,early
40537,137,0,0.9786494010408864,0.8083303505422056,40,early
40538,138,0,0.05608884549742651,0.810510992306409,40,early
40539,139,0,0.9287191279192546,0.3304510876700365,40,early
40540,140,0,0.5828992013742961,0.8861743500336134,40,early
40541,141,0,0.09615255722446721,0.5242725148415501,40,early
40542,142,0,0.8945605815660054,0.5531929071781689,40,early
40543,143,0,0.10323140883399216,0.7902289941279512,40,early
40544,144,0,0.6209977889090589,0.6610679761142503,40,early
40545,145,0,0.31011232864323013,0.5397573326748504,40,early
40546,146,0,0.4932890671303652,0.9360841283791792,40,early
40547,147,0,0.4446252982605298,0.6021203925621254,40,early
40548,148,0,0.49989951317765957,0.7266260620396172,40,early
40549,149,0,0.8717644635506956,0.7354763574465952,40,early
40550,150,0,0.37996121608622385,0.943418939187197,40,early
40551,151,0,0.9980083488473124,0.8321946277035814,40,early
40552,152,0,0.46259521067810117,0.8618456525742069,40,early
40553,153,0,0.6713021267316541,0.8704001668164104,40,early
40554,154,0,0.9984646430216904,1.0245114990094981,40,early
40555,155,0,0.5006461337518221,0.8855259163510283,40,early
40556,156,0,0.5592057669249353,0.9460800523171762,40,early
40557,157,0,0.4923347937387368,1.0289823097481874,40,early
40558,158,0,0.4130106339036701,0.761810806954627,40,early
40559,159,0,0.47353221551666913,0.8177665561038938,40,early
40560,160,0,0.5012447240911644,0.7000993965768303,40,early
40561,161,0,0.24857307132713038,0.9536864428951525,40,early
40562,162,0,0.9114919133141992,0.7989101386136828,40,early
40563,163,0,0.43732151664352276,0.7913131384008221,40,early
40564,164,0,0.9616484337974935,0.6697872951975068,40,early
40565,165,0,0.5215207464739839,0.7249261182868387,40,early
40566,166,0,0.770267437239609,0.6307558700330154,40,early
40567,167,0,0.9299534667758649,0.34902798744463204,40,early
40568,168,0,0.4141963919638492,0.5791527611708323,40,early
40569,169,0,0.9987362497721561,0.6063722543904264,40,early
40570,170,0,0.5633467471371274,0.5794761210095765,40,early
40571,171,0,0.7051429038281044,0.5594050394699694,40,early
40572,172,0,0.4902604467912841,0.687862033749766,40,early
40573,173,0,0.891125948903179,0.651584042192598,40,early
40574,174,0,0.9247927308931544,0.6173898055527429,40,early
40575,175,0,0.9091144850765422,0.7351915100124581,40,early
40576,176,0,0.5004689273359488,0.9165530374309374,40,early
40577,177,0,0.7056821228869992,1.362035913411065,40,early
40578,178,0,0.49804820649208553,0.42550786318645073,40,early
40579,179,0,0.9837154983542172,0.9860571385259986,40,early
40580,180,0,0.8198129497865896,0.4856360667901613,40,early
40581,181,0,0.49855449370076127,1.493023958250372,40,early
40582,182,0,0.003509605450171851,0.9798951417080652,40,early
40583,183,0,0.012580223129657774,1.0097123059565711,40,early
40584,184,0,0.4804486533844492,0.5860156185695884,40,early
40585,185,0,0.8398780674448783,0.4262647610445438,40,early
40586,186,0,0.5185165699208344,0.5740959750759422,40,early
40587,187,0,0.5950251974468218,0.529171549773709,40,early
40588,188,0,0.5750260903716924,0.5823522275668704,40,early
40589,189,0,0.33454258498840916,0.7511378826292154,40,early
40590,190,0,0.004867171317181891,1.0944608659150636,40,early
40591,191,0,0.800335688955029,0.6069696691798578,40,early
40592,192,0,0.43376681343796175,0.7077489592654358,40,early
40593,193,0,0.6269412476436721,0.7942832948139619,40,early
40594,194,0,0.712449643146717,0.6768692844869384,40,early
40595,195,0,0.0005008730259907103,1.3312060366621281,40,early
40596,196,0,0.49942115281376603,0.5030709791576049,40,early
40597,197,0,0.17497811081745737,0.8578567841830265,40,early
40598,198,0,0.01019127359770521,0.6367398292241053,40,early
40599,199,0,0.659061782088713,0.5197773363654947,40,early
40600,0,0,0.8485498524779718,0.653879048535899,40,middle
40601,1,0,0.5615140165624185,0.4199726748870689,40,middle
40602,2,0,0.8850951335993358,0.7194755638329957,40,middle
40603,3,0,0.7528470776682553,0.7090850965948758,40,middle
40604,4,0,0.739578751404089,0.5266200856431523,40,middle
40605,5,0,0.5141518976499108,0.5770324323514788,40,middle
40606,6,0,0.6071841809830059,0.7481878149886193,40,middle
40607,7,0,0.6592213222364349,0.509333974263616,40,middle
40608,8,0,0.6383373801511613,0.8291505597342939,40,middle
40609,9,0,0.1063909875556515,0.9436662692867235,40,middle
40610,10,0,0.5543444268936788,0.6023791056611395,40,middle
40611,11,0,0.27328997253561194,0.6537486356830815,40,middle
40612,12,0,0.9346197359156039,0.5775678760981144,40,middle
40613,13,0,0.750032223886189,0.3991916706711417,40,middle
40614,14,0,0.5409659998014824,0.4574077059210443,40,middle
40615,15,0,0.45594658820225725,0.8007732528568292,40,middle
40616,16,0,0.49146940554453766,0.8639491003960145,40,middle
40617,17,0,0.9246844185286758,0.7640726048532309,40,middle
40618,18,0,0.15200439211832406,0.7744700071397079,40,middle
40619,19,0,0.18350677355206055,0.9002533967361306,40,middle
40620,20,0,0.0241356324195075,0.8965530915694098,40,middle
40621,21,0,0.9876270133905155,0.48657800026762005,40,middle
40622,22,0,0.9206211216531635,0.7164533120595975,40,middle
40623,23,0,0.8321759873233581,0.5870308671907976,40,middle
40624,24,0,0.06418967815470157,1.0637852220393047,40,middle
40625,25,0,0.016079083300904757,0.7784027190820222,40,middle
40626,26,0,0.5532847946127774,0.6847181737164199,40,middle
40627,27,0,0.10633345553139767,0.9673404041209818,40,middle
40628,28,0,0.8355602011948332,0.4719957226631531,40,middle
40629,29,0,0.672588743328858,0.5903843612104194,40,middle
40630,30,0,0.46124430804222855,0.7043431462760579,40,middle
40631,31,0,0.5079482634064142,0.7126932871762599,40,middle
40632,32,0,0.00776835129154208,0.8764524110214973,40,middle
40633,33,0,0.6328294779453132,0.6993344201633056,40,middle
40634,34,0,0.5344171020156472,0.5093929445700198,40,middle
40635,35,0,0.8065497671450379,0.5981609704354576,40,middle
40636,36,0,0.560097154550929,0.5431825113215865,40,middle
40637,37,0,0.2610901575768872,0.738083134384199,40,middle
40638,38,0,0.7229019656292579,0.5655119134515715,40,middle
40639,39,0,0.47071218932078407,0.7921779810611027,40,middle
40640,40,0,0.9908014958716713,0.6940585412143849,40,middle
40641,41,0,8.692346283216293e-05,1.3481063519400909,40,middle
40642,42,0,0.9408664239880934,0.9970724781415687,40,middle
40643,43,0,0.10453715352369147,0.937775157633649,40,middle
40644,44,0,0.9985284647597352,0.39960531887018313,40,middle
40645,45,0,0.5433591696857597,0.7443894159105667,40,middle
40646,46,0,0.5029072001264336,0.6458119096009394,40,middle
40647,47,0,0.023072813008922718,0.7545819888976367,40,middle
40648,48,0,0.8622398099532909,0.7146600282108322,40,middle
40649,49,0,0.9156438805775756,0.6175135375329508,40,middle
40650,50,0,0.33194275230708303,0.7365765706497971,40,middle
40651,51,0,0.8848297125551879,0.4985507076965512,40,middle
40652,52,0,0.9945702886629253,0.6096628460092408,40,middle
40653,53,0,0.9950900684265732,0.6469498835332348,40,middle
40654,54,0,0.06549490461896205,0.7518071623447029,40,middle
40655,55,0,0.4522465366123091,0.6965685673853499,40,middle
40656,56,0,0.4855198901184876,1.0021955285563413,40,middle
40657,57,0,0.640512008937714,0.4226902026427406,40,middle
40658,58,0,0.02450168986559864,0.7367262991242995,40,middle
40659,59,0,0.5467628990039787,0.6494022921661171,40,middle
40660,60,0,0.7797392719934199,0.4007555684316231,40,middle
40661,61,0,0.9629171028211452,0.540522255477839,40,middle
40662,62,0,0.5163746198169731,0.45207419409216076,40,middle
40663,63,0,0.9881454773069704,0.6525416680697401,40,middle
40664,64,0,0.9969785133362117,0.3366805088485373,40,middle
40665,65,0,0.9895261352402336,0.5295689450693337,40,middle
40666,66,0,0.6145458151532421,0.6665455003875043,40,middle
40667,67,0,0.5451816718971124,0.9317620653623382,40,middle
40668,68,0,0.034525509647895934,0.7654035164904038,40,middle
40669,69,0,0.9640562010403737,0.7883834383512375,40,middle
40670,70,0,0.3007469849532055,0.6088339908683658,40,middle
40671,71,0,0.9795761397832977,0.2728571819763481,40,middle
40672,72,0,0.9899723600247052,0.6323702895183152,40,middle
40673,73,0,0.279958065982422,0.5824619847156646,40,middle
40674,74,0,0.4066340808929587,0.7906798980619307,40,middle
40675,75,0,0.9993547545406813,0.7601749614236948,40,middle
40676,76,0,0.2682857740851352,0.6453976939232517,40,middle
40677,77,0,0.4990985164266062,0.954424278217618,40,middle
40678,78,0,0.5043622614257665,0.9312613325514831,40,middle
40679,79,0,0.31556663241152066,1.0018448594585418,40,middle
40680,80,0,0.8791462227504635,0.4496328210099902,40,middle
40681,81,0,0.002836946433126008,0.7064864811199332,40,middle
40682,82,0,0.4271346752121075,0.6964934763843315,40,middle
40683,83,0,0.5189031103662172,0.8029721161111809,40,middle
40684,84,0,0.46776658396952236,0.7020204972647254,40,middle
40685,85,0,0.5870463379025803,0.6969827173326264,40,middle
40686,86,0,0.6844019245799542,0.7371971094027908,40,middle
40687,87,0,0.0026923737163187097,0.8041691015780019,40,middle
40688,88,0,0.7923695359828368,0.46156406261634036,40,middle
40689,89,0,0.19049497469448437,0.5666083377696443,40,middle
40690,90,0,0.4160019652823404,0.728289559762048,40,middle
40691,91,0,0.9946379297189271,0.6356990628733741,40,middle
40692,92,0,0.5248604102472072,1.0286536668794075,40,middle
40693,93,0,0.004394985663031231,0.7277133309830877,40,middle
40694,94,0,0.6223746567501565,0.4918750070174549,40,middle
40695,95,0,0.1741044094597149,0.7916165384350513,40,middle
40696,96,0,0.4071636998422682,0.8953623199741912,40,middle
40697,97,0,0.4885382885489423,0.944688504569959,40,middle
40698,98,0,0.055274166768710054,0.8077023135282566,40,middle
40699,99,0,0.5019864533492082,0.6805722810294355,40,middle
40700,100,0,0.32158631632405266,0.6795163062664378,40,middle
40701,101,0,0.06924252131952086,0.5752866957993235,40,middle
40702,102,0,0.5284689743193097,0.9252666754190695,40,middle
40703,103,0,0.9893490223385759,0.5573848105321415,40,middle
40704,104,0,0.5103766608022564,0.7023573813938493,40,middle
40705,105,0,0.5115590346825963,0.5700024515222657,40,middle
40706,106,0,0.9999134004558643,0.5509950487096187,40,middle
40707,107,0,0.003206204361200126,0.8886365580707934,40,middle
40708,108,0,0.5001322315225416,1.007678731736222,40,middle
40709,109,0,0.9892743250880156,0.5942865075826969,40,middle
40710,110,0,0.8052670128927226,0.7047824425191442,40,middle
40711,111,0,0.10019870894467163,0.7532938846712766,40,middle
40712,112,0,0.5546063320744821,0.6735849139153083,40,middle
40713,113,0,0.7286902874708294,0.5437430076734382,40,middle
40714,114,0,0.9600586811431686,0.4123055323752473,40,middle
40715,115,0,0.9966582477068995,0.8643315348736775,40,middle
40716,116,0,0.9691959424218792,0.3652666581328851,40,middle
40717,117,0,0.9431613383246543,0.6783714033173043,40,middle
40718,118,0,0.5053564915810126,0.7322457623588096,40,middle
40719,119,0,0.8723710451785014,0.41285746982394744,40,middle
40720,120,0,0.22147667183634473,0.602050978471199,40,middle
40721,121,0,0.5014973199635268,0.9419696280172772,40,middle
40722,122,0,0.5009564066771309,0.7942910549317548,40,middle
40723,123,0,0.991515971353917,0.8512598511305238,40,middle
40724,124,0,0.5114742955389371,0.6336651771014008,40,middle
40725,125,0,0.5113271911549343,0.5835102699672187,40,middle
40726,126,0,0.46334615120650735,0.6650525059368235,40,middle
40727,127,0,0.5550617832142468,0.4660913236956421,40,middle
40728,128,0,0.45501315820715676,0.6080033770263049,40,middle
40729,129,0,0.49967318142017475,0.8647668217518711,40,middle
40730,130,0,0.6347922023762114,0.5047823874144286,40,middle
40731,131,0,0.6386435002997577,0.5349236340468406,40,middle
40732,132,0,0.264041043671587,0.6274868996734131,40,middle
40733,133,0,0.5172133438473322,0.744817187326722,40,middle
40734,134,0,0.506029775264689,0.8718494315522507,40,middle
40735,135,0,0.10859165228784046,0.7263527556803349,40,middle
40736,136,0,0.9357696526889956,0.44708765546227314,40,middle
40737,137,0,0.5509667845972378,0.6990003819719683,40,middle
40738,138,0,0.563399990019504,0.6122870611713465,40,middle
40739,139,0,0.006689201965386695,0.950725589743213,40,middle
40740,140,0,0.4185099595162015,0.7241034049223773,40,middle
40741,141,0,0.9215766999721067,0.4927234031627159,40,middle
40742,142,0,0.7852351421103643,0.4961010835694222,40,middle
40743,143,0,0.86552996358745,0.4403553616418415,40,middle
40744,144,0,0.5600001429578911,0.5678154372153508,40,middle
40745,145,0,0.6452876998898772,0.6398336792361214,40,middle
40746,146,0,0.8318009308589542,0.875617284134012,40,middle
40747,147,0,0.46357900924369844,0.6288033914978751,40,middle
40748,148,0,0.019267675692008875,0.8372812429339225,40,middle
40749,149,0,0.4536739693665316,0.9975572016408594,40,middle
40750,150,0,0.48261916571520685,0.8761028411760182,40,middle
40751,151,0,0.5036390352688986,0.6697432497668672,40,middle
40752,152,0,0.21948759180728447,0.9489881818460222,40,middle
40753,153,0,0.5574680860817661,0.49962534176840756,40,middle
40754,154,0,0.970052932240625,0.6204031324433998,40,middle
40755,155,0,0.7994864716715684,0.3417826426941375,40,middle
40756,156,0,0.9265801298442442,0.34968139863823194,40,middle
40757,157,0,0.4147804598214109,0.8366851253363928,40,middle
40758,158,0,0.9165554940965671,0.45237297223588113,40,middle
40759,159,0,0.5517548388112467,0.5749072757633161,40,middle
40760,160,0,0.3271661979716314,1.0785612004998981,40,middle
40761,161,0,0.5267656695643558,0.5908291102096406,40,middle
40762,162,0,0.7058774082437791,0.6646022030803178,40,middle
40763,163,0,0.9883153096519315,0.46968052658506815,40,middle
40764,164,0,0.5000103724030679,1.0498756121834305,40,middle
40765,165,0,0.4885237145631536,0.6123574357916047,40,middle
40766,166,0,0.9924107753080802,0.5144290243885618,40,middle
40767,167,0,0.9953210597856694,0.5665852715121645,40,middle
40768,168,0,0.6601884087033362,0.34048040833785953,40,middle
40769,169,0,0.0911236582391,0.8678907025163378,40,middle
40770,170,0,0.5072508932039242,0.6657465996241219,40,middle
40771,171,0,0.9997516606636047,0.7525732101027028,40,middle
40772,172,0,0.9752268813087299,0.7687252965969245,40,middle
40773,173,0,0.5462905521571816,0.6532822905899416,40,middle
40774,174,0,0.9993360405241,0.5320680813928675,40,middle
40775,175,0,0.5924193901307896,0.5976031504296098,40,middle
40776,176,0,0.4937180834054853,0.5460260391567467,40,middle
40777,177,0,0.11109863301686607,0.8447623449108357,40,middle
40778,178,0,0.5534708752200425,0.5148465455478779,40,middle
40779,179,0,0.21161892461784015,0.9400430688770791,40,middle
40780,180,0,0.9640106808736675,0.6849623459561,40,middle
40781,181,0,0.0906866592246437,0.6033828659263418,40,middle
40782,182,0,0.8045309944496819,0.4931018218575758,40,middle
40783,183,0,0.9621546698905727,0.37242611937278053,40,middle
40784,184,0,0.9989804998145804,0.8180432631760953,40,middle
40785,185,0,0.9909695443739939,0.6357866538422912,40,middle
40786,186,0,0.7150379763523916,0.6069147347104241,40,middle
40787,187,0,0.5690624198201626,0.7488417011063513,40,middle
40788,188,0,0.012497465128828846,1.2075937620110997,40,middle
40789,189,0,0.5582008751904316,1.0895345500588964,40,middle
40790,190,0,0.466413795001006,0.9017358154578501,40,middle
40791,191,0,0.4075227862803912,0.5707281898861312,40,middle
40792,192,0,0.15214663685527885,0.9395605348395113,40,middle
40793,193,0,0.9998577308630188,0.6577153163403956,40,middle
40794,194,0,0.7145660013172292,0.6097208732602675,40,middle
40795,195,0,0.8551731424023701,0.5308363265821958,40,middle
40796,196,0,0.3199337365476722,0.5652520971163206,40,middle
40797,197,0,0.9605078208659812,0.4011444132423349,40,middle
40798,198,0,0.01849341500334119,0.8615284698340955,40,middle
40799,199,0,0.5150005582559641,0.7589783342607596,40,middle
40800,0,0,0.9639342420094514,0.5145888981425846,40,late
40801,1,0,0.49854187662332655,0.6853737081220919,40,late
40802,2,0,0.5998818164140602,0.5525588810430574,40,late
40803,3,0,0.4898868713410966,0.4996801280505554,40,late
40804,4,0,0.01417062124404445,0.6961273646808734,40,late
40805,5,0,0.7114094566028092,0.8250761860367217,40,late
40806,6,0,0.786389732498856,0.5309641953892226,40,late
40807,7,0,0.5014451639900515,0.8877225487227411,40,late
40808,8,0,0.6551751953319127,0.7734577935766548,40,late
40809,9,0,0.4614515396456772,0.7632804352956517,40,late
40810,10,0,0.5479099027455981,0.5746830233426499,40,late
40811,11,0,0.2506672812811786,0.42125515769810074,40,late
40812,12,0,0.9067696214534791,0.5215195697942097,40,late
40813,13,0,0.4995337407041555,0.6468172984618511,40,late
40814,14,0,0.8810787069996868,0.7454465425995469,40,late
40815,15,0,0.16611239417590357,0.5394204005712164,40,late
40816,16,0,0.2532921787135141,0.5704303844479235,40,late
40817,17,0,0.788505412208353,0.5902499286022722,40,late
40818,18,0,0.8310591610779305,0.837576047954142,40,late
40819,19,0,0.7994202001938694,0.5586516077239432,40,late
40820,20,0,0.5300537932712525,0.6751286840671926,40,late
40821,21,0,0.5298607600889976,0.5324696693710247,40,late
40822,22,0,0.13991779227333015,1.0487793612118024,40,late
40823,23,0,0.770289834349879,0.5621603406385758,40,late
40824,24,0,0.5474142680494665,0.36525155592426983,40,late
40825,25,0,0.5915728806081479,0.7883914687030821,40,late
40826,26,0,0.5053363926436689,1.1980702348823253,40,late
40827,27,0,0.23575193442165737,1.1050171900379326,40,late
40828,28,0,0.9867179767901817,1.0322026907407802,40,late
40829,29,0,0.7401535863538246,0.6581408644562077,40,late
40830,30,0,0.5383619763562209,0.6519567458477837,40,late
40831,31,0,0.7648388742091834,1.1151783738837886,40,late
40832,32,0,0.49810922180365297,0.8498362262165797,40,late
40833,33,0,0.506265086051694,0.5465469143965561,40,late
40834,34,0,0.3479361264916301,0.6183029189835433,40,late
40835,35,0,0.6462877450325514,0.45672391786069644,40,late
40836,36,0,0.7703177097741384,0.5536353068364034,40,late
40837,37,0,0.2325715447812163,0.7562854820304519,40,late
40838,38,0,0.48283647893452986,0.7422772196850149,40,late
40839,39,0,0.46391431033796243,0.7052446647875624,40,late
40840,40,0,0.20293228965475804,0.5722672404332785,40,late
40841,41,0,0.5876111036383243,0.8713127232947828,40,late
40842,42,0,0.12214271222111066,0.5703459930399302,40,late
40843,43,0,0.4979033996408124,0.6460215764318853,40,late
40844,44,0,0.33485244163593986,0.7690647674911051,40,late
40845,45,0,0.5330292435187587,0.5003844161223966,40,late
40846,46,0,0.213627814756694,0.7225862436528214,40,late
40847,47,0,0.4073898315256193,0.5012725469267336,40,late
40848,48,0,0.5430643073405518,0.44281723572133125,40,late
40849,49,0,0.4874905584226706,0.4718925921990199,40,late
40850,50,0,0.8503185585531268,0.6772177034634583,40,late
40851,51,0,0.36606865300049374,0.5789001005025635,40,late
40852,52,0,0.4900214942148625,0.6403821053727875,40,late
40853,53,0,0.24008168364947366,0.7724526500290567,40,late
40854,54,0,0.8320200898892969,0.6095277788670721,40,late
40855,55,0,0.5032345824337703,0.8211439359692441,40,late
40856,56,0,0.3766418930679799,0.5835141961574215,40,late
40857,57,0,0.2240286217537879,0.979125930582398,40,late
40858,58,0,0.4984720963512056,0.8182967901409436,40,late
40859,59,0,0.05556324949940199,0.9450423026876864,40,late
40860,60,0,0.9740305452569218,0.4412599278893733,40,late
40861,61,0,0.6631974857849652,0.4786974419450569,40,late
40862,62,0,0.10074773582076893,0.6175950322335174,40,late
40863,63,0,0.4809041502805597,0.9399527857500523,40,late
40864,64,0,0.9993690210984034,0.5776039712760763,40,late
40865,65,0,0.4974665165376155,0.7008001172366793,40,late
40866,66,0,0.5017417934874353,0.6661262856322551,40,late
40867,67,0,0.6406892466612717,0.6852819025701822,40,late
40868,68,0,0.0021981029305785586,0.8836060898693863,40,late
40869,69,0,0.5001315610410759,0.7480734385392787,40,late
40870,70,0,0.03103245822913133,0.7973811827010264,40,late
40871,71,0,0.5016723024294253,0.8021864879001341,40,late
40872,72,0,0.2883077773665336,0.6364520517837433,40,late
40873,73,0,0.9683642730811568,0.6324366108043531,40,late
40874,74,0,0.9923496238062416,0.7713924576515112,40,late
40875,75,0,0.9307631402170311,0.8571571500524036,40,late
40876,76,0,0.29168032759044527,0.6724134499948715,40,late
40877,77,0,0.4969505395959405,0.9766424686333706,40,late
40878,78,0,0.9824437149741698,0.6620533956203463,40,late
40879,79,0,0.403648006837846,0.7242482240475387,40,late
40880,80,0,0.20627235031680274,0.7002004078247084,40,late
40881,81,0,0.07666557052222785,0.6508779849778874,40,late
40882,82,0,0.4699076447877631,0.9244864264780804,40,late
40883,83,0,0.9807535017651017,0.7866184289975025,40,late
40884,84,0,0.5654629111124667,0.670375790132099,40,late
40885,85,0,0.9275597153813384,0.538911422714792,40,late
40886,86,0,0.637725109651059,0.633011496760475,40,late
40887,87,0,0.8775671673556358,0.4250843142876276,40,late
40888,88,0,0.03803263008362979,0.5475736033078943,40,late
40889,89,0,0.9603841679872415,0.5992795384140619,40,late
40890,90,0,0.9940924291081665,0.49298323487825213,40,late
40891,91,0,0.7112851481325625,0.5604192640253413,40,late
40892,92,0,0.512002600106194,0.6475868920412369,40,late
40893,93,0,0.5537220753407985,0.44935897875066205,40,late
40894,94,0,0.05024014845571914,0.6644785259623184,40,late
40895,95,0,0.6576658675604077,0.6409457093041937,40,late
40896,96,0,0.00920632020778914,0.7898467772364242,40,late
40897,97,0,0.9791955297287991,0.5356858973185157,40,late
40898,98,0,0.4112564501290877,0.8817900327896573,40,late
40899,99,0,0.9943440070884981,0.637685474903511,40,late
40900,100,0,0.12317044383658757,1.2468761796302084,40,late
40901,101,0,0.9413615711341137,0.69224370436364,40,late
40902,102,0,0.015626968433257386,0.8285642100972446,40,late
40903,103,0,0.8301203719253478,0.5427008520340033,40,late
40904,104,0,0.006605816728432809,0.6572174980022945,40,late
40905,105,0,0.9956323689653126,0.670118295387882,40,late
40906,106,0,0.8893337976919677,0.5273717841576337,40,late
40907,107,0,0.8970878028126568,0.3081773221548283,40,late
40908,108,0,0.9378776866200941,0.6202619968684804,40,late
40909,109,0,0.9298771071563834,0.5169934905463895,40,late
40910,110,0,0.929692903564337,0.8546808548883514,40,late
40911,111,0,0.538523486385629,0.7462148647140319,40,late
40912,112,0,0.8561939568774524,0.5412208110047309,40,late
40913,113,0,0.30794352659236496,0.7481661982650312,40,late
40914,114,0,0.983313418871485,0.6666161376002584,40,late
40915,115,0,0.061053578709604414,0.5669619196280882,40,late
40916,116,0,0.507540020272704,0.4753624720571864,40,late
40917,117,0,0.23348396094376023,0.8049841229365895,40,late
40918,118,0,0.6009067585203215,0.4602086541968804,40,late
40919,119,0,0.6323236587354539,0.6267297387424697,40,late
40920,120,0,0.45733256550550067,0.5591339908335258,40,late
40921,121,0,0.5557485261050521,0.5131470208269364,40,late
40922,122,0,0.8344483240073619,0.4615283779343464,40,late
40923,123,0,0.0019886165631503136,0.8463171942185026,40,late
40924,124,0,0.5264994880380933,0.5555570631364376,40,late
40925,125,0,0.640688475109922,0.5847583183516615,40,late
40926,126,0,0.4002247086315986,0.6864179952430456,40,late
40927,127,0,0.7007147002034904,0.6364290616820438,40,late
40928,128,0,0.9425271845758916,0.5107593228905277,40,late
40929,129,0,0.5222744328312924,0.6021322826800845,40,late
40930,130,0,0.3827766526644002,0.6559999955202043,40,late
40931,131,0,0.6762629583352062,0.5100926322915647,40,late
40932,132,0,0.15526499876814076,0.7024066779036789,40,late
40933,133,0,0.900595085177466,0.40850359666804936,40,late
40934,134,0,0.5881351665003747,0.4798976768392318,40,late
40935,135,0,0.013086137068303097,1.0793923286470581,40,late
40936,136,0,0.5085738841493428,0.785105068333853,40,late
40937,137,0,0.5137744135079465,0.6887211342330779,40,late
40938,138,0,0.4272642875397707,0.7533726357666795,40,late
40939,139,0,0.851438963399157,0.4460108107949845,40,late
40940,140,0,0.2705420060778122,0.577028864877528,40,late
40941,141,0,0.9774893170744736,0.7733747742604107,40,late
40942,142,0,0.5012527273713409,0.8202246584525561,40,late
40943,143,0,0.6152277545298869,0.41729829040525057,40,late
40944,144,0,0.5727605132177183,0.7274175249818137,40,late
40945,145,0,0.2927036949723213,0.8184971258931653,40,late
40946,146,0,0.12133326451290817,0.5595070800440711,40,late
40947,147,0,0.07062840579612513,1.0613055113999543,40,late
40948,148,0,0.020990232609849523,0.8750264234712697,40,late
40949,149,0,0.28929513154044834,0.7678806634744118,40,late
40950,150,0,0.5221860602402476,0.5811744443514998,40,late
40951,151,0,0.577990975334193,0.5461575006046268,40,late
40952,152,0,0.9219896517390147,0.4406350357146832,40,late
40953,153,0,0.8091077539458598,0.6176931195096229,40,late
40954,154,0,0.8666035468257838,0.49648234230460087,40,late
40955,155,0,0.9949011740803679,0.5580143061995693,40,late
40956,156,0,0.9877651182257614,0.540956665450002,40,late
40957,157,0,0.7895519457539675,0.7379904167878352,40,late
40958,158,0,0.24398318629484153,0.5065541801281077,40,late
40959,159,0,0.3809559458344359,0.5200027634835529,40,late
40960,160,0,0.4673999696824132,0.7846237209766793,40,late
40961,161,0,0.475094674913202,0.6843441176500121,40,late
40962,162,0,0.5212191314954947,0.6890436552065679,40,late
40963,163,0,0.26537580226456736,0.7088005524757081,40,late
40964,164,0,0.9998877428687334,0.7130369468372579,40,late
40965,165,0,0.8926436302111571,0.6031149472322881,40,late
40966,166,0,0.5342307958063586,0.6675735819384725,40,late
40967,167,0,0.21629012376380197,0.7358252839722044,40,late
40968,168,0,0.9494187588100669,0.48483734794191136,40,late
40969,169,0,0.27666592694650155,0.7475511436093945,40,late
40970,170,0,0.6756561221801377,0.4602763723505977,40,late
40971,171,0,0.5060857482596613,0.7715019558395988,40,late
40972,172,0,0.22320905034330202,0.6792187109272223,40,late
40973,173,0,0.5819352139532024,0.7388715475853929,40,late
40974,174,0,0.372137679269799,0.7460008474042751,40,late
40975,175,0,0.06161900728568912,0.48594074603963444,40,late
40976,176,0,0.9694177459440858,0.5701921257111675,40,late
40977,177,0,0.7869662960184276,0.5335631985460598,40,late
40978,178,0,0.8788840324193261,0.39195427037903097,40,late
40979,179,0,0.5968497680852021,0.5805191681113284,40,late
40980,180,0,0.9863094437802093,0.5935318584258742,40,late
40981,181,0,0.49109406053971527,0.5643499918490336,40,late
40982,182,0,0.10447370483716815,0.9688984520633086,40,late
40983,183,0,0.5552303728617681,0.8363393269025333,40,late
40984,184,0,0.4843281372473274,0.7261142156566995,40,late
40985,185,0,0.9859915352211621,0.5306690059234029,40,late
40986,186,0,0.3037315944140048,0.5756743905537223,40,late
40987,187,0,0.373751957070991,0.842495646015708,40,late
40988,188,0,0.1812706396108454,0.9100080915594069,40,late
40989,189,0,0.5004258417335469,0.9341775784756285,40,late
40990,190,0,0.5068760951264846,0.7378648451664882,40,late
40991,191,0,0.9994109468571525,0.6320823156810953,40,late
40992,192,0,0.4953045024328514,0.5992095383368209,40,late
40993,193,0,0.732493165139216,0.6608914320524665,40,late
40994,194,0,0.5207508531738225,0.527049948818493,40,late
40995,195,0,0.6437290043325441,0.6273644064779662,40,late
40996,196,0,0.6311918136639547,0.7571893949581403,40,late
40997,197,0,0.865556939233618,0.469082328048564,40,late
40998,198,0,0.6817859005308866,0.6820315318059694,40,late
40999,199,0,0.3356331889394479,0.6720708263981385,40,late
41000,0,0,0.39065370707437863,0.9197292242365247,41,interleaved
41001,1,0,0.8229705312257163,0.6699063476125866,41,interleaved
41002,2,0,0.4555471055600013,0.38890843770959393,41,interleaved
41003,3,0,0.1926705490731421,0.7052647282586824,41,interleaved
41004,4,0,0.2640534645086112,0.7410300894658046,41,interleaved
41005,5,0,0.7493051473520274,0.4442963271201179,41,interleaved
41006,6,0,0.4874450671457625,0.706531481036729,41,interleaved
41007,7,0,0.58344493594848,0.6010907959820619,41,interleaved
41008,8,0,0.46078885934721747,0.6700661902811952,41,interleaved
41009,9,0,0.4904368806840582,0.9570804816672966,41,interleaved
41010,10,0,0.7266511528130417,0.6050172258497933,41,interleaved
41011,11,0,0.4238688747570757,1.0408625523576278,41,interleaved
41012,12,0,0.5209481272237781,0.6962047323462899,41,interleaved
41013,13,0,0.19502955580839543,0.9769661611755593,41,interleaved
41014,14,0,0.5906313278512149,0.7520740525430992,41,interleaved
41015,15,0,0.522788279430519,0.526456602446479,41,interleaved
41016,16,0,0.2958050184230033,0.6213218482032061,41,interleaved
41017,17,0,0.49803860423507734,0.6575371119805034,41,interleaved
41018,18,0,0.7660701434612028,0.606915151484394,41,interleaved
41019,19,0,0.1647075557134653,0.8124676787424658,41,interleaved
41020,20,0,0.4974982678760038,0.5383099608878885,41,interleaved
41021,21,0,0.49366070596589673,0.5411736813878298,41,interleaved
41022,22,0,0.5048423399169777,0.8307096113682468,41,interleaved
41023,23,0,0.69829800701838,0.6665033236169783,41,interleaved
41024,24,0,0.33306583977052007,0.7224311914340238,41,interleaved
41025,25,0,0.1009062110387104,0.48791226239827673,41,interleaved
41026,26,0,0.49122380769581336,1.0555778718137772,41,interleaved
41027,27,0,0.8102123265332797,0.677726582088759,41,interleaved
41028,28,0,0.5083887887485017,0.7110982917906316,41,interleaved
41029,29,0,0.04084575015261086,0.6990652877855186,41,interleaved
41030,30,0,0.4242940780294965,0.6837149429813295,41,interleaved
41031,31,0,0.44240679000938055,0.5488705055698212,41,interleaved
41032,32,0,0.5383215954958045,0.4407725299329953,41,interleaved
41033,33,0,0.7595565118251062,0.5766995767301717,41,interleaved
41034,34,0,0.5019361482846721,1.0126366020883673,41,interleaved
41035,35,0,0.20749171072520853,1.2042047020511053,41,interleaved
41036,36,0,0.486849632909731,0.8112702550936741,41,interleaved
41037,37,0,0.196086786147392,0.8544216068656129,41,interleaved
41038,38,0,0.4757106404386633,1.2550817382507453,41,interleaved
41039,39,0,0.7307187644131411,0.7077448867345801,41,interleaved
41040,40,0,0.5954497696470334,0.762899453943349,41,interleaved
41041,41,0,0.5468075379948886,0.5045837577425023,41,interleaved
41042,42,0,0.4970802421330615,0.5267806680656625,41,interleaved
41043,43,0,0.4453065238281819,0.718666247838039,41,interleaved
41044,44,0,0.44078702115948354,0.677529342892154,41,interleaved
41045,45,0,0.7932325151135258,0.8474205336133972,41,interleaved
41046,46,0,0.5007280587285672,0.9628092969575412,41,interleaved
41047,47,0,0.377130873139994,0.7273157061306779,41,interleaved
41048,48,0,0.1873578974373654,0.5778890090158145,41,interleaved
41049,49,0,0.6007088116054667,0.7423054510707057,41,interleaved
41050,50,0,0.5402858375813208,0.6082102899035586,41,interleaved
41051,51,0,0.5101109384493909,0.6418342625630433,41,interleaved
41052,52,0,0.5356263528710655,0.9288956317124228,41,interleaved
41053,53,0,0.9941108034127315,0.646638678516271,41,interleaved
41054,54,0,0.513744482916826,0.5046225174286479,41,interleaved
41055,55,0,0.006681262871851019,1.175855912312989,41,interleaved
41056,56,0,0.5429803911076744,0.7788029171094273,41,interleaved
41057,57,0,0.44597199771900664,0.8946485865003451,41,interleaved
41058,58,0,0.17807038406914322,0.626580100366439,41,interleaved
41059,59,0,0.48922729400174547,0.8873549778679655,41,interleaved
41060,60,0,0.5019580107977238,0.6860492346395837,41,interleaved
41061,61,0,0.49540912880342586,0.8410313584038678,41,interleaved
41062,62,0,0.4274323353759867,0.5923442202537517,41,interleaved
41063,63,0,0.44995092551836247,0.5387951312782381,41,interleaved
41064,64,0,0.31075507707885264,0.8778469257623632,41,interleaved
41065,65,0,0.4999864017587294,0.8919152762020985,41,interleaved
41066,66,0,0.16847907291382697,0.9040419511974187,41,interleaved
41067,67,0,0.5036248285425952,0.9477084564409671,41,interleaved
41068,68,0,0.7123156319086196,0.6245578300652056,41,interleaved
41069,69,0,0.4564826805051299,0.7527466742305329,41,interleaved
41070,70,0,0.25098498979233674,0.7793669669403834,41,interleaved
41071,71,0,0.28484900910196537,1.0082909248474656,41,interleaved
41072,72,0,0.4993692119053058,0.8834801687580522,41,interleaved
41073,73,0,0.5415410440742939,0.5433208714265876,41,interleaved
41074,74,0,0.27685192169423606,0.8234840922888891,41,interleaved
41075,75,0,0.4358862888203385,0.4536764114213856,41,interleaved
41076,76,0,0.7254537254323788,0.665617635084827,41,interleaved
41077,77,0,0.5014965375628787,0.5650433387673581,41,interleaved
41078,78,0,0.9801716372548348,0.9879664035603226,41,interleaved
41079,79,0,0.8568138044169644,0.6556936029415021,41,interleaved
41080,80,0,0.559632518203829,0.8379871084001573,41,interleaved
41081,81,0,0.4920906466650225,0.5575070124034758,41,interleaved
41082,82,0,0.99431301912949,0.6878073542517338,41,interleaved
41083,83,0,0.6683750458644389,0.6065893327704135,41,interleaved
41084,84,0,0.4997612573819139,0.8049449155565093,41,interleaved
41085,85,0,0.0011181113864266532,0.9922334695704311,41,interleaved
41086,86,0,0.530121881399893,1.0805052299700983,41,interleaved
41087,87,0,0.0743429651654602,0.81427203881347,41,interleaved
41088,88,0,0.5026545142290018,0.5083855189469764,41,interleaved
41089,89,0,0.07765731697982226,0.8150062924954806,41,interleaved
41090,90,0,0.5313438674211419,0.5518879730052106,41,interleaved
41091,91,0,0.3722503687223532,0.5640626450428214,41,interleaved
41092,92,0,0.469247459425147,0.5333020649745397,41,interleaved
41093,93,0,0.3214469520828483,0.6383388579215228,41,interleaved
41094,94,0,0.37986062200611703,0.8159284019333553,41,interleaved
41095,95,0,0.5198272095723695,0.7329703174518966,41,interleaved
41096,96,0,0.6618073619463756,0.7121405012829969,41,interleaved
41097,97,0,0.5076322004025192,0.8082348604644543,41,interleaved
41098,98,0,0.6016670347725552,0.8736918180994258,41,interleaved
41099,99,0,0.8628087514609489,0.5506136531996904,41,interleaved
41100,100,0,0.16406962187111013,1.0176669320099578,41,interleaved
41101,101,0,0.5001061626101575,0.9505673870309819,41,interleaved
41102,102,0,0.699648775999968,0.3904974637816002,41,interleaved
41103,103,0,0.2754310777481112,0.7539901687805148,41,interleaved
41104,104,0,0.5212537846945243,0.7481753269874718,41,interleaved
41105,105,0,0.8163256985440532,0.7675243643514175,41,interleaved
41106,106,0,0.00551357084142081,1.3023150629317408,41,interleaved
41107,107,0,0.5006477725638863,0.8326888970845026,41,interleaved
41108,108,0,0.06768466576952535,1.2207241679228336,41,interleaved
41109,109,0,0.4859331921188031,0.5765422625373894,41,interleaved
41110,110,0,0.85350157985372,0.4391106995615778,41,interleaved
41111,111,0,0.5063856401810353,0.4250924705204553,41,interleaved
41112,112,0,0.22694903713438994,0.7883583949513064,41,interleaved
41113,113,0,0.4008335099507147,0.8563071562891935,41,interleaved
41114,114,0,0.4937339691406971,0.973994494043728,41,interleaved
41115,115,0,0.5014426511698659,0.7989528451151072,41,interleaved
41116,116,0,0.3865986381556197,0.7584314857208491,41,interleaved
41117,117,0,0.49875866975162053,0.4670706130615544,41,interleaved
41118,118,0,0.44211198162912446,0.8399882879192225,41,interleaved
41119,119,0,0.5324889434767311,0.468456121909373,41,interleaved
41120,120,0,0.27931284329977485,0.7538796644001864,41,interleaved
41121,121,0,0.6095613185529719,0.44914631206855804,41,interleaved
41122,122,0,0.2834883906764011,0.6017051233492736,41,interleaved
41123,123,0,0.035131724641248335,0.7974432455162535,41,interleaved
41124,124,0,0.7109499860603437,0.49164503677832583,41,interleaved
41125,125,0,0.23927196082431443,0.6901183461972995,41,interleaved
41126,126,0,0.985898778000028,0.44161617511746737,41,interleaved
41127,127,0,0.046827937860831524,0.6990732789031684,41,interleaved
41128,128,0,0.5849716914579117,0.6122713487248255,41,interleaved
41129,129,0,0.7061211701312328,0.27022896926930984,41,interleaved
41130,130,0,0.46270096735713867,1.3702924651157207,41,interleaved
41131,131,0,0.529357141933294,0.8805499281623476,41,interleaved
41132,132,0,0.5929160872433334,0.8660375239474767,41,interleaved
41133,133,0,0.3758894931928848,0.8618419415166929,41,interleaved
41134,134,0,0.5034927246039557,0.7296412760225025,41,interleaved
41135,135,0,0.4347310260551184,0.7916569081001762,41,interleaved
41136,136,0,0.48412051109391585,1.1011622192712662,41,interleaved
41137,137,0,0.26719268395967477,0.4214230712478373,41,interleaved
41138,138,0,0.9540851941895643,0.5138794708324218,41,interleaved
41139,139,0,0.5725188949645834,0.490013882718516,41,interleaved
41140,140,0,0.9987407518858404,0.6717066976365496,41,interleaved
41141,141,0,0.9789367934625948,0.5981698335980996,41,interleaved
41142,142,0,0.0008552113030135274,1.0947419904299691,41,interleaved
41143,143,0,0.3175465693463451,0.947868213999215,41,interleaved
41144,144,0,0.4918333704769182,0.5590556311717814,41,interleaved
41145,145,0,0.032515469684796044,0.9057723914278184,41,interleaved
41146,146,0,0.5019103757365103,0.5446568051708408,41,interleaved
41147,147,0,0.4636472622392784,0.4018079556010117,41,interleaved
41148,148,0,0.5046883902690233,0.8736900946832693,41,interleaved
41149,149,0,0.21216090744642302,0.7340206506536247,41,interleaved
41150,150,0,0.5650411416961525,0.7523417242722008,41,interleaved
41151,151,0,0.04137688903001427,1.2053054533757313,41,interleaved
41152,152,0,0.5183696798599011,1.0040972150557779,41,interleaved
41153,153,0,0.25127316232127067,0.995636057524298,41,interleaved
41154,154,0,0.5035316215098853,0.9075163750749023,41,interleaved
41155,155,0,0.2642702511622545,0.7596649453834526,41,interleaved
41156,156,0,0.02822739437435633,0.7212424630707414,41,interleaved
41157,157,0,0.5762989019441025,0.6303847425112599,41,interleaved
41158,158,0,0.49966941448214774,0.5951759695088759,41,interleaved
41159,159,0,0.5135565316988783,0.8317737043286006,41,interleaved
41160,160,0,0.5305074930467935,1.0134572342690484,41,interleaved
41161,161,0,0.5356636441288891,0.9509246913180309,41,interleaved
41162,162,0,0.9494924358490906,0.7122853560348079,41,interleaved
41163,163,0,0.6090550460096011,0.5267276967376967,41,interleaved
41164,164,0,0.3668289663211668,0.6312482012928285,41,interleaved
41165,165,0,0.9051426736391819,0.6320321036995393,41,interleaved
41166,166,0,0.49065171572506816,0.9007753250251613,41,interleaved
41167,167,0,0.9908186064403753,0.6878151864462136,41,interleaved
41168,168,0,0.4741605554129689,0.9662824616438535,41,interleaved
41169,169,0,0.03831880823893077,0.916660658000447,41,interleaved
41170,170,0,0.14266932999103216,0.9238884002675587,41,interleaved
41171,171,0,0.5224348127184499,0.5906090922873317,41,interleaved
41172,172,0,0.062359709294356254,0.9072586672464741,41,interleaved
41173,173,0,0.4984349018414567,0.950520656475313,41,interleaved
41174,174,0,0.45289439382772806,1.149944796517314,41,interleaved
41175,175,0,0.9948005027767273,0.5179300569558539,41,interleaved
41176,176,0,0.45716329591240523,0.8419230257711201,41,interleaved
41177,177,0,0.49657579169959287,0.6541690374372979,41,interleaved
41178,178,0,0.4797012318187491,0.6375150137168606,41,interleaved
41179,179,0,0.9877824079292106,0.6511678414835489,41,interleaved
41180,180,0,0.6262315673081718,0.429294826705536,41,interleaved
41181,181,0,0.6645575655834272,0.6420469166699171,41,interleaved
41182,182,0,0.13740949836422947,0.7063739423695075,41,interleaved
41183,183,0,0.5395368954127148,0.8573029884977877,41,interleaved
41184,184,0,0.9498109063170692,0.8268704118776751,41,interleaved
41185,185,0,0.40911753840472787,1.0176436692241915,41,interleaved
41186,186,0,0.9140983023716718,0.7457043056969581,41,interleaved
41187,187,0,0.9995009249508187,0.6216833824483854,41,interleaved
41188,188,0,0.25247526951546706,0.4743818436091092,41,interleaved
41189,189,0,0.0042479238899893225,1.2651079537899275,41,interleaved
41190,190,0,0.5558386692477834,0.5435672116562565,41,interleaved
41191,191,0,0.9866765608385608,0.7322532719316239,41,interleaved
41192,192,0,0.7694698126784556,0.4791585045519633,41,interleaved
41193,193,0,0.6132878135392675,0.6327650850561275,41,interleaved
41194,194,0,0.5250549298305041,0.8164366958308729,41,interleaved
41195,195,0,0.1491620963806193,0.7946097642658848,41,interleaved
41196,196,0,0.00529531248889975,1.0336085702679987,41,interleaved
41197,197,0,0.500112837018697,0.42128588083696317,41,interleaved
41198,198,0,0.6024944551957215,0.6545341192220222,41,interleaved
41199,199,0,0.42292894284988525,0.7536280527206797,41,interleaved
41200,0,0,0.20660788741836908,1.037626885992051,41,blocked
41201,1,0,0.4900464540773293,0.6088855372233273,41,blocked
41202,2,0,0.0008220042255286256,0.6114141184750298,41,blocked
41203,3,0,0.5032605960690798,0.30344399911078684,41,blocked
41204,4,0,0.5438318393826148,0.49346680774659,41,blocked
41205,5,0,0.4856047568281343,0.5797988437888415,41,blocked
41206,6,0,0.421239581339319,0.4610304871461903,41,blocked
41207,7,0,0.4742925966724416,0.6190137079720421,41,blocked
41208,8,0,0.9670622853433601,0.4278494847695299,41,blocked
41209,9,0,0.8136529482175865,0.5125033524676862,41,blocked
41210,10,0,0.043329875364210464,0.763223076338371,41,blocked
41211,11,0,0.8406130670659776,0.3972756147090831,41,blocked
41212,12,0,0.9848251802902994,0.6262130048093784,41,blocked
41213,13,0,0.5336207563114653,0.5151752551718688,41,blocked
41214,14,0,0.9201312625926299,0.6892171362017143,41,blocked
41215,15,0,0.5345747194478024,0.9228413360341451,41,blocked
41216,16,0,0.0033469925677153045,1.2576766565607649,41,blocked
41217,17,0,0.031322381516958785,0.8770793377650885,41,blocked
41218,18,0,0.002954240104118752,0.9188510249689419,41,blocked
41219,19,0,0.03778847813989845,0.8307574396693214,41,blocked
41220,20,0,0.9972664342028991,0.8078124197946415,41,blocked
41221,21,0,0.49916232778070574,0.47442248246728386,41,blocked
41222,22,0,0.9988716584941985,0.42983683554724583,41,blocked
41223,23,0,0.5124448950856225,0.5614233049067198,41,blocked
41224,24,0,0.7313558033677365,0.5396297061221653,41,blocked
41225,25,0,0.17758585348136538,0.668133898975316,41,blocked
41226,26,0,0.9891429489591872,0.42318904663961887,41,blocked
41227,27,0,0.04573119410345652,0.6782882298362387,41,blocked
41228,28,0,0.9946819564974692,0.7837494873903088,41,blocked
41229,29,0,0.9996981812030434,0.6496227552693126,41,blocked
41230,30,0,0.9494792520592998,0.5641977534440198,41,blocked
41231,31,0,0.9755922019906476,0.5109998767499349,41,blocked
41232,32,0,0.1831193160501384,0.6007927347851785,41,blocked
41233,33,0,0.38516492038323125,0.6951542982171972,41,blocked
41234,34,0,0.9953359661350405,0.5948663154377002,41,blocked
41235,35,0,0.9879442748237279,0.7327130298069034,41,blocked
41236,36,0,0.0002994075447577941,0.7686618778840992,41,blocked
41237,37,0,0.9994816923627898,0.6798040411147355,41,blocked
41238,38,0,0.898180499001835,0.6201734272992213,41,blocked
41239,39,0,0.5162429822122464,0.8339192428560335,41,blocked
41240,40,0,0.983532032266488,0.7387560335767251,41,blocked
41241,41,0,0.49593475388584596,0.6202692596917925,41,blocked
41242,42,0,0.5098841841268956,0.5839257907251343,41,blocked
41243,43,0,0.1128206112586432,0.7004590317597401,41,blocked
41244,44,0,0.2764190455665987,0.6479469065328194,41,blocked
41245,45,0,0.9935393647328001,0.46401402984652096,41,blocked
41246,46,0,0.43683893468027546,0.6604627473258221,41,blocked
41247,47,0,0.7702820669917334,0.44774847090079783,41,blocked
41248,48,0,0.5085760965371181,0.4778611481440136,41,blocked
41249,49,0,0.2378845076863695,0.6788237752398396,41,blocked
41250,50,0,0.7413905517506293,0.41281651149161563,41,blocked
41251,51,0,0.9889644714526669,0.49853888092619736,41,blocked
41252,52,0,0.4936962098284303,0.5744587854587858,41,blocked
41253,53,0,0.48102686066290534,0.6974820616031827,41,blocked
41254,54,0,0.016549169254435905,0.8986361634426696,41,blocked
41255,55,0,0.2835110393114998,0.6414050762250484,41,blocked
41256,56,0,0.8170698051814824,0.4749535558767244,41,blocked
41257,57,0,0.7354882284394231,0.6736763687495104,41,blocked
41258,58,0,0.5814161100097417,0.5136219571059499,41,blocked
41259,59,0,0.8961479878120782,0.42256041552432283,41,blocked
41260,60,0,0.5609707671165586,0.7364902663517875,41,blocked
41261,61,0,0.893496173705238,1.0618581207667215,41,blocked
41262,62,0,0.4681173353475975,0.7445453637174336,41,blocked
41263,63,0,0.4534862203686322,0.6966151476459954,41,blocked
41264,64,0,0.5945742286207616,0.6766217890348893,41,blocked
41265,65,0,0.5002012494812488,0.6918897903779243,41,blocked
41266,66,0,0.6784552240462085,0.5202864704251771,41,blocked
41267,67,0,0.8671916911789685,0.5896938258756788,41,blocked
41268,68,0,0.2252138541714275,0.7759934702728006,41,blocked
41269,69,0,0.7215534667089475,0.554621999218256,41,blocked
41270,70,0,0.33365871084841037,0.42944241958843277,41,blocked
41271,71,0,0.45625568315157344,0.4494489677796725,41,blocked
41272,72,0,0.9875465834245067,0.19133633263070327,41,blocked
41273,73,0,0.5023954552634172,0.7387663759894278,41,blocked
41274,74,0,0.3306571492227525,0.5118519640056889,41,blocked
41275,75,0,0.9498704292974097,0.615505402897034,41,blocked
41276,76,0,0.9541182584281533,0.5212180731777245,41,blocked
41277,77,0,0.6262890829005772,0.7866572541066215,41,blocked
41278,78,0,0.5337116712199134,0.6763054171081089,41,blocked
41279,79,0,0.4969855352913176,0.8127168881362036,41,blocked
41280,80,0,0.20389124906642414,0.4797757874199271,41,blocked
41281,81,0,0.15103105503513162,0.6482491892456481,41,blocked
41282,82,0,0.37019555648638786,0.5028901805768764,41,blocked
41283,83,0,0.06817236629485034,0.5278797319862956,41,blocked
41284,84,0,0.9997633507560336,0.5875966333848528,41,blocked
41285,85,0,0.5433851220742614,0.6350252621887749,41,blocked
41286,86,0,0.015159003786542637,0.672091093229675,41,blocked
41287,87,0,0.9975887172188168,0.7580694974314899,41,blocked
41288,88,0,0.01475191527305697,0.8020429798176681,41,blocked
41289,89,0,0.8370722925849304,0.5962400925566023,41,blocked
41290,90,0,0.9490058457777488,0.4571962932940602,41,blocked
41291,91,0,1.1725602537992926e-05,1.1023988555878148,41,blocked
41292,92,0,0.00759578938775529,0.844270163038788,41,blocked
41293,93,0,0.13534649430257426,0.6355335912222131,41,blocked
41294,94,0,0.5823582506060625,0.7735960305723901,41,blocked
41295,95,0,0.02555858423875106,0.7482547396290611,41,blocked
41296,96,0,0.7120132321915362,0.5391792848613401,41,blocked
41297,97,0,0.06858279380943309,0.7563112527092579,41,blocked
41298,98,0,0.31928736142244085,0.6468938693916533,41,blocked
41299,99,0,0.9739934832714638,0.6546344466637293,41,blocked
41300,100,0,0.9999531266559281,0.5872687825495552,41,blocked
41301,101,0,0.3170590506163824,0.5100495507138958,41,blocked
41302,102,0,0.7741242305972358,0.46386160907441,41,blocked
41303,103,0,0.9976507222162954,0.5086888633765685,41,blocked
41304,104,0,0.3738086437088486,0.6085045043616173,41,blocked
41305,105,0,0.9093798702729322,0.5340816098050399,41,blocked
41306,106,0,3.7240496687453606e-05,1.1945312343096068,41,blocked
41307,107,0,0.9999002210133898,0.39796367191946597,41,blocked
41308,108,0,0.025804688035372624,0.7207984391152673,41,blocked
41309,109,0,0.007393989355570595,0.790015459133143,41,blocked
41310,110,0,0.36940166008777525,0.8997136873835643,41,blocked
41311,111,0,0.6580005344805235,0.8186567784522025,41,blocked
41312,112,0,0.9954072435802062,0.4219738352409864,41,blocked
41313,113,0,0.3678222500762774,0.5017284008425114,41,blocked
41314,114,0,0.06929229379703293,0.8772914623645286,41,blocked
41315,115,0,0.018706250958639384,0.5960907113762737,41,blocked
41316,116,0,0.9828588490609789,0.8236233280436853,41,blocked
41317,117,0,0.19670128039994877,0.6176252125563881,41,blocked
41318,118,0,0.19689339061233932,0.6011353452653042,41,blocked
41319,119,0,0.7262491110063833,0.5060680275070544,41,blocked
41320,120,0,0.42780844014407676,0.7006340424049979,41,blocked
41321,121,0,0.014685206139337001,0.5761122293952686,41,blocked
41322,122,0,0.15767385530005779,0.6371755489562604,41,blocked
41323,123,0,0.9371604717844075,0.5455699017011818,41,blocked
41324,124,0,0.4000068255167562,0.5427418407037652,41,blocked
41325,125,0,0.4993919821784508,0.6243471707639917,41,blocked
41326,126,0,0.49505343232200316,0.5188515533369864,41,blocked
41327,127,0,0.4856368088609505,0.3717898495440398,41,blocked
41328,128,0,0.5027209755349583,0.4093057418494261,41,blocked
41329,129,0,0.539825040094707,0.5324227850595201,41,blocked
41330,130,0,0.533443331845554,0.5590000187436215,41,blocked
41331,131,0,0.9917888308565148,0.3072822883570534,41,blocked
41332,132,0,0.11660131747520469,0.4908003194414358,41,blocked
41333,133,0,0.5727896975590075,0.711361289448945,41,blocked
41334,134,0,0.1305903727924557,0.6697967568443788,41,blocked
41335,135,0,0.3862094201299438,0.5725685725535745,41,blocked
41336,136,0,0.9929268972167145,0.3639967506606453,41,blocked
41337,137,0,0.8894223500738933,0.41499747568345946,41,blocked
41338,138,0,0.4121485492870256,0.5760871534159532,41,blocked
41339,139,0,0.31836381946306946,0.4919028047643714,41,blocked
41340,140,0,0.4866861576110241,0.723168879931892,41,blocked
41341,141,0,0.2077672682793567,0.6031687068375522,41,blocked
41342,142,0,0.778117228370842,0.48315767769863516,41,blocked
41343,143,0,0.5414943826698402,0.5519748630085153,41,blocked
41344,144,0,0.1468247861203268,0.5916336051329897,41,blocked
41345,145,0,0.658339658998322,0.4086409810955509,41,blocked
41346,146,0,0.2584712233561502,0.587695203652066,41,blocked
41347,147,0,0.2660960273133275,0.6848739841753939,41,blocked
41348,148,0,0.6030369375774096,0.6682309583325113,41,blocked
41349,149,0,0.9879229851751683,0.5721836812038535,41,blocked
41350,150,0,0.45243895932735095,0.787653297647097,41,blocked
41351,151,0,0.4924651426639338,0.8586515476684731,41,blocked
41352,152,0,0.6737126944880689,0.6624963174598781,41,blocked
41353,153,0,0.3354778145661381,0.499298861969599,41,blocked
41354,154,0,0.46972519152814846,0.5670312217166252,41,blocked
41355,155,0,0.9830006736761633,0.7071277496689696,41,blocked
41356,156,0,0.02667032781544032,0.9353383067491654,41,blocked
41357,157,0,0.5004268046775535,0.5943145972635366,41,blocked
41358,158,0,0.6756882183485582,0.5590752751294855,41,blocked
41359,159,0,0.37017397518602463,0.7438835949515676,41,blocked
41360,160,0,0.003196153349073266,0.60570618485261,41,blocked
41361,161,0,0.5009264456677344,0.5996419205995889,41,blocked
41362,162,0,0.40954407794104214,0.5567998770613285,41,blocked
41363,163,0,0.012100987488104452,0.7559371128450305,41,blocked
41364,164,0,0.9866790950702573,0.5736671547206649,41,blocked
41365,165,0,0.9996749931358015,0.6131107397445266,41,blocked
41366,166,0,0.5014970346683697,0.5587242354621927,41,blocked
41367,167,0,0.9736083558877506,0.4666509120332976,41,blocked
41368,168,0,0.048011850987928234,0.6727048693605999,41,blocked
41369,169,0,0.010153630860944382,0.6588987143894834,41,blocked
41370,170,0,0.5001817783323468,0.5274668261391733,41,blocked
41371,171,0,0.47384025963510945,0.48605798537782235,41,blocked
41372,172,0,0.3633557486588312,0.6676545360583697,41,blocked
41373,173,0,0.549257727059225,0.43858507258532553,41,blocked
41374,174,0,0.9974646435268714,0.3797968161885592,41,blocked
41375,175,0,0.37512618254938723,0.39512845778037237,41,blocked
41376,176,0,0.6193697479638836,0.5941596535979751,41,blocked
41377,177,0,0.47329631982328785,0.6319914792689618,41,blocked
41378,178,0,0.7270589669724165,0.41875745265088754,41,blocked
41379,179,0,0.5071350428033805,0.3985456362032632,41,blocked
41380,180,0,0.7937589619038707,0.47852992162180896,41,blocked
41381,181,0,0.9995203188510933,0.49611253225917373,41,blocked
41382,182,0,0.009369841379647649,0.6549354334355988,41,blocked
41383,183,0,0.0007641681095803544,0.7310933304180116,41,blocked
41384,184,0,0.702839710607397,0.6125488669122795,41,blocked
41385,185,0,0.9983728855045324,0.33210633596317896,41,blocked
41386,186,0,0.4238956717087836,0.5962419125295635,41,blocked
41387,187,0,0.9998575511397253,0.7941340859407258,41,blocked
41388,188,0,0.7623053269470741,0.7350658314345702,41,blocked
41389,189,0,0.8264813338313713,0.5534945644440192,41,blocked
41390,190,0,0.5750391039364874,0.32573933487026746,41,blocked
41391,191,0,0.6708187543495939,0.40691873179435756,41,blocked
41392,192,0,0.2281038338860501,0.6620033515837218,41,blocked
41393,193,0,0.0023401645204226265,0.7840766820173308,41,blocked
41394,194,0,0.5007727318528251,0.8027229153214483,41,blocked
41395,195,0,0.027087577696546482,0.6555810754194218,41,blocked
41396,196,0,0.007914399603251427,0.7665912747417242,41,blocked
41397,197,0,0.9999882012989427,0.351589335347922,41,blocked
41398,198,0,0.491302722724385,0.6044985048936522,41,blocked
41399,199,0,0.4225340226146594,0.9578334939811373,41,blocked
41400,0,0,0.5026288699459533,0.7189673346240726,41,early
41401,1,0,0.881364831155854,0.4012146955630761,41,early
41402,2,0,0.9550325355653775,0.35481681478983024,41,early
41403,3,0,0.7927013520306945,0.5872927589133625,41,early
41404,4,0,0.999099911395831,0.6224224626594315,41,early
41405,5,0,0.13050289214547472,0.6011666671214142,41,early
41406,6,0,0.30698838657558514,0.8059853529453367,41,early
41407,7,0,0.0013810441585646934,0.6968588489195321,41,early
41408,8,0,0.25844974141820104,0.7586110769650283,41,early
41409,9,0,0.26147430691013895,0.6507527791193317,41,early
41410,10,0,0.43467657034497814,0.6991613249413811,41,early
41411,11,0,0.973518776569552,0.5959481831814868,41,early
41412,12,0,0.04389184966015089,1.4479601834808813,41,early
41413,13,0,0.0020464314629410735,0.7895277402870762,41,early
41414,14,0,0.9742191701864819,0.930740356573512,41,early
41415,15,0,0.24988200954761547,0.6702234546354553,41,early
41416,16,0,0.8613246505353735,0.4678237267969491,41,early
41417,17,0,0.6615653244927451,0.4911964602158075,41,early
41418,18,0,0.2853915825842502,0.497210153267596,41,early
41419,19,0,0.3186481798730285,0.5084016439581036,41,early
41420,20,0,0.9087070150403025,1.0501492695882548,41,early
41421,21,0,0.7213428276481495,0.9575710989857632,41,early
41422,22,0,0.993644184207646,0.5502418144110404,41,early
41423,23,0,0.0017293088844786112,1.010169872653422,41,early
41424,24,0,0.98620059388614,0.477455473075114,41,early
41425,25,0,0.7985580086095404,0.5344701492264847,41,early
41426,26,0,0.9775018615013027,0.6307100200074278,41,early
41427,27,0,0.9748059113499109,0.4521510080122554,41,early
41428,28,0,0.01778689106727487,0.961907244015767,41,early
41429,29,0,0.9996855707015273,0.44630227674495526,41,early
41430,30,0,0.003318752170375916,0.8633173410217341,41,early
41431,31,0,0.029239310254592945,0.9971473803375815,41,early
41432,32,0,0.6680778374026497,0.9128407339224542,41,early
41433,33,0,0.539801286627226,0.5675954958286905,41,early
41434,34,0,0.7434118038183919,0.7537541903181662,41,early
41435,35,0,0.14586904817965365,0.570722551235162,41,early
41436,36,0,0.558523007457034,0.33264964409850806,41,early
41437,37,0,0.950764356683174,0.7102243193793192,41,early
41438,38,0,0.9226592145623003,0.63892545986471,41,early
41439,39,0,0.9984521862787415,0.562344870692125,41,early
41440,40,0,0.9800176637319109,0.9551110565257598,41,early
41441,41,0,0.001281638613484092,0.8375856602932994,41,early
41442,42,0,0.9362848213974562,0.8143716189263397,41,early
41443,43,0,0.9960505616788897,0.984547178444207,41,early
41444,44,0,0.50204250937141,0.9191668330181115,41,early
41445,45,0,0.5493733507074547,0.5847423737212576,41,early
41446,46,0,0.4946842182874195,0.7238763450301673,41,early
41447,47,0,0.8791331509348161,0.5711527243953204,41,early
41448,48,0,0.532425083575575,0.6834263661957805,41,early
41449,49,0,0.49324899046220816,0.8457939178733651,41,early
41450,50,0,0.8436191153098946,0.514286099447071,41,early
41451,51,0,0.5023193193680301,0.8477483703229585,41,early
41452,52,0,0.5432365245168912,0.8580944981349897,41,early
41453,53,0,0.6430364034706401,0.8642471612447946,41,early
41454,54,0,0.6045399802567991,0.8053809073401799,41,early
41455,55,0,0.45927077752595485,0.8243086917477829,41,early
41456,56,0,0.41357539160410356,0.9078396107624362,41,early
41457,57,0,0.3989002423748124,0.7733747290383055,41,early
41458,58,0,0.8341902678751203,0.5173858531045517,41,early
41459,59,0,0.9104943180250243,0.6306569804464264,41,early
41460,60,0,0.4229763313113747,0.8043273646847862,41,early
41461,61,0,0.7843999486170816,0.5196275569153987,41,early
41462,62,0,0.9983657511513733,0.5447918118902269,41,early
41463,63,0,0.5692074102901928,0.5802378056898583,41,early
41464,64,0,0.45720954992173346,1.0292591657630936,41,early
41465,65,0,0.16795338443622362,0.6418679028889254,41,early
41466,66,0,0.7983095167900129,0.7212674366828501,41,early
41467,67,0,0.45975992985301406,1.0141034627442298,41,early
41468,68,0,0.5005630050038831,0.83817937166254,41,early
41469,69,0,0.9963255860898077,0.6802708893576861,41,early
41470,70,0,0.467554971232956,0.7196844237720771,41,early
41471,71,0,0.9526685487628394,0.5891873012414177,41,early
41472,72,0,0.5136429453675585,0.9335186865093403,41,early
41473,73,0,0.994934129031247,0.9923445470691548,41,early
41474,74,0,0.5051054309417152,0.9623613047227173,41,early
41475,75,0,0.5101541048828988,0.7440499160534058,41,early
41476,76,0,0.9317502015976231,0.7480874204177685,41,early
41477,77,0,0.5009957829408711,0.8982371245844297,41,early
41478,78,0,0.5002903048873544,0.6852093944009419,41,early
41479,79,0,0.45487282669940143,0.8201089209208988,41,early
41480,80,0,0.3981277343730136,0.588538949682373,41,early
41481,81,0,0.5211683647270449,0.43003213351123837,41,early
41482,82,0,0.1486800485767448,0.7748897246478307,41,early
41483,83,0,0.04028729546944343,0.6867697327314308,41,early
41484,84,0,0.3120759155351771,0.4683363745751228,41,early
41485,85,0,0.9933169934979631,0.5127303557293681,41,early
41486,86,0,0.0035939520517069014,0.8950561012353138,41,early
41487,87,0,0.5182687959629257,0.3953734350669639,41,early
41488,88,0,0.9511928534084562,0.5258602931378379,41,early
41489,89,0,0.4999328593465032,0.7820488225712148,41,early
41490,90,0,0.9002610529827604,0.856742784310756,41,early
41491,91,0,0.7540825027531174,0.7384312763463259,41,early
41492,92,0,0.06523409001856911,0.945198585605252,41,early
41493,93,0,0.5117022028264513,0.6851124238843431,41,early
41494,94,0,0.2569860834609204,0.8686430236129008,41,early
41495,95,0,0.9456778115111393,0.7867866640046592,41,early
41496,96,0,0.6239104862279055,0.532231938994427,41,early
41497,97,0,0.5046064830724432,0.7689900121290809,41,early
41498,98,0,0.9915504609776924,0.6579253994968532,41,early
41499,99,0,0.5000029122514443,1.1564447871293368,41,early
41500,100,0,0.9558943171260506,0.5378870175015105,41,early
41501,101,0,0.49679574582756986,1.0418646782376904,41,early
41502,102,0,0.8600052643041594,0.7525859156680419,41,early
41503,103,0,0.38954796314610796,0.903206379249323,41,early
41504,104,0,0.5085578073130697,1.0497141713983122,41,early
41505,105,0,0.9775792638514835,0.8281859967796241,41,early
41506,106,0,0.4729080567000729,0.8291750379075953,41,early
41507,107,0,0.502168675259968,0.7136462175711529,41,early
41508,108,0,0.777785999833184,0.3658760135848373,41,early
41509,109,0,0.5297491822842983,0.4511579512984591,41,early
41510,110,0,0.24363119543668257,0.634587878488948,41,early
41511,111,0,0.4999639381562947,0.9512082058395919,41,early
41512,112,0,0.4939146756019189,0.6145213984216437,41,early
41513,113,0,0.5197003003811439,0.6727753842876456,41,early
41514,114,0,0.5942096805918925,0.74960881621489,41,early
41515,115,0,0.5258309794419389,0.5329120331491474,41,early
41516,116,0,0.9870659493660512,0.509999457609547,41,early
41517,117,0,0.503804947109921,0.8620196153089122,41,early
41518,118,0,0.00013341795301754155,0.9518154712220019,41,early
41519,119,0,0.5001743804022502,0.8772472773855065,41,early
41520,120,0,0.08138979896979513,0.805809620007605,41,early
41521,121,0,0.4218602159059084,0.5960001000428734,41,early
41522,122,0,0.9414025793099268,0.5358197520754842,41,early
41523,123,0,0.2753655782539754,0.7745768373773554,41,early
41524,124,0,0.14249749765616468,0.7326021930817344,41,early
41525,125,0,0.5852479217243113,0.619884386145028,41,early
41526,126,0,0.9934569873980617,0.5486518231740071,41,early
41527,127,0,0.5099198093265239,0.6514672999740522,41,early
41528,128,0,0.03363227051248399,0.6531592248891942,41,early
41529,129,0,0.9086644746846678,0.6966318324969327,41,early
41530,130,0,0.12333973001801116,0.7943125518407049,41,early
41531,131,0,0.579216119693703,0.7137659275421695,41,early
41532,132,0,0.5768338826008834,0.3872751558668869,41,early
41533,133,0,0.8696992037408524,0.32828098524336635,41,early
41534,134,0,0.5048996522786889,0.4512239851204276,41,early
41535,135,0,0.7083822426922675,0.6784573670471499,41,early
41536,136,0,0.8505826201444436,0.638565622811169,41,early
41537,137,0,0.551689298194324,0.8844430027379905,41,early
41538,138,0,0.6281111320110246,0.7427597330030322,41,early
41539,139,0,0.9904455007680805,0.7706712566434186,41,early
41540,140,0,0.3117345709979628,0.7087243039956604,41,early
41541,141,0,0.3240164988798033,0.8130358625632482,41,early
41542,142,0,0.5006342647584483,0.8891111617009737,41,early
41543,143,0,0.18211159731439214,0.744857991239855,41,early
41544,144,0,0.8164080088835524,0.8334537365088119,41,early
41545,145,0,0.8429082934879517,0.685983847949726,41,early
41546,146,0,0.6038427841721081,0.5327142723441578,41,early
41547,147,0,0.5077260567337287,0.5223318764260897,41,early
41548,148,0,0.5159106846528383,0.4742654335394413,41,early
41549,149,0,0.5000080711269631,1.0162570518880316,41,early
41550,150,0,0.2587692797811978,0.6910237372651371,41,early
41551,151,0,0.9943055498450305,0.5303551660244917,41,early
41552,152,0,0.4854705035375104,0.4649372483460348,41,early
41553,153,0,0.5107966437946925,0.5037391664327505,41,early
41554,154,0,0.00503031710340714,0.6984529572597988,41,early
41555,155,0,0.9882208452100091,0.45341757126601356,41,early
41556,156,0,0.01869784277028057,0.8059845716162797,41,early
41557,157,0,0.8950459015985687,0.6554643755613954,41,early
41558,158,0,0.09037967863652238,0.8008398646221437,41,early
41559,159,0,0.9392646972662926,0.616161293315258,41,early
41560,160,0,0.6378565140376191,0.5025580132500005,41,early
41561,161,0,0.9990494221409671,0.6721712574568198,41,early
41562,162,0,0.4999167995602845,0.8654943016460175,41,early
41563,163,0,0.5003271294283186,0.7749862204511262,41,early
41564,164,0,0.5936314765813115,0.8882855362390168,41,early
41565,165,0,0.003229535501152044,0.7202112905536696,41,early
41566,166,0,0.9997336967057043,0.8392069199792263,41,early
41567,167,0,0.0296142773642981,0.8017132794217158,41,early
41568,168,0,9.722379776208175e-06,0.9665846052183897,41,early
41569,169,0,0.0034843946822568986,0.8684823868888569,41,early
41570,170,0,0.2072435376139218,0.8185755740798608,41,early
41571,171,0,0.36980673363542,0.8019066416844414,41,early
41572,172,0,0.01980117360956893,0.6826869071960529,41,early
41573,173,0,0.7753889577725923,0.49902405886312096,41,early
41574,174,0,0.03266766409262192,1.02394779763203,41,early
41575,175,0,0.6166585879191919,0.8090020330049543,41,early
41576,176,0,0.49973947941686153,0.32386610971083224,41,early
41577,177,0,0.020807757063339944,0.9519314145272217,41,early
41578,178,0,0.5864916075572717,0.7219549943705041,41,early
41579,179,0,0.4999726485738988,1.0159437643206244,41,early
41580,180,0,0.652403030932485,0.6099932980786715,41,early
41581,181,0,0.9987902990981921,0.697496627762984,41,early
41582,182,0,0.21829041831087753,0.5487510416717838,41,early
41583,183,0,0.5006751541562154,0.7650840601376774,41,early
41584,184,0,0.03922679028538748,0.6395738103826727,41,early
41585,185,0,0.7082624647642919,0.556578423542767,41,early
41586,186,0,0.5367226149515353,0.6479588787557495,41,early
41587,187,0,0.5128676675070473,0.9163759279500951,41,early
41588,188,0,0.42550541694701693,0.5224924501865277,41,early
41589,189,0,0.6094726475072436,0.4567792097219002,41,early
41590,190,0,0.9994316892699091,0.5649371737178529,41,early
41591,191,0,0.009765908587847911,0.8775540906557966,41,early
41592,192,0,0.4997815609481972,0.8053180568931446,41,early
41593,193,0,0.8035982947927665,0.7271176834408636,41,early
41594,194,0,0.7029376344320739,0.6364038113744115,41,early
41595,195,0,0.2033298376820096,0.5771103495865719,41,early
41596,196,0,0.8392227002371475,0.5382037249925421,41,early
41597,197,0,0.5002316730914611,0.9980932288044573,41,early
41598,198,0,0.690586031963742,0.5807875856906313,41,early
41599,199,0,1.5673897214822125e-05,1.04167539707721,41,early
41600,0,0,0.8453165971588429,0.7083893692364666,41,middle
41601,1,0,0.835920405617294,0.5927045849110177,41,middle
41602,2,0,0.523775176430463,0.4347282333208172,41,middle
41603,3,0,0.6388793911486466,0.5665497618618633,41,middle
41604,4,0,0.14340042210577553,0.607179448031417,41,middle
41605,5,0,0.027293576061268737,0.7727511262585437,41,middle
41606,6,0,0.030136756887166573,0.6380944591066321,41,middle
41607,7,0,0.5992743933538939,0.6211463576571721,41,middle
41608,8,0,0.515672161790696,0.6772113489706952,41,middle
41609,9,0,0.31879415792622484,0.678691019637892,41,middle
41610,10,0,0.4976213328326477,0.6154672078695582,41,middle
41611,11,0,0.4839532514397873,0.6502283077439148,41,middle
41612,12,0,0.5686856599154508,0.6554173788244448,41,middle
41613,13,0,0.09999612882526886,0.6930596422550179,41,middle
41614,14,0,0.5503801142104865,0.5494811994879878,41,middle
41615,15,0,0.4257158766611213,0.6362336313629895,41,middle
41616,16,0,0.42585470424402005,0.27631735453975803,41,middle
41617,17,0,0.49218372636896696,0.5769957391260909,41,middle
41618,18,0,0.00022662552493526007,1.33316672798219,41,middle
41619,19,0,0.5376574852265861,0.9980751425982313,41,middle
41620,20,0,0.37851276529110345,0.9582574074917976,41,middle
41621,21,0,0.5001680607686753,0.8746769716675034,41,middle
41622,22,0,0.9486895040349037,0.37684138823447955,41,middle
41623,23,0,0.8147904081089806,0.6644998894341192,41,middle
41624,24,0,0.48949027537635903,0.5984757998806884,41,middle
41625,25,0,0.03067437045618886,0.7256138733933897,41,middle
41626,26,0,0.9615000985893962,0.377447777040286,41,middle
41627,27,0,0.026104786568003586,0.8258426989804648,41,middle
41628,28,0,0.4724814071848843,1.0029760999550086,41,middle
41629,29,0,0.43927161867867787,0.676852575348798,41,middle
41630,30,0,0.76562569328793,0.5206532455976185,41,middle
41631,31,0,0.025297863573049927,0.922873924192948,41,middle
41632,32,0,0.5490423140804176,0.8055711045238009,41,middle
41633,33,0,0.07022784620837864,0.7309484554135834,41,middle
41634,34,0,0.0478124409799963,0.888257515017858,41,middle
41635,35,0,0.4756646937792641,1.0892208108317407,41,middle
41636,36,0,0.5000285758893591,0.9655887608974343,41,middle
41637,37,0,0.791537760488643,0.5294548371986247,41,middle
41638,38,0,0.9906154497224902,0.5499498440498504,41,middle
41639,39,0,0.10429491104899347,0.4914873948296744,41,middle
41640,40,0,0.5139454245681295,0.6066213636147537,41,middle
41641,41,0,0.5641064296066275,0.5159118881149704,41,middle
41642,42,0,0.4949989875860768,0.6274912910498947,41,middle
41643,43,0,0.7976838611260993,0.4787526218176972,41,middle
41644,44,0,0.5376197955202443,0.45577254261907074,41,middle
41645,45,0,0.9425688128151234,0.5448914240042502,41,middle
41646,46,0,0.5033084457020085,0.7109565928916441,41,middle
41647,47,0,0.04987578863011716,0.6250380533723485,41,middle
41648,48,0,0.4885416429385195,0.9678986789108335,41,middle
41649,49,0,0.09803050040068839,1.2395383105050768,41,middle
41650,50,0,0.9950458975787142,0.54999295017887,41,middle
41651,51,0,0.8559670951290805,0.8251262013916651,41,middle
41652,52,0,0.21568881291901476,0.6519416569809363,41,middle
41653,53,0,0.835188101563257,0.6507490800788966,41,middle
41654,54,0,0.5438304599084057,0.39422080106545593,41,middle
41655,55,0,0.32757919733011964,0.8837606623824453,41,middle
41656,56,0,0.0007179638977242403,0.9222765614966484,41,middle
41657,57,0,0.507507575521068,0.6062473328601772,41,middle
41658,58,0,0.3622054277792174,0.6979779925159856,41,middle
41659,59,0,0.24776078223452613,0.6174773217544105,41,middle
41660,60,0,0.7797538395587591,0.5339027710610669,41,middle
41661,61,0,0.978635992503476,0.73308204796925,41,middle
41662,62,0,0.022091059877875647,0.9253714230615606,41,middle
41663,63,0,0.9839363923156441,0.41559569460771806,41,middle
41664,64,0,0.8255363971713643,0.46361883797028913,41,middle
41665,65,0,0.9483329981618385,0.6010206719481834,41,middle
41666,66,0,0.5772370006182379,0.7623607214098489,41,middle
41667,67,0,0.8964419694559077,0.396312590224461,41,middle
41668,68,0,0.5852163597300467,0.563950139838353,41,middle
41669,69,0,0.385801789506836,0.7920540384668407,41,middle
41670,70,0,0.0900714436581668,0.7810926876716531,41,middle
41671,71,0,0.21555327174281255,0.6688336229704472,41,middle
41672,72,0,0.7027265245687715,0.4229722052535283,41,middle
41673,73,0,0.9378475285947112,0.48184811349358897,41,middle
41674,74,0,0.5379211358250806,0.6506476967467213,41,middle
41675,75,0,0.9985193858350563,0.30928173017625793,41,middle
41676,76,0,0.0149231244506601,0.7628904961573049,41,middle
41677,77,0,0.9809715172890019,0.7413431718719159,41,middle
41678,78,0,0.49946795061646815,0.606282903889592,41,middle
41679,79,0,0.5556531281234107,0.5272887170768277,41,middle
41680,80,0,0.15602331143555034,0.5790068766986812,41,middle
41681,81,0,0.0006150780670516096,0.8600403903033103,41,middle
41682,82,0,0.5204735408181618,0.4729011297860091,41,middle
41683,83,0,0.009240518237467483,0.8939280700428816,41,middle
41684,84,0,0.006055100132631424,0.7932133791963418,41,middle
41685,85,0,0.4987692079833313,0.6934417191868071,41,middle
41686,86,0,0.0083111199226745,0.7404675267145547,41,middle
41687,87,0,0.9627142357431097,0.5947034248118472,41,middle
41688,88,0,0.7460233371683557,0.4662394222571348,41,middle
41689,89,0,0.15965567029903627,0.5761596245554714,41,middle
41690,90,0,0.8701518006951774,0.6116962361011411,41,middle
41691,91,0,0.5679186760636642,0.6462425988606544,41,middle
41692,92,0,0.46623273106329877,0.7708729750484351,41,middle
41693,93,0,0.9875704249065318,0.9020541287453636,41,middle
41694,94,0,0.9835691227905945,0.46545575598894384,41,middle
41695,95,0,0.8852514584396739,0.39071647697156253,41,middle
41696,96,0,0.9989481712645447,0.49476868451258016,41,middle
41697,97,0,0.01284215725724305,0.6454334957195221,41,middle
41698,98,0,0.4741449582440149,0.6291127290747415,41,middle
41699,99,0,0.3957571276680422,0.8542887216110472,41,middle
41700,100,0,0.8780438558980868,0.37008260613455046,41,middle
41701,101,0,0.0033003843185121064,0.6607335238892607,41,middle
41702,102,0,0.08995321451145714,0.6733794801978277,41,middle
41703,103,0,0.4701937789416638,0.5239942486776599,41,middle
41704,104,0,0.047259687531976596,0.7984903121127485,41,middle
41705,105,0,0.6275809432622156,0.5141001855117747,41,middle
41706,106,0,0.9820374927896712,0.390681586662494,41,middle
41707,107,0,0.06459564089598971,0.589880858140272,41,middle
41708,108,0,0.17561061976465728,0.5663887372721077,41,middle
41709,109,0,0.5046883846359432,0.5112070999479755,41,middle
41710,110,0,0.9642156435958191,0.4989622947544561,41,middle
41711,111,0,0.7301997649230294,0.7461876198301974,41,middle
41712,112,0,0.9609998022302084,0.3757713237033541,41,middle
41713,113,0,0.994162585981461,0.5720910012190994,41,middle
41714,114,0,0.9731728952662537,0.6422587516968876,41,middle
41715,115,0,0.9811506655692277,0.5195132132944087,41,middle
41716,116,0,0.18354004285521583,0.48539638265291074,41,middle
41717,117,0,0.42754965675308076,0.5331811757006677,41,middle
41718,118,0,0.16870115604333058,0.4695703803022314,41,middle
41719,119,0,0.9900801222504543,0.3488901427945499,41,middle
41720,120,0,0.12282193922690456,0.5991686393016271,41,middle
41721,121,0,0.72841252926331,0.46526277564334906,41,middle
41722,122,0,0.4721176191753739,0.7405125179629253,41,middle
41723,123,0,0.5312290762847753,0.614069524106388,41,middle
41724,124,0,0.563783962034516,0.4202404820997725,41,middle
41725,125,0,0.891364702366637,0.4267490859997285,41,middle
41726,126,0,0.5046078075206348,0.930929151290985,41,middle
41727,127,0,0.9830192473791097,0.5050171381665128,41,middle
41728,128,0,0.02081602699585528,0.4468195676797171,41,middle
41729,129,0,0.03860643582639086,0.48129054595629106,41,middle
41730,130,0,0.5842132424293764,0.36867920886070027,41,middle
41731,131,0,0.544639712836687,0.5868924771511154,41,middle
41732,132,0,0.24789243760232524,0.6585174885729121,41,middle
41733,133,0,0.6223112554024228,0.651910662927843,41,middle
41734,134,0,0.5297201608573853,0.42071590448942026,41,middle
41735,135,0,0.37581609308912445,0.6641350395211696,41,middle
41736,136,0,0.8602696835882017,0.39733438505982754,41,middle
41737,137,0,0.5632349664765488,0.3600773917207001,41,middle
41738,138,0,0.8821793045521691,0.4972493975577532,41,middle
41739,139,0,0.4999440803090257,0.5910860650770788,41,middle
41740,140,0,0.9974112048608301,0.6902441046229584,41,middle
41741,141,0,0.1492142088443006,0.5653598759811014,41,middle
41742,142,0,0.49897711211181645,0.5002358789770975,41,middle
41743,143,0,0.451501073340885,0.43685900576420206,41,middle
41744,144,0,0.5049298853543926,0.6033370032904226,41,middle
41745,145,0,0.32832521095035094,0.4501961387248601,41,middle
41746,146,0,0.36350708628861295,0.4276543212606818,41,middle
41747,147,0,0.6312628813063218,0.35468975532768005,41,middle
41748,148,0,0.4966719517710532,0.4267047969710315,41,middle
41749,149,0,0.035458325720983966,0.71108091944875,41,middle
41750,150,0,0.9956764521935488,0.591499774943248,41,middle
41751,151,0,0.6913416607600493,0.4255588260235148,41,middle
41752,152,0,0.5296372973725025,0.3586695585015932,41,middle
41753,153,0,0.5011158139923126,0.5937543572759157,41,middle
41754,154,0,0.04600788204914282,0.5248302250356859,41,middle
41755,155,0,0.6135354439201995,0.3246779100492042,41,middle
41756,156,0,0.952197928453445,0.5950340749168777,41,middle
41757,157,0,0.5175058472291024,0.43950889909475854,41,middle
41758,158,0,0.9664930946388488,0.40503487245257774,41,middle
41759,159,0,0.6069617157203779,0.47838459224510577,41,middle
41760,160,0,0.4845230190155351,0.5049009922862815,41,middle
41761,161,0,0.20118920405354862,0.35890030972690523,41,middle
41762,162,0,0.6552539743142839,0.4203526710393758,41,middle
41763,163,0,0.5283827624957512,0.4052424510559683,41,middle
41764,164,0,0.32729503180659814,0.4804499781933602,41,middle
41765,165,0,0.48118506021089796,0.3677620246191583,41,middle
41766,166,0,0.9887957407573834,0.4431443316248273,41,middle
41767,167,0,0.11911128026288217,0.5038722927157311,41,middle
41768,168,0,0.31079411934061196,0.34253502444679795,41,middle
41769,169,0,0.968503783444451,0.259400996865341,41,middle
41770,170,0,0.3191523528286514,0.565412526245654,41,middle
41771,171,0,0.47827058128910915,0.5799311209740031,41,middle
41772,172,0,0.2279247344863542,1.1323234489371368,41,middle
41773,173,0,0.6886314634374244,0.4374175729921381,41,middle
41774,174,0,0.9920659987225197,0.41907236923170554,41,middle
41775,175,0,0.48038352690526687,0.5013639165526936,41,middle
41776,176,0,0.39171872900872334,0.5537349787112531,41,middle
41777,177,0,0.21837028964770397,0.688319421264292,41,middle
41778,178,0,0.5079607281411576,0.513520889293375,41,middle
41779,179,0,0.44401173188448895,0.6347838693159343,41,middle
41780,180,0,0.7024679272190698,0.35569134560434656,41,middle
41781,181,0,0.037761122833507084,0.5546895025411603,41,middle
41782,182,0,0.49184290696544275,0.6400788994156287,41,middle
41783,183,0,0.8596288463878853,0.6433338561223014,41,middle
41784,184,0,0.5317799183978775,0.45091410336313986,41,middle
41785,185,0,0.8049399535572402,0.539572149663984,41,middle
41786,186,0,0.9534083559394622,0.5561923943814816,41,middle
41787,187,0,0.5657933850510586,0.6436560337980268,41,middle
41788,188,0,0.9857204334074782,0.46562505660506204,41,middle
41789,189,0,0.5540846607326727,0.4080565441006022,41,middle
41790,190,0,0.6585977952293689,0.45266316097009784,41,middle
41791,191,0,0.531099598142292,0.8000394100381963,41,middle
41792,192,0,0.3947320017588987,0.4885075305325665,41,middle
41793,193,0,0.47841599629802256,0.5152979047376348,41,middle
41794,194,0,0.7111770417325077,0.45020823641033225,41,middle
41795,195,0,0.7196328833142349,0.39787159064609184,41,middle
41796,196,0,0.997415984274115,0.48502160687361084,41,middle
41797,197,0,0.46462086954961707,0.5769210052630225,41,middle
41798,198,0,0.0035377669177897217,0.6895264095622745,41,middle
41799,199,0,0.9896058824451619,0.49066929291981776,41,middle
41800,0,0,0.10945082709816908,0.9747669653310735,41,late
41801,1,0,0.5540446712043907,0.5993117935445478,41,late
41802,2,0,0.5396367880762665,0.3523681298231107,41,late
41803,3,0,0.532374073952853,0.5965078563311739,41,late
41804,4,0,0.51904408877126,0.647261458378955,41,late
41805,5,0,0.5096108825698873,0.5836300511791802,41,late
41806,6,0,0.005723913137697223,1.0586226347379053,41,late
41807,7,0,0.5650538892817634,0.4885267501094682,41,late
41808,8,0,0.4586045075204237,0.6003147939949094,41,late
41809,9,0,0.5131683121802422,0.7177642455193557,41,late
41810,10,0,0.2562221307933645,0.44907113744376065,41,late
41811,11,0,0.13550529829245211,0.6616326626637523,41,late
41812,12,0,0.49211758486169876,0.5722553685700036,41,late
41813,13,0,0.41290452895686985,0.9574805953971736,41,late
41814,14,0,0.24818180097709114,1.026765976451421,41,late
41815,15,0,0.8800150760330641,0.5551197375717032,41,late
41816,16,0,0.2922647479359108,0.7180218653784837,41,late
41817,17,0,0.5065454899564812,0.5546474335325369,41,late
41818,18,0,0.004766968734054184,0.9731800773609436,41,late
41819,19,0,0.50395264145126,0.8281415089142654,41,late
41820,20,0,0.07101394898220556,0.655745971690695,41,late
41821,21,0,0.5176956707645691,0.40541378105659426,41,late
41822,22,0,0.9025901984968774,0.45762881662430577,41,late
41823,23,0,0.5007961626620189,0.8361224698451126,41,late
41824,24,0,0.3993196739966352,0.5490928706793538,41,late
41825,25,0,0.3331994862660102,1.0786825121853245,41,late
41826,26,0,0.4988912785156541,0.9999354370418043,41,late
41827,27,0,0.33343696779037124,0.9170411364557725,41,late
41828,28,0,0.2563170654986476,1.1414863770307173,41,late
41829,29,0,0.49374661162298544,0.8093015533081254,41,late
41830,30,0,0.5872660438185295,0.7400716715490754,41,late
41831,31,0,0.22313856077477104,0.7821981394020125,41,late
41832,32,0,0.5188346727637172,0.8712465548707232,41,late
41833,33,0,0.8901969882250205,0.7023450189001523,41,late
41834,34,0,0.008970193703278737,0.9190585856372124,41,late
41835,35,0,0.7795749566927286,0.6697117971711639,41,late
41836,36,0,0.0005663827175429177,1.2044655629749852,41,late
41837,37,0,0.5004986975826097,0.6471008142292711,41,late
41838,38,0,0.35405893159851726,0.8489074572858141,41,late
41839,39,0,0.48167190241186725,1.0740264464018003,41,late
41840,40,0,0.5560447674542197,0.800523776773459,41,late
41841,41,0,0.36502732070286115,0.6474553464213924,41,late
41842,42,0,0.022325945778356376,0.8074840966432264,41,late
41843,43,0,0.500471503297712,0.717824652252288,41,late
41844,44,0,0.8516520590846788,0.6083767971506888,41,late
41845,45,0,0.6963075807298897,0.48463247953880717,41,late
41846,46,0,0.4844766013169876,0.7511389322198446,41,late
41847,47,0,0.47850116141594357,0.765755562297902,41,late
41848,48,0,0.9915898158624995,0.36850775074835923,41,late
41849,49,0,0.7003355877726811,0.36671815096485844,41,late
41850,50,0,0.17148687615042943,0.5847387331435863,41,late
41851,51,0,0.5579727737789321,0.6168642479324316,41,late
41852,52,0,0.5771344231303359,0.6868225575077718,41,late
41853,53,0,0.4957857943658136,0.5404741107423603,41,late
41854,54,0,0.09667118296272968,0.866106252045786,41,late
41855,55,0,0.503910169822352,0.6408282843041094,41,late
41856,56,0,7.51488529551143e-05,1.2705182687999703,41,late
41857,57,0,0.5067728814224913,0.8971356527349519,41,late
41858,58,0,0.9420906839658438,0.39848264748136175,41,late
41859,59,0,0.6736432191320937,0.9876357566702463,41,late
41860,60,0,0.7024300028228626,0.4045749712888639,41,late
41861,61,0,0.27842197468566965,0.6125911262116108,41,late
41862,62,0,0.09530472488725596,1.3089339964870255,41,late
41863,63,0,0.20548714613705288,0.9451703922201405,41,late
41864,64,0,0.5514700973918015,0.6360800385635383,41,late
41865,65,0,0.49879694632977345,0.620203178478741,41,late
41866,66,0,0.5695708238703127,0.7585909674375647,41,late
41867,67,0,0.8370465702793901,0.8494801560323817,41,late
41868,68,0,0.13360812593417784,0.8365139107534565,41,late
41869,69,0,0.5172545409437854,0.9991115227742194,41,late
41870,70,0,0.510425559559133,0.9071722909969793,41,late
41871,71,0,0.4962564723015014,0.8118219767688306,41,late
41872,72,0,0.48262479535613023,1.1391588063129958,41,late
41873,73,0,0.4980079296290503,0.904498334279318,41,late
41874,74,0,0.8976427550661474,0.6382719782704047,41,late
41875,75,0,0.3501453468953972,0.5137204343212689,41,late
41876,76,0,0.8180856586109178,0.5574537264834686,41,late
41877,77,0,0.6181431781070437,0.6341565442022659,41,late
41878,78,0,0.525643667413465,0.68408213357316,41,late
41879,79,0,0.9717607958237253,0.5375549690785051,41,late
41880,80,0,0.32303224249383466,0.6008856196723302,41,late
41881,81,0,0.01933383757961369,0.783493940068865,41,late
41882,82,0,0.9607730279874811,0.46563348204067223,41,late
41883,83,0,0.9378551851141235,0.5818700085939101,41,late
41884,84,0,0.999244822174365,0.4895857935838188,41,late
41885,85,0,0.8208513056379713,0.615370034144757,41,late
41886,86,0,0.9900841133052503,0.5004487355457277,41,late
41887,87,0,0.7419477161946947,0.617773642658809,41,late
41888,88,0,0.9990246860508857,0.5444438514094876,41,late
41889,89,0,0.989734760321995,0.5407881867859554,41,late
41890,90,0,0.0004071341922303238,1.096626735059497,41,late
41891,91,0,0.49889433246533965,1.1309508553619616,41,late
41892,92,0,0.9839704374382895,0.3540824313917986,41,late
41893,93,0,0.0761515651178495,1.0199578370804243,41,late
41894,94,0,0.41807668772305157,1.0378299407083822,41,late
41895,95,0,0.21288345521807414,0.8611975133188476,41,late
41896,96,0,0.9983626871598635,0.5641788214561767,41,late
41897,97,0,0.3090791657814032,1.203852836235416,41,late
41898,98,0,0.8517820581482796,0.9294276106250632,41,late
41899,99,0,0.938080167892326,0.702029000830223,41,late
41900,100,0,0.7735082720545545,0.6938487981637214,41,late
41901,101,0,0.021433043473671778,0.9584564797044743,41,late
41902,102,0,0.4664861362642578,1.0099125995576432,41,late
41903,103,0,0.6398317511984793,0.6649591817962633,41,late
41904,104,0,0.34840832757857515,0.7910943909832787,41,late
41905,105,0,0.43715144142268225,1.081529073625556,41,late
41906,106,0,0.9893427320963597,0.4972509991953381,41,late
41907,107,0,0.9975901868318876,0.4699684315707926,41,late
41908,108,0,0.9992240645799177,0.6525833208251621,41,late
41909,109,0,0.7618001308442515,0.796184195519355,41,late
41910,110,0,0.48405037219095676,0.7266767300066145,41,late
41911,111,0,0.5047310657718407,0.8443936589168588,41,late
41912,112,0,0.49822235655922603,1.0859628135880062,41,late
41913,113,0,0.9260827782789185,0.6294908939153327,41,late
41914,114,0,0.9118654416154514,0.782507926097531,41,late
41915,115,0,0.5011340023718479,0.7787609154472867,41,late
41916,116,0,0.8823445087333865,0.46849106278136887,41,late
41917,117,0,0.025565429133157385,0.9067149822311479,41,late
41918,118,0,0.3468711684574738,0.8308173514884682,41,late
41919,119,0,0.008824363849339652,1.1337764773954582,41,late
41920,120,0,0.5205126693919996,0.42344589746623507,41,late
41921,121,0,0.25270629235885717,0.7725228443225765,41,late
41922,122,0,0.4470385897811573,0.4498060714951214,41,late
41923,123,0,0.5865084871594696,0.44367361879158684,41,late
41924,124,0,0.4724591442776147,0.6004074201059477,41,late
41925,125,0,0.9802558440642688,0.6892681642477786,41,late
41926,126,0,0.9664682577635024,0.4538666091614295,41,late
41927,127,0,0.5990210356762661,0.5296920499150394,41,late
41928,128,0,0.640257083058942,0.6434208212458468,41,late
41929,129,0,0.976816165167733,0.629555649451191,41,late
41930,130,0,0.6704953419538531,0.941900044757261,41,late
41931,131,0,0.9876737951810162,0.7068138515065508,41,late
41932,132,0,0.9986571838306506,0.39523262791619834,41,late
41933,133,0,0.05902706569325331,0.8362086348372011,41,late
41934,134,0,0.5639701892898357,0.5811159019859221,41,late
41935,135,0,0.931524015242339,0.6286234610510482,41,late
41936,136,0,0.33368104980207913,0.6980970129304176,41,late
41937,137,0,0.6063629832034338,0.6683013959559126,41,late
41938,138,0,0.535961275504959,0.6563338926315871,41,late
41939,139,0,0.8723639700192172,0.7220662211902744,41,late
41940,140,0,0.5005781092921607,0.7911107329770093,41,late
41941,141,0,0.9949129807635514,0.47554706090084053,41,late
41942,142,0,0.9227319514958923,0.8084042719605176,41,late
41943,143,0,0.15290021758153566,1.0125594938837232,41,late
41944,144,0,0.3403318367978417,0.9002560414428606,41,late
41945,145,0,0.9004384359238775,0.447823641398176,41,late
41946,146,0,0.6615193218186863,0.5668575182357323,41,late
41947,147,0,0.9907482445959841,0.46171080464728986,41,late
41948,148,0,0.00034372169953343504,1.3347661552835952,41,late
41949,149,0,0.5032542923603965,0.6598387285521772,41,late
41950,150,0,0.5990895727919667,0.5831760944806275,41,late
41951,151,0,0.5025588629009963,1.072349629652479,41,late
41952,152,0,0.996694536300337,0.39590648384982585,41,late
41953,153,0,0.7300803625383456,0.524748855634177,41,late
41954,154,0,0.18459564889655555,0.7547793610503074,41,late
41955,155,0,0.5305971181696478,0.803293891063958,41,late
41956,156,0,0.811393530543393,0.5595104457564781,41,late
41957,157,0,0.48879889553171685,0.7687519836993725,41,late
41958,158,0,0.6051979542598372,0.6633182856249241,41,late
41959,159,0,0.499949760353479,1.0487295593727084,41,late
41960,160,0,0.3560231777186951,0.8199402092223562,41,late
41961,161,0,0.7284571177635739,0.4879523294183577,41,late
41962,162,0,0.49992797382404747,1.0302772650998937,41,late
41963,163,0,0.5569120828835922,0.5769604791971483,41,late
41964,164,0,0.025799142990404166,0.9195798065220719,41,late
41965,165,0,0.5021715136724542,0.7891302447805563,41,late
41966,166,0,0.21003682691042755,0.8180599340483496,41,late
41967,167,0,0.5151671632971735,0.7313434629527289,41,late
41968,168,0,0.7432583692926424,0.8328892217803462,41,late
41969,169,0,0.04033239222516069,0.7644382628150466,41,late
41970,170,0,0.48471714028653484,0.602678888722622,41,late
41971,171,0,0.6890207130789944,0.41692026667109733,41,late
41972,172,0,0.00038082681798528873,1.6591234251072655,41,late
41973,173,0,0.46443849986172286,0.45770158790166693,41,late
41974,174,0,0.6517783168512519,0.6261264469094101,41,late
41975,175,0,0.46846723080661307,0.544088094790022,41,late
41976,176,0,0.49847615291163916,0.6664967090136155,41,late
41977,177,0,0.5767593104018112,0.5329986926255132,41,late
41978,178,0,0.4487853475714329,0.4842535000553678,41,late
41979,179,0,0.24993076079619325,0.9319313552184587,41,late
41980,180,0,0.49730844171248695,0.5609326669677608,41,late
41981,181,0,0.4949884265504043,0.4747132529809672,41,late
41982,182,0,0.7796703492505435,0.45686894188081106,41,late
41983,183,0,0.005709475339129903,0.8402905946204795,41,late
41984,184,0,0.1323787033216625,0.901568630065289,41,late
41985,185,0,0.8878314426924172,0.6247005585397127,41,late
41986,186,0,0.8506707029965175,0.6081640314485615,41,late
41987,187,0,0.3486129227266679,1.2255493246789948,41,late
41988,188,0,0.5234757592919893,0.465722085640289,41,late
41989,189,0,0.007835071620615355,0.849718450242914,41,late
41990,190,0,0.7558180727267825,0.6586785178767007,41,late
41991,191,0,0.44111690524680935,0.6348744727785062,41,late
41992,192,0,0.23585867872414876,0.7897294532231995,41,late
41993,193,0,0.5949619068988863,0.7163890979779757,41,late
41994,194,0,0.5908044113964598,0.6801777843871918,41,late
41995,195,0,0.4894900166593742,0.5151663544839691,41,late
41996,196,0,0.005695027795139088,0.8509368736187908,41,late
41997,197,0,0.0012563724395875313,0.8924006124673505,41,late
41998,198,0,0.987059825435529,0.45816874523627726,41,late
41999,199,0,0.24021312121225702,0.7324886459065751,41,late
42000,0,0,0.5435557232274092,0.7029853747162708,42,interleaved
42001,1,0,0.3287799336461378,0.6672918759549346,42,interleaved
42002,2,0,0.502964959335682,0.7820969892801259,42,interleaved
42003,3,0,0.4907646785159341,0.6213812491025668,42,interleaved
42004,4,0,0.5689306484425438,0.5811882063501892,42,interleaved
42005,5,0,0.8899923463906103,0.4664886098367568,42,interleaved
42006,6,0,0.8136179527437142,0.5387207015449187,42,interleaved
42007,7,0,0.4514466660843172,0.6369862187143032,42,interleaved
42008,8,0,0.5402461445389323,0.613674668391844,42,interleaved
42009,9,0,0.35935806153521976,0.6903313770153072,42,interleaved
42010,10,0,0.731818602950867,0.37682079389213197,42,interleaved
42011,11,0,0.492983543707307,0.6554831327453526,42,interleaved
42012,12,0,0.678115237625268,0.62075414637486,42,interleaved
42013,13,0,0.4384389059859971,0.7873380484545063,42,interleaved
42014,14,0,0.9337512905159607,0.45267600170910643,42,interleaved
42015,15,0,0.951861822073701,0.43298317189066843,42,interleaved
42016,16,0,0.43202232655430917,0.5358810578360673,42,interleaved
42017,17,0,0.7856674451040211,0.7499538542545905,42,interleaved
42018,18,0,0.006663765281592787,0.7725043136062146,42,interleaved
42019,19,0,0.2526396927691722,0.5699375563767579,42,interleaved
42020,20,0,0.5319913032533348,0.423564960022275,42,interleaved
42021,21,0,0.5684149282254526,0.5819907187785458,42,interleaved
42022,22,0,0.017741061598186836,0.9096289022756916,42,interleaved
42023,23,0,0.3819821156188475,0.6063978428677461,42,interleaved
42024,24,0,0.5001973576007611,0.844371596512032,42,interleaved
42025,25,0,0.06395572259375085,0.7784036815957237,42,interleaved
42026,26,0,0.564732380834471,0.60863452495677,42,interleaved
42027,27,0,0.08741278583342524,0.682283994297554,42,interleaved
42028,28,0,0.532996739848377,0.6276453065658596,42,interleaved
42029,29,0,0.5100041174322644,0.6259064045902709,42,interleaved
42030,30,0,0.2492225895497836,0.758762936901823,42,interleaved
42031,31,0,0.06310911739633877,1.035682200771559,42,interleaved
42032,32,0,0.3033839903735891,0.7371907752054643,42,interleaved
42033,33,0,0.6636431169512595,0.5096477137749311,42,interleaved
42034,34,0,0.20490784137852622,0.5273774305402661,42,interleaved
42035,35,0,0.49189542456480645,0.8259299630214367,42,interleaved
42036,36,0,0.9411692011277426,0.8125424742114082,42,interleaved
42037,37,0,0.33329914088399337,0.8382818369146268,42,interleaved
42038,38,0,0.4873890968686392,0.5804654270912839,42,interleaved
42039,39,0,0.03623176395709418,0.6235532542560449,42,interleaved
42040,40,0,0.9888284222382915,0.6483160848822551,42,interleaved
42041,41,0,0.37964482130111615,0.6979712784333165,42,interleaved
42042,42,0,0.5000423447611458,1.0125748645608834,42,interleaved
42043,43,0,0.8666048368686408,0.6709101150658561,42,interleaved
42044,44,0,0.46656255170524824,0.8076123784436549,42,interleaved
42045,45,0,0.4430296513989568,0.8746730803460414,42,interleaved
42046,46,0,0.47974126807396555,0.5762176723755573,42,interleaved
42047,47,0,0.5235531417938091,0.7823196306216527,42,interleaved
42048,48,0,0.8790469833520664,0.5139384465223152,42,interleaved
42049,49,0,0.04041225765405324,0.8816024405039158,42,interleaved
42050,50,0,0.9222686323764231,0.6513110960170452,42,interleaved
42051,51,0,0.9904297170703904,0.6078405767521744,42,interleaved
42052,52,0,0.445813012751696,0.6863818544867236,42,interleaved
42053,53,0,0.33854819493623556,0.6891712418226115,42,interleaved
42054,54,0,0.8288377956883974,0.7450599762363939,42,interleaved
42055,55,0,0.9906048952333644,0.7803399231600796,42,interleaved
42056,56,0,0.9924524816463969,0.5255791092460377,42,interleaved
42057,57,0,0.9211647218700346,0.5230080419829812,42,interleaved
42058,58,0,0.8930595297144759,0.5061091473024109,42,interleaved
42059,59,0,0.7855591494891194,0.785224107899285,42,interleaved
42060,60,0,0.05664346293562984,0.7081985791493473,42,interleaved
42061,61,0,0.017593776142356042,0.5384239413121072,42,interleaved
42062,62,0,0.4258280406357714,0.7998048639984918,42,interleaved
42063,63,0,0.2580148158346126,0.7571191704185056,42,interleaved
42064,64,0,0.49948798257950067,0.6360027598834962,42,interleaved
42065,65,0,0.22754405891649881,0.5978442216543083,42,interleaved
42066,66,0,0.5099543257487053,0.619727084873452,42,interleaved
42067,67,0,0.5846759058996789,0.5410810951137791,42,interleaved
42068,68,0,0.8158183458669211,0.7324560069359779,42,interleaved
42069,69,0,0.49734476672036915,0.8264542823251647,42,interleaved
42070,70,0,0.9132774491435109,0.5955162885843881,42,interleaved
42071,71,0,0.999624146301429,0.7055558915438315,42,interleaved
42072,72,0,0.49417422926250537,0.5859976434114739,42,interleaved
42073,73,0,0.5465999340532065,0.5533101822064473,42,interleaved
42074,74,0,0.4868918372063171,0.4361948807035786,42,interleaved
42075,75,0,0.39596524177173215,0.6699668618673855,42,interleaved
42076,76,0,0.7192058632471557,0.48949984870101215,42,interleaved
42077,77,0,0.5517941064097502,0.539669231624546,42,interleaved
42078,78,0,0.9948754234641064,0.5470354970413954,42,interleaved
42079,79,0,0.5091148441820615,0.6756240141234042,42,interleaved
42080,80,0,0.5008851644675876,0.8444865332845444,42,interleaved
42081,81,0,0.9974075195437362,0.7235619073546187,42,interleaved
42082,82,0,0.6581857095009269,0.5396425902922386,42,interleaved
42083,83,0,0.7053792641650048,0.5323437512505477,42,interleaved
42084,84,0,0.9451207389393004,0.33122706050582784,42,interleaved
42085,85,0,0.49549640319363386,0.8203464712933375,42,interleaved
42086,86,0,0.5000241782435645,0.7747481025942606,42,interleaved
42087,87,0,0.9258953174899556,0.5673415001654455,42,interleaved
42088,88,0,0.6594291182435978,0.3767961004610043,42,interleaved
42089,89,0,0.989211761775094,0.7598606340756519,42,interleaved
42090,90,0,0.7116862216826154,0.44468149361488407,42,interleaved
42091,91,0,0.5002860750242675,0.6675732698682404,42,interleaved
42092,92,0,0.32570869896161414,1.1820032310669657,42,interleaved
42093,93,0,0.5124407966635677,0.9422091529972577,42,interleaved
42094,94,0,0.974819985857547,0.42865226192229144,42,interleaved
42095,95,0,0.6835001796534341,0.642476934118708,42,interleaved
42096,96,0,0.6134461191733749,0.6355287303195755,42,interleaved
42097,97,0,0.5593173857494823,0.6516626681110038,42,interleaved
42098,98,0,0.49936831217192934,0.6298587697584844,42,interleaved
42099,99,0,0.98546936051855,0.44525422052400454,42,interleaved
42100,100,0,0.2607353629273715,0.4113913270119161,42,interleaved
42101,101,0,0.059412585911372134,0.45563878029831506,42,interleaved
42102,102,0,0.6712628007033548,0.44944551232173924,42,interleaved
42103,103,0,0.9999113885375541,0.7886452394423441,42,interleaved
42104,104,0,0.49846814332030775,0.8661847503877924,42,interleaved
42105,105,0,0.9611808126958783,0.7203314143109558,42,interleaved
42106,106,0,0.5934757334436849,0.5398615589150303,42,interleaved
42107,107,0,0.4990378642031198,0.8549713237727044,42,interleaved
42108,108,0,0.9980236595844258,0.7690039106225919,42,interleaved
42109,109,0,0.4994945419034762,1.1970308662369291,42,interleaved
42110,110,0,0.29720466276119917,0.7681160907265272,42,interleaved
42111,111,0,0.008171603424405935,0.7293917439364442,42,interleaved
42112,112,0,0.5001466698332032,0.690690890432619,42,interleaved
42113,113,0,0.7042175242284259,0.7075463406174183,42,interleaved
42114,114,0,0.6999883684275234,0.4117946401514271,42,interleaved
42115,115,0,0.4433945848676044,0.940771955173423,42,interleaved
42116,116,0,0.4582570631696173,0.6202293643863128,42,interleaved
42117,117,0,0.7002711312877532,0.3166879875869528,42,interleaved
42118,118,0,0.8343574346052701,0.7633454810557533,42,interleaved
42119,119,0,0.17067483304561432,0.6315108917522895,42,interleaved
42120,120,0,0.4999976093568244,1.2533522150768885,42,interleaved
42121,121,0,0.9853183066289052,0.5701291877891383,42,interleaved
42122,122,0,0.856074983211428,0.8179914090969204,42,interleaved
42123,123,0,0.7150150302644487,0.6636041846101527,42,interleaved
42124,124,0,0.5559812200228268,0.6162839326126912,42,interleaved
42125,125,0,0.1686337945050951,0.6661924070147769,42,interleaved
42126,126,0,0.15406103225119533,0.7732209859734002,42,interleaved
42127,127,0,0.3781805735914087,0.8257336012817529,42,interleaved
42128,128,0,0.49567286807903016,0.7108032948789329,42,interleaved
42129,129,0,0.476095946609697,0.9267730775068637,42,interleaved
42130,130,0,0.9932550392589734,0.5737853201260597,42,interleaved
42131,131,0,0.9936641167047999,0.8872738678439993,42,interleaved
42132,132,0,0.9589018197674687,0.4361921410780655,42,interleaved
42133,133,0,0.8670702942645385,0.6238531645163254,42,interleaved
42134,134,0,0.09902283588462325,0.7287568185675262,42,interleaved
42135,135,0,0.4993571489136597,0.7711230500435564,42,interleaved
42136,136,0,0.44426599493807317,0.6426832615643878,42,interleaved
42137,137,0,0.5255881710861082,0.6571802133983662,42,interleaved
42138,138,0,0.4510442799171906,0.5665581247874414,42,interleaved
42139,139,0,0.4873723519547091,0.6565454397706003,42,interleaved
42140,140,0,0.8896126347818063,0.5542824019008135,42,interleaved
42141,141,0,0.5001486411317504,0.7009375330637819,42,interleaved
42142,142,0,0.9489240740111007,0.4277957005901682,42,interleaved
42143,143,0,0.5207131226890722,0.838459208411538,42,interleaved
42144,144,0,0.9633336862496901,0.5505061845283536,42,interleaved
42145,145,0,0.21066069175307006,0.5921596493853347,42,interleaved
42146,146,0,0.9774941707578833,0.6758772870550791,42,interleaved
42147,147,0,0.20435390195526837,0.8928675520855955,42,interleaved
42148,148,0,0.9888548391271192,0.5661533164424293,42,interleaved
42149,149,0,0.9777102326241184,0.4140823471715632,42,interleaved
42150,150,0,0.6786412252208317,0.4668930060277375,42,interleaved
42151,151,0,0.24970621043646143,0.6524321105006441,42,interleaved
42152,152,0,0.7887003134992525,0.33987597499618194,42,interleaved
42153,153,0,0.9733847897490168,0.38722551817836537,42,interleaved
42154,154,0,0.9069887535622481,0.4594853763289958,42,interleaved
42155,155,0,0.4957686553911,0.5136005449795786,42,interleaved
42156,156,0,0.7012529290784298,0.5690070788651499,42,interleaved
42157,157,0,0.9963475202095915,0.6983862384672302,42,interleaved
42158,158,0,0.4654932455788625,0.6533094837789022,42,interleaved
42159,159,0,0.9118003183074653,0.42596383824294365,42,interleaved
42160,160,0,0.13827819788520893,0.5546882864362969,42,interleaved
42161,161,0,0.6099381835964456,0.4204355576680351,42,interleaved
42162,162,0,0.4950593766315535,0.7034273476118897,42,interleaved
42163,163,0,0.43648717327993425,0.7491663027908513,42,interleaved
42164,164,0,0.5007808467770876,0.7035684145141017,42,interleaved
42165,165,0,0.958995759826373,0.4068416829294018,42,interleaved
42166,166,0,0.6953712632357923,0.5542935730755083,42,interleaved
42167,167,0,0.7501304170103931,0.4754147500244522,42,interleaved
42168,168,0,0.4983036290635732,1.2664598884516542,42,interleaved
42169,169,0,0.4998455004697599,0.7343360214896165,42,interleaved
42170,170,0,0.9761124045904076,0.43773893379074214,42,interleaved
42171,171,0,0.5086623152928531,1.2393613899320772,42,interleaved
42172,172,0,0.015145636454611495,0.8067459907219995,42,interleaved
42173,173,0,0.5241673650501637,0.6503979315215778,42,interleaved
42174,174,0,0.9891924473857849,0.9037866110842441,42,interleaved
42175,175,0,0.49227487360353267,0.7781108985396671,42,interleaved
42176,176,0,0.6303808512428363,0.6873358642098815,42,interleaved
42177,177,0,0.6446487642654374,0.44814635722995516,42,interleaved
42178,178,0,0.249758300837012,0.6724111263182444,42,interleaved
42179,179,0,0.5371468634865216,1.1246182820200454,42,interleaved
42180,180,0,0.2666076675100031,0.7056448593200291,42,interleaved
42181,181,0,0.3344572634542616,0.6169056868612639,42,interleaved
42182,182,0,0.34298176515083767,0.5682500248380324,42,interleaved
42183,183,0,0.9846629584144307,0.44538897113630405,42,interleaved
42184,184,0,0.44132779471754185,0.618584763271073,42,interleaved
42185,185,0,0.8671815189880002,0.4802679450315966,42,interleaved
42186,186,0,0.9994283427097761,0.6383248305892021,42,interleaved
42187,187,0,0.51111318267761,0.4050616761648382,42,interleaved
42188,188,0,0.9888663163347389,0.35055526907653756,42,interleaved
42189,189,0,0.9934643626603514,0.43156105821550556,42,interleaved
42190,190,0,0.9961314004874768,0.45321632928370426,42,interleaved
42191,191,0,0.48521601675358433,0.557786025906958,42,interleaved
42192,192,0,0.5900151255612002,0.4432556458868887,42,interleaved
42193,193,0,0.9556369626171722,0.41584783714941187,42,interleaved
42194,194,0,0.08930400656085316,0.6191551578353838,42,interleaved
42195,195,0,0.46336983055883957,0.6447489740207369,42,interleaved
42196,196,0,0.5149879730167943,0.4790950991510487,42,interleaved
42197,197,0,0.45433775195111753,0.4179481880791316,42,interleaved
42198,198,0,0.9868786273127206,0.7277751854621848,42,interleaved
42199,199,0,0.07462034485641943,0.9165435478659301,42,interleaved
42200,0,0,0.017888694771740966,0.9453899264267573,42,blocked
42201,1,0,0.29229039620693875,0.5550057085086093,42,blocked
42202,2,0,0.9370573833163622,0.5097274428001835,42,blocked
42203,3,0,0.010298099508948121,0.7114184863416447,42,blocked
42204,4,0,0.08790429588921969,0.7130175826625436,42,blocked
42205,5,0,0.010931267753263444,1.020300443468744,42,blocked
42206,6,0,0.0685915036432012,0.9942997341717477,42,blocked
42207,7,0,0.14723127260108662,1.0209824267149865,42,blocked
42208,8,0,0.6746812157060453,0.5765991081750212,42,blocked
42209,9,0,0.8658885409094429,0.6195890990430635,42,blocked
42210,10,0,0.6184563627354096,0.6900572658425483,42,blocked
42211,11,0,0.40848478486237577,1.1367167174671584,42,blocked
42212,12,0,0.253811627825189,0.9734056072749773,42,blocked
42213,13,0,0.009023847340154807,1.1841203840503123,42,blocked
42214,14,0,0.9940338319415034,1.1367994470943932,42,blocked
42215,15,0,0.011813540114338224,0.8761056712354809,42,blocked
42216,16,0,0.07923882584482658,0.8285458873294931,42,blocked
42217,17,0,0.2873515196799275,0.6927578666373115,42,blocked
42218,18,0,0.9362457689768477,0.5715880240014359,42,blocked
42219,19,0,0.5690647634986897,0.6154609401379206,42,blocked
42220,20,0,0.9498638346729829,0.6721300373365118,42,blocked
42221,21,0,0.08576494915782316,0.9372533873306599,42,blocked
42222,22,0,0.0009323935921675797,0.9069464022466125,42,blocked
42223,23,0,0.6495862853955514,0.8379853565472664,42,blocked
42224,24,0,0.4481352109736624,0.9039813657977045,42,blocked
42225,25,0,0.2505365698972901,0.7651303713100333,42,blocked
42226,26,0,0.3525370372387831,0.791005658146158,42,blocked
42227,27,0,0.9096607538897783,0.6073170636000707,42,blocked
42228,28,0,0.5088109097733807,0.6716138813703678,42,blocked
42229,29,0,0.6383364373351492,0.5837986023648225,42,blocked
42230,30,0,0.19818146254221328,0.6264397362341759,42,blocked
42231,31,0,0.23477537864978518,0.6821067693529933,42,blocked
42232,32,0,0.8770392177965606,0.5540603480582277,42,blocked
42233,33,0,0.02462844983565867,0.8460410164949105,42,blocked
42234,34,0,0.971448089845055,0.7122057392800767,42,blocked
42235,35,0,0.9957478760063321,1.0332261129311577,42,blocked
42236,36,0,0.5023960668705859,0.7854485348945099,42,blocked
42237,37,0,0.9223132205437063,0.5176920008761797,42,blocked
42238,38,0,0.9395309743178599,0.5845745043495096,42,blocked
42239,39,0,0.9706644237112789,0.5920873353838323,42,blocked
42240,40,0,0.3816755147461388,1.146581539918694,42,blocked
42241,41,0,0.03479644424763401,0.7086004782257629,42,blocked
42242,42,0,0.18121594897581608,0.9728283096758916,42,blocked
42243,43,0,0.37509623369748607,0.4784253424338296,42,blocked
42244,44,0,0.3864809128865818,0.7174058658976579,42,blocked
42245,45,0,0.01238136919993031,0.8924870481914604,42,blocked
42246,46,0,0.02262950550679426,0.9178769877135575,42,blocked
42247,47,0,0.944315096909035,0.7412985494321999,42,blocked
42248,48,0,0.06869218077098437,0.6084983876204859,42,blocked
42249,49,0,0.9760323759509322,0.8469489095630441,42,blocked
42250,50,0,0.3531386098603685,0.5742342457721104,42,blocked
42251,51,0,0.9962652090322327,0.48634331022879174,42,blocked
42252,52,0,0.9417920265062873,0.7098187931629827,42,blocked
42253,53,0,0.9005821538198302,0.633458706977906,42,blocked
42254,54,0,0.00015046524327750469,1.0038855708161312,42,blocked
42255,55,0,0.9028001336319804,0.853022638731903,42,blocked
42256,56,0,0.46555820629256195,1.1054246929855358,42,blocked
42257,57,0,0.8132942318713303,0.6545580556150468,42,blocked
42258,58,0,0.0005610361420338573,0.9306531175634336,42,blocked
42259,59,0,0.004711856482796627,0.8144571435599445,42,blocked
42260,60,0,0.9988507332984461,0.7533072086276738,42,blocked
42261,61,0,0.9182408516404609,0.5583058515725432,42,blocked
42262,62,0,0.595875536630779,0.6245555930229325,42,blocked
42263,63,0,0.6530555454505481,0.5977800917283899,42,blocked
42264,64,0,0.9964844065650172,0.4226685489268007,42,blocked
42265,65,0,0.9461766589977658,0.6794392633634058,42,blocked
42266,66,0,0.2041592388807198,0.8594750679142278,42,blocked
42267,67,0,0.9916509378182978,0.6703588976336874,42,blocked
42268,68,0,0.4994226639175047,0.8428963333504271,42,blocked
42269,69,0,0.8330358379965718,0.35971632363106043,42,blocked
42270,70,0,0.9906395402212105,0.5900973681712169,42,blocked
42271,71,0,0.8724223861028961,0.6314062452546851,42,blocked
42272,72,0,0.9839458123503046,0.7147413147581672,42,blocked
42273,73,0,0.998474170644835,0.7285817909308544,42,blocked
42274,74,0,0.811853807723743,0.5934137412042394,42,blocked
42275,75,0,0.7905236983789012,0.7112537573770368,42,blocked
42276,76,0,0.9741924877963117,0.5936049725302719,42,blocked
42277,77,0,0.22879382442766297,0.7000341359124158,42,blocked
42278,78,0,0.8928517062574557,0.6936619373361763,42,blocked
42279,79,0,0.13506182541750567,0.5292484474252112,42,blocked
42280,80,0,0.5788963911681423,0.5639040899652437,42,blocked
42281,81,0,0.3644557635614847,0.8103642693242664,42,blocked
42282,82,0,0.4473054421913951,0.7212711609647359,42,blocked
42283,83,0,0.4994439777082988,0.8751110569301469,42,blocked
42284,84,0,0.350064822344473,0.6709465838279931,42,blocked
42285,85,0,0.8098418270224086,0.5173881876826638,42,blocked
42286,86,0,0.05240711229504146,1.1695235745699175,42,blocked
42287,87,0,0.5003669316455985,1.2336901628516936,42,blocked
42288,88,0,0.9759454845360404,0.8474286684856014,42,blocked
42289,89,0,0.8102607010600898,0.6115040078188188,42,blocked
42290,90,0,0.8223077755331761,0.6748607788962894,42,blocked
42291,91,0,0.00039779333400473155,1.131001641401011,42,blocked
42292,92,0,0.7756480531359048,0.5663260792814224,42,blocked
42293,93,0,0.4964255325511326,0.45069577545760225,42,blocked
42294,94,0,0.9522743269956523,0.6495569284293479,42,blocked
42295,95,0,0.4113952635507161,1.0840577398885758,42,blocked
42296,96,0,0.06931667745547622,1.3339191592677753,42,blocked
42297,97,0,0.9982805906098812,0.7013819546975055,42,blocked
42298,98,0,0.9541426755835911,0.33855184814089784,42,blocked
42299,99,0,0.28654933089582313,0.6012731938084362,42,blocked
42300,100,0,0.518604120486959,0.6962717111587378,42,blocked
42301,101,0,0.6171949692761362,0.636026045796431,42,blocked
42302,102,0,0.6063216871813597,0.5708990863096493,42,blocked
42303,103,0,0.43270057446846044,0.7014904281726455,42,blocked
42304,104,0,0.5049778655021886,0.6402633126573039,42,blocked
42305,105,0,0.301171378944528,1.0347311284407676,42,blocked
42306,106,0,0.5019195206862718,0.5216832595103843,42,blocked
42307,107,0,0.3448566182287713,0.9773080380917845,42,blocked
42308,108,0,0.9989592137595424,0.7808157475828216,42,blocked
42309,109,0,0.4977206020581881,0.7727441083240401,42,blocked
42310,110,0,0.9616259028453257,1.0336897866394499,42,blocked
42311,111,0,0.504399967547365,0.6469123375311513,42,blocked
42312,112,0,0.9706118110186053,0.4924695958439116,42,blocked
42313,113,0,0.5671538065065416,0.6832262072322379,42,blocked
42314,114,0,0.5035538122667025,0.5330063754564343,42,blocked
42315,115,0,0.5003643636857539,0.79826760949815,42,blocked
42316,116,0,0.4994707176899029,0.599173925900905,42,blocked
42317,117,0,0.4990796084623058,0.8800114957717625,42,blocked
42318,118,0,0.3418582117280393,1.0750687676751813,42,blocked
42319,119,0,0.10572300370411407,0.43244390244312436,42,blocked
42320,120,0,0.49726757483428874,0.5672998315939317,42,blocked
42321,121,0,0.12704484450815473,1.1104662534825565,42,blocked
42322,122,0,0.5103217465930939,0.9891981676921009,42,blocked
42323,123,0,0.3055112906988345,0.5949343868166175,42,blocked
42324,124,0,0.6488080480948527,0.5459228574992425,42,blocked
42325,125,0,0.9939596478781905,0.36286226452339787,42,blocked
42326,126,0,0.004970896314980858,0.6975539020715792,42,blocked
42327,127,0,0.9771675648022538,0.4868088268838199,42,blocked
42328,128,0,0.5654910257133468,0.7176166363751254,42,blocked
42329,129,0,0.8629397055099606,0.49330409226202565,42,blocked
42330,130,0,0.6351804862544774,0.5915681963313891,42,blocked
42331,131,0,0.3700048107727126,0.6280018928834429,42,blocked
42332,132,0,0.9967297686869159,0.6792810895833001,42,blocked
42333,133,0,0.4516749642175227,0.6899072276159937,42,blocked
42334,134,0,0.004908264417649907,1.0885589741814015,42,blocked
42335,135,0,0.0067993275197020635,1.1600846262285878,42,blocked
42336,136,0,0.8751639995962337,0.5323979712489364,42,blocked
42337,137,0,0.5730856969923889,0.46348291400318653,42,blocked
42338,138,0,0.8886929996338551,0.46149837971582053,42,blocked
42339,139,0,0.18902623893581258,0.7360734331127192,42,blocked
42340,140,0,0.9288611503060522,0.38374887068920077,42,blocked
42341,141,0,0.8147160942047578,0.4529042910219496,42,blocked
42342,142,0,0.9955572181214299,0.7382359355092658,42,blocked
42343,143,0,0.9994357527825308,0.599991759345552,42,blocked
42344,144,0,0.5019946854805263,1.296512538671484,42,blocked
42345,145,0,0.00016226530203460805,1.190984311346686,42,blocked
42346,146,0,0.9924295026119327,0.7531868737341001,42,blocked
42347,147,0,0.6269298366227172,0.7628752049668445,42,blocked
42348,148,0,0.4206553706825338,0.6996778482137125,42,blocked
42349,149,0,0.5949037139064167,0.6630325045724319,42,blocked
42350,150,0,0.8547376293427467,0.6202297754815309,42,blocked
42351,151,0,0.09442475138344218,0.6539074771489992,42,blocked
42352,152,0,0.5751267379126289,0.6933629630643918,42,blocked
42353,153,0,0.9977517807398235,0.39072787583421753,42,blocked
42354,154,0,0.16509495143278705,0.6039428622503624,42,blocked
42355,155,0,0.4968856881443894,0.7068134352158145,42,blocked
42356,156,0,0.9830000573016404,0.7073684443124386,42,blocked
42357,157,0,0.9967602113491181,0.47546594214763865,42,blocked
42358,158,0,0.3579265400150125,0.8179477120797737,42,blocked
42359,159,0,0.9932479005649011,0.9070744507133556,42,blocked
42360,160,0,0.39398544025939297,0.5348730279676048,42,blocked
42361,161,0,0.48985250737853825,0.5813612545639819,42,blocked
42362,162,0,0.980131875769029,0.5207159713261897,42,blocked
42363,163,0,0.9899098052399045,0.8165301458454421,42,blocked
42364,164,0,0.011973644268514511,0.6460601048398997,42,blocked
42365,165,0,0.08064353576552101,0.48719852787014584,42,blocked
42366,166,0,0.8600430367931486,0.6370100348222314,42,blocked
42367,167,0,0.09738632087351025,0.8744840201637316,42,blocked
42368,168,0,0.862894937462751,0.3623210793877048,42,blocked
42369,169,0,0.9067208855705085,0.4372678751789203,42,blocked
42370,170,0,0.0715396241661755,0.7464513766469987,42,blocked
42371,171,0,0.14515613100432237,0.5184097503311864,42,blocked
42372,172,0,0.97479843213049,0.5131808981129695,42,blocked
42373,173,0,0.6806843837827082,0.47393857399164735,42,blocked
42374,174,0,0.9110339276729414,0.682551717764411,42,blocked
42375,175,0,0.4134602407052623,0.5537813760640771,42,blocked
42376,176,0,0.9790546306821021,0.7831501261438144,42,blocked
42377,177,0,0.6088884631522532,0.4914350257039741,42,blocked
42378,178,0,0.46368462810777905,0.4779097917816847,42,blocked
42379,179,0,0.935497176132422,0.35604662654743074,42,blocked
42380,180,0,0.44256826285418255,0.7571008224641491,42,blocked
42381,181,0,0.9880410704432767,0.3417605703093705,42,blocked
42382,182,0,0.9997682855924838,0.7216960915566109,42,blocked
42383,183,0,0.779117507659923,0.543954223014605,42,blocked
42384,184,0,0.6230104490637383,0.702451083993388,42,blocked
42385,185,0,0.9761658664377668,0.47162405898667803,42,blocked
42386,186,0,0.5186787146897419,0.6810155140255958,42,blocked
42387,187,0,0.48021933107604975,0.595637286076298,42,blocked
42388,188,0,0.9740704153528782,0.5575550995893481,42,blocked
42389,189,0,0.49981244554799936,0.6879050527028365,42,blocked
42390,190,0,0.889338811946793,0.5237084610764141,42,blocked
42391,191,0,0.6754760270542255,0.6512968369285164,42,blocked
42392,192,0,0.49933305009538503,0.7717499415885554,42,blocked
42393,193,0,0.7164672580098324,0.6790735953365177,42,blocked
42394,194,0,0.10102164006149798,0.7503591357840653,42,blocked
42395,195,0,0.5134451388036414,0.7537433926236661,42,blocked
42396,196,0,0.4984202776380977,0.6745709845001773,42,blocked
42397,197,0,0.9320512391614468,0.5396598995479219,42,blocked
42398,198,0,0.9993965872525119,0.40797617640096706,42,blocked
42399,199,0,0.3567418615725313,0.5844960372755136,42,blocked
42400,0,0,0.02026392285069583,0.9448289488872446,42,early
42401,1,0,0.4147425172583659,0.5079740277867772,42,early
42402,2,0,0.3405874795192513,0.5250258198381883,42,early
42403,3,0,0.5338044770102516,0.6094317676317298,42,early
42404,4,0,0.9999087967462963,0.8452556752996425,42,early
42405,5,0,0.8944961913502413,0.8197869648435354,42,early
42406,6,0,0.9065509649075463,0.48177200063678705,42,early
42407,7,0,0.9302853988688733,0.37403770681491333,42,early
42408,8,0,0.002129110026474372,0.9818491208371969,42,early
42409,9,0,0.09944379534670464,0.6222829354767168,42,early
42410,10,0,0.6878700871703097,0.6504022332333709,42,early
42411,11,0,0.49478184169251566,0.7876715794434089,42,early
42412,12,0,0.021023600286355224,0.6691374259747336,42,early
42413,13,0,0.7929332554806701,0.4820062068285577,42,early
42414,14,0,0.0006500393304846021,0.8544451920808396,42,early
42415,15,0,0.08615643366811021,0.6996238567491297,42,early
42416,16,0,0.5656337862775083,0.9586642474665171,42,early
42417,17,0,0.9561618629466593,0.7424866425848629,42,early
42418,18,0,0.05634609128030945,0.7823488934288836,42,early
42419,19,0,0.008567043761310757,1.0026019655892653,42,early
42420,20,0,0.0003520912235736696,1.145183909898573,42,early
42421,21,0,0.73003518016144,0.7465333411106971,42,early
42422,22,0,0.9982019260692148,1.1833413009872593,42,early
42423,23,0,0.9995186396425569,0.7177902208418336,42,early
42424,24,0,0.47113140618899774,0.5472395481148704,42,early
42425,25,0,0.945817013961847,0.5943884093518329,42,early
42426,26,0,0.9997483117591297,0.6039405858854878,42,early
42427,27,0,0.589237083316607,0.6576967048111766,42,early
42428,28,0,0.5361523187535012,0.7330626009819781,42,early
42429,29,0,1.5126393406218511e-05,1.2897118408408352,42,early
42430,30,0,0.9998998006015143,0.5999231053029807,42,early
42431,31,0,0.9232395673770799,0.5285716891676289,42,early
42432,32,0,0.032579606670984806,0.7646389152773856,42,early
42433,33,0,0.724691482004941,0.5173365248222658,42,early
42434,34,0,0.0034659307214873324,0.7311647121783514,42,early
42435,35,0,0.9755889374693432,0.31760612218310863,42,early
42436,36,0,0.008254385858577275,0.9043311954484092,42,early
42437,37,0,0.042942932160130495,0.8323812356286304,42,early
42438,38,0,0.9997977211616276,0.4783417624308255,42,early
42439,39,0,0.0005334053661581341,1.1124444993984044,42,early
42440,40,0,0.16136963928541942,0.870274374524908,42,early
42441,41,0,0.9462937568644791,0.901135970572803,42,early
42442,42,0,0.6891352217203341,0.552622262739793,42,early
42443,43,0,0.11641668611485695,0.7868082480943641,42,early
42444,44,0,0.08894250567888695,0.9286319359291815,42,early
42445,45,0,0.9427702553608861,0.4830583253345121,42,early
42446,46,0,0.5266334191713645,0.5628890224550347,42,early
42447,47,0,0.4572214786383664,0.700262548783118,42,early
42448,48,0,0.551892443796701,0.6659873002276464,42,early
42449,49,0,0.3901090195754655,0.5349160856949638,42,early
42450,50,0,0.07658984898220425,0.8644412224396982,42,early
42451,51,0,0.38803893908844106,0.7890636769033972,42,early
42452,52,0,0.11666233946424802,0.9062937359942613,42,early
42453,53,0,0.9520787414279737,0.5720959100017962,42,early
42454,54,0,0.4523378152047283,0.7910025764777417,42,early
42455,55,0,0.5468087337496147,0.4821996666759444,42,early
42456,56,0,0.08464799562839644,0.6664431648318979,42,early
42457,57,0,0.8344484669954326,0.44133996635450956,42,early
42458,58,0,0.6131691156875815,0.43197976570220503,42,early
42459,59,0,0.5092677196264878,0.5561926555763502,42,early
42460,60,0,0.5185549288119323,0.7667960438555206,42,early
42461,61,0,0.998580383534167,0.6334482977352031,42,early
42462,62,0,0.9966163351380652,0.39769656583212276,42,early
42463,63,0,0.5003199197713255,0.8351888873753495,42,early
42464,64,0,0.8279741916082408,0.6268024364532457,42,early
42465,65,0,0.792944541369919,0.5141683766090355,42,early
42466,66,0,0.8886447566337646,0.5397944933439793,42,early
42467,67,0,0.7928915200626349,0.4002581200111166,42,early
42468,68,0,0.6407077132368568,0.39655502985400815,42,early
42469,69,0,0.9672126803354936,0.3612992868870154,42,early
42470,70,0,0.5273055719154671,0.36620072180204655,42,early
42471,71,0,0.9976928375650038,0.47954988070567356,42,early
42472,72,0,0.9967103767938046,0.7975080621126736,42,early
42473,73,0,0.7882136844177727,0.47970203899278535,42,early
42474,74,0,0.927320634827913,0.5379400051551391,42,early
42475,75,0,0.8558343810270121,0.5603230081929738,42,early
42476,76,0,0.9409933530771035,0.5941379950557888,42,early
42477,77,0,0.6627442509188252,0.5075173809402258,42,early
42478,78,0,0.9950749803209892,0.45392125109160075,42,early
42479,79,0,0.9603838174741158,0.4135215791227166,42,early
42480,80,0,0.5670920673344632,0.5176765811401058,42,early
42481,81,0,0.7020834850006569,0.547164430406594,42,early
42482,82,0,5.1393797068506874e-05,1.1946863315686727,42,early
42483,83,0,0.5946015872986026,0.4950420083977255,42,early
42484,84,0,0.677824833580017,0.8000772841741688,42,early
42485,85,0,0.5557056162368239,0.46759351172322516,42,early
42486,86,0,0.0006434496122774806,0.9184375306608246,42,early
42487,87,0,0.5079777416392127,0.6337958524530196,42,early
42488,88,0,0.31675800937241533,0.739297030147722,42,early
42489,89,0,0.4919261317815154,0.5304824891171538,42,early
42490,90,0,0.5150562676529081,1.0674902367248953,42,early
42491,91,0,0.5000672368461713,0.8152431473134987,42,early
42492,92,0,0.1805625188638042,0.7407680208756093,42,early
42493,93,0,0.9184855266448848,0.6294565274123314,42,early
42494,94,0,0.08294615889224596,0.8217084239894517,42,early
42495,95,0,0.50142346897455,0.7350804823895312,42,early
42496,96,0,0.08767990146022751,0.718460401804565,42,early
42497,97,0,0.5005221364028235,0.8087554685821732,42,early
42498,98,0,0.010328502039919082,0.5662482690895845,42,early
42499,99,0,0.7346573046199399,0.5225380500686952,42,early
42500,100,0,0.38570573918632406,0.7999774695915562,42,early
42501,101,0,0.4987599146982915,0.9222823844825727,42,early
42502,102,0,0.02966730614406015,1.0677639022148901,42,early
42503,103,0,0.5420291960071708,0.7943211987000327,42,early
42504,104,0,0.965869994749181,0.645626006112173,42,early
42505,105,0,0.9978204372208896,0.6527943905499435,42,early
42506,106,0,0.8911898281043473,0.8475284569774378,42,early
42507,107,0,0.5000002191587426,0.9034939985034913,42,early
42508,108,0,0.4534842581588624,0.5548874879113254,42,early
42509,109,0,0.5029092397166349,0.798017568349279,42,early
42510,110,0,0.3983719504633925,0.6032965635358178,42,early
42511,111,0,0.5235917344844334,0.5861859404892218,42,early
42512,112,0,0.4300916536728308,0.8360380667789784,42,early
42513,113,0,0.9949345099469111,0.699103857596348,42,early
42514,114,0,0.6026555184055467,0.7786722005870366,42,early
42515,115,0,0.5035516520285187,0.5952716786668287,42,early
42516,116,0,0.009568348384881555,0.8617651732317414,42,early
42517,117,0,0.5000000418540744,1.3944394037907093,42,early
42518,118,0,0.4633485867244205,0.8195888459911895,42,early
42519,119,0,0.29041570631734104,0.6709094221300411,42,early
42520,120,0,0.14715040174647556,0.6882623669667459,42,early
42521,121,0,0.5298392454347651,0.5346935456777121,42,early
42522,122,0,0.8840586754494333,0.5884413896262444,42,early
42523,123,0,0.6752196636085517,0.49421089902727744,42,early
42524,124,0,0.3041541356043088,0.4751886692946081,42,early
42525,125,0,0.735729639073579,0.5867225962757002,42,early
42526,126,0,0.016624215137537406,0.723859228930261,42,early
42527,127,0,0.5019003811902545,0.6989981761339392,42,early
42528,128,0,0.6225008982109035,0.9377513794948984,42,early
42529,129,0,0.5625667461773887,0.6968302359103593,42,early
42530,130,0,0.348615319038611,0.5276153261988336,42,early
42531,131,0,0.6396274348980685,0.891720955371407,42,early
42532,132,0,0.9613350375015874,0.5404084849256616,42,early
42533,133,0,0.5085005520101085,1.0601397614457686,42,early
42534,134,0,0.7166002716816422,1.058199698216272,42,early
42535,135,0,0.39910165248706636,0.5913045956693126,42,early
42536,136,0,0.012908854204112022,0.7799455730427609,42,early
42537,137,0,0.6660013557903022,0.562404112771156,42,early
42538,138,0,0.9899416579231939,0.6321518786231983,42,early
42539,139,0,0.520416975553395,0.5889643256955268,42,early
42540,140,0,0.02390532528960472,0.9150212726596434,42,early
42541,141,0,0.5009761571029967,0.7107791405106758,42,early
42542,142,0,0.6842138812199996,0.5325815429572494,42,early
42543,143,0,0.6024407005452389,0.4227365798440016,42,early
42544,144,0,0.4876612046750215,0.42834099534526093,42,early
42545,145,0,0.7832181978811592,0.5145329788504274,42,early
42546,146,0,0.4524145517544658,0.6430477392879446,42,early
42547,147,0,0.4987729892527273,0.8345177181617864,42,early
42548,148,0,0.9447079802538327,0.4954876576319734,42,early
42549,149,0,0.5132650331904818,0.5758514137828905,42,early
42550,150,0,0.9908786769250794,0.3569532062856975,42,early
42551,151,0,0.6179746439157114,0.38961370895881875,42,early
42552,152,0,0.8074933575456134,0.5935026782996626,42,early
42553,153,0,0.6746358759100508,0.7222408459938024,42,early
42554,154,0,0.4910449127204648,0.8126497840077334,42,early
42555,155,0,0.6314661131610502,0.5963620125764195,42,early
42556,156,0,0.029057819935725055,0.7038143825087041,42,early
42557,157,0,0.8816724004068162,0.708468580309652,42,early
42558,158,0,0.27340503335851357,0.8453563408544019,42,early
42559,159,0,0.5000997750051634,0.8599083860028266,42,early
42560,160,0,0.5181358513718185,0.5322594807162073,42,early
42561,161,0,0.9914091339540185,0.31363505468357,42,early
42562,162,0,0.8605836468598099,0.5323024198315762,42,early
42563,163,0,0.5025584995982004,0.6134128968878285,42,early
42564,164,0,0.5057002890541189,0.793137256410936,42,early
42565,165,0,0.9580477368732685,0.5414343660200044,42,early
42566,166,0,9.2182878613347e-06,0.9854537122527418,42,early
42567,167,0,0.9410037773765991,0.6198832001205004,42,early
42568,168,0,0.9570723928333654,0.4941846166794557,42,early
42569,169,0,0.9402566900207043,0.4938695096677049,42,early
42570,170,0,0.5011483502893044,0.6289860890336817,42,early
42571,171,0,0.9434092604519426,0.5073404897838434,42,early
42572,172,0,1.2174817205691737e-05,1.0812693646569498,42,early
42573,173,0,0.5488957669594183,0.4728990188868755,42,early
42574,174,0,0.3655683714572958,0.7922986100106574,42,early
42575,175,0,0.49996889734265204,1.1292668023582202,42,early
42576,176,0,0.4696329308119966,0.6203394736495711,42,early
42577,177,0,0.7863491069049162,0.8290953974736657,42,early
42578,178,0,0.6945769567190906,0.519986671515285,42,early
42579,179,0,0.6424129564982652,0.4808336463253945,42,early
42580,180,0,0.10643867513858372,0.6455863854163735,42,early
42581,181,0,0.8879069693662247,0.4692948579518037,42,early
42582,182,0,0.9220681151148846,0.6806800084860747,42,early
42583,183,0,0.4513752671805714,0.7024038559839664,42,early
42584,184,0,0.7509462998143566,0.5622477578770919,42,early
42585,185,0,0.022920797712323332,0.8376313522017749,42,early
42586,186,0,0.13318421167070427,0.4768602312051945,42,early
42587,187,0,0.20210598987243925,0.5776039155141868,42,early
42588,188,0,0.5984429240316385,0.4263343178429385,42,early
42589,189,0,0.006099085641965441,0.9853996666037198,42,early
42590,190,0,0.5062900250005146,0.5474935383889892,42,early
42591,191,0,0.4636714203830868,0.529887836070996,42,early
42592,192,0,0.8506327762707724,0.7351436645927651,42,early
42593,193,0,0.5054059828610775,0.5079438209816556,42,early
42594,194,0,0.9112692039777838,0.6332901733583762,42,early
42595,195,0,0.5016945693979414,0.7050542566300281,42,early
42596,196,0,0.5042875703541235,0.9080676977479154,42,early
42597,197,0,0.49998824828844907,0.7997497205505939,42,early
42598,198,0,0.5028334821972752,0.8549605797420141,42,early
42599,199,0,0.09717956284720468,0.5231391050868818,42,early
42600,0,0,0.31727713594405715,0.7928763105562466,42,middle
42601,1,0,0.4707062309965967,0.4946734483285312,42,middle
42602,2,0,0.010197822279403364,0.8680233429817894,42,middle
42603,3,0,0.5017038195494069,0.7324863360436682,42,middle
42604,4,0,0.4487197897517352,0.5965905919225821,42,middle
42605,5,0,0.42814418321233466,0.5956257822508617,42,middle
42606,6,0,0.026187719021669935,0.7443906519440381,42,middle
42607,7,0,0.5410028166770543,0.565425616515132,42,middle
42608,8,0,0.11150860704424952,0.5043265501160724,42,middle
42609,9,0,0.5186826776084753,0.5321054010957748,42,middle
42610,10,0,0.0030309147206411934,0.8966741624993977,42,middle
42611,11,0,0.5122029277990872,0.6233259485975147,42,middle
42612,12,0,0.6035227755328979,0.35179916332340877,42,middle
42613,13,0,0.4715775699131916,0.475701991738665,42,middle
42614,14,0,0.0509676669678544,0.549705061414742,42,middle
42615,15,0,0.5899352543210722,0.6882349023236555,42,middle
42616,16,0,0.9410555548037143,0.43453588400775367,42,middle
42617,17,0,0.33246054942940995,0.6695059061319051,42,middle
42618,18,0,0.07768602933908239,0.6334217906066386,42,middle
42619,19,0,0.4997340298850411,0.8128453653667561,42,middle
42620,20,0,0.984388345294943,0.6634321646340376,42,middle
42621,21,0,0.547138001753547,0.5849708927369546,42,middle
42622,22,0,0.18642842176795565,0.8175106995437256,42,middle
42623,23,0,0.517320701505548,0.9194280290977275,42,middle
42624,24,0,0.24527372486562984,1.060569081130609,42,middle
42625,25,0,0.5057415818947176,1.1833360846089298,42,middle
42626,26,0,0.4509494794569024,0.7566752759788261,42,middle
42627,27,0,0.49018842831580156,0.9989232265056358,42,middle
42628,28,0,0.4864577917890599,0.547521350702919,42,middle
42629,29,0,0.4459914768354234,0.6812064174181716,42,middle
42630,30,0,0.48944925171683457,0.6403161706899074,42,middle
42631,31,0,0.530850010334103,0.9192884752294439,42,middle
42632,32,0,0.004953286606629295,1.1458272887303047,42,middle
42633,33,0,0.502158403963419,0.7033124411987342,42,middle
42634,34,0,0.0184806536862587,0.8176148356670758,42,middle
42635,35,0,0.4855191353137466,1.0106382587038987,42,middle
42636,36,0,0.30360855578354384,0.943057584087178,42,middle
42637,37,0,0.5216296653239835,0.8428082171443245,42,middle
42638,38,0,0.561239067854595,0.6851459402575879,42,middle
42639,39,0,0.9437721105090859,0.7072025529917045,42,middle
42640,40,0,0.7353437220657214,0.7496128123962953,42,middle
42641,41,0,5.503815858913643e-06,1.4322354316393107,42,middle
42642,42,0,0.4981110689413908,0.8965284007667509,42,middle
42643,43,0,0.486110816881785,0.8229713970336865,42,middle
42644,44,0,0.8700621157405137,0.6580238607519946,42,middle
42645,45,0,0.013520387519756445,0.7866379571815347,42,middle
42646,46,0,0.9316380612461924,0.546336844665288,42,middle
42647,47,0,9.208008305996362e-06,1.261641457061801,42,middle
42648,48,0,0.9916683112284665,0.6445422222686461,42,middle
42649,49,0,0.9727064417371287,0.5403385567190901,42,middle
42650,50,0,0.9555315253223045,0.37908324357124,42,middle
42651,51,0,0.9379355763150812,0.493799843960373,42,middle
42652,52,0,0.997187929282616,0.537393280399638,42,middle
42653,53,0,0.010694718431756163,0.6015240177333693,42,middle
42654,54,0,0.7437582355443695,0.5683326501905737,42,middle
42655,55,0,0.007616685395517016,0.9426623480286007,42,middle
42656,56,0,0.004338076957948291,0.9661501580076322,42,middle
42657,57,0,0.9973634043541111,0.4999302155814826,42,middle
42658,58,0,0.07046255291973773,0.7975956435402105,42,middle
42659,59,0,0.22580020898803854,0.6634641002163846,42,middle
42660,60,0,0.007235150485941643,0.7613306437539729,42,middle
42661,61,0,0.21742727365898457,0.5869881284321563,42,middle
42662,62,0,0.030728154630022483,0.8093072234919236,42,middle
42663,63,0,0.9985126021455011,0.4266422650734566,42,middle
42664,64,0,0.07345812312776835,0.668765730171778,42,middle
42665,65,0,0.614199676050786,0.6034051594145651,42,middle
42666,66,0,0.75223688809595,0.5794413660510325,42,middle
42667,67,0,0.8831519442827823,0.5238713796370186,42,middle
42668,68,0,0.45745099686033697,0.7399806707814405,42,middle
42669,69,0,0.9996791746407364,0.6892586929767528,42,middle
42670,70,0,0.759671361571268,0.6597808297669214,42,middle
42671,71,0,0.9463484373452155,0.579860907473719,42,middle
42672,72,0,0.9999416716171334,0.7672489297818949,42,middle
42673,73,0,0.9493550714242707,0.6513351745241738,42,middle
42674,74,0,0.9810090066872635,0.3730602536863823,42,middle
42675,75,0,0.9990187982537471,0.475764286078955,42,middle
42676,76,0,0.9085095789278943,0.3567448847156528,42,middle
42677,77,0,0.06814305057304769,0.8341717170965932,42,middle
42678,78,0,0.9999903170312321,0.9572337490413866,42,middle
42679,79,0,0.9713529127779899,0.7006747230898986,42,middle
42680,80,0,0.5136359546948575,0.6926551166214995,42,middle
42681,81,0,0.5771531852699626,0.6676849769118691,42,middle
42682,82,0,0.06384903081566665,0.568376864844456,42,middle
42683,83,0,0.4939386294600581,0.6927598301648319,42,middle
42684,84,0,0.5041037169181056,0.9012342247694634,42,middle
42685,85,0,0.7563960511409971,0.6542481755529741,42,middle
42686,86,0,0.9883879637662487,0.745272006557071,42,middle
42687,87,0,0.17548176901925855,0.8266480488959098,42,middle
42688,88,0,0.8404014681340952,0.6821416954034534,42,middle
42689,89,0,0.942049666486592,0.35570394293248314,42,middle
42690,90,0,0.548591674933018,0.6295463969344351,42,middle
42691,91,0,0.03653427968013303,0.6451818899188935,42,middle
42692,92,0,0.39761634171008803,0.6114540557028761,42,middle
42693,93,0,0.3129069082506668,0.753011527335595,42,middle
42694,94,0,0.45378041818525433,0.828881788749374,42,middle
42695,95,0,0.608850404411821,0.6166304416356179,42,middle
42696,96,0,0.5152354503391875,0.7042299301348449,42,middle
42697,97,0,0.49171403734763003,0.8869179032056652,42,middle
42698,98,0,0.5409936758579907,0.6105191805728334,42,middle
42699,99,0,0.958539402017764,0.4092437760591119,42,middle
42700,100,0,0.5347212716157976,0.6008847235247574,42,middle
42701,101,0,0.8751916961070112,0.34690264876215,42,middle
42702,102,0,0.4784033698692495,0.5122336582676653,42,middle
42703,103,0,0.9883077886165901,0.524452216796305,42,middle
42704,104,0,0.5756804483207976,0.6291456877752052,42,middle
42705,105,0,0.9200170426952609,0.6353652857484722,42,middle
42706,106,0,0.4871929802939767,0.7572999136259325,42,middle
42707,107,0,0.8605561884462481,0.7725400114646072,42,middle
42708,108,0,0.8162885151517314,0.41126154599843634,42,middle
42709,109,0,0.4959747254938035,0.5341911413993612,42,middle
42710,110,0,0.5803372617533982,0.7740616278700949,42,middle
42711,111,0,0.9639983262137797,0.6525173078977408,42,middle
42712,112,0,0.6668905625126121,0.6768922868931324,42,middle
42713,113,0,0.7243986574445773,0.6547951231952194,42,middle
42714,114,0,0.9910741349501958,0.2914894458685649,42,middle
42715,115,0,0.48512967380983685,0.7293501878066422,42,middle
42716,116,0,0.5024478099657477,1.027533532436372,42,middle
42717,117,0,0.9854194566089765,0.5291574744690926,42,middle
42718,118,0,0.4998350946277211,0.9638591178650946,42,middle
42719,119,0,0.9933547543351265,0.4797092487856314,42,middle
42720,120,0,0.7006164351778896,0.45988184215669314,42,middle
42721,121,0,0.5002476840497144,0.8716771501713239,42,middle
42722,122,0,0.004886239525793877,0.6604660947249212,42,middle
42723,123,0,0.9438788418781978,0.48853064270176016,42,middle
42724,124,0,0.49380278385060805,0.6018010902252282,42,middle
42725,125,0,0.5009733095182094,0.9297740421943963,42,middle
42726,126,0,0.7721936627479651,0.5879846738192759,42,middle
42727,127,0,0.5010585244885674,0.6131558357195162,42,middle
42728,128,0,0.008244571697469873,0.8068836772780155,42,middle
42729,129,0,0.5017606909001431,0.5780097442107314,42,middle
42730,130,0,0.6670201336808641,0.5051997345653104,42,middle
42731,131,0,0.5096351308379994,0.5509245971938052,42,middle
42732,132,0,0.995709372545426,0.6607053509346604,42,middle
42733,133,0,0.501396465247119,0.8566825563575098,42,middle
42734,134,0,0.5197209053785256,0.5095238036269659,42,middle
42735,135,0,0.794934139085943,0.5883752341835757,42,middle
42736,136,0,0.5948832207730793,0.5318197324071204,42,middle
42737,137,0,0.9166369764560667,0.37792168339024185,42,middle
42738,138,0,0.830557804072876,0.4443972848334379,42,middle
42739,139,0,0.5010623323236796,0.7671590498901808,42,middle
42740,140,0,0.4898001777921562,0.6166102374518663,42,middle
42741,141,0,0.911876866703935,0.579047523882156,42,middle
42742,142,0,0.5620055945847611,0.6164865460903878,42,middle
42743,143,0,0.5000266421856792,0.7633212633522697,42,middle
42744,144,0,0.4653752727476574,0.5445576305183555,42,middle
42745,145,0,0.9843836203129628,0.4325144080712384,42,middle
42746,146,0,0.285199590071123,0.620087374503035,42,middle
42747,147,0,0.499996095090387,0.8586947262789629,42,middle
42748,148,0,0.10299630930888423,0.7352444831387721,42,middle
42749,149,0,0.5479660425646602,0.590459130512297,42,middle
42750,150,0,0.6190493992512591,0.6627989322378116,42,middle
42751,151,0,0.5037516491339946,0.8654359132696492,42,middle
42752,152,0,0.06685694063743076,0.8638182567914652,42,middle
42753,153,0,0.5152478745802952,0.6666988341987775,42,middle
42754,154,0,0.026700030456043827,0.9421614166175534,42,middle
42755,155,0,0.5562794821622958,0.6486616067137589,42,middle
42756,156,0,0.9319955072863189,0.5840742164851283,42,middle
42757,157,0,0.542512670752592,0.6089129640249711,42,middle
42758,158,0,0.11711050274409068,0.7098214022758306,42,middle
42759,159,0,0.9995692610688511,0.5535945054771828,42,middle
42760,160,0,0.929988221975278,0.45760872661666957,42,middle
42761,161,0,0.016569620456181176,0.5884231557466216,42,middle
42762,162,0,0.3359607240876912,0.5690356453081953,42,middle
42763,163,0,0.5357666971566671,0.9397534552609043,42,middle
42764,164,0,0.9999730522857513,0.5143330340534602,42,middle
42765,165,0,0.981353570437304,0.34418235712521267,42,middle
42766,166,0,0.8155715810524808,0.4696386274990217,42,middle
42767,167,0,0.4996026894604052,0.8512999978544467,42,middle
42768,168,0,0.4899681924798331,0.7055549332012828,42,middle
42769,169,0,0.5713082574663131,0.46468328125488606,42,middle
42770,170,0,0.9902312615166122,0.415847297678365,42,middle
42771,171,0,0.500431801455455,0.6558824856488158,42,middle
42772,172,0,0.43678789283440395,1.0435084616461687,42,middle
42773,173,0,0.9992416377486419,0.6362555653490214,42,middle
42774,174,0,0.999895185872449,0.4785335017189861,42,middle
42775,175,0,0.811381042688742,0.5362434633555583,42,middle
42776,176,0,0.9125235185391667,0.45132665355037205,42,middle
42777,177,0,0.9039607460364958,0.4580364578671212,42,middle
42778,178,0,0.9933974424111927,0.8539274736609583,42,middle
42779,179,0,0.7898604593316576,0.628555328526804,42,middle
42780,180,0,0.9047763209035524,0.5615213148871327,42,middle
42781,181,0,0.9842719208487634,0.4149004035715554,42,middle
42782,182,0,0.2088711891130509,0.5528523468557449,42,middle
42783,183,0,0.8086244074365538,0.5449550979934246,42,middle
42784,184,0,0.9822949343379839,0.4283163024493172,42,middle
42785,185,0,0.9983671341686886,0.48034409987975746,42,middle
42786,186,0,0.8988449257278248,0.4580421765226142,42,middle
42787,187,0,0.8673358402336611,0.5664206867629105,42,middle
42788,188,0,0.452881268878444,0.7480421555720593,42,middle
42789,189,0,0.0003316293190464409,1.2176120337881642,42,middle
42790,190,0,0.5031745525921004,1.043851854834107,42,middle
42791,191,0,0.9464106231263836,0.6181326149790611,42,middle
42792,192,0,0.7712067724703969,0.438248213333826,42,middle
42793,193,0,0.9981877780525982,0.5061019830632122,42,middle
42794,194,0,0.5563168073019973,0.9384894581782779,42,middle
42795,195,0,0.04817997100145372,1.0440072381275423,42,middle
42796,196,0,0.0886199494537179,0.47825100715574165,42,middle
42797,197,0,0.9647413645259899,0.5814590430373804,42,middle
42798,198,0,0.1370226750547302,0.6642846893578542,42,middle
42799,199,0,0.38106544499614226,0.7711144647228222,42,middle
42800,0,0,0.856840441475607,0.4946079675342712,42,late
42801,1,0,0.5109163707067501,0.8276133615194113,42,late
42802,2,0,0.4830086515787128,0.7239692605484891,42,late
42803,3,0,0.2969394848887731,0.628964105184173,42,late
42804,4,0,0.8739170136592809,0.7071947293541694,42,late
42805,5,0,0.6151511464683561,0.520477679684545,42,late
42806,6,0,0.5482247155846021,0.7926477061508457,42,late
42807,7,0,0.8556014809613419,0.6689662509242942,42,late
42808,8,0,0.3424632897151831,0.7686470142848179,42,late
42809,9,0,0.6311096681176842,0.7533220783154715,42,late
42810,10,0,0.26406676358689796,0.7780580140506478,42,late
42811,11,0,0.5655357800142092,0.580117862050544,42,late
42812,12,0,0.0720100241794309,0.9478401133292713,42,late
42813,13,0,0.5178222979725033,0.8493121008262995,42,late
42814,14,0,0.5047126390805347,0.42640716897771475,42,late
42815,15,0,0.1404321749182044,0.5980617438342792,42,late
42816,16,0,0.5953978903964932,0.7972627093948803,42,late
42817,17,0,0.03093819999065473,0.9348154790468912,42,late
42818,18,0,0.22392041698198434,0.7636530883788106,42,late
42819,19,0,0.5014205754944995,0.7931165896728389,42,late
42820,20,0,0.5279433359879541,0.7146592032035984,42,late
42821,21,0,0.4516694144068901,0.8522038851931759,42,late
42822,22,0,0.4044207567308979,0.7560255815249994,42,late
42823,23,0,0.48370198269745124,0.7303071076207294,42,late
42824,24,0,0.657128976006631,0.5167221034644034,42,late
42825,25,0,0.5946924346634286,0.8644644008573321,42,late
42826,26,0,0.4663266662578132,0.8435603735282724,42,late
42827,27,0,0.13215903090031925,0.6593156316696513,42,late
42828,28,0,0.6946794099365052,0.6592412282879148,42,late
42829,29,0,0.9577459093964957,0.6533019281530907,42,late
42830,30,0,0.4913618549245076,0.6808778892077842,42,late
42831,31,0,0.13686023321187596,0.8073175909018144,42,late
42832,32,0,0.46947714375382676,0.8704665923638059,42,late
42833,33,0,0.5246841785149108,0.6982840494326075,42,late
42834,34,0,0.4213330725846411,0.9267312483813015,42,late
42835,35,0,0.19418028456792846,0.7444336082377239,42,late
42836,36,0,0.5483390453067816,0.6564188919549592,42,late
42837,37,0,0.5915370139204669,0.7370114956061178,42,late
42838,38,0,0.3027128668964804,0.8895413283876816,42,late
42839,39,0,0.4940499892778892,0.9444184974495342,42,late
42840,40,0,0.9306529783136177,0.5478498623936261,42,late
42841,41,0,0.12040287410557739,0.7878500249246665,42,late
42842,42,0,0.47297432474422685,0.6712601093091759,42,late
42843,43,0,0.367161224023286,0.7580883123573277,42,late
42844,44,0,0.464360216892439,0.7675953368435546,42,late
42845,45,0,0.6316155095668056,0.8084446513165386,42,late
42846,46,0,0.5027054704784385,0.8221538807882243,42,late
42847,47,0,0.922958507314033,0.60225387732824,42,late
42848,48,0,0.7950936460807662,0.6258380847731765,42,late
42849,49,0,0.20266165527431698,0.8075267067521785,42,late
42850,50,0,0.5060402446488526,0.6183454635618486,42,late
42851,51,0,0.39981444508268926,0.6465487970174267,42,late
42852,52,0,0.5266552024298528,0.8838977059706057,42,late
42853,53,0,0.992835487270695,0.5682114298262442,42,late
42854,54,0,0.19880065349561146,0.9097382080724375,42,late
42855,55,0,0.08145439608273176,0.6733802244557797,42,late
42856,56,0,0.5134340803869044,0.6199862505662076,42,late
42857,57,0,0.5399587114774466,0.6143619441610038,42,late
42858,58,0,0.6801743816247505,0.6254514966508227,42,late
42859,59,0,0.12081648863530674,0.6484605131852527,42,late
42860,60,0,0.48105241978881097,0.6028940176335524,42,late
42861,61,0,0.08678235158543042,0.6431111861152359,42,late
42862,62,0,0.6053533456746412,0.6745017610631824,42,late
42863,63,0,0.8332984372302388,1.0448060900780436,42,late
42864,64,0,0.49940839881175103,0.8851162272683493,42,late
42865,65,0,0.14427106831824194,0.7773998086963304,42,late
42866,66,0,0.7497750736850413,0.4742547798369865,42,late
42867,67,0,0.49746299316088105,0.7631447988872464,42,late
42868,68,0,0.7194284822617519,0.5783169633436913,42,late
42869,69,0,0.6895661354272058,0.5212619553555211,42,late
42870,70,0,0.5353571090435392,0.6388518880983134,42,late
42871,71,0,0.47496854660152915,0.6960855502409833,42,late
42872,72,0,0.26661369029231075,0.7568980000326333,42,late
42873,73,0,0.0027938014362018765,1.3457227934830147,42,late
42874,74,0,0.5012589063558078,0.867172981344182,42,late
42875,75,0,0.5441332640479496,0.6269459683301954,42,late
42876,76,0,0.5023422512040155,0.7526607052277734,42,late
42877,77,0,0.47930812108937404,0.7861133168883362,42,late
42878,78,0,0.9596366078349432,0.52037681915387,42,late
42879,79,0,0.530814952414357,1.053436712289102,42,late
42880,80,0,0.7774297276775061,0.6504412160749,42,late
42881,81,0,0.1744934435376847,0.6007340834356591,42,late
42882,82,0,0.0867322954897708,0.8305624414126618,42,late
42883,83,0,0.2072106004637149,0.5117186799332852,42,late
42884,84,0,0.5898977254115377,0.4669519525132326,42,late
42885,85,0,0.5760117293258815,0.5244464052215922,42,late
42886,86,0,0.4963084074007163,0.7414565957574106,42,late
42887,87,0,0.9687032395703532,0.5700479138908046,42,late
42888,88,0,0.4957699248088422,1.035746756626052,42,late
42889,89,0,0.9318184583013034,0.46145909595916146,42,late
42890,90,0,0.6349934520057083,0.5331154176389753,42,late
42891,91,0,0.8147142393784363,0.40184073990810537,42,late
42892,92,0,0.312896393348075,0.8559910453698618,42,late
42893,93,0,0.501060070252459,0.8218692673722379,42,late
42894,94,0,0.9334418455343343,0.5617901503674516,42,late
42895,95,0,0.11226433472150148,0.6636698029651777,42,late
42896,96,0,0.5012804310352882,0.5284302804366734,42,late
42897,97,0,0.9909489063592137,0.5906551684548813,42,late
42898,98,0,0.5977054726835175,0.6670800148871592,42,late
42899,99,0,0.7022831930360042,0.6891131534225658,42,late
42900,100,0,0.6459115454858684,0.6742984810766157,42,late
42901,101,0,0.9935525941658453,0.3103970839097253,42,late
42902,102,0,0.9940061761810364,0.3537153940321885,42,late
42903,103,0,0.9737264507094063,0.4441738073110634,42,late
42904,104,0,0.5076806955058311,0.6164673178258927,42,late
42905,105,0,0.9597761614455289,0.6332899918328301,42,late
42906,106,0,0.8920342131688985,0.547335870050943,42,late
42907,107,0,0.7249223272806111,0.43350677997136655,42,late
42908,108,0,0.9979580622687485,0.33815958741365726,42,late
42909,109,0,0.4954034006600272,0.6857193939632731,42,late
42910,110,0,0.9558791439732826,0.4448414065467027,42,late
42911,111,0,0.5041849464860946,0.9266194244222848,42,late
42912,112,0,0.7145989650418909,0.5532637672317426,42,late
42913,113,0,0.6409021320140021,0.4036998649801402,42,late
42914,114,0,0.5202638307875835,0.941167408278893,42,late
42915,115,0,0.861337469768685,0.3707152364899122,42,late
42916,116,0,0.5620231749435679,0.5132737240308335,42,late
42917,117,0,0.5323798082542404,0.6236955291603561,42,late
42918,118,0,0.8506689845078976,0.7127473982459589,42,late
42919,119,0,0.524529954753395,0.81051836192669,42,late
42920,120,0,0.5003391238122944,0.6153059541255923,42,late
42921,121,0,0.9996612892243475,0.6219610247473826,42,late
42922,122,0,0.8399962577182825,0.41765611948353437,42,late
42923,123,0,0.9808347071420677,0.5689336766989047,42,late
42924,124,0,1.9158282723269136e-06,1.413766169147698,42,late
42925,125,0,0.9862063213895444,0.5609721527487697,42,late
42926,126,0,0.747547373832932,0.6286092870581347,42,late
42927,127,0,0.5117800447154487,0.5391346586623408,42,late
42928,128,0,0.14625115026941576,0.7062996787522895,42,late
42929,129,0,0.015386333807370978,0.8899131267249845,42,late
42930,130,0,0.023961218730015554,0.8179785866329905,42,late
42931,131,0,0.03960144998664102,0.8199905658254203,42,late
42932,132,0,0.9975379119948689,0.4914400111490056,42,late
42933,133,0,0.03686820856537282,0.7818304326963559,42,late
42934,134,0,0.4254694831735323,0.8653684028389085,42,late
42935,135,0,0.9966191272798497,0.3865105754962452,42,late
42936,136,0,0.3885009398149702,0.7625848037888137,42,late
42937,137,0,0.4190676702357631,0.6289553454625393,42,late
42938,138,0,0.9999708908950931,0.8650822939176097,42,late
42939,139,0,0.5829464458017466,0.40542973386605635,42,late
42940,140,0,0.5061928969095083,0.8271159297842517,42,late
42941,141,0,0.9914746542675525,0.40937752238425107,42,late
42942,142,0,0.6198037241646296,0.7411695372510341,42,late
42943,143,0,0.5829887713995039,0.6128804858868675,42,late
42944,144,0,0.47111156687807443,0.5868243403457726,42,late
42945,145,0,0.9917598574533524,0.36326985347817314,42,late
42946,146,0,0.9916198655364692,0.293789233309368,42,late
42947,147,0,0.9922300046612096,0.5119826607148706,42,late
42948,148,0,0.2054439194195999,0.8907759488837997,42,late
42949,149,0,0.9884598749468088,0.5688859045360779,42,late
42950,150,0,0.5640994134477404,0.3907618425448117,42,late
42951,151,0,0.22352401362398544,0.572322250305089,42,late
42952,152,0,0.08665297018181284,0.7109109869298659,42,late
42953,153,0,0.9177793818984585,0.5897443971575513,42,late
42954,154,0,0.8545868368881986,0.5920418584148004,42,late
42955,155,0,0.6205378520991255,0.6286314345682615,42,late
42956,156,0,0.346803252093507,0.5382669300540901,42,late
42957,157,0,0.994106733552669,0.361487103296691,42,late
42958,158,0,0.8211266824486101,0.4615117628999186,42,late
42959,159,0,0.9940580459368007,0.32143376989901007,42,late
42960,160,0,0.057617432002282136,0.6979322222234048,42,late
42961,161,0,0.6905585781819794,0.42114611409171143,42,late
42962,162,0,0.48516677438972916,0.6557470505916627,42,late
42963,163,0,0.8318930580682293,0.643242472519064,42,late
42964,164,0,0.511236826407223,0.5125573375427466,42,late
42965,165,0,0.9799302671745205,0.7167310844796642,42,late
42966,166,0,0.3242457775550922,1.103226413542699,42,late
42967,167,0,0.4366942160540498,0.873810819751398,42,late
42968,168,0,0.6675954834304334,0.6168242917551785,42,late
42969,169,0,0.5000100025236087,0.7424651336282677,42,late
42970,170,0,0.21331546800752274,0.6184739074142848,42,late
42971,171,0,0.10941315934708487,0.9056842283229892,42,late
42972,172,0,0.7030530753898864,0.4752270154867695,42,late
42973,173,0,0.5085649397798802,0.6347199033974577,42,late
42974,174,0,0.6822955265293287,0.6132267714765323,42,late
42975,175,0,0.5682749116522253,0.5206952060972776,42,late
42976,176,0,0.9238408134758175,0.35495411833601354,42,late
42977,177,0,0.280597823402479,0.7128488778295068,42,late
42978,178,0,0.5589426412974985,0.6830123684170952,42,late
42979,179,0,0.5049033758775311,0.6006331131940206,42,late
42980,180,0,0.8570579047010365,0.5381325219399238,42,late
42981,181,0,0.3185543186602329,0.6089629633053313,42,late
42982,182,0,0.9696020019944779,0.5660660668231758,42,late
42983,183,0,0.9960149165312785,0.35559402373271665,42,late
42984,184,0,0.0832574877940164,0.5262123241403535,42,late
42985,185,0,0.49398978225949564,0.646584911352069,42,late
42986,186,0,0.9081458673577237,0.8051050362583295,42,late
42987,187,0,0.1303534621295039,0.5960413478989617,42,late
42988,188,0,0.8359756361229428,0.5026115352092624,42,late
42989,189,0,0.9814397601428646,0.4818380427556388,42,late
42990,190,0,0.5046137960970741,0.9545308282321903,42,late
42991,191,0,0.8932019624330093,0.7913354575515887,42,late
42992,192,0,0.8083500269770607,0.6094000478436024,42,late
42993,193,0,0.9926468303532981,0.3516960134045249,42,late
42994,194,0,0.43616700202659614,0.3844074026871592,42,late
42995,195,0,0.6362870042729866,0.5576766419904744,42,late
42996,196,0,0.5880351873917486,0.7550802883186849,42,late
42997,197,0,0.9779424497215966,0.2722046249085421,42,late
42998,198,0,0.7439971613498321,0.8046086878221652,42,late
42999,199,0,8.701125489598566e-06,1.4842823768766558,42,late
43000,0,0,0.4917141126609295,0.5622645005702926,43,interleaved
43001,1,0,0.12203728721537328,0.6696048366597629,43,interleaved
43002,2,0,0.5366686060716358,0.6502735182078552,43,interleaved
43003,3,0,0.552907423896355,0.5123534922043134,43,interleaved
43004,4,0,0.26605305818621333,0.707632105887139,43,interleaved
43005,5,0,0.4850145373516666,0.4558186882936189,43,interleaved
43006,6,0,0.8503418576403958,0.5507443457953142,43,interleaved
43007,7,0,0.12267430861528733,0.7061956891581869,43,interleaved
43008,8,0,0.9162505251718616,0.6767874278816519,43,interleaved
43009,9,0,0.2053943464539404,0.7064544922003311,43,interleaved
43010,10,0,0.5005264821643706,0.33593353094807676,43,interleaved
43011,11,0,0.9992559121054692,0.4651573883923143,43,interleaved
43012,12,0,0.48015861322291065,0.438463684513529,43,interleaved
43013,13,0,0.0014832967852078669,0.9237932171134112,43,interleaved
43014,14,0,0.44745450408678145,0.8487734189047432,43,interleaved
43015,15,0,0.6756567100988842,0.66046137266912,43,interleaved
43016,16,0,0.43161903713587413,0.6874657141605199,43,interleaved
43017,17,0,0.49977482305571197,0.5315969932462099,43,interleaved
43018,18,0,0.7686110044579648,0.5437435193750816,43,interleaved
43019,19,0,0.37537476958872157,0.659047785098594,43,interleaved
43020,20,0,0.5480701921006702,0.9095610104781798,43,interleaved
43021,21,0,0.5011607676748199,0.7431225631979548,43,interleaved
43022,22,0,0.5002194090464058,0.8045063485408179,43,interleaved
43023,23,0,0.9206742052163497,0.5498375654691345,43,interleaved
43024,24,0,0.48184525774082443,0.7027709685450976,43,interleaved
43025,25,0,0.9023406959465381,0.5492813465239801,43,interleaved
43026,26,0,0.664237037692379,0.8821659032982813,43,interleaved
43027,27,0,0.4532717761558328,0.8447838419386713,43,interleaved
43028,28,0,0.9030279699472331,0.8408746366952993,43,interleaved
43029,29,0,0.08504693093598154,0.7333604092220016,43,interleaved
43030,30,0,0.533798217996693,0.9246072734411774,43,interleaved
43031,31,0,0.8560433196884726,1.0234346294423837,43,interleaved
43032,32,0,0.7822948678238922,1.607349649581921,43,interleaved
43033,33,0,0.11431829087980695,0.5127711507151734,43,interleaved
43034,34,0,0.9804073258301027,0.7001631046188943,43,interleaved
43035,35,0,0.7782904290106292,0.3911904828470053,43,interleaved
43036,36,0,0.15700376505101846,0.8157110013270681,43,interleaved
43037,37,0,0.9731070278362592,1.0057970186615797,43,interleaved
43038,38,0,0.2959903552632324,0.9302082969169929,43,interleaved
43039,39,0,0.8389107162741465,0.524530278394058,43,interleaved
43040,40,0,0.5219407621052711,0.7745046508477752,43,interleaved
43041,41,0,0.3687408299211886,0.6784096080195887,43,interleaved
43042,42,0,0.5883430396916424,0.7318923647249505,43,interleaved
43043,43,0,0.9828298575900126,0.7233937185462551,43,interleaved
43044,44,0,0.8575826854081244,0.6080926211338438,43,interleaved
43045,45,0,0.9227541788996438,0.7241240117800232,43,interleaved
43046,46,0,0.499982451625976,0.9777796129882642,43,interleaved
43047,47,0,0.3038441370473691,0.7454140860777945,43,interleaved
43048,48,0,0.8696328243054777,0.5729691688598122,43,interleaved
43049,49,0,0.000989062024003705,0.9733661992550452,43,interleaved
43050,50,0,0.5000083676231897,1.2898039154596117,43,interleaved
43051,51,0,0.04692555794142254,0.7983945348096579,43,interleaved
43052,52,0,0.47697480328870545,0.5235384138218391,43,interleaved
43053,53,0,0.9619560255509756,0.36482448794416134,43,interleaved
43054,54,0,0.9998614207596788,1.1424067858375144,43,interleaved
43055,55,0,0.35018057404508396,0.6454441400345898,43,interleaved
43056,56,0,0.5293045972925605,0.5532536699841408,43,interleaved
43057,57,0,0.7205219534580279,0.8615553922376591,43,interleaved
43058,58,0,0.9579696007298492,0.49780003395451355,43,interleaved
43059,59,0,0.6127065900186055,0.4261610980329272,43,interleaved
43060,60,0,0.5032442484513728,0.8360153996888033,43,interleaved
43061,61,0,0.940202798242592,0.9540010920553149,43,interleaved
43062,62,0,0.10369188803907535,0.9839187829018741,43,interleaved
43063,63,0,0.1534015098231714,1.0321211979673093,43,interleaved
43064,64,0,0.5065517287940409,0.631795672348904,43,interleaved
43065,65,0,0.9860807589115013,0.6452324621673973,43,interleaved
43066,66,0,0.5412984968866299,0.757035991297317,43,interleaved
43067,67,0,0.5440435593454953,0.678013394611852,43,interleaved
43068,68,0,0.4974630070592341,1.0006318152662113,43,interleaved
43069,69,0,0.8811733885672447,0.5066549664210808,43,interleaved
43070,70,0,0.4910212137142287,0.5203452194725563,43,interleaved
43071,71,0,0.0103784446232391,0.9425612115967981,43,interleaved
43072,72,0,0.33276987891317106,0.7336640456658237,43,interleaved
43073,73,0,0.49738946501171655,1.1030349387243694,43,interleaved
43074,74,0,0.9649668967843106,0.8086815273280887,43,interleaved
43075,75,0,0.6359935077973673,0.7138204406479239,43,interleaved
43076,76,0,0.43164647531044764,0.6521169442876777,43,interleaved
43077,77,0,0.5001813214754774,0.8586235723870305,43,interleaved
43078,78,0,0.5346972849742639,0.489223588042223,43,interleaved
43079,79,0,0.993248365331884,0.6019293317147454,43,interleaved
43080,80,0,0.8038691939409899,0.43520648008638496,43,interleaved
43081,81,0,0.8555015985248138,0.9543007920931127,43,interleaved
43082,82,0,0.6219206219657368,0.5330610447093325,43,interleaved
43083,83,0,0.6459031569448054,0.68319471695983,43,interleaved
43084,84,0,0.9122184067370915,0.7114843331175467,43,interleaved
43085,85,0,0.4767560614234463,0.950881277332567,43,interleaved
43086,86,0,0.998769154574189,0.48437068392783034,43,interleaved
43087,87,0,0.23465833236575326,0.628524311893872,43,interleaved
43088,88,0,0.5230405759110874,0.7998168375075275,43,interleaved
43089,89,0,0.010581391410294105,0.9266339692666745,43,interleaved
43090,90,0,0.5963171461706489,0.6541800746478914,43,interleaved
43091,91,0,0.04327639138910817,0.8290322163803389,43,interleaved
43092,92,0,0.6702596660088906,0.555274782806753,43,interleaved
43093,93,0,0.8890940360735109,1.104381390952935,43,interleaved
43094,94,0,0.2576547712255596,0.9858758943887751,43,interleaved
43095,95,0,0.6893967121776218,0.8729113517945315,43,interleaved
43096,96,0,0.7534790138878806,0.8347791507274405,43,interleaved
43097,97,0,0.055323166775216454,0.7480964697989909,43,interleaved
43098,98,0,0.959376032943794,0.4132986791226567,43,interleaved
43099,99,0,0.0016546556032204015,0.8879613876154058,43,interleaved
43100,100,0,0.5339678684665412,0.44110975445806155,43,interleaved
43101,101,0,0.21335931772297684,0.4599822932480734,43,interleaved
43102,102,0,0.9836875157127365,0.554102604881554,43,interleaved
43103,103,0,0.996839200023386,1.023115893826537,43,interleaved
43104,104,0,0.47238081721472786,1.2688566282264895,43,interleaved
43105,105,0,0.3702222340337417,0.6252828551077394,43,interleaved
43106,106,0,0.1880849622293311,0.72738799848332,43,interleaved
43107,107,0,0.5229026806163998,0.6956814338752922,43,interleaved
43108,108,0,0.9310485855907422,0.45729876980761,43,interleaved
43109,109,0,0.03485431906479992,0.7147320844476609,43,interleaved
43110,110,0,0.677580237257802,0.6158151842816083,43,interleaved
43111,111,0,0.48831563572638126,0.7179419485290561,43,interleaved
43112,112,0,0.5000008044371491,1.03943151866043,43,interleaved
43113,113,0,0.05142534662627742,0.7656856490862289,43,interleaved
43114,114,0,0.500106363290712,0.9836639336474223,43,interleaved
43115,115,0,0.999240076074418,1.2194568710245508,43,interleaved
43116,116,0,0.5456569610857651,0.9432200140558789,43,interleaved
43117,117,0,0.5033493437374552,0.8827125790939927,43,interleaved
43118,118,0,0.46279965516799587,0.4130784099405927,43,interleaved
43119,119,0,0.8911165877256801,0.5162700788360769,43,interleaved
43120,120,0,0.9670266984275808,0.6635973451004907,43,interleaved
43121,121,0,0.8610054783660877,0.6186182892297735,43,interleaved
43122,122,0,0.8515036630836514,0.37222858400324244,43,interleaved
43123,123,0,0.7849318683536903,1.0465524318651915,43,interleaved
43124,124,0,0.9948722400128387,0.9464345234091411,43,interleaved
43125,125,0,0.861579428019251,0.647652692399373,43,interleaved
43126,126,0,0.5130112300810376,0.9526600740172866,43,interleaved
43127,127,0,0.36595617201671166,0.9850934132653645,43,interleaved
43128,128,0,0.9840890572905885,0.44705023518973525,43,interleaved
43129,129,0,0.5099230463317047,0.8628207123512545,43,interleaved
43130,130,0,0.6034447689765718,0.6382725962859892,43,interleaved
43131,131,0,0.5832445331476369,0.8765246032118204,43,interleaved
43132,132,0,0.7009149643802367,0.6863484029584791,43,interleaved
43133,133,0,0.560119170439725,0.5986835624244311,43,interleaved
43134,134,0,0.9351232064512323,0.6426263058718651,43,interleaved
43135,135,0,0.9080459144003852,0.9467949021699975,43,interleaved
43136,136,0,0.5103346535758059,0.9253150988541046,43,interleaved
43137,137,0,0.25711261018397724,0.6974521349141838,43,interleaved
43138,138,0,0.7592034388794031,0.6066362390873058,43,interleaved
43139,139,0,0.10497730537281733,0.6384751917757676,43,interleaved
43140,140,0,0.5077241197898971,0.8731335690837022,43,interleaved
43141,141,0,4.41009027895075e-05,1.380544878840133,43,interleaved
43142,142,0,0.5004946889846724,0.6861268313220777,43,interleaved
43143,143,0,0.5248716698021799,0.9352509114091079,43,interleaved
43144,144,0,0.014838324281041607,1.3771255316106508,43,interleaved
43145,145,0,0.3675221076054979,0.7888370003978489,43,interleaved
43146,146,0,0.5000046084669905,1.278035352498688,43,interleaved
43147,147,0,0.9998224577952679,0.4362014990577118,43,interleaved
43148,148,0,0.9171851332033831,0.5426612880654806,43,interleaved
43149,149,0,0.9893228025535659,0.5972648234616746,43,interleaved
43150,150,0,0.9850287905261041,0.5680249770913959,43,interleaved
43151,151,0,0.6348646977579565,1.022694478337708,43,interleaved
43152,152,0,0.5002915736252959,0.9040685660337118,43,interleaved
43153,153,0,0.43780870655894066,0.42104890451714516,43,interleaved
43154,154,0,0.7964498612404893,0.48793366557752965,43,interleaved
43155,155,0,0.7088949125118345,0.393850658096737,43,interleaved
43156,156,0,0.48147168674438456,0.6681307146564963,43,interleaved
43157,157,0,0.7700265848071086,1.037785542642033,43,interleaved
43158,158,0,0.5032527550220817,0.8252817377837589,43,interleaved
43159,159,0,0.09939072871009147,0.7575418984745896,43,interleaved
43160,160,0,0.8301652890026785,0.36519355190253067,43,interleaved
43161,161,0,0.050815809663749295,0.7056619187411025,43,interleaved
43162,162,0,0.0009291313941063687,1.0117402645568387,43,interleaved
43163,163,0,0.5008228956584412,0.6276563536745658,43,interleaved
43164,164,0,0.12666304103688505,0.6940127991734586,43,interleaved
43165,165,0,0.9807519673325085,0.48428022006009075,43,interleaved
43166,166,0,0.0358079101353683,0.6325843145537117,43,interleaved
43167,167,0,0.557807889357912,0.5589983095419484,43,interleaved
43168,168,0,0.434457843808282,0.9029869101017223,43,interleaved
43169,169,0,0.737984623141178,0.5648767925569301,43,interleaved
43170,170,0,0.9584654820853339,0.2368101481744313,43,interleaved
43171,171,0,0.9027126078045633,0.6506922729993618,43,interleaved
43172,172,0,0.49665457116549516,0.8673779789057796,43,interleaved
43173,173,0,0.03550958319832256,1.4921285087863034,43,interleaved
43174,174,0,0.4987081514790174,0.8410587437950383,43,interleaved
43175,175,0,0.9902662858029021,0.5140060309841941,43,interleaved
43176,176,0,0.5205402912598998,0.773666001447721,43,interleaved
43177,177,0,0.08851997035174966,0.806710478355679,43,interleaved
43178,178,0,0.9992286194288413,0.47343479038584524,43,interleaved
43179,179,0,0.5076811898291733,0.75481001636885,43,interleaved
43180,180,0,0.17594639225907244,0.589195804658242,43,interleaved
43181,181,0,0.5490174229146928,0.5673143399822567,43,interleaved
43182,182,0,0.25062137335097806,0.6500645018533997,43,interleaved
43183,183,0,0.522196090179373,0.5642603884991464,43,interleaved
43184,184,0,0.9209395093090863,0.6899892058773728,43,interleaved
43185,185,0,0.9502453064352576,0.5510636670489923,43,interleaved
43186,186,0,0.9281213949174104,0.48219652434563454,43,interleaved
43187,187,0,0.5075562857590207,0.5554570272559259,43,interleaved
43188,188,0,0.9290306926433254,0.7214300755665417,43,interleaved
43189,189,0,0.7877743922620729,0.7923530832748056,43,interleaved
43190,190,0,0.979500449062497,0.4730674307838361,43,interleaved
43191,191,0,0.4259426222564341,0.541310245843009,43,interleaved
43192,192,0,0.9446359933504086,0.5471891816946592,43,interleaved
43193,193,0,0.500686404710782,0.6160171388008486,43,interleaved
43194,194,0,0.8314735211985731,0.6642029809279852,43,interleaved
43195,195,0,0.6450863389078754,0.7827414581780594,43,interleaved
43196,196,0,0.6311613694647988,0.4994045015568763,43,interleaved
43197,197,0,0.9876205214403646,0.6550973119231532,43,interleaved
43198,198,0,0.45550221305962013,1.0192032401474247,43,interleaved
43199,199,0,0.9645640183650452,0.7527973039443772,43,interleaved
43200,0,0,0.8140777671886921,0.6986974047514172,43,blocked
43201,1,0,0.688303790612144,0.43023126328397765,43,blocked
43202,2,0,0.11164020172762255,0.5457057679740649,43,blocked
43203,3,0,0.5285828688113499,0.5965612766041037,43,blocked
43204,4,0,0.9105484721550297,0.5116911565006066,43,blocked
43205,5,0,0.09493948797590115,0.5626200706528486,43,blocked
43206,6,0,0.518842087607249,0.7445647125660515,43,blocked
43207,7,0,0.5162733785792261,0.5599451956504355,43,blocked
43208,8,0,0.4265266148963275,0.5291508047147746,43,blocked
43209,9,0,0.7941964490309861,0.707370726401714,43,blocked
43210,10,0,0.9620459330944586,0.7662042436212932,43,blocked
43211,11,0,0.999924982697951,0.6090101816704793,43,blocked
43212,12,0,0.5615111050012556,0.5384488460823504,43,blocked
43213,13,0,0.8258388461465351,0.5932236935462769,43,blocked
43214,14,0,0.009847002005524005,0.7174646984890165,43,blocked
43215,15,0,0.5429366138735086,0.7253830396963183,43,blocked
43216,16,0,0.5407233337274909,0.7112308852182202,43,blocked
43217,17,0,0.48378439699445513,0.8646263665473997,43,blocked
43218,18,0,0.0019325141739210978,0.8867304928247974,43,blocked
43219,19,0,0.10116386145305575,0.7893513959177536,43,blocked
43220,20,0,0.9980514960589896,0.7126411941561377,43,blocked
43221,21,0,0.8969905841299595,0.61387397613617,43,blocked
43222,22,0,0.29576347502854033,0.4986542835477169,43,blocked
43223,23,0,0.9024383116047227,0.5758079572574588,43,blocked
43224,24,0,0.9778694102336851,0.45378290284870737,43,blocked
43225,25,0,0.9677930850702099,0.5600550818600054,43,blocked
43226,26,0,0.003090993054199838,0.8724776121590359,43,blocked
43227,27,0,0.9950500352842395,0.3838012584966227,43,blocked
43228,28,0,0.09619586485329515,0.9088726354231178,43,blocked
43229,29,0,0.6940824342176398,0.5417896260283181,43,blocked
43230,30,0,0.8424210655566087,0.560768260678363,43,blocked
43231,31,0,0.055831068244439536,0.7109615873814003,43,blocked
43232,32,0,0.7866614288037802,0.5532984087822872,43,blocked
43233,33,0,0.41040744400879653,0.963404364687685,43,blocked
43234,34,0,0.006112064090119313,1.1076267808417306,43,blocked
43235,35,0,0.3299875408258691,1.1548771757821399,43,blocked
43236,36,0,0.998973708938384,0.5455549558481338,43,blocked
43237,37,0,0.6498509754963492,0.6259500299614076,43,blocked
43238,38,0,0.4505851893484005,0.5724522253159439,43,blocked
43239,39,0,0.8165825152973676,0.5755099920651241,43,blocked
43240,40,0,0.9920325935838321,0.8456439985974263,43,blocked
43241,41,0,0.5345192085066659,0.6849668088681733,43,blocked
43242,42,0,0.0037745961696387387,0.6562924520895448,43,blocked
43243,43,0,0.13687027310325342,0.7525078581493732,43,blocked
43244,44,0,0.9802026057236406,0.4622114872657249,43,blocked
43245,45,0,0.8435121332250703,0.6610075488420446,43,blocked
43246,46,0,0.04116923607569687,0.5997834853315853,43,blocked
43247,47,0,0.840406707405389,0.5883371564364179,43,blocked
43248,48,0,0.939641352715445,0.6131397738871518,43,blocked
43249,49,0,0.04002710358533778,0.836832703805657,43,blocked
43250,50,0,0.9412088548965687,0.5906154612188637,43,blocked
43251,51,0,0.8874325226196453,0.5560111325514216,43,blocked
43252,52,0,0.07388644807385052,0.8159278264916722,43,blocked
43253,53,0,0.9939253127392799,0.7416796471575107,43,blocked
43254,54,0,0.9880306156247922,0.46861903130787763,43,blocked
43255,55,0,0.6749877547123874,0.5685762655363366,43,blocked
43256,56,0,0.45797924885027214,0.5585811072877853,43,blocked
43257,57,0,0.8659624635716061,0.4923718905616634,43,blocked
43258,58,0,0.9215118722612294,0.5317255718772087,43,blocked
43259,59,0,0.9902667485543639,0.41018290998755963,43,blocked
43260,60,0,0.5645068309930585,0.9343207141884486,43,blocked
43261,61,0,0.9918164035455168,0.704051897120667,43,blocked
43262,62,0,0.6485752927225722,0.5258233228089023,43,blocked
43263,63,0,0.8815094029230535,0.49026214576447547,43,blocked
43264,64,0,0.42155088984490713,0.5644344293460117,43,blocked
43265,65,0,0.9951521142543985,0.6539104946825238,43,blocked
43266,66,0,0.5037284412272164,0.52009633789877,43,blocked
43267,67,0,0.9708937217563711,0.4322935025081921,43,blocked
43268,68,0,0.9984501090035811,1.1368106075281244,43,blocked
43269,69,0,0.5521269555716561,0.5795870368095771,43,blocked
43270,70,0,0.4534541036041657,0.6138172447149939,43,blocked
43271,71,0,0.9212641277148418,0.5655770654374568,43,blocked
43272,72,0,0.9185605229794273,0.576050524450239,43,blocked
43273,73,0,0.70583020492985,0.9540796021789963,43,blocked
43274,74,0,0.47075831419436504,0.6854673237709361,43,blocked
43275,75,0,0.9086280412472654,0.5391275496468899,43,blocked
43276,76,0,0.8543363160749227,0.49675634258953894,43,blocked
43277,77,0,0.9249164034318211,0.4926282757520787,43,blocked
43278,78,0,0.7522630982921144,0.7849642519142712,43,blocked
43279,79,0,0.9173254618978335,0.7297180636485052,43,blocked
43280,80,0,8.835076759918881e-05,1.1922496731343173,43,blocked
43281,81,0,0.0011184966571757848,1.4917049642696125,43,blocked
43282,82,0,6.644731629751625e-05,0.9905044938644063,43,blocked
43283,83,0,0.013971401554460845,0.8694120464087804,43,blocked
43284,84,0,0.0967296329403511,0.740139429255278,43,blocked
43285,85,0,0.9171483511129481,0.5273481589985001,43,blocked
43286,86,0,0.863140646456777,0.4666505086689121,43,blocked
43287,87,0,0.9686858029589083,0.45191567140454214,43,blocked
43288,88,0,0.26513181750190934,0.7821769690826693,43,blocked
43289,89,0,0.009595485761061078,0.7981277275708776,43,blocked
43290,90,0,0.7891116964730445,0.46935254464052334,43,blocked
43291,91,0,0.7541253221909123,0.7664859728700424,43,blocked
43292,92,0,0.03871268450822658,0.6511535841131971,43,blocked
43293,93,0,0.3462829277287669,0.5864422841111236,43,blocked
43294,94,0,0.4150225634056659,0.7030595256818052,43,blocked
43295,95,0,0.8766851062498864,0.463476992796801,43,blocked
43296,96,0,0.33632781243118104,0.6243496031461847,43,blocked
43297,97,0,0.42470007292573325,0.5163429924146694,43,blocked
43298,98,0,0.8652802413334518,0.6267388411295722,43,blocked
43299,99,0,0.21820436863357226,0.6949784106829346,43,blocked
43300,100,0,0.28135551231999917,0.6423392661097012,43,blocked
43301,101,0,0.9957801143848928,0.6762932205643994,43,blocked
43302,102,0,0.35909658651242954,0.8833741414800673,43,blocked
43303,103,0,0.42133005815363095,0.9160854404209477,43,blocked
43304,104,0,0.9899037110540689,0.5250367341994229,43,blocked
43305,105,0,0.998106203979443,0.5738503603104246,43,blocked
43306,106,0,0.9972249511530047,0.7646566601174937,43,blocked
43307,107,0,0.9973445540569625,0.5313036965018619,43,blocked
43308,108,0,0.5940061700788496,0.8320519633667478,43,blocked
43309,109,0,0.9994165802880761,0.6783982226535095,43,blocked
43310,110,0,0.9950882969171269,0.4809600298919776,43,blocked
43311,111,0,0.23938966376844617,0.4223312027917341,43,blocked
43312,112,0,0.9915013358692484,0.4087859795079801,43,blocked
43313,113,0,0.5495482214940903,0.5704873673495958,43,blocked
43314,114,0,0.9241941467993502,0.734438331802332,43,blocked
43315,115,0,0.8854297961817698,0.6442094223936612,43,blocked
43316,116,0,0.9985614489426224,0.6157701573769423,43,blocked
43317,117,0,0.8715058363603259,0.486331956951519,43,blocked
43318,118,0,0.8265883036954297,0.45094703118899515,43,blocked
43319,119,0,0.8902570854312798,0.6728962704347436,43,blocked
43320,120,0,0.5216713027865026,0.6704769950548329,43,blocked
43321,121,0,0.05585990465548725,0.8479330675344297,43,blocked
43322,122,0,0.07129176989129302,0.5639095125523141,43,blocked
43323,123,0,0.47201935900064373,0.45920215007470555,43,blocked
43324,124,0,0.7053672244922085,0.5060617388487698,43,blocked
43325,125,0,0.29523772159434425,0.7959924236002502,43,blocked
43326,126,0,0.4977680918225973,0.715226714555425,43,blocked
43327,127,0,0.617930202907769,0.5894493805202125,43,blocked
43328,128,0,0.8350980651253574,0.5876242779850649,43,blocked
43329,129,0,0.4855998154701378,0.8743762651905064,43,blocked
43330,130,0,0.4765969669906256,0.5231086111021045,43,blocked
43331,131,0,0.7153119400328181,0.48873159913890873,43,blocked
43332,132,0,0.46499958101032723,0.391192219617167,43,blocked
43333,133,0,0.9448103134213065,0.630222613274998,43,blocked
43334,134,0,0.7193471923454999,0.6585524421201603,43,blocked
43335,135,0,0.46756543959583485,1.0368706910783514,43,blocked
43336,136,0,0.3656030296310724,0.917664903391703,43,blocked
43337,137,0,0.9895174804314959,0.43949262493705854,43,blocked
43338,138,0,0.8952690109766815,0.4385874412768777,43,blocked
43339,139,0,0.997408259174305,0.5158967442323075,43,blocked
43340,140,0,0.554768622574077,0.6356377261595207,43,blocked
43341,141,0,0.6622611174659402,0.6423262269696943,43,blocked
43342,142,0,0.8645552504559326,0.6383249984496068,43,blocked
43343,143,0,0.9831542758589535,0.36982571729556857,43,blocked
43344,144,0,0.9237182118499768,0.5756454656502348,43,blocked
43345,145,0,0.7525500976090178,0.634835216824479,43,blocked
43346,146,0,0.834411805298051,0.42061767555176244,43,blocked
43347,147,0,0.9903810775196524,0.5390141033756536,43,blocked
43348,148,0,0.9924733338671579,0.7174424099514016,43,blocked
43349,149,0,0.9978645370535961,0.6098333339513224,43,blocked
43350,150,0,0.9782772701333957,0.5189728305450301,43,blocked
43351,151,0,0.9770526227971554,0.4724253672417679,43,blocked
43352,152,0,0.9889301705352103,0.33860647455559295,43,blocked
43353,153,0,0.8603328448589247,0.5041497848817967,43,blocked
43354,154,0,0.9982278788666632,0.6986585902489058,43,blocked
43355,155,0,0.8118937524474947,0.6576528387549978,43,blocked
43356,156,0,0.9905762753798562,0.39334519913735355,43,blocked
43357,157,0,0.9439822503107198,0.2854224531978968,43,blocked
43358,158,0,0.6293198179454431,0.39371712063445663,43,blocked
43359,159,0,0.955884093464492,0.7913430918391808,43,blocked
43360,160,0,0.9717549900136692,0.8369749427740264,43,blocked
43361,161,0,0.039193488517177556,1.2815308838902584,43,blocked
43362,162,0,0.1512500213169328,1.5458368034013124,43,blocked
43363,163,0,0.6991006019107183,0.746557361771672,43,blocked
43364,164,0,0.9750910609568975,0.5875065643856849,43,blocked
43365,165,0,0.5365406236568647,0.5658549646129334,43,blocked
43366,166,0,0.5876338254378294,0.8890259826787255,43,blocked
43367,167,0,0.20794789677194955,0.9311800952477216,43,blocked
43368,168,0,0.5028602268519214,0.6919925546537007,43,blocked
43369,169,0,0.8185007035885628,0.49186340901550696,43,blocked
43370,170,0,0.9680821643492625,0.3182261614827242,43,blocked
43371,171,0,0.8381277191921518,0.6368660026111967,43,blocked
43372,172,0,0.9837819476980918,0.6417581114938742,43,blocked
43373,173,0,0.5233307983052583,0.5826631509194463,43,blocked
43374,174,0,0.49632892637539644,0.7332717718851205,43,blocked
43375,175,0,0.09689757969097099,0.6315674046489226,43,blocked
43376,176,0,0.20160580343535514,0.6355210285233455,43,blocked
43377,177,0,0.16078036347503769,0.608229179832295,43,blocked
43378,178,0,0.7118757947881076,0.5135871853638919,43,blocked
43379,179,0,0.5877314471671665,0.4536891186084661,43,blocked
43380,180,0,0.9925027255392651,0.5030885078896984,43,blocked
43381,181,0,0.93437715099791,0.4113591773592461,43,blocked
43382,182,0,0.2528205786188404,0.5812866774214811,43,blocked
43383,183,0,0.7326254528863594,0.4530293811183423,43,blocked
43384,184,0,0.8476959372570638,0.5095104902253162,43,blocked
43385,185,0,0.594304932018815,0.6584395487081371,43,blocked
43386,186,0,0.8856972171287412,0.41679611621857815,43,blocked
43387,187,0,0.9631740097012444,0.4282936070353195,43,blocked
43388,188,0,0.8421725838245784,0.6190696665577873,43,blocked
43389,189,0,0.06174272991945293,0.8000026053319576,43,blocked
43390,190,0,0.5345195153334854,0.5696632904290364,43,blocked
43391,191,0,0.9814303677760527,0.3652156288220547,43,blocked
43392,192,0,0.9900091807160157,0.6710530531395948,43,blocked
43393,193,0,0.018175750060224646,0.9452758923186225,43,blocked
43394,194,0,0.22507312505856003,0.9593104405112916,43,blocked
43395,195,0,0.4943057501575343,0.5963963142311767,43,blocked
43396,196,0,0.21050544775426744,0.467517077226261,43,blocked
43397,197,0,0.7891245178443089,0.31022399780641796,43,blocked
43398,198,0,0.8635534690183511,0.8032550119629764,43,blocked
43399,199,0,0.7505081749137565,0.8368128625260127,43,blocked
43400,0,0,0.5572063040577001,0.9299279735035877,43,early
43401,1,0,0.44635935585906444,0.43840487335540795,43,early
43402,2,0,0.3057309238168042,0.5947475594399394,43,early
43403,3,0,0.5050007405680486,0.6592085692160562,43,early
43404,4,0,0.336232934141814,0.46480172711050405,43,early
43405,5,0,0.012985232137114805,0.7181296776166921,43,early
43406,6,0,0.4540882212760496,0.6368436164035851,43,early
43407,7,0,0.9836602883854955,0.8674842478714706,43,early
43408,8,0,0.892170994301627,0.8791672941844908,43,early
43409,9,0,0.5107287709004995,0.7481063106220252,43,early
43410,10,0,0.5227185565779275,0.6085782461071332,43,early
43411,11,0,0.6574143846490144,0.6337162686654746,43,early
43412,12,0,0.48923483685276703,0.9282098855788912,43,early
43413,13,0,0.3645052617375223,0.8135795544938766,43,early
43414,14,0,0.05515072807991767,0.6186276269880954,43,early
43415,15,0,0.5247890154779136,0.6260542217496147,43,early
43416,16,0,0.8395960670178682,0.7621314867740387,43,early
43417,17,0,0.11803514037793947,0.7657553534599069,43,early
43418,18,0,0.6436234371713622,0.7810038676052224,43,early
43419,19,0,0.22149882243048108,0.8580631016946214,43,early
43420,20,0,0.030527957314923356,0.6490088017452682,43,early
43421,21,0,0.26285131190806443,0.7265952821438852,43,early
43422,22,0,0.5159891231395775,0.7759537076757959,43,early
43423,23,0,0.5792755912107522,0.5518433467859999,43,early
43424,24,0,0.6745079023482514,0.7374505458074501,43,early
43425,25,0,0.9852432256199997,0.4833490887827382,43,early
43426,26,0,0.4792867643752018,0.8397210947777134,43,early
43427,27,0,0.44158406356218116,1.0205824612166712,43,early
43428,28,0,0.3384688232237452,0.7796298136284359,43,early
43429,29,0,0.5002551894147196,1.116137134922516,43,early
43430,30,0,0.9939964407311774,1.124246121679418,43,early
43431,31,0,0.4977650733525566,1.0391126311004872,43,early
43432,32,0,0.9999838286953788,0.9167719777035077,43,early
43433,33,0,0.9465195901279709,0.2838016941288176,43,early
43434,34,0,0.7853003867422657,0.5975475371364728,43,early
43435,35,0,0.983750407795546,0.6109135181797218,43,early
43436,36,0,0.8691442523475784,0.4595484869457092,43,early
43437,37,0,0.5212165782439641,0.5615062610207447,43,early
43438,38,0,0.6179771989839746,0.5762835515145479,43,early
43439,39,0,0.9855711226414471,0.5972796204031605,43,early
43440,40,0,0.027579196253903048,0.8504484882402255,43,early
43441,41,0,0.10446748582820078,0.7588153193009333,43,early
43442,42,0,0.55263184711128,0.7943417678545739,43,early
43443,43,0,0.49539813881052247,0.8288659086413963,43,early
43444,44,0,0.28341346566597725,0.5342450188005441,43,early
43445,45,0,0.5631858639277973,0.7051371960215582,43,early
43446,46,0,0.9793028217244084,0.7313762499641245,43,early
43447,47,0,0.10031574819335103,0.9032111385472203,43,early
43448,48,0,0.515669983572275,0.8030791766949448,43,early
43449,49,0,0.49977528914401625,0.7620875562234516,43,early
43450,50,0,0.8375985540323853,0.5780090010442895,43,early
43451,51,0,0.0069607229832703375,1.0707751337889435,43,early
43452,52,0,0.6251184504370784,0.966849314739635,43,early
43453,53,0,0.09542686520504763,0.8425876632641871,43,early
43454,54,0,0.49859185689231267,0.8193367547349053,43,early
43455,55,0,0.9462474071086894,0.6426148223998962,43,early
43456,56,0,0.7494353186209515,0.48115498068520274,43,early
43457,57,0,0.17943944498014802,0.6315310583941143,43,early
43458,58,0,0.3002495237983365,0.6306705283549102,43,early
43459,59,0,0.9718408084638972,0.4303186311674897,43,early
43460,60,0,0.22061818635387853,0.42819131006686717,43,early
43461,61,0,0.3013979917266805,0.4265293787058989,43,early
43462,62,0,0.5060365690174505,0.8300539067858076,43,early
43463,63,0,0.9416762309915648,0.6080558796714202,43,early
43464,64,0,0.5015368359753591,0.7174341613857604,43,early
43465,65,0,0.47461513301905406,0.6856070290896735,43,early
43466,66,0,0.49998993308785694,1.4223115364422225,43,early
43467,67,0,0.5191827380444444,0.8470206581149544,43,early
43468,68,0,0.6598880123599933,0.812429960696593,43,early
43469,69,0,0.5046538978208239,0.7633131839528584,43,early
43470,70,0,0.5000198861736098,1.2354369738960793,43,early
43471,71,0,0.7561619330934491,0.7712205312581414,43,early
43472,72,0,0.7773821466671034,0.8488766730943045,43,early
43473,73,0,0.5003552782809256,1.0041625025014527,43,early
43474,74,0,0.9996743144476647,0.695870811330891,43,early
43475,75,0,0.543696828531998,0.49324530270976463,43,early
43476,76,0,0.5059850701068203,0.9072255172809417,43,early
43477,77,0,0.9879388612091954,0.6414440049701382,43,early
43478,78,0,0.9739984897002089,0.5009832582245195,43,early
43479,79,0,0.48141449098224737,0.8840128970402918,43,early
43480,80,0,0.5396983751003056,1.1932357235871245,43,early
43481,81,0,0.5077174540545233,0.6961665967939106,43,early
43482,82,0,0.0010639052571770012,0.8606353788680345,43,early
43483,83,0,0.5194140124104977,0.6728899971732027,43,early
43484,84,0,0.8609305487625167,0.45757895677963173,43,early
43485,85,0,0.5212849018090676,0.6971184121042036,43,early
43486,86,0,0.8619545406541923,0.6148467115589118,43,early
43487,87,0,0.33118580587766405,0.45756173554732527,43,early
43488,88,0,0.46625853955308577,0.825475754513216,43,early
43489,89,0,0.42419385467060383,0.8676970430613482,43,early
43490,90,0,0.37846020815936715,1.235312151955981,43,early
43491,91,0,0.500960752803822,1.0572054325953215,43,early
43492,92,0,0.18796025473008615,0.8492383127510769,43,early
43493,93,0,0.46773324644536773,0.8833551327502325,43,early
43494,94,0,0.505118507855563,0.4329114672981782,43,early
43495,95,0,0.40225183781378165,0.54003622484844,43,early
43496,96,0,0.2181693484090774,0.6369875053226944,43,early
43497,97,0,0.4688068858604505,0.4572731526896821,43,early
43498,98,0,0.858745615842349,0.5579352073996667,43,early
43499,99,0,0.563946204752963,1.029933500296544,43,early
43500,100,0,0.5139007592678877,0.7182859805130831,43,early
43501,101,0,0.3838674696850274,0.6437751962285809,43,early
43502,102,0,0.9966022069082217,0.3882583569658089,43,early
43503,103,0,0.9898382264620544,0.650075463568343,43,early
43504,104,0,0.27531818415089243,0.7393601713346174,43,early
43505,105,0,0.9973477479827946,0.7313854846765058,43,early
43506,106,0,0.01731971132490603,1.0657609677529796,43,early
43507,107,0,0.46200702279233313,0.7835215827237887,43,early
43508,108,0,0.7459664073568463,0.6172542629288409,43,early
43509,109,0,0.6947070111400802,0.5685186792620789,43,early
43510,110,0,0.9925305574604943,0.6184901139309917,43,early
43511,111,0,0.5001427025369853,0.9174562715965776,43,early
43512,112,0,0.4024067924005204,0.6354792512235363,43,early
43513,113,0,0.45163558512551144,0.6245194375145782,43,early
43514,114,0,0.9993444573198511,0.7422391426725918,43,early
43515,115,0,0.10530938629889368,0.9505175912635118,43,early
43516,116,0,0.7926212109420625,1.0125513139549585,43,early
43517,117,0,0.941735356770422,0.9222534364910429,43,early
43518,118,0,0.5175913122518544,0.5164817074133804,43,early
43519,119,0,0.5000031107317771,1.0990054009642765,43,early
43520,120,0,0.9987833507919981,0.866162551372724,43,early
43521,121,0,0.7071614152143652,0.5751823298822195,43,early
43522,122,0,0.913342389742492,0.46010584073225314,43,early
43523,123,0,0.035278269687734565,0.8749872727825532,43,early
43524,124,0,0.7624063460717028,1.0761030170326444,43,early
43525,125,0,0.5521921312122023,0.7660128373684958,43,early
43526,126,0,0.9997245019717337,0.7247588056540326,43,early
43527,127,0,0.4374300081937652,1.085958425009101,43,early
43528,128,0,0.9876303653793987,0.5967264756421348,43,early
43529,129,0,0.521269012334302,0.3321155123564905,43,early
43530,130,0,0.7254891708946059,0.3064533588088768,43,early
43531,131,0,0.5015695931870285,0.7311271950443334,43,early
43532,132,0,0.8783512981195465,0.97377844500408,43,early
43533,133,0,0.9997754302805419,1.2504335979987415,43,early
43534,134,0,0.9371319102321252,0.7886037723261001,43,early
43535,135,0,0.9234690230676488,0.5788260899291557,43,early
43536,136,0,0.6021553316973354,0.7697371167580376,43,early
43537,137,0,0.9866726635343734,0.47452649268006475,43,early
43538,138,0,0.5001448445972362,0.9336791781423204,43,early
43539,139,0,0.5325294760570514,0.5249137845276876,43,early
43540,140,0,0.7683397692241084,0.9749236875323946,43,early
43541,141,0,0.3242632421295637,0.6811413977219347,43,early
43542,142,0,0.5520392736500697,0.8015843400407276,43,early
43543,143,0,0.669259067375432,0.68803991942825,43,early
43544,144,0,0.9998548536385949,0.6790108790795653,43,early
43545,145,0,0.990987784218936,0.7343184148979056,43,early
43546,146,0,0.8357012566612894,0.6545225566463275,43,early
43547,147,0,0.8412063062547617,0.43878578110004923,43,early
43548,148,0,0.7587419300224763,0.46692492468838454,43,early
43549,149,0,0.43472492500990034,0.5148105897663064,43,early
43550,150,0,0.7935045319686185,0.894496260309686,43,early
43551,151,0,0.4987409691841778,0.7061713036550215,43,early
43552,152,0,0.5768250886145937,0.8626054115255413,43,early
43553,153,0,0.9923851786912825,0.7173813050935574,43,early
43554,154,0,0.6329820954393466,0.8814760020230598,43,early
43555,155,0,0.3603737561505037,0.7056798338426862,43,early
43556,156,0,0.9749602324970197,0.6862636840874679,43,early
43557,157,0,0.5023862656864823,0.830580327522416,43,early
43558,158,0,0.3885268719711135,0.7868677572941434,43,early
43559,159,0,0.5038450139919891,0.6549070959069199,43,early
43560,160,0,0.9758605853448536,0.6140398189762677,43,early
43561,161,0,0.9997618919663227,0.7567805849669236,43,early
43562,162,0,0.9372892004155751,0.7579536259249363,43,early
43563,163,0,0.9552978752252144,0.7401927219159847,43,early
43564,164,0,0.9992054712519063,0.6241468483643279,43,early
43565,165,0,0.07682171768677687,0.8800357274084321,43,early
43566,166,0,0.9975413832449698,0.49705842786851656,43,early
43567,167,0,0.7912295525261646,0.5750842317655949,43,early
43568,168,0,0.5132147495470063,0.5389413791921354,43,early
43569,169,0,0.9928204946396197,0.5011156566016717,43,early
43570,170,0,0.9045828389175515,0.47125598036222327,43,early
43571,171,0,0.9953398042450292,0.8249883238011066,43,early
43572,172,0,0.5858039743930145,0.6238882132836605,43,early
43573,173,0,0.3884260861023522,0.7995531376567789,43,early
43574,174,0,0.9952275461022839,0.6734071795661963,43,early
43575,175,0,0.9215717218459787,0.5536800474893134,43,early
43576,176,0,0.51902169676465,0.45366401573319237,43,early
43577,177,0,0.7186826674131456,0.6419364883940177,43,early
43578,178,0,0.6939439093111741,0.48333149755717153,43,early
43579,179,0,0.7651668828503975,0.6288002228064269,43,early
43580,180,0,0.9985617664979664,0.808102946934017,43,early
43581,181,0,0.5006219280303893,1.2056544375285003,43,early
43582,182,0,0.5775359623215838,0.6863564397075748,43,early
43583,183,0,0.10828135028881657,1.133664205257766,43,early
43584,184,0,0.9920320665122824,0.59253394687413,43,early
43585,185,0,0.9958373280730273,0.9014430820508617,43,early
43586,186,0,0.8884407826372326,0.40673920159787197,43,early
43587,187,0,0.5009347621666818,0.406323754758478,43,early
43588,188,0,0.9206782849016542,0.4847220657120435,43,early
43589,189,0,0.9357938709280549,0.4578169494375506,43,early
43590,190,0,0.718669131258036,0.5404322451758921,43,early
43591,191,0,0.9981190206278843,0.9227123589912835,43,early
43592,192,0,0.9809642745748179,0.47289350124018703,43,early
43593,193,0,0.5394569653836216,0.6564514941420603,43,early
43594,194,0,0.45875320852152635,0.7599321227251641,43,early
43595,195,0,0.885366003109676,0.6677527304432537,43,early
43596,196,0,0.12572166406095417,0.9136286218623783,43,early
43597,197,0,0.5009641094074666,0.7955765797373607,43,early
43598,198,0,0.5461034078803366,1.0055666145310218,43,early
43599,199,0,0.5128084160822678,0.8728422828431155,43,early
43600,0,0,0.812333585085413,0.5407731332450096,43,middle
43601,1,0,0.5115131132291835,0.5712072723184589,43,middle
43602,2,0,0.8258202020347043,0.7202310690710348,43,middle
43603,3,0,0.45159851225792086,0.7235202138872706,43,middle
43604,4,0,0.547533107094224,0.5732777467577345,43,middle
43605,5,0,0.5210045515957322,0.691511786854017,43,middle
43606,6,0,0.4946372172437479,0.5310655093542581,43,middle
43607,7,0,0.7282747060521082,0.5883941018645078,43,middle
43608,8,0,0.10604290442110807,0.6979124728443409,43,middle
43609,9,0,0.3922643954580714,0.5218860962311769,43,middle
43610,10,0,0.5031061106686903,0.8643492193982725,43,middle
43611,11,0,0.49938998681253877,0.7947130558000026,43,middle
43612,12,0,0.6532837242030591,0.5000490215773524,43,middle
43613,13,0,0.41614316792112044,0.5570185687279852,43,middle
43614,14,0,0.8384135501424415,0.5776371618416349,43,middle
43615,15,0,0.5232683662721991,0.6199957094540517,43,middle
43616,16,0,0.5685654427074968,0.6937435349768868,43,middle
43617,17,0,0.47051715694585344,0.7948089494169741,43,middle
43618,18,0,0.44563539341293606,0.738013058300599,43,middle
43619,19,0,0.46308603714225005,0.8193282554637631,43,middle
43620,20,0,0.5649924032084099,0.7292922264833706,43,middle
43621,21,0,0.3245137704349582,0.6157542029306997,43,middle
43622,22,0,0.002942832546704525,1.0676028153834491,43,middle
43623,23,0,0.6595995353078398,0.9718056845247633,43,middle
43624,24,0,0.6023702828694034,0.7079575666674677,43,middle
43625,25,0,0.6822155665013401,0.4980989626045361,43,middle
43626,26,0,0.5143162660362841,0.47420830187041396,43,middle
43627,27,0,0.5322560384522657,0.734185179248052,43,middle
43628,28,0,0.6117163334662875,0.7375801652793844,43,middle
43629,29,0,0.020892292011429787,0.8225365549969006,43,middle
43630,30,0,0.37755970738436917,0.7512591067750357,43,middle
43631,31,0,0.19036076263849044,1.0975350812463371,43,middle
43632,32,0,0.5473897440060288,0.4688731282605852,43,middle
43633,33,0,0.48720925279466076,0.7404853635217585,43,middle
43634,34,0,0.9767591699392446,0.4537477138163425,43,middle
43635,35,0,0.4473553640488454,0.671980927665204,43,middle
43636,36,0,0.997709659697082,0.6930071962655311,43,middle
43637,37,0,0.632015039195165,0.5150695373725926,43,middle
43638,38,0,0.4495310436534322,0.6415244389104064,43,middle
43639,39,0,0.5076004518598196,0.5016678996960587,43,middle
43640,40,0,0.333486086431914,0.7206591829894875,43,middle
43641,41,0,0.6329430765767017,0.6643222802019249,43,middle
43642,42,0,0.026567655879196923,0.9381719957319639,43,middle
43643,43,0,0.04804062087826856,0.8618856071813152,43,middle
43644,44,0,0.0014460602865948194,0.9864167428704567,43,middle
43645,45,0,0.9003489791194572,0.8114181536732107,43,middle
43646,46,0,0.9649084496050296,0.8803107836942022,43,middle
43647,47,0,0.7451602715598002,0.5487437069322161,43,middle
43648,48,0,0.3963209962342848,1.1844099827947723,43,middle
43649,49,0,0.4723700487145282,0.8042983181411738,43,middle
43650,50,0,0.5342193667037183,1.1641745217955122,43,middle
43651,51,0,0.7558725595500764,0.8021227494804084,43,middle
43652,52,0,0.9918461105091152,0.3886524343585912,43,middle
43653,53,0,0.9988192498452724,0.5302436920820246,43,middle
43654,54,0,0.5198674712684335,0.9619647507904817,43,middle
43655,55,0,0.7427679760796688,0.7522601825409355,43,middle
43656,56,0,0.9885960619475873,0.9528648309040069,43,middle
43657,57,0,0.9226926015644918,0.5181596907255882,43,middle
43658,58,0,0.9988254070538326,0.9712022205177276,43,middle
43659,59,0,0.10238005562411165,0.8180533549115597,43,middle
43660,60,0,0.29137873718450263,0.7731076524400066,43,middle
43661,61,0,0.6479056754595535,0.9625183692344998,43,middle
43662,62,0,0.6275616701570538,0.7189185024090987,43,middle
43663,63,0,0.1311166245477111,1.0487859548893042,43,middle
43664,64,0,0.6567576473807508,0.5973489926960722,43,middle
43665,65,0,0.5036866685372244,0.5597597828010806,43,middle
43666,66,0,0.6822381175082897,0.5266628068039861,43,middle
43667,67,0,0.01610366305133966,0.7991444614443806,43,middle
43668,68,0,0.6534675765892902,0.6131215779994802,43,middle
43669,69,0,0.024990974020128405,0.776721363642367,43,middle
43670,70,0,0.9920382967204648,0.602670605536445,43,middle
43671,71,0,0.02444126047846565,0.9108092448712402,43,middle
43672,72,0,0.7427625977960077,0.721284025929539,43,middle
43673,73,0,0.5004299385585256,1.1819509218253097,43,middle
43674,74,0,0.4804493822898191,0.6407967040877867,43,middle
43675,75,0,0.9879565965335382,0.7016423127373381,43,middle
43676,76,0,0.02802468612017072,0.8181887913482103,43,middle
43677,77,0,0.5029815959763329,0.6493086757015396,43,middle
43678,78,0,0.9994832995440281,0.47601459200052876,43,middle
43679,79,0,0.06696447301558425,0.855623305801399,43,middle
43680,80,0,0.4879107339190483,0.6948307853385256,43,middle
43681,81,0,0.9322925648607031,0.6412443834663579,43,middle
43682,82,0,0.36295107091472695,0.7531951287311935,43,middle
43683,83,0,0.028005265638187976,0.9255495667864716,43,middle
43684,84,0,0.14206790185883533,1.0030041816621398,43,middle
43685,85,0,0.5676749263324218,0.844744973291898,43,middle
43686,86,0,0.5417742555468609,0.7804552957717589,43,middle
43687,87,0,0.6121225943533923,0.6909891414125674,43,middle
43688,88,0,0.9521874315600576,0.7488859697683197,43,middle
43689,89,0,0.9826173702296106,0.5569386944520259,43,middle
43690,90,0,0.5065545164880069,0.7362098325783171,43,middle
43691,91,0,0.9661795269768856,0.900926409820024,43,middle
43692,92,0,0.5869584573232166,0.7480046940447116,43,middle
43693,93,0,0.5229749218310731,0.4422365319964393,43,middle
43694,94,0,0.541465237792335,0.49779360746191315,43,middle
43695,95,0,0.5786111071118926,0.8307972330433635,43,middle
43696,96,0,0.4963205009066121,0.8917583239095977,43,middle
43697,97,0,0.8852312712830632,0.9332642787191973,43,middle
43698,98,0,0.8858531036643225,0.8687221279782203,43,middle
43699,99,0,0.15496357327139462,1.2392517323180618,43,middle
43700,100,0,0.06459473210065352,0.9432622352759523,43,middle
43701,101,0,0.5214910343837319,0.5578291888071749,43,middle
43702,102,0,0.56187396104925,0.7555973914798944,43,middle
43703,103,0,0.03276347499759728,0.9513837526218372,43,middle
43704,104,0,0.648653835246858,0.6683766559748707,43,middle
43705,105,0,0.4917755378567834,0.9937550805814661,43,middle
43706,106,0,0.8950705586687474,0.5218757232850157,43,middle
43707,107,0,0.2924334388919229,0.7398632045342117,43,middle
43708,108,0,0.9728684978590098,0.7186570590096766,43,middle
43709,109,0,0.9487386398043669,0.540193525951796,43,middle
43710,110,0,0.48783405477390895,0.7518940458504417,43,middle
43711,111,0,0.9690456328872523,0.8797242256472624,43,middle
43712,112,0,0.2765427966646738,0.8142995892957041,43,middle
43713,113,0,0.49616024885669463,0.5963076172132629,43,middle
43714,114,0,0.9150384186537691,0.5744017539694894,43,middle
43715,115,0,0.6866043178904636,0.5118343703091035,43,middle
43716,116,0,0.6110981008569676,0.8272962829421195,43,middle
43717,117,0,0.6940665753359502,0.7607941048876886,43,middle
43718,118,0,0.8445271760903932,0.5588376827447874,43,middle
43719,119,0,0.7869752852006062,1.0815199020131239,43,middle
43720,120,0,0.9998434980145149,0.9255213510176301,43,middle
43721,121,0,0.46960412965173354,0.645227452467481,43,middle
43722,122,0,0.5200421911799499,0.8021677701005236,43,middle
43723,123,0,0.5015127089814181,0.9602080171864404,43,middle
43724,124,0,0.5355212022480101,0.4746913365581888,43,middle
43725,125,0,0.4978028082848252,0.7285983662329341,43,middle
43726,126,0,0.4193161866074544,0.8880184590267624,43,middle
43727,127,0,0.5040619556470459,0.8265391775376607,43,middle
43728,128,0,0.7006062019311341,0.4929526615797679,43,middle
43729,129,0,0.6530642425844089,0.6291182863093014,43,middle
43730,130,0,0.4826553824927461,1.0074472003470123,43,middle
43731,131,0,0.9759374858254324,0.7586585988533183,43,middle
43732,132,0,0.45997765431828297,0.5857068336307993,43,middle
43733,133,0,0.5826958491884288,0.567239195983166,43,middle
43734,134,0,0.4047743529670686,0.588899602659321,43,middle
43735,135,0,0.4819466186749881,0.8479542400001823,43,middle
43736,136,0,0.5871900513384437,0.5760746345718162,43,middle
43737,137,0,0.6682355814376798,0.5878312367604603,43,middle
43738,138,0,0.16391898686786546,0.785618745321927,43,middle
43739,139,0,0.4214454980151581,0.7130608770743518,43,middle
43740,140,0,0.45966412049795646,0.6324126133615577,43,middle
43741,141,0,0.5016427534450429,0.6272359907203978,43,middle
43742,142,0,0.04190386113793264,0.826756884240716,43,middle
43743,143,0,0.5070150452747896,0.691060661752384,43,middle
43744,144,0,0.007124648008301943,0.8882323262955465,43,middle
43745,145,0,0.500064367218574,1.2913118749464416,43,middle
43746,146,0,0.9815627172322811,0.353508342447163,43,middle
43747,147,0,0.7557085734742823,0.5535050119992593,43,middle
43748,148,0,0.04070486791614111,0.6583975926051385,43,middle
43749,149,0,0.5374652606963918,0.569607505829937,43,middle
43750,150,0,0.5615707516753528,0.5074783131643644,43,middle
43751,151,0,0.7382276004017987,0.6550804363970542,43,middle
43752,152,0,0.060598744488384815,1.0111282812257056,43,middle
43753,153,0,0.5102772587112121,0.5922596677288681,43,middle
43754,154,0,0.5045106172528514,0.6051713694300342,43,middle
43755,155,0,0.5512541010545832,0.8630188706062567,43,middle
43756,156,0,0.9743137279038003,0.5895337844667696,43,middle
43757,157,0,0.08984302491362484,0.9730067956887785,43,middle
43758,158,0,0.6451828251929519,0.992318744164961,43,middle
43759,159,0,0.8422154042529434,0.5918204396726806,43,middle
43760,160,0,0.35037437430598456,0.8410032136202639,43,middle
43761,161,0,0.9906586502835836,0.8011498170609754,43,middle
43762,162,0,0.5863075793540794,0.7622966186905784,43,middle
43763,163,0,0.6058343743338753,0.772716921936174,43,middle
43764,164,0,0.5011761862567,0.7049864646311628,43,middle
43765,165,0,0.3788255888793583,0.73729693692692,43,middle
43766,166,0,0.6353410660230382,0.7846271767504256,43,middle
43767,167,0,0.9592424165594363,0.5421006258852762,43,middle
43768,168,0,0.35058301729218494,0.7073539824174657,43,middle
43769,169,0,0.5033977474246273,0.7555680848542556,43,middle
43770,170,0,0.5269406395326062,0.6526132770917761,43,middle
43771,171,0,0.01901988189498108,1.126217754123069,43,middle
43772,172,0,0.9917430714210946,0.4366978780648032,43,middle
43773,173,0,0.5131690583855063,0.5708091767506928,43,middle
43774,174,0,0.31007521309649266,0.7217163793201788,43,middle
43775,175,0,0.05887260119824657,0.906208274808969,43,middle
43776,176,0,0.8038269933540492,0.7177979223458297,43,middle
43777,177,0,0.530018806099221,0.8405641904296492,43,middle
43778,178,0,0.08205869499211635,1.1065181819676275,43,middle
43779,179,0,0.3849358997244957,0.6154727264363906,43,middle
43780,180,0,0.9107797834081105,0.6659664381174061,43,middle
43781,181,0,0.2634943895819281,0.9625187642056187,43,middle
43782,182,0,0.026164671693008058,0.8652454316945142,43,middle
43783,183,0,0.5791943838496704,0.5729008814803925,43,middle
43784,184,0,0.45971046730277587,0.622067596234828,43,middle
43785,185,0,0.4153211480508513,0.868576744842043,43,middle
43786,186,0,0.7421439382056901,0.5528525550958545,43,middle
43787,187,0,0.8211002031053665,0.47161567781286545,43,middle
43788,188,0,0.5114489232129888,0.8365996795240359,43,middle
43789,189,0,0.5006981286001468,0.875755995037532,43,middle
43790,190,0,0.9957062692106384,0.38091883859472375,43,middle
43791,191,0,0.6397641187040695,0.3744638016966665,43,middle
43792,192,0,0.4988782266937133,0.7561189785647247,43,middle
43793,193,0,0.04348027006255775,0.7566378343279967,43,middle
43794,194,0,0.5002068205518758,0.6733123580231218,43,middle
43795,195,0,0.5961177135225465,0.6356865319994442,43,middle
43796,196,0,0.9947739352994263,0.6605871464716864,43,middle
43797,197,0,0.5764351016137435,0.4914140316590707,43,middle
43798,198,0,0.06228586732744967,0.7893560604977793,43,middle
43799,199,0,0.5193599878996606,0.45835870208935103,43,middle
43800,0,0,0.4274572729439098,0.6888855372821936,43,late
43801,1,0,0.5386352671000845,0.6086313529965119,43,late
43802,2,0,0.8687296598131347,0.5108649465949914,43,late
43803,3,0,0.01094179144282475,0.926557260121617,43,late
43804,4,0,0.5480067417959307,0.6015178277894704,43,late
43805,5,0,0.2529140859225193,0.8612375395287715,43,late
43806,6,0,0.6317396652531765,0.7733382513449164,43,late
43807,7,0,0.30278725662039013,0.7679107067161622,43,late
43808,8,0,0.3497342816993761,1.148298940112272,43,late
43809,9,0,0.008729670006508016,0.8537629279101114,43,late
43810,10,0,0.5168476661324042,0.9154765884192291,43,late
43811,11,0,0.16957583664844322,0.7872723633504426,43,late
43812,12,0,0.45902747635559704,0.5995903587820838,43,late
43813,13,0,0.049530581077255595,0.8036060834439946,43,late
43814,14,0,0.4839000961986104,0.7378678578472191,43,late
43815,15,0,0.03751803441009945,0.8074131907307984,43,late
43816,16,0,0.5470377685916156,0.972125780000109,43,late
43817,17,0,0.0002723464039016405,1.0283556359395618,43,late
43818,18,0,0.9559541120000484,0.6380100679819839,43,late
43819,19,0,0.001839912981499545,0.9353527797597048,43,late
43820,20,0,0.5099612053305873,0.626459594149261,43,late
43821,21,0,0.14851358306809456,0.8936323448826946,43,late
43822,22,0,0.5001527125280895,0.6967104495442166,43,late
43823,23,0,0.0012210668198002186,1.338360360397543,43,late
43824,24,0,0.5000000488366727,1.3497344823540443,43,late
43825,25,0,0.0013582618554625532,1.242273730472378,43,late
43826,26,0,0.5000007984009383,0.9509954969498366,43,late
43827,27,0,0.5780380034400124,0.5908567092954405,43,late
43828,28,0,0.5005797470311341,0.9137820722497665,43,late
43829,29,0,0.6521528912224653,0.7284865816250211,43,late
43830,30,0,0.9388707521866864,0.39476411228478314,43,late
43831,31,0,0.5195638696495075,0.6158630414421761,43,late
43832,32,0,0.5000313345724969,0.8413832522448144,43,late
43833,33,0,0.6314274634646235,0.6107235373643123,43,late
43834,34,0,0.660672789008659,0.5451831716699875,43,late
43835,35,0,0.1463512151806731,0.8690861194357511,43,late
43836,36,0,0.5000004885904927,1.0016405355320634,43,late
43837,37,0,0.1095966014255555,1.1918578998389906,43,late
43838,38,0,0.5014207894852801,0.8054152045102903,43,late
43839,39,0,0.4982365334605263,0.9902737581360741,43,late
43840,40,0,0.5000108257525802,1.2313228524724753,43,late
43841,41,0,0.08087766548942307,0.8898204414513787,43,late
43842,42,0,0.4517891969846515,0.6955591424674078,43,late
43843,43,0,0.43525017150873574,0.5066002139881063,43,late
43844,44,0,0.5003000079836062,0.7863481370057339,43,late
43845,45,0,0.21642937710929377,0.9403755505091593,43,late
43846,46,0,0.5000879418065468,1.4143544738665188,43,late
43847,47,0,0.060884733949955624,0.7707104116365739,43,late
43848,48,0,0.5023347542622095,0.8935798622747372,43,late
43849,49,0,0.06651655403834404,0.7053231752866963,43,late
43850,50,0,0.5870810168173946,0.6911630996327593,43,late
43851,51,0,0.45449083834132953,0.6017259904694278,43,late
43852,52,0,0.8413501080880996,0.7466027770609186,43,late
43853,53,0,0.11596220564089024,1.000096401447878,43,late
43854,54,0,0.5000034203224287,1.2569705258930948,43,late
43855,55,0,0.09037560998759853,0.7985618725460104,43,late
43856,56,0,0.9390375747884704,0.7727804140281327,43,late
43857,57,0,0.48552772235498937,0.3975895088480694,43,late
43858,58,0,0.5016790808496238,0.8035484022073283,43,late
43859,59,0,0.5453935068761406,0.6564103997967338,43,late
43860,60,0,0.49432192847976353,0.878153752985703,43,late
43861,61,0,0.4109853606670803,0.6616713173014517,43,late
43862,62,0,0.564688930465878,0.9609618115036349,43,late
43863,63,0,0.4091952941347384,0.7522979543899164,43,late
43864,64,0,0.501189698258574,0.9680450692424907,43,late
43865,65,0,0.0065137679985275325,0.892314136154584,43,late
43866,66,0,0.6447486062602186,0.6006308124689823,43,late
43867,67,0,0.27056843069021497,0.6953447377911823,43,late
43868,68,0,0.9914016415865494,0.7851225531607793,43,late
43869,69,0,0.9697511421964664,0.4371731082771667,43,late
43870,70,0,0.5258525174971872,0.5246997535199642,43,late
43871,71,0,1.748354131637386e-05,1.3369444966963164,43,late
43872,72,0,0.5000103099579861,0.6029426825571944,43,late
43873,73,0,0.5103469330147767,0.7771153366047575,43,late
43874,74,0,0.4952380371418637,0.7538667577077067,43,late
43875,75,0,0.41648053863403317,0.5712896258466877,43,late
43876,76,0,0.5992897436934927,0.6283852967984829,43,late
43877,77,0,0.8102101326376763,0.7943878586772413,43,late
43878,78,0,0.526513406457152,0.8045634305375353,43,late
43879,79,0,0.9777732464234348,1.0136790422063902,43,late
43880,80,0,0.19832276925908537,1.0605222660805829,43,late
43881,81,0,0.09954214552024188,0.6285655303730115,43,late
43882,82,0,0.9959267647919128,0.5195739475758296,43,late
43883,83,0,0.7921820659537433,0.6404244817976695,43,late
43884,84,0,0.005297108304140518,0.9842960846498054,43,late
43885,85,0,0.7565373594760065,0.8624184302821383,43,late
43886,86,0,0.943556439993831,0.6896821892959,43,late
43887,87,0,0.7413871745511749,0.5747013574737221,43,late
43888,88,0,0.7419320210079148,0.5948645279058904,43,late
43889,89,0,0.5002033711677585,0.9409938415752561,43,late
43890,90,0,0.9815808236661835,0.7005844347110004,43,late
43891,91,0,0.5710652900959805,1.0291536488452202,43,late
43892,92,0,0.49967440997988044,0.8616854593570031,43,late
43893,93,0,0.9789709028831286,0.3292292536261972,43,late
43894,94,0,0.965945161200779,0.9045205993983978,43,late
43895,95,0,0.8686603480552868,0.39748392670773725,43,late
43896,96,0,0.9809404775900152,0.7088902164288036,43,late
43897,97,0,0.9852563590824698,0.6857222486933652,43,late
43898,98,0,0.9890626495020731,0.28775435995246307,43,late
43899,99,0,0.9911539446366976,0.37789157393551265,43,late
43900,100,0,0.8591030043570914,0.45821265605251293,43,late
43901,101,0,0.8672038718018387,0.5202798115995383,43,late
43902,102,0,0.6543825050725444,0.8947461193788961,43,late
43903,103,0,0.9981616889465524,0.3611366030885526,43,late
43904,104,0,0.9758144585981501,0.6967629860896982,43,late
43905,105,0,0.9535042646805505,0.576046336227583,43,late
43906,106,0,0.7705615648424932,0.6405463610138376,43,late
43907,107,0,0.9239533351958986,0.5743373235722947,43,late
43908,108,0,0.8062936950147668,0.35551556445356125,43,late
43909,109,0,0.8751697864640746,0.6046045462830769,43,late
43910,110,0,0.9788244155062791,0.376293211867471,43,late
43911,111,0,0.9572080656184634,1.1970559562376277,43,late
43912,112,0,0.9915123762047253,0.6093807181028652,43,late
43913,113,0,0.9978362298558585,0.31056803941292443,43,late
43914,114,0,0.9885849845856627,0.4432140103857225,43,late
43915,115,0,0.23854549740459258,0.682631515695751,43,late
43916,116,0,0.5491171084679752,0.6243678787745748,43,late
43917,117,0,0.9462166130895298,0.49221869096084647,43,late
43918,118,0,0.8900276352980165,0.4482389386205414,43,late
43919,119,0,0.5424548587941175,0.8251057153205705,43,late
43920,120,0,0.7065280521664168,0.6794966508779512,43,late
43921,121,0,0.5072735182604187,0.8781123840712641,43,late
43922,122,0,0.0005355530810956699,1.1254921182184678,43,late
43923,123,0,2.7353183103508037e-05,0.9545181647212135,43,late
43924,124,0,0.00021904694094309664,0.8471660891681575,43,late
43925,125,0,0.0036326811864577416,1.0056872144839843,43,late
43926,126,0,0.0003665258169830742,0.8333206672293002,43,late
43927,127,0,0.08540396179624055,0.6983534785118287,43,late
43928,128,0,0.13205109715798738,0.7370392410058911,43,late
43929,129,0,0.6904337152173109,0.6814069157429342,43,late
43930,130,0,0.9743790700264183,0.528670627100216,43,late
43931,131,0,0.9931283621303688,0.5280611513323679,43,late
43932,132,0,0.9061959846065845,0.5103400931818882,43,late
43933,133,0,0.010843191041231222,1.1439903478293265,43,late
43934,134,0,0.9952026918064429,0.5955300070298226,43,late
43935,135,0,0.02848239240230837,0.7108975430082431,43,late
43936,136,0,0.9972602248063651,0.8891300916015541,43,late
43937,137,0,0.19916023482541736,0.686118376133945,43,late
43938,138,0,0.9701848321053272,0.5673471265180146,43,late
43939,139,0,0.28716287714803496,0.6070665499202061,43,late
43940,140,0,0.14435273499205056,0.8084884432791625,43,late
43941,141,0,0.3491801409593622,0.73773502414955,43,late
43942,142,0,0.5103410730713923,0.8254620970261194,43,late
43943,143,0,0.9876938651201544,0.520497004064696,43,late
43944,144,0,0.3435606773136185,0.4842854272318009,43,late
43945,145,0,0.43703375245043713,0.508451717679806,43,late
43946,146,0,0.9908065280765331,0.45776053438408226,43,late
43947,147,0,0.33430374192521184,0.6238185000186369,43,late
43948,148,0,0.7942545565278796,0.5420198914037566,43,late
43949,149,0,0.21840879805036015,0.7314537007321655,43,late
43950,150,0,0.47698689589447296,0.7546245349964805,43,late
43951,151,0,0.03676789761605965,1.0097850784563898,43,late
43952,152,0,0.48584807504600197,0.5394368953361202,43,late
43953,153,0,0.00019010796095009458,1.0857457315787031,43,late
43954,154,0,0.9879775069830675,0.5121763289616555,43,late
43955,155,0,0.38251738944611874,0.6889366983094928,43,late
43956,156,0,0.14252981496703682,0.746351454963238,43,late
43957,157,0,0.9071382006127584,0.6060860668738788,43,late
43958,158,0,0.1681832864921338,0.8464268009440374,43,late
43959,159,0,0.8320728468913228,0.5671749479494373,43,late
43960,160,0,0.4889800695496203,1.159375951632719,43,late
43961,161,0,0.9877657422148731,0.5648190656559298,43,late
43962,162,0,0.5477767834988003,0.7699046288994496,43,late
43963,163,0,0.37964575060537953,0.7325711813610982,43,late
43964,164,0,0.6405161662234197,0.6148188164625803,43,late
43965,165,0,0.8374537558113226,0.6948107746714987,43,late
43966,166,0,0.43270752388155526,0.5255880519366685,43,late
43967,167,0,0.1294197035033122,0.6767063120167585,43,late
43968,168,0,0.8460312046086138,0.7984085561699847,43,late
43969,169,0,0.2613974032772752,0.6044009282349707,43,late
43970,170,0,0.8578199583697514,0.6102977608910988,43,late
43971,171,0,0.4948298535245605,0.6373979017745284,43,late
43972,172,0,0.9225266463754815,0.5402268371938247,43,late
43973,173,0,0.506359643929155,0.6726249243890683,43,late
43974,174,0,0.010786141140892401,0.7752632602935783,43,late
43975,175,0,0.5104114194658298,0.6092117674310851,43,late
43976,176,0,0.4676576045294911,0.4326077389465517,43,late
43977,177,0,0.8347344746265892,0.5766194716081308,43,late
43978,178,0,0.4888758320376083,0.7110415756163779,43,late
43979,179,0,0.7378793184318512,0.7101720275900882,43,late
43980,180,0,0.6909970126991406,0.5004906658695124,43,late
43981,181,0,0.0029359769898772733,0.6395770295887093,43,late
43982,182,0,0.7783309234579123,0.6090486986731245,43,late
43983,183,0,0.7098036300543629,0.6206784832546643,43,late
43984,184,0,0.5440918964897273,0.7487991426766536,43,late
43985,185,0,0.14551178039693907,0.6033628920396896,43,late
43986,186,0,0.889859000428878,0.5494891322482368,43,late
43987,187,0,0.6992300308533904,0.5510686372688354,43,late
43988,188,0,0.9929495147531363,0.5551623664645717,43,late
43989,189,0,0.9848861134226778,1.043767145253105,43,late
43990,190,0,0.528525051790586,0.6662987018882098,43,late
43991,191,0,0.1300604809089373,0.7550875767134742,43,late
43992,192,0,0.05760741836169635,1.0516967031181226,43,late
43993,193,0,0.02150253807108042,1.4010149672462582,43,late
43994,194,0,0.8857365242399384,0.8447096434611684,43,late
43995,195,0,0.9785518477802018,0.7379471449632358,43,late
43996,196,0,0.6107654871001291,0.7394776559192208,43,late
43997,197,0,0.44006931039169733,0.6430572053013053,43,late
43998,198,0,0.5114281178051486,0.6802079061976856,43,late
43999,199,0,0.5380742233308521,0.9188936212815482,43,late
44000,0,0,0.3816399914739069,0.8032820006231274,44,interleaved
44001,1,0,0.6804603437895904,0.5718280347360503,44,interleaved
44002,2,0,0.4698034445361916,0.657897575747674,44,interleaved
44003,3,0,0.10271639898601342,0.8167712490808079,44,interleaved
44004,4,0,0.4944591207392977,0.5998164071624101,44,interleaved
44005,5,0,0.3737495826828592,0.6702006329729269,44,interleaved
44006,6,0,0.47474661684953623,0.6565885385665036,44,interleaved
44007,7,0,0.25232513225811704,0.8960683316672249,44,interleaved
44008,8,0,0.36122708144970794,0.5795217484526558,44,interleaved
44009,9,0,0.5951152766440214,0.495998043755159,44,interleaved
44010,10,0,0.4235346356671956,0.7072701752863717,44,interleaved
44011,11,0,0.1657362768298257,0.5373880411554393,44,interleaved
44012,12,0,0.6862643939430997,0.5079313986127595,44,interleaved
44013,13,0,0.449760298845068,0.7627301519405949,44,interleaved
44014,14,0,0.8604790130130835,0.6878431623308039,44,interleaved
44015,15,0,0.4632018582975096,0.44782147886487755,44,interleaved
44016,16,0,0.601428011073809,0.5561535909381796,44,interleaved
44017,17,0,0.49932136573292857,0.8961246566813919,44,interleaved
44018,18,0,0.46485315546022143,0.7520727473694531,44,interleaved
44019,19,0,0.6821919429555562,0.7517964411386737,44,interleaved
44020,20,0,0.7444777323220058,0.4732553058621727,44,interleaved
44021,21,0,0.8103320625405789,0.5628444642336132,44,interleaved
44022,22,0,0.9276045977105405,0.7620207550168174,44,interleaved
44023,23,0,0.23078187875105274,0.9679761792946877,44,interleaved
44024,24,0,0.49976523433130465,0.9715975913694128,44,interleaved
44025,25,0,0.49745879365032436,0.6420372672769761,44,interleaved
44026,26,0,0.5672275776794954,0.6721459662568005,44,interleaved
44027,27,0,0.46009913437353117,0.33166787173503604,44,interleaved
44028,28,0,0.0652076085469434,0.5954509218467685,44,interleaved
44029,29,0,0.3057711963668312,0.44512943180554554,44,interleaved
44030,30,0,0.06096392500655304,0.702626051950344,44,interleaved
44031,31,0,0.49356154620097625,0.6981636657594734,44,interleaved
44032,32,0,0.5059433779476051,0.532677171897314,44,interleaved
44033,33,0,0.02825529795786912,0.8404939623888961,44,interleaved
44034,34,0,0.8657985846575821,0.5123558881007358,44,interleaved
44035,35,0,0.11203590557781516,0.9180012953597121,44,interleaved
44036,36,0,0.5699838314707258,0.706198539446635,44,interleaved
44037,37,0,0.6576005853170276,0.655831830694247,44,interleaved
44038,38,0,0.9205397515123261,0.47984288054425284,44,interleaved
44039,39,0,0.5632683716468412,0.5012961474694299,44,interleaved
44040,40,0,0.5168099272951149,0.9213172794130673,44,interleaved
44041,41,0,0.03295974475302133,0.8832686456145189,44,interleaved
44042,42,0,0.4505155073003018,0.5653030086715386,44,interleaved
44043,43,0,0.4119630605436625,0.7426649617192442,44,interleaved
44044,44,0,0.45815040476792174,0.8153677718671783,44,interleaved
44045,45,0,0.5064810102492244,0.7147984235310194,44,interleaved
44046,46,0,0.01094157163417453,0.6243037055084777,44,interleaved
44047,47,0,0.14912637776227658,0.7428425707326464,44,interleaved
44048,48,0,0.9407602040110397,0.6191304493851069,44,interleaved
44049,49,0,0.5237265388126421,0.4391932442421155,44,interleaved
44050,50,0,0.8385633995120179,0.5825817758313141,44,interleaved
44051,51,0,0.5301953905010832,0.571826449781039,44,interleaved
44052,52,0,0.09185941873649442,0.8531353774466955,44,interleaved
44053,53,0,0.39009112365491033,0.8889325483338348,44,interleaved
44054,54,0,0.8905322529375772,0.5038639328178296,44,interleaved
44055,55,0,0.4237014809540769,0.5631663638029428,44,interleaved
44056,56,0,0.5031236534093714,0.5927205531307848,44,interleaved
44057,57,0,0.51739168723664,0.6790500916362019,44,interleaved
44058,58,0,0.5020649536302214,0.5144155334882272,44,interleaved
44059,59,0,0.2036008211508941,0.5337536695129499,44,interleaved
44060,60,0,0.589534557899087,0.8472033866534135,44,interleaved
44061,61,0,0.6025408729157952,0.6810686766684081,44,interleaved
44062,62,0,0.880126824277395,0.6244516903832171,44,interleaved
44063,63,0,0.8762972145273771,0.5835974131873182,44,interleaved
44064,64,0,0.6747253744814101,0.5319651316391603,44,interleaved
44065,65,0,0.49481801509965867,0.7636424364973436,44,interleaved
44066,66,0,0.3778180212791383,0.6740799124951631,44,interleaved
44067,67,0,0.46239814840849097,0.5130067507423789,44,interleaved
44068,68,0,0.5530940682491399,0.695261365028722,44,interleaved
44069,69,0,0.12283753139100581,0.5848870816444671,44,interleaved
44070,70,0,0.500427289163514,0.9334530870024349,44,interleaved
44071,71,0,0.0133007990791994,0.7078405562938863,44,interleaved
44072,72,0,0.9876524191839984,0.5835947538796058,44,interleaved
44073,73,0,0.2259445393555022,0.8244990729679937,44,interleaved
44074,74,0,0.998050936421479,0.7589425844138469,44,interleaved
44075,75,0,0.9492760077896724,0.6615538367853697,44,interleaved
44076,76,0,0.8251415482405495,0.34199539397807216,44,interleaved
44077,77,0,0.0007402458096643791,0.9532072180893134,44,interleaved
44078,78,0,0.7834981592230356,0.48077903343166273,44,interleaved
44079,79,0,0.05438313444549081,0.7131880027882047,44,interleaved
44080,80,0,0.4821234545627701,0.6293286412903153,44,interleaved
44081,81,0,0.5059580656822965,0.6018482202035347,44,interleaved
44082,82,0,0.43803907436439604,0.7754594533825199,44,interleaved
44083,83,0,0.5177871851004869,0.7139886262883948,44,interleaved
44084,84,0,0.026060017748572067,0.6122773928276115,44,interleaved
44085,85,0,0.5008185318297861,0.5171492912189678,44,interleaved
44086,86,0,0.9020260550083141,0.4127788205254421,44,interleaved
44087,87,0,0.46511526118036395,0.5615226112953053,44,interleaved
44088,88,0,0.9490506738970159,0.49043337079136284,44,interleaved
44089,89,0,0.5510200632680037,0.6280014626361785,44,interleaved
44090,90,0,0.5185727564125999,0.5296443118140621,44,interleaved
44091,91,0,0.004858276816672411,0.7598321707577599,44,interleaved
44092,92,0,0.942142441443262,0.6151935810148981,44,interleaved
44093,93,0,0.8390154415095152,0.6035151324639783,44,interleaved
44094,94,0,0.939685595216547,0.4498894767109658,44,interleaved
44095,95,0,0.4787162931572559,1.00790981785805,44,interleaved
44096,96,0,0.954299023343324,0.5735080461930968,44,interleaved
44097,97,0,0.45645377774019225,0.8777914892529091,44,interleaved
44098,98,0,0.9645214922322922,0.4824862956428638,44,interleaved
44099,99,0,0.002973426462531275,1.323792398891951,44,interleaved
44100,100,0,0.41227581712869665,0.6011272878689697,44,interleaved
44101,101,0,0.5084990706031719,0.6266750699667782,44,interleaved
44102,102,0,0.5091251181359882,0.5448919625431483,44,interleaved
44103,103,0,0.5804372911857696,0.8460639971414227,44,interleaved
44104,104,0,0.7842153630705531,0.41217668067383506,44,interleaved
44105,105,0,0.09927136136274983,0.778052436238434,44,interleaved
44106,106,0,0.2648814020551698,0.6822781958166746,44,interleaved
44107,107,0,0.7507629831758065,0.7231419209585632,44,interleaved
44108,108,0,0.6550997569854584,0.6172324661913504,44,interleaved
44109,109,0,0.5926385316603999,0.7630372093851754,44,interleaved
44110,110,0,0.9984482109741069,0.5011130264336555,44,interleaved
44111,111,0,0.9880129710955362,0.5862546201615205,44,interleaved
44112,112,0,0.575624107661606,0.4859886613353483,44,interleaved
44113,113,0,0.35910722887178403,0.3710906233244631,44,interleaved
44114,114,0,0.02539885704424742,0.6595082935509342,44,interleaved
44115,115,0,0.4302080075303148,0.8282509620592238,44,interleaved
44116,116,0,0.8156980515124943,0.49677833585606723,44,interleaved
44117,117,0,0.6253610587758015,0.3985254832367736,44,interleaved
44118,118,0,0.48998419467365634,0.9169411965624215,44,interleaved
44119,119,0,0.14243453056272967,0.7929123345722652,44,interleaved
44120,120,0,0.4676291484734839,0.6423512264237989,44,interleaved
44121,121,0,0.36373789639801846,0.9679207666006053,44,interleaved
44122,122,0,0.10470115959368678,0.9874587472186558,44,interleaved
44123,123,0,0.6336543355044101,0.7735551813386365,44,interleaved
44124,124,0,0.41915375950964934,1.4621310333297712,44,interleaved
44125,125,0,0.49999504549773954,0.792354098799231,44,interleaved
44126,126,0,0.49862943103718294,0.8739421520108024,44,interleaved
44127,127,0,0.8768418199598564,0.605495813608014,44,interleaved
44128,128,0,0.8442567381012358,0.5657618727378262,44,interleaved
44129,129,0,0.5802190989670503,0.6694045823494703,44,interleaved
44130,130,0,0.5006957288961911,0.5132453745166337,44,interleaved
44131,131,0,0.5511202103218371,0.40955823048805295,44,interleaved
44132,132,0,0.8886457506944792,0.5775966230254406,44,interleaved
44133,133,0,0.9496443169958978,0.538176535681486,44,interleaved
44134,134,0,0.19710560923167308,0.7453936210283414,44,interleaved
44135,135,0,0.4808340420875887,0.5681635748500155,44,interleaved
44136,136,0,0.45006837178461667,0.6732917814587331,44,interleaved
44137,137,0,0.42386080723535363,0.7791212050232819,44,interleaved
44138,138,0,0.508956458592945,0.4861817159457196,44,interleaved
44139,139,0,0.7961831777238524,0.70985281409023,44,interleaved
44140,140,0,0.12672187251990316,0.8179871714577492,44,interleaved
44141,141,0,0.506765782951125,0.3501176457254221,44,interleaved
44142,142,0,0.9734190495380077,0.37831940603510533,44,interleaved
44143,143,0,0.10917161960485137,0.5382729051737742,44,interleaved
44144,144,0,0.9478589928920199,0.568189081481806,44,interleaved
44145,145,0,0.5018398527844626,0.3721532186740979,44,interleaved
44146,146,0,0.9746359855231834,0.535147071277706,44,interleaved
44147,147,0,0.7205038979430036,0.6345355600105296,44,interleaved
44148,148,0,0.8889857126832367,0.5117228286749955,44,interleaved
44149,149,0,0.811109764771591,0.5668936870291904,44,interleaved
44150,150,0,0.577620249050575,0.6529630689077595,44,interleaved
44151,151,0,0.887308810538715,0.6099178214109728,44,interleaved
44152,152,0,0.11190226342994986,1.0754814220291344,44,interleaved
44153,153,0,0.5598012815152196,0.692717517819196,44,interleaved
44154,154,0,0.518823097155047,0.6234590621131744,44,interleaved
44155,155,0,0.37082060896590985,0.5828591367017901,44,interleaved
44156,156,0,0.9989487066348719,0.7337743865412875,44,interleaved
44157,157,0,0.9678116669377863,0.46282471910958656,44,interleaved
44158,158,0,0.9379527112926693,0.17255273204902,44,interleaved
44159,159,0,0.5384970827944077,0.510149109662113,44,interleaved
44160,160,0,0.3023050776231678,0.8353470901046878,44,interleaved
44161,161,0,0.9934408079157113,0.396761521911965,44,interleaved
44162,162,0,0.9999957844951008,0.662208198547545,44,interleaved
44163,163,0,0.4709276810970919,0.9880081846587552,44,interleaved
44164,164,0,0.4374288120216762,0.5655013318736438,44,interleaved
44165,165,0,0.6776130974764322,0.5616426751977042,44,interleaved
44166,166,0,0.23016169786390367,0.5814010300886256,44,interleaved
44167,167,0,0.4951599525044027,0.547093362676661,44,interleaved
44168,168,0,0.47357041066132943,0.6695141136372975,44,interleaved
44169,169,0,0.9986024735520143,0.46061010685555387,44,interleaved
44170,170,0,0.43618897482787594,0.664119358394109,44,interleaved
44171,171,0,0.8875200336091545,0.37251049606447917,44,interleaved
44172,172,0,0.3585455734169829,0.5359335438976714,44,interleaved
44173,173,0,0.5781875801397689,0.5789473118937991,44,interleaved
44174,174,0,0.08844005147467812,0.6807716189306199,44,interleaved
44175,175,0,0.9546952355260729,0.6237845035652114,44,interleaved
44176,176,0,0.5239734578326325,0.600063324161938,44,interleaved
44177,177,0,0.9870319426996081,0.5095644636860153,44,interleaved
44178,178,0,0.5184940364195488,0.49372818401701424,44,interleaved
44179,179,0,0.8238698985481643,0.6054601799755654,44,interleaved
44180,180,0,0.6567224464481765,0.681241933685721,44,interleaved
44181,181,0,0.4388811943519981,0.5118179011489903,44,interleaved
44182,182,0,0.5185520726237886,0.7499738727405394,44,interleaved
44183,183,0,0.9257301754037669,0.8717089667946432,44,interleaved
44184,184,0,0.9336941648374013,0.5348808850142468,44,interleaved
44185,185,0,0.5998574354774996,0.6701686352752015,44,interleaved
44186,186,0,0.7852240761862195,0.43604987064027173,44,interleaved
44187,187,0,0.9758895768572641,0.4864746711690873,44,interleaved
44188,188,0,0.49439043093936597,0.5809546903620405,44,interleaved
44189,189,0,0.9862816651040067,0.4519952334214066,44,interleaved
44190,190,0,0.9807688820402314,0.4964183761200499,44,interleaved
44191,191,0,0.6405080489384313,0.6628236198868281,44,interleaved
44192,192,0,0.5218941028738432,0.32590670203848476,44,interleaved
44193,193,0,0.9319006155870417,0.4617047684974064,44,interleaved
44194,194,0,0.7500019746267781,0.5382854141058668,44,interleaved
44195,195,0,0.5246988925308509,0.4797069493155387,44,interleaved
44196,196,0,0.5082447086330589,0.6345194348375947,44,interleaved
44197,197,0,0.5286931287792307,0.553155815274661,44,interleaved
44198,198,0,0.8312024777980019,0.5177211242219955,44,interleaved
44199,199,0,0.8903550060305156,0.3603807677779187,44,interleaved
44200,0,0,0.541300868369951,0.575424625365877,44,blocked
44201,1,0,0.718473100286027,0.5794235959478817,44,blocked
44202,2,0,0.49789554846880163,0.724202976937028,44,blocked
44203,3,0,0.3616132928701434,0.5333786551779296,44,blocked
44204,4,0,0.7795335281151632,0.5903565363251135,44,blocked
44205,5,0,0.22744092916432182,0.5955950998926187,44,blocked
44206,6,0,0.8255288448734748,0.44874592111243045,44,blocked
44207,7,0,0.6846449615355316,0.48590799733570955,44,blocked
44208,8,0,0.5015154190038482,0.8084883461646545,44,blocked
44209,9,0,0.4673200047094322,0.6410321252370103,44,blocked
44210,10,0,0.5071065685782284,0.8987586285491793,44,blocked
44211,11,0,0.9760035783714709,0.6314309547446709,44,blocked
44212,12,0,0.5001749198919581,0.8044785705007297,44,blocked
44213,13,0,0.5501486727454242,0.5232155186898796,44,blocked
44214,14,0,0.7777610529983734,0.44583158385061916,44,blocked
44215,15,0,0.9728256225942042,0.8644738508407723,44,blocked
44216,16,0,0.6635031677024936,0.456643782894458,44,blocked
44217,17,0,0.6652236830911924,0.6187686432299508,44,blocked
44218,18,0,0.47657269299184174,0.7011150073159969,44,blocked
44219,19,0,0.6853995979257974,0.41319359906797304,44,blocked
44220,20,0,0.54781932571824,0.520143889586409,44,blocked
44221,21,0,0.7600282073940672,0.43267523987620904,44,blocked
44222,22,0,0.41988662635932533,0.7944860975025709,44,blocked
44223,23,0,0.8342885469713981,0.4313932816182131,44,blocked
44224,24,0,0.5007847270802609,0.7145492885014779,44,blocked
44225,25,0,0.30389488004983234,0.8096219608731806,44,blocked
44226,26,0,0.5007312988893012,0.714248428482142,44,blocked
44227,27,0,0.6598266603174812,0.366612146917925,44,blocked
44228,28,0,0.6654773788537417,0.7708686449709503,44,blocked
44229,29,0,0.23309668639022973,1.1075537965680913,44,blocked
44230,30,0,0.49911168765323055,0.8771315803343988,44,blocked
44231,31,0,0.5101619385227758,0.679840410545085,44,blocked
44232,32,0,0.972910860275038,0.5885396965737654,44,blocked
44233,33,0,0.717440421376101,0.6218835609666665,44,blocked
44234,34,0,0.5017996331986352,0.7567721898751225,44,blocked
44235,35,0,0.5424138876105963,0.7784036751956616,44,blocked
44236,36,0,0.6339104494769233,0.5604927849192523,44,blocked
44237,37,0,0.6602605818007483,0.6795329046284073,44,blocked
44238,38,0,0.9317118700038598,0.6949394877119415,44,blocked
44239,39,0,0.7444136471039584,0.6279338068761027,44,blocked
44240,40,0,0.0011586531761599498,0.9129084251323879,44,blocked
44241,41,0,0.9997701755686066,0.6515814255707006,44,blocked
44242,42,0,0.05244357532568656,0.8363987797019032,44,blocked
44243,43,0,0.9718487044017494,0.3354156074314695,44,blocked
44244,44,0,0.00036773146150273733,0.9806646213473538,44,blocked
44245,45,0,0.0023967585797631087,0.8584113520180665,44,blocked
44246,46,0,0.008649369640710142,0.7855259728159627,44,blocked
44247,47,0,0.4561527147681282,0.8657929375689932,44,blocked
44248,48,0,0.001383183359821176,0.8773838633879252,44,blocked
44249,49,0,0.7137216823629234,0.4712907315281947,44,blocked
44250,50,0,0.6529123888465354,0.5647041175878309,44,blocked
44251,51,0,5.524688935314217e-06,1.2805591710838644,44,blocked
44252,52,0,0.005148591575581465,0.724598040158782,44,blocked
44253,53,0,0.9937841451506928,0.4896348938449404,44,blocked
44254,54,0,0.00455193015911407,0.9900495587492097,44,blocked
44255,55,0,9.870825631703302e-05,1.2068548198171385,44,blocked
44256,56,0,0.9638181541030652,0.5802622197478667,44,blocked
44257,57,0,0.9430621720926274,0.9266874400834947,44,blocked
44258,58,0,0.9649014828738525,1.230188755746385,44,blocked
44259,59,0,0.6467131417833045,0.7307807378453861,44,blocked
44260,60,0,0.9999866806302775,0.5875171140818305,44,blocked
44261,61,0,0.9847301959169645,0.39010881231798056,44,blocked
44262,62,0,0.9436944657853479,0.4397479556865951,44,blocked
44263,63,0,0.26319091067597716,0.6168367259668833,44,blocked
44264,64,0,0.0040716248952134045,0.8130565279559339,44,blocked
44265,65,0,0.9979561510153077,0.45925940071521765,44,blocked
44266,66,0,0.15266076301093554,0.7895216708408104,44,blocked
44267,67,0,0.013449692390358349,0.8073044419440469,44,blocked
44268,68,0,0.4117400380844799,0.8000643887811945,44,blocked
44269,69,0,0.9345251132339417,0.4585397323741564,44,blocked
44270,70,0,0.9209856843206143,0.6417639606011913,44,blocked
44271,71,0,0.5294649654696221,0.5266170133597095,44,blocked
44272,72,0,0.030576563847293355,0.9930517427448872,44,blocked
44273,73,0,0.011404929487601958,1.0036581640000837,44,blocked
44274,74,0,0.09225002880163888,0.6578370183856632,44,blocked
44275,75,0,0.8957646177041607,0.41840310089543525,44,blocked
44276,76,0,0.05169544323465882,0.9239151100373406,44,blocked
44277,77,0,0.06618019349855603,0.7872563887607912,44,blocked
44278,78,0,0.021197083926355498,1.1320812789028936,44,blocked
44279,79,0,0.9908803153285624,0.5037819218808857,44,blocked
44280,80,0,0.49999669821085563,0.8683239642505332,44,blocked
44281,81,0,0.43086459905016294,0.5336642061171114,44,blocked
44282,82,0,0.8635408288252326,0.38942090645978744,44,blocked
44283,83,0,0.3977499353568921,0.5819484210899145,44,blocked
44284,84,0,0.5199431633495837,0.5951022298984394,44,blocked
44285,85,0,0.04410723843872056,0.5463714926232686,44,blocked
44286,86,0,0.4973251439330183,0.5603383989743805,44,blocked
44287,87,0,0.7507462207847913,0.5907883977607239,44,blocked
44288,88,0,0.5722930438029379,0.5050228384585118,44,blocked
44289,89,0,0.9415787214334277,0.4911409983198067,44,blocked
44290,90,0,0.8734873953035618,0.6385887295879719,44,blocked
44291,91,0,0.4639061201522452,0.73347894868608,44,blocked
44292,92,0,0.9850243777580967,0.8458430193286816,44,blocked
44293,93,0,0.492765884038365,0.6683578855177021,44,blocked
44294,94,0,0.445784445951387,0.5500117459519963,44,blocked
44295,95,0,0.828888258788153,0.7546851397529728,44,blocked
44296,96,0,0.9418775972072335,0.6206842299274172,44,blocked
44297,97,0,0.6596110730896683,0.7547344078622839,44,blocked
44298,98,0,0.9651039408486894,0.6381785267753042,44,blocked
44299,99,0,0.51488637106206,0.8364351829512098,44,blocked
44300,100,0,0.4988851654542183,0.9362885299733512,44,blocked
44301,101,0,0.6852249234695514,0.37225863961157113,44,blocked
44302,102,0,0.49940523159917904,0.5136932524247364,44,blocked
44303,103,0,0.5001764608987039,0.6870679706541911,44,blocked
44304,104,0,0.6489004861100667,0.4880911051350424,44,blocked
44305,105,0,0.9935758313783394,0.6287854019710546,44,blocked
44306,106,0,0.9531896012499538,0.6531579911313339,44,blocked
44307,107,0,0.48826982210409015,0.6809538989535201,44,blocked
44308,108,0,0.9812947103605367,0.681626047601217,44,blocked
44309,109,0,0.7575217122495708,0.48755402067024944,44,blocked
44310,110,0,0.5673474691160733,0.5196552325419643,44,blocked
44311,111,0,0.8529414736206193,0.5243692474210966,44,blocked
44312,112,0,0.46255625698533603,0.5394910131305707,44,blocked
44313,113,0,0.9725621370034322,0.6461361581708001,44,blocked
44314,114,0,0.9402025910938392,0.6199852880252561,44,blocked
44315,115,0,0.47965121714886144,0.8493742636277972,44,blocked
44316,116,0,0.6586703421965743,0.5511861782462111,44,blocked
44317,117,0,0.5088231433476516,0.4104754136535922,44,blocked
44318,118,0,0.9682403515796589,0.7932409621388076,44,blocked
44319,119,0,0.9875940694551579,0.8334796753297016,44,blocked
44320,120,0,0.4883859558966304,0.6903702243501628,44,blocked
44321,121,0,0.7246577270088698,0.662731164075442,44,blocked
44322,122,0,0.0002635611793638189,0.9357537046879334,44,blocked
44323,123,0,0.00842174770313878,1.0870132694628252,44,blocked
44324,124,0,0.33279750764326715,0.6440931447854263,44,blocked
44325,125,0,0.9890030296693743,0.3549334482711799,44,blocked
44326,126,0,0.020197131849985388,0.5974944536459941,44,blocked
44327,127,0,0.7902211856944094,0.5986504469974149,44,blocked
44328,128,0,0.6325166251341912,0.5799532302515147,44,blocked
44329,129,0,0.956981912987112,0.6822949717797411,44,blocked
44330,130,0,0.36804396227324704,0.6056349795964164,44,blocked
44331,131,0,0.10061076225835801,0.7222280731636925,44,blocked
44332,132,0,0.8834887288048457,0.22198750070343454,44,blocked
44333,133,0,0.18567289355937128,0.6169042766991512,44,blocked
44334,134,0,0.9436103761760272,0.602029054383892,44,blocked
44335,135,0,0.14766317780905613,0.5883776678969388,44,blocked
44336,136,0,0.9383349569507826,0.5184061230577035,44,blocked
44337,137,0,0.7958261991591093,0.7169449441077276,44,blocked
44338,138,0,0.8248637105863981,0.5885325456665977,44,blocked
44339,139,0,0.11634231432054196,0.9274345200640937,44,blocked
44340,140,0,0.8358200005220118,0.6116645439674304,44,blocked
44341,141,0,0.16473126200761304,0.9398579071267192,44,blocked
44342,142,0,0.24680695723503288,0.8966687639275248,44,blocked
44343,143,0,0.9895720001756012,0.5876850648108579,44,blocked
44344,144,0,0.9572905318388083,0.46828491772641884,44,blocked
44345,145,0,0.3905476135893438,0.6800369079568107,44,blocked
44346,146,0,0.7095935727401846,0.7267861505050506,44,blocked
44347,147,0,0.9850713586031676,0.8920195827706097,44,blocked
44348,148,0,0.3811549733553742,0.899188205067962,44,blocked
44349,149,0,0.31153730760636683,0.5432667712327917,44,blocked
44350,150,0,0.8115928735720721,0.3940606017246365,44,blocked
44351,151,0,0.7385817048756739,0.6814953119017213,44,blocked
44352,152,0,0.5047798072799682,0.5456307779501495,44,blocked
44353,153,0,0.8646471228048661,0.4160905903746235,44,blocked
44354,154,0,0.9788666663970094,0.6168765831130727,44,blocked
44355,155,0,0.9920932813343388,0.5576166497611847,44,blocked
44356,156,0,0.8337967294142683,0.39734989563903483,44,blocked
44357,157,0,0.60055044947175,0.9744241566115791,44,blocked
44358,158,0,0.9985600400036245,0.3741602637205056,44,blocked
44359,159,0,0.9496696448030759,0.4527538426072155,44,blocked
44360,160,0,0.20432681608811995,0.5897754285544489,44,blocked
44361,161,0,0.1294590668620914,0.6712809336296804,44,blocked
44362,162,0,0.8732461400904564,0.5717254690573683,44,blocked
44363,163,0,0.8741105901977393,0.8101739711474791,44,blocked
44364,164,0,0.46730401310815634,0.49908037943902184,44,blocked
44365,165,0,0.5221311322575085,0.5237025259309352,44,blocked
44366,166,0,0.4888221917252055,1.1550728723604216,44,blocked
44367,167,0,0.5000428452885747,0.6635029318212998,44,blocked
44368,168,0,0.5449909974732747,0.6511585237984662,44,blocked
44369,169,0,0.8308617389436641,0.4441024255826438,44,blocked
44370,170,0,0.4993476258123575,0.8045170328703558,44,blocked
44371,171,0,0.4158154026981107,0.4895893935332343,44,blocked
44372,172,0,0.7376168320459304,0.5630277382175286,44,blocked
44373,173,0,0.16829209121184893,0.7649345553561258,44,blocked
44374,174,0,0.5104035782232302,0.4559957065213168,44,blocked
44375,175,0,0.5177636964334819,0.6230897117106458,44,blocked
44376,176,0,0.606829671195668,0.5912500455524548,44,blocked
44377,177,0,0.49638226536041885,0.7570557439412939,44,blocked
44378,178,0,0.8821188069598664,0.5240606098882911,44,blocked
44379,179,0,0.49980527765056887,0.5947691348115234,44,blocked
44380,180,0,0.8345072674562057,0.5163649050208696,44,blocked
44381,181,0,0.8708333522241354,0.4602789110313237,44,blocked
44382,182,0,0.860589185235989,0.5227323302765692,44,blocked
44383,183,0,0.948065029054067,0.5472412758993074,44,blocked
44384,184,0,0.602331514423651,0.7102418074957875,44,blocked
44385,185,0,0.9855680450611131,0.6086396774415263,44,blocked
44386,186,0,0.6098707883865611,0.3422335667753737,44,blocked
44387,187,0,0.9692560177385388,0.4511129698322581,44,blocked
44388,188,0,0.92653159134541,0.4107401297967659,44,blocked
44389,189,0,0.9989420195377048,0.6903160072261458,44,blocked
44390,190,0,0.16426031256597895,0.82216524548073,44,blocked
44391,191,0,0.6591163631459849,0.5255676666821885,44,blocked
44392,192,0,0.5014450361360565,0.5043163906086552,44,blocked
44393,193,0,0.5203349779247706,0.7212896440347243,44,blocked
44394,194,0,0.9236648303389219,0.6342563652896736,44,blocked
44395,195,0,0.4280662326105277,0.8960997584334722,44,blocked
44396,196,0,0.9532557429495101,0.49714330488149383,44,blocked
44397,197,0,0.08798083517200352,0.8645276396506762,44,blocked
44398,198,0,0.9005395437718866,0.3022609725396641,44,blocked
44399,199,0,0.994113539022488,0.6898996536358257,44,blocked
44400,0,0,0.28244542572851994,0.7845443240996466,44,early
44401,1,0,0.01938050789634447,0.7417942303460818,44,early
44402,2,0,0.6681423448215351,0.6807246905799208,44,early
44403,3,0,0.9186052150235922,0.4894074153889302,44,early
44404,4,0,0.8966386897627475,0.3221947847667367,44,early
44405,5,0,0.8970160867829566,0.42219083900735965,44,early
44406,6,0,0.9844766586581881,0.5636690964308412,44,early
44407,7,0,0.4236669385483967,0.5761296757772205,44,early
44408,8,0,0.890377383367596,0.6534306044905229,44,early
44409,9,0,0.9836178929203645,0.8496134726633335,44,early
44410,10,0,0.9436409818371423,0.48932061701605856,44,early
44411,11,0,0.028614741933715895,0.88710941767755,44,early
44412,12,0,0.07225054403265688,0.7391560689100725,44,early
44413,13,0,0.9079473100392312,0.57182007461042,44,early
44414,14,0,0.19190919194864026,0.6052024865692267,44,early
44415,15,0,0.9222021484343332,0.8066919750004957,44,early
44416,16,0,0.29245657337591796,0.5841260666053169,44,early
44417,17,0,0.5138892220737912,0.5869889706302721,44,early
44418,18,0,0.5508008235757647,0.4077226795654009,44,early
44419,19,0,0.9993959284010432,0.6371070797627778,44,early
44420,20,0,0.6387003607089755,0.5083172557223293,44,early
44421,21,0,0.5657903918879558,0.3063229318324253,44,early
44422,22,0,0.012754132379517958,0.7923998503677245,44,early
44423,23,0,0.23422449312798066,0.7047287467603696,44,early
44424,24,0,0.9164262881639778,0.7474678768003693,44,early
44425,25,0,0.4845030799731106,0.8769441670661282,44,early
44426,26,0,0.9779015344902138,0.7782137300494513,44,early
44427,27,0,0.885048431412981,0.6056010456230723,44,early
44428,28,0,0.5305025241276718,0.6054583376041672,44,early
44429,29,0,0.40609903953811827,0.5479311065800707,44,early
44430,30,0,0.7128015051783427,0.6958958070466454,44,early
44431,31,0,0.9078252498552931,0.482330219524341,44,early
44432,32,0,0.9132003949054865,0.6039983867048766,44,early
44433,33,0,0.9374990457501073,0.613031752623269,44,early
44434,34,0,0.9968723417773994,0.49122468740802033,44,early
44435,35,0,0.9986573759679194,0.6374543310464673,44,early
44436,36,0,0.7143552779875858,0.39778772290918907,44,early
44437,37,0,0.8991823997590369,0.44985692833397284,44,early
44438,38,0,0.8418389136587671,0.6047594486251512,44,early
44439,39,0,0.9826642911837463,0.79299161268039,44,early
44440,40,0,0.4693328426207882,1.0727209392871302,44,early
44441,41,0,0.4197286829765419,0.6623857320186405,44,early
44442,42,0,0.49927541344348025,0.8560232337106757,44,early
44443,43,0,0.49999966452406197,1.3536920025639274,44,early
44444,44,0,0.49991946142892607,1.2335268014485334,44,early
44445,45,0,0.08048749399827926,0.837547643367371,44,early
44446,46,0,0.4766652377004976,1.0133633061897256,44,early
44447,47,0,0.500177683015943,0.76526340448152,44,early
44448,48,0,0.5134077797576593,0.6274219910717131,44,early
44449,49,0,0.49574689423718,0.6390101505021839,44,early
44450,50,0,0.5853565376810497,0.5105257793923756,44,early
44451,51,0,0.4993877956294255,0.8658003909388812,44,early
44452,52,0,0.5082564945839049,1.087827947353651,44,early
44453,53,0,0.694877864801857,0.7184862410406596,44,early
44454,54,0,0.14800415913929793,0.6024998354670947,44,early
44455,55,0,0.5000174776862643,0.7632130476928076,44,early
44456,56,0,0.5514718458530676,0.6388654022438707,44,early
44457,57,0,0.7296327985952731,0.5290795315455661,44,early
44458,58,0,0.9854057923327542,0.7144700282420879,44,early
44459,59,0,0.4846945025198139,0.6267533547702655,44,early
44460,60,0,0.5135482060905328,0.5764859416447761,44,early
44461,61,0,0.4991122554822197,1.0330958609582315,44,early
44462,62,0,0.5568304281819767,1.1762295604446917,44,early
44463,63,0,0.5521982561501071,0.6724788758057361,44,early
44464,64,0,0.37411710118545094,0.9440642342284651,44,early
44465,65,0,0.9395353948231606,0.6955536093990319,44,early
44466,66,0,0.872147777528582,0.586038000152456,44,early
44467,67,0,0.49991289534499445,0.9570753158956442,44,early
44468,68,0,0.5001848147202954,0.925454972428343,44,early
44469,69,0,0.9953336399830965,0.5594291393586859,44,early
44470,70,0,0.47842406806606447,0.7221522463289287,44,early
44471,71,0,0.5100070648448735,0.4753694951568098,44,early
44472,72,0,0.40414523885867376,0.6295678746111335,44,early
44473,73,0,0.8766661671021077,0.8962623365742095,44,early
44474,74,0,0.5127945242793287,0.8718063098975475,44,early
44475,75,0,0.3560084562706094,0.9130188872944651,44,early
44476,76,0,0.6656548421417717,0.6263984723461846,44,early
44477,77,0,0.8490150797170667,0.42115043854769785,44,early
44478,78,0,0.808057002467013,0.48905026191989753,44,early
44479,79,0,0.8635947444153598,0.5696142408650762,44,early
44480,80,0,0.09836353574952256,0.6991447750358002,44,early
44481,81,0,0.5021413470568461,0.7676928769123692,44,early
44482,82,0,0.8600224931084522,0.5571096729931815,44,early
44483,83,0,0.5012198409472243,0.6279035973989583,44,early
44484,84,0,0.9993115524591026,0.48358612046267235,44,early
44485,85,0,0.9408804605533759,0.3303622735232391,44,early
44486,86,0,0.554902851352446,0.3736568288703278,44,early
44487,87,0,0.9244088432829982,0.4829339410710124,44,early
44488,88,0,0.15596989933794822,0.7619193114330285,44,early
44489,89,0,0.5408657371353502,0.7493429273166827,44,early
44490,90,0,0.9987158126894748,0.9086828416402177,44,early
44491,91,0,0.9888419839836999,0.4893515654052441,44,early
44492,92,0,0.7120164843474415,0.5967009959374281,44,early
44493,93,0,0.5187411065236132,0.8721375615815556,44,early
44494,94,0,0.963266232258693,0.6022763222159844,44,early
44495,95,0,0.5540282548840024,0.6211782825930674,44,early
44496,96,0,0.6694652308165056,0.5456108219290916,44,early
44497,97,0,0.5000157852064318,0.9299221156039739,44,early
44498,98,0,0.4978415651467393,0.6691770537121379,44,early
44499,99,0,0.49917968696764065,0.8325516001729497,44,early
44500,100,0,0.21157645312997067,0.5180833166539387,44,early
44501,101,0,0.5278186574247566,0.8556878962045021,44,early
44502,102,0,0.47893572115649546,0.7603380175407438,44,early
44503,103,0,0.49960904796199784,0.6396056027988073,44,early
44504,104,0,0.3737624443284083,0.5430769679086722,44,early
44505,105,0,0.7154157812128727,0.5849077139330165,44,early
44506,106,0,0.31810637882070614,0.6253400415004147,44,early
44507,107,0,0.2509818822138058,0.49938408986913013,44,early
44508,108,0,0.9679066461970635,0.34985419671409984,44,early
44509,109,0,0.5115514784957023,0.610904044801513,44,early
44510,110,0,0.8452680494568131,0.5752765054031098,44,early
44511,111,0,0.5016637217445178,0.6633567288197593,44,early
44512,112,0,0.963839539375247,0.5925969109308129,44,early
44513,113,0,0.8605515764393818,0.6514280771300409,44,early
44514,114,0,0.9746139525895108,0.6271709317015166,44,early
44515,115,0,0.499161007635322,0.8297848105215655,44,early
44516,116,0,0.9802493448046727,0.7825724128485517,44,early
44517,117,0,0.49982864369122226,0.98178002522887,44,early
44518,118,0,0.48918714170236577,0.40130568620203155,44,early
44519,119,0,0.5002365488722416,0.8444033654424643,44,early
44520,120,0,0.9399746108563293,0.9684490550965207,44,early
44521,121,0,0.9290101543306489,0.9116668734426936,44,early
44522,122,0,0.984393002973176,0.5258018568188858,44,early
44523,123,0,0.8428909346664717,0.427308804294646,44,early
44524,124,0,0.3995249275804029,0.6150664876005671,44,early
44525,125,0,0.8741650972515776,0.5597852281474339,44,early
44526,126,0,0.7724054869687977,0.5637346379613671,44,early
44527,127,0,0.6355997346508713,0.6134791435606348,44,early
44528,128,0,0.40244055294779907,0.7448849016070356,44,early
44529,129,0,0.5155993627416028,1.0861703120836457,44,early
44530,130,0,0.7905504201435595,0.457842911165393,44,early
44531,131,0,0.5000493750338516,0.7684581714466293,44,early
44532,132,0,0.9999522568885775,0.5731065618415009,44,early
44533,133,0,0.5001631321158538,0.6831828492069683,44,early
44534,134,0,0.06038538041491764,0.669133515025998,44,early
44535,135,0,0.49594125099373554,0.8648010164476281,44,early
44536,136,0,0.12269221537433302,0.8865304286821856,44,early
44537,137,0,0.7218867329771783,0.4156939992934827,44,early
44538,138,0,0.999853225308014,0.6842671004546336,44,early
44539,139,0,0.49863107069326146,0.920182617571198,44,early
44540,140,0,0.8657960342658959,0.5162925700339118,44,early
44541,141,0,0.5000001526286066,1.1476144012238507,44,early
44542,142,0,0.9995992586765806,0.788438692297159,44,early
44543,143,0,0.9968232448716245,0.8400037734598511,44,early
44544,144,0,0.9839162466041352,0.45936933902695154,44,early
44545,145,0,0.8315764793768986,0.48085239770998406,44,early
44546,146,0,0.9993203178895762,0.735930569127909,44,early
44547,147,0,0.51802789536213,0.42569127605526325,44,early
44548,148,0,0.9989315945592248,0.47363060184220757,44,early
44549,149,0,0.9689661199934937,1.1069637082199264,44,early
44550,150,0,0.9991715714102152,0.6491187249111707,44,early
44551,151,0,0.49974240039360973,0.6521556318759701,44,early
44552,152,0,0.034240441462438376,0.6867988283438202,44,early
44553,153,0,0.5031627272465643,0.5320619491605245,44,early
44554,154,0,0.1392286621228292,0.7399581135250155,44,early
44555,155,0,0.4999999972900649,1.613800023513782,44,early
44556,156,0,0.99977358792111,0.5656988596138848,44,early
44557,157,0,0.5166365939953328,0.744575589011272,44,early
44558,158,0,0.9511616494889237,0.6265658011781639,44,early
44559,159,0,0.8229706497504954,0.46310903200677256,44,early
44560,160,0,0.4248629246627356,0.7128155001238061,44,early
44561,161,0,0.4971310964677684,0.4848732491529355,44,early
44562,162,0,0.5388789922940863,0.5754605792650799,44,early
44563,163,0,0.2504066755455417,0.8384604622354206,44,early
44564,164,0,0.988323365731241,0.6040608005565048,44,early
44565,165,0,0.8979723438414116,0.5986820352842608,44,early
44566,166,0,0.5975650700506564,0.5391266426173842,44,early
44567,167,0,0.8054804391587118,0.6969098272147771,44,early
44568,168,0,0.997937940481475,0.5012292677901412,44,early
44569,169,0,0.5199889441334545,0.8201191577418093,44,early
44570,170,0,0.5000206343515498,0.7987976715324576,44,early
44571,171,0,0.5033433944269994,0.7634217859084487,44,early
44572,172,0,0.003471408420655823,0.7837140020380395,44,early
44573,173,0,0.619670101562096,0.4488996724872151,44,early
44574,174,0,0.5243752014971508,0.7314094381444818,44,early
44575,175,0,0.5010938182640396,0.9258739926862003,44,early
44576,176,0,0.5129377187986649,0.7423749105254877,44,early
44577,177,0,0.34450148275450354,0.6783405673407379,44,early
44578,178,0,0.9905571388867409,0.5178268890264528,44,early
44579,179,0,0.06669670146823538,0.5225106485416215,44,early
44580,180,0,0.8598416934691666,0.5351599716317201,44,early
44581,181,0,0.9950649952726854,0.8255657576112666,44,early
44582,182,0,0.4521006281980037,0.819752250160179,44,early
44583,183,0,0.612563769941194,0.8990693204100615,44,early
44584,184,0,0.819089066186538,0.556004650005455,44,early
44585,185,0,0.5950768006602944,0.4552026530905309,44,early
44586,186,0,0.9989932289663785,0.6218811419259483,44,early
44587,187,0,0.9902968263328871,0.45888597557296795,44,early
44588,188,0,0.03550390016854747,0.6496402538336136,44,early
44589,189,0,0.5001835349363724,0.7057333217162426,44,early
44590,190,0,0.9065724659590825,0.5875725299709156,44,early
44591,191,0,0.697203410718384,0.6384013626487721,44,early
44592,192,0,0.8086769213467755,0.43108186396329795,44,early
44593,193,0,0.7100744320939567,0.7446817635398122,44,early
44594,194,0,0.9401082429460981,0.5817565600349862,44,early
44595,195,0,0.5000865068304282,0.6812911692948392,44,early
44596,196,0,0.9432480889804262,0.2752025787106631,44,early
44597,197,0,0.6703345526848075,0.5625006446989629,44,early
44598,198,0,0.3729048279081655,0.46933598759576445,44,early
44599,199,0,0.5194460232086493,0.375453943460607,44,early
44600,0,0,0.02876767612476005,0.9520037191006592,44,middle
44601,1,0,0.009625141421851094,0.8699982778736071,44,middle
44602,2,0,0.5847154649633133,0.8446903557307137,44,middle
44603,3,0,0.11823666003565511,0.7114686558000014,44,middle
44604,4,0,0.5004644070428844,0.7757787901894779,44,middle
44605,5,0,0.26348432941124406,0.6010878096660965,44,middle
44606,6,0,0.498856277649711,0.8563890602154378,44,middle
44607,7,0,0.05898271896503229,1.0315415666541194,44,middle
44608,8,0,0.35249402072763847,0.9461114504942918,44,middle
44609,9,0,0.10603425974073914,0.8714391878558375,44,middle
44610,10,0,0.4882986723954158,0.6272226271421444,44,middle
44611,11,0,0.028772601431401323,0.9791478450495917,44,middle
44612,12,0,0.5055685782856273,0.6780499444268061,44,middle
44613,13,0,0.9911178769716473,0.7752778044568542,44,middle
44614,14,0,0.5423835000235746,0.4320708145654241,44,middle
44615,15,0,0.4157619679360477,0.5911600494214028,44,middle
44616,16,0,0.4968220482834343,0.8190622153571858,44,middle
44617,17,0,0.9985826548078249,0.667911583448057,44,middle
44618,18,0,0.4915176328596641,0.3988495399491201,44,middle
44619,19,0,0.8621069579665889,0.6202798646497054,44,middle
44620,20,0,0.5716335655002068,0.6497498126070983,44,middle
44621,21,0,0.5038474961234619,0.5346424470798972,44,middle
44622,22,0,0.5015869572854891,0.63828951458002,44,middle
44623,23,0,0.021877161859156564,0.794097669328257,44,middle
44624,24,0,0.5702709612805263,0.545429156060182,44,middle
44625,25,0,0.8019202798184262,0.8201198248279176,44,middle
44626,26,0,0.5488514380788773,0.49138069306525295,44,middle
44627,27,0,0.9988613907788099,0.7721714740394632,44,middle
44628,28,0,0.833414038162127,0.46955599273075677,44,middle
44629,29,0,0.5861007765279868,0.5386850488216428,44,middle
44630,30,0,0.4992705575290255,0.7266963188759498,44,middle
44631,31,0,0.4908831395279003,0.613841563513785,44,middle
44632,32,0,0.27018782894604426,0.7268532663146248,44,middle
44633,33,0,0.9360136166493752,0.6514848835893783,44,middle
44634,34,0,0.792985286323237,0.36058736100019206,44,middle
44635,35,0,0.48410024765112486,0.44341173069784595,44,middle
44636,36,0,0.6070728913530337,0.6472880090789437,44,middle
44637,37,0,0.6650966829178286,0.7373534451540783,44,middle
44638,38,0,0.5000986323429996,0.883687809867135,44,middle
44639,39,0,0.08949008955348062,0.7479706914026071,44,middle
44640,40,0,0.7124041244946671,0.5982821221711287,44,middle
44641,41,0,0.8011671543235127,0.606195036491108,44,middle
44642,42,0,0.4803858036679146,0.8583419000204857,44,middle
44643,43,0,0.5616231058801888,0.5886972884403652,44,middle
44644,44,0,0.49597646302520715,0.6201813075218279,44,middle
44645,45,0,0.829148950230918,0.2758807540531011,44,middle
44646,46,0,0.8611896463130568,0.3759032842954042,44,middle
44647,47,0,0.5137977881674616,0.7851140775914406,44,middle
44648,48,0,0.09802729936834202,0.8182695551741892,44,middle
44649,49,0,0.5003223232176117,0.7576246457097978,44,middle
44650,50,0,0.9260368320751622,0.2423992447575743,44,middle
44651,51,0,0.5032473080473507,1.0434268661288606,44,middle
44652,52,0,0.5070484999363103,0.8681627205951985,44,middle
44653,53,0,0.7993121652851567,0.6138312153167504,44,middle
44654,54,0,0.4997585776227957,0.950523382200176,44,middle
44655,55,0,0.7515542509366233,0.48794992710554375,44,middle
44656,56,0,0.9018181031790702,0.5171315063827384,44,middle
44657,57,0,0.8607437352731351,0.6132668800745948,44,middle
44658,58,0,0.9847830524963685,0.6871070793325273,44,middle
44659,59,0,0.5043330622498163,0.6569749654391752,44,middle
44660,60,0,0.9906100128622106,0.5228545916120608,44,middle
44661,61,0,0.48633954874251034,0.962997112779662,44,middle
44662,62,0,0.555168223867153,0.5278517315059261,44,middle
44663,63,0,0.4997182663617388,1.0790983554735265,44,middle
44664,64,0,0.5311730454385405,0.929143997551166,44,middle
44665,65,0,0.5296761071089785,0.624610214411363,44,middle
44666,66,0,0.6105594071302353,0.45300010947661845,44,middle
44667,67,0,0.5729212020227048,0.5317756726584375,44,middle
44668,68,0,0.720722780297326,0.5863263029383783,44,middle
44669,69,0,0.9737571222872999,0.7734440344160795,44,middle
44670,70,0,0.9361648904663382,0.6719811054183992,44,middle
44671,71,0,0.9654295207510541,0.4566391268918335,44,middle
44672,72,0,0.9110197189597052,0.4951670569062968,44,middle
44673,73,0,0.9979008347037202,0.7786441587623509,44,middle
44674,74,0,0.9864650980356213,0.5066122114686435,44,middle
44675,75,0,0.5047944992374862,0.7097560839072048,44,middle
44676,76,0,0.49990452384250816,1.1148335561001672,44,middle
44677,77,0,0.9883112544527031,0.623162143227884,44,middle
44678,78,0,0.9922305464380963,1.0138275058900856,44,middle
44679,79,0,0.502738114495579,0.6766075054705561,44,middle
44680,80,0,0.006293859008656464,0.8722364345849547,44,middle
44681,81,0,0.0003753316319138111,1.0619739665868024,44,middle
44682,82,0,0.9703192354430219,0.47255428977442715,44,middle
44683,83,0,0.0007535844234540371,1.0508936395735349,44,middle
44684,84,0,0.9677589701181324,0.6938683226435383,44,middle
44685,85,0,0.005808531275436042,0.7553508225340679,44,middle
44686,86,0,0.11748430973769719,0.8126716946663362,44,middle
44687,87,0,0.3413592250149167,0.5801879088438802,44,middle
44688,88,0,0.004926914082441463,0.8141377334483133,44,middle
44689,89,0,0.9117913133012746,0.8740256971085876,44,middle
44690,90,0,0.8259408791301324,0.5186982353821594,44,middle
44691,91,0,0.8289866859032735,0.6255358225967037,44,middle
44692,92,0,0.43695341421318007,0.7058033879226508,44,middle
44693,93,0,0.9499603459396945,0.6153873153145852,44,middle
44694,94,0,0.99807026252281,0.6029300048874713,44,middle
44695,95,0,0.5092114896635446,1.0909228702822682,44,middle
44696,96,0,0.0003918673234480597,0.8911468781708652,44,middle
44697,97,0,0.46751598086569396,0.5436579661215196,44,middle
44698,98,0,0.44451952560089225,0.5823315223721315,44,middle
44699,99,0,0.27805698976025267,0.583141067782699,44,middle
44700,100,0,0.07424347866631538,0.7270763324326748,44,middle
44701,101,0,0.18378164283926274,0.790596555502455,44,middle
44702,102,0,0.7473475444616631,0.3655418274324572,44,middle
44703,103,0,0.47104216683604194,0.7586654143836158,44,middle
44704,104,0,0.45311058132300625,0.6027116749674606,44,middle
44705,105,0,0.018496796029009346,0.5870052580536995,44,middle
44706,106,0,0.86738702150766,0.788537143944773,44,middle
44707,107,0,0.003153981595801255,1.0289363642181804,44,middle
44708,108,0,0.024522518519677586,0.865345609615368,44,middle
44709,109,0,0.08154926657234494,0.8536593005607285,44,middle
44710,110,0,0.9855385132313808,0.3983075985516097,44,middle
44711,111,0,0.6123149387397295,0.7194874908506939,44,middle
44712,112,0,0.9471794732080969,0.618766075612085,44,middle
44713,113,0,0.5083735538649988,0.8716279950310439,44,middle
44714,114,0,0.6263890335431624,0.7719553626405311,44,middle
44715,115,0,0.4877912945400556,0.6481118165754447,44,middle
44716,116,0,0.9993428770940488,0.4941913495712976,44,middle
44717,117,0,0.980826276869616,0.47110575237025587,44,middle
44718,118,0,0.9966848510466035,0.47171825589695554,44,middle
44719,119,0,0.5550568755078145,0.5288419751198766,44,middle
44720,120,0,0.04255956319463647,0.7197121255970826,44,middle
44721,121,0,0.6849564587284871,0.30557064805627954,44,middle
44722,122,0,0.6301561456832714,0.7090960115126208,44,middle
44723,123,0,0.6855812563322031,0.7183741176165122,44,middle
44724,124,0,0.01760908089575921,0.8941406292449015,44,middle
44725,125,0,0.9181603715436779,0.7980095346223456,44,middle
44726,126,0,0.48564722346092454,1.0766965856603685,44,middle
44727,127,0,0.49472487812229504,0.6820914374966554,44,middle
44728,128,0,0.5002013845962114,0.9029670040533118,44,middle
44729,129,0,0.14549233796766456,1.1991410747892413,44,middle
44730,130,0,0.27122077290619045,0.8081772225212622,44,middle
44731,131,0,0.961013160488617,0.47484104814899286,44,middle
44732,132,0,0.30057003690051665,0.6247418835511063,44,middle
44733,133,0,0.5530629260984994,0.5750996160936257,44,middle
44734,134,0,0.5006453468751525,0.6443176650034118,44,middle
44735,135,0,0.9965533554192336,0.49540918812017776,44,middle
44736,136,0,0.7348422237896726,0.5013514571810698,44,middle
44737,137,0,0.02203819507990453,0.9123273317741666,44,middle
44738,138,0,0.5000582883818666,0.8842953734887778,44,middle
44739,139,0,0.04472089566670697,0.8161643447351561,44,middle
44740,140,0,0.29771429323051324,0.7631441246298408,44,middle
44741,141,0,0.8709658734041679,0.5965544180667648,44,middle
44742,142,0,0.10166615053154236,0.689625514935853,44,middle
44743,143,0,0.6148324671010786,0.5609227371860265,44,middle
44744,144,0,0.39382363775602935,0.8567348251411644,44,middle
44745,145,0,0.8442818231090683,0.6337015061988092,44,middle
44746,146,0,0.662296237389446,0.4485416909275536,44,middle
44747,147,0,0.8528750384952339,0.7331003008577148,44,middle
44748,148,0,0.22533219705486085,1.0450848730019553,44,middle
44749,149,0,0.6913672524496063,0.5421147734371479,44,middle
44750,150,0,0.4997921499742826,0.945369150836527,44,middle
44751,151,0,0.9998485480818997,0.6669641948512919,44,middle
44752,152,0,0.48502458325351383,0.6061889901936448,44,middle
44753,153,0,0.35968999690548786,0.6321511972623969,44,middle
44754,154,0,0.7391717569673312,0.8289414992090829,44,middle
44755,155,0,0.5205078847003354,0.5608976297435251,44,middle
44756,156,0,0.4995826657305944,0.6384163818244303,44,middle
44757,157,0,0.510798809295459,0.508806533709496,44,middle
44758,158,0,0.4236440918310973,0.49931994349921155,44,middle
44759,159,0,0.9548856870424784,0.6779507338798454,44,middle
44760,160,0,0.4614851980775913,0.8558692264517034,44,middle
44761,161,0,0.03732917820557702,0.7395494945104559,44,middle
44762,162,0,0.9561684684245237,0.5210443137231053,44,middle
44763,163,0,0.9006711785058223,0.5486167181670931,44,middle
44764,164,0,0.18355066109418333,0.5305107515708317,44,middle
44765,165,0,0.4987865085420239,0.7424552871706248,44,middle
44766,166,0,0.7808448556057717,0.8158743886374166,44,middle
44767,167,0,0.6114282915089196,0.612984945588169,44,middle
44768,168,0,0.9658726391696475,0.5867099206704125,44,middle
44769,169,0,0.5571647156840352,0.8458547291928937,44,middle
44770,170,0,0.7253211555726744,0.667696685370652,44,middle
44771,171,0,0.5121602394103634,0.7519187808414325,44,middle
44772,172,0,0.9938026820284964,0.7432841596417084,44,middle
44773,173,0,0.39329456804415003,0.5674765257863921,44,middle
44774,174,0,0.5002207991266641,0.5883318495347312,44,middle
44775,175,0,0.4724801977283323,0.6165549822771794,44,middle
44776,176,0,0.47721650582175273,0.6761194954231858,44,middle
44777,177,0,0.9184792626751231,0.6183491453183965,44,middle
44778,178,0,0.9763951971407432,0.41693900100651204,44,middle
44779,179,0,0.9976168422707694,0.7083116168615702,44,middle
44780,180,0,0.9984854670265478,1.085496156336764,44,middle
44781,181,0,0.9359686709696016,0.4991709394300245,44,middle
44782,182,0,0.27109183614953447,0.9745199732946923,44,middle
44783,183,0,0.7115784388925386,0.7883460591397915,44,middle
44784,184,0,0.5367658602339562,0.8265156075921516,44,middle
44785,185,0,0.9851667127635506,0.3515217979691253,44,middle
44786,186,0,0.4595659168231911,0.5581956869896721,44,middle
44787,187,0,0.5701412711837157,0.45442020837614416,44,middle
44788,188,0,0.12325058586921833,0.636067364188913,44,middle
44789,189,0,0.9999620832335503,0.5313459813474772,44,middle
44790,190,0,0.16571200433025673,0.5891132752896323,44,middle
44791,191,0,0.25862016328270315,0.43474119723950866,44,middle
44792,192,0,0.5069957632262196,0.655710444783513,44,middle
44793,193,0,0.004244070494452352,0.5532607615438796,44,middle
44794,194,0,0.9683917012065896,0.5542358917978667,44,middle
44795,195,0,0.6029480906418433,0.6511170666246049,44,middle
44796,196,0,0.7644658159859887,0.47080256636772627,44,middle
44797,197,0,0.36541904380168916,0.6528099598273366,44,middle
44798,198,0,0.49952161504473064,0.5087303905493422,44,middle
44799,199,0,0.7444319210705289,0.47319998368241806,44,middle
44800,0,0,0.28586376823050585,0.5625226177584112,44,late
44801,1,0,0.5931998707654265,0.7620309116526467,44,late
44802,2,0,0.4666674239972478,0.7969416049319977,44,late
44803,3,0,0.016869304554469455,0.6466189561695252,44,late
44804,4,0,0.6032533889085834,0.6212511731745245,44,late
44805,5,0,0.02847211321798443,0.8591575436381182,44,late
44806,6,0,0.5079009731619794,0.610997592636153,44,late
44807,7,0,0.24880290510604847,0.5485265725515367,44,late
44808,8,0,0.4986055973077745,0.7634950896554589,44,late
44809,9,0,0.8716701393185712,0.5983974965173167,44,late
44810,10,0,0.15988700016670826,0.924393662152722,44,late
44811,11,0,0.012899232224055528,0.7321218753101026,44,late
44812,12,0,0.4718576086571622,0.59036138417635,44,late
44813,13,0,0.35372578227872625,0.5456774053721594,44,late
44814,14,0,0.7750989780381996,0.7980314391204963,44,late
44815,15,0,0.9877249887084645,0.4930157855635462,44,late
44816,16,0,0.7738113509404483,0.7696190615923764,44,late
44817,17,0,0.3780119560239223,0.7607839910485994,44,late
44818,18,0,0.5251214127652022,0.7822516452788457,44,late
44819,19,0,0.27104927793420314,0.6082345024748521,44,late
44820,20,0,0.744591690387078,0.45333230393459356,44,late
44821,21,0,0.4369074751374018,0.5678845751761841,44,late
44822,22,0,0.7588567760009086,0.5780474502723938,44,late
44823,23,0,0.004581396905662696,0.6736948638657274,44,late
44824,24,0,0.6766354346575519,0.6180014934093063,44,late
44825,25,0,0.03915792091814857,0.5175729051177272,44,late
44826,26,0,0.5003182660776687,0.6113023382759342,44,late
44827,27,0,0.0009612949911514803,0.9403234614231227,44,late
44828,28,0,0.46655782517051964,0.7395320978238399,44,late
44829,29,0,0.21861692906395705,1.0790310754176438,44,late
44830,30,0,0.4998367119742664,1.002530529285011,44,late
44831,31,0,0.7968429647703084,0.4193201788146391,44,late
44832,32,0,0.2679931870883483,0.4461079338408017,44,late
44833,33,0,0.28184935445414694,0.6379546799054762,44,late
44834,34,0,0.49997469618119034,1.104959413704335,44,late
44835,35,0,0.24793711472698718,0.6800167661872731,44,late
44836,36,0,0.49228000668759464,0.5310051041519654,44,late
44837,37,0,0.6140824112942134,0.9058846192956791,44,late
44838,38,0,0.5001972095538516,1.091842320086538,44,late
44839,39,0,0.5286072696392395,0.7777894483818621,44,late
44840,40,0,0.07338251867313217,1.0749802334531575,44,late
44841,41,0,0.5016322748871568,0.8067915216515648,44,late
44842,42,0,0.38011647465670984,0.6602705023655704,44,late
44843,43,0,0.7162296589058457,0.6655272405644601,44,late
44844,44,0,0.6262667163651057,0.7284325235240656,44,late
44845,45,0,0.4904438652449386,0.7137789379593613,44,late
44846,46,0,0.6364795249302833,0.6355842498297004,44,late
44847,47,0,0.7145877844778038,0.5952741973993265,44,late
44848,48,0,0.8120554831213189,0.4503948170630735,44,late
44849,49,0,0.9990693288687504,0.748583277573065,44,late
44850,50,0,0.3939594195796262,0.5112714524483555,44,late
44851,51,0,0.7477085513621988,0.46709411475532203,44,late
44852,52,0,0.5324869152334283,0.46389758941787257,44,late
44853,53,0,0.8986122835804773,0.4186061406724989,44,late
44854,54,0,0.3902622145076689,0.7238201238786592,44,late
44855,55,0,0.5645505011070553,1.2263672764121338,44,late
44856,56,0,0.2754122789695928,0.8436631768764842,44,late
44857,57,0,0.4177106359127079,0.5788974185835367,44,late
44858,58,0,0.5272797672681448,0.6471577744213757,44,late
44859,59,0,0.13597074181696603,0.650864629721738,44,late
44860,60,0,0.17690562041081626,0.6813833213708305,44,late
44861,61,0,0.4957836602047852,0.5814681413283085,44,late
44862,62,0,0.6849512183396422,0.439323330771429,44,late
44863,63,0,0.5133489292456159,0.5872330790642455,44,late
44864,64,0,0.4558465079468173,0.39209092368426773,44,late
44865,65,0,0.130887584832052,0.6686755588480986,44,late
44866,66,0,0.3632469523934265,0.7709771871202447,44,late
44867,67,0,0.12224963561083454,1.0945794574674432,44,late
44868,68,0,0.5619734336696565,0.49811690851706264,44,late
44869,69,0,0.6076712432846606,0.5597528130807075,44,late
44870,70,0,0.5099876148872572,1.0187425015538887,44,late
44871,71,0,0.9318931632579818,0.3916127136461329,44,late
44872,72,0,0.9760109331690123,0.9131881989957451,44,late
44873,73,0,0.888397616048245,0.9382752756326926,44,late
44874,74,0,0.9954074225108229,0.8435154553776815,44,late
44875,75,0,0.8392673771083954,0.7483744908363169,44,late
44876,76,0,0.10774517136197165,0.9791209375619156,44,late
44877,77,0,0.5116166075928203,0.7996537669862227,44,late
44878,78,0,0.49121181199522645,0.8032114453900907,44,late
44879,79,0,0.5609953892560915,0.4772508742761681,44,late
44880,80,0,0.6774200923207241,0.5541319125728269,44,late
44881,81,0,0.3978657313541422,0.7066622852510113,44,late
44882,82,0,0.5535312827814411,0.5795901784944896,44,late
44883,83,0,0.5638300073368241,0.9831071139531212,44,late
44884,84,0,0.9412094204251407,1.1333411662905237,44,late
44885,85,0,0.5163679051359699,0.6881626358725585,44,late
44886,86,0,0.9739170133471389,0.8355126319887183,44,late
44887,87,0,0.5607098198429101,0.6550736313578869,44,late
44888,88,0,0.970634617690088,0.6507208004277834,44,late
44889,89,0,0.5204107133296966,0.8085360216608706,44,late
44890,90,0,0.5359389254253399,0.49648564399500883,44,late
44891,91,0,0.8749393241267678,0.599362425502638,44,late
44892,92,0,0.18925590984341822,1.0751450807161866,44,late
44893,93,0,0.9653265804296407,1.0282688832547777,44,late
44894,94,0,0.6290312677781829,0.516936240139226,44,late
44895,95,0,0.5054970909496509,0.9568660561451362,44,late
44896,96,0,0.515777669475854,0.9130695954659405,44,late
44897,97,0,0.8876727539108478,0.5880433172718499,44,late
44898,98,0,0.6626408608497641,0.6624286746302097,44,late
44899,99,0,0.20630614790540217,1.0271755242623368,44,late
44900,100,0,0.43642937068702803,0.5783137265320951,44,late
44901,101,0,0.5286800944761818,0.8321591889482265,44,late
44902,102,0,0.619730089245296,0.8609575098740687,44,late
44903,103,0,0.5175403061262822,0.8697680556498109,44,late
44904,104,0,0.4948469286802543,0.44630729672160774,44,late
44905,105,0,0.6728351302132547,0.8036271311677117,44,late
44906,106,0,0.9547306022046584,0.7601550348740318,44,late
44907,107,0,0.8402827095996186,0.425203387043495,44,late
44908,108,0,0.5015897245684529,0.9201817309764155,44,late
44909,109,0,0.5470238871751447,0.8654553951361107,44,late
44910,110,0,0.5677750006149909,0.7313961323625322,44,late
44911,111,0,0.548590163573171,0.8549181329273453,44,late
44912,112,0,0.5154595041133195,0.6177329161149876,44,late
44913,113,0,0.502968153994169,0.563305820152546,44,late
44914,114,0,0.9795787609095776,0.43115056642763316,44,late
44915,115,0,0.683421830263855,0.5981301975785571,44,late
44916,116,0,0.5069025390368112,0.8571507819698405,44,late
44917,117,0,0.9453187311881255,0.4903609106203448,44,late
44918,118,0,0.676610149968212,0.5390612736737508,44,late
44919,119,0,0.9782531707557767,0.5406340702036183,44,late
44920,120,0,0.02044257959242022,0.6453724179266813,44,late
44921,121,0,0.5437453783188155,0.7975378257387554,44,late
44922,122,0,0.507859244254939,0.5868628057647296,44,late
44923,123,0,0.8723761612528005,0.5439919662495394,44,late
44924,124,0,0.0877446947326534,1.0792282092711578,44,late
44925,125,0,0.999760507386767,0.8303744780130378,44,late
44926,126,0,0.20193275625392992,0.6384024531854018,44,late
44927,127,0,0.0023542804395884145,0.6370806553774027,44,late
44928,128,0,0.35469319080052636,0.6635517950779607,44,late
44929,129,0,0.03746903692240552,0.7621309241379736,44,late
44930,130,0,0.5636041922865143,0.8118201918607222,44,late
44931,131,0,0.9924965307998976,0.551278150334371,44,late
44932,132,0,0.5657545734883329,0.42697923635505297,44,late
44933,133,0,0.8236231033102153,0.5158244906143257,44,late
44934,134,0,0.9858893767709899,0.41768238791498324,44,late
44935,135,0,0.030404901659773782,0.7677514619474342,44,late
44936,136,0,0.02260088176767973,0.8939644294032276,44,late
44937,137,0,0.9948941500309096,0.7860294742309417,44,late
44938,138,0,0.9753427522904012,0.4333077993401893,44,late
44939,139,0,0.9303941194496028,0.6819324240626197,44,late
44940,140,0,0.938419794164384,0.5472809753720083,44,late
44941,141,0,0.02570081924456456,1.093837362189612,44,late
44942,142,0,0.8632893013695011,0.4919344710151457,44,late
44943,143,0,0.06593312470156618,0.6373348736640652,44,late
44944,144,0,0.9919985562991405,0.61443552623421,44,late
44945,145,0,0.3941997541609356,0.8762390146255159,44,late
44946,146,0,0.9894093524529777,0.43331339995935136,44,late
44947,147,0,0.0004771016056142279,0.876950880254437,44,late
44948,148,0,0.9651374419678251,0.5702048079891309,44,late
44949,149,0,0.4305174241251023,0.47537877597940914,44,late
44950,150,0,0.4980093989962114,0.6213052736191672,44,late
44951,151,0,0.10624997867884656,0.7597503954338514,44,late
44952,152,0,0.25186557794569525,0.8697746231043968,44,late
44953,153,0,0.6536742670354292,0.5456738918633699,44,late
44954,154,0,0.046251749247481176,0.9573443483531132,44,late
44955,155,0,0.15117152477505452,0.7240752013938138,44,late
44956,156,0,0.8956495626386828,0.4001430977687416,44,late
44957,157,0,0.9962954084908109,0.5543495211771496,44,late
44958,158,0,0.11396728399281289,0.6336336181806307,44,late
44959,159,0,0.4692924433685432,0.7142102192881647,44,late
44960,160,0,0.973043496012701,0.8304509339810611,44,late
44961,161,0,0.5249369824170945,0.5433300464948941,44,late
44962,162,0,0.7566080584228028,0.2460676209279543,44,late
44963,163,0,0.5511692005833752,0.7308498520087071,44,late
44964,164,0,0.17707116750866994,0.9956609678574997,44,late
44965,165,0,0.4877052041743314,0.9864146709541233,44,late
44966,166,0,0.15070841374319977,0.5784145150018309,44,late
44967,167,0,0.9975693189181861,0.3922833805104291,44,late
44968,168,0,0.35452828187914065,0.5238891066805832,44,late
44969,169,0,0.5273617007309039,0.6044934376252596,44,late
44970,170,0,0.6311135337577491,0.4447345087809612,44,late
44971,171,0,0.47422202471602304,0.9313557980809157,44,late
44972,172,0,0.2425685179683544,0.5506785763064916,44,late
44973,173,0,0.49960475116588493,0.5758215991957727,44,late
44974,174,0,0.9797165732006522,0.36239211956349215,44,late
44975,175,0,0.6753818838023204,0.5575841512333087,44,late
44976,176,0,0.5871515762690466,0.4783356242741425,44,late
44977,177,0,0.3626664408804434,0.6483250690299727,44,late
44978,178,0,0.996199764796237,0.5952046715205033,44,late
44979,179,0,0.6074668449459828,0.517585246025767,44,late
44980,180,0,0.38062091800970166,0.6995079195846623,44,late
44981,181,0,0.8629276873516911,0.35369558438163123,44,late
44982,182,0,0.5261018243013681,0.48700548486385725,44,late
44983,183,0,0.49386805485301805,0.6140597458505705,44,late
44984,184,0,0.3771928934357227,0.5384643657438211,44,late
44985,185,0,0.6261108985755868,0.6966071419041298,44,late
44986,186,0,0.5007724806734526,1.0487450157150067,44,late
44987,187,0,0.3957752174871312,0.6197100311358394,44,late
44988,188,0,0.296540931301268,0.9505772029523503,44,late
44989,189,0,0.6389598918832449,0.7929726993245605,44,late
44990,190,0,0.8560811169759317,0.5958850449023583,44,late
44991,191,0,0.5038242193255036,0.6912712476454479,44,late
44992,192,0,0.19229019424144755,0.5506892154559424,44,late
44993,193,0,0.37757928666078483,1.0529524809026516,44,late
44994,194,0,0.6621178133651875,0.8271937409349567,44,late
44995,195,0,0.9170140847098952,0.2869068916883012,44,late
44996,196,0,0.5901820208235492,0.7300678728186357,44,late
44997,197,0,0.9872611048710624,0.7066483344794636,44,late
44998,198,0,0.9634457337280462,0.5018416484209015,44,late
44999,199,0,0.5075902567814846,0.4714173670633226,44,late
45000,0,0,0.48637632934536,0.7042629268542093,45,interleaved
45001,1,0,0.17272617219696534,0.4939809083335589,45,interleaved
45002,2,0,0.5087257966379977,0.8856650578686495,45,interleaved
45003,3,0,0.4993404340818727,1.1398819205859887,45,interleaved
45004,4,0,0.7861665829994722,0.5101504951828553,45,interleaved
45005,5,0,0.9692773354747182,0.46723937145155525,45,interleaved
45006,6,0,0.5295922722185609,0.42359974096931297,45,interleaved
45007,7,0,0.9764610941359062,0.60463695000138,45,interleaved
45008,8,0,0.1823884054765808,0.763486208438103,45,interleaved
45009,9,0,0.9079979369956962,0.6613558780473046,45,interleaved
45010,10,0,0.2620062624975112,0.38880971907021933,45,interleaved
45011,11,0,0.36875450857719905,0.4648940982803721,45,interleaved
45012,12,0,0.4283058096336909,0.6647792656328635,45,interleaved
45013,13,0,0.49931150097469446,0.9451899663762202,45,interleaved
45014,14,0,0.1150721077527777,0.7118568955578148,45,interleaved
45015,15,0,0.25564722928125544,0.4703935797277752,45,interleaved
45016,16,0,0.13620194330959645,0.7673040932767861,45,interleaved
45017,17,0,0.39057477038678473,0.6560471196012124,45,interleaved
45018,18,0,0.9530281810546861,0.5267052184214664,45,interleaved
45019,19,0,0.8549410510369537,0.43697095328900654,45,interleaved
45020,20,0,0.13150321675581222,0.8989948640577654,45,interleaved
45021,21,0,0.4572519249943889,0.673315969437803,45,interleaved
45022,22,0,0.15012801091288022,0.6135472006931304,45,interleaved
45023,23,0,0.49995926078278824,1.0220467007866758,45,interleaved
45024,24,0,0.11163713475249391,1.0585073150969517,45,interleaved
45025,25,0,0.5453131830492882,0.5092190562609115,45,interleaved
45026,26,0,0.20976577628398785,0.6070333983833209,45,interleaved
45027,27,0,0.22710654841890487,0.7385523321751711,45,interleaved
45028,28,0,0.49476830683399303,0.7202369368792219,45,interleaved
45029,29,0,0.49723358694701575,1.020943840595902,45,interleaved
45030,30,0,0.015539045574085225,0.9582449238027135,45,interleaved
45031,31,0,0.1837145207130929,1.2309168965992623,45,interleaved
45032,32,0,0.35535771829030455,0.602476717610965,45,interleaved
45033,33,0,0.4997941370561653,0.7920723508695089,45,interleaved
45034,34,0,0.4887035443117238,0.8387642778405764,45,interleaved
45035,35,0,0.4369531639813155,0.8574371359851571,45,interleaved
45036,36,0,0.9034593430291002,0.5160936762911739,45,interleaved
45037,37,0,0.34908958152139946,0.5086059296300973,45,interleaved
45038,38,0,0.20148852668142253,0.6891268129971513,45,interleaved
45039,39,0,0.4896296659146248,0.571976718750661,45,interleaved
45040,40,0,0.9907953368424703,0.5164575135534648,45,interleaved
45041,41,0,0.7234312140070492,0.5063273535819094,45,interleaved
45042,42,0,0.6815105915971159,0.5744138825374435,45,interleaved
45043,43,0,0.5061756209211418,0.45800028295153083,45,interleaved
45044,44,0,0.22550118367207855,0.7540086074137802,45,interleaved
45045,45,0,0.5014338530540366,0.7351386103819227,45,interleaved
45046,46,0,0.003162894632833575,0.8712520717155793,45,interleaved
45047,47,0,0.5540874588188169,0.39007243908934663,45,interleaved
45048,48,0,0.08923351600909195,0.9637195611712372,45,interleaved
45049,49,0,0.5000280546732886,1.1809509847162125,45,interleaved
45050,50,0,0.5143041067604468,0.9166335939902803,45,interleaved
45051,51,0,0.5006993670643993,0.5496743729898022,45,interleaved
45052,52,0,0.5016511388335745,0.5521782173981505,45,interleaved
45053,53,0,0.500337180767855,0.9118473684569801,45,interleaved
45054,54,0,0.9607255500101273,0.8125506459462402,45,interleaved
45055,55,0,0.9537127125992245,0.45746189730657705,45,interleaved
45056,56,0,0.10384678514484957,0.9063678613233748,45,interleaved
45057,57,0,0.8703185767925721,0.5969279496657076,45,interleaved
45058,58,0,0.7498306491402607,0.4459065788597386,45,interleaved
45059,59,0,0.5003834547931584,0.9985911623355515,45,interleaved
45060,60,0,0.41065753607636557,0.6401839400677154,45,interleaved
45061,61,0,0.33867851444989067,1.1194293372520194,45,interleaved
45062,62,0,0.021797167504897217,0.825858527416969,45,interleaved
45063,63,0,0.5028692358836848,0.6350243648258043,45,interleaved
45064,64,0,0.64901225727531,0.50317671406236,45,interleaved
45065,65,0,0.49618007018439003,0.6027609434804593,45,interleaved
45066,66,0,0.5587356314334465,0.6011677960492238,45,interleaved
45067,67,0,0.4628625502082853,0.6582621170136689,45,interleaved
45068,68,0,0.48430428077558435,0.6123241564932715,45,interleaved
45069,69,0,0.9753064351442853,0.6230414790986167,45,interleaved
45070,70,0,0.40886456110857283,0.9117107131304876,45,interleaved
45071,71,0,0.8563835224340648,0.5541007742493789,45,interleaved
45072,72,0,0.9009287429906732,0.4608860443602028,45,interleaved
45073,73,0,0.9509034864166038,0.5870413345432616,45,interleaved
45074,74,0,0.05179870023394095,0.7515760546288917,45,interleaved
45075,75,0,0.3757009250078833,0.7327610036948149,45,interleaved
45076,76,0,0.11008500342042705,0.9677147236552672,45,interleaved
45077,77,0,0.43209084588664143,0.8853347838757331,45,interleaved
45078,78,0,0.934265668266887,0.5501104942724337,45,interleaved
45079,79,0,0.03935391597067497,0.6437105235379348,45,interleaved
45080,80,0,0.8438482317321403,0.6605422172083437,45,interleaved
45081,81,0,0.5101794876977447,0.9393967553247663,45,interleaved
45082,82,0,0.29229592056320325,0.5174708224691171,45,interleaved
45083,83,0,0.9193363688393428,0.60222618434984,45,interleaved
45084,84,0,0.48628486291226525,0.6070849921098107,45,interleaved
45085,85,0,0.9865041480249486,0.4591799293962066,45,interleaved
45086,86,0,0.9631596205033433,0.7982121013728816,45,interleaved
45087,87,0,0.15587804961676643,0.8492271891392132,45,interleaved
45088,88,0,0.11028366751303989,0.6675761541988832,45,interleaved
45089,89,0,0.8881328636311567,0.48263116260275707,45,interleaved
45090,90,0,0.5997357510807311,0.6362112834633318,45,interleaved
45091,91,0,0.6931291086874194,0.5673492168874538,45,interleaved
45092,92,0,0.9951562977148194,0.5770971775583005,45,interleaved
45093,93,0,0.41789361323037655,0.7099834129184333,45,interleaved
45094,94,0,0.43893861285101454,0.7912277689171716,45,interleaved
45095,95,0,0.5844679943797291,0.9203870243705199,45,interleaved
45096,96,0,0.06898556767688911,1.1114003436292275,45,interleaved
45097,97,0,0.5040988645985139,1.287773705581496,45,interleaved
45098,98,0,0.019154925483120807,0.9913157366770668,45,interleaved
45099,99,0,0.14441832567191112,0.6818355373750611,45,interleaved
45100,100,0,0.9849064628504902,0.6110314066691362,45,interleaved
45101,101,0,0.7058507600727386,0.6170206439110899,45,interleaved
45102,102,0,0.49595498422448453,0.7279558691629413,45,interleaved
45103,103,0,0.9982023818508869,1.0004369959863535,45,interleaved
45104,104,0,0.22718979264581732,0.9466021308127595,45,interleaved
45105,105,0,0.8218298121832466,0.565412212432773,45,interleaved
45106,106,0,0.7167835317953106,0.6351941038844711,45,interleaved
45107,107,0,0.5625323238227511,0.5482602196878545,45,interleaved
45108,108,0,0.7773982413548763,0.6401778444969874,45,interleaved
45109,109,0,0.48446278986523034,0.6132543196230491,45,interleaved
45110,110,0,0.0348378930714777,0.6215199636925931,45,interleaved
45111,111,0,0.6273029987693141,0.6065302366179316,45,interleaved
45112,112,0,0.13044214157493841,0.8451010267105672,45,interleaved
45113,113,0,0.39739647625624913,0.5481979395817311,45,interleaved
45114,114,0,0.4849841897159325,0.8496735824667254,45,interleaved
45115,115,0,0.19043756727408556,0.3782551963031604,45,interleaved
45116,116,0,0.6362440965445143,0.4393281363672701,45,interleaved
45117,117,0,0.5024574827034158,0.7413303579944979,45,interleaved
45118,118,0,0.7336480540460886,0.49151462650837774,45,interleaved
45119,119,0,0.48917371135197063,0.8284132289261903,45,interleaved
45120,120,0,0.4845984576741579,0.6275444843009601,45,interleaved
45121,121,0,0.40602364695327187,0.5462850926294246,45,interleaved
45122,122,0,0.10765650068354934,0.7137662102987272,45,interleaved
45123,123,0,0.5734159436113985,0.5490511814242194,45,interleaved
45124,124,0,0.2816118853422346,0.42295219353132396,45,interleaved
45125,125,0,0.18484734701947417,0.6250258697917679,45,interleaved
45126,126,0,0.33238483251092993,0.7177424546522146,45,interleaved
45127,127,0,0.8338579446022731,0.4073958998198679,45,interleaved
45128,128,0,0.7010632916761119,0.5268898478671974,45,interleaved
45129,129,0,0.5007134726938565,1.067056566742329,45,interleaved
45130,130,0,0.24969364543015513,0.7718453858121197,45,interleaved
45131,131,0,0.6599157055606661,0.5837305282383735,45,interleaved
45132,132,0,0.4877322584524708,0.534703674613848,45,interleaved
45133,133,0,0.454666442404829,0.8024496808477948,45,interleaved
45134,134,0,0.00810026314392572,1.0223065117047931,45,interleaved
45135,135,0,0.49930757599095055,0.9151198963735008,45,interleaved
45136,136,0,0.44629219649820645,0.7562479895435467,45,interleaved
45137,137,0,0.12093209261999119,0.7302169878850946,45,interleaved
45138,138,0,0.21645707694741184,0.7919440394352062,45,interleaved
45139,139,0,0.8859779296069721,0.3306356216944609,45,interleaved
45140,140,0,0.5060856889470787,0.5246354616058231,45,interleaved
45141,141,0,0.500423895002897,0.5613648424463257,45,interleaved
45142,142,0,0.5060721920214166,0.751931971927207,45,interleaved
45143,143,0,0.5679667356659723,0.6167053019554904,45,interleaved
45144,144,0,0.3556513824980989,0.6531059282384968,45,interleaved
45145,145,0,0.5000349386532507,0.7409978160930814,45,interleaved
45146,146,0,0.39183166991009777,0.8214825316893279,45,interleaved
45147,147,0,0.49985691319741143,0.5242238830343058,45,interleaved
45148,148,0,0.5234925588138852,0.5640614251806898,45,interleaved
45149,149,0,0.5018219067220833,0.8158624976803173,45,interleaved
45150,150,0,0.8712699945045692,0.5373347035715443,45,interleaved
45151,151,0,0.8742199098856994,0.4590891319612658,45,interleaved
45152,152,0,0.9979723859279356,0.625226356773491,45,interleaved
45153,153,0,0.7865061768440003,0.7415370978988564,45,interleaved
45154,154,0,0.5455491911445536,0.9199842317933434,45,interleaved
45155,155,0,0.8708353690028099,0.47130787871061036,45,interleaved
45156,156,0,0.36965662819666434,0.9386876999445104,45,interleaved
45157,157,0,0.4341288088150674,0.9405365298299689,45,interleaved
45158,158,0,0.4978826001665496,0.5685687945117528,45,interleaved
45159,159,0,0.5426104770791095,0.41826723714422054,45,interleaved
45160,160,0,0.3820847928337264,0.5447781945378614,45,interleaved
45161,161,0,0.4923168422934295,0.4849322537734015,45,interleaved
45162,162,0,0.6381973344471572,0.9107724294146202,45,interleaved
45163,163,0,0.045936412195852816,0.7338782227537468,45,interleaved
45164,164,0,0.5427318870446036,0.4950071698467088,45,interleaved
45165,165,0,0.0830354387593768,0.6473128240293282,45,interleaved
45166,166,0,0.280002975602602,0.43399526076694367,45,interleaved
45167,167,0,0.4553200954145831,0.5858996138979767,45,interleaved
45168,168,0,0.0026143524915396713,0.9004630054374994,45,interleaved
45169,169,0,0.4908416863939987,0.6154366643993524,45,interleaved
45170,170,0,0.7909452856008445,0.7488829639621379,45,interleaved
45171,171,0,0.5152534441040824,0.8606632766209956,45,interleaved
45172,172,0,0.9607435952111985,0.9058300774424388,45,interleaved
45173,173,0,0.5506248151319446,1.0170372160763508,45,interleaved
45174,174,0,0.7236743521802768,0.7711051169683272,45,interleaved
45175,175,0,0.5321176858769584,0.5816016742456284,45,interleaved
45176,176,0,0.4620081852886771,0.5051663411151412,45,interleaved
45177,177,0,0.17134298894278796,0.6338899874212625,45,interleaved
45178,178,0,0.44499520032706913,0.60383890851939,45,interleaved
45179,179,0,0.4930288714677715,0.6274039524651364,45,interleaved
45180,180,0,0.5634472915686337,0.48884252624129215,45,interleaved
45181,181,0,0.6646478836817714,0.5937938884701816,45,interleaved
45182,182,0,0.0014636416524084284,0.893892633185509,45,interleaved
45183,183,0,0.42175560983760624,0.5497905223720733,45,interleaved
45184,184,0,0.30966052709700664,0.5286038912637755,45,interleaved
45185,185,0,0.953293918068483,0.29963588484442416,45,interleaved
45186,186,0,0.2780425304507067,0.8473603038079496,45,interleaved
45187,187,0,0.9535961628282958,0.7765580409081004,45,interleaved
45188,188,0,0.31918207756956807,0.6138145385077183,45,interleaved
45189,189,0,0.750714917047776,0.49976632432239115,45,interleaved
45190,190,0,0.7399498416148369,0.5753885109036434,45,interleaved
45191,191,0,0.5026891688113738,0.6719958343026861,45,interleaved
45192,192,0,0.20957487360477745,0.8496461915157015,45,interleaved
45193,193,0,0.7319321072827953,0.33331187583089933,45,interleaved
45194,194,0,0.49267521121956587,0.8606188095921601,45,interleaved
45195,195,0,0.5380858429845492,0.5200954911013893,45,interleaved
45196,196,0,0.3478772269609936,1.0581215784858347,45,interleaved
45197,197,0,0.8672822008818126,0.8391319397904449,45,interleaved
45198,198,0,0.49424517843765325,0.9554063781391863,45,interleaved
45199,199,0,0.5215587304477105,0.5114429298380354,45,interleaved
45200,0,0,0.7548848470375596,0.6986939675704816,45,blocked
45201,1,0,0.41182741518555677,0.5031358720700672,45,blocked
45202,2,0,0.4537857525424365,0.7090319264448932,45,blocked
45203,3,0,0.48393410989361707,0.6674715640932811,45,blocked
45204,4,0,0.05198620743740996,0.7794938545863812,45,blocked
45205,5,0,0.4975005085375939,0.6586284033672793,45,blocked
45206,6,0,0.42157310829939,0.46443462714006156,45,blocked
45207,7,0,0.4151523358185399,0.6835065674908023,45,blocked
45208,8,0,0.4697852393902504,0.49868262679210196,45,blocked
45209,9,0,0.8124699126845427,0.4478841997624231,45,blocked
45210,10,0,0.1750152905175474,0.7567495568498075,45,blocked
45211,11,0,0.5249472246788606,0.5666702925659731,45,blocked
45212,12,0,0.2765312961601346,0.5490400953775805,45,blocked
45213,13,0,0.8099273976680369,0.5822190585784394,45,blocked
45214,14,0,0.21149799973035174,0.5062400132680913,45,blocked
45215,15,0,0.23412324741435248,0.4532434749452377,45,blocked
45216,16,0,0.4204122944178551,0.9467947177117559,45,blocked
45217,17,0,0.1253298133760129,0.7219051393926879,45,blocked
45218,18,0,0.19981811981733924,0.6652138629082287,45,blocked
45219,19,0,0.4443924342259019,0.5382028922678359,45,blocked
45220,20,0,0.525892656202427,0.7210050904831878,45,blocked
45221,21,0,0.42686316404597,0.5916708625879623,45,blocked
45222,22,0,0.6828913075265858,0.6235815358502912,45,blocked
45223,23,0,0.5146008178139608,0.4843172283740664,45,blocked
45224,24,0,0.48645016564123583,0.6403347900577083,45,blocked
45225,25,0,0.11919604233088885,0.8154899113375151,45,blocked
45226,26,0,0.5829816828047669,0.6344914419414153,45,blocked
45227,27,0,0.21714976688428939,0.5491370111450679,45,blocked
45228,28,0,0.46602902831113807,0.5296980034770156,45,blocked
45229,29,0,0.4844292541819771,0.6778209435719139,45,blocked
45230,30,0,0.17094040630470075,0.4732901644976937,45,blocked
45231,31,0,0.07094312933114817,0.7343239762784807,45,blocked
45232,32,0,0.18597365264222515,0.6069655401667375,45,blocked
45233,33,0,0.7662677633507223,0.5593799633847722,45,blocked
45234,34,0,0.7962129107865821,0.5396155800873099,45,blocked
45235,35,0,0.11477257110145442,0.5341400679895255,45,blocked
45236,36,0,0.4342470559638715,0.5291819493335126,45,blocked
45237,37,0,0.5813725642322589,0.3846862940104317,45,blocked
45238,38,0,0.4445342367305848,0.5875811829279698,45,blocked
45239,39,0,0.784648450615321,0.5088061347225793,45,blocked
45240,40,0,0.689628283199859,0.7498180041218412,45,blocked
45241,41,0,0.9997295905147858,0.436323558967292,45,blocked
45242,42,0,0.280940822608138,0.6474504407098997,45,blocked
45243,43,0,0.027100552494779846,0.756254907649191,45,blocked
45244,44,0,0.9693944995500932,0.6140594308893036,45,blocked
45245,45,0,0.15523431362456633,0.5271969759491988,45,blocked
45246,46,0,0.8428617212267845,0.4500672513749471,45,blocked
45247,47,0,0.9117816757721569,0.4199788696763913,45,blocked
45248,48,0,0.38558686249160173,0.5621337133195861,45,blocked
45249,49,0,0.42460291476714374,0.47630548132032025,45,blocked
45250,50,0,0.98562612789252,0.5385299238625454,45,blocked
45251,51,0,0.016446397436239518,0.7367036142375922,45,blocked
45252,52,0,0.9263956293393381,0.5238554072262356,45,blocked
45253,53,0,0.1526463243812629,0.7531756236724827,45,blocked
45254,54,0,0.49527216857968304,0.5053857928301662,45,blocked
45255,55,0,0.8388679811429175,0.6212767411031509,45,blocked
45256,56,0,0.01707622188831689,0.6815453610999141,45,blocked
45257,57,0,0.49345976539022035,0.6761790467696017,45,blocked
45258,58,0,0.21937032305906726,0.9975112982265413,45,blocked
45259,59,0,0.015757083653201324,0.7589928186806489,45,blocked
45260,60,0,0.008025860457564229,0.7256475648032654,45,blocked
45261,61,0,0.8473032875989172,0.5054648846180387,45,blocked
45262,62,0,0.9801538550929836,0.6585514168211309,45,blocked
45263,63,0,0.9970228632252633,0.7409336472470007,45,blocked
45264,64,0,0.8714157522011785,0.6335191850683315,45,blocked
45265,65,0,0.633598011152937,0.593342908058907,45,blocked
45266,66,0,0.019046080784810196,0.5032341299620369,45,blocked
45267,67,0,0.19314836528886173,0.5461065791100708,45,blocked
45268,68,0,0.44309363389444045,0.5306007086340727,45,blocked
45269,69,0,0.09262943802778771,0.6177217696484627,45,blocked
45270,70,0,0.20168742547898927,0.6466746281876992,45,blocked
45271,71,0,0.9331054134239003,0.39815875728390093,45,blocked
45272,72,0,0.8661125761041197,0.6955332575604882,45,blocked
45273,73,0,0.6842772206788792,0.585783227760241,45,blocked
45274,74,0,0.9375731271048484,0.42923297941140603,45,blocked
45275,75,0,0.034217017378354,0.4507990107412626,45,blocked
45276,76,0,0.6799268143961414,0.3906452868018866,45,blocked
45277,77,0,0.5675841035922198,0.5536309146934817,45,blocked
45278,78,0,0.5629958542761867,0.4080577743959294,45,blocked
45279,79,0,0.8802680887769327,0.6916404318591972,45,blocked
45280,80,0,0.7285040394123607,0.5342300434486225,45,blocked
45281,81,0,0.09328181225736078,0.5247234748052574,45,blocked
45282,82,0,0.6907207131436757,0.8299061328902071,45,blocked
45283,83,0,0.37353937395067116,0.7074512003462978,45,blocked
45284,84,0,0.8239551725370488,0.5997608328517482,45,blocked
45285,85,0,0.5109223837607084,0.7454013240050552,45,blocked
45286,86,0,0.6691893989971924,0.6818344590939254,45,blocked
45287,87,0,0.7914134664491097,0.593756128497585,45,blocked
45288,88,0,0.46451650499919706,0.45282363751284715,45,blocked
45289,89,0,0.5074986075979019,0.6291180200662996,45,blocked
45290,90,0,0.1884951177422919,0.6011747013908832,45,blocked
45291,91,0,0.5829668477649391,0.6723958969311841,45,blocked
45292,92,0,0.4498935266260638,0.7097911631271763,45,blocked
45293,93,0,0.9536042673944843,0.6232518297004861,45,blocked
45294,94,0,0.42939338338416455,0.6018389902145795,45,blocked
45295,95,0,0.646300046383542,0.5555944911748346,45,blocked
45296,96,0,0.41791294662353773,0.7835321747365755,45,blocked
45297,97,0,0.4815011488732929,0.4976897231711903,45,blocked
45298,98,0,0.3933707489196526,0.9427044372247193,45,blocked
45299,99,0,0.7932680966897188,0.5800675322132705,45,blocked
45300,100,0,0.3088150534919764,0.392625327780042,45,blocked
45301,101,0,0.49757889153523877,0.7765792131722462,45,blocked
45302,102,0,0.08255302499406916,0.554223420281779,45,blocked
45303,103,0,0.5027055353705687,0.4974962233270999,45,blocked
45304,104,0,0.896736552907941,0.4002530845839197,45,blocked
45305,105,0,0.9507592650566212,0.3462152487378254,45,blocked
45306,106,0,0.9829298555890675,0.5576730421839227,45,blocked
45307,107,0,0.052065626313994515,0.7401323129112449,45,blocked
45308,108,0,0.42565590661791797,0.7365184385803563,45,blocked
45309,109,0,0.43801664795916967,0.5294086941983489,45,blocked
45310,110,0,0.10725860824989365,0.5088097671911902,45,blocked
45311,111,0,0.34082538497403303,0.405107965948847,45,blocked
45312,112,0,0.7531573375118059,0.6319280174202765,45,blocked
45313,113,0,0.3179978288788575,0.9199097834102061,45,blocked
45314,114,0,0.5333335049183652,0.6198876203062994,45,blocked
45315,115,0,0.8934241345016136,0.71753387841761,45,blocked
45316,116,0,0.9774844059239094,0.4399235131022385,45,blocked
45317,117,0,0.9764886592241875,0.48518705358857955,45,blocked
45318,118,0,0.08291164935703094,0.7513129318677675,45,blocked
45319,119,0,0.8913250802304342,0.9365022081048127,45,blocked
45320,120,0,0.923661486414469,1.1160477570461562,45,blocked
45321,121,0,0.05828041459095584,0.7650800987389744,45,blocked
45322,122,0,0.9984965218871975,0.6849734335240358,45,blocked
45323,123,0,0.5307245981538388,0.7857334780422056,45,blocked
45324,124,0,0.41398456782332727,0.7158857488987409,45,blocked
45325,125,0,0.016694821339087968,0.6749817191580403,45,blocked
45326,126,0,0.10309173997577892,0.9083317858327361,45,blocked
45327,127,0,0.09176183413276488,0.6422938145353083,45,blocked
45328,128,0,0.10839640962665047,0.5007853120095911,45,blocked
45329,129,0,0.37080168836890465,0.7692855871686574,45,blocked
45330,130,0,0.9264775730035597,0.46702432740041466,45,blocked
45331,131,0,0.8390514648497938,0.739408481473672,45,blocked
45332,132,0,0.781096522309326,0.7236067237955932,45,blocked
45333,133,0,0.9558169866159378,0.5644875248988659,45,blocked
45334,134,0,0.8639702863015519,0.6313722406698441,45,blocked
45335,135,0,0.8726308292600136,0.5247886759398707,45,blocked
45336,136,0,0.6640004994169603,0.5927965894527023,45,blocked
45337,137,0,0.2530843700946493,0.5189518918365439,45,blocked
45338,138,0,0.016563320003199843,0.7062502466689584,45,blocked
45339,139,0,0.33819827250278994,0.6022134577870362,45,blocked
45340,140,0,0.968647314073249,0.6912730643850342,45,blocked
45341,141,0,0.1324534430937041,0.6967550917208227,45,blocked
45342,142,0,0.17577844025229095,0.5999345629230246,45,blocked
45343,143,0,0.7018949177385869,0.5402151440865635,45,blocked
45344,144,0,0.9814958191694101,1.0390145728280085,45,blocked
45345,145,0,0.9339479615029109,0.6199563978693263,45,blocked
45346,146,0,0.6710372404333617,0.5220170278199973,45,blocked
45347,147,0,0.46064881706963184,0.6292480517554745,45,blocked
45348,148,0,0.6955264396666652,0.4224610605825256,45,blocked
45349,149,0,0.0811805329824232,0.8225250880028168,45,blocked
45350,150,0,0.3847157045863626,0.4596985904477121,45,blocked
45351,151,0,0.4666712200074295,0.5940335552363146,45,blocked
45352,152,0,0.2337520166677469,0.7008444365796698,45,blocked
45353,153,0,0.7390449938281436,0.48338896149520527,45,blocked
45354,154,0,0.794900082836995,0.5102385837933076,45,blocked
45355,155,0,0.8549902059999439,0.6470123671681276,45,blocked
45356,156,0,0.7214151884876301,0.5703005104716323,45,blocked
45357,157,0,0.13842828275054356,0.6596375759971675,45,blocked
45358,158,0,0.49815636815216296,0.7957699028383732,45,blocked
45359,159,0,0.1570487396200009,0.8423059155827206,45,blocked
45360,160,0,0.576171687766574,0.6568336106772164,45,blocked
45361,161,0,0.9975844937083946,0.5146926322069707,45,blocked
45362,162,0,0.47410191922378636,0.5205564980857378,45,blocked
45363,163,0,0.8443723832348671,0.5426592086307219,45,blocked
45364,164,0,0.8184358453772971,0.46928324659654164,45,blocked
45365,165,0,0.8896923369722821,0.627430722506848,45,blocked
45366,166,0,0.9418926082924584,0.6904391813493689,45,blocked
45367,167,0,0.5535332389201455,0.5309123216858693,45,blocked
45368,168,0,0.18981617082957883,0.5343992228541526,45,blocked
45369,169,0,0.7881276229225954,0.442204328154549,45,blocked
45370,170,0,0.738518954163175,0.7476760445539155,45,blocked
45371,171,0,0.6883637961747817,0.5961702524708107,45,blocked
45372,172,0,0.5442520210383788,0.7657303591475366,45,blocked
45373,173,0,0.6308205590541911,0.6647952514922382,45,blocked
45374,174,0,0.5534548828978904,0.4029747787838972,45,blocked
45375,175,0,0.9751090250445718,0.527138102569616,45,blocked
45376,176,0,0.3463771810569175,0.6338646680903905,45,blocked
45377,177,0,0.7294372655851329,0.5112859349205491,45,blocked
45378,178,0,0.9980030825953198,0.39597554273141006,45,blocked
45379,179,0,0.5001999802731488,0.565073571512243,45,blocked
45380,180,0,0.21269224038861015,0.4659502300620096,45,blocked
45381,181,0,0.7408853598168881,0.5322854987665727,45,blocked
45382,182,0,0.4692318617366181,0.5657639880941129,45,blocked
45383,183,0,0.24364804416238645,0.6182765093079232,45,blocked
45384,184,0,0.5133164444465232,0.6400206140618332,45,blocked
45385,185,0,0.8085485173649871,0.7913377965501873,45,blocked
45386,186,0,0.5144391037584839,0.5062160924802843,45,blocked
45387,187,0,0.5738734838674256,0.293095134873151,45,blocked
45388,188,0,0.5910308652126723,0.5147157675100336,45,blocked
45389,189,0,0.7189803312100395,0.5694075443035229,45,blocked
45390,190,0,0.7721508108334136,0.3855464555103113,45,blocked
45391,191,0,0.8919308353582678,0.3801876298203511,45,blocked
45392,192,0,0.4665257207734518,0.8631076622461828,45,blocked
45393,193,0,0.9926328247947996,0.7667538334381996,45,blocked
45394,194,0,0.49321575295674,0.36042230766193084,45,blocked
45395,195,0,0.5006174898218152,0.5798779831090997,45,blocked
45396,196,0,0.5291020444750846,0.38038434258514187,45,blocked
45397,197,0,0.5504362025166062,0.5377184602776623,45,blocked
45398,198,0,0.5012666356201619,0.6657089441641262,45,blocked
45399,199,0,0.2751470583429329,0.524730248351994,45,blocked
45400,0,0,0.4994149333305969,0.8256488728409974,45,early
45401,1,0,0.42814401761327,0.85526409131954,45,early
45402,2,0,0.4675246770185032,0.48937680022530916,45,early
45403,3,0,0.49660029298668845,0.5493415553027379,45,early
45404,4,0,0.6768778502247186,0.6017088257808094,45,early
45405,5,0,0.6683822864055063,0.5445572570928068,45,early
45406,6,0,0.7937582232180097,0.6422065736579238,45,early
45407,7,0,0.7196826504825667,0.6007007614388002,45,early
45408,8,0,0.1222183605605825,1.001967774648906,45,early
45409,9,0,0.4854331572180611,0.5190913335245382,45,early
45410,10,0,0.516332154458186,1.1702037425282705,45,early
45411,11,0,0.4875726364248092,0.6800742250978542,45,early
45412,12,0,0.519090213334735,0.7072403739869062,45,early
45413,13,0,0.4741225545891362,1.263420242295283,45,early
45414,14,0,0.21732605874600242,0.8586442656751303,45,early
45415,15,0,0.7015676775927431,0.3309042712657785,45,early
45416,16,0,0.6246949306151324,0.6262931503035523,45,early
45417,17,0,0.0257307258070228,0.7751226258104068,45,early
45418,18,0,0.8865156523813006,0.5596642489998406,45,early
45419,19,0,0.9881579564506686,0.6876519018312728,45,early
45420,20,0,0.22980893474863043,0.7117928861721137,45,early
45421,21,0,0.49944938281399326,0.8427766939141623,45,early
45422,22,0,0.9875258454175677,0.5597502541001755,45,early
45423,23,0,0.9962660754193553,0.45362966704718627,45,early
45424,24,0,0.5964599011522124,0.941457448719669,45,early
45425,25,0,0.3045833979656871,1.1889095905253773,45,early
45426,26,0,0.9994964925423495,0.4977169998957928,45,early
45427,27,0,0.9240833398972879,0.8115558413445736,45,early
45428,28,0,0.9758518122089771,0.6516353567580502,45,early
45429,29,0,0.9729128671546003,0.8654004525017871,45,early
45430,30,0,0.549963284126721,0.9028103396857152,45,early
45431,31,0,0.9208084544827397,0.6248352467531999,45,early
45432,32,0,0.9945714022381738,0.6793060804827966,45,early
45433,33,0,0.6437000414987741,0.9068067354113323,45,early
45434,34,0,0.6480722239308662,0.8076506365351349,45,early
45435,35,0,0.9158635971726863,0.7751967037064886,45,early
45436,36,0,0.4872454489567364,0.6479580071427142,45,early
45437,37,0,0.8850261293247774,0.5276211277000096,45,early
45438,38,0,0.9919871772999985,0.4518979645199186,45,early
45439,39,0,0.5057871737154013,1.1381843716371054,45,early
45440,40,0,0.14219070023393013,0.8139008125307051,45,early
45441,41,0,0.027702557288790113,0.8567927875404642,45,early
45442,42,0,0.9337321630227768,0.5789625589434342,45,early
45443,43,0,0.984017468717429,0.6983184631288558,45,early
45444,44,0,0.20037245906332943,0.8718215426140772,45,early
45445,45,0,0.0008753717958443082,0.9810951040637564,45,early
45446,46,0,0.09277817091010526,0.7504515557158783,45,early
45447,47,0,0.030169530665588945,0.8863895930496213,45,early
45448,48,0,0.492832929622542,0.9545170327175772,45,early
45449,49,0,0.9004861026671878,0.6761837659396042,45,early
45450,50,0,0.9121034827961676,0.4971903202527399,45,early
45451,51,0,0.8316878409939183,0.7201981204067915,45,early
45452,52,0,0.9153406166325255,0.7176280908856144,45,early
45453,53,0,0.5995366226473294,0.8410191366089856,45,early
45454,54,0,0.0040647769872843185,0.8340468059978368,45,early
45455,55,0,0.5173940031044902,0.7036442286380733,45,early
45456,56,0,0.998698998215522,0.5572598727052982,45,early
45457,57,0,0.08824349572269985,1.0355154011592689,45,early
45458,58,0,0.8553093256021167,0.8266456227918305,45,early
45459,59,0,0.9511520516484644,0.541318350503066,45,early
45460,60,0,0.9203413950348371,0.6082953629616157,45,early
45461,61,0,0.3599886890142968,1.107588500267235,45,early
45462,62,0,0.971304834233282,0.9517606899386336,45,early
45463,63,0,0.1819173819949514,0.5914378599128723,45,early
45464,64,0,0.9272514986982885,0.42658380797959117,45,early
45465,65,0,0.3759952360534463,0.8013578549033159,45,early
45466,66,0,0.9881246464787226,0.5391064710028983,45,early
45467,67,0,0.5149578946845643,0.793557293594514,45,early
45468,68,0,0.18968342344406547,1.0855479617456414,45,early
45469,69,0,0.989729268513529,0.5862106656176036,45,early
45470,70,0,0.9956793781275148,0.8472291406769965,45,early
45471,71,0,0.5179301215254337,0.5314015565841349,45,early
45472,72,0,0.9490105487689475,0.6131688120973378,45,early
45473,73,0,0.36111332970062776,0.9160470489465258,45,early
45474,74,0,0.9880468451408453,0.7304577834066645,45,early
45475,75,0,0.9225237978948253,0.663830014315691,45,early
45476,76,0,0.9297340603385289,0.2849413079031796,45,early
45477,77,0,0.7270493959770306,0.9384214435248848,45,early
45478,78,0,0.6701213807761265,0.9325160233777519,45,early
45479,79,0,0.8250946396411291,0.5941303957170263,45,early
45480,80,0,0.4984642289485643,0.6493888824863768,45,early
45481,81,0,0.5006795426639744,0.9864028882316229,45,early
45482,82,0,0.4357961723939147,1.027129645268181,45,early
45483,83,0,0.5938619159025367,0.6166379285205406,45,early
45484,84,0,0.4672906464214675,0.645121783320209,45,early
45485,85,0,0.9685360990024623,0.5573081561542741,45,early
45486,86,0,0.5393512139815992,0.6257898019034728,45,early
45487,87,0,0.5560460420434856,0.5515350698896678,45,early
45488,88,0,0.4995843089156852,0.6905898514743445,45,early
45489,89,0,0.6693133790006303,0.6499680102313281,45,early
45490,90,0,0.5287633992939663,0.49557381591223926,45,early
45491,91,0,0.9499080689800268,0.4423172082804385,45,early
45492,92,0,0.638839728210429,0.4587757801480974,45,early
45493,93,0,0.19909670068651297,0.6698235595566112,45,early
45494,94,0,0.5897943165128104,0.5361148732679748,45,early
45495,95,0,0.37346320405093797,0.7908645314564708,45,early
45496,96,0,0.42665498664257917,1.0105802608121321,45,early
45497,97,0,0.9100733193979826,0.4934347481421335,45,early
45498,98,0,0.6229579537178056,0.7413449617592096,45,early
45499,99,0,0.6662695552135148,0.7031471256318497,45,early
45500,100,0,0.4137245290669407,0.9676869677656625,45,early
45501,101,0,0.7740541204816136,0.5408046555502389,45,early
45502,102,0,0.0384340834771218,0.9551101137101947,45,early
45503,103,0,0.5984610341571999,0.686913216757655,45,early
45504,104,0,0.9555524993155424,0.8407303361137828,45,early
45505,105,0,0.8409854759161974,0.7765862888749988,45,early
45506,106,0,0.9682103558473951,0.5308442737594935,45,early
45507,107,0,0.48085592945915184,0.7365118843984231,45,early
45508,108,0,0.5811127452717594,0.9807201157322614,45,early
45509,109,0,0.7374073273018702,1.12654358508027,45,early
45510,110,0,0.13346756406930274,0.6443194710523128,45,early
45511,111,0,0.9510832418954632,0.6905387816502414,45,early
45512,112,0,0.8841290795859982,0.6455441936608587,45,early
45513,113,0,0.5326064917001059,0.6904744116291847,45,early
45514,114,0,0.6640081279091135,0.8478044494200345,45,early
45515,115,0,0.8721825546999269,1.0262847620435,45,early
45516,116,0,0.9944357430169621,0.6206311094346735,45,early
45517,117,0,0.9961216075365547,0.6045753999800119,45,early
45518,118,0,0.5013821307464523,0.6246130055183726,45,early
45519,119,0,0.8384422352409489,0.42059620651478946,45,early
45520,120,0,0.879315625928391,0.5868904030337472,45,early
45521,121,0,0.49848600094584655,1.4773778816414151,45,early
45522,122,0,0.4887239434502113,0.8609706904129798,45,early
45523,123,0,0.5020057573404475,0.6809801132949413,45,early
45524,124,0,0.8135603371825224,0.592165104998505,45,early
45525,125,0,0.3327386206293945,0.6951254548606018,45,early
45526,126,0,0.7240434962348967,0.5398331082862806,45,early
45527,127,0,0.5002867276673817,0.9684685665052529,45,early
45528,128,0,0.6133079990216324,0.5612995407468633,45,early
45529,129,0,0.49882003015461757,0.6795858310994496,45,early
45530,130,0,0.9958781996628964,0.7483246437588955,45,early
45531,131,0,0.552708695571562,0.5733769346571311,45,early
45532,132,0,0.9645838917348349,0.5211469410939801,45,early
45533,133,0,0.9968823787940988,0.6308961409192264,45,early
45534,134,0,0.9978430737336486,0.5908961207668832,45,early
45535,135,0,0.4857882416092021,0.8304983520666024,45,early
45536,136,0,0.3881440175874477,0.7910601375156756,45,early
45537,137,0,0.5279561188011007,0.6850931833561222,45,early
45538,138,0,0.9989515611329106,0.6812092267730893,45,early
45539,139,0,0.9885559780354094,0.7064425281288038,45,early
45540,140,0,0.1350102166183768,0.5981623438583479,45,early
45541,141,0,0.5901986107206603,0.6557281196505658,45,early
45542,142,0,0.9964438086896752,1.0609051732285157,45,early
45543,143,0,0.500477301261221,0.8243200901293102,45,early
45544,144,0,0.6688787632240458,0.7367340210901754,45,early
45545,145,0,0.6547416825276198,0.5924067912933166,45,early
45546,146,0,0.9987070943650803,0.7698076971509189,45,early
45547,147,0,0.8757238168940533,0.8199048369879831,45,early
45548,148,0,0.9999876757740898,0.7709894141634994,45,early
45549,149,0,0.8934021316989866,0.48682834917140627,45,early
45550,150,0,0.9956371440179732,0.5277898423976048,45,early
45551,151,0,0.5235696284593114,0.4720401573594576,45,early
45552,152,0,0.9910660188622853,1.2260849754644265,45,early
45553,153,0,0.892702390365317,0.3589349990897248,45,early
45554,154,0,0.9961945358988764,0.5622900293418318,45,early
45555,155,0,0.8017791122019231,0.5458594933636176,45,early
45556,156,0,0.9850285138641441,0.6409004423829829,45,early
45557,157,0,0.4013820491364617,0.6362021094051463,45,early
45558,158,0,0.500643681050568,0.5483761839893591,45,early
45559,159,0,0.4865179995874552,0.4423282387668856,45,early
45560,160,0,0.5035827632912186,0.7294795287557421,45,early
45561,161,0,0.5253317979645764,0.5826351798276539,45,early
45562,162,0,0.4984140653732338,0.5962047252394169,45,early
45563,163,0,0.934343972833023,0.4419181551913698,45,early
45564,164,0,0.5012001091621522,0.5464491815933277,45,early
45565,165,0,0.9477799931656512,0.43174910777658915,45,early
45566,166,0,0.9981886808527536,0.5659833569969841,45,early
45567,167,0,0.48776992771833405,0.7113155144396868,45,early
45568,168,0,0.9970220357092594,0.8954989713597181,45,early
45569,169,0,0.5795338570949937,0.7036453245826451,45,early
45570,170,0,0.5188576767800376,0.6118611971850118,45,early
45571,171,0,0.7629368693886321,0.7921042625587017,45,early
45572,172,0,0.5070779855409729,0.6497084717572738,45,early
45573,173,0,0.5199344477501671,0.4025221512017644,45,early
45574,174,0,0.4993623235284878,0.8679803906842947,45,early
45575,175,0,0.9998993044751987,0.5465510978917054,45,early
45576,176,0,0.6657330509362127,0.4874344685813331,45,early
45577,177,0,0.5005497547815184,0.5329792456579776,45,early
45578,178,0,0.9044215406931124,0.3948328936838128,45,early
45579,179,0,0.8508541073024909,0.3817996941033136,45,early
45580,180,0,0.9735802156303495,0.4958910269999354,45,early
45581,181,0,0.9306249149471124,0.770832640317405,45,early
45582,182,0,0.49912990205587043,0.7425251401782935,45,early
45583,183,0,0.4735810690421881,0.649514918192017,45,early
45584,184,0,0.49660148261244974,0.8560715988522105,45,early
45585,185,0,0.4340169293897774,0.5794925426699052,45,early
45586,186,0,0.9973490469458306,0.38005522074440967,45,early
45587,187,0,0.49425681235347724,0.6203406091659567,45,early
45588,188,0,0.426627546035558,0.7579722891416592,45,early
45589,189,0,0.9938869440287461,0.4618671077191072,45,early
45590,190,0,0.4017297987911955,0.41236525399679463,45,early
45591,191,0,0.5129978668151023,0.6567924475633777,45,early
45592,192,0,0.5647014532158146,0.6891714990598512,45,early
45593,193,0,0.7399907428041412,0.552520198918709,45,early
45594,194,0,0.5013258513406632,0.6952362453105925,45,early
45595,195,0,0.18503131572853382,0.8788181466926355,45,early
45596,196,0,0.4399234843377051,0.8778004414364524,45,early
45597,197,0,0.5229620736212717,0.7072260129843961,45,early
45598,198,0,0.9071356653786644,0.5540980675186634,45,early
45599,199,0,0.9833266508664646,0.6452918646803242,45,early
45600,0,0,0.023670643888424048,0.6856022761851013,45,middle
45601,1,0,0.004039220024940523,0.9883996484119517,45,middle
45602,2,0,0.5742975441694682,0.6316143649089292,45,middle
45603,3,0,0.514942488871106,0.48114815915117204,45,middle
45604,4,0,0.07943297194814541,0.8049135032450616,45,middle
45605,5,0,0.5013071307745507,0.7881030728761687,45,middle
45606,6,0,0.5662038436922087,0.6700547063705354,45,middle
45607,7,0,0.5864955768685941,0.3707859728400623,45,middle
45608,8,0,0.9279647365097017,0.552324291791526,45,middle
45609,9,0,0.8980856923612452,0.5547363253470055,45,middle
45610,10,0,0.7406530172348278,0.5503478084647515,45,middle
45611,11,0,0.4967715275918869,0.7561096976538286,45,middle
45612,12,0,0.4788770929452706,1.069932219382256,45,middle
45613,13,0,0.44204137048657927,0.6696180949853294,45,middle
45614,14,0,0.01346730321581139,0.689267000463655,45,middle
45615,15,0,0.7299360703568558,0.6392159639360866,45,middle
45616,16,0,0.1117759008854029,0.6524008287234226,45,middle
45617,17,0,0.20807354334682643,0.7459317964072298,45,middle
45618,18,0,0.839852576499122,0.6691647420076662,45,middle
45619,19,0,0.9764267890432814,0.6361397185936621,45,middle
45620,20,0,0.0009318511863722193,0.7853732207623711,45,middle
45621,21,0,0.5296283303336055,0.7086966675847113,45,middle
45622,22,0,0.6787363424712471,0.6095827444980335,45,middle
45623,23,0,0.5208821634968345,0.49164850600991167,45,middle
45624,24,0,0.8814192306335034,0.5520710113523106,45,middle
45625,25,0,0.4809827486213749,0.7326010732104173,45,middle
45626,26,0,0.768675956725712,0.6601966968276987,45,middle
45627,27,0,0.9335379083251123,0.5528981308003132,45,middle
45628,28,0,0.5383306474977633,0.7339648820136391,45,middle
45629,29,0,0.3274811667214261,0.5589445685473892,45,middle
45630,30,0,0.8179952508808481,0.5708602526871347,45,middle
45631,31,0,0.01023218284057809,0.6068316667367868,45,middle
45632,32,0,0.7473783278015447,0.37571897226869844,45,middle
45633,33,0,0.13015153750988945,0.734999228975943,45,middle
45634,34,0,0.501158593524438,0.6173653473070947,45,middle
45635,35,0,0.5199392516486145,0.4769156740178709,45,middle
45636,36,0,0.8409918407017498,0.6486604677153665,45,middle
45637,37,0,0.09744575350486065,0.6321068064224167,45,middle
45638,38,0,0.08125003212731606,0.7923735108260876,45,middle
45639,39,0,0.19784818235415164,0.7144116134805936,45,middle
45640,40,0,0.8952325338820315,0.515147703694413,45,middle
45641,41,0,0.01141248603267523,0.5969816451103112,45,middle
45642,42,0,0.2911515001368601,1.0907897238770152,45,middle
45643,43,0,0.6664594100941914,0.7128523386270125,45,middle
45644,44,0,0.9444460826955767,0.6531723827842999,45,middle
45645,45,0,0.41148553603888727,0.9287572097028707,45,middle
45646,46,0,0.9392640938627115,0.63661848228031,45,middle
45647,47,0,0.6456470077907217,0.7962772107435624,45,middle
45648,48,0,0.9951178959617795,0.5273728984650361,45,middle
45649,49,0,0.4737747947419154,0.516250645677862,45,middle
45650,50,0,0.9974276463264371,0.47151210622719497,45,middle
45651,51,0,0.7849189363347537,0.963281288939373,45,middle
45652,52,0,0.3089233536524133,0.7505133841323846,45,middle
45653,53,0,0.5823519868656576,0.4618772658201409,45,middle
45654,54,0,0.5961798177054535,0.8862791036158986,45,middle
45655,55,0,0.9879521996385947,0.5919727611180963,45,middle
45656,56,0,0.9914003459157135,0.49675360688595704,45,middle
45657,57,0,0.8203181052761395,0.7554721646930862,45,middle
45658,58,0,0.9250274228234818,0.8550679069498592,45,middle
45659,59,0,0.9931330457430635,0.5072655348481449,45,middle
45660,60,0,0.9987811139410108,0.6495634889752622,45,middle
45661,61,0,0.6192882466375519,0.630680264555201,45,middle
45662,62,0,0.42308504737660596,0.6035992492764508,45,middle
45663,63,0,0.5241903752325404,0.6288557397280126,45,middle
45664,64,0,0.229427505605224,0.6398279667923445,45,middle
45665,65,0,0.9580711704633598,0.7241293517743529,45,middle
45666,66,0,0.999741606395762,0.9595114501367539,45,middle
45667,67,0,0.5874821596708544,0.6671348820822018,45,middle
45668,68,0,0.7127659428576294,0.4871249025031895,45,middle
45669,69,0,0.743932005176417,0.6318301279639418,45,middle
45670,70,0,0.5014484344908174,0.8687078290100612,45,middle
45671,71,0,0.9107630198167527,0.5942546874765895,45,middle
45672,72,0,0.9878780517356806,0.6837833046853989,45,middle
45673,73,0,0.7711080080874844,0.6865673864410843,45,middle
45674,74,0,0.7455212041134277,0.45712137575172984,45,middle
45675,75,0,0.9060041630986233,0.7553226691322933,45,middle
45676,76,0,0.5030551323319837,0.6939805626788007,45,middle
45677,77,0,0.9941896965508682,0.6551817001337055,45,middle
45678,78,0,0.6147688393154551,0.35898108123406447,45,middle
45679,79,0,0.995636220970296,0.7924139041021336,45,middle
45680,80,0,0.25043064844658397,0.8733459973010104,45,middle
45681,81,0,0.5204688857579557,0.5569422131620125,45,middle
45682,82,0,0.7860171601556405,0.4621295558501869,45,middle
45683,83,0,0.5596000177915346,0.7472344287918589,45,middle
45684,84,0,0.49457112390236063,0.675333595225655,45,middle
45685,85,0,0.507592139851356,0.6534817278837518,45,middle
45686,86,0,0.8021797634872144,0.5058964315526508,45,middle
45687,87,0,0.33302474406940835,0.8110777605764539,45,middle
45688,88,0,0.46633179232464017,0.5650713062921819,45,middle
45689,89,0,0.779067007461939,0.37510053850078773,45,middle
45690,90,0,0.5236199217382655,0.7772078135807214,45,middle
45691,91,0,0.4580764851284672,0.4483077780868732,45,middle
45692,92,0,0.44809320897057786,0.6755107351725357,45,middle
45693,93,0,0.9082664709288375,0.48593825603066826,45,middle
45694,94,0,0.9937227864937872,0.7688906686242738,45,middle
45695,95,0,0.5424270192253206,0.7647998524248398,45,middle
45696,96,0,0.8898826462669904,0.6760213803566292,45,middle
45697,97,0,0.07480340344227872,0.8038158432765505,45,middle
45698,98,0,0.9986808437280572,0.6747715266450766,45,middle
45699,99,0,0.9994995358595877,0.8423969418487577,45,middle
45700,100,0,0.5165658263919725,0.8445696402489486,45,middle
45701,101,0,0.021728623129485154,0.8491436150173206,45,middle
45702,102,0,0.7093232187310121,0.6944204771947775,45,middle
45703,103,0,0.7425945467656039,0.702698761214441,45,middle
45704,104,0,0.9949497891906625,0.4708778786991964,45,middle
45705,105,0,0.5244800173351866,0.8833124668375303,45,middle
45706,106,0,0.7296529322557153,0.5216193152613688,45,middle
45707,107,0,0.9884483655366337,0.7879723983278145,45,middle
45708,108,0,0.7515011058076836,0.4818804830469661,45,middle
45709,109,0,0.988626066932442,0.7515889727324785,45,middle
45710,110,0,0.6889060371515391,0.5414822527037578,45,middle
45711,111,0,0.5133327467601914,0.6498617802260986,45,middle
45712,112,0,0.5029647097937489,0.6471283873238434,45,middle
45713,113,0,0.019000422842216327,0.7754008617490618,45,middle
45714,114,0,0.5002900142836029,0.930082043420696,45,middle
45715,115,0,0.3635844927980836,0.895165486316794,45,middle
45716,116,0,0.9868503117262759,0.6782619428143556,45,middle
45717,117,0,0.9737072084338587,0.5493562787259272,45,middle
45718,118,0,0.976777950836206,0.6731571549827912,45,middle
45719,119,0,0.43006055821358846,0.6362995439301493,45,middle
45720,120,0,0.8994046691441779,0.5988570182960271,45,middle
45721,121,0,0.49984601018148106,0.9471432176524794,45,middle
45722,122,0,0.731062918030344,0.5599385106745265,45,middle
45723,123,0,0.5000219160507129,0.5786704373468297,45,middle
45724,124,0,0.011698815648188796,0.8082905223590662,45,middle
45725,125,0,0.9530987623298689,0.6892830951253754,45,middle
45726,126,0,0.9997582655125212,0.48863262235316485,45,middle
45727,127,0,0.5987525230935853,0.3890975754605779,45,middle
45728,128,0,0.8954739461420176,0.7262501222682747,45,middle
45729,129,0,0.9402470966899195,0.4917184707501271,45,middle
45730,130,0,0.6237487275051274,0.4416319296359966,45,middle
45731,131,0,0.5767742664367768,0.7480187926973025,45,middle
45732,132,0,0.338766453316086,0.547026326945897,45,middle
45733,133,0,0.8450963817933186,0.9374437472843176,45,middle
45734,134,0,0.9739716539942475,0.5945456096643054,45,middle
45735,135,0,0.5585974896239111,0.31657646181857324,45,middle
45736,136,0,0.5802882615417517,0.8779362411950338,45,middle
45737,137,0,0.5132506510249418,1.1145439328063884,45,middle
45738,138,0,0.30748879002318047,0.6396926283093067,45,middle
45739,139,0,0.5202060833703755,0.6719291770939286,45,middle
45740,140,0,0.18144811877635894,0.6671105805894586,45,middle
45741,141,0,0.5099649210815448,0.6019048141245249,45,middle
45742,142,0,0.6187310600155014,0.6236925735599561,45,middle
45743,143,0,0.47187358636120985,0.7321966088046397,45,middle
45744,144,0,0.41651408821186275,0.5106858852003995,45,middle
45745,145,0,0.5031356028873302,0.5277437963346393,45,middle
45746,146,0,0.18666164221962975,0.7524386448860537,45,middle
45747,147,0,0.5842946113110495,0.7186721194586803,45,middle
45748,148,0,0.25055895626993474,0.6439834936973332,45,middle
45749,149,0,0.9965048011862513,0.8967080900231369,45,middle
45750,150,0,0.5429999342779903,0.838478272562612,45,middle
45751,151,0,0.8960845862641319,0.348371446349018,45,middle
45752,152,0,0.5209347428538362,0.7231223214437952,45,middle
45753,153,0,0.608198177471814,0.7733218199443348,45,middle
45754,154,0,0.8144294732814035,0.6524376284887768,45,middle
45755,155,0,0.8404986137347487,0.6190964343302368,45,middle
45756,156,0,0.2829876476725978,0.6927104220716975,45,middle
45757,157,0,0.9046075266309368,0.5951961517026872,45,middle
45758,158,0,0.9758443143635809,0.5488393468858109,45,middle
45759,159,0,0.9774722769434276,0.5469708373580217,45,middle
45760,160,0,0.8025110495827428,0.5277338325482113,45,middle
45761,161,0,0.9880463533112454,0.6470656293940074,45,middle
45762,162,0,0.8920493738753883,0.6067769263054481,45,middle
45763,163,0,0.9348142922410101,0.5309795515423222,45,middle
45764,164,0,0.9971940275735385,0.9080605920624276,45,middle
45765,165,0,0.9172857000896213,0.7579393720137101,45,middle
45766,166,0,0.5089591339739508,0.6280356156762545,45,middle
45767,167,0,0.4732471440537679,0.8035580669833218,45,middle
45768,168,0,0.9951176530501582,0.47322356337627747,45,middle
45769,169,0,0.9383811863054783,0.6282433780329982,45,middle
45770,170,0,0.47098332495641365,0.8218245956473884,45,middle
45771,171,0,0.5657381768705163,0.7507914955494914,45,middle
45772,172,0,0.0695491846100938,0.7275054392746545,45,middle
45773,173,0,0.9998008028589775,0.4967228874463957,45,middle
45774,174,0,0.999993953201268,0.39662988082063877,45,middle
45775,175,0,0.9996388627291998,0.299206164153314,45,middle
45776,176,0,0.5160408709947647,0.4329797980630495,45,middle
45777,177,0,0.4263230663997832,0.8556592079323675,45,middle
45778,178,0,0.9936438876967928,0.5161925165015591,45,middle
45779,179,0,0.009042595014638043,0.6190694883459688,45,middle
45780,180,0,0.9509458636232826,0.35183368661310865,45,middle
45781,181,0,0.3793623156402189,0.74036462174802,45,middle
45782,182,0,0.9366510689922172,0.5116211143969945,45,middle
45783,183,0,0.5043077650559907,0.6537480621456161,45,middle
45784,184,0,0.502601799822001,0.6828246549672488,45,middle
45785,185,0,0.31969060391072857,0.7405977079272601,45,middle
45786,186,0,0.7143965625430205,0.5457709968239195,45,middle
45787,187,0,0.5779576970854858,0.5700655136734514,45,middle
45788,188,0,0.988720182859309,0.4340805095053757,45,middle
45789,189,0,0.5007154517190667,0.600794392403435,45,middle
45790,190,0,0.9052622810700289,0.6391096318875873,45,middle
45791,191,0,0.9698762191463426,0.6102448516512962,45,middle
45792,192,0,0.8063651768025832,0.5182383132519033,45,middle
45793,193,0,0.5159308513295766,0.696403405480901,45,middle
45794,194,0,0.9813595919270948,0.5913245239520646,45,middle
45795,195,0,0.5949146718727798,0.5101977026143807,45,middle
45796,196,0,0.8723025511650297,0.5607152445946391,45,middle
45797,197,0,0.9216779550046177,0.43856684839037685,45,middle
45798,198,0,0.8114519946749095,0.3953852006754891,45,middle
45799,199,0,0.4189375696492664,0.5719751864111918,45,middle
45800,0,0,0.4567709062274678,0.6124201387286048,45,late
45801,1,0,0.11346265705236866,0.43503616040552506,45,late
45802,2,0,0.17321584714841592,0.5563232953500421,45,late
45803,3,0,0.5936205452043699,0.43852012650065,45,late
45804,4,0,0.7788748369468925,0.42805822886965794,45,late
45805,5,0,0.35719858118757436,0.7007316410595315,45,late
45806,6,0,0.5241485529396918,0.6022313928647095,45,late
45807,7,0,0.035130658203576616,0.8172237791982548,45,late
45808,8,0,0.526978801801039,0.6156132346955558,45,late
45809,9,0,0.3563261630143575,0.8225379286786261,45,late
45810,10,0,0.4613437930204554,0.8168600677625764,45,late
45811,11,0,0.5670554778563432,0.8025194001671614,45,late
45812,12,0,0.4458654112331246,0.8930282701765812,45,late
45813,13,0,0.24298129939478755,0.6124423899462237,45,late
45814,14,0,0.514625138081765,0.7666170094542577,45,late
45815,15,0,0.7255110896954649,0.652455021524385,45,late
45816,16,0,0.2503906673019481,0.6291819489144381,45,late
45817,17,0,0.25829229623594063,0.6236240954209571,45,late
45818,18,0,0.012222221722743521,0.7532486328009709,45,late
45819,19,0,0.8611778575660698,0.5267608175101286,45,late
45820,20,0,0.47529822852198766,0.7564633522857234,45,late
45821,21,0,0.4129174063638882,0.45064174473801527,45,late
45822,22,0,0.8133541725494774,0.4775508049004453,45,late
45823,23,0,0.4646972947259005,0.46854617346458616,45,late
45824,24,0,0.923098551654991,0.47374015125461444,45,late
45825,25,0,0.17215387327553486,0.8518985365144349,45,late
45826,26,0,0.014185228570929069,0.7047310019356625,45,late
45827,27,0,0.15045754330829395,0.5356744526138002,45,late
45828,28,0,0.5734989274975554,0.7381774374322596,45,late
45829,29,0,0.3712647689035473,0.5990125585075299,45,late
45830,30,0,0.4176661734346035,0.8017035444546123,45,late
45831,31,0,0.1846416870237671,0.7475521949995505,45,late
45832,32,0,0.5003317274371151,0.46165657215586214,45,late
45833,33,0,0.5012972820304727,0.7240986513963288,45,late
45834,34,0,0.5554047818844505,0.7011115852802947,45,late
45835,35,0,0.13659115849736522,0.871038153227558,45,late
45836,36,0,0.9227827329360572,0.723852077012775,45,late
45837,37,0,0.03509246281605325,0.783851169277024,45,late
45838,38,0,0.6327060395638744,0.554481790714653,45,late
45839,39,0,0.43019756521601216,0.6082731166811337,45,late
45840,40,0,0.8561187457438999,0.5484758082042127,45,late
45841,41,0,0.49795511158736827,0.6174016856759719,45,late
45842,42,0,0.5121613418797213,0.5517925129485569,45,late
45843,43,0,0.5017391755524147,0.6128484958901329,45,late
45844,44,0,0.4676348841876693,0.5773908505587788,45,late
45845,45,0,0.5691295468701919,0.7020786239349477,45,late
45846,46,0,0.6546046743305407,0.6572314998656543,45,late
45847,47,0,0.6504610546671015,0.4334331255043899,45,late
45848,48,0,0.8052355439721954,0.7392668752284621,45,late
45849,49,0,0.2937618293282728,0.6971447776494011,45,late
45850,50,0,0.6038268510029728,0.5693475685202296,45,late
45851,51,0,0.4423136607262118,0.7134795627906714,45,late
45852,52,0,0.6090758919215135,0.7866963024112947,45,late
45853,53,0,0.16482353401767738,0.6308157471911449,45,late
45854,54,0,0.5213258248501602,0.6939075237957237,45,late
45855,55,0,0.7605914616840517,0.5524573199867671,45,late
45856,56,0,0.49713353519679776,0.8737495999314544,45,late
45857,57,0,0.06102267875574783,0.6802012607785457,45,late
45858,58,0,0.6211363544170901,0.435593604973358,45,late
45859,59,0,0.5051442975805105,0.5230588311458015,45,late
45860,60,0,0.5181672552700402,0.7753651649061095,45,late
45861,61,0,0.4829122829411589,0.8814372370375494,45,late
45862,62,0,0.2160261632492261,0.7709032250360957,45,late
45863,63,0,0.46879031449704495,0.8444741846397619,45,late
45864,64,0,0.03397978871122292,0.8734112414430248,45,late
45865,65,0,0.02287076091263242,0.7241056622107462,45,late
45866,66,0,0.5893602475925694,0.8588420276268891,45,late
45867,67,0,0.8249197933267118,0.30114933880666966,45,late
45868,68,0,0.9494044263128816,0.4718675205493752,45,late
45869,69,0,0.7750927178093253,0.5961715446110728,45,late
45870,70,0,0.816356631928496,0.6459969215706327,45,late
45871,71,0,0.02820122578988142,0.7603938767973635,45,late
45872,72,0,0.951617423823495,0.47979815814283877,45,late
45873,73,0,0.6400051939187782,0.600914846819033,45,late
45874,74,0,0.8712577587214764,0.7538592188379392,45,late
45875,75,0,0.20393932848507337,0.6268991516449883,45,late
45876,76,0,0.6947663790899954,0.6056598668767555,45,late
45877,77,0,0.5000865448000399,0.7320271370860069,45,late
45878,78,0,0.2803721466695923,0.5575793012875303,45,late
45879,79,0,0.5931120008809638,0.6023263106154662,45,late
45880,80,0,0.5195149173516117,0.5116607647518773,45,late
45881,81,0,0.022491232795015182,0.5950442567474119,45,late
45882,82,0,0.03987356086852976,0.5802740625725568,45,late
45883,83,0,0.03819407882463749,0.7225700294418254,45,late
45884,84,0,0.19544327244269408,1.1393743352714694,45,late
45885,85,0,0.9894067543053057,0.49461904099188314,45,late
45886,86,0,0.6822267295068484,0.5117470867834083,45,late
45887,87,0,0.9548376568830899,0.5309652143568282,45,late
45888,88,0,0.2242797282911211,0.730794131468699,45,late
45889,89,0,0.964270227421343,0.7547067088084678,45,late
45890,90,0,0.21659285497763608,0.7486906262564521,45,late
45891,91,0,0.1571100465025489,0.6012110441862515,45,late
45892,92,0,0.9868446612036585,0.48331615132327665,45,late
45893,93,0,0.983443019134105,0.22108741207490526,45,late
45894,94,0,0.16848645350706146,1.0383931834395344,45,late
45895,95,0,0.23234021931687446,0.7388387766956598,45,late
45896,96,0,0.9919661556573922,0.42047629034692446,45,late
45897,97,0,0.5255968709450555,0.6260859752567071,45,late
45898,98,0,0.28522024923588674,0.6359395686955642,45,late
45899,99,0,0.9925265562563903,0.7164810555958732,45,late
45900,100,0,0.548978070523622,0.7018392872940169,45,late
45901,101,0,0.9468778665287201,0.7408278588441121,45,late
45902,102,0,0.8809288111042635,0.5046131922220508,45,late
45903,103,0,0.9053924788443964,0.3490419416994517,45,late
45904,104,0,0.581580160870272,0.4865757586094932,45,late
45905,105,0,0.28849082653214453,0.44925304498978696,45,late
45906,106,0,0.865905563326159,0.42256404316333884,45,late
45907,107,0,0.7913570742254286,0.5840632783343307,45,late
45908,108,0,0.9587398353121257,0.7277453868981196,45,late
45909,109,0,0.7964278004043732,0.44745309489550933,45,late
45910,110,0,0.558926173994592,0.5138235280729191,45,late
45911,111,0,0.9141580335202341,0.2498151516354007,45,late
45912,112,0,0.9612379281284397,0.3508992615032325,45,late
45913,113,0,0.9423262325890043,0.4898176541085688,45,late
45914,114,0,0.9986326655616737,0.7204357424440355,45,late
45915,115,0,0.5275821474625166,0.48866573624703225,45,late
45916,116,0,0.9944447789378948,0.33651948210730076,45,late
45917,117,0,0.6950307954470127,0.45024548458636326,45,late
45918,118,0,0.9852654177716393,0.43747002895145554,45,late
45919,119,0,0.632584767393554,0.5520059679845143,45,late
45920,120,0,0.48544040178468945,0.5235981709282168,45,late
45921,121,0,0.01110417019076715,0.7159294273252846,45,late
45922,122,0,0.289993562289631,0.5909128199967044,45,late
45923,123,0,0.6334790095761583,0.42909523523388815,45,late
45924,124,0,0.41136867723765314,0.6545005785496691,45,late
45925,125,0,0.8730676525358667,0.4594242972212361,45,late
45926,126,0,0.5706256422389638,0.5862043166151883,45,late
45927,127,0,0.9978727625227939,0.4646321692174843,45,late
45928,128,0,0.961368574187668,0.29006354126087097,45,late
45929,129,0,0.37593585499199467,0.8210379342714127,45,late
45930,130,0,0.04814768152502929,0.9060501552197839,45,late
45931,131,0,0.46792771946634415,0.6179315009318449,45,late
45932,132,0,0.05939801720570817,0.8936524936157239,45,late
45933,133,0,0.9736930924168037,0.5404292752754416,45,late
45934,134,0,0.7065179082711711,0.5729919682426234,45,late
45935,135,0,0.8941147007275663,0.45370412513757186,45,late
45936,136,0,0.9972624111986272,0.6062743606645801,45,late
45937,137,0,0.9685447753291505,0.4494668601722744,45,late
45938,138,0,0.5117392464560498,0.3614857562495207,45,late
45939,139,0,0.8138167767300992,0.440505384849711,45,late
45940,140,0,0.40150146225845595,0.6351043140018966,45,late
45941,141,0,0.37808919508934635,0.6232455550396656,45,late
45942,142,0,0.19023052911868335,0.39084438930203425,45,late
45943,143,0,0.37304959700506174,0.5968535537570443,45,late
45944,144,0,0.12205331702170372,0.6950135824966415,45,late
45945,145,0,0.7800735756763907,0.5845899436722023,45,late
45946,146,0,0.47271569559722176,0.5023492928177443,45,late
45947,147,0,0.5638606593092013,0.3200937819977404,45,late
45948,148,0,0.9361693353112222,0.5407899042879456,45,late
45949,149,0,0.8167379015359781,0.5903377846794535,45,late
45950,150,0,0.6521809731645883,0.5131125087488508,45,late
45951,151,0,0.8592468122521512,0.5588860446746395,45,late
45952,152,0,0.8436148183533226,0.5207820696955305,45,late
45953,153,0,0.9820869305472472,0.4696543353323909,45,late
45954,154,0,0.9940974207782838,0.4709719666224486,45,late
45955,155,0,0.9978017007269414,0.720187548781778,45,late
45956,156,0,0.5108003552735713,0.7114653462690502,45,late
45957,157,0,0.9245429530978804,0.5293846524534405,45,late
45958,158,0,0.6579865537283058,0.5394254856160086,45,late
45959,159,0,0.9898195782858952,0.45552516986765706,45,late
45960,160,0,0.9923950964957388,0.4173625500779945,45,late
45961,161,0,0.7442408057245695,0.4551406049388936,45,late
45962,162,0,0.32819101173145904,0.5688715220578272,45,late
45963,163,0,0.19194282921395686,0.7956982627975251,45,late
45964,164,0,0.501886901176226,0.6423173241909199,45,late
45965,165,0,0.4328815582848878,0.4822977888904376,45,late
45966,166,0,0.36941360691795566,0.5599826216426681,45,late
45967,167,0,0.5814860143875331,0.5404738143438181,45,late
45968,168,0,0.3837630042058157,0.7381649758006525,45,late
45969,169,0,0.21839390707233144,0.5232112569014399,45,late
45970,170,0,0.6249663736146637,0.45401599963603123,45,late
45971,171,0,0.620939266777836,0.5180194278231751,45,late
45972,172,0,0.8900660375877887,0.550954123924882,45,late
45973,173,0,0.4606015723002032,1.1951974886207493,45,late
45974,174,0,0.9144279164001413,0.6499029055204186,45,late
45975,175,0,0.8832462356212977,0.48703407374462465,45,late
45976,176,0,0.08253296885110166,0.753939472018258,45,late
45977,177,0,0.6079156202016432,0.5288284092508062,45,late
45978,178,0,0.5457526244448468,0.679772888333589,45,late
45979,179,0,0.4922417626282343,0.48039064352454663,45,late
45980,180,0,0.6239454886998232,0.5935191588230802,45,late
45981,181,0,0.4767462238178994,0.7641909059373022,45,late
45982,182,0,0.5768793733670634,0.6645610669254435,45,late
45983,183,0,0.9055913929373325,0.4940072242201622,45,late
45984,184,0,0.5395092327127919,0.47266333234677915,45,late
45985,185,0,0.04720539208178554,0.6005656801229466,45,late
45986,186,0,0.5267210532905244,0.38848658829031457,45,late
45987,187,0,0.8420442515238868,0.4649409961659976,45,late
45988,188,0,0.643861735744106,0.4776054373298414,45,late
45989,189,0,0.5443781652531741,0.7222115678401241,45,late
45990,190,0,0.08861262962159097,0.517961240884443,45,late
45991,191,0,0.9807837443636787,0.4934997583747584,45,late
45992,192,0,0.5583530916558053,0.5766866691246051,45,late
45993,193,0,0.4052886998660018,0.6312688190377187,45,late
45994,194,0,0.5729427780914784,0.6527581033216917,45,late
45995,195,0,0.5872442575603481,0.5450230571077285,45,late
45996,196,0,0.7162448370212913,0.4260734857199558,45,late
45997,197,0,0.19789387149571436,0.5560725091868076,45,late
45998,198,0,0.929425473936179,0.34174545386438204,45,late
45999,199,0,0.416787448968405,0.6027643047799613,45,late
46000,0,0,0.9449326298861274,0.5370546777720477,46,interleaved
46001,1,0,0.7177199736204365,0.5290179757178313,46,interleaved
46002,2,0,0.5158029809565466,0.5485636242073381,46,interleaved
46003,3,0,0.6046525985323685,0.5785055353589732,46,interleaved
46004,4,0,0.5497096092701859,0.5598807977265448,46,interleaved
46005,5,0,0.48121370876411823,0.6565763734074477,46,interleaved
46006,6,0,0.4417118725705295,0.4116962478685285,46,interleaved
46007,7,0,0.9180876385502323,0.3780943168755256,46,interleaved
46008,8,0,0.5462793239673913,0.538609077486808,46,interleaved
46009,9,0,0.3324205122905199,0.7432536940242407,46,interleaved
46010,10,0,0.6014632886416916,0.5938097581889434,46,interleaved
46011,11,0,0.8947145030698331,0.6964267899977785,46,interleaved
46012,12,0,0.8618758901784034,0.6655969375384475,46,interleaved
46013,13,0,0.18328348713725603,0.6454626848212972,46,interleaved
46014,14,0,0.2500356343060371,0.8575027225110834,46,interleaved
46015,15,0,0.5000916683378167,1.4704605628849363,46,interleaved
46016,16,0,0.9210121272779267,0.8941277406691951,46,interleaved
46017,17,0,0.844039221414629,0.5354990447698634,46,interleaved
46018,18,0,0.02801641976936523,0.8457001507270634,46,interleaved
46019,19,0,0.9306499414368804,0.5392864374692715,46,interleaved
46020,20,0,0.10529580051033317,0.5859144686231932,46,interleaved
46021,21,0,0.5194036237320772,0.774388353755027,46,interleaved
46022,22,0,0.6313076838638665,0.5540275627631437,46,interleaved
46023,23,0,0.45959871087667636,0.6603460709230392,46,interleaved
46024,24,0,0.2655869446317328,0.6328580371141652,46,interleaved
46025,25,0,0.3477346695452147,0.5944352215672523,46,interleaved
46026,26,0,0.8919360851078824,0.8241003389177528,46,interleaved
46027,27,0,0.47588221012820364,0.8628561824227916,46,interleaved
46028,28,0,0.4921349968789466,0.45206968079092774,46,interleaved
46029,29,0,0.6452565963665879,0.545727593074345,46,interleaved
46030,30,0,0.4894367049164811,0.407627790017945,46,interleaved
46031,31,0,0.5112991468492237,1.2057931384737037,46,interleaved
46032,32,0,0.00929426386848759,0.7622314356929514,46,interleaved
46033,33,0,0.12933979541512447,0.9063907585686883,46,interleaved
46034,34,0,0.5155481860928556,0.6349981580921237,46,interleaved
46035,35,0,0.47556711304237126,0.6975393275806623,46,interleaved
46036,36,0,0.547975469313895,0.7724492792065664,46,interleaved
46037,37,0,0.013707141096794944,0.8644973043296278,46,interleaved
46038,38,0,0.36709928547091164,1.1547130914831363,46,interleaved
46039,39,0,0.7008000020147644,0.9931484887072868,46,interleaved
46040,40,0,0.9761990936580994,0.5335820697975218,46,interleaved
46041,41,0,0.5122443141077877,0.7612700521053374,46,interleaved
46042,42,0,0.98708056577435,0.6132516727372852,46,interleaved
46043,43,0,0.4408952215446529,0.7025298493854021,46,interleaved
46044,44,0,0.49600104806396256,0.7793439667006218,46,interleaved
46045,45,0,0.13606076508998366,0.9023646192018484,46,interleaved
46046,46,0,0.48731861394040654,0.8545749963167263,46,interleaved
46047,47,0,0.5017473571904534,0.5169356689852372,46,interleaved
46048,48,0,0.9242109649898571,0.6330432127095834,46,interleaved
46049,49,0,0.4048388243010613,1.105699692997137,46,interleaved
46050,50,0,0.9951936044283859,0.5478613247875979,46,interleaved
46051,51,0,0.5160373020786274,0.47234165449112386,46,interleaved
46052,52,0,0.6151566632196674,0.5782846755884707,46,interleaved
46053,53,0,0.49664412091669397,0.7070250989101458,46,interleaved
46054,54,0,0.4936364926273684,0.5407882396057311,46,interleaved
46055,55,0,0.6539623179932486,0.5616160443543637,46,interleaved
46056,56,0,0.7027491375480367,0.8715471436710187,46,interleaved
46057,57,0,0.7900867294938951,0.5583341449331417,46,interleaved
46058,58,0,0.48181119482592116,0.5091068553227367,46,interleaved
46059,59,0,0.6513821509629434,0.8105474348108377,46,interleaved
46060,60,0,0.695290591361051,0.5916160079697814,46,interleaved
46061,61,0,0.8494881116401511,0.8793027429809924,46,interleaved
46062,62,0,0.5119643644436985,1.241701286059599,46,interleaved
46063,63,0,0.480666089364652,0.7349208705950496,46,interleaved
46064,64,0,0.3563357566996568,0.895845062790644,46,interleaved
46065,65,0,0.4627611532360637,0.6848465043831139,46,interleaved
46066,66,0,0.34340609081885526,0.6526200168664373,46,interleaved
46067,67,0,0.3221000906255975,0.36582507900853956,46,interleaved
46068,68,0,0.5991043132447459,0.4270410594490125,46,interleaved
46069,69,0,0.49667161378550684,0.6309810323093846,46,interleaved
46070,70,0,0.5364980562305844,0.7298899339696948,46,interleaved
46071,71,0,0.26168041819071797,1.035887414299162,46,interleaved
46072,72,0,0.5722699358057921,0.5821397215676302,46,interleaved
46073,73,0,0.3247289677132344,1.2005742808360156,46,interleaved
46074,74,0,0.7867444159254429,1.1283846944999345,46,interleaved
46075,75,0,0.503193107575435,0.6522221525370808,46,interleaved
46076,76,0,0.03858049655220745,0.7865521172140417,46,interleaved
46077,77,0,0.662430246017309,0.7078965303281984,46,interleaved
46078,78,0,0.9896063395382978,0.8597254146856952,46,interleaved
46079,79,0,0.5020990670564802,0.8641718285654331,46,interleaved
46080,80,0,0.8800231578773501,0.4081116385313165,46,interleaved
46081,81,0,0.5110089737018529,0.6476835155462495,46,interleaved
46082,82,0,0.45900555651165637,1.051708860085948,46,interleaved
46083,83,0,0.5398103102480374,0.7318089857378348,46,interleaved
46084,84,0,0.7580397193661301,0.5028170036629739,46,interleaved
46085,85,0,0.9145561341219384,0.8107728247728689,46,interleaved
46086,86,0,0.499794011219524,0.6947605770416933,46,interleaved
46087,87,0,0.4705541668674207,0.7292795216205064,46,interleaved
46088,88,0,0.9390890185116421,0.8278943016224292,46,interleaved
46089,89,0,0.6275888985931873,0.9026123315551136,46,interleaved
46090,90,0,0.49452763748448103,0.6130304331043915,46,interleaved
46091,91,0,0.3259090160543993,0.4678047912617853,46,interleaved
46092,92,0,0.9402139466805652,0.6634106839466112,46,interleaved
46093,93,0,0.5001109936545328,1.0523669597084488,46,interleaved
46094,94,0,0.5124708891495242,0.8532561711580695,46,interleaved
46095,95,0,0.03806256144100013,0.8491462022653091,46,interleaved
46096,96,0,0.9742471019061502,0.8791025568699805,46,interleaved
46097,97,0,0.3472890475728763,0.8733015479490254,46,interleaved
46098,98,0,0.5122241326559663,1.3555692169015539,46,interleaved
46099,99,0,0.026970008625228335,1.1400376175238316,46,interleaved
46100,100,0,0.296211518032579,0.9918713606769589,46,interleaved
46101,101,0,0.46641550500335033,0.47478919624677807,46,interleaved
46102,102,0,0.8938853659815744,0.6480245366897104,46,interleaved
46103,103,0,0.005204290167233696,0.8088949908916696,46,interleaved
46104,104,0,0.524944966681853,0.5119695799329649,46,interleaved
46105,105,0,0.7937791006855168,0.9829107672001133,46,interleaved
46106,106,0,0.9765024987418842,0.6907961342391068,46,interleaved
46107,107,0,0.11373900894712113,1.2189680031331607,46,interleaved
46108,108,0,0.9969949542361057,0.8081184701951039,46,interleaved
46109,109,0,0.9984024435621952,0.9870160402970019,46,interleaved
46110,110,0,0.5012827520169656,0.7557561621674035,46,interleaved
46111,111,0,0.5014267348169192,0.7079579910652091,46,interleaved
46112,112,0,0.8550077840582397,0.5662517950911086,46,interleaved
46113,113,0,0.4032615847225146,0.6121561292203825,46,interleaved
46114,114,0,0.3241775776237615,0.6915186653422041,46,interleaved
46115,115,0,0.5431206380634843,0.6237341572619712,46,interleaved
46116,116,0,0.004894727258983118,0.7204305513411385,46,interleaved
46117,117,0,0.22549905725244562,0.694773940150174,46,interleaved
46118,118,0,0.2773742812580956,0.5507587055508119,46,interleaved
46119,119,0,0.5233614462699575,0.5524724245626105,46,interleaved
46120,120,0,0.3709614212900193,0.7800198601021031,46,interleaved
46121,121,0,0.6741928856751747,0.8235290981002907,46,interleaved
46122,122,0,0.4949659611950557,0.9085176558987336,46,interleaved
46123,123,0,0.7681414779132848,0.7143175466979146,46,interleaved
46124,124,0,0.5905964879153152,0.5334908923463527,46,interleaved
46125,125,0,0.9193754627069851,0.5264124695667514,46,interleaved
46126,126,0,0.5939529462139083,0.470321071932427,46,interleaved
46127,127,0,0.9134642684939956,0.5296078563740176,46,interleaved
46128,128,0,0.9416262372055274,0.7551937702779203,46,interleaved
46129,129,0,0.5011120202905294,1.132902044721622,46,interleaved
46130,130,0,0.28052360208254123,0.9293070969282874,46,interleaved
46131,131,0,0.7894574081584715,0.6625590199379796,46,interleaved
46132,132,0,0.05715344462438929,0.8184836409871752,46,interleaved
46133,133,0,0.5061930859152659,0.391678358375695,46,interleaved
46134,134,0,0.9090859078844131,0.487601347558958,46,interleaved
46135,135,0,0.5774447943044412,0.5647385739827722,46,interleaved
46136,136,0,0.5096315756435266,0.7423239121910958,46,interleaved
46137,137,0,0.5255198624416186,0.9036154376803212,46,interleaved
46138,138,0,0.6718030702945876,0.9706104858935976,46,interleaved
46139,139,0,0.5250963760485848,0.6454319839371623,46,interleaved
46140,140,0,0.05666723968256552,0.8494714656091842,46,interleaved
46141,141,0,0.614387999486862,0.8512649756131763,46,interleaved
46142,142,0,0.6336332270474208,0.7491080970719848,46,interleaved
46143,143,0,0.9731840024717098,0.678544051545787,46,interleaved
46144,144,0,0.5628127554149962,0.8874063053802863,46,interleaved
46145,145,0,0.7499280662257455,0.49500400426456126,46,interleaved
46146,146,0,0.4992850422652564,0.7814166899297179,46,interleaved
46147,147,0,0.5861413211376407,0.6455700877836814,46,interleaved
46148,148,0,0.14365366205373653,0.7905290094526803,46,interleaved
46149,149,0,0.49665402518566887,0.8388493704040227,46,interleaved
46150,150,0,0.8121095224560773,0.6023061130474163,46,interleaved
46151,151,0,0.8673611859779939,0.4567380775920512,46,interleaved
46152,152,0,0.4986451429892093,0.5361396919094421,46,interleaved
46153,153,0,0.6039466043328252,0.3838359191191223,46,interleaved
46154,154,0,0.7690699505530498,0.5093223425803625,46,interleaved
46155,155,0,0.5134313169955985,0.8855778442645215,46,interleaved
46156,156,0,0.9966182827007593,0.6389476448499705,46,interleaved
46157,157,0,0.502357388813125,0.6826682132424842,46,interleaved
46158,158,0,0.5610885269047983,0.6193385778084999,46,interleaved
46159,159,0,0.5088626211978451,0.4441624056366371,46,interleaved
46160,160,0,0.6589183422125017,0.6533004368817688,46,interleaved
46161,161,0,0.9655781041686857,0.503803607879489,46,interleaved
46162,162,0,0.08554220407660773,0.6392991213019052,46,interleaved
46163,163,0,0.06136670550180139,1.142116251789267,46,interleaved
46164,164,0,0.7884538101094476,0.7784144165340725,46,interleaved
46165,165,0,0.18854036809842425,0.5589903518201031,46,interleaved
46166,166,0,0.48594283971576957,0.5144499437933195,46,interleaved
46167,167,0,0.6943210123941483,0.8516046325975438,46,interleaved
46168,168,0,0.994683934630796,0.6611093144198532,46,interleaved
46169,169,0,0.9958412702919738,0.6431130199922995,46,interleaved
46170,170,0,0.7325080327953764,0.6579525488146418,46,interleaved
46171,171,0,0.504300331318,0.9497314707140736,46,interleaved
46172,172,0,0.5607344941263998,0.7557612195418179,46,interleaved
46173,173,0,0.4527291097442724,0.9356277391822274,46,interleaved
46174,174,0,0.9967118808045732,0.679770572022897,46,interleaved
46175,175,0,0.8029158607400597,0.686064356551441,46,interleaved
46176,176,0,0.7550836203719746,0.5306017962961329,46,interleaved
46177,177,0,0.9178926394708073,0.8024602564758404,46,interleaved
46178,178,0,0.9557777349548702,0.6922851341847334,46,interleaved
46179,179,0,0.9255524129633302,0.8322562579112585,46,interleaved
46180,180,0,0.9999124463215822,0.9377488272185133,46,interleaved
46181,181,0,0.9974581337852153,0.5753990421384898,46,interleaved
46182,182,0,0.8503977764105597,0.6878264885970464,46,interleaved
46183,183,0,0.9394094040949945,0.7651645210989687,46,interleaved
46184,184,0,0.6257455197285461,0.41309562540448386,46,interleaved
46185,185,0,0.5574726706537236,0.9836373098876567,46,interleaved
46186,186,0,0.5100448235341659,0.6611647565117742,46,interleaved
46187,187,0,0.7673950760376067,0.796609920344502,46,interleaved
46188,188,0,0.912704434530197,1.0786319791960275,46,interleaved
46189,189,0,0.9124994741948327,0.8941115476057655,46,interleaved
46190,190,0,0.13381425525798296,0.570816852490843,46,interleaved
46191,191,0,0.11706718387622007,0.5875734348811443,46,interleaved
46192,192,0,0.998828377935322,0.3819045810698528,46,interleaved
46193,193,0,0.8103713711512649,0.4951540958097537,46,interleaved
46194,194,0,0.706643507714038,0.8153358588923612,46,interleaved
46195,195,0,0.6999565693570052,0.7818799047918528,46,interleaved
46196,196,0,0.7640162398851971,0.7770117587038249,46,interleaved
46197,197,0,0.9989064969930151,0.6243120691786067,46,interleaved
46198,198,0,0.8688018992794395,0.5156187628601447,46,interleaved
46199,199,0,0.5550493988937435,1.0241353473399082,46,interleaved
46200,0,0,0.5149091036846852,0.5201153868113053,46,blocked
46201,1,0,0.5069900742340336,0.6115197836993063,46,blocked
46202,2,0,0.998068192290225,0.9103095337779173,46,blocked
46203,3,0,0.9055084021955506,0.6346227470941309,46,blocked
46204,4,0,0.8936305974072086,0.4703173100305652,46,blocked
46205,5,0,0.7242640181863307,0.5443123200185903,46,blocked
46206,6,0,0.9996093807468693,0.6930892782286944,46,blocked
46207,7,0,0.9921866426556304,0.40772279288634183,46,blocked
46208,8,0,0.8422210656961531,0.3972866743047889,46,blocked
46209,9,0,0.31210287794315555,0.7300175225539978,46,blocked
46210,10,0,0.6899977545083403,0.7268549455607142,46,blocked
46211,11,0,0.35237479195521837,0.5537375588994589,46,blocked
46212,12,0,0.7969942030994301,0.5084649916605049,46,blocked
46213,13,0,0.6828807873872168,0.43650702659259133,46,blocked
46214,14,0,0.522804202286767,0.6359088979634643,46,blocked
46215,15,0,0.7898729054918713,0.6442515525174433,46,blocked
46216,16,0,0.27112410188391706,1.0663514542359773,46,blocked
46217,17,0,0.9934891554083881,0.7170790302366705,46,blocked
46218,18,0,0.5690915410096188,0.6064986611617915,46,blocked
46219,19,0,0.5449116695208346,0.5901956018460799,46,blocked
46220,20,0,0.0014224801682818384,1.2025761303496245,46,blocked
46221,21,0,0.05718791385075008,0.8665479041461642,46,blocked
46222,22,0,0.0290555084011364,1.000329122450646,46,blocked
46223,23,0,0.35990426293882855,0.712111764378363,46,blocked
46224,24,0,0.3932136163927502,0.8606019593510358,46,blocked
46225,25,0,0.9678548300346683,0.45953070026621806,46,blocked
46226,26,0,0.3670924468651541,0.7098816382386455,46,blocked
46227,27,0,0.46537144129208957,0.9200842845100665,46,blocked
46228,28,0,0.9985198473829,0.5458213293450689,46,blocked
46229,29,0,0.33825740424434175,0.7211477404846884,46,blocked
46230,30,0,0.03110594510436679,0.6522132229357,46,blocked
46231,31,0,0.7481876571973001,0.7134204341919632,46,blocked
46232,32,0,0.012106027363212077,0.8052216367557075,46,blocked
46233,33,0,0.9458572727702867,0.5699705874777764,46,blocked
46234,34,0,0.5096062745729824,0.9452192887831692,46,blocked
46235,35,0,0.49755315688453466,0.5514534390644839,46,blocked
46236,36,0,0.593157560423431,0.5183370848016858,46,blocked
46237,37,0,0.9921619133795377,0.42069131356527384,46,blocked
46238,38,0,0.500525647058203,0.7363347735597789,46,blocked
46239,39,0,0.9504316727103461,0.4300999711181691,46,blocked
46240,40,0,0.3906525408074331,0.5444783638355116,46,blocked
46241,41,0,0.9765135958854045,0.6942919785467692,46,blocked
46242,42,0,0.00012602747813450624,0.9766083587136776,46,blocked
46243,43,0,0.5907798609999876,0.4778590587562579,46,blocked
46244,44,0,0.26147619063949873,0.4794749975619375,46,blocked
46245,45,0,0.38717400013924,0.8758834084963932,46,blocked
46246,46,0,0.8263522826204004,0.7285835380354337,46,blocked
46247,47,0,0.9968647970446193,0.4090097714020883,46,blocked
46248,48,0,0.3172890987132995,0.6955968583750436,46,blocked
46249,49,0,0.769927258384088,0.6048637134589971,46,blocked
46250,50,0,0.9788752898453167,0.513389186236861,46,blocked
46251,51,0,0.01183039860518462,0.7309417516780427,46,blocked
46252,52,0,0.2230207743256731,0.7271235681747383,46,blocked
46253,53,0,0.5029220327364265,0.6891824531290036,46,blocked
46254,54,0,0.9998318133288111,0.7083113669769145,46,blocked
46255,55,0,0.5008011760062869,0.708128142857485,46,blocked
46256,56,0,0.5392910412284969,0.7256108459384687,46,blocked
46257,57,0,0.9719136171272713,0.732111899892794,46,blocked
46258,58,0,0.9939016928712154,0.6114812351478907,46,blocked
46259,59,0,0.6052836084861313,0.42989873844392834,46,blocked
46260,60,0,0.497325949976002,0.9625013046620721,46,blocked
46261,61,0,0.5085171919921154,0.6332468458103393,46,blocked
46262,62,0,0.9962069009958576,0.7179517358344076,46,blocked
46263,63,0,0.8243902689730447,0.49707533753098804,46,blocked
46264,64,0,0.9980549972584696,0.6522718175848458,46,blocked
46265,65,0,0.3233999216413865,0.7675416761193622,46,blocked
46266,66,0,0.5051590908845667,0.8802140653180297,46,blocked
46267,67,0,0.998280607939623,0.5905164348835987,46,blocked
46268,68,0,0.9450901725007781,0.5954609097371258,46,blocked
46269,69,0,0.4992271238108374,0.8995651937589999,46,blocked
46270,70,0,0.9995858668409079,0.37637349099752637,46,blocked
46271,71,0,0.8038853538262843,0.5744631816134864,46,blocked
46272,72,0,0.8447904627167655,0.7545453019840523,46,blocked
46273,73,0,0.5001639140897727,1.0212845728929585,46,blocked
46274,74,0,0.19746578510894175,0.8319157851242145,46,blocked
46275,75,0,0.014423674520871184,1.2033862122893377,46,blocked
46276,76,0,0.12612771394685926,0.9745948208344141,46,blocked
46277,77,0,0.9282797875435935,0.3516354162343103,46,blocked
46278,78,0,0.5196031998164307,0.731454851165624,46,blocked
46279,79,0,0.6015004461578234,0.596375016817944,46,blocked
46280,80,0,0.5013445227547173,0.4756548893014101,46,blocked
46281,81,0,0.5299967434892925,0.7506637973812015,46,blocked
46282,82,0,0.9068710275377962,0.624408125573527,46,blocked
46283,83,0,0.9985382440907309,0.3608623398186799,46,blocked
46284,84,0,0.8343765162227756,0.6044931231442415,46,blocked
46285,85,0,0.00015289938769331814,0.9668221749877364,46,blocked
46286,86,0,0.543406044273841,0.7136686232945686,46,blocked
46287,87,0,0.9301183877691507,0.5474990639310935,46,blocked
46288,88,0,0.08175463821750252,0.8769994668540281,46,blocked
46289,89,0,0.08111546740663805,0.7957381290012495,46,blocked
46290,90,0,0.6228570933701074,0.8035305458753217,46,blocked
46291,91,0,0.10762046082504896,0.566652583870165,46,blocked
46292,92,0,0.6182103345987653,0.8495024578040298,46,blocked
46293,93,0,0.0006541950649319415,0.8007787241228166,46,blocked
46294,94,0,0.9887291228751586,0.6799552351173217,46,blocked
46295,95,0,0.4991202251937268,1.1832680603031691,46,blocked
46296,96,0,0.5398822972748893,0.5887200699826445,46,blocked
46297,97,0,0.6508763929403731,0.6751272982217076,46,blocked
46298,98,0,0.009298256610558369,0.9831187686889572,46,blocked
46299,99,0,0.9385193560528463,0.6530891613027193,46,blocked
46300,100,0,0.6402831000337184,0.7494536433592753,46,blocked
46301,101,0,0.0012041470615440054,1.0826515602577422,46,blocked
46302,102,0,0.5709470856698198,0.8422129114102344,46,blocked
46303,103,0,0.482346704190754,0.5750226834647392,46,blocked
46304,104,0,0.45902886176720953,0.68916673811744,46,blocked
46305,105,0,0.9326964302906586,0.6556183852090125,46,blocked
46306,106,0,0.3314372634381411,0.7922291179112391,46,blocked
46307,107,0,0.5734632063827761,0.7674686134848764,46,blocked
46308,108,0,0.999050895263689,0.7832144519059011,46,blocked
46309,109,0,0.3297298602714441,0.7464680194766856,46,blocked
46310,110,0,0.777338403162442,0.5511641088020417,46,blocked
46311,111,0,0.491581310949443,0.8875279888719001,46,blocked
46312,112,0,0.9987372858395933,0.5224851599158661,46,blocked
46313,113,0,0.2819257370014807,0.4661273395278154,46,blocked
46314,114,0,0.48596521823686345,0.5473501936127262,46,blocked
46315,115,0,0.5356046549551582,0.5287992091629801,46,blocked
46316,116,0,0.7588812291275729,0.5765387684272213,46,blocked
46317,117,0,0.5490635012184776,0.784536639687077,46,blocked
46318,118,0,0.11697856840361967,0.8150849799475137,46,blocked
46319,119,0,0.5267448871509544,0.7806720724857935,46,blocked
46320,120,0,0.9995411083383238,0.7290143205823058,46,blocked
46321,121,0,0.508486146204814,0.8569061288964139,46,blocked
46322,122,0,0.9910239672173053,0.5476903222268573,46,blocked
46323,123,0,0.4100889135225113,0.885971682841443,46,blocked
46324,124,0,0.20358325879080316,0.7681846297812385,46,blocked
46325,125,0,0.6963913819551037,0.5602158483464645,46,blocked
46326,126,0,0.0003710040913070772,0.8582831498011698,46,blocked
46327,127,0,0.6852649014597298,0.6315535633291758,46,blocked
46328,128,0,0.08387523240706293,0.9637734311513486,46,blocked
46329,129,0,0.9996889978979032,0.42424813937464123,46,blocked
46330,130,0,0.06745244009157426,0.8070742971032654,46,blocked
46331,131,0,0.4475997936390657,0.7814937171657657,46,blocked
46332,132,0,0.586636714169637,0.7467696549804757,46,blocked
46333,133,0,0.9966865744570916,0.583497699370845,46,blocked
46334,134,0,0.9428674534854373,0.5095210555915346,46,blocked
46335,135,0,0.3251905938969948,0.9098380781774287,46,blocked
46336,136,0,0.4851474614440105,0.8520667638016964,46,blocked
46337,137,0,0.9997424798961088,0.7285716773682585,46,blocked
46338,138,0,0.7696404698068655,0.5921838092391167,46,blocked
46339,139,0,0.7724290593978274,0.8230707615957349,46,blocked
46340,140,0,0.5028231705338339,0.8358569470771804,46,blocked
46341,141,0,0.9231991406045719,0.48259107178069677,46,blocked
46342,142,0,0.8349239892165345,0.4841773063503116,46,blocked
46343,143,0,0.5674585702809661,0.4748338526336153,46,blocked
46344,144,0,0.5813112772178795,0.3152510397874065,46,blocked
46345,145,0,0.7212126462046996,0.4963570714253474,46,blocked
46346,146,0,0.04131433537997252,0.7027313661318971,46,blocked
46347,147,0,0.9108979074741952,0.571826891963287,46,blocked
46348,148,0,0.02734897234464048,0.6867089209736881,46,blocked
46349,149,0,0.5034781493168404,0.7693145462042859,46,blocked
46350,150,0,0.9958490751804916,0.34599435773077625,46,blocked
46351,151,0,0.5394234640158895,0.7635515293034434,46,blocked
46352,152,0,0.8731247206158081,0.5833465132488302,46,blocked
46353,153,0,0.14218640817107678,0.6089269126202166,46,blocked
46354,154,0,0.49745091999006397,0.9229570963229963,46,blocked
46355,155,0,0.8379870360844173,0.40620851375264133,46,blocked
46356,156,0,0.7074769948380158,0.5117928537530928,46,blocked
46357,157,0,0.3507890253019589,0.751817774365957,46,blocked
46358,158,0,0.9971225885006769,0.528905948134492,46,blocked
46359,159,0,0.6436475049488131,0.6149710717817776,46,blocked
46360,160,0,0.9998938301647946,0.7532013156381494,46,blocked
46361,161,0,0.5000916286032807,1.0333377069750114,46,blocked
46362,162,0,0.5038210571470055,0.7338614034144083,46,blocked
46363,163,0,0.392098361967576,0.8860012838352627,46,blocked
46364,164,0,0.04443559771969662,0.9181053149157732,46,blocked
46365,165,0,0.4627133511742952,0.5035473425897632,46,blocked
46366,166,0,0.4975265240846733,0.8609969142033743,46,blocked
46367,167,0,0.8329193354507775,0.5954910648900416,46,blocked
46368,168,0,0.9133867804747291,0.4896350309823504,46,blocked
46369,169,0,0.9715948242063867,0.3448822152007023,46,blocked
46370,170,0,0.20474837453983113,0.5192166788739239,46,blocked
46371,171,0,0.3353281040328184,0.8128309307714338,46,blocked
46372,172,0,0.4981327648783429,0.7847569619489945,46,blocked
46373,173,0,0.4066305846419429,0.5837164612489962,46,blocked
46374,174,0,0.9914363076841494,0.47526494339590086,46,blocked
46375,175,0,0.4825271742377399,0.6106077757720051,46,blocked
46376,176,0,0.9730316448248093,0.25237723200745443,46,blocked
46377,177,0,0.9892689806147696,0.41792447314958503,46,blocked
46378,178,0,0.49885045864266886,0.8243999220348966,46,blocked
46379,179,0,0.011070766342235503,0.7979553322857614,46,blocked
46380,180,0,0.8113632153893326,0.40889226084372754,46,blocked
46381,181,0,0.4991755811351653,0.576898492846567,46,blocked
46382,182,0,0.46092096148358364,0.5354851599209516,46,blocked
46383,183,0,0.8864119639097923,0.4938334393097684,46,blocked
46384,184,0,0.4999975457148433,0.9433737618589242,46,blocked
46385,185,0,0.5069005572394881,0.6368532315601589,46,blocked
46386,186,0,0.48265322401100597,0.692384569884039,46,blocked
46387,187,0,0.4541464517764053,0.4750881060750417,46,blocked
46388,188,0,0.1404762657225034,0.7533004672209717,46,blocked
46389,189,0,0.9851647867343478,0.4962352952285346,46,blocked
46390,190,0,0.5022435886768022,0.7229746499882259,46,blocked
46391,191,0,0.4650627097353974,0.5706682013662541,46,blocked
46392,192,0,0.978931410004982,0.4373238283769266,46,blocked
46393,193,0,0.4976770739013479,0.6479736208919075,46,blocked
46394,194,0,0.5042224166848241,0.6505864789617499,46,blocked
46395,195,0,0.4907332613931204,0.757992408986055,46,blocked
46396,196,0,0.12839942075942917,0.47165376987860025,46,blocked
46397,197,0,0.3223377165381284,0.6403579345020047,46,blocked
46398,198,0,0.4924793162115069,0.6875721765465346,46,blocked
46399,199,0,0.9516899482438178,0.6152707386524775,46,blocked
46400,0,0,0.5462814120553444,0.7993792677963572,46,early
46401,1,0,0.9864868477193983,0.5819854994911694,46,early
46402,2,0,0.930975897254865,0.5217876604744813,46,early
46403,3,0,0.6682296227445768,0.8712010580414209,46,early
46404,4,0,0.9188147943479597,0.6372140826896971,46,early
46405,5,0,0.08554334404646052,0.7167719894996563,46,early
46406,6,0,0.6235842312510407,0.3958072050825046,46,early
46407,7,0,0.1896822692104968,0.686437982819323,46,early
46408,8,0,0.5792966853853093,0.5093649376279517,46,early
46409,9,0,0.5433513997825965,0.4841216533368129,46,early
46410,10,0,0.22804173739541433,0.6659496016844949,46,early
46411,11,0,0.945758920759803,0.6197745786338652,46,early
46412,12,0,0.4758426053165939,0.87648506342423,46,early
46413,13,0,0.21587345469709412,0.8347383636745478,46,early
46414,14,0,0.005998722822884727,0.9320057665890251,46,early
46415,15,0,0.9903164557732052,0.8817344387445472,46,early
46416,16,0,0.5004970051188065,0.8961887175946396,46,early
46417,17,0,0.6291313645639552,0.6548087009250532,46,early
46418,18,0,0.2486107822562698,0.6789778166693432,46,early
46419,19,0,0.16999033304690814,0.43510898355365024,46,early
46420,20,0,0.45971589000988533,0.5420813492934462,46,early
46421,21,0,0.10760353851448833,0.6084864806127561,46,early
46422,22,0,0.9954842596242661,0.5141919728166378,46,early
46423,23,0,0.5063685515013943,0.5171757903204093,46,early
46424,24,0,0.8980165130058433,0.70478120573033,46,early
46425,25,0,0.4932291889332023,0.5764668832223439,46,early
46426,26,0,0.7047172435751343,0.4755538485756112,46,early
46427,27,0,0.858943961766889,0.88433904619183,46,early
46428,28,0,0.7008362128501608,0.34307786887809716,46,early
46429,29,0,0.853309806071654,0.867478334939503,46,early
46430,30,0,0.4655845647409166,0.8243061596125203,46,early
46431,31,0,0.6129702809208597,0.5155522957011826,46,early
46432,32,0,0.9597927047039955,0.6366700225540283,46,early
46433,33,0,0.9985597355099536,0.6111062921486539,46,early
46434,34,0,0.2433239943804533,0.8533930887667001,46,early
46435,35,0,0.9934313970187438,1.091428231561633,46,early
46436,36,0,0.6823151012557236,0.5938357006499139,46,early
46437,37,0,0.920985999732173,0.6664956345228359,46,early
46438,38,0,0.5115693538128397,0.7482387997369919,46,early
46439,39,0,0.12770083995068338,0.6969903938734312,46,early
46440,40,0,0.472258429592005,0.7764389624200831,46,early
46441,41,0,0.0007190876214344036,0.8847084866757624,46,early
46442,42,0,0.30354340037316363,0.7120320023654321,46,early
46443,43,0,0.43942725651700776,0.741171886769084,46,early
46444,44,0,8.593041988890109e-05,1.1329401176655187,46,early
46445,45,0,0.043962673986408005,0.7517282970690307,46,early
46446,46,0,0.02745015602857645,0.7855828421303312,46,early
46447,47,0,0.010097150615674871,0.9208445904764478,46,early
46448,48,0,0.9393880016133812,0.652371608965863,46,early
46449,49,0,0.0317461628887161,0.6433635893798065,46,early
46450,50,0,0.7443243257551895,0.5299095230610191,46,early
46451,51,0,0.9927877531365663,0.48693045589989203,46,early
46452,52,0,0.011932170546575749,0.9016177468935365,46,early
46453,53,0,0.9954293285378675,0.6558063549712085,46,early
46454,54,0,0.6772473857285868,0.7938806936101311,46,early
46455,55,0,0.41648185141470284,0.586697773227904,46,early
46456,56,0,0.002176623726575615,0.8621397243223391,46,early
46457,57,0,0.2822486269578363,0.9115150784828592,46,early
46458,58,0,0.9904198062646706,0.6737964070322516,46,early
46459,59,0,0.9997252911184795,0.6898750873447104,46,early
46460,60,0,0.13269334659991971,1.0119563174487913,46,early
46461,61,0,0.4418860323317688,0.9358222107031606,46,early
46462,62,0,0.9551419756435138,0.6974051568686845,46,early
46463,63,0,0.051377151020581414,1.0379851661735309,46,early
46464,64,0,0.8925313749612611,0.6547641382142707,46,early
46465,65,0,0.5038458970155839,0.8362619887931984,46,early
46466,66,0,0.4996970652127214,1.111726836917803,46,early
46467,67,0,0.9971335509465347,0.46616315622581045,46,early
46468,68,0,0.9872113274330307,0.7465774310614811,46,early
46469,69,0,0.2634834170372396,1.3803889886476668,46,early
46470,70,0,0.9014965205562319,0.502296876555769,46,early
46471,71,0,0.63832814740441,0.7376998274253472,46,early
46472,72,0,0.8251913349326083,0.4915779397748236,46,early
46473,73,0,0.5940977088244,0.8717712605618493,46,early
46474,74,0,0.9910666549153986,0.504144457744405,46,early
46475,75,0,0.6180082541480787,0.46383340277833957,46,early
46476,76,0,0.5088548799230053,0.6579774449647178,46,early
46477,77,0,0.8903761961186591,0.5861213511146607,46,early
46478,78,0,0.499916819185085,1.249674630154558,46,early
46479,79,0,0.9999460882113218,0.6531031725342018,46,early
46480,80,0,0.5059996112017567,0.9431612697167502,46,early
46481,81,0,0.6722963899711434,0.7380697640550216,46,early
46482,82,0,0.32457946241872365,0.8379189395400611,46,early
46483,83,0,0.49658056513744603,0.8254329447450222,46,early
46484,84,0,0.5262731422570517,0.5851286207774924,46,early
46485,85,0,0.9859737693059345,0.5636878543632099,46,early
46486,86,0,0.9131677593840246,0.6777691033191101,46,early
46487,87,0,0.9987731020613603,0.8627898574301336,46,early
46488,88,0,0.9997819633087985,0.6851848122271297,46,early
46489,89,0,0.7774860834581697,0.502109021564781,46,early
46490,90,0,0.9875608792304079,0.706673237452915,46,early
46491,91,0,0.6233784138121602,0.8219976328251825,46,early
46492,92,0,0.4978206216773601,0.7704568211942309,46,early
46493,93,0,0.711769093405553,0.629864278646487,46,early
46494,94,0,0.5001412313386456,1.3635392479679576,46,early
46495,95,0,0.5022246749068005,0.8465847259470811,46,early
46496,96,0,0.6441581600273891,0.8462418958819085,46,early
46497,97,0,0.9575421608636294,0.8826701396346288,46,early
46498,98,0,0.3327060432364297,0.8021041878187678,46,early
46499,99,0,0.0919012644458806,0.91830437176318,46,early
46500,100,0,0.5206999978374696,0.7154085841756097,46,early
46501,101,0,0.5993093931848585,0.7337651922877894,46,early
46502,102,0,0.02838861991276552,0.853177536524824,46,early
46503,103,0,0.5030289494801488,0.765141347557496,46,early
46504,104,0,0.3579931199883365,0.8075666579108736,46,early
46505,105,0,0.6436572301441004,0.6048870040523049,46,early
46506,106,0,0.8695205505927915,0.5252442842322591,46,early
46507,107,0,0.5002934752747336,1.1003045301703545,46,early
46508,108,0,0.2688956520294391,0.7712780266927921,46,early
46509,109,0,0.6893919168086833,0.4959689214291508,46,early
46510,110,0,0.344977869483747,0.6187648136052404,46,early
46511,111,0,0.5648634555920519,0.5591733544886349,46,early
46512,112,0,0.8606929223928121,0.7338187336677925,46,early
46513,113,0,0.6075699490855946,0.7010134027877943,46,early
46514,114,0,0.5875456976474285,0.7742959199026789,46,early
46515,115,0,0.5733316096704879,0.6581508793119444,46,early
46516,116,0,0.08690413515752132,0.8383720337312874,46,early
46517,117,0,0.5673543114438184,0.6974937888960318,46,early
46518,118,0,0.6010364712030787,0.6907247234594267,46,early
46519,119,0,0.5518563357854058,0.5845893117345748,46,early
46520,120,0,0.5176595966945624,0.8443100836772869,46,early
46521,121,0,0.95151081426189,0.5420912093718135,46,early
46522,122,0,0.9762820313609639,0.848198537373851,46,early
46523,123,0,0.26730381826674166,0.6847327917615786,46,early
46524,124,0,0.5115339871677954,0.7451398893688893,46,early
46525,125,0,0.47036783263213566,0.9351427667994825,46,early
46526,126,0,0.19415752261098326,0.7508510458352722,46,early
46527,127,0,0.5695011135202768,0.5547886503746448,46,early
46528,128,0,0.6719196332430211,0.6229700966662014,46,early
46529,129,0,0.7550836065063443,0.5880374019852801,46,early
46530,130,0,0.9960020537785359,0.5942978354109162,46,early
46531,131,0,0.5877983890669861,1.2717095889933572,46,early
46532,132,0,0.9998483292424044,0.6981627039043837,46,early
46533,133,0,0.9511594073238946,0.6612789444953815,46,early
46534,134,0,0.46452627735433166,0.978038688426081,46,early
46535,135,0,0.49449751815063814,1.1510184611522891,46,early
46536,136,0,0.974639345312872,0.6988466289034959,46,early
46537,137,0,0.23432496541008618,0.8111843346749699,46,early
46538,138,0,0.8661644580973331,0.23840899648560832,46,early
46539,139,0,0.7851327730498991,0.6622881519616142,46,early
46540,140,0,0.6329113284038405,0.6444189084848471,46,early
46541,141,0,0.5017175317250856,0.6055477369912986,46,early
46542,142,0,0.48535927235097553,0.9052592800968,46,early
46543,143,0,0.3731447240008489,0.6203855644363158,46,early
46544,144,0,0.5138706132771345,0.5146373330415592,46,early
46545,145,0,0.9264066162549416,0.7396858735790313,46,early
46546,146,0,0.5492365812847848,0.8912898161225078,46,early
46547,147,0,0.39254840999235463,1.5061034503613735,46,early
46548,148,0,0.5000034352249366,1.2853194990622425,46,early
46549,149,0,0.30059625089765957,0.8484525792208981,46,early
46550,150,0,0.5100020940108189,0.8007486071130272,46,early
46551,151,0,0.46532725848737216,0.6925191375128377,46,early
46552,152,0,0.48866344276121804,0.5384944831959084,46,early
46553,153,0,0.9924415981888983,0.6820732790521833,46,early
46554,154,0,0.15233936220761415,0.9190330786692826,46,early
46555,155,0,0.48167119890303023,0.910900653035809,46,early
46556,156,0,0.5018121759744913,1.148390952615223,46,early
46557,157,0,0.00032008824984280823,1.0574844985670184,46,early
46558,158,0,0.4966950589312135,0.827190187542493,46,early
46559,159,0,0.5369026540680253,0.5979473564815866,46,early
46560,160,0,0.43700220653921573,0.6475814945008787,46,early
46561,161,0,0.5452852527696109,0.4610932218973306,46,early
46562,162,0,0.46831154005764924,0.6534884400083063,46,early
46563,163,0,0.512750881795657,0.6067467203134533,46,early
46564,164,0,0.9402080305689474,0.5241075368353403,46,early
46565,165,0,0.6366774973965971,0.6909920983836341,46,early
46566,166,0,0.5775733471002998,0.8024345436441893,46,early
46567,167,0,0.8385083371563018,0.636719691215391,46,early
46568,168,0,0.8544412722667791,0.860896803868025,46,early
46569,169,0,0.8759480241458086,0.47561332863433936,46,early
46570,170,0,0.5255213381609616,0.6232833380378608,46,early
46571,171,0,0.876632933724627,1.0046838702047234,46,early
46572,172,0,0.9303102187822874,0.8740997905772108,46,early
46573,173,0,0.7896410010257466,0.5760436850363033,46,early
46574,174,0,0.3895567211957996,0.7812628282160272,46,early
46575,175,0,0.5012374251173285,0.7294329994378029,46,early
46576,176,0,0.0015938187180204514,1.0684588659843366,46,early
46577,177,0,0.9120455944389263,0.8882787492601997,46,early
46578,178,0,0.08665354977655204,0.7726909493984493,46,early
46579,179,0,0.6840733082592941,0.6487215710672602,46,early
46580,180,0,0.3106457157941202,0.9954625455818106,46,early
46581,181,0,0.8776969771191759,0.5053130147470212,46,early
46582,182,0,0.5001293325788073,0.7559961942223881,46,early
46583,183,0,0.5796318748665438,0.5190447673911012,46,early
46584,184,0,0.3212447179922397,0.855384915441946,46,early
46585,185,0,3.259044284086596e-05,1.0694626778927474,46,early
46586,186,0,0.23088557448066807,0.5974236490998039,46,early
46587,187,0,0.5169937065906451,0.5988036271425587,46,early
46588,188,0,0.8007280655826277,0.7527899092129682,46,early
46589,189,0,0.5720545502362773,0.6641806041521423,46,early
46590,190,0,0.8147395475743562,0.40035692453470106,46,early
46591,191,0,0.8499700460616639,0.8885436382194358,46,early
46592,192,0,0.9769799627707112,0.5171396916590163,46,early
46593,193,0,0.9150622412533822,0.5686236330909299,46,early
46594,194,0,0.6920931943814557,0.6791636680450143,46,early
46595,195,0,0.8366263576846589,0.5104947303012695,46,early
46596,196,0,0.029352286405496905,0.7966293291472895,46,early
46597,197,0,0.9544304580842058,0.5773675702600338,46,early
46598,198,0,0.8173325610612598,0.7385009135840828,46,early
46599,199,0,0.4975292417095023,1.503477192544579,46,early
46600,0,0,0.7610731777722082,0.5653593751637929,46,middle
46601,1,0,0.45237929982830627,0.5280245402803945,46,middle
46602,2,0,0.3658841284138592,0.5150641131357219,46,middle
46603,3,0,0.4787649877479612,0.4620642247350857,46,middle
46604,4,0,0.5488838765165843,0.4957457674425327,46,middle
46605,5,0,0.5061081809679858,0.7834829121069944,46,middle
46606,6,0,0.7353022956595634,0.6128285695389979,46,middle
46607,7,0,0.8421337655875536,0.421980274929335,46,middle
46608,8,0,0.4785917315903177,0.7905893686797792,46,middle
46609,9,0,0.8747772189227958,0.6379882297617443,46,middle
46610,10,0,0.1763211247181281,0.8218666325645878,46,middle
46611,11,0,0.4990136017982092,0.9326711867748636,46,middle
46612,12,0,0.17016750276771175,0.7316871206657074,46,middle
46613,13,0,0.086178841766573,0.6771023133235651,46,middle
46614,14,0,0.35343229048022495,0.6812135388814944,46,middle
46615,15,0,0.7026063930549187,0.5112998551205297,46,middle
46616,16,0,0.8979107001408893,0.7278021960024723,46,middle
46617,17,0,0.8327343866252848,0.7080272935305493,46,middle
46618,18,0,0.7868842188900368,0.4172902567418161,46,middle
46619,19,0,0.5022338541213328,0.7044156695576287,46,middle
46620,20,0,0.9607667164641961,0.7405352119118638,46,middle
46621,21,0,0.2887089702079155,0.622731776239095,46,middle
46622,22,0,0.659863111746706,0.8396839631124231,46,middle
46623,23,0,0.8393052460716395,0.7291866919855543,46,middle
46624,24,0,0.4605871990130961,0.8742050566630222,46,middle
46625,25,0,0.7847706395384052,0.597029440343829,46,middle
46626,26,0,0.4701918797877737,0.7947529576264556,46,middle
46627,27,0,0.5397731190952769,0.6367862639578092,46,middle
46628,28,0,0.8945834006395892,0.41494901045952937,46,middle
46629,29,0,0.6465476843513135,0.7105570652964361,46,middle
46630,30,0,0.005803802827479615,0.9826340963991054,46,middle
46631,31,0,0.4932687209725235,0.6356584498100557,46,middle
46632,32,0,0.4494570222976592,0.4874689080863671,46,middle
46633,33,0,0.5721646693798732,0.686043341365377,46,middle
46634,34,0,0.4709913129008926,0.4980107621464383,46,middle
46635,35,0,0.2822218048627319,0.8623761456383063,46,middle
46636,36,0,0.36298204341160595,0.5183272666312899,46,middle
46637,37,0,0.5013279531648845,0.5521978752181886,46,middle
46638,38,0,0.21061116379307315,0.7441999915936045,46,middle
46639,39,0,0.7113298682095337,0.48137375700709306,46,middle
46640,40,0,0.057729332610081834,0.5452910714719981,46,middle
46641,41,0,0.9998576641287913,0.8383355955419467,46,middle
46642,42,0,0.21090483105143445,0.5844131623840818,46,middle
46643,43,0,0.2906587254944472,0.6753342868669117,46,middle
46644,44,0,0.3070624327431048,0.5392276386293142,46,middle
46645,45,0,0.9808181373606559,0.546671173591523,46,middle
46646,46,0,0.7126456288006823,0.6380032627993543,46,middle
46647,47,0,0.9905678997073267,0.38821679325541314,46,middle
46648,48,0,0.26688200282671914,0.4631309693368001,46,middle
46649,49,0,0.5174782958453547,0.5578335321629055,46,middle
46650,50,0,0.3146784045901513,0.46993236355034335,46,middle
46651,51,0,0.8411066855983864,0.4753378175297994,46,middle
46652,52,0,0.8299576515677725,0.7076477664392822,46,middle
46653,53,0,0.7671017446969026,0.596079260430219,46,middle
46654,54,0,0.993110551819274,0.6039449644605406,46,middle
46655,55,0,0.9985768481076893,0.4482853605571021,46,middle
46656,56,0,0.9757873397412979,0.6688635617573602,46,middle
46657,57,0,0.7762472617420488,0.6696059540355284,46,middle
46658,58,0,0.12568362790828094,0.5789708369865678,46,middle
46659,59,0,0.9684932852202636,0.3961297027852404,46,middle
46660,60,0,0.9788943581818703,0.7527824364908706,46,middle
46661,61,0,0.23954246123436612,0.7660620290127691,46,middle
46662,62,0,0.9938716021325542,0.4102253033980897,46,middle
46663,63,0,0.46336661837941845,0.9541048382506614,46,middle
46664,64,0,0.9873850246713782,1.1151313109422973,46,middle
46665,65,0,0.9902953801846759,0.7458048912832898,46,middle
46666,66,0,0.818133628089007,0.71651226650931,46,middle
46667,67,0,0.9979099526455358,0.3511382992333531,46,middle
46668,68,0,0.49755281426085846,0.5272015328940078,46,middle
46669,69,0,0.9862324842348543,0.7570589314550885,46,middle
46670,70,0,0.46583176918394925,0.479559959825417,46,middle
46671,71,0,0.9926288216237911,0.7069717926229986,46,middle
46672,72,0,0.8505454211518186,0.41148443604603135,46,middle
46673,73,0,0.9070627585081106,0.40258410517507903,46,middle
46674,74,0,0.6206128573146807,0.41335777745827196,46,middle
46675,75,0,0.9918505621206088,0.6566240734986988,46,middle
46676,76,0,0.8335256692514291,0.6367555356349498,46,middle
46677,77,0,0.016673145493851255,0.6446896614971058,46,middle
46678,78,0,0.15470812318080135,0.9862188498927209,46,middle
46679,79,0,0.0932379490096676,0.8378909377231554,46,middle
46680,80,0,0.49997513005960476,1.1726191712132537,46,middle
46681,81,0,0.887972492426784,0.619397891945277,46,middle
46682,82,0,0.05041400159799953,0.8327484696015263,46,middle
46683,83,0,0.9472449455039293,0.6300214378748041,46,middle
46684,84,0,0.5028532556194137,0.6148810715780326,46,middle
46685,85,0,0.7827913065929021,0.42185810185285044,46,middle
46686,86,0,0.5496443254877111,0.40310532085672124,46,middle
46687,87,0,0.6296380383220498,0.53318353075682,46,middle
46688,88,0,0.5270982743593557,0.4974225568827496,46,middle
46689,89,0,0.6648187856982144,0.5102276271096353,46,middle
46690,90,0,0.27591176808951207,0.8109097381765845,46,middle
46691,91,0,0.4999703346074742,1.1765021704147298,46,middle
46692,92,0,0.9443582844534405,0.4838278529725913,46,middle
46693,93,0,0.7545085059238973,0.5006242501097491,46,middle
46694,94,0,0.9079868573541922,0.7943417073149199,46,middle
46695,95,0,0.5245604200723842,0.5758164939743802,46,middle
46696,96,0,0.4996769928467473,0.8053608341510801,46,middle
46697,97,0,0.5126326001651236,0.5802580186202404,46,middle
46698,98,0,0.3365391438931477,0.6411901885557204,46,middle
46699,99,0,0.6434411588046459,0.4889677856078167,46,middle
46700,100,0,0.019402434040741823,0.6222143848155983,46,middle
46701,101,0,0.9058208215925253,0.26630922891912184,46,middle
46702,102,0,0.5561983261845739,0.38143105227537105,46,middle
46703,103,0,0.9555891935760851,0.6137624182612105,46,middle
46704,104,0,0.49988494186098353,0.7557552050226043,46,middle
46705,105,0,0.7740303516688212,0.9461112814154388,46,middle
46706,106,0,0.5005313715250096,1.1066110678500298,46,middle
46707,107,0,0.6762526590041325,0.5035328955588636,46,middle
46708,108,0,0.5046313684603421,0.5937042143408782,46,middle
46709,109,0,0.9863828299967252,0.3412732379233721,46,middle
46710,110,0,0.5136939994936837,0.6582485116529,46,middle
46711,111,0,0.7436617969040009,0.5627338023925501,46,middle
46712,112,0,0.6037176563264661,0.5083891701801052,46,middle
46713,113,0,0.8965269159218499,0.6163670957885128,46,middle
46714,114,0,0.9907532595296528,0.6885138392949866,46,middle
46715,115,0,0.6787723404697298,0.659729562947823,46,middle
46716,116,0,0.5029816914669217,0.546630188884132,46,middle
46717,117,0,0.7574084421182429,0.763437735902015,46,middle
46718,118,0,0.831845280163465,0.9030818590832248,46,middle
46719,119,0,0.9668845432021757,0.7423821364832812,46,middle
46720,120,0,0.6330284244509496,0.742167512313705,46,middle
46721,121,0,0.7998175570216144,0.8357681880503773,46,middle
46722,122,0,0.9959045431051963,0.6521058319342463,46,middle
46723,123,0,0.7701323234603077,0.4147707569274323,46,middle
46724,124,0,0.34800134342623396,0.8122268905917447,46,middle
46725,125,0,0.5504577329297289,0.5821037387618355,46,middle
46726,126,0,0.8309591822931968,0.450245599290349,46,middle
46727,127,0,0.5479771148635232,0.6376745124725345,46,middle
46728,128,0,0.7045545593572987,0.6009231643893855,46,middle
46729,129,0,0.7543359240669503,0.7703103230163941,46,middle
46730,130,0,0.5004405781352185,0.5480731595262178,46,middle
46731,131,0,0.995744834521652,0.4399021646335197,46,middle
46732,132,0,0.7130235872170624,0.42287724251314696,46,middle
46733,133,0,0.8877224884621028,0.511981749565108,46,middle
46734,134,0,0.4504476612364501,0.661415731750195,46,middle
46735,135,0,0.5052900122029513,0.881706096045546,46,middle
46736,136,0,0.3831601165202967,0.8524427985731766,46,middle
46737,137,0,0.9621366280243613,0.5111147156130847,46,middle
46738,138,0,0.8586710096318215,0.6999416851243911,46,middle
46739,139,0,0.996825748518103,0.6716816915159833,46,middle
46740,140,0,0.2903808142362141,0.657597229137892,46,middle
46741,141,0,0.5009188946959157,0.556795698306152,46,middle
46742,142,0,0.5856220285892886,0.5329927265189138,46,middle
46743,143,0,0.6231394652905065,0.7771833865264386,46,middle
46744,144,0,0.1939109438624631,0.7822882055566724,46,middle
46745,145,0,0.49992352517287325,0.5860896798877101,46,middle
46746,146,0,0.9886572510910618,0.6582892397444629,46,middle
46747,147,0,0.5173329859561221,0.548813369380978,46,middle
46748,148,0,0.7229383299744466,0.6171824931313237,46,middle
46749,149,0,0.9040618362090534,0.8071505299666142,46,middle
46750,150,0,0.5310071757958384,0.7175901154787453,46,middle
46751,151,0,0.09538518796751616,0.7225868197901506,46,middle
46752,152,0,0.5894207349744153,0.7250445823071154,46,middle
46753,153,0,0.6412405237441878,0.7405819501656203,46,middle
46754,154,0,0.011712847781180473,0.7618012411154909,46,middle
46755,155,0,0.7863169100117475,0.587848342605963,46,middle
46756,156,0,0.7127630096910814,0.7031880523094535,46,middle
46757,157,0,0.5006209308773564,0.8654759365388547,46,middle
46758,158,0,0.9570088845231769,0.6506848952344555,46,middle
46759,159,0,0.5011911043342323,0.6040861746881108,46,middle
46760,160,0,0.37419970092692323,0.5189672841754838,46,middle
46761,161,0,0.24478257102086404,0.8689404700823744,46,middle
46762,162,0,0.5805979873628263,0.40257313797690897,46,middle
46763,163,0,0.5290933333078408,0.41570885727601814,46,middle
46764,164,0,0.9664813949225929,0.5328277641910533,46,middle
46765,165,0,0.6450916905880552,0.5728385503050369,46,middle
46766,166,0,0.5072095604960657,0.5287115465096084,46,middle
46767,167,0,0.5022849148074108,0.4385892254332793,46,middle
46768,168,0,0.9961824857779091,0.5357012682308022,46,middle
46769,169,0,0.5875840720990602,0.5173346374968328,46,middle
46770,170,0,0.5660045940892412,0.39851593906067945,46,middle
46771,171,0,0.5309846305677443,0.7316569045089996,46,middle
46772,172,0,0.4990521742161349,0.738189677145558,46,middle
46773,173,0,0.9289851046195913,0.4149904301250031,46,middle
46774,174,0,0.9825429440128144,0.5497001178817886,46,middle
46775,175,0,0.48151008934910877,0.3961270253775768,46,middle
46776,176,0,0.478952014945385,0.35346498580693886,46,middle
46777,177,0,0.9967687797467297,0.5298239005434306,46,middle
46778,178,0,0.9167459897690331,0.5937760740851628,46,middle
46779,179,0,0.7930791164219533,0.5525440654453785,46,middle
46780,180,0,0.9997227843093119,0.7703680340859376,46,middle
46781,181,0,0.9969586326542792,0.617660204400994,46,middle
46782,182,0,0.8105371372889323,0.7128709469467116,46,middle
46783,183,0,0.0040059745693804705,0.9548620493220168,46,middle
46784,184,0,0.9469302860769171,0.4381032032023533,46,middle
46785,185,0,0.7411259245242738,0.7155998110476991,46,middle
46786,186,0,0.5161863122683465,0.6195298774828344,46,middle
46787,187,0,0.48667438634472354,0.5600697661140536,46,middle
46788,188,0,0.5194953354525187,0.6531430323335525,46,middle
46789,189,0,0.9480700745980832,0.2838421119081954,46,middle
46790,190,0,0.2867126643988053,0.7524881851550285,46,middle
46791,191,0,0.7459971257393776,0.6443048122191304,46,middle
46792,192,0,0.14155557872999577,0.7479502497143016,46,middle
46793,193,0,0.7828908589188395,0.630152728855515,46,middle
46794,194,0,0.443489880523415,0.6142832136122032,46,middle
46795,195,0,0.37210392160604006,0.8331070168619678,46,middle
46796,196,0,0.46626282927511264,0.510899540858148,46,middle
46797,197,0,0.49996242430680893,0.9148817822617223,46,middle
46798,198,0,0.15124935399705397,0.5668968591031232,46,middle
46799,199,0,0.3888051114699762,0.6513552546967935,46,middle
46800,0,0,0.6699408160389138,0.5734042105716686,46,late
46801,1,0,0.14751143922538518,0.7791859864937654,46,late
46802,2,0,0.9463287176340758,0.6096788852001057,46,late
46803,3,0,0.5033086904700781,0.7435250834447542,46,late
46804,4,0,0.49959130622045433,0.6373706749005237,46,late
46805,5,0,0.1919016871062923,0.6172120419625372,46,late
46806,6,0,0.5335253154244172,0.5570710828973535,46,late
46807,7,0,0.04139511577095355,0.8692686017233977,46,late
46808,8,0,0.49732892096718095,0.5890162499536327,46,late
46809,9,0,0.8822028311831303,0.5329535383948552,46,late
46810,10,0,0.9836818227211725,1.1342320245098025,46,late
46811,11,0,0.0814459091834607,0.9204015189599974,46,late
46812,12,0,0.5219232016796221,1.0553819096083903,46,late
46813,13,0,0.1533108837072721,0.9195217899946542,46,late
46814,14,0,0.8369184644581698,0.6590753488668434,46,late
46815,15,0,0.1122085139741004,0.7087043706039746,46,late
46816,16,0,0.5130018402670847,0.8543149186984969,46,late
46817,17,0,0.010769721123205206,0.7071254681419825,46,late
46818,18,0,0.775753619778968,0.6958481114761579,46,late
46819,19,0,0.37666676231783824,1.3022163778617313,46,late
46820,20,0,0.2703845948008161,0.6753446151392667,46,late
46821,21,0,0.4797578667799658,0.3408949046057732,46,late
46822,22,0,0.27637990398134915,0.7413453497773459,46,late
46823,23,0,0.2053942265283689,0.6235973728976658,46,late
46824,24,0,0.48655137836839113,0.723330452719011,46,late
46825,25,0,0.9051992753982934,0.5004409003651786,46,late
46826,26,0,0.3892879962939393,0.3791616987686033,46,late
46827,27,0,0.5014754097923388,0.6820075807343354,46,late
46828,28,0,0.4983274912640545,0.6737115970530179,46,late
46829,29,0,0.4354508714564201,0.468077437627716,46,late
46830,30,0,0.7465504290845905,0.5175346178889784,46,late
46831,31,0,0.5060485444193588,0.8786356361726624,46,late
46832,32,0,0.9795386348833262,0.6306407244959154,46,late
46833,33,0,0.0006793736345690937,1.1107011283142796,46,late
46834,34,0,0.9999381772823183,1.0911229819239519,46,late
46835,35,0,0.41877303379094866,0.6374992017472336,46,late
46836,36,0,0.5471022791256003,0.6381032327985325,46,late
46837,37,0,0.1349930968369995,0.7460574196238627,46,late
46838,38,0,0.502807135610455,0.509604797221996,46,late
46839,39,0,0.49951031980526744,0.6229605776591536,46,late
46840,40,0,0.5148018310039071,0.43448495176095386,46,late
46841,41,0,0.24111442433934874,0.6847643732088706,46,late
46842,42,0,0.7012298850520922,0.6263346668713146,46,late
46843,43,0,0.49984279264993986,0.5618020639639656,46,late
46844,44,0,0.6624838342796298,0.6069265792683349,46,late
46845,45,0,0.20350768144489648,0.9957520716937107,46,late
46846,46,0,0.8427596623168987,0.6262175582440125,46,late
46847,47,0,0.647882830771894,0.8414286681873315,46,late
46848,48,0,0.5001707462984407,0.9751552745667368,46,late
46849,49,0,0.20676562566933332,0.6235835100902112,46,late
46850,50,0,0.29054608962686407,0.9314337635162071,46,late
46851,51,0,0.022786391750952987,0.5231262854023738,46,late
46852,52,0,0.276201878333887,0.7038681418703681,46,late
46853,53,0,0.18087279617070717,1.1348287143180817,46,late
46854,54,0,0.49911546518936883,0.7588800617386949,46,late
46855,55,0,0.22048538111389768,0.6022377038037399,46,late
46856,56,0,0.9968784842523333,0.44397119354054826,46,late
46857,57,0,0.28582919670670043,0.43929986670520227,46,late
46858,58,0,0.22744576320076487,0.5957287957433129,46,late
46859,59,0,0.4998020038634235,0.9999838520566953,46,late
46860,60,0,0.9797874851476338,0.9527800408366991,46,late
46861,61,0,0.5253732175656295,0.2888151455357953,46,late
46862,62,0,0.5729430466632789,0.7317726859793074,46,late
46863,63,0,0.9986146360888697,0.7716310517490594,46,late
46864,64,0,0.08908293418245714,0.6612313018543052,46,late
46865,65,0,0.49812204113005726,0.8048970512030336,46,late
46866,66,0,0.6285629542516198,0.5779470543403357,46,late
46867,67,0,0.37438708175276586,0.41302215476137916,46,late
46868,68,0,0.8265915358838694,0.5260865118999487,46,late
46869,69,0,0.5000204052950015,0.9891873062120893,46,late
46870,70,0,0.9826668135907407,0.5630410473238359,46,late
46871,71,0,0.8701404793878211,0.6029968148664782,46,late
46872,72,0,0.04387368436119224,0.8129028695264124,46,late
46873,73,0,0.0040286680385727735,0.993144265264774,46,late
46874,74,0,0.3442957240636242,0.6358395150687148,46,late
46875,75,0,0.42920419371202717,0.3751166658338182,46,late
46876,76,0,0.024528510013841886,0.7085081211939837,46,late
46877,77,0,0.5046718677024944,0.6150830053449203,46,late
46878,78,0,0.5880019058373653,0.8466059018560921,46,late
46879,79,0,0.9780635960551449,0.8291881500858709,46,late
46880,80,0,0.8761215045693888,0.8342448582159212,46,late
46881,81,0,0.9935155550671158,0.8454119586053244,46,late
46882,82,0,0.10625740687599354,0.7773968598675758,46,late
46883,83,0,0.9729464260319984,0.44872737962264364,46,late
46884,84,0,0.058348331937993346,0.6509039337044713,46,late
46885,85,0,0.7352349281831072,0.5552907943734573,46,late
46886,86,0,0.506545886763962,0.6082513028569968,46,late
46887,87,0,0.4453290707656374,0.48537546806356346,46,late
46888,88,0,0.8038844756126688,0.6180086382147458,46,late
46889,89,0,0.9993936982348921,0.7429137811029534,46,late
46890,90,0,0.241290874763509,0.7963924599659369,46,late
46891,91,0,0.003345016282027481,0.7757274815139701,46,late
46892,92,0,0.9407417539899094,0.4001224310582694,46,late
46893,93,0,0.6835094933436496,0.46562979914911773,46,late
46894,94,0,0.715467154290385,0.5843295545119049,46,late
46895,95,0,0.982701188471335,0.6633942814313989,46,late
46896,96,0,0.5159088328660837,0.5374867852483279,46,late
46897,97,0,0.7121854526707461,0.5529564466769981,46,late
46898,98,0,0.656478867312165,0.46432130473285105,46,late
46899,99,0,0.987381173948719,0.43129450282212756,46,late
46900,100,0,0.9914649344901636,0.3759790885045427,46,late
46901,101,0,0.019710778771830497,0.7209782822264877,46,late
46902,102,0,0.1844565670726117,0.5629142720045801,46,late
46903,103,0,0.99471103803718,0.44197553006599805,46,late
46904,104,0,0.5159531001516229,0.5873047480600795,46,late
46905,105,0,0.8846177147814995,0.4332239410057108,46,late
46906,106,0,0.9636554138682956,0.3598403248648412,46,late
46907,107,0,0.891773106499453,0.5976238164897363,46,late
46908,108,0,0.0013073463496399236,0.9669267901162024,46,late
46909,109,0,0.9954367580094146,0.4373452327541012,46,late
46910,110,0,0.5627374170262179,0.695197271699904,46,late
46911,111,0,0.9999177031401991,0.7160011411165235,46,late
46912,112,0,0.9963665462435924,0.8948396330669548,46,late
46913,113,0,0.984678747578396,0.6643585991239669,46,late
46914,114,0,0.3421786813333834,0.5651568482969112,46,late
46915,115,0,0.5139388978177191,0.5516296626954038,46,late
46916,116,0,0.9946452948602562,0.7931051111743738,46,late
46917,117,0,0.4208052556630686,0.7854930058680755,46,late
46918,118,0,0.5215348235028867,0.595413327823928,46,late
46919,119,0,0.5854300025224772,0.594084668166703,46,late
46920,120,0,0.5860077748465472,0.428251045410722,46,late
46921,121,0,0.7245944536423046,0.5374551219319625,46,late
46922,122,0,0.9987402381219661,0.653256800160672,46,late
46923,123,0,0.4937879879023111,0.6273716225286274,46,late
46924,124,0,0.19892068976850996,0.6053642145596987,46,late
46925,125,0,0.7680678079332378,1.1080523197475456,46,late
46926,126,0,0.4998368382213307,0.7210817917902737,46,late
46927,127,0,0.500021080182494,0.8514139101450816,46,late
46928,128,0,0.5458257768700955,0.5636208258558295,46,late
46929,129,0,0.9823349521633766,0.7082357029603696,46,late
46930,130,0,0.7171234095949984,0.4607234014540832,46,late
46931,131,0,0.5389259434139098,0.6147649483806839,46,late
46932,132,0,0.4420285792028294,0.7061475513181277,46,late
46933,133,0,0.5000010445632269,1.2442433672040782,46,late
46934,134,0,0.4999406540095491,0.9667105239116707,46,late
46935,135,0,0.04274777547663034,0.6088174295552601,46,late
46936,136,0,0.9451947039936868,0.43551244852612375,46,late
46937,137,0,0.961604171783104,0.6787238147779644,46,late
46938,138,0,0.6862339413981037,0.32938732486318173,46,late
46939,139,0,0.9113708942350923,0.39438933221871975,46,late
46940,140,0,0.492952031527149,0.5475657037303069,46,late
46941,141,0,0.4793025843006629,0.6932472617421908,46,late
46942,142,0,0.46716011348568154,0.9066486196328055,46,late
46943,143,0,0.993411166091125,0.5962565644262163,46,late
46944,144,0,0.5097571408480356,0.5684452370112993,46,late
46945,145,0,0.776821345514263,0.5417210035464969,46,late
46946,146,0,0.5036751611303731,0.6856849420067894,46,late
46947,147,0,0.9987511342066651,0.6907737133794969,46,late
46948,148,0,0.8769646929352679,0.8019591263655645,46,late
46949,149,0,0.576684117385202,0.6896615909415086,46,late
46950,150,0,0.23059424389544136,0.5685969455407025,46,late
46951,151,0,0.7483466092196405,0.6068219056465157,46,late
46952,152,0,0.4994212672749757,0.7507989554580937,46,late
46953,153,0,0.9946590078303652,0.7814737043753249,46,late
46954,154,0,0.5018179443341464,0.7077503793423185,46,late
46955,155,0,0.322209286114012,0.5338150354359935,46,late
46956,156,0,0.9737437519471229,0.2905137631102523,46,late
46957,157,0,0.455864906702603,0.5469913718570633,46,late
46958,158,0,0.5108445600437669,0.8746413782656326,46,late
46959,159,0,0.6677031191538603,0.6249900947549185,46,late
46960,160,0,0.5059824638947322,0.8011294583577819,46,late
46961,161,0,0.4961030938530786,0.321284261707549,46,late
46962,162,0,0.7644403874711205,0.42379977248560863,46,late
46963,163,0,0.013119702802133468,0.6199060706573738,46,late
46964,164,0,0.7519239059751441,0.4550922617739991,46,late
46965,165,0,0.6030009892823042,0.5683169388620315,46,late
46966,166,0,0.4183515349075697,0.4309228443380726,46,late
46967,167,0,0.50321070993766,0.4088177530134445,46,late
46968,168,0,0.339051208513208,0.5849772622761578,46,late
46969,169,0,0.7144894837417466,0.36897966541092075,46,late
46970,170,0,0.5019138095050226,0.6595225584083062,46,late
46971,171,0,0.4600879949091098,0.5497328212707229,46,late
46972,172,0,0.6368325357402844,0.6513754602494337,46,late
46973,173,0,0.9840012875911105,0.4020056657423279,46,late
46974,174,0,0.3433101571895526,0.6610449692589304,46,late
46975,175,0,0.2271939211032355,0.5364614086677588,46,late
46976,176,0,0.5000970647031682,1.1991491157381453,46,late
46977,177,0,0.4999997150488135,0.9101335446140937,46,late
46978,178,0,0.9992863346710921,0.6306473465420861,46,late
46979,179,0,0.11933964523183611,0.815412577088036,46,late
46980,180,0,0.2937118802234569,0.7418320134455649,46,late
46981,181,0,0.4933174202410095,0.689871503829947,46,late
46982,182,0,0.507132046349253,0.5924558791534513,46,late
46983,183,0,0.14449644945704987,0.5966194365588527,46,late
46984,184,0,0.3311362189912736,0.8398397239465207,46,late
46985,185,0,0.9996488039668645,0.698449664169436,46,late
46986,186,0,0.05859803108915104,0.413918054177961,46,late
46987,187,0,0.46635498629913497,0.555861664883498,46,late
46988,188,0,0.5287848229791504,0.6033777340697195,46,late
46989,189,0,0.8588103913089195,0.5199073881627319,46,late
46990,190,0,0.5518358903002525,0.7075516380042248,46,late
46991,191,0,0.0013061065983081337,0.94314039029697,46,late
46992,192,0,0.9572090008161438,0.4943245419731433,46,late
46993,193,0,0.47526282481140786,0.7020174138279813,46,late
46994,194,0,0.5267458027712139,0.32417208107771384,46,late
46995,195,0,0.8467372270787235,0.46268112063064376,46,late
46996,196,0,0.9997372277481265,0.6447207041754839,46,late
46997,197,0,0.9987000266305749,0.6687457414415561,46,late
46998,198,0,0.9806532639682142,0.7500550197354485,46,late
46999,199,0,0.9572250394297984,0.44464951336177927,46,late
47000,0,0,0.5102179126979542,0.83682798903624,47,interleaved
47001,1,0,0.4991075682042015,0.5891981138007355,47,interleaved
47002,2,0,0.07363172351242196,0.6851640558814356,47,interleaved
47003,3,0,0.928041784742463,0.47277828964650875,47,interleaved
47004,4,0,0.4834700028634371,0.49030100942031274,47,interleaved
47005,5,0,0.9313852931430227,0.4734248376826874,47,interleaved
47006,6,0,0.9321676257297581,0.4914534868074243,47,interleaved
47007,7,0,0.9678968846124198,0.5693103651722374,47,interleaved
47008,8,0,0.8074776883225312,0.7378644267603114,47,interleaved
47009,9,0,0.2805394547530041,0.6201593504843972,47,interleaved
47010,10,0,0.4982324992576084,0.6744090869732716,47,interleaved
47011,11,0,0.500753148082824,0.6648981394848636,47,interleaved
47012,12,0,0.40858596224218857,0.8070045799469225,47,interleaved
47013,13,0,0.49582665411762966,0.5402376339868022,47,interleaved
47014,14,0,0.5110960531070223,0.536288598996131,47,interleaved
47015,15,0,0.5395432138192789,0.5064581558575898,47,interleaved
47016,16,0,0.547100457677255,0.71288214821637,47,interleaved
47017,17,0,0.8512432031419559,0.6757644329578872,47,interleaved
47018,18,0,0.9971907630946638,1.0690026788209166,47,interleaved
47019,19,0,0.48217896613066696,0.6319709828208355,47,interleaved
47020,20,0,0.500147988239877,0.9986900312019893,47,interleaved
47021,21,0,0.7579544832641174,0.6089843907645424,47,interleaved
47022,22,0,0.8351784984042858,0.45326233299674357,47,interleaved
47023,23,0,0.6729827217984934,0.7662485255581117,47,interleaved
47024,24,0,0.4978374623188051,0.611825790832728,47,interleaved
47025,25,0,0.9279889155751642,0.3902420264771346,47,interleaved
47026,26,0,0.8985893358362946,0.6153620005446208,47,interleaved
47027,27,0,0.04834216011440835,0.566948456475358,47,interleaved
47028,28,0,0.9629945389216066,0.5382894753479799,47,interleaved
47029,29,0,0.2882005941082617,0.7067884572808542,47,interleaved
47030,30,0,0.9850542502412821,0.7437992021486761,47,interleaved
47031,31,0,0.9504434360874282,0.6513458963306268,47,interleaved
47032,32,0,0.05732362505051768,0.5743637639981343,47,interleaved
47033,33,0,0.10639891645900823,0.5119108197337525,47,interleaved
47034,34,0,0.5227239254873899,0.4590102991098731,47,interleaved
47035,35,0,0.5282741477640024,0.5643353515042345,47,interleaved
47036,36,0,0.49169821620370713,0.8367024133341097,47,interleaved
47037,37,0,0.2858300327413475,1.1164619034735561,47,interleaved
47038,38,0,0.4913188236420948,1.0297082991278896,47,interleaved
47039,39,0,0.592453219382957,0.6374051735071435,47,interleaved
47040,40,0,0.8842850271484166,0.5664253007585727,47,interleaved
47041,41,0,0.5229229735318975,0.38193696164468405,47,interleaved
47042,42,0,0.01685270621068201,0.6335491452752791,47,interleaved
47043,43,0,0.7507647813976557,0.3693315219669193,47,interleaved
47044,44,0,0.4741966403612607,0.836688097064332,47,interleaved
47045,45,0,0.6199032686220856,0.5989015105159263,47,interleaved
47046,46,0,0.7435421487613791,0.6470900217292281,47,interleaved
47047,47,0,0.5300183917355171,0.5239581215943505,47,interleaved
47048,48,0,0.43293009738180976,0.677368002014055,47,interleaved
47049,49,0,0.49808696034792077,0.5728877289770218,47,interleaved
47050,50,0,0.5538034809063846,0.6033933194971812,47,interleaved
47051,51,0,0.8680090056603993,0.5126368245534914,47,interleaved
47052,52,0,0.015526683059503945,0.8819112438473555,47,interleaved
47053,53,0,0.4853097023357415,0.8864524591894438,47,interleaved
47054,54,0,0.5044853957283959,0.6398696398288809,47,interleaved
47055,55,0,0.008122718216410944,0.8951467801949974,47,interleaved
47056,56,0,0.43997656579997635,0.7093088387563897,47,interleaved
47057,57,0,0.05510534483782536,0.863505019069609,47,interleaved
47058,58,0,0.6422551210765906,0.6230326394021315,47,interleaved
47059,59,0,0.6002809094153843,0.5151164074682406,47,interleaved
47060,60,0,0.48087943795039495,0.7229088121332552,47,interleaved
47061,61,0,0.5863321012844164,0.6910458213335027,47,interleaved
47062,62,0,0.7571137265458516,0.7865559965741529,47,interleaved
47063,63,0,0.5414969925019033,0.7314491134604111,47,interleaved
47064,64,0,0.01053355633585923,1.010765089928897,47,interleaved
47065,65,0,0.5185949362014982,0.9186416595172546,47,interleaved
47066,66,0,0.5155626993217005,0.5372795432282254,47,interleaved
47067,67,0,0.8543512217105615,0.4863670595857896,47,interleaved
47068,68,0,0.5242238010335133,0.6126343909468008,47,interleaved
47069,69,0,0.39908306965609,0.4299814272129701,47,interleaved
47070,70,0,0.5870904385819039,0.5692890154410944,47,interleaved
47071,71,0,0.7587883189812978,0.3133932273972059,47,interleaved
47072,72,0,0.472060766233138,0.5784616874699103,47,interleaved
47073,73,0,0.4999554279309885,1.1003491784820523,47,interleaved
47074,74,0,0.9975901763194781,0.7035289011284016,47,interleaved
47075,75,0,0.15652901325979063,0.8650676953665122,47,interleaved
47076,76,0,0.1212674745651768,0.6970129158649774,47,interleaved
47077,77,0,0.261529299328061,0.5472879913936256,47,interleaved
47078,78,0,0.43760176532447653,0.6257420236601388,47,interleaved
47079,79,0,0.49456290693148725,0.6452917457603666,47,interleaved
47080,80,0,0.5750955267921753,0.7061037355859627,47,interleaved
47081,81,0,0.19017544112717724,0.729869347366603,47,interleaved
47082,82,0,0.0008611871464548191,1.1396786430522896,47,interleaved
47083,83,0,0.49998398342237144,1.1117434813300102,47,interleaved
47084,84,0,0.6510457801541925,0.7865696891207397,47,interleaved
47085,85,0,0.5602962223976423,0.8021573268709505,47,interleaved
47086,86,0,0.023557941684675895,1.2599718458001092,47,interleaved
47087,87,0,0.5050949874922526,0.7110746434465066,47,interleaved
47088,88,0,0.8054088055056776,0.5320213404320622,47,interleaved
47089,89,0,0.336905986923166,0.7762088625956807,47,interleaved
47090,90,0,0.4814701816882122,0.9138652735867749,47,interleaved
47091,91,0,0.4450927392964728,0.6098478207630451,47,interleaved
47092,92,0,0.7264783132164507,0.511523896796136,47,interleaved
47093,93,0,0.47394418397222715,0.578664458092178,47,interleaved
47094,94,0,0.449042941464236,0.8875787183684041,47,interleaved
47095,95,0,0.8707010969035124,0.691402163139724,47,interleaved
47096,96,0,0.031027242261813463,0.6623050060260876,47,interleaved
47097,97,0,0.5006986370289692,0.5844709870168499,47,interleaved
47098,98,0,0.18265333395141747,0.7024923106783032,47,interleaved
47099,99,0,0.8742820638390141,0.7927164625732012,47,interleaved
47100,100,0,0.37292652850561125,0.881369702949558,47,interleaved
47101,101,0,0.09389441607988819,0.7243465547548652,47,interleaved
47102,102,0,0.5231850709835979,0.7766667508389562,47,interleaved
47103,103,0,0.14759189240843104,0.7053998760394424,47,interleaved
47104,104,0,0.7963443373990119,0.5708056275435007,47,interleaved
47105,105,0,0.03262178844273016,0.8996682477437534,47,interleaved
47106,106,0,0.8997242355751138,0.6036635182847275,47,interleaved
47107,107,0,0.49996863762150096,0.4988934716823272,47,interleaved
47108,108,0,0.17439222594287057,0.7399362170459411,47,interleaved
47109,109,0,0.5136121330485452,0.48791423573276094,47,interleaved
47110,110,0,0.977526823168519,0.4863864410419223,47,interleaved
47111,111,0,0.5912096839556625,0.8732600095998633,47,interleaved
47112,112,0,0.9707818437034175,0.781301070265501,47,interleaved
47113,113,0,0.8754194379214468,0.6275337328546382,47,interleaved
47114,114,0,0.5792699784480727,0.6911683726486577,47,interleaved
47115,115,0,0.44012573573649816,0.5100612353218912,47,interleaved
47116,116,0,0.7531125055006926,0.5822257589585695,47,interleaved
47117,117,0,0.7292910610332002,0.4179270844515216,47,interleaved
47118,118,0,0.10124105712355765,0.7091697834910328,47,interleaved
47119,119,0,0.5004337811482418,0.8261254802877411,47,interleaved
47120,120,0,0.9555558201090848,0.45253149569730483,47,interleaved
47121,121,0,0.5013350503289564,0.7675256088625988,47,interleaved
47122,122,0,0.06477911882932189,0.8395577162388425,47,interleaved
47123,123,0,0.505147058250232,0.8185614758867337,47,interleaved
47124,124,0,0.8723906979747232,0.676687131707001,47,interleaved
47125,125,0,0.7264402810607831,0.5624395939595181,47,interleaved
47126,126,0,0.5152609835534895,0.7741681779923075,47,interleaved
47127,127,0,0.5186255056844461,0.5518841950447761,47,interleaved
47128,128,0,0.0718513155523832,0.8247623096724432,47,interleaved
47129,129,0,0.9790892365655434,0.5495600025057656,47,interleaved
47130,130,0,0.8398671579719545,0.31987015490687215,47,interleaved
47131,131,0,0.9274760209210288,0.5393117789474785,47,interleaved
47132,132,0,0.9928273182358587,0.7440151848420451,47,interleaved
47133,133,0,0.5278902055331254,0.5365334910735919,47,interleaved
47134,134,0,0.7860224153493165,0.6406035340078489,47,interleaved
47135,135,0,0.2931301639131709,0.7653782519183684,47,interleaved
47136,136,0,0.9894997928275422,0.7040712335262473,47,interleaved
47137,137,0,0.48870102988511344,0.8085472757027838,47,interleaved
47138,138,0,0.7428479199077416,0.6497198014806274,47,interleaved
47139,139,0,0.5000435839695149,0.7133120206075292,47,interleaved
47140,140,0,0.3635044448392901,0.6558506861860924,47,interleaved
47141,141,0,0.5119375988070263,0.7741080760221934,47,interleaved
47142,142,0,0.5102404471977355,0.47382474038681843,47,interleaved
47143,143,0,0.484340040874161,0.6882742050787276,47,interleaved
47144,144,0,0.4651824297299108,0.6841542470693829,47,interleaved
47145,145,0,0.5009719015718724,0.7060367057197625,47,interleaved
47146,146,0,0.5059922541434787,0.811802373102186,47,interleaved
47147,147,0,0.33428409255439334,0.6232532470366869,47,interleaved
47148,148,0,0.6757442458823235,0.6974450815483084,47,interleaved
47149,149,0,0.49829057619069544,0.8830144201860974,47,interleaved
47150,150,0,0.9946725199738193,0.6198019632674421,47,interleaved
47151,151,0,0.36209809973611606,0.5231695695025361,47,interleaved
47152,152,0,0.8816478131109706,0.44260129079898536,47,interleaved
47153,153,0,0.5082279961461766,0.5493288420827136,47,interleaved
47154,154,0,0.9978701473532738,0.46289839734029803,47,interleaved
47155,155,0,0.4844678593100145,0.6181307979358643,47,interleaved
47156,156,0,0.4034453209539926,0.624114712137319,47,interleaved
47157,157,0,0.4876622971470264,0.6581776807815918,47,interleaved
47158,158,0,0.7077534181641914,0.6059428964758911,47,interleaved
47159,159,0,0.7301564329420035,0.5441669807528406,47,interleaved
47160,160,0,0.3543134196510448,0.7839009712187162,47,interleaved
47161,161,0,0.012687553876748569,0.7961329627602662,47,interleaved
47162,162,0,0.05492426138989969,0.7483695446437241,47,interleaved
47163,163,0,0.39759268314398216,0.7557507756773627,47,interleaved
47164,164,0,0.7270301669235475,0.6452937473743093,47,interleaved
47165,165,0,0.9791537109791928,0.5079637651925719,47,interleaved
47166,166,0,0.5276489621478119,0.5529877536299413,47,interleaved
47167,167,0,0.8208371399261691,0.6239846748453164,47,interleaved
47168,168,0,0.27233270022607126,0.7761928365407844,47,interleaved
47169,169,0,0.35586720610383193,0.7964142294686272,47,interleaved
47170,170,0,0.644321877474408,0.6610310457966944,47,interleaved
47171,171,0,0.5298136512521417,0.7124924489842859,47,interleaved
47172,172,0,0.0003243909875857559,1.0423685997387337,47,interleaved
47173,173,0,0.010759355673576172,0.9642819177162261,47,interleaved
47174,174,0,0.23025034608274889,0.7130773795713834,47,interleaved
47175,175,0,0.5555919021434302,0.7560090723610355,47,interleaved
47176,176,0,0.09351661559483787,0.7860464724496586,47,interleaved
47177,177,0,0.5741787599402591,0.7589986902918046,47,interleaved
47178,178,0,0.5069876347904294,0.5226070767937778,47,interleaved
47179,179,0,0.5710754146773496,0.7387423079011901,47,interleaved
47180,180,0,0.512943617410765,0.5394331969517226,47,interleaved
47181,181,0,0.6490196953500407,0.45431685883672457,47,interleaved
47182,182,0,0.9942960613837182,0.4764859014166927,47,interleaved
47183,183,0,0.5012626398008951,0.604213765608681,47,interleaved
47184,184,0,0.3328326535491403,0.659780226959356,47,interleaved
47185,185,0,0.09661375478957976,0.5752856572674325,47,interleaved
47186,186,0,0.6479400392317995,0.5545486745541421,47,interleaved
47187,187,0,0.9876970770148933,0.47842733957956846,47,interleaved
47188,188,0,0.333390763028101,0.5474972228269454,47,interleaved
47189,189,0,0.5072912323738029,0.6197668720706535,47,interleaved
47190,190,0,0.9983311813093831,0.8229651241230715,47,interleaved
47191,191,0,0.5214651665538647,0.5451379536732474,47,interleaved
47192,192,0,0.47630431484333136,0.8182198496925892,47,interleaved
47193,193,0,0.9516224561557991,0.3994519949948411,47,interleaved
47194,194,0,0.9016046762233574,0.4355461636815904,47,interleaved
47195,195,0,0.5130353984053964,0.8394597035828764,47,interleaved
47196,196,0,0.7470372549133135,0.6189615798316804,47,interleaved
47197,197,0,0.5668804497537249,0.6470513510616545,47,interleaved
47198,198,0,0.49996416582828607,0.6957689599099268,47,interleaved
47199,199,0,0.39955044607000956,0.6540156681052338,47,interleaved
47200,0,0,0.5420964884170251,0.7988708303449861,47,blocked
47201,1,0,0.5127135196721064,0.6063061988119669,47,blocked
47202,2,0,0.27916844683105463,0.8889457230658644,47,blocked
47203,3,0,0.03257861878475344,0.9007302827186974,47,blocked
47204,4,0,0.442670116645866,0.6432205314720623,47,blocked
47205,5,0,0.9184266515884263,0.31068031681553654,47,blocked
47206,6,0,0.028785822124938965,0.501254254536269,47,blocked
47207,7,0,0.7019830467367787,0.5562846444385385,47,blocked
47208,8,0,0.4055737428425521,0.8657328382825494,47,blocked
47209,9,0,0.5407627171690693,0.6754479504490916,47,blocked
47210,10,0,0.0019007890495446244,1.0187106934168342,47,blocked
47211,11,0,0.005732443610797694,1.0395416841099112,47,blocked
47212,12,0,0.08009151164682578,0.591565173497197,47,blocked
47213,13,0,0.004490054702297143,0.9699910972599615,47,blocked
47214,14,0,0.06347382388401886,0.8241193680986498,47,blocked
47215,15,0,0.8552095576025158,0.7770617289137149,47,blocked
47216,16,0,0.9848387324993048,0.6441762147765348,47,blocked
47217,17,0,0.6240752414243038,0.7365382231337092,47,blocked
47218,18,0,0.3623982042745931,0.6488382774290874,47,blocked
47219,19,0,0.5732528555923703,0.8025619074434016,47,blocked
47220,20,0,0.020294455067176434,0.6141324759940032,47,blocked
47221,21,0,0.6569818286859245,0.6287676212728002,47,blocked
47222,22,0,0.7711083993093257,0.5372644507024443,47,blocked
47223,23,0,0.6926259938317745,0.6850118187036682,47,blocked
47224,24,0,0.1337999055175456,0.7704736344937171,47,blocked
47225,25,0,0.0688623001833757,0.6574141723995317,47,blocked
47226,26,0,0.9962365685480976,0.49759482191192017,47,blocked
47227,27,0,0.6704993911727668,0.6602290486235989,47,blocked
47228,28,0,0.27378944348842293,0.6706863003273627,47,blocked
47229,29,0,0.441991159554438,0.833404683076133,47,blocked
47230,30,0,0.08879676750616171,1.1142099023142564,47,blocked
47231,31,0,0.9994008095227924,0.7976833748696299,47,blocked
47232,32,0,0.6361224446065146,0.6231086658605316,47,blocked
47233,33,0,0.5674925786798803,0.5210194160526352,47,blocked
47234,34,0,0.4985103990076219,0.66655638509514,47,blocked
47235,35,0,0.05879883597586138,0.8994158473695377,47,blocked
47236,36,0,0.5044186892075206,1.188478324394088,47,blocked
47237,37,0,0.22417928620998617,1.3395609789211456,47,blocked
47238,38,0,0.9233926107108361,0.6164085259235388,47,blocked
47239,39,0,0.7032371105764291,1.0664835511836177,47,blocked
47240,40,0,0.4985461731792523,0.8549386801639862,47,blocked
47241,41,0,5.4219236198931886e-06,1.0220198977631099,47,blocked
47242,42,0,0.9940426927123817,0.6832018901453829,47,blocked
47243,43,0,0.7788197955844269,0.631595881465101,47,blocked
47244,44,0,0.009557596323690054,0.8497555636065203,47,blocked
47245,45,0,0.0019733943676133337,0.9995271612721769,47,blocked
47246,46,0,0.46778522748430784,1.229403215385993,47,blocked
47247,47,0,0.002018137496705991,0.9200639676901173,47,blocked
47248,48,0,0.03376870306019177,0.9907619364680555,47,blocked
47249,49,0,0.0012713535390272894,1.4821373125369028,47,blocked
47250,50,0,0.9909768406665511,1.0434502562616976,47,blocked
47251,51,0,0.9685697057775864,0.5440184974484549,47,blocked
47252,52,0,0.7267412361066319,0.3733646535185542,47,blocked
47253,53,0,0.06699218532738006,0.8346120492177468,47,blocked
47254,54,0,0.9981798816566859,0.6287900758250943,47,blocked
47255,55,0,0.9975482791210173,0.661764538105502,47,blocked
47256,56,0,0.5214102886553531,0.6294777393544071,47,blocked
47257,57,0,0.9966630535361934,0.6654062610610412,47,blocked
47258,58,0,0.9032218365934952,0.5634518445866187,47,blocked
47259,59,0,0.0030663333059321256,1.1161557530033774,47,blocked
47260,60,0,0.9979720025513863,0.7653863713294758,47,blocked
47261,61,0,0.6451791054517891,0.7838106573765498,47,blocked
47262,62,0,0.30316329078554133,0.7690168346311557,47,blocked
47263,63,0,0.31344072599425843,1.2237348110365924,47,blocked
47264,64,0,0.0005873361457530732,0.9910032518167449,47,blocked
47265,65,0,0.479168054707889,0.8718164524336562,47,blocked
47266,66,0,0.508247915160835,0.6632935475744749,47,blocked
47267,67,0,0.6911035770853435,0.42611803479602817,47,blocked
47268,68,0,0.5867477230417535,0.6443584653392986,47,blocked
47269,69,0,0.4584392040442935,0.5530293487865059,47,blocked
47270,70,0,0.5007810243284576,0.7228922943426294,47,blocked
47271,71,0,0.5182161702085448,0.7225121528648442,47,blocked
47272,72,0,0.05289188581164416,0.6030031716041924,47,blocked
47273,73,0,0.36982893204209,0.5763839017238234,47,blocked
47274,74,0,0.953141108291996,0.39159048227046145,47,blocked
47275,75,0,0.9233538518550841,0.49842562572939464,47,blocked
47276,76,0,0.9966013704018617,0.6069840642498696,47,blocked
47277,77,0,0.98795580538101,0.5000031882169755,47,blocked
47278,78,0,0.15250744492495485,1.0964258416239407,47,blocked
47279,79,0,0.0024996024725825864,1.164865732682572,47,blocked
47280,80,0,0.37619594315829297,0.962508041868801,47,blocked
47281,81,0,0.0265929949171674,0.621310179241537,47,blocked
47282,82,0,0.975966768496451,0.5070176636060918,47,blocked
47283,83,0,0.4914267961761423,0.6485045650627677,47,blocked
47284,84,0,0.2974486237785311,0.8733352090002549,47,blocked
47285,85,0,0.9999343696347038,0.7330687526326337,47,blocked
47286,86,0,0.9622443248616511,0.5492185728663075,47,blocked
47287,87,0,0.28184952928659984,1.02195416195896,47,blocked
47288,88,0,0.9963360556886193,0.8801516398378522,47,blocked
47289,89,0,0.01502709875776811,0.9311849792379839,47,blocked
47290,90,0,0.9987924380154937,0.7295528938591745,47,blocked
47291,91,0,0.43047488516116655,0.5891889215596144,47,blocked
47292,92,0,0.977164940741712,0.5551304124497826,47,blocked
47293,93,0,0.5864488916302689,0.7195173325897594,47,blocked
47294,94,0,0.9860099157203417,0.8485751613727617,47,blocked
47295,95,0,0.4156678496413745,1.1504523410026328,47,blocked
47296,96,0,0.01301809571243712,0.6701212580889601,47,blocked
47297,97,0,0.358741689812117,0.7483745026166322,47,blocked
47298,98,0,0.001377642609318569,1.002048514864481,47,blocked
47299,99,0,0.21018742214254216,0.8823913821060829,47,blocked
47300,100,0,0.9944449684365693,0.8863877025185993,47,blocked
47301,101,0,0.22764199403517466,0.6387980400925523,47,blocked
47302,102,0,0.0059826153428919,0.8840252973149612,47,blocked
47303,103,0,0.9481531561889991,0.5690649919786095,47,blocked
47304,104,0,0.16132065837233822,0.7374919571811089,47,blocked
47305,105,0,0.6817476086587817,0.36982006541543055,47,blocked
47306,106,0,0.771778869757,0.5559073616340724,47,blocked
47307,107,0,0.0387616580985424,0.825551967238921,47,blocked
47308,108,0,0.03165880917132438,0.5376262697057343,47,blocked
47309,109,0,0.9883722600373204,0.43730029114183455,47,blocked
47310,110,0,0.6395311224861624,0.4344271481827815,47,blocked
47311,111,0,0.05481433125021312,0.9793129903643895,47,blocked
47312,112,0,0.99652512976302,0.6767231705162984,47,blocked
47313,113,0,0.5024090978429395,0.9401807001442952,47,blocked
47314,114,0,0.4930587439490293,0.7906450819181567,47,blocked
47315,115,0,0.2376978993446036,0.7001517972579949,47,blocked
47316,116,0,0.683104491122605,0.6554579182346816,47,blocked
47317,117,0,0.9975457655063984,1.0030335315565815,47,blocked
47318,118,0,0.5080386993844975,0.7363041553976215,47,blocked
47319,119,0,0.9022420233413544,0.44232908133713233,47,blocked
47320,120,0,0.43994815250315167,0.5718215508750384,47,blocked
47321,121,0,0.47841124645462435,0.5225966380958138,47,blocked
47322,122,0,0.4951522496748557,1.1579834166939427,47,blocked
47323,123,0,0.5959731047811979,1.0427224517805795,47,blocked
47324,124,0,0.9979692789343649,0.6475696069559773,47,blocked
47325,125,0,0.505325719893708,0.7040423455034186,47,blocked
47326,126,0,0.0019985993898660537,0.9315556158693987,47,blocked
47327,127,0,0.007223050772290764,0.9589678705383837,47,blocked
47328,128,0,0.4746970110475676,0.6222882850618071,47,blocked
47329,129,0,0.5028709395860524,0.6954790295380362,47,blocked
47330,130,0,0.042629179475849155,0.8186132206890846,47,blocked
47331,131,0,0.1433941125888389,0.7803988657632823,47,blocked
47332,132,0,0.999359014587756,0.6281029045877411,47,blocked
47333,133,0,0.5454918171356979,0.6136936205843196,47,blocked
47334,134,0,0.9211615728248674,0.38302612017241455,47,blocked
47335,135,0,0.12070159488422882,0.4829122058228402,47,blocked
47336,136,0,0.4366148620299908,0.6534171309741452,47,blocked
47337,137,0,0.001550200439059341,0.9298593220312843,47,blocked
47338,138,0,0.9992575134762703,0.5785944729536363,47,blocked
47339,139,0,0.8604752919410741,0.4862591258845574,47,blocked
47340,140,0,0.7912045932575449,0.3476949752169999,47,blocked
47341,141,0,0.3137308214158382,0.48693154847540027,47,blocked
47342,142,0,0.9980376025587112,0.4063863329484221,47,blocked
47343,143,0,0.07439837084701764,0.9244715182944032,47,blocked
47344,144,0,0.316908900871013,0.6737875536476603,47,blocked
47345,145,0,0.562233669652073,0.5102589497571608,47,blocked
47346,146,0,0.9965565196307542,0.49738338209307964,47,blocked
47347,147,0,0.06034229974853019,0.6463721676480362,47,blocked
47348,148,0,0.26328567484220244,0.5996304788339124,47,blocked
47349,149,0,0.6720399721756961,0.7637112264704415,47,blocked
47350,150,0,0.9582800911935683,0.42774067625488704,47,blocked
47351,151,0,0.14088719474355815,0.768385474269186,47,blocked
47352,152,0,0.4689844645252481,0.7183667768796987,47,blocked
47353,153,0,0.9787837270728722,0.5094724356673468,47,blocked
47354,154,0,0.9039501598440789,0.41513645270337063,47,blocked
47355,155,0,0.9614976204656407,0.46841751397791176,47,blocked
47356,156,0,0.25042007947086514,0.5708501853879142,47,blocked
47357,157,0,0.8044861753190053,0.6163674450444943,47,blocked
47358,158,0,0.03864547682988401,0.6470743726599406,47,blocked
47359,159,0,0.5185533769407169,0.7870080528280471,47,blocked
47360,160,0,0.4066069398364611,0.8861263062553064,47,blocked
47361,161,0,0.05437544261394482,0.9011189628505438,47,blocked
47362,162,0,0.4942872041499157,0.46695328484725973,47,blocked
47363,163,0,0.5052325220482179,0.7319689836278289,47,blocked
47364,164,0,0.5048725941270777,0.7375942801089537,47,blocked
47365,165,0,0.5931978497193041,0.5516656765444554,47,blocked
47366,166,0,0.7754145738690239,0.40482628045249924,47,blocked
47367,167,0,0.49985790865217844,0.5680057328884437,47,blocked
47368,168,0,0.9733466216548896,0.30442944995840854,47,blocked
47369,169,0,0.08654610485183796,0.7748839508221184,47,blocked
47370,170,0,0.9941894501403936,0.44207049014903615,47,blocked
47371,171,0,0.7238557427287016,0.48372722224057224,47,blocked
47372,172,0,0.29551834415036415,0.6887614390245915,47,blocked
47373,173,0,0.6509370204519873,0.5884289948036023,47,blocked
47374,174,0,0.9970464221970895,0.6136031147983052,47,blocked
47375,175,0,0.36042661783688673,0.6673165977948226,47,blocked
47376,176,0,0.9912444817471148,0.5670707464799543,47,blocked
47377,177,0,0.02247192248694116,0.6791289990020315,47,blocked
47378,178,0,0.9666956285947493,0.5717803099212084,47,blocked
47379,179,0,0.9999978130219953,1.2733085854640973,47,blocked
47380,180,0,0.6627555002076991,0.6030096929457565,47,blocked
47381,181,0,0.9963676340144503,0.6592456016086006,47,blocked
47382,182,0,0.6268991216852916,0.30598644134709607,47,blocked
47383,183,0,0.6561994716737358,0.42822980320715986,47,blocked
47384,184,0,0.5416896237845066,0.6184156780346381,47,blocked
47385,185,0,0.5001624712990276,0.757561477932135,47,blocked
47386,186,0,0.6472139224278656,0.4208759635482896,47,blocked
47387,187,0,0.7999875621580558,0.7089523265011298,47,blocked
47388,188,0,0.5592441676940303,0.5084739354858262,47,blocked
47389,189,0,0.9773471109050593,0.4435364806711898,47,blocked
47390,190,0,0.28199666237148735,0.6218527605549843,47,blocked
47391,191,0,0.9986451881612464,0.6133925809031807,47,blocked
47392,192,0,0.5038247507494187,0.6284487285489406,47,blocked
47393,193,0,0.8222558339346264,0.5728782243145869,47,blocked
47394,194,0,0.5621381879430873,0.664140441021241,47,blocked
47395,195,0,0.000911036780407593,1.1844788294135475,47,blocked
47396,196,0,0.6025390466604394,0.47516377859626346,47,blocked
47397,197,0,0.670577930272716,0.6579073082781648,47,blocked
47398,198,0,0.48028375010318064,0.6329843021133986,47,blocked
47399,199,0,0.17200894160856467,0.761997335341007,47,blocked
47400,0,0,0.48044058841296,0.590355561122941,47,early
47401,1,0,0.5462513697898687,0.5351876633628597,47,early
47402,2,0,0.6285975177917903,0.5619208401618292,47,early
47403,3,0,0.9287793082473959,0.5645520265905718,47,early
47404,4,0,0.29539967974130177,0.6214702304668607,47,early
47405,5,0,0.8222209221906236,0.41181525402381153,47,early
47406,6,0,0.5654201990640576,0.7838123358884552,47,early
47407,7,0,0.9608305530803855,0.5633250423183709,47,early
47408,8,0,0.4848379854554707,0.8900812210041207,47,early
47409,9,0,0.9681119771231306,0.6094961717225578,47,early
47410,10,0,0.45165575553028703,0.7772891163984735,47,early
47411,11,0,0.5502053735485496,0.6670038247552987,47,early
47412,12,0,0.10424008879463825,0.817901990846861,47,early
47413,13,0,0.6685066194685492,0.5861141657806737,47,early
47414,14,0,0.8508335181557106,0.8081255176625947,47,early
47415,15,0,0.9627763717770336,0.4513360578225705,47,early
47416,16,0,0.5030752688609831,1.025720831417674,47,early
47417,17,0,0.4851880448332577,0.8770952111344117,47,early
47418,18,0,0.4973690512777844,0.701099491249355,47,early
47419,19,0,0.3696858525732298,0.599422259930646,47,early
47420,20,0,0.21970429777330053,0.8318421454576632,47,early
47421,21,0,0.9491458929762933,0.5958562224315056,47,early
47422,22,0,0.4620388510963824,0.5396870562486951,47,early
47423,23,0,0.9346548011156053,0.4782214681092055,47,early
47424,24,0,0.9429684002913956,0.8629713279226389,47,early
47425,25,0,0.855964961565431,0.5903727849530835,47,early
47426,26,0,0.9808555635864931,0.6810149425785481,47,early
47427,27,0,0.7955260788516281,0.730566140539259,47,early
47428,28,0,0.49442645500165155,0.7473036637452505,47,early
47429,29,0,0.5232792624982076,0.7627026464006572,47,early
47430,30,0,0.3059882854121423,0.7391144184555745,47,early
47431,31,0,0.5347818269411352,0.6766274420891495,47,early
47432,32,0,0.08141680219903369,0.7436582768513162,47,early
47433,33,0,0.14643321694966333,1.1029947725375555,47,early
47434,34,0,0.5660646948762225,0.694212534065718,47,early
47435,35,0,0.6184588964850065,0.4525422389725372,47,early
47436,36,0,0.44837784134633496,0.6440491638216718,47,early
47437,37,0,0.8122102923258914,0.6586417534839291,47,early
47438,38,0,0.09409957576512504,0.7720652067499147,47,early
47439,39,0,0.6104164600785905,0.6419905100898169,47,early
47440,40,0,0.07135307248312137,1.1013932087429448,47,early
47441,41,0,0.261085195669245,0.7060267431913139,47,early
47442,42,0,0.06055339682380487,0.9224053551988127,47,early
47443,43,0,0.9360299883618747,0.645018436598605,47,early
47444,44,0,0.8986652867919371,0.6255462942239263,47,early
47445,45,0,0.7797240153183554,0.604783757153349,47,early
47446,46,0,0.3601987081653587,0.5780409389618861,47,early
47447,47,0,0.7523086109981041,0.8509532260614503,47,early
47448,48,0,0.4660025329435048,0.3934622999047549,47,early
47449,49,0,0.4836238490793445,0.5414311090946736,47,early
47450,50,0,0.9249823480933093,0.4393362049467023,47,early
47451,51,0,0.7303355903319277,0.40140730147640724,47,early
47452,52,0,0.2269487843848192,0.765047445313185,47,early
47453,53,0,0.6645324844090665,0.4666363841769639,47,early
47454,54,0,0.31440951146880936,0.6374770348811046,47,early
47455,55,0,0.00351277368867443,0.8832895985984559,47,early
47456,56,0,0.8981668111926199,0.6685825310570765,47,early
47457,57,0,0.05792387189742754,0.8271291535732441,47,early
47458,58,0,0.27534532483425034,0.5014931760010245,47,early
47459,59,0,0.9153121255665327,0.5393145368834469,47,early
47460,60,0,0.8856912333915081,0.4110576982680334,47,early
47461,61,0,0.859726377915337,0.5530507422436194,47,early
47462,62,0,0.006953075253255136,0.9389096830059213,47,early
47463,63,0,0.569118258394631,0.5286425838280275,47,early
47464,64,0,0.6047714340462491,0.6970304625922494,47,early
47465,65,0,0.027413172801729915,1.0178956611363585,47,early
47466,66,0,0.9173005096633888,0.6270226777866345,47,early
47467,67,0,0.36163002908312214,0.6722123212325497,47,early
47468,68,0,0.8137315447407787,0.44801954729793814,47,early
47469,69,0,0.9768626341192332,0.44677418192305096,47,early
47470,70,0,0.6533203998113448,0.6281135472221075,47,early
47471,71,0,0.9851643968214987,0.4907974853555994,47,early
47472,72,0,0.023287415127028525,0.5165953033722356,47,early
47473,73,0,0.8054349950613158,0.5675502396028578,47,early
47474,74,0,0.9188150444487765,0.5308532997167298,47,early
47475,75,0,0.8050590016130665,0.6454770467613684,47,early
47476,76,0,0.47023525078572753,0.6692992323294665,47,early
47477,77,0,0.10618289276696896,0.7182448344522445,47,early
47478,78,0,0.8085522736579286,0.564803406953637,47,early
47479,79,0,0.6708254915658576,0.695182321720916,47,early
47480,80,0,0.5644581951786849,0.6130992046993011,47,early
47481,81,0,0.16816064015360996,0.8421114463023585,47,early
47482,82,0,0.5007939987492804,0.4653952145808903,47,early
47483,83,0,0.8209186312207104,0.5929315595652389,47,early
47484,84,0,0.6019621107298254,0.7658421378132848,47,early
47485,85,0,0.015105771124339158,0.9203133002382498,47,early
47486,86,0,0.5091215736107109,0.6406350379489483,47,early
47487,87,0,0.955708216084728,0.7060872969957068,47,early
47488,88,0,0.16109099347334987,0.713557088873981,47,early
47489,89,0,0.6429533394982155,0.6577583615171152,47,early
47490,90,0,0.5175304979289574,0.9218614875294968,47,early
47491,91,0,0.996389507185762,0.6575821625804398,47,early
47492,92,0,0.5299545330876009,0.683725249145928,47,early
47493,93,0,0.993871676820826,0.6982311377905226,47,early
47494,94,0,0.36801368842402865,0.6490650107476861,47,early
47495,95,0,0.44770131890445003,0.7552654442568849,47,early
47496,96,0,0.9374093501244286,0.650760020702501,47,early
47497,97,0,0.9989092833171705,0.6748979734400222,47,early
47498,98,0,0.30501645811013645,0.8267588281199689,47,early
47499,99,0,0.7709501396892164,0.6192756393658269,47,early
47500,100,0,0.6833431340087812,0.6342532165263743,47,early
47501,101,0,0.9924387178106586,0.5024220310411862,47,early
47502,102,0,0.5082152477039601,0.5733071615813558,47,early
47503,103,0,0.5227480257635736,0.9713118784443802,47,early
47504,104,0,0.12894950300262817,0.7103536455404452,47,early
47505,105,0,0.5339019155025406,0.4914875169507931,47,early
47506,106,0,0.9016910497422195,0.7541563432882561,47,early
47507,107,0,0.5393916498350453,0.5750117907107792,47,early
47508,108,0,0.5679300679405163,0.34107339922460844,47,early
47509,109,0,0.960974818502415,0.37629891079466316,47,early
47510,110,0,0.5222459912050958,0.6695775253958988,47,early
47511,111,0,0.9939028950302009,0.6729877317057176,47,early
47512,112,0,0.9143596402772258,0.43384690344005583,47,early
47513,113,0,0.04892394736750907,0.626563332232428,47,early
47514,114,0,0.6634923638566366,0.39631966730875656,47,early
47515,115,0,0.8719719807676455,0.48063218842330724,47,early
47516,116,0,0.19573991581632832,0.5464300386703191,47,early
47517,117,0,0.6015464355961931,0.5058133437766485,47,early
47518,118,0,0.5001364953053978,0.9866766511559629,47,early
47519,119,0,0.6428519988942426,0.5859375809663586,47,early
47520,120,0,0.6864830147581529,0.4661392543872198,47,early
47521,121,0,0.583527676235162,0.7139298436696317,47,early
47522,122,0,0.6008871009425751,0.6275623837986921,47,early
47523,123,0,0.9673631846348875,0.5958107903900804,47,early
47524,124,0,0.00228778314248325,0.8006540018410246,47,early
47525,125,0,0.36134617342725356,0.803607136846287,47,early
47526,126,0,0.3712911348244159,0.9059442929837388,47,early
47527,127,0,0.8737896219336962,0.5222655905177553,47,early
47528,128,0,0.4618249244898186,0.5147435282985074,47,early
47529,129,0,0.568089457691994,0.4896531801574671,47,early
47530,130,0,0.1823010651244222,0.6967512468961798,47,early
47531,131,0,0.7592214474477121,0.472695513896106,47,early
47532,132,0,0.7416093624567512,0.5177731791145165,47,early
47533,133,0,0.7671668688615978,0.5192791572393294,47,early
47534,134,0,0.4468143203571254,0.5067260872860427,47,early
47535,135,0,0.519710434187282,0.5806922387474438,47,early
47536,136,0,0.5941550367848975,0.4229917898807011,47,early
47537,137,0,0.5731573324025308,0.4584074727175641,47,early
47538,138,0,0.5447557502667503,0.48847291320659286,47,early
47539,139,0,0.889691712284274,0.5724792799659519,47,early
47540,140,0,0.49981603180195805,0.8362956500670033,47,early
47541,141,0,0.48251043869097354,0.9117041443361851,47,early
47542,142,0,0.3093636258167168,1.180962726926865,47,early
47543,143,0,0.6541198217071589,0.4929778966182603,47,early
47544,144,0,0.9120387619747372,0.600612563877668,47,early
47545,145,0,0.9312303363232621,0.5606177139216715,47,early
47546,146,0,0.5588797229890995,0.5867671623906544,47,early
47547,147,0,0.7968355878016538,0.40700983488645776,47,early
47548,148,0,0.38203410238776814,0.5220913611588025,47,early
47549,149,0,0.4347482218572593,0.6326411812310468,47,early
47550,150,0,0.6904806769353864,0.4553730803772215,47,early
47551,151,0,0.47729070974671306,0.9180871456983151,47,early
47552,152,0,0.4467341248527742,0.5819140947910496,47,early
47553,153,0,0.8714503515585365,0.5645588618291238,47,early
47554,154,0,0.31398677242429474,0.8114508822844703,47,early
47555,155,0,0.9394569516923081,0.47877647477405644,47,early
47556,156,0,0.7615525648118447,0.4239920781479821,47,early
47557,157,0,0.34401813867508607,0.8489507012440327,47,early
47558,158,0,0.9017718515497972,0.3975578768158166,47,early
47559,159,0,0.4726912025712828,0.5275289475490978,47,early
47560,160,0,0.35679409853763133,0.5024002139211481,47,early
47561,161,0,0.7466561711666109,0.5315453572972771,47,early
47562,162,0,0.6795186444595134,0.4838528085047723,47,early
47563,163,0,0.5377989241426301,0.5608379683143178,47,early
47564,164,0,0.9545265383392012,0.6966498351087647,47,early
47565,165,0,0.7805703250696271,0.5649231244092694,47,early
47566,166,0,0.034319592008899044,0.935407468096449,47,early
47567,167,0,0.9062811361031831,0.5642051442549376,47,early
47568,168,0,0.8756070364087587,0.6116815049163828,47,early
47569,169,0,0.9054448422007331,0.5408518798422995,47,early
47570,170,0,0.9232021086755079,0.43349239723934996,47,early
47571,171,0,0.13990502490366932,0.7756583138205105,47,early
47572,172,0,0.988871658709868,0.5182804650672268,47,early
47573,173,0,0.8780860914457355,0.4506717573293867,47,early
47574,174,0,0.4293870956907957,0.9706963054084291,47,early
47575,175,0,0.5927462116305061,0.5440005356468457,47,early
47576,176,0,0.5506267480642157,0.707981436068887,47,early
47577,177,0,0.7829919320567071,0.5757041511652887,47,early
47578,178,0,0.78120808577177,0.4153061977651411,47,early
47579,179,0,0.49148728218119797,0.3881338411098718,47,early
47580,180,0,0.720012664385419,0.5006964966036079,47,early
47581,181,0,0.7779633142506643,0.48585917149553515,47,early
47582,182,0,0.8273905430237216,0.46124090926483774,47,early
47583,183,0,0.934194312768588,0.5280709793192124,47,early
47584,184,0,0.5813340169549447,0.5196079223071707,47,early
47585,185,0,0.8938592947458633,0.36214976014896116,47,early
47586,186,0,0.4991303173038909,0.40615304986520867,47,early
47587,187,0,0.5683675755964417,0.3505805881046859,47,early
47588,188,0,0.7496609214880889,0.4663321693469986,47,early
47589,189,0,0.7537264467436181,0.6530104678922946,47,early
47590,190,0,0.6597123207402911,0.5484761501373434,47,early
47591,191,0,0.9126184028747089,0.6525760543123471,47,early
47592,192,0,0.9048946349125746,0.32301763099446856,47,early
47593,193,0,0.23601333688038276,0.7341722901980604,47,early
47594,194,0,0.4130124890305521,0.6820972349093126,47,early
47595,195,0,0.40185849834120974,0.6031317072050388,47,early
47596,196,0,0.51106880068742,0.5830248885587546,47,early
47597,197,0,0.9676444593999325,0.5142350670564079,47,early
47598,198,0,0.42625461938967857,0.5748169514360909,47,early
47599,199,0,0.1755948949199944,0.687542859898985,47,early
47600,0,0,0.2408642765358168,0.8805710715556047,47,middle
47601,1,0,0.530144278084605,0.4709638921097712,47,middle
47602,2,0,0.15998037947010932,0.7836782762356064,47,middle
47603,3,0,0.4187901420319815,0.6615515161497422,47,middle
47604,4,0,0.22187221341169167,0.7818649037434129,47,middle
47605,5,0,0.2414987862684974,0.7263846517684505,47,middle
47606,6,0,0.21151768882965016,0.6989063788764369,47,middle
47607,7,0,0.18461659948224893,0.8831232485711497,47,middle
47608,8,0,0.2352767392436922,0.7822484845096072,47,middle
47609,9,0,0.4451377901935811,0.5816405063362169,47,middle
47610,10,0,0.4692103092379516,0.5044134917738724,47,middle
47611,11,0,0.3719005391686791,0.6587112503457548,47,middle
47612,12,0,0.5767269458931538,0.5717426186310468,47,middle
47613,13,0,0.4595657326325229,0.6560850445887392,47,middle
47614,14,0,0.16804960638505806,0.908956461745877,47,middle
47615,15,0,0.544142531585993,0.6352935835867777,47,middle
47616,16,0,0.7510222231472965,0.6106993605351543,47,middle
47617,17,0,0.4802337609177495,0.7058570355806992,47,middle
47618,18,0,0.7629123219733556,0.5095502405730794,47,middle
47619,19,0,0.2724480243083228,0.698108585202315,47,middle
47620,20,0,0.9870486545568243,0.7918406636978429,47,middle
47621,21,0,0.7643361296670222,1.0134144119486685,47,middle
47622,22,0,0.1036436969521635,0.6847549112413212,47,middle
47623,23,0,0.4676973562491231,0.7032332350115647,47,middle
47624,24,0,0.4817434536673294,1.1103351284216674,47,middle
47625,25,0,0.5990606388870539,0.5602173842561449,47,middle
47626,26,0,0.6587244255414033,0.85147784405335,47,middle
47627,27,0,0.9192690446902048,0.7336734282412449,47,middle
47628,28,0,0.6146184744368666,0.6685814921932858,47,middle
47629,29,0,0.5001752864371987,0.7472875421291616,47,middle
47630,30,0,0.6554771566848248,0.7140210710267905,47,middle
47631,31,0,0.9225889588703222,0.5458894123685688,47,middle
47632,32,0,0.7015801509243316,0.5360833826857696,47,middle
47633,33,0,0.489755572996657,0.9343660028625103,47,middle
47634,34,0,0.9665079703936303,0.8076168707580987,47,middle
47635,35,0,0.6542039508132587,0.6187986751100545,47,middle
47636,36,0,0.45858526811711137,0.5832303364790565,47,middle
47637,37,0,0.5918990447610004,0.6544378904607739,47,middle
47638,38,0,0.5479364140060592,0.6477785611541975,47,middle
47639,39,0,0.12488941503743821,0.9770486511356226,47,middle
47640,40,0,0.9988519064061012,0.7445613732459632,47,middle
47641,41,0,0.5079979742721384,0.7263621420584611,47,middle
47642,42,0,0.8643637356276015,0.6787000243456476,47,middle
47643,43,0,0.42342587051248864,0.600212957679083,47,middle
47644,44,0,0.7608478653078583,0.6502124844463066,47,middle
47645,45,0,0.15955169828639373,0.583971923888915,47,middle
47646,46,0,0.9583550288952406,0.7433129835442803,47,middle
47647,47,0,0.6166409377773332,0.6171858232804472,47,middle
47648,48,0,0.9748128540312182,0.687494201207606,47,middle
47649,49,0,0.4490263817959823,0.6699876517342525,47,middle
47650,50,0,0.7964621325172038,0.5463676180448627,47,middle
47651,51,0,0.9880700287454989,0.5453865946652048,47,middle
47652,52,0,0.13753146206920538,0.6336363287244235,47,middle
47653,53,0,0.9786308110434911,0.5259807774100471,47,middle
47654,54,0,0.6949124875170475,0.5902378678289815,47,middle
47655,55,0,0.594601429400085,0.4425004472506625,47,middle
47656,56,0,0.10431018744379905,0.6552886074229969,47,middle
47657,57,0,0.26468145945961574,0.518940264215227,47,middle
47658,58,0,0.19363586076289976,0.5745396860888322,47,middle
47659,59,0,0.6066609143392472,0.5019870859499028,47,middle
47660,60,0,0.5420678208255727,0.5573527287444983,47,middle
47661,61,0,0.8165797319615478,0.5070621280851207,47,middle
47662,62,0,0.9976661713164392,0.5165316100882464,47,middle
47663,63,0,0.9448825403744998,0.6551865627400568,47,middle
47664,64,0,0.7747939388865268,0.43802843471847486,47,middle
47665,65,0,0.8346034988820021,0.35124838576454515,47,middle
47666,66,0,0.6189734374677996,0.586990160789225,47,middle
47667,67,0,0.8137625372599966,0.7889305260258144,47,middle
47668,68,0,0.9700483161616289,0.316052021941498,47,middle
47669,69,0,0.26024469183438625,0.8634439749531527,47,middle
47670,70,0,0.9996698720474839,0.8243204748731556,47,middle
47671,71,0,0.2919729688524568,0.4884701673454581,47,middle
47672,72,0,0.9717643268983721,0.695511574300768,47,middle
47673,73,0,0.5216314473689816,0.5103707552515337,47,middle
47674,74,0,0.5700542883661883,0.46476364803013326,47,middle
47675,75,0,0.5022294371988911,0.9347344465837641,47,middle
47676,76,0,0.7484191636723743,0.4323812812821821,47,middle
47677,77,0,0.08330147276683668,0.8732567742329354,47,middle
47678,78,0,0.9874476146689366,0.3441093404079164,47,middle
47679,79,0,0.477281058574185,0.7009658477563308,47,middle
47680,80,0,0.039997510246693804,0.859444226703131,47,middle
47681,81,0,0.10089664882766045,0.4641349397038078,47,middle
47682,82,0,0.44282495311930725,0.6284804861272053,47,middle
47683,83,0,0.11371033892334285,0.5670951340525112,47,middle
47684,84,0,0.4005002063416166,0.5233242505850261,47,middle
47685,85,0,0.5683599773782406,0.5274422258370207,47,middle
47686,86,0,0.9993179716488445,0.6659981229968656,47,middle
47687,87,0,0.48994682648511,0.871772231568805,47,middle
47688,88,0,0.06964378074448566,0.6733824848534332,47,middle
47689,89,0,0.012216181339132687,0.5544805730815873,47,middle
47690,90,0,0.8721531008857544,0.3880455513283412,47,middle
47691,91,0,0.5642537477494471,0.7228045806575085,47,middle
47692,92,0,0.9139674489130238,0.4971040367340721,47,middle
47693,93,0,0.5432310831331066,0.45595281786192093,47,middle
47694,94,0,0.9972695864906423,0.4086604470026983,47,middle
47695,95,0,0.8021924346340137,0.6854844268428866,47,middle
47696,96,0,0.45493267451998,0.7802284684915168,47,middle
47697,97,0,0.998871012485276,0.4980795089842085,47,middle
47698,98,0,0.9921954909128696,0.5238792984905144,47,middle
47699,99,0,0.5037040993493458,0.5856484649744002,47,middle
47700,100,0,0.9589942597973171,0.51631608258128,47,middle
47701,101,0,0.7795751568638418,0.4516311029582864,47,middle
47702,102,0,0.9770386682319374,0.6797076437303358,47,middle
47703,103,0,0.003196257082677758,1.0679982217448685,47,middle
47704,104,0,0.6331113328273773,0.6498085311968418,47,middle
47705,105,0,0.22895627053792353,0.4742439530495192,47,middle
47706,106,0,0.4490869837329984,0.6586311411914519,47,middle
47707,107,0,0.7092538622111919,0.6404560491413758,47,middle
47708,108,0,0.8969004675772376,0.6703463386270134,47,middle
47709,109,0,0.9996264251875445,0.5515861400623507,47,middle
47710,110,0,0.7277409501106586,0.7228064501970562,47,middle
47711,111,0,0.9712533602739386,0.5902231545722382,47,middle
47712,112,0,0.5161061171932348,0.5168179999221181,47,middle
47713,113,0,0.9912179281106178,0.5281607825823929,47,middle
47714,114,0,0.6844727908026489,0.5192381490209295,47,middle
47715,115,0,0.9806641770090263,0.42233946859308347,47,middle
47716,116,0,0.965306049409826,0.5520638159725815,47,middle
47717,117,0,0.15509604271880217,0.4375537390337787,47,middle
47718,118,0,0.7924312566507207,0.7911712918751095,47,middle
47719,119,0,0.47488668896126734,0.7843411705724113,47,middle
47720,120,0,0.8896203944638519,0.5104026662691183,47,middle
47721,121,0,0.9457798748934261,0.7214503021860981,47,middle
47722,122,0,0.9829612000299276,0.4103980826545862,47,middle
47723,123,0,0.8223160506617497,0.4901004717504643,47,middle
47724,124,0,0.2484137464455468,0.5221903055173246,47,middle
47725,125,0,0.683838082243046,0.5428386414835773,47,middle
47726,126,0,0.8994494803398467,0.31285639988390707,47,middle
47727,127,0,0.9993294587666923,0.5197966401617515,47,middle
47728,128,0,0.5772188896759697,0.6955840969214305,47,middle
47729,129,0,0.4915704590151568,0.6005645365424672,47,middle
47730,130,0,0.7504894257882356,0.4384735376694675,47,middle
47731,131,0,0.9361045483202886,0.36830519508743886,47,middle
47732,132,0,0.4947384061757629,0.6410556478901619,47,middle
47733,133,0,0.8392957566693615,0.36543780712215135,47,middle
47734,134,0,0.3922453304995609,0.5201718029438837,47,middle
47735,135,0,0.43648228813717854,0.9122997441403875,47,middle
47736,136,0,0.4942802353006462,0.7166811450965271,47,middle
47737,137,0,0.12346362185849125,0.7280607820572504,47,middle
47738,138,0,0.5987297330176504,0.4643147353269592,47,middle
47739,139,0,0.48601130410997934,0.7549834329031326,47,middle
47740,140,0,0.5000414050975693,0.7842499240777911,47,middle
47741,141,0,0.9216033828079153,0.6340892677798193,47,middle
47742,142,0,0.9010594173903188,0.4761189605894115,47,middle
47743,143,0,0.5038520095789738,0.5006156562934391,47,middle
47744,144,0,0.19683503564391985,0.7322785587362599,47,middle
47745,145,0,0.6154420584847863,0.6099849602854724,47,middle
47746,146,0,0.4963460478116364,0.8542492042225687,47,middle
47747,147,0,0.9018588057577042,0.6116914427128567,47,middle
47748,148,0,0.7406640332462322,0.4116904414299637,47,middle
47749,149,0,0.5374610836071145,0.7987832058993825,47,middle
47750,150,0,0.5008539807205608,0.5363762591151331,47,middle
47751,151,0,0.5255732751254343,1.0236190468026591,47,middle
47752,152,0,0.3487663994488453,0.5270751453128968,47,middle
47753,153,0,0.5443300649023171,0.6468293382955003,47,middle
47754,154,0,0.5162436667761947,0.6228524049709926,47,middle
47755,155,0,0.5247415485852464,0.8291095743483825,47,middle
47756,156,0,0.3841207383485769,0.5865021247248058,47,middle
47757,157,0,0.7110975619126914,0.5412907099499324,47,middle
47758,158,0,0.9090918694357119,0.40662027509080956,47,middle
47759,159,0,0.3362623853252044,0.7363206413299073,47,middle
47760,160,0,0.4973710373475724,0.7039810023109379,47,middle
47761,161,0,0.26510993422492724,0.8942560205098671,47,middle
47762,162,0,0.7349615583788721,0.5087001091324741,47,middle
47763,163,0,0.43667395423616095,0.5766040857737392,47,middle
47764,164,0,0.7070002927693434,0.46683239483414257,47,middle
47765,165,0,0.02041385792527097,0.5891703289626135,47,middle
47766,166,0,0.12145139682294522,0.6041890997996758,47,middle
47767,167,0,0.48551075169185415,0.6616632535781419,47,middle
47768,168,0,0.5339972052400317,0.5317585265057315,47,middle
47769,169,0,0.495127725890802,0.8331502668456784,47,middle
47770,170,0,0.3340599603625745,0.4251527007614462,47,middle
47771,171,0,0.9353652714168216,0.8767653041986228,47,middle
47772,172,0,0.4780549079445903,0.6936267448363407,47,middle
47773,173,0,0.509167392263863,0.5729741461282849,47,middle
47774,174,0,0.8078588455604746,0.44579450769714357,47,middle
47775,175,0,0.502289364223624,0.39770840460909107,47,middle
47776,176,0,0.7937111301910162,0.5600012358406451,47,middle
47777,177,0,0.8270648460314372,0.49750026006557657,47,middle
47778,178,0,0.6370955174409523,0.5536061833642469,47,middle
47779,179,0,0.05221584811677411,0.6601740055188313,47,middle
47780,180,0,0.7368336746694759,0.5659624695650497,47,middle
47781,181,0,0.9968326927088034,0.48389088612978187,47,middle
47782,182,0,0.4798434783719637,0.6177426302683512,47,middle
47783,183,0,0.956514785199603,0.7520938891823746,47,middle
47784,184,0,0.6041244981716086,0.5577031335735096,47,middle
47785,185,0,0.7228772353526683,0.40440334609972944,47,middle
47786,186,0,0.9283867927874212,0.3865712944118021,47,middle
47787,187,0,0.6504146813810098,0.4286950346214283,47,middle
47788,188,0,0.34720751863073507,0.8177003805796654,47,middle
47789,189,0,0.4170632500532141,0.5224537775931744,47,middle
47790,190,0,0.42424976958517097,0.8311021026336394,47,middle
47791,191,0,0.6422497342257782,0.411741374053455,47,middle
47792,192,0,0.8441165920948346,0.34783428718334636,47,middle
47793,193,0,0.5527929458886005,0.5880356438504349,47,middle
47794,194,0,0.9914353122128903,0.4206268904872418,47,middle
47795,195,0,0.992343910577698,0.24420455845115768,47,middle
47796,196,0,0.4870090408590639,0.4811862918232591,47,middle
47797,197,0,0.9638952507638594,0.4076572849308267,47,middle
47798,198,0,0.8111344201561377,0.572139423099286,47,middle
47799,199,0,0.5023769405281739,0.5614420146437058,47,middle
47800,0,0,0.6437679921044254,0.6682816171973165,47,late
47801,1,0,0.703327867541963,0.5683152372327167,47,late
47802,2,0,0.090718543016506,0.617140897525307,47,late
47803,3,0,0.7818322811719587,0.5137971849743599,47,late
47804,4,0,0.6839585444288757,0.4429014208688219,47,late
47805,5,0,0.7843147608250802,0.5846614432292865,47,late
47806,6,0,0.11345181258720871,0.8496738806526304,47,late
47807,7,0,0.5097907464783666,0.6417544134649341,47,late
47808,8,0,0.14005767580908143,0.7619648355983322,47,late
47809,9,0,0.6653280420239382,0.5235873107625988,47,late
47810,10,0,0.5150101907068946,0.41056617802369655,47,late
47811,11,0,0.8965203321714242,0.47186691100375006,47,late
47812,12,0,0.5907728170534567,0.5487918505952027,47,late
47813,13,0,0.9070662276478048,0.6232486952103289,47,late
47814,14,0,0.5260470521710006,0.7205487552822468,47,late
47815,15,0,0.5904153337488008,0.5614022541162328,47,late
47816,16,0,0.9564519590256724,0.6498713193169832,47,late
47817,17,0,0.1519201626684899,0.6795689452310977,47,late
47818,18,0,0.014402601147410252,0.9093903330820108,47,late
47819,19,0,0.499876089477744,0.7748242397654017,47,late
47820,20,0,0.06363474603492147,0.6072005074701234,47,late
47821,21,0,0.4012817835319244,0.7497115946598965,47,late
47822,22,0,0.4788024036225049,1.1784495688906744,47,late
47823,23,0,0.5033470396879702,0.6965948324297464,47,late
47824,24,0,0.5215722244944622,0.537475810662832,47,late
47825,25,0,0.20573443873328595,0.7183371442241919,47,late
47826,26,0,0.38737334521034794,0.8146829696492068,47,late
47827,27,0,0.4901544025834453,0.7501990599879523,47,late
47828,28,0,0.2092098677106376,0.64600560642491,47,late
47829,29,0,0.5701801952982374,0.6329004613239287,47,late
47830,30,0,0.5255483282253841,0.5348655578102902,47,late
47831,31,0,0.774966230802564,0.4296916132247969,47,late
47832,32,0,0.983308927748781,0.6817976029894802,47,late
47833,33,0,0.48472734517414423,1.0759995322143643,47,late
47834,34,0,0.1848311295655756,0.9470456692588363,47,late
47835,35,0,0.514816487894815,0.7379446333002436,47,late
47836,36,0,0.10772538406009205,0.6131158520620383,47,late
47837,37,0,0.9502456659307538,0.43716642990641896,47,late
47838,38,0,0.8348603321101147,0.42828136341456213,47,late
47839,39,0,0.49883721294861366,0.9242080838235762,47,late
47840,40,0,0.26708496679385046,0.6614970588849056,47,late
47841,41,0,0.4955930836268873,0.9123542310715518,47,late
47842,42,0,0.48376040733458264,0.8696060986915028,47,late
47843,43,0,0.48165574357960284,0.8786418839899853,47,late
47844,44,0,0.24556781127746413,0.8117138304321007,47,late
47845,45,0,0.4959727331248344,0.8430714751833741,47,late
47846,46,0,0.9904227636916083,1.235404364548038,47,late
47847,47,0,0.3537615960312423,0.9290516462584146,47,late
47848,48,0,0.5140893655017778,0.941401302783276,47,late
47849,49,0,0.5101214212962115,0.798083959581386,47,late
47850,50,0,0.5165810883064258,0.5704406918150582,47,late
47851,51,0,0.8035442726943738,0.32725137278355254,47,late
47852,52,0,0.0049643314911865105,1.0366389924658035,47,late
47853,53,0,0.5011806405490626,0.9010892264618795,47,late
47854,54,0,0.009975248402284234,0.9283415602053378,47,late
47855,55,0,0.48303381527678274,0.6532781562361797,47,late
47856,56,0,0.5313091291254763,0.6273900700230901,47,late
47857,57,0,0.4254812023207565,0.581025126883038,47,late
47858,58,0,0.8071851813578041,0.6296726015695402,47,late
47859,59,0,0.3618416538895498,0.6870772657338857,47,late
47860,60,0,0.561398207511528,0.8350831525570637,47,late
47861,61,0,0.754387957928,0.830589819588047,47,late
47862,62,0,0.02063081559993515,0.7791223772550562,47,late
47863,63,0,0.9633996871340027,0.8158481610660152,47,late
47864,64,0,0.4983469096645994,0.8836129259025782,47,late
47865,65,0,0.4999999964207262,1.65583498356889,47,late
47866,66,0,0.9089587693960992,0.7252611066439425,47,late
47867,67,0,0.6230709545011992,0.7697858920297254,47,late
47868,68,0,0.022646652577994916,0.9386832920060961,47,late
47869,69,0,0.3323756615283721,0.7312182436741995,47,late
47870,70,0,0.5333376776682965,0.9329036608352699,47,late
47871,71,0,0.31658014379744454,0.7648041460510271,47,late
47872,72,0,0.9910116712900501,0.6598975612947205,47,late
47873,73,0,0.29968916576021754,0.9578958129915685,47,late
47874,74,0,0.5234874054646119,0.6995370827751477,47,late
47875,75,0,0.4999151955664746,0.9746017314561013,47,late
47876,76,0,0.7163337042278162,0.6392351421638915,47,late
47877,77,0,0.49937930809065534,0.763239402339176,47,late
47878,78,0,0.6787945813493216,0.8569469003531549,47,late
47879,79,0,0.4989908236287131,0.9039073671937803,47,late
47880,80,0,0.9782074848148816,0.7715987565042388,47,late
47881,81,0,0.9869939587549856,0.46123036527663996,47,late
47882,82,0,0.07754742596268181,0.9627189248858802,47,late
47883,83,0,0.020937327884528838,1.058075131264415,47,late
47884,84,0,0.6131593970341975,0.6415722883533116,47,late
47885,85,0,0.9727940451140984,0.41627222251545604,47,late
47886,86,0,0.9829576661440517,0.547124232047261,47,late
47887,87,0,0.12821923959504716,1.1991436484155327,47,late
47888,88,0,0.4935734373057503,1.154695847486489,47,late
47889,89,0,0.9833521232268065,0.7402958445486876,47,late
47890,90,0,0.25434709540936074,0.5907742266105724,47,late
47891,91,0,0.5748152207190346,0.5997002083315026,47,late
47892,92,0,0.004967873179912699,1.1236384205724868,47,late
47893,93,0,0.18732741885763296,0.7840351620726114,47,late
47894,94,0,0.5813597405018138,0.8538837553753096,47,late
47895,95,0,0.5651803719440535,0.6856138373413228,47,late
47896,96,0,0.9865652167184062,0.624009843870868,47,late
47897,97,0,0.008372233459099964,0.8163084838944057,47,late
47898,98,0,0.9009042859118515,0.5617593669191796,47,late
47899,99,0,0.9946700079988743,0.9082188048582016,47,late
47900,100,0,0.5555284356765691,0.5940847770378976,47,late
47901,101,0,0.8702017728405472,0.45894770913926386,47,late
47902,102,0,0.9589316687825977,0.5507702255992779,47,late
47903,103,0,0.7697546228341747,0.6523397998398548,47,late
47904,104,0,0.6005417419121526,0.4135097174079043,47,late
47905,105,0,0.8025488747619813,0.6193122941304818,47,late
47906,106,0,0.04847370980203509,0.7921370489881262,47,late
47907,107,0,0.2168646026556419,0.6217465392076036,47,late
47908,108,0,0.6551250766520733,0.6710459752223848,47,late
47909,109,0,0.9971461756195414,0.6178932640604855,47,late
47910,110,0,0.9022603980207102,0.6045631077757019,47,late
47911,111,0,0.5161589540013257,0.6463595509567188,47,late
47912,112,0,0.975300693125313,0.5043954036439762,47,late
47913,113,0,0.9885721149908405,0.5548020163869668,47,late
47914,114,0,0.009118571123061263,0.8041568963518491,47,late
47915,115,0,0.14415798910786054,0.6948916408618036,47,late
47916,116,0,0.4537972924240807,0.6343007632793296,47,late
47917,117,0,0.860029962334059,0.7115803345761145,47,late
47918,118,0,0.7465523071372615,0.7160640928066083,47,late
47919,119,0,0.0302469974219713,0.6498749757372739,47,late
47920,120,0,0.7363895197440449,0.5308269919054082,47,late
47921,121,0,0.9285646044967804,0.4372633165164444,47,late
47922,122,0,0.1289670936662066,0.7116351662474263,47,late
47923,123,0,0.9825988164068162,0.6080691006876684,47,late
47924,124,0,0.4742879611325997,0.6014328172179141,47,late
47925,125,0,0.5437416299893081,0.5863497479517703,47,late
47926,126,0,0.2275841917803319,0.671134519708068,47,late
47927,127,0,0.05151746461376744,0.8459313779677892,47,late
47928,128,0,0.8273289975539924,0.5535466913439794,47,late
47929,129,0,0.6082086640829601,0.8079956274268598,47,late
47930,130,0,0.26701405607954865,0.9190785309270049,47,late
47931,131,0,0.4831105761054001,0.8206298711903404,47,late
47932,132,0,0.17908204222104696,0.5758471080347491,47,late
47933,133,0,0.4972424995027283,0.7646322653065638,47,late
47934,134,0,0.8757889866730184,0.709906048402887,47,late
47935,135,0,0.9515263203823587,0.3997785033689871,47,late
47936,136,0,0.29241088627178513,0.6949649605629658,47,late
47937,137,0,0.22800408926888782,0.7000390765113684,47,late
47938,138,0,0.6802547913167768,0.4942631324271088,47,late
47939,139,0,0.9313419219956539,0.5857897092074741,47,late
47940,140,0,0.3855808849302674,0.7390603386784634,47,late
47941,141,0,0.13204741726314048,0.6527738622046461,47,late
47942,142,0,0.9988809813686126,0.80338412141245,47,late
47943,143,0,0.4594179261695455,0.6619722245095929,47,late
47944,144,0,0.9451212836485131,0.4528243227408573,47,late
47945,145,0,0.33137616962820854,0.7078892575053382,47,late
47946,146,0,0.5124483449105365,0.522126683790844,47,late
47947,147,0,0.9942016819958748,0.9663186838002744,47,late
47948,148,0,0.20324304210840902,0.959874130973669,47,late
47949,149,0,0.7550367351339422,0.45565797865188185,47,late
47950,150,0,0.9887426244444972,0.5911608745290415,47,late
47951,151,0,0.7022792328455089,0.7053473226969627,47,late
47952,152,0,0.4990303732425703,0.6205469923587792,47,late
47953,153,0,0.9663936041284045,0.8063958120977394,47,late
47954,154,0,0.9472093304521436,0.7336723788211161,47,late
47955,155,0,0.5027868078936922,0.6642217304509892,47,late
47956,156,0,0.15308593186039332,0.6015108819563293,47,late
47957,157,0,0.3060009690548657,0.5035782283258712,47,late
47958,158,0,0.8272330368171621,0.33634062375932117,47,late
47959,159,0,0.07674994413447561,0.7074407705402341,47,late
47960,160,0,0.6508018498897445,0.34737045265898264,47,late
47961,161,0,0.9168367246011606,0.43176761221460147,47,late
47962,162,0,0.9329330001520522,0.6761416606566018,47,late
47963,163,0,0.9959302380072395,0.6244028542206739,47,late
47964,164,0,0.49808347410067133,0.8027641522170856,47,late
47965,165,0,0.6497432245500198,0.6772572388871655,47,late
47966,166,0,0.0029957930676348904,0.7515195042068821,47,late
47967,167,0,0.5799572760908285,0.7886459144984043,47,late
47968,168,0,0.9933923028090426,1.0253750887811042,47,late
47969,169,0,0.24500245562057177,0.823906258401863,47,late
47970,170,0,0.6838537172649977,0.6117245511902731,47,late
47971,171,0,0.9694413542597962,0.43447823492745896,47,late
47972,172,0,0.22222979917076774,0.5993423058797192,47,late
47973,173,0,0.35536569305660215,0.6342235425945386,47,late
47974,174,0,0.04846553826465004,0.5864481828236388,47,late
47975,175,0,0.42865952542668684,0.60177997900439,47,late
47976,176,0,0.8280829436813624,0.4462861922933744,47,late
47977,177,0,0.5072806841316837,0.608366854945251,47,late
47978,178,0,0.1738165997297334,0.5218562516427057,47,late
47979,179,0,0.5099457488869628,0.853002549163004,47,late
47980,180,0,0.008757991543787,1.0945657403361015,47,late
47981,181,0,0.10751705111961649,0.6759506098141725,47,late
47982,182,0,0.018503215740482075,0.7611891336432701,47,late
47983,183,0,0.6496620130707249,0.48824102088078086,47,late
47984,184,0,0.5173152195789382,0.41926440210167437,47,late
47985,185,0,0.00010069812656202184,1.3432856595941163,47,late
47986,186,0,0.0005944118488448624,1.2024879864333968,47,late
47987,187,0,0.015660798495001817,0.7471564091092964,47,late
47988,188,0,0.49554994518558265,0.9574974568235386,47,late
47989,189,0,0.7471434201269147,0.37310140870780617,47,late
47990,190,0,0.461757053235084,0.5269316667361621,47,late
47991,191,0,0.5000559981854527,0.7874681107347494,47,late
47992,192,0,0.33834559105117595,0.6925586821250689,47,late
47993,193,0,0.020379375434495244,0.8655543601938245,47,late
47994,194,0,0.4999718299656387,0.7686024406467921,47,late
47995,195,0,0.5566190168453445,0.7781673823307568,47,late
47996,196,0,0.40394276764037673,0.628407597247832,47,late
47997,197,0,0.5987089266746286,0.6485153686615139,47,late
47998,198,0,0.016218989532428025,0.7516279707840411,47,late
47999,199,0,0.6937471034026056,0.36758466199571443,47,late
48000,0,0,0.5087874471905748,0.7287057824410164,48,interleaved
48001,1,0,0.9089523952932663,0.6344049808417903,48,interleaved
48002,2,0,0.49285551857049176,0.5694427471926271,48,interleaved
48003,3,0,0.20333425127969215,0.7153490108261531,48,interleaved
48004,4,0,0.5981327405495566,0.637844333348497,48,interleaved
48005,5,0,0.004950460960075653,1.064304824396778,48,interleaved
48006,6,0,0.50067699513219,0.48450232608091204,48,interleaved
48007,7,0,0.5146096778114091,0.37841163254980464,48,interleaved
48008,8,0,0.10561987403363807,0.574017119692201,48,interleaved
48009,9,0,0.7266922855871769,0.7154510603818995,48,interleaved
48010,10,0,0.5023227289057314,0.49038970878651444,48,interleaved
48011,11,0,0.42627639280207374,0.8011204303528301,48,interleaved
48012,12,0,0.6462003627753586,0.676601593292969,48,interleaved
48013,13,0,0.010892147013547527,0.7970691269608491,48,interleaved
48014,14,0,0.3126216439477494,0.6416508161905423,48,interleaved
48015,15,0,0.035528290776199414,0.687303082300797,48,interleaved
48016,16,0,0.48682433900954125,0.8324989022137745,48,interleaved
48017,17,0,0.7268331581364662,0.3900553735851855,48,interleaved
48018,18,0,0.5165693669180141,0.7338451698858868,48,interleaved
48019,19,0,0.5022871328389488,0.9467257620974668,48,interleaved
48020,20,0,0.7239407653755437,0.6875367575024813,48,interleaved
48021,21,0,0.9979573249838429,0.6354779692577401,48,interleaved
48022,22,0,0.8433634723922158,0.6099561849813947,48,interleaved
48023,23,0,0.8553218596366463,0.8422220691577005,48,interleaved
48024,24,0,0.5000631242449927,1.3924975622366849,48,interleaved
48025,25,0,0.2559457863203377,0.8318696719585064,48,interleaved
48026,26,0,0.19199780911819336,0.9573982330199324,48,interleaved
48027,27,0,0.007857411474736864,0.9966326792616517,48,interleaved
48028,28,0,0.49999699118001983,0.9203509201241304,48,interleaved
48029,29,0,0.7234894342258422,0.6177964849294421,48,interleaved
48030,30,0,0.506119190660113,0.6208919701413143,48,interleaved
48031,31,0,0.7398884362096678,0.6799444599010073,48,interleaved
48032,32,0,0.6260803647085338,0.8060613579032385,48,interleaved
48033,33,0,0.7154275034848199,0.5798927934810023,48,interleaved
48034,34,0,0.4205867539595638,0.7534688317059945,48,interleaved
48035,35,0,0.009665460539150024,0.5061332350349017,48,interleaved
48036,36,0,0.5219901733696346,0.6517081972026453,48,interleaved
48037,37,0,0.6456027106245568,0.9075201788530476,48,interleaved
48038,38,0,0.5146329574864618,0.8600721618215621,48,interleaved
48039,39,0,0.3819332864359214,1.0404428381972872,48,interleaved
48040,40,0,0.28981599315602335,0.7608948065700254,48,interleaved
48041,41,0,0.9890703285507005,0.7710095729873301,48,interleaved
48042,42,0,0.4615004357187227,0.6362080151410094,48,interleaved
48043,43,0,0.8478534665152822,0.8766922627228542,48,interleaved
48044,44,0,0.7543614224909896,0.6811224559632805,48,interleaved
48045,45,0,0.19678874626633006,0.6320334925100711,48,interleaved
48046,46,0,0.4997188269975753,0.7476848826016431,48,interleaved
48047,47,0,0.9993803525646443,0.7978097746280423,48,interleaved
48048,48,0,0.5004294300465282,0.9962081105464822,48,interleaved
48049,49,0,0.8175370416594989,0.5934156836391891,48,interleaved
48050,50,0,0.566543118962942,0.7119530328210875,48,interleaved
48051,51,0,0.24677831220065136,0.8027124801705987,48,interleaved
48052,52,0,0.5017848370321156,0.8540682470763559,48,interleaved
48053,53,0,0.9457484198213492,0.5836270390512871,48,interleaved
48054,54,0,0.4980902569246842,0.9160592275680803,48,interleaved
48055,55,0,0.5762180984426939,0.7123414618451875,48,interleaved
48056,56,0,0.7894879574843436,0.5966799118641875,48,interleaved
48057,57,0,0.9999888498686665,0.7916183235283084,48,interleaved
48058,58,0,0.13997434785631996,0.7184192357514138,48,interleaved
48059,59,0,0.9987443747000198,0.4735157474684235,48,interleaved
48060,60,0,0.4157088969122311,0.6685368236476115,48,interleaved
48061,61,0,0.022492372592883496,0.5263968512750684,48,interleaved
48062,62,0,0.5001869054249536,0.5940145052867916,48,interleaved
48063,63,0,0.0001032145853509096,0.9484261627967236,48,interleaved
48064,64,0,0.5003201740337143,0.9364410112190285,48,interleaved
48065,65,0,0.13695573211051662,0.7427948314887243,48,interleaved
48066,66,0,0.4992641978943466,0.4466528105548947,48,interleaved
48067,67,0,0.664364254570016,0.8057413731874081,48,interleaved
48068,68,0,0.6440462012086559,0.6263066630840421,48,interleaved
48069,69,0,0.999981793969767,0.7726418736886072,48,interleaved
48070,70,0,0.38917136338047653,0.6239234767207258,48,interleaved
48071,71,0,0.954681570307009,0.7174011852610548,48,interleaved
48072,72,0,0.7013374931036314,0.4909363126839321,48,interleaved
48073,73,0,0.9588402466248656,0.6106672438553369,48,interleaved
48074,74,0,0.5011705633778504,0.7051488166971502,48,interleaved
48075,75,0,0.6036987518952619,0.5099710679922432,48,interleaved
48076,76,0,0.559336249047391,0.7344595555828295,48,interleaved
48077,77,0,0.999980658070869,0.8754258394228909,48,interleaved
48078,78,0,0.6369527018632974,0.7820235991269535,48,interleaved
48079,79,0,0.994681920479439,0.4027389296441086,48,interleaved
48080,80,0,0.506047916088181,0.45129577729535786,48,interleaved
48081,81,0,0.9999678088274678,0.8620185833623054,48,interleaved
48082,82,0,0.5843532506140088,1.0162750705990033,48,interleaved
48083,83,0,6.481141472399383e-05,0.8943163911044597,48,interleaved
48084,84,0,0.9871079565566958,0.5637947709901104,48,interleaved
48085,85,0,0.9997401774509806,0.8496616019183633,48,interleaved
48086,86,0,0.7938339306291704,0.7367244233244266,48,interleaved
48087,87,0,0.7344471037314774,0.40918901310893246,48,interleaved
48088,88,0,0.5211405827546758,0.6688545621517599,48,interleaved
48089,89,0,0.9987757836746565,0.5066707316520518,48,interleaved
48090,90,0,0.5499381424784305,0.6555589111640487,48,interleaved
48091,91,0,0.38109536017261436,0.906191422920317,48,interleaved
48092,92,0,0.5115014778257047,0.477098036097917,48,interleaved
48093,93,0,0.9156143584589631,0.4741361298517892,48,interleaved
48094,94,0,0.5519426644253873,0.5109079618446122,48,interleaved
48095,95,0,0.502462437935987,0.9847504768803041,48,interleaved
48096,96,0,0.0730084621567412,0.8445216654072406,48,interleaved
48097,97,0,0.0013190746494710895,0.8997277126907854,48,interleaved
48098,98,0,0.49525327201963837,0.5666507037454251,48,interleaved
48099,99,0,0.9146827441524645,0.5120469998407012,48,interleaved
48100,100,0,0.5007216366804251,0.4493542613530309,48,interleaved
48101,101,0,0.9994096012784806,0.7585953163119361,48,interleaved
48102,102,0,0.5000119363070273,0.8794460807741712,48,interleaved
48103,103,0,0.6618969647947325,0.6026513022718752,48,interleaved
48104,104,0,0.4726318973604319,0.45939769879751563,48,interleaved
48105,105,0,0.9577698937785923,0.6458393912295375,48,interleaved
48106,106,0,0.4117552819812142,0.6018231756253616,48,interleaved
48107,107,0,0.3524199256502913,0.8254631482430719,48,interleaved
48108,108,0,0.5039216907939567,0.6900230795170429,48,interleaved
48109,109,0,0.021285735763960454,0.5957626830950472,48,interleaved
48110,110,0,0.39870706944192813,0.44637231755396356,48,interleaved
48111,111,0,0.7752726777197766,0.37738326637583913,48,interleaved
48112,112,0,0.5004133820050877,0.7358120930793809,48,interleaved
48113,113,0,0.9991462779868616,0.5370792762705221,48,interleaved
48114,114,0,0.500434323086743,0.5688071733264792,48,interleaved
48115,115,0,0.45688493277326947,0.7927180767394864,48,interleaved
48116,116,0,0.9513143202505717,0.5088635769036342,48,interleaved
48117,117,0,0.42507086509949416,0.4507360180064699,48,interleaved
48118,118,0,0.5097507473985077,0.5492567831004463,48,interleaved
48119,119,0,0.039861220964898886,0.6955738532902237,48,interleaved
48120,120,0,0.5000006130959717,1.0293716294025432,48,interleaved
48121,121,0,0.007321154969246507,0.7289745879355449,48,interleaved
48122,122,0,0.6963797081960342,0.8176900604910721,48,interleaved
48123,123,0,0.5198295141400322,0.8803509801619276,48,interleaved
48124,124,0,0.505835987146375,0.7181172154664522,48,interleaved
48125,125,0,0.5331227303458578,0.7616877377809044,48,interleaved
48126,126,0,0.4938338224887122,0.7571413633092972,48,interleaved
48127,127,0,0.9274591977742165,0.6543354358342239,48,interleaved
48128,128,0,0.5000010564110757,0.6396425555580945,48,interleaved
48129,129,0,0.2539084777649297,0.9256458689629423,48,interleaved
48130,130,0,0.5087432021178107,0.698778134840812,48,interleaved
48131,131,0,0.8616172688532737,0.6970007764446648,48,interleaved
48132,132,0,0.5000009179670802,1.3483007083826923,48,interleaved
48133,133,0,0.8505021420832721,0.8595488488809055,48,interleaved
48134,134,0,0.5447464741497093,0.6202363983694061,48,interleaved
48135,135,0,0.01711097165058976,0.7678509248954916,48,interleaved
48136,136,0,0.5148600717813316,0.5885707909158354,48,interleaved
48137,137,0,0.9791207735354887,0.405769216367022,48,interleaved
48138,138,0,0.5332365302690933,0.45732015307947127,48,interleaved
48139,139,0,0.4340981612891001,0.6113548417827355,48,interleaved
48140,140,0,0.4917160793165137,0.40612909400411,48,interleaved
48141,141,0,0.8137955883682128,0.3365918024838934,48,interleaved
48142,142,0,0.7776544409821287,0.563948237960161,48,interleaved
48143,143,0,0.31515520491732557,0.9441941439241257,48,interleaved
48144,144,0,0.5728082571731625,0.6827086914652274,48,interleaved
48145,145,0,0.9835175830456862,0.4888804160895479,48,interleaved
48146,146,0,0.4599350344061667,0.34751142188348905,48,interleaved
48147,147,0,0.6379599529106939,0.8805535873705188,48,interleaved
48148,148,0,0.5054885257347782,0.854645953513971,48,interleaved
48149,149,0,0.024956818003470292,0.7143024701883864,48,interleaved
48150,150,0,0.18519895554930588,0.5173832461257345,48,interleaved
48151,151,0,0.8579266737527108,0.45563285547409904,48,interleaved
48152,152,0,0.3872626384726794,0.6575035486148622,48,interleaved
48153,153,0,0.6179066612124519,0.38026247802337426,48,interleaved
48154,154,0,0.500566734022813,0.7227525444394907,48,interleaved
48155,155,0,0.6705969656310392,0.5905920105730238,48,interleaved
48156,156,0,0.6945062993735206,0.3665174231852686,48,interleaved
48157,157,0,0.17125686290506872,0.5250838542003025,48,interleaved
48158,158,0,0.9024303779456235,0.4203391522233775,48,interleaved
48159,159,0,0.8068382125931002,0.5281498186066131,48,interleaved
48160,160,0,0.9998351522523719,0.7622237356083369,48,interleaved
48161,161,0,0.023527041185693074,0.6546500171199037,48,interleaved
48162,162,0,0.5190557556828014,0.4555408889633728,48,interleaved
48163,163,0,0.5878369444508554,0.6805729501732993,48,interleaved
48164,164,0,5.822445372771099e-07,1.2579991913660307,48,interleaved
48165,165,0,0.38910109048258473,0.7058234148038347,48,interleaved
48166,166,0,0.8791432874687063,0.5310646898045803,48,interleaved
48167,167,0,0.4996207855610367,0.41725191743133383,48,interleaved
48168,168,0,0.5017978326106866,0.5582849418707407,48,interleaved
48169,169,0,0.5000030828582497,1.0394389331563272,48,interleaved
48170,170,0,0.4987303454915608,1.3252772271921947,48,interleaved
48171,171,0,0.9825019242034343,0.5635304172448228,48,interleaved
48172,172,0,0.5360565458499956,0.8600273273482832,48,interleaved
48173,173,0,0.7612049270473128,0.5035744305291426,48,interleaved
48174,174,0,0.9155153438430661,0.46386261497644543,48,interleaved
48175,175,0,0.49876784265778173,0.7304218058914307,48,interleaved
48176,176,0,0.5033214373856509,0.5901653460654335,48,interleaved
48177,177,0,0.9799500333350881,0.6546654963800544,48,interleaved
48178,178,0,0.5844355455471232,0.7006107610318588,48,interleaved
48179,179,0,0.2944608415485829,0.6081486229716673,48,interleaved
48180,180,0,0.6488338614452686,0.5240219155878215,48,interleaved
48181,181,0,0.5175109635932319,0.5723471705865931,48,interleaved
48182,182,0,0.7106514562079941,0.9437100689380766,48,interleaved
48183,183,0,0.5004201936136179,0.8870952562503809,48,interleaved
48184,184,0,0.7853712689805936,0.4170792330452318,48,interleaved
48185,185,0,0.4910840191705357,0.5752143898789112,48,interleaved
48186,186,0,0.6953444041198268,0.4548473846171672,48,interleaved
48187,187,0,0.6248802200688699,0.7540081001194447,48,interleaved
48188,188,0,0.9999110110074894,0.730088451636155,48,interleaved
48189,189,0,0.6135453103644192,0.8819981535842698,48,interleaved
48190,190,0,0.9958948806392645,0.6471368555562778,48,interleaved
48191,191,0,0.3553233695805035,0.7278603908139095,48,interleaved
48192,192,0,0.7277411098843178,0.31772725870355356,48,interleaved
48193,193,0,0.6416012898506609,0.7667412816280869,48,interleaved
48194,194,0,0.7425619558905445,0.7084949037344745,48,interleaved
48195,195,0,0.6332174292047973,0.6212741907735537,48,interleaved
48196,196,0,0.608448882967931,0.40909248994267444,48,interleaved
48197,197,0,0.020943903007651317,0.5897572095654737,48,interleaved
48198,198,0,0.7687769108754199,0.44711064329596806,48,interleaved
48199,199,0,0.9842247130791989,0.3939893143581167,48,interleaved
48200,0,0,0.32019511233362197,0.619888077262958,48,blocked
48201,1,0,0.15016339431741002,0.5840155924529521,48,blocked
48202,2,0,0.9739627560872737,0.39529354862958765,48,blocked
48203,3,0,0.19083048258541507,0.6609707550813073,48,blocked
48204,4,0,0.5902773501380809,0.8168466138184327,48,blocked
48205,5,0,0.9958006552676939,0.40073935321729337,48,blocked
48206,6,0,0.012166437508699127,0.630051848884776,48,blocked
48207,7,0,0.8853640965763676,0.6747623374324223,48,blocked
48208,8,0,0.5021996260560944,0.4790793916529589,48,blocked
48209,9,0,0.8598805135813089,0.5090405746263451,48,blocked
48210,10,0,0.927151894033997,0.5156574388786868,48,blocked
48211,11,0,0.5278771815979706,0.7653042293438712,48,blocked
48212,12,0,0.9676597542744481,0.9408831709482668,48,blocked
48213,13,0,0.9999026565945892,0.5977347145669683,48,blocked
48214,14,0,0.00709070532592844,1.0061746036523607,48,blocked
48215,15,0,0.9981967923054033,0.5706166455418862,48,blocked
48216,16,0,0.9675137083290597,0.5345182031849919,48,blocked
48217,17,0,0.834093149024008,0.585999817845444,48,blocked
48218,18,0,0.5029351380371989,0.7800053600132909,48,blocked
48219,19,0,0.11005238121644882,0.7255845403537728,48,blocked
48220,20,0,0.9983338543643079,0.6062411214811605,48,blocked
48221,21,0,0.9857807644895626,0.3533568226365601,48,blocked
48222,22,0,0.6604659331611706,0.7715525765032734,48,blocked
48223,23,0,0.998961195257499,0.4110010159457129,48,blocked
48224,24,0,0.9990707941474362,0.45405015434135687,48,blocked
48225,25,0,0.17399075357158328,0.7878939603699269,48,blocked
48226,26,0,0.9249507845110524,0.725924182782682,48,blocked
48227,27,0,0.058428577544528564,0.80409073991997,48,blocked
48228,28,0,0.9995869065412151,0.5406893979453598,48,blocked
48229,29,0,0.9994395996944245,0.6597787053295141,48,blocked
48230,30,0,0.7845090396304857,0.6010333657257141,48,blocked
48231,31,0,0.44103858084611425,0.5720641416799364,48,blocked
48232,32,0,0.012453285927841307,0.7651115274877068,48,blocked
48233,33,0,0.5233530719553746,0.6018517753215082,48,blocked
48234,34,0,0.5546712636517501,0.6403398885898927,48,blocked
48235,35,0,0.9996534693900598,0.42687847210522184,48,blocked
48236,36,0,0.982673391720541,0.9114180086569008,48,blocked
48237,37,0,0.9952402453044062,0.6697513702885944,48,blocked
48238,38,0,0.8343556926829623,0.5993735101258533,48,blocked
48239,39,0,0.9967610923544199,0.4197202212227785,48,blocked
48240,40,0,0.42777168654673803,0.9268122736270084,48,blocked
48241,41,0,0.14039374170642083,0.9498565542263602,48,blocked
48242,42,0,0.8728512499637018,0.5258434786035783,48,blocked
48243,43,0,0.38843582464277415,0.5751428418586935,48,blocked
48244,44,0,0.7010725580315545,0.6921657439408124,48,blocked
48245,45,0,0.9981225232049679,0.4248007910964392,48,blocked
48246,46,0,0.5173763721544495,0.6044872683823596,48,blocked
48247,47,0,0.6778405708595596,0.4432405764134973,48,blocked
48248,48,0,0.4556335738803248,0.594635758295796,48,blocked
48249,49,0,0.7146626294890177,0.6163530687380113,48,blocked
48250,50,0,0.9940081967889836,0.570644020321355,48,blocked
48251,51,0,0.5523791415327753,0.682452820090024,48,blocked
48252,52,0,0.5239179501496785,0.5025730990252447,48,blocked
48253,53,0,0.9625892318015264,0.5016686858008791,48,blocked
48254,54,0,0.4732098430353343,0.7975951013980308,48,blocked
48255,55,0,0.8470314450367172,0.7199096681599335,48,blocked
48256,56,0,0.6577902834494035,0.45183789210656106,48,blocked
48257,57,0,0.9556078456952924,0.547144439264946,48,blocked
48258,58,0,0.9257977704348836,0.606294021013839,48,blocked
48259,59,0,0.9758127177141337,0.3695607720687568,48,blocked
48260,60,0,0.6931245892416216,0.5881868552274192,48,blocked
48261,61,0,0.8979054651452747,0.6562978056698358,48,blocked
48262,62,0,0.9983680262950434,0.7907166600065271,48,blocked
48263,63,0,0.6970355791314026,0.6710063681032439,48,blocked
48264,64,0,0.8716241283928092,0.4749375827556288,48,blocked
48265,65,0,0.8655562496087317,0.7342545087207704,48,blocked
48266,66,0,0.5137915173299515,0.6899557023441656,48,blocked
48267,67,0,0.5191429244356722,0.5806075376649433,48,blocked
48268,68,0,0.9850335187368139,0.6904572711225604,48,blocked
48269,69,0,0.9761904180049893,0.48719638287726774,48,blocked
48270,70,0,0.9988484241367181,0.3425352006864497,48,blocked
48271,71,0,0.740745066909946,0.4922204905074523,48,blocked
48272,72,0,0.985713584671178,0.37739366055661133,48,blocked
48273,73,0,0.5336730797429708,0.6687980355639094,48,blocked
48274,74,0,0.9980068009299379,0.7863300499739363,48,blocked
48275,75,0,0.9818496705009232,0.40730578063684497,48,blocked
48276,76,0,0.9980182883582983,0.31308513830700924,48,blocked
48277,77,0,0.7539396314168372,0.5551388077387481,48,blocked
48278,78,0,0.5031963508795372,0.4581297438219457,48,blocked
48279,79,0,0.7480400706569296,0.4685672484329363,48,blocked
48280,80,0,0.20206138284409156,0.7142989705617119,48,blocked
48281,81,0,0.8519498490606404,0.5401528933982065,48,blocked
48282,82,0,0.3427148899481351,0.6932055994677493,48,blocked
48283,83,0,0.24609385455547375,0.8311135637604536,48,blocked
48284,84,0,0.999970578510825,0.7518498125708427,48,blocked
48285,85,0,0.995055721967843,0.775582117875884,48,blocked
48286,86,0,0.4993603112165868,1.0196544823631246,48,blocked
48287,87,0,0.9833072083778776,0.29886669614981437,48,blocked
48288,88,0,0.4984678569104665,0.7357605519643821,48,blocked
48289,89,0,0.1360293794380804,0.6661972234244515,48,blocked
48290,90,0,0.0343984642088253,0.9162497043069094,48,blocked
48291,91,0,0.5363179912738256,0.6916912730593336,48,blocked
48292,92,0,0.06677790556216702,0.6882012292349964,48,blocked
48293,93,0,0.9994234792970866,0.5296548316888366,48,blocked
48294,94,0,0.000406834366683591,0.9906960701633934,48,blocked
48295,95,0,0.9999777745803966,0.9143972474197479,48,blocked
48296,96,0,0.9945498430712598,0.5268426492366381,48,blocked
48297,97,0,0.5860893605875219,0.714604764065133,48,blocked
48298,98,0,0.9993491792032669,0.48163479399047493,48,blocked
48299,99,0,0.9996595813647133,0.49563011289479675,48,blocked
48300,100,0,0.7594349113598762,0.4943919509975122,48,blocked
48301,101,0,0.9976606167409031,0.6126059002237401,48,blocked
48302,102,0,0.9997909541227329,0.5573365201255276,48,blocked
48303,103,0,0.9536368890992435,0.473452946274211,48,blocked
48304,104,0,0.5727852541489542,0.7980199737335594,48,blocked
48305,105,0,0.5187180708804768,0.9607975909109312,48,blocked
48306,106,0,0.7052432578351386,0.6685296534304936,48,blocked
48307,107,0,0.9935464293006506,0.7148820663775886,48,blocked
48308,108,0,0.9913927822876726,0.54448928252903,48,blocked
48309,109,0,0.9757750242390026,0.6470620067785977,48,blocked
48310,110,0,0.9907304154179152,0.6720661341393199,48,blocked
48311,111,0,0.9437205728761608,0.45721885015403674,48,blocked
48312,112,0,0.027487957738619936,0.5873008270459731,48,blocked
48313,113,0,0.9993452592945749,0.6264554256256087,48,blocked
48314,114,0,0.7952701516119549,0.41071980301364486,48,blocked
48315,115,0,0.9865743461640626,0.9951505264741393,48,blocked
48316,116,0,0.4472348797905698,0.737152080648244,48,blocked
48317,117,0,0.995380142811122,0.5003098675806371,48,blocked
48318,118,0,0.9801302216954233,0.6512282412817991,48,blocked
48319,119,0,0.9997297024575014,0.5319009366921439,48,blocked
48320,120,0,0.9580929248195384,0.7452701976446816,48,blocked
48321,121,0,0.8858752256658466,0.5962601475450804,48,blocked
48322,122,0,0.027135012214022314,0.6618300326212527,48,blocked
48323,123,0,0.45235307937413677,0.8452818039283378,48,blocked
48324,124,0,0.4974505053774675,0.8083113950535161,48,blocked
48325,125,0,0.530605644828549,0.64706028717102,48,blocked
48326,126,0,0.5437108288290029,0.6367122001350086,48,blocked
48327,127,0,0.5256101918308849,0.7673356323072473,48,blocked
48328,128,0,0.9427973990648071,0.6598503899210055,48,blocked
48329,129,0,0.4299273503959285,0.7577680324726752,48,blocked
48330,130,0,0.8689060893585496,0.45640477223051534,48,blocked
48331,131,0,0.7060369461194774,0.4088574958894957,48,blocked
48332,132,0,0.8982092411238856,0.5869678268708275,48,blocked
48333,133,0,0.5115089289200697,0.7645052134923183,48,blocked
48334,134,0,0.9732011034722905,0.6888175216864675,48,blocked
48335,135,0,0.9890352880695084,0.892421922363835,48,blocked
48336,136,0,0.6151780799411912,0.6694839884518917,48,blocked
48337,137,0,0.6171962474386556,0.593495483066728,48,blocked
48338,138,0,0.9815364849031161,0.36972379751001017,48,blocked
48339,139,0,0.987624960342607,0.4363244719120952,48,blocked
48340,140,0,0.9844259199170671,0.5663537033426675,48,blocked
48341,141,0,0.7633840994340253,0.5430846865258845,48,blocked
48342,142,0,0.9735435969165813,0.7450551766580702,48,blocked
48343,143,0,0.7225975682921031,0.7039344603909612,48,blocked
48344,144,0,0.9958791130432559,0.3484406082659475,48,blocked
48345,145,0,0.9693111977876722,0.3881064538878801,48,blocked
48346,146,0,0.9977753404456837,0.7252722680760701,48,blocked
48347,147,0,0.9899123438766633,0.5470030460569997,48,blocked
48348,148,0,0.8505570303959722,0.8416392190277688,48,blocked
48349,149,0,0.9649354687760408,0.6047900667106801,48,blocked
48350,150,0,0.745855232544782,0.9345293414149358,48,blocked
48351,151,0,0.5226094859609411,0.5563720298088541,48,blocked
48352,152,0,0.9916312684124371,0.5946448503751487,48,blocked
48353,153,0,0.8860733838214581,0.6430852250466456,48,blocked
48354,154,0,0.9918123245575714,0.40400856980715566,48,blocked
48355,155,0,0.7472075165817559,0.6422854488596911,48,blocked
48356,156,0,0.9850254097621737,0.9393976429603812,48,blocked
48357,157,0,0.7938967980155278,0.5563552679844602,48,blocked
48358,158,0,0.6024175686317349,0.7008127527994832,48,blocked
48359,159,0,0.9697767138382316,0.5031535289421243,48,blocked
48360,160,0,0.8209048916646376,0.8126225816221537,48,blocked
48361,161,0,0.9997705884640653,0.5367109463169123,48,blocked
48362,162,0,0.45889141002043426,0.7503184402087477,48,blocked
48363,163,0,0.5978561211388367,0.6188706820520229,48,blocked
48364,164,0,0.5499367674510459,0.6016364439462576,48,blocked
48365,165,0,0.43742082685931083,0.6183590253109221,48,blocked
48366,166,0,0.46418165695343155,0.5970473164010989,48,blocked
48367,167,0,0.523476292686698,0.7903993159822804,48,blocked
48368,168,0,0.002998748172910888,0.90438918510541,48,blocked
48369,169,0,0.3031959122286914,0.778527346538672,48,blocked
48370,170,0,0.9833025879969466,0.6495802571148777,48,blocked
48371,171,0,0.9559802598398855,0.6203263427648524,48,blocked
48372,172,0,0.673747680943016,0.933578164167403,48,blocked
48373,173,0,0.6391295301609299,0.8667515501766581,48,blocked
48374,174,0,0.9908453016824987,0.5311810290851615,48,blocked
48375,175,0,0.2232794275649349,0.6692455164904836,48,blocked
48376,176,0,0.6660995013925611,0.45373176844684204,48,blocked
48377,177,0,0.3278141431738761,0.5810294911640688,48,blocked
48378,178,0,0.5815800896799437,0.5344374118592234,48,blocked
48379,179,0,0.9801561961291574,0.7324577738263834,48,blocked
48380,180,0,0.9411142634391343,0.5020722043243724,48,blocked
48381,181,0,0.8777653825665901,0.8219067564495954,48,blocked
48382,182,0,0.8929491781605319,0.632009470695307,48,blocked
48383,183,0,0.6618880895490064,0.4501227543279735,48,blocked
48384,184,0,0.9360405877963567,0.6084010261977151,48,blocked
48385,185,0,0.6436882329795448,0.4924814945053001,48,blocked
48386,186,0,0.4695069843940231,0.6647705048185999,48,blocked
48387,187,0,0.6176814594002122,0.5671015399340551,48,blocked
48388,188,0,0.011294537637659505,0.6785674474231742,48,blocked
48389,189,0,0.7694777492283245,0.5259524291591029,48,blocked
48390,190,0,0.5218690937180898,0.5463803419030522,48,blocked
48391,191,0,0.9985865580390788,0.6313346722744131,48,blocked
48392,192,0,0.9197459924452853,0.7735330397300887,48,blocked
48393,193,0,0.42559365338716476,1.0292018322397536,48,blocked
48394,194,0,0.46261783809607354,0.49842980246589014,48,blocked
48395,195,0,0.6226635260069614,0.8145611424900673,48,blocked
48396,196,0,0.7765420333499402,0.4403161211986785,48,blocked
48397,197,0,0.8693376979642335,0.5661123780713727,48,blocked
48398,198,0,0.6184357245536576,0.6636245506252301,48,blocked
48399,199,0,0.24670839481795573,0.479523790784944,48,blocked
48400,0,0,0.19704253896769836,0.6383378114848212,48,early
48401,1,0,0.4516400829648986,0.5264463512311373,48,early
48402,2,0,0.45618031166508366,0.6536425550261723,48,early
48403,3,0,0.20807852866965365,0.544197082063803,48,early
48404,4,0,0.3063804205144684,0.4201918161677206,48,early
48405,5,0,0.17946573217984202,0.4464979595665869,48,early
48406,6,0,0.3992877027054186,0.5659206806646397,48,early
48407,7,0,0.07292066623945462,0.7299993747901847,48,early
48408,8,0,0.20723277316479935,0.6619431691377919,48,early
48409,9,0,0.6319699033095476,0.48340837509020373,48,early
48410,10,0,0.8618465646251621,0.7765740409689341,48,early
48411,11,0,0.3795050713890309,1.096937419268988,48,early
48412,12,0,0.9788129560410226,0.7719195299601225,48,early
48413,13,0,0.440619616987212,0.7332646932264044,48,early
48414,14,0,0.7955929485564003,0.5961522930826317,48,early
48415,15,0,0.9821093905950502,0.5062883296494782,48,early
48416,16,0,0.9998779616259388,0.6027488378355049,48,early
48417,17,0,0.5314220846841131,0.5833392787637923,48,early
48418,18,0,0.4843265205889,0.9041908436719269,48,early
48419,19,0,0.4532099350757255,0.8859206617968687,48,early
48420,20,0,0.8736662106301807,1.1692051502856966,48,early
48421,21,0,0.7828255362934131,0.8068663884171581,48,early
48422,22,0,0.9990524724176677,0.5338360067947249,48,early
48423,23,0,0.9973811957248266,0.48601956484361,48,early
48424,24,0,0.8499771012048633,0.6401481305460295,48,early
48425,25,0,0.5354425126281542,0.49861083724712163,48,early
48426,26,0,0.9783976802858322,0.3867044337984711,48,early
48427,27,0,0.45068487040574384,0.5494440413489361,48,early
48428,28,0,0.004604481273804934,0.8786824715132175,48,early
48429,29,0,0.5585416681504061,0.8735602613045799,48,early
48430,30,0,0.887485899968506,0.7460270390548032,48,early
48431,31,0,0.9583963990346804,0.6727141199569447,48,early
48432,32,0,0.5595637401022414,0.5279046353237156,48,early
48433,33,0,0.1402151122589298,0.41881970484565856,48,early
48434,34,0,0.9362077604665496,0.6097457679907663,48,early
48435,35,0,0.5680813552201134,0.7578149672107687,48,early
48436,36,0,0.9997366574017779,0.5566299261824599,48,early
48437,37,0,0.9782461102719076,0.3445885707268197,48,early
48438,38,0,0.995005705807064,0.7260050599009378,48,early
48439,39,0,0.5644537566837963,0.4293873027262809,48,early
48440,40,0,0.5416933923353726,0.3670856050639082,48,early
48441,41,0,0.678236197634227,0.4384844762556449,48,early
48442,42,0,0.0646473960990892,0.584900819337032,48,early
48443,43,0,0.5615255409158685,0.4139670222435208,48,early
48444,44,0,0.3744566393221956,0.7967333494148622,48,early
48445,45,0,0.520984908221299,0.5943618426373314,48,early
48446,46,0,0.9467390450858886,0.3647332892286981,48,early
48447,47,0,0.7567626640788998,0.655076463485247,48,early
48448,48,0,0.4747282532849703,0.7605140247340609,48,early
48449,49,0,0.30439364856155277,0.7283561967022507,48,early
48450,50,0,0.5400324331029133,0.8026409456910764,48,early
48451,51,0,0.9757097442828745,0.5016385214678235,48,early
48452,52,0,0.4519203144690247,0.5308213315675137,48,early
48453,53,0,0.49568593231239294,0.5665223300851256,48,early
48454,54,0,0.5171198463368192,0.7073605350455304,48,early
48455,55,0,0.43926158335756527,1.007332761655654,48,early
48456,56,0,0.006205375554714466,0.7468738786998952,48,early
48457,57,0,0.629394278604552,0.3735134435769983,48,early
48458,58,0,0.4486797912661374,0.4993222153270217,48,early
48459,59,0,0.5216682223014487,0.7875151188919749,48,early
48460,60,0,0.907834409031867,0.7503290780916874,48,early
48461,61,0,0.8418401909662134,0.3851099439248164,48,early
48462,62,0,0.757472478758553,0.5946013038353046,48,early
48463,63,0,0.53366991130375,0.7714239503716686,48,early
48464,64,0,0.19005607760042775,0.8573267807734208,48,early
48465,65,0,0.5277251338314813,0.592554795817716,48,early
48466,66,0,0.5013317311817472,0.5560054332954723,48,early
48467,67,0,0.49999422656257386,0.948516896564001,48,early
48468,68,0,0.7251252971845951,0.5087400429491041,48,early
48469,69,0,0.6173171272182055,0.5571265098392522,48,early
48470,70,0,0.7920992111611418,0.6658896402083704,48,early
48471,71,0,0.4924068112634955,0.6426796344229185,48,early
48472,72,0,0.4855957339335549,0.4815597322727755,48,early
48473,73,0,0.6723798358070812,0.4937008722049321,48,early
48474,74,0,0.7440057454924336,0.5298212072170376,48,early
48475,75,0,0.3840364123502169,0.5592029757803076,48,early
48476,76,0,0.5096816067721126,0.5875323325587196,48,early
48477,77,0,0.7143166908552503,0.3565428730149445,48,early
48478,78,0,0.5966830553590043,0.46285508983653745,48,early
48479,79,0,0.9098651710819678,0.6529897618988277,48,early
48480,80,0,9.472791862913656e-05,1.0664574334023633,48,early
48481,81,0,0.333002013653388,0.4843754261177483,48,early
48482,82,0,0.0862331386833045,0.8728285795570948,48,early
48483,83,0,0.5358529555690408,0.6006685146443339,48,early
48484,84,0,0.16466112215734696,0.7063983567223718,48,early
48485,85,0,0.5150750099936608,0.7380158368757919,48,early
48486,86,0,0.025064247479640964,0.6385518465804265,48,early
48487,87,0,0.485917734806637,0.8636854474678782,48,early
48488,88,0,0.007137558907074637,0.8807865412734347,48,early
48489,89,0,0.221896569822882,0.5992139808530522,48,early
48490,90,0,0.004768658763896656,0.7436348841231202,48,early
48491,91,0,0.47517433004426546,0.6067239557095765,48,early
48492,92,0,0.19765993944592392,0.5903329081950677,48,early
48493,93,0,0.5076210423523899,0.5525018921984431,48,early
48494,94,0,0.999027425978055,0.5077693334620998,48,early
48495,95,0,0.5002950582683497,0.6405072518207996,48,early
48496,96,0,0.9983104065251067,0.7138707164327205,48,early
48497,97,0,0.49999584632769856,1.1682956251576608,48,early
48498,98,0,0.9978437697439118,0.6275004238773425,48,early
48499,99,0,0.49997163256229504,1.1046201288978497,48,early
48500,100,0,0.00026533855814418706,0.7974729044278621,48,early
48501,101,0,0.5309806618844796,0.46398311040523127,48,early
48502,102,0,0.009791598073086567,0.6685269392704888,48,early
48503,103,0,0.7531448629031039,0.4366819131502587,48,early
48504,104,0,0.06925307993504329,0.6906237139428131,48,early
48505,105,0,0.5500279836821007,0.5292904245138024,48,early
48506,106,0,0.6851672899643744,0.5311144723711069,48,early
48507,107,0,0.5083237149371472,0.49157025812778016,48,early
48508,108,0,0.023267984943808665,0.8964051549908475,48,early
48509,109,0,0.4999992079757763,0.8765818865203544,48,early
48510,110,0,0.5890133155939605,0.4373206729148179,48,early
48511,111,0,0.5390667417347874,0.5908483256860431,48,early
48512,112,0,0.2756228191252174,0.5137165424164482,48,early
48513,113,0,0.7466969104718926,0.6752249847474774,48,early
48514,114,0,0.965218064375927,0.446824636205831,48,early
48515,115,0,0.3649313234828634,0.7099232662196637,48,early
48516,116,0,0.9935895654344498,0.6929831926392125,48,early
48517,117,0,0.4967074129582025,0.5217774797512955,48,early
48518,118,0,0.9999420661819147,0.7884038230126622,48,early
48519,119,0,0.7268478723062934,0.5310236990631034,48,early
48520,120,0,0.5162368406791465,0.5203021796781375,48,early
48521,121,0,0.5039303127496991,0.340252184358203,48,early
48522,122,0,0.9939048053806605,0.5411733619643493,48,early
48523,123,0,0.5855724042815732,0.6281426702620985,48,early
48524,124,0,0.932381920471535,0.45700060729054787,48,early
48525,125,0,0.523215307805768,0.7916802270156266,48,early
48526,126,0,0.11201025589030775,0.724440228351191,48,early
48527,127,0,0.525697971221802,0.6161395152568554,48,early
48528,128,0,0.1751438664736526,0.7468836552413736,48,early
48529,129,0,0.5000121654167686,0.9167221243011676,48,early
48530,130,0,0.06837941693592274,0.6901332296363332,48,early
48531,131,0,0.500517860412767,0.7489220218105607,48,early
48532,132,0,0.07607676370870635,0.6217506502775199,48,early
48533,133,0,0.5099277437070463,0.5654611827561884,48,early
48534,134,0,0.5147555642622288,0.5812489897803144,48,early
48535,135,0,0.5000009997649644,0.9316641884280911,48,early
48536,136,0,0.4354413647983478,0.3865255504966145,48,early
48537,137,0,0.47827639908063274,0.4155180963442231,48,early
48538,138,0,0.31710372638186135,0.4545402741566283,48,early
48539,139,0,0.8669506280469759,0.5627706495709905,48,early
48540,140,0,0.6294835171236579,0.5362319281593324,48,early
48541,141,0,0.500034791784776,0.6240879062384175,48,early
48542,142,0,0.03914427772588301,0.7374305373585957,48,early
48543,143,0,0.5197967027256654,0.503252309411043,48,early
48544,144,0,0.634707399157524,0.496018597611115,48,early
48545,145,0,0.5255419663592947,0.4975857976237348,48,early
48546,146,0,0.5757069977954372,0.5321765584826358,48,early
48547,147,0,0.5245211748355932,0.6181763810715273,48,early
48548,148,0,0.33415393908574254,0.6983903317095121,48,early
48549,149,0,0.9479967679819219,0.47199552247153964,48,early
48550,150,0,0.9953267008096487,0.4984522343073421,48,early
48551,151,0,0.32765383755110694,0.752595059662541,48,early
48552,152,0,0.09826208941098848,0.7143006891335992,48,early
48553,153,0,0.4999849737780175,1.0264435731266772,48,early
48554,154,0,0.9393290663374991,0.43895281401407166,48,early
48555,155,0,0.729992273605587,0.42965324257223225,48,early
48556,156,0,0.9989403694821539,0.3451712905431114,48,early
48557,157,0,0.6843405234465199,0.7426987912760996,48,early
48558,158,0,0.07685666295109568,0.7131040807425173,48,early
48559,159,0,0.3827391012372192,0.5331795544254672,48,early
48560,160,0,0.501553381284886,0.7250269027260989,48,early
48561,161,0,0.7465600835014865,0.6283503472095671,48,early
48562,162,0,0.5472280291070662,0.6955988767966814,48,early
48563,163,0,0.9002445219912023,0.31553183609229507,48,early
48564,164,0,0.29156240182475845,0.4113862575400909,48,early
48565,165,0,0.7535573434564897,0.301346356225993,48,early
48566,166,0,0.45062961808847024,0.5179550015437182,48,early
48567,167,0,0.5002411904333813,0.823448173244638,48,early
48568,168,0,0.9791295342639408,0.7018108867481884,48,early
48569,169,0,0.5436769250803177,0.6103081384152969,48,early
48570,170,0,0.015156877657844557,0.5087689480593084,48,early
48571,171,0,0.49382343976305554,0.6926329110730856,48,early
48572,172,0,0.9549074235526369,0.25868507320676265,48,early
48573,173,0,0.7569324053450361,0.32339072534815105,48,early
48574,174,0,0.9855744743728103,0.3522323051286007,48,early
48575,175,0,0.4389321363251295,0.5921942702514693,48,early
48576,176,0,0.8855753012919791,0.6337652756699362,48,early
48577,177,0,0.49970309629080945,0.5572227962396231,48,early
48578,178,0,0.49938485206719196,0.4909115200762323,48,early
48579,179,0,0.8601167244714715,0.342904296598459,48,early
48580,180,0,0.21351662317402673,0.5158280083782871,48,early
48581,181,0,0.35842476067655543,0.5875206230570306,48,early
48582,182,0,0.49923587558112187,0.7542682636266193,48,early
48583,183,0,0.5036977484329419,0.5615551872980901,48,early
48584,184,0,0.5091889562446186,0.5388188491797403,48,early
48585,185,0,0.23323487637373522,0.7243219320250747,48,early
48586,186,0,0.507388657705598,0.6512775402360664,48,early
48587,187,0,0.09671895743932801,0.43828866954993617,48,early
48588,188,0,0.47418326524622845,0.7465708598761815,48,early
48589,189,0,0.9925448468138549,0.31419769198521563,48,early
48590,190,0,0.501532824417412,0.8703659033824711,48,early
48591,191,0,0.4170870302478276,0.7832715739621618,48,early
48592,192,0,0.5000051293242866,1.1512775750927338,48,early
48593,193,0,0.9615496069893048,0.4094904429283776,48,early
48594,194,0,0.5785150128949927,0.4167716773448618,48,early
48595,195,0,0.6633640385195877,0.26580932235628196,48,early
48596,196,0,0.8783253041499042,0.7085667888449936,48,early
48597,197,0,0.924338494889041,0.5439795543360204,48,early
48598,198,0,0.3034845100913785,0.4345997901014046,48,early
48599,199,0,0.7395090078554524,0.46616863142046283,48,early
48600,0,0,0.668461828273499,0.6251140366090879,48,middle
48601,1,0,0.08383462169057944,0.5601552181506565,48,middle
48602,2,0,0.7917336729224804,0.7298106566315842,48,middle
48603,3,0,0.9932925753714906,0.7250050156568694,48,middle
48604,4,0,0.48423627121980334,0.9508842445136456,48,middle
48605,5,0,0.9996263755183729,0.5775304649101836,48,middle
48606,6,0,0.5122191733642716,0.8866961786072749,48,middle
48607,7,0,0.5450857977144709,0.685323044492532,48,middle
48608,8,0,0.4213037303086662,0.5511532791926164,48,middle
48609,9,0,0.15316206703991872,1.0013157608486072,48,middle
48610,10,0,0.6808207802040152,0.862954835335972,48,middle
48611,11,0,0.13827322361543873,0.8188798131045965,48,middle
48612,12,0,0.4963704227007992,0.6652219096314128,48,middle
48613,13,0,0.518315313692546,0.8053344249967958,48,middle
48614,14,0,0.38314933307452237,0.6918406529247954,48,middle
48615,15,0,0.793905199933189,0.48134132487452574,48,middle
48616,16,0,0.6505236014201978,0.5787387566066748,48,middle
48617,17,0,0.8639453539472105,0.4513255760925302,48,middle
48618,18,0,0.5245033632457965,0.7874450547721823,48,middle
48619,19,0,0.8977331580253838,0.6172936768070725,48,middle
48620,20,0,0.6279248408857201,0.6791048057136018,48,middle
48621,21,0,0.9116091594139402,0.573139512426188,48,middle
48622,22,0,0.5274537529762069,0.4620810619492365,48,middle
48623,23,0,3.3476289396772845e-05,1.124757011609214,48,middle
48624,24,0,0.4967081708251514,1.1121942896789716,48,middle
48625,25,0,0.5002011831923338,1.1493456510680564,48,middle
48626,26,0,0.6796641537520816,0.6849998410320146,48,middle
48627,27,0,0.3082817497531801,0.6280646051741596,48,middle
48628,28,0,0.17136299296530622,0.8481425421359752,48,middle
48629,29,0,0.42441367768473903,0.5599144556580182,48,middle
48630,30,0,0.49999253234714686,0.4821208727214594,48,middle
48631,31,0,0.9935728732963808,0.552073133911704,48,middle
48632,32,0,0.8383968187842975,0.81041520389721,48,middle
48633,33,0,0.48909335052103986,1.4941562430993145,48,middle
48634,34,0,0.9201492037694803,0.8142221535562373,48,middle
48635,35,0,0.5840821417268139,0.697000122375829,48,middle
48636,36,0,0.26301750623228065,0.8776572218617456,48,middle
48637,37,0,0.14462099228615147,0.6310976828308578,48,middle
48638,38,0,0.8367286929596139,0.584363833203843,48,middle
48639,39,0,0.2714586844850978,0.6638652627302026,48,middle
48640,40,0,0.2727471404771948,0.601745104738483,48,middle
48641,41,0,0.4894316641037696,0.63726268937417,48,middle
48642,42,0,0.6131716980155923,0.7577654839907182,48,middle
48643,43,0,0.7121201218719644,0.6337886962490169,48,middle
48644,44,0,0.3860296381736906,0.818186579023457,48,middle
48645,45,0,0.9951632276974247,0.8648448852288078,48,middle
48646,46,0,0.5738326483150207,0.6094408012264032,48,middle
48647,47,0,0.6588776796396225,0.49520770381504736,48,middle
48648,48,0,0.8421192981722259,0.6496152735526242,48,middle
48649,49,0,0.9950431755352769,0.725981529307137,48,middle
48650,50,0,0.6426336053451595,0.5928049600510972,48,middle
48651,51,0,0.463473733474509,0.8871246566851843,48,middle
48652,52,0,0.5040720948826047,0.8281639020015992,48,middle
48653,53,0,0.983708113323831,0.5634719789566243,48,middle
48654,54,0,0.5032641700160108,0.7482125961303374,48,middle
48655,55,0,0.5000044939299905,0.7896752119722363,48,middle
48656,56,0,0.568418518257353,0.5554063667206307,48,middle
48657,57,0,0.6038889191954155,0.7640393619685357,48,middle
48658,58,0,0.7559833584903668,0.8254096385903651,48,middle
48659,59,0,0.5971076275276408,0.5567805372046507,48,middle
48660,60,0,0.502057608051035,0.49696429619038673,48,middle
48661,61,0,0.7040947393496491,1.055598912551724,48,middle
48662,62,0,0.9217545193746118,0.5446890503915772,48,middle
48663,63,0,0.6788027901503844,0.6454653614339363,48,middle
48664,64,0,0.9079982904558546,0.6520644345256186,48,middle
48665,65,0,0.8485039148297788,0.6020499673855653,48,middle
48666,66,0,0.4149285474194002,0.7245745477785843,48,middle
48667,67,0,0.5422171808981859,0.4468330711161238,48,middle
48668,68,0,0.45573264566893174,0.5416606271170215,48,middle
48669,69,0,0.605597939896252,0.5775704284469524,48,middle
48670,70,0,0.9762538175197015,0.352849597439181,48,middle
48671,71,0,0.6957380702374888,0.425261801858423,48,middle
48672,72,0,0.5058569354465564,0.4764992503138711,48,middle
48673,73,0,0.18917690696691186,0.5864953348671422,48,middle
48674,74,0,0.9872704831975243,0.49551622060099343,48,middle
48675,75,0,0.9248853257208043,0.7262702314489669,48,middle
48676,76,0,0.9941024078234735,0.9061579297598901,48,middle
48677,77,0,0.9929390572499246,0.6816977610661559,48,middle
48678,78,0,0.3143225184711129,0.5925899515616453,48,middle
48679,79,0,0.9904608462758097,0.67922977639324,48,middle
48680,80,0,0.4069096225547257,0.7850725390287314,48,middle
48681,81,0,0.15203345525832157,0.6077191331188354,48,middle
48682,82,0,0.9946364115646493,0.48035318761802565,48,middle
48683,83,0,0.6207622551878863,0.5040433569173345,48,middle
48684,84,0,0.8345892029492317,0.5083330522128222,48,middle
48685,85,0,0.016016247367928747,0.6542591966541098,48,middle
48686,86,0,0.5556242755491736,1.1284577410938548,48,middle
48687,87,0,0.8096171216347317,0.4674353940139104,48,middle
48688,88,0,0.9971637505922364,0.4574718426397462,48,middle
48689,89,0,0.9992444399636683,0.6573638362459777,48,middle
48690,90,0,0.4219738605866441,0.7515166497296911,48,middle
48691,91,0,0.7176892953282193,0.27654416049220365,48,middle
48692,92,0,0.07071876471681886,0.8629954648551523,48,middle
48693,93,0,0.3473639007393997,0.8636076749934101,48,middle
48694,94,0,0.7761669978968451,0.6418131860006937,48,middle
48695,95,0,0.1400531896654291,0.6876033838292368,48,middle
48696,96,0,0.6842685811517826,0.3871607516573147,48,middle
48697,97,0,0.9646755557246995,0.31919597495501817,48,middle
48698,98,0,0.9703801027574918,0.5073718626862549,48,middle
48699,99,0,0.5941049719781861,0.7997146029077218,48,middle
48700,100,0,0.006107653033169504,0.7843378517673503,48,middle
48701,101,0,0.902299311668247,0.4604272451045468,48,middle
48702,102,0,0.27483677854415645,0.6086872483286304,48,middle
48703,103,0,0.913693651673956,0.5417815359641289,48,middle
48704,104,0,0.6069496305290447,0.6731861415964012,48,middle
48705,105,0,0.9243325271387504,0.6243428897281397,48,middle
48706,106,0,0.5095465264884871,0.6866274783999453,48,middle
48707,107,0,0.31840010886073516,0.8222654767328553,48,middle
48708,108,0,0.9429135616107616,1.062778776975897,48,middle
48709,109,0,0.9912675831515906,0.6817034951260914,48,middle
48710,110,0,0.8662408317622052,0.5778466867903015,48,middle
48711,111,0,0.47447825918397263,0.7139772550836765,48,middle
48712,112,0,0.8825901805848066,0.47342226871427706,48,middle
48713,113,0,0.9713464388493533,0.41333290138385526,48,middle
48714,114,0,0.9239150042875428,0.6527709392801403,48,middle
48715,115,0,0.8354513662111425,0.41826125194495356,48,middle
48716,116,0,0.44469858284004016,0.46722636338065143,48,middle
48717,117,0,0.8085932467854369,0.44255029445919836,48,middle
48718,118,0,0.8831462157494883,0.5652125568533979,48,middle
48719,119,0,0.5244125369781343,0.6640135643631293,48,middle
48720,120,0,0.49691143466119125,0.6659851244281234,48,middle
48721,121,0,0.44203385657099326,0.6120861912040307,48,middle
48722,122,0,0.11611581127017812,0.7307682854697919,48,middle
48723,123,0,0.9711684046275998,0.41337294194648966,48,middle
48724,124,0,0.4150576308682685,0.4559678717661352,48,middle
48725,125,0,0.6909028569178021,0.6248676317218882,48,middle
48726,126,0,0.38195270779444973,0.6769004827925377,48,middle
48727,127,0,0.9684789532062892,0.5886338065018255,48,middle
48728,128,0,0.5095008083542448,0.5454963488437947,48,middle
48729,129,0,0.963951718612887,0.7710721458441254,48,middle
48730,130,0,0.5219099071876802,0.5569605034492848,48,middle
48731,131,0,0.4290226553250044,0.6539201364411655,48,middle
48732,132,0,0.45325975036384525,0.5926922165318677,48,middle
48733,133,0,0.5356562475792678,0.46650118516589045,48,middle
48734,134,0,0.7174677816740734,0.43253479083962343,48,middle
48735,135,0,0.09038861899680153,0.6887446693804637,48,middle
48736,136,0,0.9526217275658886,0.36456589665052686,48,middle
48737,137,0,0.7059110354200023,0.5771621449179969,48,middle
48738,138,0,0.3982638504075356,0.5301637897512926,48,middle
48739,139,0,0.03342515843081443,0.5582379218756376,48,middle
48740,140,0,0.814438038222602,0.3817848174634436,48,middle
48741,141,0,0.1612452961847721,0.9172340026922076,48,middle
48742,142,0,0.49582402346121857,0.6506060046158273,48,middle
48743,143,0,0.517957136464927,0.5180437226459973,48,middle
48744,144,0,0.6379191125233945,0.8603818027429413,48,middle
48745,145,0,0.9897349510322615,0.9307345869245629,48,middle
48746,146,0,0.736422639641542,0.5214488415513043,48,middle
48747,147,0,0.92518455947017,0.722502720531039,48,middle
48748,148,0,0.9746984251272186,0.46570328393696137,48,middle
48749,149,0,0.9834618747586268,0.48635160259728527,48,middle
48750,150,0,0.8812538896963837,0.5557036048577075,48,middle
48751,151,0,0.8156066881978746,0.6807101167875742,48,middle
48752,152,0,0.9705206529480446,0.38052013744929175,48,middle
48753,153,0,0.8139884807822586,0.4137660648925339,48,middle
48754,154,0,0.43279482104520384,0.4229465588678824,48,middle
48755,155,0,0.9088480893820297,0.4082249168671188,48,middle
48756,156,0,0.5247560063077839,1.0259096539564645,48,middle
48757,157,0,0.9798721733004905,0.49191877864276357,48,middle
48758,158,0,0.8573950260167116,0.5838380103801746,48,middle
48759,159,0,0.6444358914226973,0.36883072929253824,48,middle
48760,160,0,0.9923551511052779,0.5693513741603831,48,middle
48761,161,0,0.9966858974884054,0.4414182563402513,48,middle
48762,162,0,0.5010714294447234,0.5077262241297391,48,middle
48763,163,0,0.6411882478301663,0.6518313355371552,48,middle
48764,164,0,0.8171298165663126,0.503881936889806,48,middle
48765,165,0,0.8427449989272546,0.4199394203246017,48,middle
48766,166,0,0.451136084347809,0.6941128489698549,48,middle
48767,167,0,0.5152363414698875,0.31756039816445636,48,middle
48768,168,0,0.9220779636176675,0.6014380812794868,48,middle
48769,169,0,0.26300357795380735,0.5223046914782984,48,middle
48770,170,0,0.6596379329173272,0.45674768220739936,48,middle
48771,171,0,0.9994584738260277,0.36979876367449227,48,middle
48772,172,0,0.2394808438738288,0.5635863603026012,48,middle
48773,173,0,0.6274843256854998,0.5183853155536171,48,middle
48774,174,0,0.9997711042865775,0.7004492413351879,48,middle
48775,175,0,0.5027724485717245,0.3839740187303494,48,middle
48776,176,0,0.5182761789748762,0.512568943165712,48,middle
48777,177,0,0.983235794640422,0.3823481794557797,48,middle
48778,178,0,0.8277736842917054,0.4258080484439444,48,middle
48779,179,0,0.7923961399929973,0.6530112244479225,48,middle
48780,180,0,0.9924434403037015,0.6108362750962921,48,middle
48781,181,0,0.9930057969436723,0.3662378682537215,48,middle
48782,182,0,0.9496305182949405,0.4324671204768197,48,middle
48783,183,0,0.4996705552139785,0.6002906576645135,48,middle
48784,184,0,0.5673206879638557,0.5502152774793809,48,middle
48785,185,0,0.7908053903106729,0.38161969432495224,48,middle
48786,186,0,0.561936150070137,0.3880607615310076,48,middle
48787,187,0,0.8421994996283039,0.2981408735678335,48,middle
48788,188,0,0.6599016711717858,0.2977648763900224,48,middle
48789,189,0,0.5491319915733304,0.24326662114715453,48,middle
48790,190,0,0.8356294375058444,0.37710484184763526,48,middle
48791,191,0,0.9250691848328947,0.31570710345472713,48,middle
48792,192,0,0.5193404075662076,0.4770877207673667,48,middle
48793,193,0,0.658889791136288,0.5519686984934429,48,middle
48794,194,0,0.9985359961858049,0.43370208920572817,48,middle
48795,195,0,0.517218005494639,0.5524928915439455,48,middle
48796,196,0,0.5080015302541528,0.38183525894401116,48,middle
48797,197,0,0.9961271215302978,0.3598106405550395,48,middle
48798,198,0,0.9846467802799919,0.506912233241038,48,middle
48799,199,0,0.9503873665353781,0.5098745169051794,48,middle
48800,0,0,0.8871155310926216,0.6702090347672919,48,late
48801,1,0,0.7997435265065932,0.585112244997235,48,late
48802,2,0,0.6822679336376285,0.715512843985219,48,late
48803,3,0,0.17897819213422725,0.9787655957775119,48,late
48804,4,0,0.501230488071683,0.6849074473196031,48,late
48805,5,0,0.5908469442835573,0.5821195937776839,48,late
48806,6,0,0.1688090245580213,0.6898659498024722,48,late
48807,7,0,0.3933970850636561,0.9051270908156164,48,late
48808,8,0,0.4540014933064255,0.921086311578525,48,late
48809,9,0,0.14345376533516097,0.8671855672019672,48,late
48810,10,0,0.511037559114769,0.4878477193620815,48,late
48811,11,0,0.5337903736707307,0.6350291505467311,48,late
48812,12,0,0.491039301132918,0.8656960416126225,48,late
48813,13,0,0.5263160383240092,0.6680616217887609,48,late
48814,14,0,0.5755084320994462,0.575354691011389,48,late
48815,15,0,0.5199085041970513,0.7357456324052905,48,late
48816,16,0,0.5022569172998125,0.7072811701950614,48,late
48817,17,0,0.2766528327822684,0.672048809632702,48,late
48818,18,0,0.5646286307856387,0.7305340659930794,48,late
48819,19,0,0.16664375620171315,0.7084413517433461,48,late
48820,20,0,0.4483130402817907,0.9505983531613502,48,late
48821,21,0,0.5186231829947592,0.6477777896273524,48,late
48822,22,0,0.17590128849862727,0.749737488645672,48,late
48823,23,0,0.5137949801384405,0.6348732233893517,48,late
48824,24,0,0.1474995088805482,0.7754117305222039,48,late
48825,25,0,0.4961755350927397,0.8200935640877741,48,late
48826,26,0,0.5011992397865359,0.537020468984663,48,late
48827,27,0,0.7041969977381344,0.530568872103305,48,late
48828,28,0,0.5558307020385004,0.8538278440953273,48,late
48829,29,0,0.4553926708710191,0.8492349769588445,48,late
48830,30,0,0.6706550254951662,1.0977290027311004,48,late
48831,31,0,0.4971266137538768,0.8971563623959752,48,late
48832,32,0,0.0048350225545425755,1.0873793988743643,48,late
48833,33,0,0.7625419637178693,0.9196851362774727,48,late
48834,34,0,0.0004967552735099527,1.0695102061177855,48,late
48835,35,0,0.47203970169898263,0.7248250124101852,48,late
48836,36,0,0.395085519347666,0.5932422552610714,48,late
48837,37,0,0.5746531886271224,0.8749470714142765,48,late
48838,38,0,0.9888881905432598,0.6527993111142503,48,late
48839,39,0,0.21942263652737418,0.5783678607404446,48,late
48840,40,0,0.5002348843939955,0.6419898614733909,48,late
48841,41,0,0.49993717861631803,0.8938771208082896,48,late
48842,42,0,0.5007885815087412,0.6914878730115407,48,late
48843,43,0,0.7894721165107792,0.6487478929141812,48,late
48844,44,0,0.8597454491319234,0.8934730682839147,48,late
48845,45,0,0.9639157746339059,0.6278165876507504,48,late
48846,46,0,0.16734082492530153,0.8951585554315709,48,late
48847,47,0,0.05051918149998453,0.6283830804142461,48,late
48848,48,0,0.7673424288541326,0.6715643724006531,48,late
48849,49,0,0.6590349890907293,0.6602514262329646,48,late
48850,50,0,0.9921231238796269,0.8386335782695344,48,late
48851,51,0,0.40858284474938583,0.8518816577967437,48,late
48852,52,0,0.4992208338406533,0.883562090192184,48,late
48853,53,0,0.00074914565273743,0.9164167887238972,48,late
48854,54,0,0.49970746868365346,0.9421304472614469,48,late
48855,55,0,0.5287565418330331,0.555467626787544,48,late
48856,56,0,0.7710137003232271,0.5140601028668743,48,late
48857,57,0,0.4927851334013065,0.6939583023378633,48,late
48858,58,0,0.5954552026870185,0.8776871279926719,48,late
48859,59,0,0.8668501957453336,0.5589432162281506,48,late
48860,60,0,0.4998936501141188,1.147408925880517,48,late
48861,61,0,0.44429446108280346,0.7065262027689738,48,late
48862,62,0,0.7379505213534996,0.7440226243072507,48,late
48863,63,0,0.45579127891137206,0.6322963803509873,48,late
48864,64,0,0.04210807430546688,1.1222377464947981,48,late
48865,65,0,0.48912596942860054,0.6336843374966818,48,late
48866,66,0,0.5125371872532022,0.6675638408683231,48,late
48867,67,0,0.5504706087962735,0.5353170636783189,48,late
48868,68,0,0.5852654398563191,0.6623542385669214,48,late
48869,69,0,0.4964842155391511,0.7829581481619792,48,late
48870,70,0,0.5011779427219077,0.6754692878056422,48,late
48871,71,0,0.38215859555207965,0.6151377684932815,48,late
48872,72,0,0.2788359540377247,0.825576638643881,48,late
48873,73,0,0.282014908552904,0.8171540138851775,48,late
48874,74,0,0.5182214115481234,0.7634703951852417,48,late
48875,75,0,0.0717269165367033,0.8179075485762008,48,late
48876,76,0,0.6003230071889499,0.5262339216749218,48,late
48877,77,0,0.5279072657558179,0.4551033625255569,48,late
48878,78,0,0.4938014541371071,0.8023990221055126,48,late
48879,79,0,0.4663644012019471,0.6364503163750854,48,late
48880,80,0,0.8532159305930536,0.6991920795362765,48,late
48881,81,0,0.5002079814736468,0.6282889827066027,48,late
48882,82,0,0.4909125042812334,0.7876562215811043,48,late
48883,83,0,0.4980081685427591,0.7733629131129219,48,late
48884,84,0,0.8696889836206194,0.4400164504012045,48,late
48885,85,0,0.5517555523114412,0.5541412409850066,48,late
48886,86,0,0.50074363258239,0.7490601010945294,48,late
48887,87,0,0.17754575407150427,0.7678663538445851,48,late
48888,88,0,0.4950485558469401,0.5686374669673783,48,late
48889,89,0,0.9988782871578847,0.6177867718299674,48,late
48890,90,0,0.6575028557429412,0.8632252439996404,48,late
48891,91,0,0.009542703125755775,1.0710362003165705,48,late
48892,92,0,0.9331275940795553,0.9601817891375641,48,late
48893,93,0,0.42830256307479087,0.7286460751037868,48,late
48894,94,0,0.0678340870283714,0.5830770556337787,48,late
48895,95,0,0.48926314606146704,0.7525802066198768,48,late
48896,96,0,0.6086191117247765,0.47474094858080207,48,late
48897,97,0,0.3706078096355456,0.5385491961861121,48,late
48898,98,0,0.9632193334132115,0.6098264524562114,48,late
48899,99,0,0.9948204174601052,0.7805345580447137,48,late
48900,100,0,0.5041349485658964,0.8360514489445445,48,late
48901,101,0,0.8539974998553259,0.3446592793917471,48,late
48902,102,0,0.5304041470441181,0.46605716738461,48,late
48903,103,0,0.9564142443033585,0.5175170009116172,48,late
48904,104,0,0.9910962505442715,0.4981019045609861,48,late
48905,105,0,0.8331628112123044,0.744335548115749,48,late
48906,106,0,0.008589322477679908,1.2411004327857247,48,late
48907,107,0,0.5598417501051797,0.702542657162758,48,late
48908,108,0,0.5890224532071896,0.5685676717312667,48,late
48909,109,0,0.5769362236653284,0.5337815967160977,48,late
48910,110,0,0.9412183329302177,0.5210105365675244,48,late
48911,111,0,0.9392588450775,0.8879990350191449,48,late
48912,112,0,0.8962948781349145,0.7141061494512995,48,late
48913,113,0,0.9874662322736505,0.38820667903333883,48,late
48914,114,0,0.0005094144445150506,0.9771054366717589,48,late
48915,115,0,0.9970853315547947,0.6297812148438033,48,late
48916,116,0,0.519737430585671,0.6182688916724037,48,late
48917,117,0,0.45553507146515,0.7418593403144078,48,late
48918,118,0,0.4992702915784057,1.1156351534122457,48,late
48919,119,0,0.32955985082309125,0.8482042763764825,48,late
48920,120,0,0.48093924976987146,0.9950521936280148,48,late
48921,121,0,0.00025089458162451227,1.1442401636019235,48,late
48922,122,0,0.22416353750249537,1.2025632695613653,48,late
48923,123,0,0.0588409083432743,0.9640394137760735,48,late
48924,124,0,0.9960508393967679,0.4861338457231241,48,late
48925,125,0,0.9873948476136984,0.39320651560659614,48,late
48926,126,0,0.9155003586935626,0.6741458991106342,48,late
48927,127,0,0.00014520263757675862,1.2548120931233333,48,late
48928,128,0,0.7743962228017933,0.8467439753100832,48,late
48929,129,0,0.596605708853065,0.46054126446908766,48,late
48930,130,0,0.09625208817235108,0.7804209293320798,48,late
48931,131,0,0.6657219570134665,0.6053876465993844,48,late
48932,132,0,0.5847100635417433,0.8664512533194246,48,late
48933,133,0,0.3061080453509695,0.8146412239647747,48,late
48934,134,0,0.6203939529918417,0.6308631234032533,48,late
48935,135,0,0.22333849535267833,0.7861590866590343,48,late
48936,136,0,0.13905979252159537,0.5733746370147735,48,late
48937,137,0,0.01037920765217262,0.7045880821452266,48,late
48938,138,0,0.01440408271465704,0.78707080688894,48,late
48939,139,0,0.9092297591379179,0.6415928528805681,48,late
48940,140,0,0.015587625025145784,0.6290767115645216,48,late
48941,141,0,0.14113101138642617,0.5917943218977147,48,late
48942,142,0,0.0023253682141597134,0.8055346483238703,48,late
48943,143,0,0.9410688420501491,0.6411454258294498,48,late
48944,144,0,0.0036785308921280157,0.6502626531794111,48,late
48945,145,0,0.04548951976118252,0.5293169488480134,48,late
48946,146,0,0.16740875380225,0.5627788873925811,48,late
48947,147,0,0.8447198357918186,0.8436180451158231,48,late
48948,148,0,0.9340956052585464,0.4658763723190986,48,late
48949,149,0,0.38001516810353014,0.6744696862936544,48,late
48950,150,0,0.49099855358864775,0.7444250576231667,48,late
48951,151,0,0.39129115711265483,0.4408760654331202,48,late
48952,152,0,0.5040404091228978,0.6677868402861553,48,late
48953,153,0,0.04275543573614477,0.8302437718995352,48,late
48954,154,0,0.9971226353264044,0.670498526439099,48,late
48955,155,0,0.9389717330252006,0.7665624246167284,48,late
48956,156,0,0.036546064892320845,0.504829226552952,48,late
48957,157,0,0.36558941840566406,0.6842320691500718,48,late
48958,158,0,0.8156829340298859,0.5515741380338399,48,late
48959,159,0,0.0001273627431788892,0.8554806101261496,48,late
48960,160,0,0.6925245282164769,0.6421753645231099,48,late
48961,161,0,0.5009443667862236,0.8100990988435519,48,late
48962,162,0,0.8766521276505168,0.5894082363198664,48,late
48963,163,0,0.028198338250820045,0.8375043914514028,48,late
48964,164,0,0.9358835874240927,0.5718545888445906,48,late
48965,165,0,0.5960968642766578,0.557452885462713,48,late
48966,166,0,0.49251137015483776,0.7412666369050135,48,late
48967,167,0,0.32136118205878234,0.764246172826947,48,late
48968,168,0,0.982027594309659,0.3545800978842044,48,late
48969,169,0,0.4858153236689955,0.5638745706831085,48,late
48970,170,0,0.09562767247528997,0.7888512328975064,48,late
48971,171,0,0.018273340612395227,0.9922119125917807,48,late
48972,172,0,0.9934636273957758,0.6826640557313874,48,late
48973,173,0,0.4543984160818957,0.7720981279139272,48,late
48974,174,0,0.9794995429556752,0.612772275231399,48,late
48975,175,0,0.43424899238613107,0.8138570943801513,48,late
48976,176,0,0.19828836340907638,0.83025543831089,48,late
48977,177,0,0.8235382655824461,0.4972430178433577,48,late
48978,178,0,0.9088382973360196,0.7351157114541679,48,late
48979,179,0,0.12724166720125168,0.7599870960482813,48,late
48980,180,0,0.5008608979453092,0.7708915275376383,48,late
48981,181,0,0.3303115189858918,0.6150373626347535,48,late
48982,182,0,0.12744509981302768,0.6991529025739351,48,late
48983,183,0,0.9776925263475251,0.43826305966085194,48,late
48984,184,0,0.5036583846341629,0.36807027827342575,48,late
48985,185,0,0.4833706334067654,0.6981012246644528,48,late
48986,186,0,0.1512421788191772,0.617045262370475,48,late
48987,187,0,0.5314685323032023,0.7122171998442148,48,late
48988,188,0,0.4384067540365596,0.4684885936206895,48,late
48989,189,0,0.10881770106408895,0.7614689918229054,48,late
48990,190,0,0.6300799246701594,0.6093739916444612,48,late
48991,191,0,0.5551587452695737,0.46600793506300375,48,late
48992,192,0,0.9627348243402534,0.2995709717274415,48,late
48993,193,0,0.46848794529254423,0.9813790681942842,48,late
48994,194,0,0.20854939939918746,0.9375483425982538,48,late
48995,195,0,0.1663643434676964,0.7338405383346913,48,late
48996,196,0,0.24736944352470316,0.9201573478495065,48,late
48997,197,0,0.5188562160467943,0.46253211180332965,48,late
48998,198,0,0.8935487273095686,0.4095352759882072,48,late
48999,199,0,0.9409048783694884,0.39443553954587596,48,late
49000,0,0,0.31329449030166656,0.9922881675092385,49,interleaved
49001,1,0,0.6959515646627762,0.5224481985990614,49,interleaved
49002,2,0,0.5241772961303193,0.6227906565828814,49,interleaved
49003,3,0,0.6513813621214908,0.5072978093657823,49,interleaved
49004,4,0,0.48498492542112714,0.6662753509008825,49,interleaved
49005,5,0,0.20545912656016732,0.6206787531696571,49,interleaved
49006,6,0,0.5010801041313417,0.5995910612697586,49,interleaved
49007,7,0,0.4425822468938585,0.8147406765462155,49,interleaved
49008,8,0,0.5000698902845437,0.6855677684821634,49,interleaved
49009,9,0,0.8640749915667386,0.6516894422969733,49,interleaved
49010,10,0,0.5018294293336307,0.5013290326955484,49,interleaved
49011,11,0,0.6947611840474214,0.4766016902659167,49,interleaved
49012,12,0,0.944541129332632,0.8399729036873957,49,interleaved
49013,13,0,0.1807647054128355,0.8855194745416906,49,interleaved
49014,14,0,0.4772191900066244,0.7389423769971375,49,interleaved
49015,15,0,0.46703414890358713,0.8384241317602561,49,interleaved
49016,16,0,0.5458863899971471,0.8745527210193149,49,interleaved
49017,17,0,0.03846410287782654,0.7164975681844792,49,interleaved
49018,18,0,0.8962851169355949,0.46208009803866,49,interleaved
49019,19,0,0.08995266962498849,0.6462320802124606,49,interleaved
49020,20,0,0.5018833624009893,0.7238918318420275,49,interleaved
49021,21,0,0.002680922149370493,1.1405169218010975,49,interleaved
49022,22,0,0.5004021971010887,0.7811602790352241,49,interleaved
49023,23,0,0.21610838351328532,0.7473943814735825,49,interleaved
49024,24,0,0.4967605932172145,0.7261053147138827,49,interleaved
49025,25,0,0.016310749300628598,1.0228544505980925,49,interleaved
49026,26,0,0.5128075801828023,0.6576507827213114,49,interleaved
49027,27,0,0.00222913427221835,1.3718789357700774,49,interleaved
49028,28,0,0.528910477874526,0.5565064130378918,49,interleaved
49029,29,0,0.17015715332340609,0.8800359742803802,49,interleaved
49030,30,0,0.5042806785085445,0.8344702881832279,49,interleaved
49031,31,0,0.2141087524035859,1.0390567576930547,49,interleaved
49032,32,0,0.5000016579429108,0.9327264193422363,49,interleaved
49033,33,0,0.8581447010914894,0.46034137605155767,49,interleaved
49034,34,0,0.5000017059486814,0.970632780522745,49,interleaved
49035,35,0,0.015177612922949758,0.9705581326281753,49,interleaved
49036,36,0,0.5002479307235422,1.4487083846185085,49,interleaved
49037,37,0,0.011548749086024507,0.8601832366987326,49,interleaved
49038,38,0,0.5001651388007033,0.7660281057141167,49,interleaved
49039,39,0,0.8782765247870075,0.438277638192742,49,interleaved
49040,40,0,0.5033468787046559,0.6200069022520434,49,interleaved
49041,41,0,0.4000061751242035,0.7690519068127111,49,interleaved
49042,42,0,0.987368467191444,0.7530110117718403,49,interleaved
49043,43,0,0.9511706743444219,0.594803976600041,49,interleaved
49044,44,0,0.5000051384716812,0.8553618597194265,49,interleaved
49045,45,0,6.295601865129489e-05,1.1746207041732746,49,interleaved
49046,46,0,0.5000055788233255,1.025457968801686,49,interleaved
49047,47,0,0.002806961617223171,0.7519961596370202,49,interleaved
49048,48,0,0.5002492589286284,1.0106657156802463,49,interleaved
49049,49,0,0.19628705629341706,0.7271996047936196,49,interleaved
49050,50,0,0.523920118979058,0.6058509294530137,49,interleaved
49051,51,0,0.8858062405986307,0.6809955596113633,49,interleaved
49052,52,0,0.9095886081735829,0.669621411384312,49,interleaved
49053,53,0,0.0014324626228409405,1.064880740557928,49,interleaved
49054,54,0,0.5090750682010661,1.0140464110877614,49,interleaved
49055,55,0,0.4490635495836505,0.7167729064125667,49,interleaved
49056,56,0,0.4996488189945623,0.6175181926368902,49,interleaved
49057,57,0,0.9986094558298029,0.6231237223585864,49,interleaved
49058,58,0,0.4858979346180384,0.672561406700629,49,interleaved
49059,59,0,0.5919422863094554,0.9861213881321833,49,interleaved
49060,60,0,0.9986770372203193,0.7817187427495267,49,interleaved
49061,61,0,0.08278709424481817,0.576481484334679,49,interleaved
49062,62,0,0.9923586914099594,0.5890933257870874,49,interleaved
49063,63,0,0.0004697381858099843,1.2048351903168466,49,interleaved
49064,64,0,0.9989538786617916,0.8224468006649424,49,interleaved
49065,65,0,0.00023803008604397947,0.9362763202707615,49,interleaved
49066,66,0,0.5011854156668483,0.8830173188883015,49,interleaved
49067,67,0,0.0013566371033975925,0.9053119594174328,49,interleaved
49068,68,0,0.5000195673436384,1.0019729378039277,49,interleaved
49069,69,0,0.9680849258782651,0.8416660600773604,49,interleaved
49070,70,0,0.8840044875297048,0.5581389174317681,49,interleaved
49071,71,0,0.7992802971748236,0.6869588288825494,49,interleaved
49072,72,0,0.3855345260562843,0.8635587763859607,49,interleaved
49073,73,0,0.5094999945179747,0.8144539739471924,49,interleaved
49074,74,0,0.9390239388697494,0.7717416614963095,49,interleaved
49075,75,0,0.4204146067476423,0.8743953176359305,49,interleaved
49076,76,0,0.5325150579761876,0.5652879064447281,49,interleaved
49077,77,0,0.08058655100232553,0.7055893030119191,49,interleaved
49078,78,0,0.49999938533633437,1.062226034884803,49,interleaved
49079,79,0,0.37669160475392893,0.7177546624056002,49,interleaved
49080,80,0,0.5061032999082347,0.711571695094168,49,interleaved
49081,81,0,0.38404504964496566,0.6055025548037447,49,interleaved
49082,82,0,0.8210501985707743,0.5818042593194566,49,interleaved
49083,83,0,0.07825517205101845,0.536649075245764,49,interleaved
49084,84,0,0.7208181269173514,0.5277307386839759,49,interleaved
49085,85,0,0.7093543859147451,0.41173772395362374,49,interleaved
49086,86,0,0.41892659302001883,0.5599011189083102,49,interleaved
49087,87,0,0.22787101071690072,0.7090874241056697,49,interleaved
49088,88,0,0.5010821655870993,0.7182672825142185,49,interleaved
49089,89,0,0.6734196954845086,0.3268319608525211,49,interleaved
49090,90,0,0.5338847235440334,0.5309285448699872,49,interleaved
49091,91,0,0.20484453505315708,0.6116314539650815,49,interleaved
49092,92,0,0.503447227375334,0.6682479123664049,49,interleaved
49093,93,0,0.4306742927306424,0.35061863802384846,49,interleaved
49094,94,0,0.9718349935326525,0.8355727732332148,49,interleaved
49095,95,0,0.8723450545455623,0.6225045714460613,49,interleaved
49096,96,0,0.6116064377787498,0.6585525471531136,49,interleaved
49097,97,0,0.0013059503521664218,0.8780466978316421,49,interleaved
49098,98,0,0.4999543798831156,0.9390962944569279,49,interleaved
49099,99,0,0.39759481349865883,1.0264282079795866,49,interleaved
49100,100,0,0.5064658724651606,0.8192565194449641,49,interleaved
49101,101,0,0.0732975050960391,0.7867677779768089,49,interleaved
49102,102,0,0.6325874703415898,0.5838153838767902,49,interleaved
49103,103,0,0.020832300143361918,1.077354170968911,49,interleaved
49104,104,0,0.4999349902374851,0.6658420698018288,49,interleaved
49105,105,0,0.4612567980431785,0.6554350375610263,49,interleaved
49106,106,0,0.49266518256320424,0.9607707813421206,49,interleaved
49107,107,0,0.48618723036202144,0.8663688000474838,49,interleaved
49108,108,0,0.5001084214801542,0.8397430939740859,49,interleaved
49109,109,0,0.0005728950465305383,1.058089475682572,49,interleaved
49110,110,0,0.44321986983272177,0.8783317905206625,49,interleaved
49111,111,0,0.2533196820978663,0.34051361138537656,49,interleaved
49112,112,0,0.6644318026101166,0.4603449931076027,49,interleaved
49113,113,0,0.6456866123099578,0.5144800645230293,49,interleaved
49114,114,0,0.49828469276375803,0.8959471492703317,49,interleaved
49115,115,0,0.4886383829941055,0.8133368985354258,49,interleaved
49116,116,0,0.9682516294002004,0.5950206725762142,49,interleaved
49117,117,0,0.4381773796750105,0.6508083203573272,49,interleaved
49118,118,0,0.8992447632010334,0.436771141197252,49,interleaved
49119,119,0,0.9056788475176979,0.5796243721298873,49,interleaved
49120,120,0,0.8962829979414781,0.5413374699950477,49,interleaved
49121,121,0,0.9657377310034365,0.2666089761725602,49,interleaved
49122,122,0,0.6145882931355657,0.4881405019510967,49,interleaved
49123,123,0,0.5819298050184807,0.3969164294932438,49,interleaved
49124,124,0,0.0479213525262517,0.9503821019918423,49,interleaved
49125,125,0,0.4674142829123777,0.5924018536209761,49,interleaved
49126,126,0,0.7524295040416547,0.6282471655096793,49,interleaved
49127,127,0,0.9970307130646032,0.367096186933457,49,interleaved
49128,128,0,0.500069505561386,1.1131912163264355,49,interleaved
49129,129,0,0.9999971612729501,0.7116159042169126,49,interleaved
49130,130,0,0.09995507623890428,0.639921608674415,49,interleaved
49131,131,0,0.7467711885527235,0.6321049682329506,49,interleaved
49132,132,0,0.500030596380217,0.6170868505077681,49,interleaved
49133,133,0,0.8001345053355363,0.40467963375840876,49,interleaved
49134,134,0,0.3870302600497114,0.7076348693865058,49,interleaved
49135,135,0,0.7939276865899019,0.5704383257343255,49,interleaved
49136,136,0,0.5066224086400475,0.5783792132727801,49,interleaved
49137,137,0,0.5508568685470849,0.6580128879974512,49,interleaved
49138,138,0,0.373298491778328,0.5965390936034394,49,interleaved
49139,139,0,0.24481215067203038,0.9857556063636789,49,interleaved
49140,140,0,0.5169224245197962,0.45216959945589397,49,interleaved
49141,141,0,0.6173082060083928,0.5783593187817841,49,interleaved
49142,142,0,0.4956896924163603,0.5715149333095529,49,interleaved
49143,143,0,0.6806336369409699,0.5404007960118583,49,interleaved
49144,144,0,0.8296376427255597,0.6763477320907738,49,interleaved
49145,145,0,0.9458772326756711,0.644851203387747,49,interleaved
49146,146,0,0.5087825776564708,0.7476519480822497,49,interleaved
49147,147,0,0.0005645762804478574,1.252715391796987,49,interleaved
49148,148,0,0.5158920925591742,0.7001827340305129,49,interleaved
49149,149,0,0.48380308678076284,0.69971481644835,49,interleaved
49150,150,0,0.5041591959749552,0.6230503350752958,49,interleaved
49151,151,0,5.6722107417023996e-05,1.1674828066848877,49,interleaved
49152,152,0,0.5684051439053704,0.6206552854522922,49,interleaved
49153,153,0,0.38833532516032954,0.6119779070187596,49,interleaved
49154,154,0,0.702433401913725,0.7426739413580941,49,interleaved
49155,155,0,0.179284778567938,0.8193017154025326,49,interleaved
49156,156,0,0.5097528638616484,0.7825577594810256,49,interleaved
49157,157,0,0.21806342845811333,0.6249355357863536,49,interleaved
49158,158,0,0.8500157176341485,0.8840714044281518,49,interleaved
49159,159,0,0.04838808760764089,0.5676868598550925,49,interleaved
49160,160,0,0.5062327692181524,0.7219872563191692,49,interleaved
49161,161,0,0.8367747699701241,0.551759549580526,49,interleaved
49162,162,0,0.8775753769600609,0.47556123444343423,49,interleaved
49163,163,0,0.5956593067768501,0.664164884340508,49,interleaved
49164,164,0,0.5277907842508802,0.49885567753263904,49,interleaved
49165,165,0,0.2740102182157082,0.5469038275872729,49,interleaved
49166,166,0,0.0029969606707279926,0.941106772543753,49,interleaved
49167,167,0,0.9571642929019796,0.8279787472688864,49,interleaved
49168,168,0,0.936138270761238,0.485544852300544,49,interleaved
49169,169,0,0.4884256918636254,0.7397502878475409,49,interleaved
49170,170,0,0.4707069635296012,0.8489372528271315,49,interleaved
49171,171,0,0.4628721718265243,0.8106699322217724,49,interleaved
49172,172,0,0.48922041670894817,0.6950268885885846,49,interleaved
49173,173,0,0.01553831153057416,0.8897604431417867,49,interleaved
49174,174,0,0.7997342942042371,0.4875533050836312,49,interleaved
49175,175,0,0.5366395650966064,0.5403344542840964,49,interleaved
49176,176,0,0.9224916254566358,0.6628658071553293,49,interleaved
49177,177,0,0.5004464532899783,1.1885152265469352,49,interleaved
49178,178,0,0.558012226746628,0.4375750396181346,49,interleaved
49179,179,0,0.7662444140775155,0.5868202082628178,49,interleaved
49180,180,0,0.5385183980797843,0.6204704350280326,49,interleaved
49181,181,0,0.7955114642760386,0.6170657479971025,49,interleaved
49182,182,0,0.8741969115495984,0.4515462531378041,49,interleaved
49183,183,0,0.8354259141045661,0.9329597301466397,49,interleaved
49184,184,0,0.3133447667686457,0.7174800771133398,49,interleaved
49185,185,0,0.508515998841542,0.6516573140507751,49,interleaved
49186,186,0,0.2293993304480297,0.8429766528732439,49,interleaved
49187,187,0,0.007495312531776583,0.6102715069700421,49,interleaved
49188,188,0,0.48518623255519894,0.602818987066866,49,interleaved
49189,189,0,0.4883951432525502,0.6250245508586225,49,interleaved
49190,190,0,0.9962126168819688,0.499477711467262,49,interleaved
49191,191,0,0.445510797471023,0.6686078389224052,49,interleaved
49192,192,0,0.12167424578902114,1.0249287042784814,49,interleaved
49193,193,0,0.5785014507987201,0.6713333216254223,49,interleaved
49194,194,0,0.02820978879980594,0.8158202540044692,49,interleaved
49195,195,0,0.5000033934597385,0.9231422117229209,49,interleaved
49196,196,0,0.9895620552990045,0.6348241316531353,49,interleaved
49197,197,0,0.5186478306005402,0.4796856678497647,49,interleaved
49198,198,0,0.5704922330893388,0.5704554690590335,49,interleaved
49199,199,0,0.48040831197113487,0.5147998750008405,49,interleaved
49200,0,0,0.017086247051275608,0.8211476021063293,49,blocked
49201,1,0,0.5097655187398156,0.4713096601839229,49,blocked
49202,2,0,0.3994439582282846,0.6196879311534649,49,blocked
49203,3,0,0.9977431743536019,0.9627454294382058,49,blocked
49204,4,0,0.5261954118591068,0.6084514298206265,49,blocked
49205,5,0,0.6686594563939576,0.5851211294076049,49,blocked
49206,6,0,0.1940247578259755,0.6917280952859786,49,blocked
49207,7,0,0.7862091310222661,0.4802951349548116,49,blocked
49208,8,0,0.02377308436728063,0.8182725763949097,49,blocked
49209,9,0,0.2985244110275013,0.559169177928144,49,blocked
49210,10,0,0.8754999723264415,0.4956451725973189,49,blocked
49211,11,0,0.07081202260773295,0.6808480040516574,49,blocked
49212,12,0,0.7819230856578738,0.4490801945191566,49,blocked
49213,13,0,0.16827781621757182,0.6438534708964401,49,blocked
49214,14,0,0.4531925709748942,0.5346877244927013,49,blocked
49215,15,0,0.9760795694444606,0.6693747219423105,49,blocked
49216,16,0,0.5265145914645454,0.6967339543768467,49,blocked
49217,17,0,0.03794577857400041,0.6673181729662911,49,blocked
49218,18,0,0.8783967485713857,0.43677939059442294,49,blocked
49219,19,0,0.48483691951596525,0.5065726414945473,49,blocked
49220,20,0,0.015283019624008954,0.8807702679584034,49,blocked
49221,21,0,0.9949453403270395,0.9124718822468016,49,blocked
49222,22,0,0.3281942411664339,0.4875160461415312,49,blocked
49223,23,0,0.7464214780477658,0.5756799397862608,49,blocked
49224,24,0,0.9634666885616787,0.8137769390848286,49,blocked
49225,25,0,0.7071527273260295,0.5875586414878098,49,blocked
49226,26,0,0.9930858020338129,0.6668339096846749,49,blocked
49227,27,0,0.2452314228232638,0.4804640028204337,49,blocked
49228,28,0,0.15978735483674095,0.7365027448035585,49,blocked
49229,29,0,0.45110174360640015,0.8176729790493202,49,blocked
49230,30,0,0.5828495761479635,0.7469638200495652,49,blocked
49231,31,0,0.32741762711609046,0.7879884347082997,49,blocked
49232,32,0,0.9897034360560393,0.6592491612960241,49,blocked
49233,33,0,0.9690372811802084,0.6565044122306583,49,blocked
49234,34,0,0.45672320158120194,0.6804612201760463,49,blocked
49235,35,0,0.09072410726643494,0.7507427877564784,49,blocked
49236,36,0,0.5959096996393359,0.6261256888304101,49,blocked
49237,37,0,0.263475122889554,0.5211888967340076,49,blocked
49238,38,0,0.6025070739206456,0.4616864306859495,49,blocked
49239,39,0,0.8105168380462916,0.7628589254833904,49,blocked
49240,40,0,0.40731756128480806,0.5812965353649328,49,blocked
49241,41,0,0.35636723619128186,0.4642729873708269,49,blocked
49242,42,0,0.007896908087957543,1.192707037983768,49,blocked
49243,43,0,0.7114842116668254,0.39152365402723427,49,blocked
49244,44,0,0.9199562859628555,0.5743647325542998,49,blocked
49245,45,0,0.6303342991064015,0.77916402425474,49,blocked
49246,46,0,0.5087263647171979,0.3928257753170884,49,blocked
49247,47,0,0.009884726583327931,0.9256766009002972,49,blocked
49248,48,0,0.5801937302761062,0.6035845210394692,49,blocked
49249,49,0,0.8278240987287714,0.3780914600180677,49,blocked
49250,50,0,0.4999078208312047,0.3546599777268187,49,blocked
49251,51,0,0.4961599803373069,0.5917424521314625,49,blocked
49252,52,0,0.027387566264825355,0.5251419396897424,49,blocked
49253,53,0,0.8121660254902658,0.38693989779677107,49,blocked
49254,54,0,0.3906812607350901,0.5121728050325992,49,blocked
49255,55,0,0.7505805382773181,0.6267754626787371,49,blocked
49256,56,0,0.6396702318161034,0.4300096469797761,49,blocked
49257,57,0,0.5224164889304928,0.5349167309885136,49,blocked
49258,58,0,0.991177452618379,0.4300429777746227,49,blocked
49259,59,0,0.9821116759094491,0.3796531578840694,49,blocked
49260,60,0,0.8597116938581234,0.5121488463034299,49,blocked
49261,61,0,0.5732971581442338,0.8202966127499827,49,blocked
49262,62,0,0.9989136511481614,0.47663213827230844,49,blocked
49263,63,0,0.9939909911836109,0.4516839085090373,49,blocked
49264,64,0,0.9248442433553159,0.4295818669532588,49,blocked
49265,65,0,0.4134119566134864,0.6465322662483142,49,blocked
49266,66,0,0.8324287912438979,0.44766495754637237,49,blocked
49267,67,0,0.6151268492186619,0.48291006273918613,49,blocked
49268,68,0,0.8033991726690302,0.6240275563573283,49,blocked
49269,69,0,0.8742500387437709,0.493320236884736,49,blocked
49270,70,0,0.5140317839309939,0.7825929538382712,49,blocked
49271,71,0,0.566377260731622,0.6280818511868448,49,blocked
49272,72,0,0.9997183080238039,0.44932787263162854,49,blocked
49273,73,0,0.9919795598752656,0.4977396752968729,49,blocked
49274,74,0,0.7374539410676813,0.5930169414636842,49,blocked
49275,75,0,0.6526699685519861,0.42340585588559,49,blocked
49276,76,0,0.9977444702442014,0.4972410754357236,49,blocked
49277,77,0,0.999701497978293,0.6604399289577769,49,blocked
49278,78,0,0.8788239270905465,0.31837916108143155,49,blocked
49279,79,0,0.5127799777826663,0.5516214793165048,49,blocked
49280,80,0,0.9160410116888429,0.4688350837955558,49,blocked
49281,81,0,0.4963082050202907,0.518363975490179,49,blocked
49282,82,0,0.612494717493248,0.5047634283907233,49,blocked
49283,83,0,0.5058204788029155,0.3602627082370877,49,blocked
49284,84,0,0.0256652957385962,0.9123375324614554,49,blocked
49285,85,0,0.9986692029979027,0.4477382968371446,49,blocked
49286,86,0,0.8180962713710523,0.43006412083533585,49,blocked
49287,87,0,0.16004695350112627,0.5100910792745943,49,blocked
49288,88,0,0.41965470406295224,0.39308325676380396,49,blocked
49289,89,0,0.9968397273975655,0.44570667479910964,49,blocked
49290,90,0,0.4159404447627826,0.6645716272087743,49,blocked
49291,91,0,0.5228321704260489,0.6515791113228271,49,blocked
49292,92,0,0.8493704204394654,0.5937632722293134,49,blocked
49293,93,0,0.7271454658028207,0.7057662985047253,49,blocked
49294,94,0,0.5775255138707547,0.5077109047020146,49,blocked
49295,95,0,0.6546647498686262,0.5079739980153962,49,blocked
49296,96,0,0.9988380873747391,0.6320396369948751,49,blocked
49297,97,0,0.6610647588238141,0.5380774345050592,49,blocked
49298,98,0,0.9990045887226412,0.6422257318063801,49,blocked
49299,99,0,0.8852299869888491,0.503740433162473,49,blocked
49300,100,0,0.1498805971425753,0.5599379931170989,49,blocked
49301,101,0,0.8570087876090848,0.47394206345963774,49,blocked
49302,102,0,0.724975301881676,0.5197799810689298,49,blocked
49303,103,0,0.5250292823268471,0.5478959414315894,49,blocked
49304,104,0,0.8801842488430693,0.44268280664569293,49,blocked
49305,105,0,0.96556416232196,0.4696680060688907,49,blocked
49306,106,0,0.9967921185496851,0.5065737094911733,49,blocked
49307,107,0,0.06723010360885794,0.5769905863005207,49,blocked
49308,108,0,0.38692779733087973,0.7899987467520162,49,blocked
49309,109,0,0.9978966917559984,0.40167733734998634,49,blocked
49310,110,0,0.9876854932703883,0.5789515270111611,49,blocked
49311,111,0,0.9055722770430377,0.48525010781317013,49,blocked
49312,112,0,0.8407868434895714,0.6170032955445992,49,blocked
49313,113,0,0.5935128149666771,0.4546751428075647,49,blocked
49314,114,0,0.9912855040649842,0.5195899267826329,49,blocked
49315,115,0,0.9989693986657304,0.44092691680621954,49,blocked
49316,116,0,0.05810344910826602,0.8118492605925682,49,blocked
49317,117,0,0.10808052221992444,0.7874099744326096,49,blocked
49318,118,0,0.6951972270346052,0.49969052836462424,49,blocked
49319,119,0,0.9809996860959531,0.40902429692546516,49,blocked
49320,120,0,0.48042634058142686,0.7449266206251157,49,blocked
49321,121,0,0.05802119379989675,0.8616596966895677,49,blocked
49322,122,0,0.07291165554956082,0.5255982616781186,49,blocked
49323,123,0,0.4312223658906273,0.5942327673752594,49,blocked
49324,124,0,0.5160289202534255,0.6361090513459993,49,blocked
49325,125,0,0.9790059567923025,0.5764583338140847,49,blocked
49326,126,0,0.7710537862162787,0.5486042577175774,49,blocked
49327,127,0,0.04545426575977638,0.5351063287816265,49,blocked
49328,128,0,0.7726148018665753,0.42675010427810506,49,blocked
49329,129,0,0.7231505490927425,0.5664645231745975,49,blocked
49330,130,0,0.38688970494940206,0.567354341284626,49,blocked
49331,131,0,0.4788550569443924,0.5980642796241347,49,blocked
49332,132,0,0.483148566381881,0.7410701383984012,49,blocked
49333,133,0,0.570647392278061,0.5578684883052547,49,blocked
49334,134,0,0.9146901544812609,0.5600832132966084,49,blocked
49335,135,0,0.4680528682907137,0.5375719011730227,49,blocked
49336,136,0,0.9163353448822644,0.5975561252208941,49,blocked
49337,137,0,0.4086450640518609,0.6612138769983469,49,blocked
49338,138,0,0.9909422620299033,0.45520289146957904,49,blocked
49339,139,0,0.2658431101889586,0.4422047206841626,49,blocked
49340,140,0,0.8156839781622176,0.3247220195292693,49,blocked
49341,141,0,0.9776486428797113,0.6841734825977586,49,blocked
49342,142,0,0.7993472018474459,0.6152004387827154,49,blocked
49343,143,0,0.9928473496492216,0.37268749991664796,49,blocked
49344,144,0,0.9977648973090022,0.4039705603820523,49,blocked
49345,145,0,0.6000138910894712,0.39899760139822515,49,blocked
49346,146,0,0.9327736465098135,0.4522738470963724,49,blocked
49347,147,0,0.9973225012581617,0.5234460012937603,49,blocked
49348,148,0,0.9767129349750892,0.43850851488861864,49,blocked
49349,149,0,0.7233141963034265,0.5538924429971428,49,blocked
49350,150,0,0.5082168260117866,0.5652922277901442,49,blocked
49351,151,0,0.2993475034280573,0.3798165571334573,49,blocked
49352,152,0,0.9970645257890497,0.5184197928590698,49,blocked
49353,153,0,0.7841476522134605,0.3789539031486553,49,blocked
49354,154,0,0.9944068253251199,0.21250058964895474,49,blocked
49355,155,0,0.703948222454504,0.6406659618293757,49,blocked
49356,156,0,0.9895251781931781,0.6461191317540395,49,blocked
49357,157,0,0.9910759435801013,0.4437946709589275,49,blocked
49358,158,0,0.9993172379750146,0.433302420788541,49,blocked
49359,159,0,0.007602890363049286,0.7386873932330028,49,blocked
49360,160,0,0.9779661247222156,0.3373736049346765,49,blocked
49361,161,0,0.802220524941608,0.6879113627201037,49,blocked
49362,162,0,0.7625354007630949,0.5854214409653997,49,blocked
49363,163,0,0.8741535568343284,0.5128585193681644,49,blocked
49364,164,0,0.22704492262490952,0.6274175101836581,49,blocked
49365,165,0,0.7786271441543224,0.4871972205013293,49,blocked
49366,166,0,0.014678294084504426,0.6698286330712875,49,blocked
49367,167,0,0.7679079977095111,0.5026102681703349,49,blocked
49368,168,0,0.670726925279566,0.6595296223570108,49,blocked
49369,169,0,0.9720843845317888,0.38397837600184476,49,blocked
49370,170,0,0.9846291006093435,0.524068696836655,49,blocked
49371,171,0,0.9824184862323977,0.4174599247201245,49,blocked
49372,172,0,0.258051596649881,0.6223807213741791,49,blocked
49373,173,0,0.666704441612848,0.4920118235995356,49,blocked
49374,174,0,0.499865270290075,0.7943126597510849,49,blocked
49375,175,0,0.42900373446371753,0.5234979932081667,49,blocked
49376,176,0,0.9402228146701843,0.3895663065133317,49,blocked
49377,177,0,0.4513371428006766,0.46420433656357796,49,blocked
49378,178,0,0.5597219405670139,0.6789460967066474,49,blocked
49379,179,0,0.11778895266762096,0.4458120575923763,49,blocked
49380,180,0,0.7878922993485831,0.37971403867338194,49,blocked
49381,181,0,0.889142546612098,0.2823366589701108,49,blocked
49382,182,0,0.873535570178981,0.6356042137802216,49,blocked
49383,183,0,0.4303182784857368,0.4785987393360035,49,blocked
49384,184,0,0.9830869314642534,0.42841752543620826,49,blocked
49385,185,0,0.668714314173361,0.43382240524411664,49,blocked
49386,186,0,0.4778867800299826,0.4555010407048219,49,blocked
49387,187,0,0.526872928381142,0.7196668287122838,49,blocked
49388,188,0,0.9883644756435176,0.4864444209578598,49,blocked
49389,189,0,0.9256302460281665,0.30261201032570184,49,blocked
49390,190,0,0.9990180419272392,0.6092481424377317,49,blocked
49391,191,0,0.8403388020392636,0.4682360222108858,49,blocked
49392,192,0,0.9674871276604506,0.5324574426539472,49,blocked
49393,193,0,0.43500827733965,0.46871471456937097,49,blocked
49394,194,0,0.5447077681042645,0.549173340998171,49,blocked
49395,195,0,0.9401767418084814,0.6271796262586218,49,blocked
49396,196,0,0.5202770808751684,0.45787877750691486,49,blocked
49397,197,0,0.954570348938558,0.4546557476685281,49,blocked
49398,198,0,0.4659828956011633,0.698996844045871,49,blocked
49399,199,0,0.5353620396681947,0.6416192020881208,49,blocked
49400,0,0,0.9145921293818698,0.5646612441359038,49,early
49401,1,0,0.026354062539416183,0.5384211035676925,49,early
49402,2,0,0.4492604309586681,0.6107186109379594,49,early
49403,3,0,0.4637557437885161,0.6524349278420459,49,early
49404,4,0,0.9602064950052522,0.6721301873047943,49,early
49405,5,0,0.9651198728444701,0.4515096001458866,49,early
49406,6,0,0.8754566980270646,0.5584438695971082,49,early
49407,7,0,0.15624490306953853,0.5960217818581385,49,early
49408,8,0,0.5579426218586385,0.7216415414787768,49,early
49409,9,0,0.7847336892762539,0.8288053517828359,49,early
49410,10,0,0.510924095801001,0.6344619056434638,49,early
49411,11,0,0.6606839604803068,0.9554604854679398,49,early
49412,12,0,0.36141530717195475,0.678540611777982,49,early
49413,13,0,0.32179436492761465,0.47834741620528376,49,early
49414,14,0,0.05182987251593273,1.0080182476248747,49,early
49415,15,0,0.5316250176259668,0.7552344190180673,49,early
49416,16,0,0.05615437084390029,0.8926702444491597,49,early
49417,17,0,0.6905861953042175,0.6853443672929675,49,early
49418,18,0,0.5935932296380062,0.5592380834623714,49,early
49419,19,0,0.021729205280626447,0.7344847532369251,49,early
49420,20,0,0.5418928840517477,0.6868161666150128,49,early
49421,21,0,0.5010392924922857,0.6498201930175784,49,early
49422,22,0,0.9492955123504294,0.41984398052041616,49,early
49423,23,0,0.8056353463540626,0.3965965465280251,49,early
49424,24,0,0.8778795081482973,0.6098263324659424,49,early
49425,25,0,0.6453124988701439,0.6230786814644659,49,early
49426,26,0,0.5416792839283161,0.771507896860286,49,early
49427,27,0,0.5016876203853714,0.7309215323719278,49,early
49428,28,0,0.284063954036102,0.5975074040181654,49,early
49429,29,0,0.9418804047642813,0.7475679770752182,49,early
49430,30,0,0.5058635749411154,0.7466646998120308,49,early
49431,31,0,0.49672063334141187,0.91132695994031,49,early
49432,32,0,0.3862502886869801,0.6129673492059154,49,early
49433,33,0,0.5413321980960812,0.5246797290165247,49,early
49434,34,0,0.4924889721863087,0.748834996182737,49,early
49435,35,0,0.8796446598565619,0.556041740250443,49,early
49436,36,0,0.5064225098944164,0.8981155468542996,49,early
49437,37,0,0.45329570805386044,0.7318473689808958,49,early
49438,38,0,0.532609335929235,0.6197341185474278,49,early
49439,39,0,0.9414070857587318,0.5789467946680351,49,early
49440,40,0,0.10952728694031734,0.5660762156052855,49,early
49441,41,0,0.2773359229708106,0.6830643510494192,49,early
49442,42,0,0.6972819850753992,0.6236392881925383,49,early
49443,43,0,0.9079292176407838,0.6430056074604842,49,early
49444,44,0,0.483174696183599,0.8173909280984701,49,early
49445,45,0,0.006301334033948693,0.7617288483652002,49,early
49446,46,0,0.10119294963833914,0.7696286741418246,49,early
49447,47,0,0.6191566894830018,0.5939645041187576,49,early
49448,48,0,0.5031982372000554,0.7895529842501399,49,early
49449,49,0,0.9998768047057929,0.959677258320027,49,early
49450,50,0,0.8220906648260331,0.56242045059078,49,early
49451,51,0,0.5257045051269926,0.5358898037339157,49,early
49452,52,0,0.7170968346353782,0.7082879217370421,49,early
49453,53,0,0.6840998017552629,0.5569153109484277,49,early
49454,54,0,0.9986842776620503,0.5421982530667361,49,early
49455,55,0,0.6863209223891144,0.8249240437979118,49,early
49456,56,0,0.046239428863765836,0.6133657428821118,49,early
49457,57,0,0.8262191774974861,0.5629807494771675,49,early
49458,58,0,0.00770523249307047,0.8791788115572132,49,early
49459,59,0,0.26026395714984774,0.5220730102354193,49,early
49460,60,0,0.40845221985420327,0.8918626820754832,49,early
49461,61,0,0.0036451464897576365,0.7538212848630572,49,early
49462,62,0,0.23168810947928253,0.6385393478829168,49,early
49463,63,0,0.4963503385135719,1.0690620956317145,49,early
49464,64,0,0.6213004296007775,0.6731923275397358,49,early
49465,65,0,0.9923912997975378,0.53813488612691,49,early
49466,66,0,0.9975897127612132,0.6736047749403331,49,early
49467,67,0,0.45903140712121276,0.8976156417993362,49,early
49468,68,0,0.5473857861974655,0.7930165155719832,49,early
49469,69,0,0.14840068505572085,0.5973310061556409,49,early
49470,70,0,0.7591920453371444,0.42812760835948244,49,early
49471,71,0,0.9951207997668023,0.5235805752837781,49,early
49472,72,0,0.9847181804916801,0.6534881857928799,49,early
49473,73,0,0.4979254015887563,0.43462278158096423,49,early
49474,74,0,0.10766221630354138,0.6969500528793093,49,early
49475,75,0,0.9998742869147006,0.8611478689560514,49,early
49476,76,0,0.9996070123188461,0.6918459509819939,49,early
49477,77,0,0.9982558764434044,0.5574306423130563,49,early
49478,78,0,0.9967229465936952,0.5549983745860666,49,early
49479,79,0,0.8808964323853641,0.6439499085975894,49,early
49480,80,0,0.8205401195677449,0.5714932458948034,49,early
49481,81,0,0.7518243635804411,0.6406646933455984,49,early
49482,82,0,0.6271745454703301,0.48262336617987767,49,early
49483,83,0,0.6549256237064522,0.5882321842802363,49,early
49484,84,0,0.5406752920870385,0.6251251185416042,49,early
49485,85,0,0.5910988293947678,0.836657027425616,49,early
49486,86,0,0.49716332950520975,0.6846653004525902,49,early
49487,87,0,0.5021780495044001,0.9225033666401081,49,early
49488,88,0,0.5641580722835949,0.82316282244846,49,early
49489,89,0,0.5537617294298028,0.7723101802378719,49,early
49490,90,0,0.6337055971176783,1.2296611971695341,49,early
49491,91,0,0.9967097975956374,0.5145981882223571,49,early
49492,92,0,0.8129485801727532,0.4303952674511262,49,early
49493,93,0,0.5904750958943776,0.676151693715362,49,early
49494,94,0,0.45641172329530977,0.8959186541517901,49,early
49495,95,0,0.4492178548854457,0.8891583979607992,49,early
49496,96,0,0.9415482242011393,0.5426924158724604,49,early
49497,97,0,0.8512749095478955,0.3721898927411096,49,early
49498,98,0,0.006799637556641527,0.8331652085440073,49,early
49499,99,0,0.5087550556596167,0.6916908814918727,49,early
49500,100,0,0.5023722446812728,0.9727893214497723,49,early
49501,101,0,0.0026270688221448494,1.079514035384474,49,early
49502,102,0,0.490280196872324,0.6731167766513859,49,early
49503,103,0,0.9585282450906356,0.727888381605436,49,early
49504,104,0,0.12718707016619293,0.9207709903456848,49,early
49505,105,0,0.8542265112843705,0.7000997839928227,49,early
49506,106,0,0.7838315021210573,0.5815512431980715,49,early
49507,107,0,0.24055958397107777,0.8521841914973441,49,early
49508,108,0,0.8834744190643625,0.6522519962229812,49,early
49509,109,0,0.9993444195200647,0.6511072436568273,49,early
49510,110,0,0.8008900507538883,0.5729592162926349,49,early
49511,111,0,0.6226726916421246,0.4056010753881917,49,early
49512,112,0,0.45145202004873203,0.8837721570534822,49,early
49513,113,0,0.9966115485649587,0.6853582952565792,49,early
49514,114,0,0.258494232255265,0.4693322106367533,49,early
49515,115,0,0.6782407823537919,0.5771383883343362,49,early
49516,116,0,0.4800365623596401,0.6659066514529315,49,early
49517,117,0,0.49476822923126546,0.6067777187850989,49,early
49518,118,0,0.4329139732964605,0.8038110037689203,49,early
49519,119,0,0.72366988195195,0.6182551057439887,49,early
49520,120,0,0.8679946952794755,0.5779210549457262,49,early
49521,121,0,0.5615721129905682,0.41916703378480613,49,early
49522,122,0,0.2523763124151459,0.6682682593162139,49,early
49523,123,0,0.9654635128891675,0.48563660532045116,49,early
49524,124,0,0.8867736533045545,0.33922908444289235,49,early
49525,125,0,0.8237286944680922,0.4293935348970765,49,early
49526,126,0,0.9756474074576771,0.5594555871124168,49,early
49527,127,0,0.5054138124423274,0.6104642874110751,49,early
49528,128,0,0.6510196508212391,0.5787936307397614,49,early
49529,129,0,0.510309018079093,0.7519285765695976,49,early
49530,130,0,0.5266650913888129,0.6120795482171485,49,early
49531,131,0,0.848734009456293,0.540890982514965,49,early
49532,132,0,0.5176455021133212,0.595674967916596,49,early
49533,133,0,0.799430389625787,0.3394778209669329,49,early
49534,134,0,0.9867995788572627,0.36103230682077503,49,early
49535,135,0,0.49683779423995084,0.5974586376393601,49,early
49536,136,0,0.6337047096191322,0.4754553316672246,49,early
49537,137,0,0.4818974410864433,0.788055222148264,49,early
49538,138,0,0.9613153655036754,0.4326895317425259,49,early
49539,139,0,0.5000047992778741,1.0615243388549822,49,early
49540,140,0,0.9961224568141669,0.637359871674131,49,early
49541,141,0,0.4225606934083658,0.8354462392798034,49,early
49542,142,0,0.9929926758050314,0.823061315648892,49,early
49543,143,0,0.5968929703070192,0.5700235692510143,49,early
49544,144,0,0.591178090213673,0.4542208180669613,49,early
49545,145,0,0.6856755979649816,0.4690680191059957,49,early
49546,146,0,0.25823858278309625,0.44165030775462677,49,early
49547,147,0,0.6100497820186273,0.3260798399005428,49,early
49548,148,0,0.9239595984968341,0.2699844520749987,49,early
49549,149,0,0.42134099164468697,0.5463793129020964,49,early
49550,150,0,0.5299249167116599,0.6502980340743038,49,early
49551,151,0,0.4929488568040337,0.6473407439123562,49,early
49552,152,0,0.6236341238106657,0.5283079838487479,49,early
49553,153,0,0.8495045849076841,0.3868813679526848,49,early
49554,154,0,0.7023224609622639,0.530143214364849,49,early
49555,155,0,0.9520651241553567,0.5057303533947045,49,early
49556,156,0,0.9702620030670657,0.38190574399530197,49,early
49557,157,0,0.4965340770332846,0.739066847556729,49,early
49558,158,0,0.9783961820185233,0.3375075827686035,49,early
49559,159,0,0.9985631260043257,0.7581688541932216,49,early
49560,160,0,0.998557935841924,0.6288321717374531,49,early
49561,161,0,0.3239119177974082,0.5999504912431284,49,early
49562,162,0,0.9531252091936138,0.3969636077182852,49,early
49563,163,0,0.1108731523999645,0.8814022899503102,49,early
49564,164,0,0.48527885083909855,0.3484155568118977,49,early
49565,165,0,0.22551198613738324,0.7562027582654329,49,early
49566,166,0,0.5016461358251127,0.6047779947196685,49,early
49567,167,0,0.27527002730547706,0.6651014522617593,49,early
49568,168,0,0.5053575246049248,0.6860341454801373,49,early
49569,169,0,0.5457074399690273,0.5209540841914023,49,early
49570,170,0,0.7626345709577338,0.5309506184064714,49,early
49571,171,0,0.5119039803812581,0.7609896256023161,49,early
49572,172,0,0.47908958160238224,0.8127005653403447,49,early
49573,173,0,0.9322172128708089,0.4099096587643464,49,early
49574,174,0,0.5161806652190645,0.6168519111006137,49,early
49575,175,0,0.9923671104804224,0.5685601937501915,49,early
49576,176,0,0.9471646025027443,0.6920972730552912,49,early
49577,177,0,0.8925121511086147,0.45066531421620276,49,early
49578,178,0,0.966593545327278,0.35597909170056713,49,early
49579,179,0,0.8711199486070955,0.5150934564224352,49,early
49580,180,0,0.8154787387240398,0.4536947211441321,49,early
49581,181,0,0.46222195760173235,0.44302963419469077,49,early
49582,182,0,0.5574774113101459,0.7101618988773991,49,early
49583,183,0,0.03828379045902351,0.7264086683365026,49,early
49584,184,0,0.5910546494440941,0.42665239853809667,49,early
49585,185,0,0.029569573713826864,0.6634326417839451,49,early
49586,186,0,0.5901476287280383,0.4751312523060398,49,early
49587,187,0,0.056477921006525794,0.931277928953074,49,early
49588,188,0,0.9722678999738262,0.7548908347417764,49,early
49589,189,0,0.697997184194783,0.5713163017454754,49,early
49590,190,0,0.7975860352552353,0.6111654522195896,49,early
49591,191,0,0.5253320779702052,0.7853011989072918,49,early
49592,192,0,0.9981647798475619,0.4516569617242014,49,early
49593,193,0,0.7569634678264174,0.41301157328410654,49,early
49594,194,0,0.5057178208502736,0.5797201748677978,49,early
49595,195,0,0.9863236074914994,0.4231734535545827,49,early
49596,196,0,0.3061151258432825,0.7367726506880417,49,early
49597,197,0,0.8933100591992214,0.867590799812866,49,early
49598,198,0,0.5146104297944228,0.5307344885880478,49,early
49599,199,0,0.494572134617691,0.5137751226264526,49,early
49600,0,0,0.5111332781881481,0.6947754242737334,49,middle
49601,1,0,0.9625268270206131,0.5553746739639389,49,middle
49602,2,0,0.9676167255771149,0.5936408207093735,49,middle
49603,3,0,0.5203033725030942,0.8327199841079413,49,middle
49604,4,0,0.9484621511421831,0.42936768571352596,49,middle
49605,5,0,0.72698007000727,0.6400930568704806,49,middle
49606,6,0,0.5107213289316155,0.9028828873242833,49,middle
49607,7,0,0.4918939902736107,0.6762468851331123,49,middle
49608,8,0,0.8166611991802524,0.4942691858152658,49,middle
49609,9,0,0.9620784237769175,0.4033598425570996,49,middle
49610,10,0,0.48940485984329823,0.5525353170097341,49,middle
49611,11,0,0.48868176915379363,0.5945517315947499,49,middle
49612,12,0,0.9357198618543461,0.4100302081165611,49,middle
49613,13,0,0.47602783605838866,0.7225752079731007,49,middle
49614,14,0,0.41947085446991894,0.6523948155999437,49,middle
49615,15,0,0.5420687808593004,0.79049103022515,49,middle
49616,16,0,0.7342957017715321,0.5635661418440634,49,middle
49617,17,0,0.24724982385232738,0.667512281759101,49,middle
49618,18,0,0.40578987599586164,0.8647418888596619,49,middle
49619,19,0,0.417756021423916,0.767226219691056,49,middle
49620,20,0,0.8531524693808743,0.46485633764236933,49,middle
49621,21,0,0.501602059619186,0.9506196498948101,49,middle
49622,22,0,0.548697951237968,0.509897713547208,49,middle
49623,23,0,0.331701346999247,0.7695143090732475,49,middle
49624,24,0,0.978993292141999,0.8684306384515006,49,middle
49625,25,0,0.174309954261719,0.8815670037476104,49,middle
49626,26,0,0.47491546448234634,0.7679926846571872,49,middle
49627,27,0,0.4067646718744684,0.5806712155412448,49,middle
49628,28,0,0.5493975652141753,0.6307334991077822,49,middle
49629,29,0,0.5315481012875827,0.5768210218801978,49,middle
49630,30,0,0.5623866334262222,0.7802237898057407,49,middle
49631,31,0,0.009035098447234545,0.6150275389209485,49,middle
49632,32,0,0.6700071905020726,0.4458069917619746,49,middle
49633,33,0,0.944673298914488,0.6846072798288436,49,middle
49634,34,0,0.6268454596561592,0.5052594845644313,49,middle
49635,35,0,0.8413438979250165,0.7057905303864378,49,middle
49636,36,0,0.5114224024156775,0.7244988991347965,49,middle
49637,37,0,0.43770422400710646,0.8633437172340248,49,middle
49638,38,0,0.629207390712866,0.4688876532515463,49,middle
49639,39,0,0.500112001979644,0.9525981173790758,49,middle
49640,40,0,0.8928859721447737,0.4824288466362338,49,middle
49641,41,0,0.5102910104011587,1.1200119037821699,49,middle
49642,42,0,0.5415060126132352,0.8727811843272707,49,middle
49643,43,0,0.9762110181435453,0.7491108172962258,49,middle
49644,44,0,0.7141942934895631,0.7012257702787816,49,middle
49645,45,0,0.4879343819816108,0.6752992755145215,49,middle
49646,46,0,0.7305682377936329,0.6701450674588898,49,middle
49647,47,0,0.5182776534224006,0.6561816976858915,49,middle
49648,48,0,0.9979041055847931,0.9947632027266451,49,middle
49649,49,0,0.5331348258617775,0.8128829266956568,49,middle
49650,50,0,0.985012602833603,1.2825409906244665,49,middle
49651,51,0,0.9928412012254828,0.6346471962394042,49,middle
49652,52,0,0.5727272126420916,0.8703281037189396,49,middle
49653,53,0,0.3335643568278899,0.7678211078544477,49,middle
49654,54,0,0.8156298482934614,0.7515827009787506,49,middle
49655,55,0,0.263275153313678,0.45555911967382157,49,middle
49656,56,0,0.7737593812073461,0.83885070889047,49,middle
49657,57,0,0.10867247745826131,1.1646736830886708,49,middle
49658,58,0,0.9923270494705729,0.6791978343920079,49,middle
49659,59,0,0.9983125048674153,0.5932043976284733,49,middle
49660,60,0,0.030874677517336076,0.957726439997489,49,middle
49661,61,0,0.5633884289617689,0.739934490320725,49,middle
49662,62,0,0.8418753731247777,0.7082858400093971,49,middle
49663,63,0,0.48577138124727776,0.7061782681038631,49,middle
49664,64,0,0.6165934643108181,0.5865731109920808,49,middle
49665,65,0,0.9995728156583071,0.5181805745208712,49,middle
49666,66,0,0.9963159765281059,0.4437322825131347,49,middle
49667,67,0,0.9886463371696593,0.5027447961647309,49,middle
49668,68,0,0.5010837359180876,0.950922038358563,49,middle
49669,69,0,0.7311207232054756,0.4207740346269825,49,middle
49670,70,0,0.9913480236037188,0.6616586746325767,49,middle
49671,71,0,0.5140648213105191,0.47192762998618987,49,middle
49672,72,0,0.3912201624404482,0.651201166924881,49,middle
49673,73,0,0.9948968276434935,0.6122870364476406,49,middle
49674,74,0,0.617325414354718,0.9256036240400065,49,middle
49675,75,0,0.9984163035905296,0.8054454680002021,49,middle
49676,76,0,0.9999889801984561,1.0332367947567358,49,middle
49677,77,0,0.9813927243914751,0.7613174529758082,49,middle
49678,78,0,0.6026865661264688,0.5239862362126603,49,middle
49679,79,0,0.82004694661999,0.7895662951029858,49,middle
49680,80,0,0.011560244947106285,0.7640376692332024,49,middle
49681,81,0,0.4453294572047328,0.7537520787848551,49,middle
49682,82,0,0.9899677533510856,0.6355773237174194,49,middle
49683,83,0,0.17738204385726522,0.7350582749652794,49,middle
49684,84,0,0.07270378225028022,0.7165402687964102,49,middle
49685,85,0,0.8897506178411516,0.37476462313990394,49,middle
49686,86,0,0.16138730956421352,0.4341837703964724,49,middle
49687,87,0,0.33358015004037145,0.6083167904260356,49,middle
49688,88,0,0.002086411189322009,0.6840035169903884,49,middle
49689,89,0,0.04597407380740892,0.7005914537956587,49,middle
49690,90,0,0.9992867886861136,0.7549492757490366,49,middle
49691,91,0,0.473572757310547,0.6657654442250334,49,middle
49692,92,0,0.6604200606902202,0.660484942154088,49,middle
49693,93,0,0.0056384094873406015,0.8742274615920911,49,middle
49694,94,0,0.49964720373300464,0.843571542168297,49,middle
49695,95,0,0.939818861242277,0.8369472876279864,49,middle
49696,96,0,0.0033787047751482843,0.8606779968896627,49,middle
49697,97,0,0.04420925530861248,0.7130422874100499,49,middle
49698,98,0,0.9884172869823695,0.46808594822242633,49,middle
49699,99,0,0.08035998853172785,0.6914349740985641,49,middle
49700,100,0,0.44275387636760094,0.7881848257816648,49,middle
49701,101,0,0.7079780747288037,0.5304585879428809,49,middle
49702,102,0,0.77227467999387,0.6654343723634482,49,middle
49703,103,0,0.0007889522062311309,1.0197205695987936,49,middle
49704,104,0,0.785401007059545,0.5741327761209367,49,middle
49705,105,0,0.9975847291373685,0.6393823086458856,49,middle
49706,106,0,0.9630702747288462,0.6455005902372726,49,middle
49707,107,0,0.993394899008835,0.5561394910769024,49,middle
49708,108,0,0.6691841783227226,0.5348647295042082,49,middle
49709,109,0,0.991061717894085,0.40582535945173104,49,middle
49710,110,0,0.9995229458751116,0.4120313520017077,49,middle
49711,111,0,0.8179234872146912,0.5345978815031998,49,middle
49712,112,0,0.966698004327224,0.7301623794423293,49,middle
49713,113,0,0.10247795565424136,0.6779025485105941,49,middle
49714,114,0,0.18130590503568328,0.66202111998335,49,middle
49715,115,0,0.43401589298755394,0.8972383104223096,49,middle
49716,116,0,0.4989638299743695,0.7666217333114064,49,middle
49717,117,0,0.4942741258968753,1.1396650962564374,49,middle
49718,118,0,0.19252458638573344,0.8278734815129967,49,middle
49719,119,0,0.851930197847055,0.5250246675237216,49,middle
49720,120,0,0.4026124384194326,1.0002477889598802,49,middle
49721,121,0,0.49900989816362523,0.8474168206575046,49,middle
49722,122,0,0.45376931223065586,0.6479564250940226,49,middle
49723,123,0,0.5734055329428553,0.501134719287382,49,middle
49724,124,0,0.8891403358444625,0.5224936220359189,49,middle
49725,125,0,0.014951954744382103,0.7201439683043132,49,middle
49726,126,0,0.32132669605916386,0.6116345796576553,49,middle
49727,127,0,0.37248460012842016,0.7027219794395863,49,middle
49728,128,0,0.9417108556232268,0.579190014674051,49,middle
49729,129,0,0.4362977500120329,0.704997541462036,49,middle
49730,130,0,0.49545156096817694,0.654845278982188,49,middle
49731,131,0,0.605156509512944,0.5321193219725615,49,middle
49732,132,0,0.9605283760600303,0.4441703515134678,49,middle
49733,133,0,0.5015002383543349,0.7446902087796523,49,middle
49734,134,0,0.8752386266292158,0.570870307187482,49,middle
49735,135,0,0.12213844673790403,0.7068812569132293,49,middle
49736,136,0,0.46369406941967134,0.5923829714667388,49,middle
49737,137,0,0.7045237607862705,0.4684981403186536,49,middle
49738,138,0,0.5782198323977109,0.8518566035259985,49,middle
49739,139,0,0.5063857857603175,1.031848268377914,49,middle
49740,140,0,0.9778284664497462,0.3448500804263073,49,middle
49741,141,0,0.71114555685121,0.5899674617088937,49,middle
49742,142,0,0.9827838048050621,0.661781989559667,49,middle
49743,143,0,0.9725215393934026,0.6107728690902601,49,middle
49744,144,0,0.0043647285391810115,0.6535668152823313,49,middle
49745,145,0,0.5708656271568938,0.6798624327524272,49,middle
49746,146,0,0.5195576379028463,0.43256205470181597,49,middle
49747,147,0,0.5424471806157456,0.5393312267860932,49,middle
49748,148,0,0.8614481780897525,0.6608025653269551,49,middle
49749,149,0,0.8684578280554223,0.5257394689883361,49,middle
49750,150,0,0.9593243545333753,0.5101129981076399,49,middle
49751,151,0,0.9745045889317612,0.4719318846123687,49,middle
49752,152,0,0.5626565631639848,0.5542747359539173,49,middle
49753,153,0,0.4612029964236035,0.44373324200658815,49,middle
49754,154,0,0.5614453783385699,0.6382832000048633,49,middle
49755,155,0,0.43950015728141034,0.4386817071279887,49,middle
49756,156,0,0.724478834824852,0.5051578211439517,49,middle
49757,157,0,0.9928840411422262,0.4610078512946557,49,middle
49758,158,0,0.4431583711315972,0.8696110475480276,49,middle
49759,159,0,0.6091379763586455,0.5635411265231021,49,middle
49760,160,0,0.489005755664432,0.43681790452339,49,middle
49761,161,0,0.9870641514540965,0.7882368565497213,49,middle
49762,162,0,0.5078804132938469,0.5144146381358701,49,middle
49763,163,0,0.5730760553524313,0.5947486081145434,49,middle
49764,164,0,0.6291176949429869,0.5043483864682532,49,middle
49765,165,0,0.4107994530591743,0.5772092783183749,49,middle
49766,166,0,0.5022690069709664,0.7518309108142934,49,middle
49767,167,0,0.9354532520237073,0.5005708173039811,49,middle
49768,168,0,0.9146655956818635,0.4512241931963467,49,middle
49769,169,0,0.5330221229799889,0.6126692769439706,49,middle
49770,170,0,0.4725841520850342,0.5913645492547859,49,middle
49771,171,0,0.4887940927779315,0.822451223661748,49,middle
49772,172,0,0.9533344642656294,0.44230292789250675,49,middle
49773,173,0,0.9881433043081147,0.5521296833962188,49,middle
49774,174,0,0.696510416014765,0.8572874890429594,49,middle
49775,175,0,0.5331122333204832,0.8241034457157116,49,middle
49776,176,0,0.6123408248523472,0.5758073220600763,49,middle
49777,177,0,0.5988530445919796,0.5975950364903676,49,middle
49778,178,0,0.5150583763447194,0.558390545202423,49,middle
49779,179,0,0.20229640825612005,0.6838661786059099,49,middle
49780,180,0,0.0016064651010367064,0.96922020324612,49,middle
49781,181,0,0.5087482754646703,0.5833955617728059,49,middle
49782,182,0,0.7447406232150544,0.5163654879433307,49,middle
49783,183,0,0.5090600840940828,0.607484707720453,49,middle
49784,184,0,0.694295521074483,0.508476463561585,49,middle
49785,185,0,0.9934682541667584,0.47635096496228674,49,middle
49786,186,0,0.9716373674093107,0.6909339183599429,49,middle
49787,187,0,0.5117018788491422,0.3245617623832625,49,middle
49788,188,0,0.8197916139380451,0.4242424235006874,49,middle
49789,189,0,0.4802086695801411,0.5634502657709308,49,middle
49790,190,0,0.8748808742274636,0.45190745995808923,49,middle
49791,191,0,0.5924244068657151,0.5106994195387569,49,middle
49792,192,0,0.5000586729218183,0.7097060714339616,49,middle
49793,193,0,0.027020734511437727,0.5743819057767852,49,middle
49794,194,0,0.6949550431895533,0.5202143397774981,49,middle
49795,195,0,0.05226389874552591,0.5905192654761806,49,middle
49796,196,0,0.9959880273578456,0.26251992608064045,49,middle
49797,197,0,0.9579496183501872,0.3567692527246682,49,middle
49798,198,0,0.9737150011691511,0.4926885258879743,49,middle
49799,199,0,0.3149040142609701,0.6201129750296137,49,middle
49800,0,0,0.9823036982081672,0.5579803292060301,49,late
49801,1,0,0.7214237323868316,0.5512432763342396,49,late
49802,2,0,0.5786727009966739,0.4800512963927328,49,late
49803,3,0,0.531963736830202,0.787707418058339,49,late
49804,4,0,0.19750977576330492,0.4458494257364205,49,late
49805,5,0,0.23397517186040173,0.5427888083892153,49,late
49806,6,0,0.9785067023041533,0.27004886539584,49,late
49807,7,0,0.46712575689054947,0.5462261138574795,49,late
49808,8,0,0.9632644552141847,0.4198114260499408,49,late
49809,9,0,0.5286796255340099,0.5109845284888178,49,late
49810,10,0,0.01145736027448741,0.7348473669686231,49,late
49811,11,0,0.08776420987988034,0.7078714578523795,49,late
49812,12,0,0.07950117074747219,0.48906132566597743,49,late
49813,13,0,0.13827784892018305,0.5409308269093365,49,late
49814,14,0,0.5811564829512724,0.6649345244309556,49,late
49815,15,0,0.28145737901265583,0.9451302921184623,49,late
49816,16,0,0.6207920252788797,0.42923161996195125,49,late
49817,17,0,0.13366023109510594,0.7078231424740566,49,late
49818,18,0,0.5628042462356738,0.5104967201510135,49,late
49819,19,0,0.4999440726913038,0.7343816773925871,49,late
49820,20,0,0.30635828298379514,0.677658326109569,49,late
49821,21,0,0.4894234077588975,0.5710295371035157,49,late
49822,22,0,0.283970495333063,0.6887559628203135,49,late
49823,23,0,0.5011101033968117,1.0346289331103524,49,late
49824,24,0,0.21964978877531816,0.6482252444434331,49,late
49825,25,0,0.496686646341089,0.5846747507503991,49,late
49826,26,0,0.3096320475815758,0.6558986513600794,49,late
49827,27,0,0.5000702735729822,0.7548070485132852,49,late
49828,28,0,0.2527934590376634,0.5875026909432554,49,late
49829,29,0,0.3482616870585559,0.6074647491819781,49,late
49830,30,0,0.8863064898342823,0.7598107922736441,49,late
49831,31,0,0.5103689296516295,0.6921501059627853,49,late
49832,32,0,0.0012376750579040068,0.7029539364841182,49,late
49833,33,0,0.46249038532065795,0.4227764313411851,49,late
49834,34,0,0.80667043229533,0.5221752512498513,49,late
49835,35,0,0.3006667638590051,0.9917432457819101,49,late
49836,36,0,0.6844934950806785,0.7284745095857499,49,late
49837,37,0,0.5056320768649272,0.7515489261134733,49,late
49838,38,0,0.2100663561330196,0.9757470692597363,49,late
49839,39,0,0.4270287401167994,0.5119522104901101,49,late
49840,40,0,0.24929626431342441,0.5558720086271255,49,late
49841,41,0,0.46057686021848704,0.8259866753423453,49,late
49842,42,0,0.6010402796912474,0.7055412879719869,49,late
49843,43,0,0.4681504073192393,0.5977468700078878,49,late
49844,44,0,0.21336710605509832,0.6465912111225153,49,late
49845,45,0,0.5136304566474158,0.5182005398599043,49,late
49846,46,0,0.7003755323267359,0.3658317235471874,49,late
49847,47,0,0.22750048417572608,0.5381693814951247,49,late
49848,48,0,0.5297740614517761,0.649896789234546,49,late
49849,49,0,0.5019061736504579,0.8887636714065422,49,late
49850,50,0,0.0355849979581825,0.5651088464628884,49,late
49851,51,0,0.5064236509251979,0.5057874323990093,49,late
49852,52,0,0.45777697941880036,0.6488254647626502,49,late
49853,53,0,0.5002316440503634,0.8277314946239753,49,late
49854,54,0,0.890915756979872,0.6951083552779527,49,late
49855,55,0,0.3899099119724675,0.5528424254287485,49,late
49856,56,0,0.36401480157832666,0.7363811707568131,49,late
49857,57,0,0.1328247636278586,0.47924283980952376,49,late
49858,58,0,0.311887090050312,0.7385753335288988,49,late
49859,59,0,0.5318352292433587,0.4972498878735874,49,late
49860,60,0,0.4939708871541209,0.7262818229497491,49,late
49861,61,0,0.3766961947748595,0.5197863467851663,49,late
49862,62,0,0.20535050714885741,0.5183948627544875,49,late
49863,63,0,0.4060494460809878,0.5926842406397216,49,late
49864,64,0,0.7746203155609197,0.6141476414696059,49,late
49865,65,0,0.49843083621310286,0.48479746056330386,49,late
49866,66,0,0.8730871367575905,0.4786579175267105,49,late
49867,67,0,0.4440817350281584,0.3633261779006368,49,late
49868,68,0,0.9736332093018698,0.5107046090257416,49,late
49869,69,0,0.42517713055870987,0.6627186508697143,49,late
49870,70,0,0.9526463586492682,0.4228076510865262,49,late
49871,71,0,0.4483514188466021,0.7856078247681457,49,late
49872,72,0,0.294139627860938,0.6405969755197262,49,late
49873,73,0,0.4414643563005391,0.7556533593061683,49,late
49874,74,0,0.5044347676007418,0.7468121675194426,49,late
49875,75,0,0.5975062696383653,0.3813220709836608,49,late
49876,76,0,0.6635409311768786,0.5567328447831306,49,late
49877,77,0,0.013449880108357608,1.0442370595428065,49,late
49878,78,0,0.4155006014200163,0.6588158901013388,49,late
49879,79,0,0.5421707592334932,0.4508514839680048,49,late
49880,80,0,0.7093484870955428,0.6554134503799356,49,late
49881,81,0,0.27150899545441504,0.7116075265791709,49,late
49882,82,0,0.9989513232470193,0.7188191717336296,49,late
49883,83,0,0.9999285833988911,0.628580383886972,49,late
49884,84,0,0.5884398663716712,0.6103158588468697,49,late
49885,85,0,0.38245682002264714,0.6666056806336713,49,late
49886,86,0,0.04698163204650324,0.43290579712858757,49,late
49887,87,0,0.6295729429853788,0.3239252276102337,49,late
49888,88,0,0.8998479339721936,0.36201884349602903,49,late
49889,89,0,0.02919976343858687,0.634976944009062,49,late
49890,90,0,0.46392759014007884,0.5798964811729677,49,late
49891,91,0,0.06735140666660759,0.8057933880154331,49,late
49892,92,0,0.9999255104141882,0.9050408432781845,49,late
49893,93,0,0.3307055376447536,0.6860481122368598,49,late
49894,94,0,0.9985753578061705,0.47408067059965536,49,late
49895,95,0,0.3380355771862016,0.4989308699549712,49,late
49896,96,0,0.8448109291687285,0.4824306168942961,49,late
49897,97,0,0.9997018218311058,0.7636834345614305,49,late
49898,98,0,0.5179750609746305,0.48914802572761423,49,late
49899,99,0,0.9018738868865843,0.5214126585888594,49,late
49900,100,0,0.8563501880062225,0.5946638199549735,49,late
49901,101,0,0.0055190922166165005,0.8984676290070763,49,late
49902,102,0,0.9618502985544164,0.4634722071017385,49,late
49903,103,0,0.04895858782825946,0.5398254280883454,49,late
49904,104,0,0.5308550717748469,0.48401197638057103,49,late
49905,105,0,0.4969523515133811,1.3019353571904269,49,late
49906,106,0,0.012440435487311916,0.8170595975095347,49,late
49907,107,0,0.9699781865253241,0.7651285169244295,49,late
49908,108,0,0.9996895026559913,0.4842934432119238,49,late
49909,109,0,0.9993836982899487,0.27693194536268134,49,late
49910,110,0,0.09579038730572466,0.6305760468613321,49,late
49911,111,0,0.996837274123152,0.3525412649081487,49,late
49912,112,0,0.5014815813412217,0.5792014081607153,49,late
49913,113,0,0.4131213014419246,0.9510817473694626,49,late
49914,114,0,0.07200888464811163,0.8528745638047274,49,late
49915,115,0,0.005744734413716488,0.6888925729156368,49,late
49916,116,0,0.9779744851426286,0.418500727724058,49,late
49917,117,0,0.6212113489522886,0.3817641297757143,49,late
49918,118,0,0.9974768585303986,0.498890608383575,49,late
49919,119,0,0.8947892950395041,0.5884637215145576,49,late
49920,120,0,0.49457927155984205,0.9910371471953907,49,late
49921,121,0,0.36335710094018886,1.093907660936464,49,late
49922,122,0,0.6778859337865852,0.6859998855496698,49,late
49923,123,0,0.6857139377095417,0.567715925954052,49,late
49924,124,0,0.5486054152297741,0.7250991975950944,49,late
49925,125,0,0.6993379304980256,0.6599112220768768,49,late
49926,126,0,0.02899812128716393,0.7539425915957256,49,late
49927,127,0,0.48719485900058346,0.6170739095634132,49,late
49928,128,0,0.18103550563129042,0.7011792912905649,49,late
49929,129,0,0.5000995446265865,0.7803719795420216,49,late
49930,130,0,0.5315648208548158,0.6266953308577934,49,late
49931,131,0,0.452504217014643,0.6016059050388818,49,late
49932,132,0,0.5448004143121282,0.40676372392294013,49,late
49933,133,0,0.9330154718672244,0.5518277068326185,49,late
49934,134,0,0.15983539934470842,0.6196926299294744,49,late
49935,135,0,0.421243905476021,0.4889600033995679,49,late
49936,136,0,0.49595633783807674,0.49961215381739177,49,late
49937,137,0,0.33132272936978563,0.46336189250068527,49,late
49938,138,0,0.45643051862748535,0.7958628610199026,49,late
49939,139,0,0.46370845361056867,0.6115131026985163,49,late
49940,140,0,0.3491302119520598,0.5981339019074656,49,late
49941,141,0,0.5760503530651657,0.4376130274754304,49,late
49942,142,0,0.48348048969044083,0.5833426411576811,49,late
49943,143,0,0.5026007576674563,0.6054837786459268,49,late
49944,144,0,0.982881580600593,0.23772375264020695,49,late
49945,145,0,0.49459793774950234,0.6541727754796898,49,late
49946,146,0,0.5002956893981504,0.6365743082337613,49,late
49947,147,0,0.5368511214540949,1.0379209092190655,49,late
49948,148,0,0.5565939046487668,0.6847553586187481,49,late
49949,149,0,0.8333468584533226,0.5846651434266233,49,late
49950,150,0,0.5008191230968078,0.5975442867887593,49,late
49951,151,0,0.7439338500121715,0.4494662768241878,49,late
49952,152,0,0.9889857261034571,0.5298082712727419,49,late
49953,153,0,0.5963617410706605,0.7200576725691996,49,late
49954,154,0,0.059699413977264526,0.7434311272026475,49,late
49955,155,0,0.8130379507533498,0.5848444242798112,49,late
49956,156,0,0.2623049640197557,0.6315079415030662,49,late
49957,157,0,0.5218070062145456,0.6544794682124147,49,late
49958,158,0,0.6601178785999222,0.5769220049528927,49,late
49959,159,0,0.9215493915360947,0.4580690621803235,49,late
49960,160,0,0.9718436969651669,0.5577187718176675,49,late
49961,161,0,0.4870057666523745,0.5717535669998715,49,late
49962,162,0,0.9375237218712564,0.5645072191602166,49,late
49963,163,0,0.5460708827324643,0.8500682861596462,49,late
49964,164,0,0.812336446608878,0.5332895120741219,49,late
49965,165,0,0.8834319644765051,0.3052154366452684,49,late
49966,166,0,0.9909579604506414,0.3423816936470397,49,late
49967,167,0,0.4961025466415743,0.5861002173438137,49,late
49968,168,0,0.9955728433183164,0.43258269108199204,49,late
49969,169,0,0.3278167698947649,0.40417692895531177,49,late
49970,170,0,0.6649563550628771,0.6235516096564353,49,late
49971,171,0,0.492710819852594,0.8189640518676183,49,late
49972,172,0,0.504715514753756,0.47203751670093763,49,late
49973,173,0,0.04584738963862327,0.576253586265099,49,late
49974,174,0,0.9612446339869667,0.5578695594038923,49,late
49975,175,0,0.9635438388121388,0.5781390001893847,49,late
49976,176,0,0.48638677463679025,0.6461888524243468,49,late
49977,177,0,0.9957658840450636,0.41135668055359553,49,late
49978,178,0,0.9455530160454346,0.5497683225106534,49,late
49979,179,0,0.5942148099035083,0.4736004509504016,49,late
49980,180,0,0.47406243929943337,0.7832629260617139,49,late
49981,181,0,0.28038736168664713,0.5493848918536874,49,late
49982,182,0,0.38477952597573517,0.6511057419959161,49,late
49983,183,0,0.4024797284820108,0.7446430494866056,49,late
49984,184,0,0.9990528774507859,0.6291385695453369,49,late
49985,185,0,0.4475945986804856,0.5737396328462208,49,late
49986,186,0,0.5929158915667111,0.47993548617014314,49,late
49987,187,0,0.8953582355560036,0.4710481122155127,49,late
49988,188,0,0.9907896204480884,0.4933474387746435,49,late
49989,189,0,0.47767454067331744,0.5502547008004678,49,late
49990,190,0,0.8990168833463817,0.4254524849543596,49,late
49991,191,0,0.1138996950364399,0.7243553128073474,49,late
49992,192,0,0.549173629346423,0.6213936117490138,49,late
49993,193,0,0.12144330340929138,0.8100687013661527,49,late
49994,194,0,0.9993533583148229,0.4149242187857593,49,late
49995,195,0,0.36536503319811764,0.6108852240973385,49,late
49996,196,0,0.6141524267305042,0.4891730127572884,49,late
49997,197,0,0.6174078046929192,0.5804358844159845,49,late
49998,198,0,0.8862562251594622,0.6296679197407542,49,late
49999,199,0,0.6756831820498231,0.529169492516329,49,late
