,t,e_hat,Accuracy,pe,batch,Condition
0,0,0,0.8606126142671144,0.5126517311844987,0,interleaved
1,1,0,0.5594530022758089,0.650082204702717,0,interleaved
2,2,0,0.5260449455495508,0.6391292946889731,0,interleaved
3,3,0,0.2186594992847002,0.5932499225094897,0,interleaved
4,4,0,0.6003058032953151,0.5285806029301048,0,interleaved
5,5,0,0.5421111652625815,0.6447022790491604,0,interleaved
6,6,0,0.7525157628082535,0.47997264965991415,0,interleaved
7,7,0,0.47404740478130747,0.580555310438044,0,interleaved
8,8,0,0.7360199843774313,0.5509513885984155,0,interleaved
9,9,0,0.4243218508147852,0.5357977932171138,0,interleaved
10,10,0,0.6417526004235574,0.6036463008503463,0,interleaved
11,11,0,0.5012832106182684,0.6126731571561301,0,interleaved
12,12,0,0.27638994862106225,0.6919815998138901,0,interleaved
13,13,0,0.8665864648537176,0.6154661189269757,0,interleaved
14,14,0,0.6705884762800551,0.6735533571223111,0,interleaved
15,15,0,0.3740428231096529,0.5650796567058148,0,interleaved
16,16,0,0.836363207524914,0.4861730076149309,0,interleaved
17,17,0,0.4877982946098296,0.487578530421948,0,interleaved
18,18,0,0.25514426098882304,0.5529603487035698,0,interleaved
19,19,0,0.4279499345084209,0.4659440304675352,0,interleaved
20,20,0,0.3228374234066912,0.7343429052546393,0,interleaved
21,21,0,0.6647400040569882,0.5005742905998095,0,interleaved
22,22,0,0.7373118347481653,0.5056444785335745,0,interleaved
23,23,0,0.3413849179497419,0.6252362869536131,0,interleaved
24,24,0,0.6878456853548056,0.574235708619385,0,interleaved
25,25,0,0.4217977197077143,0.6902226952217603,0,interleaved
26,26,0,0.4782303801962821,0.5840950259259723,0,interleaved
27,27,0,0.6941354322361544,0.45064821421799606,0,interleaved
28,28,0,0.4236233679051998,0.8045960401511578,0,interleaved
29,29,0,0.7811472071449355,0.5833014424300718,0,interleaved
30,30,0,0.5031099010520667,0.5598900673934614,0,interleaved
31,31,0,0.2272123054231673,0.48711971430172607,0,interleaved
32,32,0,0.3231978053764374,0.4637924057368935,0,interleaved
33,33,0,0.6840658249638578,0.34338279381856696,0,interleaved
34,34,0,0.32716925331677815,0.5730442208175339,0,interleaved
35,35,0,0.8955052202492293,0.4310654992786975,0,interleaved
36,36,0,0.6933606937374645,0.410664618363828,0,interleaved
37,37,0,0.5452244863928266,0.518371224001587,0,interleaved
38,38,0,0.24990346957616055,0.5951919826735039,0,interleaved
39,39,0,0.22748207985288282,0.6780009881979181,0,interleaved
40,40,0,0.4651146057064325,0.4415443482299962,0,interleaved
41,41,0,0.7064799936672627,0.4320598275945031,0,interleaved
42,42,0,0.4051083850556564,0.7010010471583362,0,interleaved
43,43,0,0.1280593194684408,0.6827788830977689,0,interleaved
44,44,0,0.5959757901389726,0.41343227522143355,0,interleaved
45,45,0,0.2751960357088206,0.5763068492706477,0,interleaved
46,46,0,0.6053098576109901,0.5201488093453752,0,interleaved
47,47,0,0.3322536402252195,0.5823651052469292,0,interleaved
48,48,0,0.4241709249850478,0.4117990443169596,0,interleaved
49,49,0,0.38824356172951924,0.44156123670169495,0,interleaved
50,50,0,0.29988026368383325,0.6282316391254309,0,interleaved
51,51,0,0.42753194893239366,0.6778527691356879,0,interleaved
52,52,0,0.6870043797901202,0.567710185987303,0,interleaved
53,53,0,0.07199745376095136,0.5601805896773603,0,interleaved
54,54,0,0.5962172522877615,0.5092446750171675,0,interleaved
55,55,0,0.6462234682672852,0.5928743129492233,0,interleaved
56,56,0,0.4359448377011014,0.532540946473173,0,interleaved
57,57,0,0.8913430353081677,0.4578525928206286,0,interleaved
58,58,0,0.6316986166267582,0.4413936708005379,0,interleaved
59,59,0,0.8213229041869983,0.5232264431065989,0,interleaved
60,60,0,0.5275407718298455,0.6374987791823984,0,interleaved
61,61,0,0.7493131511579448,0.49091861408130594,0,interleaved
62,62,0,0.5166749701586879,0.5220131247289888,0,interleaved
63,63,0,0.7710747509690419,0.41525230744647024,0,interleaved
64,64,0,0.5001913208679716,0.6228738674295458,0,interleaved
65,65,0,0.7438791935245698,0.36607550076747053,0,interleaved
66,66,0,0.7676756455361942,0.39276192951773925,0,interleaved
67,67,0,0.6972324061838134,0.4386304293457138,0,interleaved
68,68,0,0.37394777505486687,0.6700206591016491,0,interleaved
69,69,0,0.22461470056032634,0.539627789253484,0,interleaved
70,70,0,0.5908172771706971,0.4412955725088623,0,interleaved
71,71,0,0.6917102460169213,0.5938900324013252,0,interleaved
72,72,0,0.26366206303401335,0.5074665984891865,0,interleaved
73,73,0,0.47980914028774846,0.5288853591608669,0,interleaved
74,74,0,0.4663228095888485,0.7176386426727136,0,interleaved
75,75,0,0.5079447687351439,0.5548645145969866,0,interleaved
76,76,0,0.4425084911906495,0.5096971023017793,0,interleaved
77,77,0,0.7805417261018464,0.45658250352052576,0,interleaved
78,78,0,0.476575594733086,0.5373502351073183,0,interleaved
79,79,0,0.35659689087598695,0.4038877801267524,0,interleaved
80,80,0,0.4692309158319441,0.575902055875579,0,interleaved
81,81,0,0.4753618142993179,0.6615115412879023,0,interleaved
82,82,0,0.8181506325652801,0.5254068576879718,0,interleaved
83,83,0,0.7501324679313288,0.531021607792928,0,interleaved
84,84,0,0.522878390654322,0.4573514098561606,0,interleaved
85,85,0,0.9341800894681569,0.42656435971723344,0,interleaved
86,86,0,0.3724764271093624,0.6730068562554414,0,interleaved
87,87,0,0.4629520758605104,0.5216076181113982,0,interleaved
88,88,0,0.42273743649166806,0.5304240831248821,0,interleaved
89,89,0,0.228006870100254,0.6792265445582044,0,interleaved
90,90,0,0.3980218544866585,0.7189110789887536,0,interleaved
91,91,0,0.3857182859250433,0.390510153222325,0,interleaved
92,92,0,0.7117541595460384,0.4984156474702056,0,interleaved
93,93,0,0.5304940461220199,0.40376954087297334,0,interleaved
94,94,0,0.8548544533118797,0.3598638516383265,0,interleaved
95,95,0,0.5987543850982382,0.6932976224709233,0,interleaved
96,96,0,0.6973042235586793,0.523930451263598,0,interleaved
97,97,0,0.5943142134132573,0.6061822525397189,0,interleaved
98,98,0,0.6035408712853896,0.41916850880399453,0,interleaved
99,99,0,0.7468658531974908,0.35741961915584247,0,interleaved
100,100,0,0.3899426201441101,0.586589222012233,0,interleaved
101,101,0,0.4816495482554484,0.5959425205121573,0,interleaved
102,102,0,0.4996638310719323,0.5366729366183755,0,interleaved
103,103,0,0.41442040329726393,0.5271559185611836,0,interleaved
104,104,0,0.4155889355018709,0.42944805165391475,0,interleaved
105,105,0,0.527785452310423,0.5386732571897093,0,interleaved
106,106,0,0.8660333255674342,0.33359817562847577,0,interleaved
107,107,0,0.6743575956800042,0.6591954853815423,0,interleaved
108,108,0,0.6399611542446907,0.48687962211148816,0,interleaved
109,109,0,0.2998476634776872,0.47097158952717766,0,interleaved
110,110,0,0.7421628891108558,0.49371116272618554,0,interleaved
111,111,0,0.7290176953781717,0.41661004138950863,0,interleaved
112,112,0,0.5381527731905613,0.5840895205883407,0,interleaved
113,113,0,0.4453392262033084,0.6365302163055933,0,interleaved
114,114,0,0.9094963932222067,0.4832784575961584,0,interleaved
115,115,0,0.13563339821889803,0.42272904248626486,0,interleaved
116,116,0,0.9648108814690535,0.4062843456985511,0,interleaved
117,117,0,0.6910007848638516,0.48543833338139886,0,interleaved
118,118,0,0.5960884608744264,0.46112200723163704,0,interleaved
119,119,0,0.15404219931079455,0.6097399864027833,0,interleaved
120,120,0,0.36438233455270036,0.48567107426042777,0,interleaved
121,121,0,0.8102606215757481,0.420636536263703,0,interleaved
122,122,0,0.6522073521354291,0.40583762432881393,0,interleaved
123,123,0,0.9050816163820361,0.47536058929607783,0,interleaved
124,124,0,0.43674297847906596,0.562227490388945,0,interleaved
125,125,0,0.49370099038782644,0.5547641216310588,0,interleaved
126,126,0,0.43621337229847146,0.6106185860936153,0,interleaved
127,127,0,0.4962419434384382,0.5350243575123711,0,interleaved
128,128,0,0.8923311403547236,0.3502129015907578,0,interleaved
129,129,0,0.7145085909733259,0.5961292645862153,0,interleaved
130,130,0,0.7830088974919807,0.4016359348118663,0,interleaved
131,131,0,0.4027856283565753,0.5246182723663225,0,interleaved
132,132,0,0.9157693770233051,0.36607088487196876,0,interleaved
133,133,0,0.4096886533305559,0.6186853601623158,0,interleaved
134,134,0,0.4788858640683631,0.4705395555628166,0,interleaved
135,135,0,0.8177491257740275,0.531984343904623,0,interleaved
136,136,0,0.46364734651306216,0.49247252651048196,0,interleaved
137,137,0,0.4521308559787137,0.45437841377723,0,interleaved
138,138,0,0.44109077113561035,0.5504122713413516,0,interleaved
139,139,0,0.8493713076358766,0.36631453896901767,0,interleaved
140,140,0,0.7685717896390523,0.4938937746739639,0,interleaved
141,141,0,0.6658237178771245,0.49903767464719645,0,interleaved
142,142,0,0.48479884946364427,0.39179087359318715,0,interleaved
143,143,0,0.9363833355680722,0.29949082558093093,0,interleaved
144,144,0,0.48416905360190765,0.5188994186373016,0,interleaved
145,145,0,0.531933879416138,0.5165159461064663,0,interleaved
146,146,0,0.29172003826195253,0.39966710869191435,0,interleaved
147,147,0,0.3228938166994316,0.3981319166266435,0,interleaved
148,148,0,0.48229337892627283,0.45378955935640936,0,interleaved
149,149,0,0.8650199187944,0.3865471088199123,0,interleaved
150,150,0,0.393010967281886,0.4115772241250546,0,interleaved
151,151,0,0.49939165904829286,0.5352984275654307,0,interleaved
152,152,0,0.8349497476076743,0.5381884793368494,0,interleaved
153,153,0,0.7699686323289436,0.4656327725227782,0,interleaved
154,154,0,0.404995197532783,0.44382132662086227,0,interleaved
155,155,0,0.3212961114052813,0.5389719387866195,0,interleaved
156,156,0,0.4646321463282694,0.4377743718285,0,interleaved
157,157,0,0.6384769484013144,0.5428929714811823,0,interleaved
158,158,0,0.6827997452666701,0.5163975661168134,0,interleaved
159,159,0,0.5967749893217857,0.4606819958740403,0,interleaved
160,160,0,0.49769282403509374,0.5397503446059055,0,interleaved
161,161,0,0.7736629249491993,0.3747269663911425,0,interleaved
162,162,0,0.3138355453747363,0.46104194395748666,0,interleaved
163,163,0,0.5298846686962116,0.40644607222482554,0,interleaved
164,164,0,0.8637195491050902,0.28971252186038743,0,interleaved
165,165,0,0.47205449900393925,0.5665086394665283,0,interleaved
166,166,0,0.21717942789804404,0.47710686200889324,0,interleaved
167,167,0,0.5001380087248284,0.43409506836936795,0,interleaved
168,168,0,0.550389236325233,0.5980647661461507,0,interleaved
169,169,0,0.1637367125462539,0.6236875639510422,0,interleaved
170,170,0,0.8252875473555863,0.4603919653239076,0,interleaved
171,171,0,0.4211623387468104,0.4899926954439058,0,interleaved
172,172,0,0.6896025295300497,0.48293623293944227,0,interleaved
173,173,0,0.702467467691862,0.4890463755991493,0,interleaved
174,174,0,0.2982899267064823,0.5252738862946679,0,interleaved
175,175,0,0.4340421913801129,0.4820083251862142,0,interleaved
176,176,0,0.49344233594306747,0.42118810820211605,0,interleaved
177,177,0,0.545481858163924,0.3635271804306399,0,interleaved
178,178,0,0.6493280013913831,0.5498881531869265,0,interleaved
179,179,0,0.8514334709492417,0.33533769768651966,0,interleaved
180,180,0,0.9490352907550802,0.49047203581754373,0,interleaved
181,181,0,0.7779612526551343,0.39950516258167684,0,interleaved
182,182,0,0.808688044805395,0.3836557219923342,0,interleaved
183,183,0,0.3784979814478561,0.6706303673282563,0,interleaved
184,184,0,0.23738520272334607,0.5822618513334215,0,interleaved
185,185,0,0.35837343382220377,0.5107170555502019,0,interleaved
186,186,0,0.5712002845968005,0.34659009052475337,0,interleaved
187,187,0,0.3298183678267705,0.5311640040237956,0,interleaved
188,188,0,0.6680402014088856,0.39383114508118766,0,interleaved
189,189,0,0.4184570040578212,0.39504305398390094,0,interleaved
190,190,0,0.46475615544311705,0.4658142929214769,0,interleaved
191,191,0,0.7149111742981574,0.6198158985388721,0,interleaved
192,192,0,0.47145295647424135,0.6091468431395455,0,interleaved
193,193,0,0.07142235489776103,0.5261000842247826,0,interleaved
194,194,0,0.6119622164110736,0.4171738601795985,0,interleaved
195,195,0,0.4923219552323622,0.43839701400913295,0,interleaved
196,196,0,0.8463324742576446,0.37889871905765715,0,interleaved
197,197,0,0.9490107782518091,0.4057758323216305,0,interleaved
198,198,0,0.5361725215163798,0.6607346508761467,0,interleaved
199,199,0,0.6454628288213508,0.4237649714216031,0,interleaved
200,0,0,0.09928391307726739,0.7247524813657817,0,blocked
201,1,0,0.4674085457113998,0.6680458545449983,0,blocked
202,2,0,0.39341967927164934,0.5631496990688941,0,blocked
203,3,0,0.47307073324656407,0.39335896205781284,0,blocked
204,4,0,0.5627102782653746,0.3285117519792006,0,blocked
205,5,0,0.7644769147989299,0.35534954565085647,0,blocked
206,6,0,0.9229384494684667,0.45174629950830975,0,blocked
207,7,0,0.3681138397332695,0.4585211245398198,0,blocked
208,8,0,0.08566826853312033,0.5909318239359267,0,blocked
209,9,0,0.5793212903867109,0.41023910755865034,0,blocked
210,10,0,0.3068185116328874,0.570619004062851,0,blocked
211,11,0,0.49057641115511263,0.5809492097506959,0,blocked
212,12,0,0.35554629432053564,0.758237574514711,0,blocked
213,13,0,0.06290058913336696,0.5036287759256074,0,blocked
214,14,0,0.4191048252897812,0.40378057327286654,0,blocked
215,15,0,0.21526379440096555,0.45684438476891887,0,blocked
216,16,0,0.5578598934561261,0.38237257748461206,0,blocked
217,17,0,0.6866990527196841,0.5835918981635264,0,blocked
218,18,0,0.19036145022858458,0.37581427171864257,0,blocked
219,19,0,0.3250009759453039,0.45415567850610805,0,blocked
220,20,0,0.9829906253474123,0.42301586719147966,0,blocked
221,21,0,0.3364274246988173,0.530806496093712,0,blocked
222,22,0,0.7161702210059584,0.3268529460893035,0,blocked
223,23,0,0.6413127915409518,0.4603500705704563,0,blocked
224,24,0,0.6785738083100683,0.3987416009536224,0,blocked
225,25,0,0.3925488555653198,0.5701924812320034,0,blocked
226,26,0,0.3976811174624235,0.4000198046259288,0,blocked
227,27,0,0.8645682149623837,0.4612290424771517,0,blocked
228,28,0,0.6819070332554154,0.5229776483265431,0,blocked
229,29,0,0.9759908781946284,0.4260377828515107,0,blocked
230,30,0,0.9889997576941727,0.5119590096092871,0,blocked
231,31,0,0.4947990552231676,0.5787942451694161,0,blocked
232,32,0,0.6257588378405364,0.4218091148531935,0,blocked
233,33,0,0.910517756692071,0.4914789377588695,0,blocked
234,34,0,0.07149979197182335,0.5788385880080962,0,blocked
235,35,0,0.8345239557591003,0.31891992556469306,0,blocked
236,36,0,0.08340156111565863,0.4078110500180334,0,blocked
237,37,0,0.5103707585062994,0.5871768476464039,0,blocked
238,38,0,0.5560608280434298,0.5796339722128641,0,blocked
239,39,0,0.7413985413413664,0.45013456328319923,0,blocked
240,40,0,0.4506421067328185,0.4688552645763472,0,blocked
241,41,0,0.4520154110270169,0.5808767642403374,0,blocked
242,42,0,0.32951951519772693,0.40265527347884944,0,blocked
243,43,0,0.2950644878709018,0.545720224301365,0,blocked
244,44,0,0.24105176478071683,0.39294015017108763,0,blocked
245,45,0,0.42882192011599907,0.43494613986867836,0,blocked
246,46,0,0.5394242223292621,0.3771377775167255,0,blocked
247,47,0,0.50670597241169,0.301324181297421,0,blocked
248,48,0,0.5397449524804167,0.38563010501783246,0,blocked
249,49,0,0.6503903651246442,0.3381054754870173,0,blocked
250,50,0,0.31124733057537973,0.4994086116275004,0,blocked
251,51,0,0.6840987310438559,0.49102963050598764,0,blocked
252,52,0,0.45970567662304984,0.45664786279266567,0,blocked
253,53,0,0.383184276236637,0.4694532973972393,0,blocked
254,54,0,0.497933662996684,0.3002789570911436,0,blocked
255,55,0,0.7089946397361595,0.3205821091241607,0,blocked
256,56,0,0.30299940245341317,0.4676719844379087,0,blocked
257,57,0,0.6435117168658406,0.44641932495581177,0,blocked
258,58,0,0.496812687781349,0.5479819583367301,0,blocked
259,59,0,0.8652401318328037,0.5948358857739435,0,blocked
260,60,0,0.8632634469937547,0.4114789629625629,0,blocked
261,61,0,0.6317524115064399,0.35840913156391646,0,blocked
262,62,0,0.3265589839893632,0.5743688949553359,0,blocked
263,63,0,0.36687014599575307,0.49858906846889406,0,blocked
264,64,0,0.23395898923223732,0.4633401466121615,0,blocked
265,65,0,0.4188861235934097,0.44036512638371283,0,blocked
266,66,0,0.5446569308381624,0.41443535888816996,0,blocked
267,67,0,0.7816475788982895,0.3068440999882993,0,blocked
268,68,0,0.5726520013429731,0.425487122366318,0,blocked
269,69,0,0.4438429276081204,0.4257365958931657,0,blocked
270,70,0,0.5222072747083739,0.4476315782408263,0,blocked
271,71,0,0.5780188913654551,0.5189063959657567,0,blocked
272,72,0,0.9421261157804715,0.4010671156340701,0,blocked
273,73,0,0.008171791137080782,0.6734432982302094,0,blocked
274,74,0,0.324286176755657,0.35042644574884396,0,blocked
275,75,0,0.6095062704438589,0.39387023623895273,0,blocked
276,76,0,0.7265883802299323,0.4017767017572878,0,blocked
277,77,0,0.3097291614662379,0.38584509822338153,0,blocked
278,78,0,0.8395214083367836,0.38715491169045513,0,blocked
279,79,0,0.5624022474252952,0.36746455836689373,0,blocked
280,80,0,0.5333715758703336,0.401204222860267,0,blocked
281,81,0,0.08389561452379558,0.3979786939498438,0,blocked
282,82,0,0.6739119515672404,0.3567905722508227,0,blocked
283,83,0,0.637854203895104,0.33406977193695697,0,blocked
284,84,0,0.3894739648136304,0.4002022359010915,0,blocked
285,85,0,0.36244074244199054,0.33209171150874695,0,blocked
286,86,0,0.5633071920121508,0.3110895833233147,0,blocked
287,87,0,0.6370754748896192,0.6684821950190141,0,blocked
288,88,0,0.03429236597787194,0.43613977909480767,0,blocked
289,89,0,0.2755816535739642,0.361988787506789,0,blocked
290,90,0,0.3772695315736535,0.4935808188820199,0,blocked
291,91,0,0.9699937669989549,0.33855134202254744,0,blocked
292,92,0,0.3760286093533869,0.43746924391768727,0,blocked
293,93,0,0.6232662291464431,0.33767183488319563,0,blocked
294,94,0,0.909872937852872,0.3327964487255075,0,blocked
295,95,0,0.8721695810967655,0.447631068544803,0,blocked
296,96,0,0.18891042126967036,0.509330600417893,0,blocked
297,97,0,0.6991147917018239,0.3832964246320586,0,blocked
298,98,0,0.9652508313105215,0.2849290353039101,0,blocked
299,99,0,0.9978198594329275,0.43223008362475124,0,blocked
300,100,0,0.8290853549743409,0.3376813975832975,0,blocked
301,101,0,0.6910417969765457,0.2404685242386123,0,blocked
302,102,0,0.6869043345011734,0.25663363163125935,0,blocked
303,103,0,0.6054835825957225,0.3283274981323014,0,blocked
304,104,0,0.4553586918124791,0.4416048592158479,0,blocked
305,105,0,0.23650657446405102,0.3684611461357769,0,blocked
306,106,0,0.7774771413921213,0.2621048795531173,0,blocked
307,107,0,0.2773449702021255,0.5104955792201404,0,blocked
308,108,0,0.6925231537113989,0.39904826577317704,0,blocked
309,109,0,0.8104116796324927,0.29412188254895233,0,blocked
310,110,0,0.7844465577400113,0.44182075640332585,0,blocked
311,111,0,0.9424021083224801,0.2927011952284696,0,blocked
312,112,0,0.35684662970414227,0.40520299233294965,0,blocked
313,113,0,0.8312652104259276,0.4637211261149975,0,blocked
314,114,0,0.7019070918425685,0.3404923724055513,0,blocked
315,115,0,0.7129704189955365,0.40140146559270995,0,blocked
316,116,0,0.9831828101336715,0.4342626179909105,0,blocked
317,117,0,0.16334398603065284,0.3327564896854013,0,blocked
318,118,0,0.47632368561273364,0.33300079435496077,0,blocked
319,119,0,0.39402713678066004,0.31945250139565007,0,blocked
320,120,0,0.43920611011857413,0.4325155826812147,0,blocked
321,121,0,0.7019886190269412,0.3219554973545831,0,blocked
322,122,0,0.52119550983067,0.440266387925775,0,blocked
323,123,0,0.5563292302548666,0.3925670331029936,0,blocked
324,124,0,0.48125178644634414,0.4429733814900445,0,blocked
325,125,0,0.3413246370225295,0.38087833958118933,0,blocked
326,126,0,0.64061386411458,0.3176644069251915,0,blocked
327,127,0,0.07596621554027085,0.34014657110552227,0,blocked
328,128,0,0.4475189287024981,0.29903302257414666,0,blocked
329,129,0,0.5272191704335023,0.3753205968634059,0,blocked
330,130,0,0.2230661867535192,0.3986523015131216,0,blocked
331,131,0,0.681018095909084,0.3263183470042433,0,blocked
332,132,0,0.7701505135824829,0.3480865988061903,0,blocked
333,133,0,0.5576128617571587,0.34435473739521827,0,blocked
334,134,0,0.7654622575113604,0.3429769885879107,0,blocked
335,135,0,0.4344931948158059,0.3327129514720286,0,blocked
336,136,0,0.3924722305353856,0.3416244472261678,0,blocked
337,137,0,0.5573665456033997,0.3270366484217337,0,blocked
338,138,0,0.7643062466787122,0.26703696720588066,0,blocked
339,139,0,0.10073748621100483,0.5928920122587814,0,blocked
340,140,0,0.42366139878805004,0.299962416371846,0,blocked
341,141,0,0.6206452200128145,0.29952147645992205,0,blocked
342,142,0,0.1278514017943238,0.39507558849536134,0,blocked
343,143,0,0.5449258067011672,0.3057370380760235,0,blocked
344,144,0,0.4992224158668628,0.37897277769629334,0,blocked
345,145,0,0.5550961937081408,0.37185472369299666,0,blocked
346,146,0,0.36086117640210724,0.2925232531484063,0,blocked
347,147,0,0.7457869330019937,0.27165029408631713,0,blocked
348,148,0,0.3957823728040555,0.513270215061187,0,blocked
349,149,0,0.616228067107557,0.2939516319901454,0,blocked
350,150,0,0.7430086260768571,0.2350919694365489,0,blocked
351,151,0,0.8148065876056239,0.30486877663027856,0,blocked
352,152,0,0.6016749255387223,0.23487129638080995,0,blocked
353,153,0,0.7882790945276317,0.3646049055331969,0,blocked
354,154,0,0.5705780923514694,0.29384181187560193,0,blocked
355,155,0,0.2606981909264084,0.35308282217266634,0,blocked
356,156,0,0.5775978765817598,0.23515502053450194,0,blocked
357,157,0,0.07452867774538875,0.4887771533405767,0,blocked
358,158,0,0.5214326561522249,0.32004754680035813,0,blocked
359,159,0,0.6826255316327063,0.29574891772518785,0,blocked
360,160,0,0.23352068722295724,0.4320208363899036,0,blocked
361,161,0,0.49791634144981545,0.405830074736425,0,blocked
362,162,0,0.8994976852286007,0.3570716175272935,0,blocked
363,163,0,0.7167680896507697,0.41627037884255697,0,blocked
364,164,0,0.7872581101255549,0.2982374623554116,0,blocked
365,165,0,0.6609860695873726,0.413007073320912,0,blocked
366,166,0,0.4946252209618411,0.2967545280207164,0,blocked
367,167,0,0.5510283141659662,0.3444718354576327,0,blocked
368,168,0,0.8361860897250779,0.34449090847699193,0,blocked
369,169,0,0.8450829514163629,0.30684230080561775,0,blocked
370,170,0,0.9290828284451542,0.23733502520132854,0,blocked
371,171,0,0.7967969988849408,0.3737669072124632,0,blocked
372,172,0,0.9810073526913032,0.3580304217250609,0,blocked
373,173,0,0.4754137153537936,0.34003197713228434,0,blocked
374,174,0,0.8675157586059896,0.26881513748657343,0,blocked
375,175,0,0.8765701386002858,0.4578755017251076,0,blocked
376,176,0,0.7725900578835524,0.36614557909016965,0,blocked
377,177,0,0.18681007635488361,0.3571791190787174,0,blocked
378,178,0,0.8608846221559265,0.3303410466914318,0,blocked
379,179,0,0.5038967057765268,0.4606176702553523,0,blocked
380,180,0,0.9215809923388878,0.17839522464746543,0,blocked
381,181,0,0.5638606499202726,0.2971576365830605,0,blocked
382,182,0,0.5189586385611001,0.2286574297060367,0,blocked
383,183,0,0.9127141701981694,0.22213716706203432,0,blocked
384,184,0,0.8590194592256382,0.3674424884072838,0,blocked
385,185,0,0.6492037828472466,0.27863079530660795,0,blocked
386,186,0,0.05218992845454422,0.3356005333985216,0,blocked
387,187,0,0.7832866624427515,0.3139165322941981,0,blocked
388,188,0,0.9932275617857258,0.24293189485941602,0,blocked
389,189,0,0.23710247716323918,0.42730065234870523,0,blocked
390,190,0,0.30668419660606466,0.4343195248368241,0,blocked
391,191,0,0.9512910700731708,0.34422666460938556,0,blocked
392,192,0,0.28031690494832995,0.32173125551782245,0,blocked
393,193,0,0.6860064617417063,0.2960564628126157,0,blocked
394,194,0,0.6017532376649136,0.2951156712500569,0,blocked
395,195,0,0.42815652946947225,0.3475607810261888,0,blocked
396,196,0,0.6864657085224206,0.2780746191617405,0,blocked
397,197,0,0.3299670546237201,0.2660679230721712,0,blocked
398,198,0,0.6888596173012864,0.319790961114785,0,blocked
399,199,0,0.846503186564753,0.23172681462439867,0,blocked
400,0,0,0.6235868461369155,0.7185628210367325,0,early
401,1,0,0.48802465140408025,0.7259951789031818,0,early
402,2,0,0.8148907648278446,0.6337132187377499,0,early
403,3,0,0.7129014822775146,0.5839219700580565,0,early
404,4,0,0.023860751788005764,0.551136294710121,0,early
405,5,0,0.932193204868201,0.36363245372189323,0,early
406,6,0,0.08914593146728629,0.7037354613365056,0,early
407,7,0,0.7561011848644239,0.3140288358268632,0,early
408,8,0,0.12132151392559803,0.6464705224056115,0,early
409,9,0,0.6139875950233626,0.7164955157121078,0,early
410,10,0,0.023921464317403048,0.5381110362012598,0,early
411,11,0,0.07320056614909548,0.7353546406276648,0,early
412,12,0,0.5790967767659676,0.41638752173899674,0,early
413,13,0,0.5578325447867987,0.5281789344601309,0,early
414,14,0,0.6659137215280365,0.38218051860410523,0,early
415,15,0,0.45896745318447757,0.5637882574286105,0,early
416,16,0,0.6272056931525908,0.5045831029565483,0,early
417,17,0,0.45627166274623543,0.5866225724967563,0,early
418,18,0,0.4815180754930418,0.610981895267779,0,early
419,19,0,0.6114190415106535,0.6838267020420623,0,early
420,20,0,0.2557566862029008,0.46244814823349245,0,early
421,21,0,0.5956818662634104,0.5200204196457484,0,early
422,22,0,0.5316678610412806,0.43675399940881077,0,early
423,23,0,0.6460658796257044,0.4219915871271661,0,early
424,24,0,0.39800117767294996,0.4166242455328843,0,early
425,25,0,0.6413169750440102,0.5270737198138848,0,early
426,26,0,0.8831310944318433,0.32263710457067296,0,early
427,27,0,0.9214711620746172,0.4177552698208584,0,early
428,28,0,0.22424080411667213,0.49813229517102825,0,early
429,29,0,0.3677689283476807,0.5057201212772315,0,early
430,30,0,0.4499701782298906,0.49663536449874146,0,early
431,31,0,0.590927629793835,0.4587445388410199,0,early
432,32,0,0.2444281177328311,0.583304198780868,0,early
433,33,0,0.518993683912357,0.7571199711209676,0,early
434,34,0,0.5501100866257099,0.3181007315863661,0,early
435,35,0,0.49353569804971276,0.5325420128072614,0,early
436,36,0,0.5741327135013621,0.45540192077593156,0,early
437,37,0,0.6722380113418719,0.40093013193134547,0,early
438,38,0,0.44605859539074455,0.5232857643281258,0,early
439,39,0,0.48716265307758017,0.5353943225102493,0,early
440,40,0,0.0731567948053983,0.6445855890273797,0,early
441,41,0,0.3714452182610931,0.48443500289147856,0,early
442,42,0,0.21991707447995307,0.2914848625300004,0,early
443,43,0,0.12166707720926671,0.6540986215907527,0,early
444,44,0,0.1412235979123331,0.7193147215332751,0,early
445,45,0,0.8879556453452361,0.4741158710545913,0,early
446,46,0,0.9539679783293868,0.49125854734482943,0,early
447,47,0,0.00493364456884999,0.6135556545570905,0,early
448,48,0,0.8236615752621949,0.31679346289557575,0,early
449,49,0,0.7582187920655589,0.48197666127522165,0,early
450,50,0,0.040707345023432005,0.6753932993533445,0,early
451,51,0,0.780512605488351,0.3648295276980097,0,early
452,52,0,0.38375073732630444,0.5753344983163762,0,early
453,53,0,0.04034945861266725,0.7441831591277204,0,early
454,54,0,0.029417420386106855,0.7150987854631092,0,early
455,55,0,0.6162588739869369,0.4786219658313517,0,early
456,56,0,0.9424920413758819,0.23825938889353665,0,early
457,57,0,0.050463591741553106,0.4203827483039799,0,early
458,58,0,0.23616909197526084,0.474913622446645,0,early
459,59,0,0.8098245459716973,0.32250178286101905,0,early
460,60,0,0.9184169815244984,0.37600111846595213,0,early
461,61,0,0.9870739058949123,0.3724960923248657,0,early
462,62,0,0.5153423352368136,0.5840870326555929,0,early
463,63,0,0.3084631715561026,0.3966013265312367,0,early
464,64,0,0.8699271630885216,0.31286427267551653,0,early
465,65,0,0.11321009391887778,0.6810641847937599,0,early
466,66,0,0.7327239415843485,0.614320873705313,0,early
467,67,0,0.02964997566238596,0.5021788032746107,0,early
468,68,0,0.07309579378064342,0.596012129312484,0,early
469,69,0,0.8065758117240595,0.3083827693014838,0,early
470,70,0,0.6784366159102283,0.3471785352240032,0,early
471,71,0,0.7883677423131183,0.2948654355207024,0,early
472,72,0,0.9559092162256613,0.34720942849236036,0,early
473,73,0,0.12520017481127227,0.4398128850004508,0,early
474,74,0,0.44923870807019023,0.3959714109723965,0,early
475,75,0,0.4133487318818401,0.38443356715077714,0,early
476,76,0,0.1538247319738538,0.42093168070980314,0,early
477,77,0,0.9525406766832155,0.4385632414214768,0,early
478,78,0,0.9946743631433135,0.3797778777644243,0,early
479,79,0,0.9818908730162706,0.477656018619458,0,early
480,80,0,0.4687649861576711,0.42545530083574984,0,early
481,81,0,0.8586749768876261,0.361088539276615,0,early
482,82,0,0.5144890401725496,0.2719673792652691,0,early
483,83,0,0.9912553057317712,0.42371858956762015,0,early
484,84,0,0.5848782082800025,0.5795624205100494,0,early
485,85,0,0.038917620415145834,0.46168637493100817,0,early
486,86,0,0.5834923299138149,0.42267037751269854,0,early
487,87,0,0.3082907048453357,0.4517830725549532,0,early
488,88,0,0.19105162035343665,0.42146306371130493,0,early
489,89,0,0.8343095885227815,0.2732446786787901,0,early
490,90,0,0.8266461196220121,0.46073831322904746,0,early
491,91,0,0.7371595758102925,0.5384708901502716,0,early
492,92,0,0.4730011069522316,0.49778376979463174,0,early
493,93,0,0.9823016800250042,0.46125279114370965,0,early
494,94,0,0.5178424504212884,0.46629342874982393,0,early
495,95,0,0.20139214951286993,0.3861131497288192,0,early
496,96,0,0.2783462424758582,0.3972466167155284,0,early
497,97,0,0.536490265880272,0.4964488123632142,0,early
498,98,0,0.5749577818350087,0.5167575160611703,0,early
499,99,0,0.41853926414576936,0.2897636957640587,0,early
500,100,0,0.40009990792537653,0.5458432301256122,0,early
501,101,0,0.8695944108106552,0.5531380347222301,0,early
502,102,0,0.7762021023687868,0.31262583899379803,0,early
503,103,0,0.3845498522813132,0.3635163922989028,0,early
504,104,0,0.7601067220395041,0.34937130166482694,0,early
505,105,0,0.884207302536085,0.28102539519386227,0,early
506,106,0,0.7187749846425286,0.4050128206708676,0,early
507,107,0,0.32288313600104074,0.35704557685577837,0,early
508,108,0,0.435841120908256,0.45886040729811883,0,early
509,109,0,0.49463006774063206,0.43090078048569946,0,early
510,110,0,0.6344384969570941,0.3799299153732398,0,early
511,111,0,0.42683573849671874,0.44229275902291787,0,early
512,112,0,0.18254263151035593,0.48533313517844123,0,early
513,113,0,0.7965728368818552,0.3381079947018166,0,early
514,114,0,0.6627095764051876,0.40239776767239455,0,early
515,115,0,0.8612413326582196,0.4176374900278834,0,early
516,116,0,0.5320078411930246,0.5477113426531469,0,early
517,117,0,0.6775345376095476,0.5025318012497967,0,early
518,118,0,0.43893516959274337,0.3782415494438505,0,early
519,119,0,0.30917248728331354,0.42845147492300384,0,early
520,120,0,0.5810281049182997,0.6286630590230871,0,early
521,121,0,0.32804047761916144,0.5711951393035491,0,early
522,122,0,0.13588118515514638,0.3981512283679337,0,early
523,123,0,0.8473585298914329,0.3538883682644933,0,early
524,124,0,0.48652183030489693,0.4756436431394721,0,early
525,125,0,0.8678602119290928,0.34755948921674706,0,early
526,126,0,0.572050081702375,0.3133801502404655,0,early
527,127,0,0.8261714924121045,0.34758147298930453,0,early
528,128,0,0.5026837783345464,0.43274700041073677,0,early
529,129,0,0.9482595485507307,0.41545725113058635,0,early
530,130,0,0.45910043015598123,0.48409382397654,0,early
531,131,0,0.9748881235803084,0.40909252946850594,0,early
532,132,0,0.5051869798603583,0.4700091598705602,0,early
533,133,0,0.31489257878316607,0.4598324529062614,0,early
534,134,0,0.4168220843494041,0.5583139023389978,0,early
535,135,0,0.8763439667134632,0.33775261430688,0,early
536,136,0,0.45190443761182325,0.40367108259534584,0,early
537,137,0,0.9518342128699167,0.3679412926876987,0,early
538,138,0,0.5270982492920432,0.5003941460058714,0,early
539,139,0,0.8592612910436678,0.4498589427382823,0,early
540,140,0,0.28987220969504746,0.4810790818522606,0,early
541,141,0,0.04634210028107612,0.3995119736688192,0,early
542,142,0,0.4695564142407087,0.3449898448716594,0,early
543,143,0,0.33678277773923165,0.45031713480927155,0,early
544,144,0,0.09139636594172776,0.4789306604067538,0,early
545,145,0,0.46715975623610406,0.5045309650834028,0,early
546,146,0,0.7722712383911132,0.2367836717741474,0,early
547,147,0,0.4342228513254053,0.297314431059982,0,early
548,148,0,0.4413643944588651,0.38997870560131326,0,early
549,149,0,0.522794629787759,0.3505247522787429,0,early
550,150,0,0.31022333943247526,0.3779019128424044,0,early
551,151,0,0.4599022499352597,0.5490447909671545,0,early
552,152,0,0.4328872272888585,0.40014587851951033,0,early
553,153,0,0.8681105642730982,0.38288639597795243,0,early
554,154,0,0.4940630562762979,0.42428337765246804,0,early
555,155,0,0.5619698576846217,0.4072008477163459,0,early
556,156,0,0.17682661974572117,0.44504545520832256,0,early
557,157,0,0.283695102530062,0.3704294972051042,0,early
558,158,0,0.5898088202621269,0.3835488130763278,0,early
559,159,0,0.41889384516281325,0.2711235337467607,0,early
560,160,0,0.7804634708949456,0.3698176000231084,0,early
561,161,0,0.7362424056076395,0.31704228768252424,0,early
562,162,0,0.5290964100222694,0.49775463988248936,0,early
563,163,0,0.3434858880572178,0.5555284681996844,0,early
564,164,0,0.431973804907799,0.4269539042310947,0,early
565,165,0,0.4898672982549447,0.44458827275281876,0,early
566,166,0,0.4356689190387854,0.37808915019222644,0,early
567,167,0,0.48665431568541606,0.2559125427487579,0,early
568,168,0,0.5075972101490107,0.4745870347811392,0,early
569,169,0,0.581774788618962,0.3690578599571463,0,early
570,170,0,0.8619722181246009,0.43519990180270424,0,early
571,171,0,0.6683318055727901,0.2630584607644296,0,early
572,172,0,0.41381161240250636,0.45013067623092573,0,early
573,173,0,0.9186364347615779,0.3562019599638827,0,early
574,174,0,0.4782820267277616,0.40420079670637854,0,early
575,175,0,0.46948776724794405,0.46045760201882846,0,early
576,176,0,0.948008577343479,0.4872039409245039,0,early
577,177,0,0.5213638832444156,0.34622416591976385,0,early
578,178,0,0.4995111897271266,0.41184401993548925,0,early
579,179,0,0.5826091490314635,0.4095094643787376,0,early
580,180,0,0.24935756599925407,0.35483796350625535,0,early
581,181,0,0.63386371879103,0.3530257412335782,0,early
582,182,0,0.592486561285315,0.5015529087011417,0,early
583,183,0,0.6643633536988003,0.24277886660643405,0,early
584,184,0,0.9651579846266416,0.33843894488330656,0,early
585,185,0,0.7607692438806617,0.2460427262376577,0,early
586,186,0,0.4331925984181836,0.497036930508936,0,early
587,187,0,0.14434317235011293,0.5117516274884051,0,early
588,188,0,0.3232628019222569,0.38910730596653165,0,early
589,189,0,0.4803615332353859,0.35903198313328744,0,early
590,190,0,0.44696805306265824,0.4400140829343725,0,early
591,191,0,0.28463089014972875,0.4861291513692595,0,early
592,192,0,0.5049466927833243,0.3713426055172765,0,early
593,193,0,0.4114548656238268,0.6006373428971756,0,early
594,194,0,0.9597165931052625,0.4584846481531726,0,early
595,195,0,0.9798008335379804,0.37918416570922564,0,early
596,196,0,0.39682770952093854,0.4705639177773052,0,early
597,197,0,0.2367377660848367,0.4389646118272771,0,early
598,198,0,0.37617845399225613,0.5166765655765009,0,early
599,199,0,0.7648746491987157,0.3372825979485544,0,early
600,0,0,0.9368985836748429,0.7297929411097797,0,middle
601,1,0,0.6214067859098487,0.7518910317069456,0,middle
602,2,0,0.9803346412506577,0.5191726656139581,0,middle
603,3,0,0.5050722279446176,0.5952374663808873,0,middle
604,4,0,0.9873207588070049,0.4618695515369193,0,middle
605,5,0,0.5128918546934755,0.6541645043278697,0,middle
606,6,0,0.058720024178747464,0.4770007819274267,0,middle
607,7,0,0.4473234121568966,0.5248803621829375,0,middle
608,8,0,0.4711570304313331,0.45620051919875637,0,middle
609,9,0,0.6410588246202957,0.6867108921194252,0,middle
610,10,0,0.5340949071753589,0.6141816202346705,0,middle
611,11,0,0.21340871968288816,0.5850354929140652,0,middle
612,12,0,0.8630154267703825,0.45364230827811647,0,middle
613,13,0,0.4901362209371397,0.4399173600642241,0,middle
614,14,0,0.04508286038620375,0.5081142126136929,0,middle
615,15,0,0.5029168458158745,0.4579389155803738,0,middle
616,16,0,0.49420215189785405,0.639405843377629,0,middle
617,17,0,0.42724061743860037,0.4389241034592868,0,middle
618,18,0,0.14955960194704798,0.4378828820436658,0,middle
619,19,0,0.5501079983795425,0.48570320536359834,0,middle
620,20,0,0.6641364762344065,0.45268292461414555,0,middle
621,21,0,0.5005318223711973,0.4512107029758326,0,middle
622,22,0,0.8554646811767707,0.3828329423616189,0,middle
623,23,0,0.9138498796704464,0.5387217982307546,0,middle
624,24,0,0.47664928722242944,0.3676317880552149,0,middle
625,25,0,0.37690696641847454,0.5271928244607915,0,middle
626,26,0,0.4748600933257664,0.596659664834118,0,middle
627,27,0,0.5002966961203168,0.5633929312304912,0,middle
628,28,0,0.731882978728653,0.5366890701042754,0,middle
629,29,0,0.6369295377052695,0.6617511029575229,0,middle
630,30,0,0.7059701933709424,0.47759759652040135,0,middle
631,31,0,0.5983397412697845,0.517611228265555,0,middle
632,32,0,0.17652800399112084,0.48921778737710564,0,middle
633,33,0,0.29789109415944015,0.5446062111603611,0,middle
634,34,0,0.5138792824990823,0.3712492469249008,0,middle
635,35,0,0.4248059389026601,0.4133575884702082,0,middle
636,36,0,0.5453796601310616,0.7807807492778711,0,middle
637,37,0,0.48901789626326475,0.5662589907690755,0,middle
638,38,0,0.8883036703415323,0.39173442098741484,0,middle
639,39,0,0.714437219657758,0.5031989050907162,0,middle
640,40,0,0.524530181571656,0.3462742956627711,0,middle
641,41,0,0.5428567224005203,0.5756221986794854,0,middle
642,42,0,0.5575511536890746,0.3843612037022371,0,middle
643,43,0,0.5736230932571371,0.4016311139530585,0,middle
644,44,0,0.5285667641181023,0.5791398708186384,0,middle
645,45,0,0.15101572822019796,0.591288724334707,0,middle
646,46,0,0.8404564844779652,0.4749067748499637,0,middle
647,47,0,0.8470302828756063,0.5199149514858564,0,middle
648,48,0,0.5232423694215302,0.44392194145077074,0,middle
649,49,0,0.7763492394555904,0.3114960219298363,0,middle
650,50,0,0.3333177889228138,0.4076409626951033,0,middle
651,51,0,0.1339997486530332,0.7915135904018853,0,middle
652,52,0,0.2779356189265929,0.46089699018252117,0,middle
653,53,0,0.6313822219022116,0.3254987377398063,0,middle
654,54,0,0.6271356677087384,0.4447441922013835,0,middle
655,55,0,0.899257641684944,0.5173470612116833,0,middle
656,56,0,0.33054640913510364,0.4355605273684673,0,middle
657,57,0,0.6482886416309002,0.5104194764769453,0,middle
658,58,0,0.23936418353718253,0.5040906039235756,0,middle
659,59,0,0.6505124296771945,0.4460981409721067,0,middle
660,60,0,0.15740314920216975,0.4574067736507128,0,middle
661,61,0,0.4385594719446412,0.44014242672165316,0,middle
662,62,0,0.5694002044369663,0.5197605404063456,0,middle
663,63,0,0.14739311997137006,0.5600864801528103,0,middle
664,64,0,0.822750162633936,0.48292585189696646,0,middle
665,65,0,0.9791101401973985,0.42256469802771507,0,middle
666,66,0,0.614118545764729,0.6669624227789875,0,middle
667,67,0,0.3977740017989805,0.5093417777489065,0,middle
668,68,0,0.8026192691309714,0.4989307695812407,0,middle
669,69,0,0.5914216376557583,0.42507087709018965,0,middle
670,70,0,0.990246686961261,0.46736542553908156,0,middle
671,71,0,0.022614731408289346,0.48247947533562163,0,middle
672,72,0,0.17297232370504906,0.4523048980382692,0,middle
673,73,0,0.5270633645595046,0.8463225666873402,0,middle
674,74,0,0.9396717828147674,0.3184887455832573,0,middle
675,75,0,0.6063870212207088,0.40666564164413604,0,middle
676,76,0,0.8777416758053594,0.4011444514951703,0,middle
677,77,0,0.9664883758353477,0.422381360487846,0,middle
678,78,0,0.9916382679571283,0.34547154509207967,0,middle
679,79,0,0.9986756211237484,0.3134090593030626,0,middle
680,80,0,0.5455665240308513,0.3955718314585219,0,middle
681,81,0,0.5846089254172646,0.3270824160739307,0,middle
682,82,0,0.5006316098136356,0.6414415722575546,0,middle
683,83,0,0.6458256541816272,0.37261526817462165,0,middle
684,84,0,0.1445000830659034,0.5991557786977955,0,middle
685,85,0,0.5283710733617353,0.35320381831032055,0,middle
686,86,0,0.3615907528469072,0.46916423725506917,0,middle
687,87,0,0.4655719170505768,0.5302623046628917,0,middle
688,88,0,0.486038158176031,0.42176534981843405,0,middle
689,89,0,0.7060667166032258,0.45994864337261154,0,middle
690,90,0,0.6459125227750322,0.4070010269373785,0,middle
691,91,0,0.9291467707772108,0.35809455393871187,0,middle
692,92,0,0.57332479138199,0.7356516000736478,0,middle
693,93,0,0.04452792362119075,0.6601627609775352,0,middle
694,94,0,0.40291755549999925,0.4685252971460238,0,middle
695,95,0,0.42384416709018663,0.48852815311159326,0,middle
696,96,0,0.45518026564730507,0.44982674129557554,0,middle
697,97,0,0.6299498075331145,0.4980206820595991,0,middle
698,98,0,0.4713198819955296,0.3978869307188668,0,middle
699,99,0,0.5018709598447377,0.41036149990462273,0,middle
700,100,0,0.6761596331021109,0.5138437330220287,0,middle
701,101,0,0.3558352783721038,0.4519994023976159,0,middle
702,102,0,0.2544913505182699,0.5181976613998373,0,middle
703,103,0,0.5900063974266436,0.44447901942071044,0,middle
704,104,0,0.4919563116778871,0.461161665092891,0,middle
705,105,0,0.4203354782423871,0.3871241281263982,0,middle
706,106,0,0.4169301425588922,0.3772386706965084,0,middle
707,107,0,0.6221962733280926,0.4095210187329297,0,middle
708,108,0,0.5113154811651088,0.4222390921659466,0,middle
709,109,0,0.7054090038605452,0.33217976367662116,0,middle
710,110,0,0.727844925174494,0.5055503515100599,0,middle
711,111,0,0.5513848814458041,0.44741070495230373,0,middle
712,112,0,0.6035157434436866,0.4666271012762867,0,middle
713,113,0,0.29146614637590884,0.40798376479532383,0,middle
714,114,0,0.49682923255210626,0.3847372994448893,0,middle
715,115,0,0.410463556283304,0.3327333049532101,0,middle
716,116,0,0.3723055564493245,0.4741325597346835,0,middle
717,117,0,0.6688345119107026,0.4197923547297122,0,middle
718,118,0,0.6349416768430545,0.49911293264719014,0,middle
719,119,0,0.4980914916546394,0.3842599591395,0,middle
720,120,0,0.6429716659387342,0.2833424969375495,0,middle
721,121,0,0.6813997479481175,0.4703708843131509,0,middle
722,122,0,0.5249978665141823,0.3872983397431279,0,middle
723,123,0,0.3300524630256492,0.4265248860091614,0,middle
724,124,0,0.7737725912432893,0.5192733597881606,0,middle
725,125,0,0.5716093406294203,0.5310776962749439,0,middle
726,126,0,0.5174350624956034,0.4134259272417361,0,middle
727,127,0,0.5236132236901108,0.3455405132383541,0,middle
728,128,0,0.3626224686414035,0.39120151540671505,0,middle
729,129,0,0.4108819139537907,0.3684288130261416,0,middle
730,130,0,0.6978532708168481,0.30448105098125033,0,middle
731,131,0,0.5194879723755099,0.5187212971940647,0,middle
732,132,0,0.6971601251511004,0.4522264269530226,0,middle
733,133,0,0.6448662353573527,0.31649465667178656,0,middle
734,134,0,0.8361352951573771,0.30442329353042785,0,middle
735,135,0,0.5501839928776161,0.37873782182706806,0,middle
736,136,0,0.6887631532004607,0.4620016937501139,0,middle
737,137,0,0.5635287344837262,0.5016729777519838,0,middle
738,138,0,0.8923955824704737,0.3316477541507191,0,middle
739,139,0,0.21328947944429566,0.374635791453025,0,middle
740,140,0,0.43686304438583184,0.3800280290460385,0,middle
741,141,0,0.8537270405944587,0.5051050380258001,0,middle
742,142,0,0.47346373048095,0.35909836199651834,0,middle
743,143,0,0.7195336831358137,0.3907403554541832,0,middle
744,144,0,0.33827356439217404,0.6711989466863912,0,middle
745,145,0,0.6861002322267967,0.5553666130213326,0,middle
746,146,0,0.6054511956333704,0.4072419218015437,0,middle
747,147,0,0.5031977907631714,0.3765326973829042,0,middle
748,148,0,0.2518063344650869,0.5585784161627073,0,middle
749,149,0,0.4794990772216681,0.40246089483442293,0,middle
750,150,0,0.7467458460575819,0.45933630106949425,0,middle
751,151,0,0.5608139644490217,0.3982181120995556,0,middle
752,152,0,0.5115329031902428,0.3810508910387417,0,middle
753,153,0,0.4675831935925072,0.48232951855866446,0,middle
754,154,0,0.9179368118796778,0.4218785959139055,0,middle
755,155,0,0.5039463279652654,0.32246320862921546,0,middle
756,156,0,0.010463933726259145,0.495967144475813,0,middle
757,157,0,0.5297295450655388,0.499121655854625,0,middle
758,158,0,0.6250463879780545,0.36257531307243696,0,middle
759,159,0,0.5394577393348279,0.41945234101704953,0,middle
760,160,0,0.6576998649960965,0.30934728865565253,0,middle
761,161,0,0.5201373921612644,0.48267948124370424,0,middle
762,162,0,0.5781908980852052,0.3410491017234263,0,middle
763,163,0,0.9746914865931946,0.38241685308649515,0,middle
764,164,0,0.4739217851379002,0.5456426109730217,0,middle
765,165,0,0.542589179821791,0.34572279195973,0,middle
766,166,0,0.6844495314392228,0.31087246966952814,0,middle
767,167,0,0.8002622566172595,0.2652494312864152,0,middle
768,168,0,0.4715475941012322,0.3556034666370479,0,middle
769,169,0,0.6086974111003567,0.40183043640691707,0,middle
770,170,0,0.13880682643431955,0.44217889003866706,0,middle
771,171,0,0.6227912414908378,0.6474850402580485,0,middle
772,172,0,0.6477802814850695,0.31793668646360584,0,middle
773,173,0,0.440768840703842,0.48039538357706224,0,middle
774,174,0,0.4578479580421077,0.5210940381829308,0,middle
775,175,0,0.41470087372195596,0.32786210857202364,0,middle
776,176,0,0.36675416595255206,0.39299509085835693,0,middle
777,177,0,0.5277070257751558,0.29221237369410535,0,middle
778,178,0,0.793188224935509,0.3687740217036487,0,middle
779,179,0,0.6868640867199958,0.41611522131626033,0,middle
780,180,0,0.5225014638113135,0.3710842748947302,0,middle
781,181,0,0.5763893547346346,0.28846397104515564,0,middle
782,182,0,0.5417118604722679,0.27974836126464075,0,middle
783,183,0,0.803194358355154,0.30600782372650537,0,middle
784,184,0,0.9388176796654665,0.3656691950817763,0,middle
785,185,0,0.23299723549987483,0.5896607744694118,0,middle
786,186,0,0.541476921658977,0.3678847208010906,0,middle
787,187,0,0.5289911358701125,0.38382085096773727,0,middle
788,188,0,0.838264849113479,0.3271585478496907,0,middle
789,189,0,0.5602498172146494,0.39997790048920734,0,middle
790,190,0,0.11897790295051411,0.5068534386779939,0,middle
791,191,0,0.604573907158235,0.2953331909023303,0,middle
792,192,0,0.9598566236681993,0.2191842864318988,0,middle
793,193,0,0.1965073582840547,0.3563970938980253,0,middle
794,194,0,0.31968037457539145,0.4474773240536068,0,middle
795,195,0,0.3910465208448126,0.31526800381628173,0,middle
796,196,0,0.3844143064875331,0.4056919649538543,0,middle
797,197,0,0.5375407714473666,0.32143382359833533,0,middle
798,198,0,0.712672656937443,0.2654884531843009,0,middle
799,199,0,0.5728135670119521,0.30848529878446884,0,middle
800,0,0,0.18716046864067348,0.5330096319051658,0,late
801,1,0,0.5587044429431643,0.38572161173643427,0,late
802,2,0,0.6787940091325142,0.5124828723465873,0,late
803,3,0,0.6869705013383802,0.3572713838739898,0,late
804,4,0,0.3734258597723269,0.5207595317815336,0,late
805,5,0,0.1762022048326798,0.6336354175848062,0,late
806,6,0,0.21868028715581883,0.5814763881644918,0,late
807,7,0,0.3683862403603103,0.6338491711900872,0,late
808,8,0,0.8619040389724921,0.49414873144073235,0,late
809,9,0,0.5401671726626031,0.5070475017939247,0,late
810,10,0,0.9236650493418121,0.4066070557090511,0,late
811,11,0,0.47050021844267687,0.5185667176854751,0,late
812,12,0,0.9508700191021953,0.5833406793363773,0,late
813,13,0,0.6162000036137616,0.39127478478412425,0,late
814,14,0,0.06434611673986987,0.4862849666213963,0,late
815,15,0,0.41208709953371186,0.4434023844874805,0,late
816,16,0,0.11969838527977347,0.48384519232422835,0,late
817,17,0,0.5074267192317116,0.5115115162758296,0,late
818,18,0,0.37219509214778057,0.490515897128226,0,late
819,19,0,0.20781370988200681,0.4533041155210142,0,late
820,20,0,0.5628607442168414,0.40061740635129517,0,late
821,21,0,0.13853587452763072,0.47185349039804375,0,late
822,22,0,0.5173301220113669,0.456538669771991,0,late
823,23,0,0.2858190017725296,0.45771737859674805,0,late
824,24,0,0.4478792215317283,0.43458314947330945,0,late
825,25,0,0.6623223950037919,0.35253666483954005,0,late
826,26,0,0.693532616983559,0.5991929036234348,0,late
827,27,0,0.5835298027121224,0.44617612462298284,0,late
828,28,0,0.47176598243465284,0.3585069077509965,0,late
829,29,0,0.6895387352174002,0.46102056338508257,0,late
830,30,0,0.5087918768993127,0.608264493744471,0,late
831,31,0,0.8501274875331697,0.4517243944036686,0,late
832,32,0,0.8569747697457081,0.5109080095942745,0,late
833,33,0,0.6076395886746554,0.4958543363653639,0,late
834,34,0,0.2751649249131349,0.4873943556358977,0,late
835,35,0,0.05580577902618118,0.40218805877686226,0,late
836,36,0,0.24496563209711256,0.39762370734881985,0,late
837,37,0,0.9166108687400631,0.4374917077155954,0,late
838,38,0,0.5007936676326822,0.33777227197741605,0,late
839,39,0,0.7377055119642406,0.6325079752338134,0,late
840,40,0,0.45358096075586973,0.40063162118153095,0,late
841,41,0,0.9719194310516795,0.3580707540002622,0,late
842,42,0,0.4673717510422123,0.4633440709724178,0,late
843,43,0,0.4686343258279788,0.5234311454627936,0,late
844,44,0,0.39283229742191744,0.520858051284801,0,late
845,45,0,0.14615642449348476,0.4891521793451953,0,late
846,46,0,0.09423487092003753,0.48473049238801236,0,late
847,47,0,0.43626507799735265,0.39764280131850244,0,late
848,48,0,0.39878138455083245,0.4536084686947677,0,late
849,49,0,0.38276510903624217,0.48701601056426835,0,late
850,50,0,0.8975393389795207,0.5243592025673314,0,late
851,51,0,0.4841447176209251,0.5307805323995519,0,late
852,52,0,0.6321618817407603,0.4162379616359055,0,late
853,53,0,0.5408612096779458,0.4394018994769728,0,late
854,54,0,0.7614122818876339,0.39144410622031,0,late
855,55,0,0.4846639865635106,0.520614707085613,0,late
856,56,0,0.8523251165387806,0.507984020493873,0,late
857,57,0,0.6650044621798625,0.3531515372803196,0,late
858,58,0,0.7539930046575336,0.3705043643082306,0,late
859,59,0,0.48485294662370515,0.5338406558278241,0,late
860,60,0,0.1882125945093483,0.5474932330808147,0,late
861,61,0,0.7683185622589005,0.393355005366791,0,late
862,62,0,0.45587477679937083,0.42336777673763604,0,late
863,63,0,0.7886252627977237,0.4390212493503303,0,late
864,64,0,0.43550333612771375,0.48162198137143775,0,late
865,65,0,0.909275129032382,0.45627605592796183,0,late
866,66,0,0.8716526256233198,0.5501055937997099,0,late
867,67,0,0.14858315294506863,0.4741256976430273,0,late
868,68,0,0.5995912486624104,0.38394575276837983,0,late
869,69,0,0.26399602903390684,0.4318716618290073,0,late
870,70,0,0.8004529564517812,0.4588287531141937,0,late
871,71,0,0.7571047272558994,0.35088907053976687,0,late
872,72,0,0.5757021550575704,0.383974596169147,0,late
873,73,0,0.2586605881546846,0.3931699262699852,0,late
874,74,0,0.20986069156033724,0.47695844940453913,0,late
875,75,0,0.5249188861041291,0.5099989808811686,0,late
876,76,0,0.7982903312533638,0.33082081366960636,0,late
877,77,0,0.5219470649671372,0.32840520946726137,0,late
878,78,0,0.3359622500118737,0.45243600838567094,0,late
879,79,0,0.5933949377390277,0.32691773709935334,0,late
880,80,0,0.343229274766195,0.3587679756946904,0,late
881,81,0,0.36234358330379757,0.4001100928861796,0,late
882,82,0,0.6770814795711267,0.40685508380695745,0,late
883,83,0,0.7378308622706526,0.43918715849026413,0,late
884,84,0,0.9245788421341713,0.5153513295857765,0,late
885,85,0,0.7022458904309047,0.37595369536153445,0,late
886,86,0,0.46166328634336073,0.34862550955350524,0,late
887,87,0,0.7767940034155952,0.4370545151272377,0,late
888,88,0,0.8270149889909286,0.3879967101468049,0,late
889,89,0,0.2920933590654156,0.3400338653399203,0,late
890,90,0,0.5375861718439932,0.4319805900989545,0,late
891,91,0,0.6993555315849307,0.34605897915183276,0,late
892,92,0,0.5368630035162734,0.4008178726447149,0,late
893,93,0,0.9444410727544446,0.3341039229333013,0,late
894,94,0,0.04009373035504145,0.45852035576142225,0,late
895,95,0,0.3648001439260147,0.35847025689068884,0,late
896,96,0,0.8243228895450916,0.3299050230727748,0,late
897,97,0,0.29488694169156127,0.2908572875369664,0,late
898,98,0,0.7951368267086478,0.27390979490740663,0,late
899,99,0,0.5474011333117719,0.4089801475141383,0,late
900,100,0,0.7706504942490197,0.32991616098055265,0,late
901,101,0,0.4938678208941424,0.34757050763544595,0,late
902,102,0,0.5822007434805679,0.4010111620181286,0,late
903,103,0,0.6943497211560993,0.45310898349698847,0,late
904,104,0,0.9528946193298197,0.5264331233360156,0,late
905,105,0,0.26276466297609585,0.4764855432583185,0,late
906,106,0,0.9566498097880334,0.3963059442535516,0,late
907,107,0,0.8022034087908456,0.35608021682106855,0,late
908,108,0,0.9214865459601717,0.3180791510886941,0,late
909,109,0,0.13303284599599582,0.40643384565913465,0,late
910,110,0,0.04297988079347008,0.564308101489496,0,late
911,111,0,0.7116201951580321,0.4153866543312857,0,late
912,112,0,0.1494625925471677,0.40264653812877305,0,late
913,113,0,0.8374816284716451,0.3574362763052133,0,late
914,114,0,0.3219015349760686,0.3310003562043558,0,late
915,115,0,0.6153228612694894,0.29855410937223803,0,late
916,116,0,0.21525008614718327,0.502414803505903,0,late
917,117,0,0.6770855916030247,0.44853049752793217,0,late
918,118,0,0.6217942368760563,0.4462448218403188,0,late
919,119,0,0.5203794498375951,0.3147216307560441,0,late
920,120,0,0.541896936411725,0.3683335958260423,0,late
921,121,0,0.7580843527038752,0.37845043776964227,0,late
922,122,0,0.4395005043817546,0.29619145587030654,0,late
923,123,0,0.7797249469138713,0.36833116579493874,0,late
924,124,0,0.2751844447756997,0.44250356012915115,0,late
925,125,0,0.8707188148384486,0.516478505095695,0,late
926,126,0,0.4852265926506011,0.4921318560934024,0,late
927,127,0,0.6586990460828537,0.37747898596663415,0,late
928,128,0,0.1860093064163783,0.34761335910768304,0,late
929,129,0,0.8407620375655123,0.42509658585714744,0,late
930,130,0,0.4510389922382684,0.44146128473881935,0,late
931,131,0,0.5293446479786976,0.3925772431658393,0,late
932,132,0,0.20283659079907934,0.5372415397580099,0,late
933,133,0,0.6624450933433564,0.354096962156289,0,late
934,134,0,0.7452126874478133,0.4518995075361376,0,late
935,135,0,0.7555767237719511,0.43221790414250594,0,late
936,136,0,0.3227690165349319,0.47099744998994475,0,late
937,137,0,0.9250834798036656,0.3821665292866489,0,late
938,138,0,0.6164359634141265,0.52572648245773,0,late
939,139,0,0.8849878000011041,0.36447932863727983,0,late
940,140,0,0.313905342749438,0.4456787105338606,0,late
941,141,0,0.4829749663406421,0.46975525699211296,0,late
942,142,0,0.9378571023313893,0.36611060834593306,0,late
943,143,0,0.5235949973073812,0.4313609029455223,0,late
944,144,0,0.40554690160999385,0.540104340910949,0,late
945,145,0,0.598136905031807,0.3833466032437281,0,late
946,146,0,0.584110044851593,0.3069925281164094,0,late
947,147,0,0.9000880136102227,0.37640321011642985,0,late
948,148,0,0.4795522573803975,0.4724844675625692,0,late
949,149,0,0.6922353429886252,0.4211749861502542,0,late
950,150,0,0.7967577419725641,0.3566983793431671,0,late
951,151,0,0.6056074197860013,0.30311096023410256,0,late
952,152,0,0.1766176664134667,0.3234122967747854,0,late
953,153,0,0.6834139891868769,0.4388432421892696,0,late
954,154,0,0.9305378340630617,0.31337965242625776,0,late
955,155,0,0.6951500784574703,0.5157066447428222,0,late
956,156,0,0.27709399818064795,0.5149013177631743,0,late
957,157,0,0.7362865720649745,0.29395247724654483,0,late
958,158,0,0.940511469171988,0.29735206767408623,0,late
959,159,0,0.649430869051062,0.38009546221293955,0,late
960,160,0,0.4720606857202855,0.4051830131716626,0,late
961,161,0,0.9205002363272784,0.3433393948627739,0,late
962,162,0,0.851018102979862,0.3421164603152388,0,late
963,163,0,0.27697277752663957,0.5435133172223013,0,late
964,164,0,0.24858686785797027,0.3757759690569808,0,late
965,165,0,0.8294538992083131,0.40360564118685316,0,late
966,166,0,0.8274343363672698,0.3628103577203856,0,late
967,167,0,0.4997969928748754,0.3120894551531927,0,late
968,168,0,0.5143825448658024,0.34810497862489154,0,late
969,169,0,0.4386305696258392,0.31551855348411817,0,late
970,170,0,0.2579986940105615,0.5747775513323561,0,late
971,171,0,0.6364157553895335,0.3259367230382544,0,late
972,172,0,0.693471204370486,0.34777835371582383,0,late
973,173,0,0.793326557611414,0.32915404114829105,0,late
974,174,0,0.7178497367510247,0.27940303330099875,0,late
975,175,0,0.471254534726859,0.43412357549039915,0,late
976,176,0,0.8102921824601999,0.47030910814290616,0,late
977,177,0,0.4221661345331003,0.24156866688160886,0,late
978,178,0,0.45548365320404127,0.22684161344426468,0,late
979,179,0,0.7526948551452544,0.5300046310108391,0,late
980,180,0,0.9402956596267581,0.293121716703981,0,late
981,181,0,0.1254116801288798,0.35563981872038886,0,late
982,182,0,0.5358235060029539,0.3365736685637356,0,late
983,183,0,0.4632771495228848,0.36808306515359535,0,late
984,184,0,0.8629294662800702,0.34622549537591163,0,late
985,185,0,0.49279370710937703,0.296875626041903,0,late
986,186,0,0.8033249690782077,0.253130972642096,0,late
987,187,0,0.008386226366407354,0.29984080291300585,0,late
988,188,0,0.4909790811983614,0.28086419660434925,0,late
989,189,0,0.9328904554741118,0.42060854669103187,0,late
990,190,0,0.21908144998014806,0.4245753013815755,0,late
991,191,0,0.2967136521317112,0.3529351099044157,0,late
992,192,0,0.528181291345984,0.35512270442985416,0,late
993,193,0,0.7073443094246739,0.4823229439929234,0,late
994,194,0,0.5361834055932404,0.22994215914797506,0,late
995,195,0,0.45689001127758255,0.295244883949053,0,late
996,196,0,0.14141703183354828,0.2760747802247454,0,late
997,197,0,0.640216545229019,0.2981977408409776,0,late
998,198,0,0.5703432366243991,0.3127167271167789,0,late
999,199,0,0.42850052301530284,0.3778558126458165,0,late
1000,0,0,0.6790449111047128,0.5224308611161143,1,interleaved
1001,1,0,0.21108487834584427,0.6045432720353962,1,interleaved
1002,2,0,0.8181215037252232,0.4720178284475778,1,interleaved
1003,3,0,0.3370299860380854,0.5166789350427418,1,interleaved
1004,4,0,0.16201038094657577,0.7190009310539085,1,interleaved
1005,5,0,0.555430383198465,0.6351503145397626,1,interleaved
1006,6,0,0.21559710740964033,0.44767113212179305,1,interleaved
1007,7,0,0.3004475915240366,0.47186831753560043,1,interleaved
1008,8,0,0.31805581219200824,0.39390075513031736,1,interleaved
1009,9,0,0.5617027514078592,0.5127887703175785,1,interleaved
1010,10,0,0.5761658813757627,0.40478907694303967,1,interleaved
1011,11,0,0.4942111909947472,0.38191427750293794,1,interleaved
1012,12,0,0.5826496560714238,0.378445447406624,1,interleaved
1013,13,0,0.5840129312869206,0.4240368558414077,1,interleaved
1014,14,0,0.5952488192315528,0.6064956043480929,1,interleaved
1015,15,0,0.24620325554517747,0.5556906543485132,1,interleaved
1016,16,0,0.6016641621388508,0.6022739485763116,1,interleaved
1017,17,0,0.3201252880006481,0.5011008208282297,1,interleaved
1018,18,0,0.14846107465072084,0.5764619053164044,1,interleaved
1019,19,0,0.7257736653330014,0.4402933663479065,1,interleaved
1020,20,0,0.5613946991586417,0.38326453243953906,1,interleaved
1021,21,0,0.07669504951407166,0.5598033560116025,1,interleaved
1022,22,0,0.462073635898263,0.4746962571432186,1,interleaved
1023,23,0,0.7345821261282239,0.44219434608037717,1,interleaved
1024,24,0,0.589301237116916,0.44891349117687473,1,interleaved
1025,25,0,0.7789990748971332,0.5621747014151294,1,interleaved
1026,26,0,0.4662971127458942,0.789237737750651,1,interleaved
1027,27,0,0.3646038722397395,0.5952701908416267,1,interleaved
1028,28,0,0.270793827950745,0.5577813964950171,1,interleaved
1029,29,0,0.641247985775133,0.4393991650725212,1,interleaved
1030,30,0,0.4827178553418328,0.6315955570247989,1,interleaved
1031,31,0,0.6045998397800871,0.4605958094627133,1,interleaved
1032,32,0,0.6636167669266947,0.4572512121027936,1,interleaved
1033,33,0,0.8353372354970829,0.5237944061903841,1,interleaved
1034,34,0,0.5448087014162243,0.35181196941336734,1,interleaved
1035,35,0,0.9009861189982046,0.3091798479880598,1,interleaved
1036,36,0,0.16800315669149235,0.5125890413473566,1,interleaved
1037,37,0,0.8554888499489051,0.3280643586641909,1,interleaved
1038,38,0,0.3590398200185568,0.5700043825611569,1,interleaved
1039,39,0,0.5081380541743135,0.5375799081571331,1,interleaved
1040,40,0,0.5392091196968579,0.42245289176981493,1,interleaved
1041,41,0,0.31802902041526104,0.48133809431128793,1,interleaved
1042,42,0,0.6262389972639831,0.46160378977875627,1,interleaved
1043,43,0,0.3050765599523793,0.6103696691662925,1,interleaved
1044,44,0,0.3178565588978909,0.5417712905716963,1,interleaved
1045,45,0,0.3276770867418047,0.44203443887905397,1,interleaved
1046,46,0,0.4039237188119299,0.46620350272804684,1,interleaved
1047,47,0,0.8024214655739019,0.26083791667205136,1,interleaved
1048,48,0,0.34979380206235233,0.6310634694675457,1,interleaved
1049,49,0,0.3471866997861534,0.46598912662492886,1,interleaved
1050,50,0,0.7389072325040109,0.5842447856403257,1,interleaved
1051,51,0,0.7382734339192601,0.46988951521266353,1,interleaved
1052,52,0,0.6494689374631064,0.4986279103605072,1,interleaved
1053,53,0,0.4517645074101382,0.5281451638371162,1,interleaved
1054,54,0,0.37708359454103196,0.48743651769301743,1,interleaved
1055,55,0,0.4825350574706416,0.4351621262797071,1,interleaved
1056,56,0,0.511518594908851,0.5376228842358007,1,interleaved
1057,57,0,0.1108735577846724,0.42098564433709795,1,interleaved
1058,58,0,0.4104600308025532,0.56478657332912,1,interleaved
1059,59,0,0.7376135024401044,0.4766126200109211,1,interleaved
1060,60,0,0.4441097694450338,0.4919580752719146,1,interleaved
1061,61,0,0.3115897509797724,0.4154132879748672,1,interleaved
1062,62,0,0.36169942744582695,0.5852122330792857,1,interleaved
1063,63,0,0.535705464864285,0.32707701743462636,1,interleaved
1064,64,0,0.042188963555240724,0.552324049553506,1,interleaved
1065,65,0,0.5410630696450561,0.4284648332535036,1,interleaved
1066,66,0,0.5446913677233028,0.4956116177178075,1,interleaved
1067,67,0,0.7861596603158789,0.4725670345468175,1,interleaved
1068,68,0,0.5541942123559547,0.4298558864454314,1,interleaved
1069,69,0,0.5120999632051028,0.3318282139537948,1,interleaved
1070,70,0,0.31428984741521493,0.41945123989921684,1,interleaved
1071,71,0,0.6931088939700969,0.41646626314327706,1,interleaved
1072,72,0,0.47959311784260494,0.49128023534046483,1,interleaved
1073,73,0,0.5704221744539373,0.385293605971547,1,interleaved
1074,74,0,0.6882375930557815,0.46924894772963455,1,interleaved
1075,75,0,0.5701815015888392,0.3759121870632818,1,interleaved
1076,76,0,0.764234208491104,0.3948833568141502,1,interleaved
1077,77,0,0.5334106390747023,0.42939749964923857,1,interleaved
1078,78,0,0.21128158198886243,0.5891169968270846,1,interleaved
1079,79,0,0.8879182643004602,0.4826377937505266,1,interleaved
1080,80,0,0.5200279919502753,0.4408248243515074,1,interleaved
1081,81,0,0.8676393894483315,0.33746481017584884,1,interleaved
1082,82,0,0.48216744521422367,0.43413388463346275,1,interleaved
1083,83,0,0.3098941315909436,0.3646099390032299,1,interleaved
1084,84,0,0.5571583870124431,0.4107625012678308,1,interleaved
1085,85,0,0.45309461080945096,0.5558765316418971,1,interleaved
1086,86,0,0.5732950501159223,0.3416572223712528,1,interleaved
1087,87,0,0.6424346786739069,0.6045318868480951,1,interleaved
1088,88,0,0.5732090936985033,0.3598023010061281,1,interleaved
1089,89,0,0.6322141210924985,0.7205193197782809,1,interleaved
1090,90,0,0.5957608012859008,0.5733454826205859,1,interleaved
1091,91,0,0.7549521025067569,0.24941656438894366,1,interleaved
1092,92,0,0.7806910232026301,0.48094718074690074,1,interleaved
1093,93,0,0.8416381893324598,0.4442214613448504,1,interleaved
1094,94,0,0.3575434344095725,0.45767141809538003,1,interleaved
1095,95,0,0.5145003537414014,0.43489553995131164,1,interleaved
1096,96,0,0.5745439332347693,0.4762916159948846,1,interleaved
1097,97,0,0.6061826777521652,0.5105518268192921,1,interleaved
1098,98,0,0.951696429227544,0.45773347488361427,1,interleaved
1099,99,0,0.2092545939153939,0.5454185774612104,1,interleaved
1100,100,0,0.6722788303947524,0.3587005964867908,1,interleaved
1101,101,0,0.3649397881765216,0.36156505259993205,1,interleaved
1102,102,0,0.783974437156353,0.3139990043888002,1,interleaved
1103,103,0,0.6805374279713735,0.4908445936127411,1,interleaved
1104,104,0,0.41622818138068907,0.6282387857379338,1,interleaved
1105,105,0,0.4846935263900951,0.3627456914725721,1,interleaved
1106,106,0,0.5258870379880674,0.3947157687352761,1,interleaved
1107,107,0,0.4907450955657663,0.6061334979176795,1,interleaved
1108,108,0,0.8485245534811167,0.38920417403470653,1,interleaved
1109,109,0,0.605423346027038,0.35243110007683276,1,interleaved
1110,110,0,0.4780391390842701,0.45893058640746803,1,interleaved
1111,111,0,0.28034706330452036,0.3934832177859389,1,interleaved
1112,112,0,0.7136167284851407,0.48860765919720417,1,interleaved
1113,113,0,0.8892585134494762,0.3796817229500498,1,interleaved
1114,114,0,0.5183847825189581,0.3647760795174073,1,interleaved
1115,115,0,0.7811388597173136,0.580192347291767,1,interleaved
1116,116,0,0.46135781976921547,0.3956164840172446,1,interleaved
1117,117,0,0.9210146895206828,0.4319955239238417,1,interleaved
1118,118,0,0.7625465292244689,0.42400414325422214,1,interleaved
1119,119,0,0.5026260625954609,0.6852188878414097,1,interleaved
1120,120,0,0.8588352324025214,0.41925757399817554,1,interleaved
1121,121,0,0.48831567489299277,0.41064529203957933,1,interleaved
1122,122,0,0.3499715796858124,0.5356514474682458,1,interleaved
1123,123,0,0.6885303044935132,0.4332830423707036,1,interleaved
1124,124,0,0.7297404176865017,0.28444199765323824,1,interleaved
1125,125,0,0.8394717374543021,0.2637724381443276,1,interleaved
1126,126,0,0.6443011590605281,0.5039250654790305,1,interleaved
1127,127,0,0.8540090557677282,0.4733126537913189,1,interleaved
1128,128,0,0.5337241333828037,0.45117113520647767,1,interleaved
1129,129,0,0.5788221671379588,0.2502757287600073,1,interleaved
1130,130,0,0.5161624360090967,0.40780667438088114,1,interleaved
1131,131,0,0.18052136228968482,0.46419897691995815,1,interleaved
1132,132,0,0.6785099472150469,0.48997746322224434,1,interleaved
1133,133,0,0.6026663514507192,0.3950727910025905,1,interleaved
1134,134,0,0.7086434063523792,0.35417802767487816,1,interleaved
1135,135,0,0.7433795613805565,0.24483775911321864,1,interleaved
1136,136,0,0.6564181568199169,0.43487870321402167,1,interleaved
1137,137,0,0.789688225193831,0.4164092890959712,1,interleaved
1138,138,0,0.8404265293555202,0.4250999706925917,1,interleaved
1139,139,0,0.3565734493376013,0.39518155009502987,1,interleaved
1140,140,0,0.8036770214927411,0.4618334631582992,1,interleaved
1141,141,0,0.6071471350722822,0.3412179785136723,1,interleaved
1142,142,0,0.505748158359722,0.40668886645640623,1,interleaved
1143,143,0,0.5070098698572568,0.2938371516913045,1,interleaved
1144,144,0,0.6023238386652192,0.2517200407358865,1,interleaved
1145,145,0,0.7153645465434793,0.3922766190505871,1,interleaved
1146,146,0,0.5626141670966834,0.3546588193907915,1,interleaved
1147,147,0,0.5712775433099286,0.4771334215982258,1,interleaved
1148,148,0,0.6651356081593826,0.3342800067702821,1,interleaved
1149,149,0,0.7147487461027155,0.23532534245644376,1,interleaved
1150,150,0,0.6209301762597353,0.46681070574885386,1,interleaved
1151,151,0,0.22357420008917733,0.644789450497397,1,interleaved
1152,152,0,0.7590370629242826,0.39752483812535877,1,interleaved
1153,153,0,0.6220811846111602,0.33004131225446964,1,interleaved
1154,154,0,0.6615357765340593,0.35219170236178754,1,interleaved
1155,155,0,0.8696300867721887,0.451806133286671,1,interleaved
1156,156,0,0.6578354862100355,0.35913787338012165,1,interleaved
1157,157,0,0.7087267584026218,0.2785745974717367,1,interleaved
1158,158,0,0.6365326471053011,0.4702468211409656,1,interleaved
1159,159,0,0.8898081894572082,0.39360303574288696,1,interleaved
1160,160,0,0.5068889444528856,0.3710024322231842,1,interleaved
1161,161,0,0.8188620256792064,0.48225665749569097,1,interleaved
1162,162,0,0.693455471656403,0.49526078730531453,1,interleaved
1163,163,0,0.9209251874555618,0.31862286674621465,1,interleaved
1164,164,0,0.581019024443493,0.48676851877925686,1,interleaved
1165,165,0,0.6263039340436621,0.5373856608377651,1,interleaved
1166,166,0,0.9825362007278274,0.32859600727603466,1,interleaved
1167,167,0,0.8603872884975591,0.49595301678209364,1,interleaved
1168,168,0,0.5943812889352112,0.35124957613821317,1,interleaved
1169,169,0,0.5886248902817683,0.3060757530892122,1,interleaved
1170,170,0,0.5121628564774776,0.3409876971554482,1,interleaved
1171,171,0,0.6033135204381889,0.29658405864285436,1,interleaved
1172,172,0,0.6195309432306476,0.4272478736229517,1,interleaved
1173,173,0,0.25205865606439176,0.460329708235645,1,interleaved
1174,174,0,0.30636558696561794,0.3974229829849146,1,interleaved
1175,175,0,0.7120939969484803,0.3797341692315196,1,interleaved
1176,176,0,0.503319709941153,0.38644113193068685,1,interleaved
1177,177,0,0.43139926074647483,0.4645884321669931,1,interleaved
1178,178,0,0.5825192415502024,0.4425590465615527,1,interleaved
1179,179,0,0.599654441454588,0.2831763144749938,1,interleaved
1180,180,0,0.6743831820286719,0.3344666973534091,1,interleaved
1181,181,0,0.16172392793205775,0.4463042380815764,1,interleaved
1182,182,0,0.9366476522300079,0.43786611073864234,1,interleaved
1183,183,0,0.18757595262965165,0.414831468962803,1,interleaved
1184,184,0,0.13701478737703565,0.5143323907677421,1,interleaved
1185,185,0,0.7275892739787597,0.38910571316842624,1,interleaved
1186,186,0,0.8831044002632704,0.3883456017917133,1,interleaved
1187,187,0,0.6072589463562197,0.41221054599734186,1,interleaved
1188,188,0,0.2796527175200516,0.4211071060535908,1,interleaved
1189,189,0,0.3258301737615367,0.455706034468628,1,interleaved
1190,190,0,0.8018752670449967,0.37386493632656403,1,interleaved
1191,191,0,0.8026932439832861,0.30424210174404465,1,interleaved
1192,192,0,0.9089135188279635,0.2563680006322823,1,interleaved
1193,193,0,0.5209460229859664,0.6009736541680342,1,interleaved
1194,194,0,0.9815450464687749,0.2679636436721937,1,interleaved
1195,195,0,0.6740236048608043,0.43410084096658963,1,interleaved
1196,196,0,0.3989578439782736,0.3310772846815251,1,interleaved
1197,197,0,0.7082521946766573,0.37895465407579193,1,interleaved
1198,198,0,0.6360430783954254,0.399468810259916,1,interleaved
1199,199,0,0.6741773031134025,0.3874183483907355,1,interleaved
1200,0,0,0.9872378150447452,0.8262951630909137,1,blocked
1201,1,0,0.8689883182576741,0.6609378070370313,1,blocked
1202,2,0,0.296899585507549,0.7090388594690586,1,blocked
1203,3,0,0.49654794539171454,0.6738430050819773,1,blocked
1204,4,0,0.40979421082700385,0.6195857503400205,1,blocked
1205,5,0,0.5877789403560629,0.6104639553464664,1,blocked
1206,6,0,0.8688920120946371,0.4077595633918706,1,blocked
1207,7,0,0.45822150875025325,0.4964890247038133,1,blocked
1208,8,0,0.9323584702334945,0.46127086232653813,1,blocked
1209,9,0,0.02172988362804046,0.6318371476757105,1,blocked
1210,10,0,0.34267871073081285,0.6137402855110656,1,blocked
1211,11,0,0.3020127028387174,0.5537437864266279,1,blocked
1212,12,0,0.48460389186633435,0.3664717667908042,1,blocked
1213,13,0,0.09938388597916635,0.6984501583851079,1,blocked
1214,14,0,0.736049290821187,0.4837343827719518,1,blocked
1215,15,0,0.3488138556308979,0.45449589232692067,1,blocked
1216,16,0,0.3216831055281579,0.6233863743653654,1,blocked
1217,17,0,0.7433146427809436,0.44442901906873544,1,blocked
1218,18,0,0.2927018925906102,0.4646744189193561,1,blocked
1219,19,0,0.4456929959722202,0.39689196627291834,1,blocked
1220,20,0,0.6546083068615276,0.5850574376685089,1,blocked
1221,21,0,0.6438141363849463,0.47029118181046703,1,blocked
1222,22,0,0.5704051845592815,0.5820273196658718,1,blocked
1223,23,0,0.4102194188678989,0.5633820104081511,1,blocked
1224,24,0,0.759626366072325,0.37409371038958933,1,blocked
1225,25,0,0.6871673385783095,0.45297324149208307,1,blocked
1226,26,0,0.28456041865767373,0.6487360232457515,1,blocked
1227,27,0,0.43515665812990306,0.4824172737514969,1,blocked
1228,28,0,0.9418494179820185,0.5223560549160997,1,blocked
1229,29,0,0.5211504025778204,0.4373144089455855,1,blocked
1230,30,0,0.4791300916136265,0.41208413887486395,1,blocked
1231,31,0,0.7173986221408315,0.5281435850709059,1,blocked
1232,32,0,0.5072078630052534,0.44303854697487766,1,blocked
1233,33,0,0.6253869272972888,0.472757515201765,1,blocked
1234,34,0,0.8809092196209947,0.43760162162158245,1,blocked
1235,35,0,0.19528878359401838,0.48445611585449905,1,blocked
1236,36,0,0.9055277025130408,0.44896030934033493,1,blocked
1237,37,0,0.424941696685659,0.5678460089734845,1,blocked
1238,38,0,0.8510636310056723,0.5664989696969673,1,blocked
1239,39,0,0.5268785870107231,0.5758925138044417,1,blocked
1240,40,0,0.642748550479768,0.3667272955794342,1,blocked
1241,41,0,0.19161724390366497,0.5868727843106822,1,blocked
1242,42,0,0.08800757070162746,0.5107491440594822,1,blocked
1243,43,0,0.3164550353349898,0.5644772173736451,1,blocked
1244,44,0,0.7018119548544423,0.4651368234757919,1,blocked
1245,45,0,0.23168860088786172,0.5339750082559684,1,blocked
1246,46,0,0.32911611996573054,0.6557660680002453,1,blocked
1247,47,0,0.2897535035980738,0.5682589758131857,1,blocked
1248,48,0,0.4165471225695465,0.4608990128579199,1,blocked
1249,49,0,0.22798980703765598,0.4899505355589374,1,blocked
1250,50,0,0.18341928345767344,0.5067965726003199,1,blocked
1251,51,0,0.5728019874016486,0.486658696604929,1,blocked
1252,52,0,0.748997816456279,0.5364545124516619,1,blocked
1253,53,0,0.875326069608137,0.43306842146779867,1,blocked
1254,54,0,0.01856470909943483,0.6667280012532412,1,blocked
1255,55,0,0.6773248579535418,0.4988818898212797,1,blocked
1256,56,0,0.11794547978758504,0.5769010998529753,1,blocked
1257,57,0,0.5320906308779357,0.4718189823261889,1,blocked
1258,58,0,0.2647193130537115,0.6522607049154423,1,blocked
1259,59,0,0.43748236060180207,0.46352180862222236,1,blocked
1260,60,0,0.3205400920869998,0.5744025798695864,1,blocked
1261,61,0,0.48063257877734483,0.5672656391383057,1,blocked
1262,62,0,0.36909744398019567,0.4599131352405599,1,blocked
1263,63,0,0.6606786845478148,0.5609722652091047,1,blocked
1264,64,0,0.053692434251957646,0.44869423772589073,1,blocked
1265,65,0,0.8088530223276496,0.5208133427610298,1,blocked
1266,66,0,0.6902603431123644,0.4648605672354754,1,blocked
1267,67,0,0.7655341587419412,0.3493970928050504,1,blocked
1268,68,0,0.17232694611769356,0.48443826911503074,1,blocked
1269,69,0,0.35585114598743905,0.5400839539528424,1,blocked
1270,70,0,0.6539496759179784,0.4495613326770195,1,blocked
1271,71,0,0.5725142948567337,0.4306860988533143,1,blocked
1272,72,0,0.6760961003916217,0.39398745070845687,1,blocked
1273,73,0,0.27048175892505877,0.5892370881783364,1,blocked
1274,74,0,0.5137837796837301,0.6757388520725405,1,blocked
1275,75,0,0.6140135492440286,0.471214699387464,1,blocked
1276,76,0,0.19680681932494212,0.5376753725016153,1,blocked
1277,77,0,0.11816632721014463,0.5228628373730768,1,blocked
1278,78,0,0.5156864495976784,0.5285613580745943,1,blocked
1279,79,0,0.25098462138438893,0.43273340901924806,1,blocked
1280,80,0,0.8041160460344716,0.41543094711343925,1,blocked
1281,81,0,0.4355738659398417,0.38377218213432907,1,blocked
1282,82,0,0.868553832744258,0.3704430821180178,1,blocked
1283,83,0,0.42593919888500553,0.3847130494133275,1,blocked
1284,84,0,0.5646880614242522,0.42035303547134617,1,blocked
1285,85,0,0.5208779324019566,0.4256797459427592,1,blocked
1286,86,0,0.593684738796067,0.5570381487518037,1,blocked
1287,87,0,0.4711190138372702,0.42252429690022003,1,blocked
1288,88,0,0.9167235461677057,0.3152337167186569,1,blocked
1289,89,0,0.7856136851986638,0.5864525432500056,1,blocked
1290,90,0,0.015670533002092445,0.6142576383705531,1,blocked
1291,91,0,0.3355903593857026,0.6085045642000184,1,blocked
1292,92,0,0.812987838158203,0.43419805950510815,1,blocked
1293,93,0,0.5344093418533213,0.48328273764344143,1,blocked
1294,94,0,0.5011530611531747,0.44875380202639137,1,blocked
1295,95,0,0.18960255870297493,0.45798601561541347,1,blocked
1296,96,0,0.8820671223055045,0.31968647106034903,1,blocked
1297,97,0,0.37133315100377196,0.4875562471773611,1,blocked
1298,98,0,0.3905886661369419,0.38195197229665884,1,blocked
1299,99,0,0.31653095474168674,0.46817866074685904,1,blocked
1300,100,0,0.5096629054718383,0.3456914803452602,1,blocked
1301,101,0,0.5916031263136157,0.4759894495488174,1,blocked
1302,102,0,0.7637905864456687,0.4841769520181022,1,blocked
1303,103,0,0.5771748426759761,0.40937161324868154,1,blocked
1304,104,0,0.4527946402848174,0.3637808091682365,1,blocked
1305,105,0,0.3222248535169302,0.5673150560233635,1,blocked
1306,106,0,0.18576919806786102,0.514266730397024,1,blocked
1307,107,0,0.49171930227835525,0.3779876111140984,1,blocked
1308,108,0,0.7868677944119506,0.43302262238274364,1,blocked
1309,109,0,0.6084748136275444,0.41420325965749016,1,blocked
1310,110,0,0.3112689161429101,0.45127384512300567,1,blocked
1311,111,0,0.524090032042683,0.32746231696211975,1,blocked
1312,112,0,0.8918812810865977,0.37266506686310863,1,blocked
1313,113,0,0.8720462611285276,0.36824277120691856,1,blocked
1314,114,0,0.6343992544556301,0.34199646789961047,1,blocked
1315,115,0,0.8108523626779582,0.5074568550903388,1,blocked
1316,116,0,0.7778047819391585,0.44644982921629217,1,blocked
1317,117,0,0.28242659181690377,0.4642047077851187,1,blocked
1318,118,0,0.767795076146528,0.3343267128174464,1,blocked
1319,119,0,0.27469398378167065,0.4593796889932461,1,blocked
1320,120,0,0.5269732921013719,0.4773872295536341,1,blocked
1321,121,0,0.14117219845949752,0.5482660242552293,1,blocked
1322,122,0,0.45270854153354495,0.6444159315678328,1,blocked
1323,123,0,0.6213786096254061,0.4074043938657387,1,blocked
1324,124,0,0.5496988933184972,0.4443916482121759,1,blocked
1325,125,0,0.6120701899838283,0.4084837917000498,1,blocked
1326,126,0,0.7341220414650578,0.3434813764629753,1,blocked
1327,127,0,0.8753188404553781,0.49705985543310827,1,blocked
1328,128,0,0.17077923054378202,0.5012504425440278,1,blocked
1329,129,0,0.2747781325775276,0.5335896962733112,1,blocked
1330,130,0,0.5026465056707123,0.4347612650552957,1,blocked
1331,131,0,0.482760931566706,0.477232591440793,1,blocked
1332,132,0,0.4157020356235196,0.4584765360246511,1,blocked
1333,133,0,0.621893716264699,0.3803208512224826,1,blocked
1334,134,0,0.3507277336748373,0.5961782493219311,1,blocked
1335,135,0,0.3924814797768323,0.4511129388220735,1,blocked
1336,136,0,0.24327969437601515,0.4865155182271425,1,blocked
1337,137,0,0.5439304899225104,0.4722373856598935,1,blocked
1338,138,0,0.58297208642731,0.4361661431839443,1,blocked
1339,139,0,0.23164892131044681,0.7197626472645073,1,blocked
1340,140,0,0.3249727465328858,0.4314205829930347,1,blocked
1341,141,0,0.42814675779954636,0.5050556896523601,1,blocked
1342,142,0,0.5403914047422572,0.3797257392146855,1,blocked
1343,143,0,0.5938902704401401,0.3659218677960606,1,blocked
1344,144,0,0.18025560841257765,0.530436914249181,1,blocked
1345,145,0,0.7627989463877329,0.44331241770449964,1,blocked
1346,146,0,0.3297382515121353,0.6417064705916551,1,blocked
1347,147,0,0.5274253716175544,0.3858634982960952,1,blocked
1348,148,0,0.5200918316915684,0.46116802935379575,1,blocked
1349,149,0,0.1114981927793905,0.6394918009885076,1,blocked
1350,150,0,0.3155068189461032,0.703607282422356,1,blocked
1351,151,0,0.7044578781823669,0.4759923991336583,1,blocked
1352,152,0,0.7580700956377184,0.46610898089194486,1,blocked
1353,153,0,0.24451950498409367,0.5176453973909334,1,blocked
1354,154,0,0.3175951322290274,0.5049519745147208,1,blocked
1355,155,0,0.4596114593070578,0.46539789675555476,1,blocked
1356,156,0,0.5836852469038061,0.44147930799742613,1,blocked
1357,157,0,0.8246052647816566,0.3855856048636957,1,blocked
1358,158,0,0.7874981962526777,0.39444979601630337,1,blocked
1359,159,0,0.8870759392087684,0.43868859125637394,1,blocked
1360,160,0,0.7484582144639353,0.3841826065683209,1,blocked
1361,161,0,0.24620131834651326,0.4085886222847962,1,blocked
1362,162,0,0.8120212232205449,0.46870646078030975,1,blocked
1363,163,0,0.5444252519334309,0.6921668800133518,1,blocked
1364,164,0,0.590351036260999,0.5350019339158113,1,blocked
1365,165,0,0.3905903031354855,0.562954633951149,1,blocked
1366,166,0,0.8607859683079558,0.39884190094328675,1,blocked
1367,167,0,0.517448836270248,0.5276368255295834,1,blocked
1368,168,0,0.06407425085295676,0.45136136554981926,1,blocked
1369,169,0,0.5548944085085281,0.43516833334395544,1,blocked
1370,170,0,0.5611413767192335,0.6097130958844565,1,blocked
1371,171,0,0.13014296292900976,0.4517063036838309,1,blocked
1372,172,0,0.5443365375039648,0.5483548698480663,1,blocked
1373,173,0,0.4018478494472046,0.2607499842980924,1,blocked
1374,174,0,0.05259159733268875,0.6378834000189498,1,blocked
1375,175,0,0.2044697748249258,0.4168317891465506,1,blocked
1376,176,0,0.49784512646556284,0.4108156078709355,1,blocked
1377,177,0,0.8455364392313174,0.4831161056639047,1,blocked
1378,178,0,0.8541326935985339,0.36860355412963075,1,blocked
1379,179,0,0.6510102738058378,0.4506615408449588,1,blocked
1380,180,0,0.38493499417845545,0.5090021399520606,1,blocked
1381,181,0,0.15699221907699212,0.4557477033490207,1,blocked
1382,182,0,0.25155039089970604,0.3729531874340114,1,blocked
1383,183,0,0.6567648501146273,0.3823779477482378,1,blocked
1384,184,0,0.07712121491302874,0.5375300814871696,1,blocked
1385,185,0,0.7197324179544999,0.45074362744210983,1,blocked
1386,186,0,0.3110594913180415,0.655001270715645,1,blocked
1387,187,0,0.21487995431404755,0.4886812964622742,1,blocked
1388,188,0,0.6979429032927619,0.48256753510154454,1,blocked
1389,189,0,0.22959340159249197,0.46773833060881376,1,blocked
1390,190,0,0.5287658333171559,0.49622088490384264,1,blocked
1391,191,0,0.8919058457242083,0.3938947497385456,1,blocked
1392,192,0,0.708645316449172,0.4658489600986294,1,blocked
1393,193,0,0.10564313899780883,0.46251262400144333,1,blocked
1394,194,0,0.5342657720749301,0.39688062101271304,1,blocked
1395,195,0,0.4063495549306473,0.5907560228303443,1,blocked
1396,196,0,0.45671018559171983,0.35381536198820557,1,blocked
1397,197,0,0.12124646398810177,0.6227940254305511,1,blocked
1398,198,0,0.1761586333939572,0.4245230995998268,1,blocked
1399,199,0,0.4960667680943257,0.32387076144627835,1,blocked
1400,0,0,0.8109481454242977,0.8861824552797948,1,early
1401,1,0,0.6943686650854524,0.5369276628303453,1,early
1402,2,0,0.47148264346070323,0.4223478269464396,1,early
1403,3,0,0.15682405077928682,0.6201234939043829,1,early
1404,4,0,0.551048186653391,0.4374099096378624,1,early
1405,5,0,0.2560755247744369,0.5033209194823838,1,early
1406,6,0,0.6012263406465392,0.5131949387931496,1,early
1407,7,0,0.1443710468303261,0.4947130161436756,1,early
1408,8,0,0.4048761004849985,0.4903670313058739,1,early
1409,9,0,0.5458202090584082,0.3465796292654632,1,early
1410,10,0,0.20783602807185775,0.44332461899019027,1,early
1411,11,0,0.7302792908658545,0.4629925483395725,1,early
1412,12,0,0.21778258937125478,0.4056564255242049,1,early
1413,13,0,0.9588806159806786,0.39097775256779527,1,early
1414,14,0,0.8796861986281234,0.35906649939587476,1,early
1415,15,0,0.1872292943326067,0.5132555723366521,1,early
1416,16,0,0.40867557018316425,0.362286333822071,1,early
1417,17,0,0.2027492064871796,0.4790424010933839,1,early
1418,18,0,0.647007113162215,0.48399441207672866,1,early
1419,19,0,0.9337428653224933,0.288729072250959,1,early
1420,20,0,0.8965717297822015,0.468349025553366,1,early
1421,21,0,0.010715680949584751,0.4044704175073155,1,early
1422,22,0,0.945155355776308,0.2427451767111668,1,early
1423,23,0,0.9203900642370808,0.3917422330398832,1,early
1424,24,0,0.2776770003545836,0.4635219271482163,1,early
1425,25,0,0.2342534177806898,0.401386722322125,1,early
1426,26,0,0.11828797509250216,0.4328665765768207,1,early
1427,27,0,0.238694084108332,0.510089477370018,1,early
1428,28,0,0.5438349946615564,0.43513165336143456,1,early
1429,29,0,0.6400740463910066,0.4800521924425176,1,early
1430,30,0,0.5730111142227516,0.43070609491174594,1,early
1431,31,0,0.828468090342807,0.35163446066947407,1,early
1432,32,0,0.731971341339373,0.4802095959354368,1,early
1433,33,0,0.9698728770283878,0.415295423324734,1,early
1434,34,0,0.9878492431344092,0.3096445947159878,1,early
1435,35,0,0.9239839014584181,0.22143455074092666,1,early
1436,36,0,0.3600584425745216,0.5007725228317002,1,early
1437,37,0,0.8699592901570062,0.5187487628038207,1,early
1438,38,0,0.8113774626155443,0.44393450940330115,1,early
1439,39,0,0.8971294697765403,0.4190783637776674,1,early
1440,40,0,0.22755572924000775,0.4198844923714462,1,early
1441,41,0,0.41352903570549315,0.5383957193100806,1,early
1442,42,0,0.5859670308146484,0.4323981888173172,1,early
1443,43,0,0.8200935773552827,0.44222717320552785,1,early
1444,44,0,0.5901006553329404,0.5148033300834722,1,early
1445,45,0,0.24067647325903233,0.4140913262783261,1,early
1446,46,0,0.3874334453396957,0.45501810619234195,1,early
1447,47,0,0.6613410343725783,0.41515074546153363,1,early
1448,48,0,0.5766092546083036,0.3993240421933622,1,early
1449,49,0,0.6924864645164205,0.4143906436999599,1,early
1450,50,0,0.575846941434117,0.47007930862403535,1,early
1451,51,0,0.6986064139586546,0.4147696928701745,1,early
1452,52,0,0.0632899625181197,0.5490612799796672,1,early
1453,53,0,0.5697665851715771,0.41430191821638046,1,early
1454,54,0,0.48400631511951997,0.6595463684876349,1,early
1455,55,0,0.5854339250259117,0.3505302324622803,1,early
1456,56,0,0.4245139145142621,0.2631243506218989,1,early
1457,57,0,0.3467227071917244,0.4589412870695793,1,early
1458,58,0,0.508186186063124,0.46584298119375067,1,early
1459,59,0,0.35161317143037124,0.3986334749925844,1,early
1460,60,0,0.5780911241729896,0.3645603629203548,1,early
1461,61,0,0.6159909928273394,0.5048909159396933,1,early
1462,62,0,0.8016351096980912,0.42147704475588954,1,early
1463,63,0,0.24863605091628233,0.39894531362930813,1,early
1464,64,0,0.8694866805350661,0.3845913392567023,1,early
1465,65,0,0.5526278765667305,0.42266211588754116,1,early
1466,66,0,0.7087553617870422,0.32756836564047415,1,early
1467,67,0,0.1871085206277412,0.2671588511856584,1,early
1468,68,0,0.4564311159204588,0.463723735562885,1,early
1469,69,0,0.7618919029274978,0.340492513155095,1,early
1470,70,0,0.7989439123625341,0.4453778709273721,1,early
1471,71,0,0.9337019929237986,0.38947297116215174,1,early
1472,72,0,0.22860923520346366,0.28939394676752306,1,early
1473,73,0,0.031409526398615634,0.46667960342344433,1,early
1474,74,0,0.9689723733787667,0.3014535324319775,1,early
1475,75,0,0.9335694918624602,0.354468576649061,1,early
1476,76,0,0.7977057389571244,0.3968143623297524,1,early
1477,77,0,0.07415867660619672,0.461203281800192,1,early
1478,78,0,0.7244391251147481,0.379288771099135,1,early
1479,79,0,0.8848920963030096,0.2965747100965783,1,early
1480,80,0,0.5660067192674265,0.32565629540469676,1,early
1481,81,0,0.744573408531841,0.3023607642414573,1,early
1482,82,0,0.7457784990850689,0.2909578653782816,1,early
1483,83,0,0.798189636865892,0.33660336890964615,1,early
1484,84,0,0.34858432669861045,0.3614863094406715,1,early
1485,85,0,0.8379846933693529,0.23892361536669976,1,early
1486,86,0,0.37660570646137337,0.3115011961576375,1,early
1487,87,0,0.6849893035927821,0.2662334034728143,1,early
1488,88,0,0.4357153324427596,0.5279675163500188,1,early
1489,89,0,0.6125907059547562,0.41230974356529837,1,early
1490,90,0,0.26767723330418014,0.47609197670693837,1,early
1491,91,0,0.33415034355796486,0.25343175816161034,1,early
1492,92,0,0.7129733509875769,0.4113393620094755,1,early
1493,93,0,0.888907451026016,0.26941849942657486,1,early
1494,94,0,0.3579193062212001,0.3878367809764621,1,early
1495,95,0,0.5307500606957699,0.36823385338559567,1,early
1496,96,0,0.27651807725312405,0.4759055732984639,1,early
1497,97,0,0.5557513615565401,0.3497533205861748,1,early
1498,98,0,0.79004673303067,0.38416814260657967,1,early
1499,99,0,0.3947890703191992,0.29262025158614097,1,early
1500,100,0,0.692280734504954,0.43554186725581234,1,early
1501,101,0,0.445724742732167,0.4515479942145706,1,early
1502,102,0,0.1531112528697296,0.43209161335677854,1,early
1503,103,0,0.8415131883686009,0.5249794974234527,1,early
1504,104,0,0.3160169846834703,0.306005222150188,1,early
1505,105,0,0.6400034756973292,0.5005138366757844,1,early
1506,106,0,0.9186876712941358,0.26978683273462073,1,early
1507,107,0,0.48690331313482016,0.32415194279267023,1,early
1508,108,0,0.2791557602005639,0.3312824730131121,1,early
1509,109,0,0.621950868557996,0.38337766660427186,1,early
1510,110,0,0.43411686260795335,0.3068287132076465,1,early
1511,111,0,0.0901792951378595,0.3500729102476641,1,early
1512,112,0,0.3686538924975258,0.36813418820648,1,early
1513,113,0,0.6989707691038172,0.30079657986680575,1,early
1514,114,0,0.4318113470340183,0.4077132756672003,1,early
1515,115,0,0.43479920786356774,0.3218587006908754,1,early
1516,116,0,0.5131182937932004,0.34984890872440755,1,early
1517,117,0,0.4744027301718335,0.24371500393671958,1,early
1518,118,0,0.8157008483245559,0.4460245097744323,1,early
1519,119,0,0.6509810980792163,0.3563026869963426,1,early
1520,120,0,0.4597744761693583,0.3450586074305503,1,early
1521,121,0,0.517511802558175,0.41598705973044575,1,early
1522,122,0,0.7511249580975949,0.4329805941588226,1,early
1523,123,0,0.42623362785269286,0.42144766205582734,1,early
1524,124,0,0.9165694727150162,0.3474891070064078,1,early
1525,125,0,0.3784670539735272,0.2523655530670447,1,early
1526,126,0,0.5053214849655987,0.36204447215634034,1,early
1527,127,0,0.7359432127926929,0.28092893082390824,1,early
1528,128,0,0.3391655247674078,0.39816994539224215,1,early
1529,129,0,0.9491527178726427,0.3073787029951174,1,early
1530,130,0,0.1371180822620196,0.462197538101301,1,early
1531,131,0,0.8882072415013538,0.2924321283888874,1,early
1532,132,0,0.42674639679471044,0.35367322546021396,1,early
1533,133,0,0.699420300577243,0.32779382566139714,1,early
1534,134,0,0.7139839313826977,0.28455253646508505,1,early
1535,135,0,0.6899358187514187,0.3073901034034639,1,early
1536,136,0,0.607560014698737,0.41042939804238043,1,early
1537,137,0,0.6501716135088098,0.23874064466462097,1,early
1538,138,0,0.43275290445417347,0.308147571641904,1,early
1539,139,0,0.6889225197023148,0.453436668789586,1,early
1540,140,0,0.4744756660174161,0.40270528470705613,1,early
1541,141,0,0.6423686884407829,0.2873684423635548,1,early
1542,142,0,0.5548998524737911,0.3052723083708971,1,early
1543,143,0,0.2483286663183349,0.395405256615707,1,early
1544,144,0,0.5128491197450771,0.30056274378315007,1,early
1545,145,0,0.07478759656736564,0.3925532233915514,1,early
1546,146,0,0.37092570461363433,0.5159957370380335,1,early
1547,147,0,0.8550558448244773,0.3863835977863086,1,early
1548,148,0,0.1986136160711126,0.26499145073850294,1,early
1549,149,0,0.009458656121602196,0.3684508421389865,1,early
1550,150,0,0.38835012900256516,0.23785995049120423,1,early
1551,151,0,0.250761666902265,0.32744526707947,1,early
1552,152,0,0.3962714893856231,0.2927990148481814,1,early
1553,153,0,0.8753085565441097,0.23707705189752146,1,early
1554,154,0,0.5200022961134998,0.25481539302358586,1,early
1555,155,0,0.1337523842265836,0.3297503026045409,1,early
1556,156,0,0.7679323997758027,0.3094928741756007,1,early
1557,157,0,0.7655771711980602,0.5125990804878797,1,early
1558,158,0,0.4353773152541242,0.2333410501022526,1,early
1559,159,0,0.409345301728273,0.267059480642837,1,early
1560,160,0,0.8352456733907745,0.25129408005224163,1,early
1561,161,0,0.3714087217216837,0.2929255675668096,1,early
1562,162,0,0.6439211130264993,0.4046426405210921,1,early
1563,163,0,0.5940203356151945,0.3640274984984061,1,early
1564,164,0,0.6780964207389615,0.28913019617416524,1,early
1565,165,0,0.5972334885587914,0.406962226820209,1,early
1566,166,0,0.9683249684664065,0.35669502427876176,1,early
1567,167,0,0.9613224587733827,0.2820219982147852,1,early
1568,168,0,0.1502758567225848,0.3635578120369949,1,early
1569,169,0,0.449563958295771,0.3448410138438006,1,early
1570,170,0,0.2659476383574486,0.36559823544728953,1,early
1571,171,0,0.5221513736112763,0.4226689684652712,1,early
1572,172,0,0.05487503302854897,0.35056130914511296,1,early
1573,173,0,0.7166817742279628,0.3615038494199668,1,early
1574,174,0,0.5018255374150029,0.27291068510272,1,early
1575,175,0,0.7642995448572764,0.28560540229843145,1,early
1576,176,0,0.7291878822354239,0.3271107194092603,1,early
1577,177,0,0.6437473336776749,0.3013278895521488,1,early
1578,178,0,0.9007938268464051,0.31346864397658913,1,early
1579,179,0,0.1794524586326885,0.23714658679067102,1,early
1580,180,0,0.9229284557081461,0.20404255521772105,1,early
1581,181,0,0.2375058943489457,0.45271730002472976,1,early
1582,182,0,0.862574631162359,0.23175529869874528,1,early
1583,183,0,0.6168719732276413,0.2617882093313271,1,early
1584,184,0,0.5266726386378873,0.29621603407596736,1,early
1585,185,0,0.9558733342887414,0.2516028328175921,1,early
1586,186,0,0.13004513614885424,0.29623335403158024,1,early
1587,187,0,0.6569290217819613,0.3821951099996085,1,early
1588,188,0,0.6917416033831588,0.6234024349499032,1,early
1589,189,0,0.4998258862342202,0.24267178241473636,1,early
1590,190,0,0.13779791621700577,0.3179741938587878,1,early
1591,191,0,0.878189311231182,0.3271905963181742,1,early
1592,192,0,0.21594619807393253,0.3092044007702399,1,early
1593,193,0,0.9729903727675826,0.21027564058488066,1,early
1594,194,0,0.8966678758825222,0.34785952792488695,1,early
1595,195,0,0.726824570079853,0.24570418215552542,1,early
1596,196,0,0.24821745869582726,0.3516259534091975,1,early
1597,197,0,0.5332112465239266,0.23067353037414956,1,early
1598,198,0,0.6735887016609807,0.2040041365679262,1,early
1599,199,0,0.8433428892885058,0.2647350734862382,1,early
1600,0,0,0.49874322762982115,1.0614121917359316,1,middle
1601,1,0,0.0036038828977712324,0.9149742175443608,1,middle
1602,2,0,0.5000443077372223,0.5940620869846632,1,middle
1603,3,0,0.013168663306716292,0.7531644664586135,1,middle
1604,4,0,0.31835480029644586,0.5691161466482872,1,middle
1605,5,0,0.42187294551103893,0.5547240715725847,1,middle
1606,6,0,0.29759157233893424,0.6044063802148705,1,middle
1607,7,0,0.467153664312675,0.4752226213218278,1,middle
1608,8,0,0.46452520208811593,0.8394201859274688,1,middle
1609,9,0,0.20910615253510645,0.5480477446042855,1,middle
1610,10,0,0.5505295899288903,0.4961514618056295,1,middle
1611,11,0,0.7471478198352084,0.40969811813516693,1,middle
1612,12,0,0.6314340832617041,0.6280109491395325,1,middle
1613,13,0,0.5065605061762087,0.5761283825329006,1,middle
1614,14,0,0.5106602222869423,0.7381957071398761,1,middle
1615,15,0,0.4416491875409048,0.4061221729880951,1,middle
1616,16,0,0.42238042536482195,0.5633263020890511,1,middle
1617,17,0,0.8821399516946203,0.692902098832822,1,middle
1618,18,0,0.5538532503001569,0.6747183421994605,1,middle
1619,19,0,0.16454016980267508,0.5691927803124661,1,middle
1620,20,0,0.41477088713042093,0.4136081827795357,1,middle
1621,21,0,0.9252863555309694,0.4013910228389596,1,middle
1622,22,0,0.37061199761214,0.3879657691485946,1,middle
1623,23,0,0.018871675617157482,0.5938650757271094,1,middle
1624,24,0,0.6579326602895194,0.6208117479422707,1,middle
1625,25,0,0.17465169013757026,0.538417617139092,1,middle
1626,26,0,0.1945047653491686,0.4120805972638111,1,middle
1627,27,0,0.3193117468652639,0.43803764655768707,1,middle
1628,28,0,0.4936116237764215,0.6020699844895123,1,middle
1629,29,0,0.1487446066481615,0.5478482055583707,1,middle
1630,30,0,0.44974875574642936,0.4926823591129991,1,middle
1631,31,0,0.5410125890209266,0.49330802932820184,1,middle
1632,32,0,0.5611488189813524,0.3817811256750566,1,middle
1633,33,0,0.17068172825932026,0.4672484248654797,1,middle
1634,34,0,0.7330151116461345,0.6254226353918804,1,middle
1635,35,0,0.4770891454618823,0.48509686524911266,1,middle
1636,36,0,0.4488895782068655,0.5214801254240586,1,middle
1637,37,0,0.0450587734274554,0.5019958217551027,1,middle
1638,38,0,0.5508262045824086,0.48687689543203466,1,middle
1639,39,0,0.16476854231088592,0.5638579571010736,1,middle
1640,40,0,0.5069927001035814,0.4671161822617512,1,middle
1641,41,0,0.30303350240993443,0.4309689937172283,1,middle
1642,42,0,0.6846935860262495,0.5748978062682432,1,middle
1643,43,0,0.8263287080291708,0.27509032890317897,1,middle
1644,44,0,0.35688691535570666,0.47996633471091366,1,middle
1645,45,0,0.4633220069895453,0.4354675530877935,1,middle
1646,46,0,0.5740303732830763,0.38264950430332967,1,middle
1647,47,0,0.5884440758214952,0.6477442257816661,1,middle
1648,48,0,0.43847529710045197,0.5088612443719818,1,middle
1649,49,0,0.5975983927705962,0.35652745665879004,1,middle
1650,50,0,0.412158020261261,0.382290938704301,1,middle
1651,51,0,0.4772430575732801,0.29859513898807877,1,middle
1652,52,0,0.43007979444945516,0.39167715359583205,1,middle
1653,53,0,0.554205962999423,0.42301484188299127,1,middle
1654,54,0,0.6215422269387558,0.5423856015380166,1,middle
1655,55,0,0.5128928267109693,0.6039626341044985,1,middle
1656,56,0,0.6704272823302905,0.264317816580373,1,middle
1657,57,0,0.8541079429279643,0.44534745285929267,1,middle
1658,58,0,0.8765188519175491,0.4674400064169437,1,middle
1659,59,0,0.5674859428726184,0.6355882637505277,1,middle
1660,60,0,0.8507757819552317,0.3740790512536177,1,middle
1661,61,0,0.8056503700996167,0.45990149663735225,1,middle
1662,62,0,0.9052297421229618,0.523392630410758,1,middle
1663,63,0,0.08079713129432749,0.5535029393396877,1,middle
1664,64,0,0.8660642934215899,0.5590544664719699,1,middle
1665,65,0,0.8402067797309323,0.37711517356422014,1,middle
1666,66,0,0.4548209579375293,0.678712975854753,1,middle
1667,67,0,0.47946509481078126,0.659212583739885,1,middle
1668,68,0,0.6039975757865661,0.3143356999616824,1,middle
1669,69,0,0.30725129025505327,0.45614620933206473,1,middle
1670,70,0,0.48293601830044247,0.37776116144450866,1,middle
1671,71,0,0.4863922162554257,0.38897840185616483,1,middle
1672,72,0,0.557009875538921,0.3643746260126566,1,middle
1673,73,0,0.3058488139175486,0.5708713944247614,1,middle
1674,74,0,0.6596799424436212,0.40897425653025016,1,middle
1675,75,0,0.5061740339127738,0.5233012617740035,1,middle
1676,76,0,0.9269060580452122,0.29058559678236395,1,middle
1677,77,0,0.07272855262955169,0.5055355824334198,1,middle
1678,78,0,0.918353296338835,0.32449732247575147,1,middle
1679,79,0,0.4943598424787584,0.386527133952174,1,middle
1680,80,0,0.3410763265435152,0.4049035557644354,1,middle
1681,81,0,0.45325836162054073,0.543563364849002,1,middle
1682,82,0,0.7881622035083794,0.38359629409159823,1,middle
1683,83,0,0.7190630739121572,0.5456853610756811,1,middle
1684,84,0,0.8238249593178539,0.37550221745828916,1,middle
1685,85,0,0.7605916243707382,0.4119501182661861,1,middle
1686,86,0,0.19894125582373795,0.4653639898634412,1,middle
1687,87,0,0.6176945013204939,0.34783790065158526,1,middle
1688,88,0,0.23305612164617173,0.4423445384356946,1,middle
1689,89,0,0.42055068584846095,0.4822701474652244,1,middle
1690,90,0,0.4599776826707246,0.5172260859632913,1,middle
1691,91,0,0.8166007923319465,0.3814229384998966,1,middle
1692,92,0,0.10734933991762319,0.3890031963375332,1,middle
1693,93,0,0.49302355391954533,0.5183193080589674,1,middle
1694,94,0,0.7963352713025837,0.37857055349887747,1,middle
1695,95,0,0.0739602931444003,0.37156921227340334,1,middle
1696,96,0,0.3090815170202853,0.4945282969523507,1,middle
1697,97,0,0.6933460601168164,0.39075742066916636,1,middle
1698,98,0,0.5571236432570141,0.41781050094096117,1,middle
1699,99,0,0.6042477807043293,0.3815667330639174,1,middle
1700,100,0,0.3122759434984095,0.38991718097410666,1,middle
1701,101,0,0.24072848842430955,0.5670031640442077,1,middle
1702,102,0,0.5144919826955898,0.39977350599649664,1,middle
1703,103,0,0.2918191614669478,0.5336187536769184,1,middle
1704,104,0,0.3472309987191608,0.33180913394550615,1,middle
1705,105,0,0.6948797202018632,0.3275334308716287,1,middle
1706,106,0,0.09623651625763492,0.5135420544400564,1,middle
1707,107,0,0.28226728863745826,0.384167792629462,1,middle
1708,108,0,0.4670853626142157,0.4034145991388912,1,middle
1709,109,0,0.3355900371318328,0.4772265599320763,1,middle
1710,110,0,0.4105180291102581,0.3583165763155769,1,middle
1711,111,0,0.373306760027295,0.41806143631233966,1,middle
1712,112,0,0.5585266692055173,0.3396719920974633,1,middle
1713,113,0,0.9651611243933145,0.3670006833191358,1,middle
1714,114,0,0.43408258070709066,0.4507330888490386,1,middle
1715,115,0,0.6262280144168059,0.3887166569664781,1,middle
1716,116,0,0.6243951623813954,0.4386444392550386,1,middle
1717,117,0,0.4615978510862863,0.360084154639011,1,middle
1718,118,0,0.5658130768642029,0.3981311915039001,1,middle
1719,119,0,0.3226904731209881,0.3667006957398029,1,middle
1720,120,0,0.4844080691055048,0.33758066904433026,1,middle
1721,121,0,0.7089828595542662,0.49400455846019503,1,middle
1722,122,0,0.5017466084179388,0.5363723895859804,1,middle
1723,123,0,0.23754570783890008,0.44056106003863726,1,middle
1724,124,0,0.3553489866651389,0.32973811112697626,1,middle
1725,125,0,0.21228096062704926,0.40562877473227776,1,middle
1726,126,0,0.3584817743031842,0.31864701697299136,1,middle
1727,127,0,0.5669827904364833,0.42393810526796727,1,middle
1728,128,0,0.4719514612795757,0.3398511120080324,1,middle
1729,129,0,0.23257330515421343,0.2791144524199195,1,middle
1730,130,0,0.40290053780014284,0.5352340094901348,1,middle
1731,131,0,0.9646145208361552,0.40821312830699663,1,middle
1732,132,0,0.5247554972966887,0.545669032624028,1,middle
1733,133,0,0.9456030605919519,0.40781939247460053,1,middle
1734,134,0,0.4825543890857433,0.35267866136415793,1,middle
1735,135,0,0.8633980904771228,0.4889559941835587,1,middle
1736,136,0,0.7292153507452732,0.5310650691189184,1,middle
1737,137,0,0.1899347079103342,0.4972484400533712,1,middle
1738,138,0,0.518319378687337,0.3649709924493114,1,middle
1739,139,0,0.6547774322743287,0.34106888962154025,1,middle
1740,140,0,0.35944637101819227,0.35046610056341465,1,middle
1741,141,0,0.6063957419441436,0.2074228080994529,1,middle
1742,142,0,0.28133280173201725,0.4007481413816869,1,middle
1743,143,0,0.4791126871298147,0.4060043360861298,1,middle
1744,144,0,0.6243526815538679,0.4693706236463054,1,middle
1745,145,0,0.6202388938252991,0.5020103669924336,1,middle
1746,146,0,0.39060756089982507,0.4682618734849702,1,middle
1747,147,0,0.38605820049359907,0.4355377283427466,1,middle
1748,148,0,0.7269401112152469,0.4066744159619755,1,middle
1749,149,0,0.6220701714619581,0.4198158303340339,1,middle
1750,150,0,0.42414664393119417,0.5800570786428887,1,middle
1751,151,0,0.38152086804550905,0.37540049030161815,1,middle
1752,152,0,0.6402856654265998,0.5033620029781769,1,middle
1753,153,0,0.3769440548764401,0.3535670970186885,1,middle
1754,154,0,0.6737202647932677,0.3796339012428146,1,middle
1755,155,0,0.525792106703667,0.42209549134645624,1,middle
1756,156,0,0.5625354709580442,0.4147774372537625,1,middle
1757,157,0,0.5291036037710815,0.5000197648591198,1,middle
1758,158,0,0.2809750290308756,0.5397270101716571,1,middle
1759,159,0,0.9037164455454312,0.317289739011356,1,middle
1760,160,0,0.5343536034224478,0.3362106022488366,1,middle
1761,161,0,0.5795212791936251,0.45785463842100294,1,middle
1762,162,0,0.2835726927874619,0.6194723368550556,1,middle
1763,163,0,0.923459032263757,0.3981354282345151,1,middle
1764,164,0,0.32887916888305374,0.40931724144806636,1,middle
1765,165,0,0.7309640218347524,0.278943644988042,1,middle
1766,166,0,0.8366377536713112,0.4376332599955083,1,middle
1767,167,0,0.8715709341165412,0.42925908417547676,1,middle
1768,168,0,0.4322771225391092,0.46766621664463315,1,middle
1769,169,0,0.16603180270940776,0.4078177158500085,1,middle
1770,170,0,0.5459333299464718,0.4718596825159431,1,middle
1771,171,0,0.5704587895468186,0.34941244295957874,1,middle
1772,172,0,0.29103435319866605,0.500969937858383,1,middle
1773,173,0,0.326595313954626,0.5495297162274074,1,middle
1774,174,0,0.3272938967795871,0.3059133762858651,1,middle
1775,175,0,0.5764125968769702,0.3683222369911334,1,middle
1776,176,0,0.6248766581310516,0.25513260756013617,1,middle
1777,177,0,0.33678810609865295,0.4239161097173956,1,middle
1778,178,0,0.5227069527585083,0.321512239444713,1,middle
1779,179,0,0.5338680838276249,0.4060554121654302,1,middle
1780,180,0,0.20301065494677387,0.48557179676758644,1,middle
1781,181,0,0.4390929484179776,0.5070696117663993,1,middle
1782,182,0,0.10291574749743676,0.5457526170564402,1,middle
1783,183,0,0.432091607779981,0.46731962672985916,1,middle
1784,184,0,0.4711062681013909,0.6015345330343103,1,middle
1785,185,0,0.5803041970869469,0.3968039697454112,1,middle
1786,186,0,0.5078249578397993,0.558408764993955,1,middle
1787,187,0,0.15828590042798996,0.4231683781455548,1,middle
1788,188,0,0.6184425880817275,0.5336812423661961,1,middle
1789,189,0,0.4999548011931325,0.29161592082376137,1,middle
1790,190,0,0.23727773847660538,0.43984885269185037,1,middle
1791,191,0,0.26178457886743256,0.3192114773542517,1,middle
1792,192,0,0.1776739000272902,0.41177482010997246,1,middle
1793,193,0,0.33824151057670887,0.252306140033617,1,middle
1794,194,0,0.43791925651114594,0.4127201255195144,1,middle
1795,195,0,0.15510212270565218,0.2937847775917689,1,middle
1796,196,0,0.5949215163318976,0.4153045053057771,1,middle
1797,197,0,0.8596193114124625,0.3434593005296774,1,middle
1798,198,0,0.9096833670020377,0.28890472051156146,1,middle
1799,199,0,0.14365615822816336,0.49828587506232325,1,middle
1800,0,0,0.2949222608440626,0.9120809235281861,1,late
1801,1,0,0.3492552856917868,0.7902646884687474,1,late
1802,2,0,0.6474361400588295,0.6812100411156898,1,late
1803,3,0,0.5696146839372436,0.6699538761631048,1,late
1804,4,0,0.3722447766882456,0.6270248110410734,1,late
1805,5,0,0.5193767042411993,0.5748004152532755,1,late
1806,6,0,0.4545721663178016,0.5414523909086543,1,late
1807,7,0,0.9328837151763134,0.5678390303536667,1,late
1808,8,0,0.45251883613661803,0.4286769941070323,1,late
1809,9,0,0.17577270485392255,0.6453181551238545,1,late
1810,10,0,0.48763429476544773,0.5367090074979467,1,late
1811,11,0,0.712012234557456,0.32827469692849276,1,late
1812,12,0,0.6098804601373286,0.4721489659204751,1,late
1813,13,0,0.2836238238016986,0.46999037675543404,1,late
1814,14,0,0.5311237224629975,0.5605259802119897,1,late
1815,15,0,0.756053725990729,0.3646819504844101,1,late
1816,16,0,0.48805978327563676,0.5764083066874595,1,late
1817,17,0,0.6643059282967856,0.5316119814027516,1,late
1818,18,0,0.4968198866715158,0.44224690154437124,1,late
1819,19,0,0.8240564190538575,0.5872525717702008,1,late
1820,20,0,0.5904185488209261,0.6013772287164598,1,late
1821,21,0,0.29863542481820204,0.6426162833596074,1,late
1822,22,0,0.5134864034916538,0.5292032932651672,1,late
1823,23,0,0.5700588509378257,0.5244373647597258,1,late
1824,24,0,0.49058243263983814,0.4875798960883837,1,late
1825,25,0,0.7055895691874183,0.6026934302148266,1,late
1826,26,0,0.38943583454544395,0.6316223195806355,1,late
1827,27,0,0.6976854319354947,0.7019997341558583,1,late
1828,28,0,0.4356413199598134,0.5500146637175296,1,late
1829,29,0,0.5939051290775796,0.6754216553718039,1,late
1830,30,0,0.5750394853916931,0.5530736251737223,1,late
1831,31,0,0.5211461981958254,0.4342047677440357,1,late
1832,32,0,0.4923899113858421,0.60145074144757,1,late
1833,33,0,0.5110524158090093,0.45270734627090325,1,late
1834,34,0,0.7606477335625048,0.4917583977522987,1,late
1835,35,0,0.6286530839103945,0.4652789071625004,1,late
1836,36,0,0.7835286447630821,0.4247842555828477,1,late
1837,37,0,0.7627057861938523,0.5647990930832487,1,late
1838,38,0,0.5510034123923935,0.5943110168092947,1,late
1839,39,0,0.7202454247049164,0.4942068075347053,1,late
1840,40,0,0.4503415781809054,0.5578657310958083,1,late
1841,41,0,0.2535106766735613,0.7510679506103961,1,late
1842,42,0,0.38002704479450866,0.7572726610000957,1,late
1843,43,0,0.3970094079143703,0.5791979003406551,1,late
1844,44,0,0.4710799193898285,0.45859140730008907,1,late
1845,45,0,0.4109137859276264,0.5525280992919301,1,late
1846,46,0,0.5738326131670419,0.5394589249592905,1,late
1847,47,0,0.6701183904074264,0.48555081971971736,1,late
1848,48,0,0.5273666160920534,0.48377949118839914,1,late
1849,49,0,0.04022860396592483,0.7586437685542202,1,late
1850,50,0,0.35720263245574524,0.3919137019609138,1,late
1851,51,0,0.764831043050205,0.3893312938506787,1,late
1852,52,0,0.37187268843105903,0.5041366206359366,1,late
1853,53,0,0.3069156968843177,0.526176601909524,1,late
1854,54,0,0.56135824390611,0.5435421166140304,1,late
1855,55,0,0.2747031220374552,0.4941120550702349,1,late
1856,56,0,0.5902062493877387,0.5416730094432479,1,late
1857,57,0,0.44673900077012957,0.6480116410066623,1,late
1858,58,0,0.46577948393135626,0.5256263400177071,1,late
1859,59,0,0.505837672971144,0.42664472380504403,1,late
1860,60,0,0.7096260253478766,0.4447944673712928,1,late
1861,61,0,0.834418246166095,0.4071840301746904,1,late
1862,62,0,0.4992298404893143,0.5114255794986801,1,late
1863,63,0,0.7547630508674366,0.5971077408558332,1,late
1864,64,0,0.5712606027309427,0.5279591468414575,1,late
1865,65,0,0.13304617413003958,0.7349847820920044,1,late
1866,66,0,0.15473089660229833,0.6353975732138955,1,late
1867,67,0,0.47364686473364215,0.5224793210429053,1,late
1868,68,0,0.2468933365325897,0.6665549361432171,1,late
1869,69,0,0.1544958803781157,0.6774592383264411,1,late
1870,70,0,0.3300417003574452,0.5157516173338957,1,late
1871,71,0,0.6648895440894255,0.43155031281415646,1,late
1872,72,0,0.4833865949378674,0.5246169409546716,1,late
1873,73,0,0.7125990176734841,0.4581854401175863,1,late
1874,74,0,0.5923825028951338,0.4638663330602618,1,late
1875,75,0,0.17746545307471462,0.6043257844227582,1,late
1876,76,0,0.20303326351531797,0.63193935797605,1,late
1877,77,0,0.8341550769438693,0.45960015697174095,1,late
1878,78,0,0.335869126796662,0.5643905472852424,1,late
1879,79,0,0.45164733017709163,0.4091166482997397,1,late
1880,80,0,0.2559848821863227,0.45697100795904766,1,late
1881,81,0,0.45856906107468426,0.5170828385809441,1,late
1882,82,0,0.48543146645098095,0.5253747144870685,1,late
1883,83,0,0.3811914947106277,0.5349912423060286,1,late
1884,84,0,0.526283814095075,0.4369721235321116,1,late
1885,85,0,0.5737678777304082,0.5300340429431363,1,late
1886,86,0,0.215794438651693,0.5280372330885337,1,late
1887,87,0,0.5551733116051563,0.5793488277718132,1,late
1888,88,0,0.4337526334437333,0.5191985875324938,1,late
1889,89,0,0.6586655322704345,0.4494093280365282,1,late
1890,90,0,0.6186697025682093,0.4066426282983881,1,late
1891,91,0,0.6393290676022005,0.5444772582926496,1,late
1892,92,0,0.5840678926472698,0.47978578814646755,1,late
1893,93,0,0.24125283987782226,0.5978798600942712,1,late
1894,94,0,0.6797171242006965,0.4186981377536272,1,late
1895,95,0,0.6519455938247692,0.46628634431703253,1,late
1896,96,0,0.7100270660267431,0.515112378136059,1,late
1897,97,0,0.6806977692234116,0.5486232493115684,1,late
1898,98,0,0.3429691882415843,0.4909087646454845,1,late
1899,99,0,0.6299744243619503,0.47351707052877334,1,late
1900,100,0,0.5127410659949103,0.4990701673571313,1,late
1901,101,0,0.5096064772430273,0.4988515171922923,1,late
1902,102,0,0.5706505296328357,0.5212934550062035,1,late
1903,103,0,0.8225695743628789,0.5064420263678899,1,late
1904,104,0,0.8011190420590838,0.4917969657784752,1,late
1905,105,0,0.8542695389632617,0.4660283292918206,1,late
1906,106,0,0.35547912461367615,0.44495869382202635,1,late
1907,107,0,0.5456215927003234,0.4586641081815971,1,late
1908,108,0,0.5151961608888456,0.43798220793595244,1,late
1909,109,0,0.6584722414790517,0.45200736579898915,1,late
1910,110,0,0.5272349730734374,0.4234126920414394,1,late
1911,111,0,0.8747167932130285,0.45012389126626373,1,late
1912,112,0,0.646647347112846,0.5119226973530037,1,late
1913,113,0,0.5701183842991897,0.44396710738651135,1,late
1914,114,0,0.5448558189038848,0.45469679040476996,1,late
1915,115,0,0.5900199620933009,0.3879289760754985,1,late
1916,116,0,0.362213581119091,0.689661863416357,1,late
1917,117,0,0.4175600280348689,0.5896995830863042,1,late
1918,118,0,0.6262011884665191,0.40280108971311845,1,late
1919,119,0,0.7475063746028148,0.5032175847595526,1,late
1920,120,0,0.3544319759468571,0.5943794561058964,1,late
1921,121,0,0.1667351304180253,0.5334021603948282,1,late
1922,122,0,0.3002291804684694,0.4920843831069871,1,late
1923,123,0,0.6676210860171373,0.4629771808088846,1,late
1924,124,0,0.5049495833489274,0.7077598339868068,1,late
1925,125,0,0.960839885737574,0.46241973313064844,1,late
1926,126,0,0.02504418438861944,0.6001546451161052,1,late
1927,127,0,0.8121358342409932,0.3536480639038387,1,late
1928,128,0,0.7404384428248767,0.4092915489521138,1,late
1929,129,0,0.281409000227288,0.5854567347118587,1,late
1930,130,0,0.7938483215067598,0.44663317564208493,1,late
1931,131,0,0.8834379595473267,0.25218840345420673,1,late
1932,132,0,0.9067266799582294,0.35992452891491544,1,late
1933,133,0,0.11746351824606455,0.6617738471388885,1,late
1934,134,0,0.44831753780243894,0.49363760089448694,1,late
1935,135,0,0.6375470014100973,0.46342232076416606,1,late
1936,136,0,0.0940494941853768,0.4850232210211992,1,late
1937,137,0,0.13992960910902943,0.5103436737018616,1,late
1938,138,0,0.9174837194756049,0.4455829004595337,1,late
1939,139,0,0.6846340118335557,0.4476713204079843,1,late
1940,140,0,0.8191242264442886,0.49213957531142183,1,late
1941,141,0,0.8348199586858447,0.31123294452355216,1,late
1942,142,0,0.27074966270868833,0.5406621859246179,1,late
1943,143,0,0.6606251896876455,0.5185740302533284,1,late
1944,144,0,0.591052851939001,0.46490433812844983,1,late
1945,145,0,0.746375065680486,0.41676117352822306,1,late
1946,146,0,0.6996176892389263,0.4350808291167946,1,late
1947,147,0,0.8284134849070773,0.4068026398902336,1,late
1948,148,0,0.9281819125605373,0.39448476073271244,1,late
1949,149,0,0.5815483788603102,0.46796954485300035,1,late
1950,150,0,0.8762250857425049,0.40518796945146984,1,late
1951,151,0,0.6071977028195813,0.4514031728293403,1,late
1952,152,0,0.7612799211718349,0.5780657994523684,1,late
1953,153,0,0.7263240679570874,0.5387472752299907,1,late
1954,154,0,0.04277806501551276,0.6785486832510235,1,late
1955,155,0,0.8127114232530168,0.5024463836124603,1,late
1956,156,0,0.9597952174216849,0.30667794003996973,1,late
1957,157,0,0.06173860297326738,0.5006637665275083,1,late
1958,158,0,0.353776196089683,0.36160735930092874,1,late
1959,159,0,0.891454093078388,0.40630252095411246,1,late
1960,160,0,0.3248916179744759,0.5021084388892901,1,late
1961,161,0,0.293539413048407,0.4297402562230841,1,late
1962,162,0,0.37035781577352217,0.4645710656372426,1,late
1963,163,0,0.3166048068215956,0.5923419591790671,1,late
1964,164,0,0.48244300697220754,0.4532022764319857,1,late
1965,165,0,0.9589028367498319,0.26272410726145334,1,late
1966,166,0,0.3821566858532175,0.43731460173916537,1,late
1967,167,0,0.7498264213836334,0.5173355606681028,1,late
1968,168,0,0.5144527135345275,0.6072023741742341,1,late
1969,169,0,0.5859634139760485,0.5280323916800902,1,late
1970,170,0,0.7286813033636057,0.4798893828934389,1,late
1971,171,0,0.7601218337345517,0.2925440500183468,1,late
1972,172,0,0.5415250008375729,0.4446280815228587,1,late
1973,173,0,0.6456696032847359,0.6146394846292849,1,late
1974,174,0,0.6939379706481443,0.49760984559757715,1,late
1975,175,0,0.5140515797968995,0.5619934644040594,1,late
1976,176,0,0.6672659593337729,0.3529850485176199,1,late
1977,177,0,0.5737558977582389,0.482102848897913,1,late
1978,178,0,0.5028897055447414,0.5064946152556085,1,late
1979,179,0,0.7710573232298825,0.5570354330887592,1,late
1980,180,0,0.5287357554476846,0.5076296661207405,1,late
1981,181,0,0.705075891992082,0.39143374032548495,1,late
1982,182,0,0.44398141482993453,0.46703038106836436,1,late
1983,183,0,0.4610207596302326,0.5827829974706922,1,late
1984,184,0,0.5173556387987234,0.4085081901638401,1,late
1985,185,0,0.3668076361053452,0.42964117837277394,1,late
1986,186,0,0.19419625593619047,0.4707655486817871,1,late
1987,187,0,0.18048051642671104,0.609516055361072,1,late
1988,188,0,0.480186976034531,0.4709891189685196,1,late
1989,189,0,0.2898136808527262,0.4411196920132152,1,late
1990,190,0,0.5310701989093835,0.35037839293010065,1,late
1991,191,0,0.9139523677101129,0.3897043865337261,1,late
1992,192,0,0.20471425482603425,0.5557083369586735,1,late
1993,193,0,0.733983891238263,0.40882917759048026,1,late
1994,194,0,0.522221848817766,0.45796563721594097,1,late
1995,195,0,0.6015948378062131,0.42007772365359863,1,late
1996,196,0,0.44847510402004453,0.5084518600403618,1,late
1997,197,0,0.6434064392310217,0.40958022106823966,1,late
1998,198,0,0.3347232913685347,0.3512015037766151,1,late
1999,199,0,0.860868135036293,0.7174007109396846,1,late
2000,0,0,0.5003874585491918,0.7023079813957624,2,interleaved
2001,1,0,0.27488941605891437,0.7106621150367423,2,interleaved
2002,2,0,0.1994457338418293,0.6552889963335335,2,interleaved
2003,3,0,0.7106165885959072,0.5690210828449163,2,interleaved
2004,4,0,0.5457326907988387,0.5417435947435727,2,interleaved
2005,5,0,0.980841672665786,0.5532533834756521,2,interleaved
2006,6,0,0.5094920417763478,0.432696700326957,2,interleaved
2007,7,0,0.40066665156211567,0.42903825771213805,2,interleaved
2008,8,0,0.7129684404562617,0.4191486747328056,2,interleaved
2009,9,0,0.7694841327676871,0.4403496284796784,2,interleaved
2010,10,0,0.6009589814691545,0.44143443813899497,2,interleaved
2011,11,0,0.3445200285819409,0.7675543216781673,2,interleaved
2012,12,0,0.1733015836658524,0.5324863353398988,2,interleaved
2013,13,0,0.7471769065496068,0.4496021077105418,2,interleaved
2014,14,0,0.8499982421531139,0.47942742677827954,2,interleaved
2015,15,0,0.5291948199874699,0.4766427819654252,2,interleaved
2016,16,0,0.6152786760935636,0.3534639083889744,2,interleaved
2017,17,0,0.400178090684643,0.5598580895512654,2,interleaved
2018,18,0,0.17026442982019133,0.5954819489153061,2,interleaved
2019,19,0,0.2210706405821926,0.49817825935506477,2,interleaved
2020,20,0,0.5926654777907432,0.31166230270154915,2,interleaved
2021,21,0,0.5513923346550921,0.3818221173959643,2,interleaved
2022,22,0,0.3177673004981447,0.5727309235073962,2,interleaved
2023,23,0,0.8871504252473636,0.4703130838051393,2,interleaved
2024,24,0,0.5055410561735421,0.5264695217505874,2,interleaved
2025,25,0,0.5669502102915743,0.6408670751669256,2,interleaved
2026,26,0,0.5225333780776482,0.4598247520874778,2,interleaved
2027,27,0,0.8420463397123525,0.4474070840651354,2,interleaved
2028,28,0,0.6469361801449398,0.4416648376878043,2,interleaved
2029,29,0,0.6443423380298448,0.4341958579104235,2,interleaved
2030,30,0,0.5850981137736861,0.4102244758421118,2,interleaved
2031,31,0,0.2057327890545721,0.5412567457123402,2,interleaved
2032,32,0,0.13974899696305298,0.6953098893801478,2,interleaved
2033,33,0,0.6063635289027484,0.2734564099385711,2,interleaved
2034,34,0,0.09293264120231207,0.4220308831302196,2,interleaved
2035,35,0,0.6714721843305254,0.44128626119715153,2,interleaved
2036,36,0,0.6082431684649507,0.4040728130045974,2,interleaved
2037,37,0,0.641058048756935,0.6197876856697516,2,interleaved
2038,38,0,0.8314380062783239,0.4275578920652966,2,interleaved
2039,39,0,0.6041162602628158,0.44331070624660585,2,interleaved
2040,40,0,0.7456619710913219,0.4615061225248077,2,interleaved
2041,41,0,0.5274567134486742,0.48231174005795574,2,interleaved
2042,42,0,0.5961023750882817,0.4932086338801638,2,interleaved
2043,43,0,0.5567838514325132,0.5794430395162117,2,interleaved
2044,44,0,0.9453579155501448,0.42683235382391227,2,interleaved
2045,45,0,0.6024710892463543,0.5499704711933505,2,interleaved
2046,46,0,0.34738933334261846,0.32233540935034877,2,interleaved
2047,47,0,0.753634105194342,0.38428749389258166,2,interleaved
2048,48,0,0.5311460356487675,0.38924783688174824,2,interleaved
2049,49,0,0.6427318964024771,0.6284980539367047,2,interleaved
2050,50,0,0.5134114362315684,0.2910368952850404,2,interleaved
2051,51,0,0.1296635313060989,0.48520679065304023,2,interleaved
2052,52,0,0.20194997845869045,0.6325584017212224,2,interleaved
2053,53,0,0.5970911759745723,0.3404809569348147,2,interleaved
2054,54,0,0.35350414044885237,0.5335804230994143,2,interleaved
2055,55,0,0.20886031591969045,0.4946943859649141,2,interleaved
2056,56,0,0.6109428716687346,0.3519089187725762,2,interleaved
2057,57,0,0.4122523666214971,0.407441824982638,2,interleaved
2058,58,0,0.6168510018002641,0.4589792092732398,2,interleaved
2059,59,0,0.300683349791932,0.5972778848213887,2,interleaved
2060,60,0,0.6141544391269268,0.4627698311437786,2,interleaved
2061,61,0,0.9412187414953302,0.45907466452589063,2,interleaved
2062,62,0,0.4412378871922082,0.48119900183612496,2,interleaved
2063,63,0,0.314599889032044,0.3688927152171412,2,interleaved
2064,64,0,0.47336080474104475,0.5135004236730877,2,interleaved
2065,65,0,0.5934626479107569,0.44598058758320835,2,interleaved
2066,66,0,0.5520539052126692,0.3658441496464381,2,interleaved
2067,67,0,0.1287804373482257,0.41089750816271625,2,interleaved
2068,68,0,0.6566395691978715,0.3823462394987377,2,interleaved
2069,69,0,0.6789052123144232,0.41581853769705573,2,interleaved
2070,70,0,0.41089812786993835,0.37102696762666315,2,interleaved
2071,71,0,0.7719754780493963,0.4250946647420285,2,interleaved
2072,72,0,0.798853464165677,0.4240456740815153,2,interleaved
2073,73,0,0.8481110970516653,0.45042286397141684,2,interleaved
2074,74,0,0.09454773174198841,0.4797769955680147,2,interleaved
2075,75,0,0.4676156107948547,0.41307290891734416,2,interleaved
2076,76,0,0.43634124863857754,0.30505535565571334,2,interleaved
2077,77,0,0.5425399983600182,0.341269286610482,2,interleaved
2078,78,0,0.4395857352022193,0.4517626814297518,2,interleaved
2079,79,0,0.061893627800992584,0.6104687554036246,2,interleaved
2080,80,0,0.28222918672879854,0.2895192937652691,2,interleaved
2081,81,0,0.215374277662188,0.5698330140086534,2,interleaved
2082,82,0,0.2732806578039454,0.5237297092309323,2,interleaved
2083,83,0,0.5932904789969684,0.5075142947506028,2,interleaved
2084,84,0,0.3080487880102594,0.4141475004015702,2,interleaved
2085,85,0,0.6390049413772287,0.40958850655308277,2,interleaved
2086,86,0,0.34089423251739265,0.4621262542039787,2,interleaved
2087,87,0,0.4867543447115291,0.40890473083889856,2,interleaved
2088,88,0,0.6907290481565997,0.4195842635074504,2,interleaved
2089,89,0,0.24953428504371172,0.4149404231433708,2,interleaved
2090,90,0,0.13858426976287833,0.5674569769946969,2,interleaved
2091,91,0,0.23798283722743002,0.4013910119934107,2,interleaved
2092,92,0,0.3787316797569903,0.3564602554776245,2,interleaved
2093,93,0,0.4742159136906927,0.3995257970970818,2,interleaved
2094,94,0,0.6672384952126468,0.40353814886510875,2,interleaved
2095,95,0,0.8738989405460625,0.4200596363828145,2,interleaved
2096,96,0,0.39753590118713816,0.4447819162904815,2,interleaved
2097,97,0,0.7975916760001898,0.3816851126979174,2,interleaved
2098,98,0,0.5398864340815196,0.42045730032851836,2,interleaved
2099,99,0,0.5335654795320156,0.2930762496170001,2,interleaved
2100,100,0,0.4395225919403979,0.38800410308726063,2,interleaved
2101,101,0,0.728320039518989,0.3079865898525169,2,interleaved
2102,102,0,0.3130737224281539,0.4676418040108444,2,interleaved
2103,103,0,0.3289418522349648,0.438755892027803,2,interleaved
2104,104,0,0.5138024886857745,0.37989188523923967,2,interleaved
2105,105,0,0.2918454812772454,0.525730757598524,2,interleaved
2106,106,0,0.7971568986244555,0.3522879098694225,2,interleaved
2107,107,0,0.9388916336546794,0.4852400950869148,2,interleaved
2108,108,0,0.9158801490844259,0.4951780979666719,2,interleaved
2109,109,0,0.5315189483707183,0.5277380126608833,2,interleaved
2110,110,0,0.49765542117739137,0.3370814390007585,2,interleaved
2111,111,0,0.2798408454066915,0.5423330906474202,2,interleaved
2112,112,0,0.5491701229197501,0.33529155612777806,2,interleaved
2113,113,0,0.8019455670920794,0.44965932763483085,2,interleaved
2114,114,0,0.21700866040431435,0.41981952647788673,2,interleaved
2115,115,0,0.7440149138864495,0.5773896894098169,2,interleaved
2116,116,0,0.2519943388082427,0.4898573812394671,2,interleaved
2117,117,0,0.19490830526419375,0.3220652228372026,2,interleaved
2118,118,0,0.6243124105274,0.45785596921282457,2,interleaved
2119,119,0,0.812773699298102,0.5005779127883386,2,interleaved
2120,120,0,0.478681098067158,0.3309992992155031,2,interleaved
2121,121,0,0.4606284118046417,0.3828820405329977,2,interleaved
2122,122,0,0.8345054490017645,0.5047037062136264,2,interleaved
2123,123,0,0.8674070980482014,0.2868229859070527,2,interleaved
2124,124,0,0.827808801233157,0.47238536897664224,2,interleaved
2125,125,0,0.3308267909418382,0.3501422614099648,2,interleaved
2126,126,0,0.6697023751544056,0.4996212587196318,2,interleaved
2127,127,0,0.40524283476397527,0.5268559743803852,2,interleaved
2128,128,0,0.6934564470481572,0.3560827044160365,2,interleaved
2129,129,0,0.7106388966414773,0.3696960322287753,2,interleaved
2130,130,0,0.43981284105648066,0.3355085643629476,2,interleaved
2131,131,0,0.9135710120293979,0.35005190885648024,2,interleaved
2132,132,0,0.5341069673101616,0.5650919907097411,2,interleaved
2133,133,0,0.7656654117193378,0.49264977979003965,2,interleaved
2134,134,0,0.7925258275259772,0.4779343158091156,2,interleaved
2135,135,0,0.9774912020502671,0.3632793713274831,2,interleaved
2136,136,0,0.5680869297034009,0.32754822812000595,2,interleaved
2137,137,0,0.972198592311595,0.2672375170262751,2,interleaved
2138,138,0,0.4492042286843369,0.33123304879550763,2,interleaved
2139,139,0,0.6348551895835612,0.49915282788310733,2,interleaved
2140,140,0,0.26505776996082375,0.5007675656759931,2,interleaved
2141,141,0,0.1413311774989209,0.379437831420894,2,interleaved
2142,142,0,0.46744211125901824,0.4811190771192212,2,interleaved
2143,143,0,0.48419785756499567,0.4309054776390657,2,interleaved
2144,144,0,0.6000894646038087,0.5517193586240865,2,interleaved
2145,145,0,0.31076593548290055,0.37244307610226346,2,interleaved
2146,146,0,0.2552323654484729,0.3731933361162162,2,interleaved
2147,147,0,0.7325115369630486,0.3953604976770019,2,interleaved
2148,148,0,0.5449597098341018,0.2757277868753744,2,interleaved
2149,149,0,0.5646571157848204,0.38082858994255103,2,interleaved
2150,150,0,0.1492512301123533,0.514569575394671,2,interleaved
2151,151,0,0.34210271880812704,0.4380175971092398,2,interleaved
2152,152,0,0.36677665909479606,0.5624313959899985,2,interleaved
2153,153,0,0.41273519109268664,0.49683092475614976,2,interleaved
2154,154,0,0.9556412335561772,0.39763719914202306,2,interleaved
2155,155,0,0.23757153099194697,0.4832678073167759,2,interleaved
2156,156,0,0.3779886413619606,0.4030557859974942,2,interleaved
2157,157,0,0.13392413728588695,0.5077073522507342,2,interleaved
2158,158,0,0.46266328008716195,0.5285125676123223,2,interleaved
2159,159,0,0.11273952767643264,0.3393678153276719,2,interleaved
2160,160,0,0.45976934851984463,0.36820693411433175,2,interleaved
2161,161,0,0.6442712923050683,0.38618868759084013,2,interleaved
2162,162,0,0.7909003429521584,0.35584620647684234,2,interleaved
2163,163,0,0.6606586379696645,0.3793681783963826,2,interleaved
2164,164,0,0.295294041321487,0.3617324111404671,2,interleaved
2165,165,0,0.5847625962926131,0.32083744425930755,2,interleaved
2166,166,0,0.5041815592808851,0.36309140945122287,2,interleaved
2167,167,0,0.44977026518247204,0.3402630114674664,2,interleaved
2168,168,0,0.1999835290018725,0.4080849338752468,2,interleaved
2169,169,0,0.5436237721935271,0.36038566439033437,2,interleaved
2170,170,0,0.46608777614513125,0.35771923981645126,2,interleaved
2171,171,0,0.7131333047776843,0.37423466957624685,2,interleaved
2172,172,0,0.5569493393194731,0.4402171326234773,2,interleaved
2173,173,0,0.6899081474604788,0.26059086108451046,2,interleaved
2174,174,0,0.688723961634848,0.3786878276938058,2,interleaved
2175,175,0,0.7341769510360103,0.47591163648684776,2,interleaved
2176,176,0,0.39097163351183545,0.2975086375092595,2,interleaved
2177,177,0,0.8002447904461631,0.41584084949724753,2,interleaved
2178,178,0,0.42612867833726387,0.42020636601083683,2,interleaved
2179,179,0,0.4939145974667507,0.5244390831180952,2,interleaved
2180,180,0,0.23236636350647483,0.2692435877223184,2,interleaved
2181,181,0,0.5542405545757179,0.2628232019128743,2,interleaved
2182,182,0,0.3022605871886662,0.36478794007009885,2,interleaved
2183,183,0,0.38815464595617905,0.4284248528971971,2,interleaved
2184,184,0,0.9090556785173937,0.3344848348035647,2,interleaved
2185,185,0,0.9853009046447081,0.4358034152188762,2,interleaved
2186,186,0,0.5187760933183211,0.3646544166575161,2,interleaved
2187,187,0,0.7866450256241235,0.39130850405688977,2,interleaved
2188,188,0,0.6806070229707352,0.5281418439370812,2,interleaved
2189,189,0,0.4824417152224527,0.6017971973487619,2,interleaved
2190,190,0,0.4546493113339922,0.4764194453033924,2,interleaved
2191,191,0,0.910834024402545,0.32958104194242654,2,interleaved
2192,192,0,0.15412926079686376,0.47475690319292496,2,interleaved
2193,193,0,0.43894274104994147,0.3081344340709313,2,interleaved
2194,194,0,0.47530495780265614,0.3522288459831042,2,interleaved
2195,195,0,0.6129672752114006,0.3437233187593676,2,interleaved
2196,196,0,0.52864742099797,0.49413752237633934,2,interleaved
2197,197,0,0.6157638127436269,0.3589537138655708,2,interleaved
2198,198,0,0.4233746566124914,0.2860232889459612,2,interleaved
2199,199,0,0.4480508911326933,0.32016786359137117,2,interleaved
2200,0,0,0.8119887177891773,0.5573199659963242,2,blocked
2201,1,0,0.9225519198938474,0.5240177368225495,2,blocked
2202,2,0,0.4002620275627263,0.685160842847794,2,blocked
2203,3,0,0.4095404033827128,0.502665427753192,2,blocked
2204,4,0,0.6754132378122962,0.4566359888709918,2,blocked
2205,5,0,0.29399859626518565,0.7188499288302636,2,blocked
2206,6,0,0.5611676204721382,0.4828351828850187,2,blocked
2207,7,0,0.5313860157512347,0.4227256098316589,2,blocked
2208,8,0,0.5334915709748326,0.29991274306389637,2,blocked
2209,9,0,0.5147737506922871,0.5892076431999466,2,blocked
2210,10,0,0.16085658024399252,0.788008172963807,2,blocked
2211,11,0,0.8607325086190473,0.5125659626634245,2,blocked
2212,12,0,0.9409239784387569,0.5506820492854397,2,blocked
2213,13,0,0.45042850748772795,0.41529088114386814,2,blocked
2214,14,0,0.8668771072129713,0.4110237211443343,2,blocked
2215,15,0,0.7445733391731278,0.5453582931665646,2,blocked
2216,16,0,0.816523582870739,0.46110068641222035,2,blocked
2217,17,0,0.6738514192061931,0.6232020935681251,2,blocked
2218,18,0,0.05681456738420405,0.7324291993605365,2,blocked
2219,19,0,0.9450105044946362,0.46122865957491843,2,blocked
2220,20,0,0.4009202589729733,0.6407075286583641,2,blocked
2221,21,0,0.3251224320759373,0.6329076764123401,2,blocked
2222,22,0,0.7778474402894928,0.6731522153500102,2,blocked
2223,23,0,0.051582182910422485,0.651917415107268,2,blocked
2224,24,0,0.585990505954656,0.5786541410809973,2,blocked
2225,25,0,0.38695991018310183,0.49050484102897135,2,blocked
2226,26,0,0.5227657118950646,0.48061953878899893,2,blocked
2227,27,0,0.49941375118522335,0.4242867754066338,2,blocked
2228,28,0,0.9024547106504271,0.505166421415206,2,blocked
2229,29,0,0.4431313928976993,0.5525678452596798,2,blocked
2230,30,0,0.4771699184851091,0.6058537965425382,2,blocked
2231,31,0,0.4081960478836331,0.565506195229043,2,blocked
2232,32,0,0.7174731716012608,0.43813954395556154,2,blocked
2233,33,0,0.5380757939623102,0.5411040598077652,2,blocked
2234,34,0,0.5301284053908072,0.47213010233204944,2,blocked
2235,35,0,0.8661759278985867,0.5085270847555179,2,blocked
2236,36,0,0.36310763479715397,0.744080701031675,2,blocked
2237,37,0,0.48832019534611565,0.45517742962418806,2,blocked
2238,38,0,0.8597204073183587,0.4544160944335006,2,blocked
2239,39,0,0.8495519672333588,0.4028775019212968,2,blocked
2240,40,0,0.5623364943812835,0.4273512252789854,2,blocked
2241,41,0,0.5535794683168189,0.5775612880752572,2,blocked
2242,42,0,0.8628814165383212,0.4314139765897726,2,blocked
2243,43,0,0.22022452912980067,0.6594188492486266,2,blocked
2244,44,0,0.1048525139143816,0.6096123382415515,2,blocked
2245,45,0,0.7557479284193989,0.5514845692880634,2,blocked
2246,46,0,0.8978017365311594,0.5048145621942224,2,blocked
2247,47,0,0.21024607683833593,0.6284648219331224,2,blocked
2248,48,0,0.2869601650764059,0.7039753152248229,2,blocked
2249,49,0,0.4780773314363003,0.5774430124018768,2,blocked
2250,50,0,0.4246288586230369,0.6246983467308486,2,blocked
2251,51,0,0.16177153517482068,0.4309578620331628,2,blocked
2252,52,0,0.6282584016284685,0.6212553943914458,2,blocked
2253,53,0,0.41943555209757244,0.5359870365254664,2,blocked
2254,54,0,0.9356300754970601,0.4268438507803699,2,blocked
2255,55,0,0.22787039902549516,0.5097985778974796,2,blocked
2256,56,0,0.19035854560201915,0.5627440412078266,2,blocked
2257,57,0,0.3929095989159842,0.5163942862345187,2,blocked
2258,58,0,0.3628137210006165,0.4910312944946159,2,blocked
2259,59,0,0.9330378252721383,0.46654760403757006,2,blocked
2260,60,0,0.9737712162073521,0.3673622376049862,2,blocked
2261,61,0,0.9846718590229733,0.4082575044972612,2,blocked
2262,62,0,0.9845321727331401,0.4265997728795359,2,blocked
2263,63,0,0.4677850169440803,0.5194210478639137,2,blocked
2264,64,0,0.5258378417187697,0.5538189732111674,2,blocked
2265,65,0,0.5023959345148997,0.6647993024635703,2,blocked
2266,66,0,0.6250841637569408,0.4939598204891425,2,blocked
2267,67,0,0.8758865692231784,0.46263806487816306,2,blocked
2268,68,0,0.6810442649074964,0.3793227568865655,2,blocked
2269,69,0,0.42643710635222276,0.5407505305897954,2,blocked
2270,70,0,0.9002779644028593,0.3797134378945175,2,blocked
2271,71,0,0.4703739118115514,0.5539008219627413,2,blocked
2272,72,0,0.7536408399573848,0.5035699245393943,2,blocked
2273,73,0,0.5807612775533246,0.5019046050716605,2,blocked
2274,74,0,0.580713871592792,0.5553103383656601,2,blocked
2275,75,0,0.5862262747522612,0.42808219608164066,2,blocked
2276,76,0,0.9278747868264745,0.3979006070541299,2,blocked
2277,77,0,0.5580719435034235,0.5048224610355714,2,blocked
2278,78,0,0.82048202945626,0.5043188831414231,2,blocked
2279,79,0,0.4984260329432216,0.48673769165747566,2,blocked
2280,80,0,0.29117110906111404,0.5319375130557238,2,blocked
2281,81,0,0.3418415953609587,0.41819134766030985,2,blocked
2282,82,0,0.011004714861397702,0.6082461835905779,2,blocked
2283,83,0,0.14154223610988934,0.48328890571502925,2,blocked
2284,84,0,0.06583947462847303,0.6619369706983771,2,blocked
2285,85,0,0.6374286564419838,0.49082436551830133,2,blocked
2286,86,0,0.7129947388937047,0.5491142837086189,2,blocked
2287,87,0,0.9896307775079853,0.41962589036369696,2,blocked
2288,88,0,0.17772395741041724,0.6230729522234844,2,blocked
2289,89,0,0.5869560964007474,0.41157093240357534,2,blocked
2290,90,0,0.16160764142950276,0.5466372368885011,2,blocked
2291,91,0,0.22392406408827054,0.4106048288141332,2,blocked
2292,92,0,0.10141748376784511,0.3754153015890461,2,blocked
2293,93,0,0.7109905973516315,0.4770865483222897,2,blocked
2294,94,0,0.8248845502891978,0.603854743640307,2,blocked
2295,95,0,0.021944386028781127,0.5175796740879428,2,blocked
2296,96,0,0.909663897736442,0.49508579187193413,2,blocked
2297,97,0,0.5681765766330469,0.6111770681541091,2,blocked
2298,98,0,0.152443273204066,0.6126873251396363,2,blocked
2299,99,0,0.2653381260958573,0.5465871855445064,2,blocked
2300,100,0,0.6543644531314994,0.46227027918765506,2,blocked
2301,101,0,0.6754139500885202,0.6057071447819482,2,blocked
2302,102,0,0.33123480848934156,0.5337401790029369,2,blocked
2303,103,0,0.7843939540194553,0.29713065762237356,2,blocked
2304,104,0,0.9859590017629329,0.4133393236027304,2,blocked
2305,105,0,0.0527449772829548,0.6743977561935554,2,blocked
2306,106,0,0.7747666120469197,0.392796265770867,2,blocked
2307,107,0,0.0767646635453545,0.6239232607093792,2,blocked
2308,108,0,0.512375963564579,0.38617401136743984,2,blocked
2309,109,0,0.49115348813320014,0.47465858265351624,2,blocked
2310,110,0,0.6513967954823612,0.4419505129753799,2,blocked
2311,111,0,0.27109798139868335,0.7292763233238927,2,blocked
2312,112,0,0.6351021473520915,0.5045483777076256,2,blocked
2313,113,0,0.9644064407452372,0.3828543784023938,2,blocked
2314,114,0,0.9610286144496083,0.5225446156137374,2,blocked
2315,115,0,0.7316531633481314,0.4844770976995142,2,blocked
2316,116,0,0.17602093591764198,0.588940484882339,2,blocked
2317,117,0,0.16163875756376686,0.5655248325693479,2,blocked
2318,118,0,0.7295522759865805,0.42334280688094406,2,blocked
2319,119,0,0.8851250550809405,0.3123929481720711,2,blocked
2320,120,0,0.5208585415283321,0.5550023916066822,2,blocked
2321,121,0,0.8442071838960514,0.47212850455244726,2,blocked
2322,122,0,0.0804511591868577,0.5301756066615622,2,blocked
2323,123,0,0.8654711205290315,0.3002998944062036,2,blocked
2324,124,0,0.3656754630110748,0.5705379287490774,2,blocked
2325,125,0,0.6083946498925281,0.5482801529814165,2,blocked
2326,126,0,0.7394881850262289,0.41133688698688275,2,blocked
2327,127,0,0.4556004117468345,0.4622311717759077,2,blocked
2328,128,0,0.6939700266416753,0.3838420671279187,2,blocked
2329,129,0,0.5838065021680117,0.5589226639169624,2,blocked
2330,130,0,0.9240917226455307,0.45963547778954894,2,blocked
2331,131,0,0.9325198734572862,0.290780888443461,2,blocked
2332,132,0,0.11308220848502719,0.5808616162323585,2,blocked
2333,133,0,0.30530265233737297,0.503622365243204,2,blocked
2334,134,0,0.4408253763782309,0.6145511618164041,2,blocked
2335,135,0,0.8113920753833626,0.4372646845733159,2,blocked
2336,136,0,0.7672487624191535,0.38086372690995896,2,blocked
2337,137,0,0.7556550509797307,0.3228065783022047,2,blocked
2338,138,0,0.8439183833271693,0.27528783301586546,2,blocked
2339,139,0,0.9179996119270305,0.4485142890167203,2,blocked
2340,140,0,0.9095904931707338,0.31981367066208427,2,blocked
2341,141,0,0.49816615947629417,0.44277011386249876,2,blocked
2342,142,0,0.6112933076276683,0.421781606571834,2,blocked
2343,143,0,0.8413073276393893,0.4234496418089706,2,blocked
2344,144,0,0.961784985999545,0.421039582736647,2,blocked
2345,145,0,0.7006117553356405,0.6082972276034921,2,blocked
2346,146,0,0.5297438772655887,0.5630668267010994,2,blocked
2347,147,0,0.8715632005620062,0.29832294392999614,2,blocked
2348,148,0,0.9274862703498294,0.44051663852843903,2,blocked
2349,149,0,0.9472031177244566,0.33427163591155784,2,blocked
2350,150,0,0.9476677761710088,0.46888483589586705,2,blocked
2351,151,0,0.38420219512759807,0.5062239340938548,2,blocked
2352,152,0,0.50780337925609,0.43648122041634974,2,blocked
2353,153,0,0.9145126025539483,0.48674624884392526,2,blocked
2354,154,0,0.8930161286685094,0.278963202078489,2,blocked
2355,155,0,0.7088262710405024,0.40880321628647287,2,blocked
2356,156,0,0.39657581707732414,0.5953172504547481,2,blocked
2357,157,0,0.8873718503455963,0.42243987072635925,2,blocked
2358,158,0,0.9890556327383817,0.3580080826945789,2,blocked
2359,159,0,0.3685324200723594,0.4867035744489721,2,blocked
2360,160,0,0.9624580885738684,0.45458718533634007,2,blocked
2361,161,0,0.42310553528453015,0.5997978962916845,2,blocked
2362,162,0,0.9058275273682126,0.3149271505552763,2,blocked
2363,163,0,0.9512481680847039,0.47995428338242424,2,blocked
2364,164,0,0.4577500016646652,0.5682575309454914,2,blocked
2365,165,0,0.8921054081186663,0.3743172202196088,2,blocked
2366,166,0,0.25502694179685187,0.47664149544561196,2,blocked
2367,167,0,0.9673536682261685,0.3870952435135935,2,blocked
2368,168,0,0.7453361927620916,0.34754286729171463,2,blocked
2369,169,0,0.08691078875308686,0.48044864984689967,2,blocked
2370,170,0,0.9799742849584165,0.4212218288864796,2,blocked
2371,171,0,0.8498634837894906,0.44694695319697153,2,blocked
2372,172,0,0.8791700343466253,0.7005328977316359,2,blocked
2373,173,0,0.35365788954667,0.5746486814289218,2,blocked
2374,174,0,0.605117951384915,0.5049638163663102,2,blocked
2375,175,0,0.13863124633601318,0.5347381128291967,2,blocked
2376,176,0,0.8089897863496563,0.438156520274661,2,blocked
2377,177,0,0.503965775473616,0.440780415775644,2,blocked
2378,178,0,0.927542370374425,0.2799386588530589,2,blocked
2379,179,0,0.5916812934558779,0.48433841614831413,2,blocked
2380,180,0,0.9363964717001261,0.39229378072968557,2,blocked
2381,181,0,0.622723539932917,0.5111175824517131,2,blocked
2382,182,0,0.37259028044106013,0.4811479174506289,2,blocked
2383,183,0,0.8039778570226941,0.3652406796232066,2,blocked
2384,184,0,0.936541775822116,0.3175179040511844,2,blocked
2385,185,0,0.7444830756750307,0.42654153283541363,2,blocked
2386,186,0,0.8063074713451952,0.4989790935663111,2,blocked
2387,187,0,0.49946757460452407,0.43938073490472923,2,blocked
2388,188,0,0.5468125147054401,0.29397052135033064,2,blocked
2389,189,0,0.458401586852838,0.3786354214601395,2,blocked
2390,190,0,0.7231389978922282,0.523663990483592,2,blocked
2391,191,0,0.842347603217025,0.5653371598761645,2,blocked
2392,192,0,0.9404325064411256,0.585049895753307,2,blocked
2393,193,0,0.051004730274200896,0.5299561174056271,2,blocked
2394,194,0,0.9050780841382825,0.30603027747297007,2,blocked
2395,195,0,0.6447364891418175,0.587173415052009,2,blocked
2396,196,0,0.3289901285818371,0.6027931141020628,2,blocked
2397,197,0,0.5659485449356114,0.41224874183745575,2,blocked
2398,198,0,0.5542801565577246,0.37190768227977544,2,blocked
2399,199,0,0.5092147890743203,0.5156955988304704,2,blocked
2400,0,0,0.40208555516348055,1.044528633444139,2,early
2401,1,0,0.6737004135232737,0.6352073242301755,2,early
2402,2,0,0.294250660594944,0.6994662427086672,2,early
2403,3,0,0.4405127675581485,0.6272577708960276,2,early
2404,4,0,0.8594247695177248,0.5799786879437296,2,early
2405,5,0,0.7771557531630462,0.4110122822520845,2,early
2406,6,0,0.591320245603285,0.5123466073773137,2,early
2407,7,0,0.15991101942916408,0.7073825242148015,2,early
2408,8,0,0.47767410777223307,0.5813275867321945,2,early
2409,9,0,0.6651573991141516,0.5004460500812984,2,early
2410,10,0,0.19324023242364335,0.5254857675497796,2,early
2411,11,0,0.4086688276416365,0.5701620586283827,2,early
2412,12,0,0.5154648558342384,0.49668868521197834,2,early
2413,13,0,0.6259902581127996,0.5891823062255829,2,early
2414,14,0,0.8875851309762368,0.4244469100674582,2,early
2415,15,0,0.2105073274835212,0.7117701557956342,2,early
2416,16,0,0.6742109705584585,0.40230248012335473,2,early
2417,17,0,0.5324860376263889,0.6002918722173415,2,early
2418,18,0,0.5301215082226818,0.498893751889802,2,early
2419,19,0,0.5242756717093005,0.6072724486573575,2,early
2420,20,0,0.5099798866458646,0.5969228877218515,2,early
2421,21,0,0.9080541067494937,0.3737371799443856,2,early
2422,22,0,0.7357893604730199,0.49527714301942,2,early
2423,23,0,0.37848383625019094,0.4951333437545121,2,early
2424,24,0,0.8796110853605543,0.41106454649937696,2,early
2425,25,0,0.3990833835428739,0.5203807984954831,2,early
2426,26,0,0.8142323620419691,0.6607960840801641,2,early
2427,27,0,0.6870226399681881,0.49951509643935565,2,early
2428,28,0,0.9403053135617401,0.3796763229012003,2,early
2429,29,0,0.9268537708110594,0.4137171073597359,2,early
2430,30,0,0.6307634244300802,0.5641418240115286,2,early
2431,31,0,0.6233421029396793,0.6098550223833872,2,early
2432,32,0,0.45804845202912325,0.5938255677970851,2,early
2433,33,0,0.7288278645595763,0.4542351956799266,2,early
2434,34,0,0.7147801386991333,0.7098146280561155,2,early
2435,35,0,0.8592008426849722,0.38598510422256044,2,early
2436,36,0,0.793259493325404,0.43564069580929116,2,early
2437,37,0,0.7428774856492371,0.4336075304240331,2,early
2438,38,0,0.36123845891244655,0.5080373706805001,2,early
2439,39,0,0.7175208259020143,0.41282151060114985,2,early
2440,40,0,0.08935260360973166,0.7868635928087174,2,early
2441,41,0,0.008006941205690449,0.4525187096000345,2,early
2442,42,0,0.03370395214025969,0.6704169131470443,2,early
2443,43,0,0.10676128957883108,0.63076565207057,2,early
2444,44,0,0.18956902350306126,0.583478175560427,2,early
2445,45,0,0.6479090760442836,0.5336968646401401,2,early
2446,46,0,0.8241844914894958,0.47909502980612584,2,early
2447,47,0,0.9639420390479105,0.27162405753470775,2,early
2448,48,0,0.031687053017455974,0.8151361914652634,2,early
2449,49,0,0.5583655706189561,0.6233135703124275,2,early
2450,50,0,0.4963804982391645,0.6478118290017197,2,early
2451,51,0,0.9299287078963089,0.5073475009964648,2,early
2452,52,0,0.6661882716698775,0.33513831323423837,2,early
2453,53,0,0.22858999679863012,0.6651707158812344,2,early
2454,54,0,0.4519363656548415,0.415386680011132,2,early
2455,55,0,0.7585371288564231,0.5395918607355988,2,early
2456,56,0,0.9489680611814886,0.48308483469947755,2,early
2457,57,0,0.16643370870059954,0.6506026138426624,2,early
2458,58,0,0.28165759631654497,0.42436973550515145,2,early
2459,59,0,0.5203660506097662,0.4252793184626476,2,early
2460,60,0,0.2665409028590475,0.5863986356213784,2,early
2461,61,0,0.1981047882053035,0.5861508775437436,2,early
2462,62,0,0.8167043908910141,0.524465884455601,2,early
2463,63,0,0.07050221577006974,0.7376648340190817,2,early
2464,64,0,0.5917123937704327,0.39979737572514884,2,early
2465,65,0,0.6059625861307464,0.5371142053283937,2,early
2466,66,0,0.4327004575242078,0.49374888423520213,2,early
2467,67,0,0.9318831730429011,0.36958298777795234,2,early
2468,68,0,0.2129362522419685,0.6033284875158453,2,early
2469,69,0,0.5368845446581505,0.5053449111687076,2,early
2470,70,0,0.4832275774284388,0.4551693075895785,2,early
2471,71,0,0.5164554819421454,0.457079244244425,2,early
2472,72,0,0.8222033237778917,0.372474085192936,2,early
2473,73,0,0.7424423444041972,0.41929546922801275,2,early
2474,74,0,0.7889717862411881,0.5328677488789582,2,early
2475,75,0,0.9941640895707913,0.40259156645669447,2,early
2476,76,0,0.8538124529836091,0.3933700362833811,2,early
2477,77,0,0.9946929476979272,0.2785854482511426,2,early
2478,78,0,0.9221561309029582,0.29330339252207055,2,early
2479,79,0,0.9215311794379406,0.4614195727843706,2,early
2480,80,0,0.6556253842941516,0.634644959039558,2,early
2481,81,0,0.9594709336758043,0.5889550034834421,2,early
2482,82,0,0.43198943908071463,0.6360256194203613,2,early
2483,83,0,0.9399651359044516,0.36182070169869357,2,early
2484,84,0,0.29239335081510787,0.6509382801737902,2,early
2485,85,0,0.7061118290981798,0.44235824856868566,2,early
2486,86,0,0.5506456250472239,0.6709300459115455,2,early
2487,87,0,0.877970765637725,0.47964707053962696,2,early
2488,88,0,0.5087518181594377,0.4936211988373313,2,early
2489,89,0,0.6440020918761561,0.4604931487978829,2,early
2490,90,0,0.5445699548450874,0.526665849187497,2,early
2491,91,0,0.8533500939697302,0.42985047788157793,2,early
2492,92,0,0.5543367707540297,0.5057499758977486,2,early
2493,93,0,0.2886329334279865,0.6391956039501484,2,early
2494,94,0,0.7142652013121709,0.4256083110031719,2,early
2495,95,0,0.6928278004154913,0.49386148972920474,2,early
2496,96,0,0.6781835359443186,0.513288308574251,2,early
2497,97,0,0.9550261498166677,0.510097698942437,2,early
2498,98,0,0.46450023171794375,0.5923323973246737,2,early
2499,99,0,0.6875747169343309,0.4338861577544416,2,early
2500,100,0,0.6368460451357351,0.47400451830728374,2,early
2501,101,0,0.3049198163375984,0.4916372459861422,2,early
2502,102,0,0.6357909730699811,0.40511681422231693,2,early
2503,103,0,0.5827887190770531,0.5175794676444513,2,early
2504,104,0,0.6669285235093791,0.43191980615284553,2,early
2505,105,0,0.029527843674718054,0.5943747929298207,2,early
2506,106,0,0.7856072348118994,0.39564727220450613,2,early
2507,107,0,0.3392249757060114,0.4355725428695938,2,early
2508,108,0,0.5957012805901913,0.5196937308253871,2,early
2509,109,0,0.6650385845796108,0.4911481933168852,2,early
2510,110,0,0.44982555470872276,0.4709596577104095,2,early
2511,111,0,0.7486786455610255,0.3177544133785643,2,early
2512,112,0,0.7447781377961689,0.37343576749107127,2,early
2513,113,0,0.43992061284330014,0.5537706559025564,2,early
2514,114,0,0.3646589666649894,0.494730867767149,2,early
2515,115,0,0.4907117528776376,0.4932733181934845,2,early
2516,116,0,0.8273337520551794,0.3849675976909667,2,early
2517,117,0,0.11461707665463176,0.5132218764335583,2,early
2518,118,0,0.7821895687793137,0.3702734394716404,2,early
2519,119,0,0.600426537780763,0.5090095513145725,2,early
2520,120,0,0.4586204903854238,0.4671276108745336,2,early
2521,121,0,0.8256831862827604,0.4589007322635633,2,early
2522,122,0,0.7177636310704522,0.47391143247345013,2,early
2523,123,0,0.9260402053783789,0.47402405963704275,2,early
2524,124,0,0.7065345279629341,0.4569545092432955,2,early
2525,125,0,0.8987655039319367,0.4243065745827517,2,early
2526,126,0,0.38330647302829246,0.42729797562085314,2,early
2527,127,0,0.3368343606898828,0.5685021079453197,2,early
2528,128,0,0.5977629034411613,0.37972899775523744,2,early
2529,129,0,0.64201114340835,0.37856993606319034,2,early
2530,130,0,0.5503577111466373,0.4308419767573555,2,early
2531,131,0,0.8399551682479054,0.4035371655160178,2,early
2532,132,0,0.7364423624078777,0.40990361855564783,2,early
2533,133,0,0.9713546348734785,0.5673555159015758,2,early
2534,134,0,0.11201184624240947,0.41312094232789,2,early
2535,135,0,0.48503694197945857,0.43802115392456387,2,early
2536,136,0,0.8588342484676166,0.3605132307474846,2,early
2537,137,0,0.43446237429022777,0.5230637865484633,2,early
2538,138,0,0.26620817020361814,0.4279930614068184,2,early
2539,139,0,0.45199151005997307,0.5966718449714479,2,early
2540,140,0,0.4911123837020756,0.4774239673573508,2,early
2541,141,0,0.12553543585820143,0.48953003480447455,2,early
2542,142,0,0.19277717010677126,0.5461038522639086,2,early
2543,143,0,0.35053399514189887,0.4468349651108983,2,early
2544,144,0,0.08508068117362218,0.6750343333543618,2,early
2545,145,0,0.6552391657931607,0.4869847447405215,2,early
2546,146,0,0.7064952304967516,0.3931425963055407,2,early
2547,147,0,0.23288311785760007,0.5967087897499607,2,early
2548,148,0,0.8587953881053556,0.38073963484647994,2,early
2549,149,0,0.02306808821556691,0.639797043885324,2,early
2550,150,0,0.5279495394461824,0.5303074661769566,2,early
2551,151,0,0.5001405746658206,0.36264699500373315,2,early
2552,152,0,0.3592570169092798,0.3891211048072635,2,early
2553,153,0,0.45200625565121355,0.3524058570156437,2,early
2554,154,0,0.6205653219214136,0.43373989228430637,2,early
2555,155,0,0.6061155596241489,0.4077407358668842,2,early
2556,156,0,0.7258507567453556,0.46613083775971764,2,early
2557,157,0,0.7254909532605657,0.6111661634433512,2,early
2558,158,0,0.5067286369114611,0.6561782056846116,2,early
2559,159,0,0.6453000737043043,0.5141659691896601,2,early
2560,160,0,0.5938058408354332,0.54872128100016,2,early
2561,161,0,0.6776245325404657,0.48939807111149103,2,early
2562,162,0,0.5945300708842591,0.35361939446556473,2,early
2563,163,0,0.8540151775631495,0.3763424277831484,2,early
2564,164,0,0.8887902260419587,0.3104048677067184,2,early
2565,165,0,0.56026507302799,0.4530558137239146,2,early
2566,166,0,0.139285163664375,0.43068385694285294,2,early
2567,167,0,0.4514751253585553,0.4602486031988793,2,early
2568,168,0,0.44376609996284844,0.9432341877213346,2,early
2569,169,0,0.6191371247045809,0.366616234777998,2,early
2570,170,0,0.4164375255364361,0.5769107866660749,2,early
2571,171,0,0.5210139355842545,0.4606329835339036,2,early
2572,172,0,0.5720397573024525,0.41438512380091364,2,early
2573,173,0,0.606509438572703,0.4171472198506714,2,early
2574,174,0,0.5972733777477988,0.43680906537223496,2,early
2575,175,0,0.7225834017215722,0.5113340500356943,2,early
2576,176,0,0.6851041584256785,0.5402650165945784,2,early
2577,177,0,0.5321344903469485,0.5531236483487014,2,early
2578,178,0,0.37188224830119626,0.47397101878046954,2,early
2579,179,0,0.8692668381854594,0.44783822742629686,2,early
2580,180,0,0.31704386226541187,0.6026503303852818,2,early
2581,181,0,0.40752916794789007,0.4777821477139964,2,early
2582,182,0,0.8410059470118659,0.5171941136915528,2,early
2583,183,0,0.9574495428191208,0.465962131941667,2,early
2584,184,0,0.9436968484519195,0.35701678203181586,2,early
2585,185,0,0.7860776991916582,0.3634726506016241,2,early
2586,186,0,0.37242643081601556,0.6231382252271289,2,early
2587,187,0,0.5686723547877541,0.37942387004803363,2,early
2588,188,0,0.1707303947067758,0.67402374820281,2,early
2589,189,0,0.3604780697804776,0.435770258486335,2,early
2590,190,0,0.7243084691332682,0.5260542246330482,2,early
2591,191,0,0.4803760816651314,0.530018762700371,2,early
2592,192,0,0.23280104619235334,0.430731179111684,2,early
2593,193,0,0.5530060988461111,0.5298158973575589,2,early
2594,194,0,0.6892881045472672,0.34789014944662183,2,early
2595,195,0,0.6196349234873244,0.515979192306137,2,early
2596,196,0,0.5179534099761746,0.493492860859857,2,early
2597,197,0,0.7896106492714017,0.41602911066434956,2,early
2598,198,0,0.5359339856380423,0.4899478902619339,2,early
2599,199,0,0.633457367986912,0.40072407528613124,2,early
2600,0,0,0.16938244840281264,0.7938935741168959,2,middle
2601,1,0,0.22061370816480427,0.5233364265197713,2,middle
2602,2,0,0.4825610295342112,0.5784346997950915,2,middle
2603,3,0,0.1986180995707308,0.6231055335167353,2,middle
2604,4,0,0.4332243923390512,0.6390794515309333,2,middle
2605,5,0,0.7812353919826207,0.3817653435378659,2,middle
2606,6,0,0.3129171339323909,0.5533866233082082,2,middle
2607,7,0,0.3006400279895351,0.48675220466536173,2,middle
2608,8,0,0.7380418726181075,0.47039630879724936,2,middle
2609,9,0,0.5389419557593826,0.42872713412165975,2,middle
2610,10,0,0.25613105650985285,0.5556358750471999,2,middle
2611,11,0,0.46355872467884146,0.5001042630918662,2,middle
2612,12,0,0.4920244335588772,0.4862730149589559,2,middle
2613,13,0,0.7211500566488641,0.45380284232256307,2,middle
2614,14,0,0.7778850171344915,0.39691236052670203,2,middle
2615,15,0,0.55085669449066,0.6265464153964777,2,middle
2616,16,0,0.7684463320927557,0.7103087460930164,2,middle
2617,17,0,0.5125208707444459,0.5474183653562766,2,middle
2618,18,0,0.31087851266141425,0.5050369815552022,2,middle
2619,19,0,0.5017748723120182,0.43466759962151946,2,middle
2620,20,0,0.6983522979099466,0.4609663540515258,2,middle
2621,21,0,0.6607806650332863,0.40689176295376583,2,middle
2622,22,0,0.21065900024381035,0.44458486714408957,2,middle
2623,23,0,0.46831765888956234,0.4280318256855812,2,middle
2624,24,0,0.8260104344805294,0.4418051255840158,2,middle
2625,25,0,0.5460071961355712,0.5003336486212997,2,middle
2626,26,0,0.332985566100708,0.4948146287803855,2,middle
2627,27,0,0.5112624237753675,0.814923215973355,2,middle
2628,28,0,0.6339882855706563,0.40290769277378125,2,middle
2629,29,0,0.4408076562558421,0.4526042972749744,2,middle
2630,30,0,0.4871992939916978,0.3805544379962036,2,middle
2631,31,0,0.36958015635686103,0.5286701553095161,2,middle
2632,32,0,0.6146891088656212,0.35015300674202465,2,middle
2633,33,0,0.5859551465445991,0.4777146402413506,2,middle
2634,34,0,0.4338855611424318,0.4249920209898132,2,middle
2635,35,0,0.15407204376727926,0.42272951011355664,2,middle
2636,36,0,0.46801006684850344,0.4928075276451833,2,middle
2637,37,0,0.41279503738772405,0.33938525717556006,2,middle
2638,38,0,0.8348776172910974,0.44776774347416387,2,middle
2639,39,0,0.48295643310526404,0.5581484419536454,2,middle
2640,40,0,0.8508084360385114,0.5134357734310059,2,middle
2641,41,0,0.5965745054343048,0.5667302434035335,2,middle
2642,42,0,0.564750226637587,0.7023932884691118,2,middle
2643,43,0,0.6206224648324438,0.4707993647011288,2,middle
2644,44,0,0.8671772212047806,0.49810248336808544,2,middle
2645,45,0,0.5250059815585303,0.6254437666079875,2,middle
2646,46,0,0.7628627566243404,0.4549470809941156,2,middle
2647,47,0,0.8747932147310518,0.4903021910446954,2,middle
2648,48,0,0.6124320485726409,0.4396397819490596,2,middle
2649,49,0,0.7660076034697239,0.4563196001945794,2,middle
2650,50,0,0.8289519720173257,0.46367878431480536,2,middle
2651,51,0,0.885780729529487,0.43493181650120893,2,middle
2652,52,0,0.7714897432472367,0.541931611140078,2,middle
2653,53,0,0.8190342680910667,0.4702443269362865,2,middle
2654,54,0,0.3292391538477148,0.496592303683079,2,middle
2655,55,0,0.49275700045949633,0.5318748810367496,2,middle
2656,56,0,0.7846300455910454,0.42940395374678564,2,middle
2657,57,0,0.6813464112873906,0.36202335056058865,2,middle
2658,58,0,0.5864134564977094,0.31687537054274806,2,middle
2659,59,0,0.6098732578191501,0.3486516689131237,2,middle
2660,60,0,0.6861125924037569,0.4357996433380107,2,middle
2661,61,0,0.6381498056804957,0.33011576360856126,2,middle
2662,62,0,0.5331205702995769,0.42050394685079845,2,middle
2663,63,0,0.932273407646266,0.36874001635665754,2,middle
2664,64,0,0.9701582141099572,0.601315633268581,2,middle
2665,65,0,0.6538020937391511,0.3840766935018948,2,middle
2666,66,0,0.6755670168480555,0.48514371530128364,2,middle
2667,67,0,0.6632527425925716,0.38154163545467357,2,middle
2668,68,0,0.7109401566935133,0.3406854026642454,2,middle
2669,69,0,0.8019006585126223,0.3924117530965799,2,middle
2670,70,0,0.8025316344453928,0.4611632382383737,2,middle
2671,71,0,0.5397189375002392,0.45612354804961774,2,middle
2672,72,0,0.5318193045505739,0.6302563337266971,2,middle
2673,73,0,0.6362259068046471,0.398607760295899,2,middle
2674,74,0,0.5246861349575181,0.3583253871034726,2,middle
2675,75,0,0.4536508166162817,0.43756398405502744,2,middle
2676,76,0,0.8212191452597345,0.54105239122177,2,middle
2677,77,0,0.8494066266641378,0.4498424079891975,2,middle
2678,78,0,0.518357622123877,0.48677072806839616,2,middle
2679,79,0,0.5211600026199195,0.6017382688783198,2,middle
2680,80,0,0.33968778163550006,0.4662323220897193,2,middle
2681,81,0,0.572909833831685,0.40365350141097867,2,middle
2682,82,0,0.712756443410275,0.42300221527961995,2,middle
2683,83,0,0.7966208857732643,0.4235220345323826,2,middle
2684,84,0,0.04071090385368171,0.45757195371032255,2,middle
2685,85,0,0.5050782660270993,0.41897051614269787,2,middle
2686,86,0,0.4551245712982057,0.4300446774102228,2,middle
2687,87,0,0.07085143036567576,0.657279314367116,2,middle
2688,88,0,0.2777951314696021,0.5229575561825704,2,middle
2689,89,0,0.5416754389417773,0.3910948672029208,2,middle
2690,90,0,0.5040433416105461,0.37628816625403283,2,middle
2691,91,0,0.6874269910845728,0.29623071167364623,2,middle
2692,92,0,0.28413183430603384,0.35294557268722393,2,middle
2693,93,0,0.434102424259174,0.5270011278307745,2,middle
2694,94,0,0.8345310917747017,0.46536891516746304,2,middle
2695,95,0,0.9581820035237882,0.36958621273168346,2,middle
2696,96,0,0.9220261799205133,0.4263805974497237,2,middle
2697,97,0,0.20439468061915966,0.4238235143298805,2,middle
2698,98,0,0.920978779326346,0.5143611293507303,2,middle
2699,99,0,0.5364112179744347,0.414397454597929,2,middle
2700,100,0,0.360154585774752,0.43180841599133235,2,middle
2701,101,0,0.66507214706483,0.4583100468891196,2,middle
2702,102,0,0.9856117490613678,0.3378266659495194,2,middle
2703,103,0,0.18910855197243154,0.6255278083567527,2,middle
2704,104,0,0.3308225822462039,0.4296993137259593,2,middle
2705,105,0,0.5168472968391993,0.411602426386796,2,middle
2706,106,0,0.3257668250257394,0.5156667659284998,2,middle
2707,107,0,0.40038302140186827,0.44609842895978213,2,middle
2708,108,0,0.7505355627069188,0.37889838563305667,2,middle
2709,109,0,0.8300766376099427,0.31763575336441774,2,middle
2710,110,0,0.054441994864568785,0.4815833831896501,2,middle
2711,111,0,0.6098344224934408,0.4721716741754697,2,middle
2712,112,0,0.5842462474024708,0.6978519838863948,2,middle
2713,113,0,0.8878659956790497,0.33320897804184646,2,middle
2714,114,0,0.9616380867133377,0.35764471204003706,2,middle
2715,115,0,0.9482277699625274,0.2875238503686609,2,middle
2716,116,0,0.41337116595154527,0.37997378637074064,2,middle
2717,117,0,0.212744267315309,0.38617276540512535,2,middle
2718,118,0,0.5638177054196511,0.39170101937609486,2,middle
2719,119,0,0.9766848298794155,0.5188778581449032,2,middle
2720,120,0,0.46162195990597943,0.3128102838478716,2,middle
2721,121,0,0.26948974718184293,0.37199338264082793,2,middle
2722,122,0,0.6787187860624235,0.4241073610954569,2,middle
2723,123,0,0.6443744266349852,0.47593912095979396,2,middle
2724,124,0,0.7153262837290908,0.334398662094416,2,middle
2725,125,0,0.7842214464497133,0.33194477919662685,2,middle
2726,126,0,0.5436031642872887,0.3747644065809158,2,middle
2727,127,0,0.5014930463170642,0.42787104136783594,2,middle
2728,128,0,0.6021022908769917,0.3684085353186743,2,middle
2729,129,0,0.3732782815536546,0.45252528570210476,2,middle
2730,130,0,0.4806905706168252,0.5655680039295425,2,middle
2731,131,0,0.6823847608267841,0.41038018565457357,2,middle
2732,132,0,0.2853433910274931,0.37104405828758535,2,middle
2733,133,0,0.45022240120629486,0.2915558548293743,2,middle
2734,134,0,0.7225399189303547,0.49723644445323256,2,middle
2735,135,0,0.5712114273792182,0.36894870960633597,2,middle
2736,136,0,0.5505590785491875,0.4845169032384774,2,middle
2737,137,0,0.68657775892446,0.5008621666108606,2,middle
2738,138,0,0.18955468429915207,0.404317546402597,2,middle
2739,139,0,0.9807354593335391,0.37348162861712175,2,middle
2740,140,0,0.6681612180436294,0.4753192639654697,2,middle
2741,141,0,0.7477232743534161,0.3960519484584475,2,middle
2742,142,0,0.2672324160721933,0.47759189530203316,2,middle
2743,143,0,0.8711139870281989,0.33300841922238167,2,middle
2744,144,0,0.5191936638493553,0.41194320892146463,2,middle
2745,145,0,0.8577459407497874,0.29571570870670927,2,middle
2746,146,0,0.6258422399275125,0.3557605800753494,2,middle
2747,147,0,0.49257202745803197,0.39454811475225277,2,middle
2748,148,0,0.7749381430339088,0.42432875159003564,2,middle
2749,149,0,0.9229041335398376,0.44377343983122264,2,middle
2750,150,0,0.4843850806258304,0.4709251285785219,2,middle
2751,151,0,0.9286367517968924,0.36276586794052923,2,middle
2752,152,0,0.5255062881246604,0.5007401308065967,2,middle
2753,153,0,0.14453545168883375,0.4577582463497363,2,middle
2754,154,0,0.8010063548650501,0.469184294728056,2,middle
2755,155,0,0.5178423772485631,0.33173993154532155,2,middle
2756,156,0,0.953692195584908,0.3274230160791012,2,middle
2757,157,0,0.5520051956552853,0.4537787452156222,2,middle
2758,158,0,0.901281162414838,0.3289602720185963,2,middle
2759,159,0,0.9591279371809749,0.2989638034853094,2,middle
2760,160,0,0.45270824717518177,0.3993148229193404,2,middle
2761,161,0,0.17227545399861852,0.5245991787206941,2,middle
2762,162,0,0.5519646522871219,0.44205229492627324,2,middle
2763,163,0,0.6520392420481987,0.25882175797752593,2,middle
2764,164,0,0.7636715293057175,0.3006204131148732,2,middle
2765,165,0,0.7534803336765066,0.4710357590325377,2,middle
2766,166,0,0.1678980570303141,0.5703830177015969,2,middle
2767,167,0,0.710546614883722,0.4534117897375828,2,middle
2768,168,0,0.8913015922928096,0.4412945866272473,2,middle
2769,169,0,0.5755853016285928,0.24755288850922222,2,middle
2770,170,0,0.3581790192223149,0.4526544431113022,2,middle
2771,171,0,0.569072879037485,0.45702418955874624,2,middle
2772,172,0,0.7613948461001769,0.40341196481286923,2,middle
2773,173,0,0.8488470906914245,0.5865757394197113,2,middle
2774,174,0,0.19283827888053667,0.5518515990420205,2,middle
2775,175,0,0.7392943579884863,0.31962209443016404,2,middle
2776,176,0,0.5281293963243614,0.300611907723437,2,middle
2777,177,0,0.5505038053481832,0.394879769409763,2,middle
2778,178,0,0.7673868757831275,0.34652403705025414,2,middle
2779,179,0,0.8409688485747331,0.35774791924913396,2,middle
2780,180,0,0.5934401774188379,0.398409238473565,2,middle
2781,181,0,0.48657161337207677,0.2628131158826388,2,middle
2782,182,0,0.9110079162022617,0.3272439531801056,2,middle
2783,183,0,0.6532523853686122,0.2943470811326755,2,middle
2784,184,0,0.9662333162875407,0.4014206688024845,2,middle
2785,185,0,0.43233560154205286,0.3350801891429952,2,middle
2786,186,0,0.5141325810336256,0.37549389497834784,2,middle
2787,187,0,0.6578861378768686,0.3623542950899457,2,middle
2788,188,0,0.7145764910374667,0.34688385733984345,2,middle
2789,189,0,0.4395854017978498,0.33746463836313223,2,middle
2790,190,0,0.8018991747943476,0.33574334354182167,2,middle
2791,191,0,0.573572115363888,0.26496527648393825,2,middle
2792,192,0,0.6079140855185597,0.4509180144646614,2,middle
2793,193,0,0.9005217839143903,0.2252810860301834,2,middle
2794,194,0,0.9142736457964393,0.4132948197846338,2,middle
2795,195,0,0.33439860464685867,0.4115499712979512,2,middle
2796,196,0,0.5330082995912993,0.26423282398277104,2,middle
2797,197,0,0.8046159575268397,0.32146952518687655,2,middle
2798,198,0,0.6466182088397538,0.2659167435800368,2,middle
2799,199,0,0.5638052646057332,0.41546550182793285,2,middle
2800,0,0,0.6471926055565189,0.5682678064882069,2,late
2801,1,0,0.11279841035304264,0.5109560156903896,2,late
2802,2,0,0.3163951218670746,0.5719367456240434,2,late
2803,3,0,0.9490398159931819,0.2624293811289649,2,late
2804,4,0,0.5252527439962716,0.6119032843734591,2,late
2805,5,0,0.9556810568787413,0.40788349121552414,2,late
2806,6,0,0.38954541645893387,0.5221558628134036,2,late
2807,7,0,0.8978392369108856,0.36980171341949386,2,late
2808,8,0,0.7170105551577022,0.26630946435906866,2,late
2809,9,0,0.9469943879912259,0.4689420236983359,2,late
2810,10,0,0.8517057107048996,0.44940441140410214,2,late
2811,11,0,0.24971355580793667,0.41021409047855817,2,late
2812,12,0,0.3561637320351094,0.4286992210847297,2,late
2813,13,0,0.3631750144746646,0.44576242320451265,2,late
2814,14,0,0.4834438069263826,0.44119689496594927,2,late
2815,15,0,0.22973821968688904,0.37057692711138346,2,late
2816,16,0,0.4694832844572231,0.4882191057771796,2,late
2817,17,0,0.9946259237218782,0.5958334674165386,2,late
2818,18,0,0.5505756058083829,0.4173805113515256,2,late
2819,19,0,0.34091637978676015,0.5015378593718859,2,late
2820,20,0,0.2820171831314484,0.46056420334022186,2,late
2821,21,0,0.2816377092900278,0.606340415952817,2,late
2822,22,0,0.3846378548829648,0.3991755991692328,2,late
2823,23,0,0.1614796781198714,0.49631573792335193,2,late
2824,24,0,0.782219136051304,0.37127388228953784,2,late
2825,25,0,0.6261104294229861,0.4072473538088115,2,late
2826,26,0,0.4156650627418459,0.5147545941173577,2,late
2827,27,0,0.9753739356319047,0.37215505530007376,2,late
2828,28,0,0.7411602620412143,0.4199180261865513,2,late
2829,29,0,0.3609910660322253,0.5903343815347136,2,late
2830,30,0,0.9737930272894256,0.3082755800001972,2,late
2831,31,0,0.5185239060210313,0.4010213516680927,2,late
2832,32,0,0.9562661027334431,0.3959875166561082,2,late
2833,33,0,0.7291238428359295,0.390733667234804,2,late
2834,34,0,0.5969356980415561,0.4965408434218291,2,late
2835,35,0,0.2082754965897172,0.37544796406488334,2,late
2836,36,0,0.9490613917809779,0.41191534046552025,2,late
2837,37,0,0.7590770003740391,0.4252622108910876,2,late
2838,38,0,0.9235200473597744,0.3721132038712164,2,late
2839,39,0,0.7635027054535781,0.4433836670898062,2,late
2840,40,0,0.143609822736523,0.3577445516760762,2,late
2841,41,0,0.4774783604987401,0.3008265060824368,2,late
2842,42,0,0.05006018728569528,0.5822251309538671,2,late
2843,43,0,0.5050610479329251,0.5285613949734066,2,late
2844,44,0,0.4214403431903186,0.47322089423228964,2,late
2845,45,0,0.5734327263458584,0.6078568791969047,2,late
2846,46,0,0.6847098691936524,0.300442252906884,2,late
2847,47,0,0.22324207440049457,0.42647094467855123,2,late
2848,48,0,0.6140267359805597,0.4782663423902881,2,late
2849,49,0,0.44606822889707165,0.33683632982556044,2,late
2850,50,0,0.9474438736736404,0.21229795076238578,2,late
2851,51,0,0.3332646091985051,0.46543209954223724,2,late
2852,52,0,0.8051192394571564,0.3033968758884603,2,late
2853,53,0,0.3424676711384198,0.43787751456081797,2,late
2854,54,0,0.981303845282283,0.46346822338224136,2,late
2855,55,0,0.6239375424852982,0.4049827651827498,2,late
2856,56,0,0.6465565775677525,0.28877670613822826,2,late
2857,57,0,0.6265320981900718,0.3912511639276035,2,late
2858,58,0,0.6419368465072217,0.4935197634177374,2,late
2859,59,0,0.890171663399939,0.5508218859467632,2,late
2860,60,0,0.03717264768859955,0.5229596938357024,2,late
2861,61,0,0.3552540380240967,0.46887663944434466,2,late
2862,62,0,0.425608371455621,0.48055860763764624,2,late
2863,63,0,0.5409726832566136,0.3623965268706394,2,late
2864,64,0,0.990241036305419,0.5294739052973447,2,late
2865,65,0,0.8029103256646881,0.42486651510756135,2,late
2866,66,0,0.9612207267478183,0.2899675026907394,2,late
2867,67,0,0.4616242300028529,0.4971602386568195,2,late
2868,68,0,0.6686596734826808,0.43543165979110243,2,late
2869,69,0,0.5266132139302185,0.47284352286522546,2,late
2870,70,0,0.45178592656314576,0.5189263709298412,2,late
2871,71,0,0.5883798924963661,0.30343108693243837,2,late
2872,72,0,0.640519177454329,0.4316657869064033,2,late
2873,73,0,0.264691301089575,0.3879458551600241,2,late
2874,74,0,0.5433816636834797,0.3527451538052166,2,late
2875,75,0,0.875329960095836,0.3155824343855035,2,late
2876,76,0,0.5707716458693658,0.36938463341899863,2,late
2877,77,0,0.27567592596602647,0.3211007152983377,2,late
2878,78,0,0.8608219565874253,0.33602430385668014,2,late
2879,79,0,0.9088527752270135,0.3348146042190616,2,late
2880,80,0,0.42069582528836263,0.4490847534008031,2,late
2881,81,0,0.5190290780475036,0.29554775143109085,2,late
2882,82,0,0.704557055450429,0.2479057703085168,2,late
2883,83,0,0.3112591977829963,0.27967256852117106,2,late
2884,84,0,0.3689420634510573,0.42095239009793406,2,late
2885,85,0,0.7436195312997063,0.2765806103677058,2,late
2886,86,0,0.20009295634196111,0.461300468681321,2,late
2887,87,0,0.45550293608842085,0.41611360164706934,2,late
2888,88,0,0.5144573899396422,0.5342946917788048,2,late
2889,89,0,0.5637800351730549,0.41894473763886675,2,late
2890,90,0,0.9322810400965125,0.39875543591726315,2,late
2891,91,0,0.7964853311389587,0.37748329167968775,2,late
2892,92,0,0.4952977268976007,0.5014915332451458,2,late
2893,93,0,0.5506291616060321,0.543787308638291,2,late
2894,94,0,0.6983744998812107,0.32094647491774786,2,late
2895,95,0,0.9912836344127107,0.3492820184457456,2,late
2896,96,0,0.9533599798909727,0.2714099980158887,2,late
2897,97,0,0.801552062478377,0.3309588624907097,2,late
2898,98,0,0.9243582960339778,0.40538711011474327,2,late
2899,99,0,0.7654339970792016,0.4242727523172525,2,late
2900,100,0,0.07016719583410051,0.43817479457703146,2,late
2901,101,0,0.20097123568944322,0.44777979570680526,2,late
2902,102,0,0.4997401727298,0.38552880021445735,2,late
2903,103,0,0.49829396852424235,0.3208417918982962,2,late
2904,104,0,0.9275211620910835,0.3515196176709773,2,late
2905,105,0,0.5654750727034505,0.3980536936221595,2,late
2906,106,0,0.3067434854942408,0.34825049867784297,2,late
2907,107,0,0.6819312355927746,0.27602299677055564,2,late
2908,108,0,0.56951410926498,0.4067298428065339,2,late
2909,109,0,0.6731532272044286,0.3416431246613721,2,late
2910,110,0,0.8534323541266926,0.2759516269026034,2,late
2911,111,0,0.8122986952231418,0.24388039385945948,2,late
2912,112,0,0.9887500775135938,0.35174928135186834,2,late
2913,113,0,0.7984889720150549,0.25102458981217046,2,late
2914,114,0,0.6938898846674788,0.44932881334799474,2,late
2915,115,0,0.5767613927809365,0.300470310411875,2,late
2916,116,0,0.5310895269420659,0.32403567734718874,2,late
2917,117,0,0.11762518061731805,0.4482963367566162,2,late
2918,118,0,0.5295959839821924,0.45853197696684816,2,late
2919,119,0,0.3180732856650587,0.40667727528400344,2,late
2920,120,0,0.13214383810972713,0.3658566511580861,2,late
2921,121,0,0.1550217973344943,0.4482885549253713,2,late
2922,122,0,0.8775455205689844,0.2877576822707486,2,late
2923,123,0,0.24412123866928578,0.330217061433017,2,late
2924,124,0,0.6038001960469692,0.39802080480045354,2,late
2925,125,0,0.7757808185944948,0.4328789885867055,2,late
2926,126,0,0.9714924654316369,0.3263565526884368,2,late
2927,127,0,0.8249883283328582,0.42790922795999387,2,late
2928,128,0,0.5537463482256763,0.5014662754355925,2,late
2929,129,0,0.9397099408177578,0.29623949467391086,2,late
2930,130,0,0.9611513949663956,0.2757108434557099,2,late
2931,131,0,0.05156874752630539,0.5834791496660998,2,late
2932,132,0,0.41134887904647605,0.43396117120064304,2,late
2933,133,0,0.26834273103069595,0.46059131476155,2,late
2934,134,0,0.43496923879866695,0.37707038413900656,2,late
2935,135,0,0.5108245887920578,0.48064763141429545,2,late
2936,136,0,0.7341819222129453,0.3205400396460953,2,late
2937,137,0,0.7953334765218198,0.33682022070503725,2,late
2938,138,0,0.5355763398780017,0.48225825563363967,2,late
2939,139,0,0.6350744828414042,0.32573363170162684,2,late
2940,140,0,0.8736506188211741,0.3484023695827409,2,late
2941,141,0,0.7449552048820727,0.29270675709669547,2,late
2942,142,0,0.48391407004155623,0.3130687000216549,2,late
2943,143,0,0.3891203564532755,0.3017724255061358,2,late
2944,144,0,0.710659443352553,0.24859919372552886,2,late
2945,145,0,0.42065913222060136,0.31519865291304694,2,late
2946,146,0,0.4922113788139926,0.43650368331525763,2,late
2947,147,0,0.17009308154561678,0.446113205832179,2,late
2948,148,0,0.5360289996162456,0.30656092048289263,2,late
2949,149,0,0.49773799078976444,0.21445731394231268,2,late
2950,150,0,0.33495495030595235,0.33619923282407294,2,late
2951,151,0,0.4334107945944145,0.33301665616925025,2,late
2952,152,0,0.48784121384722684,0.37626181146731974,2,late
2953,153,0,0.616759428489914,0.4080909628141752,2,late
2954,154,0,0.796447478779087,0.2497267515885333,2,late
2955,155,0,0.5643572979644109,0.3646418747081195,2,late
2956,156,0,0.6849782273102678,0.45598739690212464,2,late
2957,157,0,0.44669832580581936,0.2918509684651295,2,late
2958,158,0,0.6922150103906534,0.2509556437831404,2,late
2959,159,0,0.6113996597292574,0.301212897413812,2,late
2960,160,0,0.6662757560731553,0.28491853375530385,2,late
2961,161,0,0.42293153408436945,0.5227424219797273,2,late
2962,162,0,0.5564951514196629,0.48324856202607946,2,late
2963,163,0,0.5281551479669346,0.5397168223969948,2,late
2964,164,0,0.5172867698241633,0.49645552753818556,2,late
2965,165,0,0.5848888640630588,0.2992814976701329,2,late
2966,166,0,0.715849120084667,0.2854074256105434,2,late
2967,167,0,0.2537046159436323,0.48523883378348653,2,late
2968,168,0,0.47181549973775405,0.5280556479056144,2,late
2969,169,0,0.09375195820046894,0.3213672734348788,2,late
2970,170,0,0.6238437896496112,0.4012195137340526,2,late
2971,171,0,0.5756017362942849,0.3120512233658376,2,late
2972,172,0,0.4566543490249847,0.33019180951637495,2,late
2973,173,0,0.3812829697448171,0.3497155154671574,2,late
2974,174,0,0.40393288516465653,0.4548823416184303,2,late
2975,175,0,0.4832389454036783,0.3039161811641607,2,late
2976,176,0,0.8895362393722575,0.3567520322212786,2,late
2977,177,0,0.5077222555313576,0.3496584315911847,2,late
2978,178,0,0.7486580017101597,0.3953874907244074,2,late
2979,179,0,0.5004011191099932,0.32357779113448476,2,late
2980,180,0,0.5030963264628665,0.3315818403094539,2,late
2981,181,0,0.7838182076727322,0.39656493362359213,2,late
2982,182,0,0.3841238735144444,0.4294415699781807,2,late
2983,183,0,0.6127969928117797,0.23260257050567912,2,late
2984,184,0,0.5427139216463067,0.29152411310252246,2,late
2985,185,0,0.422437527334864,0.36063812311711196,2,late
2986,186,0,0.2720196889818596,0.348197107487915,2,late
2987,187,0,0.7431887984880288,0.3628120603620224,2,late
2988,188,0,0.9612177819605634,0.2092080479731903,2,late
2989,189,0,0.8998067837567802,0.3484765881434452,2,late
2990,190,0,0.6156324292592219,0.30104900371957255,2,late
2991,191,0,0.013961490217278556,0.49388068317960554,2,late
2992,192,0,0.5421435609381426,0.2972317958568319,2,late
2993,193,0,0.41072144345050643,0.3492534753602682,2,late
2994,194,0,0.7495308549867186,0.46232675185471095,2,late
2995,195,0,0.8871022756120188,0.2786465549012731,2,late
2996,196,0,0.3730982006326756,0.3392216565138153,2,late
2997,197,0,0.875640027583687,0.25334351083555134,2,late
2998,198,0,0.6649434950489,0.35094826157149683,2,late
2999,199,0,0.9033385796752057,0.1500862952404061,2,late
3000,0,0,0.0715512603549956,0.9188064326571033,3,interleaved
3001,1,0,0.1379487265552196,0.6031881005999068,3,interleaved
3002,2,0,0.7326984459746533,0.647997683255991,3,interleaved
3003,3,0,0.30395198153163305,0.49361961895565737,3,interleaved
3004,4,0,0.2023913552651331,0.7343179183997649,3,interleaved
3005,5,0,0.5747443628392717,0.5530139206196616,3,interleaved
3006,6,0,0.12100505491699008,0.792242172130817,3,interleaved
3007,7,0,0.2913025726077391,0.43798190394082653,3,interleaved
3008,8,0,0.27960708851824545,0.344393433648427,3,interleaved
3009,9,0,0.5060071805588798,0.4898486476725741,3,interleaved
3010,10,0,0.7705482053391588,0.40085353024687853,3,interleaved
3011,11,0,0.7746008534780845,0.35523212682069705,3,interleaved
3012,12,0,0.6485684670580166,0.3924949064964563,3,interleaved
3013,13,0,0.8758891357922867,0.5667026468484382,3,interleaved
3014,14,0,0.011465765930568465,0.5773182955669041,3,interleaved
3015,15,0,0.5364854889772455,0.5041288202230453,3,interleaved
3016,16,0,0.26000762551261336,0.48713227483314847,3,interleaved
3017,17,0,0.1553357063347962,0.5243803856591185,3,interleaved
3018,18,0,0.9546360880558763,0.5042332013497053,3,interleaved
3019,19,0,0.5662894292892673,0.525467042308706,3,interleaved
3020,20,0,0.4336295939597199,0.47626696135290947,3,interleaved
3021,21,0,0.4620499381328275,0.3847764111071289,3,interleaved
3022,22,0,0.18265217705029585,0.6266259840354953,3,interleaved
3023,23,0,0.5209049639325467,0.440075664853541,3,interleaved
3024,24,0,0.9425113803058789,0.3264800868191038,3,interleaved
3025,25,0,0.5414274721675973,0.49758147862700547,3,interleaved
3026,26,0,0.02380083346845893,0.5791024324069496,3,interleaved
3027,27,0,0.5320706329936479,0.4246553254131833,3,interleaved
3028,28,0,0.9322381673644515,0.3601078071712517,3,interleaved
3029,29,0,0.4725124026222604,0.3759475662596505,3,interleaved
3030,30,0,0.9643160859679214,0.46365560374134507,3,interleaved
3031,31,0,0.3483399855328679,0.6924871957146599,3,interleaved
3032,32,0,0.28211828359604374,0.398929090689929,3,interleaved
3033,33,0,0.43440556463542274,0.5785197023849221,3,interleaved
3034,34,0,0.8092712315322834,0.4537742189172813,3,interleaved
3035,35,0,0.6082772449466629,0.5229847284375531,3,interleaved
3036,36,0,0.4946087684223114,0.43800681710433664,3,interleaved
3037,37,0,0.6116369679606514,0.3707128764394278,3,interleaved
3038,38,0,0.9551898386678704,0.4592597984860389,3,interleaved
3039,39,0,0.442422847759402,0.5306513626017805,3,interleaved
3040,40,0,0.0731396927862618,0.5666260764086432,3,interleaved
3041,41,0,0.3442080174715332,0.36988591595349,3,interleaved
3042,42,0,0.32305171547309053,0.3291541913434873,3,interleaved
3043,43,0,0.32995768591536956,0.5671042526611504,3,interleaved
3044,44,0,0.3069884102816195,0.36426293883377525,3,interleaved
3045,45,0,0.6199408508275969,0.3849052538008555,3,interleaved
3046,46,0,0.3475187293953518,0.4290512394654365,3,interleaved
3047,47,0,0.3927948049984008,0.40803872127727325,3,interleaved
3048,48,0,0.3000902583516049,0.5134361528799092,3,interleaved
3049,49,0,0.5233734868040213,0.5058976412690278,3,interleaved
3050,50,0,0.20649088433351898,0.6189112374106742,3,interleaved
3051,51,0,0.3868290158788983,0.6015620343838155,3,interleaved
3052,52,0,0.08773470376806125,0.3981796889237787,3,interleaved
3053,53,0,0.37653792695465343,0.5858015199844517,3,interleaved
3054,54,0,0.3578644871821306,0.3715553723302931,3,interleaved
3055,55,0,0.5981682781116258,0.5352030401849208,3,interleaved
3056,56,0,0.6206108167206418,0.42928268191850927,3,interleaved
3057,57,0,0.04537652827487247,0.49330819212705496,3,interleaved
3058,58,0,0.5137600576335682,0.2661014772116702,3,interleaved
3059,59,0,0.4981898784997224,0.3599696852398304,3,interleaved
3060,60,0,0.3717653792752225,0.33959657456211034,3,interleaved
3061,61,0,0.4396720111017838,0.44400647782325986,3,interleaved
3062,62,0,0.37832036575531797,0.4308017813660528,3,interleaved
3063,63,0,0.2049214980873259,0.48393401953563625,3,interleaved
3064,64,0,0.8926878852674583,0.34060366756435884,3,interleaved
3065,65,0,0.6216735306805847,0.47935660316928097,3,interleaved
3066,66,0,0.5207534203773176,0.4147627162398806,3,interleaved
3067,67,0,0.6795301125485964,0.41095592495015065,3,interleaved
3068,68,0,0.13555531222911413,0.5801424344573628,3,interleaved
3069,69,0,0.4813136625073693,0.607515709848027,3,interleaved
3070,70,0,0.2559906497772708,0.41841075401333394,3,interleaved
3071,71,0,0.39831184002320297,0.5103563462599827,3,interleaved
3072,72,0,0.7557400717445095,0.4229370221016848,3,interleaved
3073,73,0,0.2657450880068998,0.45153501388213824,3,interleaved
3074,74,0,0.6701981201724099,0.4121839213001476,3,interleaved
3075,75,0,0.37280707781047595,0.3663797728375111,3,interleaved
3076,76,0,0.8297554123556085,0.30911746195157136,3,interleaved
3077,77,0,0.7230279219969825,0.3584609812494445,3,interleaved
3078,78,0,0.7911458721832538,0.3697202625585173,3,interleaved
3079,79,0,0.5132159830325471,0.4190861495045588,3,interleaved
3080,80,0,0.49641895506686495,0.5025076194585705,3,interleaved
3081,81,0,0.2955613802656545,0.5147260631428113,3,interleaved
3082,82,0,0.1644235930061021,0.45989881922834985,3,interleaved
3083,83,0,0.5702241465924851,0.5003604216791535,3,interleaved
3084,84,0,0.6111808246583949,0.32201069498733365,3,interleaved
3085,85,0,0.3372855916566473,0.3410347079683248,3,interleaved
3086,86,0,0.6744888439885406,0.3719978245061296,3,interleaved
3087,87,0,0.6472472165489725,0.4430818102879254,3,interleaved
3088,88,0,0.49218057173384344,0.28735966912385935,3,interleaved
3089,89,0,0.3811491868019241,0.41448920012366125,3,interleaved
3090,90,0,0.6064506638555767,0.29788203673846236,3,interleaved
3091,91,0,0.8889911540205273,0.32443337344622347,3,interleaved
3092,92,0,0.4830566699445226,0.6005938928688297,3,interleaved
3093,93,0,0.4322845448570292,0.34347829746423275,3,interleaved
3094,94,0,0.7056120632616795,0.3836175560346109,3,interleaved
3095,95,0,0.2290526580111368,0.3829223581042622,3,interleaved
3096,96,0,0.35130010976881915,0.3971142298690794,3,interleaved
3097,97,0,0.35097035842567104,0.4643072660179046,3,interleaved
3098,98,0,0.8427020290641882,0.3077219667645551,3,interleaved
3099,99,0,0.5857583567479105,0.39026129248989583,3,interleaved
3100,100,0,0.31763443499659805,0.6720802715388225,3,interleaved
3101,101,0,0.6246257947995408,0.38826248604610425,3,interleaved
3102,102,0,0.4862799908453441,0.45974828979293036,3,interleaved
3103,103,0,0.20381097399993583,0.41865813892395454,3,interleaved
3104,104,0,0.33922004866848826,0.3830168114078683,3,interleaved
3105,105,0,0.6302584920025549,0.47841369820185653,3,interleaved
3106,106,0,0.5019314875671831,0.2944695256396634,3,interleaved
3107,107,0,0.8612023544618151,0.4006209776081069,3,interleaved
3108,108,0,0.4885883311511092,0.4051660891783859,3,interleaved
3109,109,0,0.1942707739036217,0.5144599341571974,3,interleaved
3110,110,0,0.6238174597942499,0.32786393036542416,3,interleaved
3111,111,0,0.6881809820573725,0.48004442987327656,3,interleaved
3112,112,0,0.644531597941248,0.4220994525282995,3,interleaved
3113,113,0,0.7541811372117566,0.4742981966787117,3,interleaved
3114,114,0,0.24207891826663439,0.3416913004360303,3,interleaved
3115,115,0,0.6649084584952187,0.2793126993085259,3,interleaved
3116,116,0,0.6842862474729183,0.3262100104323482,3,interleaved
3117,117,0,0.380977477678112,0.32993796450009927,3,interleaved
3118,118,0,0.4799453790520701,0.5137255310253782,3,interleaved
3119,119,0,0.5991141294301172,0.3128279850431686,3,interleaved
3120,120,0,0.6718419154515859,0.36276829736056315,3,interleaved
3121,121,0,0.18725246742963836,0.5059442049407614,3,interleaved
3122,122,0,0.27406897685253484,0.4390137647639565,3,interleaved
3123,123,0,0.9294804090620177,0.27729625219321186,3,interleaved
3124,124,0,0.7625221720929579,0.47365885675445285,3,interleaved
3125,125,0,0.6780167216641205,0.4130628260158267,3,interleaved
3126,126,0,0.8527653929955488,0.40225216853453705,3,interleaved
3127,127,0,0.7135772109226693,0.5195193433084364,3,interleaved
3128,128,0,0.42355706100820667,0.5095738666032377,3,interleaved
3129,129,0,0.5273521254017917,0.3619932211687017,3,interleaved
3130,130,0,0.6726965709241111,0.4039173100611345,3,interleaved
3131,131,0,0.5405106173978347,0.3669398836371604,3,interleaved
3132,132,0,0.15125582108689217,0.39057635849932587,3,interleaved
3133,133,0,0.6316052270472756,0.46712634638526523,3,interleaved
3134,134,0,0.5237541001998425,0.4447823029705983,3,interleaved
3135,135,0,0.2688061261934175,0.3757745379366433,3,interleaved
3136,136,0,0.9455930590160768,0.36730030661019153,3,interleaved
3137,137,0,0.2941030561613381,0.3815527800832412,3,interleaved
3138,138,0,0.420454198187744,0.288192554674257,3,interleaved
3139,139,0,0.6575979335641555,0.39552241846373004,3,interleaved
3140,140,0,0.6615545178665424,0.2767396528361752,3,interleaved
3141,141,0,0.048881262298531,0.42866998835306347,3,interleaved
3142,142,0,0.7007220123509351,0.4085388694213681,3,interleaved
3143,143,0,0.7711009001034284,0.4564126441604005,3,interleaved
3144,144,0,0.3847515393882871,0.34894167929424375,3,interleaved
3145,145,0,0.5687414667885909,0.3046237591490918,3,interleaved
3146,146,0,0.8860331295197839,0.2670606777024054,3,interleaved
3147,147,0,0.21076601366295025,0.49530497555174935,3,interleaved
3148,148,0,0.9070430754413832,0.2847999729047591,3,interleaved
3149,149,0,0.7873008908982813,0.3236684319572079,3,interleaved
3150,150,0,0.6830168183829011,0.26892708750611505,3,interleaved
3151,151,0,0.7755709766839379,0.3597274869524555,3,interleaved
3152,152,0,0.5040106194830909,0.46626108412317735,3,interleaved
3153,153,0,0.1621102853590522,0.41138727279315407,3,interleaved
3154,154,0,0.9070011370377338,0.3341485501772583,3,interleaved
3155,155,0,0.7868868500116135,0.37976099033114286,3,interleaved
3156,156,0,0.43579638609005955,0.3932754381051344,3,interleaved
3157,157,0,0.6755295724508474,0.24367711899939487,3,interleaved
3158,158,0,0.852584780114561,0.3298460116037203,3,interleaved
3159,159,0,0.320941473487355,0.45207598254541137,3,interleaved
3160,160,0,0.8048318994042727,0.4566016654080695,3,interleaved
3161,161,0,0.5876480290269186,0.4331614893996715,3,interleaved
3162,162,0,0.26202418813401396,0.263510629522734,3,interleaved
3163,163,0,0.6519809211335004,0.3765313839218634,3,interleaved
3164,164,0,0.6260173821540336,0.29905911368025306,3,interleaved
3165,165,0,0.3246659269748686,0.3719158589409298,3,interleaved
3166,166,0,0.5282335914758588,0.4578318566061269,3,interleaved
3167,167,0,0.3288366193450266,0.4731049903633582,3,interleaved
3168,168,0,0.5573769027259455,0.3794954888706643,3,interleaved
3169,169,0,0.6816107002254093,0.28612553120689216,3,interleaved
3170,170,0,0.6293818426623821,0.21458675237958075,3,interleaved
3171,171,0,0.2483096466695412,0.42827080417574315,3,interleaved
3172,172,0,0.6712234657038214,0.23049547665956088,3,interleaved
3173,173,0,0.38160065265919635,0.34275513599722335,3,interleaved
3174,174,0,0.3127706894599623,0.3643820391347538,3,interleaved
3175,175,0,0.5280059208817762,0.4193266833831558,3,interleaved
3176,176,0,0.8681840297564113,0.3431682722904179,3,interleaved
3177,177,0,0.4286334915880438,0.347335399480592,3,interleaved
3178,178,0,0.5859997558875636,0.2075140744910126,3,interleaved
3179,179,0,0.4205994544371619,0.48935128234131464,3,interleaved
3180,180,0,0.7918946549323971,0.24687862257911491,3,interleaved
3181,181,0,0.5691643583979079,0.25210103919779736,3,interleaved
3182,182,0,0.37935900442486864,0.31194615096530287,3,interleaved
3183,183,0,0.8892758688517625,0.26686221586542314,3,interleaved
3184,184,0,0.11894033439667014,0.5633144990007998,3,interleaved
3185,185,0,0.4344596978045666,0.3304404493120883,3,interleaved
3186,186,0,0.23222008428795657,0.32468555554274536,3,interleaved
3187,187,0,0.9209236077335725,0.23741506032853738,3,interleaved
3188,188,0,0.5306485584720991,0.3562492924730936,3,interleaved
3189,189,0,0.3880466439469722,0.3351018675197759,3,interleaved
3190,190,0,0.42903151609391865,0.3973403089744427,3,interleaved
3191,191,0,0.37735598860445646,0.4581495099706883,3,interleaved
3192,192,0,0.8976745292438153,0.3083840757166867,3,interleaved
3193,193,0,0.9609280119826389,0.48870296903594157,3,interleaved
3194,194,0,0.6242073135805681,0.3294029223563587,3,interleaved
3195,195,0,0.5183543153532251,0.3504295016631238,3,interleaved
3196,196,0,0.5377966765442403,0.3023710096216086,3,interleaved
3197,197,0,0.633302216751977,0.40795479522552747,3,interleaved
3198,198,0,0.21067448008155973,0.3094467095619901,3,interleaved
3199,199,0,0.08435940460253846,0.40374919942931903,3,interleaved
3200,0,0,0.022556848474320535,0.7684223501619625,3,blocked
3201,1,0,0.13812794479243773,0.6337146395659173,3,blocked
3202,2,0,0.5444707633912131,0.6424313041863938,3,blocked
3203,3,0,0.7006874353209465,0.5644854035885072,3,blocked
3204,4,0,0.19965305399295494,0.753527747047153,3,blocked
3205,5,0,0.9519463402757917,0.37306614798143195,3,blocked
3206,6,0,0.4485892157452753,0.5568652675195593,3,blocked
3207,7,0,0.4233626926132762,0.5469841945152342,3,blocked
3208,8,0,0.26701766391281423,0.5705962737545025,3,blocked
3209,9,0,0.06633242982024837,0.6439334424658391,3,blocked
3210,10,0,0.8878135488593122,0.650509802613741,3,blocked
3211,11,0,0.4566276643397032,0.4989967860623663,3,blocked
3212,12,0,0.5551588072388325,0.5309137583022145,3,blocked
3213,13,0,0.24915257836210394,0.6422668143984043,3,blocked
3214,14,0,0.5935930343902479,0.42262240285208674,3,blocked
3215,15,0,0.5054829773892918,0.534774879848061,3,blocked
3216,16,0,0.7531240536163808,0.30898184108776894,3,blocked
3217,17,0,0.8563762318496673,0.4790868855523438,3,blocked
3218,18,0,0.6779840642614197,0.46721614494378594,3,blocked
3219,19,0,0.8846204725090772,0.4601659056802214,3,blocked
3220,20,0,0.5479113043302777,0.4901087540645076,3,blocked
3221,21,0,0.2827031955651214,0.4990532190140279,3,blocked
3222,22,0,0.08951697491323508,0.7174262918563172,3,blocked
3223,23,0,0.8020699161664167,0.47995395602518887,3,blocked
3224,24,0,0.047822397707476795,0.5728263195196965,3,blocked
3225,25,0,0.2129661025492402,0.5138377420146347,3,blocked
3226,26,0,0.8426509383012193,0.5114172510436836,3,blocked
3227,27,0,0.504600544294864,0.6361437923831847,3,blocked
3228,28,0,0.6501950242666465,0.670572022712441,3,blocked
3229,29,0,0.633408272580593,0.4507574580617965,3,blocked
3230,30,0,0.9588024637688464,0.4345569138051667,3,blocked
3231,31,0,0.9964207846944058,0.5261457214444645,3,blocked
3232,32,0,0.4972063685768139,0.821320082143081,3,blocked
3233,33,0,0.4413021598050211,0.5104712833147587,3,blocked
3234,34,0,0.6980234614777032,0.35478409138480294,3,blocked
3235,35,0,0.47275280696961763,0.5358055077570867,3,blocked
3236,36,0,0.9489269160653062,0.35890673729644956,3,blocked
3237,37,0,0.9882086863321746,0.4768070286897055,3,blocked
3238,38,0,0.6030140660448605,0.6536387285330653,3,blocked
3239,39,0,0.23107388794349457,0.6808750936042751,3,blocked
3240,40,0,0.6694908114253997,0.45394550112465726,3,blocked
3241,41,0,0.2052191802846547,0.5244101460002609,3,blocked
3242,42,0,0.7186215325256241,0.4452803595396465,3,blocked
3243,43,0,0.7766380907470052,0.49881127706357864,3,blocked
3244,44,0,0.0721038412226423,0.42183668538785557,3,blocked
3245,45,0,0.7395282713178818,0.4728440599446131,3,blocked
3246,46,0,0.7419439939564287,0.4039414702207187,3,blocked
3247,47,0,0.5405088197740096,0.46103673287345426,3,blocked
3248,48,0,0.2455017134633928,0.4868598346308032,3,blocked
3249,49,0,0.39978129811925184,0.6347726123875815,3,blocked
3250,50,0,0.30223404730454617,0.47793159400659724,3,blocked
3251,51,0,0.2950209265823734,0.7191460657059912,3,blocked
3252,52,0,0.6197923417640714,0.5889305160248315,3,blocked
3253,53,0,0.5083936091756813,0.5125202805013975,3,blocked
3254,54,0,0.22121916048158613,0.45308027598498246,3,blocked
3255,55,0,0.8283693944014332,0.44280616625651226,3,blocked
3256,56,0,0.9258056403314026,0.5229715856108267,3,blocked
3257,57,0,0.0787132431210566,0.6282078851497599,3,blocked
3258,58,0,0.6499757673356283,0.4592428746644164,3,blocked
3259,59,0,0.2780474206039826,0.43902014761864794,3,blocked
3260,60,0,0.6892717381537393,0.47059006797433167,3,blocked
3261,61,0,0.22742541610140654,0.42701539530350063,3,blocked
3262,62,0,0.19396967734938889,0.5504798444735064,3,blocked
3263,63,0,0.5858637703761289,0.5952298709831191,3,blocked
3264,64,0,0.8578695387012103,0.4360498508706457,3,blocked
3265,65,0,0.6949721190910308,0.38466559429136227,3,blocked
3266,66,0,0.7184339121597487,0.4527556467003858,3,blocked
3267,67,0,0.6819455128430277,0.40325933575545436,3,blocked
3268,68,0,0.8360013448499064,0.4311011299556732,3,blocked
3269,69,0,0.8965911707396732,0.4098487027350899,3,blocked
3270,70,0,0.9084567029575856,0.5102579768811399,3,blocked
3271,71,0,0.6818452186537071,0.5326537248043675,3,blocked
3272,72,0,0.7526609035369135,0.4702624996796517,3,blocked
3273,73,0,0.7184216816860367,0.6153812579485908,3,blocked
3274,74,0,0.268831723276598,0.5858206259187896,3,blocked
3275,75,0,0.581929628725438,0.6086088879292111,3,blocked
3276,76,0,0.9445610093840049,0.5184829362895295,3,blocked
3277,77,0,0.1848227373896494,0.4315501610301056,3,blocked
3278,78,0,0.8749276002870638,0.4927435574166621,3,blocked
3279,79,0,0.7213971685192291,0.4773685009896387,3,blocked
3280,80,0,0.6940079330274608,0.48865742420157565,3,blocked
3281,81,0,0.6313423854916806,0.5776008464223105,3,blocked
3282,82,0,0.04890009355365138,0.6050821608382653,3,blocked
3283,83,0,0.8365519809352661,0.4199252260792732,3,blocked
3284,84,0,0.6618657805499402,0.27716588817484816,3,blocked
3285,85,0,0.2744516832971323,0.4812738831135738,3,blocked
3286,86,0,0.6168402314932806,0.2947844238471986,3,blocked
3287,87,0,0.7926443406575855,0.6381591618927649,3,blocked
3288,88,0,0.6060491892995346,0.4086037627164868,3,blocked
3289,89,0,0.7176589348873994,0.32082768599705835,3,blocked
3290,90,0,0.4475746421500243,0.43836606436285697,3,blocked
3291,91,0,0.7505255318522637,0.4341228488822272,3,blocked
3292,92,0,0.9417037593726558,0.33425700051146223,3,blocked
3293,93,0,0.9334078722784898,0.32688590224863123,3,blocked
3294,94,0,0.06389967106661962,0.5683132780871667,3,blocked
3295,95,0,0.4396650501011503,0.48108826171574054,3,blocked
3296,96,0,0.7347867011291945,0.3858848918686929,3,blocked
3297,97,0,0.440486619242154,0.40124793944293025,3,blocked
3298,98,0,0.7423873411634669,0.3946731440937136,3,blocked
3299,99,0,0.5919213974203873,0.4279196804947901,3,blocked
3300,100,0,0.7861562123111396,0.4704975876733502,3,blocked
3301,101,0,0.4237049587057293,0.3764534269302495,3,blocked
3302,102,0,0.38791622035185247,0.4694937977502224,3,blocked
3303,103,0,0.5565469796122104,0.3628832223786136,3,blocked
3304,104,0,0.7163378979644401,0.44583768971664495,3,blocked
3305,105,0,0.09757803505329748,0.57772721991727,3,blocked
3306,106,0,0.9431558143157682,0.3427697602204678,3,blocked
3307,107,0,0.786337428814071,0.4683367555861304,3,blocked
3308,108,0,0.5385451052767547,0.397729235296622,3,blocked
3309,109,0,0.5045034443292,0.5822068756339438,3,blocked
3310,110,0,0.5380354256363861,0.4650211071521657,3,blocked
3311,111,0,0.9519605160428226,0.4159291348099967,3,blocked
3312,112,0,0.8103689061894073,0.5999909564412023,3,blocked
3313,113,0,0.4482961667144044,0.5259412717435096,3,blocked
3314,114,0,0.92971379014124,0.37267668084860517,3,blocked
3315,115,0,0.9882166808162847,0.33819826936551123,3,blocked
3316,116,0,0.2004027747377679,0.6272207924434092,3,blocked
3317,117,0,0.24230387203406953,0.5091920765260539,3,blocked
3318,118,0,0.9403980528480298,0.35304794498991654,3,blocked
3319,119,0,0.910901706624029,0.4060253145666055,3,blocked
3320,120,0,0.4798917674693195,0.5155435403108166,3,blocked
3321,121,0,0.33486823237341984,0.5311060145027504,3,blocked
3322,122,0,0.4865640297674622,0.5888893138695683,3,blocked
3323,123,0,0.3815375275661494,0.6314796538626863,3,blocked
3324,124,0,0.6203618623844414,0.5149985825366772,3,blocked
3325,125,0,0.8975997751841487,0.4281035874408096,3,blocked
3326,126,0,0.6181515586035391,0.49543811512113684,3,blocked
3327,127,0,0.21773766307012385,0.48979193502497886,3,blocked
3328,128,0,0.7187734843857054,0.4382530852204024,3,blocked
3329,129,0,0.8809599187248303,0.4257037902382224,3,blocked
3330,130,0,0.7699883696711838,0.4307377915821201,3,blocked
3331,131,0,0.9685711051923209,0.31162758758854653,3,blocked
3332,132,0,0.07715261297097782,0.6508964753637445,3,blocked
3333,133,0,0.44952309975076,0.4413146118936376,3,blocked
3334,134,0,0.2431505013738147,0.5555253571898486,3,blocked
3335,135,0,0.5906693912080769,0.5041139594319972,3,blocked
3336,136,0,0.4929182529725376,0.36809455767752497,3,blocked
3337,137,0,0.7668876571890493,0.349302757627118,3,blocked
3338,138,0,0.8874953888017552,0.33605616238222985,3,blocked
3339,139,0,0.9782289060061315,0.4300731519260342,3,blocked
3340,140,0,0.5345943188487451,0.4204461263611646,3,blocked
3341,141,0,0.1033749263813224,0.6108012835080918,3,blocked
3342,142,0,0.7696159528240507,0.36053997501283963,3,blocked
3343,143,0,0.776933647452597,0.4271577981908677,3,blocked
3344,144,0,0.9020235943504187,0.32639697376166826,3,blocked
3345,145,0,0.8967095201962061,0.4018848447368266,3,blocked
3346,146,0,0.7019690198627462,0.3387919522147556,3,blocked
3347,147,0,0.796929128144374,0.3179441072483484,3,blocked
3348,148,0,0.33883359840717064,0.5272098054182175,3,blocked
3349,149,0,0.4967791282688285,0.4050236847495938,3,blocked
3350,150,0,0.6701071910278793,0.30472126673958155,3,blocked
3351,151,0,0.48763790287896597,0.3739687793732661,3,blocked
3352,152,0,0.4027779904025198,0.3961802795998822,3,blocked
3353,153,0,0.5244290070752979,0.3505239515059545,3,blocked
3354,154,0,0.5905678314236877,0.6775105679689122,3,blocked
3355,155,0,0.19917552965294202,0.4303170378131148,3,blocked
3356,156,0,0.7010068371219625,0.37681247042717614,3,blocked
3357,157,0,0.5631132963263561,0.3634689662454211,3,blocked
3358,158,0,0.8235591979507517,0.3848308817463459,3,blocked
3359,159,0,0.7307364276664032,0.3558297776992406,3,blocked
3360,160,0,0.388712303602978,0.40808762294560497,3,blocked
3361,161,0,0.29637684606435133,0.49334527417421625,3,blocked
3362,162,0,0.8706273712729207,0.3990920548496881,3,blocked
3363,163,0,0.4930491290803268,0.622780132689719,3,blocked
3364,164,0,0.9039774576284199,0.4115743415429499,3,blocked
3365,165,0,0.7858304295408458,0.32981568873933287,3,blocked
3366,166,0,0.8709434714070525,0.3761055602620267,3,blocked
3367,167,0,0.616326203853024,0.3863167097223712,3,blocked
3368,168,0,0.8392085630033466,0.33195518390736745,3,blocked
3369,169,0,0.4429507537698391,0.5332717523875299,3,blocked
3370,170,0,0.9174478029739921,0.3073276054592289,3,blocked
3371,171,0,0.9338307621735475,0.459366393378405,3,blocked
3372,172,0,0.5181003066080467,0.46757695400355626,3,blocked
3373,173,0,0.17981936335668222,0.4426867383998495,3,blocked
3374,174,0,0.18298274044020216,0.591704966170288,3,blocked
3375,175,0,0.7925886482218761,0.257307983942589,3,blocked
3376,176,0,0.44909043705359614,0.3645830836190234,3,blocked
3377,177,0,0.36462955322932544,0.38359106830704237,3,blocked
3378,178,0,0.3459576581880378,0.46845286340178516,3,blocked
3379,179,0,0.7705539505605046,0.4881876221913215,3,blocked
3380,180,0,0.5607991909871407,0.3198714362367028,3,blocked
3381,181,0,0.634660837981868,0.41138255124686335,3,blocked
3382,182,0,0.7575904044112771,0.482740891200245,3,blocked
3383,183,0,0.10208879635212548,0.46812600058365217,3,blocked
3384,184,0,0.8686812470252339,0.3187909372695382,3,blocked
3385,185,0,0.7841609264995568,0.32758503924974514,3,blocked
3386,186,0,0.5115921730870621,0.42758530122005645,3,blocked
3387,187,0,0.9533270824530902,0.38499850590191864,3,blocked
3388,188,0,0.7529469330314322,0.32391693825748824,3,blocked
3389,189,0,0.10687968231955813,0.4406342950945474,3,blocked
3390,190,0,0.27911373769490305,0.3733345235820956,3,blocked
3391,191,0,0.10405120488926756,0.5794903497890156,3,blocked
3392,192,0,0.759929318954397,0.2783765886768054,3,blocked
3393,193,0,0.7945412054232299,0.35969123564038685,3,blocked
3394,194,0,0.1617856221489513,0.4903461475570819,3,blocked
3395,195,0,0.5000462883062237,0.3223390606416655,3,blocked
3396,196,0,0.6085376490382582,0.33279643100426703,3,blocked
3397,197,0,0.6894504109330992,0.2926152770753112,3,blocked
3398,198,0,0.378549396246212,0.3540935429048068,3,blocked
3399,199,0,0.3951740297497601,0.4344625887023493,3,blocked
3400,0,0,0.1391475963649609,0.7809431883179914,3,early
3401,1,0,0.7795490847542519,0.42002851015303627,3,early
3402,2,0,0.5113739597836349,0.5074982538883733,3,early
3403,3,0,0.606922342249469,0.6173842327115311,3,early
3404,4,0,0.31070745929745425,0.44791900621961256,3,early
3405,5,0,0.24264939024845683,0.5127616440886853,3,early
3406,6,0,0.5622347010310857,0.3676837942876372,3,early
3407,7,0,0.4390354084778396,0.4887862573490424,3,early
3408,8,0,0.4736725501233934,0.6028367458207193,3,early
3409,9,0,0.6743852240175613,0.41356474343655536,3,early
3410,10,0,0.4175231598353234,0.38260442970487807,3,early
3411,11,0,0.6244659396969018,0.44256324623786203,3,early
3412,12,0,0.6741944430671614,0.5486519230183529,3,early
3413,13,0,0.8735840054008344,0.4757324777036862,3,early
3414,14,0,0.730457030102614,0.33821597922435087,3,early
3415,15,0,0.580650350118825,0.4843033415720857,3,early
3416,16,0,0.5742314811007645,0.48283906669913534,3,early
3417,17,0,0.48973720019426126,0.5138910243043119,3,early
3418,18,0,0.3300315663471993,0.5202745837571239,3,early
3419,19,0,0.29515943345962375,0.4399429350075503,3,early
3420,20,0,0.6178992846698066,0.525877778952698,3,early
3421,21,0,0.47167303980376274,0.4516811600811285,3,early
3422,22,0,0.5805285517468717,0.3790908520106285,3,early
3423,23,0,0.3233023595591954,0.43107625320394216,3,early
3424,24,0,0.22993536171730666,0.5743618280214091,3,early
3425,25,0,0.7600157268915619,0.46290720577081074,3,early
3426,26,0,0.4601845788866392,0.6448658036448911,3,early
3427,27,0,0.7330603343663631,0.35993917269917125,3,early
3428,28,0,0.6562615143614015,0.6393910571653054,3,early
3429,29,0,0.2509196280546179,0.5106971718115354,3,early
3430,30,0,0.5168085912291331,0.3398614708236624,3,early
3431,31,0,0.45686069315840216,0.4384986525677117,3,early
3432,32,0,0.9611748070975824,0.542838179664539,3,early
3433,33,0,0.5602273047789816,0.5940829634481766,3,early
3434,34,0,0.6081659294279964,0.3832191994983076,3,early
3435,35,0,0.5315507494346057,0.3375625742732236,3,early
3436,36,0,0.45472948009670267,0.5493273278952988,3,early
3437,37,0,0.3251097121588168,0.809342667985812,3,early
3438,38,0,0.5307085255224342,0.5866024077403705,3,early
3439,39,0,0.9696816092219198,0.4129135481191175,3,early
3440,40,0,0.41423456701238404,0.44337098877673153,3,early
3441,41,0,0.5476957977284169,0.48439130390949253,3,early
3442,42,0,0.5854814399406227,0.5146082446652228,3,early
3443,43,0,0.11911347469517977,0.5382926179177813,3,early
3444,44,0,0.6837191646006116,0.2620405848101692,3,early
3445,45,0,0.4873663095947505,0.4321382918172474,3,early
3446,46,0,0.41977589766940904,0.36173103385583527,3,early
3447,47,0,0.5332670688326429,0.4437556405720957,3,early
3448,48,0,0.4769855557531719,0.5841918085145261,3,early
3449,49,0,0.6550062846372274,0.5512326306030877,3,early
3450,50,0,0.39239373570465086,0.3735448572260668,3,early
3451,51,0,0.8388847593788711,0.3235284442552113,3,early
3452,52,0,0.5445214688708953,0.5602363506527333,3,early
3453,53,0,0.39687030034872234,0.3797422731958803,3,early
3454,54,0,0.4897224862948898,0.4270320763048818,3,early
3455,55,0,0.5223232723884619,0.37069922578241793,3,early
3456,56,0,0.48621694952379746,0.4347560433849995,3,early
3457,57,0,0.6967529194508291,0.3218458540281608,3,early
3458,58,0,0.6853311273724955,0.3542465223689146,3,early
3459,59,0,0.2927058485626329,0.4498937632205676,3,early
3460,60,0,0.221117010321674,0.5180210483718183,3,early
3461,61,0,0.18495998791117205,0.5563632434902831,3,early
3462,62,0,0.5468412673727887,0.4793535561556438,3,early
3463,63,0,0.32213519698258447,0.3713198405954126,3,early
3464,64,0,0.5604051544870314,0.25458368188384733,3,early
3465,65,0,0.57799579340158,0.5803785852772589,3,early
3466,66,0,0.5488268752843988,0.34693565560380846,3,early
3467,67,0,0.3203934713736342,0.3604394799920323,3,early
3468,68,0,0.7557210927530946,0.36833749085078915,3,early
3469,69,0,0.4161841696378179,0.42191472177287104,3,early
3470,70,0,0.5810768564679093,0.48134479802922603,3,early
3471,71,0,0.7889399431345101,0.3492720768036156,3,early
3472,72,0,0.28526195487140193,0.3630827115731111,3,early
3473,73,0,0.3290932995043172,0.3929335968599882,3,early
3474,74,0,0.40735664498628027,0.3761814901198847,3,early
3475,75,0,0.5545311900721808,0.41860107901789007,3,early
3476,76,0,0.6876139165705015,0.4645546624538612,3,early
3477,77,0,0.12406883710905718,0.32098056060687447,3,early
3478,78,0,0.6917025423249276,0.381181087899256,3,early
3479,79,0,0.8656753428286657,0.5633532491837432,3,early
3480,80,0,0.2790596242978343,0.480849467374877,3,early
3481,81,0,0.4584009799005784,0.24892686368770045,3,early
3482,82,0,0.6094762531899097,0.36512731500321227,3,early
3483,83,0,0.8471790294809469,0.3857241629804575,3,early
3484,84,0,0.4694145405035573,0.40090241762662826,3,early
3485,85,0,0.144354176256425,0.46890551424749244,3,early
3486,86,0,0.5322580338971058,0.43739877576210096,3,early
3487,87,0,0.3165856634119774,0.35670042119510414,3,early
3488,88,0,0.4886506383124334,0.3973043441116263,3,early
3489,89,0,0.8577100300843326,0.34388674214602344,3,early
3490,90,0,0.46946884136570205,0.47979527670873257,3,early
3491,91,0,0.9101683751355747,0.3767719931479594,3,early
3492,92,0,0.39718528269227327,0.2876469445694976,3,early
3493,93,0,0.4710599342649656,0.39714044691632033,3,early
3494,94,0,0.5691031152874797,0.3109456702373685,3,early
3495,95,0,0.6705758932715505,0.40545448541951595,3,early
3496,96,0,0.8886847329472716,0.4215485644287049,3,early
3497,97,0,0.4142279605617546,0.2592109688214441,3,early
3498,98,0,0.8081836913080055,0.35283371820818155,3,early
3499,99,0,0.7892878162682512,0.35887628894050067,3,early
3500,100,0,0.5601544850454602,0.38679447323416816,3,early
3501,101,0,0.39186248054293055,0.3536224779649394,3,early
3502,102,0,0.6722004959715703,0.4488097653643023,3,early
3503,103,0,0.26269918395689995,0.43812176174490325,3,early
3504,104,0,0.23333728973540369,0.5596875666723344,3,early
3505,105,0,0.6833264775116714,0.32643596409793163,3,early
3506,106,0,0.17450260771161274,0.5015575239099708,3,early
3507,107,0,0.6381766278242951,0.4045836476907183,3,early
3508,108,0,0.5739684563791063,0.29158518469154515,3,early
3509,109,0,0.7131869422592065,0.29271568089998434,3,early
3510,110,0,0.590641837915059,0.30274440532056046,3,early
3511,111,0,0.8189995822089486,0.33096984505839877,3,early
3512,112,0,0.17229092509093874,0.5016256211178541,3,early
3513,113,0,0.7794758122821485,0.3931124368894678,3,early
3514,114,0,0.33798095118152033,0.36513021280655766,3,early
3515,115,0,0.6373607428973556,0.3763951095609771,3,early
3516,116,0,0.4843338551053494,0.3626504830043997,3,early
3517,117,0,0.4327945229641612,0.24288902653708644,3,early
3518,118,0,0.3511399265598901,0.31166748539993494,3,early
3519,119,0,0.5293659319189925,0.29989823624616424,3,early
3520,120,0,0.7516288627161286,0.37301983619894846,3,early
3521,121,0,0.6299999648865116,0.2717484215434799,3,early
3522,122,0,0.28432871356384704,0.41958407809212195,3,early
3523,123,0,0.27052715733929095,0.2703634536446631,3,early
3524,124,0,0.49098446670952967,0.29733288937949526,3,early
3525,125,0,0.14032755592212365,0.3416162595652088,3,early
3526,126,0,0.7716711540073139,0.3188663365790782,3,early
3527,127,0,0.9158745600802181,0.3655974701824173,3,early
3528,128,0,0.6167412518115787,0.40912545673408274,3,early
3529,129,0,0.5759138226770935,0.4464427892037548,3,early
3530,130,0,0.3032628081982821,0.33665678601363846,3,early
3531,131,0,0.33066763051771764,0.42702598880331333,3,early
3532,132,0,0.38655262017300085,0.2778773986444696,3,early
3533,133,0,0.30696895242337613,0.3969263369383861,3,early
3534,134,0,0.5834745602045435,0.39028211364763304,3,early
3535,135,0,0.7026225383683296,0.2978576832410789,3,early
3536,136,0,0.32528226014968586,0.40476476195344435,3,early
3537,137,0,0.8360962044861686,0.34816618398527344,3,early
3538,138,0,0.428679140098043,0.45127429729623997,3,early
3539,139,0,0.6980114834803419,0.25176913264145767,3,early
3540,140,0,0.4197319250562579,0.37405673883243995,3,early
3541,141,0,0.5379312450504812,0.36269210860659706,3,early
3542,142,0,0.46682197893490024,0.545090753981242,3,early
3543,143,0,0.7271308093572024,0.29251970266524396,3,early
3544,144,0,0.6379836756589464,0.3649160386967996,3,early
3545,145,0,0.4374726146395162,0.282738374600338,3,early
3546,146,0,0.5669297306609933,0.3566914652674134,3,early
3547,147,0,0.289116756015321,0.4536539559430351,3,early
3548,148,0,0.19111521235169995,0.5637923876533657,3,early
3549,149,0,0.6739793335338488,0.40965598896274896,3,early
3550,150,0,0.29750093142413003,0.3483870309636595,3,early
3551,151,0,0.5633295862849961,0.3878502667249094,3,early
3552,152,0,0.3369026995718813,0.5117380257592086,3,early
3553,153,0,0.5538894992685286,0.356108488557766,3,early
3554,154,0,0.7317738005369383,0.263028939653326,3,early
3555,155,0,0.5548323584459278,0.490999276209788,3,early
3556,156,0,0.7089338241606746,0.421949951238506,3,early
3557,157,0,0.5029896256473911,0.5905049859958168,3,early
3558,158,0,0.7361751488852616,0.23458116889594707,3,early
3559,159,0,0.7792924729524993,0.24788033997290576,3,early
3560,160,0,0.5705545149354577,0.3681417458746566,3,early
3561,161,0,0.5719733669153247,0.2771709400259806,3,early
3562,162,0,0.9359240422334683,0.23104121732502148,3,early
3563,163,0,0.9680765182767941,0.360525315199199,3,early
3564,164,0,0.5595898444835435,0.3070050874294291,3,early
3565,165,0,0.76099253615953,0.49741687357097664,3,early
3566,166,0,0.40047893924226097,0.3523835953396815,3,early
3567,167,0,0.6696885654894444,0.30843077907177474,3,early
3568,168,0,0.42615309588995576,0.32345822319770495,3,early
3569,169,0,0.21006152183307036,0.26824868472085645,3,early
3570,170,0,0.18361470434460447,0.2614969563491579,3,early
3571,171,0,0.6333210315993498,0.30765500323203887,3,early
3572,172,0,0.7013675147920622,0.37938039460581297,3,early
3573,173,0,0.7868612388403664,0.4102201153181717,3,early
3574,174,0,0.49739479961041133,0.3244769432278769,3,early
3575,175,0,0.6483971153229597,0.267793448877307,3,early
3576,176,0,0.45943887160679875,0.2980499598234132,3,early
3577,177,0,0.5431245357058532,0.3798051955821057,3,early
3578,178,0,0.5544247182295399,0.29307924688394416,3,early
3579,179,0,0.8779267798395036,0.2534855529637532,3,early
3580,180,0,0.8958650381294118,0.3605413014988833,3,early
3581,181,0,0.4545317825468554,0.26202543520338284,3,early
3582,182,0,0.2874339483823971,0.30551601145339213,3,early
3583,183,0,0.7163804574472116,0.39842522766502897,3,early
3584,184,0,0.462203609105334,0.30188679415152764,3,early
3585,185,0,0.4604550755109458,0.3155783526605103,3,early
3586,186,0,0.6679910970595285,0.3276131327037858,3,early
3587,187,0,0.45360987722557894,0.31191489069932365,3,early
3588,188,0,0.5466144421401378,0.23284922306716255,3,early
3589,189,0,0.35452250383640743,0.3874209888624658,3,early
3590,190,0,0.1570071055552651,0.3568199756513916,3,early
3591,191,0,0.8646086447157516,0.32211177033387905,3,early
3592,192,0,0.3172646032279328,0.4896006759088652,3,early
3593,193,0,0.4583670767031527,0.3875756345456194,3,early
3594,194,0,0.6817761557560899,0.3152592576046819,3,early
3595,195,0,0.6294596425438694,0.34604165083536886,3,early
3596,196,0,0.7723357498530976,0.3788863700321158,3,early
3597,197,0,0.36719762150369006,0.3840572580780262,3,early
3598,198,0,0.17614067989566545,0.4232598751392255,3,early
3599,199,0,0.9326190468376547,0.28785631472330386,3,early
3600,0,0,0.31330300550556955,0.8122843449440494,3,middle
3601,1,0,0.8675082561890265,0.5568104121216766,3,middle
3602,2,0,0.4745017428268394,0.6912579026504622,3,middle
3603,3,0,0.10866716557623948,0.7962336710652735,3,middle
3604,4,0,0.23000824714123386,0.5169495480338745,3,middle
3605,5,0,0.4903083789983569,0.4179646268383396,3,middle
3606,6,0,0.1359420551536316,0.6745508406664088,3,middle
3607,7,0,0.4686356733572091,0.5035081209772014,3,middle
3608,8,0,0.6210967583586806,0.5113984416457532,3,middle
3609,9,0,0.23223826641932252,0.5977695706774829,3,middle
3610,10,0,0.365496761064278,0.5512073817104577,3,middle
3611,11,0,0.6079332590575218,0.6806644470852463,3,middle
3612,12,0,0.6308493419279964,0.47487912368140006,3,middle
3613,13,0,0.43860805427241734,0.48661685431412505,3,middle
3614,14,0,0.14945000884680104,0.5806616672705586,3,middle
3615,15,0,0.6459625736702301,0.42152684115527617,3,middle
3616,16,0,0.41676742773695635,0.462454392597851,3,middle
3617,17,0,0.6329955563668647,0.3762360156987402,3,middle
3618,18,0,0.8811920297926618,0.34675019744906754,3,middle
3619,19,0,0.62838152942774,0.584385205603861,3,middle
3620,20,0,0.7803939216270106,0.7421306350787438,3,middle
3621,21,0,0.17321989160901885,0.5462436987808028,3,middle
3622,22,0,0.6838069217709031,0.3423417628802157,3,middle
3623,23,0,0.6946822808567141,0.5224684042391792,3,middle
3624,24,0,0.3119508813536393,0.5214124071511895,3,middle
3625,25,0,0.5818100347814853,0.4676530283917463,3,middle
3626,26,0,0.5779048002194829,0.43443953376770006,3,middle
3627,27,0,0.7252270094568942,0.5512135133730331,3,middle
3628,28,0,0.5408264375574405,0.4340699354498511,3,middle
3629,29,0,0.3425057562928517,0.44818224511847526,3,middle
3630,30,0,0.7443185333122739,0.40704957251890045,3,middle
3631,31,0,0.5336080225952002,0.37323808766477523,3,middle
3632,32,0,0.3875761243592234,0.3610308599582973,3,middle
3633,33,0,0.5777499535326392,0.37986212551508103,3,middle
3634,34,0,0.6349672859363977,0.6037278423128345,3,middle
3635,35,0,0.5635326002523616,0.4788437851385022,3,middle
3636,36,0,0.4528160873282072,0.4328587102609964,3,middle
3637,37,0,0.3877770120928353,0.5345371044574855,3,middle
3638,38,0,0.48954278142979046,0.47881597449849833,3,middle
3639,39,0,0.6631989005045141,0.44210323143450414,3,middle
3640,40,0,0.4724810033147958,0.45723617273738487,3,middle
3641,41,0,0.42842416292305935,0.35262636543975645,3,middle
3642,42,0,0.6057054429284584,0.4070390668237267,3,middle
3643,43,0,0.4061083016004778,0.4764282705639139,3,middle
3644,44,0,0.6869937129882737,0.3592151509762828,3,middle
3645,45,0,0.9605545452797943,0.5073797843335167,3,middle
3646,46,0,0.020565550143859804,0.7157819920942622,3,middle
3647,47,0,0.07211425467529053,0.33640903093561236,3,middle
3648,48,0,0.24005915546819911,0.42300431292984814,3,middle
3649,49,0,0.1155347832578387,0.5258381716583015,3,middle
3650,50,0,0.4771634026040813,0.29756797679265856,3,middle
3651,51,0,0.9027125222010762,0.4240897927229368,3,middle
3652,52,0,0.9016214499024675,0.42552210244024896,3,middle
3653,53,0,0.3226279652318416,0.4908776543745059,3,middle
3654,54,0,0.5417768685879474,0.3647087792982898,3,middle
3655,55,0,0.48073554315387806,0.5965107517634729,3,middle
3656,56,0,0.8258356104690292,0.3633659682489657,3,middle
3657,57,0,0.18108827985227072,0.42129063864656435,3,middle
3658,58,0,0.8949840213602978,0.3221365329678789,3,middle
3659,59,0,0.08105756133408362,0.5501880872824103,3,middle
3660,60,0,0.08431623318011638,0.5107728821329233,3,middle
3661,61,0,0.8421823528931871,0.42835273174216304,3,middle
3662,62,0,0.8945701128103161,0.35412051993703,3,middle
3663,63,0,0.8977727100441051,0.42571711224965564,3,middle
3664,64,0,0.9819873851777701,0.43285091946294585,3,middle
3665,65,0,0.14632892138119738,0.48641479598987813,3,middle
3666,66,0,0.5347743075097382,0.3743634279814042,3,middle
3667,67,0,0.7198914503126121,0.49559798110720343,3,middle
3668,68,0,0.8254371170199473,0.4713343595563507,3,middle
3669,69,0,0.8417162312683937,0.4512688188900079,3,middle
3670,70,0,0.5933472502082557,0.45147914828014873,3,middle
3671,71,0,0.6825076912983539,0.3549538529722786,3,middle
3672,72,0,0.8248263183200722,0.35637212785778216,3,middle
3673,73,0,0.9308918570666662,0.3511525599582145,3,middle
3674,74,0,0.9733925165430706,0.34338559590802975,3,middle
3675,75,0,0.04885383612205159,0.6315886004660833,3,middle
3676,76,0,0.7652235563471192,0.4358788840764681,3,middle
3677,77,0,0.8460298908574593,0.4013026511396357,3,middle
3678,78,0,0.39120955901452403,0.431248915607084,3,middle
3679,79,0,0.4454700115941924,0.4469380773839521,3,middle
3680,80,0,0.17063275594307792,0.416598469111138,3,middle
3681,81,0,0.33895403238925387,0.5476792879696413,3,middle
3682,82,0,0.631013887914064,0.46892694692780595,3,middle
3683,83,0,0.17344861528885439,0.4129149841473488,3,middle
3684,84,0,0.47912374294116733,0.32804974755817684,3,middle
3685,85,0,0.2403610435774294,0.5113811899191281,3,middle
3686,86,0,0.480899376287615,0.3323866129382416,3,middle
3687,87,0,0.7418879373708012,0.408599699859132,3,middle
3688,88,0,0.2489811086240537,0.3113844857425977,3,middle
3689,89,0,0.40421716891606296,0.39936612244160086,3,middle
3690,90,0,0.4734442144862807,0.3091312739111931,3,middle
3691,91,0,0.44240488716654003,0.4902925829164059,3,middle
3692,92,0,0.7578959193220571,0.37957994940611284,3,middle
3693,93,0,0.8894987148736591,0.3013566015784457,3,middle
3694,94,0,0.8487772116849197,0.3454880490399046,3,middle
3695,95,0,0.12713997042333808,0.5131685847329646,3,middle
3696,96,0,0.455935330326055,0.41514369056530337,3,middle
3697,97,0,0.3388533663383544,0.4167612856837468,3,middle
3698,98,0,0.6498108977031978,0.46216561136961987,3,middle
3699,99,0,0.4811203512526506,0.32633136961246056,3,middle
3700,100,0,0.1525552813414559,0.4860327881070541,3,middle
3701,101,0,0.44312111199310655,0.299057881709217,3,middle
3702,102,0,0.5115262632803927,0.3323446534672251,3,middle
3703,103,0,0.6623969088310258,0.42813730038789677,3,middle
3704,104,0,0.8556096418347301,0.3709363319936607,3,middle
3705,105,0,0.10652709273768975,0.5380286526162665,3,middle
3706,106,0,0.30145280919908357,0.45465314312082544,3,middle
3707,107,0,0.5101102202510853,0.3910522117844991,3,middle
3708,108,0,0.5218635996426709,0.4333169423177279,3,middle
3709,109,0,0.6611773749953606,0.3527811417139972,3,middle
3710,110,0,0.566604490842329,0.3386251666836134,3,middle
3711,111,0,0.3425550032409568,0.3280363859326155,3,middle
3712,112,0,0.5825705333507534,0.4820712484895161,3,middle
3713,113,0,0.6422230255523691,0.26507827486636626,3,middle
3714,114,0,0.2682760584064139,0.4421507567961878,3,middle
3715,115,0,0.3489419809175406,0.3762613335932594,3,middle
3716,116,0,0.7182824534195461,0.33987853789695355,3,middle
3717,117,0,0.8565079926527096,0.3515643618227995,3,middle
3718,118,0,0.6695242411792266,0.5405758710850994,3,middle
3719,119,0,0.23581564215895734,0.6102156018547298,3,middle
3720,120,0,0.3686430538413431,0.3519269484312231,3,middle
3721,121,0,0.5718387423413994,0.5025709339102913,3,middle
3722,122,0,0.3734733824513253,0.6200776652273412,3,middle
3723,123,0,0.7029392183840053,0.4967547354402152,3,middle
3724,124,0,0.5026532272289862,0.41553848213673383,3,middle
3725,125,0,0.5818678921842712,0.5085946440941118,3,middle
3726,126,0,0.3010036996955908,0.4067948805213939,3,middle
3727,127,0,0.30957168326976114,0.45594736827966115,3,middle
3728,128,0,0.27144845562220815,0.32763294376671004,3,middle
3729,129,0,0.753929487550927,0.3361591428125964,3,middle
3730,130,0,0.556057045417016,0.3408088550887388,3,middle
3731,131,0,0.1655992659876732,0.42126706122038304,3,middle
3732,132,0,0.15825825701307283,0.4181053686216557,3,middle
3733,133,0,0.4591885668057954,0.31320370585983737,3,middle
3734,134,0,0.6122281574558616,0.49458657582586585,3,middle
3735,135,0,0.6663978517253353,0.41378584392521633,3,middle
3736,136,0,0.9248255474668384,0.4654171335051627,3,middle
3737,137,0,0.5021310464887282,0.43889671694296434,3,middle
3738,138,0,0.2621895043859539,0.45631316749876094,3,middle
3739,139,0,0.39578586640961383,0.3910503743962314,3,middle
3740,140,0,0.584632739317655,0.46370817642601536,3,middle
3741,141,0,0.626915264699986,0.26592095162898843,3,middle
3742,142,0,0.2674252044314312,0.48608769187129997,3,middle
3743,143,0,0.4502871059740139,0.36379533354995525,3,middle
3744,144,0,0.7468318813169575,0.48096642322968913,3,middle
3745,145,0,0.5153883811907319,0.30062214001668386,3,middle
3746,146,0,0.310987769851667,0.5188276173270948,3,middle
3747,147,0,0.47403342726191844,0.4794916355945241,3,middle
3748,148,0,0.5369867676562503,0.4530122244681655,3,middle
3749,149,0,0.31847583601225127,0.4189441033935158,3,middle
3750,150,0,0.6787713785778056,0.4182205811629313,3,middle
3751,151,0,0.7108812314383116,0.4223719699891518,3,middle
3752,152,0,0.847503758345868,0.47098273318908085,3,middle
3753,153,0,0.46248892030524735,0.43191482064592224,3,middle
3754,154,0,0.36588118022165567,0.38895495602455044,3,middle
3755,155,0,0.6652909669593733,0.3864663280862043,3,middle
3756,156,0,0.8041500317546275,0.48506409236030157,3,middle
3757,157,0,0.6633659344346017,0.36140729010818984,3,middle
3758,158,0,0.1113234561982444,0.5717604745959114,3,middle
3759,159,0,0.5234312476413685,0.3984056666956448,3,middle
3760,160,0,0.2170901779323659,0.6088542817032636,3,middle
3761,161,0,0.7640186609147888,0.44452733615082696,3,middle
3762,162,0,0.3536271084401429,0.43421608200743816,3,middle
3763,163,0,0.3228695039257538,0.3962213660141592,3,middle
3764,164,0,0.953443383229992,0.4009596613529339,3,middle
3765,165,0,0.9489885770391557,0.36580344878995963,3,middle
3766,166,0,0.6523389840377449,0.38254287611127696,3,middle
3767,167,0,0.594527472562023,0.28698024531615024,3,middle
3768,168,0,0.9052544059595461,0.32896788455595327,3,middle
3769,169,0,0.9321718242812214,0.4903959285826973,3,middle
3770,170,0,0.5611889066556333,0.4305607443478332,3,middle
3771,171,0,0.7112464524541865,0.41713603420028833,3,middle
3772,172,0,0.4345077594096141,0.4631977222441335,3,middle
3773,173,0,0.5676598900774471,0.5171929278140133,3,middle
3774,174,0,0.04054115378380769,0.47356539273374476,3,middle
3775,175,0,0.3984966412728538,0.47767846312455375,3,middle
3776,176,0,0.8061698118076829,0.40279963164783045,3,middle
3777,177,0,0.3046880301306133,0.37843282013615365,3,middle
3778,178,0,0.3836217693013757,0.35785089053005936,3,middle
3779,179,0,0.866116245528789,0.30115192571794464,3,middle
3780,180,0,0.5167103405720209,0.3395246650905175,3,middle
3781,181,0,0.25125453846414547,0.32118213804809154,3,middle
3782,182,0,0.45364408717286175,0.4216393432497927,3,middle
3783,183,0,0.3092536267037649,0.4883858489866284,3,middle
3784,184,0,0.6021352768684219,0.3467809249200758,3,middle
3785,185,0,0.09666456315947229,0.4147774783076518,3,middle
3786,186,0,0.463224186054078,0.37444258362175636,3,middle
3787,187,0,0.8473324077660793,0.3212701647666891,3,middle
3788,188,0,0.14208361008661735,0.2961305769419749,3,middle
3789,189,0,0.1737731039015896,0.3555333602242313,3,middle
3790,190,0,0.6812122125316016,0.3633285511756627,3,middle
3791,191,0,0.5096243127201404,0.30629670816812415,3,middle
3792,192,0,0.49509627734186956,0.3751450219828021,3,middle
3793,193,0,0.2237168903469498,0.3205624882437811,3,middle
3794,194,0,0.7705521931514943,0.33009793839445495,3,middle
3795,195,0,0.5393816178806117,0.3626531202693992,3,middle
3796,196,0,0.5836728636310141,0.39937165277605025,3,middle
3797,197,0,0.5398260870474169,0.49951174510289853,3,middle
3798,198,0,0.626254930763394,0.49494213796074854,3,middle
3799,199,0,0.60472361816773,0.3548472035790271,3,middle
3800,0,0,0.35635264020440144,0.617428568702977,3,late
3801,1,0,0.8259634942249703,0.585738559858318,3,late
3802,2,0,0.45345644979492605,0.7015923506223818,3,late
3803,3,0,0.7455095673505003,0.3518947271132875,3,late
3804,4,0,0.6556397714489859,0.4720388343931138,3,late
3805,5,0,0.6088942024966751,0.4249999978456384,3,late
3806,6,0,0.7037016594061494,0.35088507706514477,3,late
3807,7,0,0.6664612902623197,0.5009658971847947,3,late
3808,8,0,0.4018831337674261,0.49952407749211974,3,late
3809,9,0,0.6899009580882962,0.4508094541236469,3,late
3810,10,0,0.41425993028573166,0.5980317094440836,3,late
3811,11,0,0.7058850166000017,0.3859880492528778,3,late
3812,12,0,0.7571569128608235,0.28912587160969944,3,late
3813,13,0,0.4354063589637429,0.47479687685562755,3,late
3814,14,0,0.6877932553495292,0.5206076722269183,3,late
3815,15,0,0.5813501463597511,0.3979528478566017,3,late
3816,16,0,0.6403966850938019,0.4722166106895034,3,late
3817,17,0,0.6904455822267155,0.4125827098335799,3,late
3818,18,0,0.32178562855447557,0.43247020829180327,3,late
3819,19,0,0.7296044139815008,0.43074962563571695,3,late
3820,20,0,0.5402140992792529,0.5615304944510617,3,late
3821,21,0,0.41279858728803165,0.33515248329350344,3,late
3822,22,0,0.4295698385424234,0.4285890368229556,3,late
3823,23,0,0.5280377418683522,0.4137283711552187,3,late
3824,24,0,0.3238574706761334,0.4793756479516734,3,late
3825,25,0,0.49747726924584135,0.47085358715770403,3,late
3826,26,0,0.7981164626578863,0.3042246430155391,3,late
3827,27,0,0.45838583262742133,0.4632643219760082,3,late
3828,28,0,0.6147434928154499,0.4586190912571776,3,late
3829,29,0,0.7136435289012943,0.4518634292378358,3,late
3830,30,0,0.36900257659858976,0.5248436948997545,3,late
3831,31,0,0.6427916950138903,0.4270132451313675,3,late
3832,32,0,0.21751917697495143,0.43326641749906036,3,late
3833,33,0,0.4366607346545906,0.36762354022271554,3,late
3834,34,0,0.5975232100470376,0.45745888689137293,3,late
3835,35,0,0.48336382140649437,0.35332880674955913,3,late
3836,36,0,0.40355957097529915,0.47788964951455465,3,late
3837,37,0,0.8553402462267546,0.372749264078365,3,late
3838,38,0,0.4626572227092439,0.45061540951224394,3,late
3839,39,0,0.565577214253567,0.3529154013682049,3,late
3840,40,0,0.5710671900718147,0.33289330861212185,3,late
3841,41,0,0.17178773502822497,0.347903376385709,3,late
3842,42,0,0.44944897133813005,0.3597487843287517,3,late
3843,43,0,0.39208171458008156,0.554179452612538,3,late
3844,44,0,0.4302092981334472,0.5833257005745054,3,late
3845,45,0,0.22092057937861231,0.6125285245095564,3,late
3846,46,0,0.12314939409537967,0.4831582358719479,3,late
3847,47,0,0.4439276144919247,0.4245690639928425,3,late
3848,48,0,0.4283416062085953,0.3496085471735108,3,late
3849,49,0,0.5385062969421918,0.3234627179709559,3,late
3850,50,0,0.7702977985153147,0.33244814592410044,3,late
3851,51,0,0.718775923481658,0.3737713098488369,3,late
3852,52,0,0.4732162252629622,0.4263704300328268,3,late
3853,53,0,0.4765940004517336,0.4563717463796438,3,late
3854,54,0,0.31637306066538473,0.2828462236502287,3,late
3855,55,0,0.44155742935798653,0.46014405385733026,3,late
3856,56,0,0.6461088675930022,0.5005308824572642,3,late
3857,57,0,0.23801282213758523,0.40901285807228926,3,late
3858,58,0,0.9025112553766931,0.39772621482656206,3,late
3859,59,0,0.5897421316479043,0.3005997517260799,3,late
3860,60,0,0.7192382164068516,0.29848492997863296,3,late
3861,61,0,0.5241111642866505,0.36655283031460795,3,late
3862,62,0,0.7695441807622759,0.44764276345201626,3,late
3863,63,0,0.37016464701888085,0.4473456947287873,3,late
3864,64,0,0.4309827920390652,0.4076884856003551,3,late
3865,65,0,0.7968633365575906,0.39642117070082883,3,late
3866,66,0,0.5159503153713524,0.3510518279326861,3,late
3867,67,0,0.5743746460807059,0.3707016045395999,3,late
3868,68,0,0.6305457716011273,0.484044917198187,3,late
3869,69,0,0.4267736650891724,0.3855759806103868,3,late
3870,70,0,0.6630094623049099,0.39825268565062344,3,late
3871,71,0,0.4398450091733321,0.2833293863187661,3,late
3872,72,0,0.5153355376813136,0.35441019104240246,3,late
3873,73,0,0.6297679509912479,0.5343316341420573,3,late
3874,74,0,0.5321319711874861,0.4537936680438498,3,late
3875,75,0,0.4122099362915641,0.42677840373039144,3,late
3876,76,0,0.684230072810111,0.41957689697238854,3,late
3877,77,0,0.5044964737095089,0.3824936614994756,3,late
3878,78,0,0.6340348706984186,0.28373956299781333,3,late
3879,79,0,0.5706204947611265,0.355826708294663,3,late
3880,80,0,0.18189676643035402,0.4689896831120549,3,late
3881,81,0,0.15962493525892202,0.38903869604146357,3,late
3882,82,0,0.6623946749469822,0.25939874685390624,3,late
3883,83,0,0.40862750616159604,0.27386328127224024,3,late
3884,84,0,0.5712987284030322,0.3915279558064896,3,late
3885,85,0,0.7863514061391244,0.4916272066783285,3,late
3886,86,0,0.7072008438612072,0.36509045970693316,3,late
3887,87,0,0.6451075777407212,0.4224326152630694,3,late
3888,88,0,0.6835731716823732,0.3526550028694741,3,late
3889,89,0,0.3821023878010193,0.39857096688698757,3,late
3890,90,0,0.6060351143260959,0.34195022765253064,3,late
3891,91,0,0.7297531985390129,0.3229086028615859,3,late
3892,92,0,0.4031316003144175,0.3102837310256733,3,late
3893,93,0,0.4590478417193604,0.35363019131004836,3,late
3894,94,0,0.7238332574559686,0.2791776086212491,3,late
3895,95,0,0.7936264430343669,0.31381947280457034,3,late
3896,96,0,0.6779389360785547,0.307978598326044,3,late
3897,97,0,0.8390575028796865,0.34184975763254816,3,late
3898,98,0,0.5156665498658888,0.45588120335742666,3,late
3899,99,0,0.5468212286142023,0.265705151505366,3,late
3900,100,0,0.3238469591174204,0.510316597879149,3,late
3901,101,0,0.5353487130147758,0.36946600355623754,3,late
3902,102,0,0.8971215792189294,0.3989174413731227,3,late
3903,103,0,0.26761257393368415,0.5158112137951135,3,late
3904,104,0,0.3993036341430405,0.3287198087735998,3,late
3905,105,0,0.7020812038207978,0.3494176272413454,3,late
3906,106,0,0.8699308429489274,0.3393813243649098,3,late
3907,107,0,0.24702642027855767,0.38651783604510903,3,late
3908,108,0,0.8405716734201845,0.2442003374520858,3,late
3909,109,0,0.8641309981417072,0.23824085590862365,3,late
3910,110,0,0.5216161251526241,0.44669941221276255,3,late
3911,111,0,0.4619062773921817,0.36691527086926623,3,late
3912,112,0,0.7947908016409722,0.43309633377731427,3,late
3913,113,0,0.6186147325448998,0.3396522605723011,3,late
3914,114,0,0.5453494102652489,0.4812817004951232,3,late
3915,115,0,0.1284358847824178,0.31303872835413166,3,late
3916,116,0,0.8830785789098416,0.2998353443074401,3,late
3917,117,0,0.32844383075333444,0.35319883870970015,3,late
3918,118,0,0.5593740405742198,0.4284015895845424,3,late
3919,119,0,0.4613243905259326,0.2645327869216807,3,late
3920,120,0,0.19004769247934622,0.4620424225527787,3,late
3921,121,0,0.29185960146455553,0.4171265768193988,3,late
3922,122,0,0.6392486353320188,0.3417889746481245,3,late
3923,123,0,0.13609442587576678,0.3510237827874786,3,late
3924,124,0,0.4939250850138849,0.2939220882944389,3,late
3925,125,0,0.2571181113088926,0.3169427727717514,3,late
3926,126,0,0.26027244318814124,0.3722336076458621,3,late
3927,127,0,0.44641422578783585,0.37279552245198133,3,late
3928,128,0,0.24332365223663516,0.39026360356661194,3,late
3929,129,0,0.803377580647582,0.34126626199007726,3,late
3930,130,0,0.13672871245907275,0.39350170783174404,3,late
3931,131,0,0.1876756581602629,0.4298305876545394,3,late
3932,132,0,0.3039909649757424,0.645319646159455,3,late
3933,133,0,0.5891582000541367,0.32528942203647304,3,late
3934,134,0,0.5267966997553508,0.2728548620240603,3,late
3935,135,0,0.7113769059210266,0.2956021821951137,3,late
3936,136,0,0.43923219926446466,0.28989789535722155,3,late
3937,137,0,0.07061812562712257,0.4792155926472168,3,late
3938,138,0,0.8126440030840276,0.38836527209932953,3,late
3939,139,0,0.20092262299507768,0.5446219948437467,3,late
3940,140,0,0.5700342612246845,0.3845027370517144,3,late
3941,141,0,0.3300230796829513,0.34924270936768004,3,late
3942,142,0,0.8133874395141418,0.4577392713645044,3,late
3943,143,0,0.5341519599365827,0.3326302590341177,3,late
3944,144,0,0.09158089152715035,0.4157382230200229,3,late
3945,145,0,0.22229738416994974,0.4181980920149736,3,late
3946,146,0,0.5765069561516608,0.252411157465095,3,late
3947,147,0,0.5736145838464902,0.329202059929371,3,late
3948,148,0,0.3908683645646738,0.2715150067868317,3,late
3949,149,0,0.42626310638536963,0.545410055604354,3,late
3950,150,0,0.4693982168697768,0.28755446221633746,3,late
3951,151,0,0.536832633066822,0.3122187415707081,3,late
3952,152,0,0.4742904023674077,0.2439134437849858,3,late
3953,153,0,0.5457306088206192,0.2806407864470257,3,late
3954,154,0,0.46678980877426257,0.27380779818853807,3,late
3955,155,0,0.5484080053087945,0.30270961857329665,3,late
3956,156,0,0.6854524522512571,0.3386738056966725,3,late
3957,157,0,0.12084334045745145,0.580681463933066,3,late
3958,158,0,0.2928400710945213,0.2920631033615976,3,late
3959,159,0,0.5163373943624356,0.33314293235717485,3,late
3960,160,0,0.34012241677463495,0.40957515097049746,3,late
3961,161,0,0.5059142278347329,0.3441143912946617,3,late
3962,162,0,0.4837239957440901,0.2641324115032652,3,late
3963,163,0,0.396705774311649,0.3427159191368662,3,late
3964,164,0,0.5410848472604508,0.28450279760374464,3,late
3965,165,0,0.5319095001220749,0.33479853683180183,3,late
3966,166,0,0.5476924587667165,0.45451440512124497,3,late
3967,167,0,0.39466872122243746,0.33306502342627353,3,late
3968,168,0,0.2923979065992984,0.5357307858966662,3,late
3969,169,0,0.1187398583145347,0.5720199975667981,3,late
3970,170,0,0.505499859732857,0.4613894067858598,3,late
3971,171,0,0.9264281500627376,0.42312473721414445,3,late
3972,172,0,0.6990922657289752,0.3198491971836319,3,late
3973,173,0,0.4487711867748471,0.4043117565169097,3,late
3974,174,0,0.5277895430608318,0.33991914795785944,3,late
3975,175,0,0.495302005990797,0.351346176960568,3,late
3976,176,0,0.5578220120315981,0.27938085792985223,3,late
3977,177,0,0.7951829199043527,0.23194396672911183,3,late
3978,178,0,0.2901067383535171,0.43496564221375766,3,late
3979,179,0,0.33488325904476346,0.38768911416362256,3,late
3980,180,0,0.4382764398722313,0.411868198345268,3,late
3981,181,0,0.4545841064575477,0.2882499714226033,3,late
3982,182,0,0.4410060474214032,0.24995617289732247,3,late
3983,183,0,0.7397790200365054,0.3519591553587573,3,late
3984,184,0,0.3794753640831893,0.3502527975680498,3,late
3985,185,0,0.39192144654121935,0.3082758171696534,3,late
3986,186,0,0.3250052368377087,0.31098687643960166,3,late
3987,187,0,0.4556190245237851,0.2975146567408633,3,late
3988,188,0,0.624404568132411,0.334167347267015,3,late
3989,189,0,0.7884164905274091,0.29812412117772913,3,late
3990,190,0,0.5666463929439354,0.5546989445001931,3,late
3991,191,0,0.36724145994076873,0.35713306960545566,3,late
3992,192,0,0.6068041999500604,0.2731490380457224,3,late
3993,193,0,0.40899243915964434,0.28478010677785087,3,late
3994,194,0,0.8731433794693939,0.3281227397278692,3,late
3995,195,0,0.44070726216752115,0.4122708691217657,3,late
3996,196,0,0.5533008713143496,0.29925352757518897,3,late
3997,197,0,0.45523908058586043,0.33819452169631736,3,late
3998,198,0,0.30418840750896486,0.2803113544190261,3,late
3999,199,0,0.3557864419751837,0.33428945987339354,3,late
4000,0,0,0.5658915294962077,0.5644622972082671,4,interleaved
4001,1,0,0.8760414020127427,0.5457294371102047,4,interleaved
4002,2,0,0.5171189370581336,0.3377350610520493,4,interleaved
4003,3,0,0.4028239084729341,0.5096480001321159,4,interleaved
4004,4,0,0.7575405180708473,0.5333968125693372,4,interleaved
4005,5,0,0.2610231420634414,0.422739446166991,4,interleaved
4006,6,0,0.7598495691897412,0.44165233815624577,4,interleaved
4007,7,0,0.4168472831872388,0.4291129990915915,4,interleaved
4008,8,0,0.34469300560258487,0.6237887920516543,4,interleaved
4009,9,0,0.46524453844056396,0.5925756133926736,4,interleaved
4010,10,0,0.6847657625537384,0.5089212177233817,4,interleaved
4011,11,0,0.469522973934764,0.44726774366508426,4,interleaved
4012,12,0,0.791644562461445,0.47249564312559444,4,interleaved
4013,13,0,0.31465406880582625,0.5042999683306563,4,interleaved
4014,14,0,0.756669669568553,0.44294757277340907,4,interleaved
4015,15,0,0.4042119172421718,0.570796423101314,4,interleaved
4016,16,0,0.5159385870239277,0.446268828574141,4,interleaved
4017,17,0,0.6778592122523865,0.5429439606360237,4,interleaved
4018,18,0,0.897466623772511,0.501979983650406,4,interleaved
4019,19,0,0.5456857894611473,0.42705347820938033,4,interleaved
4020,20,0,0.7309441914054817,0.37020802651062823,4,interleaved
4021,21,0,0.4401765521386911,0.38765938720832904,4,interleaved
4022,22,0,0.8454407433092532,0.30157463980145127,4,interleaved
4023,23,0,0.5089632649139799,0.31759628514150123,4,interleaved
4024,24,0,0.8496142043749606,0.4762867248852021,4,interleaved
4025,25,0,0.6624637212640322,0.35229226881182524,4,interleaved
4026,26,0,0.7233110667763728,0.3387402725329304,4,interleaved
4027,27,0,0.3341571734356945,0.5266135583522001,4,interleaved
4028,28,0,0.9169865290107029,0.45665852951908364,4,interleaved
4029,29,0,0.45312563592554755,0.6054536167985021,4,interleaved
4030,30,0,0.9729202479661279,0.41117216166124126,4,interleaved
4031,31,0,0.5134614138339796,0.5329898082441763,4,interleaved
4032,32,0,0.32925814202085085,0.4509486631370285,4,interleaved
4033,33,0,0.045927619588709556,0.5433403505414913,4,interleaved
4034,34,0,0.4052727568502783,0.49964700191687095,4,interleaved
4035,35,0,0.526645222487063,0.35153162285415357,4,interleaved
4036,36,0,0.3385278612474135,0.3807479522004704,4,interleaved
4037,37,0,0.5244459672579439,0.45424386432078484,4,interleaved
4038,38,0,0.4795412817616168,0.4970758761485914,4,interleaved
4039,39,0,0.36440426338340687,0.3044104554573552,4,interleaved
4040,40,0,0.7313454003516515,0.39897205678573566,4,interleaved
4041,41,0,0.4809420118792104,0.5327813469373359,4,interleaved
4042,42,0,0.4919396311897983,0.40298384453006286,4,interleaved
4043,43,0,0.7503815977136195,0.43612823436391035,4,interleaved
4044,44,0,0.38401580722068396,0.48590628001181446,4,interleaved
4045,45,0,0.6646359004863249,0.3228958323860237,4,interleaved
4046,46,0,0.364606579323243,0.34266725926860875,4,interleaved
4047,47,0,0.7816746092913676,0.3650748574191738,4,interleaved
4048,48,0,0.5137494386640316,0.35822601649785857,4,interleaved
4049,49,0,0.6216480262284347,0.5181927274653955,4,interleaved
4050,50,0,0.5968956663446876,0.4043860935934103,4,interleaved
4051,51,0,0.8672375840070357,0.4013911035091784,4,interleaved
4052,52,0,0.5934901338039076,0.41472668217221653,4,interleaved
4053,53,0,0.43625803462769863,0.48270248351581474,4,interleaved
4054,54,0,0.0786793313550634,0.3856449913331592,4,interleaved
4055,55,0,0.5489131787374747,0.4867562418297089,4,interleaved
4056,56,0,0.678957255699916,0.36229422743557493,4,interleaved
4057,57,0,0.6143403524394536,0.427481685788389,4,interleaved
4058,58,0,0.5062497222676432,0.4355111959906165,4,interleaved
4059,59,0,0.7862072200772028,0.33731595626430394,4,interleaved
4060,60,0,0.6504103472490905,0.4003582892100632,4,interleaved
4061,61,0,0.20081012252961206,0.3963307595766292,4,interleaved
4062,62,0,0.29851948893095653,0.41837145353156446,4,interleaved
4063,63,0,0.7589914826499573,0.5426908318732147,4,interleaved
4064,64,0,0.3295969181069219,0.44552936630775475,4,interleaved
4065,65,0,0.773664587375236,0.38321572423684835,4,interleaved
4066,66,0,0.4558404029915992,0.4756920138887071,4,interleaved
4067,67,0,0.2611197189882473,0.4577614295256215,4,interleaved
4068,68,0,0.6108861060269628,0.35566395973459364,4,interleaved
4069,69,0,0.28987899155341096,0.45737107081405426,4,interleaved
4070,70,0,0.33910367271774866,0.5434880341178494,4,interleaved
4071,71,0,0.2041530880249393,0.4245032390741247,4,interleaved
4072,72,0,0.3727324633105065,0.5586771244014641,4,interleaved
4073,73,0,0.5634912283877515,0.4363798590112745,4,interleaved
4074,74,0,0.932574454517561,0.2999622969452437,4,interleaved
4075,75,0,0.45611185428558076,0.43181647325997097,4,interleaved
4076,76,0,0.34145102604116195,0.39432548892644737,4,interleaved
4077,77,0,0.6398158336579602,0.2910095667564263,4,interleaved
4078,78,0,0.2680564706408206,0.41776234477203944,4,interleaved
4079,79,0,0.2775483459968728,0.3815932323987915,4,interleaved
4080,80,0,0.5819825456034318,0.3832460081327418,4,interleaved
4081,81,0,0.7090024807158559,0.4446541688707969,4,interleaved
4082,82,0,0.416675236139663,0.5034824709611171,4,interleaved
4083,83,0,0.28510838382454434,0.3685924382422035,4,interleaved
4084,84,0,0.6992816779340344,0.4506128884623408,4,interleaved
4085,85,0,0.7351671995808622,0.34806661185158894,4,interleaved
4086,86,0,0.6595073961513667,0.32379642850105855,4,interleaved
4087,87,0,0.40962352912783284,0.38023551956307355,4,interleaved
4088,88,0,0.33758182302693296,0.35064182135399813,4,interleaved
4089,89,0,0.49013438607203585,0.5820111454750451,4,interleaved
4090,90,0,0.4118465273576564,0.3629799094224264,4,interleaved
4091,91,0,0.5649853795758774,0.349743869386393,4,interleaved
4092,92,0,0.2870005848019761,0.4436805469421965,4,interleaved
4093,93,0,0.14066578282464445,0.3685874032240295,4,interleaved
4094,94,0,0.8290948580014429,0.3789565996101052,4,interleaved
4095,95,0,0.5143586187303697,0.2947454963102661,4,interleaved
4096,96,0,0.3358794573535144,0.47445846054676416,4,interleaved
4097,97,0,0.6949652509423111,0.4790492888984253,4,interleaved
4098,98,0,0.3909126492290397,0.4898576371601615,4,interleaved
4099,99,0,0.7594134178531791,0.3870190672670231,4,interleaved
4100,100,0,0.8051054414712119,0.3657633915436833,4,interleaved
4101,101,0,0.5156725011986782,0.380836131916503,4,interleaved
4102,102,0,0.8559849605204679,0.5056463879451315,4,interleaved
4103,103,0,0.5091757949832776,0.5282842643507597,4,interleaved
4104,104,0,0.23016567847782374,0.35882785166397374,4,interleaved
4105,105,0,0.7448972671799385,0.39475581040785324,4,interleaved
4106,106,0,0.5314343239310075,0.3041468669206595,4,interleaved
4107,107,0,0.2662790091554419,0.40351911806678753,4,interleaved
4108,108,0,0.44688431881103907,0.3588836593470778,4,interleaved
4109,109,0,0.41838279385806976,0.26914129104256396,4,interleaved
4110,110,0,0.5646954186879812,0.32471279547046783,4,interleaved
4111,111,0,0.6635233342294077,0.41128296894341454,4,interleaved
4112,112,0,0.4418264418521175,0.6092285372843036,4,interleaved
4113,113,0,0.4634674281635065,0.3317902261202949,4,interleaved
4114,114,0,0.8694746161213935,0.2965035392157169,4,interleaved
4115,115,0,0.5904677572668737,0.48443853358501276,4,interleaved
4116,116,0,0.4599633464004279,0.3707415256183538,4,interleaved
4117,117,0,0.28687795028810603,0.3643608305609589,4,interleaved
4118,118,0,0.3515204786686727,0.27771610095698834,4,interleaved
4119,119,0,0.5387709926741511,0.3193041031544498,4,interleaved
4120,120,0,0.458848021109696,0.3106496071777342,4,interleaved
4121,121,0,0.6203317548962773,0.5067177910228675,4,interleaved
4122,122,0,0.49569065840049376,0.4906961945663414,4,interleaved
4123,123,0,0.09859462158254373,0.5104244905854682,4,interleaved
4124,124,0,0.6080966486218856,0.31900401516058097,4,interleaved
4125,125,0,0.8691475029317397,0.45930515319782417,4,interleaved
4126,126,0,0.3059512483422228,0.3348155977467764,4,interleaved
4127,127,0,0.4170445158970591,0.35013999707491705,4,interleaved
4128,128,0,0.5711558198934228,0.2692580553849941,4,interleaved
4129,129,0,0.5436051600599563,0.28193650374758805,4,interleaved
4130,130,0,0.7556247201530186,0.25649835129704923,4,interleaved
4131,131,0,0.6240567157522653,0.397750757221494,4,interleaved
4132,132,0,0.7390180338438707,0.28529501563354753,4,interleaved
4133,133,0,0.12649178921436585,0.587092744720918,4,interleaved
4134,134,0,0.25099071449480526,0.2833460785041892,4,interleaved
4135,135,0,0.1742271666391072,0.4626407821569497,4,interleaved
4136,136,0,0.2341552407828955,0.47573805443569117,4,interleaved
4137,137,0,0.4417999424246038,0.3316277138943127,4,interleaved
4138,138,0,0.2613975704639725,0.4070880747383638,4,interleaved
4139,139,0,0.5472160488760005,0.47147349519169224,4,interleaved
4140,140,0,0.2354191634762231,0.3185639091144157,4,interleaved
4141,141,0,0.5145291110286232,0.40864522450268204,4,interleaved
4142,142,0,0.5059406170300398,0.30840992877767737,4,interleaved
4143,143,0,0.9345427296223987,0.43752323908837,4,interleaved
4144,144,0,0.533682748632772,0.3930584100696374,4,interleaved
4145,145,0,0.1709340714346448,0.4792830301102571,4,interleaved
4146,146,0,0.5814756166930886,0.37834194598446114,4,interleaved
4147,147,0,0.44464485137623067,0.2811045088383183,4,interleaved
4148,148,0,0.39981146531344147,0.4132698969454762,4,interleaved
4149,149,0,0.5269959974603646,0.3251133865603976,4,interleaved
4150,150,0,0.44312914671283404,0.35769061162283167,4,interleaved
4151,151,0,0.7528813276763822,0.3405828410911559,4,interleaved
4152,152,0,0.43113336172188854,0.1936801226172722,4,interleaved
4153,153,0,0.08740578835504911,0.418861850465416,4,interleaved
4154,154,0,0.3286056014712829,0.47278458359217784,4,interleaved
4155,155,0,0.28151596049181826,0.37127390541004096,4,interleaved
4156,156,0,0.6919652823314659,0.2637082258055391,4,interleaved
4157,157,0,0.6656606796827406,0.33492407832894056,4,interleaved
4158,158,0,0.716258912963566,0.37291349821367387,4,interleaved
4159,159,0,0.13563275277032966,0.4173298020327163,4,interleaved
4160,160,0,0.7356516639882031,0.32058093956299055,4,interleaved
4161,161,0,0.5539005257366147,0.5919854517875637,4,interleaved
4162,162,0,0.2527469380853649,0.28577515208972404,4,interleaved
4163,163,0,0.7137753732688364,0.37497252038643825,4,interleaved
4164,164,0,0.5819271718796402,0.49232034258244495,4,interleaved
4165,165,0,0.8002411855662144,0.358514197073195,4,interleaved
4166,166,0,0.8323885688637364,0.33541128100929496,4,interleaved
4167,167,0,0.529576589765248,0.3287166685581998,4,interleaved
4168,168,0,0.4987810204690564,0.3169248774050286,4,interleaved
4169,169,0,0.4431755981139033,0.44316644921354786,4,interleaved
4170,170,0,0.5672181669586581,0.35790638511976514,4,interleaved
4171,171,0,0.41143083431915045,0.4346961497619686,4,interleaved
4172,172,0,0.6308567631427341,0.2545684706488225,4,interleaved
4173,173,0,0.39349482366756117,0.3978701043664563,4,interleaved
4174,174,0,0.48548149735236157,0.33461181851196403,4,interleaved
4175,175,0,0.8833625009310744,0.45874447677433566,4,interleaved
4176,176,0,0.848290750393212,0.30467849741015707,4,interleaved
4177,177,0,0.34697259411540726,0.5226783049132566,4,interleaved
4178,178,0,0.49063267701887814,0.42686695405252884,4,interleaved
4179,179,0,0.5016507797646986,0.40538719812215984,4,interleaved
4180,180,0,0.3474844951174807,0.3796746893631378,4,interleaved
4181,181,0,0.8328141177151185,0.3457776402031959,4,interleaved
4182,182,0,0.23826294493043715,0.42181021632832383,4,interleaved
4183,183,0,0.22918732871791805,0.49486434907255417,4,interleaved
4184,184,0,0.5401198499870264,0.5734885125642094,4,interleaved
4185,185,0,0.03286343319793589,0.32206327028316667,4,interleaved
4186,186,0,0.9007137245157393,0.2952076407116514,4,interleaved
4187,187,0,0.35810584823625635,0.30756571655278275,4,interleaved
4188,188,0,0.508680869801301,0.268275221516506,4,interleaved
4189,189,0,0.8356680229592457,0.4209123629930513,4,interleaved
4190,190,0,0.4176743067834033,0.342577056115245,4,interleaved
4191,191,0,0.7501994266811438,0.32543967548313546,4,interleaved
4192,192,0,0.8632253390373268,0.32444656577416053,4,interleaved
4193,193,0,0.28878029687345347,0.5271651247904281,4,interleaved
4194,194,0,0.6637049103242195,0.3486915944731732,4,interleaved
4195,195,0,0.3851805044982075,0.30535890797555737,4,interleaved
4196,196,0,0.5839141431104982,0.39677166801397745,4,interleaved
4197,197,0,0.41152942947609794,0.2671242798991753,4,interleaved
4198,198,0,0.4693604070638667,0.4065947261312172,4,interleaved
4199,199,0,0.6462612119343614,0.35116799848255975,4,interleaved
4200,0,0,0.1374265817989978,0.8415220553413097,4,blocked
4201,1,0,0.16178530559247575,0.6586658728778492,4,blocked
4202,2,0,0.712034828081519,0.5659615090813523,4,blocked
4203,3,0,0.8930920923120639,0.7015823986762858,4,blocked
4204,4,0,0.9766006457041476,0.2604580511551723,4,blocked
4205,5,0,0.09777289643001091,0.46973939169790246,4,blocked
4206,6,0,0.5655126369128421,0.44728029797188806,4,blocked
4207,7,0,0.4945476967529422,0.463358806707699,4,blocked
4208,8,0,0.4820731557265383,0.5185214699112592,4,blocked
4209,9,0,0.22560351413145618,0.5635516691725156,4,blocked
4210,10,0,0.4480511436401283,0.3721310490613197,4,blocked
4211,11,0,0.333749283243974,0.4156801364163717,4,blocked
4212,12,0,0.9270996754170464,0.5108952217260472,4,blocked
4213,13,0,0.4327748688654976,0.7149970282460856,4,blocked
4214,14,0,0.460266967387699,0.36008854857820066,4,blocked
4215,15,0,0.6394081966202112,0.38143157914027204,4,blocked
4216,16,0,0.2822316270094536,0.4491801183695646,4,blocked
4217,17,0,0.6341372287588964,0.5898911997523735,4,blocked
4218,18,0,0.32587214246202195,0.40054883549503717,4,blocked
4219,19,0,0.5873840849277819,0.4151951522685989,4,blocked
4220,20,0,0.2578058006261451,0.45713052911247753,4,blocked
4221,21,0,0.5567843927334672,0.36544589973758357,4,blocked
4222,22,0,0.7472623531909682,0.462496499695414,4,blocked
4223,23,0,0.06381107046826548,0.45772380701751475,4,blocked
4224,24,0,0.055530134542088536,0.5327128362361148,4,blocked
4225,25,0,0.5536043056613937,0.40611483872873566,4,blocked
4226,26,0,0.1973401553224459,0.6335811578049282,4,blocked
4227,27,0,0.8008675980253142,0.30112006055148455,4,blocked
4228,28,0,0.24312069159293476,0.4459403965943074,4,blocked
4229,29,0,0.5790066239621796,0.27198087268168947,4,blocked
4230,30,0,0.6034851457134282,0.3624466606105934,4,blocked
4231,31,0,0.3845112712217129,0.5424268794945907,4,blocked
4232,32,0,0.4491045323725685,0.4710505873194776,4,blocked
4233,33,0,0.24149214636852928,0.5646400194584685,4,blocked
4234,34,0,0.7980818683504541,0.4737967328694273,4,blocked
4235,35,0,0.3500311070678814,0.49150019602288975,4,blocked
4236,36,0,0.633704081398041,0.4922145436503288,4,blocked
4237,37,0,0.6605743098837871,0.4348907020714408,4,blocked
4238,38,0,0.6549176764492157,0.48171181776777006,4,blocked
4239,39,0,0.5440426057017762,0.3144579084306671,4,blocked
4240,40,0,0.1849462210759551,0.45656830413547345,4,blocked
4241,41,0,0.4084578822725181,0.3646050525378843,4,blocked
4242,42,0,0.1654326721922133,0.7710612796754011,4,blocked
4243,43,0,0.20052047897432623,0.3465214224729228,4,blocked
4244,44,0,0.45110521270201515,0.4254414375164874,4,blocked
4245,45,0,0.5208437755966986,0.4745825827226268,4,blocked
4246,46,0,0.4042601201435301,0.4653223512691313,4,blocked
4247,47,0,0.6573869105116668,0.4337397394501613,4,blocked
4248,48,0,0.41722418851486615,0.44515803448089475,4,blocked
4249,49,0,0.5550867659267174,0.5682535534506279,4,blocked
4250,50,0,0.39289148891170944,0.5929834524045383,4,blocked
4251,51,0,0.864660114750051,0.6683461077326738,4,blocked
4252,52,0,0.12406502693650265,0.5420859403778076,4,blocked
4253,53,0,0.8133669484297636,0.5049398304412248,4,blocked
4254,54,0,0.11680339610936175,0.3512873106538601,4,blocked
4255,55,0,0.8682693629684943,0.4131485501258144,4,blocked
4256,56,0,0.3080058257991891,0.5170987618739995,4,blocked
4257,57,0,0.24574786057755899,0.510563896977593,4,blocked
4258,58,0,0.7168237819950951,0.3800184093537311,4,blocked
4259,59,0,0.3609200240557846,0.5079938085248387,4,blocked
4260,60,0,0.493428387903581,0.6099237672242901,4,blocked
4261,61,0,0.5183599143100283,0.5525927281925658,4,blocked
4262,62,0,0.49667967062373014,0.5107633407643005,4,blocked
4263,63,0,0.3716781030066548,0.3492671017924903,4,blocked
4264,64,0,0.49030174204303745,0.25699744270334446,4,blocked
4265,65,0,0.48448367199947223,0.4060616659802999,4,blocked
4266,66,0,0.7145787017080396,0.40499346392310714,4,blocked
4267,67,0,0.48274075284999907,0.4469563045892622,4,blocked
4268,68,0,0.7902201242945082,0.4077796988300372,4,blocked
4269,69,0,0.9609376396958231,0.37445006287093086,4,blocked
4270,70,0,0.3484628122144428,0.44822660512076257,4,blocked
4271,71,0,0.5373935545324722,0.4575650741089705,4,blocked
4272,72,0,0.5162672308863288,0.40917867751896275,4,blocked
4273,73,0,0.699840231229997,0.3706577692705272,4,blocked
4274,74,0,0.7405836205866348,0.4279600568402536,4,blocked
4275,75,0,0.6222091818057982,0.4052177749074418,4,blocked
4276,76,0,0.6830960460420855,0.5164951056960057,4,blocked
4277,77,0,0.8373303888920415,0.39460847950319045,4,blocked
4278,78,0,0.30186041566061245,0.45436345326566896,4,blocked
4279,79,0,0.6133711563178653,0.27546291497101194,4,blocked
4280,80,0,0.7606118454043488,0.3901442019398856,4,blocked
4281,81,0,0.9401704118874177,0.28953267118595905,4,blocked
4282,82,0,0.8607262513532762,0.2823409361926013,4,blocked
4283,83,0,0.8798654423066925,0.38683400522479233,4,blocked
4284,84,0,0.10269867090310619,0.4374361743810794,4,blocked
4285,85,0,0.9478706211605273,0.46662308236227756,4,blocked
4286,86,0,0.017309553010362903,0.5543538389707587,4,blocked
4287,87,0,0.048159464019043294,0.464132765420857,4,blocked
4288,88,0,0.8041187192547243,0.3909799134424056,4,blocked
4289,89,0,0.6758652878983888,0.33734911385217037,4,blocked
4290,90,0,0.22196703490838263,0.47964385327991454,4,blocked
4291,91,0,0.6545397655783655,0.3905796836956905,4,blocked
4292,92,0,0.8085286555596518,0.3573940367239343,4,blocked
4293,93,0,0.8198983194952841,0.4846353660525133,4,blocked
4294,94,0,0.6381311397823008,0.4681747300203433,4,blocked
4295,95,0,0.07749225873407767,0.5231888843786883,4,blocked
4296,96,0,0.37066570544787647,0.44617360375615744,4,blocked
4297,97,0,0.5233119270687278,0.4450017816678511,4,blocked
4298,98,0,0.4889816903782009,0.488237310727401,4,blocked
4299,99,0,0.6265962797060907,0.5684917627806131,4,blocked
4300,100,0,0.41938690666625655,0.4283863717781189,4,blocked
4301,101,0,0.1451672761706859,0.387885845048249,4,blocked
4302,102,0,0.7773394634759716,0.38821260001509494,4,blocked
4303,103,0,0.584588784614823,0.46883388766243916,4,blocked
4304,104,0,0.2302905061389455,0.5153046359892588,4,blocked
4305,105,0,0.9380731870978445,0.3792445831099261,4,blocked
4306,106,0,0.991111152405149,0.39525013538904696,4,blocked
4307,107,0,0.0716095141948763,0.4658129417318295,4,blocked
4308,108,0,0.6285324018538647,0.45056346029117456,4,blocked
4309,109,0,0.24535085583147576,0.3823681701967494,4,blocked
4310,110,0,0.5665815896774241,0.3183980218855866,4,blocked
4311,111,0,0.9910836481610792,0.34892107162147673,4,blocked
4312,112,0,0.9747324259872119,0.5182846637677196,4,blocked
4313,113,0,0.9951773186725674,0.322754239240014,4,blocked
4314,114,0,0.9893002828644595,0.2544134147083615,4,blocked
4315,115,0,0.09848265285140899,0.566843093926217,4,blocked
4316,116,0,0.8390956246284639,0.45962843543743886,4,blocked
4317,117,0,0.8184619088441247,0.48867926632274045,4,blocked
4318,118,0,0.9171423203790039,0.42987414270776375,4,blocked
4319,119,0,0.44830806694041037,0.3740521959977276,4,blocked
4320,120,0,0.24780852042053214,0.46503672550262476,4,blocked
4321,121,0,0.303973162186044,0.39394241558649934,4,blocked
4322,122,0,0.6901424810093706,0.44386293796430776,4,blocked
4323,123,0,0.5515312527738995,0.32136054260519475,4,blocked
4324,124,0,0.5436110397118709,0.3388455127470163,4,blocked
4325,125,0,0.3410651858508846,0.4434418452565632,4,blocked
4326,126,0,0.7775680359725148,0.4874101649983398,4,blocked
4327,127,0,0.5480820358607255,0.366149399563622,4,blocked
4328,128,0,0.6330343540081648,0.41799851811212246,4,blocked
4329,129,0,0.7220641636550812,0.29991493390993507,4,blocked
4330,130,0,0.5745280193094116,0.4503860355804984,4,blocked
4331,131,0,0.22284821913245545,0.34982888540221757,4,blocked
4332,132,0,0.14280700297072643,0.6092065266642591,4,blocked
4333,133,0,0.31794700224693284,0.4185921679499577,4,blocked
4334,134,0,0.7271958589994469,0.41867427707966043,4,blocked
4335,135,0,0.17543384839379986,0.6289397469688273,4,blocked
4336,136,0,0.48843857806865953,0.5889994026953375,4,blocked
4337,137,0,0.2926138477038295,0.4040575646495097,4,blocked
4338,138,0,0.8095696039080357,0.34486889937600185,4,blocked
4339,139,0,0.7495575025578034,0.2863832546431347,4,blocked
4340,140,0,0.4274269470798798,0.44883014778893326,4,blocked
4341,141,0,0.7391552547794318,0.3639116873326922,4,blocked
4342,142,0,0.7022867559173587,0.3230505116319736,4,blocked
4343,143,0,0.5290568081615981,0.3945438029536752,4,blocked
4344,144,0,0.9290858343801394,0.37607376171533435,4,blocked
4345,145,0,0.5837410580346247,0.351935635845839,4,blocked
4346,146,0,0.723777552076234,0.3461127590559656,4,blocked
4347,147,0,0.7741451228439287,0.34281859469942483,4,blocked
4348,148,0,0.6355769479249944,0.26774961016056475,4,blocked
4349,149,0,0.4840226809558279,0.3533236464536812,4,blocked
4350,150,0,0.5212967488407557,0.2625245656362173,4,blocked
4351,151,0,0.7195172705752921,0.46646862821165735,4,blocked
4352,152,0,0.19974383665920414,0.3497001684784331,4,blocked
4353,153,0,0.754743668883125,0.26563420583101405,4,blocked
4354,154,0,0.7327868160958717,0.31615064239591195,4,blocked
4355,155,0,0.931890784739213,0.35324901189880453,4,blocked
4356,156,0,0.7979439534662512,0.3145987060005926,4,blocked
4357,157,0,0.5617414453286744,0.3424384936094039,4,blocked
4358,158,0,0.657988485610718,0.37045178608332924,4,blocked
4359,159,0,0.534733387321821,0.2806026774663316,4,blocked
4360,160,0,0.8679046872928533,0.3912859628825269,4,blocked
4361,161,0,0.7511216646113854,0.3429370468038587,4,blocked
4362,162,0,0.9146470128810393,0.451606258330131,4,blocked
4363,163,0,0.6978116160467448,0.3502312361887893,4,blocked
4364,164,0,0.14193850847933392,0.5669017278935212,4,blocked
4365,165,0,0.16314194499347381,0.5042322379089754,4,blocked
4366,166,0,0.878852281195752,0.4076155057299687,4,blocked
4367,167,0,0.5529683590136717,0.2783819495582034,4,blocked
4368,168,0,0.7526076788224763,0.30900812712881853,4,blocked
4369,169,0,0.5711969774342923,0.40427217323255904,4,blocked
4370,170,0,0.09480524266738805,0.42535975588260333,4,blocked
4371,171,0,0.3258561014820489,0.4706972073222545,4,blocked
4372,172,0,0.553087609296421,0.39160504358175974,4,blocked
4373,173,0,0.18924859623723306,0.3411501599507947,4,blocked
4374,174,0,0.6803583475616203,0.38918008030991375,4,blocked
4375,175,0,0.6108522059064531,0.3603118192937139,4,blocked
4376,176,0,0.8687047173958875,0.2659294437682852,4,blocked
4377,177,0,0.547194791085364,0.4482531101886833,4,blocked
4378,178,0,0.7264373050679248,0.2724316078305742,4,blocked
4379,179,0,0.9047858150075766,0.35433825194055735,4,blocked
4380,180,0,0.25997195772149523,0.4230536453514976,4,blocked
4381,181,0,0.917755210588413,0.33812288239412525,4,blocked
4382,182,0,0.7013846214044692,0.41329988668625606,4,blocked
4383,183,0,0.9953643786813663,0.293301028996379,4,blocked
4384,184,0,0.6322252352839981,0.32634561308474896,4,blocked
4385,185,0,0.18220259622942733,0.35085783156572514,4,blocked
4386,186,0,0.8897428056250642,0.3257960001714666,4,blocked
4387,187,0,0.3629046387481048,0.43892366789755244,4,blocked
4388,188,0,0.9039574201118215,0.3767410780471807,4,blocked
4389,189,0,0.7070857790837864,0.36544259885702063,4,blocked
4390,190,0,0.8671065865891734,0.44193855198059734,4,blocked
4391,191,0,0.6620511541587069,0.3367516266075925,4,blocked
4392,192,0,0.5920453119139639,0.2595583589731988,4,blocked
4393,193,0,0.26285995974747595,0.4560336446906711,4,blocked
4394,194,0,0.7533653639360498,0.3069338997268354,4,blocked
4395,195,0,0.31511704694568415,0.32570258847261446,4,blocked
4396,196,0,0.9631123147328698,0.40556348560068767,4,blocked
4397,197,0,0.5542248796246116,0.42977571836239326,4,blocked
4398,198,0,0.819167206154729,0.39545419411914384,4,blocked
4399,199,0,0.9076977882016862,0.40853399033172305,4,blocked
4400,0,0,0.329868200136863,0.9837993769475395,4,early
4401,1,0,0.37297604706908444,0.5894115388073882,4,early
4402,2,0,0.7563015825251095,0.4655935679339093,4,early
4403,3,0,0.544784797569264,0.6219936783994234,4,early
4404,4,0,0.5544937205954766,0.43469185211881145,4,early
4405,5,0,0.36228813603692805,0.439270567319344,4,early
4406,6,0,0.9505223196619542,0.47693009903775296,4,early
4407,7,0,0.4830837120593835,0.4388859996078699,4,early
4408,8,0,0.5396462233641127,0.43557917852097555,4,early
4409,9,0,0.5614343827731841,0.462672291542501,4,early
4410,10,0,0.8640924276586301,0.44600058586456026,4,early
4411,11,0,0.2194718191033242,0.6063908041543775,4,early
4412,12,0,0.6880554386381103,0.3747197702996174,4,early
4413,13,0,0.786193182605584,0.45945136075030446,4,early
4414,14,0,0.1000515329594558,0.5088953953844544,4,early
4415,15,0,0.9093481926468772,0.46841100879538045,4,early
4416,16,0,0.7966173569275055,0.2913018911860026,4,early
4417,17,0,0.4594472153053175,0.4189655107286896,4,early
4418,18,0,0.5652820634505565,0.582271327297722,4,early
4419,19,0,0.9764136223513471,0.44609378680536765,4,early
4420,20,0,0.9051114890823817,0.38409032293728906,4,early
4421,21,0,0.5413882920693305,0.5008798264798795,4,early
4422,22,0,0.723289128073088,0.37651879200540367,4,early
4423,23,0,0.8753925767427702,0.4102006558987006,4,early
4424,24,0,0.031178964676260603,0.547342319357587,4,early
4425,25,0,0.5638580441186908,0.37155094773393316,4,early
4426,26,0,0.48988420789272036,0.3828180547286632,4,early
4427,27,0,0.4932214627995573,0.6167334600044502,4,early
4428,28,0,0.44891699660902223,0.4412922494042971,4,early
4429,29,0,0.27847364969083266,0.2675675985206091,4,early
4430,30,0,0.42848475766205407,0.3289567243955065,4,early
4431,31,0,0.5075435742238523,0.34442178038146787,4,early
4432,32,0,0.4994095157097642,0.38395499875435346,4,early
4433,33,0,0.8623368550833697,0.35426703325957354,4,early
4434,34,0,0.44032648785916195,0.7092398457922073,4,early
4435,35,0,0.5431673970198452,0.5708922748129327,4,early
4436,36,0,0.6149685966716297,0.7345513941256487,4,early
4437,37,0,0.4934815406206641,0.3905573924995904,4,early
4438,38,0,0.5471798986527218,0.5180373572489312,4,early
4439,39,0,0.7667517470819529,0.34731947346430686,4,early
4440,40,0,0.372936796455629,0.47827550360206045,4,early
4441,41,0,0.9038159906458387,0.4864927573340278,4,early
4442,42,0,0.2122913767073658,0.4676665020575941,4,early
4443,43,0,0.9002133132562489,0.44537493470100126,4,early
4444,44,0,0.49541281282887967,0.5772988025988975,4,early
4445,45,0,0.20455674367491483,0.5327145111860876,4,early
4446,46,0,0.325397931456983,0.46711801225939453,4,early
4447,47,0,0.17239826841745087,0.44941500082855146,4,early
4448,48,0,0.45635594796807083,0.5375443136574832,4,early
4449,49,0,0.05938505001668096,0.5196141151566036,4,early
4450,50,0,0.535267396458638,0.4747569067111136,4,early
4451,51,0,0.685611401867287,0.49617403351806744,4,early
4452,52,0,0.6278899771707285,0.43113111747743726,4,early
4453,53,0,0.1318612829206262,0.5043248724657636,4,early
4454,54,0,0.22922119539225452,0.39616660803717635,4,early
4455,55,0,0.6075176105723684,0.4875858758934804,4,early
4456,56,0,0.4273577587506339,0.3859511704152214,4,early
4457,57,0,0.6067837817797552,0.35972638528284,4,early
4458,58,0,0.7589264197127636,0.3838705976537904,4,early
4459,59,0,0.8285346214649556,0.4073857442022335,4,early
4460,60,0,0.6857375848085463,0.3291403810998439,4,early
4461,61,0,0.7000402444611256,0.2953484862756452,4,early
4462,62,0,0.37585406514193287,0.4466103260519406,4,early
4463,63,0,0.5054624591363803,0.4921667043304087,4,early
4464,64,0,0.6024432303786269,0.5509887671133598,4,early
4465,65,0,0.3804504971692351,0.5349898041666858,4,early
4466,66,0,0.5862893214437372,0.45713531532187635,4,early
4467,67,0,0.6311159924221841,0.41746465381605535,4,early
4468,68,0,0.8661153368683062,0.3889719631760541,4,early
4469,69,0,0.868520210295241,0.35643250141266203,4,early
4470,70,0,0.9199506019814016,0.23131558572489308,4,early
4471,71,0,0.19060877672513352,0.4462053002241432,4,early
4472,72,0,0.26579357399964065,0.5666531045332188,4,early
4473,73,0,0.5358804313433698,0.31281330453511347,4,early
4474,74,0,0.4507154755965521,0.3898441355051896,4,early
4475,75,0,0.2530633749308675,0.47366137369180605,4,early
4476,76,0,0.428835595966745,0.6369779314327235,4,early
4477,77,0,0.6423680537707586,0.37351897080768737,4,early
4478,78,0,0.6911582585164292,0.3734251912805401,4,early
4479,79,0,0.5886046601739463,0.46134650066725935,4,early
4480,80,0,0.21640197740928852,0.5001742925421357,4,early
4481,81,0,0.7098623574175306,0.3409857484927419,4,early
4482,82,0,0.7287295122271955,0.530887349339503,4,early
4483,83,0,0.6629381920396917,0.37848684289652057,4,early
4484,84,0,0.6163068786195898,0.40851314077949585,4,early
4485,85,0,0.7727178551433707,0.3635218898131937,4,early
4486,86,0,0.5023903579047542,0.3152835350572602,4,early
4487,87,0,0.4744885269393051,0.47175173655081165,4,early
4488,88,0,0.5488517337153012,0.39519646617158644,4,early
4489,89,0,0.3871835261930614,0.4617189149387262,4,early
4490,90,0,0.8244788442650335,0.4085597163674692,4,early
4491,91,0,0.5482246526941909,0.3409979273867155,4,early
4492,92,0,0.14353986795750276,0.4352372886768605,4,early
4493,93,0,0.4569367977521482,0.5474345316704659,4,early
4494,94,0,0.22924067464142073,0.45856428313514197,4,early
4495,95,0,0.7400570285074162,0.278452544243874,4,early
4496,96,0,0.3382595543772929,0.33730956335849155,4,early
4497,97,0,0.6845112076942429,0.31105417165700955,4,early
4498,98,0,0.6084369264180246,0.3330639001225353,4,early
4499,99,0,0.8094796403955907,0.47230792240950814,4,early
4500,100,0,0.1977795366387009,0.4315121722630298,4,early
4501,101,0,0.7468486977955131,0.3771974748174889,4,early
4502,102,0,0.8424269228486053,0.37427544261795065,4,early
4503,103,0,0.5543590392720619,0.4398354294155384,4,early
4504,104,0,0.4777894713079999,0.466675325967153,4,early
4505,105,0,0.6030149061551973,0.3929322681333336,4,early
4506,106,0,0.3452405489089296,0.46892020378795873,4,early
4507,107,0,0.47760486984152584,0.3594533074452595,4,early
4508,108,0,0.3744961673449971,0.38616696092044855,4,early
4509,109,0,0.6616364939641138,0.38092797282953184,4,early
4510,110,0,0.502471802175575,0.36365677781139316,4,early
4511,111,0,0.4214995691106316,0.39440618065034083,4,early
4512,112,0,0.7182050413437269,0.4653077373359304,4,early
4513,113,0,0.48225601468633034,0.3752540744103579,4,early
4514,114,0,0.5260739542958297,0.5058765932790238,4,early
4515,115,0,0.5980095881307953,0.4015259215447341,4,early
4516,116,0,0.16583943293176018,0.3198978156812577,4,early
4517,117,0,0.6004528590847766,0.3829612799262165,4,early
4518,118,0,0.40375401146092493,0.40348325751500524,4,early
4519,119,0,0.48419685966166504,0.39802927507319397,4,early
4520,120,0,0.5364634740330705,0.21333876358382153,4,early
4521,121,0,0.4076311171210693,0.48493103678503113,4,early
4522,122,0,0.2283879544491,0.5155567913022306,4,early
4523,123,0,0.24181448506117065,0.39966951850849997,4,early
4524,124,0,0.17011688098247246,0.4888977059910986,4,early
4525,125,0,0.4837818660617053,0.39601787031455665,4,early
4526,126,0,0.6113587097390037,0.4207510937873217,4,early
4527,127,0,0.4391820114965377,0.4205120290174106,4,early
4528,128,0,0.7232274486112704,0.32401717764812377,4,early
4529,129,0,0.5010452660710911,0.4134745965778156,4,early
4530,130,0,0.48813108826763474,0.310840438903499,4,early
4531,131,0,0.5843904945432766,0.35278544174452353,4,early
4532,132,0,0.4251825750737026,0.49701816364297585,4,early
4533,133,0,0.4907056844351034,0.34454050622965837,4,early
4534,134,0,0.5487225626986797,0.4538331819113041,4,early
4535,135,0,0.7354206114971644,0.26581597908188337,4,early
4536,136,0,0.3968734789579647,0.41919326828373726,4,early
4537,137,0,0.8001600073304835,0.4142824938158659,4,early
4538,138,0,0.7358343604853606,0.4027465668375225,4,early
4539,139,0,0.5281919984557228,0.337226908984196,4,early
4540,140,0,0.5140946467414814,0.2475449892475845,4,early
4541,141,0,0.3068932120825003,0.3369682030873621,4,early
4542,142,0,0.9640096585556766,0.34090645281517606,4,early
4543,143,0,0.42501656597582943,0.35383761739248354,4,early
4544,144,0,0.3167608568193206,0.29007142031647803,4,early
4545,145,0,0.8086666562517675,0.3581328774260743,4,early
4546,146,0,0.5985685421303736,0.407864092011474,4,early
4547,147,0,0.32399694890772696,0.36394038129205347,4,early
4548,148,0,0.6623246920294004,0.40583737361460737,4,early
4549,149,0,0.34982046751024254,0.3128087198904752,4,early
4550,150,0,0.3622747221320762,0.29304103543845245,4,early
4551,151,0,0.5556295687780748,0.38345623119285893,4,early
4552,152,0,0.5942696907312277,0.2216458514687213,4,early
4553,153,0,0.6317897224097113,0.4360666419671884,4,early
4554,154,0,0.549473545265927,0.20994664975420732,4,early
4555,155,0,0.1334010576549522,0.34015510893027445,4,early
4556,156,0,0.5269758911282979,0.35000923473636936,4,early
4557,157,0,0.7932086108186615,0.31870919233837885,4,early
4558,158,0,0.5564556049925762,0.3893804361799751,4,early
4559,159,0,0.46217466471979934,0.366454365970978,4,early
4560,160,0,0.47339844885698174,0.3976346689654359,4,early
4561,161,0,0.6456144552038542,0.3504564607544381,4,early
4562,162,0,0.07468405733726621,0.5410813761796184,4,early
4563,163,0,0.49639481548740094,0.3511689812926059,4,early
4564,164,0,0.8995723556826626,0.32204584249463564,4,early
4565,165,0,0.6869914006034599,0.3623211406073201,4,early
4566,166,0,0.3802397161139246,0.43998966771047976,4,early
4567,167,0,0.7620692057781936,0.3379519781174565,4,early
4568,168,0,0.563793251045663,0.3919184997705718,4,early
4569,169,0,0.6033983164278889,0.3654877287402631,4,early
4570,170,0,0.5352879316832382,0.28191998752457414,4,early
4571,171,0,0.5383399453076325,0.3205457376973645,4,early
4572,172,0,0.731547221740667,0.3257121186860264,4,early
4573,173,0,0.23844718688816757,0.424682582311963,4,early
4574,174,0,0.36799539211764887,0.36079758139035084,4,early
4575,175,0,0.8338065466992413,0.3545097176011174,4,early
4576,176,0,0.38106787549952814,0.2956718656158537,4,early
4577,177,0,0.8998850730999239,0.32411525603434216,4,early
4578,178,0,0.3788169409566653,0.3039529007879413,4,early
4579,179,0,0.44742755750698987,0.279438099124502,4,early
4580,180,0,0.8263755360681571,0.22617505071408667,4,early
4581,181,0,0.6136417648310866,0.22626675803392954,4,early
4582,182,0,0.48635401663578,0.36432217398908195,4,early
4583,183,0,0.7416397198102658,0.2539691325817667,4,early
4584,184,0,0.44938880688857435,0.4720962357430162,4,early
4585,185,0,0.3033317649692158,0.36745619127802454,4,early
4586,186,0,0.4714814555118334,0.19767249354243926,4,early
4587,187,0,0.4977068960633585,0.2892861957133033,4,early
4588,188,0,0.5769113103970415,0.25055664153499224,4,early
4589,189,0,0.8441545734923674,0.2702156555151562,4,early
4590,190,0,0.5117120325874915,0.2551742463574785,4,early
4591,191,0,0.5175890644223813,0.42189494375740133,4,early
4592,192,0,0.44971113064132917,0.21678130583777327,4,early
4593,193,0,0.540411730435336,0.48176677756318786,4,early
4594,194,0,0.7020456756681026,0.24971245004507858,4,early
4595,195,0,0.7386507929894068,0.26364018475493367,4,early
4596,196,0,0.709388062205163,0.3742655857741289,4,early
4597,197,0,0.13406056365688415,0.41632227195296057,4,early
4598,198,0,0.48420632498384575,0.2906926202159126,4,early
4599,199,0,0.638173102236496,0.2385164070012523,4,early
4600,0,0,0.5701279959192787,0.595405776845021,4,middle
4601,1,0,0.2573962545346581,0.5365486553055905,4,middle
4602,2,0,0.03894719187918361,0.6617811406318824,4,middle
4603,3,0,0.23829956470691088,0.4883959268789795,4,middle
4604,4,0,0.16654645075116234,0.6209571641864542,4,middle
4605,5,0,0.6757344886416476,0.5828107011405324,4,middle
4606,6,0,0.6690609980832043,0.4999282688330157,4,middle
4607,7,0,0.19126520003585978,0.6413454899815081,4,middle
4608,8,0,0.4975167868276845,0.5974407760035618,4,middle
4609,9,0,0.27967604026765547,0.6237315535327892,4,middle
4610,10,0,0.7789500258465951,0.6091908569131383,4,middle
4611,11,0,0.4499529499755065,0.5207622258671148,4,middle
4612,12,0,0.09770193400400695,0.7625050823716963,4,middle
4613,13,0,0.21844668299748593,0.5722623017201023,4,middle
4614,14,0,0.5126674277671568,0.515048416322803,4,middle
4615,15,0,0.6926005884238355,0.4873855113968256,4,middle
4616,16,0,0.6180329737426035,0.46165334795122304,4,middle
4617,17,0,0.5726300157021456,0.36564913986777203,4,middle
4618,18,0,0.9477384578609646,0.3589056235657852,4,middle
4619,19,0,0.4592944131296635,0.6878785480073967,4,middle
4620,20,0,0.8675769774000643,0.40866084923505064,4,middle
4621,21,0,0.5048556839390757,0.6953306359706497,4,middle
4622,22,0,0.3614141981642557,0.5901976239903718,4,middle
4623,23,0,0.5688004903088505,0.5306048862994115,4,middle
4624,24,0,0.041476637838977176,0.5645720009147013,4,middle
4625,25,0,0.6265571477479199,0.4713676220935077,4,middle
4626,26,0,0.23139837050262824,0.4562955489492693,4,middle
4627,27,0,0.19393564837485439,0.4841312833022945,4,middle
4628,28,0,0.3098034400750364,0.48223674754983337,4,middle
4629,29,0,0.5100440109784572,0.4917456064301014,4,middle
4630,30,0,0.7921692156591031,0.4414127568909006,4,middle
4631,31,0,0.49787568996002496,0.6002895735843753,4,middle
4632,32,0,0.0366492367066751,0.5372090414522422,4,middle
4633,33,0,0.6015337783870445,0.40483482024100337,4,middle
4634,34,0,0.5910908548489031,0.4278703984061041,4,middle
4635,35,0,0.42415420589277486,0.5128816898115967,4,middle
4636,36,0,0.19652483308574636,0.38343837494272637,4,middle
4637,37,0,0.45552998254047616,0.6932994477990633,4,middle
4638,38,0,0.3129999235517533,0.4859056541032093,4,middle
4639,39,0,0.4530340647982056,0.5759754072183698,4,middle
4640,40,0,0.7672543318423938,0.60550043312126,4,middle
4641,41,0,0.8856062890093496,0.5061491285549549,4,middle
4642,42,0,0.9013502617699327,0.4679346893653244,4,middle
4643,43,0,0.04093322122725762,0.6179603507009791,4,middle
4644,44,0,0.9305607538878998,0.5361786132266402,4,middle
4645,45,0,0.10844237763463908,0.5130726677772922,4,middle
4646,46,0,0.2802385189281633,0.4649212485837145,4,middle
4647,47,0,0.29067527042724345,0.6076176581649473,4,middle
4648,48,0,0.19265780918768013,0.5107991084872953,4,middle
4649,49,0,0.573526159868913,0.505797179063347,4,middle
4650,50,0,0.851945685465346,0.5015154385644438,4,middle
4651,51,0,0.1895780416104715,0.6235963149647279,4,middle
4652,52,0,0.7929832725078041,0.4774720049126897,4,middle
4653,53,0,0.5185676449368799,0.6421656710697914,4,middle
4654,54,0,0.4680700711446806,0.4704474424646923,4,middle
4655,55,0,0.1101106561479893,0.5803574556529547,4,middle
4656,56,0,0.8721761082937736,0.4217659661364064,4,middle
4657,57,0,0.4713201243983974,0.6092931123422034,4,middle
4658,58,0,0.9491030963022222,0.4871970872457222,4,middle
4659,59,0,0.4479326188513648,0.5817761664198913,4,middle
4660,60,0,0.9280377225551559,0.4372350507654621,4,middle
4661,61,0,0.07951242368374425,0.5785560491652745,4,middle
4662,62,0,0.8322956882871972,0.528111117303857,4,middle
4663,63,0,0.9687315619193888,0.3971162059226795,4,middle
4664,64,0,0.18966093617261273,0.5828251220810274,4,middle
4665,65,0,0.4481858814483706,0.43461829411972663,4,middle
4666,66,0,0.31692969248632097,0.5195852380137607,4,middle
4667,67,0,0.9369755683713585,0.5280861299776918,4,middle
4668,68,0,0.9369364165486519,0.4348810627193308,4,middle
4669,69,0,0.8536213796357914,0.6340359739264888,4,middle
4670,70,0,0.9944112295956622,0.27183582666857387,4,middle
4671,71,0,0.997646729888722,0.4600907708645916,4,middle
4672,72,0,0.9991511804795237,0.48620110759475454,4,middle
4673,73,0,0.08907248253602523,0.6485443123106639,4,middle
4674,74,0,0.9732670620420487,0.3869196760492042,4,middle
4675,75,0,0.10151544009767408,0.41791667738105437,4,middle
4676,76,0,0.5361301909467007,0.4178970845070856,4,middle
4677,77,0,0.5219870027271353,0.45522831082706394,4,middle
4678,78,0,0.8546874055155884,0.3737871050160053,4,middle
4679,79,0,0.27591675676579663,0.5156212562561278,4,middle
4680,80,0,0.476306427814914,0.5932135557598359,4,middle
4681,81,0,0.791434219739108,0.49341017705252055,4,middle
4682,82,0,0.7468877187998716,0.6699646579586364,4,middle
4683,83,0,0.19236702076657355,0.9190609726180823,4,middle
4684,84,0,0.8389961772172383,0.5357761154364595,4,middle
4685,85,0,0.37510062352741236,0.6010346790044601,4,middle
4686,86,0,0.5793346815609505,0.609713517941023,4,middle
4687,87,0,0.49559757258876186,0.5001056083595368,4,middle
4688,88,0,0.4894964227879533,0.4958168272621917,4,middle
4689,89,0,0.4892001990310034,0.4249967038358231,4,middle
4690,90,0,0.48617216928151386,0.4496093785658926,4,middle
4691,91,0,0.5015774631463364,0.5008352223837573,4,middle
4692,92,0,0.6465332054506011,0.4231029761183216,4,middle
4693,93,0,0.5447378651708041,0.4239102647536612,4,middle
4694,94,0,0.5120842561423782,0.40175770228818325,4,middle
4695,95,0,0.7291423903616717,0.37977020724694865,4,middle
4696,96,0,0.38799848229080064,0.40613508080684935,4,middle
4697,97,0,0.5809981521594674,0.48806944575170863,4,middle
4698,98,0,0.538292174023518,0.3292815277129303,4,middle
4699,99,0,0.7120797556825483,0.520494278343021,4,middle
4700,100,0,0.5298213550632853,0.39218982226259014,4,middle
4701,101,0,0.5467670027878151,0.4229926127104223,4,middle
4702,102,0,0.1956297163023965,0.47426427184744413,4,middle
4703,103,0,0.6430851996782235,0.42315447632631664,4,middle
4704,104,0,0.6261650925749268,0.44446431563350836,4,middle
4705,105,0,0.1850213920793462,0.6226533127956253,4,middle
4706,106,0,0.5986492568919619,0.3317567115432354,4,middle
4707,107,0,0.7487615746347811,0.48176624543881974,4,middle
4708,108,0,0.8904680112617178,0.5078363710073153,4,middle
4709,109,0,0.4513155343360734,0.47808525552139813,4,middle
4710,110,0,0.4849612597871645,0.4212764846370779,4,middle
4711,111,0,0.32377294049948735,0.6691502257256856,4,middle
4712,112,0,0.7728369506814385,0.40746847228438443,4,middle
4713,113,0,0.7756425598892244,0.3781715694654385,4,middle
4714,114,0,0.9287073289074531,0.3170529637772416,4,middle
4715,115,0,0.38757966735302884,0.45932917099352255,4,middle
4716,116,0,0.8096213111718831,0.3604565052624944,4,middle
4717,117,0,0.5393585287481248,0.5527796554910229,4,middle
4718,118,0,0.5908416417000328,0.3988161271096838,4,middle
4719,119,0,0.7103801825494382,0.4578124283862102,4,middle
4720,120,0,0.16127761721059763,0.3565072314077482,4,middle
4721,121,0,0.49740344978350637,0.43338718054266484,4,middle
4722,122,0,0.12835428339893504,0.4803982074459413,4,middle
4723,123,0,0.40130485400430926,0.5130277486071443,4,middle
4724,124,0,0.19292667286438883,0.4732773286207662,4,middle
4725,125,0,0.4843172167114581,0.45014317046979213,4,middle
4726,126,0,0.8135472102668915,0.2950186833965488,4,middle
4727,127,0,0.504362037703112,0.3850983420931713,4,middle
4728,128,0,0.9249248222749908,0.5859727516063502,4,middle
4729,129,0,0.32646947757560574,0.46851852676537986,4,middle
4730,130,0,0.01456650714388744,0.6337065505439958,4,middle
4731,131,0,0.9204087591210814,0.3709884511865446,4,middle
4732,132,0,0.42218277989809616,0.8041327745744173,4,middle
4733,133,0,0.5040740947824959,0.39647795489075177,4,middle
4734,134,0,0.06551522310470488,0.7745081236595028,4,middle
4735,135,0,0.8372989867721925,0.5128303295355481,4,middle
4736,136,0,0.732064870858457,0.5574334794720528,4,middle
4737,137,0,0.5414806877029676,0.4553307266373142,4,middle
4738,138,0,0.8079989541007224,0.4273894762035193,4,middle
4739,139,0,0.6278576059172305,0.47619969351936714,4,middle
4740,140,0,0.8853887214695355,0.6494629451998708,4,middle
4741,141,0,0.49691775401255406,0.3852639257542001,4,middle
4742,142,0,0.9055533570669343,0.6257828936294523,4,middle
4743,143,0,0.6618719317552009,0.29165555281340494,4,middle
4744,144,0,0.8930880187390178,0.6314657149850903,4,middle
4745,145,0,0.647302952047285,0.431611942661111,4,middle
4746,146,0,0.3235546466719218,0.29976970232514777,4,middle
4747,147,0,0.873222149484242,0.46473404932891776,4,middle
4748,148,0,0.31956733079564165,0.5455952064667652,4,middle
4749,149,0,0.5166723975423279,0.5380810291604735,4,middle
4750,150,0,0.6902965631610555,0.39023186644297136,4,middle
4751,151,0,0.6591532067452015,0.3885775119407259,4,middle
4752,152,0,0.3931137990456622,0.7017095607232324,4,middle
4753,153,0,0.5046985176921635,0.4937885769255971,4,middle
4754,154,0,0.534098307111916,0.4692579740751223,4,middle
4755,155,0,0.8506524151866591,0.6287479282514443,4,middle
4756,156,0,0.24242848482720214,0.38460981185582976,4,middle
4757,157,0,0.6389236214291248,0.3745317389143213,4,middle
4758,158,0,0.04130259715751591,0.5772639920473376,4,middle
4759,159,0,0.6321272118405385,0.40967400864660874,4,middle
4760,160,0,0.08313375612089907,0.4751981154534769,4,middle
4761,161,0,0.582108783232805,0.45006505474123326,4,middle
4762,162,0,0.6092795025994597,0.3170994848296777,4,middle
4763,163,0,0.3948214876632435,0.7321392988502199,4,middle
4764,164,0,0.6571784984366876,0.36329826298094925,4,middle
4765,165,0,0.9726348778768068,0.43325003564371917,4,middle
4766,166,0,0.4996796555468773,0.3318398510548267,4,middle
4767,167,0,0.3632278337307876,0.45612480067958006,4,middle
4768,168,0,0.6786133802619108,0.3697416385533433,4,middle
4769,169,0,0.9574170454985454,0.279377975385517,4,middle
4770,170,0,0.2715652434050961,0.3322350279976958,4,middle
4771,171,0,0.8933309750715837,0.35862237052798995,4,middle
4772,172,0,0.9058612576754632,0.5307035290515085,4,middle
4773,173,0,0.9664078841640132,0.19182412868993987,4,middle
4774,174,0,0.9863587909921814,0.2984972344821866,4,middle
4775,175,0,0.5988133593716338,0.5467440591507882,4,middle
4776,176,0,0.9967756398613286,0.4654134997001751,4,middle
4777,177,0,0.8958190509922063,0.6995381635813851,4,middle
4778,178,0,0.5730334340126303,0.441931503617605,4,middle
4779,179,0,0.9957434222433805,0.46314957785239236,4,middle
4780,180,0,0.9864405572810768,0.5092303381908896,4,middle
4781,181,0,0.49804755800963046,0.6461046011516334,4,middle
4782,182,0,0.540035727474135,0.37402744674104094,4,middle
4783,183,0,0.9934986967901043,0.2838438227137055,4,middle
4784,184,0,0.9724901865152833,0.22317715985121822,4,middle
4785,185,0,0.03060047702361603,0.44993905461438377,4,middle
4786,186,0,0.5847107815721186,0.4375052926152946,4,middle
4787,187,0,0.6231280188611072,0.32544139734082334,4,middle
4788,188,0,0.8071668862521914,0.35394512414157436,4,middle
4789,189,0,0.43959591231381645,0.37131926982542146,4,middle
4790,190,0,0.8235678134990388,0.36528092212816127,4,middle
4791,191,0,0.7397719353412975,0.3454211535013787,4,middle
4792,192,0,0.8923340354833142,0.38453161340865394,4,middle
4793,193,0,0.5011708815996715,0.42992209018248295,4,middle
4794,194,0,0.5113886118831482,0.556652981023537,4,middle
4795,195,0,0.3336467375603077,0.3750088482319496,4,middle
4796,196,0,0.5998513293820849,0.3727237188277006,4,middle
4797,197,0,0.818652239245782,0.4454072010269192,4,middle
4798,198,0,0.84940287822401,0.27508591765885476,4,middle
4799,199,0,0.3307610363895427,0.43898969422609063,4,middle
4800,0,0,0.5698913783405615,0.9536570525933807,4,late
4801,1,0,0.08298704939927497,0.8449638247702771,4,late
4802,2,0,0.3267705537525079,0.749645245604005,4,late
4803,3,0,0.4561464351622658,0.5886017419333366,4,late
4804,4,0,0.729177455149693,0.4364081993825353,4,late
4805,5,0,0.5857524548170888,0.40683010772904415,4,late
4806,6,0,0.7074587628377618,0.48926217230384905,4,late
4807,7,0,0.31763979708556445,0.5200828234639892,4,late
4808,8,0,0.5137830520962122,0.4780063820112348,4,late
4809,9,0,0.2826141774264169,0.468084310573875,4,late
4810,10,0,0.7355069703321164,0.487301096311777,4,late
4811,11,0,0.483036299566632,0.5622048280953618,4,late
4812,12,0,0.50242047320716,0.3900158759911515,4,late
4813,13,0,0.2940287857045497,0.6073060622944346,4,late
4814,14,0,0.023016308458327,0.7105088353263452,4,late
4815,15,0,0.3426949655732151,0.47229721805819824,4,late
4816,16,0,0.4864852407443385,0.6117420076439892,4,late
4817,17,0,0.5561197004907121,0.6757646704861554,4,late
4818,18,0,0.8754221853720894,0.35832871636408337,4,late
4819,19,0,0.25240875506884924,0.6269708144350761,4,late
4820,20,0,0.448594049710751,0.6255945195319759,4,late
4821,21,0,0.5158879113045106,0.5833706497010338,4,late
4822,22,0,0.42477104904977664,0.5658866826105488,4,late
4823,23,0,0.48216635500637,0.5445448078263191,4,late
4824,24,0,0.7434265677311644,0.6269167815644044,4,late
4825,25,0,0.8995921311052864,0.48697576681321464,4,late
4826,26,0,0.5110938221155257,0.650212039039506,4,late
4827,27,0,0.7972152096011402,0.514273520923916,4,late
4828,28,0,0.509981546850857,0.47295788023976326,4,late
4829,29,0,0.8547348631624168,0.4901773566696951,4,late
4830,30,0,0.6302138554467331,0.5895639791381131,4,late
4831,31,0,0.446788824269473,0.5553915332178121,4,late
4832,32,0,0.3598955030081662,0.4274293694590886,4,late
4833,33,0,0.841515880423342,0.5093128800879058,4,late
4834,34,0,0.5208564193809592,0.49943529616294446,4,late
4835,35,0,0.761973861545017,0.5070272042329433,4,late
4836,36,0,0.5449265109146244,0.4296616274068818,4,late
4837,37,0,0.7184591045087567,0.488740266065797,4,late
4838,38,0,0.47714069484779326,0.6074816948536339,4,late
4839,39,0,0.18628480441615972,0.7228894162771089,4,late
4840,40,0,0.5452798439200136,0.5349467147853006,4,late
4841,41,0,0.781206675701549,0.46508320065606973,4,late
4842,42,0,0.45550383518817694,0.5879042104545067,4,late
4843,43,0,0.40720693453872564,0.5120817576312999,4,late
4844,44,0,0.4480678610877486,0.5602329869569195,4,late
4845,45,0,0.48119491311498674,0.5308381164017821,4,late
4846,46,0,0.3695689269706054,0.4086982627169784,4,late
4847,47,0,0.3668001476725389,0.46744319176155286,4,late
4848,48,0,0.6618213031259726,0.46720451446490985,4,late
4849,49,0,0.6979892242016911,0.415689358201775,4,late
4850,50,0,0.5430701177180204,0.5505741887210909,4,late
4851,51,0,0.7673311905033693,0.37840768268218405,4,late
4852,52,0,0.5101677201094604,0.44582225719195845,4,late
4853,53,0,0.2786894660290246,0.4996341092981872,4,late
4854,54,0,0.5373648884885626,0.6028629086455157,4,late
4855,55,0,0.32070964497214993,0.5357971675122932,4,late
4856,56,0,0.8433576347999805,0.4319715808353805,4,late
4857,57,0,0.5285270880376355,0.5635819906628451,4,late
4858,58,0,0.7435210359381981,0.4217550536754989,4,late
4859,59,0,0.5927999151509242,0.47313135590296085,4,late
4860,60,0,0.8372440826870697,0.4720865838406916,4,late
4861,61,0,0.7992024375080575,0.48129942631137634,4,late
4862,62,0,0.3220964688360277,0.6043805159974032,4,late
4863,63,0,0.12340238609227148,0.615712320180245,4,late
4864,64,0,0.8823590407061657,0.4664404582858778,4,late
4865,65,0,0.5829781737094624,0.48961186047344374,4,late
4866,66,0,0.5374352813555918,0.43426047715347604,4,late
4867,67,0,0.4834382978388584,0.5157401433440169,4,late
4868,68,0,0.530908884500171,0.4544336550397539,4,late
4869,69,0,0.6925008742633183,0.507960806434556,4,late
4870,70,0,0.3450822713954007,0.5550208590482502,4,late
4871,71,0,0.26244049836731353,0.4981616296898134,4,late
4872,72,0,0.8429190757245798,0.5395532902170814,4,late
4873,73,0,0.4867755891393309,0.6194576895410915,4,late
4874,74,0,0.46623969519850833,0.49308752748398343,4,late
4875,75,0,0.041775619349017204,0.6768851327198036,4,late
4876,76,0,0.770694899984806,0.4087375441523883,4,late
4877,77,0,0.4081334915767517,0.6442321152262793,4,late
4878,78,0,0.5336397720538933,0.4991230879280067,4,late
4879,79,0,0.6906627738868533,0.5769283529893104,4,late
4880,80,0,0.5066161579772457,0.7724097785639117,4,late
4881,81,0,0.10999103736850271,0.5963820194052023,4,late
4882,82,0,0.8749251088621357,0.48669608250905716,4,late
4883,83,0,0.24436037172008757,0.4479823525876844,4,late
4884,84,0,0.3475779680277668,0.39619828814560865,4,late
4885,85,0,0.5248206918126563,0.5391144036822124,4,late
4886,86,0,0.7419624338279309,0.49364022699136717,4,late
4887,87,0,0.7869345686249108,0.3883624613164056,4,late
4888,88,0,0.9109220589130226,0.5585680807095907,4,late
4889,89,0,0.9846041973630775,0.41793558285290333,4,late
4890,90,0,0.2445828792165028,0.5509686190318461,4,late
4891,91,0,0.7398975415225754,0.47914486982473714,4,late
4892,92,0,0.7750733866419328,0.3798415980382875,4,late
4893,93,0,0.9810203915346997,0.5255788274959123,4,late
4894,94,0,0.6881004432254354,0.46934770359833644,4,late
4895,95,0,0.205053973530627,0.5245220893835475,4,late
4896,96,0,0.8950660139706534,0.3862501936856194,4,late
4897,97,0,0.6720701637720883,0.4924423225400202,4,late
4898,98,0,0.6215302884821099,0.602366258483718,4,late
4899,99,0,0.9713868535992711,0.388889855024675,4,late
4900,100,0,0.8812377733574988,0.44425961726862917,4,late
4901,101,0,0.8989738682203248,0.511847582270614,4,late
4902,102,0,0.7347732744778598,0.36550661608124113,4,late
4903,103,0,0.7886769027000584,0.42107845866514737,4,late
4904,104,0,0.4164386847274547,0.5320271490864978,4,late
4905,105,0,0.9282545543648435,0.4533946870385056,4,late
4906,106,0,0.5929883315849062,0.3859140325638393,4,late
4907,107,0,0.6082267559883102,0.42462957730442136,4,late
4908,108,0,0.7516368867027552,0.49078733191361223,4,late
4909,109,0,0.9197203156772118,0.34713754452538736,4,late
4910,110,0,0.9870986584655814,0.4022754205208918,4,late
4911,111,0,0.9193593968533802,0.4533597398894813,4,late
4912,112,0,0.05187423657668086,0.4976673763899999,4,late
4913,113,0,0.7339621238530218,0.45220907137788013,4,late
4914,114,0,0.9837536532843014,0.3984314325077757,4,late
4915,115,0,0.9119535843976172,0.38073941836630515,4,late
4916,116,0,0.844755610303181,0.38642109837063143,4,late
4917,117,0,0.8159558901279804,0.4916101331942095,4,late
4918,118,0,0.4126868984272395,0.5385187683503181,4,late
4919,119,0,0.9760249229254424,0.5275830271997553,4,late
4920,120,0,0.21544950051591996,0.4344396315795622,4,late
4921,121,0,0.06434134349857451,0.5980705935226485,4,late
4922,122,0,0.6498719424333372,0.41976345959518613,4,late
4923,123,0,0.7474317461035982,0.43129726464216733,4,late
4924,124,0,0.9088114473011052,0.4121136619952117,4,late
4925,125,0,0.12480878372838883,0.563108200469372,4,late
4926,126,0,0.4680117085330251,0.48655639419233193,4,late
4927,127,0,0.5236520383890799,0.4775878014704411,4,late
4928,128,0,0.1813534302767304,0.6375357244623492,4,late
4929,129,0,0.42557589056760425,0.5707744176673964,4,late
4930,130,0,0.4427628707590784,0.5210312210973392,4,late
4931,131,0,0.42718223203210826,0.4969142640411507,4,late
4932,132,0,0.21931341597033518,0.6524638109083921,4,late
4933,133,0,0.7398841096403813,0.5427542775778607,4,late
4934,134,0,0.8121460747815368,0.46139500972972336,4,late
4935,135,0,0.08636110358187526,0.6429415152819964,4,late
4936,136,0,0.5004416178921365,0.598138228660104,4,late
4937,137,0,0.5490090202299154,0.502500618449806,4,late
4938,138,0,0.6634718529271961,0.5003230683891131,4,late
4939,139,0,0.3014497867797377,0.6594917426767881,4,late
4940,140,0,0.3605595045110702,0.5418409601209875,4,late
4941,141,0,0.3980250804879664,0.49503984824211805,4,late
4942,142,0,0.535821220076997,0.41255907651786605,4,late
4943,143,0,0.5222658916349213,0.5314462206877348,4,late
4944,144,0,0.8179035355794226,0.34570412182722887,4,late
4945,145,0,0.6190744980214935,0.47520379558444314,4,late
4946,146,0,0.8675841758214116,0.4089040460212574,4,late
4947,147,0,0.910888913371616,0.4275487563462825,4,late
4948,148,0,0.5133558751343121,0.36003385368621155,4,late
4949,149,0,0.4088522623410756,0.43085704996806395,4,late
4950,150,0,0.8044874426787005,0.4227323402139388,4,late
4951,151,0,0.6430911300239014,0.4613603796947551,4,late
4952,152,0,0.7984154143529725,0.40204322208399057,4,late
4953,153,0,0.3527148025289979,0.5354525144082605,4,late
4954,154,0,0.9281857776853426,0.3980473649312515,4,late
4955,155,0,0.47560554120390724,0.581477761098424,4,late
4956,156,0,0.8116221167887326,0.43068806769372225,4,late
4957,157,0,0.5044584677048882,0.3675570129446561,4,late
4958,158,0,0.9208864399999499,0.37819292519216086,4,late
4959,159,0,0.8823435163479965,0.3048370261043675,4,late
4960,160,0,0.9845272340265436,0.47945263771055413,4,late
4961,161,0,0.2870537996210665,0.6331293586775528,4,late
4962,162,0,0.947454755096589,0.42330601459604594,4,late
4963,163,0,0.7162132895903747,0.4513330279742847,4,late
4964,164,0,0.6411530087591698,0.41853336092571247,4,late
4965,165,0,0.6366829252385979,0.3667182434660601,4,late
4966,166,0,0.6400247657495162,0.4061726360137775,4,late
4967,167,0,0.35302728240384185,0.4445344585939287,4,late
4968,168,0,0.855178827710871,0.35948741614844837,4,late
4969,169,0,0.04224347873521099,0.6434425278966032,4,late
4970,170,0,0.8406172538995573,0.6048393432845371,4,late
4971,171,0,0.9458195328902821,0.3609636488059937,4,late
4972,172,0,0.9701837350413474,0.3777028699123126,4,late
4973,173,0,0.5625773529752987,0.571186927543589,4,late
4974,174,0,0.610260258014344,0.6450000528943423,4,late
4975,175,0,0.9722691255321829,0.4892344212178482,4,late
4976,176,0,0.5099373315252094,0.47777977651759823,4,late
4977,177,0,0.857690103606843,0.33291252597924637,4,late
4978,178,0,0.9033893289508277,0.5051553649522917,4,late
4979,179,0,0.6582496891361573,0.4322656784943858,4,late
4980,180,0,0.9670742018747025,0.36193742071894863,4,late
4981,181,0,0.5224241455541012,0.5993102403734065,4,late
4982,182,0,0.4954819534671762,0.4959553063323746,4,late
4983,183,0,0.6162134629387069,0.29607960367358993,4,late
4984,184,0,0.8143241253509851,0.3849807588951031,4,late
4985,185,0,0.4885751436752727,0.47667701957540676,4,late
4986,186,0,0.8518518699070066,0.4273964731944683,4,late
4987,187,0,0.6445251199842439,0.3694180121813582,4,late
4988,188,0,0.7372918663457682,0.4876653790865467,4,late
4989,189,0,0.8299738516189528,0.48797317578288957,4,late
4990,190,0,0.5696260350431699,0.6681393404883269,4,late
4991,191,0,0.8521417469591426,0.28441555614617153,4,late
4992,192,0,0.9618113907580179,0.3933418480808389,4,late
4993,193,0,0.6283111634813955,0.43318645334555567,4,late
4994,194,0,0.34509649691758676,0.4217292122736431,4,late
4995,195,0,0.8048883374614558,0.31805235067839716,4,late
4996,196,0,0.6827508592304287,0.29552236949685573,4,late
4997,197,0,0.3447944331889674,0.5172562235239475,4,late
4998,198,0,0.1616999444752971,0.35880466240370973,4,late
4999,199,0,0.5384270591003462,0.5794162927533064,4,late
5000,0,0,0.5668479910952501,0.8548095445822621,5,interleaved
5001,1,0,0.1769234564656551,0.748783969595863,5,interleaved
5002,2,0,0.6422621737534289,0.586970808522531,5,interleaved
5003,3,0,0.35516296255590624,0.5924029617126298,5,interleaved
5004,4,0,0.9375163689223471,0.44851577038781126,5,interleaved
5005,5,0,0.5641018048517908,0.5216517646498566,5,interleaved
5006,6,0,0.44850393692581886,0.5768217053540071,5,interleaved
5007,7,0,0.740341859389539,0.530246197157741,5,interleaved
5008,8,0,0.5166734433792411,0.36962393013906075,5,interleaved
5009,9,0,0.138846839997989,0.6307201972718691,5,interleaved
5010,10,0,0.21427048109693358,0.6621373391467813,5,interleaved
5011,11,0,0.7263853806228644,0.4883359141406126,5,interleaved
5012,12,0,0.467461208312426,0.4686271437738537,5,interleaved
5013,13,0,0.26981306044815645,0.43431165037775343,5,interleaved
5014,14,0,0.2165170381824275,0.49401161241009217,5,interleaved
5015,15,0,0.5084614057037959,0.48105276829930865,5,interleaved
5016,16,0,0.41950646389445595,0.4795963788217789,5,interleaved
5017,17,0,0.45984982784497824,0.5535835638478046,5,interleaved
5018,18,0,0.46016479284611633,0.45923522423935503,5,interleaved
5019,19,0,0.5395386315577324,0.43906717659745104,5,interleaved
5020,20,0,0.6636277207867916,0.47905932675513974,5,interleaved
5021,21,0,0.8730905039373891,0.4846611458518857,5,interleaved
5022,22,0,0.4787186872842577,0.42563112559928096,5,interleaved
5023,23,0,0.9199149916883704,0.35800219715266124,5,interleaved
5024,24,0,0.5051331201098497,0.5289494717463297,5,interleaved
5025,25,0,0.062268144377635316,0.70084197132074,5,interleaved
5026,26,0,0.590073034737453,0.4020329762805368,5,interleaved
5027,27,0,0.3910424528344207,0.7627825125239323,5,interleaved
5028,28,0,0.9930326555882503,0.7280957356524129,5,interleaved
5029,29,0,0.44294896144336765,0.49411152208121245,5,interleaved
5030,30,0,0.8352373101241806,0.4439976229027538,5,interleaved
5031,31,0,0.517156676079077,0.5269978394437543,5,interleaved
5032,32,0,0.8277256281026445,0.4834863585256649,5,interleaved
5033,33,0,0.5732161587154971,0.5650806933299815,5,interleaved
5034,34,0,0.4980644407572187,0.3805650224134056,5,interleaved
5035,35,0,0.6609959527904746,0.3954946381266824,5,interleaved
5036,36,0,0.6572047374139096,0.3544667991862079,5,interleaved
5037,37,0,0.5859519567415665,0.43764977981151876,5,interleaved
5038,38,0,0.2843746473307721,0.44305688614974625,5,interleaved
5039,39,0,0.6745860053423063,0.4920855487771729,5,interleaved
5040,40,0,0.5411941437363048,0.5144221543128084,5,interleaved
5041,41,0,0.2687580453008663,0.47798953064911576,5,interleaved
5042,42,0,0.38023242159644893,0.38592772090929894,5,interleaved
5043,43,0,0.4899550378509842,0.3740892725373139,5,interleaved
5044,44,0,0.4437144747725621,0.40385691435596394,5,interleaved
5045,45,0,0.5487047047433558,0.4258120653323276,5,interleaved
5046,46,0,0.8324387853683515,0.5791675178105073,5,interleaved
5047,47,0,0.4040133493465565,0.4852736552859969,5,interleaved
5048,48,0,0.5987337707065707,0.5554172531939701,5,interleaved
5049,49,0,0.4985578351327419,0.3609763564523241,5,interleaved
5050,50,0,0.12034775503967532,0.45385380588900764,5,interleaved
5051,51,0,0.6930265942140729,0.5110564667957009,5,interleaved
5052,52,0,0.475982269363405,0.4963774660932291,5,interleaved
5053,53,0,0.905368961860728,0.36966649476684377,5,interleaved
5054,54,0,0.4845568793901886,0.6794330863055245,5,interleaved
5055,55,0,0.623154888595946,0.4131604990480847,5,interleaved
5056,56,0,0.5897198473289467,0.49356791832589014,5,interleaved
5057,57,0,0.6542543130038562,0.4160604602407305,5,interleaved
5058,58,0,0.5880277334564209,0.44526569506319635,5,interleaved
5059,59,0,0.373982539741607,0.41019881877089764,5,interleaved
5060,60,0,0.9198651133034949,0.44351101998063214,5,interleaved
5061,61,0,0.4209313989026562,0.5693452412172972,5,interleaved
5062,62,0,0.7165660189475832,0.4827516964106594,5,interleaved
5063,63,0,0.5196884898910793,0.4652979299938862,5,interleaved
5064,64,0,0.5796229147334174,0.4774903329848645,5,interleaved
5065,65,0,0.41050300897957526,0.48268438695623495,5,interleaved
5066,66,0,0.2424751691392491,0.6789087325821823,5,interleaved
5067,67,0,0.6962009595465954,0.5013320851381153,5,interleaved
5068,68,0,0.25900746329756963,0.7187756174372395,5,interleaved
5069,69,0,0.5198347686646706,0.4668669442743325,5,interleaved
5070,70,0,0.6104852308546314,0.44401764865354654,5,interleaved
5071,71,0,0.5483832945314278,0.47309972969972947,5,interleaved
5072,72,0,0.7545187050867233,0.5395331450089986,5,interleaved
5073,73,0,0.7195051715367566,0.43884061207138,5,interleaved
5074,74,0,0.8993897794970898,0.25333289270805226,5,interleaved
5075,75,0,0.4024071421077026,0.42167097652718044,5,interleaved
5076,76,0,0.9216566157349001,0.3295693790037372,5,interleaved
5077,77,0,0.5164342332969742,0.4123077990469157,5,interleaved
5078,78,0,0.6515190878142691,0.39100343519356906,5,interleaved
5079,79,0,0.744544410263827,0.4461170655591561,5,interleaved
5080,80,0,0.5154139870061456,0.3569493727294095,5,interleaved
5081,81,0,0.19741413133537375,0.6470071995838583,5,interleaved
5082,82,0,0.06456764604981295,0.657532257467575,5,interleaved
5083,83,0,0.5742675190337231,0.575746459753692,5,interleaved
5084,84,0,0.7279600440286179,0.46163215448509026,5,interleaved
5085,85,0,0.5523955907787168,0.43772109885032384,5,interleaved
5086,86,0,0.6209592836974155,0.5258062502573886,5,interleaved
5087,87,0,0.5274794490495354,0.40415731002178207,5,interleaved
5088,88,0,0.6699519395018338,0.4465037650298359,5,interleaved
5089,89,0,0.5509280556321907,0.4910472711773963,5,interleaved
5090,90,0,0.06341675523536926,0.564289418784482,5,interleaved
5091,91,0,0.557395963686464,0.41617568339622135,5,interleaved
5092,92,0,0.8589940628538588,0.3903860427957411,5,interleaved
5093,93,0,0.40502586452403166,0.4320689807301543,5,interleaved
5094,94,0,0.9788569915225442,0.3129095274921102,5,interleaved
5095,95,0,0.6038505140410391,0.31877636034897405,5,interleaved
5096,96,0,0.958465106999939,0.2646198083171484,5,interleaved
5097,97,0,0.8474310186779777,0.37793603108257734,5,interleaved
5098,98,0,0.5006662618287574,0.33561163232892677,5,interleaved
5099,99,0,0.8441894795671155,0.42066915554017403,5,interleaved
5100,100,0,0.9448309314551971,0.424094776095991,5,interleaved
5101,101,0,0.3929248124766371,0.5272432213846127,5,interleaved
5102,102,0,0.006115648911605566,0.9212610233497923,5,interleaved
5103,103,0,0.9302873252270066,0.5174791898387152,5,interleaved
5104,104,0,0.45473565208276046,0.45650161594365135,5,interleaved
5105,105,0,0.6200012952733878,0.5029633829066352,5,interleaved
5106,106,0,0.9137286923816517,0.3634065035728643,5,interleaved
5107,107,0,0.6293124958200553,0.42057228538030056,5,interleaved
5108,108,0,0.8624511588154404,0.2846016787410039,5,interleaved
5109,109,0,0.713335905892986,0.3517790545191384,5,interleaved
5110,110,0,0.34798081780460643,0.5678198701813324,5,interleaved
5111,111,0,0.8933476102212539,0.30609033190252266,5,interleaved
5112,112,0,0.3033729790538533,0.4992984246227371,5,interleaved
5113,113,0,0.5239329996486326,0.4935141798144417,5,interleaved
5114,114,0,0.9808902879889521,0.4973436686296807,5,interleaved
5115,115,0,0.2522280748692321,0.5054093117296404,5,interleaved
5116,116,0,0.7986089856321572,0.43326050706021746,5,interleaved
5117,117,0,0.9698994764558408,0.3736888878522965,5,interleaved
5118,118,0,0.5940850405000173,0.2763666581694745,5,interleaved
5119,119,0,0.8073514448741376,0.3463833054143717,5,interleaved
5120,120,0,0.9738209636975013,0.31677023365898904,5,interleaved
5121,121,0,0.5032216736006051,0.5716246426210378,5,interleaved
5122,122,0,0.08127194921624153,0.5021025035135148,5,interleaved
5123,123,0,0.6244041767044073,0.37842906873674764,5,interleaved
5124,124,0,0.2031113216483404,0.4837587485862394,5,interleaved
5125,125,0,0.29140987509119665,0.37101348129018674,5,interleaved
5126,126,0,0.19006086777947961,0.43484566780960704,5,interleaved
5127,127,0,0.07961062706510086,0.3728182800316643,5,interleaved
5128,128,0,0.7684603781008001,0.39112114943314813,5,interleaved
5129,129,0,0.16640438226789034,0.5031679470138261,5,interleaved
5130,130,0,0.49324662500080096,0.4622843924652219,5,interleaved
5131,131,0,0.6155592685379195,0.3468841310244216,5,interleaved
5132,132,0,0.15065403669878008,0.39912345841797214,5,interleaved
5133,133,0,0.6658848214608799,0.33573112474980615,5,interleaved
5134,134,0,0.9519532070703364,0.2465409576004854,5,interleaved
5135,135,0,0.691361287523704,0.3314649639112005,5,interleaved
5136,136,0,0.11982512814494828,0.48259204696421754,5,interleaved
5137,137,0,0.3944497492421758,0.317235035294925,5,interleaved
5138,138,0,0.32895846183879496,0.34797832095420134,5,interleaved
5139,139,0,0.5645080491654493,0.5012300552807188,5,interleaved
5140,140,0,0.8475377550239815,0.34623905083775164,5,interleaved
5141,141,0,0.2670605322716332,0.34853060017350984,5,interleaved
5142,142,0,0.48876275518011236,0.3838165088998762,5,interleaved
5143,143,0,0.5950674902696401,0.29298095049889994,5,interleaved
5144,144,0,0.18471872746158607,0.4654929232637782,5,interleaved
5145,145,0,0.705450394094114,0.4265586692576561,5,interleaved
5146,146,0,0.42753994048192107,0.40885813668192694,5,interleaved
5147,147,0,0.5160413309607338,0.5063588058862523,5,interleaved
5148,148,0,0.6243223892748644,0.45682754883091015,5,interleaved
5149,149,0,0.6175864884931466,0.3703213999823943,5,interleaved
5150,150,0,0.4236376313926263,0.35874511950188515,5,interleaved
5151,151,0,0.3640713052073888,0.5316393311725086,5,interleaved
5152,152,0,0.8114848873664324,0.2851459856064087,5,interleaved
5153,153,0,0.3846636512638676,0.3849789469025239,5,interleaved
5154,154,0,0.11313167007704233,0.3859197110918622,5,interleaved
5155,155,0,0.5120071924709644,0.4058057004728639,5,interleaved
5156,156,0,0.5519055318485491,0.44950023493043306,5,interleaved
5157,157,0,0.5092314212161213,0.3211853467541858,5,interleaved
5158,158,0,0.9278065805290443,0.37000166407857976,5,interleaved
5159,159,0,0.5475738117251301,0.33428775243679626,5,interleaved
5160,160,0,0.4701211635668963,0.32556013749045754,5,interleaved
5161,161,0,0.5243534782111385,0.45560132287882976,5,interleaved
5162,162,0,0.4911501007677364,0.43487091697390323,5,interleaved
5163,163,0,0.16976083872139713,0.5307675990772849,5,interleaved
5164,164,0,0.2946465930484658,0.32308377009704803,5,interleaved
5165,165,0,0.7375451178934089,0.3735370362117588,5,interleaved
5166,166,0,0.8193208638539569,0.3663064220922472,5,interleaved
5167,167,0,0.6914275391609059,0.36329484657999356,5,interleaved
5168,168,0,0.31726337292980206,0.48928522697170085,5,interleaved
5169,169,0,0.8865123158448033,0.30823991632796655,5,interleaved
5170,170,0,0.5071361544955493,0.32435419511144803,5,interleaved
5171,171,0,0.5279038655893451,0.3058922801803376,5,interleaved
5172,172,0,0.18116130584411363,0.46904956382311824,5,interleaved
5173,173,0,0.8152686286916433,0.38437048390308237,5,interleaved
5174,174,0,0.5225376371691801,0.36212250697816384,5,interleaved
5175,175,0,0.5030594077238028,0.6211853442443855,5,interleaved
5176,176,0,0.8440138392748315,0.398664193507293,5,interleaved
5177,177,0,0.8903161584828279,0.3251693099420484,5,interleaved
5178,178,0,0.10236924455726908,0.3911507714999445,5,interleaved
5179,179,0,0.4930891915577344,0.2791359175560836,5,interleaved
5180,180,0,0.5919994572343092,0.2989569721757238,5,interleaved
5181,181,0,0.6254870157135812,0.33343629932693575,5,interleaved
5182,182,0,0.5435686795808021,0.4362566207457001,5,interleaved
5183,183,0,0.5023673899472181,0.40943561257132854,5,interleaved
5184,184,0,0.9616915223667244,0.47634473944609634,5,interleaved
5185,185,0,0.015033328021015622,0.6773384333572565,5,interleaved
5186,186,0,0.5540384742217415,0.3564994730628823,5,interleaved
5187,187,0,0.9245491976202067,0.3989167541315113,5,interleaved
5188,188,0,0.5321714463089217,0.44750913724545116,5,interleaved
5189,189,0,0.6184939353948475,0.4431889330292403,5,interleaved
5190,190,0,0.9925670889068527,0.37991194653281934,5,interleaved
5191,191,0,0.9735673828838645,0.44911716265496415,5,interleaved
5192,192,0,0.20196957813617525,0.3835593711203099,5,interleaved
5193,193,0,0.4699696919523373,0.5566849771133909,5,interleaved
5194,194,0,0.438920765010271,0.36166371751113446,5,interleaved
5195,195,0,0.36104729579074407,0.2921376136874784,5,interleaved
5196,196,0,0.5199743828765871,0.4039710902617879,5,interleaved
5197,197,0,0.6175973032290015,0.39365831721583355,5,interleaved
5198,198,0,0.5639339907882186,0.33071490657642927,5,interleaved
5199,199,0,0.938725528081408,0.3066487761672453,5,interleaved
5200,0,0,0.49766205788013274,0.8453756549056408,5,blocked
5201,1,0,0.4971614151737413,0.6703091059072612,5,blocked
5202,2,0,0.8771716644159472,0.5612929052670574,5,blocked
5203,3,0,0.0646613940175347,0.6396436853410904,5,blocked
5204,4,0,0.28164978857117434,0.7282043215790664,5,blocked
5205,5,0,0.38263812756764426,0.49699432376679364,5,blocked
5206,6,0,0.36089494660688526,0.41497926984595335,5,blocked
5207,7,0,0.8907688524446696,0.5517294539377835,5,blocked
5208,8,0,0.9153763943882411,0.47341794876384014,5,blocked
5209,9,0,0.9954105889379228,0.5831033719442037,5,blocked
5210,10,0,0.8694742778690161,0.47921451795712616,5,blocked
5211,11,0,0.07435048073002437,0.5963677340369229,5,blocked
5212,12,0,0.07714579726680282,0.5018209207824733,5,blocked
5213,13,0,0.43819734193796644,0.47278437608274887,5,blocked
5214,14,0,0.03876881860897145,0.6162995121853205,5,blocked
5215,15,0,0.21429129089394466,0.4206647784122486,5,blocked
5216,16,0,0.47732173335822137,0.3887918168257269,5,blocked
5217,17,0,0.7336531207443101,0.49842341014552116,5,blocked
5218,18,0,0.5539948831499031,0.49038482486438484,5,blocked
5219,19,0,0.5956814343069163,0.3939030915568188,5,blocked
5220,20,0,0.4153238768501211,0.5024859612978407,5,blocked
5221,21,0,0.4642938627236668,0.5033433874308417,5,blocked
5222,22,0,0.5260682936369739,0.37047399359954625,5,blocked
5223,23,0,0.3892896989679324,0.4834343658959621,5,blocked
5224,24,0,0.4133117777630531,0.4969109877210989,5,blocked
5225,25,0,0.7854139111162345,0.3955319671060108,5,blocked
5226,26,0,0.26190261252967745,0.651342531957489,5,blocked
5227,27,0,0.5267269943151909,0.46721526503052596,5,blocked
5228,28,0,0.524633889558883,0.4238780271219742,5,blocked
5229,29,0,0.8061861469336066,0.4975937419969092,5,blocked
5230,30,0,0.9901528293725153,0.32739216690397643,5,blocked
5231,31,0,0.26343511927170354,0.6890568627194338,5,blocked
5232,32,0,0.2537910451176276,0.39376976745322134,5,blocked
5233,33,0,0.6476449339921171,0.44630375693605384,5,blocked
5234,34,0,0.34211906198558184,0.5804830508927334,5,blocked
5235,35,0,0.9725866081634607,0.5378542739249175,5,blocked
5236,36,0,0.6009902175060038,0.5633283605154535,5,blocked
5237,37,0,0.48467346172516335,0.4046371375697732,5,blocked
5238,38,0,0.33488305986055983,0.513213108065262,5,blocked
5239,39,0,0.8259826814448668,0.4294448043475958,5,blocked
5240,40,0,0.7382316398237108,0.45539365692363887,5,blocked
5241,41,0,0.43970506880509763,0.4749196966645307,5,blocked
5242,42,0,0.5776205828242928,0.45216933302767937,5,blocked
5243,43,0,0.8696424590476552,0.5003488950876378,5,blocked
5244,44,0,0.7319351604457929,0.5374271070531483,5,blocked
5245,45,0,0.8123415070280132,0.5351620186540206,5,blocked
5246,46,0,0.4853983301235594,0.47464608350377224,5,blocked
5247,47,0,0.5475402623785071,0.4152592934231719,5,blocked
5248,48,0,0.399398480992127,0.6165995576629856,5,blocked
5249,49,0,0.3243265971178523,0.38003429291729457,5,blocked
5250,50,0,0.5431603850492224,0.47528398647252457,5,blocked
5251,51,0,0.6794676658122616,0.5166856859066743,5,blocked
5252,52,0,0.3933174393905797,0.5194144548244759,5,blocked
5253,53,0,0.5174832575860744,0.3196100233861192,5,blocked
5254,54,0,0.4034398323270878,0.39064485524093634,5,blocked
5255,55,0,0.2897186173681728,0.46942181200134103,5,blocked
5256,56,0,0.5824895310461387,0.7501210831941743,5,blocked
5257,57,0,0.5391434660770009,0.5084169460112257,5,blocked
5258,58,0,0.682880754576175,0.42447323474348475,5,blocked
5259,59,0,0.5623600498112583,0.3628817999627451,5,blocked
5260,60,0,0.8184753927853452,0.47386195577720397,5,blocked
5261,61,0,0.6998392107141591,0.42960810921249754,5,blocked
5262,62,0,0.6857921690732502,0.4699528579822698,5,blocked
5263,63,0,0.7598827558910377,0.5286265149752423,5,blocked
5264,64,0,0.548064841071986,0.43344445088374395,5,blocked
5265,65,0,0.5563915748632243,0.5366985576194603,5,blocked
5266,66,0,0.3420602097715667,0.3782083209244392,5,blocked
5267,67,0,0.8689594158071712,0.5066175126194823,5,blocked
5268,68,0,0.6361445091448253,0.43797524600827,5,blocked
5269,69,0,0.8216121871390629,0.3873171910954304,5,blocked
5270,70,0,0.40836136948596546,0.5284362370736089,5,blocked
5271,71,0,0.2972096201230702,0.44724505341001025,5,blocked
5272,72,0,0.5154847074986766,0.4214579484104626,5,blocked
5273,73,0,0.6714504777079167,0.44993657635002215,5,blocked
5274,74,0,0.5320448125601727,0.4102956401467931,5,blocked
5275,75,0,0.9491682681048197,0.38931301133041973,5,blocked
5276,76,0,0.4447474404845699,0.4772173870116344,5,blocked
5277,77,0,0.5890966337892326,0.462060847347331,5,blocked
5278,78,0,0.9259608072402619,0.45811923748605765,5,blocked
5279,79,0,0.501537901639795,0.38979093126611075,5,blocked
5280,80,0,0.6196322282597366,0.43750763244128965,5,blocked
5281,81,0,0.21312473807988355,0.44698021297585705,5,blocked
5282,82,0,0.4581566012170837,0.5742151297918019,5,blocked
5283,83,0,0.3417231178947834,0.4472358316158177,5,blocked
5284,84,0,0.8384350001309813,0.44320732474711355,5,blocked
5285,85,0,0.5979882197154494,0.5048538256324198,5,blocked
5286,86,0,0.26284332283924694,0.49078832207130496,5,blocked
5287,87,0,0.2327220813690299,0.45122901473146987,5,blocked
5288,88,0,0.5668847796338199,0.3267134431347128,5,blocked
5289,89,0,0.8222278097879725,0.5275626864506252,5,blocked
5290,90,0,0.9258829986763937,0.4177175376456352,5,blocked
5291,91,0,0.8574584101837703,0.5363896636899749,5,blocked
5292,92,0,0.7370638656308827,0.35984510049000346,5,blocked
5293,93,0,0.9634136731024903,0.44657140417482966,5,blocked
5294,94,0,0.7168089965183386,0.347037844420791,5,blocked
5295,95,0,0.12847256789916178,0.49596520805784894,5,blocked
5296,96,0,0.48413414716665204,0.3331852475091217,5,blocked
5297,97,0,0.49868494920218853,0.3825416774133936,5,blocked
5298,98,0,0.9592339673949632,0.49237040142807775,5,blocked
5299,99,0,0.21463419493761238,0.3865545866414887,5,blocked
5300,100,0,0.6079264995743769,0.5141553873896858,5,blocked
5301,101,0,0.2415481787194619,0.47613681190444324,5,blocked
5302,102,0,0.87592380189711,0.31053494042709895,5,blocked
5303,103,0,0.6858541797839439,0.3930923893424272,5,blocked
5304,104,0,0.7137685536843998,0.5064423851273384,5,blocked
5305,105,0,0.9773247674422287,0.35448788706744105,5,blocked
5306,106,0,0.9387930160303124,0.39183987854575364,5,blocked
5307,107,0,0.7980034121716517,0.40248194582721325,5,blocked
5308,108,0,0.6208084412004623,0.3779926276233541,5,blocked
5309,109,0,0.626916158734747,0.4007391446613321,5,blocked
5310,110,0,0.5887374474699656,0.3063503313087076,5,blocked
5311,111,0,0.763171742655852,0.33932546867020974,5,blocked
5312,112,0,0.48228025045727496,0.386293445816731,5,blocked
5313,113,0,0.2825978698292864,0.5224196337903699,5,blocked
5314,114,0,0.8743714471380089,0.43657120157205487,5,blocked
5315,115,0,0.6402094861309521,0.3357812016288275,5,blocked
5316,116,0,0.5274617469587304,0.4117759196968176,5,blocked
5317,117,0,0.1885013285858211,0.4483989566126363,5,blocked
5318,118,0,0.43663809962538974,0.4332151088190958,5,blocked
5319,119,0,0.34588190400230995,0.49364801320000334,5,blocked
5320,120,0,0.6990205999216362,0.4146954586964934,5,blocked
5321,121,0,0.3486183524527069,0.5788051379271106,5,blocked
5322,122,0,0.5002776815071179,0.49400133356565235,5,blocked
5323,123,0,0.41607337768812797,0.3689841390234867,5,blocked
5324,124,0,0.4411484117404344,0.4611808475092756,5,blocked
5325,125,0,0.19633835195852067,0.3419112450877209,5,blocked
5326,126,0,0.6281863164389645,0.3622619916457308,5,blocked
5327,127,0,0.15763413388289715,0.40726672214027104,5,blocked
5328,128,0,0.40789849061060734,0.47344801761016686,5,blocked
5329,129,0,0.541749414596837,0.3849205416691607,5,blocked
5330,130,0,0.412071902052505,0.5111896214451432,5,blocked
5331,131,0,0.33396756039316255,0.47100616261772243,5,blocked
5332,132,0,0.7930439515268244,0.3953099660998707,5,blocked
5333,133,0,0.798406210960101,0.4167247295853465,5,blocked
5334,134,0,0.6097214245237772,0.4273657170421725,5,blocked
5335,135,0,0.9939625082523057,0.38100027460921654,5,blocked
5336,136,0,0.6175702650102401,0.3375777964441648,5,blocked
5337,137,0,0.49215511313834764,0.5127163885493395,5,blocked
5338,138,0,0.4358760396804637,0.4609100859169146,5,blocked
5339,139,0,0.24893816308170608,0.43051296848213316,5,blocked
5340,140,0,0.81493403151249,0.4531263348088994,5,blocked
5341,141,0,0.6723502737087939,0.3339251863168651,5,blocked
5342,142,0,0.4556072590674757,0.43460070057638217,5,blocked
5343,143,0,0.9288077259305603,0.2990111930443352,5,blocked
5344,144,0,0.453890712329264,0.3491927487447688,5,blocked
5345,145,0,0.8837707612574688,0.3096832538677897,5,blocked
5346,146,0,0.5380440126957919,0.4913685522430642,5,blocked
5347,147,0,0.7359791613143383,0.32203816629705934,5,blocked
5348,148,0,0.5290406380393651,0.2705731072544155,5,blocked
5349,149,0,0.7844766361685227,0.3045138387428302,5,blocked
5350,150,0,0.8304024758370621,0.23113280562228883,5,blocked
5351,151,0,0.7320616875903895,0.31772552472000193,5,blocked
5352,152,0,0.8987306654267238,0.28044031129349545,5,blocked
5353,153,0,0.500190053537634,0.2964245628596364,5,blocked
5354,154,0,0.7514104348498236,0.25179163182477315,5,blocked
5355,155,0,0.22928248514483257,0.3614036602202545,5,blocked
5356,156,0,0.28776448402072424,0.3965626710009408,5,blocked
5357,157,0,0.8247937201457438,0.4974865753557884,5,blocked
5358,158,0,0.8469118542452255,0.33697413332162507,5,blocked
5359,159,0,0.3751309879536311,0.4272807155015028,5,blocked
5360,160,0,0.8335125811563913,0.3366608950632417,5,blocked
5361,161,0,0.515422149702713,0.43321560975313467,5,blocked
5362,162,0,0.5393520346758802,0.2855070593229272,5,blocked
5363,163,0,0.18643915909526307,0.37572509803804766,5,blocked
5364,164,0,0.6165493187097574,0.39532242484876534,5,blocked
5365,165,0,0.4291513169205309,0.4341732405061902,5,blocked
5366,166,0,0.5410179353516527,0.35497680165529866,5,blocked
5367,167,0,0.214139534548269,0.49953566864046683,5,blocked
5368,168,0,0.2878469277244275,0.4561730104224279,5,blocked
5369,169,0,0.48287467152609825,0.38872594879310374,5,blocked
5370,170,0,0.33004843919637367,0.41586583308267255,5,blocked
5371,171,0,0.34184181855702,0.26259341366800565,5,blocked
5372,172,0,0.7468855773709941,0.3635798842509731,5,blocked
5373,173,0,0.41243899175244225,0.36145420922537097,5,blocked
5374,174,0,0.23514325488930277,0.4531688513877571,5,blocked
5375,175,0,0.31498887453779734,0.36169464942722646,5,blocked
5376,176,0,0.856865093960644,0.32602356945863925,5,blocked
5377,177,0,0.6498126022846685,0.3683286021391271,5,blocked
5378,178,0,0.7475806406770867,0.31609861629689007,5,blocked
5379,179,0,0.32180259203690964,0.37347911282005586,5,blocked
5380,180,0,0.41962127992240217,0.3152467664096442,5,blocked
5381,181,0,0.6230213957587497,0.49390318912240583,5,blocked
5382,182,0,0.8634137937429851,0.35906424337396986,5,blocked
5383,183,0,0.9415393398100207,0.2588983810517684,5,blocked
5384,184,0,0.7809944672777003,0.4103772966215188,5,blocked
5385,185,0,0.05833309128518162,0.45972758246695755,5,blocked
5386,186,0,0.669510973417373,0.27085775179443494,5,blocked
5387,187,0,0.788819082276164,0.3927982426866018,5,blocked
5388,188,0,0.5174455705125567,0.3355881249817323,5,blocked
5389,189,0,0.5687072395269739,0.5679346330566214,5,blocked
5390,190,0,0.10356317899295792,0.3965084090079868,5,blocked
5391,191,0,0.8971355513855062,0.43264431883256926,5,blocked
5392,192,0,0.9197037120102107,0.21739118878434927,5,blocked
5393,193,0,0.15345641331174883,0.6028197309716787,5,blocked
5394,194,0,0.6738447803734479,0.4541247095773798,5,blocked
5395,195,0,0.8511006025567972,0.3757289302420088,5,blocked
5396,196,0,0.9805605627123082,0.3245408013549573,5,blocked
5397,197,0,0.26793290629917044,0.5661966164720338,5,blocked
5398,198,0,0.9543935203511578,0.4466462731168527,5,blocked
5399,199,0,0.9133579939414227,0.232187197867664,5,blocked
5400,0,0,0.6448468198232067,0.509316501243168,5,early
5401,1,0,0.3342332297754368,0.5835682814349191,5,early
5402,2,0,0.9732186341033646,0.5413489951421043,5,early
5403,3,0,0.6226631948940666,0.49995732336225807,5,early
5404,4,0,0.4546278746857228,0.5123002107737253,5,early
5405,5,0,0.9242022344834915,0.3253861621151086,5,early
5406,6,0,0.9866900585670874,0.5153511085010964,5,early
5407,7,0,0.679826793854138,0.33525447637741423,5,early
5408,8,0,0.824634655207042,0.4502757528592077,5,early
5409,9,0,0.21628123979888494,0.46479270762769764,5,early
5410,10,0,0.8564573668999063,0.4272798571633511,5,early
5411,11,0,0.08342955974517907,0.4807864880150752,5,early
5412,12,0,0.2078503379915979,0.43960845914349717,5,early
5413,13,0,0.5144687322476881,0.5298890892575433,5,early
5414,14,0,0.9248963674303617,0.36088666310845663,5,early
5415,15,0,0.8533695344496247,0.3831206420957236,5,early
5416,16,0,0.13756542660179252,0.6111361719038781,5,early
5417,17,0,0.7336427615180603,0.6072123754444525,5,early
5418,18,0,0.7464074980402653,0.7759685950054751,5,early
5419,19,0,0.1333580259601827,0.5414477767797055,5,early
5420,20,0,0.6541400052763422,0.43652628418353573,5,early
5421,21,0,0.9035981765662571,0.28985501000372926,5,early
5422,22,0,0.2049559623204913,0.4888080946298705,5,early
5423,23,0,0.34363895769119424,0.3579500633935663,5,early
5424,24,0,0.7227710376129558,0.48491362710667735,5,early
5425,25,0,0.9271738388475956,0.29643326171992024,5,early
5426,26,0,0.4645325035707675,0.39263626856238065,5,early
5427,27,0,0.5067949678225055,0.5593015408567601,5,early
5428,28,0,0.7189803422294099,0.42360178844962976,5,early
5429,29,0,0.8808664006304608,0.5270568536828493,5,early
5430,30,0,0.381228265835519,0.5702429741958354,5,early
5431,31,0,0.9502968117426007,0.4036553293752573,5,early
5432,32,0,0.9445693614900061,0.4472704197721723,5,early
5433,33,0,0.9715676795048462,0.39645448165035513,5,early
5434,34,0,0.6282647488689871,0.41932127701195554,5,early
5435,35,0,0.7421972326810263,0.4623057707782661,5,early
5436,36,0,0.5371070140246754,0.3980135352052687,5,early
5437,37,0,0.7813556243463305,0.3564054889227537,5,early
5438,38,0,0.9762219858778397,0.42272898516466256,5,early
5439,39,0,0.030810250467958815,0.48858787183463875,5,early
5440,40,0,0.34133444754734127,0.3404479863406056,5,early
5441,41,0,0.6952738184127514,0.28941686872016503,5,early
5442,42,0,0.2786695039038084,0.48001694977600495,5,early
5443,43,0,0.48657003439703483,0.5082285141740197,5,early
5444,44,0,0.4171178096086776,0.34912157480270234,5,early
5445,45,0,0.38340593258299727,0.5179641712230143,5,early
5446,46,0,0.40803140008171573,0.42389982449635233,5,early
5447,47,0,0.5319904876031151,0.5537953625760154,5,early
5448,48,0,0.46599187519143376,0.5223093666656948,5,early
5449,49,0,0.6575465625985193,0.5026057751944357,5,early
5450,50,0,0.5764212544283719,0.5563704632476076,5,early
5451,51,0,0.4128755913797795,0.43424242783017125,5,early
5452,52,0,0.39073766077926003,0.48580899661512933,5,early
5453,53,0,0.4061312817943413,0.3596788003127872,5,early
5454,54,0,0.5599275908305179,0.47780655888887913,5,early
5455,55,0,0.2545544383098002,0.6338903432101755,5,early
5456,56,0,0.37221005728153894,0.398760607187688,5,early
5457,57,0,0.5006545762812611,0.46776041345122416,5,early
5458,58,0,0.48849495750363536,0.3860530658541416,5,early
5459,59,0,0.516740690906718,0.30829387114332907,5,early
5460,60,0,0.5007058016742498,0.3588299195661052,5,early
5461,61,0,0.6831591993067232,0.40550689525292133,5,early
5462,62,0,0.47956402467338083,0.4692131368602418,5,early
5463,63,0,0.5901413840843294,0.36247820927629004,5,early
5464,64,0,0.35994679590594514,0.4936227743227093,5,early
5465,65,0,0.4826841001177014,0.4000422869935797,5,early
5466,66,0,0.4539145277591412,0.36788128555966915,5,early
5467,67,0,0.6486746072660828,0.3484198743021125,5,early
5468,68,0,0.39882897041853005,0.38160807522046936,5,early
5469,69,0,0.4975267335255188,0.4819532589254625,5,early
5470,70,0,0.45451557298357115,0.34805147992711327,5,early
5471,71,0,0.677030122791838,0.4458815348373425,5,early
5472,72,0,0.4565705250713701,0.3876285414577204,5,early
5473,73,0,0.7504077735251342,0.3710628361717799,5,early
5474,74,0,0.20969241673128153,0.34086822989341103,5,early
5475,75,0,0.6359682363180383,0.4598788433596839,5,early
5476,76,0,0.47457293950593316,0.4188664677151105,5,early
5477,77,0,0.5662190574684782,0.41562880820450543,5,early
5478,78,0,0.4588063321201499,0.42262114367352305,5,early
5479,79,0,0.5585707475023277,0.2618377389768961,5,early
5480,80,0,0.6233388081004334,0.4674437455317978,5,early
5481,81,0,0.546652725548685,0.43469757190862846,5,early
5482,82,0,0.9877291050659707,0.44128774325759673,5,early
5483,83,0,0.2140242297700916,0.3392329049722681,5,early
5484,84,0,0.8847140495612962,0.40397288225854733,5,early
5485,85,0,0.3833829217923893,0.41315472513265006,5,early
5486,86,0,0.4202427551437289,0.38184547511276645,5,early
5487,87,0,0.3221218129245699,0.47266072427508277,5,early
5488,88,0,0.4029444830911822,0.650457241172602,5,early
5489,89,0,0.6257732698992717,0.3379459957428758,5,early
5490,90,0,0.12527740006017207,0.29846837006122884,5,early
5491,91,0,0.358275335463485,0.3807845122980865,5,early
5492,92,0,0.9037026418859655,0.36037833429475247,5,early
5493,93,0,0.45534720962903946,0.4007047421836091,5,early
5494,94,0,0.3093414857987236,0.4566579199857982,5,early
5495,95,0,0.413217031470849,0.3501153644695776,5,early
5496,96,0,0.0534309646451627,0.5790286954061958,5,early
5497,97,0,0.6130463308425734,0.4954123797557642,5,early
5498,98,0,0.8159587302633878,0.4585110432777202,5,early
5499,99,0,0.36676145790743203,0.430550324245217,5,early
5500,100,0,0.4740763409674811,0.2704539501467126,5,early
5501,101,0,0.4380769388258465,0.366894814224596,5,early
5502,102,0,0.7477633715495025,0.46869340531296966,5,early
5503,103,0,0.19643625813019244,0.4938033469735208,5,early
5504,104,0,0.2319387280364184,0.33665170467143757,5,early
5505,105,0,0.7897787183455751,0.40314885577526594,5,early
5506,106,0,0.783836380474914,0.38561123369969297,5,early
5507,107,0,0.5258687222260271,0.43429488038738356,5,early
5508,108,0,0.7784540021524873,0.21527039748407834,5,early
5509,109,0,0.7480760307241074,0.2687291324025326,5,early
5510,110,0,0.1402935549192218,0.6494495404654115,5,early
5511,111,0,0.8332694182906663,0.38919825837082334,5,early
5512,112,0,0.4970445487949895,0.422498573612834,5,early
5513,113,0,0.3817528723069443,0.40088768602096647,5,early
5514,114,0,0.9166048045701194,0.41598434316761024,5,early
5515,115,0,0.2574641976327115,0.4170763539498215,5,early
5516,116,0,0.49114991579671174,0.41389814017026993,5,early
5517,117,0,0.49983936690248987,0.4372584756210831,5,early
5518,118,0,0.1636413999107068,0.4334401316931541,5,early
5519,119,0,0.5223679673736096,0.45497546362559615,5,early
5520,120,0,0.2866746819676386,0.4692488051365751,5,early
5521,121,0,0.4476447027603316,0.43620068226533293,5,early
5522,122,0,0.4728771186740695,0.4046371906902393,5,early
5523,123,0,0.5770584619912351,0.4287501620033382,5,early
5524,124,0,0.6202516604679242,0.3479508244506307,5,early
5525,125,0,0.5595539006368627,0.2955527837199209,5,early
5526,126,0,0.3541414933298631,0.25390973922251403,5,early
5527,127,0,0.5480582265105128,0.25580909924898754,5,early
5528,128,0,0.549017420612113,0.3496895939125323,5,early
5529,129,0,0.784705230672147,0.41039073039494867,5,early
5530,130,0,0.46992293406993724,0.5364669017873334,5,early
5531,131,0,0.5025676696337217,0.6435888325449826,5,early
5532,132,0,0.5352309670815019,0.40059314708393284,5,early
5533,133,0,0.7780578993268684,0.3945083898182336,5,early
5534,134,0,0.531027499227549,0.24182639728449978,5,early
5535,135,0,0.6992614649313323,0.28752438672694475,5,early
5536,136,0,0.20215607414893152,0.45640894555131495,5,early
5537,137,0,0.2953789839390691,0.3919122241932608,5,early
5538,138,0,0.3606456272286503,0.3719244540102995,5,early
5539,139,0,0.7650678527807381,0.2894289720085135,5,early
5540,140,0,0.7714062838740825,0.31492025036592985,5,early
5541,141,0,0.2669484304127429,0.37013935169518297,5,early
5542,142,0,0.5123065363055501,0.3314659649380516,5,early
5543,143,0,0.4005527180965177,0.3604589957604527,5,early
5544,144,0,0.17097314949958864,0.41631005748420513,5,early
5545,145,0,0.39545519574628557,0.3616312553214521,5,early
5546,146,0,0.5282447899876801,0.31929780198397284,5,early
5547,147,0,0.30186348208105074,0.4069834865293924,5,early
5548,148,0,0.4007248909125114,0.6431306330564375,5,early
5549,149,0,0.21191116032847648,0.41454183978849596,5,early
5550,150,0,0.5891661489173906,0.3911877394947243,5,early
5551,151,0,0.44769725054130083,0.2576174261226438,5,early
5552,152,0,0.5694226025598226,0.2982896064884841,5,early
5553,153,0,0.36655815362401134,0.39848841052997674,5,early
5554,154,0,0.68096069004866,0.48145653392246524,5,early
5555,155,0,0.5383769907825624,0.49938876424225775,5,early
5556,156,0,0.5922335654898389,0.2392731516131638,5,early
5557,157,0,0.07002194746228997,0.3029097547601941,5,early
5558,158,0,0.17321138767242236,0.3902531293423448,5,early
5559,159,0,0.5642695749312452,0.4009258427362321,5,early
5560,160,0,0.2310679179010138,0.3753213409249017,5,early
5561,161,0,0.3048393628595781,0.4266548765707854,5,early
5562,162,0,0.13397931456002085,0.39128321289611073,5,early
5563,163,0,0.3871276708478682,0.2521841715458081,5,early
5564,164,0,0.6285564813338952,0.30204163355165736,5,early
5565,165,0,0.5901142767934857,0.31691642959038924,5,early
5566,166,0,0.3097449411278004,0.317016451130981,5,early
5567,167,0,0.6660395030925524,0.2661576441797686,5,early
5568,168,0,0.21550750385529654,0.3083878691122408,5,early
5569,169,0,0.36680921280620493,0.3447960722964196,5,early
5570,170,0,0.8274119982064216,0.35465918700073384,5,early
5571,171,0,0.21640107790993837,0.46212263010816224,5,early
5572,172,0,0.5639625320710463,0.15893832432354346,5,early
5573,173,0,0.5588325627746537,0.29886987624512373,5,early
5574,174,0,0.4660743194804933,0.26323717481817627,5,early
5575,175,0,0.33752859530537394,0.41222898384702744,5,early
5576,176,0,0.184764426548691,0.40532990374505445,5,early
5577,177,0,0.41101951162834827,0.3592510833302289,5,early
5578,178,0,0.6255515554747929,0.3121460838558132,5,early
5579,179,0,0.22311606395592867,0.3227728612663008,5,early
5580,180,0,0.36575898636344883,0.3447206949613987,5,early
5581,181,0,0.3061055148229524,0.36556370998443666,5,early
5582,182,0,0.7517736485792308,0.3071557050534546,5,early
5583,183,0,0.7768839118701288,0.3592894366860892,5,early
5584,184,0,0.42448008747553506,0.25839100699527107,5,early
5585,185,0,0.40640150079138015,0.34789707422816585,5,early
5586,186,0,0.2544573964420153,0.3980713386669442,5,early
5587,187,0,0.08932190059224711,0.4025910641215695,5,early
5588,188,0,0.7474213770243896,0.29419867961914203,5,early
5589,189,0,0.6255719492083368,0.3281934800416839,5,early
5590,190,0,0.798361825819178,0.40545798213900486,5,early
5591,191,0,0.3909573173281137,0.33725037223103504,5,early
5592,192,0,0.6451585968784956,0.44089271627486526,5,early
5593,193,0,0.2625499438537239,0.6556428347907811,5,early
5594,194,0,0.2394290414380876,0.4041159780289816,5,early
5595,195,0,0.4931838546159142,0.2949281448373031,5,early
5596,196,0,0.1220507455579801,0.2615171645543675,5,early
5597,197,0,0.22631383167439245,0.3580647932023068,5,early
5598,198,0,0.6387419856083584,0.31229962564366753,5,early
5599,199,0,0.6742055999145317,0.30558022487808645,5,early
5600,0,0,0.6009523226603386,0.8734617255078218,5,middle
5601,1,0,0.7030080396072087,0.6809811760990565,5,middle
5602,2,0,0.7907391840779607,0.6693190441641648,5,middle
5603,3,0,0.37477454682667805,0.44011577796568924,5,middle
5604,4,0,0.1210698301792216,0.6543971749127032,5,middle
5605,5,0,0.455696811629118,0.42367795923436535,5,middle
5606,6,0,0.4086710113980151,0.61659321998897,5,middle
5607,7,0,0.643635666055786,0.3654469213044781,5,middle
5608,8,0,0.6485773597690692,0.45235471587862874,5,middle
5609,9,0,0.6638548699473001,0.47645734408762175,5,middle
5610,10,0,0.4348766044861154,0.5674299841227359,5,middle
5611,11,0,0.3936889903762007,0.5495685889263184,5,middle
5612,12,0,0.12515865873593254,0.545914443174567,5,middle
5613,13,0,0.5903230380379131,0.44083607114488566,5,middle
5614,14,0,0.679647300450452,0.41288433656692525,5,middle
5615,15,0,0.29862589371348114,0.6610035896987229,5,middle
5616,16,0,0.7186114633437368,0.5044840950964206,5,middle
5617,17,0,0.644020551096635,0.5842419826869814,5,middle
5618,18,0,0.7343007193368334,0.5521359351895745,5,middle
5619,19,0,0.23002957281705827,0.8211569202201041,5,middle
5620,20,0,0.5132560192810418,0.5499577259059882,5,middle
5621,21,0,0.39901022935366093,0.367051744510377,5,middle
5622,22,0,0.7516232645888401,0.5169899424040326,5,middle
5623,23,0,0.6777492524110239,0.5593722586061073,5,middle
5624,24,0,0.33322528920976424,0.6668520291848585,5,middle
5625,25,0,0.6088047312671354,0.4332381679382463,5,middle
5626,26,0,0.30876855823818106,0.5885991870245861,5,middle
5627,27,0,0.6557134465079025,0.3780842968165906,5,middle
5628,28,0,0.7843267336989445,0.5495320388113544,5,middle
5629,29,0,0.49111012427382406,0.4916745741632876,5,middle
5630,30,0,0.1957964058995955,0.4313272636051232,5,middle
5631,31,0,0.652913386106982,0.2994344821023026,5,middle
5632,32,0,0.5084649552206699,0.4866767254026295,5,middle
5633,33,0,0.2876345247995588,0.5116194685554847,5,middle
5634,34,0,0.6240676543783231,0.5019101591898909,5,middle
5635,35,0,0.4092699334732516,0.42384081426643905,5,middle
5636,36,0,0.10836655274413848,0.45862799698546886,5,middle
5637,37,0,0.6312602721779947,0.41202393214940186,5,middle
5638,38,0,0.30396679807624855,0.5126992593474103,5,middle
5639,39,0,0.4735589788539254,0.33685631060293275,5,middle
5640,40,0,0.117294166347492,0.39108961942238385,5,middle
5641,41,0,0.20226088442907686,0.6654561428457102,5,middle
5642,42,0,0.5690211413100491,0.5435499438902329,5,middle
5643,43,0,0.48770244335022594,0.3903049899262756,5,middle
5644,44,0,0.7278984987614218,0.2685003482749374,5,middle
5645,45,0,0.5653792087116161,0.5667749175495077,5,middle
5646,46,0,0.09442902946730364,0.5128820591673607,5,middle
5647,47,0,0.2051345591979431,0.5512259782458173,5,middle
5648,48,0,0.14321562741570582,0.520823610505951,5,middle
5649,49,0,0.7298517928261217,0.4004720555912224,5,middle
5650,50,0,0.6223532449085194,0.4060468493995941,5,middle
5651,51,0,0.7080018651584188,0.42506660993159884,5,middle
5652,52,0,0.7576910309031549,0.34260723596459597,5,middle
5653,53,0,0.21249237466666154,0.5691699970693005,5,middle
5654,54,0,0.36074231466448686,0.49977412313213454,5,middle
5655,55,0,0.4005010102328965,0.46190221728898806,5,middle
5656,56,0,0.4416073827570475,0.4077255344601951,5,middle
5657,57,0,0.6884357328296669,0.4464652298170053,5,middle
5658,58,0,0.9441991452764764,0.3451384601496552,5,middle
5659,59,0,0.776841438022653,0.5265811176242401,5,middle
5660,60,0,0.2171257384321917,0.337876492178957,5,middle
5661,61,0,0.3327096954250519,0.7042462844876006,5,middle
5662,62,0,0.8397719888515197,0.5302982367345055,5,middle
5663,63,0,0.19012372702047675,0.5344962993988481,5,middle
5664,64,0,0.2582643000466439,0.47753811541380464,5,middle
5665,65,0,0.7121495995217684,0.442047169374828,5,middle
5666,66,0,0.6041612202101834,0.4532458172735364,5,middle
5667,67,0,0.6956207653191437,0.4564348687781522,5,middle
5668,68,0,0.8286662489281703,0.3628623692985673,5,middle
5669,69,0,0.9622635015840241,0.5208189739097262,5,middle
5670,70,0,0.1237915521947242,0.4841792778867906,5,middle
5671,71,0,0.5317431267656343,0.6390148853489035,5,middle
5672,72,0,0.4772845963913878,0.41218544102448806,5,middle
5673,73,0,0.3622131511711436,0.41163581193305965,5,middle
5674,74,0,0.18768752857645368,0.5050509265822825,5,middle
5675,75,0,0.5531471870540243,0.3193534718889164,5,middle
5676,76,0,0.5642962171846739,0.4211126614818081,5,middle
5677,77,0,0.40890789275438055,0.42061136549724587,5,middle
5678,78,0,0.7290021337354509,0.5209718881160402,5,middle
5679,79,0,0.8071226100629423,0.45561908197057843,5,middle
5680,80,0,0.4973624926690109,0.5388251877506286,5,middle
5681,81,0,0.2079954536318144,0.35883128493863764,5,middle
5682,82,0,0.2524953500194952,0.42039373997799523,5,middle
5683,83,0,0.36671539339114945,0.3597731295275814,5,middle
5684,84,0,0.35763512091100735,0.3548355223498224,5,middle
5685,85,0,0.29122978299155966,0.7242241636507538,5,middle
5686,86,0,0.18899044464209358,0.46243737423623466,5,middle
5687,87,0,0.2683827580970791,0.3806056122823343,5,middle
5688,88,0,0.507938384951351,0.36529642951701513,5,middle
5689,89,0,0.6025070869777345,0.4941563988500394,5,middle
5690,90,0,0.42006639912079113,0.4081937121389873,5,middle
5691,91,0,0.7458070429674362,0.3909622235540916,5,middle
5692,92,0,0.9250205265995642,0.30856658337331844,5,middle
5693,93,0,0.0703393984621305,0.3741259086854192,5,middle
5694,94,0,0.9170256828484065,0.6865336888174991,5,middle
5695,95,0,0.33988206083210515,0.47394800896904693,5,middle
5696,96,0,0.4279471525217138,0.3741178500809099,5,middle
5697,97,0,0.4941224139782582,0.41522290207551404,5,middle
5698,98,0,0.7964743533132901,0.39403085201122356,5,middle
5699,99,0,0.3440042588012291,0.519757648746981,5,middle
5700,100,0,0.5619652401458402,0.38839986108198304,5,middle
5701,101,0,0.5266568581081569,0.30423022140622513,5,middle
5702,102,0,0.43256115528390243,0.3128236256550374,5,middle
5703,103,0,0.44815672500618203,0.4755428407901019,5,middle
5704,104,0,0.7938110270624821,0.38478885145192876,5,middle
5705,105,0,0.840739074799048,0.3715607886319112,5,middle
5706,106,0,0.4066986258052671,0.5143065327488023,5,middle
5707,107,0,0.3429332905585692,0.45146314721647623,5,middle
5708,108,0,0.4830854011079209,0.4135341086304448,5,middle
5709,109,0,0.6083490286102308,0.2823857763888567,5,middle
5710,110,0,0.813877243414195,0.4362989138348199,5,middle
5711,111,0,0.26838502411737225,0.39672164393533144,5,middle
5712,112,0,0.49627544284264624,0.418948282081049,5,middle
5713,113,0,0.8229405067606645,0.36895437843500856,5,middle
5714,114,0,0.15340189123574194,0.33189896941459784,5,middle
5715,115,0,0.5913551108518573,0.30735474200564356,5,middle
5716,116,0,0.729359546323979,0.438830482720299,5,middle
5717,117,0,0.9399363237779387,0.2519707023724768,5,middle
5718,118,0,0.25099122828162446,0.4951902701151595,5,middle
5719,119,0,0.2818476530195191,0.4255255713931118,5,middle
5720,120,0,0.3336380952037128,0.5335148607896107,5,middle
5721,121,0,0.47673080157151204,0.3587147418337152,5,middle
5722,122,0,0.17209015186995147,0.5148525562433878,5,middle
5723,123,0,0.46011848923699267,0.5060336535501397,5,middle
5724,124,0,0.3072535613344918,0.5137764629802236,5,middle
5725,125,0,0.5467025285226708,0.3751619733689357,5,middle
5726,126,0,0.4622182800541057,0.39906736739246845,5,middle
5727,127,0,0.3507968536287444,0.5373566467138939,5,middle
5728,128,0,0.8240962458053505,0.3742690265120286,5,middle
5729,129,0,0.510456039465058,0.36822804265127557,5,middle
5730,130,0,0.6584995528918357,0.3767690506198662,5,middle
5731,131,0,0.5276312964735987,0.3721824346181877,5,middle
5732,132,0,0.7038747532668039,0.4708281891174221,5,middle
5733,133,0,0.547246167087974,0.334483862438281,5,middle
5734,134,0,0.322673984737681,0.3019191148391963,5,middle
5735,135,0,0.21400316578989703,0.48043008896221184,5,middle
5736,136,0,0.27370039674838154,0.44999865241228676,5,middle
5737,137,0,0.5562123307231501,0.35044721975418025,5,middle
5738,138,0,0.2083992528681444,0.33780563763963256,5,middle
5739,139,0,0.14492786525619145,0.44981674107701153,5,middle
5740,140,0,0.0969942082879498,0.2841855607052136,5,middle
5741,141,0,0.5582131277055363,0.3271216769775538,5,middle
5742,142,0,0.4632496585231129,0.40174775814821784,5,middle
5743,143,0,0.7736989350096384,0.3260104526679932,5,middle
5744,144,0,0.7268595762306784,0.4624160331586177,5,middle
5745,145,0,0.4838658209927522,0.36960717419377886,5,middle
5746,146,0,0.2118298586730375,0.4826381186662358,5,middle
5747,147,0,0.6189174507881173,0.40339166219768346,5,middle
5748,148,0,0.6627835175187355,0.48110950556541277,5,middle
5749,149,0,0.5629707828438791,0.5034806373696137,5,middle
5750,150,0,0.37585010112218953,0.23738019866589719,5,middle
5751,151,0,0.5393500315841171,0.5546757129822673,5,middle
5752,152,0,0.555825054902501,0.2722074585008367,5,middle
5753,153,0,0.3823032961700753,0.3768074413168757,5,middle
5754,154,0,0.6520996087552261,0.29582915501932194,5,middle
5755,155,0,0.6062218768930832,0.35475764426389467,5,middle
5756,156,0,0.8283369061037587,0.3863973252410188,5,middle
5757,157,0,0.9062823164138599,0.2933599566568018,5,middle
5758,158,0,0.7466682752667801,0.2748045174426477,5,middle
5759,159,0,0.582740737132273,0.3019508786687799,5,middle
5760,160,0,0.2950660496775711,0.3872019216421865,5,middle
5761,161,0,0.46502780842164576,0.3790737171360983,5,middle
5762,162,0,0.6218649054130241,0.4935506490410286,5,middle
5763,163,0,0.2726791754548636,0.37112013474275163,5,middle
5764,164,0,0.5751506797937745,0.5446619968050216,5,middle
5765,165,0,0.8363241489275695,0.3673030884394801,5,middle
5766,166,0,0.3639214918424931,0.33211523130506493,5,middle
5767,167,0,0.5370307686012792,0.4342174205733554,5,middle
5768,168,0,0.18342119777835014,0.4387860320572493,5,middle
5769,169,0,0.2818602060542911,0.3948654193682791,5,middle
5770,170,0,0.3505175930812019,0.39535606731806733,5,middle
5771,171,0,0.34247059759209786,0.4229411214703644,5,middle
5772,172,0,0.33432085719116966,0.38227481600541885,5,middle
5773,173,0,0.20041232738924586,0.2740746489170013,5,middle
5774,174,0,0.4082255831965496,0.40591281629057385,5,middle
5775,175,0,0.46830439328086965,0.33023218277349964,5,middle
5776,176,0,0.5054847734811498,0.4783267340988663,5,middle
5777,177,0,0.40845716700352497,0.37607372232557973,5,middle
5778,178,0,0.6675833466843679,0.4263468353861024,5,middle
5779,179,0,0.32238207937824725,0.4684217354829478,5,middle
5780,180,0,0.6386887913823355,0.3407930201527193,5,middle
5781,181,0,0.4590309725741981,0.28093488216113977,5,middle
5782,182,0,0.8667664975039597,0.3790374564987666,5,middle
5783,183,0,0.39995899290902626,0.4517099435346302,5,middle
5784,184,0,0.5605248097104214,0.4007683243776273,5,middle
5785,185,0,0.9360983200588284,0.4914915303463608,5,middle
5786,186,0,0.45728994513316545,0.398932312372672,5,middle
5787,187,0,0.1767855267550786,0.4053985065940172,5,middle
5788,188,0,0.6376424866882816,0.3502185887630197,5,middle
5789,189,0,0.6245038490266638,0.32923601638032945,5,middle
5790,190,0,0.0419414965254753,0.5852156710552223,5,middle
5791,191,0,0.4341333552026311,0.43805758727840827,5,middle
5792,192,0,0.3443943234176189,0.35582681318498155,5,middle
5793,193,0,0.3504322413587865,0.29550543656539646,5,middle
5794,194,0,0.20646505008002625,0.4019155959073881,5,middle
5795,195,0,0.576542085819483,0.27889941362478954,5,middle
5796,196,0,0.46661656387206485,0.3050245311594625,5,middle
5797,197,0,0.550221659330387,0.35639737816841577,5,middle
5798,198,0,0.3021586285649095,0.45905761977161047,5,middle
5799,199,0,0.579998370050195,0.3517703831754575,5,middle
5800,0,0,0.7764822109749668,0.5089601575286264,5,late
5801,1,0,0.8055959004566215,0.5769731222765794,5,late
5802,2,0,0.2882797789545317,0.5079910676119397,5,late
5803,3,0,0.4980580705287687,0.5876885224890365,5,late
5804,4,0,0.41290242480228323,0.49178510455866986,5,late
5805,5,0,0.5085184676991914,0.43701138012486307,5,late
5806,6,0,0.04927049583675378,0.503391440932338,5,late
5807,7,0,0.5507465982467492,0.40852118287547906,5,late
5808,8,0,0.11743970284645831,0.41648281779659946,5,late
5809,9,0,0.4067892492026778,0.34269183091487976,5,late
5810,10,0,0.43482281275996626,0.4822187616546734,5,late
5811,11,0,0.35724084172052095,0.6216705205690093,5,late
5812,12,0,0.002496395233993918,0.7235732692871897,5,late
5813,13,0,0.40557903831404873,0.4590026734817217,5,late
5814,14,0,0.345562450477925,0.45999537299299387,5,late
5815,15,0,0.5311631807785426,0.36863636940858036,5,late
5816,16,0,0.6366911857203711,0.5479474411398508,5,late
5817,17,0,0.5008219385408043,0.5266184997774528,5,late
5818,18,0,0.19841910295222032,0.38537514895549496,5,late
5819,19,0,0.2613485106967251,0.45256633527959544,5,late
5820,20,0,0.5945092956164235,0.624448341075216,5,late
5821,21,0,0.49434470743988385,0.6143534232906437,5,late
5822,22,0,0.2588026913038083,0.7217896003609456,5,late
5823,23,0,0.4959047074622225,0.6009408388880536,5,late
5824,24,0,0.5194900151524289,0.4399755018880455,5,late
5825,25,0,0.3562898011318675,0.520637853570288,5,late
5826,26,0,0.33639072983449925,0.47845554991504,5,late
5827,27,0,0.33741745671806744,0.4721486697730486,5,late
5828,28,0,0.8293302122556736,0.42095427388845785,5,late
5829,29,0,0.49630745110155555,0.5462113142744589,5,late
5830,30,0,0.979461891928264,0.46360552326227034,5,late
5831,31,0,0.5078682972990474,0.4649159071355747,5,late
5832,32,0,0.11101303970209699,0.5221711936085802,5,late
5833,33,0,0.4177519178293937,0.332092145675374,5,late
5834,34,0,0.7694861436158547,0.6079084240170101,5,late
5835,35,0,0.5944092351206564,0.49627452834641383,5,late
5836,36,0,0.401587428805952,0.44710059862198703,5,late
5837,37,0,0.5775828382448536,0.41128701274476376,5,late
5838,38,0,0.8883739073537658,0.4995066672375579,5,late
5839,39,0,0.32734626790337124,0.5455245850324825,5,late
5840,40,0,0.8141864684633253,0.48086752921803194,5,late
5841,41,0,0.5518523960581289,0.38383302107070144,5,late
5842,42,0,0.7587720507452402,0.47514890085727224,5,late
5843,43,0,0.4523662274960664,0.47671456326631945,5,late
5844,44,0,0.8547473746402683,0.3019532648130606,5,late
5845,45,0,0.5079420870799554,0.5330387313622226,5,late
5846,46,0,0.8450753985302397,0.37537976048870136,5,late
5847,47,0,0.3854635490797871,0.3689132079732172,5,late
5848,48,0,0.8309177804237707,0.41011846110402783,5,late
5849,49,0,0.6885302812483776,0.3662859798536786,5,late
5850,50,0,0.719769714840109,0.3221682432941273,5,late
5851,51,0,0.46288344134324955,0.3257373740548435,5,late
5852,52,0,0.1566420137689784,0.4726821985365235,5,late
5853,53,0,0.49703336951717425,0.42786664408401676,5,late
5854,54,0,0.7914276642504436,0.46887362984306263,5,late
5855,55,0,0.42383633509068114,0.5628135480389231,5,late
5856,56,0,0.7897742630451572,0.4049091074903588,5,late
5857,57,0,0.6779165304108926,0.47624919168115365,5,late
5858,58,0,0.2566214376324806,0.4666319172416301,5,late
5859,59,0,0.5357163746272278,0.3611913229918977,5,late
5860,60,0,0.09213351274278092,0.3782117049596122,5,late
5861,61,0,0.42585594149248596,0.3493856633499511,5,late
5862,62,0,0.36308888892607194,0.44139178523687217,5,late
5863,63,0,0.4278165372770961,0.38388487751262546,5,late
5864,64,0,0.649377108718488,0.36274164510270834,5,late
5865,65,0,0.6670451437331177,0.3930233512518596,5,late
5866,66,0,0.5091710584694836,0.4318516193151155,5,late
5867,67,0,0.6789400582329247,0.3693841294149063,5,late
5868,68,0,0.5892743778757314,0.377946285059398,5,late
5869,69,0,0.4309023426464843,0.4036466919399694,5,late
5870,70,0,0.8824363358079129,0.4208959631349082,5,late
5871,71,0,0.8008819164090333,0.3762755458836147,5,late
5872,72,0,0.7425079164182261,0.3343200317683003,5,late
5873,73,0,0.4941413934390566,0.42302042302705845,5,late
5874,74,0,0.22677943677508244,0.5351822470930045,5,late
5875,75,0,0.40386516096913583,0.45465807859093155,5,late
5876,76,0,0.07661112323935014,0.4115804664770155,5,late
5877,77,0,0.4900797472596914,0.2365928701004946,5,late
5878,78,0,0.9323558036943645,0.3957978270358707,5,late
5879,79,0,0.5989062189273264,0.677001778093969,5,late
5880,80,0,0.6976290118501146,0.38756056231082614,5,late
5881,81,0,0.6382945635524533,0.33317181034550625,5,late
5882,82,0,0.5567760659957048,0.40744119987165967,5,late
5883,83,0,0.9540075829200935,0.5181604973463378,5,late
5884,84,0,0.9817984084826112,0.4517929310762538,5,late
5885,85,0,0.9351979567218617,0.34799436662016886,5,late
5886,86,0,0.6935230772166052,0.3101491556016406,5,late
5887,87,0,0.7165493758579817,0.43851780588667055,5,late
5888,88,0,0.4194566064328107,0.439988251257502,5,late
5889,89,0,0.3432097722012275,0.30030257745622424,5,late
5890,90,0,0.24752091055941117,0.42195337147734746,5,late
5891,91,0,0.3140233503163229,0.4246655256906463,5,late
5892,92,0,0.4970513169060592,0.38992641296083913,5,late
5893,93,0,0.5017388375116797,0.4571733137258255,5,late
5894,94,0,0.584469237368171,0.2856222116135308,5,late
5895,95,0,0.4910477083501711,0.4412282648974416,5,late
5896,96,0,0.7505135690789748,0.35138854049906604,5,late
5897,97,0,0.9147372639937672,0.3150836670770465,5,late
5898,98,0,0.10568593474566844,0.4627893485489316,5,late
5899,99,0,0.533384410449169,0.41472930882972636,5,late
5900,100,0,0.9912439351438322,0.3456808121628928,5,late
5901,101,0,0.9676461957055713,0.30302736234169486,5,late
5902,102,0,0.5495870399691275,0.5730558759432034,5,late
5903,103,0,0.23586457259601917,0.8163375252570058,5,late
5904,104,0,0.5199061370638695,0.4073047479768408,5,late
5905,105,0,0.6646589546336468,0.30287987941820543,5,late
5906,106,0,0.1628924579082041,0.5981571031985736,5,late
5907,107,0,0.9663910185737883,0.3332764054490659,5,late
5908,108,0,0.2518055251507309,0.4116928693085208,5,late
5909,109,0,0.8838269738655457,0.28035242074720046,5,late
5910,110,0,0.9708942567367287,0.32368156476311016,5,late
5911,111,0,0.4644033751302154,0.275554575804906,5,late
5912,112,0,0.3250674486557806,0.5439709692811107,5,late
5913,113,0,0.25261038417969256,0.43548417709398046,5,late
5914,114,0,0.8383645947378975,0.39755498541564993,5,late
5915,115,0,0.3019240942488597,0.503938528304396,5,late
5916,116,0,0.9467795488041533,0.42099054906849687,5,late
5917,117,0,0.9659945406902666,0.34078545060783605,5,late
5918,118,0,0.44571905664840866,0.35451732135098557,5,late
5919,119,0,0.8748513424262041,0.3171513925209093,5,late
5920,120,0,0.5885890128585547,0.3268978028483487,5,late
5921,121,0,0.6799404982792088,0.33215921793863035,5,late
5922,122,0,0.9077772111920029,0.3790630369161571,5,late
5923,123,0,0.3876046518004952,0.3736531299850583,5,late
5924,124,0,0.244453710697224,0.3941957393753148,5,late
5925,125,0,0.7975765174536806,0.35255538689082133,5,late
5926,126,0,0.22101721530288237,0.446991498050884,5,late
5927,127,0,0.5012216694389728,0.2718187984744458,5,late
5928,128,0,0.6011752641671275,0.3123017546144411,5,late
5929,129,0,0.3698464830831916,0.5512816145252213,5,late
5930,130,0,0.5173893678863365,0.5307208381861149,5,late
5931,131,0,0.7420954634732788,0.4999733491121725,5,late
5932,132,0,0.5406817841089404,0.30862244624137736,5,late
5933,133,0,0.6126579618352597,0.2909643794587121,5,late
5934,134,0,0.562175114020057,0.3418052123272043,5,late
5935,135,0,0.8716361998472667,0.29555420314221975,5,late
5936,136,0,0.4991582104110832,0.5566951198847073,5,late
5937,137,0,0.5651188604891567,0.3360491961174903,5,late
5938,138,0,0.776778183696594,0.33583852460451247,5,late
5939,139,0,0.2821711810646771,0.3738518733489274,5,late
5940,140,0,0.5707721070270153,0.21034269126101476,5,late
5941,141,0,0.8993868606524306,0.23660243381571738,5,late
5942,142,0,0.3421600306885796,0.32241541496878035,5,late
5943,143,0,0.3705938962267911,0.5209566470388636,5,late
5944,144,0,0.3740485301772023,0.3779486616321631,5,late
5945,145,0,0.45192704480865403,0.35792635327041106,5,late
5946,146,0,0.5074842356372318,0.27012496066264785,5,late
5947,147,0,0.6013283287427464,0.3662809654757161,5,late
5948,148,0,0.6020710135434026,0.37235863252305273,5,late
5949,149,0,0.5584135886803945,0.45084096890197967,5,late
5950,150,0,0.3988981046338936,0.3793527818849699,5,late
5951,151,0,0.5753757546907977,0.2394599156370231,5,late
5952,152,0,0.7272137322022139,0.3283400825584743,5,late
5953,153,0,0.6413216244374342,0.28190387168942316,5,late
5954,154,0,0.7623774034750477,0.27455581555244174,5,late
5955,155,0,0.5064786465935276,0.32599494443008475,5,late
5956,156,0,0.38053795844080435,0.3563927412794129,5,late
5957,157,0,0.4405510992080145,0.5099478353717711,5,late
5958,158,0,0.6589031497174815,0.39512162671034035,5,late
5959,159,0,0.8570776281780397,0.39909141172987245,5,late
5960,160,0,0.2072188337477451,0.5005367909757215,5,late
5961,161,0,0.7031389014968579,0.3017800874979537,5,late
5962,162,0,0.27438794016796375,0.3880970869171886,5,late
5963,163,0,0.39344718284954133,0.2990724260055248,5,late
5964,164,0,0.742596409999098,0.3153221393895316,5,late
5965,165,0,0.9519156774962486,0.39390563115873845,5,late
5966,166,0,0.5472224444032439,0.39867043374180444,5,late
5967,167,0,0.8865112489773065,0.3342072349690781,5,late
5968,168,0,0.10110973189324954,0.31100364301935857,5,late
5969,169,0,0.5954313147363,0.2899708472083318,5,late
5970,170,0,0.4852469198606993,0.34390148274244925,5,late
5971,171,0,0.4265941431612033,0.40118426140477936,5,late
5972,172,0,0.5839092747046736,0.2781077417926458,5,late
5973,173,0,0.5380345078521377,0.430391387943919,5,late
5974,174,0,0.6690512394798818,0.2584827945070334,5,late
5975,175,0,0.9831505014582622,0.2764902898109141,5,late
5976,176,0,0.5400519156439323,0.20352690591002492,5,late
5977,177,0,0.5622883066147076,0.30855892281057906,5,late
5978,178,0,0.6846222449291952,0.3302759382471192,5,late
5979,179,0,0.5209669903965175,0.41437287082817176,5,late
5980,180,0,0.9085625618678452,0.2803604885665496,5,late
5981,181,0,0.20003718542054383,0.4789859245786946,5,late
5982,182,0,0.7201786024279786,0.25586651020471585,5,late
5983,183,0,0.9532108874498304,0.41190580142589744,5,late
5984,184,0,0.675388522166416,0.4946965437174058,5,late
5985,185,0,0.8138204150865155,0.4151131502266405,5,late
5986,186,0,0.3444394370397172,0.20433741440807257,5,late
5987,187,0,0.5334220067157573,0.4868162176016987,5,late
5988,188,0,0.9875449342767808,0.3753817833463715,5,late
5989,189,0,0.6131802619716508,0.31637599749545875,5,late
5990,190,0,0.6217494389964426,0.23941980972042587,5,late
5991,191,0,0.4700432472950628,0.28096788131209577,5,late
5992,192,0,0.9048263246696187,0.38431896066312676,5,late
5993,193,0,0.42536662810410436,0.2611517473658846,5,late
5994,194,0,0.7857771342364743,0.3292987310938777,5,late
5995,195,0,0.03865259811639651,0.4526110314898455,5,late
5996,196,0,0.5287861793829319,0.4349449612249655,5,late
5997,197,0,0.4743558997974414,0.40130093172514847,5,late
5998,198,0,0.49147736871007897,0.34953514054751583,5,late
5999,199,0,0.5294526073128555,0.3599203358463113,5,late
6000,0,0,0.3347780933610098,0.9295354792000092,6,interleaved
6001,1,0,0.25662360013001984,0.6127717007068755,6,interleaved
6002,2,0,0.2024125085682576,0.6529400693653399,6,interleaved
6003,3,0,0.8540066652584966,0.6446909467318986,6,interleaved
6004,4,0,0.4807833780557995,0.45708769943031424,6,interleaved
6005,5,0,0.8672787390724757,0.3469398209921929,6,interleaved
6006,6,0,0.5698428781264995,0.4069341024444324,6,interleaved
6007,7,0,0.6873410749292526,0.551772987487704,6,interleaved
6008,8,0,0.3503916233139192,0.43277854306247104,6,interleaved
6009,9,0,0.18600821554021182,0.48522079190368117,6,interleaved
6010,10,0,0.4460715527580179,0.5941552718559835,6,interleaved
6011,11,0,0.6217436209434912,0.556948248718719,6,interleaved
6012,12,0,0.39252105901824175,0.4797289772331923,6,interleaved
6013,13,0,0.31894306195031946,0.5546990020864235,6,interleaved
6014,14,0,0.5375647131690393,0.4622599194897699,6,interleaved
6015,15,0,0.4669673570129927,0.6607608249078023,6,interleaved
6016,16,0,0.4796752812872646,0.5571249825637329,6,interleaved
6017,17,0,0.5445211027625843,0.46980979678692303,6,interleaved
6018,18,0,0.41945655163365864,0.4517212630129538,6,interleaved
6019,19,0,0.8105556173461246,0.5737949239932985,6,interleaved
6020,20,0,0.4150442047715486,0.5032699185949296,6,interleaved
6021,21,0,0.6035141710624357,0.3712699754128514,6,interleaved
6022,22,0,0.485398613551673,0.549935989352044,6,interleaved
6023,23,0,0.5138421841282861,0.4901348484315733,6,interleaved
6024,24,0,0.4701827954492418,0.4739254869568631,6,interleaved
6025,25,0,0.7661679847680009,0.4743813985981915,6,interleaved
6026,26,0,0.7332508198281442,0.35785199502375686,6,interleaved
6027,27,0,0.6124632263627464,0.3281764723803654,6,interleaved
6028,28,0,0.7823490606096593,0.5760239708781144,6,interleaved
6029,29,0,0.25333643186654226,0.5257461701503331,6,interleaved
6030,30,0,0.7473045091932523,0.5851095659896559,6,interleaved
6031,31,0,0.6839739459362248,0.49891128990177064,6,interleaved
6032,32,0,0.2563392179231057,0.4997130204944502,6,interleaved
6033,33,0,0.5695444534292632,0.3691675358131775,6,interleaved
6034,34,0,0.7228248262393132,0.3951408908224759,6,interleaved
6035,35,0,0.3810270494850154,0.3890179290250527,6,interleaved
6036,36,0,0.22830237071234927,0.45598746143725477,6,interleaved
6037,37,0,0.9275564696881171,0.5289296202674156,6,interleaved
6038,38,0,0.3233461080903783,0.5326720415320554,6,interleaved
6039,39,0,0.9432499032396253,0.4089139654066877,6,interleaved
6040,40,0,0.33277904519176704,0.6321459703468113,6,interleaved
6041,41,0,0.6725643306669189,0.48987249220031315,6,interleaved
6042,42,0,0.369833980495082,0.4439282590602455,6,interleaved
6043,43,0,0.6587180299776032,0.4072282502639399,6,interleaved
6044,44,0,0.187818329009314,0.41466547006328847,6,interleaved
6045,45,0,0.44809041055678783,0.5666887480634797,6,interleaved
6046,46,0,0.27238696856914874,0.5678254672027561,6,interleaved
6047,47,0,0.7535902439123647,0.5409545885768494,6,interleaved
6048,48,0,0.4719173368753334,0.5226347375599271,6,interleaved
6049,49,0,0.03475009278586443,0.5726989528522659,6,interleaved
6050,50,0,0.5266098743139244,0.44582265775901436,6,interleaved
6051,51,0,0.3529974088106506,0.5183467679203384,6,interleaved
6052,52,0,0.5764734378155605,0.44335063612582915,6,interleaved
6053,53,0,0.3601787413684492,0.6453715947989728,6,interleaved
6054,54,0,0.526723347524484,0.5096953971634071,6,interleaved
6055,55,0,0.4468707661078729,0.4792555210519768,6,interleaved
6056,56,0,0.2844699906569326,0.5546849922582638,6,interleaved
6057,57,0,0.8415375729930983,0.7317282022948237,6,interleaved
6058,58,0,0.44667693513680684,0.513703890844232,6,interleaved
6059,59,0,0.7724301109772582,0.44524157164087386,6,interleaved
6060,60,0,0.22693831935987527,0.54459709063893,6,interleaved
6061,61,0,0.5236836992738573,0.5281476239729992,6,interleaved
6062,62,0,0.553246697711139,0.5614963707102174,6,interleaved
6063,63,0,0.5141141385548567,0.4750170207098937,6,interleaved
6064,64,0,0.6146055526453567,0.4274543031810143,6,interleaved
6065,65,0,0.940217076224108,0.5722876478001087,6,interleaved
6066,66,0,0.5184547269165555,0.5332645480455473,6,interleaved
6067,67,0,0.6410609420419715,0.3621427415178025,6,interleaved
6068,68,0,0.3879134992742933,0.5472453321798193,6,interleaved
6069,69,0,0.5976126117572965,0.5536699814383228,6,interleaved
6070,70,0,0.637268715924146,0.44246684535161024,6,interleaved
6071,71,0,0.6169820400059383,0.5112848071325765,6,interleaved
6072,72,0,0.7483363973100419,0.35018480856505724,6,interleaved
6073,73,0,0.755704246360589,0.46753692001705166,6,interleaved
6074,74,0,0.263635330552107,0.4557524531352083,6,interleaved
6075,75,0,0.8183913437130306,0.477086632747123,6,interleaved
6076,76,0,0.5009338662116731,0.5094944613351191,6,interleaved
6077,77,0,0.08565860465346271,0.4336858125474383,6,interleaved
6078,78,0,0.5475700931771006,0.400294117616569,6,interleaved
6079,79,0,0.6149794725748108,0.5429458259441655,6,interleaved
6080,80,0,0.4891994510211067,0.389020844241153,6,interleaved
6081,81,0,0.9121342996005617,0.3698122866981089,6,interleaved
6082,82,0,0.5684670213390227,0.38277317675197725,6,interleaved
6083,83,0,0.9014161436139704,0.4246333137737712,6,interleaved
6084,84,0,0.48844995957853543,0.43163323628553574,6,interleaved
6085,85,0,0.17815418956658846,0.6875600010121188,6,interleaved
6086,86,0,0.6288469695219521,0.4740524940977431,6,interleaved
6087,87,0,0.6891620395595017,0.5448459081054592,6,interleaved
6088,88,0,0.5739260035476595,0.3109994285417933,6,interleaved
6089,89,0,0.6857017084721315,0.43804942961733634,6,interleaved
6090,90,0,0.28334547627195644,0.3893786235571076,6,interleaved
6091,91,0,0.07146457565536617,0.4475599515929366,6,interleaved
6092,92,0,0.6013949829793404,0.42472779857597703,6,interleaved
6093,93,0,0.6404859982406349,0.6489245026291954,6,interleaved
6094,94,0,0.2698156217730977,0.4273508967694438,6,interleaved
6095,95,0,0.7494751022490076,0.4155881234498991,6,interleaved
6096,96,0,0.7982287849286633,0.4041294119301126,6,interleaved
6097,97,0,0.619784863855068,0.3642411526611372,6,interleaved
6098,98,0,0.43745179008252044,0.5478940386507891,6,interleaved
6099,99,0,0.700577300379008,0.286564353387905,6,interleaved
6100,100,0,0.2240524390382862,0.43663583147327867,6,interleaved
6101,101,0,0.493589268518808,0.4904672321819673,6,interleaved
6102,102,0,0.5122576979261875,0.48886192204783874,6,interleaved
6103,103,0,0.44361465808638867,0.40138257388852067,6,interleaved
6104,104,0,0.5018208039269294,0.5032605905034959,6,interleaved
6105,105,0,0.14696811293937437,0.35788455883873405,6,interleaved
6106,106,0,0.7910732440179691,0.49178087681958593,6,interleaved
6107,107,0,0.23688471286602497,0.45151058990433085,6,interleaved
6108,108,0,0.5920663362415295,0.4479988649774065,6,interleaved
6109,109,0,0.932185574721643,0.39488672505885036,6,interleaved
6110,110,0,0.6234514472486086,0.37906112170490486,6,interleaved
6111,111,0,0.6721115948889606,0.37711428146635456,6,interleaved
6112,112,0,0.6432666295337169,0.41634938012665856,6,interleaved
6113,113,0,0.8145562123680132,0.358210375132483,6,interleaved
6114,114,0,0.2132345233900996,0.47735762342095134,6,interleaved
6115,115,0,0.6237938043717173,0.4627776371980331,6,interleaved
6116,116,0,0.5706480569335195,0.30884354496447264,6,interleaved
6117,117,0,0.653172404152304,0.4087835740987959,6,interleaved
6118,118,0,0.5899450438845179,0.5871428882548371,6,interleaved
6119,119,0,0.794419665692786,0.2805734660116182,6,interleaved
6120,120,0,0.8909585570075464,0.49007674748328894,6,interleaved
6121,121,0,0.8373028981212579,0.5057425800593938,6,interleaved
6122,122,0,0.6243085521008668,0.3786047362115206,6,interleaved
6123,123,0,0.6629718739669878,0.34742349000391476,6,interleaved
6124,124,0,0.22257836699530487,0.5770435331377065,6,interleaved
6125,125,0,0.4870695338570926,0.4639121481728858,6,interleaved
6126,126,0,0.6389952317102474,0.40928513793171895,6,interleaved
6127,127,0,0.8144717392673613,0.36069147055124284,6,interleaved
6128,128,0,0.2443335708846301,0.42760996088880576,6,interleaved
6129,129,0,0.24737962346062123,0.3972857432771997,6,interleaved
6130,130,0,0.3342464203172751,0.4006823081702027,6,interleaved
6131,131,0,0.9721563978093042,0.4631881966665724,6,interleaved
6132,132,0,0.5538359037615171,0.30376150686353093,6,interleaved
6133,133,0,0.6753967646562619,0.40010677578455334,6,interleaved
6134,134,0,0.42302365106502404,0.45453322262976326,6,interleaved
6135,135,0,0.22253627719492236,0.599425430580309,6,interleaved
6136,136,0,0.4727766354213298,0.4150226836444076,6,interleaved
6137,137,0,0.6747791916732794,0.28176880567429896,6,interleaved
6138,138,0,0.5821928714953536,0.3357018562674662,6,interleaved
6139,139,0,0.2979948159890334,0.33324643200279636,6,interleaved
6140,140,0,0.771336245679674,0.38932788304101285,6,interleaved
6141,141,0,0.8920743266445292,0.39428725175143753,6,interleaved
6142,142,0,0.1761002382862124,0.42722481565698234,6,interleaved
6143,143,0,0.7262167451457001,0.4054192227451595,6,interleaved
6144,144,0,0.22977064112304907,0.46950511323810173,6,interleaved
6145,145,0,0.08288580180050405,0.5971255478907785,6,interleaved
6146,146,0,0.6139561043143694,0.254592233015768,6,interleaved
6147,147,0,0.7404663032622634,0.3770456251511416,6,interleaved
6148,148,0,0.47659175536217435,0.4562380683469741,6,interleaved
6149,149,0,0.8853304324953546,0.4220721090967323,6,interleaved
6150,150,0,0.376818262949914,0.65011530933421,6,interleaved
6151,151,0,0.8794431679601089,0.3280139433945041,6,interleaved
6152,152,0,0.6556598571797383,0.39643578154581816,6,interleaved
6153,153,0,0.7425751072431659,0.36169838724198955,6,interleaved
6154,154,0,0.7173229349240329,0.335564800231858,6,interleaved
6155,155,0,0.675771889229245,0.5693158826118688,6,interleaved
6156,156,0,0.7468151241097646,0.35959626564729086,6,interleaved
6157,157,0,0.5023136957844869,0.46039005033080105,6,interleaved
6158,158,0,0.9119242566682235,0.3265365504721565,6,interleaved
6159,159,0,0.9282336688066772,0.36290473463946116,6,interleaved
6160,160,0,0.9107180601075221,0.37438758118488,6,interleaved
6161,161,0,0.8758079495919329,0.2612672150971649,6,interleaved
6162,162,0,0.4548079758975966,0.415743978521005,6,interleaved
6163,163,0,0.37007485563138043,0.4507654985912245,6,interleaved
6164,164,0,0.713020228385981,0.44309494886467704,6,interleaved
6165,165,0,0.527048894480288,0.4640016860255478,6,interleaved
6166,166,0,0.31383960265173083,0.5011627578664581,6,interleaved
6167,167,0,0.8801210995110395,0.4255322442292687,6,interleaved
6168,168,0,0.5071192431441162,0.49603468114333726,6,interleaved
6169,169,0,0.7907994299408518,0.424000441536931,6,interleaved
6170,170,0,0.5836580162522345,0.35568014816547744,6,interleaved
6171,171,0,0.35161461007418254,0.39861455614584984,6,interleaved
6172,172,0,0.34048483374713406,0.4442114016118561,6,interleaved
6173,173,0,0.662949922462954,0.6302925341430019,6,interleaved
6174,174,0,0.693830823303158,0.36644487047718904,6,interleaved
6175,175,0,0.6338032383334272,0.34189427783388493,6,interleaved
6176,176,0,0.6544969660357021,0.3663367608031042,6,interleaved
6177,177,0,0.3484116814845488,0.4034935442535278,6,interleaved
6178,178,0,0.5655001858842758,0.4198208218260974,6,interleaved
6179,179,0,0.47588048626262214,0.45377170108150006,6,interleaved
6180,180,0,0.4502262314996242,0.3783380988537631,6,interleaved
6181,181,0,0.6967327238365562,0.5120405948211668,6,interleaved
6182,182,0,0.2292321642658023,0.42810206152048025,6,interleaved
6183,183,0,0.6987367622080884,0.38098440619907115,6,interleaved
6184,184,0,0.5230241860322387,0.4619031425247946,6,interleaved
6185,185,0,0.7754943761714308,0.44577004357598266,6,interleaved
6186,186,0,0.47529450841341414,0.32959763823457344,6,interleaved
6187,187,0,0.5623136221688254,0.24766107972609497,6,interleaved
6188,188,0,0.4268334765485094,0.46332143047846386,6,interleaved
6189,189,0,0.8768352830611181,0.2947522769597668,6,interleaved
6190,190,0,0.6482104381786538,0.24731378065340842,6,interleaved
6191,191,0,0.6454276990798682,0.5258562016281094,6,interleaved
6192,192,0,0.953987709904438,0.44733992181093984,6,interleaved
6193,193,0,0.5456419921107396,0.43864170990870927,6,interleaved
6194,194,0,0.7790936847866772,0.30180734995778535,6,interleaved
6195,195,0,0.6077905682976483,0.45500321112801223,6,interleaved
6196,196,0,0.5588720840043344,0.317400568404137,6,interleaved
6197,197,0,0.5107245454225302,0.36147993990853244,6,interleaved
6198,198,0,0.2589235000507582,0.48731689386336363,6,interleaved
6199,199,0,0.5171512246837808,0.4623119712930029,6,interleaved
6200,0,0,0.4958760157462595,0.5591181639185383,6,blocked
6201,1,0,0.5141738891291607,0.7665496926173497,6,blocked
6202,2,0,0.3558215155719882,0.6871376856992393,6,blocked
6203,3,0,0.7104437503155199,0.4923272376421952,6,blocked
6204,4,0,0.6418281845491722,0.3611365834911682,6,blocked
6205,5,0,0.3297960186535209,0.4290113518359866,6,blocked
6206,6,0,0.23538754161817238,0.4002237287143016,6,blocked
6207,7,0,0.3275944187576512,0.45349926952519204,6,blocked
6208,8,0,0.5851122574054237,0.43085315794699075,6,blocked
6209,9,0,0.5058090742930785,0.542768389422152,6,blocked
6210,10,0,0.6176778270964995,0.42814519737055456,6,blocked
6211,11,0,0.4710190567701473,0.37199006581518734,6,blocked
6212,12,0,0.5655912309232343,0.4472571346376527,6,blocked
6213,13,0,0.42626357171194207,0.6204289516104647,6,blocked
6214,14,0,0.6381142007183712,0.4762608439101734,6,blocked
6215,15,0,0.8704268848649925,0.46528066289415215,6,blocked
6216,16,0,0.09450836237786177,0.5281178174077075,6,blocked
6217,17,0,0.8916726848893102,0.32414619248938015,6,blocked
6218,18,0,0.36503425796954936,0.603562862046543,6,blocked
6219,19,0,0.6363699416681189,0.5089054420049348,6,blocked
6220,20,0,0.6563972196607131,0.5769337921989278,6,blocked
6221,21,0,0.9768913061296731,0.5316330266184797,6,blocked
6222,22,0,0.30393012650884865,0.6432185863009647,6,blocked
6223,23,0,0.9076605841329906,0.3220881007076628,6,blocked
6224,24,0,0.950060782072178,0.3721011281638604,6,blocked
6225,25,0,0.636588342564707,0.46375742276138715,6,blocked
6226,26,0,0.6345459565229545,0.47675650469786557,6,blocked
6227,27,0,0.17155763000012783,0.5772387304212757,6,blocked
6228,28,0,0.8142281536326399,0.44331264973336115,6,blocked
6229,29,0,0.33558787788852196,0.408558794147139,6,blocked
6230,30,0,0.7769771064039952,0.5244376684576939,6,blocked
6231,31,0,0.6271088345524818,0.5600858198809405,6,blocked
6232,32,0,0.8994151669425217,0.4283838783431495,6,blocked
6233,33,0,0.48120655329873224,0.5000586636613962,6,blocked
6234,34,0,0.378214823316081,0.4887882515154697,6,blocked
6235,35,0,0.7651442670293829,0.47220172702951435,6,blocked
6236,36,0,0.47330447529221104,0.36565540227217885,6,blocked
6237,37,0,0.7428503230459947,0.42412164596309937,6,blocked
6238,38,0,0.4133719806031212,0.48459088015109664,6,blocked
6239,39,0,0.4791691449545401,0.5920011376006113,6,blocked
6240,40,0,0.26403062222579843,0.35676594842141496,6,blocked
6241,41,0,0.33079244587584083,0.4555028269458126,6,blocked
6242,42,0,0.661041454332819,0.3426262084765078,6,blocked
6243,43,0,0.23694363859005033,0.3991289525780464,6,blocked
6244,44,0,0.3764460568846047,0.41449476535442054,6,blocked
6245,45,0,0.597328824434546,0.323315319403577,6,blocked
6246,46,0,0.17707106980981402,0.7060249858173092,6,blocked
6247,47,0,0.7424877969022763,0.507716732504453,6,blocked
6248,48,0,0.010604547392437037,0.6380243576883937,6,blocked
6249,49,0,0.24382916105645253,0.36752976907141355,6,blocked
6250,50,0,0.18545859266398665,0.43533822085965956,6,blocked
6251,51,0,0.3842080535077838,0.4537395259677668,6,blocked
6252,52,0,0.6467365602425581,0.3988695921332758,6,blocked
6253,53,0,0.49357748837297183,0.48850297006577076,6,blocked
6254,54,0,0.6326340684060402,0.3396030747189958,6,blocked
6255,55,0,0.6752829364346942,0.4186339617165096,6,blocked
6256,56,0,0.6966800966618684,0.40504282068311914,6,blocked
6257,57,0,0.8004451127385477,0.27826536322320916,6,blocked
6258,58,0,0.9207034237922389,0.4182733896927232,6,blocked
6259,59,0,0.8885936516955655,0.35750277955356813,6,blocked
6260,60,0,0.2568119983495419,0.5859616031391146,6,blocked
6261,61,0,0.6126021905615939,0.44016230489267766,6,blocked
6262,62,0,0.9163549025747247,0.3543246886779513,6,blocked
6263,63,0,0.5773349601812948,0.5200203721463088,6,blocked
6264,64,0,0.24411390863928578,0.479919562146378,6,blocked
6265,65,0,0.5453335973704151,0.39041256255794266,6,blocked
6266,66,0,0.3974245844310114,0.5005522983902855,6,blocked
6267,67,0,0.33018335537725196,0.48065749720126055,6,blocked
6268,68,0,0.610752608612752,0.38440765522367115,6,blocked
6269,69,0,0.8033826710002145,0.46767483511437685,6,blocked
6270,70,0,0.1204127963586454,0.6031213020330146,6,blocked
6271,71,0,0.42957456151021617,0.4138525224830003,6,blocked
6272,72,0,0.6534008888791459,0.3991638700504381,6,blocked
6273,73,0,0.565537477121537,0.4288173709262957,6,blocked
6274,74,0,0.8689752559253091,0.43329252235881743,6,blocked
6275,75,0,0.8462445254303669,0.387036718090742,6,blocked
6276,76,0,0.544951169003621,0.38527100309194856,6,blocked
6277,77,0,0.8061879503072248,0.4059894550362234,6,blocked
6278,78,0,0.4372932837190969,0.4687819853645613,6,blocked
6279,79,0,0.9477539103805858,0.5983033292391122,6,blocked
6280,80,0,0.46099259910588947,0.6316466098251674,6,blocked
6281,81,0,0.2536641571851983,0.41048356559576804,6,blocked
6282,82,0,0.4689668838877884,0.5904758711470011,6,blocked
6283,83,0,0.47737979888574933,0.3368273904432908,6,blocked
6284,84,0,0.44311907882927964,0.6236799057294173,6,blocked
6285,85,0,0.4002395953999791,0.41480533466113567,6,blocked
6286,86,0,0.7980731940705657,0.35679650335778235,6,blocked
6287,87,0,0.8842131402866895,0.29187471811721977,6,blocked
6288,88,0,0.8472888864566693,0.30239577472050094,6,blocked
6289,89,0,0.2188080573359694,0.4933750249674539,6,blocked
6290,90,0,0.738851082706109,0.2608122806881751,6,blocked
6291,91,0,0.8717486442877019,0.32092810809057243,6,blocked
6292,92,0,0.6891645748343666,0.3973061907585937,6,blocked
6293,93,0,0.574464653099643,0.36885141150653383,6,blocked
6294,94,0,0.6805311280202092,0.4920247157777209,6,blocked
6295,95,0,0.6405172269110968,0.6443217062059899,6,blocked
6296,96,0,0.4663694397634037,0.42396151374458935,6,blocked
6297,97,0,0.25383685182371807,0.5840058353371422,6,blocked
6298,98,0,0.14625334469323387,0.5630658344303401,6,blocked
6299,99,0,0.12874400593792248,0.41316954048788124,6,blocked
6300,100,0,0.8961482858099834,0.46935483313051035,6,blocked
6301,101,0,0.26570902023033116,0.4038979443863109,6,blocked
6302,102,0,0.6787730614789321,0.5042078728149654,6,blocked
6303,103,0,0.6777966771494364,0.46908346644400994,6,blocked
6304,104,0,0.5282649404987332,0.4380310457495117,6,blocked
6305,105,0,0.9072957551947591,0.4089534356750004,6,blocked
6306,106,0,0.3551911857583222,0.5318816944528578,6,blocked
6307,107,0,0.8660079289632283,0.31547124237162394,6,blocked
6308,108,0,0.6264714489098704,0.5113147471676285,6,blocked
6309,109,0,0.7271527179168498,0.36801536902927245,6,blocked
6310,110,0,0.8158570226377442,0.5820590218819436,6,blocked
6311,111,0,0.7016987914121352,0.43341136232076705,6,blocked
6312,112,0,0.6529651461003265,0.41423668725501006,6,blocked
6313,113,0,0.6163432578666901,0.3551003489471165,6,blocked
6314,114,0,0.6660046144933494,0.4304862833026133,6,blocked
6315,115,0,0.7220656899754163,0.3760182839316236,6,blocked
6316,116,0,0.8480938876277715,0.28897244270261546,6,blocked
6317,117,0,0.8865886093449102,0.28420674427826764,6,blocked
6318,118,0,0.922712367590616,0.28109316081294244,6,blocked
6319,119,0,0.3582804432220536,0.561071080082848,6,blocked
6320,120,0,0.5899110677538333,0.3856257659480038,6,blocked
6321,121,0,0.6651361326827504,0.4775497317987063,6,blocked
6322,122,0,0.8327894850842149,0.3883645979798729,6,blocked
6323,123,0,0.7536652410708983,0.3060543855778042,6,blocked
6324,124,0,0.7208786178751271,0.3121124499507757,6,blocked
6325,125,0,0.3710546755227748,0.5959625679617271,6,blocked
6326,126,0,0.42888080935962986,0.37280978225617223,6,blocked
6327,127,0,0.7300993934947122,0.3719441800226531,6,blocked
6328,128,0,0.7664221717286563,0.23719690725631948,6,blocked
6329,129,0,0.9736693333548412,0.3302245631341205,6,blocked
6330,130,0,0.9367099383542872,0.3268557283186085,6,blocked
6331,131,0,0.17780585089245163,0.5696017533553468,6,blocked
6332,132,0,0.6942219025266172,0.38410519181243147,6,blocked
6333,133,0,0.3359708327499004,0.3640075040451016,6,blocked
6334,134,0,0.07519019136866265,0.5251761548266513,6,blocked
6335,135,0,0.9570639303351993,0.24698042127014874,6,blocked
6336,136,0,0.3197389548264898,0.39357622831204553,6,blocked
6337,137,0,0.6356385894202693,0.28400979920673275,6,blocked
6338,138,0,0.97012453650462,0.27154382268396077,6,blocked
6339,139,0,0.9677973332724291,0.30098334462040677,6,blocked
6340,140,0,0.5659603438623138,0.4078758114348093,6,blocked
6341,141,0,0.12591052693866672,0.34216489525363525,6,blocked
6342,142,0,0.73808981197991,0.2976948074114821,6,blocked
6343,143,0,0.975693767923624,0.32572675003915613,6,blocked
6344,144,0,0.1446553548747301,0.4099691738548493,6,blocked
6345,145,0,0.9647642871278463,0.3885335688656038,6,blocked
6346,146,0,0.9977920056242504,0.18700293409553206,6,blocked
6347,147,0,0.9866335179190002,0.3557495060914052,6,blocked
6348,148,0,0.9969388549839802,0.3201343714697117,6,blocked
6349,149,0,0.257481559253551,0.43710563349414344,6,blocked
6350,150,0,0.4702407006662512,0.3503391489492633,6,blocked
6351,151,0,0.7606778388473424,0.2527402807270091,6,blocked
6352,152,0,0.9276645930185226,0.36995483368762994,6,blocked
6353,153,0,0.3774108726683283,0.28237031209645636,6,blocked
6354,154,0,0.5442382128986942,0.45322213375763887,6,blocked
6355,155,0,0.476499590901405,0.3956985506851997,6,blocked
6356,156,0,0.792932705832659,0.31932075200496957,6,blocked
6357,157,0,0.9917598703839738,0.30403595963568664,6,blocked
6358,158,0,0.6357825141445614,0.4413532683140541,6,blocked
6359,159,0,0.9336300955425046,0.27261687637407805,6,blocked
6360,160,0,0.9700617028559305,0.2938933724084747,6,blocked
6361,161,0,0.7208976057135186,0.2912844540478315,6,blocked
6362,162,0,0.28934642953567763,0.5438537298550625,6,blocked
6363,163,0,0.47876581868544754,0.4350983865512567,6,blocked
6364,164,0,0.5042623357519131,0.3738346218822086,6,blocked
6365,165,0,0.6268555225986534,0.5028908713282134,6,blocked
6366,166,0,0.650377777594835,0.29641414564369495,6,blocked
6367,167,0,0.9565098626972706,0.4415851647816278,6,blocked
6368,168,0,0.9753561762982359,0.28996470472788105,6,blocked
6369,169,0,0.9390507133669468,0.40354598122953167,6,blocked
6370,170,0,0.8839034285473913,0.3290660404985559,6,blocked
6371,171,0,0.4639092633064633,0.31791348493593097,6,blocked
6372,172,0,0.15028959601372352,0.44397161531196455,6,blocked
6373,173,0,0.5396652379383831,0.4954884070375083,6,blocked
6374,174,0,0.8024720947268063,0.317207518647331,6,blocked
6375,175,0,0.27808738977154274,0.48382097882966624,6,blocked
6376,176,0,0.6453717882548264,0.2985938612453851,6,blocked
6377,177,0,0.5006012859701214,0.3638983842255098,6,blocked
6378,178,0,0.6881687009673506,0.3049130455165131,6,blocked
6379,179,0,0.2600060527778196,0.43524058562599455,6,blocked
6380,180,0,0.7790792156543169,0.25818556385242925,6,blocked
6381,181,0,0.4744985448069301,0.3690031580906532,6,blocked
6382,182,0,0.625605621132633,0.32170708804430215,6,blocked
6383,183,0,0.6625042020326981,0.29434450338409257,6,blocked
6384,184,0,0.6620854382011219,0.4511190833407006,6,blocked
6385,185,0,0.8685577477816919,0.23422226673723245,6,blocked
6386,186,0,0.7377375588765989,0.3850983069631115,6,blocked
6387,187,0,0.6266474546669598,0.28280230061345324,6,blocked
6388,188,0,0.3140681822334889,0.33970579641833787,6,blocked
6389,189,0,0.5947480864139785,0.2758951895230824,6,blocked
6390,190,0,0.8550034195793828,0.31454762209440157,6,blocked
6391,191,0,0.38643928986151765,0.39425570259344944,6,blocked
6392,192,0,0.7826765424176554,0.4942242600704788,6,blocked
6393,193,0,0.5623578130719249,0.4976601476686299,6,blocked
6394,194,0,0.534758532850586,0.39246784071074886,6,blocked
6395,195,0,0.8279284072849366,0.3237624403725248,6,blocked
6396,196,0,0.9694460675651435,0.2740173660238607,6,blocked
6397,197,0,0.5410109018076672,0.32198758088086843,6,blocked
6398,198,0,0.8495715010550862,0.216226441917616,6,blocked
6399,199,0,0.9154749132477837,0.2661822576543354,6,blocked
6400,0,0,0.3080722638266198,0.6295803314431859,6,early
6401,1,0,0.6770763229658047,0.46888311015724543,6,early
6402,2,0,0.7465903562637406,0.4789710553404548,6,early
6403,3,0,0.3868530974371455,0.49828394613149846,6,early
6404,4,0,0.4277783589563752,0.6117854319279872,6,early
6405,5,0,0.8720218986776365,0.5213739641776358,6,early
6406,6,0,0.8460910340249638,0.48286321004045346,6,early
6407,7,0,0.29754566765163576,0.7820319961535145,6,early
6408,8,0,0.6272949626554385,0.38916709119312953,6,early
6409,9,0,0.7789084921706935,0.31782336001261646,6,early
6410,10,0,0.7429336290087957,0.566021328244815,6,early
6411,11,0,0.8231452456082724,0.32648942789846747,6,early
6412,12,0,0.37103054425853554,0.543897753212263,6,early
6413,13,0,0.6434777423840956,0.510578865919523,6,early
6414,14,0,0.6208155424827411,0.4938419134268561,6,early
6415,15,0,0.696583555527795,0.4689929996804352,6,early
6416,16,0,0.4488114783270658,0.5677025670059266,6,early
6417,17,0,0.7099257631835685,0.6436434796866851,6,early
6418,18,0,0.6816664108728434,0.5240621399058286,6,early
6419,19,0,0.5088902195656309,0.5325163145738021,6,early
6420,20,0,0.49743939691912364,0.45809767842529475,6,early
6421,21,0,0.6355756106424567,0.5984291072457535,6,early
6422,22,0,0.5223888724117346,0.48207326731278566,6,early
6423,23,0,0.7376849715337698,0.3116239069534403,6,early
6424,24,0,0.4295622872003769,0.5350317055527964,6,early
6425,25,0,0.5859858170478607,0.5541879775756535,6,early
6426,26,0,0.8074723514125793,0.37208423916857547,6,early
6427,27,0,0.7904092384815382,0.3765351941804519,6,early
6428,28,0,0.884944134993235,0.5165515999272108,6,early
6429,29,0,0.4411012409854138,0.6887869286258536,6,early
6430,30,0,0.2987715586464526,0.47179921998051016,6,early
6431,31,0,0.45566548647634775,0.5817783181480616,6,early
6432,32,0,0.7794988635237317,0.5027181036168675,6,early
6433,33,0,0.6042719680010505,0.36150571100896733,6,early
6434,34,0,0.6740110002437665,0.7619535873817234,6,early
6435,35,0,0.565795393526087,0.4293454736631789,6,early
6436,36,0,0.5464971549662648,0.37920273273824473,6,early
6437,37,0,0.517092042869983,0.44866428058966923,6,early
6438,38,0,0.5186461201890499,0.5364244762123164,6,early
6439,39,0,0.797370095556643,0.4378908834674884,6,early
6440,40,0,0.7046249266388341,0.4529737414335311,6,early
6441,41,0,0.8009824220527151,0.4002440278244307,6,early
6442,42,0,0.005041400423583763,0.5170826899337031,6,early
6443,43,0,0.9614431770916176,0.39275936108499765,6,early
6444,44,0,0.05310765876298458,0.40712981777251245,6,early
6445,45,0,0.8459487465422112,0.5165183139352856,6,early
6446,46,0,0.11380918384363571,0.5125496041775491,6,early
6447,47,0,0.4457302478579896,0.4525092887412119,6,early
6448,48,0,0.36861634102076524,0.5447329561097156,6,early
6449,49,0,0.5673931412241475,0.44381364512469934,6,early
6450,50,0,0.7894765050946303,0.4246597920707831,6,early
6451,51,0,0.8838450727822789,0.44170830677363315,6,early
6452,52,0,0.9812982640409268,0.3829052121819303,6,early
6453,53,0,0.8669273990726016,0.31602763789371024,6,early
6454,54,0,0.9529923499414024,0.42729135973777294,6,early
6455,55,0,0.991000497275294,0.4813614460722938,6,early
6456,56,0,0.9050830687054544,0.3830126200794026,6,early
6457,57,0,0.8059226230399499,0.5235891103680153,6,early
6458,58,0,0.9226260573274538,0.20942568655227864,6,early
6459,59,0,0.3247459330147596,0.4148305421756823,6,early
6460,60,0,0.4642649324717474,0.5936023204884073,6,early
6461,61,0,0.20625113584934257,0.5163742148423045,6,early
6462,62,0,0.22890914295072792,0.45964568781326354,6,early
6463,63,0,0.11852555669245277,0.45482550087719525,6,early
6464,64,0,0.8859725384111178,0.46456934409963757,6,early
6465,65,0,0.04708215308174005,0.48099391260640234,6,early
6466,66,0,0.9711661758390935,0.31011880830501787,6,early
6467,67,0,0.9917293326798978,0.37007501899169826,6,early
6468,68,0,0.9225739427705384,0.5618373621363318,6,early
6469,69,0,0.1169855381288231,0.5487981818767909,6,early
6470,70,0,0.23019400988995287,0.4368334624990796,6,early
6471,71,0,0.954748954404149,0.4411068649862909,6,early
6472,72,0,0.04779901134472932,0.7643836400586914,6,early
6473,73,0,0.07892482484373498,0.6210879034101331,6,early
6474,74,0,0.7018810793340227,0.7632712172307499,6,early
6475,75,0,0.9815134724326253,0.4616753204304679,6,early
6476,76,0,0.18013910493251678,0.46598424403944994,6,early
6477,77,0,0.22595326612735347,0.452566862887414,6,early
6478,78,0,0.5755413564396743,0.41200351049614997,6,early
6479,79,0,0.8654665214094783,0.48036326494211956,6,early
6480,80,0,0.4643534263467702,0.4523891488065164,6,early
6481,81,0,0.02496474777117665,0.5579448018681981,6,early
6482,82,0,0.5142524272578416,0.36997354246876357,6,early
6483,83,0,0.45044709351249396,0.39693399207489444,6,early
6484,84,0,0.15599792173787516,0.4044962033357557,6,early
6485,85,0,0.33123051510020307,0.5159829290044298,6,early
6486,86,0,0.6042864233156737,0.4747863905266595,6,early
6487,87,0,0.18544274738293598,0.6460036744011612,6,early
6488,88,0,0.8066195290475184,0.49978643821061475,6,early
6489,89,0,0.6290345872964243,0.4682770506648898,6,early
6490,90,0,0.2663981022556291,0.5127613169709957,6,early
6491,91,0,0.2098050851594151,0.4778308425635489,6,early
6492,92,0,0.6148742492636388,0.3595763681141889,6,early
6493,93,0,0.32434035840332104,0.5287827276571428,6,early
6494,94,0,0.8310758229157229,0.5816400652921463,6,early
6495,95,0,0.4150465855561813,0.3939394028902785,6,early
6496,96,0,0.14564915874980486,0.47490140490178845,6,early
6497,97,0,0.760114430528704,0.3722584892398363,6,early
6498,98,0,0.08784087787834484,0.463195475786564,6,early
6499,99,0,0.5368951330193364,0.5950077577105728,6,early
6500,100,0,0.6486726822646686,0.35635529835889207,6,early
6501,101,0,0.3047499992514118,0.3842294248673136,6,early
6502,102,0,0.29086226105504154,0.5147899912183189,6,early
6503,103,0,0.6241187418194731,0.44811410181873124,6,early
6504,104,0,0.4991426021252424,0.4955745649137596,6,early
6505,105,0,0.8046777727795369,0.5681757093661883,6,early
6506,106,0,0.4077622345316333,0.4885579781693936,6,early
6507,107,0,0.9337619921261668,0.4358675865508802,6,early
6508,108,0,0.5989578399941878,0.4288621393176437,6,early
6509,109,0,0.9567144976191007,0.31154330207411945,6,early
6510,110,0,0.575369443853054,0.40087313581132306,6,early
6511,111,0,0.3163138545741062,0.4113622404265018,6,early
6512,112,0,0.19856372972508415,0.36424745860869157,6,early
6513,113,0,0.7672668327690917,0.4556115586258649,6,early
6514,114,0,0.2469598610136005,0.47253274599539163,6,early
6515,115,0,0.931364739489784,0.38142238549222884,6,early
6516,116,0,0.4297553964526254,0.5076404740676419,6,early
6517,117,0,0.37346167877839875,0.4851624751430662,6,early
6518,118,0,0.5144227362355456,0.3817556728996872,6,early
6519,119,0,0.8993068448484214,0.2914497693913325,6,early
6520,120,0,0.6098508777562799,0.4154810271754529,6,early
6521,121,0,0.3343143514908126,0.4332131373400543,6,early
6522,122,0,0.42248761212218366,0.4610478799185177,6,early
6523,123,0,0.9680323009628753,0.43573269879487103,6,early
6524,124,0,0.3371681031364901,0.39558380905055984,6,early
6525,125,0,0.8685443108610627,0.2853708881959329,6,early
6526,126,0,0.4319359768487709,0.41162304933249605,6,early
6527,127,0,0.9210284519856817,0.39611455032799703,6,early
6528,128,0,0.3979066689517392,0.4317873284344864,6,early
6529,129,0,0.9061505716315281,0.5156638965844804,6,early
6530,130,0,0.49674207771110535,0.33794010812123093,6,early
6531,131,0,0.17808085920256256,0.4642527258225263,6,early
6532,132,0,0.4277885503615454,0.37083327940171745,6,early
6533,133,0,0.7727668987841743,0.49748067631672943,6,early
6534,134,0,0.7170496855580881,0.5254204637211647,6,early
6535,135,0,0.8880627081318084,0.6360287316204642,6,early
6536,136,0,0.5682277575119832,0.39174421679421706,6,early
6537,137,0,0.40622354491212,0.5389093115200041,6,early
6538,138,0,0.11645949057897657,0.46876912295541473,6,early
6539,139,0,0.9440878235789851,0.37790575000978777,6,early
6540,140,0,0.6430025068556398,0.3584410699963557,6,early
6541,141,0,0.9311125070902813,0.4023648736662711,6,early
6542,142,0,0.4281049628010898,0.5557744516078307,6,early
6543,143,0,0.10613624050478057,0.40266457350262636,6,early
6544,144,0,0.6405818170547898,0.39222932768828545,6,early
6545,145,0,0.2857654288212176,0.4158640431687518,6,early
6546,146,0,0.3196087581918363,0.35405722745999,6,early
6547,147,0,0.4328118700632835,0.5379521769827493,6,early
6548,148,0,0.40657045547596243,0.36013403055034754,6,early
6549,149,0,0.9053851904164567,0.37326488074220676,6,early
6550,150,0,0.46024632038675684,0.4133691843219225,6,early
6551,151,0,0.8218748611820994,0.3589890532120717,6,early
6552,152,0,0.506784575836642,0.3937642428720076,6,early
6553,153,0,0.3998759077339052,0.4153147293797831,6,early
6554,154,0,0.6113674136580863,0.5842695210585677,6,early
6555,155,0,0.4760629022626016,0.6002721691918524,6,early
6556,156,0,0.4733958739255463,0.4938323038243325,6,early
6557,157,0,0.9757112308402472,0.3913657089308836,6,early
6558,158,0,0.5249634452898183,0.43181275157730026,6,early
6559,159,0,0.10964761785106827,0.4784298664167095,6,early
6560,160,0,0.029396591739054952,0.45779596104423204,6,early
6561,161,0,0.9057842217553517,0.3459586236134825,6,early
6562,162,0,0.22228779172513935,0.3859735039923806,6,early
6563,163,0,0.13368400855913454,0.4200071923467059,6,early
6564,164,0,0.726305806178424,0.4234397419491118,6,early
6565,165,0,0.7429376547834041,0.37105948085159357,6,early
6566,166,0,0.562808148277193,0.3454407764046671,6,early
6567,167,0,0.5379290722321529,0.3666689545712033,6,early
6568,168,0,0.30572570447462794,0.46116303519099705,6,early
6569,169,0,0.4594425708061477,0.5453250586793451,6,early
6570,170,0,0.413010480596117,0.4772554263284827,6,early
6571,171,0,0.7345035166377423,0.37422964685568444,6,early
6572,172,0,0.37079158850051436,0.41298254572896864,6,early
6573,173,0,0.8406311553371162,0.3787225711653319,6,early
6574,174,0,0.4289468768367302,0.40170371795772475,6,early
6575,175,0,0.5323960700985424,0.4971577940435994,6,early
6576,176,0,0.7573302577807377,0.4319583537142313,6,early
6577,177,0,0.5980569809049643,0.49227994096618777,6,early
6578,178,0,0.4335209483044084,0.35442657544501377,6,early
6579,179,0,0.7526844200859777,0.48358356065160113,6,early
6580,180,0,0.33897964009259013,0.6072120563406562,6,early
6581,181,0,0.9219233718184543,0.5509808919581185,6,early
6582,182,0,0.702747109066217,0.37054356145820044,6,early
6583,183,0,0.5945417512040152,0.3867248305916634,6,early
6584,184,0,0.29512041659064386,0.395956316012506,6,early
6585,185,0,0.7151384001353358,0.36668656874435146,6,early
6586,186,0,0.5042926418878415,0.3707190280798549,6,early
6587,187,0,0.42469117376486437,0.33487257758507716,6,early
6588,188,0,0.43559678171824917,0.4900265354175085,6,early
6589,189,0,0.5249769526837971,0.3328546707351654,6,early
6590,190,0,0.5949695008893903,0.33193403392655624,6,early
6591,191,0,0.7194257216102129,0.4249921673153495,6,early
6592,192,0,0.7366114675737185,0.348349216591441,6,early
6593,193,0,0.6219177321409761,0.3484712009299544,6,early
6594,194,0,0.4829485960346741,0.43169128183400307,6,early
6595,195,0,0.8304775579013001,0.3738120092141568,6,early
6596,196,0,0.3103193851179634,0.5182995069615083,6,early
6597,197,0,0.6368760084122103,0.47893143138687844,6,early
6598,198,0,0.8879858421414766,0.4123281908455814,6,early
6599,199,0,0.5649717408385886,0.32435184891675334,6,early
6600,0,0,0.20050050021590382,0.6831815754916581,6,middle
6601,1,0,0.370621234878396,0.5605282091053491,6,middle
6602,2,0,0.3847096068415572,0.49955023536572807,6,middle
6603,3,0,0.6051500396279873,0.4137378308822858,6,middle
6604,4,0,0.46259035435317974,0.5161250573746418,6,middle
6605,5,0,0.5746174979676665,0.5281337274665467,6,middle
6606,6,0,0.336542767906951,0.49053222465159213,6,middle
6607,7,0,0.4323663291956574,0.4466823002249324,6,middle
6608,8,0,0.35697941556951257,0.534287795439538,6,middle
6609,9,0,0.30026247363497616,0.4852932469418429,6,middle
6610,10,0,0.6249768508917242,0.5253995131503111,6,middle
6611,11,0,0.5343666652467778,0.48874641058556934,6,middle
6612,12,0,0.34407276784083063,0.4463638360942841,6,middle
6613,13,0,0.3968191199305146,0.6436148743354726,6,middle
6614,14,0,0.2988267780229088,0.5500875015406881,6,middle
6615,15,0,0.47333186441843705,0.5133964897412722,6,middle
6616,16,0,0.33697230303016373,0.2976532913381935,6,middle
6617,17,0,0.49123325382866867,0.6413851170551221,6,middle
6618,18,0,0.7469340986191846,0.45340692855220305,6,middle
6619,19,0,0.5279326557211741,0.4971761397584915,6,middle
6620,20,0,0.015224263817432747,0.7526343399140425,6,middle
6621,21,0,0.41610752204778234,0.5976620378305537,6,middle
6622,22,0,0.9324142517431886,0.6864015214933283,6,middle
6623,23,0,0.19301322655445344,0.5437243734030461,6,middle
6624,24,0,0.10890007542634916,0.7055975899660194,6,middle
6625,25,0,0.5199608485029559,0.42293122362131563,6,middle
6626,26,0,0.3919674426312938,0.6503569825189965,6,middle
6627,27,0,0.4947624066810496,0.6622443236168605,6,middle
6628,28,0,0.980842377825116,0.5424817545104191,6,middle
6629,29,0,0.5110728784014477,0.6329363037656297,6,middle
6630,30,0,0.6835849171049038,0.3773189445877349,6,middle
6631,31,0,0.36195569262044547,0.45504212582942566,6,middle
6632,32,0,0.7233277363250881,0.5028930384080257,6,middle
6633,33,0,0.31142790702094725,0.38293211978667385,6,middle
6634,34,0,0.7546714990914287,0.5408904859485351,6,middle
6635,35,0,0.43054825783303785,0.49790841963251864,6,middle
6636,36,0,0.5939592904073621,0.42448181789212147,6,middle
6637,37,0,0.5022353864452942,0.4884075964164687,6,middle
6638,38,0,0.10973201651098967,0.6717231427491834,6,middle
6639,39,0,0.7868382894993297,0.6095991096622009,6,middle
6640,40,0,0.2658926314743486,0.5022430245408099,6,middle
6641,41,0,0.7387097385520943,0.4377043449172721,6,middle
6642,42,0,0.9357554278842591,0.4822924192238197,6,middle
6643,43,0,0.34395539890178917,0.42793231802488335,6,middle
6644,44,0,0.3770018791850221,0.5732704403571414,6,middle
6645,45,0,0.2441148503043593,0.5928728890084791,6,middle
6646,46,0,0.6819496547562023,0.36627521069070446,6,middle
6647,47,0,0.5313231408276344,0.2976762231827838,6,middle
6648,48,0,0.17755735027867503,0.760322398342516,6,middle
6649,49,0,0.9158350337317956,0.42910875748353255,6,middle
6650,50,0,0.8408791279557648,0.512856346678707,6,middle
6651,51,0,0.8977265454903731,0.4487027263735061,6,middle
6652,52,0,0.6229809589680964,0.34502133042562566,6,middle
6653,53,0,0.27985275197054094,0.533467803943252,6,middle
6654,54,0,0.5722062453595472,0.49489710577913204,6,middle
6655,55,0,0.8694972815321586,0.5546662330691938,6,middle
6656,56,0,0.9396635025165272,0.2752410159944489,6,middle
6657,57,0,0.9752025872737953,0.3788381775921321,6,middle
6658,58,0,0.11908890712805477,0.5797694361218764,6,middle
6659,59,0,0.7148642218062988,0.3245369328353976,6,middle
6660,60,0,0.9530394213201507,0.36726216166735,6,middle
6661,61,0,0.25759009579336417,0.4657754016678469,6,middle
6662,62,0,0.28730878342260424,0.40996371258936176,6,middle
6663,63,0,0.6885290140528239,0.44893321192843444,6,middle
6664,64,0,0.9975968475857464,0.4232944864417146,6,middle
6665,65,0,0.7642421671762873,0.45771970182882493,6,middle
6666,66,0,0.6643904817396564,0.2860337626123836,6,middle
6667,67,0,0.07599551965812021,0.5438719744676987,6,middle
6668,68,0,0.1324788310437593,0.5371383663815066,6,middle
6669,69,0,0.4164341051038286,0.511007494919564,6,middle
6670,70,0,0.03131244025301556,0.557219318330797,6,middle
6671,71,0,0.6478515357408138,0.3685173216713431,6,middle
6672,72,0,0.9736733860232712,0.4745751301173664,6,middle
6673,73,0,0.5089918463193853,0.4118718923200598,6,middle
6674,74,0,0.9237972922642723,0.3222134849555403,6,middle
6675,75,0,0.8932529952636694,0.3989274896425931,6,middle
6676,76,0,0.9342350610504467,0.343350140506851,6,middle
6677,77,0,0.01765547457246812,0.626658047061039,6,middle
6678,78,0,0.4395918306428841,0.47941416025220873,6,middle
6679,79,0,0.48683624628644584,0.31367682906056515,6,middle
6680,80,0,0.39985099793167,0.5427403077508031,6,middle
6681,81,0,0.35020934120719394,0.5583147849092132,6,middle
6682,82,0,0.4317103270553411,0.44263069057127025,6,middle
6683,83,0,0.4626963999534392,0.3639530092881285,6,middle
6684,84,0,0.526481207496647,0.4344683339794992,6,middle
6685,85,0,0.3719802169771825,0.41179495494933005,6,middle
6686,86,0,0.5394406354290426,0.3858336298438977,6,middle
6687,87,0,0.4112413374053284,0.43839717801933037,6,middle
6688,88,0,0.61312701232397,0.503666477546505,6,middle
6689,89,0,0.4227210035380882,0.5788009758343758,6,middle
6690,90,0,0.5154346974076455,0.4784656671008828,6,middle
6691,91,0,0.40837855974221055,0.4234140678577965,6,middle
6692,92,0,0.5415530623230889,0.3585447103700059,6,middle
6693,93,0,0.5286831873751512,0.44011403721790576,6,middle
6694,94,0,0.7379298490260618,0.48148869890764,6,middle
6695,95,0,0.48660894345142625,0.47607718087701895,6,middle
6696,96,0,0.5666656874523652,0.3536139569001981,6,middle
6697,97,0,0.6572067054402617,0.31164294362303746,6,middle
6698,98,0,0.46572534252016157,0.40974532214091075,6,middle
6699,99,0,0.4059735290514044,0.37854171866087705,6,middle
6700,100,0,0.6145720615281796,0.3429916776566674,6,middle
6701,101,0,0.43285165159047223,0.524456983975429,6,middle
6702,102,0,0.49371097344010284,0.42105334985227905,6,middle
6703,103,0,0.49632655491564237,0.44432301998749,6,middle
6704,104,0,0.5469876205083362,0.41449057954701474,6,middle
6705,105,0,0.8351981994280071,0.3759964470731705,6,middle
6706,106,0,0.7187695797853747,0.4283080440965721,6,middle
6707,107,0,0.4228199513017329,0.522316899819938,6,middle
6708,108,0,0.5895300389020308,0.6080441424906082,6,middle
6709,109,0,0.40435783421949645,0.7373274497370503,6,middle
6710,110,0,0.5340902206119754,0.43747582925749706,6,middle
6711,111,0,0.867016529800012,0.4865760782974625,6,middle
6712,112,0,0.5518086380807261,0.518375694686116,6,middle
6713,113,0,0.29383146010977235,0.3850478080043431,6,middle
6714,114,0,0.7022079547702594,0.40891784068567527,6,middle
6715,115,0,0.37952806360120067,0.3880544870527358,6,middle
6716,116,0,0.46426342962732026,0.41611829921859145,6,middle
6717,117,0,0.5098056842131329,0.41393168667498975,6,middle
6718,118,0,0.5513846082472509,0.44083630637266746,6,middle
6719,119,0,0.5930436643426004,0.3792033167224871,6,middle
6720,120,0,0.3938821890501315,0.6370395008633569,6,middle
6721,121,0,0.5013151421275089,0.5128678754738449,6,middle
6722,122,0,0.08377253465534908,0.6118325833950726,6,middle
6723,123,0,0.7722593299413112,0.42668732584779234,6,middle
6724,124,0,0.39727806996381265,0.3233217075868024,6,middle
6725,125,0,0.5074835347790532,0.48941647629924423,6,middle
6726,126,0,0.49604668573196997,0.5370606229349819,6,middle
6727,127,0,0.5400589612136006,0.6271947329362182,6,middle
6728,128,0,0.3703156549988494,0.5321235649593307,6,middle
6729,129,0,0.8058220811560677,0.33799659088828,6,middle
6730,130,0,0.46546292197618183,0.4159757393197292,6,middle
6731,131,0,0.34903548865250467,0.561888659341876,6,middle
6732,132,0,0.7121914089795751,0.34691702261221924,6,middle
6733,133,0,0.4921354194087385,0.47091612417301265,6,middle
6734,134,0,0.7790938405427037,0.39332862194554946,6,middle
6735,135,0,0.5555043242612621,0.39004360229996693,6,middle
6736,136,0,0.005140603599507334,0.5845203075553,6,middle
6737,137,0,0.5420505800512663,0.4062019313207986,6,middle
6738,138,0,0.22212215032862812,0.5027267875742198,6,middle
6739,139,0,0.5145747738237602,0.4264004156166935,6,middle
6740,140,0,0.43040167773823146,0.426365548665113,6,middle
6741,141,0,0.5212752091154205,0.6527956999402492,6,middle
6742,142,0,0.12441746967632986,0.6834103402327862,6,middle
6743,143,0,0.5780860700390889,0.4845121086244243,6,middle
6744,144,0,0.3612562905238105,0.46856762667811924,6,middle
6745,145,0,0.4560608798790708,0.4352843866887461,6,middle
6746,146,0,0.6874536182689356,0.6401750250175264,6,middle
6747,147,0,0.4707962697823955,0.5072795526029951,6,middle
6748,148,0,0.5258311454136549,0.3214914565427714,6,middle
6749,149,0,0.5599367566212393,0.43032238727344685,6,middle
6750,150,0,0.6833258064906947,0.34935987522111,6,middle
6751,151,0,0.48175813664615685,0.4553538656115765,6,middle
6752,152,0,0.5135285565615427,0.4383597893185982,6,middle
6753,153,0,0.5586062355615341,0.3959613360127544,6,middle
6754,154,0,0.5195302959551789,0.46746633121594255,6,middle
6755,155,0,0.7882120003344248,0.4529141828788932,6,middle
6756,156,0,0.6975064919483849,0.41920606126784316,6,middle
6757,157,0,0.4640068745481435,0.3965100013278884,6,middle
6758,158,0,0.4400218066759569,0.34151381432909433,6,middle
6759,159,0,0.5374122093378267,0.3723101719131411,6,middle
6760,160,0,0.5322742071335713,0.36772928724971143,6,middle
6761,161,0,0.5758477954125583,0.41887726348101906,6,middle
6762,162,0,0.46711528616371156,0.3113302660153634,6,middle
6763,163,0,0.3937354192639472,0.3527982438062492,6,middle
6764,164,0,0.4247028111074773,0.45102076801660784,6,middle
6765,165,0,0.08327581145369467,0.5488379193430261,6,middle
6766,166,0,0.3043179212109442,0.392655993119127,6,middle
6767,167,0,0.7846743510624238,0.3806945952734056,6,middle
6768,168,0,0.9026462360036209,0.3457439464417561,6,middle
6769,169,0,0.48830019797914187,0.34436336140669954,6,middle
6770,170,0,0.5613474115798074,0.3883945914981114,6,middle
6771,171,0,0.366859662106362,0.4568907234339497,6,middle
6772,172,0,0.7210181925382422,0.461655180021581,6,middle
6773,173,0,0.6495237820977804,0.35357495012936674,6,middle
6774,174,0,0.6634548726003503,0.5712416133968705,6,middle
6775,175,0,0.652225353987877,0.49105922622049797,6,middle
6776,176,0,0.34604360912976134,0.3047994072214859,6,middle
6777,177,0,0.820960276811679,0.4465751688298857,6,middle
6778,178,0,0.8046031063915757,0.30607365361249517,6,middle
6779,179,0,0.31824578439824025,0.43779565145044197,6,middle
6780,180,0,0.6979835303453008,0.3045468746921899,6,middle
6781,181,0,0.7582205984802312,0.34717251000228455,6,middle
6782,182,0,0.42287791552448795,0.3388103912433054,6,middle
6783,183,0,0.808042595926811,0.33065776604385905,6,middle
6784,184,0,0.5814570127279702,0.6205741957008971,6,middle
6785,185,0,0.8462478962792765,0.3779721065224721,6,middle
6786,186,0,0.9008646315776094,0.32830000509188867,6,middle
6787,187,0,0.47213566040358906,0.7307039050201112,6,middle
6788,188,0,0.7554580633913031,0.3411695858420468,6,middle
6789,189,0,0.6336966671151192,0.3522460539196842,6,middle
6790,190,0,0.6122859782290742,0.3815437596855847,6,middle
6791,191,0,0.8179410265064158,0.43440274299916437,6,middle
6792,192,0,0.36082865550982735,0.3991856189751082,6,middle
6793,193,0,0.6491262492498184,0.40000369458727714,6,middle
6794,194,0,0.3375349292970854,0.5131572731228121,6,middle
6795,195,0,0.36104732471815165,0.21108412431073265,6,middle
6796,196,0,0.7807315687315572,0.3733608285876199,6,middle
6797,197,0,0.5105677312122529,0.4952858609997916,6,middle
6798,198,0,0.445012010294029,0.47494973128224327,6,middle
6799,199,0,0.537074380420832,0.4023766282965104,6,middle
6800,0,0,0.7686713787442733,0.7796930539348207,6,late
6801,1,0,0.7741257972265649,0.6697605324175541,6,late
6802,2,0,0.6784950926864816,0.627136928564032,6,late
6803,3,0,0.9789352636428251,0.7058081941750487,6,late
6804,4,0,0.6945732767837061,0.40932437914383324,6,late
6805,5,0,0.15169917517478537,0.4395248703729174,6,late
6806,6,0,0.3553411124277006,0.5414028739943263,6,late
6807,7,0,0.5267844958360153,0.6147540675417351,6,late
6808,8,0,0.5312104941858603,0.689631680789969,6,late
6809,9,0,0.04325860252858495,0.6868754258142078,6,late
6810,10,0,0.6066935064475495,0.5679456853861083,6,late
6811,11,0,0.8274125666978462,0.48461591026172746,6,late
6812,12,0,0.4773921652572143,0.5124135835277418,6,late
6813,13,0,0.9113785272078145,0.5535322505824151,6,late
6814,14,0,0.5083799790372966,0.3542676334256861,6,late
6815,15,0,0.05782670522706382,0.5245545340441469,6,late
6816,16,0,0.4084764454186498,0.5111984358778858,6,late
6817,17,0,0.13620910778655598,0.6161141974192395,6,late
6818,18,0,0.39646609598985477,0.47933688963489973,6,late
6819,19,0,0.709423738905568,0.4070167420972893,6,late
6820,20,0,0.7829803915990116,0.5269530965664835,6,late
6821,21,0,0.9413995028962846,0.37036712683718653,6,late
6822,22,0,0.5472756838271235,0.4739206264315447,6,late
6823,23,0,0.8710456352920708,0.3868536061104672,6,late
6824,24,0,0.5293679873892144,0.4568906053303994,6,late
6825,25,0,0.2697105042939552,0.31759438391896466,6,late
6826,26,0,0.44002258980301023,0.36420638987354526,6,late
6827,27,0,0.9479178228885747,0.4628516127138531,6,late
6828,28,0,0.48554869041782567,0.4431847721428781,6,late
6829,29,0,0.9578467304184849,0.4353140989593912,6,late
6830,30,0,0.5087418919377904,0.3638594937463685,6,late
6831,31,0,0.18407602985025198,0.5259763956666786,6,late
6832,32,0,0.8165927104680795,0.46378729260179463,6,late
6833,33,0,0.17715283826861017,0.6980082839397346,6,late
6834,34,0,0.252486569030233,0.35498538930431983,6,late
6835,35,0,0.545714416049765,0.4817911135552061,6,late
6836,36,0,0.5297995605730171,0.3872219716247613,6,late
6837,37,0,0.05408832356128103,0.7092859432392611,6,late
6838,38,0,0.43636451790018443,0.3719280425880322,6,late
6839,39,0,0.4359256098216501,0.44071861864418527,6,late
6840,40,0,0.3375621629701571,0.564184209696416,6,late
6841,41,0,0.570814041378799,0.5078150571179736,6,late
6842,42,0,0.572687174710407,0.3492737693554242,6,late
6843,43,0,0.2907452539204985,0.45433417094348805,6,late
6844,44,0,0.37962124976031236,0.569356665652878,6,late
6845,45,0,0.5199639265321248,0.3810451822366495,6,late
6846,46,0,0.37484897459519595,0.453199949606906,6,late
6847,47,0,0.5514639576037753,0.5364408295235621,6,late
6848,48,0,0.4757082917884349,0.4372008723076409,6,late
6849,49,0,0.27881215927068087,0.5022415328978705,6,late
6850,50,0,0.7728184992869769,0.5146682247733346,6,late
6851,51,0,0.5066771348775274,0.49721950669681414,6,late
6852,52,0,0.5918360864209617,0.5950797005487282,6,late
6853,53,0,0.6171452264515733,0.5071569850015077,6,late
6854,54,0,0.5911637868838504,0.4191277495409599,6,late
6855,55,0,0.6821197052888555,0.6790180419638869,6,late
6856,56,0,0.4705964977579866,0.378565686861399,6,late
6857,57,0,0.4469298679091097,0.4698098306115757,6,late
6858,58,0,0.7498218692324159,0.5316883592691115,6,late
6859,59,0,0.9349292981418398,0.2692609331900926,6,late
6860,60,0,0.5066063664321376,0.3930475754162697,6,late
6861,61,0,0.8501323490146624,0.31493305516491,6,late
6862,62,0,0.5688646019771902,0.5325380332938336,6,late
6863,63,0,0.9543450689649523,0.4304129811588507,6,late
6864,64,0,0.693613954129086,0.4872433674082795,6,late
6865,65,0,0.9918245336736873,0.39066036994296455,6,late
6866,66,0,0.5035214672451775,0.590104064624643,6,late
6867,67,0,0.3805014709481216,0.5162054665818563,6,late
6868,68,0,0.6545775739456432,0.42635948781319555,6,late
6869,69,0,0.43466573655672264,0.3579003561524058,6,late
6870,70,0,0.8638870506232728,0.3971565521544618,6,late
6871,71,0,0.8739399343741068,0.5873645779705354,6,late
6872,72,0,0.4634460461171043,0.5507277738082099,6,late
6873,73,0,0.05097903362314295,0.3674734277867322,6,late
6874,74,0,0.8070862438857151,0.3448923973314513,6,late
6875,75,0,0.5885150265845428,0.3888502529248262,6,late
6876,76,0,0.7325740352372991,0.40815959971739235,6,late
6877,77,0,0.06347090087855914,0.4692945982788456,6,late
6878,78,0,0.49320721412577706,0.3281270054121743,6,late
6879,79,0,0.9496389177473283,0.26442787424098513,6,late
6880,80,0,0.7688745343005439,0.39559569355481417,6,late
6881,81,0,0.6838686250937595,0.3516945472128124,6,late
6882,82,0,0.4926874515747427,0.35820964267219535,6,late
6883,83,0,0.7018016168201232,0.445466487030054,6,late
6884,84,0,0.613120294655376,0.43466982811622656,6,late
6885,85,0,0.4065323119715206,0.6278044398565823,6,late
6886,86,0,0.7616032089684134,0.3952080445600106,6,late
6887,87,0,0.8232125141470983,0.4008970989126438,6,late
6888,88,0,0.8530522777190293,0.403242552689697,6,late
6889,89,0,0.4385760873844637,0.3820319971154154,6,late
6890,90,0,0.40024885289289003,0.5688471135412692,6,late
6891,91,0,0.7491385711851685,0.35324893935489393,6,late
6892,92,0,0.6833133914961003,0.39231233592600023,6,late
6893,93,0,0.6323667674528516,0.31014769003130926,6,late
6894,94,0,0.6867654794510802,0.4981451524809858,6,late
6895,95,0,0.49856037059377534,0.39213032930502795,6,late
6896,96,0,0.6742472584862553,0.45751158646244594,6,late
6897,97,0,0.8416734973941378,0.32857852074328664,6,late
6898,98,0,0.8192493511914587,0.3681720753728056,6,late
6899,99,0,0.2921613436336419,0.4317079108912295,6,late
6900,100,0,0.8875532423534698,0.46192406283977344,6,late
6901,101,0,0.7357423034826891,0.34517223354091053,6,late
6902,102,0,0.2722014613173656,0.4754469616724134,6,late
6903,103,0,0.5292459374355177,0.3817211560299303,6,late
6904,104,0,0.48482164254003196,0.378049099640153,6,late
6905,105,0,0.6016842020260332,0.33733071887712185,6,late
6906,106,0,0.5049176824735513,0.36823579896314695,6,late
6907,107,0,0.5666511260780734,0.3955602824989841,6,late
6908,108,0,0.7050904282954225,0.41012329181767754,6,late
6909,109,0,0.6948310831403179,0.30524141259845516,6,late
6910,110,0,0.5800184894410066,0.23808160205340054,6,late
6911,111,0,0.6500970052490742,0.44658417047592225,6,late
6912,112,0,0.9214008626464775,0.37105557777324016,6,late
6913,113,0,0.5000414426992338,0.6464663383088896,6,late
6914,114,0,0.6466552725417427,0.49646151287843165,6,late
6915,115,0,0.9372052048032262,0.3253150055423973,6,late
6916,116,0,0.9102395818871544,0.31686853287049255,6,late
6917,117,0,0.41023137554147543,0.307833162650892,6,late
6918,118,0,0.5685502873164762,0.4296877203053836,6,late
6919,119,0,0.758385088982299,0.49545923677571285,6,late
6920,120,0,0.03833180187269383,0.5127590803606314,6,late
6921,121,0,0.8650102985483428,0.3573189258431554,6,late
6922,122,0,0.15932564211358108,0.6327685366648768,6,late
6923,123,0,0.7720522854442858,0.32883520390815124,6,late
6924,124,0,0.12473389484057379,0.45264448622456865,6,late
6925,125,0,0.1047513577409526,0.5881496416140138,6,late
6926,126,0,0.4150895299029487,0.6075637820900657,6,late
6927,127,0,0.9481915910614485,0.356263191928089,6,late
6928,128,0,0.518244767152882,0.3703327538278637,6,late
6929,129,0,0.6196615486263382,0.28383355432797713,6,late
6930,130,0,0.003664518418532982,0.6951619204619239,6,late
6931,131,0,0.029392039793280395,0.5431602298633269,6,late
6932,132,0,0.5318817530601629,0.4447859835854831,6,late
6933,133,0,0.5444502527213033,0.37318185531271386,6,late
6934,134,0,0.8120652525606498,0.2886499822886162,6,late
6935,135,0,0.5617207831857107,0.537068736976009,6,late
6936,136,0,0.2951902200401999,0.3803723039906317,6,late
6937,137,0,0.33316952148016565,0.2695191041781711,6,late
6938,138,0,0.8175268545918878,0.4747060084748223,6,late
6939,139,0,0.5906756245324717,0.34729162081842846,6,late
6940,140,0,0.5246871223678723,0.4246097481478287,6,late
6941,141,0,0.3330635395251188,0.4954237536109749,6,late
6942,142,0,0.519375146888891,0.5175539725083745,6,late
6943,143,0,0.8909259703840904,0.5104474215865991,6,late
6944,144,0,0.18353778301282553,0.4033285643129421,6,late
6945,145,0,0.9825729575706867,0.3660603451022103,6,late
6946,146,0,0.9746606589803599,0.30641849129985094,6,late
6947,147,0,0.9497590267831841,0.23083534126355415,6,late
6948,148,0,0.9959129563956559,0.393607167632734,6,late
6949,149,0,0.4881339605514361,0.4116726935462034,6,late
6950,150,0,0.685485998752531,0.39339773155702323,6,late
6951,151,0,0.7436913921145847,0.4949630018110712,6,late
6952,152,0,0.43376200393882064,0.47365250163869865,6,late
6953,153,0,0.5337207732795627,0.3864852832319949,6,late
6954,154,0,0.9925851332365434,0.31223184574027885,6,late
6955,155,0,0.7856152092245468,0.4446198780392653,6,late
6956,156,0,0.9949988690644973,0.32376018018217306,6,late
6957,157,0,0.9965857343124505,0.2596697704376778,6,late
6958,158,0,0.7017372856642953,0.38794557558434767,6,late
6959,159,0,0.8157717802936346,0.3954233354401294,6,late
6960,160,0,0.9658518885466216,0.21859302007161213,6,late
6961,161,0,0.48759189159527627,0.5092343884683002,6,late
6962,162,0,0.9933949875565424,0.2569736136943137,6,late
6963,163,0,0.018837233777102134,0.5027069201782445,6,late
6964,164,0,0.5905895277779319,0.5097282041720403,6,late
6965,165,0,0.5221117881685844,0.40619692833578325,6,late
6966,166,0,0.6885798415102642,0.5053261030618439,6,late
6967,167,0,0.3990164281159194,0.4445336975901145,6,late
6968,168,0,0.6969864948750653,0.3924326328480843,6,late
6969,169,0,0.9131566515431255,0.4079055172833177,6,late
6970,170,0,0.6012389000633876,0.2873518953143641,6,late
6971,171,0,0.5684206300638577,0.4130397937943042,6,late
6972,172,0,0.7834137156003619,0.3050311439983978,6,late
6973,173,0,0.757976964576806,0.1877230166959373,6,late
6974,174,0,0.29166103227209367,0.4652064249640504,6,late
6975,175,0,0.3651017728681615,0.3258477247281789,6,late
6976,176,0,0.7659128176793324,0.5108522061746441,6,late
6977,177,0,0.18199187923184695,0.4830615949968539,6,late
6978,178,0,0.8350386374939804,0.2820038933409936,6,late
6979,179,0,0.48183103317042403,0.2516610295528575,6,late
6980,180,0,0.37190422484576435,0.35106921621775183,6,late
6981,181,0,0.2939232129799839,0.41911170692538735,6,late
6982,182,0,0.7345542680786019,0.41868648251073115,6,late
6983,183,0,0.9923604843965317,0.31213075194182605,6,late
6984,184,0,0.7951456618442987,0.2853470438089871,6,late
6985,185,0,0.4966319178632081,0.4207617816289533,6,late
6986,186,0,0.07808636178946496,0.4782433157746694,6,late
6987,187,0,0.7103138515009797,0.24662662121175746,6,late
6988,188,0,0.3905592376817371,0.2971734196829328,6,late
6989,189,0,0.5016276935585557,0.41642429693138505,6,late
6990,190,0,0.587173613352425,0.34457061626987573,6,late
6991,191,0,0.8676648048371846,0.3014555109826573,6,late
6992,192,0,0.2941956758064748,0.4236973955198219,6,late
6993,193,0,0.8510274400234241,0.3317056817407482,6,late
6994,194,0,0.7099627621977559,0.32264333632548825,6,late
6995,195,0,0.1332649242859495,0.37844828096762456,6,late
6996,196,0,0.15485666070789472,0.5502517431647879,6,late
6997,197,0,0.498113349284037,0.35426378881167164,6,late
6998,198,0,0.46782616702474034,0.3592873499710206,6,late
6999,199,0,0.46341800221678087,0.3853744129022919,6,late
7000,0,0,0.8139763745525614,0.6590712615540342,7,interleaved
7001,1,0,0.16115534299028061,0.6330945105510255,7,interleaved
7002,2,0,0.606164968540625,0.60993168325927,7,interleaved
7003,3,0,0.4537726559203288,0.5242747767793297,7,interleaved
7004,4,0,0.007246997484334262,0.818261754765701,7,interleaved
7005,5,0,0.21378427984042303,0.599025082248505,7,interleaved
7006,6,0,0.24097764536559202,0.5515268740718223,7,interleaved
7007,7,0,0.271167624371584,0.4864874317824863,7,interleaved
7008,8,0,0.6474018667490089,0.4948947722108824,7,interleaved
7009,9,0,0.508033982567236,0.5997961988439175,7,interleaved
7010,10,0,0.8770973747988107,0.5700022606855519,7,interleaved
7011,11,0,0.5923627128494396,0.7096426953220871,7,interleaved
7012,12,0,0.6338824958967109,0.6193430051254905,7,interleaved
7013,13,0,0.3878310030661624,0.5220647759115198,7,interleaved
7014,14,0,0.018658221615158038,0.5421603680992265,7,interleaved
7015,15,0,0.5398722125295758,0.4424797931975871,7,interleaved
7016,16,0,0.1524979741245742,0.4631666187397786,7,interleaved
7017,17,0,0.9287464616161423,0.4015928798817785,7,interleaved
7018,18,0,0.716924387318958,0.3539832291944698,7,interleaved
7019,19,0,0.6352440121659233,0.5398266506739524,7,interleaved
7020,20,0,0.08668017038881183,0.6188440878797397,7,interleaved
7021,21,0,0.68208877992489,0.5156231884679634,7,interleaved
7022,22,0,0.3827750242528078,0.5102669414736851,7,interleaved
7023,23,0,0.051980967221939435,0.589738629853197,7,interleaved
7024,24,0,0.8702198306537686,0.47201570451512276,7,interleaved
7025,25,0,0.3984398463264163,0.5419790873888821,7,interleaved
7026,26,0,0.6976070979078848,0.33717446919320937,7,interleaved
7027,27,0,0.3496502556326694,0.6120982959406591,7,interleaved
7028,28,0,0.8680767696921374,0.5859818245539975,7,interleaved
7029,29,0,0.5928941571999174,0.4535134368584984,7,interleaved
7030,30,0,0.8650870863388516,0.4376739046514316,7,interleaved
7031,31,0,0.6431733542841119,0.41248824532383555,7,interleaved
7032,32,0,0.1885604840853699,0.4727294946575378,7,interleaved
7033,33,0,0.8908107832324295,0.3445322617520637,7,interleaved
7034,34,0,0.7471256672039581,0.5379481507372252,7,interleaved
7035,35,0,0.8042849188028891,0.5318218363826741,7,interleaved
7036,36,0,0.6436001547004354,0.37970332142725305,7,interleaved
7037,37,0,0.5475578760850861,0.5140759958425074,7,interleaved
7038,38,0,0.6130842038641897,0.5165967160252535,7,interleaved
7039,39,0,0.7327713749513493,0.47820675352642816,7,interleaved
7040,40,0,0.7303386982956805,0.35693677189367695,7,interleaved
7041,41,0,0.8411980777407855,0.3901419935209345,7,interleaved
7042,42,0,0.37459132162586,0.4337099054566541,7,interleaved
7043,43,0,0.9705777620687939,0.4488706313705222,7,interleaved
7044,44,0,0.24017375295256882,0.5312597261695083,7,interleaved
7045,45,0,0.8035003633589255,0.5051372882894202,7,interleaved
7046,46,0,0.1055046027744515,0.42405700326220763,7,interleaved
7047,47,0,0.41700725320432885,0.5664124980916077,7,interleaved
7048,48,0,0.6362851964797389,0.5340021412352407,7,interleaved
7049,49,0,0.44686750220423876,0.5273916600820604,7,interleaved
7050,50,0,0.8122855994354726,0.4809029971806369,7,interleaved
7051,51,0,0.1140570781300812,0.487620569670286,7,interleaved
7052,52,0,0.8734681763532094,0.33863486443992163,7,interleaved
7053,53,0,0.42796312708269574,0.5076131641476168,7,interleaved
7054,54,0,0.1014592595643329,0.4022228887439435,7,interleaved
7055,55,0,0.47502138953795225,0.44820176557627706,7,interleaved
7056,56,0,0.5395275860824259,0.5649378383047192,7,interleaved
7057,57,0,0.5802878793945194,0.541958373204806,7,interleaved
7058,58,0,0.6030527966784632,0.3123441856824777,7,interleaved
7059,59,0,0.60681526298164,0.4102556547474343,7,interleaved
7060,60,0,0.671385205668381,0.5553781682805707,7,interleaved
7061,61,0,0.49618126037318366,0.41981284190818124,7,interleaved
7062,62,0,0.4933874909364613,0.671268128034608,7,interleaved
7063,63,0,0.628741578971728,0.5947398549738536,7,interleaved
7064,64,0,0.2852088165237407,0.5755491749132591,7,interleaved
7065,65,0,0.9531857284527494,0.480974419867598,7,interleaved
7066,66,0,0.8492765539423881,0.562068200799217,7,interleaved
7067,67,0,0.5886161030601571,0.34295673995226317,7,interleaved
7068,68,0,0.9006400479860228,0.34441193810771337,7,interleaved
7069,69,0,0.60057482951813,0.47693360959091957,7,interleaved
7070,70,0,0.51109943666742,0.5409572944590575,7,interleaved
7071,71,0,0.7586647413519265,0.4256428616002812,7,interleaved
7072,72,0,0.9936575338567579,0.3957630220631152,7,interleaved
7073,73,0,0.5260137765310952,0.3213833712816411,7,interleaved
7074,74,0,0.18049079896442258,0.4216519552067128,7,interleaved
7075,75,0,0.5744083646097263,0.3186255225815844,7,interleaved
7076,76,0,0.2720422392852373,0.49017543895911403,7,interleaved
7077,77,0,0.6198808458824222,0.3307443079746967,7,interleaved
7078,78,0,0.5221127935382683,0.47298455000575634,7,interleaved
7079,79,0,0.797733419812778,0.3035221825152635,7,interleaved
7080,80,0,0.2738977454655563,0.652582108496073,7,interleaved
7081,81,0,0.9742143079892884,0.3683426568640328,7,interleaved
7082,82,0,0.5963705941865528,0.5709458976436523,7,interleaved
7083,83,0,0.9019711924128657,0.376054873902541,7,interleaved
7084,84,0,0.7907554886275214,0.37760983823215644,7,interleaved
7085,85,0,0.4943888163089944,0.3663097209337584,7,interleaved
7086,86,0,0.9375193118336718,0.3633689242373108,7,interleaved
7087,87,0,0.552569966033191,0.3902217711605069,7,interleaved
7088,88,0,0.1593906066466723,0.4258258063916145,7,interleaved
7089,89,0,0.5568941618047945,0.39597315451822307,7,interleaved
7090,90,0,0.29978822340882766,0.42077260571872166,7,interleaved
7091,91,0,0.7566721208349375,0.46114439728878054,7,interleaved
7092,92,0,0.809124132127869,0.3643919145259229,7,interleaved
7093,93,0,0.5172842157587212,0.46702989820493535,7,interleaved
7094,94,0,0.6175755406435631,0.48629259552983173,7,interleaved
7095,95,0,0.5301283989599067,0.414877996841276,7,interleaved
7096,96,0,0.19031895726900022,0.437086153132466,7,interleaved
7097,97,0,0.46745683886521877,0.4131222265246901,7,interleaved
7098,98,0,0.4703883323367543,0.6452503487744741,7,interleaved
7099,99,0,0.6857686552208464,0.4385861959276198,7,interleaved
7100,100,0,0.32911015995739945,0.4568470635434208,7,interleaved
7101,101,0,0.43334687986354875,0.41302827075441606,7,interleaved
7102,102,0,0.5813297374984805,0.5409950331936966,7,interleaved
7103,103,0,0.6088184864988136,0.42973498482736006,7,interleaved
7104,104,0,0.8209584866422754,0.3319059430110335,7,interleaved
7105,105,0,0.7946261702848251,0.4688966380879658,7,interleaved
7106,106,0,0.6180450436195285,0.36442976063458304,7,interleaved
7107,107,0,0.7772034920291948,0.4476557785554788,7,interleaved
7108,108,0,0.4238961045706771,0.324963567495116,7,interleaved
7109,109,0,0.7061022012658889,0.3784110260987492,7,interleaved
7110,110,0,0.53884109784402,0.3212477347700676,7,interleaved
7111,111,0,0.7561210365288762,0.38936696861804426,7,interleaved
7112,112,0,0.5821150358513749,0.48050920018756327,7,interleaved
7113,113,0,0.5720216490525576,0.35295566556941554,7,interleaved
7114,114,0,0.6132073475303587,0.40140796275258883,7,interleaved
7115,115,0,0.7979430625788478,0.5136916910643862,7,interleaved
7116,116,0,0.6889528371498026,0.4558227199287135,7,interleaved
7117,117,0,0.5098258151354389,0.31798832777753755,7,interleaved
7118,118,0,0.9893300451103211,0.46446818801863476,7,interleaved
7119,119,0,0.1296790482845453,0.5727827863963442,7,interleaved
7120,120,0,0.9280821719710131,0.38086133884106405,7,interleaved
7121,121,0,0.4550800995680765,0.35628661045089327,7,interleaved
7122,122,0,0.8547020801753136,0.2767937936708651,7,interleaved
7123,123,0,0.5751621566842885,0.37140235579776965,7,interleaved
7124,124,0,0.7026806642989917,0.3933517883645613,7,interleaved
7125,125,0,0.5321707287177557,0.48283053492781675,7,interleaved
7126,126,0,0.5799983402555249,0.41144163302930215,7,interleaved
7127,127,0,0.5311241458395511,0.3555501649104074,7,interleaved
7128,128,0,0.341034137176915,0.46494515384395607,7,interleaved
7129,129,0,0.5676904052353642,0.47324200612703093,7,interleaved
7130,130,0,0.28184562187164836,0.4015847120294881,7,interleaved
7131,131,0,0.44358127874410846,0.4727151297829485,7,interleaved
7132,132,0,0.7755023098386711,0.26702642658533254,7,interleaved
7133,133,0,0.9280503619266933,0.27764957369805754,7,interleaved
7134,134,0,0.6941910916300602,0.5143866941839323,7,interleaved
7135,135,0,0.7085009581852071,0.36709571368427274,7,interleaved
7136,136,0,0.9820763103932431,0.42061444085845695,7,interleaved
7137,137,0,0.22650323469914896,0.505727762343507,7,interleaved
7138,138,0,0.9689583217535485,0.4512436662343694,7,interleaved
7139,139,0,0.5980783663809832,0.37768652898320454,7,interleaved
7140,140,0,0.9399941858988567,0.5009181349061764,7,interleaved
7141,141,0,0.7245238623054662,0.3976867441417955,7,interleaved
7142,142,0,0.1463491597422399,0.46732591526264805,7,interleaved
7143,143,0,0.554513707022479,0.38200048756749516,7,interleaved
7144,144,0,0.9362072580352439,0.5532084522404187,7,interleaved
7145,145,0,0.5697228743008627,0.4531815670144202,7,interleaved
7146,146,0,0.5341713511281048,0.35323133411103613,7,interleaved
7147,147,0,0.6902992806354131,0.38078222542624923,7,interleaved
7148,148,0,0.8293357708647333,0.34466120335169637,7,interleaved
7149,149,0,0.762687310999389,0.4082367273234272,7,interleaved
7150,150,0,0.5551421469795139,0.40336299939191583,7,interleaved
7151,151,0,0.7788418570540923,0.2880674429055257,7,interleaved
7152,152,0,0.6724350987380375,0.3768669654228042,7,interleaved
7153,153,0,0.9239846413309603,0.41303454827296365,7,interleaved
7154,154,0,0.6445727629688772,0.3645406578623527,7,interleaved
7155,155,0,0.9756424825086802,0.3525643256897118,7,interleaved
7156,156,0,0.9308975865848994,0.3620012836102545,7,interleaved
7157,157,0,0.5098773935358678,0.4899304343122159,7,interleaved
7158,158,0,0.6984615331573844,0.27573162619344793,7,interleaved
7159,159,0,0.8163878623074281,0.34631235230674273,7,interleaved
7160,160,0,0.9063305677019148,0.27002261515126635,7,interleaved
7161,161,0,0.864868253973483,0.35457410259426064,7,interleaved
7162,162,0,0.4675396101493907,0.41571190807879976,7,interleaved
7163,163,0,0.6445260333534993,0.35951194862166075,7,interleaved
7164,164,0,0.9947736514489982,0.28046334400590267,7,interleaved
7165,165,0,0.5678143389383646,0.28270141234552226,7,interleaved
7166,166,0,0.05681998951352786,0.32956508739364854,7,interleaved
7167,167,0,0.3211719675533912,0.3520258487480228,7,interleaved
7168,168,0,0.8634931572779645,0.46423775754971236,7,interleaved
7169,169,0,0.33565296903672975,0.40779245454203306,7,interleaved
7170,170,0,0.5496062360302228,0.31540365267872006,7,interleaved
7171,171,0,0.8508797522817055,0.38447841952211687,7,interleaved
7172,172,0,0.2971845152576719,0.3919943394731231,7,interleaved
7173,173,0,0.8677548458659942,0.4545795489245254,7,interleaved
7174,174,0,0.35061003635128746,0.4321910907073315,7,interleaved
7175,175,0,0.5203086691447345,0.3541905805071088,7,interleaved
7176,176,0,0.8970604869089238,0.36714825091681746,7,interleaved
7177,177,0,0.6765311267825529,0.42083081676718065,7,interleaved
7178,178,0,0.5998056999416671,0.39616882274053344,7,interleaved
7179,179,0,0.6070250495453569,0.2734379582009697,7,interleaved
7180,180,0,0.5594284974255046,0.3836051014636597,7,interleaved
7181,181,0,0.9280297602308059,0.3976048613313912,7,interleaved
7182,182,0,0.13558017835604103,0.44693034760333716,7,interleaved
7183,183,0,0.4120122938664409,0.29839218414833957,7,interleaved
7184,184,0,0.49423149740989647,0.5021219922076885,7,interleaved
7185,185,0,0.31062765169838225,0.3827659762612429,7,interleaved
7186,186,0,0.6547080002198759,0.34682978468646547,7,interleaved
7187,187,0,0.5475941422010564,0.36064378869457436,7,interleaved
7188,188,0,0.5429206756972579,0.33508026993457635,7,interleaved
7189,189,0,0.7400029003059851,0.321931326252717,7,interleaved
7190,190,0,0.7200215603351412,0.2522339197490534,7,interleaved
7191,191,0,0.7861956278770794,0.35194810783594443,7,interleaved
7192,192,0,0.290036800995772,0.364191386677587,7,interleaved
7193,193,0,0.5116597510222047,0.2931023999311435,7,interleaved
7194,194,0,0.5973608261852326,0.5565788143657002,7,interleaved
7195,195,0,0.35367414762946625,0.34166103960749494,7,interleaved
7196,196,0,0.9481215428935897,0.34277574991344106,7,interleaved
7197,197,0,0.5865298632434859,0.41746288590970004,7,interleaved
7198,198,0,0.9611785885345518,0.2929161591710085,7,interleaved
7199,199,0,0.551218499969724,0.35700652758471263,7,interleaved
7200,0,0,0.9882580887414769,0.4677728042190151,7,blocked
7201,1,0,0.027681361384469017,0.7485492642183305,7,blocked
7202,2,0,0.9737173261680374,0.5773498018947021,7,blocked
7203,3,0,0.027259705432979564,0.7625299396493342,7,blocked
7204,4,0,0.5466720631218269,0.574034309939665,7,blocked
7205,5,0,0.9139123822004602,0.3792521681641018,7,blocked
7206,6,0,0.9882687568384774,0.28348433034136833,7,blocked
7207,7,0,0.05889632397857792,0.6923917238643147,7,blocked
7208,8,0,0.03161332153788855,0.42882894800306337,7,blocked
7209,9,0,0.1207805190871383,0.620748188038742,7,blocked
7210,10,0,0.8124788592518565,0.5034579182832215,7,blocked
7211,11,0,0.9069953082444697,0.35671035255148786,7,blocked
7212,12,0,0.35282243001330715,0.5643553031042885,7,blocked
7213,13,0,0.42774036619196004,0.62726429110358,7,blocked
7214,14,0,0.8956489983511802,0.4991195052356273,7,blocked
7215,15,0,0.14865297448100867,0.38988086009146794,7,blocked
7216,16,0,0.8364595839881535,0.43599673523008375,7,blocked
7217,17,0,0.9557863739277463,0.54266394771675,7,blocked
7218,18,0,0.5789856475353302,0.5322569927385715,7,blocked
7219,19,0,0.8573956313589406,0.3563106353429393,7,blocked
7220,20,0,0.5228932439549873,0.55144664463284,7,blocked
7221,21,0,0.9847167663282627,0.6132655878111586,7,blocked
7222,22,0,0.3183916141262758,0.5490870076040085,7,blocked
7223,23,0,0.8166822414864205,0.43304079506310417,7,blocked
7224,24,0,0.07891948018254585,0.5483887920946076,7,blocked
7225,25,0,0.880995974323386,0.5272299966999356,7,blocked
7226,26,0,0.0916540609022029,0.4694463454220997,7,blocked
7227,27,0,0.947562239876345,0.3499619396298178,7,blocked
7228,28,0,0.17785932806272473,0.44388535648891814,7,blocked
7229,29,0,0.7622029765172587,0.4469949853643269,7,blocked
7230,30,0,0.35172330422317033,0.5007286140039016,7,blocked
7231,31,0,0.5460843745894362,0.4872153060198917,7,blocked
7232,32,0,0.2448829863573484,0.46740998886863394,7,blocked
7233,33,0,0.44367467962803353,0.35563133275691505,7,blocked
7234,34,0,0.757720549779934,0.44833231838935916,7,blocked
7235,35,0,0.7987202069695787,0.37056112886508574,7,blocked
7236,36,0,0.8025039100235294,0.4433171715840724,7,blocked
7237,37,0,0.9019342484813142,0.527223963376726,7,blocked
7238,38,0,0.9745131197288313,0.29710201134036807,7,blocked
7239,39,0,0.9396987746160429,0.4498185158470466,7,blocked
7240,40,0,0.441638883121413,0.5373018187540162,7,blocked
7241,41,0,0.750589792488626,0.41694929739025405,7,blocked
7242,42,0,0.17590093822026595,0.5066697588920113,7,blocked
7243,43,0,0.4979110146471168,0.5177393958832197,7,blocked
7244,44,0,0.5917603111258701,0.5114725116323805,7,blocked
7245,45,0,0.4859450565061091,0.5484437651320582,7,blocked
7246,46,0,0.47280630917094124,0.5727134089572137,7,blocked
7247,47,0,0.5098309300702073,0.49293100843879334,7,blocked
7248,48,0,0.32708204873993985,0.5445278149279493,7,blocked
7249,49,0,0.5384248067597033,0.4648662886458629,7,blocked
7250,50,0,0.5004108651946781,0.47495125924649645,7,blocked
7251,51,0,0.3290138825282645,0.5044357598041816,7,blocked
7252,52,0,0.6780991109289602,0.42508920561272645,7,blocked
7253,53,0,0.17241097903074057,0.48923532545700965,7,blocked
7254,54,0,0.5712045821250588,0.34662871844942755,7,blocked
7255,55,0,0.44336418470046,0.41112919663200287,7,blocked
7256,56,0,0.5456430378939782,0.45540557004568283,7,blocked
7257,57,0,0.7140513374313764,0.4692830074349597,7,blocked
7258,58,0,0.7295116252365743,0.5506643365978867,7,blocked
7259,59,0,0.9214325579331439,0.3693987783280259,7,blocked
7260,60,0,0.9425616962117016,0.4008941667049942,7,blocked
7261,61,0,0.5255579981000749,0.4205880829045333,7,blocked
7262,62,0,0.37480866594185464,0.3908660730429093,7,blocked
7263,63,0,0.29927763161372856,0.4891733321360028,7,blocked
7264,64,0,0.05862429328638773,0.8387742616706737,7,blocked
7265,65,0,0.9339008842197338,0.4496203963835653,7,blocked
7266,66,0,0.013736806741639617,0.5376578508882909,7,blocked
7267,67,0,0.36274248229995154,0.5608311950611855,7,blocked
7268,68,0,0.5167221164188422,0.5050114298438355,7,blocked
7269,69,0,0.47185566665183465,0.4508370068128402,7,blocked
7270,70,0,0.776763954056503,0.4313796706968466,7,blocked
7271,71,0,0.8554830070148902,0.4171719965120364,7,blocked
7272,72,0,0.4394196745788334,0.5378990133070503,7,blocked
7273,73,0,0.3417725902184795,0.4880776854513165,7,blocked
7274,74,0,0.7503412967871113,0.362673066036932,7,blocked
7275,75,0,0.32535769597355946,0.5118693257709405,7,blocked
7276,76,0,0.2550871201173177,0.4411280036682061,7,blocked
7277,77,0,0.6691960353441855,0.4484323660077012,7,blocked
7278,78,0,0.43574409240400525,0.5256405671335083,7,blocked
7279,79,0,0.5615123379749485,0.3454452924378448,7,blocked
7280,80,0,0.04649320939579499,0.44170256179652906,7,blocked
7281,81,0,0.800139775566099,0.5230962844616331,7,blocked
7282,82,0,0.08357286340992333,0.559261249628702,7,blocked
7283,83,0,0.5576941643833634,0.4403057029369855,7,blocked
7284,84,0,0.13914362376138184,0.5627536187284256,7,blocked
7285,85,0,0.24866191679938676,0.6115637550438155,7,blocked
7286,86,0,0.31814303397201404,0.45539681547664734,7,blocked
7287,87,0,0.26670972111537095,0.4362513849887487,7,blocked
7288,88,0,0.7132024969960693,0.4282160712558343,7,blocked
7289,89,0,0.19800652565304538,0.3995295472007324,7,blocked
7290,90,0,0.5698638073796508,0.2990405042115648,7,blocked
7291,91,0,0.2586340522900709,0.6125887844066201,7,blocked
7292,92,0,0.38687333867731855,0.3433866020555557,7,blocked
7293,93,0,0.5215010950709539,0.503677151101174,7,blocked
7294,94,0,0.9348858556992283,0.45326424841843593,7,blocked
7295,95,0,0.23453867621935784,0.4669069983361166,7,blocked
7296,96,0,0.43087734969320524,0.5339212467950383,7,blocked
7297,97,0,0.6622967529648526,0.3720477557903065,7,blocked
7298,98,0,0.39230542903780324,0.5566967297230302,7,blocked
7299,99,0,0.2753221713965524,0.4697623302193975,7,blocked
7300,100,0,0.5459133313723312,0.4461341251305333,7,blocked
7301,101,0,0.4147595802382974,0.5253784494900082,7,blocked
7302,102,0,0.6235314362745265,0.256506194620445,7,blocked
7303,103,0,0.5834811211709122,0.35980639739595943,7,blocked
7304,104,0,0.4017393771702721,0.580092809436927,7,blocked
7305,105,0,0.8792038336814139,0.36021579582970764,7,blocked
7306,106,0,0.6828881720576951,0.40119518301919027,7,blocked
7307,107,0,0.7903800480597141,0.36791843414543446,7,blocked
7308,108,0,0.33435036645904725,0.5272065902018943,7,blocked
7309,109,0,0.8819581124018029,0.36102515748379527,7,blocked
7310,110,0,0.912375440505585,0.31164594729370687,7,blocked
7311,111,0,0.6877116322437875,0.35431000943776175,7,blocked
7312,112,0,0.49025074761033416,0.6886529253270096,7,blocked
7313,113,0,0.9289041833931797,0.3891030775274301,7,blocked
7314,114,0,0.8575999888685393,0.45445883456877334,7,blocked
7315,115,0,0.46012094322468877,0.4816949953267252,7,blocked
7316,116,0,0.581767793030538,0.4342720199722302,7,blocked
7317,117,0,0.6902700167082967,0.25943320321055335,7,blocked
7318,118,0,0.5633810664770923,0.334643711853992,7,blocked
7319,119,0,0.5107950786059339,0.27893213885879065,7,blocked
7320,120,0,0.4968362818826349,0.36229287287828377,7,blocked
7321,121,0,0.1037926462980758,0.3831082622396867,7,blocked
7322,122,0,0.15315917586791755,0.3807770510197076,7,blocked
7323,123,0,0.3062692472353366,0.39808887188287423,7,blocked
7324,124,0,0.3864523079200233,0.5426740952116251,7,blocked
7325,125,0,0.4548705115207491,0.5202827755787259,7,blocked
7326,126,0,0.52175002669712,0.4475248797355198,7,blocked
7327,127,0,0.5971032373873946,0.3383347458788934,7,blocked
7328,128,0,0.08601707675561855,0.39882701732492043,7,blocked
7329,129,0,0.5243908188491274,0.5061363944686147,7,blocked
7330,130,0,0.31602211766663685,0.35968535606610436,7,blocked
7331,131,0,0.8532332755116105,0.5091510304749096,7,blocked
7332,132,0,0.9643469651528976,0.5080496280299212,7,blocked
7333,133,0,0.5154367239277062,0.48631651928485964,7,blocked
7334,134,0,0.5558643952284176,0.4649677525513398,7,blocked
7335,135,0,0.3854946056483272,0.3984442374882351,7,blocked
7336,136,0,0.6231999832225028,0.4143137363227577,7,blocked
7337,137,0,0.8592382641719929,0.5363455274295506,7,blocked
7338,138,0,0.6981429423439045,0.5302590051543861,7,blocked
7339,139,0,0.2203293617900422,0.46461219041916235,7,blocked
7340,140,0,0.61935151725614,0.29519241136400426,7,blocked
7341,141,0,0.4233279205563371,0.38507855789620826,7,blocked
7342,142,0,0.41775221685366726,0.34671381342576746,7,blocked
7343,143,0,0.4386411990273311,0.3741874583054472,7,blocked
7344,144,0,0.2219793377548967,0.46953800710104543,7,blocked
7345,145,0,0.6619586912991516,0.44666235869332205,7,blocked
7346,146,0,0.3699967748811408,0.46889471716371145,7,blocked
7347,147,0,0.5198801437774228,0.4067139525720894,7,blocked
7348,148,0,0.37714272089817735,0.43201261229761356,7,blocked
7349,149,0,0.8651048573745637,0.6180130138964306,7,blocked
7350,150,0,0.3403561493377098,0.4329808158642966,7,blocked
7351,151,0,0.5134188218789582,0.4479392476143179,7,blocked
7352,152,0,0.9520939606981385,0.36808109855545623,7,blocked
7353,153,0,0.8974330482640085,0.29284721358957605,7,blocked
7354,154,0,0.5166624319626685,0.3689350069533381,7,blocked
7355,155,0,0.29967938846526715,0.5112005621592365,7,blocked
7356,156,0,0.5379091095261671,0.33227399267243496,7,blocked
7357,157,0,0.3990502101207996,0.43191668036420805,7,blocked
7358,158,0,0.5263352583188968,0.2392589835057672,7,blocked
7359,159,0,0.8271024588051255,0.3232823433774408,7,blocked
7360,160,0,0.1595613475412427,0.4291709494291389,7,blocked
7361,161,0,0.5904713697349485,0.5016526126880317,7,blocked
7362,162,0,0.038419556671648515,0.491887831989081,7,blocked
7363,163,0,0.4926869842948704,0.5255068917456489,7,blocked
7364,164,0,0.2429967330788474,0.4622074350749429,7,blocked
7365,165,0,0.12079627368744221,0.4850502882805702,7,blocked
7366,166,0,0.6147677007286385,0.3477865849499449,7,blocked
7367,167,0,0.7642235013333831,0.3947804001825562,7,blocked
7368,168,0,0.46629788443010184,0.31552078828913965,7,blocked
7369,169,0,0.5596069633958054,0.3483036880400936,7,blocked
7370,170,0,0.282881626081141,0.502388167908206,7,blocked
7371,171,0,0.7295289805174948,0.3198219843279403,7,blocked
7372,172,0,0.5446859812935212,0.3466792910966555,7,blocked
7373,173,0,0.6337295726643588,0.5124090339183126,7,blocked
7374,174,0,0.12214296666165321,0.49326074771228645,7,blocked
7375,175,0,0.44364388148151734,0.5019244585042574,7,blocked
7376,176,0,0.681309464466729,0.3657643555277183,7,blocked
7377,177,0,0.6048333517604925,0.33456462683408017,7,blocked
7378,178,0,0.6081739086086875,0.3263663254103938,7,blocked
7379,179,0,0.6324962315656899,0.2600553086729551,7,blocked
7380,180,0,0.7828764084992339,0.27491157708904335,7,blocked
7381,181,0,0.6066123998839179,0.4398384529743489,7,blocked
7382,182,0,0.30541987925326186,0.5981704012045566,7,blocked
7383,183,0,0.537078070394589,0.4430997262471994,7,blocked
7384,184,0,0.20063353978615941,0.5042336805175518,7,blocked
7385,185,0,0.49675619487893524,0.3466784107288927,7,blocked
7386,186,0,0.4426304126699708,0.5841722802836331,7,blocked
7387,187,0,0.31073316472136775,0.3624576159319024,7,blocked
7388,188,0,0.7511240112230371,0.25009931105473543,7,blocked
7389,189,0,0.22173499334207697,0.5767262737594387,7,blocked
7390,190,0,0.5414688434377062,0.29321834085388654,7,blocked
7391,191,0,0.9231249098434282,0.30915221422941036,7,blocked
7392,192,0,0.8989977523667579,0.2417404010741124,7,blocked
7393,193,0,0.5789284597751336,0.33946862743301864,7,blocked
7394,194,0,0.19213869905703146,0.5029668875902326,7,blocked
7395,195,0,0.5487243710005073,0.3979016896148309,7,blocked
7396,196,0,0.2700298912180656,0.4336770160872095,7,blocked
7397,197,0,0.8019511054547468,0.3541138542563672,7,blocked
7398,198,0,0.4071681455753347,0.4115252775164422,7,blocked
7399,199,0,0.8707581632605232,0.5656301765315259,7,blocked
7400,0,0,0.09677498275674853,0.7107817784717733,7,early
7401,1,0,0.4385434145392478,0.4264461186423174,7,early
7402,2,0,0.7017110025141092,0.455968668395638,7,early
7403,3,0,0.5857103113257679,0.4119765027022625,7,early
7404,4,0,0.4105867997722313,0.5772318076164691,7,early
7405,5,0,0.6325416126028214,0.4287456388229992,7,early
7406,6,0,0.8454838239563405,0.6000447708482644,7,early
7407,7,0,0.9327675181569557,0.37928399573072247,7,early
7408,8,0,0.9880309491917012,0.36937680818040225,7,early
7409,9,0,0.8726512312234902,0.555236998614103,7,early
7410,10,0,0.8600104057958562,0.591537635134205,7,early
7411,11,0,0.39511552405137357,0.5339563127575674,7,early
7412,12,0,0.8885153701524693,0.33863149008178606,7,early
7413,13,0,0.7450617999755051,0.5053040597724084,7,early
7414,14,0,0.6934839184831398,0.5060624110521695,7,early
7415,15,0,0.7948866068320117,0.35773441551033835,7,early
7416,16,0,0.04768182947185192,0.5119456607457609,7,early
7417,17,0,0.5610035445758546,0.3339387096110263,7,early
7418,18,0,0.6053768878123229,0.5364885940309863,7,early
7419,19,0,0.4312305793397522,0.45186970805207793,7,early
7420,20,0,0.7683415779801603,0.4228661300611526,7,early
7421,21,0,0.5342929927813392,0.34904084280316,7,early
7422,22,0,0.9243944047161713,0.6368840338523085,7,early
7423,23,0,0.6672973705354948,0.33444238220523315,7,early
7424,24,0,0.283199475370262,0.47419742348365146,7,early
7425,25,0,0.8122849644841246,0.47361149343053666,7,early
7426,26,0,0.4017714021787248,0.41262252953625866,7,early
7427,27,0,0.5347001431763609,0.39475583481758275,7,early
7428,28,0,0.9248792794567555,0.34403907196180106,7,early
7429,29,0,0.5979040645245781,0.2878499335966147,7,early
7430,30,0,0.5860393286751052,0.35599640783513903,7,early
7431,31,0,0.9489049935386409,0.4429208173190629,7,early
7432,32,0,0.679429061934733,0.39837759476141543,7,early
7433,33,0,0.9304612368661259,0.27097600944146427,7,early
7434,34,0,0.7543103585720636,0.4065556991642695,7,early
7435,35,0,0.9417014485440978,0.3848914536523996,7,early
7436,36,0,0.8611579407916765,0.513776344026281,7,early
7437,37,0,0.5896064162583476,0.3978878057021855,7,early
7438,38,0,0.9526136502109268,0.41346686819592327,7,early
7439,39,0,0.8928607493515217,0.4339726221040304,7,early
7440,40,0,0.305419993826311,0.5551540485641913,7,early
7441,41,0,0.4915406385355126,0.5046867573534953,7,early
7442,42,0,0.3068403618541255,0.46648022782563026,7,early
7443,43,0,0.5309410202963308,0.51056641673432,7,early
7444,44,0,0.6966279991571933,0.2800793327318863,7,early
7445,45,0,0.5582357292503464,0.49106860181888157,7,early
7446,46,0,0.094044051604877,0.3968966744784512,7,early
7447,47,0,0.34813491006762926,0.40673727131553616,7,early
7448,48,0,0.1613120564174229,0.527253222392341,7,early
7449,49,0,0.44055879189783875,0.5682926725815463,7,early
7450,50,0,0.664125195024434,0.3456043539275768,7,early
7451,51,0,0.7735914055439062,0.4457534204266955,7,early
7452,52,0,0.2847247063969399,0.31179795710645697,7,early
7453,53,0,0.8022517110603764,0.4194067242667234,7,early
7454,54,0,0.6835956378036244,0.34878980337870846,7,early
7455,55,0,0.45290533980629755,0.31404909861668157,7,early
7456,56,0,0.5855866690976609,0.5122880594441441,7,early
7457,57,0,0.6370117665259567,0.42630299171169006,7,early
7458,58,0,0.3105789327431847,0.6118738016286885,7,early
7459,59,0,0.36334748058527977,0.3561250961468772,7,early
7460,60,0,0.20865517598436906,0.538326698424081,7,early
7461,61,0,0.5739065855757217,0.28374824180352315,7,early
7462,62,0,0.4745787280464534,0.43234608327260526,7,early
7463,63,0,0.528014028430535,0.3152811273892143,7,early
7464,64,0,0.49240916999128576,0.23876811095808573,7,early
7465,65,0,0.4713121184807135,0.3687130416040783,7,early
7466,66,0,0.679405860720278,0.3886643432105388,7,early
7467,67,0,0.4206367694475497,0.31423240426579907,7,early
7468,68,0,0.6528468519978519,0.30836521703229813,7,early
7469,69,0,0.551917842219907,0.4523879819143972,7,early
7470,70,0,0.37286389638927747,0.41420979994450857,7,early
7471,71,0,0.813167654365443,0.40855326809871395,7,early
7472,72,0,0.8090530331014967,0.26743567261927775,7,early
7473,73,0,0.5595502920392481,0.4740478377860925,7,early
7474,74,0,0.35062946946843265,0.28209140721485293,7,early
7475,75,0,0.600845207038419,0.4452384338000758,7,early
7476,76,0,0.6456886027435669,0.38919746529032784,7,early
7477,77,0,0.5975272749515375,0.41308392511057535,7,early
7478,78,0,0.6446174558271716,0.4083235054742925,7,early
7479,79,0,0.600266291058407,0.33879203422426657,7,early
7480,80,0,0.4203916568776556,0.5276694751422532,7,early
7481,81,0,0.6573221290454339,0.3496332800934112,7,early
7482,82,0,0.015040477700222859,0.5325135856470911,7,early
7483,83,0,0.7732999618860008,0.40161258298111446,7,early
7484,84,0,0.5361539578830259,0.34709557611198505,7,early
7485,85,0,0.44099427316819817,0.3707452003579499,7,early
7486,86,0,0.4307867784404118,0.30191220950459235,7,early
7487,87,0,0.6481078811641632,0.29324376228056115,7,early
7488,88,0,0.227915581677189,0.34861809113502007,7,early
7489,89,0,0.5950653830894439,0.3630661446721588,7,early
7490,90,0,0.20133790838088456,0.41554928058670115,7,early
7491,91,0,0.7502194775806259,0.4786169507203324,7,early
7492,92,0,0.6450885372483477,0.26669924560428165,7,early
7493,93,0,0.572495661372813,0.30019293814658604,7,early
7494,94,0,0.23641807145528235,0.3047556483315169,7,early
7495,95,0,0.3281938138292132,0.25701538089316434,7,early
7496,96,0,0.23589595124659696,0.3372109361397526,7,early
7497,97,0,0.5005693031260321,0.37691388081251764,7,early
7498,98,0,0.5755152673148037,0.3724375373854468,7,early
7499,99,0,0.8361861337727554,0.4111175901946057,7,early
7500,100,0,0.6517077669618427,0.4815908112686302,7,early
7501,101,0,0.6711588912696098,0.4016957725609369,7,early
7502,102,0,0.12721850883288152,0.3698800803849238,7,early
7503,103,0,0.46330247282522485,0.48499062066138016,7,early
7504,104,0,0.5385886601757356,0.4562558634173193,7,early
7505,105,0,0.49965995882336134,0.33175367389503396,7,early
7506,106,0,0.31081142472764933,0.37606500013966987,7,early
7507,107,0,0.6018082181462038,0.371493051434551,7,early
7508,108,0,0.4362187933036649,0.4866180198328915,7,early
7509,109,0,0.48534222962561985,0.3754410644759425,7,early
7510,110,0,0.7110733465662159,0.34184889324713735,7,early
7511,111,0,0.8562062376166628,0.30860594510201106,7,early
7512,112,0,0.05733221614174803,0.42474063501180936,7,early
7513,113,0,0.619881663969712,0.36971506043343083,7,early
7514,114,0,0.597732545168026,0.28571220052966373,7,early
7515,115,0,0.6842790582881826,0.36819857802902256,7,early
7516,116,0,0.5346172108889763,0.3774276834759594,7,early
7517,117,0,0.11939892612771613,0.4041849809222341,7,early
7518,118,0,0.6680249502431795,0.5132091616497698,7,early
7519,119,0,0.434155890013235,0.374048975394062,7,early
7520,120,0,0.6503153835706477,0.374245960366985,7,early
7521,121,0,0.6276185177970124,0.39433789249154666,7,early
7522,122,0,0.870212920220542,0.4317648966761989,7,early
7523,123,0,0.5235350737404152,0.3079474488059688,7,early
7524,124,0,0.0947886638700721,0.3312523981444978,7,early
7525,125,0,0.7384477189932577,0.32512133278585664,7,early
7526,126,0,0.3235190334144595,0.4239069689401459,7,early
7527,127,0,0.4041510622895787,0.5308187753227726,7,early
7528,128,0,0.06797649643670292,0.3538738804680488,7,early
7529,129,0,0.6235164336850985,0.18066306642538202,7,early
7530,130,0,0.018695739995630924,0.41436337576059074,7,early
7531,131,0,0.517930999459894,0.4617781369409545,7,early
7532,132,0,0.7071436373267976,0.31661759480480023,7,early
7533,133,0,0.8861517997289887,0.3906891460231809,7,early
7534,134,0,0.5982858830710924,0.46395116868335046,7,early
7535,135,0,0.6516463153683396,0.3412296273009358,7,early
7536,136,0,0.7819233825100278,0.2858258556124693,7,early
7537,137,0,0.4502362391012345,0.39450369587645073,7,early
7538,138,0,0.9319140148375604,0.21580351911146192,7,early
7539,139,0,0.6898998375489855,0.35486830117268,7,early
7540,140,0,0.008284025819244194,0.3333283618025258,7,early
7541,141,0,0.5246133149479731,0.35422363906852466,7,early
7542,142,0,0.133267976130156,0.3709616676361134,7,early
7543,143,0,0.7665982968237903,0.3065641777700104,7,early
7544,144,0,0.7626992041126861,0.3357554518353059,7,early
7545,145,0,0.7935213919716455,0.22331352491870665,7,early
7546,146,0,0.20034812781790212,0.3842475411916322,7,early
7547,147,0,0.861913762854994,0.2281764728051271,7,early
7548,148,0,0.7932559096772015,0.24129038493038488,7,early
7549,149,0,0.5671128847880622,0.27811456895113035,7,early
7550,150,0,0.7604438157068801,0.2817701241898649,7,early
7551,151,0,0.65421016134968,0.38177243469138084,7,early
7552,152,0,0.9969346559827306,0.3214970513978514,7,early
7553,153,0,0.5163715745843969,0.3625154618379979,7,early
7554,154,0,0.16150799654041142,0.382141568048761,7,early
7555,155,0,0.7365454160966682,0.26781220316061033,7,early
7556,156,0,0.6798551223487832,0.3987579289862425,7,early
7557,157,0,0.8666883498630409,0.3133567559470145,7,early
7558,158,0,0.4345251096565875,0.2719131193755717,7,early
7559,159,0,0.8712261692770028,0.2653033126347658,7,early
7560,160,0,0.5852288554356149,0.30664951275344654,7,early
7561,161,0,0.9748776113174813,0.3215733452500402,7,early
7562,162,0,0.6814055300462123,0.31434476692172086,7,early
7563,163,0,0.5771647852101164,0.33310086342932843,7,early
7564,164,0,0.9432167285842543,0.21644782920330885,7,early
7565,165,0,0.6130736574764757,0.3431469720187863,7,early
7566,166,0,0.6753185447759087,0.3356136129866377,7,early
7567,167,0,0.4933885458576464,0.49065894277317224,7,early
7568,168,0,0.21977162560688862,0.2650119376152974,7,early
7569,169,0,0.4879554627572702,0.3102002559087592,7,early
7570,170,0,0.49127821255782234,0.46749624508853316,7,early
7571,171,0,0.8763896092751955,0.2964497760996003,7,early
7572,172,0,0.9188201876224931,0.2624007910026015,7,early
7573,173,0,0.5724375486523535,0.2546204416287321,7,early
7574,174,0,0.695926961324072,0.329406075184683,7,early
7575,175,0,0.07909272184038499,0.44530124542429717,7,early
7576,176,0,0.5175670575950936,0.3408423974591731,7,early
7577,177,0,0.5045684176502967,0.2255854717467829,7,early
7578,178,0,0.4735119274508238,0.34098662737266316,7,early
7579,179,0,0.6207850042495485,0.2331874911464358,7,early
7580,180,0,0.7261306425975007,0.33933521589164695,7,early
7581,181,0,0.31403936245355524,0.43995338436689113,7,early
7582,182,0,0.8056712453784105,0.46815266528630217,7,early
7583,183,0,0.7306291779070954,0.3603252168470674,7,early
7584,184,0,0.786013835307859,0.23824854850816868,7,early
7585,185,0,0.8046626473338695,0.26867062002949826,7,early
7586,186,0,0.8241466355707112,0.32213685818628945,7,early
7587,187,0,0.1984869915093681,0.29956013466944464,7,early
7588,188,0,0.7809792008436194,0.38041427758153457,7,early
7589,189,0,0.5303826162619137,0.28834418257129263,7,early
7590,190,0,0.5814672146306544,0.4434102290456622,7,early
7591,191,0,0.38761807628933126,0.4392301019057069,7,early
7592,192,0,0.9095343779730071,0.24116119367139133,7,early
7593,193,0,0.7554060797482856,0.38452415192361916,7,early
7594,194,0,0.7375155072638597,0.31416278419971533,7,early
7595,195,0,0.5347637354289166,0.31610753789196844,7,early
7596,196,0,0.6085651149316362,0.3007963135364211,7,early
7597,197,0,0.9929941504526845,0.2557721542151424,7,early
7598,198,0,0.5567220007506438,0.34792224591002435,7,early
7599,199,0,0.22823471675223891,0.40652303813442037,7,early
7600,0,0,0.9460483766694628,0.7194953942593241,7,middle
7601,1,0,0.4635101258457249,0.7440188221711167,7,middle
7602,2,0,0.9278549480383165,0.6966575534435366,7,middle
7603,3,0,0.4813537352397095,0.6168367065276268,7,middle
7604,4,0,0.10516379006429573,0.5184347705053668,7,middle
7605,5,0,0.43476877818337956,0.6056218681319632,7,middle
7606,6,0,0.48584257553183174,0.5197534858865872,7,middle
7607,7,0,0.31813003892336555,0.8220586876180128,7,middle
7608,8,0,0.35964187648969836,0.6427425046236274,7,middle
7609,9,0,0.06078661053651932,0.4497661127188042,7,middle
7610,10,0,0.3963278013958712,0.540532751767487,7,middle
7611,11,0,0.264117077257908,0.612035449523224,7,middle
7612,12,0,0.13694506443525484,0.6554665109377713,7,middle
7613,13,0,0.7392567878749939,0.482290027323142,7,middle
7614,14,0,0.5045166751626841,0.47699277867670914,7,middle
7615,15,0,0.09140712259449671,0.6848511899247197,7,middle
7616,16,0,0.5579450989813854,0.4634993810276927,7,middle
7617,17,0,0.5269851368580065,0.5907975526909477,7,middle
7618,18,0,0.5107316204575881,0.7231368771818254,7,middle
7619,19,0,0.5370733057171484,0.6125316347065655,7,middle
7620,20,0,0.5820494699067847,0.5000465267013346,7,middle
7621,21,0,0.5375341561240875,0.37746850792817166,7,middle
7622,22,0,0.3403843592649736,0.47882934623447326,7,middle
7623,23,0,0.47970031696346904,0.5140765206420528,7,middle
7624,24,0,0.4850002463956858,0.5867767549632124,7,middle
7625,25,0,0.2811228246216011,0.5594802696652931,7,middle
7626,26,0,0.3742743445017523,0.6225198359661784,7,middle
7627,27,0,0.14362506860146956,0.5836856643954949,7,middle
7628,28,0,0.7124974896891805,0.5544871014370595,7,middle
7629,29,0,0.2894655913272448,0.5005731951486406,7,middle
7630,30,0,0.300676496627342,0.7005801389510911,7,middle
7631,31,0,0.5886671488746124,0.4074691783316384,7,middle
7632,32,0,0.7735668278304255,0.5941027080602748,7,middle
7633,33,0,0.5118564699375665,0.3781446509665255,7,middle
7634,34,0,0.5700455842403372,0.4506579917691368,7,middle
7635,35,0,0.41314718962324926,0.48292358573698213,7,middle
7636,36,0,0.26758268132309904,0.5376943865948918,7,middle
7637,37,0,0.12240894687040914,0.6905989064676457,7,middle
7638,38,0,0.7330663064710179,0.5093536640910004,7,middle
7639,39,0,0.0956735035323468,0.6753871596001542,7,middle
7640,40,0,0.508556703667979,0.520602815402992,7,middle
7641,41,0,0.3966867150329967,0.4446756864547282,7,middle
7642,42,0,0.4464486136600868,0.4770590032954964,7,middle
7643,43,0,0.48846739496837466,0.47654374931066174,7,middle
7644,44,0,0.6585548462651344,0.6482439410943199,7,middle
7645,45,0,0.4520298929091974,0.4279930103360309,7,middle
7646,46,0,0.5609355106708614,0.4638122604612356,7,middle
7647,47,0,0.6649208670583087,0.5186868538892071,7,middle
7648,48,0,0.5297722217043452,0.6406021868369032,7,middle
7649,49,0,0.6053580916649506,0.4818291452675876,7,middle
7650,50,0,0.331702990593012,0.467325532469417,7,middle
7651,51,0,0.4733651166905588,0.6432134874010487,7,middle
7652,52,0,0.46901886237153423,0.6717819731002306,7,middle
7653,53,0,0.4881648710596728,0.5158656492253786,7,middle
7654,54,0,0.2653484871402594,0.5786776322979463,7,middle
7655,55,0,0.7057237947591267,0.48302976179647295,7,middle
7656,56,0,0.7184054780368478,0.355015296742178,7,middle
7657,57,0,0.13660972543673167,0.7790968899230788,7,middle
7658,58,0,0.6055042743550396,0.4780314614770368,7,middle
7659,59,0,0.6333565861943324,0.4318472800976171,7,middle
7660,60,0,0.5679900246964167,0.4246878819120413,7,middle
7661,61,0,0.5981927974959375,0.3429010190529048,7,middle
7662,62,0,0.5977178369548617,0.45128242664216905,7,middle
7663,63,0,0.3298514702444031,0.45690902435015995,7,middle
7664,64,0,0.5088277194371879,0.4123287682081611,7,middle
7665,65,0,0.5446825929022754,0.5083192957745962,7,middle
7666,66,0,0.5683359081898791,0.5491463117971137,7,middle
7667,67,0,0.4922738838946551,0.4453348563394952,7,middle
7668,68,0,0.7034854920464519,0.4762859163279348,7,middle
7669,69,0,0.4157798391569535,0.7020993767347906,7,middle
7670,70,0,0.6195890678962135,0.5707424058312787,7,middle
7671,71,0,0.46150556901971657,0.6445757508442854,7,middle
7672,72,0,0.6119978959264452,0.5457667007764806,7,middle
7673,73,0,0.6117127871991428,0.5219567914823324,7,middle
7674,74,0,0.5365212980250116,0.40723062114846964,7,middle
7675,75,0,0.6683680464414957,0.32287619622948127,7,middle
7676,76,0,0.7262837577420935,0.3696295357302658,7,middle
7677,77,0,0.5321873890252498,0.6034169827708865,7,middle
7678,78,0,0.6840917954852013,0.40870249976292994,7,middle
7679,79,0,0.5854000497102914,0.45979790936646486,7,middle
7680,80,0,0.7964541567610717,0.34291916163834285,7,middle
7681,81,0,0.7243037925741584,0.5385082599563913,7,middle
7682,82,0,0.4825734692203915,0.48502632251537237,7,middle
7683,83,0,0.19680072285264963,0.856109814564315,7,middle
7684,84,0,0.08071003006292939,0.6026617437595625,7,middle
7685,85,0,0.5257147834811438,0.4826128600265188,7,middle
7686,86,0,0.8272207128370044,0.48314113300109246,7,middle
7687,87,0,0.4115623264984985,0.5142821217261622,7,middle
7688,88,0,0.5173205384240532,0.4787184014960891,7,middle
7689,89,0,0.3771882443947795,0.5680134312857776,7,middle
7690,90,0,0.7527115364168324,0.4552517715983785,7,middle
7691,91,0,0.8692951828406514,0.3178403240992559,7,middle
7692,92,0,0.7647205280576832,0.46301220092536644,7,middle
7693,93,0,0.0876646457428844,0.7526949733563816,7,middle
7694,94,0,0.2695410736953209,0.5666918862272712,7,middle
7695,95,0,0.2194076943422435,0.3822773866571323,7,middle
7696,96,0,0.7160810437651185,0.4994366338029252,7,middle
7697,97,0,0.8166419533847393,0.44561493870146823,7,middle
7698,98,0,0.9291645620614432,0.7010506312007079,7,middle
7699,99,0,0.03452450677475331,0.6048920307309507,7,middle
7700,100,0,0.2631563441874052,0.5394721692613956,7,middle
7701,101,0,0.43843807408029456,0.4463477362058347,7,middle
7702,102,0,0.6714230613136722,0.4160105943852104,7,middle
7703,103,0,0.14177977227977373,0.5343813063947369,7,middle
7704,104,0,0.6833779266386073,0.47615485323484263,7,middle
7705,105,0,0.8157301039899688,0.46781724778247946,7,middle
7706,106,0,0.07954982040745145,0.6958765814510361,7,middle
7707,107,0,0.8463585323479306,0.32966368083696573,7,middle
7708,108,0,0.08752229763380186,0.7294190119058482,7,middle
7709,109,0,0.6669297296403661,0.49170002937191654,7,middle
7710,110,0,0.16679363657401375,0.47966115724649344,7,middle
7711,111,0,0.40408295145087153,0.5080564507193656,7,middle
7712,112,0,0.368411433278847,0.4358660384015277,7,middle
7713,113,0,0.21402312759433642,0.5337276629344678,7,middle
7714,114,0,0.4193242897992058,0.5901378289659098,7,middle
7715,115,0,0.16672720543884043,0.5171374863204823,7,middle
7716,116,0,0.8610550093408122,0.4018942721375708,7,middle
7717,117,0,0.6843027774382796,0.4492853623465748,7,middle
7718,118,0,0.06867902808641063,0.4446806965714525,7,middle
7719,119,0,0.8644443100913424,0.4055953451023728,7,middle
7720,120,0,0.44113318800286316,0.46726579020013975,7,middle
7721,121,0,0.5585030758104839,0.6139037750899456,7,middle
7722,122,0,0.4957205557859931,0.5147378860965469,7,middle
7723,123,0,0.026218345125299462,0.6035356455915988,7,middle
7724,124,0,0.40502191586105196,0.46680668250288954,7,middle
7725,125,0,0.21298379600081824,0.35376205210571027,7,middle
7726,126,0,0.4346004594881946,0.5101321815945775,7,middle
7727,127,0,0.7655896007731373,0.5026745838250947,7,middle
7728,128,0,0.4857064878472615,0.8521959407420658,7,middle
7729,129,0,0.0991539721280731,0.6118848201697814,7,middle
7730,130,0,0.8646276295363059,0.5249329220934161,7,middle
7731,131,0,0.6534049144367113,0.46595461001597127,7,middle
7732,132,0,0.6392691195917051,0.38287027950155234,7,middle
7733,133,0,0.9193489139106594,0.3398248795580381,7,middle
7734,134,0,0.04373336394424046,0.44377805318347263,7,middle
7735,135,0,0.640796784268328,0.4257520879711289,7,middle
7736,136,0,0.7761506214977727,0.42996224510083947,7,middle
7737,137,0,0.2567560365663769,0.5384926484379462,7,middle
7738,138,0,0.2317448331405056,0.4736587892883431,7,middle
7739,139,0,0.37641189145861476,0.4399811420135731,7,middle
7740,140,0,0.3596719759844442,0.5282491758076284,7,middle
7741,141,0,0.7999951330908739,0.4596210802655068,7,middle
7742,142,0,0.4521696640343324,0.5651747877332376,7,middle
7743,143,0,0.876099248605974,0.3453051246684372,7,middle
7744,144,0,0.40691656134446114,0.535114894026588,7,middle
7745,145,0,0.2858185655824659,0.6319236886478258,7,middle
7746,146,0,0.5879636168029049,0.3068305565291688,7,middle
7747,147,0,0.3459957485562262,0.6102189343176807,7,middle
7748,148,0,0.3950740132533856,0.6358807138468919,7,middle
7749,149,0,0.3845489310215441,0.45320826713685025,7,middle
7750,150,0,0.34174854390563125,0.4983031370294497,7,middle
7751,151,0,0.9319528157429349,0.5427389867507403,7,middle
7752,152,0,0.4941065902242429,0.568942351416904,7,middle
7753,153,0,0.452454833305181,0.5645557491751009,7,middle
7754,154,0,0.7210275542075584,0.5576325438993422,7,middle
7755,155,0,0.9498224790309484,0.4858747160654791,7,middle
7756,156,0,0.4420565177712974,0.5068634558317048,7,middle
7757,157,0,0.13994838832104886,0.5562501470225429,7,middle
7758,158,0,0.6363192426384001,0.4655416662175548,7,middle
7759,159,0,0.8192964294208162,0.42613484344655417,7,middle
7760,160,0,0.24439217606926733,0.42008177041953,7,middle
7761,161,0,0.38514680049595695,0.41329290071370933,7,middle
7762,162,0,0.3983766570111641,0.3510714803975223,7,middle
7763,163,0,0.507739295980539,0.5363059646544057,7,middle
7764,164,0,0.6415486329974535,0.316925008226002,7,middle
7765,165,0,0.6398897459758044,0.6194189404399981,7,middle
7766,166,0,0.5775085067222655,0.5368730057241367,7,middle
7767,167,0,0.3743697886296586,0.5041712229011176,7,middle
7768,168,0,0.5378171308948609,0.44738779965154696,7,middle
7769,169,0,0.9374763650813578,0.5238917071744255,7,middle
7770,170,0,0.530590604188759,0.4286355304951186,7,middle
7771,171,0,0.7704440196425143,0.3478698573288246,7,middle
7772,172,0,0.15494524868219917,0.4648485803087151,7,middle
7773,173,0,0.7922408475516245,0.47345993094333005,7,middle
7774,174,0,0.018462184490462448,0.5300280674980729,7,middle
7775,175,0,0.5059498490528603,0.4627565816155835,7,middle
7776,176,0,0.5378946089097345,0.4037204529026476,7,middle
7777,177,0,0.8896351904205321,0.529593013774408,7,middle
7778,178,0,0.48749886514697177,0.5274847451211638,7,middle
7779,179,0,0.09855450426636099,0.5776965957470817,7,middle
7780,180,0,0.4875344337349429,0.3835702085324194,7,middle
7781,181,0,0.35743824591074014,0.5063806322048416,7,middle
7782,182,0,0.22105461504364715,0.5748454877086153,7,middle
7783,183,0,0.17072415017840015,0.5765886989007191,7,middle
7784,184,0,0.851860825176366,0.49067573704138673,7,middle
7785,185,0,0.6469184229387226,0.4052826078806492,7,middle
7786,186,0,0.9250955966166118,0.397774374160614,7,middle
7787,187,0,0.8956320522808465,0.289625891670108,7,middle
7788,188,0,0.585537562054326,0.3835875770216054,7,middle
7789,189,0,0.85870314535197,0.45371307822923834,7,middle
7790,190,0,0.5455413042882942,0.46516700296689684,7,middle
7791,191,0,0.11152269715074406,0.4735105134718638,7,middle
7792,192,0,0.5282644368287691,0.46182477282596957,7,middle
7793,193,0,0.5623669854795079,0.4924474861395274,7,middle
7794,194,0,0.822623687491796,0.4269201034268396,7,middle
7795,195,0,0.5410766895534228,0.5355489631318856,7,middle
7796,196,0,0.7388200714379713,0.46680450358078085,7,middle
7797,197,0,0.7875989448490714,0.4726021429336653,7,middle
7798,198,0,0.4568038021378596,0.4874083372906769,7,middle
7799,199,0,0.676361600530627,0.4674884321643766,7,middle
7800,0,0,0.5657172133011161,0.6116755737345667,7,late
7801,1,0,0.27551460183112064,0.7023577131195557,7,late
7802,2,0,0.7983694120025663,0.462671270264284,7,late
7803,3,0,0.477625019838683,0.5366341600349327,7,late
7804,4,0,0.25319929314914325,0.4957442559674815,7,late
7805,5,0,0.30506902482191695,0.5821264567808224,7,late
7806,6,0,0.3386375550927574,0.4008743546505828,7,late
7807,7,0,0.3962108837039311,0.4976076253586183,7,late
7808,8,0,0.45110090448983764,0.6163209145482205,7,late
7809,9,0,0.27086413776677204,0.4146819409128848,7,late
7810,10,0,0.4008316189698603,0.5052659263981509,7,late
7811,11,0,0.26149086196073545,0.4310637009542089,7,late
7812,12,0,0.5725929136519625,0.3143443178911087,7,late
7813,13,0,0.5765134176610278,0.3954071290303703,7,late
7814,14,0,0.5518460152967318,0.4744450885186938,7,late
7815,15,0,0.781348975638656,0.7821715580031137,7,late
7816,16,0,0.6140091921509966,0.5093965772556244,7,late
7817,17,0,0.5896593371141703,0.4885821108004932,7,late
7818,18,0,0.41371781047334527,0.5677051350357251,7,late
7819,19,0,0.45488229636691585,0.5968572585665005,7,late
7820,20,0,0.6207487596479287,0.5295252513611675,7,late
7821,21,0,0.5314777314330488,0.5302470607294566,7,late
7822,22,0,0.5453120462106168,0.5831741705603437,7,late
7823,23,0,0.12640425331608737,0.4023062873600959,7,late
7824,24,0,0.28321655604898177,0.6382476969894337,7,late
7825,25,0,0.1953195107507657,0.4866829280323377,7,late
7826,26,0,0.4772350275511154,0.5566997252052245,7,late
7827,27,0,0.41626538708381544,0.469519559021611,7,late
7828,28,0,0.909773049633329,0.3265587979699265,7,late
7829,29,0,0.42315345449207653,0.4396815253316561,7,late
7830,30,0,0.0345293026995998,0.680957980218531,7,late
7831,31,0,0.42933088727496543,0.3947368629229092,7,late
7832,32,0,0.6754831838991586,0.3706973043710531,7,late
7833,33,0,0.5785674610106456,0.4089301219659426,7,late
7834,34,0,0.3381240606556161,0.5379116891758627,7,late
7835,35,0,0.5578871449009994,0.49167438746073305,7,late
7836,36,0,0.33373919863505586,0.4032408774485232,7,late
7837,37,0,0.31921668555178884,0.5505094327776758,7,late
7838,38,0,0.6378029817351558,0.4201908312935584,7,late
7839,39,0,0.15391638079235065,0.40581273837737497,7,late
7840,40,0,0.4631590064998271,0.6309911632515135,7,late
7841,41,0,0.4681444638988616,0.4308960069817117,7,late
7842,42,0,0.906096517535621,0.30205990388104986,7,late
7843,43,0,0.6053054537755161,0.4626692702459091,7,late
7844,44,0,0.8705605932367594,0.4076748780176378,7,late
7845,45,0,0.4865527048422234,0.4331799018709673,7,late
7846,46,0,0.13407926174533674,0.6834451001444792,7,late
7847,47,0,0.6268860971184189,0.6370244890372209,7,late
7848,48,0,0.41026899052165244,0.5705922342108917,7,late
7849,49,0,0.31143665991519875,0.44886557880935724,7,late
7850,50,0,0.31317787623405763,0.7311124471680245,7,late
7851,51,0,0.46049785060346066,0.380199707887657,7,late
7852,52,0,0.7372145237390015,0.5018234665720998,7,late
7853,53,0,0.43233421601851074,0.44655868726052056,7,late
7854,54,0,0.10766216222903578,0.3874476911821982,7,late
7855,55,0,0.5343672368566565,0.4569337505224388,7,late
7856,56,0,0.2686607427720865,0.4023145135994335,7,late
7857,57,0,0.40340607421485997,0.375382431252631,7,late
7858,58,0,0.6134638574797455,0.3294781806611441,7,late
7859,59,0,0.7208541761688321,0.3370487540379361,7,late
7860,60,0,0.4500724567349913,0.5485574237673279,7,late
7861,61,0,0.28023557733124527,0.36057841385481687,7,late
7862,62,0,0.4589050663143406,0.3559741681629994,7,late
7863,63,0,0.2767010156160448,0.45225884370917746,7,late
7864,64,0,0.3146314635530975,0.45877142585263186,7,late
7865,65,0,0.6444343588650757,0.44804822701242764,7,late
7866,66,0,0.7431555809019099,0.2934121856924082,7,late
7867,67,0,0.14493824701594588,0.4972224175369814,7,late
7868,68,0,0.4635411417014101,0.593356291947136,7,late
7869,69,0,0.24442754803751426,0.4601361526132124,7,late
7870,70,0,0.7611989115392119,0.3014118702188282,7,late
7871,71,0,0.382417430780471,0.39096067077493935,7,late
7872,72,0,0.4192300085488373,0.4993590559872457,7,late
7873,73,0,0.7886521566880969,0.4359830838875472,7,late
7874,74,0,0.42729206711862167,0.3899079940279497,7,late
7875,75,0,0.7346822636825631,0.5025803247594891,7,late
7876,76,0,0.6954041141673419,0.5264862743729743,7,late
7877,77,0,0.14018161715521305,0.431171123849479,7,late
7878,78,0,0.5639690927132107,0.45790944587962124,7,late
7879,79,0,0.5213614674003102,0.39055291470106107,7,late
7880,80,0,0.69506695012891,0.45532198922834244,7,late
7881,81,0,0.7801000072035383,0.5581795351348223,7,late
7882,82,0,0.860947793587538,0.3253553403228673,7,late
7883,83,0,0.7046921291932357,0.373763571765079,7,late
7884,84,0,0.8500238249317812,0.3429963986496992,7,late
7885,85,0,0.37376081673358785,0.4662751014222951,7,late
7886,86,0,0.685851251873179,0.489559978034323,7,late
7887,87,0,0.6669982998229256,0.30985923489450584,7,late
7888,88,0,0.6401743813560365,0.41885286536598804,7,late
7889,89,0,0.825704676667568,0.24728740636272895,7,late
7890,90,0,0.9246957659803943,0.3598676666793882,7,late
7891,91,0,0.9685337696419676,0.3211556280440857,7,late
7892,92,0,0.05379317349403509,0.4954596316244175,7,late
7893,93,0,0.35711100409712226,0.4478755095517738,7,late
7894,94,0,0.8407970828731359,0.3640761132226443,7,late
7895,95,0,0.6088641615276309,0.3215231939282183,7,late
7896,96,0,0.5097443388716754,0.35657133707259436,7,late
7897,97,0,0.5039677620361823,0.49018060546024345,7,late
7898,98,0,0.36412054108586217,0.4342151165543946,7,late
7899,99,0,0.6982150757810891,0.47416352306812554,7,late
7900,100,0,0.4573933599762123,0.431273077748468,7,late
7901,101,0,0.6597302371289286,0.3551478932303276,7,late
7902,102,0,0.7543342148379437,0.3723057157229209,7,late
7903,103,0,0.6131064179273829,0.35869348496200937,7,late
7904,104,0,0.9036011146811311,0.3217187403241799,7,late
7905,105,0,0.9113126897475696,0.412078112340898,7,late
7906,106,0,0.29375267494881646,0.472628210800181,7,late
7907,107,0,0.9157742438138892,0.3247796966217887,7,late
7908,108,0,0.7987545243895119,0.3229367660740111,7,late
7909,109,0,0.21121499386423748,0.3817913277099997,7,late
7910,110,0,0.9696744319175881,0.33204085513165926,7,late
7911,111,0,0.8061309999068749,0.3452043589419667,7,late
7912,112,0,0.6351582994696546,0.3451235088582604,7,late
7913,113,0,0.7025749748224166,0.26230920088521137,7,late
7914,114,0,0.9358166197069508,0.5361177491441302,7,late
7915,115,0,0.8088625445511584,0.4209092019871258,7,late
7916,116,0,0.7845861371355247,0.3499226493515105,7,late
7917,117,0,0.7284306840183482,0.38457172431947384,7,late
7918,118,0,0.6703238855593036,0.34439452231118706,7,late
7919,119,0,0.8461152871445868,0.3862145560024324,7,late
7920,120,0,0.12479317135291207,0.32633442454510886,7,late
7921,121,0,0.7951007051178242,0.3721037352282694,7,late
7922,122,0,0.5981646718507166,0.332984857277384,7,late
7923,123,0,0.49996399777959166,0.4093958479209514,7,late
7924,124,0,0.4191490160395338,0.47426552445410036,7,late
7925,125,0,0.04043115512739152,0.4425601677783316,7,late
7926,126,0,0.21891849137759267,0.378693405061461,7,late
7927,127,0,0.6435406785295348,0.4475783661910915,7,late
7928,128,0,0.805200320572774,0.4178350644881035,7,late
7929,129,0,0.48091886055188054,0.39457079662127714,7,late
7930,130,0,0.18329133887610144,0.34461102305579416,7,late
7931,131,0,0.5874865266729989,0.3780424658581285,7,late
7932,132,0,0.856558561522811,0.6306523575256349,7,late
7933,133,0,0.8440269573793535,0.33533024614962803,7,late
7934,134,0,0.8377941930936595,0.452147471088076,7,late
7935,135,0,0.2619392309366147,0.3186375986330845,7,late
7936,136,0,0.1343963710136844,0.35409423306967114,7,late
7937,137,0,0.822266689981278,0.5306420881282186,7,late
7938,138,0,0.1370854165636707,0.3236973771603274,7,late
7939,139,0,0.8921318435944483,0.3919130588258437,7,late
7940,140,0,0.18662601658203537,0.4755227866792521,7,late
7941,141,0,0.8562336631328429,0.35297231272350144,7,late
7942,142,0,0.7330407315327674,0.3718789149235014,7,late
7943,143,0,0.24340201852657176,0.3710038479166591,7,late
7944,144,0,0.475328295693917,0.4545748937805892,7,late
7945,145,0,0.8209913474320496,0.32662326281528065,7,late
7946,146,0,0.4876556391352085,0.37443876749141947,7,late
7947,147,0,0.5408911643982189,0.352443079487306,7,late
7948,148,0,0.1676884082093611,0.5774338611390262,7,late
7949,149,0,0.6042835064653701,0.34976825506183173,7,late
7950,150,0,0.06062508175964617,0.49735639664442177,7,late
7951,151,0,0.8757585752895531,0.3960466533335771,7,late
7952,152,0,0.25333239586908607,0.3683265561704442,7,late
7953,153,0,0.5803330190425929,0.3257378362545672,7,late
7954,154,0,0.5879614461061865,0.3034027649932762,7,late
7955,155,0,0.35314058221076006,0.33237641622434,7,late
7956,156,0,0.45238041493209663,0.4225169577996759,7,late
7957,157,0,0.4131884905984491,0.2774425705269606,7,late
7958,158,0,0.1911048984858238,0.5808662042198525,7,late
7959,159,0,0.43281576744899686,0.3504461854525205,7,late
7960,160,0,0.23074659697978445,0.40601964795973605,7,late
7961,161,0,0.49503370518933903,0.32572387041871254,7,late
7962,162,0,0.6869930846381256,0.4417623820956977,7,late
7963,163,0,0.45779529496148563,0.3221001026334501,7,late
7964,164,0,0.38557996487548674,0.4000044686702871,7,late
7965,165,0,0.439478952191712,0.26688280022901467,7,late
7966,166,0,0.5139728330769631,0.2676875570017348,7,late
7967,167,0,0.7337454453177421,0.30645999217647024,7,late
7968,168,0,0.5597419052759978,0.2890978687086854,7,late
7969,169,0,0.7143095335157307,0.33631091042229966,7,late
7970,170,0,0.6269280150791623,0.3352756883914306,7,late
7971,171,0,0.7351268932980146,0.5504030792827466,7,late
7972,172,0,0.48829914835967075,0.2790087302721557,7,late
7973,173,0,0.5634366818130423,0.505793580559686,7,late
7974,174,0,0.33856678084031533,0.44746841831694034,7,late
7975,175,0,0.7243728073366016,0.3934182554523715,7,late
7976,176,0,0.6936766912710775,0.4128276951000302,7,late
7977,177,0,0.8435338576558244,0.42372189866325716,7,late
7978,178,0,0.4876259389427919,0.4375160465384285,7,late
7979,179,0,0.7243566119731315,0.3371481290011909,7,late
7980,180,0,0.5522263223289644,0.4434955553968057,7,late
7981,181,0,0.681512972865087,0.3042094961935231,7,late
7982,182,0,0.6029732956721368,0.34868364719844475,7,late
7983,183,0,0.037406223882335256,0.4343494196178447,7,late
7984,184,0,0.577924482935069,0.42119024232386326,7,late
7985,185,0,0.6525919636440293,0.31713844702511135,7,late
7986,186,0,0.5874050776211054,0.3261230846587163,7,late
7987,187,0,0.07324277203944111,0.4527963611386285,7,late
7988,188,0,0.5783756389061095,0.3514350563266635,7,late
7989,189,0,0.7031953450684488,0.3923878549178122,7,late
7990,190,0,0.7578569347449695,0.2928916698562536,7,late
7991,191,0,0.53053698715871,0.4030031660319958,7,late
7992,192,0,0.8449585870437586,0.3989608255294502,7,late
7993,193,0,0.940248996593857,0.44401731004586403,7,late
7994,194,0,0.49405603513687235,0.33927475105868404,7,late
7995,195,0,0.3310830214636018,0.2906392967002953,7,late
7996,196,0,0.5472813450388234,0.4223558829952002,7,late
7997,197,0,0.29727990349606304,0.37633805103347984,7,late
7998,198,0,0.6684063475859789,0.3521631296243182,7,late
7999,199,0,0.5074390329979744,0.367969915353455,7,late
8000,0,0,0.47266762585893035,0.3610871202715546,8,interleaved
8001,1,0,0.7434035822558196,0.6763858289611089,8,interleaved
8002,2,0,0.40240831908296965,0.4394229332011542,8,interleaved
8003,3,0,0.8089529942496374,0.633648948218904,8,interleaved
8004,4,0,0.5706994773060299,0.5113542065040784,8,interleaved
8005,5,0,0.8311655402842074,0.39678048264021337,8,interleaved
8006,6,0,0.6426359833880082,0.46422090420466877,8,interleaved
8007,7,0,0.46834848646564964,0.5282667935559754,8,interleaved
8008,8,0,0.48878991815888284,0.49288536258366267,8,interleaved
8009,9,0,0.6705412853404344,0.7209226500242201,8,interleaved
8010,10,0,0.4716084947830802,0.5653974144997143,8,interleaved
8011,11,0,0.7316018752453575,0.46129540623911425,8,interleaved
8012,12,0,0.2090998529764774,0.43700435197587884,8,interleaved
8013,13,0,0.19638710649242538,0.5073174879797607,8,interleaved
8014,14,0,0.32017757883063025,0.5836661417833968,8,interleaved
8015,15,0,0.8638019718819343,0.3610028835842538,8,interleaved
8016,16,0,0.5130644847504418,0.2727060814633703,8,interleaved
8017,17,0,0.1617961726287813,0.431703209857061,8,interleaved
8018,18,0,0.44130103957387623,0.32375905060220733,8,interleaved
8019,19,0,0.7169812404697076,0.6595267367964985,8,interleaved
8020,20,0,0.45853873765461023,0.46734958921191083,8,interleaved
8021,21,0,0.91269889557052,0.44133806208175286,8,interleaved
8022,22,0,0.5394378106543041,0.28781185984920615,8,interleaved
8023,23,0,0.4822219802595019,0.2921542360288203,8,interleaved
8024,24,0,0.9623955929896464,0.4457440837030813,8,interleaved
8025,25,0,0.42443314511177627,0.4623911273824337,8,interleaved
8026,26,0,0.45441403989258566,0.4407456286962782,8,interleaved
8027,27,0,0.566147176480704,0.43665631697915686,8,interleaved
8028,28,0,0.30041149730518113,0.4767235921108445,8,interleaved
8029,29,0,0.41427155982380304,0.3923634906524016,8,interleaved
8030,30,0,0.45819940747152915,0.5049253180753365,8,interleaved
8031,31,0,0.09796384406759918,0.5182828816312195,8,interleaved
8032,32,0,0.7364665269864055,0.35030075786044684,8,interleaved
8033,33,0,0.5481789407225611,0.2985044177969258,8,interleaved
8034,34,0,0.4244924859241658,0.390193855853153,8,interleaved
8035,35,0,0.6411637463944937,0.3792866712219103,8,interleaved
8036,36,0,0.645444057231023,0.4324063103006631,8,interleaved
8037,37,0,0.4878154818319296,0.40556589970883994,8,interleaved
8038,38,0,0.3636246039455063,0.3424433257963103,8,interleaved
8039,39,0,0.6175073451768895,0.5716619363289119,8,interleaved
8040,40,0,0.5903043129633591,0.3166015105999561,8,interleaved
8041,41,0,0.5715427579782539,0.34844063564576144,8,interleaved
8042,42,0,0.418126819677588,0.439607567394596,8,interleaved
8043,43,0,0.7442778839055785,0.31180715671723036,8,interleaved
8044,44,0,0.4509231052040214,0.5171815750626351,8,interleaved
8045,45,0,0.6870138070622817,0.36289675750085404,8,interleaved
8046,46,0,0.7376075747741423,0.5932952120749824,8,interleaved
8047,47,0,0.9788605760374309,0.5442202634766002,8,interleaved
8048,48,0,0.626488554691273,0.3408951652921075,8,interleaved
8049,49,0,0.6288164777181913,0.4348565326933516,8,interleaved
8050,50,0,0.8349883736965731,0.34098963043026115,8,interleaved
8051,51,0,0.5442639096304271,0.29954694202616927,8,interleaved
8052,52,0,0.7160803207090386,0.39156544851826813,8,interleaved
8053,53,0,0.7842569256727587,0.5502092720348484,8,interleaved
8054,54,0,0.5077644854193575,0.4303494090717795,8,interleaved
8055,55,0,0.6833889079400177,0.44177927459895827,8,interleaved
8056,56,0,0.6121519282707988,0.42252995420456785,8,interleaved
8057,57,0,0.4941660705089209,0.4287089419319875,8,interleaved
8058,58,0,0.49891598053753294,0.4202998993272057,8,interleaved
8059,59,0,0.30385456890793255,0.4222759359253174,8,interleaved
8060,60,0,0.9094954264565329,0.45404499673731513,8,interleaved
8061,61,0,0.4101027561789528,0.5681232404701348,8,interleaved
8062,62,0,0.6422826951013041,0.5009333952412542,8,interleaved
8063,63,0,0.5528671110689334,0.46755189031545785,8,interleaved
8064,64,0,0.7002353129398798,0.39005782217157947,8,interleaved
8065,65,0,0.4960215999393305,0.5257520185259006,8,interleaved
8066,66,0,0.5440325765663753,0.33887303189463314,8,interleaved
8067,67,0,0.754952211851246,0.32493225774084,8,interleaved
8068,68,0,0.42299084366337647,0.34261942384452804,8,interleaved
8069,69,0,0.4508060593043869,0.37330599309369705,8,interleaved
8070,70,0,0.7206823120501294,0.5114410258550862,8,interleaved
8071,71,0,0.680242400343094,0.4835641118813314,8,interleaved
8072,72,0,0.24784128370586,0.299338056027441,8,interleaved
8073,73,0,0.42018432858856214,0.47461846840428823,8,interleaved
8074,74,0,0.397722382737731,0.3336326188575201,8,interleaved
8075,75,0,0.31918270739926113,0.4381378677822845,8,interleaved
8076,76,0,0.7060345562306171,0.23053077113732898,8,interleaved
8077,77,0,0.7074125450546463,0.42830640458721503,8,interleaved
8078,78,0,0.7629550937518392,0.2936541193150849,8,interleaved
8079,79,0,0.8093559426871825,0.3241544160064143,8,interleaved
8080,80,0,0.7172016885745633,0.4545752562538214,8,interleaved
8081,81,0,0.4295044135624653,0.5347097694621403,8,interleaved
8082,82,0,0.5123098872886167,0.3760994424874219,8,interleaved
8083,83,0,0.5969942289765524,0.38244086941148253,8,interleaved
8084,84,0,0.4450328253545545,0.36097125478510095,8,interleaved
8085,85,0,0.40371966183710783,0.3654962781017974,8,interleaved
8086,86,0,0.9122105173592231,0.4250830215405428,8,interleaved
8087,87,0,0.4745825482473641,0.5321709538205168,8,interleaved
8088,88,0,0.5493929578109731,0.2941677521303313,8,interleaved
8089,89,0,0.7361203271129462,0.22573499669705707,8,interleaved
8090,90,0,0.8205577626679229,0.48326182701885856,8,interleaved
8091,91,0,0.6778721826542654,0.3158264360178018,8,interleaved
8092,92,0,0.24103438403207078,0.3753267946694647,8,interleaved
8093,93,0,0.680185820778542,0.4217204320235347,8,interleaved
8094,94,0,0.6239440497331192,0.2428916077260462,8,interleaved
8095,95,0,0.3624149407675987,0.3169201203410493,8,interleaved
8096,96,0,0.9318451343103055,0.40267820979409413,8,interleaved
8097,97,0,0.281069826760532,0.29241418517231044,8,interleaved
8098,98,0,0.33214840698809683,0.2786446278493402,8,interleaved
8099,99,0,0.8926880162659895,0.20492745877083038,8,interleaved
8100,100,0,0.8157607475368193,0.2759037799249834,8,interleaved
8101,101,0,0.13678653824095116,0.2465006074415214,8,interleaved
8102,102,0,0.46338375600943077,0.5043122604092252,8,interleaved
8103,103,0,0.5738465570358658,0.4919341218299627,8,interleaved
8104,104,0,0.7784766715824236,0.46836360012403533,8,interleaved
8105,105,0,0.4822572485346836,0.39469667578853695,8,interleaved
8106,106,0,0.1718566487100691,0.38820628866530216,8,interleaved
8107,107,0,0.3415432764498051,0.3651542419327007,8,interleaved
8108,108,0,0.36936074002518526,0.31483352436999057,8,interleaved
8109,109,0,0.547755376544915,0.33394889043158493,8,interleaved
8110,110,0,0.5503744538283928,0.3500874393634927,8,interleaved
8111,111,0,0.5987789829362333,0.3872892260186015,8,interleaved
8112,112,0,0.5396118020567577,0.24585629859312985,8,interleaved
8113,113,0,0.19822796634553774,0.270181166630061,8,interleaved
8114,114,0,0.5358999128038695,0.4164814495023109,8,interleaved
8115,115,0,0.6200716805354569,0.2667722946186242,8,interleaved
8116,116,0,0.5550463073294367,0.2916657163467631,8,interleaved
8117,117,0,0.9271637913533359,0.24597796875095312,8,interleaved
8118,118,0,0.40150117997107665,0.3668656638677444,8,interleaved
8119,119,0,0.5199216803308548,0.3021455577183244,8,interleaved
8120,120,0,0.2506618130887027,0.2821195392920247,8,interleaved
8121,121,0,0.5831542893705596,0.29545254747566774,8,interleaved
8122,122,0,0.47187758463368673,0.30882391987776026,8,interleaved
8123,123,0,0.3958674326881251,0.2670879687954078,8,interleaved
8124,124,0,0.7008200627943946,0.40842956333315616,8,interleaved
8125,125,0,0.6099255166203794,0.40550530669278906,8,interleaved
8126,126,0,0.21911969541982348,0.34213701799843754,8,interleaved
8127,127,0,0.6638954736826819,0.47658551464126664,8,interleaved
8128,128,0,0.9018448887480497,0.3092527550609276,8,interleaved
8129,129,0,0.5362144532810649,0.4271294117921597,8,interleaved
8130,130,0,0.49082369910662943,0.3379087805796548,8,interleaved
8131,131,0,0.8770323946304561,0.3057991017653676,8,interleaved
8132,132,0,0.6810141146170066,0.3674291304862049,8,interleaved
8133,133,0,0.9321584136102457,0.319864461115697,8,interleaved
8134,134,0,0.8352942778948749,0.5313575376796859,8,interleaved
8135,135,0,0.42913959692557313,0.46197733199602753,8,interleaved
8136,136,0,0.503358484023678,0.31751163325123294,8,interleaved
8137,137,0,0.8112778262823302,0.24146755833557074,8,interleaved
8138,138,0,0.4154657069580218,0.22851226936765529,8,interleaved
8139,139,0,0.6484974294776764,0.3711404327723159,8,interleaved
8140,140,0,0.8217786965613973,0.30972792533016136,8,interleaved
8141,141,0,0.8946037400057543,0.3795945416903435,8,interleaved
8142,142,0,0.4906308683840622,0.24269864438610333,8,interleaved
8143,143,0,0.311215629930013,0.3497711164033446,8,interleaved
8144,144,0,0.3723799773844183,0.21106046878025964,8,interleaved
8145,145,0,0.20160474415085275,0.2158871469257872,8,interleaved
8146,146,0,0.7116853777611236,0.3211717560182503,8,interleaved
8147,147,0,0.6837900888512238,0.2847592959078868,8,interleaved
8148,148,0,0.44551926287387844,0.26223408993279174,8,interleaved
8149,149,0,0.8686582740919208,0.21923434828582455,8,interleaved
8150,150,0,0.594550921608066,0.20530693911592446,8,interleaved
8151,151,0,0.22440923801285118,0.35584314442495923,8,interleaved
8152,152,0,0.4984494391778087,0.24699014546074788,8,interleaved
8153,153,0,0.518779462700137,0.30457264919259974,8,interleaved
8154,154,0,0.8716031579827378,0.36439738586013937,8,interleaved
8155,155,0,0.5331213839203975,0.32758049368304176,8,interleaved
8156,156,0,0.3663364140118804,0.3625659395625256,8,interleaved
8157,157,0,0.8664768295890242,0.2547945012889158,8,interleaved
8158,158,0,0.3048189287144997,0.300271468813438,8,interleaved
8159,159,0,0.827971944503522,0.388889305433626,8,interleaved
8160,160,0,0.39812882225674495,0.43253805543411855,8,interleaved
8161,161,0,0.15853891238851628,0.37979975466599597,8,interleaved
8162,162,0,0.18368341391418855,0.28362469413046143,8,interleaved
8163,163,0,0.181255795628422,0.33128351570999093,8,interleaved
8164,164,0,0.5316880618316658,0.2890820053033785,8,interleaved
8165,165,0,0.3940015531456835,0.2942711627318598,8,interleaved
8166,166,0,0.28122758235250855,0.3518079610525735,8,interleaved
8167,167,0,0.8309025678277709,0.3155545634703476,8,interleaved
8168,168,0,0.8833068854272041,0.28020199881125496,8,interleaved
8169,169,0,0.4100086732754699,0.3532902738009086,8,interleaved
8170,170,0,0.5364580190759809,0.38907398938877624,8,interleaved
8171,171,0,0.6556964534301107,0.2614075660130948,8,interleaved
8172,172,0,0.42939929298986196,0.19444693545763048,8,interleaved
8173,173,0,0.5497553914736776,0.25608745505853886,8,interleaved
8174,174,0,0.9470212757682812,0.3475571422098742,8,interleaved
8175,175,0,0.8665079887150315,0.2070233982530058,8,interleaved
8176,176,0,0.8817777813698214,0.21413354881530589,8,interleaved
8177,177,0,0.37127076553670835,0.5255172984257759,8,interleaved
8178,178,0,0.42339146959754337,0.18432613168292022,8,interleaved
8179,179,0,0.3705612957689011,0.34289672301539376,8,interleaved
8180,180,0,0.3239068382707997,0.2902999220953303,8,interleaved
8181,181,0,0.4870268994186038,0.3214833113793139,8,interleaved
8182,182,0,0.45478437296701035,0.3983074008997477,8,interleaved
8183,183,0,0.5380505354269872,0.2755772614925409,8,interleaved
8184,184,0,0.6607028866037101,0.2882834969981768,8,interleaved
8185,185,0,0.8472989989667248,0.43257303640112654,8,interleaved
8186,186,0,0.864587547802044,0.341442640420019,8,interleaved
8187,187,0,0.6924120133747673,0.41903391565831966,8,interleaved
8188,188,0,0.9255505504691611,0.20333469036750182,8,interleaved
8189,189,0,0.40052427240570565,0.36810341451301487,8,interleaved
8190,190,0,0.6839548168368514,0.3428121715913837,8,interleaved
8191,191,0,0.5447178811949025,0.34329462652294707,8,interleaved
8192,192,0,0.975804888144664,0.1467788959482527,8,interleaved
8193,193,0,0.9320736510520122,0.24482436756734177,8,interleaved
8194,194,0,0.9524400689643863,0.30604298690790466,8,interleaved
8195,195,0,0.6421071098609352,0.20725573134963593,8,interleaved
8196,196,0,0.7524560057461256,0.2243875548873317,8,interleaved
8197,197,0,0.8860474765980422,0.21996035723860774,8,interleaved
8198,198,0,0.8350831928516511,0.19838136544958204,8,interleaved
8199,199,0,0.9117386591001604,0.17683425917227372,8,interleaved
8200,0,0,0.5370622353290895,0.5320402123997808,8,blocked
8201,1,0,0.17719628130022302,0.5635062566452089,8,blocked
8202,2,0,0.2988041879664065,0.7425482918221714,8,blocked
8203,3,0,0.4564309054260077,0.4911188210011051,8,blocked
8204,4,0,0.7155017179240196,0.6495521951597847,8,blocked
8205,5,0,0.6641206664178818,0.5754378858169739,8,blocked
8206,6,0,0.1882575060023581,0.4890647091227175,8,blocked
8207,7,0,0.49801405869098003,0.6018993813717788,8,blocked
8208,8,0,0.6537496900812689,0.4012345824173965,8,blocked
8209,9,0,0.3165057502979616,0.4811101330587013,8,blocked
8210,10,0,0.6708596983712047,0.5090323781519652,8,blocked
8211,11,0,0.5886321902966419,0.5093456577631905,8,blocked
8212,12,0,0.7540858610719394,0.524147551546907,8,blocked
8213,13,0,0.7607768919320324,0.47925571146629864,8,blocked
8214,14,0,0.835653988705136,0.4541654161498856,8,blocked
8215,15,0,0.1249949467589781,0.6990670903864384,8,blocked
8216,16,0,0.30777278902736915,0.7757546103014683,8,blocked
8217,17,0,0.7623408359062752,0.5816498592178219,8,blocked
8218,18,0,0.3426049256806696,0.457588126815644,8,blocked
8219,19,0,0.7249967554816461,0.5532508702947586,8,blocked
8220,20,0,0.768909498233993,0.3497534547597651,8,blocked
8221,21,0,0.7710252248177496,0.5628630859196545,8,blocked
8222,22,0,0.18773253046901028,0.5946743690672772,8,blocked
8223,23,0,0.6815817750409464,0.5164321387674304,8,blocked
8224,24,0,0.8894130683324637,0.4673316280708465,8,blocked
8225,25,0,0.3053069813047399,0.7143070690853417,8,blocked
8226,26,0,0.6401935588855706,0.47862890176486617,8,blocked
8227,27,0,0.33563362010471814,0.4195745034785077,8,blocked
8228,28,0,0.3201527616658173,0.533571114465269,8,blocked
8229,29,0,0.3812445542703403,0.628930418226602,8,blocked
8230,30,0,0.6281758047693865,0.634673886244393,8,blocked
8231,31,0,0.5036855772196974,0.49761602518989545,8,blocked
8232,32,0,0.6676653485587167,0.5824425707748797,8,blocked
8233,33,0,0.44594362299190893,0.4966879185453493,8,blocked
8234,34,0,0.4789809411695618,0.5330784079028221,8,blocked
8235,35,0,0.6931071831706362,0.5505494123174102,8,blocked
8236,36,0,0.6067944764349954,0.37485053747313696,8,blocked
8237,37,0,0.6553989926977941,0.35483749497457506,8,blocked
8238,38,0,0.4617583289431696,0.4782597896646425,8,blocked
8239,39,0,0.6269493690549601,0.3647838000703344,8,blocked
8240,40,0,0.25408113749361794,0.5753817489247441,8,blocked
8241,41,0,0.4217101455166653,0.4449312729180989,8,blocked
8242,42,0,0.46873914254809285,0.5174910239289202,8,blocked
8243,43,0,0.3485238079834,0.545139811232484,8,blocked
8244,44,0,0.7519720951363482,0.7612205467216904,8,blocked
8245,45,0,0.11264069343354582,0.6729672428997229,8,blocked
8246,46,0,0.36778203106686574,0.393880664340314,8,blocked
8247,47,0,0.33391616451628603,0.5258579430515236,8,blocked
8248,48,0,0.40174794174453465,0.3866156935164542,8,blocked
8249,49,0,0.2819248085308768,0.6881049219851539,8,blocked
8250,50,0,0.23403050490838323,0.6784567143398472,8,blocked
8251,51,0,0.5267870631313255,0.4792879632774697,8,blocked
8252,52,0,0.25525313116127246,0.327712969750516,8,blocked
8253,53,0,0.3209154963169236,0.5674751854817294,8,blocked
8254,54,0,0.5449944218529441,0.6066105901908895,8,blocked
8255,55,0,0.5393634947052997,0.7703079639222286,8,blocked
8256,56,0,0.7849182045462052,0.4389254823518759,8,blocked
8257,57,0,0.5671402216926253,0.41460657115538646,8,blocked
8258,58,0,0.27308175769996357,0.46035063221208405,8,blocked
8259,59,0,0.4050732349609464,0.4639491211683465,8,blocked
8260,60,0,0.47194960468709435,0.4727251659952976,8,blocked
8261,61,0,0.6335378736435429,0.29440419460606937,8,blocked
8262,62,0,0.29930358424526465,0.6755114943457826,8,blocked
8263,63,0,0.5336577376561485,0.6593621847536573,8,blocked
8264,64,0,0.39590542304940113,0.5335091631385378,8,blocked
8265,65,0,0.5249004984479186,0.5774025440466181,8,blocked
8266,66,0,0.5439587321487656,0.42636185475148025,8,blocked
8267,67,0,0.7986375773998333,0.437838908386995,8,blocked
8268,68,0,0.7656859433768164,0.42164227600127624,8,blocked
8269,69,0,0.48099596568408953,0.6527232840951576,8,blocked
8270,70,0,0.5159484148125485,0.4513400648492031,8,blocked
8271,71,0,0.7094469027863846,0.4813837954132969,8,blocked
8272,72,0,0.5150447802289138,0.4443257801259282,8,blocked
8273,73,0,0.487454507213549,0.475065601007544,8,blocked
8274,74,0,0.5816038291255001,0.7494443254769908,8,blocked
8275,75,0,0.4165045343843437,0.6076836693506489,8,blocked
8276,76,0,0.970191797881736,0.7803321191647206,8,blocked
8277,77,0,0.6858654903192273,0.43737321686488617,8,blocked
8278,78,0,0.9561581465498654,0.5054297776360934,8,blocked
8279,79,0,0.5440593563828375,0.5427599953589641,8,blocked
8280,80,0,0.46723344782131626,0.4630759309418842,8,blocked
8281,81,0,0.7726023567405637,0.41586700328827453,8,blocked
8282,82,0,0.18267591527768343,0.62232318779826,8,blocked
8283,83,0,0.5772836345157838,0.45262366243543384,8,blocked
8284,84,0,0.28450963267037943,0.4701707976695071,8,blocked
8285,85,0,0.5021536826448229,0.36348637188335997,8,blocked
8286,86,0,0.8788887471133809,0.40386731402859805,8,blocked
8287,87,0,0.325479931376458,0.6983452180380376,8,blocked
8288,88,0,0.6907509172617836,0.5103922485995738,8,blocked
8289,89,0,0.5521474482698574,0.4638139491493369,8,blocked
8290,90,0,0.5479235915870886,0.4770333234058826,8,blocked
8291,91,0,0.06873495184582676,0.5545131448871197,8,blocked
8292,92,0,0.47863826909599416,0.33168354350536533,8,blocked
8293,93,0,0.7958156683108966,0.3455290479625104,8,blocked
8294,94,0,0.8366802236482727,0.3020827245592752,8,blocked
8295,95,0,0.8718678781733398,0.2885087990262063,8,blocked
8296,96,0,0.8809006149988825,0.3457962656778817,8,blocked
8297,97,0,0.39936788724620725,0.6489047571163987,8,blocked
8298,98,0,0.8392816250078656,0.3688011798195646,8,blocked
8299,99,0,0.19475374104084403,0.359101278748435,8,blocked
8300,100,0,0.8017531913857385,0.3316097106819612,8,blocked
8301,101,0,0.771392035775351,0.31122258704815287,8,blocked
8302,102,0,0.4703795355108495,0.4035789739705213,8,blocked
8303,103,0,0.333454302657203,0.3804727976935938,8,blocked
8304,104,0,0.2975002839355318,0.4657664943360582,8,blocked
8305,105,0,0.5495534542123642,0.49053515926845404,8,blocked
8306,106,0,0.780752873409103,0.3554186256505183,8,blocked
8307,107,0,0.24044800781244158,0.582404700981165,8,blocked
8308,108,0,0.7489887700960209,0.37015722678278606,8,blocked
8309,109,0,0.8177920046381659,0.37953558060621606,8,blocked
8310,110,0,0.15039614004237742,0.5151967867427404,8,blocked
8311,111,0,0.6738769968585496,0.39207945007737743,8,blocked
8312,112,0,0.5191751299276102,0.40789466373579997,8,blocked
8313,113,0,0.5168614348224331,0.4246472526049133,8,blocked
8314,114,0,0.33339826906475806,0.44589120848513,8,blocked
8315,115,0,0.19071979250012608,0.5361006905046136,8,blocked
8316,116,0,0.5250608667454193,0.52332799866609,8,blocked
8317,117,0,0.5892434477676844,0.3507816685375821,8,blocked
8318,118,0,0.40836918972205516,0.4644145542051779,8,blocked
8319,119,0,0.5464367966122178,0.5216988409771273,8,blocked
8320,120,0,0.23160330676594226,0.6615645782821722,8,blocked
8321,121,0,0.3268206714371654,0.48705601126969245,8,blocked
8322,122,0,0.6875649186509774,0.605518719426575,8,blocked
8323,123,0,0.4824418324255201,0.5630116156013258,8,blocked
8324,124,0,0.8529570629396386,0.30198112547802963,8,blocked
8325,125,0,0.7835117806045597,0.31036558979454004,8,blocked
8326,126,0,0.09068574519761136,0.6114367600673695,8,blocked
8327,127,0,0.36713057502178914,0.4655081032131887,8,blocked
8328,128,0,0.5299821674673203,0.4339886761000906,8,blocked
8329,129,0,0.41896467801587,0.45386242530488496,8,blocked
8330,130,0,0.5573806618016737,0.5465408431301482,8,blocked
8331,131,0,0.10078400627861543,0.5755299536923173,8,blocked
8332,132,0,0.20873355232509638,0.4145986895453063,8,blocked
8333,133,0,0.5251794976328886,0.42445642975303355,8,blocked
8334,134,0,0.8533684246576527,0.5143504728040877,8,blocked
8335,135,0,0.5139015089121348,0.4583745019990455,8,blocked
8336,136,0,0.9495660916508528,0.37095372536530435,8,blocked
8337,137,0,0.7272333207833974,0.3551143660975145,8,blocked
8338,138,0,0.46911818489281154,0.5545318469830446,8,blocked
8339,139,0,0.5322396418050851,0.5695087542429275,8,blocked
8340,140,0,0.5875132094014839,0.4679111166281745,8,blocked
8341,141,0,0.8043800126480363,0.39964132311908884,8,blocked
8342,142,0,0.37722657684357064,0.688546521610873,8,blocked
8343,143,0,0.8474779972994987,0.32683422980179705,8,blocked
8344,144,0,0.48201307704862123,0.3336513937975371,8,blocked
8345,145,0,0.3204865071474735,0.36836306179237566,8,blocked
8346,146,0,0.2811572217196528,0.45723000165185257,8,blocked
8347,147,0,0.42361112127672473,0.34481295912785015,8,blocked
8348,148,0,0.8071060094422267,0.39699811472287116,8,blocked
8349,149,0,0.6320614117094635,0.33697484873384353,8,blocked
8350,150,0,0.6033856931174497,0.5628342599464066,8,blocked
8351,151,0,0.7741573917038196,0.3571504588603132,8,blocked
8352,152,0,0.6569199592364816,0.3953025372218223,8,blocked
8353,153,0,0.594815887998543,0.3675004277184917,8,blocked
8354,154,0,0.10687169678680586,0.4705078223500476,8,blocked
8355,155,0,0.6617882039411267,0.48423887184414105,8,blocked
8356,156,0,0.334512248324955,0.5271724811203666,8,blocked
8357,157,0,0.713845721447028,0.3697157518261642,8,blocked
8358,158,0,0.6377189798045307,0.4950655310727592,8,blocked
8359,159,0,0.7551063705312675,0.730789957689612,8,blocked
8360,160,0,0.10392022052093039,0.6509339333105977,8,blocked
8361,161,0,0.7409852921097455,0.38311505656408246,8,blocked
8362,162,0,0.5838068871626351,0.2867331942710333,8,blocked
8363,163,0,0.8682703716345187,0.3941581716721255,8,blocked
8364,164,0,0.27807251321655957,0.45902917936846555,8,blocked
8365,165,0,0.6080810416729261,0.31676769539958805,8,blocked
8366,166,0,0.12838155462714596,0.4127629844744528,8,blocked
8367,167,0,0.7995713751266368,0.3023450833614558,8,blocked
8368,168,0,0.3136573793594194,0.45734532745684087,8,blocked
8369,169,0,0.7195325209456709,0.5198870251821295,8,blocked
8370,170,0,0.5538347328299416,0.43845563119309483,8,blocked
8371,171,0,0.6476195039523236,0.7286530979355997,8,blocked
8372,172,0,0.9932061022948692,0.29689216596831447,8,blocked
8373,173,0,0.9038904143990115,0.4942968926851934,8,blocked
8374,174,0,0.6126756496759216,0.3757871405071965,8,blocked
8375,175,0,0.1312556245327463,0.6333048636618421,8,blocked
8376,176,0,0.898354989530985,0.3493947631534624,8,blocked
8377,177,0,0.8221162174759804,0.33151975510450993,8,blocked
8378,178,0,0.7241639883602871,0.5219949717408414,8,blocked
8379,179,0,0.5916618711125446,0.5445884976682844,8,blocked
8380,180,0,0.5309239392058326,0.40579264067513143,8,blocked
8381,181,0,0.2384676213026695,0.5570845264080031,8,blocked
8382,182,0,0.9033062254075932,0.35418919184512343,8,blocked
8383,183,0,0.4889172744355729,0.4143482625283128,8,blocked
8384,184,0,0.31088207263525947,0.42397758610957526,8,blocked
8385,185,0,0.4174427795262183,0.396799934402993,8,blocked
8386,186,0,0.6991062445686147,0.39723262449725805,8,blocked
8387,187,0,0.7265789778636658,0.2730203466160174,8,blocked
8388,188,0,0.7034911222404548,0.37148169317308777,8,blocked
8389,189,0,0.16621584348378193,0.4513212258288841,8,blocked
8390,190,0,0.35950378493441854,0.3575702633622807,8,blocked
8391,191,0,0.2554072249182483,0.5047619882882282,8,blocked
8392,192,0,0.4540260973489668,0.38873129638628784,8,blocked
8393,193,0,0.5299361221825521,0.4306360743397579,8,blocked
8394,194,0,0.28445584687267034,0.45645345335900234,8,blocked
8395,195,0,0.7219454743458875,0.42770253321328144,8,blocked
8396,196,0,0.7161150924608046,0.3701822910425359,8,blocked
8397,197,0,0.03444449522386704,0.5347809456965278,8,blocked
8398,198,0,0.10130642847955866,0.6365871639540244,8,blocked
8399,199,0,0.2296565377410455,0.4668443390035502,8,blocked
8400,0,0,0.6064901257561841,0.7643102879160999,8,early
8401,1,0,0.30172875769502155,0.5654897468460353,8,early
8402,2,0,0.3143432177517303,0.5186471810644498,8,early
8403,3,0,0.19471857037436807,0.5365334370164947,8,early
8404,4,0,0.5613570094050844,0.5127194996554817,8,early
8405,5,0,0.44061614834715024,0.4003101758204803,8,early
8406,6,0,0.6032524342451748,0.43744137349775414,8,early
8407,7,0,0.6143553190350258,0.5619857208667696,8,early
8408,8,0,0.5529682756840192,0.42523946301595156,8,early
8409,9,0,0.5989337327322175,0.39650911883223283,8,early
8410,10,0,0.5278968592594925,0.55761899281146,8,early
8411,11,0,0.39613785280931185,0.6003898777385397,8,early
8412,12,0,0.8401776577333316,0.3640356440508531,8,early
8413,13,0,0.7173465962904079,0.3591198595226889,8,early
8414,14,0,0.6010607130032041,0.5011253953112114,8,early
8415,15,0,0.5194614272280421,0.5051483497309774,8,early
8416,16,0,0.6825449285993117,0.53838763166148,8,early
8417,17,0,0.5878314647913844,0.473903046089888,8,early
8418,18,0,0.6423487981207654,0.5025276278174002,8,early
8419,19,0,0.4971102973278752,0.5511833886731512,8,early
8420,20,0,0.3198562079732603,0.5798363048871678,8,early
8421,21,0,0.11514766554238387,0.4650382353561521,8,early
8422,22,0,0.12389249341920153,0.5272273984506978,8,early
8423,23,0,0.677679949952948,0.4441194301276103,8,early
8424,24,0,0.47706050616495177,0.43600762521337977,8,early
8425,25,0,0.5202254842510959,0.5045241709677146,8,early
8426,26,0,0.7009113320596088,0.46763130099163996,8,early
8427,27,0,0.9361689324206665,0.5255110475001059,8,early
8428,28,0,0.46911244435460675,0.5180115565413109,8,early
8429,29,0,0.39873409096718476,0.5531102991636304,8,early
8430,30,0,0.538004472985576,0.3888015816415889,8,early
8431,31,0,0.37217281445749917,0.5055210045009624,8,early
8432,32,0,0.8569578612303118,0.514969190854379,8,early
8433,33,0,0.8358704063620869,0.2553071763702379,8,early
8434,34,0,0.6842369720369003,0.2754589345704645,8,early
8435,35,0,0.5640305526090817,0.374582819203599,8,early
8436,36,0,0.7028651840419937,0.39235103902543456,8,early
8437,37,0,0.38303672057471294,0.4848931379660021,8,early
8438,38,0,0.6598179010355727,0.40691348548022416,8,early
8439,39,0,0.7644083940709364,0.39997070853692596,8,early
8440,40,0,0.5419981315745069,0.3803295331639858,8,early
8441,41,0,0.1772380019674115,0.5409206935948502,8,early
8442,42,0,0.21361563885271115,0.5299465192346371,8,early
8443,43,0,0.5075258438244357,0.40933208133045784,8,early
8444,44,0,0.1176532963107266,0.4523634090806399,8,early
8445,45,0,0.23799591438195072,0.4276059514068432,8,early
8446,46,0,0.341083029891798,0.7107767470637769,8,early
8447,47,0,0.8228311422302161,0.24798482040513475,8,early
8448,48,0,0.1652559464877164,0.4715158863449952,8,early
8449,49,0,0.5820695127136699,0.3952015155675913,8,early
8450,50,0,0.2015579739445395,0.38411363126371756,8,early
8451,51,0,0.5045683016860019,0.5095362505223573,8,early
8452,52,0,0.5968161956520119,0.4967538686098695,8,early
8453,53,0,0.13589747702546073,0.4438453295319246,8,early
8454,54,0,0.5914946072119576,0.5198568570218741,8,early
8455,55,0,0.16906835381067564,0.5155770201862324,8,early
8456,56,0,0.34152095180639297,0.6088749232555284,8,early
8457,57,0,0.5843952488721177,0.4499189237308956,8,early
8458,58,0,0.48062468591912344,0.7029903001578168,8,early
8459,59,0,0.7229639493381766,0.4947151482141492,8,early
8460,60,0,0.42971571906198947,0.5334332555494288,8,early
8461,61,0,0.7198290472547333,0.4949939839193195,8,early
8462,62,0,0.4613092224149591,0.41553259230722045,8,early
8463,63,0,0.2958664808003325,0.4137486373208073,8,early
8464,64,0,0.19983112145467458,0.3833705341649682,8,early
8465,65,0,0.7046422822214249,0.48910406102980486,8,early
8466,66,0,0.4347843981758597,0.4397975160907917,8,early
8467,67,0,0.6080680794894695,0.33260459149704674,8,early
8468,68,0,0.8696548722828229,0.3662457994756819,8,early
8469,69,0,0.9680238399856856,0.4143298080382527,8,early
8470,70,0,0.9687473178383713,0.4730186713582629,8,early
8471,71,0,0.842044682178269,0.3704136874248703,8,early
8472,72,0,0.03733060941055362,0.4243662955798534,8,early
8473,73,0,0.6350425161833644,0.3723919630134257,8,early
8474,74,0,0.17271146935732368,0.5430606393331476,8,early
8475,75,0,0.739806787566121,0.47101518674776965,8,early
8476,76,0,0.6458883433932097,0.5394080120430549,8,early
8477,77,0,0.1778331481286427,0.5036332119364851,8,early
8478,78,0,0.9020416283547648,0.2779030835664681,8,early
8479,79,0,0.4275134655061469,0.399341966901759,8,early
8480,80,0,0.7605488096039903,0.43174442509238276,8,early
8481,81,0,0.2697339096715385,0.5406363512133726,8,early
8482,82,0,0.5605921483518774,0.4723104911444043,8,early
8483,83,0,0.8326363229583185,0.3658461805252399,8,early
8484,84,0,0.44566868808303933,0.41563610986763655,8,early
8485,85,0,0.4797989263831415,0.4293663798692038,8,early
8486,86,0,0.43830408313107044,0.504665307083445,8,early
8487,87,0,0.7246353088215051,0.47090037000921203,8,early
8488,88,0,0.1292948465368003,0.5213779703884631,8,early
8489,89,0,0.45185467457271544,0.4525477659809686,8,early
8490,90,0,0.6496851232101237,0.47022636905645177,8,early
8491,91,0,0.3991633833242428,0.4366748917281226,8,early
8492,92,0,0.29250754813464314,0.5231965603607887,8,early
8493,93,0,0.9479379788459468,0.32682916207682816,8,early
8494,94,0,0.4203672084204683,0.33510501434085616,8,early
8495,95,0,0.6247191910711951,0.32936482069067985,8,early
8496,96,0,0.530061081822278,0.3413179119001677,8,early
8497,97,0,0.43572995643459306,0.5474991167875154,8,early
8498,98,0,0.47839654832175627,0.43464590280876536,8,early
8499,99,0,0.8171134356457438,0.3818188789268756,8,early
8500,100,0,0.5247363866578894,0.4749461438788457,8,early
8501,101,0,0.4833107562925108,0.38464304680175965,8,early
8502,102,0,0.988826334729148,0.3231615792341561,8,early
8503,103,0,0.5275640147047871,0.32847779206723415,8,early
8504,104,0,0.31761445483659667,0.6679469488938041,8,early
8505,105,0,0.5066122326419003,0.3832428893442106,8,early
8506,106,0,0.76990203231158,0.38220356371467457,8,early
8507,107,0,0.41833301671572914,0.24976494299430235,8,early
8508,108,0,0.6879677831058898,0.3946215864219734,8,early
8509,109,0,0.29197900525611564,0.4253621985906469,8,early
8510,110,0,0.8278032964168283,0.3021651461045007,8,early
8511,111,0,0.5700081443961392,0.372615306936257,8,early
8512,112,0,0.898522809704036,0.5944147835048982,8,early
8513,113,0,0.6736543025167159,0.36336305853393225,8,early
8514,114,0,0.6210825225107939,0.41773050859428834,8,early
8515,115,0,0.5098227838720495,0.5167846344711976,8,early
8516,116,0,0.33987424792204596,0.29445635320318797,8,early
8517,117,0,0.10621213868401817,0.3030837224839515,8,early
8518,118,0,0.47439600738471654,0.3232418209639475,8,early
8519,119,0,0.6084987615922319,0.26590976771355695,8,early
8520,120,0,0.4362299392804103,0.5188866046794129,8,early
8521,121,0,0.4945449777412523,0.32039584978495905,8,early
8522,122,0,0.4840520239516549,0.47265799945390186,8,early
8523,123,0,0.5796384657685312,0.30200084670242267,8,early
8524,124,0,0.5192921983898365,0.3723473980806029,8,early
8525,125,0,0.40764819424585474,0.26181016329028495,8,early
8526,126,0,0.7594523320065347,0.47096276591755504,8,early
8527,127,0,0.5610605318910427,0.26220437572477745,8,early
8528,128,0,0.8045210540183889,0.3752549321871873,8,early
8529,129,0,0.6315900989733292,0.31074413853123345,8,early
8530,130,0,0.9645559661149128,0.34356159386388607,8,early
8531,131,0,0.45487982826619566,0.47325961480287126,8,early
8532,132,0,0.7312816910108016,0.3787360022367231,8,early
8533,133,0,0.4371789789885512,0.3271632128880594,8,early
8534,134,0,0.2297977598168621,0.43484831945725505,8,early
8535,135,0,0.8941965171326482,0.3126539289700775,8,early
8536,136,0,0.5170788586553693,0.46237799660954315,8,early
8537,137,0,0.2835325908026113,0.38341150694170767,8,early
8538,138,0,0.8710151642724377,0.3735070807058217,8,early
8539,139,0,0.2117960158602464,0.37078591881503264,8,early
8540,140,0,0.6101658755551158,0.3228449114681836,8,early
8541,141,0,0.9598430281106731,0.3718943002587899,8,early
8542,142,0,0.6840813192724408,0.4436142305933658,8,early
8543,143,0,0.7046789301221565,0.4705015539504115,8,early
8544,144,0,0.6866220626685455,0.36100555392626027,8,early
8545,145,0,0.2028782145672008,0.4866968812710721,8,early
8546,146,0,0.4008416091881065,0.30586812346977543,8,early
8547,147,0,0.41210220736481484,0.3332514709390463,8,early
8548,148,0,0.6860973421791065,0.3887167526629127,8,early
8549,149,0,0.7419473337370269,0.3764264520220324,8,early
8550,150,0,0.6128514577556895,0.28413355313180017,8,early
8551,151,0,0.9505973689529642,0.3760504407947318,8,early
8552,152,0,0.38111171373960173,0.39897862373404014,8,early
8553,153,0,0.863492708723353,0.2544447255316014,8,early
8554,154,0,0.6648133965021547,0.3426514152585962,8,early
8555,155,0,0.8583784948093847,0.36187029213068084,8,early
8556,156,0,0.14454666936676253,0.34842198475646663,8,early
8557,157,0,0.12204838833879338,0.5023885802908454,8,early
8558,158,0,0.24166376129556527,0.4983370162638157,8,early
8559,159,0,0.8450521671341618,0.3530751106494223,8,early
8560,160,0,0.48338778046192193,0.3853263423972225,8,early
8561,161,0,0.5311399215631816,0.2341169852672081,8,early
8562,162,0,0.4819979952269197,0.355402304697579,8,early
8563,163,0,0.19000335655612025,0.3409206161540521,8,early
8564,164,0,0.8531480850694272,0.36650008416834456,8,early
8565,165,0,0.6578259843737653,0.286989133596848,8,early
8566,166,0,0.13531796342764896,0.24132242358564873,8,early
8567,167,0,0.3194814005403215,0.37767785186891645,8,early
8568,168,0,0.5691029757505668,0.27818078062091467,8,early
8569,169,0,0.41782953785582405,0.3171344298797073,8,early
8570,170,0,0.4164632145273989,0.31115424840048184,8,early
8571,171,0,0.41475675049583827,0.35534416940548974,8,early
8572,172,0,0.4300228488717126,0.4368730603211841,8,early
8573,173,0,0.4258167283661437,0.3084951968602029,8,early
8574,174,0,0.12205673546699895,0.320462105179492,8,early
8575,175,0,0.5955733329613349,0.32669599580539876,8,early
8576,176,0,0.8386828674296545,0.2468688883481705,8,early
8577,177,0,0.15585924397085701,0.2528851157897961,8,early
8578,178,0,0.3992703967553056,0.35507137340778394,8,early
8579,179,0,0.6571239169990413,0.2701225090994136,8,early
8580,180,0,0.4188043399060413,0.30858918771388844,8,early
8581,181,0,0.5127312720735657,0.28420319584030573,8,early
8582,182,0,0.4981713761506538,0.42031174106422753,8,early
8583,183,0,0.38573946197647857,0.2398964756993353,8,early
8584,184,0,0.4635540679916566,0.3786383852485229,8,early
8585,185,0,0.5208477113969073,0.3847854294157241,8,early
8586,186,0,0.30823541924617437,0.45012803606892665,8,early
8587,187,0,0.31498717415082106,0.23009888135638717,8,early
8588,188,0,0.3911835597388451,0.34774024091496913,8,early
8589,189,0,0.4626483775921407,0.27927136011782727,8,early
8590,190,0,0.5696921784136341,0.47589733819357083,8,early
8591,191,0,0.6602812645520864,0.353377767447828,8,early
8592,192,0,0.5500082008028617,0.43492698546565023,8,early
8593,193,0,0.500600224527539,0.23663925653389078,8,early
8594,194,0,0.123095600254207,0.5840527138666868,8,early
8595,195,0,0.22874084355150118,0.3145171331495961,8,early
8596,196,0,0.5683780553367771,0.2556215598601402,8,early
8597,197,0,0.9672618451853321,0.31302460290999473,8,early
8598,198,0,0.6348489374707527,0.3569234171643948,8,early
8599,199,0,0.507544251754325,0.3532293022753873,8,early
8600,0,0,0.5221049299408295,0.6495242443862539,8,middle
8601,1,0,0.9763214969739255,0.6224989697288532,8,middle
8602,2,0,0.507744087917447,0.6096349389317568,8,middle
8603,3,0,0.9807612566484328,0.5644357117087218,8,middle
8604,4,0,0.4754725812592048,0.4695403044464377,8,middle
8605,5,0,0.9574124553484149,0.4840589116110682,8,middle
8606,6,0,0.5399651908336128,0.5587310641894089,8,middle
8607,7,0,0.7698334476952388,0.5546510455192698,8,middle
8608,8,0,0.4086365473512227,0.4506747187395649,8,middle
8609,9,0,0.63768998026559,0.5834501341842055,8,middle
8610,10,0,0.46002664835528445,0.4445638258721206,8,middle
8611,11,0,0.20586798537236536,0.43117983561677325,8,middle
8612,12,0,0.36057549735725036,0.5842377956477561,8,middle
8613,13,0,0.5723245596048032,0.615546569092305,8,middle
8614,14,0,0.7055390373483683,0.4906687945577901,8,middle
8615,15,0,0.5349727720101023,0.569800050850351,8,middle
8616,16,0,0.9175761216462915,0.3735552477761016,8,middle
8617,17,0,0.2715412918377832,0.5994489405540568,8,middle
8618,18,0,0.13640962361319803,0.8141542142632917,8,middle
8619,19,0,0.7447764183107384,0.3958503651933896,8,middle
8620,20,0,0.2857568559523147,0.41835842544927093,8,middle
8621,21,0,0.5838248050470122,0.4281632398717541,8,middle
8622,22,0,0.8043279052610114,0.5917111459870994,8,middle
8623,23,0,0.4998342492564442,0.4088286938871445,8,middle
8624,24,0,0.5844553058526542,0.3942220768404393,8,middle
8625,25,0,0.599423028291235,0.43820345006771616,8,middle
8626,26,0,0.4811727425323451,0.45046570161363997,8,middle
8627,27,0,0.5492838743279356,0.3626332449306677,8,middle
8628,28,0,0.18058256491132224,0.41904697976393046,8,middle
8629,29,0,0.09553110807907614,0.5157368733739544,8,middle
8630,30,0,0.6103041138764518,0.4232389411226203,8,middle
8631,31,0,0.5225067130973798,0.3101624478300001,8,middle
8632,32,0,0.46019868774850736,0.5277011795508048,8,middle
8633,33,0,0.35293451265861325,0.36562468491554856,8,middle
8634,34,0,0.8889430379524272,0.39827512869586756,8,middle
8635,35,0,0.5570522229015016,0.3679915815120296,8,middle
8636,36,0,0.8229179081230759,0.3321850722114399,8,middle
8637,37,0,0.3980164120330236,0.6408860872818091,8,middle
8638,38,0,0.4557980919879602,0.38356967981853163,8,middle
8639,39,0,0.6744212941203693,0.4887167614998097,8,middle
8640,40,0,0.6203102636211393,0.6983858034149353,8,middle
8641,41,0,0.07626076714668387,0.5972210408999576,8,middle
8642,42,0,0.258310836644034,0.5887050257717815,8,middle
8643,43,0,0.18619593124864076,0.5128667392118644,8,middle
8644,44,0,0.46537919709893527,0.4201969382631423,8,middle
8645,45,0,0.6589080623927199,0.4872506912603753,8,middle
8646,46,0,0.13898735190187889,0.6167199628916129,8,middle
8647,47,0,0.5583333046197021,0.47976016002673294,8,middle
8648,48,0,0.38239421273517427,0.6026190906767283,8,middle
8649,49,0,0.5201511586913595,0.47641581423882906,8,middle
8650,50,0,0.17743452445356114,0.5589972253606379,8,middle
8651,51,0,0.5189314094549127,0.5820768855394596,8,middle
8652,52,0,0.5999291461509029,0.7552761121781477,8,middle
8653,53,0,0.20486585684250663,0.6915829102116053,8,middle
8654,54,0,0.6553518199239972,0.437448159696486,8,middle
8655,55,0,0.3480042237332423,0.5835362276657402,8,middle
8656,56,0,0.32513131095035763,0.43446276625294133,8,middle
8657,57,0,0.8142175886750047,0.40148104735461043,8,middle
8658,58,0,0.2885488207181839,0.48942716760308796,8,middle
8659,59,0,0.6141315518374844,0.3943753336912407,8,middle
8660,60,0,0.6820440952711712,0.5776177557661464,8,middle
8661,61,0,0.9150717502284571,0.4851059902151898,8,middle
8662,62,0,0.837701220822506,0.39131496537362614,8,middle
8663,63,0,0.7078255102716406,0.5431795846175522,8,middle
8664,64,0,0.8191965241206836,0.5427912786068685,8,middle
8665,65,0,0.6811191399817572,0.5758284433310845,8,middle
8666,66,0,0.7478170486123947,0.5387251854434945,8,middle
8667,67,0,0.3182684219932185,0.43054634655199486,8,middle
8668,68,0,0.4799776278927412,0.40259317087660623,8,middle
8669,69,0,0.41486237812950605,0.33066505010397,8,middle
8670,70,0,0.8537708353451929,0.389245238978953,8,middle
8671,71,0,0.8819976591466683,0.44054334213542523,8,middle
8672,72,0,0.03986694264036281,0.6490291034782154,8,middle
8673,73,0,0.5666877207876965,0.6012368239175969,8,middle
8674,74,0,0.890872823347022,0.3590914595856647,8,middle
8675,75,0,0.5765272770032066,0.37944782340260247,8,middle
8676,76,0,0.8746602963026817,0.412853654951682,8,middle
8677,77,0,0.1966392721351038,0.408348226142196,8,middle
8678,78,0,0.8489734884625171,0.409551494574156,8,middle
8679,79,0,0.919300240767406,0.36857052260640955,8,middle
8680,80,0,0.3234969311179774,0.6892066288669989,8,middle
8681,81,0,0.4296883340735497,0.39495024871288664,8,middle
8682,82,0,0.3891934896955209,0.47554796477918615,8,middle
8683,83,0,0.7668552960568698,0.2725866518373767,8,middle
8684,84,0,0.6826178698708447,0.3512602967427858,8,middle
8685,85,0,0.30278886624063844,0.4683084849938758,8,middle
8686,86,0,0.3994188260355495,0.4378563169373214,8,middle
8687,87,0,0.5595533359951496,0.3917289135947535,8,middle
8688,88,0,0.4663025107732828,0.40638907310051214,8,middle
8689,89,0,0.684584106993317,0.47891186093605587,8,middle
8690,90,0,0.15443787184542265,0.3851005351713586,8,middle
8691,91,0,0.3634133189467249,0.49982147954986134,8,middle
8692,92,0,0.5737095239683706,0.5278609804743657,8,middle
8693,93,0,0.5104255930923579,0.5358023664784155,8,middle
8694,94,0,0.35203142030159723,0.5473536199201023,8,middle
8695,95,0,0.7379158980986977,0.4218587008381248,8,middle
8696,96,0,0.6686573849894102,0.3869098325215553,8,middle
8697,97,0,0.12138396505321064,0.5293388559836287,8,middle
8698,98,0,0.682644730679725,0.3158692748817555,8,middle
8699,99,0,0.6288824403760882,0.49097103603216324,8,middle
8700,100,0,0.4364109443508572,0.3601963922498552,8,middle
8701,101,0,0.8522006498687982,0.2859879090651601,8,middle
8702,102,0,0.5940114807035023,0.4834468556944974,8,middle
8703,103,0,0.6928891338107772,0.4260487405244221,8,middle
8704,104,0,0.7403538048476492,0.3715903650151032,8,middle
8705,105,0,0.48006033429489015,0.42975736030380624,8,middle
8706,106,0,0.6518404554298995,0.498699347131229,8,middle
8707,107,0,0.365178527197813,0.39547932595045343,8,middle
8708,108,0,0.16302164190327117,0.47180151416030314,8,middle
8709,109,0,0.6355726310527617,0.42160845141701364,8,middle
8710,110,0,0.7476118902564439,0.3895110789145524,8,middle
8711,111,0,0.8455264228058008,0.39065917816178297,8,middle
8712,112,0,0.7003389162597062,0.38172138313402654,8,middle
8713,113,0,0.8824219073331392,0.3817486831285726,8,middle
8714,114,0,0.08294117936499593,0.5992214464041841,8,middle
8715,115,0,0.5249702863671974,0.36550981584179143,8,middle
8716,116,0,0.8838394392516444,0.3415394123489683,8,middle
8717,117,0,0.7948934296168455,0.372463634276623,8,middle
8718,118,0,0.6438004739482464,0.4579654741735834,8,middle
8719,119,0,0.9710659309554027,0.55675487927851,8,middle
8720,120,0,0.5136551147137611,0.3643928415156838,8,middle
8721,121,0,0.0675712196127631,0.35908379406892893,8,middle
8722,122,0,0.6099234217210412,0.5777344569330127,8,middle
8723,123,0,0.5988763786988525,0.32606153473725263,8,middle
8724,124,0,0.665502703583059,0.6208567073376376,8,middle
8725,125,0,0.42790870730545577,0.5696933348085135,8,middle
8726,126,0,0.4215809552514397,0.3221682460735593,8,middle
8727,127,0,0.5521117461202262,0.49824063127730245,8,middle
8728,128,0,0.6337286200721923,0.3198197948754353,8,middle
8729,129,0,0.12901049612551474,0.5469427838432206,8,middle
8730,130,0,0.4274690078309255,0.6512361665177846,8,middle
8731,131,0,0.46154575417454413,0.6097049499984427,8,middle
8732,132,0,0.2603872176985626,0.5004526783821333,8,middle
8733,133,0,0.6543941853053605,0.4278208106774972,8,middle
8734,134,0,0.20152960739171577,0.5335535001008644,8,middle
8735,135,0,0.5480727767855844,0.39850337136616115,8,middle
8736,136,0,0.5344095762525352,0.33519941144960275,8,middle
8737,137,0,0.17239559103138508,0.46804801568763454,8,middle
8738,138,0,0.3195328555084849,0.46646777706431275,8,middle
8739,139,0,0.8607724398317568,0.29534998418966046,8,middle
8740,140,0,0.5122157857630791,0.5062819655993629,8,middle
8741,141,0,0.6493407913692708,0.48143123606072413,8,middle
8742,142,0,0.6611795981334788,0.5556807453492232,8,middle
8743,143,0,0.4047666192901699,0.3658082293140269,8,middle
8744,144,0,0.4865280275757543,0.38649767835812765,8,middle
8745,145,0,0.41070664593441686,0.45180976708901033,8,middle
8746,146,0,0.6777075552584307,0.4503424724455384,8,middle
8747,147,0,0.6424167685540312,0.3328023720445464,8,middle
8748,148,0,0.3522013269036087,0.4153222627917236,8,middle
8749,149,0,0.4234910292666666,0.3250627303024294,8,middle
8750,150,0,0.5412898419895424,0.40843606820720824,8,middle
8751,151,0,0.6932147661078427,0.405878591875192,8,middle
8752,152,0,0.3097024842805091,0.40901663589441384,8,middle
8753,153,0,0.27060937757579384,0.4285482804024342,8,middle
8754,154,0,0.5275163269765908,0.48421415140637936,8,middle
8755,155,0,0.5520989661558561,0.36251251880561636,8,middle
8756,156,0,0.23648072296005476,0.35942022758247516,8,middle
8757,157,0,0.25295901406658977,0.5101457038393141,8,middle
8758,158,0,0.33781294699242903,0.41182347810007863,8,middle
8759,159,0,0.49309725622358946,0.3319371096614252,8,middle
8760,160,0,0.5675872543688602,0.39354283513129595,8,middle
8761,161,0,0.502378879656264,0.3375508018892047,8,middle
8762,162,0,0.31519299311831306,0.43394197707507043,8,middle
8763,163,0,0.6274174917032249,0.35146976221556747,8,middle
8764,164,0,0.6342743915542124,0.26188831963088366,8,middle
8765,165,0,0.6828709394550014,0.4281785608675704,8,middle
8766,166,0,0.5649766228290865,0.3600722447865316,8,middle
8767,167,0,0.8156262144341075,0.40762741700109817,8,middle
8768,168,0,0.5925762774838443,0.40418589501584257,8,middle
8769,169,0,0.3940400608192971,0.4560079346576246,8,middle
8770,170,0,0.5767905848769921,0.4163112430071151,8,middle
8771,171,0,0.7744303626853442,0.2876685471350302,8,middle
8772,172,0,0.3366850064580115,0.4818885514092077,8,middle
8773,173,0,0.8343123402087376,0.31188898213980104,8,middle
8774,174,0,0.8191065764870542,0.3993236123456322,8,middle
8775,175,0,0.36039723568838933,0.370679297886011,8,middle
8776,176,0,0.44060320682913556,0.31620909808088354,8,middle
8777,177,0,0.5677900766932441,0.3288937671282881,8,middle
8778,178,0,0.6707963328235018,0.3114787534257541,8,middle
8779,179,0,0.3605583157168914,0.4508305762928565,8,middle
8780,180,0,0.5344886457925585,0.5031463092483655,8,middle
8781,181,0,0.13511817059269754,0.4092596317185361,8,middle
8782,182,0,0.6147574489351519,0.5227250701890791,8,middle
8783,183,0,0.8819054704801657,0.34327042423291043,8,middle
8784,184,0,0.5174065543680545,0.3430160749490096,8,middle
8785,185,0,0.35382701593251076,0.41271467125901506,8,middle
8786,186,0,0.18421478363714072,0.3417197712846891,8,middle
8787,187,0,0.30637928292036726,0.3822370405492339,8,middle
8788,188,0,0.42966225908721556,0.2767105690926907,8,middle
8789,189,0,0.6056702395751401,0.4525538950082356,8,middle
8790,190,0,0.9151444653002367,0.4024789795829943,8,middle
8791,191,0,0.44113714673595283,0.4334612763944098,8,middle
8792,192,0,0.7345120740496982,0.3359849241326063,8,middle
8793,193,0,0.42378598033904274,0.4002290199544123,8,middle
8794,194,0,0.4278017877496052,0.4851053830803907,8,middle
8795,195,0,0.5673565218455981,0.3952125116777673,8,middle
8796,196,0,0.2845712417651628,0.43532018662440747,8,middle
8797,197,0,0.6266137897809545,0.37072912214475157,8,middle
8798,198,0,0.7433484964552826,0.4394790030713647,8,middle
8799,199,0,0.5415732271291325,0.6224543880923541,8,middle
8800,0,0,0.456042853908728,0.8173419444003271,8,late
8801,1,0,0.9673569136919429,0.7451682029320832,8,late
8802,2,0,0.18357702582608548,0.7057191952143188,8,late
8803,3,0,0.419344283740133,0.5910263174258249,8,late
8804,4,0,0.5711895417223087,0.4906787108960013,8,late
8805,5,0,0.35678005394617524,0.6191699608255039,8,late
8806,6,0,0.7547625189246736,0.40286217581743733,8,late
8807,7,0,0.40366650573392243,0.4281317079824314,8,late
8808,8,0,0.8600234479817153,0.524233466123605,8,late
8809,9,0,0.741535123019708,0.6952676031219823,8,late
8810,10,0,0.7710150496879091,0.6181652974866781,8,late
8811,11,0,0.4337934720891053,0.5033729518494493,8,late
8812,12,0,0.19967025132238525,0.5313426560921035,8,late
8813,13,0,0.47377317384431206,0.47113093265046835,8,late
8814,14,0,0.9517511831191641,0.3991626382716359,8,late
8815,15,0,0.5988544436766212,0.5748139740007495,8,late
8816,16,0,0.5441897290496379,0.551046810455252,8,late
8817,17,0,0.5390411984546937,0.4778763997674386,8,late
8818,18,0,0.24349078964644488,0.46480264999179743,8,late
8819,19,0,0.6654374420395801,0.3695482192073456,8,late
8820,20,0,0.37307246227999896,0.4108302003842276,8,late
8821,21,0,0.5217373831374116,0.3609206926842142,8,late
8822,22,0,0.4072855133887031,0.5757569405370944,8,late
8823,23,0,0.471283244899839,0.5823400004830823,8,late
8824,24,0,0.13403264615304505,0.5655773931546051,8,late
8825,25,0,0.5340480592787825,0.48645745124523365,8,late
8826,26,0,0.628700521513495,0.3983048093555146,8,late
8827,27,0,0.5497496825954603,0.4814252352247773,8,late
8828,28,0,0.9045242793967563,0.5274994025860085,8,late
8829,29,0,0.49993061503009434,0.6071335967789157,8,late
8830,30,0,0.9271242966237367,0.410322992633357,8,late
8831,31,0,0.6782313406755343,0.40719745784924727,8,late
8832,32,0,0.9426647710921938,0.5338879218322128,8,late
8833,33,0,0.609389264235015,0.4390348620220227,8,late
8834,34,0,0.8080621395365843,0.5532030437501049,8,late
8835,35,0,0.46155960102719634,0.5458423754163293,8,late
8836,36,0,0.675556198259147,0.43673754603096493,8,late
8837,37,0,0.5833281434611147,0.37777208423991976,8,late
8838,38,0,0.2815743522374508,0.49694635330923487,8,late
8839,39,0,0.47164103349529163,0.47498589139505487,8,late
8840,40,0,0.7541179162933676,0.4848296042047311,8,late
8841,41,0,0.7061848789499008,0.4311733606011362,8,late
8842,42,0,0.5168540695417579,0.4879735984759236,8,late
8843,43,0,0.37713041260875013,0.45040651789429687,8,late
8844,44,0,0.15892211809127407,0.5403387908715833,8,late
8845,45,0,0.657347041642165,0.6277626130995009,8,late
8846,46,0,0.7253693083889428,0.3759485333960151,8,late
8847,47,0,0.3671973356322475,0.6656090161456245,8,late
8848,48,0,0.6789003127531186,0.44484121664343357,8,late
8849,49,0,0.6834331020453357,0.5063663568516261,8,late
8850,50,0,0.13744618052135385,0.739140482510666,8,late
8851,51,0,0.6246677049705824,0.5503288438811216,8,late
8852,52,0,0.9812058507164454,0.6773252056069772,8,late
8853,53,0,0.43946736979614953,0.574395072313139,8,late
8854,54,0,0.9327164234868182,0.4669515153126388,8,late
8855,55,0,0.5696936757797592,0.38530893377865627,8,late
8856,56,0,0.7099023803971893,0.37542686935027775,8,late
8857,57,0,0.4568270703809718,0.4366396982873362,8,late
8858,58,0,0.8772907892333526,0.31100073227622155,8,late
8859,59,0,0.4492873840202229,0.6299068607733256,8,late
8860,60,0,0.9433404204488172,0.5236159927272798,8,late
8861,61,0,0.5512273673321576,0.4059836161282191,8,late
8862,62,0,0.9224715335524081,0.4281123317915463,8,late
8863,63,0,0.5864337415816432,0.48998353879813483,8,late
8864,64,0,0.9656855365140262,0.34262116601953474,8,late
8865,65,0,0.38846245486995823,0.5444709195843218,8,late
8866,66,0,0.432727925226888,0.5556243744687481,8,late
8867,67,0,0.4462573344038695,0.40810100849865216,8,late
8868,68,0,0.8485601997999792,0.3915668392480314,8,late
8869,69,0,0.4707640292572451,0.5235493142676849,8,late
8870,70,0,0.7424111522186061,0.34511290793185656,8,late
8871,71,0,0.28669342200716025,0.42924085521481714,8,late
8872,72,0,0.5603347434421396,0.596515114241575,8,late
8873,73,0,0.5739592637356876,0.46274202974969736,8,late
8874,74,0,0.43349767751316415,0.38657019015522165,8,late
8875,75,0,0.23702165104882794,0.45472533163907114,8,late
8876,76,0,0.4718909459929609,0.6948931553634929,8,late
8877,77,0,0.4616333721898158,0.4368774894803428,8,late
8878,78,0,0.3801080820167603,0.5064080056010176,8,late
8879,79,0,0.473970234879878,0.4064419131807262,8,late
8880,80,0,0.8074639581649192,0.4650157126019164,8,late
8881,81,0,0.25544848124917763,0.5326071732323306,8,late
8882,82,0,0.9645666276255616,0.342985782901298,8,late
8883,83,0,0.8205825801904016,0.2964413159750024,8,late
8884,84,0,0.3182726873088241,0.45504971212317247,8,late
8885,85,0,0.8091023719049573,0.34897781973005426,8,late
8886,86,0,0.35362804835048334,0.34602119125932057,8,late
8887,87,0,0.41591252438569115,0.5069528058300065,8,late
8888,88,0,0.7830873393709792,0.3094064251053213,8,late
8889,89,0,0.804331053797956,0.44096482983942875,8,late
8890,90,0,0.4449926887836258,0.8131397320933267,8,late
8891,91,0,0.26405284559126,0.48421447852690447,8,late
8892,92,0,0.8283575877906848,0.3145555625378906,8,late
8893,93,0,0.3553301927037389,0.39714419532585066,8,late
8894,94,0,0.9953475861588724,0.5748039001037358,8,late
8895,95,0,0.25252829100955854,0.3730663222075842,8,late
8896,96,0,0.9408714205407928,0.32711027337130694,8,late
8897,97,0,0.9941473188618071,0.24761283345448878,8,late
8898,98,0,0.9795260372829349,0.33327210419417763,8,late
8899,99,0,0.9843733425170302,0.42293328214053516,8,late
8900,100,0,0.31362246874822686,0.47473778821756496,8,late
8901,101,0,0.8082769228546207,0.4497476401894701,8,late
8902,102,0,0.36299196340289236,0.3500765805680467,8,late
8903,103,0,0.5485785148943765,0.2954283043661915,8,late
8904,104,0,0.9282917760008333,0.43761228307041555,8,late
8905,105,0,0.9670531285918065,0.5050937742690477,8,late
8906,106,0,0.934552775675976,0.28928026814206836,8,late
8907,107,0,0.9992682486539513,0.30974129573212694,8,late
8908,108,0,0.29897955507618273,0.6092204376860813,8,late
8909,109,0,0.1452728528256692,0.38642696206746374,8,late
8910,110,0,0.9550012547013673,0.35521504482504007,8,late
8911,111,0,0.9683736851487945,0.37031669056556227,8,late
8912,112,0,0.6808286746766672,0.4338137575466001,8,late
8913,113,0,0.9600829607089866,0.2605744199592764,8,late
8914,114,0,0.9954516720550938,0.2560560504751159,8,late
8915,115,0,0.9864306167681736,0.32536874094495516,8,late
8916,116,0,0.377751242317776,0.42253803561121916,8,late
8917,117,0,0.8239651346540193,0.4662448515867994,8,late
8918,118,0,0.9432926998745172,0.38556564070069954,8,late
8919,119,0,0.9043259638849122,0.4345981533035746,8,late
8920,120,0,0.36348222013870074,0.49910046243927975,8,late
8921,121,0,0.2884256627665148,0.39090034182267075,8,late
8922,122,0,0.6575235951353011,0.39613591178247254,8,late
8923,123,0,0.3556882332129719,0.36756370770696456,8,late
8924,124,0,0.37071568443305486,0.4134856662499355,8,late
8925,125,0,0.4701980492001803,0.5821775409683567,8,late
8926,126,0,0.36260894911020813,0.454653196151787,8,late
8927,127,0,0.5284125106702231,0.45409208802092904,8,late
8928,128,0,0.2390985718516366,0.45627361098721725,8,late
8929,129,0,0.4242381318813308,0.5342213767912336,8,late
8930,130,0,0.4468540696420997,0.6694028053079086,8,late
8931,131,0,0.6158979689716938,0.4312580011287839,8,late
8932,132,0,0.4970024516277143,0.5177902968406369,8,late
8933,133,0,0.3873086386521784,0.4393076306604239,8,late
8934,134,0,0.07518289949827002,0.5605306238415,8,late
8935,135,0,0.6273014833357263,0.5370065630133986,8,late
8936,136,0,0.5840806000190674,0.40235158546422356,8,late
8937,137,0,0.5202241898340295,0.4826192141846148,8,late
8938,138,0,0.13728877691275324,0.5351766814106566,8,late
8939,139,0,0.806982204198884,0.4023385792563414,8,late
8940,140,0,0.2467446136497361,0.41421397245708946,8,late
8941,141,0,0.32279030014723775,0.44072658269341974,8,late
8942,142,0,0.4099870579101725,0.503344719714704,8,late
8943,143,0,0.43171467449741097,0.42766771968034956,8,late
8944,144,0,0.3272460948662539,0.40849333915463437,8,late
8945,145,0,0.6319652741101837,0.44518766877877447,8,late
8946,146,0,0.8700805696271268,0.45428881821759237,8,late
8947,147,0,0.08495712600246713,0.8305049062359571,8,late
8948,148,0,0.7345067090217154,0.4773452560920106,8,late
8949,149,0,0.7367300072801505,0.3459408911727,8,late
8950,150,0,0.44398556217478735,0.4652556962981849,8,late
8951,151,0,0.5822110073961763,0.46705200720148454,8,late
8952,152,0,0.47884672073632334,0.3850392002713857,8,late
8953,153,0,0.2828665310466788,0.612445163064701,8,late
8954,154,0,0.4404035199368886,0.5255478023477548,8,late
8955,155,0,0.7081569457934898,0.44235077055331595,8,late
8956,156,0,0.47334238919474586,0.4361187290207478,8,late
8957,157,0,0.4921066350248027,0.3360697793852394,8,late
8958,158,0,0.5428684646600183,0.339452386804692,8,late
8959,159,0,0.7218552235968707,0.3899939105586433,8,late
8960,160,0,0.4835661595552718,0.6165516697256931,8,late
8961,161,0,0.4965543077231956,0.6952083756792984,8,late
8962,162,0,0.5733494033880199,0.41225389702183435,8,late
8963,163,0,0.643459366752795,0.3416940805128631,8,late
8964,164,0,0.49552273092829885,0.39778177734482123,8,late
8965,165,0,0.1873306587895013,0.41618175614234254,8,late
8966,166,0,0.7798246696032898,0.6999082920905189,8,late
8967,167,0,0.5050567816715859,0.55783111882247,8,late
8968,168,0,0.5489336880607067,0.41444838514108495,8,late
8969,169,0,0.49840357971659205,0.3697456425627995,8,late
8970,170,0,0.6268012427629379,0.3015946018071819,8,late
8971,171,0,0.4120734433263334,0.37519419268625054,8,late
8972,172,0,0.39181980440363295,0.5597477911607553,8,late
8973,173,0,0.3162741571711679,0.42498090692340584,8,late
8974,174,0,0.645044933046468,0.43562193757684087,8,late
8975,175,0,0.9042157206078565,0.2507132802211594,8,late
8976,176,0,0.506294498991078,0.3682838044622245,8,late
8977,177,0,0.7607164660773253,0.3380640708367889,8,late
8978,178,0,0.6825141079061655,0.3543780994772966,8,late
8979,179,0,0.5420807550682801,0.458087242554829,8,late
8980,180,0,0.8379644885709105,0.4042052855914638,8,late
8981,181,0,0.4384051650659689,0.6008822154642546,8,late
8982,182,0,0.6704312782228996,0.43301203769039265,8,late
8983,183,0,0.3011900890755711,0.4001767644891765,8,late
8984,184,0,0.6215289624466529,0.4619195597925212,8,late
8985,185,0,0.6034473622487334,0.47247976192214436,8,late
8986,186,0,0.4750884650851157,0.3237430398150183,8,late
8987,187,0,0.482027075235984,0.48151881375233996,8,late
8988,188,0,0.9601607116712507,0.3242823535637822,8,late
8989,189,0,0.49867758592153655,0.4007281849757093,8,late
8990,190,0,0.48587080747970496,0.41496956959711095,8,late
8991,191,0,0.7842785975195785,0.379691433888787,8,late
8992,192,0,0.6102432753525864,0.385533137540903,8,late
8993,193,0,0.47705958787551084,0.6848773878888961,8,late
8994,194,0,0.8856439286135707,0.3998122961642354,8,late
8995,195,0,0.24278765204725486,0.45046326901165834,8,late
8996,196,0,0.8091450285559298,0.42206933914257094,8,late
8997,197,0,0.5077182385453456,0.40056916135213544,8,late
8998,198,0,0.6650502579418622,0.38479323362516055,8,late
8999,199,0,0.6273530819641571,0.35688968292387646,8,late
9000,0,0,0.7875707428001972,0.6826596529991739,9,interleaved
9001,1,0,0.23978096961155693,0.44678835651952326,9,interleaved
9002,2,0,0.6194095332361262,0.39539368171431655,9,interleaved
9003,3,0,0.4845384000054177,0.4479948529903599,9,interleaved
9004,4,0,0.5771140492560183,0.5635245674887239,9,interleaved
9005,5,0,0.7248620458921337,0.4699304021313135,9,interleaved
9006,6,0,0.3257629760715338,0.4427582173079633,9,interleaved
9007,7,0,0.42131141465860056,0.48054252862015295,9,interleaved
9008,8,0,0.6662521274729813,0.48720172881108015,9,interleaved
9009,9,0,0.6869412224082296,0.556931010596301,9,interleaved
9010,10,0,0.2716470343823145,0.5637489319253994,9,interleaved
9011,11,0,0.36065526702068534,0.5515321162339906,9,interleaved
9012,12,0,0.6224472974659996,0.3745578938302373,9,interleaved
9013,13,0,0.3652523124849332,0.5999632021341724,9,interleaved
9014,14,0,0.17314787955554617,0.46847918688152645,9,interleaved
9015,15,0,0.6435383744772687,0.6158131533055333,9,interleaved
9016,16,0,0.2682120192052263,0.41338779674335946,9,interleaved
9017,17,0,0.09722183498953377,0.5951799436240183,9,interleaved
9018,18,0,0.4617363141292639,0.40240070462472854,9,interleaved
9019,19,0,0.4866807320705102,0.5494967528650396,9,interleaved
9020,20,0,0.6214839808320914,0.49163658778825925,9,interleaved
9021,21,0,0.2067980928061998,0.6390429522149992,9,interleaved
9022,22,0,0.7209331482803445,0.43324151649228004,9,interleaved
9023,23,0,0.509821058913099,0.4039636603777494,9,interleaved
9024,24,0,0.47058808623886916,0.41754048896411877,9,interleaved
9025,25,0,0.33771413269307254,0.4048642029549765,9,interleaved
9026,26,0,0.47853648245920194,0.4991739719866728,9,interleaved
9027,27,0,0.3324365823879066,0.48349120126457434,9,interleaved
9028,28,0,0.5969279970406984,0.48431284235833993,9,interleaved
9029,29,0,0.19419324042094407,0.5077283474324285,9,interleaved
9030,30,0,0.92177726057514,0.506985250926945,9,interleaved
9031,31,0,0.3912240334084196,0.45758834270765264,9,interleaved
9032,32,0,0.3761898682115889,0.3874661966858404,9,interleaved
9033,33,0,0.6241622521603496,0.45816091077586285,9,interleaved
9034,34,0,0.5596181141647615,0.4622757562649001,9,interleaved
9035,35,0,0.08305315994537943,0.4405575091183366,9,interleaved
9036,36,0,0.5491150491308433,0.5013318550329058,9,interleaved
9037,37,0,0.18336392723133127,0.48894887376039936,9,interleaved
9038,38,0,0.6050874514488989,0.4571317445261328,9,interleaved
9039,39,0,0.11657504529191776,0.4604303031103956,9,interleaved
9040,40,0,0.6730236163237509,0.40303238378007433,9,interleaved
9041,41,0,0.7938011817136743,0.43847043087724413,9,interleaved
9042,42,0,0.183662226814362,0.5202026313116935,9,interleaved
9043,43,0,0.3139009397842387,0.4743374324757691,9,interleaved
9044,44,0,0.5073992454353649,0.32973375626660845,9,interleaved
9045,45,0,0.6787884675216178,0.2825955056947096,9,interleaved
9046,46,0,0.829556243281922,0.37575648913771165,9,interleaved
9047,47,0,0.15691046188148883,0.45527658840099805,9,interleaved
9048,48,0,0.8623721329159513,0.4234460952874593,9,interleaved
9049,49,0,0.5292653349961827,0.3818961489211275,9,interleaved
9050,50,0,0.563772895049728,0.5606464878486648,9,interleaved
9051,51,0,0.4088576335047893,0.45276137941013017,9,interleaved
9052,52,0,0.4532145161244223,0.46925033593956156,9,interleaved
9053,53,0,0.4503486092141158,0.3365335393305604,9,interleaved
9054,54,0,0.610906730659486,0.5062422632577537,9,interleaved
9055,55,0,0.4689010936104059,0.6190814993873529,9,interleaved
9056,56,0,0.45357068053999283,0.6313675569416939,9,interleaved
9057,57,0,0.7333528844806174,0.373326446360949,9,interleaved
9058,58,0,0.23824341002540544,0.4425189818826927,9,interleaved
9059,59,0,0.7461803060451249,0.39766756795681,9,interleaved
9060,60,0,0.5246276073656317,0.4043974928216284,9,interleaved
9061,61,0,0.2704929298469808,0.39288657524682435,9,interleaved
9062,62,0,0.5300990961866321,0.4287440241847394,9,interleaved
9063,63,0,0.46388504335722086,0.4721069471304359,9,interleaved
9064,64,0,0.43577673168210895,0.4738669309043451,9,interleaved
9065,65,0,0.7782054925999772,0.3930928276498369,9,interleaved
9066,66,0,0.6924976140599828,0.42667346121559535,9,interleaved
9067,67,0,0.4011201142511482,0.6456043140485692,9,interleaved
9068,68,0,0.37586411390381613,0.47234616443343524,9,interleaved
9069,69,0,0.5526549073870572,0.35995573775205636,9,interleaved
9070,70,0,0.7375003106195539,0.48817112008387964,9,interleaved
9071,71,0,0.582243892203567,0.7024111718349157,9,interleaved
9072,72,0,0.6126991400782348,0.42713190833553816,9,interleaved
9073,73,0,0.3283500739176955,0.3905208691461527,9,interleaved
9074,74,0,0.5784859273777019,0.6042639210677689,9,interleaved
9075,75,0,0.5799312650080002,0.34797830875936997,9,interleaved
9076,76,0,0.8594451746813321,0.39593892991733215,9,interleaved
9077,77,0,0.44596670153090767,0.43547584365785175,9,interleaved
9078,78,0,0.9220762683895087,0.41339079217294394,9,interleaved
9079,79,0,0.4225797579710224,0.40331728699599906,9,interleaved
9080,80,0,0.05784408063416411,0.4636910875492096,9,interleaved
9081,81,0,0.4210909412237273,0.33700425031992415,9,interleaved
9082,82,0,0.6159608870897952,0.5859783256256683,9,interleaved
9083,83,0,0.6580037388135644,0.4009483359091654,9,interleaved
9084,84,0,0.6857984667509304,0.3619499126092997,9,interleaved
9085,85,0,0.6507303428537147,0.5347757241173909,9,interleaved
9086,86,0,0.22196483094902159,0.41302670542130016,9,interleaved
9087,87,0,0.8494037205322009,0.4334182570729346,9,interleaved
9088,88,0,0.9363806893491505,0.37189201695011326,9,interleaved
9089,89,0,0.32420517791954473,0.5427140010375385,9,interleaved
9090,90,0,0.057613302111156145,0.4865686144337751,9,interleaved
9091,91,0,0.6182464846878948,0.48192972459770167,9,interleaved
9092,92,0,0.6972769607769034,0.44959662514244003,9,interleaved
9093,93,0,0.473217003368163,0.4526437720401177,9,interleaved
9094,94,0,0.49844922591285,0.4358998094837573,9,interleaved
9095,95,0,0.40176798976051153,0.42253568837493105,9,interleaved
9096,96,0,0.624942662158737,0.34586566935060004,9,interleaved
9097,97,0,0.5675948676967046,0.3559156736811493,9,interleaved
9098,98,0,0.41012998446121707,0.44002564736673816,9,interleaved
9099,99,0,0.3808743617485694,0.37893852247548176,9,interleaved
9100,100,0,0.8049171348805615,0.3319288943587279,9,interleaved
9101,101,0,0.5211465379467402,0.27367991197279906,9,interleaved
9102,102,0,0.5960576441852862,0.44428259507881285,9,interleaved
9103,103,0,0.6638225321985955,0.36760525602507166,9,interleaved
9104,104,0,0.9412467518072593,0.24893439146176327,9,interleaved
9105,105,0,0.6238438171568306,0.3427298017454776,9,interleaved
9106,106,0,0.10882404083471672,0.40744147323048197,9,interleaved
9107,107,0,0.7114923064638097,0.404711208877071,9,interleaved
9108,108,0,0.19688457062989334,0.358997397016188,9,interleaved
9109,109,0,0.7894245781502298,0.3895616563681793,9,interleaved
9110,110,0,0.4603685935707304,0.611801447493742,9,interleaved
9111,111,0,0.47414992881083423,0.44788747430128406,9,interleaved
9112,112,0,0.687565899595415,0.6441513108984664,9,interleaved
9113,113,0,0.43087732694012576,0.6373834124767479,9,interleaved
9114,114,0,0.05059549835956982,0.4959770043617274,9,interleaved
9115,115,0,0.49945005221572314,0.4786092514095336,9,interleaved
9116,116,0,0.43236598691581984,0.32736892975250476,9,interleaved
9117,117,0,0.48464046469640176,0.5325131318592224,9,interleaved
9118,118,0,0.7040094822059679,0.36753718785721445,9,interleaved
9119,119,0,0.5077576622417846,0.5556205724453681,9,interleaved
9120,120,0,0.8497304382563511,0.3131326600695664,9,interleaved
9121,121,0,0.4793748395461077,0.37834179364568266,9,interleaved
9122,122,0,0.22742784357440007,0.5107761680154959,9,interleaved
9123,123,0,0.8005989351421328,0.4034442444587387,9,interleaved
9124,124,0,0.25977414486228695,0.5398288736380419,9,interleaved
9125,125,0,0.5559044549985063,0.4004564619071587,9,interleaved
9126,126,0,0.7380422089985438,0.353851545097863,9,interleaved
9127,127,0,0.6615642259813043,0.37429632129343027,9,interleaved
9128,128,0,0.813476248420538,0.4650567501434695,9,interleaved
9129,129,0,0.5309036577535784,0.47868720763213013,9,interleaved
9130,130,0,0.8069521477804567,0.4150263748668712,9,interleaved
9131,131,0,0.6817210727981386,0.32401620038233087,9,interleaved
9132,132,0,0.8236317907430464,0.5213304778167309,9,interleaved
9133,133,0,0.497319985290161,0.3509019329320899,9,interleaved
9134,134,0,0.9478235463302819,0.2732182065999482,9,interleaved
9135,135,0,0.5516610057063343,0.4031752848642566,9,interleaved
9136,136,0,0.537741489061342,0.366305045047444,9,interleaved
9137,137,0,0.47704722545459444,0.2968688153731712,9,interleaved
9138,138,0,0.5285093037439946,0.30696151399592786,9,interleaved
9139,139,0,0.3931004792287859,0.36528931859616937,9,interleaved
9140,140,0,0.2747239469418676,0.3018803106299038,9,interleaved
9141,141,0,0.8115182518456949,0.38321582832282114,9,interleaved
9142,142,0,0.7144411340202362,0.23157313201316027,9,interleaved
9143,143,0,0.2999005726036604,0.33230381485724725,9,interleaved
9144,144,0,0.5370573268917218,0.4139218500980239,9,interleaved
9145,145,0,0.847015132174971,0.4135543249334478,9,interleaved
9146,146,0,0.6636687397312242,0.3390414729778215,9,interleaved
9147,147,0,0.4792490341827253,0.40554013684626283,9,interleaved
9148,148,0,0.45509260849761585,0.47854241854217655,9,interleaved
9149,149,0,0.5488578058829969,0.2928548386140647,9,interleaved
9150,150,0,0.6976527081338978,0.3786806511193731,9,interleaved
9151,151,0,0.6660423048843451,0.26361931454653476,9,interleaved
9152,152,0,0.8519610771368813,0.3673093909203274,9,interleaved
9153,153,0,0.3586022770547105,0.3935902261859187,9,interleaved
9154,154,0,0.5692494709991871,0.3191840098422815,9,interleaved
9155,155,0,0.7568613357954272,0.2642326144404427,9,interleaved
9156,156,0,0.7394527049882066,0.4085839511170689,9,interleaved
9157,157,0,0.7966618250687943,0.5078107373083274,9,interleaved
9158,158,0,0.37825593078237296,0.3214968655497047,9,interleaved
9159,159,0,0.8677009454707424,0.3078754339251119,9,interleaved
9160,160,0,0.47818085273656125,0.4064016415630396,9,interleaved
9161,161,0,0.5726459402775075,0.22272315685348346,9,interleaved
9162,162,0,0.5403108400703687,0.37896336684413456,9,interleaved
9163,163,0,0.567959627157664,0.3443026070078691,9,interleaved
9164,164,0,0.16415502891107603,0.4022928189888936,9,interleaved
9165,165,0,0.6630475215214761,0.48516856500181454,9,interleaved
9166,166,0,0.6196704447047674,0.3462801922727279,9,interleaved
9167,167,0,0.6473897020168663,0.3685375195430486,9,interleaved
9168,168,0,0.36521435956880444,0.26399886342036427,9,interleaved
9169,169,0,0.12574675153127712,0.4738755641026867,9,interleaved
9170,170,0,0.33027913682868765,0.31645969446936606,9,interleaved
9171,171,0,0.8199332212659972,0.3006120067612541,9,interleaved
9172,172,0,0.9511610778622724,0.2573548620172261,9,interleaved
9173,173,0,0.804027894302812,0.48555318761998534,9,interleaved
9174,174,0,0.441312497667232,0.4703487422383199,9,interleaved
9175,175,0,0.3229909182846811,0.4360655399193317,9,interleaved
9176,176,0,0.7847586446557877,0.44778316647208305,9,interleaved
9177,177,0,0.4892594109185423,0.46440607305206816,9,interleaved
9178,178,0,0.42062201579864344,0.4479350377291645,9,interleaved
9179,179,0,0.4486430155315172,0.39458529098665324,9,interleaved
9180,180,0,0.6565484290246615,0.2261955844034999,9,interleaved
9181,181,0,0.5910533681113821,0.5082378657093441,9,interleaved
9182,182,0,0.3367558192402889,0.4110585817117697,9,interleaved
9183,183,0,0.4587537360355757,0.4075388419184013,9,interleaved
9184,184,0,0.3672104108499918,0.33653002997816406,9,interleaved
9185,185,0,0.7550267856014412,0.5225205010086705,9,interleaved
9186,186,0,0.9666123559084534,0.3590256686151052,9,interleaved
9187,187,0,0.578075124210701,0.3227172581961024,9,interleaved
9188,188,0,0.8950597650731561,0.19031998782104678,9,interleaved
9189,189,0,0.19369703971420432,0.33544417627678563,9,interleaved
9190,190,0,0.486739324711132,0.27764841327136724,9,interleaved
9191,191,0,0.2892701383528836,0.3254686130401109,9,interleaved
9192,192,0,0.5238520324390525,0.22289785289898062,9,interleaved
9193,193,0,0.5262967214124833,0.3215034914602847,9,interleaved
9194,194,0,0.6743075851431942,0.38764119871057345,9,interleaved
9195,195,0,0.3688137978374812,0.3085586941429555,9,interleaved
9196,196,0,0.6307881874367629,0.28925212318254667,9,interleaved
9197,197,0,0.9789515032879444,0.22425294656958147,9,interleaved
9198,198,0,0.011636279505024116,0.40938762209596913,9,interleaved
9199,199,0,0.16906299198573477,0.37656692846832274,9,interleaved
9200,0,0,0.5992152747508883,0.6722267313368853,9,blocked
9201,1,0,0.46367668787277455,0.6809491495145066,9,blocked
9202,2,0,0.5221730626576631,0.5878497825920104,9,blocked
9203,3,0,0.42288223074843295,0.5500770529812706,9,blocked
9204,4,0,0.4281771606452326,0.42166494178822544,9,blocked
9205,5,0,0.7032601876675147,0.449673146774476,9,blocked
9206,6,0,0.5328302807073507,0.5580955804670432,9,blocked
9207,7,0,0.8491287832149865,0.45326440233135745,9,blocked
9208,8,0,0.7830839572062492,0.4582982604313206,9,blocked
9209,9,0,0.03276982614051304,0.8184365139680475,9,blocked
9210,10,0,0.49008834363138976,0.4891148674738122,9,blocked
9211,11,0,0.5890040487493109,0.5727102488366629,9,blocked
9212,12,0,0.5095259054603257,0.5894138576136472,9,blocked
9213,13,0,0.5983214053283439,0.4450738338485425,9,blocked
9214,14,0,0.6814245696078886,0.43541223685821306,9,blocked
9215,15,0,0.1942371336886263,0.5204239975782234,9,blocked
9216,16,0,0.6808157012970312,0.35423173378085215,9,blocked
9217,17,0,0.47251520901554245,0.3989681863285316,9,blocked
9218,18,0,0.40138000719854694,0.420691306034562,9,blocked
9219,19,0,0.281087605380952,0.5589278668589097,9,blocked
9220,20,0,0.6076718505654581,0.5627683216981872,9,blocked
9221,21,0,0.7100776008794949,0.4949076397215405,9,blocked
9222,22,0,0.6756873345586469,0.4277867366158363,9,blocked
9223,23,0,0.21920112551302545,0.5953908940941152,9,blocked
9224,24,0,0.5778913477985553,0.3281017349299718,9,blocked
9225,25,0,0.28467068293355857,0.49699368565163704,9,blocked
9226,26,0,0.49342523923052994,0.5158844941821844,9,blocked
9227,27,0,0.32560611033541037,0.6219650674863926,9,blocked
9228,28,0,0.31209196482565704,0.4549815194960756,9,blocked
9229,29,0,0.7716719164352375,0.4535034626033095,9,blocked
9230,30,0,0.5547283348979075,0.5531887864000697,9,blocked
9231,31,0,0.6866715469202664,0.40221773444449715,9,blocked
9232,32,0,0.9254534480683059,0.38566335312958516,9,blocked
9233,33,0,0.5244401709547988,0.3956801874278546,9,blocked
9234,34,0,0.4281147321040236,0.5410249256840785,9,blocked
9235,35,0,0.2022151198299871,0.47399472312720964,9,blocked
9236,36,0,0.7468320818456744,0.5487820811891653,9,blocked
9237,37,0,0.22394947477846705,0.5510700709089875,9,blocked
9238,38,0,0.7806571910161851,0.4031055434208979,9,blocked
9239,39,0,0.5374215526028978,0.5679566790002135,9,blocked
9240,40,0,0.32610836741501625,0.46145347803227743,9,blocked
9241,41,0,0.19716125841827603,0.6578194940580492,9,blocked
9242,42,0,0.10661465224800915,0.602937597427702,9,blocked
9243,43,0,0.33417422449131684,0.4323031207185093,9,blocked
9244,44,0,0.37405295742348293,0.4626135123063263,9,blocked
9245,45,0,0.8079565706948681,0.43125372670491857,9,blocked
9246,46,0,0.11195805709205954,0.5380112706271158,9,blocked
9247,47,0,0.5187857818131335,0.4821512803837258,9,blocked
9248,48,0,0.339179262638004,0.4336655251347704,9,blocked
9249,49,0,0.5612885440463686,0.522931711843306,9,blocked
9250,50,0,0.5489101292470666,0.48760212497769906,9,blocked
9251,51,0,0.32261177647249983,0.519420595389,9,blocked
9252,52,0,0.8187771250071354,0.44703179194703063,9,blocked
9253,53,0,0.8942951120652021,0.40572219525813624,9,blocked
9254,54,0,0.45131801911777275,0.4866068882186412,9,blocked
9255,55,0,0.79550406182994,0.3687718242418282,9,blocked
9256,56,0,0.4647608538170804,0.6403308792098302,9,blocked
9257,57,0,0.7653264585406819,0.43680088912939097,9,blocked
9258,58,0,0.6495844687596827,0.5308773151454981,9,blocked
9259,59,0,0.5291881269230119,0.5075411521993808,9,blocked
9260,60,0,0.08740992471119341,0.37430190411552683,9,blocked
9261,61,0,0.29975645391339173,0.4307439525880099,9,blocked
9262,62,0,0.7784502689269759,0.2985595181352971,9,blocked
9263,63,0,0.225233390673183,0.3612778255116583,9,blocked
9264,64,0,0.7547461403211622,0.3802672949180512,9,blocked
9265,65,0,0.8918189724329961,0.37435464563387977,9,blocked
9266,66,0,0.8338908639075271,0.5106689856453765,9,blocked
9267,67,0,0.9297424973947548,0.6815561156483845,9,blocked
9268,68,0,0.7284393700714502,0.417046084161771,9,blocked
9269,69,0,0.8698900034038854,0.32603620215092055,9,blocked
9270,70,0,0.9850097325928044,0.5210336073513621,9,blocked
9271,71,0,0.977964306465812,0.30007359231205877,9,blocked
9272,72,0,0.9925443806602985,0.4001436918541643,9,blocked
9273,73,0,0.5129169170852967,0.6492435334300544,9,blocked
9274,74,0,0.17857912304222123,0.4731617276746611,9,blocked
9275,75,0,0.5545288248500373,0.3738107890323549,9,blocked
9276,76,0,0.7402863404711837,0.43805584645641993,9,blocked
9277,77,0,0.7437752674793995,0.3992549261184378,9,blocked
9278,78,0,0.1292006388801652,0.4318902004339374,9,blocked
9279,79,0,0.9538691121630662,0.5318086780438943,9,blocked
9280,80,0,0.1482018096645245,0.5442481822953871,9,blocked
9281,81,0,0.40996300318370876,0.37329468056826504,9,blocked
9282,82,0,0.2624359587933035,0.3911995021171757,9,blocked
9283,83,0,0.5900723851265572,0.39361568357807697,9,blocked
9284,84,0,0.5922371728957063,0.38902231319733915,9,blocked
9285,85,0,0.79132628567552,0.4607490388247185,9,blocked
9286,86,0,0.25910696804852845,0.6224085948704886,9,blocked
9287,87,0,0.3544708170700742,0.576721855192148,9,blocked
9288,88,0,0.6736979813679125,0.40852712166300154,9,blocked
9289,89,0,0.6616509435784584,0.4976708018032371,9,blocked
9290,90,0,0.8155744954500215,0.37881033408336007,9,blocked
9291,91,0,0.5172015574825322,0.3581488703894435,9,blocked
9292,92,0,0.28344982515916595,0.4659420196146413,9,blocked
9293,93,0,0.3276263951647652,0.4884544441918024,9,blocked
9294,94,0,0.3337107193731303,0.4097496770158577,9,blocked
9295,95,0,0.4097715766435404,0.6020916812913295,9,blocked
9296,96,0,0.9296361194643601,0.3446551281833973,9,blocked
9297,97,0,0.8232377204171097,0.5821529019060977,9,blocked
9298,98,0,0.1944679302712293,0.6876896185907798,9,blocked
9299,99,0,0.816648334322856,0.5096087500257446,9,blocked
9300,100,0,0.6639131813225779,0.5278481827111898,9,blocked
9301,101,0,0.861789892319013,0.44119068122662186,9,blocked
9302,102,0,0.625583089905122,0.3287750658819101,9,blocked
9303,103,0,0.6063030316684496,0.35637352081297285,9,blocked
9304,104,0,0.8487908612034829,0.29394381406038106,9,blocked
9305,105,0,0.38755453123198824,0.4938968821172869,9,blocked
9306,106,0,0.7152953534489959,0.3994358738852069,9,blocked
9307,107,0,0.4486710334541987,0.4321883486743001,9,blocked
9308,108,0,0.900643737896153,0.31276517035468265,9,blocked
9309,109,0,0.5617900904907693,0.42741787529804365,9,blocked
9310,110,0,0.4588754170239905,0.400388649442627,9,blocked
9311,111,0,0.6202639035081641,0.40609031803092105,9,blocked
9312,112,0,0.18736893761786888,0.521579130014102,9,blocked
9313,113,0,0.31628333076514775,0.5379923463479795,9,blocked
9314,114,0,0.8010731207852044,0.4050179511379214,9,blocked
9315,115,0,0.6624466071104534,0.365080027929905,9,blocked
9316,116,0,0.6317042015952075,0.4740632767826908,9,blocked
9317,117,0,0.7788363241319236,0.45099171350617223,9,blocked
9318,118,0,0.6245518651804807,0.3759085885693576,9,blocked
9319,119,0,0.6616587908078926,0.41867474413173644,9,blocked
9320,120,0,0.727288042418839,0.36739931769052303,9,blocked
9321,121,0,0.44840400505450906,0.5365088535757156,9,blocked
9322,122,0,0.27433465795572476,0.47594926389752024,9,blocked
9323,123,0,0.8689289485033875,0.3503424294961327,9,blocked
9324,124,0,0.5154648745570269,0.35566253714424234,9,blocked
9325,125,0,0.48791422145996083,0.32844350609550954,9,blocked
9326,126,0,0.283603823178481,0.36486190910099603,9,blocked
9327,127,0,0.38340168239311206,0.361193463488532,9,blocked
9328,128,0,0.5828427098693305,0.4108673577688596,9,blocked
9329,129,0,0.4439418624447785,0.547827472400021,9,blocked
9330,130,0,0.8938821977588662,0.32533977747728926,9,blocked
9331,131,0,0.5112434162637394,0.5828122267964134,9,blocked
9332,132,0,0.8531308396479713,0.28650687447924716,9,blocked
9333,133,0,0.8343506178016982,0.3284139478016437,9,blocked
9334,134,0,0.5082230033251726,0.46187762108901687,9,blocked
9335,135,0,0.5329129939603987,0.41873327794797377,9,blocked
9336,136,0,0.4931580906674193,0.49710951513571344,9,blocked
9337,137,0,0.9090034287120035,0.3930927340361693,9,blocked
9338,138,0,0.9070219889723787,0.3348952140868949,9,blocked
9339,139,0,0.9768509678503022,0.3930983023296857,9,blocked
9340,140,0,0.22796413318611794,0.47373248900673404,9,blocked
9341,141,0,0.4759337217516995,0.37997054717069356,9,blocked
9342,142,0,0.7188368125433423,0.3828424993531415,9,blocked
9343,143,0,0.4254314007116861,0.4407240313150217,9,blocked
9344,144,0,0.890787453498487,0.36907357826370524,9,blocked
9345,145,0,0.6328613388476845,0.4694952309595264,9,blocked
9346,146,0,0.750376536603292,0.39080581716837376,9,blocked
9347,147,0,0.6526114690068561,0.47839251988141285,9,blocked
9348,148,0,0.582461831672085,0.4787370321619582,9,blocked
9349,149,0,0.9341231840271443,0.3414410341613848,9,blocked
9350,150,0,0.5007046030228857,0.6008747792036186,9,blocked
9351,151,0,0.9523485771084581,0.389319899744481,9,blocked
9352,152,0,0.7701345941040203,0.3286294228597849,9,blocked
9353,153,0,0.582169294565113,0.3791754582111381,9,blocked
9354,154,0,0.529966112966457,0.2900782921579642,9,blocked
9355,155,0,0.8443338256858445,0.3710050841769367,9,blocked
9356,156,0,0.5863714964700395,0.3921970891552482,9,blocked
9357,157,0,0.7679933871491974,0.5322828186854297,9,blocked
9358,158,0,0.8862071058698026,0.4213898467141246,9,blocked
9359,159,0,0.717709284896848,0.35591272839503185,9,blocked
9360,160,0,0.7777616349487002,0.35819169095491343,9,blocked
9361,161,0,0.6992459137802878,0.34691663185340804,9,blocked
9362,162,0,0.9747931583279086,0.34663166894538033,9,blocked
9363,163,0,0.8319446656074841,0.3576976291317615,9,blocked
9364,164,0,0.49182999263910554,0.43721760671854926,9,blocked
9365,165,0,0.7511338726650703,0.2926232419918674,9,blocked
9366,166,0,0.938520005261883,0.3344824434874827,9,blocked
9367,167,0,0.9017937212988654,0.38883478686956585,9,blocked
9368,168,0,0.5633397329253067,0.3218952729921112,9,blocked
9369,169,0,0.5023391950629701,0.42099875089589517,9,blocked
9370,170,0,0.9491537514049103,0.328170289361458,9,blocked
9371,171,0,0.5593845040056626,0.34579120861790413,9,blocked
9372,172,0,0.677219229851086,0.37564113814112843,9,blocked
9373,173,0,0.5609339873504222,0.43031617805285877,9,blocked
9374,174,0,0.15109406192940814,0.3431673936686675,9,blocked
9375,175,0,0.9117929570592558,0.38898065186291364,9,blocked
9376,176,0,0.5711692934176403,0.3584184431175498,9,blocked
9377,177,0,0.5136197004414194,0.3917329552386577,9,blocked
9378,178,0,0.9854393983345484,0.37918363182005843,9,blocked
9379,179,0,0.974325436873676,0.27828445110794015,9,blocked
9380,180,0,0.09757365411267645,0.4642878140552929,9,blocked
9381,181,0,0.9825649526479705,0.37209078745713275,9,blocked
9382,182,0,0.4859411779820193,0.3942455081619033,9,blocked
9383,183,0,0.5736467588628811,0.3078366983446923,9,blocked
9384,184,0,0.5838148823558671,0.36555720655264656,9,blocked
9385,185,0,0.5449099139540098,0.418009194466472,9,blocked
9386,186,0,0.4531699360148288,0.3504688071119573,9,blocked
9387,187,0,0.7334803902752974,0.2612406073754191,9,blocked
9388,188,0,0.8130516020201177,0.22064909670207944,9,blocked
9389,189,0,0.9179213764784669,0.5890899992010797,9,blocked
9390,190,0,0.9423995240160653,0.31700720881164013,9,blocked
9391,191,0,0.6356747271332512,0.5223217902496333,9,blocked
9392,192,0,0.7652911026125252,0.4577576234501573,9,blocked
9393,193,0,0.551499596803124,0.5197912891096411,9,blocked
9394,194,0,0.7593120508913169,0.2898596341255222,9,blocked
9395,195,0,0.7306942300727775,0.35010726806987924,9,blocked
9396,196,0,0.6400225973548493,0.3096100721758007,9,blocked
9397,197,0,0.17831441496650302,0.639822232438108,9,blocked
9398,198,0,0.21784730429439292,0.45969023157920563,9,blocked
9399,199,0,0.888261625911964,0.4136436040276402,9,blocked
9400,0,0,0.485888297992216,0.9900545657250357,9,early
9401,1,0,0.6276617926695788,0.42662011752540785,9,early
9402,2,0,0.46120447683937155,0.5346577669357675,9,early
9403,3,0,0.24021401566026582,0.6574321234348937,9,early
9404,4,0,0.36494287982888807,0.5078717983606216,9,early
9405,5,0,0.624319261995678,0.5449118044124395,9,early
9406,6,0,0.49853066892873915,0.4490785128797977,9,early
9407,7,0,0.4228608573432412,0.6010969370096254,9,early
9408,8,0,0.5807720899619866,0.496167863330532,9,early
9409,9,0,0.49967321343314836,0.5293453967946083,9,early
9410,10,0,0.45180606442407895,0.4762971352114699,9,early
9411,11,0,0.35376916014902277,0.3349983263900024,9,early
9412,12,0,0.8438556169952007,0.5066512245634671,9,early
9413,13,0,0.19463039126531764,0.5250684905904093,9,early
9414,14,0,0.29109373106971903,0.4808215399715334,9,early
9415,15,0,0.63524963528737,0.7462037055878034,9,early
9416,16,0,0.7233726381379861,0.4281929672755588,9,early
9417,17,0,0.5256433826045054,0.566055764062211,9,early
9418,18,0,0.4680452209220911,0.5675554312832332,9,early
9419,19,0,0.7496672566673448,0.5024847154724796,9,early
9420,20,0,0.11717645514983129,0.5904729068431247,9,early
9421,21,0,0.8562925820039476,0.5970117228418464,9,early
9422,22,0,0.4977727666585554,0.4458587353690564,9,early
9423,23,0,0.7203865089592782,0.49897974460689165,9,early
9424,24,0,0.6388334046060326,0.5382707533726365,9,early
9425,25,0,0.5874121178127156,0.3776388551755645,9,early
9426,26,0,0.7543594147224899,0.38424368878643345,9,early
9427,27,0,0.7292616269126191,0.5802881522777469,9,early
9428,28,0,0.8775842819960705,0.34763197442618865,9,early
9429,29,0,0.8048782108811119,0.30555113213259,9,early
9430,30,0,0.800958609374594,0.4073300528494605,9,early
9431,31,0,0.7027562362808984,0.35646411251516363,9,early
9432,32,0,0.9778307138954467,0.38680764677068735,9,early
9433,33,0,0.8484730161318195,0.47040614089688265,9,early
9434,34,0,0.901094973384087,0.5770852776842827,9,early
9435,35,0,0.1669076226533981,0.49244556385870586,9,early
9436,36,0,0.5193571892346345,0.6538485499650257,9,early
9437,37,0,0.41090945490396247,0.3777080806185996,9,early
9438,38,0,0.7905131597749626,0.481487469213694,9,early
9439,39,0,0.847492927891512,0.5939203510652776,9,early
9440,40,0,0.17416531115964243,0.6951264900562235,9,early
9441,41,0,0.5192049841944942,0.5458019219741193,9,early
9442,42,0,0.4671963385532605,0.6635119027245377,9,early
9443,43,0,0.05911762461046508,0.6896841252821622,9,early
9444,44,0,0.7584296515642965,0.43637566611853973,9,early
9445,45,0,0.5835978173351979,0.4267807925181448,9,early
9446,46,0,0.752522306907627,0.3547747757763704,9,early
9447,47,0,0.8235118454610282,0.4497034892700361,9,early
9448,48,0,0.9754622855331609,0.48935840318737056,9,early
9449,49,0,0.29594054230225847,0.4785518381945165,9,early
9450,50,0,0.5633947982430251,0.5501336224867492,9,early
9451,51,0,0.03354534101228604,0.5539813099806046,9,early
9452,52,0,0.4795266397233172,0.5442009139982363,9,early
9453,53,0,0.4420244378525796,0.565565791246234,9,early
9454,54,0,0.3329642511079593,0.6060871453309851,9,early
9455,55,0,0.6316831851602144,0.49479513522415774,9,early
9456,56,0,0.49873956719101376,0.5158322596697986,9,early
9457,57,0,0.5862443562977449,0.49494608861593375,9,early
9458,58,0,0.6866086351298895,0.4168083878442529,9,early
9459,59,0,0.05945662734030087,0.4848469095755273,9,early
9460,60,0,0.9064815356565536,0.462240714129756,9,early
9461,61,0,0.27679074631616757,0.6018057795677298,9,early
9462,62,0,0.9357576194132835,0.4246162442332439,9,early
9463,63,0,0.13504509254474353,0.556286983486981,9,early
9464,64,0,0.4717835471981003,0.4491980131710576,9,early
9465,65,0,0.8082737568294024,0.4710275799480311,9,early
9466,66,0,0.9311558365716034,0.4880157804654013,9,early
9467,67,0,0.4102032593395067,0.7267833059180738,9,early
9468,68,0,0.20761543907976482,0.5124959277647854,9,early
9469,69,0,0.6164249045397688,0.4998610219121923,9,early
9470,70,0,0.2988776067365732,0.5523595754155676,9,early
9471,71,0,0.695996056026962,0.6356271615412015,9,early
9472,72,0,0.5992160789990253,0.4003420414112199,9,early
9473,73,0,0.14866005649395145,0.7267155081907167,9,early
9474,74,0,0.529674984140543,0.3188186025739493,9,early
9475,75,0,0.40696603063368775,0.46437616120727626,9,early
9476,76,0,0.5680644642889947,0.4111783355725288,9,early
9477,77,0,0.5341855835480847,0.5770213998215977,9,early
9478,78,0,0.5677055064020324,0.48836545607470944,9,early
9479,79,0,0.34115699339269584,0.6543106451287048,9,early
9480,80,0,0.5517788220353468,0.48866432718857206,9,early
9481,81,0,0.23148874509876477,0.586448732471295,9,early
9482,82,0,0.7921638283106891,0.35712913328404505,9,early
9483,83,0,0.5549268694378191,0.4765558635185897,9,early
9484,84,0,0.47217892700785236,0.4790504370029773,9,early
9485,85,0,0.35186235222139617,0.5327555844425979,9,early
9486,86,0,0.4877246627801582,0.4417450802951198,9,early
9487,87,0,0.938420713971008,0.4474419750074166,9,early
9488,88,0,0.4412223350800082,0.5720936068224343,9,early
9489,89,0,0.9054082010196398,0.405457389391045,9,early
9490,90,0,0.27982773025149016,0.5994864244372258,9,early
9491,91,0,0.8796049085817778,0.4117988021678963,9,early
9492,92,0,0.587352559081918,0.4716324132724907,9,early
9493,93,0,0.5391515092490542,0.4201905869510937,9,early
9494,94,0,0.7772036105796125,0.5298198937537903,9,early
9495,95,0,0.3264879519252385,0.4307921810905656,9,early
9496,96,0,0.6750841960079615,0.5341199693057571,9,early
9497,97,0,0.3571212401405835,0.46589349677495273,9,early
9498,98,0,0.36774391556338715,0.54350183566737,9,early
9499,99,0,0.709719651658439,0.4264081887135419,9,early
9500,100,0,0.6572748361044465,0.4512102125952537,9,early
9501,101,0,0.516035442541874,0.5006816697020853,9,early
9502,102,0,0.09624974523947,0.743264533152064,9,early
9503,103,0,0.7602707266830238,0.5455352612936613,9,early
9504,104,0,0.35800792086256716,0.4873691958986497,9,early
9505,105,0,0.5404894131023434,0.42866580540462995,9,early
9506,106,0,0.3221003179279684,0.7734683934784232,9,early
9507,107,0,0.44323361176858767,0.5529196193241767,9,early
9508,108,0,0.5669676312545382,0.30827210333186006,9,early
9509,109,0,0.18321844837167856,0.5095257534199605,9,early
9510,110,0,0.7720128456236255,0.4139228265203704,9,early
9511,111,0,0.6428821252395631,0.4942055884053388,9,early
9512,112,0,0.660382763229475,0.3270929537557824,9,early
9513,113,0,0.8735195605984929,0.41748251504944467,9,early
9514,114,0,0.5222102045499997,0.4460853193863725,9,early
9515,115,0,0.7901545354260955,0.44861894227734234,9,early
9516,116,0,0.6001407552217464,0.4882614788643169,9,early
9517,117,0,0.7650501181360383,0.4618397776123332,9,early
9518,118,0,0.6156712140357541,0.40370446958088413,9,early
9519,119,0,0.7789806707620013,0.44607885728322627,9,early
9520,120,0,0.5733223187951086,0.4873602702396277,9,early
9521,121,0,0.24652350384849595,0.5027639990376064,9,early
9522,122,0,0.6522074621981585,0.3612019307166945,9,early
9523,123,0,0.46037202048917786,0.36386275547197433,9,early
9524,124,0,0.36475806891040824,0.5448132157465108,9,early
9525,125,0,0.6472169700660009,0.4345995045931116,9,early
9526,126,0,0.34732486178989913,0.44991910127525525,9,early
9527,127,0,0.16998343208800604,0.3436243149969632,9,early
9528,128,0,0.530476557859264,0.4545907085720027,9,early
9529,129,0,0.5507478667356858,0.45675413796962777,9,early
9530,130,0,0.19066238116118384,0.511761858572287,9,early
9531,131,0,0.2917317900416516,0.40600691968681024,9,early
9532,132,0,0.7044516997456233,0.46630869553679477,9,early
9533,133,0,0.24757462101042682,0.434368989877317,9,early
9534,134,0,0.432476147213332,0.4345599436458727,9,early
9535,135,0,0.49032829311358767,0.5640424794444668,9,early
9536,136,0,0.45047007066679645,0.47357127779822855,9,early
9537,137,0,0.7217013077640246,0.5256884965503632,9,early
9538,138,0,0.6109592635102101,0.46733884545161336,9,early
9539,139,0,0.08528628749610176,0.5637859943991479,9,early
9540,140,0,0.23180895686518116,0.36818346121603246,9,early
9541,141,0,0.6146927293889511,0.36863966698202,9,early
9542,142,0,0.4408724127327159,0.520886796613077,9,early
9543,143,0,0.548059647032772,0.4134476860791684,9,early
9544,144,0,0.42985813490102565,0.4694936417279659,9,early
9545,145,0,0.9245964951079315,0.34611295755056287,9,early
9546,146,0,0.7497594116219897,0.3412155058898213,9,early
9547,147,0,0.8546061592910834,0.4894902547285953,9,early
9548,148,0,0.3367194030151176,0.5577296193420309,9,early
9549,149,0,0.7248283028480702,0.44794072057360834,9,early
9550,150,0,0.7681493247054101,0.48020663042726536,9,early
9551,151,0,0.4102262434246854,0.5026368290217117,9,early
9552,152,0,0.1804231458999092,0.3301528137390663,9,early
9553,153,0,0.585619271570922,0.4315388942623707,9,early
9554,154,0,0.48113634641307973,0.5269792507374736,9,early
9555,155,0,0.3730931356740832,0.546364461696371,9,early
9556,156,0,0.4773398859037916,0.46886411238248094,9,early
9557,157,0,0.43275651501319595,0.36975234300196735,9,early
9558,158,0,0.550633215630139,0.43199704507795733,9,early
9559,159,0,0.5411867126236166,0.3204830666236908,9,early
9560,160,0,0.5238510650055113,0.2645656231687554,9,early
9561,161,0,0.42065972102203075,0.5008347468256498,9,early
9562,162,0,0.8010880034165446,0.507787765609541,9,early
9563,163,0,0.55082811384748,0.43094275547571415,9,early
9564,164,0,0.24077050484065887,0.5417954893298647,9,early
9565,165,0,0.5115271583410081,0.3748787720543405,9,early
9566,166,0,0.5333059739688779,0.5360002122827474,9,early
9567,167,0,0.838597131963301,0.48213980082797414,9,early
9568,168,0,0.2486549494598205,0.4795679597527424,9,early
9569,169,0,0.7106408457806134,0.5481574772598754,9,early
9570,170,0,0.6995490065934423,0.3609054535462391,9,early
9571,171,0,0.26342670592453127,0.5164681301767368,9,early
9572,172,0,0.4583258968181865,0.5494368778332257,9,early
9573,173,0,0.3271493469468398,0.38058439330157556,9,early
9574,174,0,0.7628414851253056,0.3483996949313161,9,early
9575,175,0,0.7526784954207377,0.4762503661554881,9,early
9576,176,0,0.7420006599192459,0.28018869780695144,9,early
9577,177,0,0.23897056293743382,0.6390533694044656,9,early
9578,178,0,0.4511229787685525,0.6238136491562916,9,early
9579,179,0,0.5598757511219906,0.3662478887788497,9,early
9580,180,0,0.9185081472639448,0.4659582252173237,9,early
9581,181,0,0.5079167890352727,0.5359892514569569,9,early
9582,182,0,0.8997981267060073,0.3798374053212597,9,early
9583,183,0,0.39871509083033063,0.44850886631373366,9,early
9584,184,0,0.5089506739628659,0.5551575377516657,9,early
9585,185,0,0.5488375422518366,0.44336150324043144,9,early
9586,186,0,0.27378966843226793,0.3978285103473771,9,early
9587,187,0,0.7736569006459113,0.19325762610458574,9,early
9588,188,0,0.536105654133308,0.2805187418721927,9,early
9589,189,0,0.3660319632286414,0.3202747025084074,9,early
9590,190,0,0.5914481405670324,0.4227810092629369,9,early
9591,191,0,0.18171379439814395,0.4885695100024009,9,early
9592,192,0,0.585418446759808,0.4203857248104207,9,early
9593,193,0,0.6078478413830943,0.4453001055192638,9,early
9594,194,0,0.45244086634005554,0.47518421039871,9,early
9595,195,0,0.869539498178668,0.24429780046255845,9,early
9596,196,0,0.483492053269266,0.3976142799134242,9,early
9597,197,0,0.2977170675404092,0.3915580652192183,9,early
9598,198,0,0.7322795307924735,0.42615105887479265,9,early
9599,199,0,0.5059705566273489,0.37417181262068594,9,early
9600,0,0,0.7017560159859986,0.7967499086435468,9,middle
9601,1,0,0.5104998251737922,0.6117738633552205,9,middle
9602,2,0,0.11261855052166128,0.523290600532355,9,middle
9603,3,0,0.4999849828236911,0.5342196915375217,9,middle
9604,4,0,0.9518495461662257,0.6617756285587706,9,middle
9605,5,0,0.6520154797461568,0.5849424896033479,9,middle
9606,6,0,0.09302083372971945,0.3752685072470757,9,middle
9607,7,0,0.5288517137235725,0.46128877122662804,9,middle
9608,8,0,0.4208306269550793,0.45002320082836705,9,middle
9609,9,0,0.38856434510754934,0.4314181392168848,9,middle
9610,10,0,0.6059255248084554,0.5586869904383114,9,middle
9611,11,0,0.33610115235578514,0.4348422584714999,9,middle
9612,12,0,0.49621239329917577,0.38426926712216725,9,middle
9613,13,0,0.4438406162791783,0.48043460645763675,9,middle
9614,14,0,0.540520294731435,0.46761420851697233,9,middle
9615,15,0,0.6287211145601019,0.45557648372531395,9,middle
9616,16,0,0.6587484912921147,0.35277628906996394,9,middle
9617,17,0,0.42381282781369994,0.466919253669986,9,middle
9618,18,0,0.17359150793584321,0.484035176388934,9,middle
9619,19,0,0.6126972971636581,0.44924956747207756,9,middle
9620,20,0,0.7638260372078961,0.6744420838595677,9,middle
9621,21,0,0.426893341151409,0.40070484415208496,9,middle
9622,22,0,0.7095795310207403,0.47343309470347594,9,middle
9623,23,0,0.46097561613451177,0.41162276771849576,9,middle
9624,24,0,0.6559290169122879,0.3386905472114573,9,middle
9625,25,0,0.4107553292072786,0.568743158315824,9,middle
9626,26,0,0.26652590397401477,0.4760622118687837,9,middle
9627,27,0,0.4702692674903638,0.5722168967494612,9,middle
9628,28,0,0.18111956522142872,0.5395768955421123,9,middle
9629,29,0,0.2833394993284501,0.7880701357753139,9,middle
9630,30,0,0.6619416910305623,0.35665396162207474,9,middle
9631,31,0,0.5089742563289281,0.3734676012468045,9,middle
9632,32,0,0.50773860300972,0.3263850163236812,9,middle
9633,33,0,0.5456810977798047,0.5167150161808935,9,middle
9634,34,0,0.4014865155465065,0.4370956622399441,9,middle
9635,35,0,0.30313813731646166,0.8346675197280857,9,middle
9636,36,0,0.38678232785675004,0.5327469060742202,9,middle
9637,37,0,0.26361283547316305,0.4807901341489099,9,middle
9638,38,0,0.5220549638542004,0.415864463385449,9,middle
9639,39,0,0.4732066281768774,0.4230508536475009,9,middle
9640,40,0,0.7820070585706753,0.3738174375085985,9,middle
9641,41,0,0.7803005769169759,0.49759599116153713,9,middle
9642,42,0,0.15044695950389378,0.5510662937805517,9,middle
9643,43,0,0.8576926645544481,0.5500967500507543,9,middle
9644,44,0,0.9288142315987076,0.40565333483298527,9,middle
9645,45,0,0.08069452406037185,0.6948974207223186,9,middle
9646,46,0,0.7001804820913139,0.4742367727724409,9,middle
9647,47,0,0.4742095237396854,0.402232372941695,9,middle
9648,48,0,0.5618176314439625,0.44616914627895715,9,middle
9649,49,0,0.4890682859085199,0.46432892835347084,9,middle
9650,50,0,0.41464018983522966,0.3842156095573265,9,middle
9651,51,0,0.5814072065726953,0.6087123170120917,9,middle
9652,52,0,0.46597534321844125,0.42319977265743836,9,middle
9653,53,0,0.4507850008782145,0.4138027593420306,9,middle
9654,54,0,0.7662315458583058,0.4459320395595405,9,middle
9655,55,0,0.32507819234837737,0.2169229729410865,9,middle
9656,56,0,0.9029038459372143,0.35915350215163966,9,middle
9657,57,0,0.3730261032694562,0.4905842234906214,9,middle
9658,58,0,0.7982747050093848,0.3754140117125733,9,middle
9659,59,0,0.059605386108757416,0.43468231596087975,9,middle
9660,60,0,0.9670949240628103,0.2799961802734278,9,middle
9661,61,0,0.060953196529594696,0.4715393753696616,9,middle
9662,62,0,0.5212407128943499,0.29758765388783714,9,middle
9663,63,0,0.7678326438653164,0.3956201404808384,9,middle
9664,64,0,0.8900717132228708,0.41563641657300215,9,middle
9665,65,0,0.913067444487668,0.5985438078436964,9,middle
9666,66,0,0.06635027122267179,0.47257599311834175,9,middle
9667,67,0,0.8632009177743281,0.5042678573710384,9,middle
9668,68,0,0.46256994469343315,0.3587203675494898,9,middle
9669,69,0,0.7158465222716759,0.45615320231304035,9,middle
9670,70,0,0.40596540758885574,0.3697471050237894,9,middle
9671,71,0,0.6930986254057646,0.494844094472291,9,middle
9672,72,0,0.440918803507364,0.3786421237905063,9,middle
9673,73,0,0.9848869438064157,0.40655151302822656,9,middle
9674,74,0,0.8052590540878369,0.3006251568909718,9,middle
9675,75,0,0.9905540016086809,0.3339955582589047,9,middle
9676,76,0,0.8226715901815167,0.49953416957379526,9,middle
9677,77,0,0.9260725907396683,0.2756163766267641,9,middle
9678,78,0,0.9569269991693923,0.288491534311915,9,middle
9679,79,0,0.5709768779433164,0.31993976852372485,9,middle
9680,80,0,0.4980580092900927,0.44260949187271853,9,middle
9681,81,0,0.34585944395459883,0.4320996674480313,9,middle
9682,82,0,0.21431953912064847,0.5571603101711661,9,middle
9683,83,0,0.4775333506303907,0.41446361395528375,9,middle
9684,84,0,0.42463622229962195,0.378175296725203,9,middle
9685,85,0,0.5106836503550046,0.4842468067046317,9,middle
9686,86,0,0.1283370885764109,0.401553428833881,9,middle
9687,87,0,0.746676642387579,0.4374099452030481,9,middle
9688,88,0,0.7741390020551309,0.2875147101593651,9,middle
9689,89,0,0.4642881416897501,0.5572844350369315,9,middle
9690,90,0,0.5846970589613606,0.5518028397815757,9,middle
9691,91,0,0.43607616903459895,0.4507003546733419,9,middle
9692,92,0,0.5505812447260372,0.43198918273752557,9,middle
9693,93,0,0.8936398989816572,0.5851594180537305,9,middle
9694,94,0,0.06221680776069709,0.53161947735733,9,middle
9695,95,0,0.4545657348585653,0.41647524757735016,9,middle
9696,96,0,0.5953479842939117,0.48434840490347825,9,middle
9697,97,0,0.5217211960338488,0.4464444241167631,9,middle
9698,98,0,0.4980845310029232,0.43599042906348306,9,middle
9699,99,0,0.11454013764709758,0.38761961718327975,9,middle
9700,100,0,0.6843508537945857,0.33865278079849326,9,middle
9701,101,0,0.8263588017363527,0.3798761150832007,9,middle
9702,102,0,0.8254104606109918,0.36377617145117946,9,middle
9703,103,0,0.49725111598984295,0.551274162001552,9,middle
9704,104,0,0.29684490751783277,0.5488974940628559,9,middle
9705,105,0,0.28620089477032173,0.32982733859612645,9,middle
9706,106,0,0.6194893387725214,0.41332504994434355,9,middle
9707,107,0,0.5087164778271707,0.36312091603938224,9,middle
9708,108,0,0.2890825531493497,0.34369047458348134,9,middle
9709,109,0,0.5341970425044779,0.3441089014875544,9,middle
9710,110,0,0.35226868444421144,0.3999473851865916,9,middle
9711,111,0,0.6695631375149301,0.38386626526098844,9,middle
9712,112,0,0.47731476322732924,0.5093540296449939,9,middle
9713,113,0,0.5168154556844815,0.4623891334085575,9,middle
9714,114,0,0.5632172557523563,0.5916848025374488,9,middle
9715,115,0,0.25259844780605056,0.39953874301549075,9,middle
9716,116,0,0.6633240119460521,0.39173910431728753,9,middle
9717,117,0,0.5854426673672897,0.3797196554136496,9,middle
9718,118,0,0.5048577287656371,0.4031773787923105,9,middle
9719,119,0,0.6450750603239152,0.38895593843620063,9,middle
9720,120,0,0.7171449326846682,0.44669664267405973,9,middle
9721,121,0,0.6218134037268254,0.31285520619382595,9,middle
9722,122,0,0.8844559690682912,0.384349565349015,9,middle
9723,123,0,0.5983113542282288,0.4621162688692491,9,middle
9724,124,0,0.08988271324255254,0.5958574519046486,9,middle
9725,125,0,0.5985886734054758,0.43781082185376846,9,middle
9726,126,0,0.21909548607509916,0.3719287572462212,9,middle
9727,127,0,0.5741754256743553,0.34954045441973924,9,middle
9728,128,0,0.7439104911869383,0.4045333082351561,9,middle
9729,129,0,0.6518247314270061,0.4454401758728424,9,middle
9730,130,0,0.4456862045007034,0.2901307466084769,9,middle
9731,131,0,0.49064483519656193,0.4074797704410412,9,middle
9732,132,0,0.5503909299876049,0.4778128183464156,9,middle
9733,133,0,0.7430165126825143,0.44600531959056544,9,middle
9734,134,0,0.6041400668554711,0.23719127389027425,9,middle
9735,135,0,0.6922534735012498,0.4763269886863334,9,middle
9736,136,0,0.41007531807720193,0.5379736748472682,9,middle
9737,137,0,0.5461727957391923,0.49478926369137555,9,middle
9738,138,0,0.5557939201008247,0.2477819783724947,9,middle
9739,139,0,0.3581466819070016,0.4187035161728876,9,middle
9740,140,0,0.709073706204836,0.29066651350741796,9,middle
9741,141,0,0.7113543225321066,0.28568704842314135,9,middle
9742,142,0,0.37331157393903225,0.41393302493070516,9,middle
9743,143,0,0.5375060727778956,0.32351958275845527,9,middle
9744,144,0,0.6224992634068006,0.43247123543013594,9,middle
9745,145,0,0.251800506350923,0.46481844079846396,9,middle
9746,146,0,0.6456828996201487,0.5230392688179147,9,middle
9747,147,0,0.479361652471624,0.305740745809566,9,middle
9748,148,0,0.6434220754899258,0.4108591846297435,9,middle
9749,149,0,0.28903509769526825,0.3621205955535828,9,middle
9750,150,0,0.8977406631389041,0.30014163571312436,9,middle
9751,151,0,0.6063530586681247,0.33302006754677727,9,middle
9752,152,0,0.7571589795244004,0.4600915845290666,9,middle
9753,153,0,0.4958870116289506,0.5273937826112091,9,middle
9754,154,0,0.29404269980047715,0.3672049834383835,9,middle
9755,155,0,0.23910889555497641,0.38863042482584487,9,middle
9756,156,0,0.578795569326118,0.2527445898201899,9,middle
9757,157,0,0.6169002510490598,0.3201320777172172,9,middle
9758,158,0,0.8781071037613533,0.2334784822589066,9,middle
9759,159,0,0.3469578078751957,0.4449010845275555,9,middle
9760,160,0,0.46515957774980415,0.3469975767028981,9,middle
9761,161,0,0.592607557292112,0.4016114720546753,9,middle
9762,162,0,0.5214696410598746,0.33509942932315795,9,middle
9763,163,0,0.32080592430472016,0.38052242968715866,9,middle
9764,164,0,0.7805668916989673,0.39009622240388503,9,middle
9765,165,0,0.5574272220006626,0.30444984019655286,9,middle
9766,166,0,0.9375981466086329,0.3526729164642092,9,middle
9767,167,0,0.5836684378873309,0.31010530723761637,9,middle
9768,168,0,0.5170430675988175,0.48234465389631037,9,middle
9769,169,0,0.7897646612974561,0.3520854168952332,9,middle
9770,170,0,0.4912446629616637,0.32588707841551223,9,middle
9771,171,0,0.5589580185346809,0.3023029801067167,9,middle
9772,172,0,0.8892184762919313,0.3533775674167352,9,middle
9773,173,0,0.7934888131739755,0.3035547509230875,9,middle
9774,174,0,0.8226891565892844,0.26120574909270095,9,middle
9775,175,0,0.7687832716410352,0.3967134364716942,9,middle
9776,176,0,0.425379449320446,0.33066210759545744,9,middle
9777,177,0,0.6639087711843361,0.27664039568824017,9,middle
9778,178,0,0.6523786125514071,0.32619284157073014,9,middle
9779,179,0,0.5447501301928045,0.3524590217087152,9,middle
9780,180,0,0.6549555471410868,0.2507999927137817,9,middle
9781,181,0,0.8277784304858151,0.30870302751660883,9,middle
9782,182,0,0.4361099259983598,0.2887459877608822,9,middle
9783,183,0,0.33899976295919854,0.3994071155830242,9,middle
9784,184,0,0.812546342408279,0.5338698785913835,9,middle
9785,185,0,0.040847094592861635,0.36827336720180615,9,middle
9786,186,0,0.938011669724451,0.2680689986190415,9,middle
9787,187,0,0.5310736927944515,0.3769002708133825,9,middle
9788,188,0,0.5688784273310378,0.41058775672173803,9,middle
9789,189,0,0.12819390310675066,0.3710959602075231,9,middle
9790,190,0,0.328639933881902,0.37366815717238766,9,middle
9791,191,0,0.6891076428919471,0.21864991970542352,9,middle
9792,192,0,0.12561067966378028,0.44425441946087146,9,middle
9793,193,0,0.8479940939814368,0.34433722707941117,9,middle
9794,194,0,0.61470254432085,0.4861555816382894,9,middle
9795,195,0,0.4562484390403178,0.33143749512765885,9,middle
9796,196,0,0.9135393060630996,0.3740148108046485,9,middle
9797,197,0,0.5912203757315062,0.2990490190453162,9,middle
9798,198,0,0.48417130448596507,0.3170860154103542,9,middle
9799,199,0,0.9725704822362748,0.3044405298553273,9,middle
9800,0,0,0.5039769125626213,0.6170717148656846,9,late
9801,1,0,0.012159382903119426,0.785389556060357,9,late
9802,2,0,0.5299647026352301,0.6476842643175952,9,late
9803,3,0,0.9860189609180492,0.38002291969260543,9,late
9804,4,0,0.5306083276542942,0.4226361696249048,9,late
9805,5,0,0.026130427552657425,0.7826756161342587,9,late
9806,6,0,0.24017085035767688,0.7971293899770878,9,late
9807,7,0,0.7820389628376552,0.5233331748170467,9,late
9808,8,0,0.5491858435279964,0.505835251584417,9,late
9809,9,0,0.1310765692372335,0.5243838225355673,9,late
9810,10,0,0.46785509851827056,0.4329726408288576,9,late
9811,11,0,0.8715606105833172,0.3785294452270884,9,late
9812,12,0,0.4289033394641989,0.42314702345085486,9,late
9813,13,0,0.9420785313842086,0.3394450047303833,9,late
9814,14,0,0.7572405768753044,0.5737122901822382,9,late
9815,15,0,0.7402147624092951,0.32678835959301,9,late
9816,16,0,0.4752868295744975,0.603104080787329,9,late
9817,17,0,0.006808831505993745,0.7785538527358341,9,late
9818,18,0,0.4683620827160878,0.5298025006132555,9,late
9819,19,0,0.2481175342958899,0.49097118104227666,9,late
9820,20,0,0.25358857356942127,0.6276783159089641,9,late
9821,21,0,0.8325482629227163,0.47290370239570567,9,late
9822,22,0,0.4608987707057855,0.7686652042597288,9,late
9823,23,0,0.17887138204004516,0.7162837294959297,9,late
9824,24,0,0.33170543571173217,0.46113136664480103,9,late
9825,25,0,0.26473118086787206,0.424722461391597,9,late
9826,26,0,0.38725309234135197,0.40266446848268833,9,late
9827,27,0,0.33521261494443577,0.4704725262988001,9,late
9828,28,0,0.3096302979579459,0.5707264773943315,9,late
9829,29,0,0.8587924250912634,0.5091605886731937,9,late
9830,30,0,0.5536594457250028,0.48417395309092653,9,late
9831,31,0,0.38760617054262864,0.6336480052471285,9,late
9832,32,0,0.6687001216617461,0.47652951067934146,9,late
9833,33,0,0.6964031460651089,0.3009752690612219,9,late
9834,34,0,0.49038970213903166,0.5307585763810884,9,late
9835,35,0,0.6705736767344692,0.564120735662778,9,late
9836,36,0,0.3792384728108148,0.4758565272107542,9,late
9837,37,0,0.14342226374486233,0.4534253013181916,9,late
9838,38,0,0.3055672667377508,0.5143709066341657,9,late
9839,39,0,0.5481182309778232,0.4624197098154285,9,late
9840,40,0,0.6597171055230547,0.42687231918096014,9,late
9841,41,0,0.19658673083745037,0.6209822999411339,9,late
9842,42,0,0.5987472741083684,0.47202161609288207,9,late
9843,43,0,0.529419913240269,0.6496363397418765,9,late
9844,44,0,0.2023959294472075,0.460252801808128,9,late
9845,45,0,0.6050751676581128,0.4358060094784201,9,late
9846,46,0,0.43092865822581755,0.5941787911003256,9,late
9847,47,0,0.605385903607349,0.4068206476193161,9,late
9848,48,0,0.7573670038910856,0.43441772678738133,9,late
9849,49,0,0.7451523615886242,0.3976294246805599,9,late
9850,50,0,0.6727052103134169,0.337768073870886,9,late
9851,51,0,0.20174119824977335,0.4589683294769751,9,late
9852,52,0,0.9319822776884866,0.4379127827392507,9,late
9853,53,0,0.5783812888099643,0.380702626024931,9,late
9854,54,0,0.4748303158312295,0.555891054937424,9,late
9855,55,0,0.3425974923824878,0.5978929679557902,9,late
9856,56,0,0.5905909115617082,0.5393948329751508,9,late
9857,57,0,0.7742892776751127,0.3738376190746717,9,late
9858,58,0,0.2149577258408858,0.5154248904815544,9,late
9859,59,0,0.5993453675582094,0.36533760696581896,9,late
9860,60,0,0.4667595543817931,0.5012917646133918,9,late
9861,61,0,0.22652633748124276,0.4823651599492146,9,late
9862,62,0,0.7422804795578398,0.5398902999620285,9,late
9863,63,0,0.5232012994246912,0.48219962335195343,9,late
9864,64,0,0.5445976965403839,0.4022416372065758,9,late
9865,65,0,0.636258047403957,0.4401583843469382,9,late
9866,66,0,0.2487838777254651,0.6307909275157655,9,late
9867,67,0,0.8071591133866673,0.42426662672486415,9,late
9868,68,0,0.5868889326578792,0.39874432936307996,9,late
9869,69,0,0.766641377898232,0.47256070029908004,9,late
9870,70,0,0.5058383511700836,0.6763338162488042,9,late
9871,71,0,0.9342828723638077,0.4211773205070737,9,late
9872,72,0,0.7490393815358594,0.32913955439066545,9,late
9873,73,0,0.11227262189288939,0.5394073830869823,9,late
9874,74,0,0.8850113995878333,0.4197306162747572,9,late
9875,75,0,0.648327743250044,0.2905394749804646,9,late
9876,76,0,0.5557467965776532,0.4752913866853987,9,late
9877,77,0,0.7604127484821757,0.45891650213536195,9,late
9878,78,0,0.18341831867693142,0.5403748377239457,9,late
9879,79,0,0.8774411795378819,0.34363119594277935,9,late
9880,80,0,0.426241715126965,0.5459703451522159,9,late
9881,81,0,0.47059792328693856,0.5379254179738727,9,late
9882,82,0,0.3409978467065606,0.37189323544875896,9,late
9883,83,0,0.7798335652942131,0.4674384129958866,9,late
9884,84,0,0.6442166505685945,0.5719842582382634,9,late
9885,85,0,0.25579953248317044,0.5348460304141693,9,late
9886,86,0,0.6253350094902769,0.3714591455452202,9,late
9887,87,0,0.8694556375150733,0.5567644488880718,9,late
9888,88,0,0.4892003178248696,0.41478173810681207,9,late
9889,89,0,0.425194286114447,0.4704465397636793,9,late
9890,90,0,0.7987704924006634,0.4445922425290031,9,late
9891,91,0,0.5462915976120621,0.47921159685279147,9,late
9892,92,0,0.9339583221645713,0.5336387162901601,9,late
9893,93,0,0.63587067611492,0.3980991007804018,9,late
9894,94,0,0.9659397538993467,0.3434602071263573,9,late
9895,95,0,0.8236675795118431,0.40415001188189664,9,late
9896,96,0,0.7777671396845459,0.36147428615004384,9,late
9897,97,0,0.30701772276107164,0.41556957828239693,9,late
9898,98,0,0.4241686237316036,0.40102871671789014,9,late
9899,99,0,0.4991527520929899,0.4633854502807767,9,late
9900,100,0,0.8909956663894003,0.466150012531571,9,late
9901,101,0,0.6288500254736948,0.5834235780871914,9,late
9902,102,0,0.4304670449598411,0.4718249496356288,9,late
9903,103,0,0.8039348513266891,0.36296670098602846,9,late
9904,104,0,0.5682896470552392,0.4881187700280771,9,late
9905,105,0,0.5431488665782913,0.47562581462263487,9,late
9906,106,0,0.6011319047835815,0.361688965233396,9,late
9907,107,0,0.8197573004773875,0.42632491924421123,9,late
9908,108,0,0.505861762013286,0.8262233278917737,9,late
9909,109,0,0.7509969221336334,0.543297876119676,9,late
9910,110,0,0.5819789905375813,0.3642734654507339,9,late
9911,111,0,0.32087924689348823,0.34499523759060857,9,late
9912,112,0,0.6626401928020693,0.4393572892474055,9,late
9913,113,0,0.8303519115909024,0.4199661279809119,9,late
9914,114,0,0.7160105915265531,0.4637804847677377,9,late
9915,115,0,0.9765055426296405,0.3546933558398284,9,late
9916,116,0,0.908471365769336,0.5292472398136538,9,late
9917,117,0,0.43216114983752846,0.49907340951499946,9,late
9918,118,0,0.7181250211217279,0.34241096541247623,9,late
9919,119,0,0.9716385200048125,0.2892773817999076,9,late
9920,120,0,0.4123094649867915,0.5600501208429396,9,late
9921,121,0,0.6035095676406176,0.34351632120495534,9,late
9922,122,0,0.5901515149761423,0.4226955935194384,9,late
9923,123,0,0.5135499783386863,0.6097028145521154,9,late
9924,124,0,0.6107364664779669,0.41503327498919973,9,late
9925,125,0,0.4747110106055114,0.5613195380888153,9,late
9926,126,0,0.34221578706899825,0.3924621909670718,9,late
9927,127,0,0.5600048770319126,0.3732718468577458,9,late
9928,128,0,0.8159510901799871,0.2790539676379925,9,late
9929,129,0,0.49378742440969225,0.3276610851272461,9,late
9930,130,0,0.7711973816670312,0.4650420615581318,9,late
9931,131,0,0.33649142106327007,0.585731512237966,9,late
9932,132,0,0.9026107236621268,0.3378741040197878,9,late
9933,133,0,0.601337550647222,0.41366322751497975,9,late
9934,134,0,0.5510890714765719,0.5979006055451048,9,late
9935,135,0,0.5012207981369022,0.613595344394386,9,late
9936,136,0,0.2993330209185423,0.38731691704444615,9,late
9937,137,0,0.6652055829605702,0.4016009554364992,9,late
9938,138,0,0.9606872586600235,0.4793817935740166,9,late
9939,139,0,0.7179644154284703,0.3286393071610628,9,late
9940,140,0,0.31486074843639067,0.5429450226415118,9,late
9941,141,0,0.4170524138632947,0.3204068376449086,9,late
9942,142,0,0.23972195588790546,0.36963055631055913,9,late
9943,143,0,0.5910903338412445,0.4261016134114223,9,late
9944,144,0,0.41356159558214034,0.4467301920856926,9,late
9945,145,0,0.7461889976774494,0.36784858882497296,9,late
9946,146,0,0.7476643490453863,0.33439683416707183,9,late
9947,147,0,0.852966656269615,0.3243105104889175,9,late
9948,148,0,0.9039731657046657,0.38155180691504176,9,late
9949,149,0,0.8074119824209018,0.368372498859423,9,late
9950,150,0,0.699682235436905,0.31305558432398695,9,late
9951,151,0,0.8384134621362768,0.458989847479099,9,late
9952,152,0,0.8681814486863689,0.39045033555436903,9,late
9953,153,0,0.5631926648038807,0.4656643284191283,9,late
9954,154,0,0.33292896947563055,0.2943084176362017,9,late
9955,155,0,0.5100642521082859,0.37370037495683883,9,late
9956,156,0,0.6272217141875502,0.29928696075143835,9,late
9957,157,0,0.9105951345814822,0.27174365560108915,9,late
9958,158,0,0.9783171918147602,0.27831758296268716,9,late
9959,159,0,0.9712724878597563,0.33066138755005237,9,late
9960,160,0,0.66170331012646,0.2922864432129685,9,late
9961,161,0,0.7115097132174781,0.3631338612475167,9,late
9962,162,0,0.9792433390935735,0.34381682019335313,9,late
9963,163,0,0.7151672562781834,0.36569282564108063,9,late
9964,164,0,0.7422433870591021,0.47492044425944885,9,late
9965,165,0,0.3391944299023287,0.46397344900532217,9,late
9966,166,0,0.4967932255164512,0.5967642994170864,9,late
9967,167,0,0.6341488937300331,0.37183076423208383,9,late
9968,168,0,0.45859155905657495,0.359813795749116,9,late
9969,169,0,0.8863058056703613,0.5748058617088203,9,late
9970,170,0,0.9156253858606076,0.2689912388970117,9,late
9971,171,0,0.12738386048346154,0.42307634459200866,9,late
9972,172,0,0.6233228374809047,0.4564884737484277,9,late
9973,173,0,0.8551756842204752,0.3553640272871954,9,late
9974,174,0,0.4495539965512582,0.6215884140135586,9,late
9975,175,0,0.6581300647020291,0.3685635119983959,9,late
9976,176,0,0.8853012044892261,0.386997178523949,9,late
9977,177,0,0.56277259632746,0.4597776402395043,9,late
9978,178,0,0.8863804849506247,0.3859886513514069,9,late
9979,179,0,0.5963003148206014,0.4562949804151925,9,late
9980,180,0,0.3003266599828397,0.43053159307583483,9,late
9981,181,0,0.4000202916811578,0.5030759943830918,9,late
9982,182,0,0.13432549564577811,0.594376010141522,9,late
9983,183,0,0.9763443277991624,0.4750161354787896,9,late
9984,184,0,0.14273465538755253,0.32729328912884637,9,late
9985,185,0,0.9730600261543816,0.5128393239913572,9,late
9986,186,0,0.5486360694144692,0.33238244974459796,9,late
9987,187,0,0.8787453405356888,0.2925102064498457,9,late
9988,188,0,0.5556318153811951,0.4084493868077377,9,late
9989,189,0,0.8083855734970382,0.3343962401763416,9,late
9990,190,0,0.519687216630916,0.3522262601225579,9,late
9991,191,0,0.6814620583613313,0.34407536588138943,9,late
9992,192,0,0.1281291443173539,0.4516922045233287,9,late
9993,193,0,0.8232055776126141,0.3068376174137244,9,late
9994,194,0,0.5273942643036854,0.5398552506827704,9,late
9995,195,0,0.448334229234864,0.3529992992693665,9,late
9996,196,0,0.9794386244416577,0.39849086022793123,9,late
9997,197,0,0.041673934147724155,0.33435721513826044,9,late
9998,198,0,0.7004551506701344,0.3350242396981752,9,late
9999,199,0,0.8397043021612776,0.2883631529627243,9,late
10000,0,0,0.9833329945226812,0.6403627977354654,10,interleaved
10001,1,0,0.49845130135761007,0.7530638176467532,10,interleaved
10002,2,0,0.8914109031833055,0.4422170359128854,10,interleaved
10003,3,0,0.2863612568888929,0.4327145770181128,10,interleaved
10004,4,0,0.26657911373014437,0.8050279689803939,10,interleaved
10005,5,0,0.5095183460497961,0.4865833305713082,10,interleaved
10006,6,0,0.5701821074316978,0.7230332055224291,10,interleaved
10007,7,0,0.40160734901233214,0.41165518968748405,10,interleaved
10008,8,0,0.15589625865999443,0.5939960745580215,10,interleaved
10009,9,0,0.3522320828065923,0.5669952126637465,10,interleaved
10010,10,0,0.7123924946831311,0.40228085239062417,10,interleaved
10011,11,0,0.244571058003182,0.6453486504870817,10,interleaved
10012,12,0,0.6538441354332836,0.5110781754530493,10,interleaved
10013,13,0,0.598852432859016,0.4610290152387193,10,interleaved
10014,14,0,0.6901418588939674,0.4341025798136065,10,interleaved
10015,15,0,0.6488197698296277,0.5935998896790052,10,interleaved
10016,16,0,0.47609913108122925,0.46859496963549674,10,interleaved
10017,17,0,0.9135075187143213,0.617570531201074,10,interleaved
10018,18,0,0.7025564352487108,0.3579056929801111,10,interleaved
10019,19,0,0.2923597908465076,0.4680659263117679,10,interleaved
10020,20,0,0.3865051788593404,0.39265032738932903,10,interleaved
10021,21,0,0.20146660438767547,0.5240821486672307,10,interleaved
10022,22,0,0.4943839896223354,0.3255210447025607,10,interleaved
10023,23,0,0.3579486849996085,0.39398434198573334,10,interleaved
10024,24,0,0.14077477568986296,0.4594894808485413,10,interleaved
10025,25,0,0.5277305087310036,0.4762420015821376,10,interleaved
10026,26,0,0.4879270651468508,0.48664348193192797,10,interleaved
10027,27,0,0.6451009398993358,0.6382149371123127,10,interleaved
10028,28,0,0.22989789367272426,0.5891481325506789,10,interleaved
10029,29,0,0.3721334090286033,0.4546015521167094,10,interleaved
10030,30,0,0.5487490518669498,0.5591976321284311,10,interleaved
10031,31,0,0.36194709495408217,0.6563638638710012,10,interleaved
10032,32,0,0.12269999347005488,0.48583799673186445,10,interleaved
10033,33,0,0.46742252788041116,0.35219905084575426,10,interleaved
10034,34,0,0.8056649931045686,0.43556575694177774,10,interleaved
10035,35,0,0.4378628726532436,0.4844946154924168,10,interleaved
10036,36,0,0.32232315185416627,0.466979475191756,10,interleaved
10037,37,0,0.5033605391701472,0.5414971746841536,10,interleaved
10038,38,0,0.8313783988350485,0.436740361409068,10,interleaved
10039,39,0,0.8937983800299042,0.4101008345434958,10,interleaved
10040,40,0,0.39931475014700857,0.6817671655905699,10,interleaved
10041,41,0,0.2559159941737769,0.3985225228122884,10,interleaved
10042,42,0,0.7968425526627594,0.5415504330369239,10,interleaved
10043,43,0,0.4661364583587927,0.3826213974949202,10,interleaved
10044,44,0,0.7958102910344704,0.44252937901237227,10,interleaved
10045,45,0,0.4309777662682322,0.4019959333470656,10,interleaved
10046,46,0,0.6609816222134599,0.58031008230749,10,interleaved
10047,47,0,0.5305900930181433,0.7237852763085681,10,interleaved
10048,48,0,0.49098817760949587,0.5650130683948578,10,interleaved
10049,49,0,0.28473766950471996,0.4812404742046673,10,interleaved
10050,50,0,0.6186169798662716,0.5008303966390646,10,interleaved
10051,51,0,0.4930265725151838,0.4893817120443712,10,interleaved
10052,52,0,0.23640366931073095,0.4814808877074053,10,interleaved
10053,53,0,0.678933374872114,0.41382314922018026,10,interleaved
10054,54,0,0.627592533554295,0.43362745416932924,10,interleaved
10055,55,0,0.6294426041364324,0.5577134791571117,10,interleaved
10056,56,0,0.6164074956647638,0.4749422925737772,10,interleaved
10057,57,0,0.5618554755667287,0.4940264596311814,10,interleaved
10058,58,0,0.8027129402960157,0.46818265430422357,10,interleaved
10059,59,0,0.918895683927362,0.5249431635473886,10,interleaved
10060,60,0,0.5596177801237149,0.3177132978152645,10,interleaved
10061,61,0,0.7431645775206714,0.38833067224052037,10,interleaved
10062,62,0,0.6168718917730994,0.31545136695946335,10,interleaved
10063,63,0,0.9784638888579118,0.4465852474245079,10,interleaved
10064,64,0,0.47839014027828125,0.44608288437292,10,interleaved
10065,65,0,0.879471928949083,0.41430260730079255,10,interleaved
10066,66,0,0.6311171373399557,0.4999657891043754,10,interleaved
10067,67,0,0.6175296449142785,0.6160804234557158,10,interleaved
10068,68,0,0.5797001142181563,0.43335449454620617,10,interleaved
10069,69,0,0.012278024013176908,0.6176919295419802,10,interleaved
10070,70,0,0.6065641061021536,0.3631752520122949,10,interleaved
10071,71,0,0.282061907758596,0.4728819747767672,10,interleaved
10072,72,0,0.20915250162094412,0.44731885284348427,10,interleaved
10073,73,0,0.8249454792211944,0.486468340055114,10,interleaved
10074,74,0,0.7495384098572757,0.49760809577214143,10,interleaved
10075,75,0,0.31805579632936487,0.47714887969114106,10,interleaved
10076,76,0,0.7535318829694388,0.46565288006035244,10,interleaved
10077,77,0,0.4872172839081682,0.45881251629105946,10,interleaved
10078,78,0,0.31369705492295524,0.5313993104083992,10,interleaved
10079,79,0,0.8598027481378749,0.4922501602034187,10,interleaved
10080,80,0,0.48270694676011766,0.654088226309185,10,interleaved
10081,81,0,0.3379249614987961,0.5025867341219261,10,interleaved
10082,82,0,0.32286506956156813,0.5291691539194008,10,interleaved
10083,83,0,0.6495952461899659,0.37776675030013696,10,interleaved
10084,84,0,0.4363840068154846,0.5145700463319949,10,interleaved
10085,85,0,0.16001665072139598,0.49096329427060903,10,interleaved
10086,86,0,0.6105773592126391,0.41585737667167966,10,interleaved
10087,87,0,0.6246635825915178,0.4064937850317154,10,interleaved
10088,88,0,0.8209536768103056,0.2815026753979378,10,interleaved
10089,89,0,0.7109608562302604,0.4176313995304579,10,interleaved
10090,90,0,0.8028283558046216,0.3609978007134071,10,interleaved
10091,91,0,0.3388929813049035,0.4871986062900355,10,interleaved
10092,92,0,0.7672664066580654,0.4949383291508691,10,interleaved
10093,93,0,0.05292568026090273,0.8051754660047761,10,interleaved
10094,94,0,0.4494582662382647,0.41805867679519215,10,interleaved
10095,95,0,0.559971000898801,0.5251931391515782,10,interleaved
10096,96,0,0.4455921992917249,0.4224524338204395,10,interleaved
10097,97,0,0.5446215873931886,0.3472872864877786,10,interleaved
10098,98,0,0.7861990917779815,0.4155605214611955,10,interleaved
10099,99,0,0.4870141408046358,0.6269648909547125,10,interleaved
10100,100,0,0.8904953180375699,0.4854012625831491,10,interleaved
10101,101,0,0.5018404797196208,0.4179591135138269,10,interleaved
10102,102,0,0.6463275509561486,0.4773874737333009,10,interleaved
10103,103,0,0.6577237802612663,0.44100224857632964,10,interleaved
10104,104,0,0.7034078589713675,0.3669827712074326,10,interleaved
10105,105,0,0.9069918762580578,0.34428098155832776,10,interleaved
10106,106,0,0.5289751077192322,0.49779655415204394,10,interleaved
10107,107,0,0.579352038153933,0.42746585077386073,10,interleaved
10108,108,0,0.8274507067554928,0.3504351590215127,10,interleaved
10109,109,0,0.6083721876988261,0.3392538536373081,10,interleaved
10110,110,0,0.2924793193229782,0.4046351320398798,10,interleaved
10111,111,0,0.6970758745408132,0.3361964827136241,10,interleaved
10112,112,0,0.7969600874462761,0.42445702906909855,10,interleaved
10113,113,0,0.4445189268039031,0.5748809732634944,10,interleaved
10114,114,0,0.8635881304919897,0.38022950215879736,10,interleaved
10115,115,0,0.5724857820517135,0.3507601203777632,10,interleaved
10116,116,0,0.4392711047540805,0.423668631619854,10,interleaved
10117,117,0,0.3578700864373228,0.48223959924155146,10,interleaved
10118,118,0,0.5654862226925526,0.5542711597917624,10,interleaved
10119,119,0,0.29459585538581584,0.40866418402702254,10,interleaved
10120,120,0,0.9471119039860341,0.40043783420319967,10,interleaved
10121,121,0,0.6698556997533978,0.37119035180893883,10,interleaved
10122,122,0,0.3896165508603874,0.4371731763067468,10,interleaved
10123,123,0,0.48342887419380853,0.3835359402188085,10,interleaved
10124,124,0,0.8691493106219259,0.22567076964357535,10,interleaved
10125,125,0,0.39294012671588935,0.5058638674138206,10,interleaved
10126,126,0,0.7602792843999819,0.39061071419865306,10,interleaved
10127,127,0,0.5005517408416035,0.3940852912029949,10,interleaved
10128,128,0,0.11497749115134616,0.6105032473105897,10,interleaved
10129,129,0,0.4392354609468182,0.43944885006784384,10,interleaved
10130,130,0,0.6227665369134623,0.4604232125843637,10,interleaved
10131,131,0,0.47107835731600894,0.42594232976311547,10,interleaved
10132,132,0,0.409167478274072,0.30151479108689117,10,interleaved
10133,133,0,0.7774304636945919,0.4166437030124974,10,interleaved
10134,134,0,0.5239722201076207,0.38826870716987727,10,interleaved
10135,135,0,0.5247686353613696,0.3848142557598723,10,interleaved
10136,136,0,0.03296493485516893,0.5292247587357395,10,interleaved
10137,137,0,0.2652321562078923,0.43083094818177253,10,interleaved
10138,138,0,0.9872993705168107,0.31551291495592915,10,interleaved
10139,139,0,0.4937733624995304,0.4773986245695046,10,interleaved
10140,140,0,0.021677853076034568,0.40966187898352036,10,interleaved
10141,141,0,0.45510706009545615,0.35532864309623874,10,interleaved
10142,142,0,0.47426996082224193,0.39368137907088935,10,interleaved
10143,143,0,0.5006505091655765,0.35628892289295955,10,interleaved
10144,144,0,0.6937983920032302,0.4826457975167464,10,interleaved
10145,145,0,0.8339713698128427,0.45580334831415026,10,interleaved
10146,146,0,0.9497577243597763,0.4085086620431999,10,interleaved
10147,147,0,0.4743434648742143,0.4697892332689802,10,interleaved
10148,148,0,0.1785345258921944,0.5779050837487443,10,interleaved
10149,149,0,0.6052923555889558,0.35048412979127175,10,interleaved
10150,150,0,0.8870582846535542,0.47663710848904645,10,interleaved
10151,151,0,0.4231958916559693,0.5386707882339401,10,interleaved
10152,152,0,0.8850423063349013,0.45123643358329224,10,interleaved
10153,153,0,0.5067929544782342,0.38057809630969597,10,interleaved
10154,154,0,0.14117577602414239,0.47475698743012773,10,interleaved
10155,155,0,0.40530020958146074,0.36612653029433706,10,interleaved
10156,156,0,0.9123894342274633,0.42658533274925386,10,interleaved
10157,157,0,0.4736951027795838,0.3872520073584988,10,interleaved
10158,158,0,0.2971321462573743,0.4399486926001597,10,interleaved
10159,159,0,0.6626868164165047,0.3916663257019851,10,interleaved
10160,160,0,0.4805083017140826,0.45854595040840423,10,interleaved
10161,161,0,0.8526921681062767,0.3326037755580563,10,interleaved
10162,162,0,0.0550108395880682,0.563728879382833,10,interleaved
10163,163,0,0.33709289219072686,0.4381208070186536,10,interleaved
10164,164,0,0.5317698802513038,0.44212829203442805,10,interleaved
10165,165,0,0.5977520298894147,0.3245099599862721,10,interleaved
10166,166,0,0.4793712964604072,0.38556138804991746,10,interleaved
10167,167,0,0.7415090731175344,0.36509700858204486,10,interleaved
10168,168,0,0.5726817650000668,0.4363079121372704,10,interleaved
10169,169,0,0.401056997857966,0.47319700388979646,10,interleaved
10170,170,0,0.18153657415742164,0.4959916457784391,10,interleaved
10171,171,0,0.8667822502263661,0.3025785812759218,10,interleaved
10172,172,0,0.9083880896877332,0.2689668226278144,10,interleaved
10173,173,0,0.2685087362564527,0.4539132240313555,10,interleaved
10174,174,0,0.35218201890561324,0.43077439711714327,10,interleaved
10175,175,0,0.23363171203346028,0.5002753663117062,10,interleaved
10176,176,0,0.9190232437721935,0.3738415080093492,10,interleaved
10177,177,0,0.5606142729989092,0.4880392339441584,10,interleaved
10178,178,0,0.42080007143273696,0.37022741306349327,10,interleaved
10179,179,0,0.4966827411762233,0.4917324878283713,10,interleaved
10180,180,0,0.18412368708598673,0.4490324424614325,10,interleaved
10181,181,0,0.5151178447576126,0.298835911946281,10,interleaved
10182,182,0,0.5326267046103212,0.3171641681912328,10,interleaved
10183,183,0,0.38962971357712833,0.489713115949965,10,interleaved
10184,184,0,0.9845149243814023,0.40008924569878596,10,interleaved
10185,185,0,0.047367478904206305,0.4268510250737636,10,interleaved
10186,186,0,0.7651187294881545,0.3680329545916592,10,interleaved
10187,187,0,0.7051416781652255,0.38689019371843225,10,interleaved
10188,188,0,0.4524111505635497,0.5530984656882925,10,interleaved
10189,189,0,0.9788775213128111,0.2496064712308329,10,interleaved
10190,190,0,0.49810879244234946,0.35364009603554114,10,interleaved
10191,191,0,0.011057360814868567,0.5135061276051376,10,interleaved
10192,192,0,0.5810875138851406,0.4103991823358828,10,interleaved
10193,193,0,0.29004730079070357,0.3624213998061734,10,interleaved
10194,194,0,0.2057813195024675,0.3863883345912159,10,interleaved
10195,195,0,0.903199735166083,0.4553044999585113,10,interleaved
10196,196,0,0.12225435654747671,0.4224492289991274,10,interleaved
10197,197,0,0.9382159374477153,0.45323103139699566,10,interleaved
10198,198,0,0.19356752046988512,0.42565338413558296,10,interleaved
10199,199,0,0.7880792675794348,0.3667079623120237,10,interleaved
10200,0,0,0.0008901818643801425,1.1912167423191442,10,blocked
10201,1,0,0.9953320178185265,0.7250287728275855,10,blocked
10202,2,0,0.9681834209555593,0.7889349950353379,10,blocked
10203,3,0,0.14282757980942973,0.5929391252642311,10,blocked
10204,4,0,0.5757695085012354,0.39836213482184946,10,blocked
10205,5,0,0.25757715666717046,0.8079506995927928,10,blocked
10206,6,0,0.6589368349825061,0.5489673165363138,10,blocked
10207,7,0,0.29766561269347475,0.5641876229121185,10,blocked
10208,8,0,0.8507244280928605,0.5234351980642218,10,blocked
10209,9,0,0.12097329499501845,0.7619365348299483,10,blocked
10210,10,0,0.873470373228932,0.6078349078421688,10,blocked
10211,11,0,0.7145326350281829,0.4867060328145011,10,blocked
10212,12,0,0.45248485569787544,0.6914023580900428,10,blocked
10213,13,0,0.01252352302390971,0.7505088349638721,10,blocked
10214,14,0,0.40127128718027866,0.602903504768588,10,blocked
10215,15,0,0.4287846221686238,0.49058823194509604,10,blocked
10216,16,0,0.7754123187897247,0.4859970024201459,10,blocked
10217,17,0,0.5286757423636237,0.4968619522509667,10,blocked
10218,18,0,0.559526116557119,0.43164064107925726,10,blocked
10219,19,0,0.912891640386388,0.5769838627426779,10,blocked
10220,20,0,0.4909945601861778,0.6762520990018063,10,blocked
10221,21,0,0.8224683004136266,0.4396605589461408,10,blocked
10222,22,0,0.3810126833587635,0.39558051639218517,10,blocked
10223,23,0,0.21205099719352594,0.4294339448969433,10,blocked
10224,24,0,0.786411806214417,0.330649851322848,10,blocked
10225,25,0,0.30621318497994454,0.4604086709301981,10,blocked
10226,26,0,0.5668616017517984,0.5615523184639739,10,blocked
10227,27,0,0.2652452799468751,0.4985708132925367,10,blocked
10228,28,0,0.758119134609751,0.4464387807448448,10,blocked
10229,29,0,0.016666542617269534,0.587050283063212,10,blocked
10230,30,0,0.7384552524116104,0.49990656931747607,10,blocked
10231,31,0,0.3146886986410758,0.5829280539680873,10,blocked
10232,32,0,0.780382004363137,0.5490243140467379,10,blocked
10233,33,0,0.550289503774162,0.41576474183896195,10,blocked
10234,34,0,0.9216253032942514,0.42531078499416963,10,blocked
10235,35,0,0.19002116365404353,0.4469290122313473,10,blocked
10236,36,0,0.17125241965785787,0.503042073925613,10,blocked
10237,37,0,0.2608796151555398,0.6379510860174261,10,blocked
10238,38,0,0.8119597783434382,0.4315522529715076,10,blocked
10239,39,0,0.8492506770697147,0.4585640437060028,10,blocked
10240,40,0,0.12361108970689796,0.6487723575700597,10,blocked
10241,41,0,0.3894896432701729,0.6536292037436466,10,blocked
10242,42,0,0.3275761618399868,0.6719886131247524,10,blocked
10243,43,0,0.25783891791954217,0.3951416371304451,10,blocked
10244,44,0,0.7342777455551224,0.4459301787896699,10,blocked
10245,45,0,0.5804730788034308,0.45152955833003927,10,blocked
10246,46,0,0.43795059330088876,0.5159219244397093,10,blocked
10247,47,0,0.7112319171709133,0.5236524038400879,10,blocked
10248,48,0,0.2809235595232312,0.7530202749455855,10,blocked
10249,49,0,0.3835273859359244,0.44457641927094127,10,blocked
10250,50,0,0.2508344119783018,0.6172775600371517,10,blocked
10251,51,0,0.6957019621864213,0.3474896265442253,10,blocked
10252,52,0,0.6602938000037029,0.5658065237815352,10,blocked
10253,53,0,0.40913420152339897,0.5378475306382402,10,blocked
10254,54,0,0.5025387779505504,0.4600812223408685,10,blocked
10255,55,0,0.5535359036802128,0.38421779033327386,10,blocked
10256,56,0,0.5513403124698675,0.6160931317371913,10,blocked
10257,57,0,0.3588552355907088,0.641299460561457,10,blocked
10258,58,0,0.36543985146925184,0.4670673167531433,10,blocked
10259,59,0,0.4392965578981384,0.45473347036141487,10,blocked
10260,60,0,0.5834042702851472,0.5865867481923908,10,blocked
10261,61,0,0.7207555834108986,0.42862434629790747,10,blocked
10262,62,0,0.3060589527352423,0.6058205871748507,10,blocked
10263,63,0,0.37674131850033193,0.4527039183359253,10,blocked
10264,64,0,0.6518225077885139,0.39937749810678,10,blocked
10265,65,0,0.38947630274618394,0.4426137931478166,10,blocked
10266,66,0,0.6327846606251142,0.439326227656975,10,blocked
10267,67,0,0.46851125630220525,0.5699493194671469,10,blocked
10268,68,0,0.3092204474778071,0.4975567380870353,10,blocked
10269,69,0,0.6392625063050972,0.300426104783016,10,blocked
10270,70,0,0.42778060314405997,0.4639756292952889,10,blocked
10271,71,0,0.7462983375424924,0.6833293046428961,10,blocked
10272,72,0,0.6813503072487932,0.4816577235030176,10,blocked
10273,73,0,0.34828353127972533,0.4139591538001457,10,blocked
10274,74,0,0.3958077398138419,0.6047770382320177,10,blocked
10275,75,0,0.5419361702583227,0.5529820481379963,10,blocked
10276,76,0,0.3225811725378274,0.6017784389322405,10,blocked
10277,77,0,0.3599903381909979,0.5457907101136575,10,blocked
10278,78,0,0.4855250220264996,0.4859521321585303,10,blocked
10279,79,0,0.4611331567132889,0.6351721804769132,10,blocked
10280,80,0,0.6220186257440168,0.4304690962773592,10,blocked
10281,81,0,0.6262363095126939,0.3938403196239842,10,blocked
10282,82,0,0.6650760881957212,0.44185961448144584,10,blocked
10283,83,0,0.7504455414479819,0.6112679460186192,10,blocked
10284,84,0,0.19968441671234424,0.3728338500904539,10,blocked
10285,85,0,0.5771074316793069,0.4236447867185451,10,blocked
10286,86,0,0.6049342414254123,0.6890501061927168,10,blocked
10287,87,0,0.7770389528630988,0.4593281148683926,10,blocked
10288,88,0,0.7270468025862511,0.4176186693858597,10,blocked
10289,89,0,0.10290461624368628,0.572121141496844,10,blocked
10290,90,0,0.26476078803569625,0.5838195961150324,10,blocked
10291,91,0,0.6689926980028067,0.3688557039651552,10,blocked
10292,92,0,0.6740574182430986,0.4124755250517998,10,blocked
10293,93,0,0.851236870033548,0.36454163405724804,10,blocked
10294,94,0,0.24023672243350416,0.5312876636920053,10,blocked
10295,95,0,0.32468375518296155,0.6128350272231413,10,blocked
10296,96,0,0.995526561992358,0.48177431530461134,10,blocked
10297,97,0,0.24458551161980102,0.5108208045625826,10,blocked
10298,98,0,0.7735523330232439,0.46208116216297895,10,blocked
10299,99,0,0.2954801839794404,0.5562004384026427,10,blocked
10300,100,0,0.07059030762880485,0.5927751447123903,10,blocked
10301,101,0,0.7983177348111619,0.6567152195528734,10,blocked
10302,102,0,0.9944976387123716,0.5882318188963722,10,blocked
10303,103,0,0.25317501242348683,0.5864702836204061,10,blocked
10304,104,0,0.9624928456183997,0.43205222042714164,10,blocked
10305,105,0,0.35983440368495073,0.6470969310437726,10,blocked
10306,106,0,0.13405250822426276,0.48488206528437244,10,blocked
10307,107,0,0.32167362019768386,0.4056484434551147,10,blocked
10308,108,0,0.6781782763092907,0.41482443971870264,10,blocked
10309,109,0,0.12486098597614395,0.645158646836257,10,blocked
10310,110,0,0.031218054349762686,0.5830799095562984,10,blocked
10311,111,0,0.6516373091983262,0.4113623890431646,10,blocked
10312,112,0,0.8244974237015217,0.320076160017584,10,blocked
10313,113,0,0.9433594870866406,0.3847353924336786,10,blocked
10314,114,0,0.7860057746657927,0.4240934844781589,10,blocked
10315,115,0,0.0844368916528198,0.5860194967443808,10,blocked
10316,116,0,0.5357645019453633,0.5017468823606802,10,blocked
10317,117,0,0.887002676422177,0.4608040767765057,10,blocked
10318,118,0,0.1725036259157604,0.49406542285342847,10,blocked
10319,119,0,0.8821965305632482,0.48047224290565554,10,blocked
10320,120,0,0.42237291022423984,0.6845847482378151,10,blocked
10321,121,0,0.673396033341412,0.38365270152510766,10,blocked
10322,122,0,0.42325676806983303,0.6095049986623293,10,blocked
10323,123,0,0.23069167874195945,0.4662278991929495,10,blocked
10324,124,0,0.3777004912249036,0.56147551374695,10,blocked
10325,125,0,0.4595164966432011,0.562112091064268,10,blocked
10326,126,0,0.4479610602842132,0.43956909346272355,10,blocked
10327,127,0,0.4737194017694137,0.5786615612698236,10,blocked
10328,128,0,0.2671190425940876,0.5910933831385095,10,blocked
10329,129,0,0.7191452975806505,0.32094667645778235,10,blocked
10330,130,0,0.4049464842861481,0.4098161197311369,10,blocked
10331,131,0,0.8013251294202102,0.4537372648182773,10,blocked
10332,132,0,0.3171222714895273,0.42712672430530507,10,blocked
10333,133,0,0.24357544941213016,0.5180328104129424,10,blocked
10334,134,0,0.32825670164892684,0.5893631910699664,10,blocked
10335,135,0,0.28342055392435256,0.39492318272081567,10,blocked
10336,136,0,0.580469057375258,0.3883761928333649,10,blocked
10337,137,0,0.4564578240348861,0.5067732284417652,10,blocked
10338,138,0,0.5791505235430031,0.49207330172289565,10,blocked
10339,139,0,0.38496595327781624,0.4001420383254475,10,blocked
10340,140,0,0.3060409213617584,0.4283421361420327,10,blocked
10341,141,0,0.3786695065010165,0.497381060704823,10,blocked
10342,142,0,0.49997962422574693,0.35159225252101445,10,blocked
10343,143,0,0.4842854785714915,0.4809674479246523,10,blocked
10344,144,0,0.4847263841483292,0.5314063697537255,10,blocked
10345,145,0,0.48983984699621297,0.4365165803053275,10,blocked
10346,146,0,0.6555767253268948,0.5292787337328902,10,blocked
10347,147,0,0.6762912821713551,0.47493536410128934,10,blocked
10348,148,0,0.6557522822808712,0.4128881289805969,10,blocked
10349,149,0,0.6377577606598942,0.384015900707021,10,blocked
10350,150,0,0.7155470552622638,0.5585980104195164,10,blocked
10351,151,0,0.08995394908508975,0.5218955665580038,10,blocked
10352,152,0,0.6473340465435794,0.3913922659231689,10,blocked
10353,153,0,0.17801673361775525,0.5199710521223102,10,blocked
10354,154,0,0.33911510058525574,0.3625384417261762,10,blocked
10355,155,0,0.7347589211799705,0.5443767796756898,10,blocked
10356,156,0,0.856621444544565,0.41613780533693534,10,blocked
10357,157,0,0.6864950208878969,0.36410945062195915,10,blocked
10358,158,0,0.4721952727928539,0.48931037495600044,10,blocked
10359,159,0,0.24040922144305954,0.3909067031974062,10,blocked
10360,160,0,0.41453046269409266,0.5433140616247825,10,blocked
10361,161,0,0.3068068352842125,0.6487264873788903,10,blocked
10362,162,0,0.4957428415466992,0.4134374087136543,10,blocked
10363,163,0,0.6776230847214154,0.40298451281880987,10,blocked
10364,164,0,0.22268761198741202,0.6251074606287771,10,blocked
10365,165,0,0.16797192062591873,0.4162602989213323,10,blocked
10366,166,0,0.4683532291372846,0.42107123116839545,10,blocked
10367,167,0,0.3090060713660381,0.7074921358326116,10,blocked
10368,168,0,0.8126891546470054,0.25783028581149453,10,blocked
10369,169,0,0.7942829180128808,0.39866031158658904,10,blocked
10370,170,0,0.8912124652923513,0.37002430106537,10,blocked
10371,171,0,0.8127042758827754,0.32953238654455846,10,blocked
10372,172,0,0.4787284417532583,0.4801876874244482,10,blocked
10373,173,0,0.28329155454548616,0.548765304838583,10,blocked
10374,174,0,0.792737890347785,0.34045938334886705,10,blocked
10375,175,0,0.7619544485858613,0.41402694959647446,10,blocked
10376,176,0,0.6447895607352635,0.42188795786140854,10,blocked
10377,177,0,0.6024704765581474,0.48509641754803245,10,blocked
10378,178,0,0.30969961916738786,0.3204934541006397,10,blocked
10379,179,0,0.516482606444917,0.5037466009550312,10,blocked
10380,180,0,0.8510177804504515,0.42229613303681623,10,blocked
10381,181,0,0.7913906452034234,0.6006544774533751,10,blocked
10382,182,0,0.31106819192317947,0.6428076592899445,10,blocked
10383,183,0,0.4081304193748362,0.4280286284326146,10,blocked
10384,184,0,0.7795035027256976,0.39857171822038434,10,blocked
10385,185,0,0.4980718631347223,0.6460393184825052,10,blocked
10386,186,0,0.28120356301974586,0.4384021854468152,10,blocked
10387,187,0,0.44382459162747695,0.5955672061697427,10,blocked
10388,188,0,0.12693690338723507,0.4602584852885697,10,blocked
10389,189,0,0.23473311263683716,0.4479949695778789,10,blocked
10390,190,0,0.4192275478260945,0.6035849477230439,10,blocked
10391,191,0,0.09805846343577074,0.6514843261883372,10,blocked
10392,192,0,0.5547486820720481,0.4567341128946007,10,blocked
10393,193,0,0.20105427177749502,0.4933727833271365,10,blocked
10394,194,0,0.6030416731647841,0.4461063258486888,10,blocked
10395,195,0,0.6730979538005099,0.36685627698158135,10,blocked
10396,196,0,0.4378223700032649,0.512590493881408,10,blocked
10397,197,0,0.3121238776166835,0.4898675861096191,10,blocked
10398,198,0,0.30294514256626,0.5774780804888651,10,blocked
10399,199,0,0.7363809235474045,0.37699008918489313,10,blocked
10400,0,0,0.20346909764236754,0.7394483979781816,10,early
10401,1,0,0.34596843140763217,0.6881734743772043,10,early
10402,2,0,0.6643910973968894,0.6593272169381386,10,early
10403,3,0,0.6996710455196657,0.5099117051585143,10,early
10404,4,0,0.4531440089326405,0.3716183256823974,10,early
10405,5,0,0.3193439703958826,0.6488557284744579,10,early
10406,6,0,0.03502089414001913,0.6474869057859856,10,early
10407,7,0,0.0642784200127837,0.5792060789655045,10,early
10408,8,0,0.1163373195887133,0.48442661216567295,10,early
10409,9,0,0.08764674386928853,0.5314243800072006,10,early
10410,10,0,0.21765805651452413,0.5967430107457065,10,early
10411,11,0,0.7622008976792602,0.7790095417345725,10,early
10412,12,0,0.059731534908650685,0.5121459444444993,10,early
10413,13,0,0.01870757463020669,0.6605363676214162,10,early
10414,14,0,0.8450455018514993,0.4785953859697352,10,early
10415,15,0,0.22578452821694267,0.50918066844222,10,early
10416,16,0,0.3081866948849834,0.41174728401321525,10,early
10417,17,0,0.37834134269625086,0.5158981034983772,10,early
10418,18,0,0.735748628254729,0.43107459471854603,10,early
10419,19,0,0.9206889279328329,0.5678015728721555,10,early
10420,20,0,0.827615395994923,0.49249354818048613,10,early
10421,21,0,0.1557933308298926,0.4913327686102693,10,early
10422,22,0,0.17789906119046853,0.5151255413333853,10,early
10423,23,0,0.8681134905465018,0.5017536384228011,10,early
10424,24,0,0.9793979951912233,0.41462252192733273,10,early
10425,25,0,0.176078747660968,0.47426650220901223,10,early
10426,26,0,0.9142973155609071,0.4545416084511593,10,early
10427,27,0,0.8802584806614397,0.5021248412073137,10,early
10428,28,0,0.13889460424509253,0.6297922827027542,10,early
10429,29,0,0.31273935962576965,0.47032005125130794,10,early
10430,30,0,0.20175400274844155,0.43548328874136677,10,early
10431,31,0,0.18495250452785997,0.5044833416881231,10,early
10432,32,0,0.9510048250827898,0.6401583021076978,10,early
10433,33,0,0.844318184353829,0.4508287065478467,10,early
10434,34,0,0.04422340602732372,0.5792587092480447,10,early
10435,35,0,0.8115279588699347,0.4820848654403531,10,early
10436,36,0,0.3252756375269357,0.49737673825666606,10,early
10437,37,0,0.9505641869545869,0.46201979851903163,10,early
10438,38,0,0.851055728781561,0.46632881565210943,10,early
10439,39,0,0.18870791871806755,0.44848399174676445,10,early
10440,40,0,0.5956910034478339,0.5018493860997024,10,early
10441,41,0,0.5110852235330916,0.5114624515723086,10,early
10442,42,0,0.6113700835108539,0.418429191858574,10,early
10443,43,0,0.6111204416414883,0.3796706339577125,10,early
10444,44,0,0.21261596077147554,0.37034631157768577,10,early
10445,45,0,0.7591941916008709,0.4023669871052742,10,early
10446,46,0,0.8775350359750147,0.3270957446301403,10,early
10447,47,0,0.7391298414699748,0.5323782173593831,10,early
10448,48,0,0.8667868999968472,0.4751467037087507,10,early
10449,49,0,0.7366723323805056,0.3612032153303415,10,early
10450,50,0,0.7486644985608796,0.3406470243100054,10,early
10451,51,0,0.8731090867861961,0.45120179434314434,10,early
10452,52,0,0.28354164890337885,0.47112446846102807,10,early
10453,53,0,0.6378826473883323,0.33072028484046345,10,early
10454,54,0,0.2510860713165843,0.5102767360009107,10,early
10455,55,0,0.8882002140439231,0.4488424018355889,10,early
10456,56,0,0.27257869600447193,0.42549854935335985,10,early
10457,57,0,0.2891237523710742,0.5157751804649227,10,early
10458,58,0,0.46303375795800666,0.4275528405159661,10,early
10459,59,0,0.5111054087440986,0.7582969444351824,10,early
10460,60,0,0.3271670733622557,0.6708022126021274,10,early
10461,61,0,0.48901738166303765,0.472157092986535,10,early
10462,62,0,0.5112196875058402,0.43902077429698455,10,early
10463,63,0,0.5635456086156299,0.5582944837652853,10,early
10464,64,0,0.3302748561178423,0.573619022152909,10,early
10465,65,0,0.49892144661187343,0.49212873994562123,10,early
10466,66,0,0.5953301895063154,0.48879618642705974,10,early
10467,67,0,0.7146490250327926,0.527010962683842,10,early
10468,68,0,0.895847719958367,0.5130248188908217,10,early
10469,69,0,0.12816353282334042,0.5117940366524472,10,early
10470,70,0,0.7409157318889826,0.5061127623018635,10,early
10471,71,0,0.09853194577853362,0.5320284902506026,10,early
10472,72,0,0.2640846332815275,0.5033616458270326,10,early
10473,73,0,0.5797750080957831,0.4570136867614113,10,early
10474,74,0,0.5346142165447096,0.4263208502823561,10,early
10475,75,0,0.25074357581836176,0.5010282622963685,10,early
10476,76,0,0.5861305040494749,0.5081225318891613,10,early
10477,77,0,0.8006059755814859,0.27583205804270405,10,early
10478,78,0,0.32986771342568555,0.5550581757627204,10,early
10479,79,0,0.7956467230550063,0.5577259378643112,10,early
10480,80,0,0.6713660686303102,0.36257253191316074,10,early
10481,81,0,0.39913471153621305,0.45605427655813724,10,early
10482,82,0,0.5428692460460723,0.46695667888792386,10,early
10483,83,0,0.7214226151315093,0.5371901850620058,10,early
10484,84,0,0.2777923723277148,0.560147661536559,10,early
10485,85,0,0.381089439208285,0.40608484104186016,10,early
10486,86,0,0.2599301559034323,0.5719379809977778,10,early
10487,87,0,0.9150566913430978,0.33109581228288376,10,early
10488,88,0,0.7779048488776346,0.44079135919585233,10,early
10489,89,0,0.7282753832926421,0.431959869052999,10,early
10490,90,0,0.12728367331097826,0.42676541831834863,10,early
10491,91,0,0.5474175114772095,0.33813137718653025,10,early
10492,92,0,0.6411470569216687,0.3578153657807973,10,early
10493,93,0,0.5766135169618717,0.6023490349991847,10,early
10494,94,0,0.13301377461674763,0.503386901458917,10,early
10495,95,0,0.7651662037525344,0.35577159944713177,10,early
10496,96,0,0.13291228363013263,0.6782467430833214,10,early
10497,97,0,0.6559222279603742,0.47937462270152464,10,early
10498,98,0,0.43904534895638225,0.43440289016252476,10,early
10499,99,0,0.08009891771155327,0.37466634381888597,10,early
10500,100,0,0.26413229751999884,0.41171612514621314,10,early
10501,101,0,0.6295132740273174,0.3843831509680722,10,early
10502,102,0,0.6590709721861023,0.4687883034232805,10,early
10503,103,0,0.45649665882739887,0.3700022929704426,10,early
10504,104,0,0.14115200853374324,0.4843688569669776,10,early
10505,105,0,0.42445517983451997,0.4366394388813484,10,early
10506,106,0,0.4013407615462682,0.4620740237791793,10,early
10507,107,0,0.5921648374604671,0.4811070444815154,10,early
10508,108,0,0.4925444134441232,0.4230951900962071,10,early
10509,109,0,0.7352641557222868,0.5596775992874459,10,early
10510,110,0,0.3033996121396158,0.45308906469998866,10,early
10511,111,0,0.6851366054004641,0.34742764467811804,10,early
10512,112,0,0.8562799852092018,0.48149748718625207,10,early
10513,113,0,0.5094794912682372,0.46638703304493034,10,early
10514,114,0,0.2150393556991876,0.3711569668262431,10,early
10515,115,0,0.9102978172673872,0.4036156484020894,10,early
10516,116,0,0.3021730017991038,0.6301410638219382,10,early
10517,117,0,0.4681642146105504,0.44585015641300185,10,early
10518,118,0,0.8817452942607875,0.37716929802022675,10,early
10519,119,0,0.49885678294383745,0.5083088947485707,10,early
10520,120,0,0.7981191214698857,0.5711210749274324,10,early
10521,121,0,0.8688607300986122,0.360624820359351,10,early
10522,122,0,0.6047828424880559,0.6954816677299942,10,early
10523,123,0,0.4822437313120774,0.5380857306017254,10,early
10524,124,0,0.9447837758391486,0.33677984937225436,10,early
10525,125,0,0.340707496755384,0.4018862641809823,10,early
10526,126,0,0.27614922897843636,0.4684851678463977,10,early
10527,127,0,0.5239894969139536,0.4028208615317028,10,early
10528,128,0,0.21942999468792984,0.5008073757375386,10,early
10529,129,0,0.8848024230624296,0.5358098864328699,10,early
10530,130,0,0.868071907492774,0.506506855426342,10,early
10531,131,0,0.617597955307408,0.38257223020150255,10,early
10532,132,0,0.9725375456537548,0.4177376793373769,10,early
10533,133,0,0.47840594719790763,0.5644614751431705,10,early
10534,134,0,0.7371774063217196,0.532707209961162,10,early
10535,135,0,0.752138894247177,0.33383377337470477,10,early
10536,136,0,0.34127187447780033,0.5207557114474068,10,early
10537,137,0,0.5095950994991947,0.5043867975325949,10,early
10538,138,0,0.6131748038995193,0.32885063042839363,10,early
10539,139,0,0.10481848809608085,0.5167776363270168,10,early
10540,140,0,0.14772783366482617,0.38665650263225126,10,early
10541,141,0,0.16634038258955913,0.5485328838575791,10,early
10542,142,0,0.9629232917226491,0.584336145363189,10,early
10543,143,0,0.34245303934777327,0.41526896640140165,10,early
10544,144,0,0.8613088931352533,0.3604692302126045,10,early
10545,145,0,0.5359078624461461,0.5252201085140358,10,early
10546,146,0,0.6822341438375403,0.5121238920015899,10,early
10547,147,0,0.3861925393692658,0.5760025639831201,10,early
10548,148,0,0.9823132592167677,0.2639976395665147,10,early
10549,149,0,0.4399919926850023,0.5171627140185912,10,early
10550,150,0,0.944425669235111,0.35931125209633663,10,early
10551,151,0,0.5272553279854095,0.5151119381819814,10,early
10552,152,0,0.43372876518114667,0.5187293870987413,10,early
10553,153,0,0.6095047109914387,0.37930538455812257,10,early
10554,154,0,0.24272317488656936,0.46444953621804547,10,early
10555,155,0,0.5830083417346862,0.2772020483542337,10,early
10556,156,0,0.8349126145032368,0.331642888849338,10,early
10557,157,0,0.48699081421989976,0.4539404778953674,10,early
10558,158,0,0.20314135534873842,0.3837738287741035,10,early
10559,159,0,0.5375088037482463,0.3611714620440698,10,early
10560,160,0,0.8145773072885838,0.48077612636838013,10,early
10561,161,0,0.40485083245364023,0.548150017804657,10,early
10562,162,0,0.05776800475071809,0.48506226661903024,10,early
10563,163,0,0.5141972212525516,0.44042098033542515,10,early
10564,164,0,0.6602086733186489,0.40134085998330815,10,early
10565,165,0,0.6831581979654885,0.3655848354802908,10,early
10566,166,0,0.2344045551950467,0.5103348608906767,10,early
10567,167,0,0.4603898749712447,0.2944957586053813,10,early
10568,168,0,0.3792664717378723,0.39703681128984514,10,early
10569,169,0,0.6507743566418237,0.4129798184247454,10,early
10570,170,0,0.5432372771103756,0.4593779660180052,10,early
10571,171,0,0.6682635853236387,0.3622732536830671,10,early
10572,172,0,0.7048291471455466,0.331671939011133,10,early
10573,173,0,0.6035319920269049,0.2737978666343128,10,early
10574,174,0,0.4638510027812034,0.4328955271411156,10,early
10575,175,0,0.21108960158624343,0.4858764724142972,10,early
10576,176,0,0.632046748175463,0.5521603639980055,10,early
10577,177,0,0.29146760304929276,0.6013121154724319,10,early
10578,178,0,0.813608252717666,0.4373328355626418,10,early
10579,179,0,0.7212619437144006,0.38822404275792644,10,early
10580,180,0,0.8932820511977848,0.35546498444254465,10,early
10581,181,0,0.31976470980808414,0.5649078076162477,10,early
10582,182,0,0.3582711822480842,0.32759445774234197,10,early
10583,183,0,0.7927744851446599,0.32231000804181853,10,early
10584,184,0,0.5441779314539825,0.36001853634471004,10,early
10585,185,0,0.15791947180940052,0.5170924430283189,10,early
10586,186,0,0.920364328176431,0.5261376461840349,10,early
10587,187,0,0.7474162572050568,0.45009120436678207,10,early
10588,188,0,0.3257262801190238,0.5157516634087913,10,early
10589,189,0,0.5256760429009175,0.5572314274267411,10,early
10590,190,0,0.923442455551769,0.47493477627351344,10,early
10591,191,0,0.9718156678299035,0.5369356298420185,10,early
10592,192,0,0.6674119458137517,0.40969071322794104,10,early
10593,193,0,0.5322379570303273,0.4912218428041825,10,early
10594,194,0,0.6251690710754743,0.34501511500506177,10,early
10595,195,0,0.30974937863747226,0.42563519331194777,10,early
10596,196,0,0.680389744617536,0.343159042730607,10,early
10597,197,0,0.48040229102568094,0.41047256470373883,10,early
10598,198,0,0.6569503407970145,0.4812879456373219,10,early
10599,199,0,0.6693369770687738,0.43488023304328516,10,early
10600,0,0,0.5795281580392881,0.9036378655202815,10,middle
10601,1,0,0.6231530570715822,0.7017283495925012,10,middle
10602,2,0,0.14611850820755715,0.6028121446256769,10,middle
10603,3,0,0.26827115219584446,0.72586015086026,10,middle
10604,4,0,0.7089535504778371,0.6223767247901588,10,middle
10605,5,0,0.7418634443435725,0.47838943932938505,10,middle
10606,6,0,0.8497207199550805,0.631869090546374,10,middle
10607,7,0,0.356565699641094,0.5567753375817492,10,middle
10608,8,0,0.4714343313498991,0.5493956598365294,10,middle
10609,9,0,0.42359666391262174,0.5422839477696263,10,middle
10610,10,0,0.5398525022639342,0.5799648832770754,10,middle
10611,11,0,0.9518502629367156,0.7004470028272274,10,middle
10612,12,0,0.7829300649509661,0.4129177972943563,10,middle
10613,13,0,0.6471986883451726,0.6909866507088459,10,middle
10614,14,0,0.47783537458673847,0.500729315122856,10,middle
10615,15,0,0.1620265630623984,0.7120286444061443,10,middle
10616,16,0,0.9480811969325796,0.44164314414041894,10,middle
10617,17,0,0.636099505018508,0.5609182923696827,10,middle
10618,18,0,0.29501654885453077,0.5694027969946498,10,middle
10619,19,0,0.5986484825153939,0.7453466013955982,10,middle
10620,20,0,0.3810450277593271,0.5453136466091144,10,middle
10621,21,0,0.6796142550623088,0.41136205992460073,10,middle
10622,22,0,0.45497983756799515,0.5260671659861373,10,middle
10623,23,0,0.979306575051728,0.7170089685486329,10,middle
10624,24,0,0.5086145724342979,0.49538118094221684,10,middle
10625,25,0,0.36192782184322336,0.5955829594985897,10,middle
10626,26,0,0.5351614443167114,0.7575406118015475,10,middle
10627,27,0,0.8209563720380075,0.4666157343034578,10,middle
10628,28,0,0.38873600934509955,0.4876630608743173,10,middle
10629,29,0,0.1674165490404943,0.5817440140520318,10,middle
10630,30,0,0.8113768558927039,0.4596694677653127,10,middle
10631,31,0,0.6819051625826889,0.5489913531604645,10,middle
10632,32,0,0.4549933915798972,0.454516295766468,10,middle
10633,33,0,0.25469158447365764,0.5594829032299876,10,middle
10634,34,0,0.5920700057923625,0.4320620710755275,10,middle
10635,35,0,0.6998571011731991,0.40693200116922257,10,middle
10636,36,0,0.2554830586739679,0.5658847307233513,10,middle
10637,37,0,0.8700743585217388,0.4357560770874419,10,middle
10638,38,0,0.6301932663405989,0.4846140171718625,10,middle
10639,39,0,0.7651641811259983,0.5877068962693301,10,middle
10640,40,0,0.5713303774552462,0.6469648780989473,10,middle
10641,41,0,0.6763235590269285,0.5004792079329776,10,middle
10642,42,0,0.518456437633825,0.4327856157508323,10,middle
10643,43,0,0.6584251815112871,0.5983151237388282,10,middle
10644,44,0,0.6339913862941726,0.5390027085221439,10,middle
10645,45,0,0.8338890473818154,0.5076289013831926,10,middle
10646,46,0,0.4413832489019833,0.5131900602224047,10,middle
10647,47,0,0.4841303215606043,0.37464325339296756,10,middle
10648,48,0,0.5046231886028194,0.475161075496255,10,middle
10649,49,0,0.6419531823933142,0.5209636332127336,10,middle
10650,50,0,0.5220258209006872,0.5962750434556396,10,middle
10651,51,0,0.6764544603688513,0.6596512803935434,10,middle
10652,52,0,0.782748579769031,0.510146780438729,10,middle
10653,53,0,0.6446226597819372,0.4212486204706808,10,middle
10654,54,0,0.865666497188716,0.4131176479997607,10,middle
10655,55,0,0.8405874838186964,0.4008914730841544,10,middle
10656,56,0,0.46269364958996434,0.576137389962766,10,middle
10657,57,0,0.9314110416959936,0.43400159217047674,10,middle
10658,58,0,0.6909599166276695,0.5449455572615869,10,middle
10659,59,0,0.6780332541793352,0.4623531474421061,10,middle
10660,60,0,0.6734895714722938,0.4846115086673275,10,middle
10661,61,0,0.4353326642226358,0.5530994401612632,10,middle
10662,62,0,0.6794666885476922,0.6352811058202051,10,middle
10663,63,0,0.5750212165769859,0.6105962486886519,10,middle
10664,64,0,0.5183794177451078,0.7094103607773687,10,middle
10665,65,0,0.8150454069850883,0.5546801211528967,10,middle
10666,66,0,0.6765196729955768,0.367898571360887,10,middle
10667,67,0,0.7196734095012326,0.39730907669376303,10,middle
10668,68,0,0.48531746260277703,0.3725171927564245,10,middle
10669,69,0,0.6237508814006315,0.5180523252154563,10,middle
10670,70,0,0.560918198717958,0.42021360107334327,10,middle
10671,71,0,0.6331294465692887,0.6028664052507993,10,middle
10672,72,0,0.2787032469301053,0.5537014200639966,10,middle
10673,73,0,0.8780114774342278,0.5305158290690042,10,middle
10674,74,0,0.6265518307038022,0.5790826791088678,10,middle
10675,75,0,0.922015248619639,0.5045822237409694,10,middle
10676,76,0,0.6362945734041032,0.5080921811533413,10,middle
10677,77,0,0.6055381325559629,0.4903985255835098,10,middle
10678,78,0,0.878163123508063,0.3347283180747529,10,middle
10679,79,0,0.5869080674147243,0.4039597596542275,10,middle
10680,80,0,0.3331096665703428,0.5024353564051083,10,middle
10681,81,0,0.12391577549391754,0.43938448558250787,10,middle
10682,82,0,0.3493325027179469,0.4418973526809266,10,middle
10683,83,0,0.20094480440191556,0.6544999945618055,10,middle
10684,84,0,0.6534816067197396,0.3557126555365253,10,middle
10685,85,0,0.8739403445306557,0.3887053278230752,10,middle
10686,86,0,0.9701739525648166,0.45105050133358077,10,middle
10687,87,0,0.5934487217274939,0.4721264852075412,10,middle
10688,88,0,0.4917556593570031,0.6610307886316382,10,middle
10689,89,0,0.09133689135186271,0.5306698757935242,10,middle
10690,90,0,0.4296571358251046,0.5355151932549711,10,middle
10691,91,0,0.1748338621923896,0.4794238187903771,10,middle
10692,92,0,0.08550455794016452,0.7191435289350594,10,middle
10693,93,0,0.04229856200427689,0.5225341411908604,10,middle
10694,94,0,0.5909217781992449,0.353574464068747,10,middle
10695,95,0,0.3369777763396953,0.4359828268599609,10,middle
10696,96,0,0.5736777272236275,0.5438474038059744,10,middle
10697,97,0,0.3833154511774026,0.5391970131916775,10,middle
10698,98,0,0.1638577510183626,0.5483824379595716,10,middle
10699,99,0,0.822005844345918,0.6688384873693201,10,middle
10700,100,0,0.7428536329764039,0.4875208396208574,10,middle
10701,101,0,0.09454411371385787,0.6649730206807776,10,middle
10702,102,0,0.33645826675438306,0.4132109027816854,10,middle
10703,103,0,0.44711520030639473,0.3883049765140358,10,middle
10704,104,0,0.9107009087329456,0.5493777380224333,10,middle
10705,105,0,0.5669977513521854,0.34798877256326677,10,middle
10706,106,0,0.73967546083027,0.272815833405948,10,middle
10707,107,0,0.687667786318569,0.45806510936962336,10,middle
10708,108,0,0.5771117338721883,0.40056119385352973,10,middle
10709,109,0,0.7988139658561146,0.274403938693928,10,middle
10710,110,0,0.5431259715034511,0.4785803471941502,10,middle
10711,111,0,0.8586802286823284,0.5850554358010913,10,middle
10712,112,0,0.11351941118456862,0.6392886449064206,10,middle
10713,113,0,0.17059352124292093,0.46898013747139555,10,middle
10714,114,0,0.7120948616742848,0.3424907783937231,10,middle
10715,115,0,0.748546272611097,0.3738582085332676,10,middle
10716,116,0,0.8946171163523384,0.4472081429461708,10,middle
10717,117,0,0.9813724706692724,0.27842392833820573,10,middle
10718,118,0,0.9907579095744904,0.2939065440867027,10,middle
10719,119,0,0.9266353014039796,0.324136665337569,10,middle
10720,120,0,0.5145638846350757,0.5570116350780915,10,middle
10721,121,0,0.9468418369820198,0.4018609338766663,10,middle
10722,122,0,0.681696214075467,0.3898902894625087,10,middle
10723,123,0,0.7660575356459531,0.5131183130994197,10,middle
10724,124,0,0.5123555017158061,0.42806600071078,10,middle
10725,125,0,0.36384661935173546,0.4373069003287931,10,middle
10726,126,0,0.27060405902130935,0.4786854337508668,10,middle
10727,127,0,0.6541603529552703,0.4117480384773229,10,middle
10728,128,0,0.7711446548497589,0.38615947871689604,10,middle
10729,129,0,0.9751679620433942,0.26143499261101666,10,middle
10730,130,0,0.12629686122198358,0.5338222559134106,10,middle
10731,131,0,0.9123666888931952,0.40438032795518464,10,middle
10732,132,0,0.5052118200535944,0.48046907902479075,10,middle
10733,133,0,0.6109492037182611,0.49426875922439273,10,middle
10734,134,0,0.5840861653506951,0.43475524871583,10,middle
10735,135,0,0.7923125509896947,0.3265445987201372,10,middle
10736,136,0,0.35221994585749944,0.47263069452268236,10,middle
10737,137,0,0.7433292375473937,0.5072834942887674,10,middle
10738,138,0,0.4335995175796353,0.5473317950433837,10,middle
10739,139,0,0.43821786028610643,0.470820665217023,10,middle
10740,140,0,0.35330877076651335,0.5024359347018068,10,middle
10741,141,0,0.775655548215441,0.3427842591890033,10,middle
10742,142,0,0.22380604231346363,0.44359826361025667,10,middle
10743,143,0,0.28342923348790616,0.48402841829618537,10,middle
10744,144,0,0.5209701201225094,0.4569302325534615,10,middle
10745,145,0,0.8913903490053727,0.34678275543054615,10,middle
10746,146,0,0.4343324553820524,0.4018293273029473,10,middle
10747,147,0,0.953639825330307,0.30855717291841556,10,middle
10748,148,0,0.8724811207933099,0.5111310042231634,10,middle
10749,149,0,0.938987032207766,0.2850233848986888,10,middle
10750,150,0,0.5053896112877821,0.5056602444229654,10,middle
10751,151,0,0.9656563709977829,0.36464582865170614,10,middle
10752,152,0,0.568373688611849,0.4001413492803775,10,middle
10753,153,0,0.9044714021711346,0.47943512414063927,10,middle
10754,154,0,0.3750680842413121,0.40324181166654016,10,middle
10755,155,0,0.9816105628934555,0.36025464552665265,10,middle
10756,156,0,0.5876489920514376,0.3844644304466558,10,middle
10757,157,0,0.1345263411551804,0.5170513916463683,10,middle
10758,158,0,0.5625565255754469,0.4867596550232477,10,middle
10759,159,0,0.7958445142664382,0.3478344330139371,10,middle
10760,160,0,0.6316944043527962,0.33842424639300417,10,middle
10761,161,0,0.8872219604802158,0.36207959855206706,10,middle
10762,162,0,0.6160676916119351,0.3669997078600347,10,middle
10763,163,0,0.3996001889409828,0.5024880194852828,10,middle
10764,164,0,0.6816717678980808,0.4134056376265095,10,middle
10765,165,0,0.014230272667311273,0.5474404718074682,10,middle
10766,166,0,0.7719826919503113,0.4151336649805353,10,middle
10767,167,0,0.5897410629512837,0.3667286932090654,10,middle
10768,168,0,0.8326363408585307,0.3756059164298813,10,middle
10769,169,0,0.49116348762947465,0.2586790604546407,10,middle
10770,170,0,0.5102847651731286,0.3234798721734063,10,middle
10771,171,0,0.5577127831024037,0.4427360181391908,10,middle
10772,172,0,0.638648192297647,0.3892847304914365,10,middle
10773,173,0,0.4873289319454288,0.39660197718807133,10,middle
10774,174,0,0.8345675601644715,0.44871167916116783,10,middle
10775,175,0,0.6785533016733402,0.26397554170426785,10,middle
10776,176,0,0.8839447998925908,0.5272372695693931,10,middle
10777,177,0,0.8031449931520459,0.38300547345474106,10,middle
10778,178,0,0.5641191593685538,0.40586689664539743,10,middle
10779,179,0,0.0705665463420649,0.5193071733301063,10,middle
10780,180,0,0.6563407825857674,0.34114469266051584,10,middle
10781,181,0,0.37853413842990574,0.47849433527429786,10,middle
10782,182,0,0.9360972947854604,0.34055505985340695,10,middle
10783,183,0,0.9220870827093096,0.2710077777394506,10,middle
10784,184,0,0.8972154356965727,0.41823409061706246,10,middle
10785,185,0,0.40373328056212376,0.6401209883533691,10,middle
10786,186,0,0.3309849552653697,0.5274078436280016,10,middle
10787,187,0,0.451928998536272,0.4477804313889417,10,middle
10788,188,0,0.48200556946609935,0.4866964645986117,10,middle
10789,189,0,0.4726425203238439,0.4348171408463717,10,middle
10790,190,0,0.5094344591340476,0.3657645439494448,10,middle
10791,191,0,0.36053645583798766,0.3894674604788115,10,middle
10792,192,0,0.5421130141561353,0.4329593239268438,10,middle
10793,193,0,0.5531169395513404,0.3957329945122037,10,middle
10794,194,0,0.6125038677171883,0.3765726972447313,10,middle
10795,195,0,0.8055862910928079,0.49983585627422056,10,middle
10796,196,0,0.46353674125130484,0.3634237320012985,10,middle
10797,197,0,0.4381937003914428,0.42035571765658925,10,middle
10798,198,0,0.43790419441427086,0.4456336406258711,10,middle
10799,199,0,0.8411889720990429,0.5051917160690571,10,middle
10800,0,0,0.5398421631934966,0.5102222413469255,10,late
10801,1,0,0.10693355962840548,0.5610654227511438,10,late
10802,2,0,0.6294469203458092,0.672468242468497,10,late
10803,3,0,0.525203910781807,0.5242502026817739,10,late
10804,4,0,0.2172989906577577,0.6282552177428453,10,late
10805,5,0,0.40324520095502847,0.5715222931859236,10,late
10806,6,0,0.5047883174845459,0.5289849388937278,10,late
10807,7,0,0.7737398817403525,0.40058610693480057,10,late
10808,8,0,0.43835391154967557,0.5399306579473244,10,late
10809,9,0,0.5711170651197335,0.6190312095802707,10,late
10810,10,0,0.6095995044741518,0.5244957036616867,10,late
10811,11,0,0.8835478816271434,0.5865603149443932,10,late
10812,12,0,0.22122096285216808,0.5245100720112559,10,late
10813,13,0,0.7971997520680392,0.46324029633454844,10,late
10814,14,0,0.3395592164749824,0.5280788962629639,10,late
10815,15,0,0.9294931513170835,0.3953279378148468,10,late
10816,16,0,0.8690312011187027,0.4330142395128717,10,late
10817,17,0,0.486390194253256,0.3867212178331122,10,late
10818,18,0,0.061742553816741465,0.36095933779375766,10,late
10819,19,0,0.5705611023207979,0.42754576343529993,10,late
10820,20,0,0.7332826897859651,0.48151679021490623,10,late
10821,21,0,0.41449326450700724,0.3367755552859947,10,late
10822,22,0,0.6673633215603203,0.4973358230758079,10,late
10823,23,0,0.7925765644966425,0.4371419885866653,10,late
10824,24,0,0.5898123061892145,0.3327056812169529,10,late
10825,25,0,0.08848076829964012,0.3641536579289934,10,late
10826,26,0,0.6470486443458794,0.4039774132040961,10,late
10827,27,0,0.5580514237960386,0.3724610213503623,10,late
10828,28,0,0.8836936349166016,0.42615786017945667,10,late
10829,29,0,0.5817865011456611,0.4472366132046357,10,late
10830,30,0,0.8387472493720896,0.39711201445065036,10,late
10831,31,0,0.5003835671402681,0.48826389404977344,10,late
10832,32,0,0.5891298255574285,0.41575601657635164,10,late
10833,33,0,0.4478370373685174,0.44625473691204387,10,late
10834,34,0,0.06642092553036381,0.4903526923308469,10,late
10835,35,0,0.6283012356889051,0.48768704167792776,10,late
10836,36,0,0.738822433853415,0.422981787720487,10,late
10837,37,0,0.5072398781437468,0.43825270826523655,10,late
10838,38,0,0.8880315814915034,0.5295094468140409,10,late
10839,39,0,0.5398488871067797,0.5137633489730756,10,late
10840,40,0,0.8262225819371933,0.3447766609650057,10,late
10841,41,0,0.6153496728525805,0.608798396224141,10,late
10842,42,0,0.8705389768834373,0.3753734680798312,10,late
10843,43,0,0.5193921951526915,0.38690397970339657,10,late
10844,44,0,0.9624559748659994,0.38977066822542467,10,late
10845,45,0,0.48824137861864764,0.42833295023683726,10,late
10846,46,0,0.9276050999242167,0.26280790393569603,10,late
10847,47,0,0.4690864542649981,0.5469351223248112,10,late
10848,48,0,0.9601083916564963,0.38162333293888895,10,late
10849,49,0,0.5135938039612555,0.39049241587056605,10,late
10850,50,0,0.10932929678493826,0.36424048675651166,10,late
10851,51,0,0.9167757589670733,0.5393099320486614,10,late
10852,52,0,0.9169689020985765,0.34044687039701405,10,late
10853,53,0,0.7886266545361378,0.3113143192933624,10,late
10854,54,0,0.9038896773180145,0.30664241187489394,10,late
10855,55,0,0.9667404736608851,0.31972196171434103,10,late
10856,56,0,0.6247006591727549,0.6487864909117882,10,late
10857,57,0,0.43323147447078997,0.4072773458600129,10,late
10858,58,0,0.7306738883980024,0.39914247472672537,10,late
10859,59,0,0.9672301643053458,0.3163836422719395,10,late
10860,60,0,0.5852783613877922,0.33622652972841605,10,late
10861,61,0,0.33262533167038094,0.3458815911392699,10,late
10862,62,0,0.9392087482540068,0.33068344915843106,10,late
10863,63,0,0.5348340065729771,0.4400344094987393,10,late
10864,64,0,0.7755723736708191,0.5061116413307352,10,late
10865,65,0,0.3131741022422899,0.31362270588922936,10,late
10866,66,0,0.8117808368680723,0.37199693804447453,10,late
10867,67,0,0.2784134744038096,0.4294845434660217,10,late
10868,68,0,0.1359752407037178,0.4215609513358725,10,late
10869,69,0,0.7143492471770865,0.4420280813264755,10,late
10870,70,0,0.23005579961408698,0.39737758037159826,10,late
10871,71,0,0.5028205751783427,0.543110535214673,10,late
10872,72,0,0.311861296417876,0.5507188820472457,10,late
10873,73,0,0.5998510189935876,0.30393398277385436,10,late
10874,74,0,0.26302000896642075,0.5714861026798141,10,late
10875,75,0,0.6261322242557155,0.3889416690534842,10,late
10876,76,0,0.017181771009831457,0.5928959853602861,10,late
10877,77,0,0.888754089251532,0.4881284649367097,10,late
10878,78,0,0.7106956979422334,0.2837125238093633,10,late
10879,79,0,0.9156071026571351,0.40242891627783056,10,late
10880,80,0,0.5224629763210824,0.45111483076492065,10,late
10881,81,0,0.7099794572938707,0.309400486643978,10,late
10882,82,0,0.22086195999836625,0.38578485855020284,10,late
10883,83,0,0.25085266593946676,0.4586445148863172,10,late
10884,84,0,0.5297615001351444,0.3387055734866101,10,late
10885,85,0,0.601922698740565,0.4008655629353226,10,late
10886,86,0,0.2585368688153629,0.3113049512113538,10,late
10887,87,0,0.030026894149140778,0.37139861706863725,10,late
10888,88,0,0.1314194728508584,0.5338260338536287,10,late
10889,89,0,0.8729106311902266,0.38274807043435094,10,late
10890,90,0,0.46427651335460124,0.35778707121548964,10,late
10891,91,0,0.10245399936439012,0.3203073113871,10,late
10892,92,0,0.9568917128535749,0.35445887279516225,10,late
10893,93,0,0.8644859883268141,0.32721419510602184,10,late
10894,94,0,0.024755362846780093,0.4188734642741997,10,late
10895,95,0,0.6823215727028575,0.3549813938834904,10,late
10896,96,0,0.08592823964345461,0.45401752909358706,10,late
10897,97,0,0.1745595629987993,0.30842197888628003,10,late
10898,98,0,0.11686637076514983,0.3095633591577876,10,late
10899,99,0,0.7804497042697551,0.43515976737155443,10,late
10900,100,0,0.5231905067588075,0.29649761926202406,10,late
10901,101,0,0.27525242042599074,0.47359746918629136,10,late
10902,102,0,0.5597218870378712,0.3802415580752559,10,late
10903,103,0,0.4512188086065091,0.4186809694817644,10,late
10904,104,0,0.8803731733203846,0.4470921107815974,10,late
10905,105,0,0.2765702175404429,0.4520633240507777,10,late
10906,106,0,0.30228523533416773,0.3704433218497245,10,late
10907,107,0,0.955786963245783,0.35950469114196193,10,late
10908,108,0,0.35311182951030307,0.39608725968232467,10,late
10909,109,0,0.17873017515067513,0.39027708771798997,10,late
10910,110,0,0.4895309143062414,0.4637867171241753,10,late
10911,111,0,0.4800355973899908,0.5916317918491125,10,late
10912,112,0,0.6228717760498391,0.26743463647190013,10,late
10913,113,0,0.7914492577159475,0.2570316019309871,10,late
10914,114,0,0.612282946677646,0.28958654135073514,10,late
10915,115,0,0.5574703463676409,0.40752989763351416,10,late
10916,116,0,0.4679732134073909,0.4680107205574925,10,late
10917,117,0,0.33874994943298664,0.44948114591455757,10,late
10918,118,0,0.5570163570034434,0.47311618210597056,10,late
10919,119,0,0.5651311381099059,0.3467709992129871,10,late
10920,120,0,0.18158293068499096,0.5909299290823185,10,late
10921,121,0,0.5317659227724559,0.3973437488494189,10,late
10922,122,0,0.48599980853709734,0.38113367403800547,10,late
10923,123,0,0.4838072752046166,0.24131615834953732,10,late
10924,124,0,0.5353407627722822,0.5303759111091376,10,late
10925,125,0,0.7732314794765058,0.35009435219780316,10,late
10926,126,0,0.5788577642052682,0.28964464604316104,10,late
10927,127,0,0.5023307867675793,0.22079625414751633,10,late
10928,128,0,0.5105452711390194,0.3149441936193097,10,late
10929,129,0,0.24779168221420017,0.34173264613240817,10,late
10930,130,0,0.7036886089054815,0.3734255299399999,10,late
10931,131,0,0.9965251308927008,0.35745860703139853,10,late
10932,132,0,0.42272037991026695,0.3382617630097421,10,late
10933,133,0,0.496271497338439,0.4287403203690781,10,late
10934,134,0,0.37894545485878633,0.2700092497435324,10,late
10935,135,0,0.5451045203916439,0.4773504615391484,10,late
10936,136,0,0.555737191010173,0.36107743841750434,10,late
10937,137,0,0.596889747970259,0.29421249166507646,10,late
10938,138,0,0.9830174472032871,0.3683088021022771,10,late
10939,139,0,0.7609037224145998,0.4203276431732287,10,late
10940,140,0,0.2449593831308049,0.32619492582615434,10,late
10941,141,0,0.09164636785705103,0.3802964666736575,10,late
10942,142,0,0.38503435874012715,0.2936351206772183,10,late
10943,143,0,0.8496745525111452,0.28754814133136475,10,late
10944,144,0,0.5510011804469764,0.28605647510449994,10,late
10945,145,0,0.6961231173171303,0.36984882231003124,10,late
10946,146,0,0.8874958855333603,0.34861449711505543,10,late
10947,147,0,0.7752433268963941,0.24519707025565782,10,late
10948,148,0,0.41453343758837474,0.46294738557634396,10,late
10949,149,0,0.5570937039930856,0.2729677472653017,10,late
10950,150,0,0.05941925751006495,0.41922052783351516,10,late
10951,151,0,0.800523086005255,0.32445108995881994,10,late
10952,152,0,0.4735793539078488,0.40861408186418113,10,late
10953,153,0,0.4824294726389184,0.35871186045120895,10,late
10954,154,0,0.9236187769632901,0.25151633299979714,10,late
10955,155,0,0.7826000297144429,0.30799426106608174,10,late
10956,156,0,0.5710699732653448,0.4139011881876642,10,late
10957,157,0,0.5765778008048893,0.44290279141753763,10,late
10958,158,0,0.5799632583611651,0.23899046305189764,10,late
10959,159,0,0.4387669780835626,0.34789834820352744,10,late
10960,160,0,0.15606281487958062,0.4273278743132215,10,late
10961,161,0,0.385406006015234,0.3851101217194471,10,late
10962,162,0,0.3446270173237528,0.25443935714083676,10,late
10963,163,0,0.7298261196227243,0.27262818825522817,10,late
10964,164,0,0.7086465912720221,0.38417345136538794,10,late
10965,165,0,0.5012082141392413,0.34308342094080846,10,late
10966,166,0,0.5159652440371906,0.5057159745503831,10,late
10967,167,0,0.6336363142279651,0.4130543755854973,10,late
10968,168,0,0.02010133664563965,0.37376598518998905,10,late
10969,169,0,0.6377027877626923,0.2739973468951,10,late
10970,170,0,0.3475507269383517,0.34913322778565703,10,late
10971,171,0,0.7790146988377135,0.3042241529182773,10,late
10972,172,0,0.6820727797439883,0.22661847739181287,10,late
10973,173,0,0.8783647574711566,0.27091242722934145,10,late
10974,174,0,0.8684327542188794,0.24602977265431136,10,late
10975,175,0,0.8297480130012771,0.24592143624063514,10,late
10976,176,0,0.8059311787675878,0.22687351461754635,10,late
10977,177,0,0.7465809617125279,0.31998801234831753,10,late
10978,178,0,0.5018573718587387,0.4209447492301702,10,late
10979,179,0,0.5103019240649245,0.42894681758096476,10,late
10980,180,0,0.4943287787113806,0.4109655572511043,10,late
10981,181,0,0.029923567739815,0.3449390912031032,10,late
10982,182,0,0.8362067125699444,0.3252132900394744,10,late
10983,183,0,0.4841644409357699,0.2587050793573872,10,late
10984,184,0,0.8949284464248988,0.3264608018565314,10,late
10985,185,0,0.5110795491501309,0.20384560478298414,10,late
10986,186,0,0.020300066950450068,0.47316004845884085,10,late
10987,187,0,0.801436220736656,0.4507457460977184,10,late
10988,188,0,0.8907735211133057,0.22930124293269322,10,late
10989,189,0,0.3376443865851191,0.3367457603365568,10,late
10990,190,0,0.788689484126647,0.30613240885058635,10,late
10991,191,0,0.40088752220797624,0.4068698239347223,10,late
10992,192,0,0.40920341446204106,0.360611048704057,10,late
10993,193,0,0.8894360201120435,0.3398958497901253,10,late
10994,194,0,0.5237689366863725,0.37728110640735213,10,late
10995,195,0,0.6742748902921665,0.22935439326253276,10,late
10996,196,0,0.3555103569614685,0.44348755796451644,10,late
10997,197,0,0.6948155287916475,0.4702258103853476,10,late
10998,198,0,0.09346503894272506,0.3458197608890037,10,late
10999,199,0,0.7004814315207588,0.37895565262613773,10,late
11000,0,0,0.608716111163016,0.7459751968669006,11,interleaved
11001,1,0,0.15634194263026124,0.7897087954035092,11,interleaved
11002,2,0,0.4201268539830101,0.47008729874300825,11,interleaved
11003,3,0,0.7059627982782153,0.54748519181066,11,interleaved
11004,4,0,0.37646208792102476,0.4860487770947678,11,interleaved
11005,5,0,0.6544942491996275,0.3773846297783409,11,interleaved
11006,6,0,0.4199242132901746,0.5466815407497142,11,interleaved
11007,7,0,0.44952427225251856,0.5540853072642001,11,interleaved
11008,8,0,0.7637317630279719,0.36069872562784777,11,interleaved
11009,9,0,0.08721559451493718,0.5566562143978909,11,interleaved
11010,10,0,0.3066660847906775,0.5415763892815569,11,interleaved
11011,11,0,0.330464773684024,0.6186504801653829,11,interleaved
11012,12,0,0.5062967230582215,0.5337928492795316,11,interleaved
11013,13,0,0.8541039760506041,0.461142864462472,11,interleaved
11014,14,0,0.5078604350525189,0.5519948651586308,11,interleaved
11015,15,0,0.5760147014047576,0.4679056179072355,11,interleaved
11016,16,0,0.5538633571056496,0.5623688592084819,11,interleaved
11017,17,0,0.9003842257858423,0.3550626147387301,11,interleaved
11018,18,0,0.6492512280342324,0.47051559166003387,11,interleaved
11019,19,0,0.6779533159524571,0.4628415474176931,11,interleaved
11020,20,0,0.6378464599904561,0.5467957002256948,11,interleaved
11021,21,0,0.5654640515258553,0.5328265832445663,11,interleaved
11022,22,0,0.7307913488436506,0.46021767342374265,11,interleaved
11023,23,0,0.3032134502201556,0.6787954430275654,11,interleaved
11024,24,0,0.1415812284499467,0.5459189956008454,11,interleaved
11025,25,0,0.13862600393673188,0.4661302332154691,11,interleaved
11026,26,0,0.2801098658815578,0.5585536125688639,11,interleaved
11027,27,0,0.34461936843515345,0.42271161930642964,11,interleaved
11028,28,0,0.6249189400907708,0.43787266694288907,11,interleaved
11029,29,0,0.5946249959805692,0.5168537739534675,11,interleaved
11030,30,0,0.5586154875966743,0.48816861038393683,11,interleaved
11031,31,0,0.7132571981808391,0.4664747762160957,11,interleaved
11032,32,0,0.47916361903327276,0.6991150403221179,11,interleaved
11033,33,0,0.4715435625743861,0.4910034367649204,11,interleaved
11034,34,0,0.7325231155150247,0.4213269010761078,11,interleaved
11035,35,0,0.5914779747421819,0.4498517940269207,11,interleaved
11036,36,0,0.2916854057563743,0.5168763981294638,11,interleaved
11037,37,0,0.7917239282532907,0.4341202696820253,11,interleaved
11038,38,0,0.6389788203985994,0.41319489230733325,11,interleaved
11039,39,0,0.7303391650402528,0.4638899077095025,11,interleaved
11040,40,0,0.32607766069166927,0.6305230014001042,11,interleaved
11041,41,0,0.07090859266657962,0.5478133021514864,11,interleaved
11042,42,0,0.47270611792314493,0.42114260462146347,11,interleaved
11043,43,0,0.7360206975953906,0.5101298878650881,11,interleaved
11044,44,0,0.4676667446891182,0.5004146006330452,11,interleaved
11045,45,0,0.6348972177744154,0.4173002540552274,11,interleaved
11046,46,0,0.4504229007908065,0.6784856634218692,11,interleaved
11047,47,0,0.7728717770489151,0.45761007708992973,11,interleaved
11048,48,0,0.48995739262783294,0.6126968742380233,11,interleaved
11049,49,0,0.7137057463306911,0.3617373202445252,11,interleaved
11050,50,0,0.7314645635788377,0.3774080840424504,11,interleaved
11051,51,0,0.019960487311285226,0.5804103947867865,11,interleaved
11052,52,0,0.9216016259735096,0.5916759734453749,11,interleaved
11053,53,0,0.14522611568562213,0.48064562393986754,11,interleaved
11054,54,0,0.6715927135516429,0.4152350659386991,11,interleaved
11055,55,0,0.2710259284965878,0.58426493786365,11,interleaved
11056,56,0,0.30684863611194013,0.4480437621515018,11,interleaved
11057,57,0,0.8166266105336486,0.3513094712916035,11,interleaved
11058,58,0,0.46890447694299237,0.47085909028810513,11,interleaved
11059,59,0,0.49011880457729995,0.45044789566223026,11,interleaved
11060,60,0,0.47504616956016804,0.39682153116237984,11,interleaved
11061,61,0,0.6048326505790758,0.42363514905549654,11,interleaved
11062,62,0,0.47230457619480226,0.4645918274532161,11,interleaved
11063,63,0,0.7508800995651062,0.36416665390287356,11,interleaved
11064,64,0,0.564801322011026,0.5267221323709481,11,interleaved
11065,65,0,0.5814645571230008,0.4931175551611804,11,interleaved
11066,66,0,0.7038318990044633,0.4529884867742229,11,interleaved
11067,67,0,0.9443343404484552,0.4375428222080294,11,interleaved
11068,68,0,0.8046557447913203,0.5613252561067507,11,interleaved
11069,69,0,0.008360669075332117,0.6231744282992633,11,interleaved
11070,70,0,0.6506432266015847,0.4760862183618355,11,interleaved
11071,71,0,0.4824902812574803,0.4569847370434198,11,interleaved
11072,72,0,0.4607734183965655,0.4953793909381289,11,interleaved
11073,73,0,0.7179104470860576,0.4039502728657314,11,interleaved
11074,74,0,0.49720792307951767,0.538966379610489,11,interleaved
11075,75,0,0.9046444641529721,0.5462673216362354,11,interleaved
11076,76,0,0.5877874327496947,0.46377839736156645,11,interleaved
11077,77,0,0.12973067252629056,0.6088580153663294,11,interleaved
11078,78,0,0.3272597009405467,0.49398931652890976,11,interleaved
11079,79,0,0.46504469783211433,0.49553183233250897,11,interleaved
11080,80,0,0.3364037737190802,0.3392542164034692,11,interleaved
11081,81,0,0.45267927790832496,0.3844093942954092,11,interleaved
11082,82,0,0.7440837115209435,0.3181569586174541,11,interleaved
11083,83,0,0.29245801791764414,0.4373616732132933,11,interleaved
11084,84,0,0.4546648741977385,0.5875545223266212,11,interleaved
11085,85,0,0.2650387969979826,0.4328446157455936,11,interleaved
11086,86,0,0.26974791813434734,0.5044830055739629,11,interleaved
11087,87,0,0.46774973463737846,0.4201594733705406,11,interleaved
11088,88,0,0.44107367722177426,0.5010117115585101,11,interleaved
11089,89,0,0.4273680282244374,0.4248863860294323,11,interleaved
11090,90,0,0.7302958162491222,0.41658178477043545,11,interleaved
11091,91,0,0.764158317532943,0.4552177045238519,11,interleaved
11092,92,0,0.49188026235503374,0.43894924229544785,11,interleaved
11093,93,0,0.5508574674412396,0.4085412605781742,11,interleaved
11094,94,0,0.3727077808079633,0.4469413091044808,11,interleaved
11095,95,0,0.4334358959883366,0.4190690438904495,11,interleaved
11096,96,0,0.4353942623905831,0.44384601865024,11,interleaved
11097,97,0,0.1882390529270701,0.5156179189156849,11,interleaved
11098,98,0,0.5894287120943758,0.4376447340382021,11,interleaved
11099,99,0,0.7234220792186885,0.47064636659379644,11,interleaved
11100,100,0,0.7992590577892991,0.3569218440610872,11,interleaved
11101,101,0,0.22173834627446978,0.5344645259165395,11,interleaved
11102,102,0,0.7943981023896223,0.4280444714078796,11,interleaved
11103,103,0,0.4262103589098203,0.49397778921363944,11,interleaved
11104,104,0,0.22791104973724136,0.38002164909052316,11,interleaved
11105,105,0,0.8908374237303911,0.3121724269205182,11,interleaved
11106,106,0,0.6264286767053615,0.3304186280745245,11,interleaved
11107,107,0,0.4675208471693968,0.5400121844416763,11,interleaved
11108,108,0,0.730049526595464,0.31100856927356935,11,interleaved
11109,109,0,0.21733685761305105,0.6763380701322277,11,interleaved
11110,110,0,0.33457114078637734,0.5322581146156604,11,interleaved
11111,111,0,0.45689100641368313,0.5317490013482048,11,interleaved
11112,112,0,0.812491228647646,0.4817911496811773,11,interleaved
11113,113,0,0.6296265237241551,0.42698596004603123,11,interleaved
11114,114,0,0.44313416621960533,0.5923786743538342,11,interleaved
11115,115,0,0.2947285446196668,0.4453913067098048,11,interleaved
11116,116,0,0.4006253789650319,0.6397847256891729,11,interleaved
11117,117,0,0.7511384526394751,0.2891591797151419,11,interleaved
11118,118,0,0.4855722133214071,0.43377001974964446,11,interleaved
11119,119,0,0.6454959145835426,0.42710034823798726,11,interleaved
11120,120,0,0.6112806943058532,0.44139556801707475,11,interleaved
11121,121,0,0.6946061807763466,0.4830785571511449,11,interleaved
11122,122,0,0.3220309680753489,0.36715946110218345,11,interleaved
11123,123,0,0.7446741461240137,0.40143205916659697,11,interleaved
11124,124,0,0.6815378980093684,0.3517068453045423,11,interleaved
11125,125,0,0.33366929909185594,0.3296468775362098,11,interleaved
11126,126,0,0.5363765920781676,0.44388248866776137,11,interleaved
11127,127,0,0.9338594215550466,0.292281598084952,11,interleaved
11128,128,0,0.6554853898004467,0.38399680198943026,11,interleaved
11129,129,0,0.6763581976704831,0.4558643709909208,11,interleaved
11130,130,0,0.6795335946647562,0.37155134248691424,11,interleaved
11131,131,0,0.5106680292992014,0.4015263943427372,11,interleaved
11132,132,0,0.4823173842046183,0.41478004935801616,11,interleaved
11133,133,0,0.7032684993175824,0.4035344589728854,11,interleaved
11134,134,0,0.6781976671026476,0.5257367827147199,11,interleaved
11135,135,0,0.10136691609309222,0.6277438211750306,11,interleaved
11136,136,0,0.6562400457654064,0.5141657166130111,11,interleaved
11137,137,0,0.5820249709400164,0.3517378175410033,11,interleaved
11138,138,0,0.6487269296050735,0.41208296317335713,11,interleaved
11139,139,0,0.18869706859883087,0.3900627312480641,11,interleaved
11140,140,0,0.7812222957751871,0.47453476334325984,11,interleaved
11141,141,0,0.9267322188258753,0.34429778871501604,11,interleaved
11142,142,0,0.49598507426080074,0.5143021459421361,11,interleaved
11143,143,0,0.35997264769995674,0.5889542363122349,11,interleaved
11144,144,0,0.5805909983163167,0.4742231603747943,11,interleaved
11145,145,0,0.7496437163550296,0.40000297490802217,11,interleaved
11146,146,0,0.3527733294942531,0.4914051632392914,11,interleaved
11147,147,0,0.43080097922994276,0.4495925895773124,11,interleaved
11148,148,0,0.3687414257687099,0.4790663852710113,11,interleaved
11149,149,0,0.4770569283747029,0.5383421956243765,11,interleaved
11150,150,0,0.3146618117449099,0.640388534240679,11,interleaved
11151,151,0,0.4839890670280049,0.745638712385686,11,interleaved
11152,152,0,0.7749668097542247,0.4631388020211697,11,interleaved
11153,153,0,0.8497482434913722,0.32778274139749974,11,interleaved
11154,154,0,0.44965321547437115,0.36088930411908643,11,interleaved
11155,155,0,0.10261911294893616,0.40493595345966626,11,interleaved
11156,156,0,0.4016459008838571,0.3989333261516735,11,interleaved
11157,157,0,0.8774119970784426,0.3293152510245788,11,interleaved
11158,158,0,0.5229147546913671,0.509631178658972,11,interleaved
11159,159,0,0.45349245533611154,0.4708157146999761,11,interleaved
11160,160,0,0.25275344158920715,0.44331457051893225,11,interleaved
11161,161,0,0.46310708671045653,0.4041894709961612,11,interleaved
11162,162,0,0.5255108959189334,0.4587454257561212,11,interleaved
11163,163,0,0.5500893662392388,0.41155010804496983,11,interleaved
11164,164,0,0.6202521714945544,0.5157468827181699,11,interleaved
11165,165,0,0.4219720655551422,0.4729763761000698,11,interleaved
11166,166,0,0.7963440812777798,0.4675745437361888,11,interleaved
11167,167,0,0.3276831305443736,0.43113652971650573,11,interleaved
11168,168,0,0.693066493090891,0.44187445645646783,11,interleaved
11169,169,0,0.45515120030609574,0.3587463009184765,11,interleaved
11170,170,0,0.7942023008797603,0.32926355179059635,11,interleaved
11171,171,0,0.4258750791648265,0.4615070829280828,11,interleaved
11172,172,0,0.6999963655668049,0.4303849846691281,11,interleaved
11173,173,0,0.2191005801560686,0.4224356141675536,11,interleaved
11174,174,0,0.6856451913590584,0.35207852979607757,11,interleaved
11175,175,0,0.5112192702704272,0.4146368694410225,11,interleaved
11176,176,0,0.6332042280467824,0.38698308142006416,11,interleaved
11177,177,0,0.5665588572281628,0.4587501213263305,11,interleaved
11178,178,0,0.770530453971699,0.5042863777840114,11,interleaved
11179,179,0,0.40580422770859975,0.5246979218121401,11,interleaved
11180,180,0,0.8244300588518768,0.3490869052978247,11,interleaved
11181,181,0,0.5253489030253797,0.35426061595714725,11,interleaved
11182,182,0,0.5597294776344621,0.37233509736096404,11,interleaved
11183,183,0,0.5192022879631071,0.30527709046936014,11,interleaved
11184,184,0,0.45337005906078953,0.37239139264718696,11,interleaved
11185,185,0,0.5282837499611368,0.4062363399723603,11,interleaved
11186,186,0,0.6606218891338118,0.4366785478748905,11,interleaved
11187,187,0,0.36468066321629206,0.46561112526465454,11,interleaved
11188,188,0,0.7391972173013754,0.3341360430426911,11,interleaved
11189,189,0,0.5667344585085862,0.4241552229927269,11,interleaved
11190,190,0,0.8043840050004547,0.39845281174933966,11,interleaved
11191,191,0,0.3171719684198312,0.4147979060169309,11,interleaved
11192,192,0,0.6092963428035829,0.35153284879979985,11,interleaved
11193,193,0,0.5634467398221406,0.502571723100339,11,interleaved
11194,194,0,0.5702248263446742,0.3429857033018181,11,interleaved
11195,195,0,0.6429550162741806,0.2819558072958241,11,interleaved
11196,196,0,0.5141547372803618,0.38331287698424266,11,interleaved
11197,197,0,0.2927357310171311,0.3204929578483333,11,interleaved
11198,198,0,0.7073099369195179,0.33165635656086123,11,interleaved
11199,199,0,0.5990977321930007,0.41819876935525113,11,interleaved
11200,0,0,0.9784668139559323,1.0424802082066749,11,blocked
11201,1,0,0.945007318428355,0.9068100448556644,11,blocked
11202,2,0,0.04382275381533011,1.090146712847908,11,blocked
11203,3,0,0.3294567902361073,0.6615587225419457,11,blocked
11204,4,0,0.40478231405890885,0.35901221380482823,11,blocked
11205,5,0,0.33681722205468306,0.6293078849460819,11,blocked
11206,6,0,0.453020088353006,0.6359654735730571,11,blocked
11207,7,0,0.4756481776491992,0.6370267923424721,11,blocked
11208,8,0,0.39165074064260536,0.5614865303439388,11,blocked
11209,9,0,0.5422360554911207,0.475038753250457,11,blocked
11210,10,0,0.44444505277117985,0.5330388846764658,11,blocked
11211,11,0,0.33583762587975907,0.4736451495262281,11,blocked
11212,12,0,0.5649023418499101,0.6742242992817404,11,blocked
11213,13,0,0.37713283950905374,0.5452330571162675,11,blocked
11214,14,0,0.40600797439495084,0.45888415725743587,11,blocked
11215,15,0,0.32067308746466844,0.47581497208545803,11,blocked
11216,16,0,0.7664497359211454,0.4971909723256196,11,blocked
11217,17,0,0.8115173657447298,0.4871242712096607,11,blocked
11218,18,0,0.13716750161896504,0.4991977938443088,11,blocked
11219,19,0,0.6553420845934634,0.3153269390904537,11,blocked
11220,20,0,0.12341140284056996,0.4587100824113823,11,blocked
11221,21,0,0.2592002297362207,0.41925505822508713,11,blocked
11222,22,0,0.2564004002418972,0.3389261743700368,11,blocked
11223,23,0,0.8542843804555262,0.4184245556152192,11,blocked
11224,24,0,0.33328708836116877,0.42848932657511374,11,blocked
11225,25,0,0.6226698365568964,0.4372089288017995,11,blocked
11226,26,0,0.4679984867421244,0.46173917707021994,11,blocked
11227,27,0,0.5125064886673723,0.3873607597446103,11,blocked
11228,28,0,0.5545411686616183,0.3811337541145694,11,blocked
11229,29,0,0.6146729167261904,0.3638143238107187,11,blocked
11230,30,0,0.6328198167810364,0.4979073237776631,11,blocked
11231,31,0,0.5369178193556344,0.40920553600531556,11,blocked
11232,32,0,0.7916551161654826,0.33101587712729363,11,blocked
11233,33,0,0.8422471137401573,0.3697801006746215,11,blocked
11234,34,0,0.6949864158631903,0.2836423619338535,11,blocked
11235,35,0,0.707423356485791,0.42385306504794157,11,blocked
11236,36,0,0.20603320449630694,0.6763444925462376,11,blocked
11237,37,0,0.7630819576524942,0.5127873713311408,11,blocked
11238,38,0,0.40561987784400755,0.36277266183650553,11,blocked
11239,39,0,0.5089837224825765,0.5095768841557595,11,blocked
11240,40,0,0.44970143801704265,0.45249713060829955,11,blocked
11241,41,0,0.25754731029220734,0.4256003359316484,11,blocked
11242,42,0,0.3850927033491282,0.4935289755157701,11,blocked
11243,43,0,0.7764711054461603,0.4241672588310994,11,blocked
11244,44,0,0.18652565139259764,0.617961908502909,11,blocked
11245,45,0,0.2862440512695038,0.4683806291994171,11,blocked
11246,46,0,0.5784435404477617,0.3424212211533121,11,blocked
11247,47,0,0.4772005756546635,0.3954888061365616,11,blocked
11248,48,0,0.682260700719502,0.5660694334368108,11,blocked
11249,49,0,0.36282451367501317,0.5415172566052848,11,blocked
11250,50,0,0.6476852721145936,0.6025780265982399,11,blocked
11251,51,0,0.9170078598427188,0.4419981067518215,11,blocked
11252,52,0,0.8822334504043063,0.4614729116421803,11,blocked
11253,53,0,0.33044659677997495,0.4943030709634163,11,blocked
11254,54,0,0.42785924168255374,0.4668155917958208,11,blocked
11255,55,0,0.6699985740907632,0.22213902841296462,11,blocked
11256,56,0,0.46705514921102564,0.44046903436476326,11,blocked
11257,57,0,0.4476771983202726,0.5795135241276592,11,blocked
11258,58,0,0.7644634475487218,0.45954062254100725,11,blocked
11259,59,0,0.8203961555759489,0.38284838513265557,11,blocked
11260,60,0,0.9266250208363056,0.33677723978603746,11,blocked
11261,61,0,0.813373911874963,0.3819104092147043,11,blocked
11262,62,0,0.1320825241222934,0.48948739011388454,11,blocked
11263,63,0,0.5981397129062682,0.33936896801626476,11,blocked
11264,64,0,0.30857330801453664,0.4176622335624446,11,blocked
11265,65,0,0.5212089528566849,0.45456764128129545,11,blocked
11266,66,0,0.7835125754204928,0.5628625116991467,11,blocked
11267,67,0,0.1042130848069869,0.47630822953652974,11,blocked
11268,68,0,0.6759291443975588,0.4906364352243324,11,blocked
11269,69,0,0.8490597332522585,0.5104397911525784,11,blocked
11270,70,0,0.8587447815178237,0.45412011814883513,11,blocked
11271,71,0,0.45170202851610997,0.700176611849443,11,blocked
11272,72,0,0.6954412729283441,0.3673249059368343,11,blocked
11273,73,0,0.8713157696457854,0.4644173685830798,11,blocked
11274,74,0,0.12884128144771576,0.636838483976793,11,blocked
11275,75,0,0.7997692262220305,0.39305664041268473,11,blocked
11276,76,0,0.5531143870344729,0.467006538910907,11,blocked
11277,77,0,0.7845578126088344,0.5690182429004206,11,blocked
11278,78,0,0.5848397062647694,0.3851103585547049,11,blocked
11279,79,0,0.8698045536758146,0.43179148769169856,11,blocked
11280,80,0,0.8067406845763403,0.40128470125119553,11,blocked
11281,81,0,0.8591121536203938,0.4638989678010215,11,blocked
11282,82,0,0.737769545769852,0.33976482431211863,11,blocked
11283,83,0,0.7649364787286421,0.41118591989611053,11,blocked
11284,84,0,0.7267846360498083,0.3928140204612443,11,blocked
11285,85,0,0.13857242214377863,0.5928539762377221,11,blocked
11286,86,0,0.4283721805622101,0.3803794001408624,11,blocked
11287,87,0,0.5642444025674772,0.44265732341112024,11,blocked
11288,88,0,0.35020489890484097,0.4511110937137097,11,blocked
11289,89,0,0.11768825905160557,0.4493384067850682,11,blocked
11290,90,0,0.8819025236478557,0.4336385712197466,11,blocked
11291,91,0,0.6097534041320141,0.3413159687404752,11,blocked
11292,92,0,0.7166459958907104,0.36246867207597383,11,blocked
11293,93,0,0.2871594277168446,0.5072419016859271,11,blocked
11294,94,0,0.09289720948969798,0.39962098140477786,11,blocked
11295,95,0,0.7742659264161464,0.4059165994439117,11,blocked
11296,96,0,0.37399317824233924,0.4852374423971628,11,blocked
11297,97,0,0.4435069465223612,0.3630347226653783,11,blocked
11298,98,0,0.5478446353257072,0.334823668007695,11,blocked
11299,99,0,0.591540601100965,0.3892263253887646,11,blocked
11300,100,0,0.41486736478550745,0.4312659667946239,11,blocked
11301,101,0,0.35862951202884313,0.38723193290409885,11,blocked
11302,102,0,0.49443299041571515,0.5295245715890049,11,blocked
11303,103,0,0.8647885440032106,0.3994579963084926,11,blocked
11304,104,0,0.1659526810814872,0.4652087169530491,11,blocked
11305,105,0,0.6627150052553797,0.4839926428350583,11,blocked
11306,106,0,0.9104243656527664,0.4719407778475321,11,blocked
11307,107,0,0.12249258000363261,0.44894393013716183,11,blocked
11308,108,0,0.42024748039716553,0.4461771102113572,11,blocked
11309,109,0,0.41399555065718335,0.45165738258620847,11,blocked
11310,110,0,0.49493216037548626,0.3294617715901126,11,blocked
11311,111,0,0.5928104865665367,0.369220024937571,11,blocked
11312,112,0,0.435781179581149,0.4298439628152668,11,blocked
11313,113,0,0.5287425417487167,0.4139465999045514,11,blocked
11314,114,0,0.7307445216741489,0.4266339743138834,11,blocked
11315,115,0,0.6808103634473552,0.417604038654381,11,blocked
11316,116,0,0.8895662084949132,0.5249680884354772,11,blocked
11317,117,0,0.6534759655528422,0.3377927183092708,11,blocked
11318,118,0,0.40184209993994746,0.3638737461786219,11,blocked
11319,119,0,0.7245957420559177,0.40502261959650465,11,blocked
11320,120,0,0.5785031152371211,0.4472675389740908,11,blocked
11321,121,0,0.8314954710973741,0.3143510854964747,11,blocked
11322,122,0,0.22114649334033895,0.6425007033516674,11,blocked
11323,123,0,0.44306590635335746,0.31125294640313156,11,blocked
11324,124,0,0.48446412235858477,0.48888047678847446,11,blocked
11325,125,0,0.3036715481060069,0.5444518054810563,11,blocked
11326,126,0,0.5495808285011792,0.3523638011637038,11,blocked
11327,127,0,0.36782025096948445,0.41323244412569426,11,blocked
11328,128,0,0.3863729748161637,0.33103078102658523,11,blocked
11329,129,0,0.48650749544440497,0.581600746809175,11,blocked
11330,130,0,0.16608593061798999,0.46697087312061225,11,blocked
11331,131,0,0.16387505805838615,0.5562059669273584,11,blocked
11332,132,0,0.8369507672906453,0.42232081133135113,11,blocked
11333,133,0,0.6817465616268015,0.38886786100880677,11,blocked
11334,134,0,0.7983131802495621,0.43945951565365765,11,blocked
11335,135,0,0.2476533119888198,0.44338751700335827,11,blocked
11336,136,0,0.14196984964391987,0.4184769383345808,11,blocked
11337,137,0,0.6839223330855133,0.4346710783432344,11,blocked
11338,138,0,0.6363379715729213,0.4233490704845919,11,blocked
11339,139,0,0.47763296611417505,0.45848348122581994,11,blocked
11340,140,0,0.49637826601585594,0.7159969133881883,11,blocked
11341,141,0,0.782067145993177,0.35061506367079853,11,blocked
11342,142,0,0.4896887837532983,0.49718926009087727,11,blocked
11343,143,0,0.5488994281726295,0.38568922058776256,11,blocked
11344,144,0,0.646020770102687,0.4608113638031189,11,blocked
11345,145,0,0.8949513832418695,0.4934894342995515,11,blocked
11346,146,0,0.9708150782565161,0.3798685804379089,11,blocked
11347,147,0,0.852040578487496,0.33904716026318704,11,blocked
11348,148,0,0.06251142114232061,0.372911530324892,11,blocked
11349,149,0,0.4389565410969736,0.5297821558935425,11,blocked
11350,150,0,0.5439160818216431,0.2997126456831566,11,blocked
11351,151,0,0.6647072842294426,0.4202759604342225,11,blocked
11352,152,0,0.3900892724460352,0.3969021453439563,11,blocked
11353,153,0,0.6206851248753684,0.31283305989849,11,blocked
11354,154,0,0.819080356785963,0.39435800966826506,11,blocked
11355,155,0,0.9624184478365602,0.3207335098985998,11,blocked
11356,156,0,0.491649149393883,0.4905206216057784,11,blocked
11357,157,0,0.7730211080457452,0.39641990079144096,11,blocked
11358,158,0,0.7657406835738573,0.4319896813194097,11,blocked
11359,159,0,0.5452436412577286,0.35529765817663717,11,blocked
11360,160,0,0.33794671510496177,0.404090890102054,11,blocked
11361,161,0,0.7075912451720839,0.39726211882920587,11,blocked
11362,162,0,0.501380300493286,0.3889109396035012,11,blocked
11363,163,0,0.4112660007521055,0.45203204673000746,11,blocked
11364,164,0,0.647764498422612,0.2857689151636742,11,blocked
11365,165,0,0.10983689043700788,0.5845444277268763,11,blocked
11366,166,0,0.5326418856384956,0.38671510608122656,11,blocked
11367,167,0,0.09656609817906389,0.6666487243841055,11,blocked
11368,168,0,0.7638518839108517,0.37797684707876245,11,blocked
11369,169,0,0.7374998504212772,0.41183716138053933,11,blocked
11370,170,0,0.47271588318368063,0.4384786493108319,11,blocked
11371,171,0,0.33193611986544147,0.3445047951459992,11,blocked
11372,172,0,0.776927592398405,0.3108983632294207,11,blocked
11373,173,0,0.5493226250848163,0.31157282666815145,11,blocked
11374,174,0,0.5339248384365023,0.35983116447304614,11,blocked
11375,175,0,0.6351066018366853,0.46483348480041675,11,blocked
11376,176,0,0.6544944118665769,0.4612603452089388,11,blocked
11377,177,0,0.5973592704921125,0.3530488226417178,11,blocked
11378,178,0,0.5608939883183686,0.44778316419292585,11,blocked
11379,179,0,0.3675280796218885,0.3847715046265332,11,blocked
11380,180,0,0.5047397687167727,0.40326128583107784,11,blocked
11381,181,0,0.6596629174506856,0.5098142145350814,11,blocked
11382,182,0,0.3461195174031189,0.50679257985134,11,blocked
11383,183,0,0.6539098346465559,0.4041873387712449,11,blocked
11384,184,0,0.4282801487657156,0.4287299203398222,11,blocked
11385,185,0,0.7919801764358281,0.329087873243302,11,blocked
11386,186,0,0.5592419426454471,0.4052507216292527,11,blocked
11387,187,0,0.5131548544434805,0.5324473034970851,11,blocked
11388,188,0,0.7733574971431499,0.5778869366760608,11,blocked
11389,189,0,0.9416233390558718,0.31859863973729796,11,blocked
11390,190,0,0.33781207520964107,0.3552094359864532,11,blocked
11391,191,0,0.6032656549875366,0.419781180961603,11,blocked
11392,192,0,0.9444600143500126,0.31455297031460694,11,blocked
11393,193,0,0.3511136071024344,0.24916454438247632,11,blocked
11394,194,0,0.46081043918964426,0.41986386296824385,11,blocked
11395,195,0,0.7082443489564865,0.34048284152692715,11,blocked
11396,196,0,0.9226938865037182,0.2599804322341789,11,blocked
11397,197,0,0.573465342462508,0.44682544979372296,11,blocked
11398,198,0,0.241283206660811,0.399043083039277,11,blocked
11399,199,0,0.4677532948969478,0.39815745440936595,11,blocked
11400,0,0,0.02427576690015985,0.8291268437745776,11,early
11401,1,0,0.5351863231881302,0.8581254125298221,11,early
11402,2,0,0.46050912792504717,0.5916001561307598,11,early
11403,3,0,0.4371796430427415,0.3318377696270087,11,early
11404,4,0,0.30619974209069956,0.4282722075615397,11,early
11405,5,0,0.3819736208207106,0.4853402985790778,11,early
11406,6,0,0.7133251564863496,0.48811277509890094,11,early
11407,7,0,0.08975456688241351,0.5804205941396916,11,early
11408,8,0,0.501265856805913,0.4863727417717353,11,early
11409,9,0,0.5470171949627674,0.3148263471615312,11,early
11410,10,0,0.39626331547430405,0.6639433120812469,11,early
11411,11,0,0.01933927909215974,0.5113968669000037,11,early
11412,12,0,0.6319238291082576,0.43016458287124015,11,early
11413,13,0,0.6002764754244843,0.4758409879837853,11,early
11414,14,0,0.511442120865201,0.5370852902633807,11,early
11415,15,0,0.26437102611144914,0.4902721966110966,11,early
11416,16,0,0.7491504832462146,0.376952252175611,11,early
11417,17,0,0.5226544915751844,0.6065706809663576,11,early
11418,18,0,0.8041950547151342,0.658601184902081,11,early
11419,19,0,0.5686091937059646,0.5554137105424316,11,early
11420,20,0,0.09469425293510865,0.5413268642197503,11,early
11421,21,0,0.5541118454395288,0.4731274772829529,11,early
11422,22,0,0.7401256503408926,0.46392150392280473,11,early
11423,23,0,0.5147043103064847,0.7236632060267068,11,early
11424,24,0,0.6635758918809851,0.436094836711449,11,early
11425,25,0,0.707497441787587,0.4978922607054226,11,early
11426,26,0,0.5983290755108595,0.5129472180435357,11,early
11427,27,0,0.3229780482508401,0.31081828617649176,11,early
11428,28,0,0.5915119447001862,0.5053129972971713,11,early
11429,29,0,0.9570430252077227,0.6048125185792745,11,early
11430,30,0,0.7044822647362269,0.4999567143531208,11,early
11431,31,0,0.7629748923018175,0.5503230427359562,11,early
11432,32,0,0.4995217897000438,0.4987736997753194,11,early
11433,33,0,0.8608611618761208,0.49561083870182776,11,early
11434,34,0,0.8186025718601407,0.44758427439740145,11,early
11435,35,0,0.6525688812766607,0.38325900073119584,11,early
11436,36,0,0.3291689836933808,0.4790214110018386,11,early
11437,37,0,0.671270492930374,0.5481663563323962,11,early
11438,38,0,0.7917236686205273,0.3580473736689541,11,early
11439,39,0,0.887979026268289,0.5775927692795864,11,early
11440,40,0,0.24056987831267249,0.3538899847129711,11,early
11441,41,0,0.168571577915884,0.6306918893567093,11,early
11442,42,0,0.6970993398492389,0.35764878279040413,11,early
11443,43,0,0.5528397158012701,0.4403824011471711,11,early
11444,44,0,0.26958200646668856,0.5012346134407465,11,early
11445,45,0,0.4029085583496234,0.6215262077861972,11,early
11446,46,0,0.7677029983948654,0.467229338005888,11,early
11447,47,0,0.17767519482193442,0.5324531630778874,11,early
11448,48,0,0.2407840866316605,0.3699308504655099,11,early
11449,49,0,0.4089957461061454,0.5732607601806095,11,early
11450,50,0,0.31482899936614916,0.5180289576953743,11,early
11451,51,0,0.741284354745475,0.550890806850455,11,early
11452,52,0,0.7365488459671439,0.3363804864567812,11,early
11453,53,0,0.15420006963634467,0.5537754097940291,11,early
11454,54,0,0.6838104216100291,0.47660924561766815,11,early
11455,55,0,0.3252731577639863,0.6798753702083336,11,early
11456,56,0,0.27571125706009786,0.4435501667302148,11,early
11457,57,0,0.36958850830493906,0.38123988169508505,11,early
11458,58,0,0.4329913757223498,0.40123124592164355,11,early
11459,59,0,0.6315962794332819,0.330383098382015,11,early
11460,60,0,0.5292807747028737,0.4123084937218813,11,early
11461,61,0,0.5395246677325286,0.5490085432647273,11,early
11462,62,0,0.05642175479950608,0.5251243525330618,11,early
11463,63,0,0.29827629610863543,0.4280518050177724,11,early
11464,64,0,0.7774004055494342,0.4097694143996238,11,early
11465,65,0,0.8142562075736913,0.44084075158202773,11,early
11466,66,0,0.03035293909310606,0.6602581036014501,11,early
11467,67,0,0.3219056420170109,0.4940982206353099,11,early
11468,68,0,0.6159978675134028,0.3805402835395997,11,early
11469,69,0,0.6421709600128425,0.47882030453981955,11,early
11470,70,0,0.10729091312517791,0.39026237292680427,11,early
11471,71,0,0.4695885820247532,0.49204905034925306,11,early
11472,72,0,0.1753715912554506,0.6485138474082339,11,early
11473,73,0,0.7989978471502646,0.5162664862059907,11,early
11474,74,0,0.3975245810356828,0.4720453606385058,11,early
11475,75,0,0.8122582864801322,0.33276975174439954,11,early
11476,76,0,0.3365560164327348,0.39883675461505663,11,early
11477,77,0,0.48542858491121205,0.5331199988085221,11,early
11478,78,0,0.25677357651183363,0.523539589614654,11,early
11479,79,0,0.6400020521395289,0.4365991131437107,11,early
11480,80,0,0.4414691129468591,0.5683476060505082,11,early
11481,81,0,0.42973824072837896,0.6459074139439149,11,early
11482,82,0,0.2814886122580294,0.6275095361509534,11,early
11483,83,0,0.9404480203061237,0.5242794506958683,11,early
11484,84,0,0.507410426563022,0.46734241081280314,11,early
11485,85,0,0.09317633862069581,0.6230590012831537,11,early
11486,86,0,0.3735049812480621,0.45789276566152104,11,early
11487,87,0,0.5812263844428845,0.5603790031290765,11,early
11488,88,0,0.7307721817083205,0.4359852879736836,11,early
11489,89,0,0.47281500023040235,0.42333739760453315,11,early
11490,90,0,0.4926438172991368,0.4499540706365935,11,early
11491,91,0,0.6214857224416532,0.3787196662272057,11,early
11492,92,0,0.8978157980489889,0.42191496569171044,11,early
11493,93,0,0.8324211021142773,0.3823550020098671,11,early
11494,94,0,0.5366695853992919,0.510596664198004,11,early
11495,95,0,0.8521139443398229,0.4429411784807402,11,early
11496,96,0,0.4425892074513081,0.5176080425220109,11,early
11497,97,0,0.9299602167420169,0.3231518422770039,11,early
11498,98,0,0.5516892087499121,0.5220334131766237,11,early
11499,99,0,0.36219119108066145,0.7214201537830713,11,early
11500,100,0,0.6637337093920177,0.3876706591033378,11,early
11501,101,0,0.5712137909688189,0.44524313029309714,11,early
11502,102,0,0.5024317805290719,0.5633040534195722,11,early
11503,103,0,0.8904533480404875,0.3477364376250774,11,early
11504,104,0,0.5104929630547119,0.5001327354194034,11,early
11505,105,0,0.5793779492022989,0.5402709813806208,11,early
11506,106,0,0.353044288163378,0.3975935191430101,11,early
11507,107,0,0.20385955809180842,0.4613829789968362,11,early
11508,108,0,0.7807253668834965,0.4693380248243586,11,early
11509,109,0,0.43856337605438006,0.5263297486117036,11,early
11510,110,0,0.5233970911471062,0.4857839174611488,11,early
11511,111,0,0.5392472604022875,0.44231222995255814,11,early
11512,112,0,0.5882679052129993,0.3708299537445257,11,early
11513,113,0,0.4902157536282591,0.34944628120247134,11,early
11514,114,0,0.4313860014065838,0.4541407987687929,11,early
11515,115,0,0.5837065641852017,0.3640022642373562,11,early
11516,116,0,0.15943680332003596,0.4202959220510901,11,early
11517,117,0,0.7891901391106618,0.43003657366748693,11,early
11518,118,0,0.8161986285749918,0.41596261000606694,11,early
11519,119,0,0.6055803275753988,0.43133659705392874,11,early
11520,120,0,0.5409497695032305,0.46915523328930486,11,early
11521,121,0,0.5926420653548157,0.3411372435818509,11,early
11522,122,0,0.3667112105522248,0.4388769734502975,11,early
11523,123,0,0.9056592920471429,0.46170488899268025,11,early
11524,124,0,0.48318651079811914,0.47068458578200745,11,early
11525,125,0,0.7490143151226647,0.27620061619059055,11,early
11526,126,0,0.47843344188144776,0.4005134582407185,11,early
11527,127,0,0.372752656813221,0.591217368395619,11,early
11528,128,0,0.40810690160259033,0.5096070834698314,11,early
11529,129,0,0.47569320395775205,0.5537633830576655,11,early
11530,130,0,0.8784986356982956,0.3241216248403284,11,early
11531,131,0,0.2256585388304576,0.47253878581486414,11,early
11532,132,0,0.6119071390162951,0.4473822251817392,11,early
11533,133,0,0.7113013424029058,0.3999066746340072,11,early
11534,134,0,0.6434885158445683,0.585897626852117,11,early
11535,135,0,0.6778734415169557,0.4269290992631538,11,early
11536,136,0,0.4880104927580931,0.44699990979170645,11,early
11537,137,0,0.8373092080402067,0.4126279756377831,11,early
11538,138,0,0.23855982282828325,0.35229109793456387,11,early
11539,139,0,0.6480325060120482,0.36780704182112667,11,early
11540,140,0,0.8431687427581701,0.3571317031393547,11,early
11541,141,0,0.4215160675521985,0.3636769317057674,11,early
11542,142,0,0.7547414177677585,0.44009251803216887,11,early
11543,143,0,0.6530111599300015,0.45338110973447937,11,early
11544,144,0,0.5139047454351234,0.45980334825787184,11,early
11545,145,0,0.7062012752095143,0.41261156046160574,11,early
11546,146,0,0.4697272221820237,0.4567146484879936,11,early
11547,147,0,0.339444710290732,0.31115516117189373,11,early
11548,148,0,0.3906788326069411,0.38856976049746045,11,early
11549,149,0,0.051760122449501844,0.43041092468678305,11,early
11550,150,0,0.8348857359110176,0.2972719398654329,11,early
11551,151,0,0.54131779738432,0.32854060253391054,11,early
11552,152,0,0.6387058230789769,0.4074897106514207,11,early
11553,153,0,0.2357259911553713,0.4108780314063369,11,early
11554,154,0,0.6360700072499956,0.345205200272077,11,early
11555,155,0,0.25424884662853275,0.5473586422681433,11,early
11556,156,0,0.7313661194888432,0.34945437718403305,11,early
11557,157,0,0.6308481021884986,0.3997536911507283,11,early
11558,158,0,0.40161875031383193,0.4263814208466139,11,early
11559,159,0,0.5105198834194019,0.43352389268276637,11,early
11560,160,0,0.2584777703497625,0.40031523196151425,11,early
11561,161,0,0.5120225683792742,0.3729409111846488,11,early
11562,162,0,0.5481328228350377,0.35470891158445605,11,early
11563,163,0,0.5246979421790572,0.33841736852210413,11,early
11564,164,0,0.35252912048570756,0.2892414497015171,11,early
11565,165,0,0.740565305572217,0.3493690501453165,11,early
11566,166,0,0.7308007180419518,0.5299010106295898,11,early
11567,167,0,0.5027577610048981,0.40891425962673505,11,early
11568,168,0,0.6038540280867879,0.2695940584259121,11,early
11569,169,0,0.3060069148724681,0.4273977046181478,11,early
11570,170,0,0.6268984140643489,0.38094085081449225,11,early
11571,171,0,0.5071899123665574,0.3244667871993575,11,early
11572,172,0,0.747376224503288,0.26488001396151517,11,early
11573,173,0,0.422911308663274,0.41356210857227305,11,early
11574,174,0,0.8730586496194592,0.43319866917912386,11,early
11575,175,0,0.9195171552996277,0.34416939931683577,11,early
11576,176,0,0.5070338950973832,0.2620160498291804,11,early
11577,177,0,0.474801480467334,0.3811633878367242,11,early
11578,178,0,0.424563384190526,0.452433894804944,11,early
11579,179,0,0.4928650054044513,0.39246370964414967,11,early
11580,180,0,0.25148447667547297,0.45161142732388504,11,early
11581,181,0,0.5648857841945161,0.4414987371860436,11,early
11582,182,0,0.5033926095934039,0.43300024313193647,11,early
11583,183,0,0.8715638105671142,0.3612871880698175,11,early
11584,184,0,0.22753266630602273,0.4058375429230411,11,early
11585,185,0,0.3566627444880549,0.4226539842703304,11,early
11586,186,0,0.3152683865239704,0.45745742481821094,11,early
11587,187,0,0.46262175302561404,0.43524739818152564,11,early
11588,188,0,0.43723630404369174,0.3340459279600674,11,early
11589,189,0,0.3151578449904935,0.34194538753516546,11,early
11590,190,0,0.35928806338459235,0.3643203019702064,11,early
11591,191,0,0.06652690205071236,0.5703464622685285,11,early
11592,192,0,0.5490906668722517,0.5706985504127091,11,early
11593,193,0,0.924699825291171,0.28024409856374843,11,early
11594,194,0,0.32046742016221164,0.3191266144818873,11,early
11595,195,0,0.6193884357290416,0.38595348009095076,11,early
11596,196,0,0.6769060427002745,0.42799327830012673,11,early
11597,197,0,0.31159850035070136,0.36045206773765404,11,early
11598,198,0,0.549697007889947,0.34802479320937013,11,early
11599,199,0,0.2042447335948161,0.47818884364269243,11,early
11600,0,0,0.9267255186827748,0.708282212331415,11,middle
11601,1,0,0.6192842576779781,0.536219340227176,11,middle
11602,2,0,0.919135769746306,0.3362091211619067,11,middle
11603,3,0,0.23728752561748215,0.727214850757931,11,middle
11604,4,0,0.45462360693120674,0.45242243827074646,11,middle
11605,5,0,0.2753025225107755,0.38734077645820764,11,middle
11606,6,0,0.9270776143076058,0.5109197598712065,11,middle
11607,7,0,0.4212103259839546,0.39543476402949423,11,middle
11608,8,0,0.30406327412645223,0.5041941823478836,11,middle
11609,9,0,0.4634366013185491,0.460754055371859,11,middle
11610,10,0,0.5815833882307295,0.5328219372786905,11,middle
11611,11,0,0.13642520500284921,0.63100654712048,11,middle
11612,12,0,0.5946329234659653,0.5491893975011666,11,middle
11613,13,0,0.48616260215551166,0.5595171340859981,11,middle
11614,14,0,0.43189479917745965,0.7454245910634842,11,middle
11615,15,0,0.2906879176277539,0.5599123735540233,11,middle
11616,16,0,0.27451913090989505,0.2801834907304839,11,middle
11617,17,0,0.5374906289337255,0.25424093605451015,11,middle
11618,18,0,0.7240537214380163,0.5249282880685942,11,middle
11619,19,0,0.38249781589565934,0.3982134658049105,11,middle
11620,20,0,0.6416551135369055,0.40607294596183285,11,middle
11621,21,0,0.6265897671369818,0.41352198063271,11,middle
11622,22,0,0.5507463936144306,0.5338778992575035,11,middle
11623,23,0,0.5731153802183647,0.37565226975596366,11,middle
11624,24,0,0.3475483037756197,0.5818635896462946,11,middle
11625,25,0,0.5675707286080184,0.402733814012218,11,middle
11626,26,0,0.8134958285629535,0.4387348091844071,11,middle
11627,27,0,0.30654182356498105,0.47101356915678183,11,middle
11628,28,0,0.7964988468051017,0.6659447750111256,11,middle
11629,29,0,0.6909440357845399,0.34056664052405294,11,middle
11630,30,0,0.6231021473823071,0.49718790340130103,11,middle
11631,31,0,0.22425414836553587,0.4718385207572521,11,middle
11632,32,0,0.7351397968107941,0.47769853711001353,11,middle
11633,33,0,0.366665644604609,0.5561334673072937,11,middle
11634,34,0,0.6685426094362878,0.34371599154037935,11,middle
11635,35,0,0.475063970144688,0.5175556674367731,11,middle
11636,36,0,0.26478214496468616,0.2719655434201946,11,middle
11637,37,0,0.6090956639565924,0.4811389017976954,11,middle
11638,38,0,0.7060463688803901,0.4317258957030822,11,middle
11639,39,0,0.617828346482488,0.45097865768978407,11,middle
11640,40,0,0.6133602772605624,0.3683042897627011,11,middle
11641,41,0,0.4282237743349737,0.35870863477028075,11,middle
11642,42,0,0.5643841074856581,0.5405598114031613,11,middle
11643,43,0,0.6612492458437171,0.5451144402756488,11,middle
11644,44,0,0.8192640365706656,0.4077909982256196,11,middle
11645,45,0,0.804882222908166,0.3479608416433002,11,middle
11646,46,0,0.6884556017967274,0.44384075334734685,11,middle
11647,47,0,0.2614268112002603,0.485193666504271,11,middle
11648,48,0,0.5013171248930179,0.48286255265843514,11,middle
11649,49,0,0.7386965247410371,0.3021913607337585,11,middle
11650,50,0,0.4571154969603516,0.6056705807728571,11,middle
11651,51,0,0.6714582283402077,0.452349320171209,11,middle
11652,52,0,0.5442261897350882,0.4086172993283939,11,middle
11653,53,0,0.7517055488614433,0.41118423226869794,11,middle
11654,54,0,0.3971956890584152,0.4348293568713818,11,middle
11655,55,0,0.7987020596458325,0.7304188695886735,11,middle
11656,56,0,0.3763981539960027,0.3832264128489776,11,middle
11657,57,0,0.4476037440958114,0.5169188389900459,11,middle
11658,58,0,0.43389449495560817,0.3635554165896549,11,middle
11659,59,0,0.5404532872768646,0.4904477118659537,11,middle
11660,60,0,0.4607533961797189,0.49409264059658065,11,middle
11661,61,0,0.8064573318687158,0.3653844282757889,11,middle
11662,62,0,0.6497879309793687,0.4166701522110353,11,middle
11663,63,0,0.3947333374889768,0.5176770305663696,11,middle
11664,64,0,0.3700355448263944,0.32241275147328274,11,middle
11665,65,0,0.3942569878966961,0.5638891068282034,11,middle
11666,66,0,0.4401351553638496,0.3488155506417524,11,middle
11667,67,0,0.44883666501108327,0.41325150824839374,11,middle
11668,68,0,0.863689132611345,0.34429234370005035,11,middle
11669,69,0,0.9489808775834648,0.44120448472307705,11,middle
11670,70,0,0.41713569715844045,0.5164369274829337,11,middle
11671,71,0,0.13054090132763085,0.4047260578745517,11,middle
11672,72,0,0.1088574728044146,0.36891043249371075,11,middle
11673,73,0,0.371720438817952,0.4303279104984403,11,middle
11674,74,0,0.6036090700155149,0.4274495391165597,11,middle
11675,75,0,0.2840396198978793,0.3748625671969281,11,middle
11676,76,0,0.2620115203679003,0.2846598715689884,11,middle
11677,77,0,0.4339403166011696,0.3534278837471818,11,middle
11678,78,0,0.284021527940317,0.46040681891264246,11,middle
11679,79,0,0.2611729853476408,0.46336220109293946,11,middle
11680,80,0,0.3794174304193295,0.40264967439374716,11,middle
11681,81,0,0.4494483534142992,0.4530574530722028,11,middle
11682,82,0,0.3294106683806029,0.38925054881465876,11,middle
11683,83,0,0.5289060456211232,0.3965285548274664,11,middle
11684,84,0,0.6652277197565947,0.35033422427725713,11,middle
11685,85,0,0.35331378867050245,0.5067261695010089,11,middle
11686,86,0,0.31102913982616215,0.3863810258303684,11,middle
11687,87,0,0.4341690069998101,0.3933772266148348,11,middle
11688,88,0,0.3923132903747253,0.3526920639300588,11,middle
11689,89,0,0.5374586072471185,0.3724393298594749,11,middle
11690,90,0,0.5394111648192905,0.4478794291560181,11,middle
11691,91,0,0.6968557876998955,0.3470401959937577,11,middle
11692,92,0,0.6692781793406544,0.5536636309721256,11,middle
11693,93,0,0.29875128039515586,0.4167801059985386,11,middle
11694,94,0,0.6451411111377752,0.5952300580982407,11,middle
11695,95,0,0.5951638245370579,0.4721824596839666,11,middle
11696,96,0,0.3835133225205538,0.476464151401536,11,middle
11697,97,0,0.5283338675305861,0.2756449178405523,11,middle
11698,98,0,0.6490780602799517,0.3563272517655214,11,middle
11699,99,0,0.4218902531953928,0.36492374796527827,11,middle
11700,100,0,0.5523509038454403,0.39522335955436416,11,middle
11701,101,0,0.3048907020769525,0.5376738675128518,11,middle
11702,102,0,0.3435244233024431,0.4870762549033296,11,middle
11703,103,0,0.46992044337501643,0.47746713646435235,11,middle
11704,104,0,0.6799730466908921,0.4593289560430904,11,middle
11705,105,0,0.5129945378019589,0.35981927979043427,11,middle
11706,106,0,0.44615207162375226,0.40567424243397765,11,middle
11707,107,0,0.35741425565109397,0.3750494920620879,11,middle
11708,108,0,0.5763064739671604,0.3817982754487941,11,middle
11709,109,0,0.4974821465752685,0.3252643548936281,11,middle
11710,110,0,0.35641688601402055,0.4085541793767412,11,middle
11711,111,0,0.43270894319477476,0.27182140733787785,11,middle
11712,112,0,0.6447720586733333,0.2955947902028644,11,middle
11713,113,0,0.5052549286993008,0.4078244792284668,11,middle
11714,114,0,0.25974616946028123,0.33526016998965386,11,middle
11715,115,0,0.8296793551777826,0.3592299536658272,11,middle
11716,116,0,0.3855318123616892,0.5079640846553546,11,middle
11717,117,0,0.504291692780797,0.4586225968551491,11,middle
11718,118,0,0.48259916007488296,0.5119105901375203,11,middle
11719,119,0,0.6313346384264671,0.3683064768620609,11,middle
11720,120,0,0.533119334722296,0.39474852091926466,11,middle
11721,121,0,0.4021448036317219,0.3854643700910163,11,middle
11722,122,0,0.38380818824842355,0.6034814511344755,11,middle
11723,123,0,0.5489527975926285,0.2997475954539963,11,middle
11724,124,0,0.6026357244943708,0.3421286259614079,11,middle
11725,125,0,0.19510901792574806,0.2329833137703311,11,middle
11726,126,0,0.4980349678263577,0.3550743930147717,11,middle
11727,127,0,0.523924772296392,0.5017857270588457,11,middle
11728,128,0,0.575043237278761,0.327873482445178,11,middle
11729,129,0,0.5287968923412331,0.26072837657176995,11,middle
11730,130,0,0.7524026045411879,0.3431801780847713,11,middle
11731,131,0,0.5977527412947437,0.32585699164762805,11,middle
11732,132,0,0.5983565334130723,0.34999674829643185,11,middle
11733,133,0,0.5581703707948822,0.358173153506081,11,middle
11734,134,0,0.6058464840266987,0.41962774798052466,11,middle
11735,135,0,0.1463880251698558,0.28321973122801003,11,middle
11736,136,0,0.7519319031567715,0.2821303177521187,11,middle
11737,137,0,0.17852943945856786,0.4227097086051346,11,middle
11738,138,0,0.4912914041444443,0.280441406085987,11,middle
11739,139,0,0.4714910239025373,0.39454811611059815,11,middle
11740,140,0,0.36247693858171826,0.49284874281207325,11,middle
11741,141,0,0.3914040008938265,0.39896438877989204,11,middle
11742,142,0,0.510204833831636,0.34942200880100727,11,middle
11743,143,0,0.2165153315948158,0.47550789256096004,11,middle
11744,144,0,0.4760398825086188,0.3868232710933188,11,middle
11745,145,0,0.44681476649273566,0.446162090521279,11,middle
11746,146,0,0.4962001373775323,0.48338249073630035,11,middle
11747,147,0,0.7615912093677952,0.28499341847407356,11,middle
11748,148,0,0.2579447703276078,0.4261784635402872,11,middle
11749,149,0,0.42609999030619977,0.4465379783129081,11,middle
11750,150,0,0.30087481516249615,0.2986641537965442,11,middle
11751,151,0,0.5683128756601107,0.39409890922719776,11,middle
11752,152,0,0.5577119468042081,0.5399350746682996,11,middle
11753,153,0,0.21101654511137374,0.28110264084742675,11,middle
11754,154,0,0.6274523178813644,0.33009875981543146,11,middle
11755,155,0,0.749156835624017,0.5013566040006275,11,middle
11756,156,0,0.4641592846331305,0.2665778624947938,11,middle
11757,157,0,0.7000979218819677,0.39409350455302666,11,middle
11758,158,0,0.4302830440655313,0.33826728336130957,11,middle
11759,159,0,0.5420069205156139,0.26998563604566905,11,middle
11760,160,0,0.6485326341574453,0.2932356187051137,11,middle
11761,161,0,0.21233223239512364,0.2971571262301095,11,middle
11762,162,0,0.5744854391746242,0.2580611124627944,11,middle
11763,163,0,0.2558655903871957,0.4501294232638938,11,middle
11764,164,0,0.7059247561204987,0.488115465890146,11,middle
11765,165,0,0.7073036898966238,0.6646906746917975,11,middle
11766,166,0,0.343779398282115,0.3104562832967666,11,middle
11767,167,0,0.6085693108968872,0.3158165003007602,11,middle
11768,168,0,0.5053027375206567,0.37011845934509247,11,middle
11769,169,0,0.7352673902935057,0.24838243042841146,11,middle
11770,170,0,0.6662517556190104,0.3443959033643815,11,middle
11771,171,0,0.819943870369325,0.340638403196831,11,middle
11772,172,0,0.6361965213446941,0.5151584168981527,11,middle
11773,173,0,0.22473758747225608,0.5718700220669488,11,middle
11774,174,0,0.37498316710056595,0.3175263621589465,11,middle
11775,175,0,0.4787379231980653,0.3093763040913528,11,middle
11776,176,0,0.5181882807362381,0.28280274906204517,11,middle
11777,177,0,0.2749533005532133,0.22198148605020585,11,middle
11778,178,0,0.5779716302336749,0.3562378980935358,11,middle
11779,179,0,0.6457510782000564,0.41640285574608304,11,middle
11780,180,0,0.6888436687659354,0.35905821233268376,11,middle
11781,181,0,0.4579328572909034,0.3715179302408428,11,middle
11782,182,0,0.7909889803852733,0.32538469894214955,11,middle
11783,183,0,0.38802068598708794,0.37619582770039706,11,middle
11784,184,0,0.5495137222224238,0.4577924099606548,11,middle
11785,185,0,0.6229338591115858,0.3441522610256339,11,middle
11786,186,0,0.7630471461019963,0.400248047424177,11,middle
11787,187,0,0.5489520482726419,0.2748843407206065,11,middle
11788,188,0,0.46051709370980587,0.4378125925592171,11,middle
11789,189,0,0.8268648205121625,0.3189252225992025,11,middle
11790,190,0,0.3459241432974139,0.3615278881915993,11,middle
11791,191,0,0.5573711622737076,0.35416446910500127,11,middle
11792,192,0,0.6176067730465038,0.34298193160716206,11,middle
11793,193,0,0.16945716417224052,0.4096773436923754,11,middle
11794,194,0,0.5331274864703702,0.3525598329292299,11,middle
11795,195,0,0.31307903623111766,0.4880766079558796,11,middle
11796,196,0,0.6283557809669158,0.24046224138961952,11,middle
11797,197,0,0.8236110050807821,0.26807872603926974,11,middle
11798,198,0,0.30629841491572657,0.2559422154049176,11,middle
11799,199,0,0.6461501697065477,0.3340765287665308,11,middle
11800,0,0,0.08478890125965623,0.7563471573225029,11,late
11801,1,0,0.9443657306721187,0.5631134398455528,11,late
11802,2,0,0.289551870460905,0.6383214127827088,11,late
11803,3,0,0.55584036354356,0.5039784618048799,11,late
11804,4,0,0.06846794870989253,0.7122826054589759,11,late
11805,5,0,0.609396125760833,0.597546032604553,11,late
11806,6,0,0.7476144476293661,0.5354011018808285,11,late
11807,7,0,0.5042337734188541,0.5144032472360514,11,late
11808,8,0,0.8778064639330683,0.6186675179512924,11,late
11809,9,0,0.3957497429343616,0.43696644092550657,11,late
11810,10,0,0.22347911072531418,0.6117148022955732,11,late
11811,11,0,0.5256637968400514,0.5897398357506721,11,late
11812,12,0,0.04556281833082913,0.5744178782806582,11,late
11813,13,0,0.6955819211453406,0.3554965313129915,11,late
11814,14,0,0.8885523476771636,0.40257536095590485,11,late
11815,15,0,0.8344215727822694,0.5504950437958083,11,late
11816,16,0,0.2785833264730005,0.5598887496419971,11,late
11817,17,0,0.7629499393788097,0.3761497710914453,11,late
11818,18,0,0.509025350556348,0.5752143864989618,11,late
11819,19,0,0.49503283759257644,0.4029652304925342,11,late
11820,20,0,0.3544649880262006,0.5119227504013426,11,late
11821,21,0,0.5453923143005265,0.5051980823279865,11,late
11822,22,0,0.5077237652088064,0.6029022346296327,11,late
11823,23,0,0.3774601519517293,0.5493994477353388,11,late
11824,24,0,0.19493890977427342,0.5540169309376057,11,late
11825,25,0,0.585335745155793,0.624373329750233,11,late
11826,26,0,0.5155598453503423,0.3907755975505621,11,late
11827,27,0,0.5171102777440937,0.6316940518556868,11,late
11828,28,0,0.1551576218357585,0.44849360894647305,11,late
11829,29,0,0.40177366360230715,0.510099604290408,11,late
11830,30,0,0.5739549889254109,0.5102186675076757,11,late
11831,31,0,0.4615246230441947,0.5569535806926051,11,late
11832,32,0,0.28681693997215413,0.5018267248662956,11,late
11833,33,0,0.5297027529442124,0.5372511283673298,11,late
11834,34,0,0.9600678760394838,0.33629418319263293,11,late
11835,35,0,0.3387595569690691,0.4710773457742696,11,late
11836,36,0,0.8136636336297326,0.4543096632400852,11,late
11837,37,0,0.4130540105421869,0.6329664421647561,11,late
11838,38,0,0.840222525360736,0.4768849075946062,11,late
11839,39,0,0.5394517777468844,0.6790157507968374,11,late
11840,40,0,0.15462476448657503,0.5216509468620425,11,late
11841,41,0,0.7225605277954876,0.3933824993914662,11,late
11842,42,0,0.4642457443828873,0.5293674681671396,11,late
11843,43,0,0.5304545689119624,0.4909636042867707,11,late
11844,44,0,0.4809661931579803,0.3831694187962902,11,late
11845,45,0,0.5227438148229775,0.4899688313454983,11,late
11846,46,0,0.06371242774116773,0.6035525211367234,11,late
11847,47,0,0.49209607032063896,0.428164046194771,11,late
11848,48,0,0.7407655664788336,0.4842556996398337,11,late
11849,49,0,0.969598061112066,0.45896046350994607,11,late
11850,50,0,0.18496057507625296,0.47858078893432077,11,late
11851,51,0,0.5722814925640856,0.4095716747858906,11,late
11852,52,0,0.49539703455370215,0.42327062936108334,11,late
11853,53,0,0.1966061616174669,0.4365719756577779,11,late
11854,54,0,0.2817007807071147,0.31359830813846545,11,late
11855,55,0,0.6361453582429106,0.42962256661918174,11,late
11856,56,0,0.5832942931130028,0.4664008584358189,11,late
11857,57,0,0.5193717290527529,0.3997599762100708,11,late
11858,58,0,0.6255164247903768,0.36979052772581616,11,late
11859,59,0,0.47454866531325673,0.5584071098269718,11,late
11860,60,0,0.18903235468868354,0.4964242690240437,11,late
11861,61,0,0.5190843353205403,0.461019538406923,11,late
11862,62,0,0.7557262696840533,0.38373943262130894,11,late
11863,63,0,0.7860378100930874,0.4649946000469837,11,late
11864,64,0,0.7953503913858095,0.5721178238159166,11,late
11865,65,0,0.47147340020575573,0.5183616040840583,11,late
11866,66,0,0.6990574626001076,0.4946827366418599,11,late
11867,67,0,0.5409206342970593,0.41435086413929717,11,late
11868,68,0,0.9527354315827972,0.42828383539214265,11,late
11869,69,0,0.6304765081124024,0.49462534908573585,11,late
11870,70,0,0.4483491887608895,0.6439272042587495,11,late
11871,71,0,0.4761552021458856,0.5498659809321983,11,late
11872,72,0,0.8036984775661214,0.35975801455662804,11,late
11873,73,0,0.6638256231072299,0.4680429825595311,11,late
11874,74,0,0.9524924102610043,0.38075335357446494,11,late
11875,75,0,0.5333738602693008,0.38732220098246684,11,late
11876,76,0,0.652198823605634,0.3429385145276993,11,late
11877,77,0,0.4464390716812904,0.4804757166011029,11,late
11878,78,0,0.6034749866774978,0.4675176972073375,11,late
11879,79,0,0.4730652583756989,0.36798015640886783,11,late
11880,80,0,0.9036212132708087,0.3953541181536233,11,late
11881,81,0,0.48318437401392467,0.4005940543115026,11,late
11882,82,0,0.18275383969474412,0.5590268197274693,11,late
11883,83,0,0.6018881030454646,0.3079623348253583,11,late
11884,84,0,0.3292083748457604,0.5528968163323151,11,late
11885,85,0,0.3146980384371275,0.35472409033477637,11,late
11886,86,0,0.1247180931138704,0.49089755727517137,11,late
11887,87,0,0.9996765172728612,0.5133505461759934,11,late
11888,88,0,0.9994572665561154,0.4016282079219018,11,late
11889,89,0,0.015021758522668885,0.5856301320233327,11,late
11890,90,0,0.5243980126847282,0.6259750001973226,11,late
11891,91,0,0.02255502857207243,0.480276455562739,11,late
11892,92,0,0.5086505091136259,0.37407364102824614,11,late
11893,93,0,0.32084246901697905,0.5929111894445137,11,late
11894,94,0,0.2075911800299841,0.5960361285317685,11,late
11895,95,0,0.9735854536805066,0.3249367638489652,11,late
11896,96,0,0.07685036527665688,0.41005745579039365,11,late
11897,97,0,0.29184688779195955,0.498396798656787,11,late
11898,98,0,0.5553294621511659,0.4716719627225519,11,late
11899,99,0,0.6022285208155689,0.41894686477467874,11,late
11900,100,0,0.8158376391233769,0.36831061628386663,11,late
11901,101,0,0.2797556993232423,0.43062159189435234,11,late
11902,102,0,0.24539198019150968,0.5028509699177293,11,late
11903,103,0,0.22713358780733134,0.5093996608162051,11,late
11904,104,0,0.30434243076486944,0.4973777645566827,11,late
11905,105,0,0.8693665326885218,0.4696171858288116,11,late
11906,106,0,0.22905499529894158,0.37610332516836814,11,late
11907,107,0,0.4514060003015004,0.5024111395806546,11,late
11908,108,0,0.9901353761505158,0.37461504474407464,11,late
11909,109,0,0.06750789496665185,0.5339537582148768,11,late
11910,110,0,0.9150893639783053,0.4782353728521665,11,late
11911,111,0,0.6259035151379635,0.5085110784911817,11,late
11912,112,0,0.8389544832585257,0.3858629602789676,11,late
11913,113,0,0.9650974726113187,0.371023537655931,11,late
11914,114,0,0.919809133607745,0.3109418385073955,11,late
11915,115,0,0.9287888992762797,0.4704288710657366,11,late
11916,116,0,0.2287411409311017,0.5512570100949783,11,late
11917,117,0,0.8460406743196942,0.3275010151019949,11,late
11918,118,0,0.08871440815584519,0.43538022515101027,11,late
11919,119,0,0.40678387368493396,0.41054288709092435,11,late
11920,120,0,0.8453028620138198,0.4355734340190466,11,late
11921,121,0,0.09809584323102108,0.5987740000470394,11,late
11922,122,0,0.5726019128130144,0.35839024044021567,11,late
11923,123,0,0.5202507984911354,0.5192619466589093,11,late
11924,124,0,0.3057509472832822,0.567643446350999,11,late
11925,125,0,0.4646159249073148,0.5137353107118671,11,late
11926,126,0,0.5355684412091906,0.539662040749334,11,late
11927,127,0,0.9165364672921388,0.37026908092172783,11,late
11928,128,0,0.5086273470386754,0.6160104646147841,11,late
11929,129,0,0.5083844601782772,0.3545177366484162,11,late
11930,130,0,0.9091587719179273,0.4107863933329934,11,late
11931,131,0,0.6407912223225001,0.4680146756884751,11,late
11932,132,0,0.32407961717807743,0.42713382061029925,11,late
11933,133,0,0.8103832164174406,0.4152260634574023,11,late
11934,134,0,0.32605868708384017,0.33821814905004954,11,late
11935,135,0,0.5320884103672042,0.4491755951761119,11,late
11936,136,0,0.09705628427714633,0.39117704647704565,11,late
11937,137,0,0.59795387294357,0.36235115751360547,11,late
11938,138,0,0.8457983610676294,0.3508862090706201,11,late
11939,139,0,0.5939802089440158,0.5532817451416551,11,late
11940,140,0,0.5328906474772643,0.48239480906299154,11,late
11941,141,0,0.7141512128452046,0.3898229304293816,11,late
11942,142,0,0.9419119933831896,0.4635629165980295,11,late
11943,143,0,0.691275540669678,0.349964460666964,11,late
11944,144,0,0.5872823139054942,0.3417508544474497,11,late
11945,145,0,0.840889710214293,0.3898529788327154,11,late
11946,146,0,0.810530475244768,0.5046173022755726,11,late
11947,147,0,0.6349853435811782,0.4719421755997131,11,late
11948,148,0,0.8786510257461182,0.35371634491409,11,late
11949,149,0,0.9953654350003303,0.3436838925808825,11,late
11950,150,0,0.3391687494705579,0.3924352672706949,11,late
11951,151,0,0.8177540737209081,0.476263018429802,11,late
11952,152,0,0.4038072630212558,0.461419791503595,11,late
11953,153,0,0.03856902391413297,0.4957306746163452,11,late
11954,154,0,0.6739948974250306,0.48548212492184817,11,late
11955,155,0,0.4977340176369561,0.39932032445530236,11,late
11956,156,0,0.4689861413635615,0.5897479659851643,11,late
11957,157,0,0.8228372735159668,0.6362774508878499,11,late
11958,158,0,0.9749168863088755,0.41540846891019256,11,late
11959,159,0,0.9845740322580532,0.32222274411876123,11,late
11960,160,0,0.06435655214776012,0.38556918264149787,11,late
11961,161,0,0.8927710477208248,0.371021646073958,11,late
11962,162,0,0.8721386790094332,0.4603760308715881,11,late
11963,163,0,0.748457198885764,0.29887300939957734,11,late
11964,164,0,0.6981712095278393,0.2526387007034063,11,late
11965,165,0,0.12373020712408053,0.6051481915729976,11,late
11966,166,0,0.4373840330586739,0.3047929028071603,11,late
11967,167,0,0.646418124521708,0.3871901835755475,11,late
11968,168,0,0.6067190322049798,0.36008648322557624,11,late
11969,169,0,0.05186693788819288,0.7053231239637848,11,late
11970,170,0,0.7219920229347814,0.47958368337452784,11,late
11971,171,0,0.6345215728690837,0.3922180312681623,11,late
11972,172,0,0.49084241591255984,0.3783139587425509,11,late
11973,173,0,0.9237842444842228,0.29822839455838895,11,late
11974,174,0,0.7679428004879446,0.38770225472230996,11,late
11975,175,0,0.9882330479173774,0.3156747568351529,11,late
11976,176,0,0.5130763540382824,0.4094825664675851,11,late
11977,177,0,0.9490792109777527,0.31755211194199284,11,late
11978,178,0,0.5024148120698005,0.47190846564556266,11,late
11979,179,0,0.5611877368087801,0.5462323466845999,11,late
11980,180,0,0.71365839430656,0.2229752407226017,11,late
11981,181,0,0.2136842545324783,0.5063485830628165,11,late
11982,182,0,0.40943403048628996,0.3729170523775204,11,late
11983,183,0,0.7664061962195508,0.3163740362893475,11,late
11984,184,0,0.7284248454412219,0.5336399277106563,11,late
11985,185,0,0.11549302594079591,0.42577617099204507,11,late
11986,186,0,0.19987802241386537,0.4019561398468201,11,late
11987,187,0,0.623840530780319,0.4638317801776198,11,late
11988,188,0,0.588314783991302,0.5094149278771026,11,late
11989,189,0,0.44953667350465587,0.40297008585927807,11,late
11990,190,0,0.22592949874952206,0.5286842061749601,11,late
11991,191,0,0.28524051213843343,0.45729039282760864,11,late
11992,192,0,0.6910334766468124,0.39702407441905785,11,late
11993,193,0,0.5543563800990088,0.37598474901190554,11,late
11994,194,0,0.27960761110335397,0.3598307702480859,11,late
11995,195,0,0.7228036655851707,0.37723958093974014,11,late
11996,196,0,0.4144539853352472,0.43532623811604537,11,late
11997,197,0,0.350329721309571,0.4760299423464669,11,late
11998,198,0,0.4519752019273123,0.3451640807221017,11,late
11999,199,0,0.5825851286083071,0.32830476919667584,11,late
12000,0,0,0.7690493675608011,0.6756824238790761,12,interleaved
12001,1,0,0.0477838992551385,0.6103766912682862,12,interleaved
12002,2,0,0.23706243024397713,0.48517739727088816,12,interleaved
12003,3,0,0.185820157779164,0.5096955345379333,12,interleaved
12004,4,0,0.8040102724984479,0.3599702250441429,12,interleaved
12005,5,0,0.5797423618977438,0.5246988567461204,12,interleaved
12006,6,0,0.2585931487229797,0.4930215793410362,12,interleaved
12007,7,0,0.7780609080004424,0.41877931336390783,12,interleaved
12008,8,0,0.5945163789095059,0.3933665829348005,12,interleaved
12009,9,0,0.9674307770274551,0.5004456498848169,12,interleaved
12010,10,0,0.14647253540447835,0.7189884342396011,12,interleaved
12011,11,0,0.5601215342837419,0.5834598120351835,12,interleaved
12012,12,0,0.4031855995074673,0.5457229049475456,12,interleaved
12013,13,0,0.8013072345487403,0.7454605081026751,12,interleaved
12014,14,0,0.6327365422283571,0.4914583726097292,12,interleaved
12015,15,0,0.37819471891113315,0.5749085597208003,12,interleaved
12016,16,0,0.5597173741718081,0.3215376282943272,12,interleaved
12017,17,0,0.2895116162642019,0.6052232699109468,12,interleaved
12018,18,0,0.6475676608434281,0.5220593730848274,12,interleaved
12019,19,0,0.38388848953687815,0.5613735147702046,12,interleaved
12020,20,0,0.6835969336629977,0.3984093089224398,12,interleaved
12021,21,0,0.39060205203177695,0.3806225924767336,12,interleaved
12022,22,0,0.7272777068750669,0.4040641855450783,12,interleaved
12023,23,0,0.7044415592786106,0.543105524348011,12,interleaved
12024,24,0,0.536530289022351,0.4854082121740322,12,interleaved
12025,25,0,0.5417584154823882,0.4739502994873217,12,interleaved
12026,26,0,0.4625416557306091,0.598112513522912,12,interleaved
12027,27,0,0.2899049881379997,0.4711940073408978,12,interleaved
12028,28,0,0.5256903644693143,0.5708849046402963,12,interleaved
12029,29,0,0.6319464663937857,0.42115240023521816,12,interleaved
12030,30,0,0.6148480692195977,0.29074475635179164,12,interleaved
12031,31,0,0.4478803578604457,0.34673915714527037,12,interleaved
12032,32,0,0.6378929986209888,0.3585774778558999,12,interleaved
12033,33,0,0.5595424223505554,0.3618989909898974,12,interleaved
12034,34,0,0.49805106100350577,0.4929649585207158,12,interleaved
12035,35,0,0.4050336439820479,0.2902624997602871,12,interleaved
12036,36,0,0.8896290333498529,0.3644295117185592,12,interleaved
12037,37,0,0.572116246370206,0.5230532008734894,12,interleaved
12038,38,0,0.45464863815423734,0.7616551736231153,12,interleaved
12039,39,0,0.8753117790343635,0.4803214182751996,12,interleaved
12040,40,0,0.8718712948179153,0.39015487122368697,12,interleaved
12041,41,0,0.9145648160755275,0.37684992869255074,12,interleaved
12042,42,0,0.2858500806927389,0.4450352204236786,12,interleaved
12043,43,0,0.6497021957419523,0.4751186900914228,12,interleaved
12044,44,0,0.5271581848966712,0.4604569847877077,12,interleaved
12045,45,0,0.7886437313097959,0.37747613741994523,12,interleaved
12046,46,0,0.771919801682134,0.40202851253052957,12,interleaved
12047,47,0,0.935024727767211,0.3769177850966063,12,interleaved
12048,48,0,0.3038687840927899,0.6155828838484706,12,interleaved
12049,49,0,0.16037817768125343,0.8178491188767358,12,interleaved
12050,50,0,0.5054938497853908,0.47645366633596586,12,interleaved
12051,51,0,0.7872391509895602,0.40810455053424316,12,interleaved
12052,52,0,0.7520370766573862,0.5007121113925175,12,interleaved
12053,53,0,0.12213511264892175,0.7312575395036907,12,interleaved
12054,54,0,0.45798821835249587,0.6193799137758763,12,interleaved
12055,55,0,0.9936243971886913,0.5144859288892681,12,interleaved
12056,56,0,0.5082243820904611,0.4024656644348168,12,interleaved
12057,57,0,0.7089660944253958,0.44930227211305107,12,interleaved
12058,58,0,0.3216239649779582,0.7136403006750363,12,interleaved
12059,59,0,0.8127125019439785,0.3600180589013972,12,interleaved
12060,60,0,0.2975101363807647,0.6412151809652638,12,interleaved
12061,61,0,0.47084948069831034,0.39043241351637265,12,interleaved
12062,62,0,0.5566502399347927,0.41463535401021223,12,interleaved
12063,63,0,0.6143979289244856,0.3036865535351576,12,interleaved
12064,64,0,0.4202006102136791,0.46841203664777314,12,interleaved
12065,65,0,0.7265684174142353,1.0047925229376589,12,interleaved
12066,66,0,0.53214184976715,0.4421325559411232,12,interleaved
12067,67,0,0.8776282218266949,0.4718069645673424,12,interleaved
12068,68,0,0.7287514888930336,0.4341823734246617,12,interleaved
12069,69,0,0.2786523662371108,0.6148581960369865,12,interleaved
12070,70,0,0.5535223157770187,0.41219214152901684,12,interleaved
12071,71,0,0.45948292636720117,0.6704030371831284,12,interleaved
12072,72,0,0.44075753458706013,0.54735912883297,12,interleaved
12073,73,0,0.6807215238505138,0.421539402716805,12,interleaved
12074,74,0,0.4205610197673623,0.5747556689496885,12,interleaved
12075,75,0,0.19057583678114348,0.32496576602399807,12,interleaved
12076,76,0,0.436147650688934,0.5495222082581914,12,interleaved
12077,77,0,0.6085963352255672,0.4203437858725116,12,interleaved
12078,78,0,0.650195913481451,0.48124643383650256,12,interleaved
12079,79,0,0.8625708103782768,0.2922905644172509,12,interleaved
12080,80,0,0.5527803277627189,0.4169628943459848,12,interleaved
12081,81,0,0.9645843117796379,0.42837933777818427,12,interleaved
12082,82,0,0.5917138801170334,0.47844253075143034,12,interleaved
12083,83,0,0.11211368185764088,0.4834833764962424,12,interleaved
12084,84,0,0.6662266860657169,0.34580346329331957,12,interleaved
12085,85,0,0.5981187122232704,0.5673619517365553,12,interleaved
12086,86,0,0.4957162057479424,0.2962710823611111,12,interleaved
12087,87,0,0.12833953150510446,0.5745355377664724,12,interleaved
12088,88,0,0.36083694741549743,0.3808593615256808,12,interleaved
12089,89,0,0.33778060431879237,0.3302057722164489,12,interleaved
12090,90,0,0.5205748867804252,0.3896838078142984,12,interleaved
12091,91,0,0.7092162026661624,0.41806187035373915,12,interleaved
12092,92,0,0.21578846971944396,0.5463101631209861,12,interleaved
12093,93,0,0.8969174262794888,0.5721672478584328,12,interleaved
12094,94,0,0.48249493150061984,0.5814840185952708,12,interleaved
12095,95,0,0.7311973895778697,0.21998259583355284,12,interleaved
12096,96,0,0.40865138698586717,0.3869122521668895,12,interleaved
12097,97,0,0.5163694183722138,0.37672564021010824,12,interleaved
12098,98,0,0.8875596824010711,0.3813881342943686,12,interleaved
12099,99,0,0.8090250393097533,0.44184921916510567,12,interleaved
12100,100,0,0.44366366909522315,0.42137937022966987,12,interleaved
12101,101,0,0.8065072891885019,0.33793627706166113,12,interleaved
12102,102,0,0.7129977659046105,0.3177815074728577,12,interleaved
12103,103,0,0.413945089372657,0.3158730744756403,12,interleaved
12104,104,0,0.56533523131962,0.664755243370558,12,interleaved
12105,105,0,0.40216647291835284,0.328786399839108,12,interleaved
12106,106,0,0.6375631048066763,0.3749885775471719,12,interleaved
12107,107,0,0.7269457419886114,0.4767797770458295,12,interleaved
12108,108,0,0.4906107470339251,0.5036301866394937,12,interleaved
12109,109,0,0.3887958079037289,0.4649601249726677,12,interleaved
12110,110,0,0.46287656967788915,0.4576549228815349,12,interleaved
12111,111,0,0.6370379413545254,0.5057371151079425,12,interleaved
12112,112,0,0.5168705296372055,0.4267797907272779,12,interleaved
12113,113,0,0.5693126296681836,0.29468594860943664,12,interleaved
12114,114,0,0.28529361798317676,0.560029703814636,12,interleaved
12115,115,0,0.4792873323967539,0.5811090606392588,12,interleaved
12116,116,0,0.4704807426358671,0.43714397768644364,12,interleaved
12117,117,0,0.7495674047451962,0.47040789890274015,12,interleaved
12118,118,0,0.42555950660263286,0.43936684457968533,12,interleaved
12119,119,0,0.8897668830477798,0.35685750284967216,12,interleaved
12120,120,0,0.5059098359480051,0.43090380020040464,12,interleaved
12121,121,0,0.8992410284745211,0.25325701553160695,12,interleaved
12122,122,0,0.5391591890383439,0.538597087509715,12,interleaved
12123,123,0,0.1158541568049066,0.48626874678853593,12,interleaved
12124,124,0,0.2264827317415336,0.3957135334305184,12,interleaved
12125,125,0,0.9794445955351374,0.6172303299284093,12,interleaved
12126,126,0,0.505635054996455,0.49809069660262106,12,interleaved
12127,127,0,0.12228239854500492,0.30906199017358815,12,interleaved
12128,128,0,0.5201901445767836,0.4808051561125415,12,interleaved
12129,129,0,0.5178258918299754,0.4648958610570112,12,interleaved
12130,130,0,0.6210043840233302,0.41926270029275947,12,interleaved
12131,131,0,0.48679021478207396,0.3221652004612614,12,interleaved
12132,132,0,0.6768447224947016,0.42122957237573355,12,interleaved
12133,133,0,0.2853894182331753,0.6786392478014315,12,interleaved
12134,134,0,0.49567313204892377,0.5714424087510859,12,interleaved
12135,135,0,0.033456610884870924,0.38526771234562995,12,interleaved
12136,136,0,0.39887369923853455,0.43752149402132834,12,interleaved
12137,137,0,0.442631887957225,0.40064027773597144,12,interleaved
12138,138,0,0.5639066230450653,0.36060606883849633,12,interleaved
12139,139,0,0.3941383437925968,0.32033222357422564,12,interleaved
12140,140,0,0.5391557490263883,0.43599754324388745,12,interleaved
12141,141,0,0.3990139876040675,0.444536287481858,12,interleaved
12142,142,0,0.5123162508189951,0.45572390615210784,12,interleaved
12143,143,0,0.5366074697227653,0.3230438625520511,12,interleaved
12144,144,0,0.8434599402890717,0.37319901189810745,12,interleaved
12145,145,0,0.430957154513125,0.32291922932676376,12,interleaved
12146,146,0,0.48686177840006417,0.6029032859345678,12,interleaved
12147,147,0,0.4433827515151977,0.4429780425723887,12,interleaved
12148,148,0,0.6948056491986938,0.32489666034200526,12,interleaved
12149,149,0,0.9246759604655905,0.3714139944847148,12,interleaved
12150,150,0,0.5647040919390717,0.37799782980843616,12,interleaved
12151,151,0,0.6220363407793886,0.4901421840019978,12,interleaved
12152,152,0,0.8600156741763005,0.35533242467114146,12,interleaved
12153,153,0,0.987924523412262,0.3244048576988639,12,interleaved
12154,154,0,0.7167118766834117,0.4542254391381375,12,interleaved
12155,155,0,0.6865297652602098,0.42234130116126745,12,interleaved
12156,156,0,0.5655066164736259,0.4564551745081801,12,interleaved
12157,157,0,0.9631784485270181,0.27218994448499134,12,interleaved
12158,158,0,0.6481461126834424,0.41874594548176536,12,interleaved
12159,159,0,0.4867460471955102,0.3224394042419124,12,interleaved
12160,160,0,0.6562509318299445,0.4386629789105289,12,interleaved
12161,161,0,0.9649720908770145,0.4074863960692031,12,interleaved
12162,162,0,0.9884052489279058,0.33489164852976633,12,interleaved
12163,163,0,0.5110727095098263,0.3397414299233807,12,interleaved
12164,164,0,0.47044495382150103,0.34923126482949673,12,interleaved
12165,165,0,0.7980086497564355,0.26925088127641134,12,interleaved
12166,166,0,0.45374768906583374,0.4613303578411435,12,interleaved
12167,167,0,0.5332676472233429,0.4427631032590192,12,interleaved
12168,168,0,0.7537588989908428,0.3760716946465932,12,interleaved
12169,169,0,0.35947685405434404,0.40100630645237756,12,interleaved
12170,170,0,0.6152708169335409,0.41620887921165417,12,interleaved
12171,171,0,0.7511459330115642,0.31048482098865704,12,interleaved
12172,172,0,0.6231196169242004,0.566818458089467,12,interleaved
12173,173,0,0.984275143907892,0.3877321095604439,12,interleaved
12174,174,0,0.771598988805352,0.29897415136022365,12,interleaved
12175,175,0,0.49425090743224964,0.26742917178920833,12,interleaved
12176,176,0,0.6622510109797692,0.5176374835220667,12,interleaved
12177,177,0,0.5044038416044424,0.40545463276353655,12,interleaved
12178,178,0,0.7403623744216514,0.39765399317490313,12,interleaved
12179,179,0,0.9684287630035903,0.4400712438925312,12,interleaved
12180,180,0,0.7990613778914907,0.27326373579579194,12,interleaved
12181,181,0,0.1648223705415115,0.5881886387624575,12,interleaved
12182,182,0,0.8475511714135053,0.26417159883567476,12,interleaved
12183,183,0,0.8385757042237394,0.32674955065113115,12,interleaved
12184,184,0,0.6683049485726095,0.4387118136225636,12,interleaved
12185,185,0,0.7568836277553732,0.30543597625779834,12,interleaved
12186,186,0,0.5320952808861266,0.3966613351235956,12,interleaved
12187,187,0,0.8473648005952638,0.38915394451755786,12,interleaved
12188,188,0,0.961396253800939,0.34602220314025306,12,interleaved
12189,189,0,0.45804646607320876,0.44845532205767613,12,interleaved
12190,190,0,0.8881357256537707,0.3847546017146382,12,interleaved
12191,191,0,0.48799997724937255,0.40190085129526393,12,interleaved
12192,192,0,0.8741467205397118,0.4922525396910685,12,interleaved
12193,193,0,0.6650091658748107,0.28838925149966743,12,interleaved
12194,194,0,0.5841652204032536,0.425306530862255,12,interleaved
12195,195,0,0.5240282185699695,0.5460934424708543,12,interleaved
12196,196,0,0.361446068294186,0.3621634777644214,12,interleaved
12197,197,0,0.8804421189711704,0.34078693827776585,12,interleaved
12198,198,0,0.6715105373503697,0.3583468139373222,12,interleaved
12199,199,0,0.39768852764169105,0.4852684518949089,12,interleaved
12200,0,0,0.4641110853434693,0.700470830975799,12,blocked
12201,1,0,0.7094940077380196,0.5702130531562268,12,blocked
12202,2,0,0.7960355109625625,0.5022589521731778,12,blocked
12203,3,0,0.9360101347836216,0.5099319933550516,12,blocked
12204,4,0,0.9330077086806312,0.4652945428506611,12,blocked
12205,5,0,0.03143805955688287,0.6791231778534037,12,blocked
12206,6,0,0.7200730555103685,0.45197189769298735,12,blocked
12207,7,0,0.6674301512421069,0.4327618333819187,12,blocked
12208,8,0,0.3117467766752118,0.5355404471332539,12,blocked
12209,9,0,0.7392712785150881,0.5626228850087471,12,blocked
12210,10,0,0.19580362834818965,0.5543710409457864,12,blocked
12211,11,0,0.9478961673231434,0.4454854890328984,12,blocked
12212,12,0,0.8977866551073528,0.6039205965725886,12,blocked
12213,13,0,0.22770401937652557,0.629020280907621,12,blocked
12214,14,0,0.5257621628751454,0.6012919309658604,12,blocked
12215,15,0,0.6368667317973781,0.4744410497957092,12,blocked
12216,16,0,0.46140741296144727,0.6736859064048109,12,blocked
12217,17,0,0.19434415610949907,0.5774689398205021,12,blocked
12218,18,0,0.806796123592441,0.42911338318653625,12,blocked
12219,19,0,0.9691494797870476,0.5076856778242885,12,blocked
12220,20,0,0.1801161014417712,0.5113392583148694,12,blocked
12221,21,0,0.6474990890809116,0.4933685329132641,12,blocked
12222,22,0,0.3880713078229373,0.4804156463253618,12,blocked
12223,23,0,0.8457745625023179,0.5976343455815663,12,blocked
12224,24,0,0.9351452913026496,0.4279774683684968,12,blocked
12225,25,0,0.06843970941124013,0.5042538320703027,12,blocked
12226,26,0,0.1459499947307815,0.5608920713927532,12,blocked
12227,27,0,0.5701984555764534,0.4577694662552883,12,blocked
12228,28,0,0.2518217994153378,0.6188113814085691,12,blocked
12229,29,0,0.25872200667327006,0.6259052709746288,12,blocked
12230,30,0,0.6131049049672825,0.6152001901667448,12,blocked
12231,31,0,0.7217802414167812,0.636457329172255,12,blocked
12232,32,0,0.9014920592772065,0.5436874098670306,12,blocked
12233,33,0,0.9107904632981636,0.45459785475069925,12,blocked
12234,34,0,0.6092242396036887,0.605504282996924,12,blocked
12235,35,0,0.5184537522839637,0.49985202101611403,12,blocked
12236,36,0,0.7045191094503657,0.45094350069986244,12,blocked
12237,37,0,0.5243573681784994,0.5241428847456029,12,blocked
12238,38,0,0.2706021794619454,0.508150503618914,12,blocked
12239,39,0,0.5267806605345433,0.4827147623089494,12,blocked
12240,40,0,0.26445202281858093,0.5902202213918502,12,blocked
12241,41,0,0.2320299083819891,0.8420918509958573,12,blocked
12242,42,0,0.49490160089041485,0.6364965193438781,12,blocked
12243,43,0,0.38589949793004863,0.5906551259466473,12,blocked
12244,44,0,0.5334308691416011,0.5666946173298737,12,blocked
12245,45,0,0.543341116769515,0.5676908859329886,12,blocked
12246,46,0,0.7710469904970279,0.5698858889990904,12,blocked
12247,47,0,0.22870474556049958,0.5436497089214818,12,blocked
12248,48,0,0.4248541544268911,0.5735205026971789,12,blocked
12249,49,0,0.8470600616627386,0.5791619764738549,12,blocked
12250,50,0,0.7060000534789419,0.5831838274143404,12,blocked
12251,51,0,0.7355767482639028,0.512293211667208,12,blocked
12252,52,0,0.6303819131829695,0.4514852274672777,12,blocked
12253,53,0,0.11132882034919178,0.5757974905905524,12,blocked
12254,54,0,0.29397150250232645,0.6448730818718388,12,blocked
12255,55,0,0.3763568278316851,0.6681639623264917,12,blocked
12256,56,0,0.09748831416586372,0.7072882956500256,12,blocked
12257,57,0,0.38364841759796753,0.534420602302651,12,blocked
12258,58,0,0.3365081607525179,0.48995826559364997,12,blocked
12259,59,0,0.462613382067467,0.5970657380454054,12,blocked
12260,60,0,0.7270741299409915,0.3314050156939088,12,blocked
12261,61,0,0.37774329887702984,0.6171538812131446,12,blocked
12262,62,0,0.4342167149431147,0.5639852582753728,12,blocked
12263,63,0,0.5289549918506735,0.48988149116215046,12,blocked
12264,64,0,0.5305540361881914,0.5086030149651829,12,blocked
12265,65,0,0.48462732546897136,0.6144276090901503,12,blocked
12266,66,0,0.5377277917295614,0.453484730028903,12,blocked
12267,67,0,0.3684813959889478,0.6604776344479304,12,blocked
12268,68,0,0.5477331768129795,0.4843195907891311,12,blocked
12269,69,0,0.6669969116863493,0.37275374879639933,12,blocked
12270,70,0,0.6482257493210747,0.42287194170645725,12,blocked
12271,71,0,0.41494245141499303,0.7277941845505468,12,blocked
12272,72,0,0.27553605182037844,0.48918441430893367,12,blocked
12273,73,0,0.5115253649252829,0.6507373809998779,12,blocked
12274,74,0,0.6977999288320444,0.4285514103159606,12,blocked
12275,75,0,0.6196009146993648,0.5459588109360025,12,blocked
12276,76,0,0.1842910998860657,0.8489085983198252,12,blocked
12277,77,0,0.5919654743774958,0.42111468677849784,12,blocked
12278,78,0,0.503396592860069,0.5558977320358822,12,blocked
12279,79,0,0.8023767794051576,0.4395725880710545,12,blocked
12280,80,0,0.8447361522104692,0.5026170080963822,12,blocked
12281,81,0,0.9575963528093373,0.365384440106183,12,blocked
12282,82,0,0.9701340028288612,0.3175760251987725,12,blocked
12283,83,0,0.026469574740454003,0.48058029852888373,12,blocked
12284,84,0,0.07833624479313972,0.7117107584026376,12,blocked
12285,85,0,0.299507616664768,0.548925100048689,12,blocked
12286,86,0,0.32886653381386444,0.5311160930016274,12,blocked
12287,87,0,0.3607818357360379,0.5631853861678975,12,blocked
12288,88,0,0.7331070336857235,0.5438223439200507,12,blocked
12289,89,0,0.3804018805152763,0.4815142247688001,12,blocked
12290,90,0,0.6363771581148454,0.5857614584696644,12,blocked
12291,91,0,0.862716054507029,0.38994001689091673,12,blocked
12292,92,0,0.2822518680665646,0.5569867004747875,12,blocked
12293,93,0,0.7537028928277701,0.5591436309988844,12,blocked
12294,94,0,0.9495726770312085,0.5768575337235311,12,blocked
12295,95,0,0.9463447460411083,0.314745936348392,12,blocked
12296,96,0,0.05508221810946376,0.5948492482460361,12,blocked
12297,97,0,0.9569118833321498,0.5345694038422608,12,blocked
12298,98,0,0.846856073601998,0.28776506103804933,12,blocked
12299,99,0,0.7585985920051879,0.6048074132319563,12,blocked
12300,100,0,0.5794087310396296,0.5430272989671245,12,blocked
12301,101,0,0.9403205212678607,0.4039452892789275,12,blocked
12302,102,0,0.973407122025677,0.33664921844357043,12,blocked
12303,103,0,0.9713426955254254,0.5611039531658192,12,blocked
12304,104,0,0.05861750739642983,0.5830750204773337,12,blocked
12305,105,0,0.2229152877064996,0.5695638526819727,12,blocked
12306,106,0,0.8323645745631252,0.3542521401436955,12,blocked
12307,107,0,0.27916544787496944,0.6126693072638689,12,blocked
12308,108,0,0.8720242187064369,0.6122137426255648,12,blocked
12309,109,0,0.9425606885738833,0.4163312943580101,12,blocked
12310,110,0,0.11011638468856981,0.5174852383478439,12,blocked
12311,111,0,0.6258245841101653,0.4965553433522744,12,blocked
12312,112,0,0.6232378479092265,0.42886490864203985,12,blocked
12313,113,0,0.7812674379027138,0.447363784823244,12,blocked
12314,114,0,0.9770321274088614,0.4820248796636673,12,blocked
12315,115,0,0.8172130778502008,0.4322795733168223,12,blocked
12316,116,0,0.14327258447376862,0.490347442117391,12,blocked
12317,117,0,0.37416898687501854,0.4790625753697811,12,blocked
12318,118,0,0.9019672411076578,0.5452738987190389,12,blocked
12319,119,0,0.6413446869516821,0.5306411517268801,12,blocked
12320,120,0,0.1725518335755407,0.7317932396032644,12,blocked
12321,121,0,0.06804077074048272,0.7210904301412344,12,blocked
12322,122,0,0.43538763613148845,0.7239379910189088,12,blocked
12323,123,0,0.8624767489551761,0.40611869536151457,12,blocked
12324,124,0,0.043709581924003656,0.5010381998172053,12,blocked
12325,125,0,0.09491559227456531,0.4573328904709374,12,blocked
12326,126,0,0.624790907410669,0.3796276776612484,12,blocked
12327,127,0,0.6263999494274218,0.41347278134297005,12,blocked
12328,128,0,0.7568906026815603,0.4030715644695829,12,blocked
12329,129,0,0.6753414966403317,0.4906944218550517,12,blocked
12330,130,0,0.6571510393234273,0.3906106231000046,12,blocked
12331,131,0,0.08348878476567698,0.80793128336917,12,blocked
12332,132,0,0.46000144287331307,0.4648034494199445,12,blocked
12333,133,0,0.3587196810183887,0.7258230829862995,12,blocked
12334,134,0,0.532014214967642,0.4441827177143798,12,blocked
12335,135,0,0.30438712801320333,0.42455637761838094,12,blocked
12336,136,0,0.4143652853995337,0.6994053533232056,12,blocked
12337,137,0,0.23125735667418804,0.6197458121545611,12,blocked
12338,138,0,0.44189192940552335,0.5899065326951691,12,blocked
12339,139,0,0.5806646189245139,0.4471050196740872,12,blocked
12340,140,0,0.581442837254483,0.4603605321175481,12,blocked
12341,141,0,0.6357637900863262,0.39897804674377707,12,blocked
12342,142,0,0.4784208488374449,0.5966215410555893,12,blocked
12343,143,0,0.5387722980222897,0.392131795241629,12,blocked
12344,144,0,0.6625876056215223,0.46315958272852753,12,blocked
12345,145,0,0.35747934237225537,0.5909567325228431,12,blocked
12346,146,0,0.503745500188038,0.3190369019110544,12,blocked
12347,147,0,0.4857194033645389,0.6564715866243813,12,blocked
12348,148,0,0.28738526536025644,0.4369845017492039,12,blocked
12349,149,0,0.6904084469638112,0.4850263215120669,12,blocked
12350,150,0,0.3066460283415428,0.6741905230063454,12,blocked
12351,151,0,0.588969931642559,0.3917770312316133,12,blocked
12352,152,0,0.5019158330417306,0.6166156436342773,12,blocked
12353,153,0,0.7201305808115445,0.42764409911809476,12,blocked
12354,154,0,0.47049625698747116,0.5369183814590193,12,blocked
12355,155,0,0.5018864855742051,0.4421359026956815,12,blocked
12356,156,0,0.5099267190187174,0.5995552379013676,12,blocked
12357,157,0,0.5091097670899594,0.5371402606141173,12,blocked
12358,158,0,0.5590756410372928,0.519586736737476,12,blocked
12359,159,0,0.6750443661122011,0.5388739032336072,12,blocked
12360,160,0,0.9670121815608489,0.3500573489718906,12,blocked
12361,161,0,0.3455604052982768,0.566161003415374,12,blocked
12362,162,0,0.029288585301582792,0.6233983233918714,12,blocked
12363,163,0,0.8573712782818725,0.5436842193538837,12,blocked
12364,164,0,0.500616720975708,0.6870283325563262,12,blocked
12365,165,0,0.9542246495314852,0.32415147074153583,12,blocked
12366,166,0,0.29476244053373996,0.5138057800189056,12,blocked
12367,167,0,0.31658401834695793,0.49433597894478576,12,blocked
12368,168,0,0.4826732214694853,0.5068227147311375,12,blocked
12369,169,0,0.8190581124457769,0.4234296254690465,12,blocked
12370,170,0,0.24800004922371324,0.37995252560690984,12,blocked
12371,171,0,0.7168467952343304,0.3729683266638247,12,blocked
12372,172,0,0.7843196750777948,0.40203373131983566,12,blocked
12373,173,0,0.6253436013520173,0.48119047148336624,12,blocked
12374,174,0,0.5578203268865548,0.44796831724700226,12,blocked
12375,175,0,0.30646728797364564,0.5239111302774553,12,blocked
12376,176,0,0.9056876616543694,0.4127592220139098,12,blocked
12377,177,0,0.6449666866373749,0.32117922186296943,12,blocked
12378,178,0,0.8446564990960754,0.3722704623647244,12,blocked
12379,179,0,0.8616654507002364,0.5359199414301751,12,blocked
12380,180,0,0.26456022579091387,0.6853482225305108,12,blocked
12381,181,0,0.10754339307291613,0.6819801945817914,12,blocked
12382,182,0,0.8696134091074654,0.592866353068922,12,blocked
12383,183,0,0.6529128712251276,0.4767043540594812,12,blocked
12384,184,0,0.14391078527398543,0.4689887985781968,12,blocked
12385,185,0,0.1632941502849563,0.5339847015688186,12,blocked
12386,186,0,0.4954627282535454,0.4618376089984928,12,blocked
12387,187,0,0.7394176295898647,0.3897991895699444,12,blocked
12388,188,0,0.4467417519289918,0.45173846038719295,12,blocked
12389,189,0,0.6585342785358561,0.6600628870216124,12,blocked
12390,190,0,0.5227367236317187,0.45844003050062465,12,blocked
12391,191,0,0.5296922029090738,0.4072943384280324,12,blocked
12392,192,0,0.9070916031246672,0.6065494270762928,12,blocked
12393,193,0,0.5208578461470753,0.4232271791334645,12,blocked
12394,194,0,0.3522186718904955,0.518269965079226,12,blocked
12395,195,0,0.04694114373302309,0.502792257543342,12,blocked
12396,196,0,0.7126282126503506,0.3855392355181126,12,blocked
12397,197,0,0.3130033377590885,0.49143769873575904,12,blocked
12398,198,0,0.39252624265147573,0.4080761778096933,12,blocked
12399,199,0,0.5419312492799395,0.49830785494884355,12,blocked
12400,0,0,0.4153725627429391,0.762242841552377,12,early
12401,1,0,0.7865142259717534,0.7056651650911965,12,early
12402,2,0,0.2447283080110409,0.6285651274541524,12,early
12403,3,0,0.43492958254706715,0.4269354510935772,12,early
12404,4,0,0.4168819910596051,0.4546058496597627,12,early
12405,5,0,0.34685149505719115,0.6051724095414288,12,early
12406,6,0,0.36888736566207736,0.37071039753339574,12,early
12407,7,0,0.3273472576679791,0.594209927157937,12,early
12408,8,0,0.5044834582834774,0.45320634501615353,12,early
12409,9,0,0.420556707305181,0.5470849301739547,12,early
12410,10,0,0.6188837831003178,0.6080422033676114,12,early
12411,11,0,0.4124827772589334,0.5410093372529238,12,early
12412,12,0,0.680937289123662,0.7007318691929556,12,early
12413,13,0,0.4755782951868233,0.49964861869126553,12,early
12414,14,0,0.8136939034342484,0.5139799736056212,12,early
12415,15,0,0.5031307349206557,0.6177671893824503,12,early
12416,16,0,0.4712901485212889,0.4979405788722142,12,early
12417,17,0,0.4474834703191239,0.4346205194020164,12,early
12418,18,0,0.5601616868650307,0.5436869726316714,12,early
12419,19,0,0.773611650855272,0.4767797481744458,12,early
12420,20,0,0.9165653167832122,0.5224868011570527,12,early
12421,21,0,0.9175021939259238,0.2937270667342428,12,early
12422,22,0,0.942374372235578,0.36399567583612724,12,early
12423,23,0,0.9131943979455239,0.42998801108721213,12,early
12424,24,0,0.22559898550766078,0.47814552360551227,12,early
12425,25,0,0.21890703019701982,0.5254465058585904,12,early
12426,26,0,0.5294749341649632,0.3952311930491744,12,early
12427,27,0,0.7130750630245054,0.4903786866914881,12,early
12428,28,0,0.714603100712773,0.4222166644313064,12,early
12429,29,0,0.23262570970296592,0.5147080937555708,12,early
12430,30,0,0.30504976342986806,0.564063468847195,12,early
12431,31,0,0.673301152747064,0.5524389613986983,12,early
12432,32,0,0.14514009874950984,0.44178159566523545,12,early
12433,33,0,0.7239493547240048,0.47636241997609374,12,early
12434,34,0,0.39104716393838923,0.4752571091760412,12,early
12435,35,0,0.2837477382061805,0.7010469736465816,12,early
12436,36,0,0.8100378054867583,0.39424367627903634,12,early
12437,37,0,0.6374138816540218,0.4494303122167083,12,early
12438,38,0,0.5032093352800309,0.5474388039201336,12,early
12439,39,0,0.6822986908100078,0.386164105095806,12,early
12440,40,0,0.7495037552176107,0.41139663400330495,12,early
12441,41,0,0.5028793514704465,0.40329644500186485,12,early
12442,42,0,0.919686793041662,0.3070473704636415,12,early
12443,43,0,0.6240282308855911,0.3746951123702762,12,early
12444,44,0,0.00443291285713436,0.6671143503318009,12,early
12445,45,0,0.5824073340446925,0.48354544506511066,12,early
12446,46,0,0.37982614036370776,0.6113659064247515,12,early
12447,47,0,0.33099834080802315,0.4650110478030229,12,early
12448,48,0,0.06942421366906266,0.4890981527371414,12,early
12449,49,0,0.6048609449431059,0.4827766821874928,12,early
12450,50,0,0.3629648605577604,0.45256447279437073,12,early
12451,51,0,0.724730223648755,0.4873020345311805,12,early
12452,52,0,0.5177825442949245,0.4834551781676609,12,early
12453,53,0,0.06381125969503043,0.5327033134515471,12,early
12454,54,0,0.572339515029585,0.45272746438739675,12,early
12455,55,0,0.887645492079201,0.4113850483477906,12,early
12456,56,0,0.992645218097435,0.3585103087513166,12,early
12457,57,0,0.026247523546754623,0.49576426045512234,12,early
12458,58,0,0.7472254056182144,0.5131766117210279,12,early
12459,59,0,0.31428688121795584,0.4138128688008817,12,early
12460,60,0,0.7527441777156025,0.45211129986262666,12,early
12461,61,0,0.6580986459228533,0.44540634468145657,12,early
12462,62,0,0.15380189824941035,0.41014682904322575,12,early
12463,63,0,0.6118911849281455,0.6035985097869405,12,early
12464,64,0,0.5419371478939239,0.5871949812045799,12,early
12465,65,0,0.4318141816319976,0.4331950400617797,12,early
12466,66,0,0.46973681478400664,0.3609832268296699,12,early
12467,67,0,0.1786472416068399,0.4411728699657521,12,early
12468,68,0,0.4804884176047646,0.4044047572527052,12,early
12469,69,0,0.3197529172744694,0.4302947293740864,12,early
12470,70,0,0.6069487687738577,0.3719280115536791,12,early
12471,71,0,0.8133828740309963,0.4273369690823645,12,early
12472,72,0,0.7260537404925445,0.43651548527660333,12,early
12473,73,0,0.3682639521772903,0.40086936360167835,12,early
12474,74,0,0.7693588720038073,0.30531536664937087,12,early
12475,75,0,0.9751135478299819,0.37935906641241124,12,early
12476,76,0,0.5799751108433986,0.39181123285970304,12,early
12477,77,0,0.6559875179400542,0.34347567273695057,12,early
12478,78,0,0.3811831997840421,0.4730430545004296,12,early
12479,79,0,0.6045112275258689,0.5774498691166644,12,early
12480,80,0,0.47357190009078387,0.5522969600986207,12,early
12481,81,0,0.48380629665965763,0.33453232161959595,12,early
12482,82,0,0.4718494507827158,0.5293568119131749,12,early
12483,83,0,0.8466051224709152,0.3341512984766103,12,early
12484,84,0,0.40345764112962385,0.3897953126335641,12,early
12485,85,0,0.7818128889510204,0.30595767033261645,12,early
12486,86,0,0.6933180819489432,0.39266355955796983,12,early
12487,87,0,0.38940846997476164,0.5028434857544136,12,early
12488,88,0,0.3612209306314445,0.44998793307824175,12,early
12489,89,0,0.45311930273729584,0.4336246265494048,12,early
12490,90,0,0.8232175331567064,0.33226915934572143,12,early
12491,91,0,0.860923808540553,0.4155124110980256,12,early
12492,92,0,0.6047588812045763,0.44499682411623864,12,early
12493,93,0,0.9273206065222979,0.47148132063968407,12,early
12494,94,0,0.47335703563375775,0.528613525843854,12,early
12495,95,0,0.257258054509204,0.36329298533945853,12,early
12496,96,0,0.5499423130324592,0.3158747988758674,12,early
12497,97,0,0.8327167768636277,0.360912827110924,12,early
12498,98,0,0.5201422341848233,0.3214849741826623,12,early
12499,99,0,0.5688901455276817,0.3131830623531323,12,early
12500,100,0,0.6156137216643282,0.3764708129799658,12,early
12501,101,0,0.9196186367637014,0.400953500487889,12,early
12502,102,0,0.4684565904465276,0.34799754589990045,12,early
12503,103,0,0.5045248149865758,0.3736758585908997,12,early
12504,104,0,0.27954910589131066,0.4012884171944828,12,early
12505,105,0,0.5991431760420339,0.3179262257027836,12,early
12506,106,0,0.49875775779157205,0.569690537152812,12,early
12507,107,0,0.41500430343511946,0.42296482438088123,12,early
12508,108,0,0.4416203570560058,0.6558410681147356,12,early
12509,109,0,0.4851932828246019,0.3053262464451773,12,early
12510,110,0,0.16455439320214643,0.46038619152403554,12,early
12511,111,0,0.6479329400544416,0.3946475804815388,12,early
12512,112,0,0.5154119202964046,0.3041771461648992,12,early
12513,113,0,0.2682772223259769,0.5095141195243477,12,early
12514,114,0,0.7102884712695033,0.2996963270425977,12,early
12515,115,0,0.3588612167205506,0.3423008399183787,12,early
12516,116,0,0.49318625074386946,0.3663017178663599,12,early
12517,117,0,0.6513920790640373,0.5923285672764014,12,early
12518,118,0,0.38962045209574653,0.4999167915524738,12,early
12519,119,0,0.48979322975384854,0.44129049145694454,12,early
12520,120,0,0.658601805831714,0.3961050358267397,12,early
12521,121,0,0.22368624330333037,0.2626318558201266,12,early
12522,122,0,0.3484401324315632,0.5940720117212146,12,early
12523,123,0,0.5290678327975687,0.4490186101431808,12,early
12524,124,0,0.3537370787583594,0.4301699560522486,12,early
12525,125,0,0.6613697589319305,0.3288008651340011,12,early
12526,126,0,0.5461141278974886,0.3607780406728609,12,early
12527,127,0,0.8971098159265252,0.4757218498401024,12,early
12528,128,0,0.2808706054507208,0.4291190252321652,12,early
12529,129,0,0.9796256838863753,0.41270875110021965,12,early
12530,130,0,0.7717203238932002,0.5566501128996002,12,early
12531,131,0,0.8968738535110127,0.34025180826457824,12,early
12532,132,0,0.522841859273032,0.40434714317316445,12,early
12533,133,0,0.6530328832855976,0.37731016666948924,12,early
12534,134,0,0.27641154335319496,0.41146859401684666,12,early
12535,135,0,0.7485404457487289,0.3401425359665926,12,early
12536,136,0,0.6646595440664812,0.32262866439786153,12,early
12537,137,0,0.38220987198713535,0.3619004286973494,12,early
12538,138,0,0.457377436047649,0.3830732847723411,12,early
12539,139,0,0.6189328508989568,0.37696276289274977,12,early
12540,140,0,0.5766645127948036,0.6287426743780751,12,early
12541,141,0,0.8107152855981234,0.35602635328411236,12,early
12542,142,0,0.3140581407166301,0.3303722604592704,12,early
12543,143,0,0.8192481969339981,0.24274858376683048,12,early
12544,144,0,0.40112047222410285,0.38896067538712165,12,early
12545,145,0,0.945200307051191,0.3406958403827905,12,early
12546,146,0,0.4467319166803047,0.27906067843528876,12,early
12547,147,0,0.25572583511235136,0.2982023117587662,12,early
12548,148,0,0.4795090076750025,0.5188662279147046,12,early
12549,149,0,0.5121361284512966,0.3410320431403417,12,early
12550,150,0,0.22364886271063417,0.4544508912721668,12,early
12551,151,0,0.7818010497463861,0.5028894555790059,12,early
12552,152,0,0.4713188161433224,0.27617486513700407,12,early
12553,153,0,0.4704043592750274,0.6088088603949107,12,early
12554,154,0,0.9421842313046898,0.4358969583069685,12,early
12555,155,0,0.2275776482243343,0.309748149928046,12,early
12556,156,0,0.29401856471125926,0.3353361657822641,12,early
12557,157,0,0.33959215169074114,0.3747131558262762,12,early
12558,158,0,0.6016033211865126,0.5152571355207762,12,early
12559,159,0,0.4774151623695761,0.4748175786056299,12,early
12560,160,0,0.39541681768738185,0.5136899893567217,12,early
12561,161,0,0.5433335960694211,0.3662843170847655,12,early
12562,162,0,0.5614235865448911,0.3869028373813914,12,early
12563,163,0,0.8121068326291188,0.37012605333887305,12,early
12564,164,0,0.7206123009077691,0.4261823396947181,12,early
12565,165,0,0.5078197803601038,0.40802142693733534,12,early
12566,166,0,0.05020769757735177,0.542751394257788,12,early
12567,167,0,0.7951758877694275,0.2412539390804347,12,early
12568,168,0,0.9381675185996543,0.242172963620794,12,early
12569,169,0,0.3967968970185489,0.3974912620140696,12,early
12570,170,0,0.48796990345686025,0.28497948318675287,12,early
12571,171,0,0.7736806021520973,0.41196333640898064,12,early
12572,172,0,0.45993473934873785,0.5238659905153547,12,early
12573,173,0,0.4673581565165749,0.2788869089915671,12,early
12574,174,0,0.2663085200818622,0.23815460639476607,12,early
12575,175,0,0.595364605403323,0.48873808384308426,12,early
12576,176,0,0.38407047730717436,0.35609655100200677,12,early
12577,177,0,0.898571035948965,0.42621359571635475,12,early
12578,178,0,0.9262691773648016,0.3074664202003633,12,early
12579,179,0,0.6989277315772864,0.4100466645846347,12,early
12580,180,0,0.9038046586384285,0.3574383232096841,12,early
12581,181,0,0.43266640957261804,0.4269243851355369,12,early
12582,182,0,0.6183836530281374,0.3188305694493466,12,early
12583,183,0,0.6928638636004476,0.39639191598133194,12,early
12584,184,0,0.9364532785993354,0.5371641525451123,12,early
12585,185,0,0.29657907230771224,0.42864625101117465,12,early
12586,186,0,0.2878215053506812,0.35382425492266356,12,early
12587,187,0,0.8830586423836122,0.49467385679512443,12,early
12588,188,0,0.3411497183821833,0.38656155913308565,12,early
12589,189,0,0.5756170618635275,0.3013708077924039,12,early
12590,190,0,0.6490351403279482,0.34639615778853916,12,early
12591,191,0,0.9784944235416281,0.268810874313098,12,early
12592,192,0,0.42539375233545385,0.366040009815022,12,early
12593,193,0,0.8147174296630907,0.32016833435659975,12,early
12594,194,0,0.9019905009353111,0.33696325954511486,12,early
12595,195,0,0.9064367757724108,0.19337674482393907,12,early
12596,196,0,0.5459876035157374,0.33767198203233834,12,early
12597,197,0,0.40680511780353534,0.5036556877312017,12,early
12598,198,0,0.9149698624044715,0.38986710675300484,12,early
12599,199,0,0.5711963936205193,0.28071152015994316,12,early
12600,0,0,0.6373217639529271,0.5006264515697366,12,middle
12601,1,0,0.2922591005771964,0.946009488952871,12,middle
12602,2,0,0.48449528373571443,0.385983354487609,12,middle
12603,3,0,0.3718267683466985,0.8033460201114384,12,middle
12604,4,0,0.44311998598462593,0.34747692335054237,12,middle
12605,5,0,0.15157438278077953,0.5700247564893862,12,middle
12606,6,0,0.37060107975287687,0.6453737822725591,12,middle
12607,7,0,0.48732388370101254,0.48743565997587035,12,middle
12608,8,0,0.6048303195940131,0.3506562535126445,12,middle
12609,9,0,0.6986206838426827,0.39394458065546073,12,middle
12610,10,0,0.2014198897059883,0.6941302973593438,12,middle
12611,11,0,0.5220436839727004,0.42519678885601264,12,middle
12612,12,0,0.39931870811556364,0.5442430527496767,12,middle
12613,13,0,0.6550289806302392,0.5993195533100264,12,middle
12614,14,0,0.3235653106316264,0.4662023111325627,12,middle
12615,15,0,0.6365912601011894,0.5689270761096016,12,middle
12616,16,0,0.5888748692451633,0.42812268395273645,12,middle
12617,17,0,0.9281502582321178,0.52125752287049,12,middle
12618,18,0,0.8714892341629596,0.4655286507557395,12,middle
12619,19,0,0.4796282240025312,0.6788639067652151,12,middle
12620,20,0,0.7549309743727504,0.43768701541149235,12,middle
12621,21,0,0.9347757981347653,0.5259447459775015,12,middle
12622,22,0,0.6355125659631518,0.41543410741798215,12,middle
12623,23,0,0.4686496683336965,0.49626178925479547,12,middle
12624,24,0,0.17810607072350995,0.4809714146467897,12,middle
12625,25,0,0.32950083970140986,0.39774736539150113,12,middle
12626,26,0,0.9772694329554722,0.41782955660602716,12,middle
12627,27,0,0.30360287754719095,0.4321859138042444,12,middle
12628,28,0,0.847688768923933,0.48868858441965674,12,middle
12629,29,0,0.49822946387398115,0.5789073758601309,12,middle
12630,30,0,0.6073553860915765,0.5214588266942757,12,middle
12631,31,0,0.583780109785929,0.47106955951283,12,middle
12632,32,0,0.6882225959411314,0.31564931209787084,12,middle
12633,33,0,0.6050201097764882,0.38017236426771606,12,middle
12634,34,0,0.6083499990560294,0.3977036226290982,12,middle
12635,35,0,0.4835829300931224,0.5813568886199109,12,middle
12636,36,0,0.48264461677060416,0.5252594020690243,12,middle
12637,37,0,0.24989986567152464,0.4315577831057359,12,middle
12638,38,0,0.3376353187921472,0.36910704324840715,12,middle
12639,39,0,0.527262397581889,0.6156100937926354,12,middle
12640,40,0,0.845083822954064,0.32615043441811853,12,middle
12641,41,0,0.7174546121425018,0.524755988369139,12,middle
12642,42,0,0.1344708478536491,0.42709696848754747,12,middle
12643,43,0,0.8131713167949328,0.3841459370604631,12,middle
12644,44,0,0.48224834726165056,0.43417991741075634,12,middle
12645,45,0,0.8447139313814822,0.3459568097644877,12,middle
12646,46,0,0.5579634904874726,0.4010994979139885,12,middle
12647,47,0,0.6720519267704743,0.35357776212437775,12,middle
12648,48,0,0.22743646099251846,0.7199549577103407,12,middle
12649,49,0,0.10219937288835773,0.6052000381110081,12,middle
12650,50,0,0.5092014903205461,0.35670740865975886,12,middle
12651,51,0,0.7021860864229796,0.36139423770495027,12,middle
12652,52,0,0.2828142020706744,0.47468600781508213,12,middle
12653,53,0,0.15209612968687997,0.5144135817516737,12,middle
12654,54,0,0.6943736093227281,0.5199446219442846,12,middle
12655,55,0,0.8983208890519943,0.5826013245937661,12,middle
12656,56,0,0.13092815204994443,0.5458472580655503,12,middle
12657,57,0,0.6476395285826357,0.4292114534739332,12,middle
12658,58,0,0.8551170602648288,0.4734590530507512,12,middle
12659,59,0,0.10203025265343638,0.42940611361285796,12,middle
12660,60,0,0.5341899333686944,0.540458751760115,12,middle
12661,61,0,0.08204483741144261,0.6841698328644463,12,middle
12662,62,0,0.5060708450626461,0.4324848920901127,12,middle
12663,63,0,0.3969623976185312,0.3437932176525693,12,middle
12664,64,0,0.977525662298457,0.30319604272949585,12,middle
12665,65,0,0.09348130835923166,0.6354796687395423,12,middle
12666,66,0,0.26259831867997807,0.2916759074979499,12,middle
12667,67,0,0.9808808055108096,0.60203469468663,12,middle
12668,68,0,0.6827969114482848,0.5352504466426653,12,middle
12669,69,0,0.5323164803050202,0.47444430260418824,12,middle
12670,70,0,0.7064900871394766,0.474215367375697,12,middle
12671,71,0,0.28944341111024385,0.7938296002828354,12,middle
12672,72,0,0.9963590097357751,0.6929356879809523,12,middle
12673,73,0,0.06322901987986104,0.534195372209391,12,middle
12674,74,0,0.14472696404009808,0.43898738998987563,12,middle
12675,75,0,0.4162689122208205,0.5214564864314934,12,middle
12676,76,0,0.613509624283308,0.4642948287167189,12,middle
12677,77,0,0.4501719698163123,0.3969858947876752,12,middle
12678,78,0,0.36322847510996914,0.5323486415067905,12,middle
12679,79,0,0.8956650294203417,0.32413474535346,12,middle
12680,80,0,0.11429300785282888,0.45626094466925315,12,middle
12681,81,0,0.6044186195344838,0.4539493625844008,12,middle
12682,82,0,0.6043791157426897,0.439179496645137,12,middle
12683,83,0,0.2973372454699639,0.3966399138946872,12,middle
12684,84,0,0.6283054263991695,0.5697830924482143,12,middle
12685,85,0,0.4006393927256201,0.4877415651923111,12,middle
12686,86,0,0.5528398183110886,0.4726455900145856,12,middle
12687,87,0,0.44463089980074105,0.5610654492878633,12,middle
12688,88,0,0.4568273432420672,0.4302806950811271,12,middle
12689,89,0,0.4633800070026285,0.351810194805958,12,middle
12690,90,0,0.506470876742301,0.5312450126197794,12,middle
12691,91,0,0.3819221884083968,0.4569419734046303,12,middle
12692,92,0,0.40892482161223825,0.40855401479017195,12,middle
12693,93,0,0.4708738846598392,0.36920951079867603,12,middle
12694,94,0,0.5406146304337464,0.3848740787388514,12,middle
12695,95,0,0.4252495800934895,0.391067643455032,12,middle
12696,96,0,0.7459279444198006,0.4019305999101951,12,middle
12697,97,0,0.8289558967764934,0.33786776063588064,12,middle
12698,98,0,0.5236963522920844,0.5732745360491645,12,middle
12699,99,0,0.18878111822540905,0.4707385822481524,12,middle
12700,100,0,0.7935610397710899,0.3349200146048831,12,middle
12701,101,0,0.7536351134123354,0.39413068664105005,12,middle
12702,102,0,0.5418230108674819,0.4660804844659099,12,middle
12703,103,0,0.33328451473600124,0.565992176803719,12,middle
12704,104,0,0.7944892430305295,0.3618749699263743,12,middle
12705,105,0,0.11616939119807781,0.34366762373094545,12,middle
12706,106,0,0.20451078583806886,0.38489610453909284,12,middle
12707,107,0,0.5426016317286246,0.34477222505715044,12,middle
12708,108,0,0.3747172160592652,0.38488496065410643,12,middle
12709,109,0,0.7185049755148896,0.570276696910456,12,middle
12710,110,0,0.45959655031440144,0.4720792363383048,12,middle
12711,111,0,0.5925579836629103,0.3536512975881033,12,middle
12712,112,0,0.5069785293331811,0.5007127123653998,12,middle
12713,113,0,0.372920938761986,0.41223651687281626,12,middle
12714,114,0,0.5602441704097918,0.43293812104779167,12,middle
12715,115,0,0.7221642240135596,0.4726052072601131,12,middle
12716,116,0,0.5010082917452949,0.4107240861942197,12,middle
12717,117,0,0.17997216542470237,0.3607486337109414,12,middle
12718,118,0,0.510350855896505,0.37023754836123823,12,middle
12719,119,0,0.5088757014147837,0.3826890256694852,12,middle
12720,120,0,0.08839259629400405,0.5502423014505174,12,middle
12721,121,0,0.7042189302708531,0.43921157629920354,12,middle
12722,122,0,0.9744910465535142,0.5813892183664593,12,middle
12723,123,0,0.6042694488191647,0.5493095211037284,12,middle
12724,124,0,0.6027632375757112,0.7401886328752797,12,middle
12725,125,0,0.5577616933281444,0.5178491980710687,12,middle
12726,126,0,0.4670219197349021,0.32969716028473584,12,middle
12727,127,0,0.3319631767038498,0.3710339313720058,12,middle
12728,128,0,0.1416228527194121,0.36901570278701257,12,middle
12729,129,0,0.845402727182748,0.3107864821312485,12,middle
12730,130,0,0.20253400170478125,0.4436198608667056,12,middle
12731,131,0,0.7095389102344694,0.35358682485635073,12,middle
12732,132,0,0.5144170494356912,0.39533407307847457,12,middle
12733,133,0,0.3114083225313586,0.48869995567141944,12,middle
12734,134,0,0.1141059200115262,0.5961670452071945,12,middle
12735,135,0,0.1892448894904836,0.43215497722804486,12,middle
12736,136,0,0.7442042759141225,0.4723380063638791,12,middle
12737,137,0,0.5588258108055714,0.37115111371965487,12,middle
12738,138,0,0.774144193628783,0.4445748347730657,12,middle
12739,139,0,0.7156809889806941,0.45064985009704467,12,middle
12740,140,0,0.32949745713665535,0.4057737381035786,12,middle
12741,141,0,0.7253654476929221,0.3893412066027854,12,middle
12742,142,0,0.2046961406413155,0.4764276238037415,12,middle
12743,143,0,0.3225620300903669,0.392963844556972,12,middle
12744,144,0,0.5850027055671937,0.5081914747739482,12,middle
12745,145,0,0.8351863550003457,0.3871785220895485,12,middle
12746,146,0,0.34656772812267056,0.3937375209800169,12,middle
12747,147,0,0.6589226874887192,0.3481737564686428,12,middle
12748,148,0,0.509380279008088,0.4303354307672501,12,middle
12749,149,0,0.5102602442412039,0.30067469829010773,12,middle
12750,150,0,0.5673669208654223,0.34749396324926973,12,middle
12751,151,0,0.40945120421614384,0.4470999227296305,12,middle
12752,152,0,0.5660281531525341,0.5268565884050359,12,middle
12753,153,0,0.4284295136921097,0.32840635479862407,12,middle
12754,154,0,0.8556099197177438,0.5152158561556341,12,middle
12755,155,0,0.4886457722435932,0.40635496113498204,12,middle
12756,156,0,0.8157694737126043,0.32581589293665003,12,middle
12757,157,0,0.4796352406256072,0.40111984305671744,12,middle
12758,158,0,0.9320070424079978,0.4453655230362219,12,middle
12759,159,0,0.7113908070784056,0.44364741967288396,12,middle
12760,160,0,0.9270309874552277,0.36362263874329537,12,middle
12761,161,0,0.9094804662133908,0.43325543039606257,12,middle
12762,162,0,0.8602272267247293,0.4091195917454892,12,middle
12763,163,0,0.1934774497421334,0.31417431518612,12,middle
12764,164,0,0.726049714313278,0.36020765436992364,12,middle
12765,165,0,0.8506385881257539,0.34433366223502826,12,middle
12766,166,0,0.533176037154834,0.5467966317395674,12,middle
12767,167,0,0.5072642183906351,0.44044380527663923,12,middle
12768,168,0,0.3225962388181095,0.3979980256826415,12,middle
12769,169,0,0.7307138109533178,0.4574817388239284,12,middle
12770,170,0,0.8398061084423221,0.3627731720326176,12,middle
12771,171,0,0.8869260680338704,0.3972793908000733,12,middle
12772,172,0,0.9619469548577829,0.3965781490877097,12,middle
12773,173,0,0.12689355729033658,0.5839044748033659,12,middle
12774,174,0,0.501637217383758,0.538147310395253,12,middle
12775,175,0,0.4069290353707521,0.440663329245672,12,middle
12776,176,0,0.21944868273842003,0.48538649462955563,12,middle
12777,177,0,0.5755086500208266,0.5324024996050488,12,middle
12778,178,0,0.5360288032873318,0.4363825514866341,12,middle
12779,179,0,0.16463904761075016,0.2732419144275569,12,middle
12780,180,0,0.6970588526203236,0.3328924919155063,12,middle
12781,181,0,0.362331362251913,0.3399540247237212,12,middle
12782,182,0,0.7010429174926969,0.36810691963285563,12,middle
12783,183,0,0.6819719799381853,0.31771540498952544,12,middle
12784,184,0,0.07445170918558008,0.38582404438563045,12,middle
12785,185,0,0.7282076097944803,0.419934662892508,12,middle
12786,186,0,0.6029368092087632,0.4416078063927681,12,middle
12787,187,0,0.8819695832091432,0.26910235223289203,12,middle
12788,188,0,0.47230715922731903,0.3378425417587875,12,middle
12789,189,0,0.5298971587655723,0.43453884783131913,12,middle
12790,190,0,0.17022733346808183,0.3619163854226965,12,middle
12791,191,0,0.8483693498790519,0.2956254463500393,12,middle
12792,192,0,0.3391760495475255,0.4344105934795599,12,middle
12793,193,0,0.6888735419019495,0.36705191161568806,12,middle
12794,194,0,0.7965970821036139,0.2980249159718291,12,middle
12795,195,0,0.5730162480957063,0.45142960146254923,12,middle
12796,196,0,0.6155766751179724,0.40119490405698566,12,middle
12797,197,0,0.7744560607714283,0.27576345790378337,12,middle
12798,198,0,0.39407795656250155,0.5062629143249036,12,middle
12799,199,0,0.4683661796147272,0.43430209062565506,12,middle
12800,0,0,0.46700801763270966,0.6748887556321663,12,late
12801,1,0,0.9461694058355405,0.40066967566864886,12,late
12802,2,0,0.5548203598836869,0.5905643638699001,12,late
12803,3,0,0.8618379900593756,0.4758388918400356,12,late
12804,4,0,0.45644027173315405,0.6121120838726681,12,late
12805,5,0,0.05048609082550689,0.6079194575037525,12,late
12806,6,0,0.4987662476369092,0.47434470172861587,12,late
12807,7,0,0.7831607351156589,0.44702756473523264,12,late
12808,8,0,0.46937210332111023,0.5217336545066894,12,late
12809,9,0,0.4714360998290403,0.5017188833231141,12,late
12810,10,0,0.07839267592296041,0.6090751867424529,12,late
12811,11,0,0.2915810313626038,0.5440903059042952,12,late
12812,12,0,0.510038903945263,0.4184195535941915,12,late
12813,13,0,0.5151584917134544,0.46011739367999144,12,late
12814,14,0,0.5343392073488957,0.6329264383568189,12,late
12815,15,0,0.31707261536527426,0.6402891465267071,12,late
12816,16,0,0.5334881616534175,0.44258470280929835,12,late
12817,17,0,0.5892947063853694,0.5103822343093987,12,late
12818,18,0,0.28832016185523934,0.46690639504878084,12,late
12819,19,0,0.3858659848369276,0.4385623095494463,12,late
12820,20,0,0.13418140828593694,0.45096139723782624,12,late
12821,21,0,0.5083443866986542,0.5607920662090398,12,late
12822,22,0,0.1532902018386918,0.49763412190191547,12,late
12823,23,0,0.5525579123734585,0.49180217287218225,12,late
12824,24,0,0.3250849744677183,0.47712221795810883,12,late
12825,25,0,0.30975622752615983,0.6121516411766015,12,late
12826,26,0,0.5156150029039722,0.41778072770347013,12,late
12827,27,0,0.7179044953665303,0.4332328531901958,12,late
12828,28,0,0.42487888635727933,0.44258688363743137,12,late
12829,29,0,0.5328798007115909,0.4534507173691026,12,late
12830,30,0,0.8764806302645933,0.48687691914767445,12,late
12831,31,0,0.3890375681159708,0.5340768728541974,12,late
12832,32,0,0.719115384203103,0.41249738698883553,12,late
12833,33,0,0.7020248856199817,0.4266626189724336,12,late
12834,34,0,0.39478695951063314,0.43826783853972284,12,late
12835,35,0,0.92617269536971,0.427812176294964,12,late
12836,36,0,0.44451286136169965,0.5413915009965424,12,late
12837,37,0,0.841417723130726,0.48231456347525486,12,late
12838,38,0,0.7572272933262423,0.4081095876250727,12,late
12839,39,0,0.3657980820669023,0.5176350413468989,12,late
12840,40,0,0.9327681983235485,0.4531716913419001,12,late
12841,41,0,0.3418255316359818,0.5467254429881814,12,late
12842,42,0,0.924718425008807,0.5023670701358528,12,late
12843,43,0,0.6299069842864509,0.36608457305408715,12,late
12844,44,0,0.12231757899656703,0.5593235210470184,12,late
12845,45,0,0.9524948413587512,0.40715100557448536,12,late
12846,46,0,0.5936610579269519,0.37067838341408316,12,late
12847,47,0,0.780996274302106,0.37175050123576114,12,late
12848,48,0,0.38040275207670005,0.3629179016323889,12,late
12849,49,0,0.690852294515102,0.42087988898299894,12,late
12850,50,0,0.44312420991846413,0.4615017734986709,12,late
12851,51,0,0.5790067891411272,0.5089971975713007,12,late
12852,52,0,0.1535174560779163,0.4467344138312733,12,late
12853,53,0,0.4588317092604193,0.5038302544245932,12,late
12854,54,0,0.7006335116149338,0.5156657310418933,12,late
12855,55,0,0.49814844708378414,0.4051687655366245,12,late
12856,56,0,0.1399038398744737,0.4264252627525118,12,late
12857,57,0,0.5896218323858832,0.3867246374998622,12,late
12858,58,0,0.22174048338064806,0.4203578243288807,12,late
12859,59,0,0.6131450309713437,0.4008432748337359,12,late
12860,60,0,0.3084247949615273,0.5881264377620558,12,late
12861,61,0,0.757218603669217,0.4082505593406923,12,late
12862,62,0,0.46280378621684626,0.5202183216123841,12,late
12863,63,0,0.9150409995553928,0.34002059125343687,12,late
12864,64,0,0.5215880796923984,0.3388193123859313,12,late
12865,65,0,0.15093718402567974,0.5704518862602583,12,late
12866,66,0,0.5592326005062283,0.5354054745763354,12,late
12867,67,0,0.2438227839603311,0.3931577616387007,12,late
12868,68,0,0.2421977962278124,0.47097552312771046,12,late
12869,69,0,0.5353375232052466,0.42201304507574,12,late
12870,70,0,0.4141901900785576,0.4691907601262051,12,late
12871,71,0,0.7231074797021597,0.3598091584069576,12,late
12872,72,0,0.7063537510478346,0.431793594638867,12,late
12873,73,0,0.49389530264236253,0.5041167767689366,12,late
12874,74,0,0.8300512744215565,0.46186673596130245,12,late
12875,75,0,0.46186360834755946,0.45778452157854166,12,late
12876,76,0,0.29896757717678357,0.5317744563231667,12,late
12877,77,0,0.7738567677817536,0.3420133346311245,12,late
12878,78,0,0.1411925986151355,0.4105293068553566,12,late
12879,79,0,0.470047916627274,0.5132009306951923,12,late
12880,80,0,0.5991298062964263,0.4875192484874461,12,late
12881,81,0,0.6288144754234575,0.44272181027862323,12,late
12882,82,0,0.6557158111986211,0.4133716584057375,12,late
12883,83,0,0.6700922295124658,0.4580557974289807,12,late
12884,84,0,0.6814436803013392,0.4069224285282322,12,late
12885,85,0,0.49915833516981495,0.49963101822855915,12,late
12886,86,0,0.49704014648639083,0.40379501015036384,12,late
12887,87,0,0.7679630043577681,0.4246428813705473,12,late
12888,88,0,0.5025107081580559,0.38522233311808735,12,late
12889,89,0,0.9241562009207867,0.42754905534049564,12,late
12890,90,0,0.024909068027820704,0.567889747058442,12,late
12891,91,0,0.5122415113755837,0.40808000539959527,12,late
12892,92,0,0.5900272983904782,0.3607800692307102,12,late
12893,93,0,0.6607488786255784,0.38240231440045946,12,late
12894,94,0,0.6184016414869011,0.3761398991571485,12,late
12895,95,0,0.5164667926128086,0.48981647441188825,12,late
12896,96,0,0.3412668642522076,0.615062591552459,12,late
12897,97,0,0.279842821689646,0.5860166745678113,12,late
12898,98,0,0.745699586313604,0.5171360934934803,12,late
12899,99,0,0.9331474251173723,0.36450907657963605,12,late
12900,100,0,0.8541897784657408,0.36843053133057807,12,late
12901,101,0,0.6627070739513491,0.5065127179125481,12,late
12902,102,0,0.6327318787080277,0.3481298951021541,12,late
12903,103,0,0.5979118536177503,0.4146945853773633,12,late
12904,104,0,0.8889458150282394,0.43137052020525113,12,late
12905,105,0,0.777400664062635,0.5006222890474512,12,late
12906,106,0,0.36876719567216676,0.4686164478332626,12,late
12907,107,0,0.9494559871415282,0.41407904412903684,12,late
12908,108,0,0.558791530283916,0.711879151662599,12,late
12909,109,0,0.6554510092682813,0.45074045858380585,12,late
12910,110,0,0.9154234121181997,0.36928265776501906,12,late
12911,111,0,0.49843046528474183,0.7126861498406957,12,late
12912,112,0,0.8161038176143107,0.38331015079415237,12,late
12913,113,0,0.9167032940375948,0.5222176824710164,12,late
12914,114,0,0.6706493705894738,0.6018641728771281,12,late
12915,115,0,0.5321719873443049,0.4458204724167143,12,late
12916,116,0,0.5306847838411417,0.469457975794236,12,late
12917,117,0,0.9410615415497448,0.4397326199499084,12,late
12918,118,0,0.9942833273059817,0.42040827660138097,12,late
12919,119,0,0.292248290308098,0.3049186437977898,12,late
12920,120,0,0.4596650578270593,0.47583743970008285,12,late
12921,121,0,0.18865664126595227,0.5638677518413283,12,late
12922,122,0,0.4755788374309575,0.320982952367316,12,late
12923,123,0,0.6603064858792597,0.4165970416960261,12,late
12924,124,0,0.7053787704405637,0.41859727869354485,12,late
12925,125,0,0.1825017754292405,0.48515766597195936,12,late
12926,126,0,0.1941309466022349,0.35527560429069016,12,late
12927,127,0,0.33930449992886363,0.4688938617852606,12,late
12928,128,0,0.46924729874184057,0.574838610878531,12,late
12929,129,0,0.9468107203918467,0.3589605024044831,12,late
12930,130,0,0.11954885073750476,0.5945927997864782,12,late
12931,131,0,0.48964116006667224,0.37692494735842597,12,late
12932,132,0,0.5022671538891113,0.5376121941924401,12,late
12933,133,0,0.8980143346065943,0.36337124748218785,12,late
12934,134,0,0.631065070795379,0.3353059322103937,12,late
12935,135,0,0.49117723381223927,0.39683960910670435,12,late
12936,136,0,0.34970098649270487,0.33586421375656883,12,late
12937,137,0,0.11283933848928629,0.5485209584605032,12,late
12938,138,0,0.8367842739177265,0.360761405652359,12,late
12939,139,0,0.9949021078186444,0.4930811384213808,12,late
12940,140,0,0.10713835513614017,0.46989522443990084,12,late
12941,141,0,0.5991923482695118,0.48306434481565386,12,late
12942,142,0,0.7543635456277125,0.3245233347729449,12,late
12943,143,0,0.6272775366435662,0.35284908743191745,12,late
12944,144,0,0.971196098433533,0.26941320642320415,12,late
12945,145,0,0.8220909458264143,0.36088759800412684,12,late
12946,146,0,0.27199917119034495,0.5344096504361249,12,late
12947,147,0,0.80367791780885,0.38640407816082845,12,late
12948,148,0,0.4647853111816135,0.36315287566462134,12,late
12949,149,0,0.9162788034459659,0.297745595712297,12,late
12950,150,0,0.8142148557477458,0.4248788887616817,12,late
12951,151,0,0.985905792116836,0.2733886478734264,12,late
12952,152,0,0.6883980613282232,0.44441056154821706,12,late
12953,153,0,0.07490369066048375,0.4753808903451258,12,late
12954,154,0,0.36499389959123274,0.3151407266777321,12,late
12955,155,0,0.6682474651030279,0.40493207435066436,12,late
12956,156,0,0.9146076318816011,0.3588097805067253,12,late
12957,157,0,0.5057908000052005,0.40700408162493373,12,late
12958,158,0,0.6273939466051446,0.33225803412790356,12,late
12959,159,0,0.7482574935959853,0.4304372900299246,12,late
12960,160,0,0.4179774957793599,0.4033025378352052,12,late
12961,161,0,0.5106227056787679,0.3908632284087227,12,late
12962,162,0,0.8289790441352411,0.39742990020890345,12,late
12963,163,0,0.5742026949024078,0.49285583998578336,12,late
12964,164,0,0.3353541374786866,0.5474108159201003,12,late
12965,165,0,0.46782080821841976,0.5374704967402456,12,late
12966,166,0,0.6337453834821455,0.3457635598178724,12,late
12967,167,0,0.5674695775064642,0.5451466961818177,12,late
12968,168,0,0.7232465172305509,0.28114360662314586,12,late
12969,169,0,0.1398244037748712,0.5621759335732963,12,late
12970,170,0,0.6914710587305765,0.26719545420561663,12,late
12971,171,0,0.7983829589632789,0.3929930607444667,12,late
12972,172,0,0.9346983793523351,0.518241547782577,12,late
12973,173,0,0.8723759953879453,0.3921702346676329,12,late
12974,174,0,0.7035429744820587,0.5722545170747273,12,late
12975,175,0,0.1697371009833724,0.4334822946769465,12,late
12976,176,0,0.4491633338986252,0.5315754017932004,12,late
12977,177,0,0.08813052197681549,0.4676193942246155,12,late
12978,178,0,0.8712055762667499,0.34946928640042085,12,late
12979,179,0,0.5403173166507197,0.37336509876569723,12,late
12980,180,0,0.7697329763549942,0.30880318919920785,12,late
12981,181,0,0.5252004049658519,0.5177593355694184,12,late
12982,182,0,0.4506890434071822,0.44826698679135585,12,late
12983,183,0,0.8991786037297939,0.32125094649822306,12,late
12984,184,0,0.7226513193886781,0.33822000646888806,12,late
12985,185,0,0.22052925716931024,0.41018396504639043,12,late
12986,186,0,0.1617957726671646,0.3284381135493616,12,late
12987,187,0,0.8503936830328835,0.4102012982559291,12,late
12988,188,0,0.29946255361281193,0.469643484975009,12,late
12989,189,0,0.8061296580157908,0.5881907317516145,12,late
12990,190,0,0.8125155166817297,0.3078896283978526,12,late
12991,191,0,0.5374178925071463,0.42609496131455515,12,late
12992,192,0,0.9402085348270286,0.4125404957358174,12,late
12993,193,0,0.5000210261947491,0.5227938677330889,12,late
12994,194,0,0.39249817382412217,0.4605159792993988,12,late
12995,195,0,0.37885083776601214,0.484494286820963,12,late
12996,196,0,0.34525164224971727,0.44493847371473116,12,late
12997,197,0,0.7142606779092013,0.46932728706105775,12,late
12998,198,0,0.5390703119440078,0.4040053567935161,12,late
12999,199,0,0.4696836924168186,0.42080825992166593,12,late
13000,0,0,0.40235445117858926,0.6007995369944309,13,interleaved
13001,1,0,0.123840493530988,0.7504264748442816,13,interleaved
13002,2,0,0.28466042189968344,0.4793269020790372,13,interleaved
13003,3,0,0.27692768637319704,0.45862838930823446,13,interleaved
13004,4,0,0.5634363388449647,0.41937508524427486,13,interleaved
13005,5,0,0.1271658566875766,0.5798447721784112,13,interleaved
13006,6,0,0.5495751218494164,0.39382429821379805,13,interleaved
13007,7,0,0.15650501353287,0.825862685621686,13,interleaved
13008,8,0,0.1438745809274161,0.645952112410658,13,interleaved
13009,9,0,0.18416785358184376,0.45814005704841626,13,interleaved
13010,10,0,0.5671551130843677,0.44249538219687035,13,interleaved
13011,11,0,0.7730434323645605,0.4497523773587886,13,interleaved
13012,12,0,0.5214004562458505,0.6964542579976581,13,interleaved
13013,13,0,0.3361075595833334,0.5006157078137938,13,interleaved
13014,14,0,0.9842726021742991,0.4286813295226687,13,interleaved
13015,15,0,0.5239774029459998,0.6495369194803033,13,interleaved
13016,16,0,0.9212927471222689,0.5797433269079982,13,interleaved
13017,17,0,0.6194740900224743,0.33509256801756926,13,interleaved
13018,18,0,0.7514442340812921,0.48988127261617226,13,interleaved
13019,19,0,0.5479227580818152,0.4947693761841984,13,interleaved
13020,20,0,0.6725144793839415,0.42436228169353474,13,interleaved
13021,21,0,0.5722426819384779,0.4396345907977861,13,interleaved
13022,22,0,0.33745929829885796,0.5175186159943449,13,interleaved
13023,23,0,0.8732545436627075,0.48916456409717324,13,interleaved
13024,24,0,0.5110364116023279,0.6102849681512961,13,interleaved
13025,25,0,0.36843275500097317,0.5461979334308287,13,interleaved
13026,26,0,0.23841087220689738,0.508822858477189,13,interleaved
13027,27,0,0.5876898987026663,0.6285215792304293,13,interleaved
13028,28,0,0.7173144416735032,0.4597427386956101,13,interleaved
13029,29,0,0.6677013331424511,0.3506622838470974,13,interleaved
13030,30,0,0.2548297267328651,0.6350300358785672,13,interleaved
13031,31,0,0.29265433017176457,0.4578048779506087,13,interleaved
13032,32,0,0.7977836822243682,0.44911439930390273,13,interleaved
13033,33,0,0.39104718563580076,0.45248229139673135,13,interleaved
13034,34,0,0.9249148217505572,0.3706109751852558,13,interleaved
13035,35,0,0.2743991759102596,0.42967049643154065,13,interleaved
13036,36,0,0.6396009278983901,0.474099241224467,13,interleaved
13037,37,0,0.5921056022455292,0.5130504031670164,13,interleaved
13038,38,0,0.09014745527798898,0.5919758922330286,13,interleaved
13039,39,0,0.6202998330807492,0.4638345186796751,13,interleaved
13040,40,0,0.5121439788396603,0.44419717980401663,13,interleaved
13041,41,0,0.4500293549064195,0.5812781340480663,13,interleaved
13042,42,0,0.8372608792804234,0.3011894910461144,13,interleaved
13043,43,0,0.3025165337246034,0.4617469109861237,13,interleaved
13044,44,0,0.5357196471121376,0.43170253022336597,13,interleaved
13045,45,0,0.5694293433986999,0.4959453867017837,13,interleaved
13046,46,0,0.27452260768263104,0.3780729178456719,13,interleaved
13047,47,0,0.21264140102213458,0.5026985906568092,13,interleaved
13048,48,0,0.5178981878883671,0.4421095026245034,13,interleaved
13049,49,0,0.7715615575274832,0.45544525744630937,13,interleaved
13050,50,0,0.46302941922412255,0.5383888302078805,13,interleaved
13051,51,0,0.6379477065491237,0.49431559542341025,13,interleaved
13052,52,0,0.5095397236478121,0.4938102397543864,13,interleaved
13053,53,0,0.2452813992843555,0.41083688358276726,13,interleaved
13054,54,0,0.6972364771232984,0.4496998992390637,13,interleaved
13055,55,0,0.7061953351833608,0.5179340342442225,13,interleaved
13056,56,0,0.3726541942415747,0.6646284979956547,13,interleaved
13057,57,0,0.46944085330953095,0.4602091493215479,13,interleaved
13058,58,0,0.890814343242212,0.40375478654602937,13,interleaved
13059,59,0,0.5579527831960754,0.3875908279474434,13,interleaved
13060,60,0,0.8973008457164514,0.565926095180486,13,interleaved
13061,61,0,0.48842670505243924,0.5898622332272291,13,interleaved
13062,62,0,0.1969103769578671,0.5258440374540794,13,interleaved
13063,63,0,0.15929588185255836,0.6637866916717149,13,interleaved
13064,64,0,0.7904304838867311,0.5141665102214483,13,interleaved
13065,65,0,0.506617783811763,0.5377902681476767,13,interleaved
13066,66,0,0.7747849314088435,0.43755642369492287,13,interleaved
13067,67,0,0.5418800447653485,0.5138124037023213,13,interleaved
13068,68,0,0.7551522987806942,0.450933285030625,13,interleaved
13069,69,0,0.6457298614014909,0.45841385528461476,13,interleaved
13070,70,0,0.477213227061129,0.3505091154688411,13,interleaved
13071,71,0,0.1850472055563352,0.39731945843756755,13,interleaved
13072,72,0,0.3812498726099845,0.4155487752524555,13,interleaved
13073,73,0,0.6089679667277319,0.4313394449893457,13,interleaved
13074,74,0,0.6061674489349904,0.48290192203946514,13,interleaved
13075,75,0,0.4908700947809929,0.6857409852541382,13,interleaved
13076,76,0,0.24523170173249195,0.5710876967749097,13,interleaved
13077,77,0,0.7662919482441757,0.43078848684639626,13,interleaved
13078,78,0,0.3497678331543539,0.5108545324941893,13,interleaved
13079,79,0,0.44895738308429056,0.5477700659981337,13,interleaved
13080,80,0,0.756683394479299,0.5998650175901498,13,interleaved
13081,81,0,0.6360899916493103,0.5415711860417906,13,interleaved
13082,82,0,0.5417821242561023,0.47050801615122473,13,interleaved
13083,83,0,0.36506042817874984,0.6308585442167862,13,interleaved
13084,84,0,0.6408789512610589,0.4273967742229125,13,interleaved
13085,85,0,0.4969489433603185,0.3924929563630502,13,interleaved
13086,86,0,0.8522073393795049,0.5914997960234041,13,interleaved
13087,87,0,0.4891630507765249,0.56049730597998,13,interleaved
13088,88,0,0.282977479276052,0.5017401668734257,13,interleaved
13089,89,0,0.09668622550678131,0.5242773932231396,13,interleaved
13090,90,0,0.7321185225102855,0.31294116427599306,13,interleaved
13091,91,0,0.2504182765316775,0.3954943868426888,13,interleaved
13092,92,0,0.7337494536385503,0.5121315118155337,13,interleaved
13093,93,0,0.4926533786165189,0.4455309640001377,13,interleaved
13094,94,0,0.5004691510090504,0.5017615205502473,13,interleaved
13095,95,0,0.26621783993777126,0.6639368154348764,13,interleaved
13096,96,0,0.6018984297034827,0.5452173377917158,13,interleaved
13097,97,0,0.40538298925664307,0.5527567037568821,13,interleaved
13098,98,0,0.557532352640643,0.44299838050296897,13,interleaved
13099,99,0,0.2705627974580133,0.4370211943019236,13,interleaved
13100,100,0,0.7511785265854323,0.4377636289799165,13,interleaved
13101,101,0,0.4924059777387614,0.675059189310659,13,interleaved
13102,102,0,0.3095213120314757,0.436829353639821,13,interleaved
13103,103,0,0.40320875484148905,0.4118232683933276,13,interleaved
13104,104,0,0.7496983740361336,0.5249333330957312,13,interleaved
13105,105,0,0.32234346279188,0.5128858735088482,13,interleaved
13106,106,0,0.4348602994614347,0.4317157182063922,13,interleaved
13107,107,0,0.4925208700977611,0.5021877903948451,13,interleaved
13108,108,0,0.22758723448275023,0.4538730352689233,13,interleaved
13109,109,0,0.4654732479494293,0.3872889796563241,13,interleaved
13110,110,0,0.6795975149962246,0.42030124078060505,13,interleaved
13111,111,0,0.5520235853427793,0.4351987546435504,13,interleaved
13112,112,0,0.9109517590588676,0.3742640862078892,13,interleaved
13113,113,0,0.38895573045488924,0.39245341623263624,13,interleaved
13114,114,0,0.6344621484196659,0.37116855630691825,13,interleaved
13115,115,0,0.2600795839249104,0.4724480021063683,13,interleaved
13116,116,0,0.19539830854046003,0.6088549077922394,13,interleaved
13117,117,0,0.2151306492438179,0.49620787216797335,13,interleaved
13118,118,0,0.47672431897236395,0.5400353564571013,13,interleaved
13119,119,0,0.4393310641959654,0.3741400850804223,13,interleaved
13120,120,0,0.6658201850798531,0.4569806006615022,13,interleaved
13121,121,0,0.22789251085785805,0.6172460220262408,13,interleaved
13122,122,0,0.7298926630615747,0.44664193641229644,13,interleaved
13123,123,0,0.2470260257001016,0.3693693762619433,13,interleaved
13124,124,0,0.2108591038426309,0.47125540870984595,13,interleaved
13125,125,0,0.4425282126782917,0.4400106577631495,13,interleaved
13126,126,0,0.545806182840135,0.43670856335281966,13,interleaved
13127,127,0,0.5451938242970972,0.42852890827880796,13,interleaved
13128,128,0,0.35000683695800644,0.5736187020299767,13,interleaved
13129,129,0,0.2583716378141201,0.5053621332747082,13,interleaved
13130,130,0,0.7066260132472808,0.49288255736412284,13,interleaved
13131,131,0,0.5395490860762573,0.42466963430317495,13,interleaved
13132,132,0,0.08515510297289991,0.4273981660731704,13,interleaved
13133,133,0,0.47462603922441504,0.46274141417491677,13,interleaved
13134,134,0,0.4892682407486969,0.32677417255608093,13,interleaved
13135,135,0,0.46366704557142024,0.3641184025112425,13,interleaved
13136,136,0,0.6385402492022663,0.4457823493346895,13,interleaved
13137,137,0,0.7737298224309572,0.37371268391218404,13,interleaved
13138,138,0,0.40042435283627126,0.32794427572203777,13,interleaved
13139,139,0,0.6376963223219814,0.4117578373020039,13,interleaved
13140,140,0,0.4415493630525053,0.6399494769501329,13,interleaved
13141,141,0,0.45329388775635293,0.4429099606726012,13,interleaved
13142,142,0,0.9896604760033161,0.42688107235727724,13,interleaved
13143,143,0,0.5029646159348533,0.4470029832741561,13,interleaved
13144,144,0,0.9207460870066282,0.39229059760645346,13,interleaved
13145,145,0,0.5059109861374674,0.4686619517526692,13,interleaved
13146,146,0,0.6188829377042689,0.27898454759996305,13,interleaved
13147,147,0,0.5602434171139139,0.41903099748204586,13,interleaved
13148,148,0,0.6382502256520419,0.5287817901816395,13,interleaved
13149,149,0,0.3470896039401947,0.4132008395109811,13,interleaved
13150,150,0,0.3044696317859219,0.5172444085211203,13,interleaved
13151,151,0,0.7578587726213519,0.4342174635163457,13,interleaved
13152,152,0,0.8132545581733296,0.5365140614392305,13,interleaved
13153,153,0,0.47160414175635,0.4201984660405913,13,interleaved
13154,154,0,0.43426872792962273,0.3456819174368546,13,interleaved
13155,155,0,0.5905915481658166,0.46803389997654293,13,interleaved
13156,156,0,0.9309052395575343,0.36895900396610004,13,interleaved
13157,157,0,0.3630726240723029,0.44325794909697214,13,interleaved
13158,158,0,0.37834272531929497,0.5790823463834105,13,interleaved
13159,159,0,0.7225242729245841,0.3334678175811671,13,interleaved
13160,160,0,0.6780527675100344,0.359012054278258,13,interleaved
13161,161,0,0.34634183383457545,0.39982382635975433,13,interleaved
13162,162,0,0.38175206300260217,0.4116698900429665,13,interleaved
13163,163,0,0.6440040108277443,0.4651885957832005,13,interleaved
13164,164,0,0.6875531167644753,0.4335572186423736,13,interleaved
13165,165,0,0.4135433786761642,0.4966115602714495,13,interleaved
13166,166,0,0.5076925980929567,0.30572550183561314,13,interleaved
13167,167,0,0.17473610768883321,0.5467495331542733,13,interleaved
13168,168,0,0.42415126820981275,0.3997545587938015,13,interleaved
13169,169,0,0.8180973243775553,0.48664571233752674,13,interleaved
13170,170,0,0.19181483244972872,0.4748472797627803,13,interleaved
13171,171,0,0.6531727906231422,0.29396570320113047,13,interleaved
13172,172,0,0.28277605640522085,0.2856196476076627,13,interleaved
13173,173,0,0.5989405649288235,0.4868880805286282,13,interleaved
13174,174,0,0.9518732883626226,0.41871213827211784,13,interleaved
13175,175,0,0.558704319430245,0.43283912096378996,13,interleaved
13176,176,0,0.21230565688539918,0.42449080520035043,13,interleaved
13177,177,0,0.35513898157208235,0.417999360251519,13,interleaved
13178,178,0,0.3658402663840439,0.32818560052240675,13,interleaved
13179,179,0,0.3390036529599616,0.3398697709637103,13,interleaved
13180,180,0,0.4359103831889873,0.5694109603756992,13,interleaved
13181,181,0,0.7735407360063924,0.2716550504316676,13,interleaved
13182,182,0,0.6388856135318326,0.541455228947285,13,interleaved
13183,183,0,0.6943098745107086,0.33311645153711156,13,interleaved
13184,184,0,0.15222460809395036,0.41141626816234245,13,interleaved
13185,185,0,0.5082988433725191,0.39388276026196084,13,interleaved
13186,186,0,0.2471271175782172,0.39132661599908203,13,interleaved
13187,187,0,0.6671048461837374,0.38739898044673227,13,interleaved
13188,188,0,0.589795284729375,0.41271685713802575,13,interleaved
13189,189,0,0.5731271245977153,0.3894048507279722,13,interleaved
13190,190,0,0.7256916601703582,0.3942348181738404,13,interleaved
13191,191,0,0.5843222938471405,0.4305548248781791,13,interleaved
13192,192,0,0.07289997543221594,0.45037135761070124,13,interleaved
13193,193,0,0.7081816016105258,0.31318624096593883,13,interleaved
13194,194,0,0.31513146279242865,0.4300513973789004,13,interleaved
13195,195,0,0.5723685270294141,0.45305437833050255,13,interleaved
13196,196,0,0.36052671409593057,0.5080502592677765,13,interleaved
13197,197,0,0.47403958434796,0.4025715353487226,13,interleaved
13198,198,0,0.7929157670716596,0.3471235973505946,13,interleaved
13199,199,0,0.1817017432465172,0.3489268436911397,13,interleaved
13200,0,0,0.48916852795819804,0.5628642384211902,13,blocked
13201,1,0,0.44203195620643854,0.5602647694846778,13,blocked
13202,2,0,0.384121027392277,0.5785997361894016,13,blocked
13203,3,0,0.5897378155165784,0.6086761500900177,13,blocked
13204,4,0,0.5544017976714254,0.4430929206006511,13,blocked
13205,5,0,0.4485542246323641,0.3798919107723416,13,blocked
13206,6,0,0.41509321604306426,0.43091185986390285,13,blocked
13207,7,0,0.4612352861313183,0.4032949776876693,13,blocked
13208,8,0,0.7432544824361298,0.45775570449401404,13,blocked
13209,9,0,0.11750741356756553,0.42518912951304927,13,blocked
13210,10,0,0.7593428319435916,0.3387597271499131,13,blocked
13211,11,0,0.19280278117655436,0.4106847171800198,13,blocked
13212,12,0,0.7437331434805436,0.42492624346106556,13,blocked
13213,13,0,0.39753983933494985,0.5309774555236216,13,blocked
13214,14,0,0.46879266804697384,0.38121500805941255,13,blocked
13215,15,0,0.39447549013624444,0.3236081291485341,13,blocked
13216,16,0,0.6465164438948303,0.3546615999606104,13,blocked
13217,17,0,0.2854662937861747,0.4032171513979793,13,blocked
13218,18,0,0.552203341241555,0.501567884111237,13,blocked
13219,19,0,0.1776695660499067,0.5577043075534873,13,blocked
13220,20,0,0.5968525116892992,0.555434571756175,13,blocked
13221,21,0,0.4420185692078584,0.33609535957554854,13,blocked
13222,22,0,0.7365370156466562,0.4493919220888044,13,blocked
13223,23,0,0.6637424430073469,0.33311337086984305,13,blocked
13224,24,0,0.4215165652032913,0.3466042292630742,13,blocked
13225,25,0,0.2904973931743054,0.42829864108305604,13,blocked
13226,26,0,0.7366500352704696,0.24033797982289434,13,blocked
13227,27,0,0.31852905089491407,0.4540404888478945,13,blocked
13228,28,0,0.5918375991429459,0.4595738598221145,13,blocked
13229,29,0,0.5140787235680571,0.3863855583607511,13,blocked
13230,30,0,0.48587513070574184,0.39770789077082846,13,blocked
13231,31,0,0.5148663494854673,0.36629897381625176,13,blocked
13232,32,0,0.6172829303839376,0.629261455842982,13,blocked
13233,33,0,0.4480212105270545,0.3907976427874106,13,blocked
13234,34,0,0.48206728086098316,0.36966422032222945,13,blocked
13235,35,0,0.7046341320239606,0.4095275762699561,13,blocked
13236,36,0,0.5557645598588786,0.3124930935832942,13,blocked
13237,37,0,0.38669265005390285,0.38897000666337694,13,blocked
13238,38,0,0.5342825449033027,0.3643209664393803,13,blocked
13239,39,0,0.39801059900343616,0.5001636793003891,13,blocked
13240,40,0,0.7402807379992276,0.40977739815207337,13,blocked
13241,41,0,0.44047608551268114,0.4868462293477494,13,blocked
13242,42,0,0.42623508082768213,0.43449432705658403,13,blocked
13243,43,0,0.2825754148440306,0.4110462626090705,13,blocked
13244,44,0,0.11934108390227746,0.30103419421256994,13,blocked
13245,45,0,0.6407276588065327,0.610127538902461,13,blocked
13246,46,0,0.22661596161444075,0.42303072288603855,13,blocked
13247,47,0,0.415260804659964,0.37180402921150557,13,blocked
13248,48,0,0.526115197348618,0.4371270152060911,13,blocked
13249,49,0,0.08651748256032858,0.3925485751868399,13,blocked
13250,50,0,0.22542972921234916,0.28971201893594156,13,blocked
13251,51,0,0.5351398654144744,0.35793241600573694,13,blocked
13252,52,0,0.6999393693475455,0.5045076298860283,13,blocked
13253,53,0,0.6116316890286599,0.5878882700877118,13,blocked
13254,54,0,0.5357903721181456,0.47592406799699094,13,blocked
13255,55,0,0.2566745868801839,0.5819275269793338,13,blocked
13256,56,0,0.3772523096772935,0.5155944858274717,13,blocked
13257,57,0,0.13760555633294444,0.3669158083319177,13,blocked
13258,58,0,0.34594433579879824,0.3421398305211789,13,blocked
13259,59,0,0.3480914180820811,0.3437588345446325,13,blocked
13260,60,0,0.44098224207290115,0.4870561330619759,13,blocked
13261,61,0,0.4851619284372463,0.30279755868756264,13,blocked
13262,62,0,0.5168670211866875,0.6070383872909884,13,blocked
13263,63,0,0.5607109258162919,0.3977311567862528,13,blocked
13264,64,0,0.4356856184401601,0.4923682930781195,13,blocked
13265,65,0,0.5443438922018868,0.3211889913939581,13,blocked
13266,66,0,0.7301626550899085,0.4605301851597848,13,blocked
13267,67,0,0.10039661742295372,0.45551952676785634,13,blocked
13268,68,0,0.14037948293337246,0.42302672034927413,13,blocked
13269,69,0,0.6012111837610323,0.3254154602446918,13,blocked
13270,70,0,0.5109425875441559,0.4866373149711512,13,blocked
13271,71,0,0.2987258053990461,0.4460428854367352,13,blocked
13272,72,0,0.44224944331553423,0.5307176185310108,13,blocked
13273,73,0,0.8309094208507833,0.48733535190331023,13,blocked
13274,74,0,0.22680028829095888,0.36935331198676635,13,blocked
13275,75,0,0.4614428532283037,0.3603575651825951,13,blocked
13276,76,0,0.16988322401519199,0.40581245115830766,13,blocked
13277,77,0,0.7582802325306037,0.49238198095434216,13,blocked
13278,78,0,0.32893284283276525,0.42615440241586927,13,blocked
13279,79,0,0.8297487244133728,0.35177076556772136,13,blocked
13280,80,0,0.307592703124098,0.3665138157796339,13,blocked
13281,81,0,0.20379683865788176,0.4083808204876074,13,blocked
13282,82,0,0.6713766637492702,0.5304579863153541,13,blocked
13283,83,0,0.47275189104345616,0.4553584672552812,13,blocked
13284,84,0,0.6551278993033312,0.5006261208261682,13,blocked
13285,85,0,0.8002189353536253,0.31585362506910303,13,blocked
13286,86,0,0.2518126728356824,0.3121194729127096,13,blocked
13287,87,0,0.6992765090205814,0.34004959613815355,13,blocked
13288,88,0,0.3749054717629746,0.5021336320104994,13,blocked
13289,89,0,0.588695375451283,0.29943114981840085,13,blocked
13290,90,0,0.5023659976480301,0.43881280427341207,13,blocked
13291,91,0,0.3412410129008554,0.3132114675662933,13,blocked
13292,92,0,0.33233699982726295,0.33231276962592915,13,blocked
13293,93,0,0.42570296769978966,0.48903099503652236,13,blocked
13294,94,0,0.34931693486841037,0.3705655658926327,13,blocked
13295,95,0,0.5381421230157148,0.3532667733806111,13,blocked
13296,96,0,0.5301813462081941,0.4133037245990626,13,blocked
13297,97,0,0.8632899417254973,0.516330202193146,13,blocked
13298,98,0,0.9334491213379709,0.32914666843337786,13,blocked
13299,99,0,0.8230415436082662,0.44429695568055927,13,blocked
13300,100,0,0.9743635101895018,0.4888425761562425,13,blocked
13301,101,0,0.9040318530399778,0.5407282279636579,13,blocked
13302,102,0,0.910284236223619,0.3499733429937345,13,blocked
13303,103,0,0.6423805411954442,0.23300399584146445,13,blocked
13304,104,0,0.8727072044700384,0.30168143274476455,13,blocked
13305,105,0,0.3315829862857662,0.4825618746948451,13,blocked
13306,106,0,0.4961625534676147,0.3099111624874126,13,blocked
13307,107,0,0.3617004703537916,0.3870568442555912,13,blocked
13308,108,0,0.44873342392480897,0.4572282835440304,13,blocked
13309,109,0,0.8189901929635921,0.29854292948745004,13,blocked
13310,110,0,0.3394407229352175,0.4110741975297617,13,blocked
13311,111,0,0.41354735367368245,0.37090142744160237,13,blocked
13312,112,0,0.809995821143233,0.3401310068858708,13,blocked
13313,113,0,0.4991976254728834,0.5011613184917536,13,blocked
13314,114,0,0.2160102659508317,0.4962651234701252,13,blocked
13315,115,0,0.7439369639369136,0.4339183589330504,13,blocked
13316,116,0,0.514880025553679,0.5374703084722263,13,blocked
13317,117,0,0.3147430872532719,0.43432207670153444,13,blocked
13318,118,0,0.5305866629637246,0.47222598068015786,13,blocked
13319,119,0,0.8664562545445874,0.374004896531271,13,blocked
13320,120,0,0.3827364022597467,0.5535474129770422,13,blocked
13321,121,0,0.07890129404413705,0.5411555699849953,13,blocked
13322,122,0,0.1381325905789344,0.3363926173120918,13,blocked
13323,123,0,0.4874521174910456,0.3587500479027566,13,blocked
13324,124,0,0.6648533132328035,0.3970517003537345,13,blocked
13325,125,0,0.5022640487983054,0.32561500177139413,13,blocked
13326,126,0,0.09925108485644756,0.48565658616928653,13,blocked
13327,127,0,0.19003268918251823,0.3854354152382671,13,blocked
13328,128,0,0.3965128782434466,0.5320805814264756,13,blocked
13329,129,0,0.6291439904300585,0.4536274928613354,13,blocked
13330,130,0,0.4547977403127429,0.36728506984089854,13,blocked
13331,131,0,0.06899603405189854,0.516612972708336,13,blocked
13332,132,0,0.49051361674638716,0.3287979154413791,13,blocked
13333,133,0,0.09930645333747554,0.392720904211473,13,blocked
13334,134,0,0.8439257814591214,0.2861024717949622,13,blocked
13335,135,0,0.22351842311353068,0.4765553871788014,13,blocked
13336,136,0,0.48968643602417494,0.3988460697527003,13,blocked
13337,137,0,0.28301066895447746,0.3661510462813815,13,blocked
13338,138,0,0.44567122551334515,0.3335041082202598,13,blocked
13339,139,0,0.5015784768523226,0.4101938416720313,13,blocked
13340,140,0,0.6692446082198079,0.43027481940613443,13,blocked
13341,141,0,0.14100369611583916,0.4335062007466567,13,blocked
13342,142,0,0.1106419900847547,0.3324076773453936,13,blocked
13343,143,0,0.2901333552909359,0.38244447701688394,13,blocked
13344,144,0,0.4869159645515927,0.3706632950752295,13,blocked
13345,145,0,0.8663788968154686,0.2942816127491844,13,blocked
13346,146,0,0.08914416331509115,0.4703481886745725,13,blocked
13347,147,0,0.4907719901594821,0.20122433575647342,13,blocked
13348,148,0,0.5637380522995011,0.2983877413375331,13,blocked
13349,149,0,0.567953003661493,0.466136384934949,13,blocked
13350,150,0,0.5250739465987186,0.3128363521346867,13,blocked
13351,151,0,0.5784317680318697,0.31265209823481166,13,blocked
13352,152,0,0.4000993550206373,0.504943736209593,13,blocked
13353,153,0,0.21695135956315545,0.49597809232645784,13,blocked
13354,154,0,0.6406089630999466,0.5127770298086511,13,blocked
13355,155,0,0.719045276176368,0.32601655435766186,13,blocked
13356,156,0,0.39437197010049263,0.32804912863572305,13,blocked
13357,157,0,0.6622312251063727,0.2652264789231816,13,blocked
13358,158,0,0.647231166406104,0.3214095884475848,13,blocked
13359,159,0,0.7536885023601168,0.3811277376874823,13,blocked
13360,160,0,0.6680750687986938,0.3712371325616002,13,blocked
13361,161,0,0.30350819751947355,0.2862010104232434,13,blocked
13362,162,0,0.7709648780519827,0.2847543160031204,13,blocked
13363,163,0,0.5521605986184327,0.288156383067236,13,blocked
13364,164,0,0.5532532233741301,0.2778100274015639,13,blocked
13365,165,0,0.6217904049172379,0.2525721319185707,13,blocked
13366,166,0,0.6259539975392694,0.21126404051961206,13,blocked
13367,167,0,0.23964674069300962,0.4371830662437409,13,blocked
13368,168,0,0.5439866027749956,0.3006191238054611,13,blocked
13369,169,0,0.6083966884222263,0.5263930678842335,13,blocked
13370,170,0,0.32276094338298184,0.39728454560135373,13,blocked
13371,171,0,0.42583244155488975,0.4994346582978648,13,blocked
13372,172,0,0.07801519025431089,0.32813990735421633,13,blocked
13373,173,0,0.3789826886876371,0.42701393297251933,13,blocked
13374,174,0,0.7148608674186312,0.25258579012785454,13,blocked
13375,175,0,0.5017977419737432,0.4232260118678052,13,blocked
13376,176,0,0.18214112600011745,0.42032230782941904,13,blocked
13377,177,0,0.3149082457648903,0.34964865840409765,13,blocked
13378,178,0,0.34272947150519206,0.3769921340062036,13,blocked
13379,179,0,0.3348213041715983,0.356712723461289,13,blocked
13380,180,0,0.4081682267891857,0.32402625845653743,13,blocked
13381,181,0,0.473966220299936,0.32201673555399013,13,blocked
13382,182,0,0.5961400719274372,0.4355475090535955,13,blocked
13383,183,0,0.45706960320419143,0.3558924951509239,13,blocked
13384,184,0,0.6943187818314711,0.2588341935532855,13,blocked
13385,185,0,0.6867266681053168,0.47401558229641283,13,blocked
13386,186,0,0.5231039241959783,0.33489874143289977,13,blocked
13387,187,0,0.6566251980647275,0.32673827799984984,13,blocked
13388,188,0,0.8026801489974041,0.3259162861588075,13,blocked
13389,189,0,0.678139022202463,0.35915602231283233,13,blocked
13390,190,0,0.13797281992360821,0.3918668254283245,13,blocked
13391,191,0,0.9424270116508489,0.29549269825477187,13,blocked
13392,192,0,0.4692401529340295,0.3602714933450336,13,blocked
13393,193,0,0.1011738103072421,0.3916476060911841,13,blocked
13394,194,0,0.783168864061851,0.2778516006313381,13,blocked
13395,195,0,0.09128714026098428,0.5236851720497834,13,blocked
13396,196,0,0.930271693646203,0.43527657614538795,13,blocked
13397,197,0,0.5031728726815989,0.29257041450273014,13,blocked
13398,198,0,0.22421936380417792,0.2767250756803046,13,blocked
13399,199,0,0.59773872814607,0.2446344954866569,13,blocked
13400,0,0,0.6847817687362145,0.7288717577144088,13,early
13401,1,0,0.2764343111057332,0.7392003731929104,13,early
13402,2,0,0.6712919654887544,0.6260682806008324,13,early
13403,3,0,0.374514452976082,0.3597067696896452,13,early
13404,4,0,0.7561736899200124,0.46183320489817825,13,early
13405,5,0,0.6160711955487822,0.6119483438933577,13,early
13406,6,0,0.47171166240508844,0.602389769989097,13,early
13407,7,0,0.9054292278598989,0.4509905385139784,13,early
13408,8,0,0.7939611186543414,0.6038926714382563,13,early
13409,9,0,0.48597020152844916,0.5400565497562441,13,early
13410,10,0,0.3876833709151066,0.5230232138138107,13,early
13411,11,0,0.5320751037628042,0.4319480620902145,13,early
13412,12,0,0.443397159821029,0.48622437686032205,13,early
13413,13,0,0.25007010589129336,0.6188313215699889,13,early
13414,14,0,0.7973715783201715,0.5597358400006704,13,early
13415,15,0,0.39877653503375987,0.47784333491697983,13,early
13416,16,0,0.46207005914657157,0.4362190623461556,13,early
13417,17,0,0.6795270423404142,0.40122965532122656,13,early
13418,18,0,0.5376342627186473,0.4639097885203839,13,early
13419,19,0,0.37282026630286225,0.4392091003958559,13,early
13420,20,0,0.4975682070981847,0.3019301132257871,13,early
13421,21,0,0.7519308253401283,0.49659854425546834,13,early
13422,22,0,0.5036254945286495,0.44481259241585824,13,early
13423,23,0,0.460300444497854,0.5797337757838679,13,early
13424,24,0,0.6717778859728969,0.552762199104134,13,early
13425,25,0,0.37746851605776693,0.501477012817481,13,early
13426,26,0,0.8551999327747823,0.44265199073774786,13,early
13427,27,0,0.9673141873863116,0.6196152717151847,13,early
13428,28,0,0.789284098729427,0.3796863071859455,13,early
13429,29,0,0.7509902160172959,0.4310333568813351,13,early
13430,30,0,0.29235381044180464,0.4816539704858638,13,early
13431,31,0,0.476640405636697,0.5562327228746917,13,early
13432,32,0,0.4694554603737043,0.46707142370720744,13,early
13433,33,0,0.503231867333476,0.5094400314379357,13,early
13434,34,0,0.5706955403146607,0.45441485254054614,13,early
13435,35,0,0.49300295680616,0.5270686039377264,13,early
13436,36,0,0.5291379579982711,0.4838656188714905,13,early
13437,37,0,0.644418866072509,0.5984953324750829,13,early
13438,38,0,0.8704837673419104,0.4479906046963498,13,early
13439,39,0,0.6794123494671177,0.4991853282781554,13,early
13440,40,0,0.8534953903737341,0.36386309444725196,13,early
13441,41,0,0.7890168878618681,0.41718291568131777,13,early
13442,42,0,0.6952274993624799,0.3878750980798419,13,early
13443,43,0,0.2532722336885372,0.5798845643685816,13,early
13444,44,0,0.519077407271206,0.49940612524910327,13,early
13445,45,0,0.5818798647476784,0.5251646202570452,13,early
13446,46,0,0.6903599122542308,0.4210250035430039,13,early
13447,47,0,0.6464508795804786,0.44035427308498054,13,early
13448,48,0,0.4595725481838014,0.5299789340332467,13,early
13449,49,0,0.7001816355271935,0.36188337552983896,13,early
13450,50,0,0.48531101352363476,0.40104783510807507,13,early
13451,51,0,0.6589684455615695,0.36899759990613346,13,early
13452,52,0,0.4343999806956214,0.6516934071390861,13,early
13453,53,0,0.9464956334846492,0.33978106775385153,13,early
13454,54,0,0.2587851776035197,0.5307254012124767,13,early
13455,55,0,0.48660339166467426,0.4467291905357803,13,early
13456,56,0,0.615535757297796,0.40491542438030537,13,early
13457,57,0,0.5576091967578357,0.5554490520251375,13,early
13458,58,0,0.3520453847691017,0.41506966084564617,13,early
13459,59,0,0.8492666394191255,0.4370471067924995,13,early
13460,60,0,0.6684282895720797,0.5680913942271337,13,early
13461,61,0,0.6315889100572272,0.48726954075693896,13,early
13462,62,0,0.9260354522093801,0.4666304449584937,13,early
13463,63,0,0.9683597236506891,0.3388395414889761,13,early
13464,64,0,0.7125312382406856,0.5638731965471135,13,early
13465,65,0,0.13834760929119194,0.4855193778625626,13,early
13466,66,0,0.3240471360898345,0.3547932005262866,13,early
13467,67,0,0.389882352491627,0.43727408662228184,13,early
13468,68,0,0.42618870555827787,0.4896855861010049,13,early
13469,69,0,0.26147457757612663,0.44511094571663506,13,early
13470,70,0,0.9561005028193857,0.49209160921421785,13,early
13471,71,0,0.9526042810119606,0.3694627359825152,13,early
13472,72,0,0.9653369978557573,0.3497275489083976,13,early
13473,73,0,0.45432834751923723,0.41555789343409966,13,early
13474,74,0,0.53692833969336,0.35650870781005173,13,early
13475,75,0,0.4787711599279768,0.4891258449655884,13,early
13476,76,0,0.6500072003446249,0.49405652008922574,13,early
13477,77,0,0.7138686217178813,0.6857830694092224,13,early
13478,78,0,0.4808266690688441,0.4412781838603111,13,early
13479,79,0,0.2129187844291687,0.6156729424248601,13,early
13480,80,0,0.5927252896462777,0.44252874760419036,13,early
13481,81,0,0.8745473907257768,0.44028085986600274,13,early
13482,82,0,0.9171515426156402,0.3622597027425053,13,early
13483,83,0,0.4888295586091921,0.5807875926564754,13,early
13484,84,0,0.19639207472945833,0.5352512279181065,13,early
13485,85,0,0.21120390096073546,0.39297479371071475,13,early
13486,86,0,0.3443316341818869,0.4721822066006652,13,early
13487,87,0,0.9632612043852783,0.42146579822412233,13,early
13488,88,0,0.4964024269089062,0.567472352272868,13,early
13489,89,0,0.3752806043896059,0.5439525726797279,13,early
13490,90,0,0.6015393007625616,0.7244376610851913,13,early
13491,91,0,0.8377261278167853,0.4152799764554993,13,early
13492,92,0,0.5411756818704749,0.4919305150808603,13,early
13493,93,0,0.6086200051360953,0.4344252067527766,13,early
13494,94,0,0.5324192547434841,0.5194557636247848,13,early
13495,95,0,0.045203057527024276,0.5841359263168984,13,early
13496,96,0,0.37652680873562605,0.41382982196731155,13,early
13497,97,0,0.6427330823738018,0.3881595721497403,13,early
13498,98,0,0.578717997745564,0.3501613037908947,13,early
13499,99,0,0.5068978280454146,0.40869811737129746,13,early
13500,100,0,0.36817959963877267,0.4006856906764922,13,early
13501,101,0,0.6213071620888732,0.3533075107228176,13,early
13502,102,0,0.5059263097616701,0.3547973758483896,13,early
13503,103,0,0.7486244789611515,0.3335931566028362,13,early
13504,104,0,0.43368023456428895,0.45226031919770815,13,early
13505,105,0,0.8201827249525371,0.4512947031349967,13,early
13506,106,0,0.608925824053331,0.5027912219322888,13,early
13507,107,0,0.9203225400821643,0.3275254213945808,13,early
13508,108,0,0.7373821753695255,0.5448673418909609,13,early
13509,109,0,0.493479781921058,0.46639296086919224,13,early
13510,110,0,0.6141999569728368,0.515253355741203,13,early
13511,111,0,0.7333107385635843,0.4581595497763088,13,early
13512,112,0,0.5970432621891282,0.4683041322305844,13,early
13513,113,0,0.9189241935898702,0.404377852955125,13,early
13514,114,0,0.5465460122563934,0.4240400042971992,13,early
13515,115,0,0.37205505505707437,0.5470655129551838,13,early
13516,116,0,0.9135417618504298,0.48533791206760446,13,early
13517,117,0,0.9686165275483701,0.274158615192874,13,early
13518,118,0,0.8757635965053914,0.42265161306872534,13,early
13519,119,0,0.904004833983864,0.3345460073753146,13,early
13520,120,0,0.5876618601887279,0.3409238367914054,13,early
13521,121,0,0.567798118562093,0.34216714633125245,13,early
13522,122,0,0.5616408076842843,0.4192849590579958,13,early
13523,123,0,0.6128318591139267,0.459770659339258,13,early
13524,124,0,0.6486400463503481,0.40553414272661487,13,early
13525,125,0,0.5635845318393591,0.3683195510155123,13,early
13526,126,0,0.3870890473615914,0.35372177502661784,13,early
13527,127,0,0.8042344534475863,0.4476206809544494,13,early
13528,128,0,0.5843364915482967,0.46992845761521385,13,early
13529,129,0,0.4853862155870042,0.3597328593254705,13,early
13530,130,0,0.9218058242466338,0.6004855965967512,13,early
13531,131,0,0.5630776104615433,0.5162289100031793,13,early
13532,132,0,0.8409293035459794,0.33946814657948765,13,early
13533,133,0,0.3462285505993354,0.4859558802071082,13,early
13534,134,0,0.4577773215160106,0.3592541731331442,13,early
13535,135,0,0.5175805683364003,0.41801386195838475,13,early
13536,136,0,0.26320481294068493,0.3951523535287669,13,early
13537,137,0,0.951435024110918,0.35843795010992585,13,early
13538,138,0,0.5894278054620293,0.38685029646045155,13,early
13539,139,0,0.4018172250828105,0.37561737043913024,13,early
13540,140,0,0.5740372396440762,0.3148174540375519,13,early
13541,141,0,0.2243286035585787,0.392176205696692,13,early
13542,142,0,0.7116442516369025,0.3373586894355242,13,early
13543,143,0,0.8391121392844985,0.5412713195608445,13,early
13544,144,0,0.34031842524553957,0.47562609204981177,13,early
13545,145,0,0.8602739711767439,0.49797133185283815,13,early
13546,146,0,0.4950863138160946,0.45446233550818577,13,early
13547,147,0,0.7679421453356877,0.40873588350932155,13,early
13548,148,0,0.09512374117276409,0.43667178830881415,13,early
13549,149,0,0.8911330665546255,0.5367752387449614,13,early
13550,150,0,0.5545536314190511,0.25223684399981006,13,early
13551,151,0,0.8426909497903707,0.3363138817957497,13,early
13552,152,0,0.47022172943803414,0.33702143854458066,13,early
13553,153,0,0.9095793196191755,0.32664868395364477,13,early
13554,154,0,0.6757297141886577,0.3260244535664953,13,early
13555,155,0,0.7893608570846707,0.40309317831186586,13,early
13556,156,0,0.5360709876337856,0.3514100831545795,13,early
13557,157,0,0.8114226338817342,0.341376304460633,13,early
13558,158,0,0.5596301637166899,0.3205421675216249,13,early
13559,159,0,0.2796791151907907,0.5354213480160329,13,early
13560,160,0,0.7073886266380248,0.4571837852107481,13,early
13561,161,0,0.4348961810675141,0.43147109025503083,13,early
13562,162,0,0.9424522165265624,0.6305446646358002,13,early
13563,163,0,0.5313410469242672,0.44142094495275475,13,early
13564,164,0,0.613745728246037,0.37245385510861395,13,early
13565,165,0,0.9483741349943253,0.6086238019507002,13,early
13566,166,0,0.6530873521453171,0.38624210460541486,13,early
13567,167,0,0.5488141974750564,0.42971281599546896,13,early
13568,168,0,0.8779702941116032,0.5295566475941076,13,early
13569,169,0,0.7227108261877727,0.2966680450111677,13,early
13570,170,0,0.9437835708660705,0.3820982559602297,13,early
13571,171,0,0.5499993125297963,0.40809331315052483,13,early
13572,172,0,0.6098073412428477,0.4074791247763325,13,early
13573,173,0,0.313291793178096,0.3118870164921379,13,early
13574,174,0,0.596543352474914,0.49362469146972865,13,early
13575,175,0,0.7172791660589124,0.45923281820163747,13,early
13576,176,0,0.5518057717461468,0.4762311009366846,13,early
13577,177,0,0.8885389894801962,0.42725216928608256,13,early
13578,178,0,0.8404036357024527,0.42120951134979157,13,early
13579,179,0,0.8464528079927842,0.29473045004610743,13,early
13580,180,0,0.7178497422654333,0.3216122977792044,13,early
13581,181,0,0.9491986960435099,0.42857122242149026,13,early
13582,182,0,0.6249594896686832,0.35068786745478986,13,early
13583,183,0,0.7931442168311023,0.31541299604793915,13,early
13584,184,0,0.3133326447869842,0.414535950433648,13,early
13585,185,0,0.5329450552589352,0.37212847717773884,13,early
13586,186,0,0.589381278021625,0.35960464112406915,13,early
13587,187,0,0.4994434550932767,0.4117549850187919,13,early
13588,188,0,0.7866201938888537,0.3570368513428396,13,early
13589,189,0,0.5797156419398646,0.28405926309262997,13,early
13590,190,0,0.641717882751892,0.35398238912149527,13,early
13591,191,0,0.5269862099328506,0.5918304999862631,13,early
13592,192,0,0.835748941892305,0.29699396171173026,13,early
13593,193,0,0.7919116950531364,0.4134037302707182,13,early
13594,194,0,0.7693210438490707,0.4108713549176273,13,early
13595,195,0,0.5877225387617406,0.40281526397494527,13,early
13596,196,0,0.7745677215259839,0.3745718711042988,13,early
13597,197,0,0.19513993901101284,0.4063035947127346,13,early
13598,198,0,0.5405929744139573,0.30747076175661003,13,early
13599,199,0,0.5642136573883134,0.35034289955894216,13,early
13600,0,0,0.9524178367481801,0.8685008267820407,13,middle
13601,1,0,0.5131409588388303,0.8628468369795241,13,middle
13602,2,0,0.036529388017272464,0.7310729588488296,13,middle
13603,3,0,0.22675612686105132,0.5850745060650889,13,middle
13604,4,0,0.5682823809399555,0.7826233427575481,13,middle
13605,5,0,0.3582448927942895,0.48879549548442336,13,middle
13606,6,0,0.10920903697668677,0.7191082829017298,13,middle
13607,7,0,0.05062233618832662,0.5403597056919025,13,middle
13608,8,0,0.6223187230483239,0.4326048516272639,13,middle
13609,9,0,0.9851192174352335,0.5769042033593568,13,middle
13610,10,0,0.6326750257172397,0.3917892220756588,13,middle
13611,11,0,0.06671806621098643,0.6857367225209252,13,middle
13612,12,0,0.646124998134076,0.6851950060251928,13,middle
13613,13,0,0.5446245852450122,0.41754878147460417,13,middle
13614,14,0,0.5286642564031442,0.4502916062181679,13,middle
13615,15,0,0.8475884611954785,0.4901558091560916,13,middle
13616,16,0,0.44481932019811565,0.399719395216365,13,middle
13617,17,0,0.04201582756040122,0.5219277051139557,13,middle
13618,18,0,0.5331519759036781,0.5301644939993463,13,middle
13619,19,0,0.01593318174836481,0.5293467534003502,13,middle
13620,20,0,0.5542391194778843,0.4023324621989306,13,middle
13621,21,0,0.16394209397517667,0.6045520474944969,13,middle
13622,22,0,0.3875532533586524,0.6256045452551078,13,middle
13623,23,0,0.7589651046628493,0.37600658979333473,13,middle
13624,24,0,0.2977568005078285,0.5212910430554627,13,middle
13625,25,0,0.00974873755746089,0.4694958323664552,13,middle
13626,26,0,0.42688220777341584,0.5525936952379679,13,middle
13627,27,0,0.6274738200151397,0.6613929033695702,13,middle
13628,28,0,0.5047141107730491,0.5405140952629905,13,middle
13629,29,0,0.8549996821172898,0.36306699002464843,13,middle
13630,30,0,0.26348245209526,0.6102676467409236,13,middle
13631,31,0,0.14191293392942955,0.6432162104941775,13,middle
13632,32,0,0.8599911496261841,0.3789167999129601,13,middle
13633,33,0,0.4322453375267706,0.6796100265765324,13,middle
13634,34,0,0.5888261936010771,0.42219990734836543,13,middle
13635,35,0,0.938994969925852,0.35695412926959924,13,middle
13636,36,0,0.640575497393484,0.3911822240675672,13,middle
13637,37,0,0.8242854816080327,0.37237327325500036,13,middle
13638,38,0,0.5849747946838779,0.4029000313692964,13,middle
13639,39,0,0.8687466664535608,0.42343944760212954,13,middle
13640,40,0,0.05501712060233725,0.5834934916431901,13,middle
13641,41,0,0.4346792679935054,0.555930523809831,13,middle
13642,42,0,0.5812789787727688,0.5630904409055892,13,middle
13643,43,0,0.13274880365737346,0.5945778242323905,13,middle
13644,44,0,0.6028020069605103,0.5291295916653869,13,middle
13645,45,0,0.32673127124134715,0.4897940827190201,13,middle
13646,46,0,0.49828672310343924,0.4732608568699871,13,middle
13647,47,0,0.4873791556894339,0.3444787822404627,13,middle
13648,48,0,0.5115576784006041,0.360065827741309,13,middle
13649,49,0,0.484405378550013,0.5522090407642493,13,middle
13650,50,0,0.4869926548692129,0.6094453226639054,13,middle
13651,51,0,0.6883674167607466,0.5784105472017272,13,middle
13652,52,0,0.45305389566199455,0.5326496459902937,13,middle
13653,53,0,0.6374530124774491,0.413902797907599,13,middle
13654,54,0,0.6968827247339813,0.43944424435893814,13,middle
13655,55,0,0.1576642674009342,0.4754340422948553,13,middle
13656,56,0,0.469115414482124,0.4476855300308335,13,middle
13657,57,0,0.5296662883277887,0.4830335808046132,13,middle
13658,58,0,0.5829888054824554,0.33669186599698897,13,middle
13659,59,0,0.13852132515880317,0.5384740752202594,13,middle
13660,60,0,0.5510890132967652,0.6128886644252215,13,middle
13661,61,0,0.8700376260985316,0.37954034198105135,13,middle
13662,62,0,0.7322160774710145,0.4782676880371282,13,middle
13663,63,0,0.4740190009755024,0.49440471994424795,13,middle
13664,64,0,0.6123554843959893,0.37317536844503846,13,middle
13665,65,0,0.6187391911710325,0.49029248753091503,13,middle
13666,66,0,0.6722671642578535,0.3177485976023374,13,middle
13667,67,0,0.24179002250726211,0.41394088087816805,13,middle
13668,68,0,0.4831180095775927,0.5997031144488083,13,middle
13669,69,0,0.7827330626594344,0.4024655506369806,13,middle
13670,70,0,0.9577792321379619,0.41160544833890034,13,middle
13671,71,0,0.19389697410366877,0.42536212665664674,13,middle
13672,72,0,0.6838080637462159,0.45029499133395834,13,middle
13673,73,0,0.7639999071921033,0.3403193655883129,13,middle
13674,74,0,0.9422804197303309,0.39661854861209417,13,middle
13675,75,0,0.9713163859722934,0.4193405935935246,13,middle
13676,76,0,0.7816403409710643,0.3819461823986463,13,middle
13677,77,0,0.4965147966774579,0.515752111928631,13,middle
13678,78,0,0.3621091995165987,0.5527680730389206,13,middle
13679,79,0,0.623575921313354,0.4515355061401317,13,middle
13680,80,0,0.1928272138735627,0.5206384251271253,13,middle
13681,81,0,0.5328721956194169,0.36756593063927023,13,middle
13682,82,0,0.5336275741996682,0.4033037438227355,13,middle
13683,83,0,0.34609917252782246,0.6576844287436958,13,middle
13684,84,0,0.5355036111625935,0.47882833100600447,13,middle
13685,85,0,0.45825345592566014,0.4636779053101595,13,middle
13686,86,0,0.4279794027650129,0.6189414679863656,13,middle
13687,87,0,0.5845569610523917,0.4234447147572252,13,middle
13688,88,0,0.7080353724257132,0.4456968342591696,13,middle
13689,89,0,0.10582880768857694,0.43108389012555903,13,middle
13690,90,0,0.645473164658554,0.3769369060771697,13,middle
13691,91,0,0.7477256158472214,0.3665707814516109,13,middle
13692,92,0,0.8624871127356312,0.4708994408327952,13,middle
13693,93,0,0.31001511071860427,0.5396857324268152,13,middle
13694,94,0,0.42884649536203207,0.6033326235217201,13,middle
13695,95,0,0.5098948606970231,0.45623046974213366,13,middle
13696,96,0,0.41216792295549987,0.4651901688505455,13,middle
13697,97,0,0.24254468139479038,0.4445968278388509,13,middle
13698,98,0,0.5489176749589679,0.42374944726503616,13,middle
13699,99,0,0.6391753036436898,0.42820528013889303,13,middle
13700,100,0,0.27379663931074,0.42005477502466837,13,middle
13701,101,0,0.47541675323594174,0.4935783199024274,13,middle
13702,102,0,0.4699606644197796,0.5153812423168476,13,middle
13703,103,0,0.754594160896584,0.48676211357661303,13,middle
13704,104,0,0.5121356697413769,0.5566708850545443,13,middle
13705,105,0,0.6177731465251848,0.4537731310288678,13,middle
13706,106,0,0.6002943299906336,0.3623329560556657,13,middle
13707,107,0,0.4012419173559567,0.3851510116668905,13,middle
13708,108,0,0.7361329958699654,0.35831487130201456,13,middle
13709,109,0,0.694739529701834,0.39244773603428856,13,middle
13710,110,0,0.37106582781351466,0.3368749600719568,13,middle
13711,111,0,0.6736423851979665,0.47316878602677825,13,middle
13712,112,0,0.6313441021401562,0.5634085348576454,13,middle
13713,113,0,0.24590738885953803,0.43619097138198226,13,middle
13714,114,0,0.6733573340800288,0.5265175758312475,13,middle
13715,115,0,0.804785313933613,0.31596671180782865,13,middle
13716,116,0,0.8909178069692101,0.41912084416813755,13,middle
13717,117,0,0.9653635497946488,0.275527550125062,13,middle
13718,118,0,0.9208062820618215,0.4385708382585133,13,middle
13719,119,0,0.245445773599004,0.35043002484170765,13,middle
13720,120,0,0.5744140968466364,0.4437635297137858,13,middle
13721,121,0,0.8028320093957898,0.35913449579100654,13,middle
13722,122,0,0.49780876921479106,0.406946879753026,13,middle
13723,123,0,0.14265720645667077,0.4105696490881121,13,middle
13724,124,0,0.5465247863687622,0.3678287545109667,13,middle
13725,125,0,0.5757753044211492,0.6751651798163091,13,middle
13726,126,0,0.55209024444474,0.4669088783021144,13,middle
13727,127,0,0.6664545423435081,0.4216891756729295,13,middle
13728,128,0,0.24708996183976617,0.361446150966531,13,middle
13729,129,0,0.6680180841589932,0.3545528616900385,13,middle
13730,130,0,0.5231543158033972,0.34586631242848587,13,middle
13731,131,0,0.6539952741714867,0.6016164095815087,13,middle
13732,132,0,0.5091804266560023,0.40495949215111404,13,middle
13733,133,0,0.5514675350667426,0.5597441589854578,13,middle
13734,134,0,0.505185941685156,0.4628282256227767,13,middle
13735,135,0,0.7183638670887071,0.26953618521430345,13,middle
13736,136,0,0.5785061329502523,0.24282191628162297,13,middle
13737,137,0,0.44469946905798113,0.4304207484143471,13,middle
13738,138,0,0.5453704524200513,0.28643576884543753,13,middle
13739,139,0,0.55291036876914,0.3233205658227276,13,middle
13740,140,0,0.7331865535352133,0.42553930706803866,13,middle
13741,141,0,0.7718288984873222,0.26729004470016116,13,middle
13742,142,0,0.8616366225610687,0.44229031079043224,13,middle
13743,143,0,0.5922410325213832,0.4039890380261447,13,middle
13744,144,0,0.1365409076329561,0.38854894495857867,13,middle
13745,145,0,0.4823246415236579,0.41715317783711914,13,middle
13746,146,0,0.8116262230516345,0.30381799402605136,13,middle
13747,147,0,0.7839159256891841,0.3111616716654011,13,middle
13748,148,0,0.08064863953285453,0.5155639147572564,13,middle
13749,149,0,0.7553922086158484,0.3285313002121806,13,middle
13750,150,0,0.15177603472717147,0.7384186327370069,13,middle
13751,151,0,0.45721542052783487,0.48846000020297914,13,middle
13752,152,0,0.49552177917241347,0.28389328821842763,13,middle
13753,153,0,0.2159504428214892,0.35093497945131336,13,middle
13754,154,0,0.36426427212727436,0.3516681723510473,13,middle
13755,155,0,0.9089085438620345,0.43815788802894384,13,middle
13756,156,0,0.5088409936834782,0.33666567706919354,13,middle
13757,157,0,0.9369502267516452,0.28090372015305987,13,middle
13758,158,0,0.8187899219750153,0.31320484078572364,13,middle
13759,159,0,0.3466444691298478,0.510728395908326,13,middle
13760,160,0,0.792994260546811,0.4390382166246626,13,middle
13761,161,0,0.6506579286678813,0.32537884474830975,13,middle
13762,162,0,0.2902794715395757,0.5168926307454127,13,middle
13763,163,0,0.7460945246790631,0.34803248318187385,13,middle
13764,164,0,0.7529890547061682,0.39053269488452497,13,middle
13765,165,0,0.07417881572063106,0.4608871333298753,13,middle
13766,166,0,0.8541176154137169,0.367742989473373,13,middle
13767,167,0,0.5360879369048472,0.452817160421891,13,middle
13768,168,0,0.5892163998134858,0.342889855174213,13,middle
13769,169,0,0.3079469929143623,0.4244838400975586,13,middle
13770,170,0,0.4793372999832196,0.4397091643610075,13,middle
13771,171,0,0.5215665931812209,0.43023516052236777,13,middle
13772,172,0,0.5690007985375961,0.43875981652841545,13,middle
13773,173,0,0.4719704221812011,0.3559325091342084,13,middle
13774,174,0,0.647586185213908,0.3928724145968606,13,middle
13775,175,0,0.6047878648796096,0.4556426912868935,13,middle
13776,176,0,0.9195239559537438,0.28162000026368444,13,middle
13777,177,0,0.9201422140885178,0.4243625232608166,13,middle
13778,178,0,0.4417869486300007,0.5175879825076669,13,middle
13779,179,0,0.28575778086935877,0.478035041462301,13,middle
13780,180,0,0.5404208136052573,0.4330248598712296,13,middle
13781,181,0,0.7699135887461934,0.42114861520492786,13,middle
13782,182,0,0.6892866388550046,0.31936904018473317,13,middle
13783,183,0,0.6002412219634891,0.35731536065915287,13,middle
13784,184,0,0.28978221262611054,0.5357382132573117,13,middle
13785,185,0,0.5468854431993628,0.5870749773287389,13,middle
13786,186,0,0.5633117370420431,0.3359555030286192,13,middle
13787,187,0,0.6118540288724967,0.442051842978503,13,middle
13788,188,0,0.5385112492671543,0.3767406563314427,13,middle
13789,189,0,0.5163605686736956,0.4722975132189172,13,middle
13790,190,0,0.933113159717107,0.3599499124329766,13,middle
13791,191,0,0.5708507661846726,0.3691123133525707,13,middle
13792,192,0,0.5148898586451582,0.3066238596861634,13,middle
13793,193,0,0.5334955918623416,0.3523829564952471,13,middle
13794,194,0,0.5327598625300791,0.43223865502692826,13,middle
13795,195,0,0.33103291621384473,0.4013064781842899,13,middle
13796,196,0,0.6657689984228328,0.3248835306817357,13,middle
13797,197,0,0.8431570511444078,0.3051284347995349,13,middle
13798,198,0,0.7025315403549783,0.4244495272771088,13,middle
13799,199,0,0.46611651390305797,0.2727470920294348,13,middle
13800,0,0,0.39339297868632284,0.7092745849064105,13,late
13801,1,0,0.6495765545076422,0.784826465677783,13,late
13802,2,0,0.45754900840709606,0.8355477208814359,13,late
13803,3,0,0.8053250935701051,0.6154212552143701,13,late
13804,4,0,0.44583994082171574,0.6542994315128223,13,late
13805,5,0,0.145514364973109,0.6460446325270348,13,late
13806,6,0,0.48471338797741026,0.640059444579782,13,late
13807,7,0,0.4108852392183724,0.461893445521791,13,late
13808,8,0,0.7497517239424871,0.7481743253629225,13,late
13809,9,0,0.5024893687561472,0.6189391602973457,13,late
13810,10,0,0.33342132499837135,0.5751486816164875,13,late
13811,11,0,0.29975379880308667,0.6628149247523913,13,late
13812,12,0,0.24766383485755833,0.6435646532666635,13,late
13813,13,0,0.37447263151757093,0.45919471807968926,13,late
13814,14,0,0.6024534209373722,0.5039178772356289,13,late
13815,15,0,0.7639741452578244,0.6725931658834463,13,late
13816,16,0,0.43029609293448645,0.6486095373618112,13,late
13817,17,0,0.23559972445542549,0.6706723824627874,13,late
13818,18,0,0.49760970155736517,0.5846546855388979,13,late
13819,19,0,0.659903680651312,0.6703224216524309,13,late
13820,20,0,0.34229425545738634,0.5511865443200543,13,late
13821,21,0,0.8135336826543385,0.4916515534948843,13,late
13822,22,0,0.5000627211399261,0.49755064769051704,13,late
13823,23,0,0.7667467909948911,0.5816887366734956,13,late
13824,24,0,0.447505328473349,0.5003075136546221,13,late
13825,25,0,0.20755046801490196,0.6612078686740785,13,late
13826,26,0,0.5573661071374048,0.6221898245178341,13,late
13827,27,0,0.762352960081629,0.6352144847693785,13,late
13828,28,0,0.666803616485431,0.492877901565468,13,late
13829,29,0,0.4118059040733105,0.5278554166150943,13,late
13830,30,0,0.4459911652404638,0.6243864795490645,13,late
13831,31,0,0.48974956555769766,0.39920322916879947,13,late
13832,32,0,0.5367409365518004,0.4990944536867748,13,late
13833,33,0,0.8685537997303792,0.5869244165072598,13,late
13834,34,0,0.39551005320785887,0.5511059513835367,13,late
13835,35,0,0.49939692141728087,0.5037757681629098,13,late
13836,36,0,0.5595511443914867,0.5917264198329938,13,late
13837,37,0,0.4307210985070607,0.5972662484318794,13,late
13838,38,0,0.5011700107115524,0.351317108486511,13,late
13839,39,0,0.3099697674253718,0.6342009608635305,13,late
13840,40,0,0.6403226552351742,0.46284607705787695,13,late
13841,41,0,0.7400617611776008,0.5666085795109725,13,late
13842,42,0,0.7448462218511702,0.43945609832813937,13,late
13843,43,0,0.854641092900073,0.4398220171101738,13,late
13844,44,0,0.5113178637722009,0.4921602890539921,13,late
13845,45,0,0.11455697372738341,0.620524103758028,13,late
13846,46,0,0.37501018964339694,0.4777999908562486,13,late
13847,47,0,0.7916072482846377,0.45881040631051967,13,late
13848,48,0,0.4921337026736994,0.46851095098492035,13,late
13849,49,0,0.5276318135660476,0.5008925870658536,13,late
13850,50,0,0.4680914003239339,0.44007045195536154,13,late
13851,51,0,0.4662234771151107,0.5361993751764629,13,late
13852,52,0,0.18054735475411637,0.584371931358747,13,late
13853,53,0,0.6136431681653882,0.553952414328116,13,late
13854,54,0,0.5244464629327028,0.5733005263789606,13,late
13855,55,0,0.46665882853085144,0.965063430846121,13,late
13856,56,0,0.5252029104183782,0.5394425937709548,13,late
13857,57,0,0.6897130796573403,0.38912638700642027,13,late
13858,58,0,0.6148695038019187,0.3993714069882084,13,late
13859,59,0,0.6558087289996455,0.5263416091465223,13,late
13860,60,0,0.2702761454977859,0.4796967433894092,13,late
13861,61,0,0.571143855853854,0.7915764639401643,13,late
13862,62,0,0.5419218515605965,0.5153604456447113,13,late
13863,63,0,0.654387628575606,0.5137191459768902,13,late
13864,64,0,0.39711081898833345,0.47390211252763936,13,late
13865,65,0,0.5767511287692595,0.5251035661621212,13,late
13866,66,0,0.6793144197316051,0.5144491464426547,13,late
13867,67,0,0.6337836107860162,0.5949088787755139,13,late
13868,68,0,0.5916365126122469,0.38835481119658666,13,late
13869,69,0,0.5420905387480742,0.6034980835049464,13,late
13870,70,0,0.4717776436904496,0.4340202771138264,13,late
13871,71,0,0.7810846412424817,0.4768082179796816,13,late
13872,72,0,0.5030421058014947,0.6660265279838484,13,late
13873,73,0,0.728792500999137,0.363892473418438,13,late
13874,74,0,0.6695130924757804,0.5565983568881827,13,late
13875,75,0,0.44820610694751006,0.44052791737684766,13,late
13876,76,0,0.26000271434205385,0.5619105284910958,13,late
13877,77,0,0.26296647474836365,0.4580399797270922,13,late
13878,78,0,0.28464938085047337,0.595647506638462,13,late
13879,79,0,0.923036335552601,0.5696855082540784,13,late
13880,80,0,0.3113909271135672,0.7249162114545025,13,late
13881,81,0,0.57844226621941,0.5657160870997407,13,late
13882,82,0,0.8622671645564746,0.44427375929228974,13,late
13883,83,0,0.6535503875222005,0.5108434648232903,13,late
13884,84,0,0.5506757038216417,0.5465518276692423,13,late
13885,85,0,0.7702383441263261,0.3805304808125074,13,late
13886,86,0,0.966856206648365,0.47481562568653757,13,late
13887,87,0,0.43899201972387525,0.4522355235260329,13,late
13888,88,0,0.7867294601959021,0.448092909955583,13,late
13889,89,0,0.263576988804878,0.47588874791184055,13,late
13890,90,0,0.11963669363065929,0.4570195913734657,13,late
13891,91,0,0.2795282863442861,0.5140855230633459,13,late
13892,92,0,0.32559691689525594,0.534241477564991,13,late
13893,93,0,0.9553271576537494,0.37962843643894384,13,late
13894,94,0,0.18771189757995943,0.5428441667157032,13,late
13895,95,0,0.36382990496526746,0.5843038976951185,13,late
13896,96,0,0.7883806697377596,0.39876846905389685,13,late
13897,97,0,0.9488556348250818,0.43214131859203264,13,late
13898,98,0,0.20490947862870285,0.599645978786677,13,late
13899,99,0,0.7002913178788379,0.3957632831104277,13,late
13900,100,0,0.5611677225827707,0.6348019205685629,13,late
13901,101,0,0.8322019849487422,0.5438852505645727,13,late
13902,102,0,0.3203254274892168,0.4972148098239796,13,late
13903,103,0,0.5717862756703387,0.45670524812338453,13,late
13904,104,0,0.8334170602301285,0.35746310789358116,13,late
13905,105,0,0.43225464952372633,0.5379117144711948,13,late
13906,106,0,0.7985911675900272,0.4094084170072463,13,late
13907,107,0,0.9257859283221702,0.4777482637846944,13,late
13908,108,0,0.707069191366709,0.5155622354256328,13,late
13909,109,0,0.9073368886983606,0.42460650874445593,13,late
13910,110,0,0.9805464622973372,0.252320364760823,13,late
13911,111,0,0.9989543515877183,0.49944787010535363,13,late
13912,112,0,0.9357315966183595,0.6369255728554473,13,late
13913,113,0,0.9937670932055678,0.366317876694689,13,late
13914,114,0,0.9988936783329139,0.33606293691607136,13,late
13915,115,0,0.9596560919430517,0.33121969028303666,13,late
13916,116,0,0.7924287766287391,0.45055907866945466,13,late
13917,117,0,0.7002780838667031,0.3883276067497292,13,late
13918,118,0,0.6346710575330036,0.44699207559630294,13,late
13919,119,0,0.9339653370143757,0.404103620926655,13,late
13920,120,0,0.5768833705531219,0.5229829480427026,13,late
13921,121,0,0.818140256051131,0.611693898231781,13,late
13922,122,0,0.22597654633237454,0.5409241274994192,13,late
13923,123,0,0.24243129964647236,0.6419517281206818,13,late
13924,124,0,0.4313845469647475,0.6427982085907484,13,late
13925,125,0,0.8264405054590462,0.4420320093918459,13,late
13926,126,0,0.12888136616460316,0.6225115994392283,13,late
13927,127,0,0.7353736032433731,0.42876489612711655,13,late
13928,128,0,0.8877717059439612,0.4665031482446743,13,late
13929,129,0,0.15153967725829365,0.6522611812858277,13,late
13930,130,0,0.367582040755694,0.39650773874032963,13,late
13931,131,0,0.14579757990169506,0.5298457933456584,13,late
13932,132,0,0.874288265071142,0.4098218803464343,13,late
13933,133,0,0.3577993192172318,0.4787949716612995,13,late
13934,134,0,0.6985424919526537,0.37135987128752346,13,late
13935,135,0,0.5020994321991322,0.4013290558603963,13,late
13936,136,0,0.712271839176464,0.49505816804688985,13,late
13937,137,0,0.5082149396095986,0.4358153116108502,13,late
13938,138,0,0.5417909611803507,0.36566915640480546,13,late
13939,139,0,0.7848892523725712,0.6385217282815541,13,late
13940,140,0,0.5281234379938032,0.5039375267191906,13,late
13941,141,0,0.40458031672467976,0.4660431752228898,13,late
13942,142,0,0.6019444850107208,0.3868858332453494,13,late
13943,143,0,0.6524327022933079,0.4192560816699783,13,late
13944,144,0,0.506589028032682,0.4055905002385908,13,late
13945,145,0,0.40538798601773174,0.4258889500231712,13,late
13946,146,0,0.7746950721258203,0.5394244815808927,13,late
13947,147,0,0.5041395493430112,0.5023139425624212,13,late
13948,148,0,0.4644733777513159,0.4769403113197569,13,late
13949,149,0,0.6723218723185995,0.3366141754591398,13,late
13950,150,0,0.794387772517146,0.41214773840468477,13,late
13951,151,0,0.9055627979683575,0.30209638922213716,13,late
13952,152,0,0.736857090949558,0.3431422961055872,13,late
13953,153,0,0.733415523539795,0.365743516995113,13,late
13954,154,0,0.8807966503395357,0.44267178753420044,13,late
13955,155,0,0.43080992469264,0.541625208632029,13,late
13956,156,0,0.4307675294808239,0.5435302914214661,13,late
13957,157,0,0.82091234522639,0.43574226985005204,13,late
13958,158,0,0.9174651190618054,0.3745979148109124,13,late
13959,159,0,0.7059213909852519,0.43054675172871315,13,late
13960,160,0,0.3787455147104518,0.41116489644156884,13,late
13961,161,0,0.8226416110973865,0.3446723229885793,13,late
13962,162,0,0.7649155011613658,0.42524865046667054,13,late
13963,163,0,0.7257616108895424,0.32030056142269897,13,late
13964,164,0,0.4433329069585912,0.35793541224947856,13,late
13965,165,0,0.7898357666852966,0.5122799988174109,13,late
13966,166,0,0.7072262478543525,0.42267231558093266,13,late
13967,167,0,0.4205305101668264,0.4585206946233247,13,late
13968,168,0,0.8641438171814946,0.3840165964763341,13,late
13969,169,0,0.1932101124895423,0.5478096276669455,13,late
13970,170,0,0.38621372634481843,0.5412152404002847,13,late
13971,171,0,0.2890434531344006,0.4497166612916892,13,late
13972,172,0,0.29236674950341734,0.5225545670486225,13,late
13973,173,0,0.46497202924657033,0.33614751059250403,13,late
13974,174,0,0.9515060372069091,0.3204240212878473,13,late
13975,175,0,0.8122303081299842,0.3717269642300509,13,late
13976,176,0,0.4055438398448502,0.564562400775131,13,late
13977,177,0,0.7929210966779343,0.2988852240110142,13,late
13978,178,0,0.3841479387432255,0.6362570076891718,13,late
13979,179,0,0.9849954342880549,0.2812466221846316,13,late
13980,180,0,0.28097324826294756,0.4963489478160047,13,late
13981,181,0,0.8120819333647029,0.402166786907895,13,late
13982,182,0,0.925116853941844,0.3664282568003354,13,late
13983,183,0,0.9789733304003712,0.3625464337665569,13,late
13984,184,0,0.6060966949941213,0.4291566707049188,13,late
13985,185,0,0.531272969266433,0.41180045864159925,13,late
13986,186,0,0.4575919710456441,0.47263057984144485,13,late
13987,187,0,0.411131160879577,0.41914359716887867,13,late
13988,188,0,0.8774185956283139,0.27661397645174085,13,late
13989,189,0,0.7413961295962723,0.48118896042161363,13,late
13990,190,0,0.399969486785404,0.5110338961756132,13,late
13991,191,0,0.8790259244283896,0.38778096705803194,13,late
13992,192,0,0.836918766240665,0.4083095360077608,13,late
13993,193,0,0.978609789194905,0.2973617455516089,13,late
13994,194,0,0.9419583855837812,0.33389462710235274,13,late
13995,195,0,0.9113055821784821,0.42882988319728144,13,late
13996,196,0,0.5798308703775046,0.43522220916058246,13,late
13997,197,0,0.3227079322419789,0.518064827066687,13,late
13998,198,0,0.5205501020489607,0.5291947287107616,13,late
13999,199,0,0.27000788269172193,0.500126073550415,13,late
14000,0,0,0.19731372053086946,0.836496170405622,14,interleaved
14001,1,0,0.42512862061569245,0.6181565711024339,14,interleaved
14002,2,0,0.464840094025939,0.627332208509808,14,interleaved
14003,3,0,0.4057418470418786,0.6376847260815431,14,interleaved
14004,4,0,0.538209738835887,0.3861041262341903,14,interleaved
14005,5,0,0.5208509643212902,0.6309632138351667,14,interleaved
14006,6,0,0.19429181571178275,0.6936330328925504,14,interleaved
14007,7,0,0.498457699563228,0.7050786731442695,14,interleaved
14008,8,0,0.7246441565145876,0.5052279866912595,14,interleaved
14009,9,0,0.3015881279277363,0.5023346953206633,14,interleaved
14010,10,0,0.27536681272561475,0.46743924438701273,14,interleaved
14011,11,0,0.5711605319142932,0.5357408067046543,14,interleaved
14012,12,0,0.422809979050796,0.5330025008247403,14,interleaved
14013,13,0,0.521458360000983,0.5164081580056278,14,interleaved
14014,14,0,0.35331651940906905,0.45792824151095307,14,interleaved
14015,15,0,0.5357142154003818,0.46292512121295537,14,interleaved
14016,16,0,0.5988041731778516,0.4746132565654912,14,interleaved
14017,17,0,0.3004985659859919,0.7398411145744886,14,interleaved
14018,18,0,0.6497356918382476,0.45780666120306646,14,interleaved
14019,19,0,0.718563815317963,0.502514170300252,14,interleaved
14020,20,0,0.5160112218362083,0.5012185802797016,14,interleaved
14021,21,0,0.4941926773373207,0.7383744217631812,14,interleaved
14022,22,0,0.6637677976671696,0.40138881759200806,14,interleaved
14023,23,0,0.7739517086774614,0.3523275524520926,14,interleaved
14024,24,0,0.876539288142901,0.4166464945244726,14,interleaved
14025,25,0,0.4123027363385428,0.5423792430363128,14,interleaved
14026,26,0,0.5194555468633413,0.5017172493897805,14,interleaved
14027,27,0,0.4627411068703571,0.36125663129378927,14,interleaved
14028,28,0,0.6585081689210391,0.681902446490505,14,interleaved
14029,29,0,0.09827302957450516,0.5594368191787702,14,interleaved
14030,30,0,0.6993323576531211,0.44114946319534043,14,interleaved
14031,31,0,0.6794340666677484,0.5213367902407395,14,interleaved
14032,32,0,0.6891557584926764,0.49377517193260256,14,interleaved
14033,33,0,0.6809315120792622,0.645185865648608,14,interleaved
14034,34,0,0.7189904629015489,0.592126049760896,14,interleaved
14035,35,0,0.37511179912264664,0.6167942334660783,14,interleaved
14036,36,0,0.2622127586490043,0.40823983296781347,14,interleaved
14037,37,0,0.3645768659546651,0.4494011165068885,14,interleaved
14038,38,0,0.5504529362261141,0.49806491177499224,14,interleaved
14039,39,0,0.4882036200732063,0.6901302593232663,14,interleaved
14040,40,0,0.516265997833874,0.41862942683822857,14,interleaved
14041,41,0,0.14086630711988424,0.4634421117383719,14,interleaved
14042,42,0,0.5346638098025641,0.3680569921063729,14,interleaved
14043,43,0,0.11480156460569124,0.40182908150099617,14,interleaved
14044,44,0,0.5038951273659084,0.5195798923064507,14,interleaved
14045,45,0,0.7800729170721736,0.3617964563067585,14,interleaved
14046,46,0,0.47656384002585284,0.4919901478586006,14,interleaved
14047,47,0,0.9525626465281335,0.4326215400487792,14,interleaved
14048,48,0,0.230485620983805,0.6271645453480668,14,interleaved
14049,49,0,0.2382568701111062,0.6073983287425411,14,interleaved
14050,50,0,0.7471491509280436,0.594286499064349,14,interleaved
14051,51,0,0.2769923689451829,0.6052819292329715,14,interleaved
14052,52,0,0.4584973487262151,0.5738030603083689,14,interleaved
14053,53,0,0.3756409678847695,0.4811065210685996,14,interleaved
14054,54,0,0.16443174522555504,0.6154995105271315,14,interleaved
14055,55,0,0.4511231799215859,0.42491682102467465,14,interleaved
14056,56,0,0.4218342208977051,0.390322054904362,14,interleaved
14057,57,0,0.6210889769399448,0.4719771863818151,14,interleaved
14058,58,0,0.6125390675380114,0.4745240263661784,14,interleaved
14059,59,0,0.5915699791876973,0.4140797878516248,14,interleaved
14060,60,0,0.8280961313086569,0.4134854673990459,14,interleaved
14061,61,0,0.24870872159274135,0.5340501660949273,14,interleaved
14062,62,0,0.3891402591836143,0.4484759864534419,14,interleaved
14063,63,0,0.9066610883146347,0.4073359875553755,14,interleaved
14064,64,0,0.4677803954551233,0.5636084511023849,14,interleaved
14065,65,0,0.2694367459051793,0.5740118884304741,14,interleaved
14066,66,0,0.17137238674642105,0.6378486060864762,14,interleaved
14067,67,0,0.2748540584764063,0.5449516448992675,14,interleaved
14068,68,0,0.38678465578261606,0.48031474471282143,14,interleaved
14069,69,0,0.36462549114373904,0.5368972988829108,14,interleaved
14070,70,0,0.2969880991191824,0.5331344151875294,14,interleaved
14071,71,0,0.5943362713017085,0.5082369244108897,14,interleaved
14072,72,0,0.27263660450581123,0.5851025762681312,14,interleaved
14073,73,0,0.5906894808392814,0.4155634480007641,14,interleaved
14074,74,0,0.6479797165776757,0.35887331929621136,14,interleaved
14075,75,0,0.8968852785448633,0.5041186337883556,14,interleaved
14076,76,0,0.5183992207335053,0.4636250250644318,14,interleaved
14077,77,0,0.9657876695092761,0.34647720294483936,14,interleaved
14078,78,0,0.4940265429356233,0.519269514835686,14,interleaved
14079,79,0,0.43416022728936626,0.7421011974138219,14,interleaved
14080,80,0,0.720948041470696,0.34736083688940256,14,interleaved
14081,81,0,0.5892091117443743,0.38323621579472605,14,interleaved
14082,82,0,0.2880057788150269,0.3278472282755871,14,interleaved
14083,83,0,0.39043941035334523,0.5842147970152421,14,interleaved
14084,84,0,0.598668216885222,0.4982564364950631,14,interleaved
14085,85,0,0.511425859545233,0.425596839969136,14,interleaved
14086,86,0,0.6475360345967431,0.4775055317830019,14,interleaved
14087,87,0,0.49564120451827154,0.4714499310919397,14,interleaved
14088,88,0,0.7191631644696639,0.4121414164421161,14,interleaved
14089,89,0,0.8531154809771087,0.4096256448676563,14,interleaved
14090,90,0,0.5181508688823132,0.556385049396415,14,interleaved
14091,91,0,0.07812962869443113,0.37917477637618147,14,interleaved
14092,92,0,0.501617505590904,0.46531799143050423,14,interleaved
14093,93,0,0.1843670216927671,0.4918603620943389,14,interleaved
14094,94,0,0.6401299483631123,0.3911627146594642,14,interleaved
14095,95,0,0.4382807874489144,0.4284131848112264,14,interleaved
14096,96,0,0.7816116112267727,0.3062772663651262,14,interleaved
14097,97,0,0.1547741181315679,0.45047500813735414,14,interleaved
14098,98,0,0.6301854199691458,0.32041553813241297,14,interleaved
14099,99,0,0.6245112363231315,0.5896321167655223,14,interleaved
14100,100,0,0.3193930095966189,0.49144626418679965,14,interleaved
14101,101,0,0.12112360310694271,0.5308769417033551,14,interleaved
14102,102,0,0.8112675871099833,0.5547032996443386,14,interleaved
14103,103,0,0.4598916120956565,0.3582119831412619,14,interleaved
14104,104,0,0.6144065074754433,0.29836278727968935,14,interleaved
14105,105,0,0.5027334353226552,0.4043892142829253,14,interleaved
14106,106,0,0.7074819430260313,0.38031411857552794,14,interleaved
14107,107,0,0.37793323552418123,0.4597542900623436,14,interleaved
14108,108,0,0.6106797928183592,0.4970924759079749,14,interleaved
14109,109,0,0.42277200563680173,0.4511226288269812,14,interleaved
14110,110,0,0.8193956877849422,0.4881598709963383,14,interleaved
14111,111,0,0.30158617805440757,0.2688895282062822,14,interleaved
14112,112,0,0.2534774345067071,0.4782680550805153,14,interleaved
14113,113,0,0.46152514786858023,0.37957596211420663,14,interleaved
14114,114,0,0.33652696277553257,0.3789508763598077,14,interleaved
14115,115,0,0.6487268815492696,0.37260524776066234,14,interleaved
14116,116,0,0.44581359462302594,0.3729922831100076,14,interleaved
14117,117,0,0.3863318785874701,0.4530577396429004,14,interleaved
14118,118,0,0.7465308842348044,0.41029396663732887,14,interleaved
14119,119,0,0.5120580010933684,0.35613839636285716,14,interleaved
14120,120,0,0.33997340164727624,0.3122811651043977,14,interleaved
14121,121,0,0.3061424705316411,0.6067498602979754,14,interleaved
14122,122,0,0.5490143601515912,0.4014732672545793,14,interleaved
14123,123,0,0.22893639324336645,0.5384042403732294,14,interleaved
14124,124,0,0.4446794725907551,0.4919207455567432,14,interleaved
14125,125,0,0.6204681057035148,0.35498711054203735,14,interleaved
14126,126,0,0.8808968444888035,0.41609191232474474,14,interleaved
14127,127,0,0.47320939322657385,0.32073704891865584,14,interleaved
14128,128,0,0.8303019690607089,0.44098034194222246,14,interleaved
14129,129,0,0.6949486778408138,0.3544314655627031,14,interleaved
14130,130,0,0.9911713808647069,0.4103575542347371,14,interleaved
14131,131,0,0.21484525794868678,0.46587000313946914,14,interleaved
14132,132,0,0.4149721909630365,0.48512023777689706,14,interleaved
14133,133,0,0.5175538998902367,0.3102179992225034,14,interleaved
14134,134,0,0.6247230362108136,0.5311123160554713,14,interleaved
14135,135,0,0.6281932271261567,0.4190010579782271,14,interleaved
14136,136,0,0.9348330008157811,0.38975372763118504,14,interleaved
14137,137,0,0.348558007627629,0.37883975696093797,14,interleaved
14138,138,0,0.5130892253338508,0.5506199706974308,14,interleaved
14139,139,0,0.17282950682760173,0.32064545935086564,14,interleaved
14140,140,0,0.9231998385585254,0.6044415769034464,14,interleaved
14141,141,0,0.5359754480752794,0.5124128045450441,14,interleaved
14142,142,0,0.45557701226091984,0.48304023627903053,14,interleaved
14143,143,0,0.45356898894632874,0.435801209863444,14,interleaved
14144,144,0,0.5629245295646299,0.5866606612464289,14,interleaved
14145,145,0,0.5263730845048132,0.4908605803703827,14,interleaved
14146,146,0,0.295368702502826,0.4595335778972741,14,interleaved
14147,147,0,0.4275746114246108,0.38410998859253587,14,interleaved
14148,148,0,0.8461865104523902,0.5431915445456101,14,interleaved
14149,149,0,0.6069256445328193,0.3758163980572139,14,interleaved
14150,150,0,0.6605244181150793,0.4235778854588004,14,interleaved
14151,151,0,0.557783995245259,0.5201704770079738,14,interleaved
14152,152,0,0.6560045578661473,0.4073962059738553,14,interleaved
14153,153,0,0.8818311458646759,0.4423710849264282,14,interleaved
14154,154,0,0.7316712695724394,0.4410743944122585,14,interleaved
14155,155,0,0.1883623956251088,0.5994208024515244,14,interleaved
14156,156,0,0.22297316312824217,0.309216983880109,14,interleaved
14157,157,0,0.6217823206242638,0.2543606647056604,14,interleaved
14158,158,0,0.6400691457300647,0.38880774741373786,14,interleaved
14159,159,0,0.49102807779541846,0.4491511077412341,14,interleaved
14160,160,0,0.41875159434187137,0.33229633767506894,14,interleaved
14161,161,0,0.9736863934971176,0.2794510191327156,14,interleaved
14162,162,0,0.3781841363519372,0.4772533103758211,14,interleaved
14163,163,0,0.5687513774361813,0.39404520476050114,14,interleaved
14164,164,0,0.8833756614852061,0.2563243695099622,14,interleaved
14165,165,0,0.4624290287456567,0.44896158828402566,14,interleaved
14166,166,0,0.4594275449242647,0.43505797144805103,14,interleaved
14167,167,0,0.8433052042901477,0.25489401594805206,14,interleaved
14168,168,0,0.15624173701688307,0.2737517920658873,14,interleaved
14169,169,0,0.9752525340314906,0.29129128206310617,14,interleaved
14170,170,0,0.9743540055529991,0.3533626304133294,14,interleaved
14171,171,0,0.5134740540405976,0.32512414571811654,14,interleaved
14172,172,0,0.29429903608990243,0.2976514050469595,14,interleaved
14173,173,0,0.49471924367170406,0.3866700567430503,14,interleaved
14174,174,0,0.13552270898164526,0.47443422273313207,14,interleaved
14175,175,0,0.6989942986361584,0.42900696228522256,14,interleaved
14176,176,0,0.4904158441937611,0.5224280513268726,14,interleaved
14177,177,0,0.9911182504011894,0.41146757086947794,14,interleaved
14178,178,0,0.9320069513726046,0.3684107961323164,14,interleaved
14179,179,0,0.429662361733162,0.41039989857852655,14,interleaved
14180,180,0,0.920089977652057,0.36473454975087843,14,interleaved
14181,181,0,0.24598121273907725,0.41790353190595075,14,interleaved
14182,182,0,0.31607466039669,0.3349026428197376,14,interleaved
14183,183,0,0.5805931746109946,0.4978464494848105,14,interleaved
14184,184,0,0.7887574176957137,0.3292259880160434,14,interleaved
14185,185,0,0.32558985545135455,0.3905400546127143,14,interleaved
14186,186,0,0.5311561684238404,0.355171327466284,14,interleaved
14187,187,0,0.4200112330926058,0.4351006187475679,14,interleaved
14188,188,0,0.7049573904811725,0.5504462217728583,14,interleaved
14189,189,0,0.04836829516867018,0.47691967903207144,14,interleaved
14190,190,0,0.2754471766003254,0.4367283514183736,14,interleaved
14191,191,0,0.24389916551852223,0.2697173512873522,14,interleaved
14192,192,0,0.7978633334491776,0.38695070329253023,14,interleaved
14193,193,0,0.8716229613671338,0.380938182955494,14,interleaved
14194,194,0,0.5458334378263802,0.35176438387433684,14,interleaved
14195,195,0,0.7008185117160792,0.2861302610080694,14,interleaved
14196,196,0,0.7064444971380859,0.32848896224023383,14,interleaved
14197,197,0,0.2728934241859169,0.4809229847357442,14,interleaved
14198,198,0,0.6077325253185343,0.30002940627764546,14,interleaved
14199,199,0,0.468041862725541,0.3905374776754078,14,interleaved
14200,0,0,0.9644767928920193,0.6109400110101502,14,blocked
14201,1,0,0.02245071273434903,0.6933030358125862,14,blocked
14202,2,0,0.9512509698305198,0.529208045883622,14,blocked
14203,3,0,0.8159583471542812,0.5348627330902362,14,blocked
14204,4,0,0.9661522109628533,0.615772537348733,14,blocked
14205,5,0,0.2777646318554158,0.5460311987573664,14,blocked
14206,6,0,0.6196436288608345,0.4457552598985154,14,blocked
14207,7,0,0.31133318432686413,0.4915135850409449,14,blocked
14208,8,0,0.4800005132311176,0.4798338383157178,14,blocked
14209,9,0,0.27803828343317133,0.43446209504028455,14,blocked
14210,10,0,0.3162580312886458,0.44446913868178445,14,blocked
14211,11,0,0.3277175388481476,0.5054461964415982,14,blocked
14212,12,0,0.2088155916751022,0.40176768492410175,14,blocked
14213,13,0,0.871045838241157,0.4906184563119156,14,blocked
14214,14,0,0.8339645860005733,0.5659730199824038,14,blocked
14215,15,0,0.9793077971521924,0.48786914607529946,14,blocked
14216,16,0,0.5166983761904196,0.4152727491838355,14,blocked
14217,17,0,0.733466455974328,0.4952688994122876,14,blocked
14218,18,0,0.44263967165062373,0.48079342552451443,14,blocked
14219,19,0,0.6284016639394101,0.36495771167546653,14,blocked
14220,20,0,0.14579133595550453,0.4640614927431541,14,blocked
14221,21,0,0.1959978952047606,0.48061310503914567,14,blocked
14222,22,0,0.7909482880863439,0.38991911939504864,14,blocked
14223,23,0,0.6657745118609595,0.5695821438710877,14,blocked
14224,24,0,0.9075357889202514,0.45956713548034256,14,blocked
14225,25,0,0.6219904085923098,0.5609438972132313,14,blocked
14226,26,0,0.7805164801692432,0.31777461977988347,14,blocked
14227,27,0,0.6573716395851681,0.38404988726212363,14,blocked
14228,28,0,0.5481117814931359,0.512557840053417,14,blocked
14229,29,0,0.5857154729671523,0.28667418642615583,14,blocked
14230,30,0,0.5466146478346499,0.46998950140066764,14,blocked
14231,31,0,0.47855709345224073,0.5404747046051125,14,blocked
14232,32,0,0.6536534963788218,0.6125981200297567,14,blocked
14233,33,0,0.8231770028486676,0.28220520219769696,14,blocked
14234,34,0,0.8856916411011149,0.337047454581893,14,blocked
14235,35,0,0.32474011047853896,0.3623531455362081,14,blocked
14236,36,0,0.5750245859266796,0.47162593246767437,14,blocked
14237,37,0,0.3256246055961199,0.3321723347783644,14,blocked
14238,38,0,0.7214100405968917,0.46334406081560664,14,blocked
14239,39,0,0.5278631279044165,0.5726301706242177,14,blocked
14240,40,0,0.44761679962119527,0.5221525746395002,14,blocked
14241,41,0,0.4459732037613573,0.5559102242949587,14,blocked
14242,42,0,0.12375080792616822,0.6624992848237384,14,blocked
14243,43,0,0.4346179159959448,0.4462200984312887,14,blocked
14244,44,0,0.1809155296520986,0.43057580556714337,14,blocked
14245,45,0,0.49162077121912473,0.5272127642561416,14,blocked
14246,46,0,0.6742291308601414,0.382365460422301,14,blocked
14247,47,0,0.47209795527787596,0.563706342967622,14,blocked
14248,48,0,0.6264379457007604,0.48006498153932087,14,blocked
14249,49,0,0.8163320166781931,0.47217602179980234,14,blocked
14250,50,0,0.6258400779170518,0.5512599182935343,14,blocked
14251,51,0,0.5841952136319111,0.36913997572145957,14,blocked
14252,52,0,0.714241870832318,0.37149281609812596,14,blocked
14253,53,0,0.7398496434153057,0.5612213400329306,14,blocked
14254,54,0,0.8032197224397093,0.553667244056525,14,blocked
14255,55,0,0.34323116312582946,0.47585521062291614,14,blocked
14256,56,0,0.49258068549627526,0.33882383160594554,14,blocked
14257,57,0,0.13124117557504178,0.4970405961863782,14,blocked
14258,58,0,0.8887749322636762,0.3948113984192367,14,blocked
14259,59,0,0.5212027259583012,0.29871874137751137,14,blocked
14260,60,0,0.5144400360600975,0.38329076903353493,14,blocked
14261,61,0,0.6243438129804414,0.4551567784197028,14,blocked
14262,62,0,0.263095047252134,0.32377463388268124,14,blocked
14263,63,0,0.5298057006377769,0.4634865218093288,14,blocked
14264,64,0,0.3926725110542066,0.4791456847775567,14,blocked
14265,65,0,0.6020659280659959,0.39241703454909793,14,blocked
14266,66,0,0.5129854579816239,0.4163859810312183,14,blocked
14267,67,0,0.3506746394879008,0.3314875598017708,14,blocked
14268,68,0,0.43364189033175987,0.38706694370040073,14,blocked
14269,69,0,0.5069065677002316,0.2991126351777622,14,blocked
14270,70,0,0.23298234143298183,0.4189145926951826,14,blocked
14271,71,0,0.4743161128102241,0.45450442138491054,14,blocked
14272,72,0,0.6176457659358606,0.4214182292094877,14,blocked
14273,73,0,0.4461686244018974,0.5441091627559634,14,blocked
14274,74,0,0.4133138336034538,0.36247935878580095,14,blocked
14275,75,0,0.4924400819987134,0.39551326981135926,14,blocked
14276,76,0,0.9168106850268589,0.49035937971243254,14,blocked
14277,77,0,0.6520232562204266,0.42534200939304667,14,blocked
14278,78,0,0.679854680269943,0.37336687543695635,14,blocked
14279,79,0,0.31935825805811635,0.4988573357407581,14,blocked
14280,80,0,0.04682708015943399,0.4408279302167993,14,blocked
14281,81,0,0.5815680438488093,0.3910247976089974,14,blocked
14282,82,0,0.9546390064637694,0.3673925710654118,14,blocked
14283,83,0,0.9793984187925917,0.395786292155078,14,blocked
14284,84,0,0.2542167125374096,0.36910548581474645,14,blocked
14285,85,0,0.5920534114279344,0.6058183142080698,14,blocked
14286,86,0,0.5106262793594193,0.2418432722641315,14,blocked
14287,87,0,0.19090241971753272,0.4134070571523436,14,blocked
14288,88,0,0.3223357631372707,0.4737052867144128,14,blocked
14289,89,0,0.5288376959751425,0.5154985642217204,14,blocked
14290,90,0,0.5726571515326453,0.5403774547885725,14,blocked
14291,91,0,0.47078145155339857,0.33551402371026107,14,blocked
14292,92,0,0.7515229420101415,0.3572082301919778,14,blocked
14293,93,0,0.35325931073149336,0.3147750281274746,14,blocked
14294,94,0,0.8656590674662398,0.32478877284370367,14,blocked
14295,95,0,0.3658479225286206,0.4527957625952453,14,blocked
14296,96,0,0.5297136006949985,0.3549901357133091,14,blocked
14297,97,0,0.9630870798629501,0.43949396595346857,14,blocked
14298,98,0,0.5212960353911267,0.4382898753755492,14,blocked
14299,99,0,0.32373078745431955,0.5192692458694944,14,blocked
14300,100,0,0.3581432976899608,0.34770180112225524,14,blocked
14301,101,0,0.29124851913837074,0.5168203109377125,14,blocked
14302,102,0,0.6800560210334616,0.5558883229513876,14,blocked
14303,103,0,0.5171616503123535,0.3291209716683019,14,blocked
14304,104,0,0.6227514643001602,0.3903593865845599,14,blocked
14305,105,0,0.6822448325796053,0.2989647617733854,14,blocked
14306,106,0,0.6915391337091907,0.5129396170350429,14,blocked
14307,107,0,0.6730172744711342,0.4633223518795044,14,blocked
14308,108,0,0.32567578029037725,0.5264990860341041,14,blocked
14309,109,0,0.9511888416033063,0.572685088516559,14,blocked
14310,110,0,0.8222723539731092,0.5097508821282811,14,blocked
14311,111,0,0.8248026742712201,0.43646543730478393,14,blocked
14312,112,0,0.8954708944174332,0.4236504896409018,14,blocked
14313,113,0,0.5861713639024286,0.40779598981383874,14,blocked
14314,114,0,0.8382868569373079,0.4694046967692267,14,blocked
14315,115,0,0.5007271325332746,0.39396149713372874,14,blocked
14316,116,0,0.07283160865056339,0.6129333012671947,14,blocked
14317,117,0,0.9416579175386377,0.2257499042046036,14,blocked
14318,118,0,0.2563310591751844,0.4590204709725909,14,blocked
14319,119,0,0.6250029962849026,0.43737026171363425,14,blocked
14320,120,0,0.5185387489826949,0.34532395933232407,14,blocked
14321,121,0,0.39017391260140966,0.4771441913110249,14,blocked
14322,122,0,0.547549029126676,0.29163451220956466,14,blocked
14323,123,0,0.2596306536703126,0.4164648358935453,14,blocked
14324,124,0,0.34689709771433164,0.36905133123040135,14,blocked
14325,125,0,0.256027553521124,0.4641873089970645,14,blocked
14326,126,0,0.6758327514833237,0.4432136832897764,14,blocked
14327,127,0,0.5754388548411369,0.34261147546611603,14,blocked
14328,128,0,0.523386438296061,0.3227380354331961,14,blocked
14329,129,0,0.532950650981297,0.33520707657611426,14,blocked
14330,130,0,0.4944716310207917,0.45556622183980305,14,blocked
14331,131,0,0.6397239258559512,0.5204580051377794,14,blocked
14332,132,0,0.8536220042336162,0.5126427116189265,14,blocked
14333,133,0,0.7152315359780153,0.4703457535710585,14,blocked
14334,134,0,0.43416782040012103,0.41759577738386666,14,blocked
14335,135,0,0.4211552223592767,0.4579687113800084,14,blocked
14336,136,0,0.42695898802107557,0.4896213623511968,14,blocked
14337,137,0,0.5081151653502618,0.544877068088841,14,blocked
14338,138,0,0.27675228418941605,0.4297008314684424,14,blocked
14339,139,0,0.5994938828253576,0.3885946845279523,14,blocked
14340,140,0,0.5701375916066116,0.3966452054021893,14,blocked
14341,141,0,0.5665106457045566,0.3552768902135538,14,blocked
14342,142,0,0.5402711288368255,0.3894407165583743,14,blocked
14343,143,0,0.6789067692359143,0.46015140937551136,14,blocked
14344,144,0,0.14978647922370342,0.5336631821614435,14,blocked
14345,145,0,0.6375901327220076,0.4520204846360756,14,blocked
14346,146,0,0.6345744721823854,0.3732699506548135,14,blocked
14347,147,0,0.8881574408234217,0.3395027840730837,14,blocked
14348,148,0,0.28495287756799326,0.28920482780011547,14,blocked
14349,149,0,0.5098348337596151,0.2875415217343734,14,blocked
14350,150,0,0.8606166369479757,0.3541355235729834,14,blocked
14351,151,0,0.2069888822290071,0.41499454603402525,14,blocked
14352,152,0,0.35446521684888743,0.46347718731244747,14,blocked
14353,153,0,0.5372173172008063,0.25818575476013045,14,blocked
14354,154,0,0.5824027310372053,0.35247729044838094,14,blocked
14355,155,0,0.2452943492302521,0.544244341482991,14,blocked
14356,156,0,0.6951561437289802,0.4491768933500089,14,blocked
14357,157,0,0.20071454969989358,0.35194444977243433,14,blocked
14358,158,0,0.5350195870751719,0.36703551289365455,14,blocked
14359,159,0,0.5016359639665833,0.42233066414258036,14,blocked
14360,160,0,0.797177296601763,0.29552938215158786,14,blocked
14361,161,0,0.896525854621621,0.42585219266812746,14,blocked
14362,162,0,0.39076305878995554,0.39176617158790583,14,blocked
14363,163,0,0.7968301348821948,0.32023850396637843,14,blocked
14364,164,0,0.38222305715410126,0.3525662335380141,14,blocked
14365,165,0,0.7938596953054532,0.4507373005003227,14,blocked
14366,166,0,0.565532357110914,0.48773423806864313,14,blocked
14367,167,0,0.7772418755051502,0.5208881514130167,14,blocked
14368,168,0,0.816526451222407,0.4214760524769887,14,blocked
14369,169,0,0.6578780854925754,0.3866405049246465,14,blocked
14370,170,0,0.49076828272243916,0.283333657825367,14,blocked
14371,171,0,0.7407305271749534,0.43465952837155053,14,blocked
14372,172,0,0.6039813088772994,0.41082958127894204,14,blocked
14373,173,0,0.4768424128997947,0.44154910164461136,14,blocked
14374,174,0,0.6057256926352765,0.417016716559255,14,blocked
14375,175,0,0.5837505254315183,0.30724636885650014,14,blocked
14376,176,0,0.6769877032654581,0.3824591906767941,14,blocked
14377,177,0,0.344825429003002,0.2966807458717512,14,blocked
14378,178,0,0.5354305458299435,0.2735729919162161,14,blocked
14379,179,0,0.3194469034962268,0.37825392156768467,14,blocked
14380,180,0,0.7656807823099689,0.31465207530317385,14,blocked
14381,181,0,0.7158031664367058,0.4649128468402987,14,blocked
14382,182,0,0.09933176572038437,0.5331530222790529,14,blocked
14383,183,0,0.12046453496615234,0.4561827608111001,14,blocked
14384,184,0,0.41373537891132406,0.38945366661273867,14,blocked
14385,185,0,0.2638290295899881,0.3529263782297145,14,blocked
14386,186,0,0.4763419836550881,0.3139499448947032,14,blocked
14387,187,0,0.40948583562937163,0.2921777892674232,14,blocked
14388,188,0,0.6419785177245885,0.32878818266233134,14,blocked
14389,189,0,0.5764638588239619,0.47828926083094964,14,blocked
14390,190,0,0.759038780869197,0.399054622572818,14,blocked
14391,191,0,0.20829412161929228,0.44211132318566726,14,blocked
14392,192,0,0.258227656342966,0.664901319408635,14,blocked
14393,193,0,0.48227860821908225,0.3586904961979782,14,blocked
14394,194,0,0.1252509982760352,0.4965021003401702,14,blocked
14395,195,0,0.5424129801935398,0.41860573361615727,14,blocked
14396,196,0,0.4556425272019962,0.32575495677535143,14,blocked
14397,197,0,0.7368038325127026,0.5296996274926634,14,blocked
14398,198,0,0.3901798075134354,0.3649481778454876,14,blocked
14399,199,0,0.6749485423126835,0.3657913386386467,14,blocked
14400,0,0,0.5836921328837008,0.6409396289149278,14,early
14401,1,0,0.04272217059407012,0.6257498711327705,14,early
14402,2,0,0.7506567071388253,0.43287520751098196,14,early
14403,3,0,0.7593687014100792,0.46552753814659265,14,early
14404,4,0,0.8553401130934246,0.48275899854649656,14,early
14405,5,0,0.03640733760622113,0.5641542586065045,14,early
14406,6,0,0.742982607898679,0.46994877239218363,14,early
14407,7,0,0.6451125514537046,0.4131890469318356,14,early
14408,8,0,0.6191193831893803,0.3271896769704451,14,early
14409,9,0,0.6095346082189275,0.4078092158837116,14,early
14410,10,0,0.7561935789844985,0.45901840469799504,14,early
14411,11,0,0.39013300402356366,0.39901596618422086,14,early
14412,12,0,0.7000009883418585,0.41381217768957207,14,early
14413,13,0,0.8072693181696071,0.5429398258308691,14,early
14414,14,0,0.9844301048136399,0.371612701439061,14,early
14415,15,0,0.1657629238135298,0.4698026545936155,14,early
14416,16,0,0.2162132835776265,0.4780772439461859,14,early
14417,17,0,0.8578447717769755,0.3693099888445909,14,early
14418,18,0,0.28377679282362966,0.4818678374837485,14,early
14419,19,0,0.3646737827977693,0.6106431618294423,14,early
14420,20,0,0.9614260144260705,0.4787526898645964,14,early
14421,21,0,0.8446653446774496,0.5071488057110445,14,early
14422,22,0,0.9043957599014907,0.31584674836958165,14,early
14423,23,0,0.873337861236398,0.4925054366482658,14,early
14424,24,0,0.9055132573950413,0.48780446678023875,14,early
14425,25,0,0.47117382339524405,0.4670716376867639,14,early
14426,26,0,0.8876843862283796,0.4354936434502231,14,early
14427,27,0,0.8940534729963762,0.48671535445448944,14,early
14428,28,0,0.49920329190806734,0.35263409450747896,14,early
14429,29,0,0.44425909139163516,0.5387511049112184,14,early
14430,30,0,0.5759572711569494,0.500935143166398,14,early
14431,31,0,0.9815892802248648,0.4223287099275712,14,early
14432,32,0,0.36281078500489555,0.3481516742440087,14,early
14433,33,0,0.4212649782600656,0.33688509254299226,14,early
14434,34,0,0.7657826605272866,0.39827320973431835,14,early
14435,35,0,0.7261877210298711,0.40672777853204667,14,early
14436,36,0,0.8200374725127288,0.4084933391658374,14,early
14437,37,0,0.9518466246850797,0.43118485233291415,14,early
14438,38,0,0.6959227981020785,0.531907167941514,14,early
14439,39,0,0.9608596310316497,0.4309985016590032,14,early
14440,40,0,0.19589699909455993,0.5295933790709773,14,early
14441,41,0,0.14377441656466106,0.44503745324399113,14,early
14442,42,0,0.30356154319061335,0.41762056867995623,14,early
14443,43,0,0.30132981980945694,0.4769146889746875,14,early
14444,44,0,0.5573648012681458,0.4620664855564143,14,early
14445,45,0,0.5633699297280934,0.4781494475129177,14,early
14446,46,0,0.4559000883233546,0.4478365244337172,14,early
14447,47,0,0.6211657987768531,0.5827701447922339,14,early
14448,48,0,0.40008494687423923,0.44236850673173406,14,early
14449,49,0,0.44812218746882526,0.3844676709030862,14,early
14450,50,0,0.19842684023159837,0.4574209473991021,14,early
14451,51,0,0.4606026654881298,0.4801851418385841,14,early
14452,52,0,0.4178909745460908,0.48791706074711183,14,early
14453,53,0,0.5431522616938975,0.37473311963941214,14,early
14454,54,0,0.24796378107911113,0.412921345253775,14,early
14455,55,0,0.5910357642664503,0.3342796060903056,14,early
14456,56,0,0.49329811758094355,0.4048568496383206,14,early
14457,57,0,0.738553942661034,0.37954481126537876,14,early
14458,58,0,0.5653901703315123,0.36643149266944297,14,early
14459,59,0,0.12231549734578247,0.3577190880804504,14,early
14460,60,0,0.6361628676241924,0.3664106252920682,14,early
14461,61,0,0.6540056004576382,0.3899648073891412,14,early
14462,62,0,0.02740575349801587,0.6099217656650995,14,early
14463,63,0,0.6355371828877485,0.3354076133704124,14,early
14464,64,0,0.8740858279864043,0.43244185591983797,14,early
14465,65,0,0.06515421086047626,0.34209751053869,14,early
14466,66,0,0.09874370083554647,0.4682498117077405,14,early
14467,67,0,0.737103536930382,0.37374866700530596,14,early
14468,68,0,0.5076040822106712,0.5287874000589422,14,early
14469,69,0,0.18258096089299863,0.5040962529820407,14,early
14470,70,0,0.5765170817441816,0.485155320596687,14,early
14471,71,0,0.5720270571842659,0.47771027251179066,14,early
14472,72,0,0.15671255712551296,0.4578714067811285,14,early
14473,73,0,0.19939658453295872,0.40720659706222717,14,early
14474,74,0,0.44697917847960333,0.5220053037054033,14,early
14475,75,0,0.6102575859609594,0.44633424444974934,14,early
14476,76,0,0.5108993156981729,0.41008530757159756,14,early
14477,77,0,0.5994722662437666,0.47236088719014657,14,early
14478,78,0,0.7057747790549088,0.3733868844706814,14,early
14479,79,0,0.2826462437720756,0.4222181132264542,14,early
14480,80,0,0.41658768885544795,0.3919186365714764,14,early
14481,81,0,0.7143367393566055,0.31122317171632563,14,early
14482,82,0,0.5476773425750484,0.3948056313118181,14,early
14483,83,0,0.3159908609542095,0.3849622347310521,14,early
14484,84,0,0.25731581783532403,0.3909929344697638,14,early
14485,85,0,0.27017399294547984,0.36959839358127866,14,early
14486,86,0,0.624278196716066,0.40408218712035127,14,early
14487,87,0,0.40939799497532287,0.40041666158917677,14,early
14488,88,0,0.8120890705850967,0.42567082198902007,14,early
14489,89,0,0.6135903652048553,0.3556314808209221,14,early
14490,90,0,0.8902784105024534,0.2946696198874741,14,early
14491,91,0,0.8097706952202723,0.38216639721217427,14,early
14492,92,0,0.5832847932291381,0.37236938102048667,14,early
14493,93,0,0.5410159727937396,0.38417286590305977,14,early
14494,94,0,0.8968811671207677,0.4367056567792453,14,early
14495,95,0,0.36831578498435485,0.5989663628617283,14,early
14496,96,0,0.5798818780618382,0.37556578488556236,14,early
14497,97,0,0.4891737074658184,0.35084061821396495,14,early
14498,98,0,0.8526619085411945,0.3893977406940353,14,early
14499,99,0,0.5776294266484601,0.36227233368088385,14,early
14500,100,0,0.9540171918217175,0.35943094687882854,14,early
14501,101,0,0.7218972311721379,0.6999612717652243,14,early
14502,102,0,0.7651704210240093,0.274287645387101,14,early
14503,103,0,0.8972066315129656,0.33399431613192165,14,early
14504,104,0,0.5252375763035365,0.4553534314489961,14,early
14505,105,0,0.6600770034900373,0.4076502540259479,14,early
14506,106,0,0.2903532025903234,0.4801751177900754,14,early
14507,107,0,0.8699094679739103,0.4818420564642882,14,early
14508,108,0,0.9663820584264792,0.288267123570768,14,early
14509,109,0,0.5358248795647987,0.43809133015587376,14,early
14510,110,0,0.8795167634036087,0.30344196739248536,14,early
14511,111,0,0.7880149529867992,0.5035160581729378,14,early
14512,112,0,0.48548616080972934,0.44824917950453386,14,early
14513,113,0,0.6989018870298471,0.40215576745820814,14,early
14514,114,0,0.5176216149233428,0.38832358586516424,14,early
14515,115,0,0.5482823521477417,0.4541515549465516,14,early
14516,116,0,0.6240089221650178,0.3008803851965487,14,early
14517,117,0,0.8879979254585848,0.40985834072621885,14,early
14518,118,0,0.41020574217984057,0.4610237299533656,14,early
14519,119,0,0.4755564165590287,0.37633070685344683,14,early
14520,120,0,0.8118876683332201,0.4677520073518443,14,early
14521,121,0,0.563812009099078,0.312921593541436,14,early
14522,122,0,0.4311903429313251,0.4508468513845726,14,early
14523,123,0,0.6080822260149662,0.3692663347348346,14,early
14524,124,0,0.5907129468252843,0.4119571715852435,14,early
14525,125,0,0.9714860592310761,0.31694166374764204,14,early
14526,126,0,0.5033619873587039,0.3041114477938763,14,early
14527,127,0,0.8646241730048245,0.47380876808388056,14,early
14528,128,0,0.49639194146080895,0.45444291493932043,14,early
14529,129,0,0.395024610331304,0.36054057056594985,14,early
14530,130,0,0.7074812321830575,0.27630893466734996,14,early
14531,131,0,0.4177537645931573,0.3571396552921102,14,early
14532,132,0,0.6138610165813813,0.39913523186250544,14,early
14533,133,0,0.5731595744233569,0.4153876173255927,14,early
14534,134,0,0.15443493073082343,0.40519746577495724,14,early
14535,135,0,0.5221194643500408,0.48491956540404674,14,early
14536,136,0,0.38925813711312707,0.3676149275832039,14,early
14537,137,0,0.5106326807795465,0.39111585288498096,14,early
14538,138,0,0.8163734306619637,0.3535700287694331,14,early
14539,139,0,0.6105489196882457,0.573307053675805,14,early
14540,140,0,0.7550123592020833,0.43235183764537755,14,early
14541,141,0,0.6722158135994414,0.2502396852428417,14,early
14542,142,0,0.5727619254513372,0.41942613345307767,14,early
14543,143,0,0.42522220251191417,0.3848368502976628,14,early
14544,144,0,0.48763787024534166,0.36407230080250885,14,early
14545,145,0,0.22325564397491865,0.32406034084169855,14,early
14546,146,0,0.7563428670337883,0.273547928332424,14,early
14547,147,0,0.3950988727898948,0.3284510184539583,14,early
14548,148,0,0.6481738572256485,0.3906667059796346,14,early
14549,149,0,0.5886783261526164,0.34931052486334335,14,early
14550,150,0,0.6769418968799442,0.3783581157975888,14,early
14551,151,0,0.684772625306954,0.3456184443743442,14,early
14552,152,0,0.4877855342167461,0.36421487361786176,14,early
14553,153,0,0.8150332214631255,0.33331155634742293,14,early
14554,154,0,0.9291389143832471,0.2712894614311404,14,early
14555,155,0,0.8424974089051623,0.36234841526602807,14,early
14556,156,0,0.5430615083188436,0.29154867420237507,14,early
14557,157,0,0.5186780108790102,0.379457627977541,14,early
14558,158,0,0.6975759163385233,0.3599118999900889,14,early
14559,159,0,0.6011057437562632,0.3063018232188717,14,early
14560,160,0,0.6573008400487301,0.29629635147495237,14,early
14561,161,0,0.6640321512498085,0.339880558018115,14,early
14562,162,0,0.35264887769932324,0.4195594671297145,14,early
14563,163,0,0.12420616157830869,0.39171160922117043,14,early
14564,164,0,0.7222616404777318,0.4167009215235675,14,early
14565,165,0,0.6033925606416949,0.3329126569589696,14,early
14566,166,0,0.48806193578230533,0.26593921285393723,14,early
14567,167,0,0.10264912823945349,0.32433844729483097,14,early
14568,168,0,0.8339713090238836,0.3206849699625731,14,early
14569,169,0,0.21856956004039474,0.3303733272444831,14,early
14570,170,0,0.4759976521202123,0.37837192803959085,14,early
14571,171,0,0.40860625945307394,0.2738778917779877,14,early
14572,172,0,0.5560925529453082,0.3700551003935263,14,early
14573,173,0,0.8754104391033231,0.326190781367337,14,early
14574,174,0,0.7270785711535965,0.4495074724599234,14,early
14575,175,0,0.7399587070305605,0.41229055864109954,14,early
14576,176,0,0.8047220263068358,0.38474856433254573,14,early
14577,177,0,0.6591272407129551,0.2846366686426821,14,early
14578,178,0,0.9250949581349119,0.31438471287820585,14,early
14579,179,0,0.6678447647598608,0.449190673915722,14,early
14580,180,0,0.5627373396112277,0.2741293178435093,14,early
14581,181,0,0.7547949206627406,0.3480248563069981,14,early
14582,182,0,0.8770570642997413,0.2681826548041385,14,early
14583,183,0,0.527478829957542,0.3984337372350283,14,early
14584,184,0,0.4399224686750504,0.375516510916151,14,early
14585,185,0,0.839070852513692,0.4122548269146076,14,early
14586,186,0,0.4150740781043999,0.42547297526245814,14,early
14587,187,0,0.10047627033667421,0.3837743408267741,14,early
14588,188,0,0.8633641681918178,0.2639330804931721,14,early
14589,189,0,0.9859579454581009,0.26675904492994024,14,early
14590,190,0,0.45130761284955323,0.4348837543213513,14,early
14591,191,0,0.4478497300879385,0.35445313816565127,14,early
14592,192,0,0.735810867592422,0.3139604268039388,14,early
14593,193,0,0.9369583037106051,0.38549569865749544,14,early
14594,194,0,0.9099175236720531,0.3580238912795719,14,early
14595,195,0,0.9836632225684094,0.34956343618833197,14,early
14596,196,0,0.42504893772927504,0.42389053540977384,14,early
14597,197,0,0.9891508798689297,0.3555638955578078,14,early
14598,198,0,0.06755803609277847,0.4767013146580374,14,early
14599,199,0,0.7890217203004244,0.2581704905736044,14,early
14600,0,0,0.9061241688919524,0.6305360750183389,14,middle
14601,1,0,0.37828878901603424,0.6696019427757102,14,middle
14602,2,0,0.0740006818289051,0.6716485283643152,14,middle
14603,3,0,0.8641032132616776,0.6387108116858601,14,middle
14604,4,0,0.5318980816311231,0.403011350825617,14,middle
14605,5,0,0.3613604832118097,0.48711473107539893,14,middle
14606,6,0,0.9125301438275462,0.6617726970394442,14,middle
14607,7,0,0.7372364636588469,0.4469591980522877,14,middle
14608,8,0,0.5382384957695768,0.6019621817462405,14,middle
14609,9,0,0.4592085742630125,0.4160141120413135,14,middle
14610,10,0,0.664026417867579,0.5934937044972878,14,middle
14611,11,0,0.4473276393196415,0.49076949709413303,14,middle
14612,12,0,0.12024273433318167,0.6491619979337232,14,middle
14613,13,0,0.1577166112612416,0.5064097353130036,14,middle
14614,14,0,0.5856528152702145,0.5217427582027978,14,middle
14615,15,0,0.26430168577624086,0.5632167478658683,14,middle
14616,16,0,0.2419903229876231,0.401896018205519,14,middle
14617,17,0,0.41855419663871607,0.4492907390347535,14,middle
14618,18,0,0.392412698056394,0.5000008753187263,14,middle
14619,19,0,0.6348500150463307,0.3228311971725366,14,middle
14620,20,0,0.47228345935530897,0.3856097629966668,14,middle
14621,21,0,0.556046242630915,0.5417832009021539,14,middle
14622,22,0,0.6710911396090269,0.3530297827914767,14,middle
14623,23,0,0.45510396986603713,0.49333531345334813,14,middle
14624,24,0,0.7199875466180601,0.39793325443643934,14,middle
14625,25,0,0.4673298455825191,0.5252854271453637,14,middle
14626,26,0,0.34934747805221356,0.4157801537825849,14,middle
14627,27,0,0.5599643105947711,0.2728481101567278,14,middle
14628,28,0,0.7704401595003756,0.3636767647023195,14,middle
14629,29,0,0.8986079022156177,0.37870219625597557,14,middle
14630,30,0,0.26926661237309824,0.3648452844203677,14,middle
14631,31,0,0.4963547271616788,0.5880928526004348,14,middle
14632,32,0,0.5702548793177797,0.41296716617657964,14,middle
14633,33,0,0.8204243367515855,0.3530067534715514,14,middle
14634,34,0,0.5513973653178957,0.5282254791219176,14,middle
14635,35,0,0.5056591180383785,0.4080698910450073,14,middle
14636,36,0,0.62588842846711,0.3719702419904146,14,middle
14637,37,0,0.6527405070364105,0.4668476247868247,14,middle
14638,38,0,0.6876930800024613,0.37344613652353786,14,middle
14639,39,0,0.1439677748202578,0.6567985938267085,14,middle
14640,40,0,0.20298187780864468,0.5399748610813824,14,middle
14641,41,0,0.6629369218685859,0.5413522015775158,14,middle
14642,42,0,0.564238778330365,0.4005244576623825,14,middle
14643,43,0,0.2423368164732751,0.4001758011724692,14,middle
14644,44,0,0.592451002389529,0.40205817831102464,14,middle
14645,45,0,0.5614898005837775,0.5160806339314993,14,middle
14646,46,0,0.2626014331157852,0.5360694652069835,14,middle
14647,47,0,0.5359433351572398,0.46173225249286853,14,middle
14648,48,0,0.944137971199305,0.36266151580465644,14,middle
14649,49,0,0.1239319916041034,0.5828103972141391,14,middle
14650,50,0,0.899370403274325,0.45972237223061213,14,middle
14651,51,0,0.6814136067475395,0.5138003170826262,14,middle
14652,52,0,0.5914029879981026,0.44236791651523033,14,middle
14653,53,0,0.108378241500543,0.6111556652983645,14,middle
14654,54,0,0.9071325868819587,0.3410388748985689,14,middle
14655,55,0,0.9018130736882745,0.47714791367063103,14,middle
14656,56,0,0.44261506436620757,0.3557629745605547,14,middle
14657,57,0,0.6866383401801377,0.5442864383695843,14,middle
14658,58,0,0.6281773057692761,0.4574564132154577,14,middle
14659,59,0,0.9751088366872265,0.6004913755536712,14,middle
14660,60,0,0.9137613352664646,0.36977526511283587,14,middle
14661,61,0,0.8914244351310892,0.41845429396927886,14,middle
14662,62,0,0.38626095671921035,0.31714516312141405,14,middle
14663,63,0,0.8758007384340125,0.3405819979736553,14,middle
14664,64,0,0.40492073533387996,0.39344354925915936,14,middle
14665,65,0,0.29825817526225085,0.3918088902037138,14,middle
14666,66,0,0.6319710396978385,0.39140631667325954,14,middle
14667,67,0,0.746240351403042,0.375011569545105,14,middle
14668,68,0,0.21966344880817187,0.3581234285684406,14,middle
14669,69,0,0.5658694344911714,0.4431367648335087,14,middle
14670,70,0,0.5133283942984039,0.3543299658666692,14,middle
14671,71,0,0.9108964180412785,0.33655696039569655,14,middle
14672,72,0,0.9721158190362365,0.4196100563293919,14,middle
14673,73,0,0.949331048626686,0.3515292180105271,14,middle
14674,74,0,0.8799106764328402,0.3126288420059038,14,middle
14675,75,0,0.9316177720154957,0.3322322992048471,14,middle
14676,76,0,0.8052010977764601,0.4194618170081269,14,middle
14677,77,0,0.08632413837039493,0.3441956015244392,14,middle
14678,78,0,0.11715180475780156,0.5496943745912357,14,middle
14679,79,0,0.4381362655296721,0.35842660674182825,14,middle
14680,80,0,0.4255398619765088,0.44972367534882207,14,middle
14681,81,0,0.5573685832880668,0.3879937873538938,14,middle
14682,82,0,0.7349438831492647,0.41291559540620937,14,middle
14683,83,0,0.5687288037034299,0.44171708703380347,14,middle
14684,84,0,0.5230698227484706,0.3106782538336535,14,middle
14685,85,0,0.30719125528839997,0.3176394132586781,14,middle
14686,86,0,0.23454445901267934,0.4887787981245063,14,middle
14687,87,0,0.16483166585244705,0.3589927276720363,14,middle
14688,88,0,0.39445284371615685,0.35800021063327636,14,middle
14689,89,0,0.3905305664578549,0.36147383853416293,14,middle
14690,90,0,0.6836478006142426,0.36361472139285933,14,middle
14691,91,0,0.27314889166609974,0.4695296135822132,14,middle
14692,92,0,0.30140301222477933,0.5085945536788763,14,middle
14693,93,0,0.5136766799676323,0.5916265256286143,14,middle
14694,94,0,0.8793060713091363,0.4004014580636982,14,middle
14695,95,0,0.2784165033387832,0.4728013209117073,14,middle
14696,96,0,0.34521623079341585,0.35268546066516787,14,middle
14697,97,0,0.3864157896762585,0.35028362952360803,14,middle
14698,98,0,0.6867863606569802,0.4934212364229622,14,middle
14699,99,0,0.6890227388383998,0.39659124730066664,14,middle
14700,100,0,0.5644683461551351,0.3175056999643102,14,middle
14701,101,0,0.7913630626534339,0.47440266795852326,14,middle
14702,102,0,0.6621292020411483,0.3598102319250508,14,middle
14703,103,0,0.36203377140676296,0.37040821053063766,14,middle
14704,104,0,0.6100957951763413,0.3008560479474075,14,middle
14705,105,0,0.19138754782859155,0.515024047226878,14,middle
14706,106,0,0.5067958278795665,0.5199433790799648,14,middle
14707,107,0,0.6548101583667852,0.35538211022681354,14,middle
14708,108,0,0.45178308839534614,0.31329221834639487,14,middle
14709,109,0,0.5977941547274828,0.40604201563179715,14,middle
14710,110,0,0.49972363476961124,0.3265428899825265,14,middle
14711,111,0,0.213191687929604,0.4661548951268665,14,middle
14712,112,0,0.4849894818551269,0.4828814835946452,14,middle
14713,113,0,0.3675363895859281,0.7684675134872057,14,middle
14714,114,0,0.5507694881273483,0.46090477227590826,14,middle
14715,115,0,0.3108972232128694,0.31960770746877315,14,middle
14716,116,0,0.616606197726105,0.24454809981647868,14,middle
14717,117,0,0.31052195724290743,0.37645950109205806,14,middle
14718,118,0,0.636755776875936,0.2704550445900465,14,middle
14719,119,0,0.47996725115584626,0.4659429406455441,14,middle
14720,120,0,0.7983938088527214,0.3591470858464557,14,middle
14721,121,0,0.5053162075483063,0.43795645170641556,14,middle
14722,122,0,0.40818759155153617,0.33863921932228863,14,middle
14723,123,0,0.8242157661836675,0.3976221947156553,14,middle
14724,124,0,0.5650111090511885,0.3457395608365504,14,middle
14725,125,0,0.7177523225103286,0.42249399158050077,14,middle
14726,126,0,0.6690216882747528,0.3010977543938281,14,middle
14727,127,0,0.48956779150027235,0.514925480374973,14,middle
14728,128,0,0.5238463043857113,0.27857497727085445,14,middle
14729,129,0,0.8440948733069272,0.37841921854244076,14,middle
14730,130,0,0.7777307535486139,0.3812314503040213,14,middle
14731,131,0,0.5639752771480605,0.5799081604747985,14,middle
14732,132,0,0.8355900465215321,0.35944798944733747,14,middle
14733,133,0,0.5378076294919271,0.363284537594752,14,middle
14734,134,0,0.43527753478286996,0.5945154556261963,14,middle
14735,135,0,0.4311184843327295,0.4111686758418942,14,middle
14736,136,0,0.4588393386990059,0.34373389928419257,14,middle
14737,137,0,0.5234352835662462,0.24336033126084006,14,middle
14738,138,0,0.2148582951955405,0.3243149179541385,14,middle
14739,139,0,0.2735767872709979,0.4898195245290081,14,middle
14740,140,0,0.6874243246123759,0.42584765228892035,14,middle
14741,141,0,0.9607373113340011,0.42107956668316027,14,middle
14742,142,0,0.6067512798714961,0.41614621467278534,14,middle
14743,143,0,0.4447305582763542,0.40886947632831605,14,middle
14744,144,0,0.7676589342825932,0.34250325277713056,14,middle
14745,145,0,0.594292376961797,0.33010447311147645,14,middle
14746,146,0,0.3273136266560812,0.3982677600579074,14,middle
14747,147,0,0.5172227217207166,0.41716320682824676,14,middle
14748,148,0,0.13433518241751308,0.4259885077486017,14,middle
14749,149,0,0.28835198332460527,0.3456998189380093,14,middle
14750,150,0,0.2700059678825524,0.36434155894396014,14,middle
14751,151,0,0.7242890773549652,0.357546747726592,14,middle
14752,152,0,0.5906659959582015,0.4022333951663864,14,middle
14753,153,0,0.09767446582645856,0.3682691795601628,14,middle
14754,154,0,0.8349120073383558,0.38049074894538215,14,middle
14755,155,0,0.5126743443367772,0.40571930195765593,14,middle
14756,156,0,0.7774032534066049,0.3481704747249498,14,middle
14757,157,0,0.5007779479010707,0.333305180970499,14,middle
14758,158,0,0.5933451384257284,0.36936060977556995,14,middle
14759,159,0,0.5762970042765727,0.30699973548437276,14,middle
14760,160,0,0.9699904680982925,0.49943766240180854,14,middle
14761,161,0,0.9734079520282723,0.4251689600681478,14,middle
14762,162,0,0.6035682053520017,0.35334696057375387,14,middle
14763,163,0,0.8609431810187146,0.3426899399893022,14,middle
14764,164,0,0.2122235945949816,0.49896313541712023,14,middle
14765,165,0,0.05193779638354645,0.5710983348631481,14,middle
14766,166,0,0.6193552630589387,0.3185099601790953,14,middle
14767,167,0,0.6041646020262446,0.4562403329517592,14,middle
14768,168,0,0.7457702066052377,0.3318310305762354,14,middle
14769,169,0,0.25726416195321444,0.38503990941216765,14,middle
14770,170,0,0.3726799600304137,0.3176105616355109,14,middle
14771,171,0,0.7401912527994345,0.43543146890083767,14,middle
14772,172,0,0.7695924372798858,0.36330357359243304,14,middle
14773,173,0,0.561488094960851,0.3537144035644766,14,middle
14774,174,0,0.5822402498851562,0.3797623896730323,14,middle
14775,175,0,0.6755854980392026,0.3090153526645111,14,middle
14776,176,0,0.4491567884366523,0.4214058781577267,14,middle
14777,177,0,0.17517348927140564,0.37511310352862454,14,middle
14778,178,0,0.4357626271379822,0.35045463054397996,14,middle
14779,179,0,0.49254745008242157,0.49149780073950244,14,middle
14780,180,0,0.259596639555522,0.3829813247711851,14,middle
14781,181,0,0.4734407449255225,0.31420334184288606,14,middle
14782,182,0,0.6768254423366271,0.28121424208901225,14,middle
14783,183,0,0.6432831866549817,0.3759850770825239,14,middle
14784,184,0,0.5877685716264618,0.30139343354072545,14,middle
14785,185,0,0.7074837376127346,0.38756358748498854,14,middle
14786,186,0,0.5782270010615449,0.24710552853190768,14,middle
14787,187,0,0.7256114911166466,0.2988896329183669,14,middle
14788,188,0,0.4900973576040542,0.2779464283462234,14,middle
14789,189,0,0.6838258434977709,0.2668818453772417,14,middle
14790,190,0,0.8298962701334149,0.3493992537716578,14,middle
14791,191,0,0.21213886309659408,0.3744833618013952,14,middle
14792,192,0,0.22684197318614202,0.33426265812607714,14,middle
14793,193,0,0.619324640258794,0.30146198104199495,14,middle
14794,194,0,0.39652483456031706,0.3904714235583148,14,middle
14795,195,0,0.5456801369498256,0.42260764099213183,14,middle
14796,196,0,0.7600600177183556,0.386085792026996,14,middle
14797,197,0,0.6459339344063725,0.3093716300755964,14,middle
14798,198,0,0.9581560249951405,0.2553602047245926,14,middle
14799,199,0,0.7978485868751543,0.5138355350812751,14,middle
14800,0,0,0.9640564229295532,0.5695764549760156,14,late
14801,1,0,0.5265774993339317,0.690301513248074,14,late
14802,2,0,0.32694510698798146,0.6416813640537702,14,late
14803,3,0,0.6081702321375787,0.437748282925055,14,late
14804,4,0,0.7966721658616015,0.4985201833730575,14,late
14805,5,0,0.13447044264148017,0.43643959385478115,14,late
14806,6,0,0.2465388718806825,0.632309343268631,14,late
14807,7,0,0.8060346561100163,0.43480844955354225,14,late
14808,8,0,0.23548560120520207,0.8021398275653314,14,late
14809,9,0,0.6475093355533965,0.4911411906865918,14,late
14810,10,0,0.45040879668070477,0.43625969456198316,14,late
14811,11,0,0.07307142750216025,0.594954784907683,14,late
14812,12,0,0.5867027079295859,0.4274400131643677,14,late
14813,13,0,0.26626916044690047,0.4024258844676022,14,late
14814,14,0,0.27489298461134626,0.6020103279263973,14,late
14815,15,0,0.9363673384794002,0.5523197816537204,14,late
14816,16,0,0.4395986463494431,0.6012888013235163,14,late
14817,17,0,0.8023005516315163,0.4219459099147669,14,late
14818,18,0,0.6617478199380185,0.5502732680438953,14,late
14819,19,0,0.24980961945100605,0.5503041901302168,14,late
14820,20,0,0.8581570700950907,0.34607406910147254,14,late
14821,21,0,0.9561409960818199,0.519009146130025,14,late
14822,22,0,0.46833343996276405,0.368456233811701,14,late
14823,23,0,0.8031669522452548,0.436930409244085,14,late
14824,24,0,0.4589824662926559,0.2670468302963519,14,late
14825,25,0,0.355075445174343,0.49461873988165717,14,late
14826,26,0,0.9750528604287118,0.3809054581084854,14,late
14827,27,0,0.8730896342424115,0.35962887691299605,14,late
14828,28,0,0.7668974600699983,0.41355534968346724,14,late
14829,29,0,0.40918451098902303,0.43203146943718707,14,late
14830,30,0,0.29639503052133154,0.5068059309924506,14,late
14831,31,0,0.7155348423550837,0.32755016094411654,14,late
14832,32,0,0.5700885727910608,0.4408496573778673,14,late
14833,33,0,0.738931543338428,0.3725567928978237,14,late
14834,34,0,0.6652718031200182,0.5387012702581926,14,late
14835,35,0,0.16853657157469357,0.7043145959194324,14,late
14836,36,0,0.2723553729642962,0.41617189540316846,14,late
14837,37,0,0.48561681972199033,0.4077711137393554,14,late
14838,38,0,0.8710107195218478,0.5339094287470758,14,late
14839,39,0,0.9525660914802848,0.5115078619010898,14,late
14840,40,0,0.6405138052870623,0.31353060554526124,14,late
14841,41,0,0.4491454661705227,0.4962715495364135,14,late
14842,42,0,0.33694706436888777,0.5972363026866994,14,late
14843,43,0,0.512156537456967,0.5387664955117615,14,late
14844,44,0,0.5913554241036125,0.37111015933262487,14,late
14845,45,0,0.8517489999667116,0.4335795682801153,14,late
14846,46,0,0.6283247460103757,0.48972252914870884,14,late
14847,47,0,0.625588552210477,0.43481400771592704,14,late
14848,48,0,0.8391879704786664,0.5488025970383058,14,late
14849,49,0,0.15838950820895176,0.5537256785619267,14,late
14850,50,0,0.3781729903488464,0.43707380414022834,14,late
14851,51,0,0.2570738430217496,0.48466667457774587,14,late
14852,52,0,0.618274632395521,0.5412079139755885,14,late
14853,53,0,0.20054606749220658,0.6847846452692612,14,late
14854,54,0,0.08333659777737396,0.6198793815068684,14,late
14855,55,0,0.566343117841515,0.4223279792550965,14,late
14856,56,0,0.4129265112888759,0.5414049482301524,14,late
14857,57,0,0.8194276372233451,0.36242337247803647,14,late
14858,58,0,0.7896460959141058,0.4712286914085625,14,late
14859,59,0,0.30596810899591864,0.44300248086172267,14,late
14860,60,0,0.0693539676177011,0.5429125883638477,14,late
14861,61,0,0.4463901605087431,0.49434290302139866,14,late
14862,62,0,0.6839872097554216,0.4579895536928695,14,late
14863,63,0,0.8606425182890398,0.5062960876778269,14,late
14864,64,0,0.9390350279531239,0.4348300267632564,14,late
14865,65,0,0.450506347519183,0.4680659938329881,14,late
14866,66,0,0.27380734416860597,0.45502621052384945,14,late
14867,67,0,0.7872347649952331,0.3764778477249613,14,late
14868,68,0,0.4042901335873617,0.4939491303821223,14,late
14869,69,0,0.3505852111916954,0.7971285620411008,14,late
14870,70,0,0.4684433569328955,0.3961460313117443,14,late
14871,71,0,0.5480139123156567,0.40261492923866105,14,late
14872,72,0,0.8179661450004845,0.34664610988765854,14,late
14873,73,0,0.4136509661056561,0.5103726782847436,14,late
14874,74,0,0.6511520437948121,0.5668331936201108,14,late
14875,75,0,0.7742022941298026,0.4539593255673239,14,late
14876,76,0,0.7683373747971103,0.3704138058274287,14,late
14877,77,0,0.5400879492431285,0.45430277140497877,14,late
14878,78,0,0.6245045710948582,0.4293164437252033,14,late
14879,79,0,0.7019861511130984,0.4847502325238782,14,late
14880,80,0,0.578262180960335,0.39711458032039615,14,late
14881,81,0,0.5220356986577375,0.55427894299217,14,late
14882,82,0,0.3809955521396741,0.4472404741451331,14,late
14883,83,0,0.5349136154977433,0.4408702479236964,14,late
14884,84,0,0.7252707095721398,0.4379799845240985,14,late
14885,85,0,0.7334194342659806,0.5388628633103376,14,late
14886,86,0,0.5403958817444025,0.5067695017823002,14,late
14887,87,0,0.38276361413189636,0.4394613726026748,14,late
14888,88,0,0.7820880118696134,0.36351447175811663,14,late
14889,89,0,0.5479074132977928,0.3606252860687634,14,late
14890,90,0,0.9310819085479081,0.36628772850469404,14,late
14891,91,0,0.4969748730302797,0.44129241862008894,14,late
14892,92,0,0.5849147492239722,0.5458631825578152,14,late
14893,93,0,0.9456972887422306,0.3611091161251899,14,late
14894,94,0,0.606041228832792,0.4477028410423736,14,late
14895,95,0,0.39362525923396025,0.48087677501579984,14,late
14896,96,0,0.9623126308962401,0.32514613627130085,14,late
14897,97,0,0.7756987502726982,0.3889042742608048,14,late
14898,98,0,0.8098904552497155,0.3654899486993171,14,late
14899,99,0,0.9209497070731573,0.26521500633870115,14,late
14900,100,0,0.9360311751110777,0.4893345945543515,14,late
14901,101,0,0.7950653994295255,0.3096240470065379,14,late
14902,102,0,0.4415651168865538,0.49669059935517257,14,late
14903,103,0,0.9757014012540651,0.4017214121952878,14,late
14904,104,0,0.9638341376173567,0.35910964725039013,14,late
14905,105,0,0.9639019949143712,0.39960364148384614,14,late
14906,106,0,0.973539480861725,0.39354638387361995,14,late
14907,107,0,0.5212485308870544,0.405064115394544,14,late
14908,108,0,0.922760981645822,0.30960462602776495,14,late
14909,109,0,0.046786961094224075,0.43641442344228487,14,late
14910,110,0,0.6447674965274501,0.4017949875918502,14,late
14911,111,0,0.5888492508766381,0.31590926231314986,14,late
14912,112,0,0.7435728621458484,0.35948021959003296,14,late
14913,113,0,0.6233008758565004,0.4962483949193415,14,late
14914,114,0,0.5429621583199263,0.4390958227453883,14,late
14915,115,0,0.45183401223941133,0.4770952437299063,14,late
14916,116,0,0.7727108518874339,0.46538646310177867,14,late
14917,117,0,0.48836779453914536,0.44582693092703685,14,late
14918,118,0,0.6828661995355909,0.3446249533399536,14,late
14919,119,0,0.9764582231279753,0.3727033699282426,14,late
14920,120,0,0.024356399839989138,0.552928033805609,14,late
14921,121,0,0.3500887672381027,0.39378022732656537,14,late
14922,122,0,0.5714077405966079,0.6107412587763901,14,late
14923,123,0,0.6683579544584732,0.46440697147312626,14,late
14924,124,0,0.7105314974877575,0.379730068255315,14,late
14925,125,0,0.40461363511142956,0.4015128461109668,14,late
14926,126,0,0.17326252707781592,0.40927064066378455,14,late
14927,127,0,0.3231794287512077,0.5007847551540492,14,late
14928,128,0,0.2520439695469623,0.47189027009831397,14,late
14929,129,0,0.2789676152379222,0.426723425830828,14,late
14930,130,0,0.8056275230301515,0.3756446291559297,14,late
14931,131,0,0.43410636977233097,0.3672519032382041,14,late
14932,132,0,0.5054393549560945,0.40572640198134824,14,late
14933,133,0,0.44890762464989176,0.42186065008554474,14,late
14934,134,0,0.41766961256058455,0.3984595959460907,14,late
14935,135,0,0.4588449654731626,0.48972314625202085,14,late
14936,136,0,0.568457029231271,0.4134155136929861,14,late
14937,137,0,0.8543680064237791,0.30701166254069767,14,late
14938,138,0,0.5073783288267673,0.40571415470981653,14,late
14939,139,0,0.6261319510692314,0.44664066368632876,14,late
14940,140,0,0.3633159827672786,0.3717603153276651,14,late
14941,141,0,0.6608639179614963,0.3575590278036983,14,late
14942,142,0,0.7870184116743172,0.28812973715038,14,late
14943,143,0,0.6097454340152667,0.292987706479768,14,late
14944,144,0,0.6133083608169574,0.47456694163839214,14,late
14945,145,0,0.3187572047647412,0.6188206922048152,14,late
14946,146,0,0.7816317392706307,0.36326036063082684,14,late
14947,147,0,0.4390619686092388,0.48461679086930354,14,late
14948,148,0,0.9595319430352647,0.2805989677249183,14,late
14949,149,0,0.8805493126160286,0.28707632519365345,14,late
14950,150,0,0.926754599893828,0.41992086838059794,14,late
14951,151,0,0.8103655666999455,0.34502743725131024,14,late
14952,152,0,0.5674649759157808,0.3791363215708863,14,late
14953,153,0,0.6020725317843534,0.3542296577342903,14,late
14954,154,0,0.648159360180031,0.433877785284168,14,late
14955,155,0,0.7366822679441534,0.2885544849668006,14,late
14956,156,0,0.8588803540261225,0.3865545055877511,14,late
14957,157,0,0.9389463981240955,0.43578239629731097,14,late
14958,158,0,0.9590449225281714,0.31491816103063697,14,late
14959,159,0,0.681756058145897,0.34367533691632646,14,late
14960,160,0,0.9790078018251986,0.34635725330308764,14,late
14961,161,0,0.4625610910696063,0.42397920901505387,14,late
14962,162,0,0.6211237884655869,0.5080180251887636,14,late
14963,163,0,0.998141650429953,0.4273085854139492,14,late
14964,164,0,0.8550337191419977,0.4123264518890513,14,late
14965,165,0,0.5733556253985672,0.45088676759546337,14,late
14966,166,0,0.8597651578663713,0.40712539947246473,14,late
14967,167,0,0.37009652297962825,0.4684271225532243,14,late
14968,168,0,0.5117549588796936,0.3535892704208158,14,late
14969,169,0,0.8492619696783941,0.21910582595743833,14,late
14970,170,0,0.49199269642386756,0.2885746521659873,14,late
14971,171,0,0.6662249930658608,0.3845213271695772,14,late
14972,172,0,0.7210218895409718,0.4004713195287561,14,late
14973,173,0,0.5692094581661941,0.23636118561871394,14,late
14974,174,0,0.6110153564815614,0.5062285063794574,14,late
14975,175,0,0.7503487913860551,0.3734688711292513,14,late
14976,176,0,0.6821065978672896,0.4943070589435191,14,late
14977,177,0,0.756497381548185,0.3181679989036338,14,late
14978,178,0,0.6117325605983909,0.31863318306928845,14,late
14979,179,0,0.9673439941696607,0.3791763173502647,14,late
14980,180,0,0.5027952079115878,0.4988682788932116,14,late
14981,181,0,0.5614752131675669,0.3481699923820133,14,late
14982,182,0,0.5025490341295455,0.3959254223395935,14,late
14983,183,0,0.7224967940292323,0.41903648411980476,14,late
14984,184,0,0.055919627466966534,0.6243021806733243,14,late
14985,185,0,0.8019653674037852,0.4219293989966042,14,late
14986,186,0,0.5820609338573295,0.4378728673485226,14,late
14987,187,0,0.8824129847616595,0.2736840988835696,14,late
14988,188,0,0.576785185974795,0.24846267235202207,14,late
14989,189,0,0.4940008096725197,0.36010354362068653,14,late
14990,190,0,0.6672408596961085,0.2460039302994712,14,late
14991,191,0,0.9214406130870736,0.3836804777451639,14,late
14992,192,0,0.9013677601133969,0.40863620141761003,14,late
14993,193,0,0.42199037735595396,0.6303150111259443,14,late
14994,194,0,0.8992933231732461,0.43268541793694165,14,late
14995,195,0,0.21193013007865852,0.4281842884944651,14,late
14996,196,0,0.9618170961180105,0.36262318018508455,14,late
14997,197,0,0.32148845743305515,0.3614157088792662,14,late
14998,198,0,0.7034246140192406,0.29708985829877244,14,late
14999,199,0,0.8719641623387527,0.24999461560811048,14,late
15000,0,0,0.9893780820761959,0.8561322784009333,15,interleaved
15001,1,0,0.47897806891980615,0.8341532585559808,15,interleaved
15002,2,0,0.034671653268706894,0.6780311410277451,15,interleaved
15003,3,0,0.46388748702133487,0.5523967602039839,15,interleaved
15004,4,0,0.8055752899740034,0.643524317828488,15,interleaved
15005,5,0,0.17959321629924857,0.5492046354215879,15,interleaved
15006,6,0,0.8999825531528973,0.435530579165464,15,interleaved
15007,7,0,0.4013525675002923,0.47782198501070783,15,interleaved
15008,8,0,0.9345896246610546,0.42043820844263835,15,interleaved
15009,9,0,0.3218384370762829,0.4796239854750327,15,interleaved
15010,10,0,0.43130211643818295,0.581269446788647,15,interleaved
15011,11,0,0.09402583271375116,0.5813913517014387,15,interleaved
15012,12,0,0.7713709772548454,0.43359941844043925,15,interleaved
15013,13,0,0.5927351795058391,0.5422221673078358,15,interleaved
15014,14,0,0.7032149357624301,0.5947579586173948,15,interleaved
15015,15,0,0.5499052801998432,0.5301866421867653,15,interleaved
15016,16,0,0.4943308654608111,0.49717128739260463,15,interleaved
15017,17,0,0.45079926070246673,0.6080051332867429,15,interleaved
15018,18,0,0.07701092516549583,0.47795391652589,15,interleaved
15019,19,0,0.7396242732110327,0.49736315065278136,15,interleaved
15020,20,0,0.48134031906429875,0.4403791129757429,15,interleaved
15021,21,0,0.0716480402865496,0.4718367910533171,15,interleaved
15022,22,0,0.4080121079178153,0.6970224975452882,15,interleaved
15023,23,0,0.14417081152556052,0.4387688010549894,15,interleaved
15024,24,0,0.7091281891495307,0.690193091459721,15,interleaved
15025,25,0,0.590399788731628,0.4060121205010584,15,interleaved
15026,26,0,0.5679180774672028,0.29686501428730316,15,interleaved
15027,27,0,0.27951739024559064,0.4443726661862357,15,interleaved
15028,28,0,0.8633602958728861,0.33608227219799436,15,interleaved
15029,29,0,0.5131981801186393,0.5219893506867057,15,interleaved
15030,30,0,0.42001834507257463,0.6469150391829473,15,interleaved
15031,31,0,0.9208908574947443,0.4279435240767562,15,interleaved
15032,32,0,0.7049983266286814,0.3769354155955612,15,interleaved
15033,33,0,0.8095695760168945,0.41217506337204945,15,interleaved
15034,34,0,0.467871484236482,0.7039086406812218,15,interleaved
15035,35,0,0.12618883946582252,0.5439314195528054,15,interleaved
15036,36,0,0.570045289815034,0.3934241136959663,15,interleaved
15037,37,0,0.6095980617893066,0.7264343023575077,15,interleaved
15038,38,0,0.6894796563444211,0.6243182274990302,15,interleaved
15039,39,0,0.6574820690960874,0.5688485689479136,15,interleaved
15040,40,0,0.40657129267304576,0.5485800280856383,15,interleaved
15041,41,0,0.906986725845234,0.3884959657375506,15,interleaved
15042,42,0,0.8340489449810422,0.47829996990145884,15,interleaved
15043,43,0,0.17788604665232,0.5805764275169238,15,interleaved
15044,44,0,0.32774015286398167,0.5064953046608482,15,interleaved
15045,45,0,0.7698093575620617,0.4494552399478702,15,interleaved
15046,46,0,0.3135375363264852,0.45282464418767376,15,interleaved
15047,47,0,0.9027413435697493,0.4619849529212613,15,interleaved
15048,48,0,0.2843479320017869,0.5473065249917317,15,interleaved
15049,49,0,0.3612669447078372,0.49839380967922087,15,interleaved
15050,50,0,0.5466895661444847,0.5137035743418739,15,interleaved
15051,51,0,0.32534104093184313,0.5303273625999065,15,interleaved
15052,52,0,0.43086411429442706,0.45298473403993234,15,interleaved
15053,53,0,0.8681002261986477,0.47631662769349337,15,interleaved
15054,54,0,0.6204483383218001,0.39452518132790587,15,interleaved
15055,55,0,0.15260384143889183,0.46264045992159764,15,interleaved
15056,56,0,0.4126681537651345,0.42262545995192985,15,interleaved
15057,57,0,0.1644497404190879,0.5720383580113557,15,interleaved
15058,58,0,0.4606066625325279,0.4189659326475864,15,interleaved
15059,59,0,0.2200159428008858,0.5235908396043691,15,interleaved
15060,60,0,0.7837979440815366,0.5186564773446563,15,interleaved
15061,61,0,0.2247799784188595,0.48245215201728253,15,interleaved
15062,62,0,0.5386674596506655,0.43004740103342176,15,interleaved
15063,63,0,0.2189724985618705,0.6019266635105129,15,interleaved
15064,64,0,0.6648475859875068,0.3594207122124609,15,interleaved
15065,65,0,0.4183262643069409,0.6099451509252507,15,interleaved
15066,66,0,0.6848379355294195,0.541118058572358,15,interleaved
15067,67,0,0.6823045758250241,0.4821421077780615,15,interleaved
15068,68,0,0.4086402980192054,0.46127415521072435,15,interleaved
15069,69,0,0.06501638709251088,0.6515466188114566,15,interleaved
15070,70,0,0.7587113952583019,0.44362996693967405,15,interleaved
15071,71,0,0.3977060478824866,0.5788740275172124,15,interleaved
15072,72,0,0.2689914285599651,0.48689359330181425,15,interleaved
15073,73,0,0.4539905294404757,0.47524569194371014,15,interleaved
15074,74,0,0.08422457969270544,0.4002675358488497,15,interleaved
15075,75,0,0.6369665323375975,0.5298446648181231,15,interleaved
15076,76,0,0.7441255610534185,0.5721592184252524,15,interleaved
15077,77,0,0.6509034357660923,0.4755284794726698,15,interleaved
15078,78,0,0.4518611141434189,0.49961809995345546,15,interleaved
15079,79,0,0.18868345131731476,0.447888401839331,15,interleaved
15080,80,0,0.4216202741885793,0.41587366976206236,15,interleaved
15081,81,0,0.699864609288351,0.43957221024848747,15,interleaved
15082,82,0,0.5698272605660624,0.4536335477972197,15,interleaved
15083,83,0,0.6848723806130524,0.3564121762640748,15,interleaved
15084,84,0,0.5617908451419401,0.32433165714741297,15,interleaved
15085,85,0,0.5129531587407725,0.35763858712636365,15,interleaved
15086,86,0,0.5777524974107858,0.2874193179568025,15,interleaved
15087,87,0,0.6895216849051907,0.5050797328527189,15,interleaved
15088,88,0,0.5066621884161586,0.35085812608690414,15,interleaved
15089,89,0,0.6671437965149825,0.38556937861743745,15,interleaved
15090,90,0,0.5099158806308011,0.5111819984721724,15,interleaved
15091,91,0,0.519805837694349,0.36553550302761273,15,interleaved
15092,92,0,0.6744635675515362,0.333505184064392,15,interleaved
15093,93,0,0.8555390264875317,0.3526614756643127,15,interleaved
15094,94,0,0.5075203427407634,0.46658943834433175,15,interleaved
15095,95,0,0.285740386946681,0.5928142138848198,15,interleaved
15096,96,0,0.3501502297105148,0.6814431974866549,15,interleaved
15097,97,0,0.5707381463358729,0.503579811967508,15,interleaved
15098,98,0,0.5437941316121646,0.5233649862991048,15,interleaved
15099,99,0,0.5933733767139301,0.41819150857636667,15,interleaved
15100,100,0,0.6550090755491259,0.3488207075157745,15,interleaved
15101,101,0,0.8928107402927593,0.428176716701089,15,interleaved
15102,102,0,0.548946250045494,0.3983725072071537,15,interleaved
15103,103,0,0.9310043168182888,0.4308952144945249,15,interleaved
15104,104,0,0.42547277764301694,0.41838696896210414,15,interleaved
15105,105,0,0.34676709594776434,0.5136872524940663,15,interleaved
15106,106,0,0.4672182057408558,0.5100744134917502,15,interleaved
15107,107,0,0.7059670500466155,0.32655513046748486,15,interleaved
15108,108,0,0.4638979814592219,0.55181457857713,15,interleaved
15109,109,0,0.9011821389832727,0.42390751927426273,15,interleaved
15110,110,0,0.5748430073176538,0.43863034591930883,15,interleaved
15111,111,0,0.6778062450439973,0.40826325740078595,15,interleaved
15112,112,0,0.5680134184070529,0.5601213862319537,15,interleaved
15113,113,0,0.7008439763865324,0.5657691398011602,15,interleaved
15114,114,0,0.7738281825179689,0.358827743833913,15,interleaved
15115,115,0,0.518794413243258,0.4484811514809548,15,interleaved
15116,116,0,0.9342818534892904,0.3203859651257975,15,interleaved
15117,117,0,0.6450869001010632,0.584935988643595,15,interleaved
15118,118,0,0.8708967547822426,0.3515706252103331,15,interleaved
15119,119,0,0.5747301077728038,0.5742467906373384,15,interleaved
15120,120,0,0.3863903062228171,0.3507756873412783,15,interleaved
15121,121,0,0.8221954834865078,0.6093392920583787,15,interleaved
15122,122,0,0.25583369011826107,0.5072921544280724,15,interleaved
15123,123,0,0.29072443770974843,0.4590786652684815,15,interleaved
15124,124,0,0.8368823999942425,0.35242760803711026,15,interleaved
15125,125,0,0.4345321702779612,0.43160437259852746,15,interleaved
15126,126,0,0.7733361607922097,0.357333871279518,15,interleaved
15127,127,0,0.4678984858880869,0.6136786650829189,15,interleaved
15128,128,0,0.36161118140343274,0.508040162330877,15,interleaved
15129,129,0,0.47038612958367965,0.38506160370677295,15,interleaved
15130,130,0,0.5310690767925859,0.4856133423310205,15,interleaved
15131,131,0,0.4856438520723796,0.39409126306327336,15,interleaved
15132,132,0,0.3394558101585999,0.5466154538631092,15,interleaved
15133,133,0,0.3483491228357355,0.4827034071937568,15,interleaved
15134,134,0,0.7419935418460685,0.36280576152144,15,interleaved
15135,135,0,0.44137159518677,0.503584667630752,15,interleaved
15136,136,0,0.3498788902487485,0.46086450721474176,15,interleaved
15137,137,0,0.8024694660547445,0.5116387761070201,15,interleaved
15138,138,0,0.12256312049355546,0.4163546849044484,15,interleaved
15139,139,0,0.43501062820078884,0.474462245558102,15,interleaved
15140,140,0,0.46503669876122167,0.36847903387585274,15,interleaved
15141,141,0,0.46633324243171637,0.5059297418862955,15,interleaved
15142,142,0,0.34513060247389854,0.40014910987189684,15,interleaved
15143,143,0,0.6918661814035003,0.3192405176565888,15,interleaved
15144,144,0,0.4688367759971028,0.38507054259399065,15,interleaved
15145,145,0,0.29501402545425337,0.35841457861427745,15,interleaved
15146,146,0,0.3725976906710262,0.4966115385831843,15,interleaved
15147,147,0,0.6045379592676778,0.47076049138296594,15,interleaved
15148,148,0,0.5039966704807737,0.43845506285969116,15,interleaved
15149,149,0,0.23019919853486864,0.5445216206343072,15,interleaved
15150,150,0,0.7285831733993757,0.4444824745395439,15,interleaved
15151,151,0,0.7606945385676498,0.514739528699611,15,interleaved
15152,152,0,0.4135658888343141,0.4465282863295116,15,interleaved
15153,153,0,0.6795190068435615,0.370751164655549,15,interleaved
15154,154,0,0.9481748587750052,0.32548975292879545,15,interleaved
15155,155,0,0.40710543269881966,0.5306632473192425,15,interleaved
15156,156,0,0.825975477601906,0.42773033043886866,15,interleaved
15157,157,0,0.5053991962873339,0.44734358161607723,15,interleaved
15158,158,0,0.9264053831019086,0.5091639214588026,15,interleaved
15159,159,0,0.46251608566188585,0.3568251674467041,15,interleaved
15160,160,0,0.45452359192326225,0.3850393767860949,15,interleaved
15161,161,0,0.712246374998659,0.45836615491668276,15,interleaved
15162,162,0,0.935537304667113,0.5257997705355065,15,interleaved
15163,163,0,0.3611770741946396,0.3215410208326173,15,interleaved
15164,164,0,0.45237505853296756,0.4114387237117896,15,interleaved
15165,165,0,0.4500723270166157,0.43169256044409043,15,interleaved
15166,166,0,0.429154604822108,0.5093096837162432,15,interleaved
15167,167,0,0.6233579049990349,0.48373279523154,15,interleaved
15168,168,0,0.8572227481833525,0.44255990921523536,15,interleaved
15169,169,0,0.885030271811267,0.3479856835194227,15,interleaved
15170,170,0,0.6698197275608349,0.29509810244084766,15,interleaved
15171,171,0,0.47078021699522155,0.549394936480799,15,interleaved
15172,172,0,0.850240692996648,0.3774007606072061,15,interleaved
15173,173,0,0.46268390515120716,0.38771102757745773,15,interleaved
15174,174,0,0.94275689608166,0.3177857312750626,15,interleaved
15175,175,0,0.2882949630458921,0.27586498941335014,15,interleaved
15176,176,0,0.6069929594076047,0.39805479441819247,15,interleaved
15177,177,0,0.5582838667033311,0.4778179178481383,15,interleaved
15178,178,0,0.046144095108650335,0.5039618538796352,15,interleaved
15179,179,0,0.5066627240770625,0.3915705971682347,15,interleaved
15180,180,0,0.8150521819802494,0.44169528566634786,15,interleaved
15181,181,0,0.8965188989285497,0.42167972118166297,15,interleaved
15182,182,0,0.9392325933807252,0.3524278380157418,15,interleaved
15183,183,0,0.79813897711364,0.3042176233023963,15,interleaved
15184,184,0,0.36639403787167923,0.301402347652961,15,interleaved
15185,185,0,0.3517065879070298,0.6111880999164055,15,interleaved
15186,186,0,0.3947335021279524,0.21139247176954112,15,interleaved
15187,187,0,0.52303344259511,0.29351556799223666,15,interleaved
15188,188,0,0.5281600888720183,0.391274389583762,15,interleaved
15189,189,0,0.8171236983851096,0.3117185220823804,15,interleaved
15190,190,0,0.8338762584121939,0.38265706291235035,15,interleaved
15191,191,0,0.9690139857829115,0.36161998972968,15,interleaved
15192,192,0,0.6758504682304254,0.5131609171117206,15,interleaved
15193,193,0,0.7406401744007189,0.4537616423889689,15,interleaved
15194,194,0,0.8991703428614632,0.5387865578278974,15,interleaved
15195,195,0,0.38810895614675084,0.7005295481861138,15,interleaved
15196,196,0,0.6233457548990119,0.444833926137414,15,interleaved
15197,197,0,0.5822755590346749,0.5725570700217928,15,interleaved
15198,198,0,0.4957623312072912,0.3798091791446244,15,interleaved
15199,199,0,0.7607161521715176,0.3240214540074051,15,interleaved
15200,0,0,0.7132620501405569,0.7545927745585292,15,blocked
15201,1,0,0.6766224991113576,0.4875765258465242,15,blocked
15202,2,0,0.14941607874844082,0.4382340384557707,15,blocked
15203,3,0,0.2688991764923787,0.43193842120350123,15,blocked
15204,4,0,0.5597017187404519,0.6892632265062895,15,blocked
15205,5,0,0.1948227660753431,0.5806105420452137,15,blocked
15206,6,0,0.2905786984137435,0.7103651979770558,15,blocked
15207,7,0,0.594094808451372,0.5895017879958759,15,blocked
15208,8,0,0.38989858507300934,0.5035425030752962,15,blocked
15209,9,0,0.8857288132946622,0.5000557001016297,15,blocked
15210,10,0,0.17991935791628982,0.4125577242515218,15,blocked
15211,11,0,0.8093856707474821,0.36241892535007814,15,blocked
15212,12,0,0.05236523472801395,0.5213497479002904,15,blocked
15213,13,0,0.24011180594625312,0.3750170756251945,15,blocked
15214,14,0,0.480474603659063,0.34273877210693793,15,blocked
15215,15,0,0.315543902964866,0.5946390178929357,15,blocked
15216,16,0,0.2999857712080403,0.5806355420823133,15,blocked
15217,17,0,0.47718496253772635,0.6255272649632099,15,blocked
15218,18,0,0.9818360531448338,0.5845699783902193,15,blocked
15219,19,0,0.941185400026348,0.4053736299614684,15,blocked
15220,20,0,0.9771946979171686,0.4238362293573209,15,blocked
15221,21,0,0.008799179409966043,0.6832588186045454,15,blocked
15222,22,0,0.7918649923677703,0.5264443712798317,15,blocked
15223,23,0,0.6223143713159067,0.5476882195254174,15,blocked
15224,24,0,0.12208758285417742,0.5043704813634786,15,blocked
15225,25,0,0.15572887466234228,0.475677881398067,15,blocked
15226,26,0,0.6325687356107204,0.34882187875624304,15,blocked
15227,27,0,0.4456056392211605,0.4599229410595372,15,blocked
15228,28,0,0.09194929431769741,0.44831595896883325,15,blocked
15229,29,0,0.8849701739297449,0.44452708409300884,15,blocked
15230,30,0,0.18976317367220086,0.4262699725416318,15,blocked
15231,31,0,0.4311369434462085,0.4641508696666865,15,blocked
15232,32,0,0.5295027825389074,0.37646068776340424,15,blocked
15233,33,0,0.5726710040633753,0.33599366683598,15,blocked
15234,34,0,0.5338594880653262,0.4635975853420736,15,blocked
15235,35,0,0.11569527525754893,0.8550617240662661,15,blocked
15236,36,0,0.3622128929482262,0.507126558212629,15,blocked
15237,37,0,0.9050664112584854,0.6299200492135635,15,blocked
15238,38,0,0.4438917013226393,0.45838404620008033,15,blocked
15239,39,0,0.4857766719933907,0.4045637075176025,15,blocked
15240,40,0,0.15676385095979634,0.5318736408138759,15,blocked
15241,41,0,0.5992997871113426,0.3657064042899554,15,blocked
15242,42,0,0.6018838895092178,0.5652287219909875,15,blocked
15243,43,0,0.8769619376926793,0.565585075510431,15,blocked
15244,44,0,0.5828003696052653,0.4953842142774365,15,blocked
15245,45,0,0.12239271791296491,0.46653298617572025,15,blocked
15246,46,0,0.7043879448679504,0.30421218655466187,15,blocked
15247,47,0,0.4498966914262466,0.3016826319672834,15,blocked
15248,48,0,0.19038307660759415,0.4366022118550622,15,blocked
15249,49,0,0.33216483533273183,0.4864245903368687,15,blocked
15250,50,0,0.48725685627668897,0.7399485513438324,15,blocked
15251,51,0,0.40362293903433655,0.5794611922542203,15,blocked
15252,52,0,0.5993521740194887,0.38559673257979526,15,blocked
15253,53,0,0.787148599786457,0.37328702498540633,15,blocked
15254,54,0,0.6289056698460722,0.6082866811834731,15,blocked
15255,55,0,0.6089588099906384,0.4064531068502855,15,blocked
15256,56,0,0.9100745136773445,0.31757145971223644,15,blocked
15257,57,0,0.9612135566011524,0.3896528180313295,15,blocked
15258,58,0,0.8950182054947338,0.43349054030055173,15,blocked
15259,59,0,0.8908004823011684,0.40576309212875394,15,blocked
15260,60,0,0.8699439930469821,0.39672952481423907,15,blocked
15261,61,0,0.11715872377710282,0.5173406482182547,15,blocked
15262,62,0,0.43701992034373205,0.38212723951479133,15,blocked
15263,63,0,0.5727076060074916,0.3913719881477644,15,blocked
15264,64,0,0.15487980429474402,0.4519638443340138,15,blocked
15265,65,0,0.32319037051145216,0.49376061509504937,15,blocked
15266,66,0,0.3836080514011119,0.346938109612903,15,blocked
15267,67,0,0.3311111441393655,0.5939262364003539,15,blocked
15268,68,0,0.24102160968660089,0.444675866621985,15,blocked
15269,69,0,0.5072117623229526,0.3998743446433777,15,blocked
15270,70,0,0.3238640891335256,0.4962584123057856,15,blocked
15271,71,0,0.4489631131763293,0.38457672046390146,15,blocked
15272,72,0,0.7346714938872827,0.32607150752986114,15,blocked
15273,73,0,0.5334458914431578,0.40542173778176727,15,blocked
15274,74,0,0.7160121083058758,0.5244873771136574,15,blocked
15275,75,0,0.7632547886585473,0.35897780574750393,15,blocked
15276,76,0,0.5721570229382539,0.479106762848553,15,blocked
15277,77,0,0.9019420903511647,0.3653300686188532,15,blocked
15278,78,0,0.7936787729414834,0.370064870754527,15,blocked
15279,79,0,0.2369248736141796,0.6261483167646391,15,blocked
15280,80,0,0.19635889044465601,0.45475635543817305,15,blocked
15281,81,0,0.29202218646760186,0.4825375482999634,15,blocked
15282,82,0,0.4255691245153689,0.39546944057750016,15,blocked
15283,83,0,0.44697791915730184,0.4790033200602587,15,blocked
15284,84,0,0.557364569060838,0.3614857667089797,15,blocked
15285,85,0,0.42974425688133533,0.5505350459843552,15,blocked
15286,86,0,0.41039211164440204,0.4751855553609716,15,blocked
15287,87,0,0.7231211203111738,0.44035302594566506,15,blocked
15288,88,0,0.9580917350458159,0.5177386083291278,15,blocked
15289,89,0,0.5169767990323875,0.3462664555511805,15,blocked
15290,90,0,0.6049090692399458,0.3545011989067773,15,blocked
15291,91,0,0.803436610602291,0.348056025085028,15,blocked
15292,92,0,0.86339372824462,0.3710666270371728,15,blocked
15293,93,0,0.07344018597771915,0.4140549020607327,15,blocked
15294,94,0,0.387418364046751,0.35116820150954786,15,blocked
15295,95,0,0.533430595689259,0.326310252522649,15,blocked
15296,96,0,0.7696855857662757,0.4572306704907381,15,blocked
15297,97,0,0.9454632377251201,0.3144939596559869,15,blocked
15298,98,0,0.894556948253192,0.5845897484771037,15,blocked
15299,99,0,0.6342882793830029,0.6995142853064541,15,blocked
15300,100,0,0.5827412957941268,0.4638693132848217,15,blocked
15301,101,0,0.8222941382040474,0.4820374172937066,15,blocked
15302,102,0,0.26865315869131273,0.4382310041567252,15,blocked
15303,103,0,0.3414349220535075,0.632923961012855,15,blocked
15304,104,0,0.6132967965954317,0.5415003327216502,15,blocked
15305,105,0,0.5182827166027494,0.5060924097171607,15,blocked
15306,106,0,0.3567229760560035,0.5644184432690679,15,blocked
15307,107,0,0.8211731991546075,0.3850401255424925,15,blocked
15308,108,0,0.7110808564409329,0.48780563879748184,15,blocked
15309,109,0,0.8359138685938895,0.5203376557835476,15,blocked
15310,110,0,0.5303821088264015,0.6204199544160527,15,blocked
15311,111,0,0.5398229394670114,0.48573907031329544,15,blocked
15312,112,0,0.2965388637045824,0.32158453861094977,15,blocked
15313,113,0,0.8909218183268603,0.3151532787243059,15,blocked
15314,114,0,0.9617744464356666,0.40951351927607443,15,blocked
15315,115,0,0.3593850559001556,0.2933248893390582,15,blocked
15316,116,0,0.6542386941296099,0.3793222288452144,15,blocked
15317,117,0,0.5853341996215957,0.4459806902098814,15,blocked
15318,118,0,0.9657426216293901,0.5932374473419084,15,blocked
15319,119,0,0.4356677233496462,0.39287679791280544,15,blocked
15320,120,0,0.40129938478909855,0.454872074142056,15,blocked
15321,121,0,0.7303554795727223,0.3709461159829138,15,blocked
15322,122,0,0.42896701065134457,0.3973095043218031,15,blocked
15323,123,0,0.2069511840590986,0.47673210230450963,15,blocked
15324,124,0,0.4741516122678845,0.35041400013964263,15,blocked
15325,125,0,0.3384018809121825,0.33668436109294403,15,blocked
15326,126,0,0.5779745081127858,0.3017011770177232,15,blocked
15327,127,0,0.25960225787976376,0.38859410789222926,15,blocked
15328,128,0,0.4021435798692844,0.4489992853991297,15,blocked
15329,129,0,0.7711369882403836,0.5128050363129812,15,blocked
15330,130,0,0.06063709459073101,0.533319919275552,15,blocked
15331,131,0,0.13496938336313036,0.39430386856225336,15,blocked
15332,132,0,0.3942072368688164,0.3964860196451836,15,blocked
15333,133,0,0.34481179651412386,0.3650167405173574,15,blocked
15334,134,0,0.24542438189714977,0.49222366907136106,15,blocked
15335,135,0,0.24484601520905122,0.5170473488393004,15,blocked
15336,136,0,0.7881993995097845,0.3482613217842151,15,blocked
15337,137,0,0.7553694416910588,0.44543582585560787,15,blocked
15338,138,0,0.11089800289544358,0.5654693807718427,15,blocked
15339,139,0,0.38535204306781656,0.5286422719580834,15,blocked
15340,140,0,0.8989444775435415,0.3256492864306487,15,blocked
15341,141,0,0.2996547960762782,0.51017024985115,15,blocked
15342,142,0,0.7035193681647284,0.36378512882784264,15,blocked
15343,143,0,0.49799604379306894,0.2650252864053394,15,blocked
15344,144,0,0.9442551337786705,0.4160175571071173,15,blocked
15345,145,0,0.6847721553236306,0.4552244921484773,15,blocked
15346,146,0,0.6249476986322668,0.238260251684752,15,blocked
15347,147,0,0.5426297242583564,0.3482182219915449,15,blocked
15348,148,0,0.43624372980196485,0.3366922505697858,15,blocked
15349,149,0,0.5121814761153237,0.5192261803284861,15,blocked
15350,150,0,0.5033467377707802,0.5935524188907744,15,blocked
15351,151,0,0.9447272119720296,0.3172034997904016,15,blocked
15352,152,0,0.9892036269421439,0.28786145625066417,15,blocked
15353,153,0,0.6420098544550237,0.38369102473093397,15,blocked
15354,154,0,0.3328190616635578,0.33477869290132145,15,blocked
15355,155,0,0.14104597462475682,0.30555822223283113,15,blocked
15356,156,0,0.8962619848672897,0.3776410113772037,15,blocked
15357,157,0,0.06328222484348983,0.4544063101427868,15,blocked
15358,158,0,0.6002241418979471,0.3079108037806136,15,blocked
15359,159,0,0.6440322218364729,0.4471460626592774,15,blocked
15360,160,0,0.6442629827014648,0.3519250583203727,15,blocked
15361,161,0,0.8437262013626281,0.4266335804395925,15,blocked
15362,162,0,0.7676134559766206,0.3624031314831599,15,blocked
15363,163,0,0.5445449989458025,0.31481458082438585,15,blocked
15364,164,0,0.43479373375641084,0.5551496471823715,15,blocked
15365,165,0,0.5814608428872526,0.3348248261591713,15,blocked
15366,166,0,0.4973049422980525,0.31088738690950385,15,blocked
15367,167,0,0.6612539745019472,0.4141557859533218,15,blocked
15368,168,0,0.40805332850187337,0.41003529101453356,15,blocked
15369,169,0,0.5232710072336546,0.465842812301208,15,blocked
15370,170,0,0.48388938659513614,0.5078169699194732,15,blocked
15371,171,0,0.5807607557447938,0.2657402325767843,15,blocked
15372,172,0,0.8256508799861415,0.26651756545536737,15,blocked
15373,173,0,0.2834949766956417,0.5019099133214896,15,blocked
15374,174,0,0.30970617396129835,0.2553610558723124,15,blocked
15375,175,0,0.6644864634238887,0.400979790976871,15,blocked
15376,176,0,0.48613974307304153,0.36533463837752234,15,blocked
15377,177,0,0.8513985270003023,0.33145387792633274,15,blocked
15378,178,0,0.9747239196305504,0.3844204585726033,15,blocked
15379,179,0,0.7497285926505901,0.3192125701791675,15,blocked
15380,180,0,0.5235138996209956,0.33401995688500885,15,blocked
15381,181,0,0.5588760600424454,0.33282538530196354,15,blocked
15382,182,0,0.2702206524887543,0.5271867440448701,15,blocked
15383,183,0,0.8376241973958136,0.37583157725856775,15,blocked
15384,184,0,0.8745984858266551,0.2890131892745063,15,blocked
15385,185,0,0.9866207432582892,0.4007937009326432,15,blocked
15386,186,0,0.42384286600861504,0.5167968588126005,15,blocked
15387,187,0,0.5100975221986442,0.28796521729154045,15,blocked
15388,188,0,0.6379027423085188,0.32154753073160286,15,blocked
15389,189,0,0.34140554848881477,0.3852271254083879,15,blocked
15390,190,0,0.6692987155027602,0.397820817883798,15,blocked
15391,191,0,0.17487206527533705,0.5248680139642283,15,blocked
15392,192,0,0.532302874508729,0.3306362893554078,15,blocked
15393,193,0,0.5386404303282265,0.5128629992858413,15,blocked
15394,194,0,0.7444544362190914,0.4766571030132707,15,blocked
15395,195,0,0.6120948595768934,0.2895847955400389,15,blocked
15396,196,0,0.35227693304893226,0.3682018318108389,15,blocked
15397,197,0,0.6187248079710257,0.5207319557742633,15,blocked
15398,198,0,0.9734435650778739,0.27387145019619885,15,blocked
15399,199,0,0.6940222593283472,0.20219874833087584,15,blocked
15400,0,0,0.03253006857107506,0.8264273241453349,15,early
15401,1,0,0.26729005211810686,0.788618260220848,15,early
15402,2,0,0.538499337126114,0.3929419268943364,15,early
15403,3,0,0.23855695595344484,0.6252669659313682,15,early
15404,4,0,0.6768047664585171,0.4908475541848792,15,early
15405,5,0,0.9213115646865973,0.5595841806427123,15,early
15406,6,0,0.44672426293451584,0.5865178996641658,15,early
15407,7,0,0.3274664415812838,0.6097591864383154,15,early
15408,8,0,0.8086146951141154,0.4378215732927807,15,early
15409,9,0,0.6030097874939107,0.49710371031853073,15,early
15410,10,0,0.035724755124275226,0.46416482431190487,15,early
15411,11,0,0.48560639059263105,0.4653114057214829,15,early
15412,12,0,0.7471167502107099,0.6196674184996259,15,early
15413,13,0,0.5123927907193908,0.4244654882233065,15,early
15414,14,0,0.6096892468965585,0.45266357308148797,15,early
15415,15,0,0.7614966596122006,0.6312362830591391,15,early
15416,16,0,0.5022790284980512,0.4937721204837229,15,early
15417,17,0,0.40213358815098127,0.4748997917329437,15,early
15418,18,0,0.7308158925561244,0.466482072241412,15,early
15419,19,0,0.7256636132204131,0.30924808744853816,15,early
15420,20,0,0.5265546741302053,0.3451125472430908,15,early
15421,21,0,0.7777501514528025,0.3383683778122859,15,early
15422,22,0,0.5159323463692228,0.5162825409403653,15,early
15423,23,0,0.5028863324906334,0.5162729858209307,15,early
15424,24,0,0.8771834501511346,0.40585381743563564,15,early
15425,25,0,0.9371859446551422,0.3519439949933023,15,early
15426,26,0,0.0926964544778617,0.38942605831179994,15,early
15427,27,0,0.5368589310368794,0.4106855833702636,15,early
15428,28,0,0.6088814602111062,0.41638013968915644,15,early
15429,29,0,0.9873733605668854,0.3435011669338348,15,early
15430,30,0,0.9981892862447368,0.3733986016004793,15,early
15431,31,0,0.8844018375191735,0.4042525761115444,15,early
15432,32,0,0.4947793702174643,0.49829051797867113,15,early
15433,33,0,0.9051832422378141,0.4899468843765224,15,early
15434,34,0,0.7496753196957637,0.3108571661574817,15,early
15435,35,0,0.28260926710701517,0.3462810324800039,15,early
15436,36,0,0.21422187446089327,0.6054777178662889,15,early
15437,37,0,0.9351610758965064,0.2703139635647267,15,early
15438,38,0,0.21672009601386089,0.4460993985155194,15,early
15439,39,0,0.6799414907427477,0.3231226492776925,15,early
15440,40,0,0.1379715177067366,0.46706462229093015,15,early
15441,41,0,0.46294630095469186,0.4602928538430934,15,early
15442,42,0,0.13096631660767327,0.8229021524035633,15,early
15443,43,0,0.31106952845302666,0.4043398909164419,15,early
15444,44,0,0.3824230900474822,0.3751918967965582,15,early
15445,45,0,0.46678641674564814,0.32847380833090034,15,early
15446,46,0,0.5161710384703062,0.3764241037188307,15,early
15447,47,0,0.2871745211039834,0.4987467247755071,15,early
15448,48,0,0.5505865255751277,0.3831304403568109,15,early
15449,49,0,0.3048084240598766,0.43400618837676935,15,early
15450,50,0,0.5310810211962923,0.5156872111674529,15,early
15451,51,0,0.3750475070709225,0.31222898282479333,15,early
15452,52,0,0.4330833790273647,0.5921117743171496,15,early
15453,53,0,0.5466707785449952,0.40193431671023083,15,early
15454,54,0,0.4710905911603761,0.46647588160373493,15,early
15455,55,0,0.617568559404864,0.40618475843792945,15,early
15456,56,0,0.26317308911762183,0.5131721678910786,15,early
15457,57,0,0.522233249860361,0.4316342152083056,15,early
15458,58,0,0.827276499968149,0.42548949042187556,15,early
15459,59,0,0.8420144668397467,0.28610595728998245,15,early
15460,60,0,0.19005630677273722,0.44068030975226014,15,early
15461,61,0,0.42158234910905745,0.40665791556739983,15,early
15462,62,0,0.6077204788505768,0.45063255252993917,15,early
15463,63,0,0.4436681454341562,0.46848254759949765,15,early
15464,64,0,0.5435410855480047,0.39535854317155084,15,early
15465,65,0,0.46774900088517596,0.37586534687868056,15,early
15466,66,0,0.7808414818940681,0.3235163579856103,15,early
15467,67,0,0.5227499850901239,0.4281234137785799,15,early
15468,68,0,0.675816956407919,0.34864001472582307,15,early
15469,69,0,0.5819617207080693,0.36428398153282593,15,early
15470,70,0,0.5716753224399643,0.42246273710437166,15,early
15471,71,0,0.6696279103030156,0.3206209507589409,15,early
15472,72,0,0.6293962175607317,0.3777549701376963,15,early
15473,73,0,0.8952024608337319,0.4061092872800596,15,early
15474,74,0,0.5420149725179536,0.35578234560413435,15,early
15475,75,0,0.5479798659878462,0.31638008693781905,15,early
15476,76,0,0.8119359101522966,0.4091962702796773,15,early
15477,77,0,0.3686712375611506,0.3963922582399325,15,early
15478,78,0,0.7681496289555878,0.4509585302068111,15,early
15479,79,0,0.46781439922350704,0.5049899279872492,15,early
15480,80,0,0.36751990411111846,0.3594211008224081,15,early
15481,81,0,0.4872688882979863,0.39389005797216126,15,early
15482,82,0,0.29664329547024554,0.4348320607481172,15,early
15483,83,0,0.6017422545935269,0.3466336324085832,15,early
15484,84,0,0.8868536268476023,0.3774256964321657,15,early
15485,85,0,0.7921062097336586,0.30290360700829777,15,early
15486,86,0,0.8857373556246686,0.29227144533373983,15,early
15487,87,0,0.40218330710696115,0.3184383750157259,15,early
15488,88,0,0.5396317337562349,0.4410535666765,15,early
15489,89,0,0.23404936936624304,0.47908386206700004,15,early
15490,90,0,0.1462754098702155,0.6040177757957697,15,early
15491,91,0,0.8603386521727938,0.4846611012703927,15,early
15492,92,0,0.25304935302621473,0.389623142346051,15,early
15493,93,0,0.6092868778389211,0.29007912886513515,15,early
15494,94,0,0.9675896908705917,0.40069638873243074,15,early
15495,95,0,0.9101779002572539,0.5213291233740376,15,early
15496,96,0,0.8433546660667053,0.34391749226760404,15,early
15497,97,0,0.5074448190699185,0.3324116980232439,15,early
15498,98,0,0.6290985796261086,0.4066251090951543,15,early
15499,99,0,0.48391917933063633,0.41146273605086026,15,early
15500,100,0,0.7474407758822732,0.41862653546704814,15,early
15501,101,0,0.6889972012145738,0.37598114272978456,15,early
15502,102,0,0.9777013770365308,0.3804615115774216,15,early
15503,103,0,0.24442328049445905,0.3661118304571144,15,early
15504,104,0,0.8223535200110907,0.29078576369693054,15,early
15505,105,0,0.31204481776214565,0.539260320946353,15,early
15506,106,0,0.6168475842685781,0.38958128616566007,15,early
15507,107,0,0.8608576798919275,0.3607682660718213,15,early
15508,108,0,0.518657871209922,0.3049916808705492,15,early
15509,109,0,0.6370502387639462,0.2656616871204835,15,early
15510,110,0,0.5911121680041761,0.2712097474970445,15,early
15511,111,0,0.41637722153215473,0.3413964683293693,15,early
15512,112,0,0.37700694802394896,0.49438362406433733,15,early
15513,113,0,0.5007504641707436,0.3665779843013599,15,early
15514,114,0,0.9553802813729928,0.27453171114241726,15,early
15515,115,0,0.5334358856631487,0.3829658834045785,15,early
15516,116,0,0.7867392233711252,0.4772516032284253,15,early
15517,117,0,0.45160675770916947,0.46566870151538264,15,early
15518,118,0,0.12242990183672439,0.4427155477111395,15,early
15519,119,0,0.6055016874693765,0.2981255747314734,15,early
15520,120,0,0.8534125953212107,0.46550822255153046,15,early
15521,121,0,0.7036973742621742,0.33475292584763716,15,early
15522,122,0,0.9281560481889849,0.31016212623824635,15,early
15523,123,0,0.27519098921088014,0.3586989871141839,15,early
15524,124,0,0.5906698508564179,0.42238222469987463,15,early
15525,125,0,0.6046720253598206,0.5122971748333587,15,early
15526,126,0,0.9207148230449482,0.3628163598083028,15,early
15527,127,0,0.6671337636415584,0.28240971659363934,15,early
15528,128,0,0.852039880501853,0.4707080039546504,15,early
15529,129,0,0.5135183513560688,0.42033665851578805,15,early
15530,130,0,0.9731256459874971,0.3074453735140056,15,early
15531,131,0,0.5273767067762363,0.3665419329693916,15,early
15532,132,0,0.5868500668251246,0.3477264058512522,15,early
15533,133,0,0.605545377442169,0.3363981081241608,15,early
15534,134,0,0.6212015209255716,0.42961647332729047,15,early
15535,135,0,0.38715497529495135,0.32873487220626657,15,early
15536,136,0,0.623581976131244,0.23039056937707147,15,early
15537,137,0,0.5658410193198681,0.2829911498918645,15,early
15538,138,0,0.8808794765370564,0.3888179262375735,15,early
15539,139,0,0.30219132272046145,0.45214165842735143,15,early
15540,140,0,0.7638486221261271,0.535480875992797,15,early
15541,141,0,0.7269216054155396,0.35877402009010884,15,early
15542,142,0,0.2074952286427969,0.4720071649816984,15,early
15543,143,0,0.2597301276283635,0.35995533887555065,15,early
15544,144,0,0.696695615780033,0.4067699983750991,15,early
15545,145,0,0.19640319326105113,0.3311949705005486,15,early
15546,146,0,0.6604853419991729,0.3395911178069141,15,early
15547,147,0,0.34192818561370614,0.3957153351974899,15,early
15548,148,0,0.484496523623102,0.37997086687143844,15,early
15549,149,0,0.8236728948778816,0.3269616700328224,15,early
15550,150,0,0.6058621060210394,0.30477329868234926,15,early
15551,151,0,0.4387346993595215,0.4058692586020499,15,early
15552,152,0,0.6628287392311738,0.32198686558489226,15,early
15553,153,0,0.5066869452125523,0.4430247424332942,15,early
15554,154,0,0.9415400092683572,0.22350316279205137,15,early
15555,155,0,0.5274743498000196,0.2670578144422302,15,early
15556,156,0,0.6588951404394561,0.3017403472983798,15,early
15557,157,0,0.8298483382983294,0.2565995550702026,15,early
15558,158,0,0.7708902460330131,0.33942151935885573,15,early
15559,159,0,0.43795306047886934,0.351331368073661,15,early
15560,160,0,0.6541220940056187,0.39888635480777346,15,early
15561,161,0,0.7790588253393087,0.31851908950083574,15,early
15562,162,0,0.6947077998335701,0.32819801898032763,15,early
15563,163,0,0.9824121212810357,0.44631172766387217,15,early
15564,164,0,0.2960950458437477,0.5395782121776165,15,early
15565,165,0,0.5628896920657879,0.33400814596723705,15,early
15566,166,0,0.9129032108479797,0.2977224215840908,15,early
15567,167,0,0.4817260526927732,0.32637911022106925,15,early
15568,168,0,0.9953544349122432,0.3038830979824595,15,early
15569,169,0,0.9824380810655775,0.314071981004017,15,early
15570,170,0,0.9992219878262585,0.2691175025431823,15,early
15571,171,0,0.9281982322628066,0.3569901471595126,15,early
15572,172,0,0.7185809609672489,0.2959136864954829,15,early
15573,173,0,0.4310481308200452,0.39696511525338796,15,early
15574,174,0,0.9601913858409128,0.3069965422645783,15,early
15575,175,0,0.6892553702066216,0.30036667860315647,15,early
15576,176,0,0.9584815060615309,0.3251685600245381,15,early
15577,177,0,0.4752806058227421,0.3905661789993905,15,early
15578,178,0,0.5532272230242169,0.4256089171744845,15,early
15579,179,0,0.47300617656542243,0.490785932076234,15,early
15580,180,0,0.6363304380840535,0.21293870727457265,15,early
15581,181,0,0.4143057418138639,0.40235616939631497,15,early
15582,182,0,0.8567279769784799,0.37845253297859455,15,early
15583,183,0,0.24164437831749516,0.44195430466437535,15,early
15584,184,0,0.9771306786166101,0.3416425499749711,15,early
15585,185,0,0.8585172034527488,0.3624688001549361,15,early
15586,186,0,0.47101092220735785,0.3266395285962087,15,early
15587,187,0,0.7623856075183268,0.4015847872627474,15,early
15588,188,0,0.9208302241832831,0.2419259648633344,15,early
15589,189,0,0.9682432324739597,0.22384888333480474,15,early
15590,190,0,0.5496701707348137,0.41920114076614035,15,early
15591,191,0,0.9902235241842876,0.32994552889210027,15,early
15592,192,0,0.6842558850176411,0.35371078446344584,15,early
15593,193,0,0.9477241399084833,0.4104615231196047,15,early
15594,194,0,0.5032985358968467,0.49484061254517264,15,early
15595,195,0,0.6194499033588644,0.30111365986101335,15,early
15596,196,0,0.662439879024729,0.31624471195560705,15,early
15597,197,0,0.23336485296624934,0.2655534548831283,15,early
15598,198,0,0.23080012650034548,0.424139914851683,15,early
15599,199,0,0.8173257401183907,0.36390457736595905,15,early
15600,0,0,0.679863769054017,0.6752084922972557,15,middle
15601,1,0,0.7336377747608643,0.8473992277506128,15,middle
15602,2,0,0.2025801704627881,0.5963459928643317,15,middle
15603,3,0,0.41281047423197764,0.47398932576622077,15,middle
15604,4,0,0.1321210067653997,0.4052250967807731,15,middle
15605,5,0,0.5093691240925555,0.5958914099672994,15,middle
15606,6,0,0.19580997532940042,0.6576838167195911,15,middle
15607,7,0,0.5631498501047161,0.5656197398558572,15,middle
15608,8,0,0.7330062252331441,0.5772011401850494,15,middle
15609,9,0,0.6553088465181353,0.57720224634212,15,middle
15610,10,0,0.8020127449276352,0.4794453172190767,15,middle
15611,11,0,0.41988046256586664,0.4330636547871076,15,middle
15612,12,0,0.7102744658888995,0.4749775610142173,15,middle
15613,13,0,0.4716201375425398,0.4393647773970339,15,middle
15614,14,0,0.2263169407535054,0.486611256276392,15,middle
15615,15,0,0.5192095217785758,0.40608090172166666,15,middle
15616,16,0,0.19432479499753288,0.5488005447695261,15,middle
15617,17,0,0.7118154344958078,0.5509164239749331,15,middle
15618,18,0,0.2844059355365677,0.6738261030876928,15,middle
15619,19,0,0.5287565377504833,0.4385959589262005,15,middle
15620,20,0,0.3200598233735339,0.5051850193633425,15,middle
15621,21,0,0.4367095885730532,0.47111141795930633,15,middle
15622,22,0,0.5592691662107849,0.5112543594638123,15,middle
15623,23,0,0.5113494353543595,0.42830914711933105,15,middle
15624,24,0,0.4178492717071386,0.4881077233555643,15,middle
15625,25,0,0.5573080728652633,0.6337246288331979,15,middle
15626,26,0,0.4255420411503278,0.3843646311510691,15,middle
15627,27,0,0.649267654480991,0.46001019359308076,15,middle
15628,28,0,0.4266349756333986,0.57385267536698,15,middle
15629,29,0,0.5685555012680045,0.4818636490454651,15,middle
15630,30,0,0.38858902072131485,0.5757896810050095,15,middle
15631,31,0,0.36447746475333553,0.6086680884404092,15,middle
15632,32,0,0.4970460855928234,0.37085530149640655,15,middle
15633,33,0,0.6073858262134311,0.49267333024676374,15,middle
15634,34,0,0.5771382331147824,0.47618153528069057,15,middle
15635,35,0,0.8590644926109754,0.3461303041441822,15,middle
15636,36,0,0.7858501952099421,0.4986495037411768,15,middle
15637,37,0,0.8376471355363497,0.4188651117693975,15,middle
15638,38,0,0.7668832961445451,0.3416670608184508,15,middle
15639,39,0,0.7838422882548366,0.378075572483424,15,middle
15640,40,0,0.8968101172365164,0.396152052571232,15,middle
15641,41,0,0.2928900942434262,0.42808745674450627,15,middle
15642,42,0,0.8215475041037321,0.42329631048572747,15,middle
15643,43,0,0.8683347333577366,0.36400364564815135,15,middle
15644,44,0,0.08020279177534011,0.5052636157209038,15,middle
15645,45,0,0.12150040953608585,0.4474054448985867,15,middle
15646,46,0,0.0563312656995255,0.6080442704627596,15,middle
15647,47,0,0.8178359526336392,0.5144558862083931,15,middle
15648,48,0,0.11392171141670315,0.5084459230680112,15,middle
15649,49,0,0.7207136632386747,0.39813494032906893,15,middle
15650,50,0,0.3248336905855695,0.4289478867519696,15,middle
15651,51,0,0.5053043403725173,0.407347732992809,15,middle
15652,52,0,0.6844963168888747,0.3762846887464171,15,middle
15653,53,0,0.7478882196959438,0.32862652521619795,15,middle
15654,54,0,0.7977912320768709,0.413474751521798,15,middle
15655,55,0,0.7845008042667174,0.2915979674390392,15,middle
15656,56,0,0.3216808251176692,0.4854173308975901,15,middle
15657,57,0,0.8168152782100359,0.44556240436394023,15,middle
15658,58,0,0.1244928466799118,0.549144490617793,15,middle
15659,59,0,0.8528259828623028,0.376405882334752,15,middle
15660,60,0,0.7991523380015284,0.41484219283723267,15,middle
15661,61,0,0.1318957768009628,0.6323081164063677,15,middle
15662,62,0,0.8824274781509602,0.3257481352659005,15,middle
15663,63,0,0.9082502694810575,0.31978092950416703,15,middle
15664,64,0,0.8136901335957564,0.49645338354549196,15,middle
15665,65,0,0.8533856418128662,0.47306333757735175,15,middle
15666,66,0,0.934356804847813,0.4452479925803804,15,middle
15667,67,0,0.46451001874279596,0.48203889340853634,15,middle
15668,68,0,0.7331263539222618,0.35966487504271816,15,middle
15669,69,0,0.6331894748111615,0.4065033576160587,15,middle
15670,70,0,0.8695955685054935,0.3141859178134538,15,middle
15671,71,0,0.8815025550378235,0.4408939227030412,15,middle
15672,72,0,0.9414205005417582,0.32320895971474356,15,middle
15673,73,0,0.8904671101436421,0.3288483706074493,15,middle
15674,74,0,0.8799237240446021,0.4558888726681146,15,middle
15675,75,0,0.14319055096083144,0.33291004756549186,15,middle
15676,76,0,0.4345566117038057,0.44219560772663796,15,middle
15677,77,0,0.3832777738477689,0.4679063027089683,15,middle
15678,78,0,0.15708391493167612,0.48692670963091206,15,middle
15679,79,0,0.12159476249816122,0.3920820267500318,15,middle
15680,80,0,0.6654331357305928,0.4289209588673616,15,middle
15681,81,0,0.8912420937681438,0.6185140164871988,15,middle
15682,82,0,0.16681378208561376,0.45125041612083333,15,middle
15683,83,0,0.2605378464063291,0.5743186636731321,15,middle
15684,84,0,0.5071262652112823,0.5599575290911096,15,middle
15685,85,0,0.6362201083541369,0.4628671364461696,15,middle
15686,86,0,0.5365991510540502,0.5271425336227675,15,middle
15687,87,0,0.4669753469128879,0.3966374787159368,15,middle
15688,88,0,0.5657659840829561,0.4448005069866383,15,middle
15689,89,0,0.7883666007986776,0.5102936293766844,15,middle
15690,90,0,0.784051111760665,0.3076269916267216,15,middle
15691,91,0,0.5121150159786015,0.38479597634029966,15,middle
15692,92,0,0.7439301993160006,0.3924899423912448,15,middle
15693,93,0,0.8124216927113568,0.33612314779077684,15,middle
15694,94,0,0.5862537120888853,0.4435652287058802,15,middle
15695,95,0,0.22411327578470158,0.5233337923506056,15,middle
15696,96,0,0.933732941767804,0.4256955660262151,15,middle
15697,97,0,0.6491679533781942,0.4490817055976357,15,middle
15698,98,0,0.5868210249046937,0.48743774290138975,15,middle
15699,99,0,0.36914127352861137,0.42595687159245865,15,middle
15700,100,0,0.3075236657752297,0.29308952851616243,15,middle
15701,101,0,0.6965108513881789,0.3906364162812007,15,middle
15702,102,0,0.7769570798887537,0.5353640924574663,15,middle
15703,103,0,0.631046289380399,0.3285997837226165,15,middle
15704,104,0,0.7636260045780103,0.331375416514342,15,middle
15705,105,0,0.9655092413201497,0.39852084084426587,15,middle
15706,106,0,0.17832093820580586,0.34520192519085724,15,middle
15707,107,0,0.6160261002871037,0.40614742788280955,15,middle
15708,108,0,0.6883517461551699,0.3979582089070606,15,middle
15709,109,0,0.285733095048312,0.3287390880606772,15,middle
15710,110,0,0.7657625335781176,0.41244180867001606,15,middle
15711,111,0,0.11255025505739986,0.42232841416194244,15,middle
15712,112,0,0.4781199836102623,0.37730060247649627,15,middle
15713,113,0,0.8793715705270546,0.35996698947174566,15,middle
15714,114,0,0.6333046864160461,0.4284374932394096,15,middle
15715,115,0,0.701080218485492,0.48812028862055534,15,middle
15716,116,0,0.8615555058943716,0.41581385885790045,15,middle
15717,117,0,0.31360709433738293,0.43605919074296606,15,middle
15718,118,0,0.8143167306470844,0.4683439587170461,15,middle
15719,119,0,0.8386062184131083,0.365692427826256,15,middle
15720,120,0,0.4385526120208287,0.4887360336447917,15,middle
15721,121,0,0.5131610931614056,0.3280188189097697,15,middle
15722,122,0,0.287308429570446,0.43431526890533056,15,middle
15723,123,0,0.7000201619792386,0.4626766024508561,15,middle
15724,124,0,0.04258141952508545,0.4363507440821641,15,middle
15725,125,0,0.5109527907848346,0.4105587204406343,15,middle
15726,126,0,0.1754051455350178,0.43871732127427104,15,middle
15727,127,0,0.4447497311447023,0.3910520441359142,15,middle
15728,128,0,0.781445862679081,0.46378746909266827,15,middle
15729,129,0,0.5379947532265178,0.4432743769548791,15,middle
15730,130,0,0.40497734159508864,0.421611022125577,15,middle
15731,131,0,0.5880961378813366,0.3114078009082315,15,middle
15732,132,0,0.2668030018283379,0.4838125079750961,15,middle
15733,133,0,0.8276024378896536,0.4681552930801863,15,middle
15734,134,0,0.8707266945202506,0.3010464841807172,15,middle
15735,135,0,0.7352784753602741,0.4266350102612232,15,middle
15736,136,0,0.4077940902328544,0.4993984825021901,15,middle
15737,137,0,0.7435802514039015,0.3569749452402828,15,middle
15738,138,0,0.7225440538642103,0.36164808671167287,15,middle
15739,139,0,0.576137234511761,0.3843003142767301,15,middle
15740,140,0,0.9178122230653214,0.49141224781167436,15,middle
15741,141,0,0.6587639083651284,0.5397869750719806,15,middle
15742,142,0,0.8330970040641421,0.4671186250820619,15,middle
15743,143,0,0.43517727116919336,0.4042601962923994,15,middle
15744,144,0,0.6283251692105201,0.48499682555513873,15,middle
15745,145,0,0.5858305806718735,0.38942153815791924,15,middle
15746,146,0,0.2000562336572097,0.4057565459761965,15,middle
15747,147,0,0.5024593495194816,0.3561303341581183,15,middle
15748,148,0,0.7021710839703094,0.3251185883822255,15,middle
15749,149,0,0.7536894547279562,0.32828180727710543,15,middle
15750,150,0,0.21676419656962886,0.34901467030920247,15,middle
15751,151,0,0.46441179225014895,0.4799540918199169,15,middle
15752,152,0,0.7692569324807105,0.39378254570204063,15,middle
15753,153,0,0.19527618299657545,0.42984961721246334,15,middle
15754,154,0,0.4429206381835998,0.3587760579148389,15,middle
15755,155,0,0.5875626405250723,0.4008788857822092,15,middle
15756,156,0,0.2727603612155672,0.31070263429874423,15,middle
15757,157,0,0.3338490650364322,0.42680065610139584,15,middle
15758,158,0,0.2589797283575055,0.41162197012884316,15,middle
15759,159,0,0.6122488908080014,0.29300511009903957,15,middle
15760,160,0,0.646355970556294,0.43870766252120286,15,middle
15761,161,0,0.6851481627205191,0.31372221271471645,15,middle
15762,162,0,0.5107539772165863,0.3731175258325852,15,middle
15763,163,0,0.19091421253047555,0.371496534230002,15,middle
15764,164,0,0.24155118837702289,0.4224743363633823,15,middle
15765,165,0,0.5988846750039959,0.44405089689963434,15,middle
15766,166,0,0.7828635259327499,0.34969534779976147,15,middle
15767,167,0,0.5413397907370023,0.4687020750660432,15,middle
15768,168,0,0.7944614423610037,0.4008722804344651,15,middle
15769,169,0,0.7795139386143346,0.32749916653947925,15,middle
15770,170,0,0.7175935231487305,0.32979757888349176,15,middle
15771,171,0,0.5407049068505829,0.39235519152245896,15,middle
15772,172,0,0.3261878941352961,0.3837939514676527,15,middle
15773,173,0,0.3087007635208724,0.41573666735276155,15,middle
15774,174,0,0.5901034746421852,0.343757903506127,15,middle
15775,175,0,0.5009051921359245,0.3632171353763536,15,middle
15776,176,0,0.1967886737579913,0.4049530888494628,15,middle
15777,177,0,0.24928910088945716,0.3564600079281629,15,middle
15778,178,0,0.6032825516620453,0.46088124655975105,15,middle
15779,179,0,0.9515154638125195,0.34902779854523514,15,middle
15780,180,0,0.2033006711575634,0.34218847327978635,15,middle
15781,181,0,0.10251387934145985,0.5185770849156224,15,middle
15782,182,0,0.4404095320594529,0.3454084600358388,15,middle
15783,183,0,0.7237567506527693,0.2954927677751086,15,middle
15784,184,0,0.8555490751062171,0.3362642213126192,15,middle
15785,185,0,0.7107930712962683,0.3361725695619229,15,middle
15786,186,0,0.5968757688534347,0.6312839502564207,15,middle
15787,187,0,0.5327767438775025,0.4341255522584456,15,middle
15788,188,0,0.5867792097189095,0.3902777380960871,15,middle
15789,189,0,0.4394740970789658,0.34933363329578426,15,middle
15790,190,0,0.7097378420148224,0.3158167106683912,15,middle
15791,191,0,0.6251276645635198,0.36618845655047805,15,middle
15792,192,0,0.17392312291224676,0.3438240791552797,15,middle
15793,193,0,0.8806402796798194,0.49042078261956223,15,middle
15794,194,0,0.754946039398348,0.4388914091356325,15,middle
15795,195,0,0.8628302754943723,0.3660832242033962,15,middle
15796,196,0,0.44387868525162166,0.33125853812141226,15,middle
15797,197,0,0.630789342087766,0.2919317372220714,15,middle
15798,198,0,0.5838394690283792,0.4175742699388906,15,middle
15799,199,0,0.505147135160983,0.3188636226120934,15,middle
15800,0,0,0.469644981608172,1.0056826918235764,15,late
15801,1,0,0.9222163530996217,0.6626975376476842,15,late
15802,2,0,0.49191832162299953,0.4612506069474958,15,late
15803,3,0,0.8766088178493099,0.5864527523051432,15,late
15804,4,0,0.46754713572652273,0.5930671146196527,15,late
15805,5,0,0.261242256014748,0.6674697936758875,15,late
15806,6,0,0.29928690285434795,0.48380800882809105,15,late
15807,7,0,0.5394566270517325,0.3576158123890237,15,late
15808,8,0,0.4315141165240957,0.3505926387874767,15,late
15809,9,0,0.4192904922151822,0.4739969602792197,15,late
15810,10,0,0.4403335831274332,0.4126885525315416,15,late
15811,11,0,0.6566261045202669,0.49479960876920553,15,late
15812,12,0,0.31179520174707864,0.4005815609621373,15,late
15813,13,0,0.7805936229886173,0.22884397559093306,15,late
15814,14,0,0.5101317192398374,0.598766864838628,15,late
15815,15,0,0.6685218207969328,0.48623614278720095,15,late
15816,16,0,0.49554019257891224,0.5357874313366314,15,late
15817,17,0,0.5959280325264489,0.6927008246954385,15,late
15818,18,0,0.6103168871494877,0.4739947439830279,15,late
15819,19,0,0.31303083894255257,0.3918314878878394,15,late
15820,20,0,0.3977223431061218,0.44746942412428725,15,late
15821,21,0,0.22676413081279095,0.45470678276608095,15,late
15822,22,0,0.21557025611314629,0.5616956669912697,15,late
15823,23,0,0.6367083868748034,0.45937124093895765,15,late
15824,24,0,0.48844098916034573,0.4850313129321924,15,late
15825,25,0,0.3306146353593053,0.4525141815500884,15,late
15826,26,0,0.503592844396332,0.3832268543608129,15,late
15827,27,0,0.5207319518560214,0.5279140366767305,15,late
15828,28,0,0.5139792043074443,0.4555035939825046,15,late
15829,29,0,0.9278528600986712,0.4328574862681315,15,late
15830,30,0,0.8244576847331866,0.35642265726353384,15,late
15831,31,0,0.7057618588901032,0.5179975857114629,15,late
15832,32,0,0.8884410627871444,0.5302635911871916,15,late
15833,33,0,0.5279659479200748,0.4161606080204382,15,late
15834,34,0,0.9925353083586116,0.28610067191061783,15,late
15835,35,0,0.4892482465718861,0.423829411580104,15,late
15836,36,0,0.2779060265947221,0.6052801021622422,15,late
15837,37,0,0.8025734083267388,0.3494068399487186,15,late
15838,38,0,0.5791791940995457,0.37514611259476105,15,late
15839,39,0,0.057305822729291946,0.4813529057869872,15,late
15840,40,0,0.6731551694992193,0.28354817002713106,15,late
15841,41,0,0.44056377144361447,0.37445459852409235,15,late
15842,42,0,0.35077980664114217,0.344259572287822,15,late
15843,43,0,0.610817694116384,0.5220452292193694,15,late
15844,44,0,0.7831669349906127,0.3453156763108074,15,late
15845,45,0,0.5481899643217208,0.39745719281861136,15,late
15846,46,0,0.06973906256077973,0.3667371166223036,15,late
15847,47,0,0.5797472462840466,0.666200740870404,15,late
15848,48,0,0.5969427503702511,0.3541275816329279,15,late
15849,49,0,0.5707434801146085,0.4962510896389851,15,late
15850,50,0,0.7258031193826631,0.512971487369009,15,late
15851,51,0,0.4928857107898386,0.33214904388447486,15,late
15852,52,0,0.19584982141163446,0.3946303111280915,15,late
15853,53,0,0.4419043588848544,0.4482918457048646,15,late
15854,54,0,0.6000221968150783,0.4582662196511442,15,late
15855,55,0,0.7780961801911909,0.439467765218903,15,late
15856,56,0,0.4276431561288264,0.3751058889391,15,late
15857,57,0,0.5076987328581257,0.4681987993211836,15,late
15858,58,0,0.7734073774677854,0.3839720884712885,15,late
15859,59,0,0.46607930015581966,0.37745423631591524,15,late
15860,60,0,0.5971936179433197,0.3510805161863806,15,late
15861,61,0,0.4781664172544491,0.46693227924157377,15,late
15862,62,0,0.3872265908379827,0.6089267227304339,15,late
15863,63,0,0.558090123669343,0.3654650280822576,15,late
15864,64,0,0.870561705146008,0.3095939511336524,15,late
15865,65,0,0.3507480371354682,0.3652409938755116,15,late
15866,66,0,0.11610476479529899,0.3442281200293932,15,late
15867,67,0,0.6597098362009136,0.3450618900115122,15,late
15868,68,0,0.4333172330209345,0.3049961250423532,15,late
15869,69,0,0.13377187239603647,0.3637065394132214,15,late
15870,70,0,0.7521121210685824,0.4468337577529928,15,late
15871,71,0,0.20417639925308645,0.4132033276184946,15,late
15872,72,0,0.800509762554743,0.2566887079061187,15,late
15873,73,0,0.17056705991444365,0.34294630152276245,15,late
15874,74,0,0.6583300842296574,0.26050489555919226,15,late
15875,75,0,0.20745603660760786,0.3145597036796189,15,late
15876,76,0,0.2778101223342556,0.5228082868131017,15,late
15877,77,0,0.24660937073364222,0.27868198200259875,15,late
15878,78,0,0.9136959562707445,0.3270550278338479,15,late
15879,79,0,0.48529840709641003,0.5801211683533827,15,late
15880,80,0,0.9781843379116821,0.27911964406805223,15,late
15881,81,0,0.2178871499493649,0.34079188513210235,15,late
15882,82,0,0.6586499899666058,0.32537320900783395,15,late
15883,83,0,0.8850750058858559,0.28995036491930715,15,late
15884,84,0,0.3431391527832987,0.4330466984828216,15,late
15885,85,0,0.27079550951351106,0.4237983377230409,15,late
15886,86,0,0.4216333670232876,0.4842509397732153,15,late
15887,87,0,0.6490716465382123,0.3776064337732071,15,late
15888,88,0,0.3552127476100507,0.43109610925984443,15,late
15889,89,0,0.7063246990683367,0.314432851151879,15,late
15890,90,0,0.5342267687614873,0.32976154504122324,15,late
15891,91,0,0.7801175027477962,0.2631474702583732,15,late
15892,92,0,0.04526272958307411,0.6614351807138623,15,late
15893,93,0,0.24928703846942468,0.4752019978567411,15,late
15894,94,0,0.6759240640981758,0.28841485124399024,15,late
15895,95,0,0.3779204089403681,0.31373303486659504,15,late
15896,96,0,0.5369322948027287,0.3009541064353403,15,late
15897,97,0,0.6794491314566586,0.40244286712079,15,late
15898,98,0,0.6501123887095588,0.30219321837697083,15,late
15899,99,0,0.5778032851349405,0.31267660506463285,15,late
15900,100,0,0.7027776105295163,0.36244289636993865,15,late
15901,101,0,0.951297398096983,0.4649906098194639,15,late
15902,102,0,0.8512274759099081,0.3546441738356066,15,late
15903,103,0,0.9835955611653786,0.2647479383341421,15,late
15904,104,0,0.8905962835504082,0.26433297237025355,15,late
15905,105,0,0.3146628489437066,0.40345390151907906,15,late
15906,106,0,0.5611931841796916,0.49907914006199905,15,late
15907,107,0,0.7906746433918241,0.4488946259941312,15,late
15908,108,0,0.33553851776310906,0.2653822363990934,15,late
15909,109,0,0.28349306669047175,0.42960362755116355,15,late
15910,110,0,0.91539891284189,0.4366858867255589,15,late
15911,111,0,0.9990866065974423,0.4052824846933546,15,late
15912,112,0,0.7246631723606575,0.37440506046739724,15,late
15913,113,0,0.9878710607538574,0.44505462820624675,15,late
15914,114,0,0.4886265443471949,0.269956379669267,15,late
15915,115,0,0.5592049384294482,0.4389325807414488,15,late
15916,116,0,0.6220794344955165,0.3765626573526059,15,late
15917,117,0,0.2870033047375621,0.33952916999053806,15,late
15918,118,0,0.7499699719563868,0.2878347857195554,15,late
15919,119,0,0.9367373822260749,0.3474170621756648,15,late
15920,120,0,0.43503893586859965,0.2802675427909556,15,late
15921,121,0,0.5083766977751005,0.3502277390580589,15,late
15922,122,0,0.25696457143943097,0.30846510097144725,15,late
15923,123,0,0.5526038529815421,0.45786205230230975,15,late
15924,124,0,0.763944931309767,0.3736753272783713,15,late
15925,125,0,0.7465882495229377,0.36931377505952967,15,late
15926,126,0,0.541300992542778,0.5999205011284212,15,late
15927,127,0,0.5794019325188099,0.3875400998723982,15,late
15928,128,0,0.5490574359283399,0.5803635072046149,15,late
15929,129,0,0.1530415600979658,0.546881356995157,15,late
15930,130,0,0.28787038259124764,0.26577300860141106,15,late
15931,131,0,0.3885586356546144,0.49685865589838446,15,late
15932,132,0,0.48046651812207536,0.41454924462050713,15,late
15933,133,0,0.533540230067482,0.34707893473595364,15,late
15934,134,0,0.46971847680252016,0.3364915727953224,15,late
15935,135,0,0.4948631332344969,0.2855694556285196,15,late
15936,136,0,0.485997617334623,0.367385105745073,15,late
15937,137,0,0.5591971735614841,0.4118175365648608,15,late
15938,138,0,0.22289392718580445,0.4353687404552169,15,late
15939,139,0,0.4496900443094729,0.38950461289260174,15,late
15940,140,0,0.7398751842729896,0.3807680153980058,15,late
15941,141,0,0.37664778721791325,0.30910193868372454,15,late
15942,142,0,0.5335908847258273,0.31835053292921983,15,late
15943,143,0,0.6190909718922326,0.40118957287416546,15,late
15944,144,0,0.9102416561540576,0.23701853584950927,15,late
15945,145,0,0.024903711388226245,0.34176459791183683,15,late
15946,146,0,0.6901175948236835,0.23085272188191816,15,late
15947,147,0,0.8055172349049616,0.25486568690967554,15,late
15948,148,0,0.6313346947944207,0.4158455696754644,15,late
15949,149,0,0.8913019345938615,0.3288390401750196,15,late
15950,150,0,0.14139165396368159,0.38040843396341306,15,late
15951,151,0,0.7187975041602667,0.3116437902137338,15,late
15952,152,0,0.38674671115328463,0.36305701155544745,15,late
15953,153,0,0.4911061268882852,0.4712097247798488,15,late
15954,154,0,0.764754600221055,0.3203976373176412,15,late
15955,155,0,0.7391241697373546,0.2633394258448241,15,late
15956,156,0,0.10229801254115613,0.3706013435761264,15,late
15957,157,0,0.691550539489952,0.33816999169913575,15,late
15958,158,0,0.7241605555391312,0.30225981013961145,15,late
15959,159,0,0.46671866040001386,0.47110691701366014,15,late
15960,160,0,0.24301207450369738,0.3529930171279855,15,late
15961,161,0,0.536579048166998,0.4019585777975663,15,late
15962,162,0,0.30138690331682433,0.2767353109792847,15,late
15963,163,0,0.2866755794656105,0.22983304129140977,15,late
15964,164,0,0.5915060904378551,0.23613049895697474,15,late
15965,165,0,0.6015474415567501,0.3592938772301497,15,late
15966,166,0,0.5570286859925311,0.2646011314313077,15,late
15967,167,0,0.7046722273550485,0.3269629493180314,15,late
15968,168,0,0.10790828596474009,0.35770113488093946,15,late
15969,169,0,0.41544379706633616,0.4205499546341388,15,late
15970,170,0,0.37208193429510894,0.35804560441968747,15,late
15971,171,0,0.7824503957908391,0.21398491391779223,15,late
15972,172,0,0.6802404240993675,0.3308433307893357,15,late
15973,173,0,0.045548705780119714,0.5228452959459898,15,late
15974,174,0,0.41172101580410875,0.31854371612036664,15,late
15975,175,0,0.5738877644788887,0.24776045913621428,15,late
15976,176,0,0.46789444546533365,0.24091743165048835,15,late
15977,177,0,0.9717699191886107,0.2335822226064983,15,late
15978,178,0,0.2673189643380304,0.3918262706022566,15,late
15979,179,0,0.318683520414522,0.35391884046085603,15,late
15980,180,0,0.27229925088930396,0.3988342084855683,15,late
15981,181,0,0.5347561344888098,0.3061581523254765,15,late
15982,182,0,0.7352047584434034,0.40891385245078027,15,late
15983,183,0,0.8372514966015282,0.399866404955857,15,late
15984,184,0,0.3478164022728635,0.42065795460403915,15,late
15985,185,0,0.3443518250437226,0.2600571187576559,15,late
15986,186,0,0.36385926867467966,0.34457570378960156,15,late
15987,187,0,0.8285382338437325,0.4270057625113416,15,late
15988,188,0,0.7497428682039866,0.34454775363976475,15,late
15989,189,0,0.4681143089893906,0.36380866738452483,15,late
15990,190,0,0.5320104129690665,0.3308162060996931,15,late
15991,191,0,0.7678815242128685,0.2658914705739203,15,late
15992,192,0,0.6078511897081724,0.32351109652712207,15,late
15993,193,0,0.4237332520263347,0.319036804466295,15,late
15994,194,0,0.9408687166390128,0.29646162362301887,15,late
15995,195,0,0.36561913415698466,0.3454073229866504,15,late
15996,196,0,0.6345421201895194,0.3001179847734374,15,late
15997,197,0,0.2681457245688383,0.3369558418567443,15,late
15998,198,0,0.7184492317955479,0.30156980958578977,15,late
15999,199,0,0.1552696197417816,0.4026723020682945,15,late
16000,0,0,0.3242500559049176,0.6643553667299078,16,interleaved
16001,1,0,0.16576811427249363,0.686121309774409,16,interleaved
16002,2,0,0.6156630948780092,0.7162852800506965,16,interleaved
16003,3,0,0.4884512270467344,0.603541703645114,16,interleaved
16004,4,0,0.05804311769281641,0.42930059623390227,16,interleaved
16005,5,0,0.632333292259563,0.4723742061758386,16,interleaved
16006,6,0,0.44363158650882034,0.5284345961537631,16,interleaved
16007,7,0,0.19319947124779696,0.5143829277415021,16,interleaved
16008,8,0,0.5254953308130017,0.5157691912023994,16,interleaved
16009,9,0,0.9066733863965333,0.43595973922411685,16,interleaved
16010,10,0,0.5136161030946566,0.35025420116673145,16,interleaved
16011,11,0,0.9747688331386286,0.5748948542795196,16,interleaved
16012,12,0,0.47803583037701974,0.5532396142157876,16,interleaved
16013,13,0,0.9217227460229123,0.33709762170829816,16,interleaved
16014,14,0,0.5611688635465518,0.327397298527494,16,interleaved
16015,15,0,0.03634957012750005,0.5859054813599301,16,interleaved
16016,16,0,0.5030261482957924,0.519594279987333,16,interleaved
16017,17,0,0.9425382798036579,0.3799811615932678,16,interleaved
16018,18,0,0.5074771201382194,0.6616682124908388,16,interleaved
16019,19,0,0.9324877692815073,0.6471887634393638,16,interleaved
16020,20,0,0.5054595800544562,0.6675136489210254,16,interleaved
16021,21,0,0.9560136930566205,0.41480911788099234,16,interleaved
16022,22,0,0.5604127636485807,0.4850037336603145,16,interleaved
16023,23,0,0.9369817940708092,0.34919653224274444,16,interleaved
16024,24,0,0.41504949875142094,0.4830879698263524,16,interleaved
16025,25,0,0.7702361008848856,0.6400617632215665,16,interleaved
16026,26,0,0.287223270170701,0.6667710449256287,16,interleaved
16027,27,0,0.04051388509596323,0.5162778465230858,16,interleaved
16028,28,0,0.6045877498216399,0.5362310441644675,16,interleaved
16029,29,0,0.40633837493068203,0.6056997745818269,16,interleaved
16030,30,0,0.4816180981598168,0.6389142341221581,16,interleaved
16031,31,0,0.9405315440636175,0.3687531881419348,16,interleaved
16032,32,0,0.49628575384718826,0.45922019625797983,16,interleaved
16033,33,0,0.06311394005739465,0.4527270931944225,16,interleaved
16034,34,0,0.4243798570303452,0.4434566759121327,16,interleaved
16035,35,0,0.3619430366607553,0.5042091763598472,16,interleaved
16036,36,0,0.3802432867470309,0.5009021236500093,16,interleaved
16037,37,0,0.3262115381369326,0.5547204755580177,16,interleaved
16038,38,0,0.32246763104769954,0.470904800787601,16,interleaved
16039,39,0,0.7782454451230694,0.5072678366900623,16,interleaved
16040,40,0,0.44033089786938107,0.37222902314767914,16,interleaved
16041,41,0,0.689149445204289,0.4108239599503829,16,interleaved
16042,42,0,0.3216774887540645,0.4111424086236,16,interleaved
16043,43,0,0.8173898517882303,0.5157928774257016,16,interleaved
16044,44,0,0.46907046695301785,0.5145632061814921,16,interleaved
16045,45,0,0.0815863581609387,0.5421557487986287,16,interleaved
16046,46,0,0.5236661968073701,0.5120905293232334,16,interleaved
16047,47,0,0.552285701857272,0.5248479381819848,16,interleaved
16048,48,0,0.40198097675611194,0.4891419247457463,16,interleaved
16049,49,0,0.9092607502172786,0.43454379257118936,16,interleaved
16050,50,0,0.4740047925337242,0.3744435081294192,16,interleaved
16051,51,0,0.7550465972313343,0.44315068500516974,16,interleaved
16052,52,0,0.616339524475828,0.4228605228444402,16,interleaved
16053,53,0,0.9157604049292307,0.29993040367533186,16,interleaved
16054,54,0,0.5223079534959545,0.5408718835300044,16,interleaved
16055,55,0,0.8278221753412649,0.48996579820792807,16,interleaved
16056,56,0,0.5831303565399223,0.3071698929799995,16,interleaved
16057,57,0,0.08939518790612594,0.6355463238393585,16,interleaved
16058,58,0,0.36354321247466187,0.4600682661848031,16,interleaved
16059,59,0,0.8462235397095994,0.6608046097311842,16,interleaved
16060,60,0,0.6062961041274526,0.34463759983097053,16,interleaved
16061,61,0,0.9243349900389367,0.37335133745401505,16,interleaved
16062,62,0,0.7324520419912397,0.5130627566874355,16,interleaved
16063,63,0,0.4399082945392187,0.479640901154187,16,interleaved
16064,64,0,0.4326190233687504,0.5272069395520385,16,interleaved
16065,65,0,0.9424513838883996,0.40535119397098707,16,interleaved
16066,66,0,0.4672007008293136,0.5010072678446958,16,interleaved
16067,67,0,0.23702494196587007,0.4580887470830455,16,interleaved
16068,68,0,0.6666320784837947,0.3821489443854553,16,interleaved
16069,69,0,0.9340728703805996,0.39655662942737085,16,interleaved
16070,70,0,0.3246741904724968,0.45295215838492797,16,interleaved
16071,71,0,0.25980151972491333,0.38905450447133294,16,interleaved
16072,72,0,0.7031370244642972,0.46598583515305214,16,interleaved
16073,73,0,0.2891155472948895,0.4114194447017868,16,interleaved
16074,74,0,0.4044444899074993,0.5482235765785162,16,interleaved
16075,75,0,0.5635129922564693,0.3512983420131849,16,interleaved
16076,76,0,0.4230785365414578,0.40414322080976994,16,interleaved
16077,77,0,0.865261374098462,0.4334625068509971,16,interleaved
16078,78,0,0.4335913701063976,0.3648173271198678,16,interleaved
16079,79,0,0.11950321037384057,0.3752857591762786,16,interleaved
16080,80,0,0.516144737467662,0.5345431507448283,16,interleaved
16081,81,0,0.2849621713238225,0.47092028199903757,16,interleaved
16082,82,0,0.9298298875621644,0.4339897672414859,16,interleaved
16083,83,0,0.47326905513999795,0.4246425491559759,16,interleaved
16084,84,0,0.6623241436536955,0.3855697251751924,16,interleaved
16085,85,0,0.3833436438606853,0.45993893287762955,16,interleaved
16086,86,0,0.6799363586465633,0.5479858902549333,16,interleaved
16087,87,0,0.47347043233344627,0.391694765898465,16,interleaved
16088,88,0,0.7656043865274982,0.3292137033943334,16,interleaved
16089,89,0,0.8734592335525353,0.4116330537298526,16,interleaved
16090,90,0,0.48888497496380706,0.5419437653094497,16,interleaved
16091,91,0,0.03270411367172474,0.5407015964225832,16,interleaved
16092,92,0,0.8582378897101199,0.5077248979537559,16,interleaved
16093,93,0,0.6342402747611003,0.5228709096046634,16,interleaved
16094,94,0,0.5955495497551222,0.29509983191724043,16,interleaved
16095,95,0,0.5742023843237463,0.48522982253423247,16,interleaved
16096,96,0,0.2843248705127831,0.5594977024808474,16,interleaved
16097,97,0,0.6365455490909239,0.3504297263789632,16,interleaved
16098,98,0,0.8621809697093388,0.46912869103412147,16,interleaved
16099,99,0,0.5906181524418794,0.4388441355341193,16,interleaved
16100,100,0,0.7922043613399196,0.3120353168361424,16,interleaved
16101,101,0,0.725792125391789,0.2783029203090669,16,interleaved
16102,102,0,0.1606208626096033,0.5264844316676289,16,interleaved
16103,103,0,0.7558270679140671,0.43986226528822425,16,interleaved
16104,104,0,0.1857225004791904,0.5677015302251758,16,interleaved
16105,105,0,0.49864045961174225,0.3909643142787614,16,interleaved
16106,106,0,0.4784993339514477,0.3573363777906743,16,interleaved
16107,107,0,0.1466225911839623,0.47390347989970905,16,interleaved
16108,108,0,0.8527935312639952,0.6389904635997137,16,interleaved
16109,109,0,0.8311027583553238,0.402206497158648,16,interleaved
16110,110,0,0.7984155910093182,0.37894619917640526,16,interleaved
16111,111,0,0.6274327832774549,0.47552832033206405,16,interleaved
16112,112,0,0.5205855484119856,0.418826886152522,16,interleaved
16113,113,0,0.7757016923373449,0.37384785670561327,16,interleaved
16114,114,0,0.7058597921635466,0.4268741586242606,16,interleaved
16115,115,0,0.5449006939610929,0.487138344326527,16,interleaved
16116,116,0,0.500767896696463,0.36403010315024714,16,interleaved
16117,117,0,0.3542622496730563,0.43093429596101784,16,interleaved
16118,118,0,0.10928462998024698,0.630822472750082,16,interleaved
16119,119,0,0.2668837026347286,0.3856483763001345,16,interleaved
16120,120,0,0.3437357670165388,0.3074356409645066,16,interleaved
16121,121,0,0.8115203747113828,0.3581210403403119,16,interleaved
16122,122,0,0.5722171123391886,0.4375841738138967,16,interleaved
16123,123,0,0.15442508497765844,0.43181776203667344,16,interleaved
16124,124,0,0.5887983889739737,0.39027422130632017,16,interleaved
16125,125,0,0.33307673511354713,0.38347793524633944,16,interleaved
16126,126,0,0.3893469217966429,0.6292052773039135,16,interleaved
16127,127,0,0.7052481245121534,0.6724959902814824,16,interleaved
16128,128,0,0.7439912452520512,0.37284406448773855,16,interleaved
16129,129,0,0.7227027153787572,0.39668763739534457,16,interleaved
16130,130,0,0.82409158172459,0.3238340927228487,16,interleaved
16131,131,0,0.15037364569421263,0.49357160486406304,16,interleaved
16132,132,0,0.7969187508421878,0.41602405482988675,16,interleaved
16133,133,0,0.44736947766608065,0.28422804537392454,16,interleaved
16134,134,0,0.9914054440029132,0.3711899578536061,16,interleaved
16135,135,0,0.5094149943830337,0.47088977500210294,16,interleaved
16136,136,0,0.8619455897988696,0.3352314567906636,16,interleaved
16137,137,0,0.28421286056254735,0.35108091398549685,16,interleaved
16138,138,0,0.3390019582803917,0.4005092983958197,16,interleaved
16139,139,0,0.6932722380226377,0.275007382639298,16,interleaved
16140,140,0,0.507988791988261,0.3307784992902323,16,interleaved
16141,141,0,0.6828795133826089,0.4352393256166014,16,interleaved
16142,142,0,0.8459700297995256,0.26284773167835584,16,interleaved
16143,143,0,0.8565169814739553,0.4325005256036858,16,interleaved
16144,144,0,0.504267906693845,0.41598027345078237,16,interleaved
16145,145,0,0.46912822000492127,0.5084142387852609,16,interleaved
16146,146,0,0.2103679139166183,0.4913720810906484,16,interleaved
16147,147,0,0.30679203350474216,0.362909277023145,16,interleaved
16148,148,0,0.28415512201999027,0.32823049977745744,16,interleaved
16149,149,0,0.40830731079753374,0.3117312933847447,16,interleaved
16150,150,0,0.4682012054406968,0.4495230126272309,16,interleaved
16151,151,0,0.42493804106140703,0.4032314430271343,16,interleaved
16152,152,0,0.8006608512358706,0.22986239583673423,16,interleaved
16153,153,0,0.8006132286732583,0.32469591163117517,16,interleaved
16154,154,0,0.2928559028026204,0.3862180858658746,16,interleaved
16155,155,0,0.701363627587043,0.3299645204282293,16,interleaved
16156,156,0,0.8975974663429074,0.452590065899948,16,interleaved
16157,157,0,0.029543197048603056,0.7557421619121192,16,interleaved
16158,158,0,0.848795431791313,0.45750704916310314,16,interleaved
16159,159,0,0.5633814822413532,0.3745542230890232,16,interleaved
16160,160,0,0.7411608628793582,0.38547292981988,16,interleaved
16161,161,0,0.163252938522487,0.3971399499764752,16,interleaved
16162,162,0,0.9395091042527626,0.45365575672006075,16,interleaved
16163,163,0,0.09166468716835527,0.36826282982956665,16,interleaved
16164,164,0,0.14480233388068356,0.49710558464758037,16,interleaved
16165,165,0,0.5990175193551115,0.3684532357309615,16,interleaved
16166,166,0,0.7267423870137196,0.39771842938788676,16,interleaved
16167,167,0,0.5653036660196061,0.5779101742996596,16,interleaved
16168,168,0,0.9082928441676351,0.3163108305401608,16,interleaved
16169,169,0,0.932964248379802,0.3074354360512061,16,interleaved
16170,170,0,0.9480873619155306,0.3805527844071396,16,interleaved
16171,171,0,0.8966071207319628,0.28014441377296045,16,interleaved
16172,172,0,0.18760003496126965,0.4531973551866136,16,interleaved
16173,173,0,0.48252526571946963,0.40250195862490823,16,interleaved
16174,174,0,0.233076640946706,0.28627107398332824,16,interleaved
16175,175,0,0.0848973045771878,0.35227731591346934,16,interleaved
16176,176,0,0.36777359127954395,0.36612153968703487,16,interleaved
16177,177,0,0.7854296390672901,0.45510963047572794,16,interleaved
16178,178,0,0.040289346804014525,0.37254088369847593,16,interleaved
16179,179,0,0.5151823122975008,0.36758668032588226,16,interleaved
16180,180,0,0.7245466888317096,0.2721810092804259,16,interleaved
16181,181,0,0.8419246174385998,0.35115559240541094,16,interleaved
16182,182,0,0.61867200418501,0.6026138405437862,16,interleaved
16183,183,0,0.5492162531314903,0.6646795084037311,16,interleaved
16184,184,0,0.3071917030735324,0.43402772740781964,16,interleaved
16185,185,0,0.48192568847313344,0.3870438348183821,16,interleaved
16186,186,0,0.5301582800995411,0.2956285482238562,16,interleaved
16187,187,0,0.5324062297716099,0.3198218772444045,16,interleaved
16188,188,0,0.19069834225848842,0.666512793460172,16,interleaved
16189,189,0,0.22943114056548902,0.7296418146887675,16,interleaved
16190,190,0,0.8356231795223761,0.3278307885392352,16,interleaved
16191,191,0,0.7919721432778873,0.4759640879292585,16,interleaved
16192,192,0,0.2828368621416958,0.6969336133454189,16,interleaved
16193,193,0,0.8266786283523848,0.3533989378825862,16,interleaved
16194,194,0,0.36343043330498737,0.3742328444558707,16,interleaved
16195,195,0,0.7726389918502995,0.31830514145807776,16,interleaved
16196,196,0,0.5850544782670235,0.31229667391097915,16,interleaved
16197,197,0,0.6508502949374468,0.35356135531944016,16,interleaved
16198,198,0,0.97050271361071,0.4149858353197954,16,interleaved
16199,199,0,0.49168231740643037,0.3860085019963144,16,interleaved
16200,0,0,0.7327552915664494,0.6313359097834944,16,blocked
16201,1,0,0.3945178918479439,0.5182650016738732,16,blocked
16202,2,0,0.4674724737086463,0.7285284397438707,16,blocked
16203,3,0,0.40214839830837723,0.44651156349247667,16,blocked
16204,4,0,0.4359546927496065,0.4951063295360173,16,blocked
16205,5,0,0.5879358669305332,0.4218834647577825,16,blocked
16206,6,0,0.5496334405565577,0.41545129539397996,16,blocked
16207,7,0,0.5751475529271981,0.6495471329147723,16,blocked
16208,8,0,0.44487044769198514,0.43552066964647135,16,blocked
16209,9,0,0.4899778698640217,0.5768330765114309,16,blocked
16210,10,0,0.3024534244266212,0.5057473888970153,16,blocked
16211,11,0,0.4386970960070329,0.7242409246006822,16,blocked
16212,12,0,0.5318394615182414,0.5169123806373022,16,blocked
16213,13,0,0.4121628834637747,0.42974026261386555,16,blocked
16214,14,0,0.33134277167694953,0.44217594297091817,16,blocked
16215,15,0,0.44448146529061877,0.43162440222591947,16,blocked
16216,16,0,0.6330865190428426,0.564642214949,16,blocked
16217,17,0,0.7111024930300791,0.43271114558115276,16,blocked
16218,18,0,0.7059096693286061,0.36334333924386175,16,blocked
16219,19,0,0.5928259880509916,0.42012983430074713,16,blocked
16220,20,0,0.42000832473146965,0.43491462708608997,16,blocked
16221,21,0,0.19262274659807568,0.5163356414507706,16,blocked
16222,22,0,0.24468821293866583,0.5632174569740402,16,blocked
16223,23,0,0.5938142350024307,0.39777236718797265,16,blocked
16224,24,0,0.6481717440678414,0.43629277175432674,16,blocked
16225,25,0,0.5375393834783952,0.4735706672331444,16,blocked
16226,26,0,0.5792602321051531,0.44289372005946165,16,blocked
16227,27,0,0.4139599922038571,0.5459376456252298,16,blocked
16228,28,0,0.8986891350172503,0.3834660934529692,16,blocked
16229,29,0,0.6930239139839467,0.33334594741109846,16,blocked
16230,30,0,0.7474561718183391,0.48984873553722685,16,blocked
16231,31,0,0.169388250379075,0.5354525483483509,16,blocked
16232,32,0,0.5198339188940745,0.4281596475125121,16,blocked
16233,33,0,0.7292792752316368,0.46041370766338596,16,blocked
16234,34,0,0.8670502070515809,0.39040766800515225,16,blocked
16235,35,0,0.8243297388607613,0.496870147701049,16,blocked
16236,36,0,0.7339349848851641,0.5529387572677338,16,blocked
16237,37,0,0.4365074498969019,0.4339306404000303,16,blocked
16238,38,1,0.33858443782482733,0.8763773869457786,16,blocked
16239,39,0,0.7964238734691409,0.39198565370156074,16,blocked
16240,40,0,0.40317431854934005,0.5193190278064483,16,blocked
16241,41,0,0.5130615100538681,0.5321147762045912,16,blocked
16242,42,0,0.43074124342503683,0.4727114071582825,16,blocked
16243,43,0,0.12457581036741057,0.6588564235964379,16,blocked
16244,44,0,0.33806325408137405,0.6139527348285663,16,blocked
16245,45,0,0.01788096054788657,0.7132048265755098,16,blocked
16246,46,0,0.3602345040312552,0.44933672709952444,16,blocked
16247,47,0,0.6061899284604659,0.603622776925214,16,blocked
16248,48,0,0.3532475394199013,0.5543701333025639,16,blocked
16249,49,0,0.5131588625720408,0.5569038966831651,16,blocked
16250,50,0,0.24376137375814552,0.7575036876058704,16,blocked
16251,51,0,0.4074098973253713,0.5699640336383499,16,blocked
16252,52,0,0.44462168617963094,0.5581129403001466,16,blocked
16253,53,0,0.32960383480287686,0.445721760661577,16,blocked
16254,54,0,0.28847720026873436,0.4572042488539442,16,blocked
16255,55,0,0.2545329980334287,0.40602708327644665,16,blocked
16256,56,0,0.350896867926165,0.48985299486005063,16,blocked
16257,57,0,0.5280433806418293,0.5703447536749127,16,blocked
16258,58,0,0.588473486515741,0.589345598920776,16,blocked
16259,59,0,0.5976240102325386,0.4792381451074669,16,blocked
16260,60,0,0.8692898986986732,0.43314109554576297,16,blocked
16261,61,0,0.3171872185567921,0.4444281056383581,16,blocked
16262,62,0,0.42462480216091386,0.44757927653405005,16,blocked
16263,63,0,0.6712095656977703,0.5076840182240943,16,blocked
16264,64,0,0.03359406586341334,0.4760960172355158,16,blocked
16265,65,0,0.15001091231246683,0.4308211955265633,16,blocked
16266,66,0,0.6956758283168774,0.37316112422235526,16,blocked
16267,67,0,0.7551876798853783,0.48314335865887614,16,blocked
16268,68,0,0.8590177684473728,0.4073032050194173,16,blocked
16269,69,0,0.7986928450411297,0.49298650491553997,16,blocked
16270,70,0,0.6000990564961484,0.5452270503184198,16,blocked
16271,71,0,0.6916434546069845,0.3476959924728218,16,blocked
16272,72,0,0.43142036579026904,0.4817844616505569,16,blocked
16273,73,0,0.35747212853947563,0.3501498442442962,16,blocked
16274,74,0,0.7186622935625092,0.5972447876535323,16,blocked
16275,75,0,0.9481042944350487,0.498851068082649,16,blocked
16276,76,0,0.5435331744892309,0.5185699721033982,16,blocked
16277,77,0,0.8437928334381924,0.34699689557134916,16,blocked
16278,78,0,0.4632861687058875,0.4209153816869703,16,blocked
16279,79,0,0.7054838095345154,0.42705076940719794,16,blocked
16280,80,0,0.5245542651381999,0.4190757260204404,16,blocked
16281,81,0,0.14068067946243798,0.6297765843355525,16,blocked
16282,82,0,0.8176645962206236,0.609103004786957,16,blocked
16283,83,0,0.29448893225069406,0.44584517607212837,16,blocked
16284,84,0,0.5333040239311773,0.3953620842916483,16,blocked
16285,85,0,0.45020339379771634,0.45286472235736364,16,blocked
16286,86,0,0.12732793273348864,0.5365531777643902,16,blocked
16287,87,0,0.6728965109379842,0.4312621765266314,16,blocked
16288,88,0,0.3129010498887258,0.38472907413828245,16,blocked
16289,89,0,0.6262589298750143,0.550468820298724,16,blocked
16290,90,0,0.2411666315669087,0.43259177446972413,16,blocked
16291,91,0,0.8543307325889271,0.4713895727018374,16,blocked
16292,92,0,0.737196271019541,0.27125510132995395,16,blocked
16293,93,0,0.4097543816016285,0.36359761791022827,16,blocked
16294,94,0,0.5107318530460158,0.3288116505876303,16,blocked
16295,95,0,0.4099022069422804,0.36604104971052154,16,blocked
16296,96,0,0.6682887344032107,0.3698373713215406,16,blocked
16297,97,0,0.7522955716063042,0.3241377198963613,16,blocked
16298,98,0,0.8954045535134103,0.44711302866397673,16,blocked
16299,99,0,0.1521442722074554,0.48679144046673706,16,blocked
16300,100,0,0.1447295055391333,0.6132847039186464,16,blocked
16301,101,0,0.30950022002660793,0.46360194764421825,16,blocked
16302,102,0,0.739710902894608,0.47055540644280613,16,blocked
16303,103,0,0.7481824237757817,0.4794204152238457,16,blocked
16304,104,0,0.5126844293500894,0.45512248350942597,16,blocked
16305,105,0,0.4438172834911285,0.42215836225618,16,blocked
16306,106,0,0.5097048968998033,0.5309816137822972,16,blocked
16307,107,0,0.32586201741116094,0.47887908857659306,16,blocked
16308,108,0,0.49255415217062054,0.581218230426616,16,blocked
16309,109,0,0.7675003757722909,0.3923125340258657,16,blocked
16310,110,0,0.54220439182379,0.41350513040186476,16,blocked
16311,111,0,0.576787874681278,0.3930363231141802,16,blocked
16312,112,0,0.5495092457330921,0.4201756114524195,16,blocked
16313,113,0,0.7156746143169785,0.33346219953341716,16,blocked
16314,114,0,0.4151995260894049,0.4936866902281881,16,blocked
16315,115,0,0.9595437105307701,0.46500765770705543,16,blocked
16316,116,0,0.5994988484233673,0.43301927511449534,16,blocked
16317,117,0,0.4108112879478329,0.40705310391840965,16,blocked
16318,118,0,0.5737986710083584,0.47679871251858186,16,blocked
16319,119,0,0.5105446260127908,0.3790111876425226,16,blocked
16320,120,0,0.5251196425569423,0.5118517292136415,16,blocked
16321,121,0,0.011710993989749193,0.6174446839867986,16,blocked
16322,122,0,0.392621493019388,0.5724689600443988,16,blocked
16323,123,0,0.7924934784474185,0.39263850248715915,16,blocked
16324,124,0,0.0894002561563659,0.4262097826600406,16,blocked
16325,125,0,0.45449906823930525,0.49807189476509417,16,blocked
16326,126,0,0.7574750085880032,0.422917540938495,16,blocked
16327,127,0,0.8819073581045913,0.4361586405686746,16,blocked
16328,128,0,0.18413514369594303,0.4902455937389171,16,blocked
16329,129,0,0.5908046254863036,0.3583207675537854,16,blocked
16330,130,0,0.41105013992324607,0.3613228231556892,16,blocked
16331,131,0,0.3176815978392048,0.40521506876060054,16,blocked
16332,132,0,0.7229763251294143,0.3135952118326489,16,blocked
16333,133,0,0.2527712587662995,0.35249065444061733,16,blocked
16334,134,0,0.24445562011999994,0.5590658665041188,16,blocked
16335,135,0,0.6814295596104852,0.43178199835249065,16,blocked
16336,136,0,0.352700405936502,0.39968360606800146,16,blocked
16337,137,0,0.6320912063726849,0.5014025439844773,16,blocked
16338,138,0,0.5122376229902973,0.39888101652223473,16,blocked
16339,139,0,0.9555688424629243,0.436713139031327,16,blocked
16340,140,0,0.0817312754372972,0.6539348444007806,16,blocked
16341,141,0,0.0738210038508992,0.6097939074480968,16,blocked
16342,142,0,0.3224963376827812,0.4434625085631019,16,blocked
16343,143,0,0.34761903698439106,0.3237877561678352,16,blocked
16344,144,0,0.35648046094567154,0.45345276871587203,16,blocked
16345,145,0,0.3012157757089875,0.5386049478990337,16,blocked
16346,146,0,0.37305832892069857,0.5042268130096227,16,blocked
16347,147,0,0.690363481167259,0.5454520860060839,16,blocked
16348,148,0,0.268439475360206,0.4387866282875651,16,blocked
16349,149,0,0.8705773907866187,0.42085331864244657,16,blocked
16350,150,0,0.49455295408187694,0.5475951759593705,16,blocked
16351,151,0,0.7416200285276314,0.2577625098919912,16,blocked
16352,152,0,0.3885371511330834,0.47675195154979877,16,blocked
16353,153,0,0.4930958085583025,0.24126293662006282,16,blocked
16354,154,0,0.6352638463912836,0.4202507427869291,16,blocked
16355,155,0,0.6381657123722366,0.34144809716960534,16,blocked
16356,156,0,0.41764211800026135,0.4644440900521859,16,blocked
16357,157,0,0.5526353008451603,0.39325013059893066,16,blocked
16358,158,0,0.6564530675287205,0.461566735202299,16,blocked
16359,159,0,0.9881599132854563,0.31238187941286744,16,blocked
16360,160,0,0.022428876273377092,0.5535920228590567,16,blocked
16361,161,0,0.4817804686918553,0.440440905533928,16,blocked
16362,162,0,0.5474227011655848,0.5266267164409235,16,blocked
16363,163,0,0.717008608896459,0.26048538223466977,16,blocked
16364,164,0,0.3953078271275111,0.28423395859138156,16,blocked
16365,165,0,0.5187320781627923,0.44811823672311457,16,blocked
16366,166,0,0.2506456232291066,0.4055540453727794,16,blocked
16367,167,0,0.4479737495197706,0.39446771088494587,16,blocked
16368,168,0,0.9039114554985404,0.335405696442699,16,blocked
16369,169,0,0.8947078490555678,0.3466249012691518,16,blocked
16370,170,0,0.6138188670270565,0.41277416590279936,16,blocked
16371,171,0,0.5531045280458055,0.34641239233564,16,blocked
16372,172,0,0.7407557389988795,0.3062472070538543,16,blocked
16373,173,0,0.8699929169631031,0.3381181503214793,16,blocked
16374,174,0,0.5764537520160856,0.4262340819337339,16,blocked
16375,175,0,0.14852649068725224,0.4346945754212346,16,blocked
16376,176,0,0.7225224897497315,0.35558518645427045,16,blocked
16377,177,0,0.6030119216522781,0.30193661130031796,16,blocked
16378,178,0,0.37739972253698717,0.32382746161383846,16,blocked
16379,179,0,0.2794004965155766,0.44530362171676413,16,blocked
16380,180,0,0.9315278567823237,0.3816889782939915,16,blocked
16381,181,0,0.12643972954105273,0.6184754602084805,16,blocked
16382,182,0,0.5024392585292171,0.4215085710463694,16,blocked
16383,183,0,0.6478133967192911,0.3613159191637557,16,blocked
16384,184,0,0.4447204977679636,0.35361768790833753,16,blocked
16385,185,0,0.2118422104387809,0.61647064776382,16,blocked
16386,186,0,0.37662012421206914,0.4287090317450323,16,blocked
16387,187,0,0.3449453827296782,0.3787395341300799,16,blocked
16388,188,0,0.569439796172771,0.3969670081818899,16,blocked
16389,189,0,0.21267021096447464,0.29193012459419465,16,blocked
16390,190,0,0.8980392764100266,0.2220601005433807,16,blocked
16391,191,0,0.4777202215507945,0.2770973332905656,16,blocked
16392,192,0,0.5819703733972713,0.3536519618732492,16,blocked
16393,193,0,0.8828070640369681,0.45549949270681067,16,blocked
16394,194,0,0.4721324287191681,0.3347579169367655,16,blocked
16395,195,0,0.8535779548041869,0.3274079489087127,16,blocked
16396,196,0,0.4210999035550387,0.35893230575957835,16,blocked
16397,197,0,0.714161521535957,0.27068620116845293,16,blocked
16398,198,0,0.3911478354349048,0.4505226675340598,16,blocked
16399,199,0,0.6680114126838799,0.31450124884774344,16,blocked
16400,0,0,0.5665083034228305,0.6884527413699445,16,early
16401,1,0,0.5934402299747202,0.45720575162076404,16,early
16402,2,0,0.21582812011574828,0.691494417677045,16,early
16403,3,0,0.8697688616048158,0.38309310586920103,16,early
16404,4,0,0.6417868490578584,0.568258782934819,16,early
16405,5,0,0.9661417345307829,0.3007462605957777,16,early
16406,6,0,0.04494547065153487,0.7084241884333143,16,early
16407,7,0,0.5249919252341717,0.6731692963957252,16,early
16408,8,0,0.5247649169628804,0.712828127601765,16,early
16409,9,0,0.1083780287495132,0.5532115432503338,16,early
16410,10,0,0.560762681954341,0.45052541781834576,16,early
16411,11,0,0.9262829872678338,0.5648551253290014,16,early
16412,12,0,0.9244886772502813,0.5044305180503061,16,early
16413,13,0,0.9694189136222646,0.4985048633951908,16,early
16414,14,0,0.5619314518995531,0.5672124956649719,16,early
16415,15,0,0.603577362713462,0.4461814927800246,16,early
16416,16,0,0.04270909137716134,0.6048797533214532,16,early
16417,17,0,0.19202457675644674,0.5471299518527016,16,early
16418,18,0,0.5859872101333107,0.452004410762068,16,early
16419,19,0,0.6484643685182125,0.41404112909841345,16,early
16420,20,0,0.925072797775752,0.39855250402252806,16,early
16421,21,0,0.8852057930991748,0.4276370960845509,16,early
16422,22,0,0.028804514752610078,0.5508956772327921,16,early
16423,23,0,0.5358042130303579,0.6401562284463858,16,early
16424,24,0,0.07734651614192876,0.6335093888539979,16,early
16425,25,0,0.4570727050139566,0.5513903544172808,16,early
16426,26,0,0.5367437698347867,0.440808693101098,16,early
16427,27,0,0.47234034403705943,0.5838794532874128,16,early
16428,28,0,0.7155406898993548,0.448928245641242,16,early
16429,29,0,0.6358037358944274,0.47273284142690586,16,early
16430,30,0,0.05902744840974459,0.5305158388034689,16,early
16431,31,0,0.23484040041152882,0.4967664583778535,16,early
16432,32,0,0.5448997014017346,0.580452531587012,16,early
16433,33,0,0.8123793191697853,0.3813469787001796,16,early
16434,34,0,0.77777388837142,0.39662926822824995,16,early
16435,35,0,0.9845115238853388,0.3176633516330228,16,early
16436,36,0,0.06627205158916037,0.5016321467585416,16,early
16437,37,0,0.9661229649064654,0.3579975873847996,16,early
16438,38,0,0.8399788368951902,0.5485360244570371,16,early
16439,39,0,0.19283446086689274,0.41704273062346653,16,early
16440,40,0,0.45731275876184907,0.5249072754511749,16,early
16441,41,0,0.4485976341300002,0.5705755076394263,16,early
16442,42,0,0.20370057506219635,0.45919742449349754,16,early
16443,43,0,0.8279141493591199,0.4102317247589191,16,early
16444,44,0,0.7502957949087021,0.40105273202102254,16,early
16445,45,0,0.9417897966160971,0.5555338276494661,16,early
16446,46,0,0.02956238527331754,0.61804553272399,16,early
16447,47,0,0.06664464697626084,0.6191601208967461,16,early
16448,48,0,0.12292654666071962,0.5997448740108582,16,early
16449,49,0,0.828087337664444,0.3073429289630443,16,early
16450,50,0,0.12860812523942117,0.4302888567555343,16,early
16451,51,0,0.016332239290372193,0.5885343042199183,16,early
16452,52,0,0.9391116012149417,0.43223139209103273,16,early
16453,53,0,0.7424102900919551,0.32543814958130046,16,early
16454,54,0,0.5840224461415926,0.43600603047509573,16,early
16455,55,0,0.1561495886729935,0.6450021012561353,16,early
16456,56,0,0.3692197161669629,0.49083268769297667,16,early
16457,57,0,0.04929285353191244,0.5506191689336568,16,early
16458,58,0,0.9445456432082477,0.411891075889811,16,early
16459,59,0,0.9725711131435556,0.3970756055675696,16,early
16460,60,0,0.0611253508484973,0.4934976119621407,16,early
16461,61,0,0.09027418191635442,0.5138694118619509,16,early
16462,62,0,0.8240728562348387,0.3257488693671943,16,early
16463,63,0,0.6168978682150768,0.6024134313602367,16,early
16464,64,0,0.7669045080111199,0.7582983683913145,16,early
16465,65,0,0.9679498108745286,0.2885180468214428,16,early
16466,66,0,0.13458253366812395,0.5283350876898039,16,early
16467,67,0,0.013635690854710142,0.582055008871278,16,early
16468,68,0,0.9106941839917906,0.3249588338085766,16,early
16469,69,0,0.9397525412882954,0.5485331070407005,16,early
16470,70,0,0.3157575951535865,0.4195838016847332,16,early
16471,71,0,0.6794835633911198,0.5331545977947072,16,early
16472,72,0,0.17191069999438358,0.4066281270252919,16,early
16473,73,0,0.8038841670908725,0.42839515344716034,16,early
16474,74,0,0.9494552943947844,0.2924775704058708,16,early
16475,75,0,0.9425077136010584,0.26518915330419535,16,early
16476,76,0,0.39237580142973577,0.5800596246674921,16,early
16477,77,0,0.42801741126013265,0.5368677108833958,16,early
16478,78,0,0.3802040947493139,0.5265841758189762,16,early
16479,79,0,0.49123267959233763,0.46233846856273497,16,early
16480,80,0,0.6235238748671004,0.37169001381732797,16,early
16481,81,0,0.814465868367802,0.43635326553794596,16,early
16482,82,0,0.6098442720411121,0.3884035889144105,16,early
16483,83,0,0.592902630896982,0.5730015013456871,16,early
16484,84,0,0.48460486472047076,0.557889042730099,16,early
16485,85,0,0.9742794775309616,0.3883730558407539,16,early
16486,86,0,0.48740180037044745,0.5579462521647862,16,early
16487,87,0,0.553263935714333,0.5919706620658065,16,early
16488,88,0,0.5000728011833204,0.42946787608732573,16,early
16489,89,0,0.4531414134308424,0.37183226616345355,16,early
16490,90,0,0.4560945238407624,0.5155665453074642,16,early
16491,91,0,0.49266295596715903,0.47133524596857646,16,early
16492,92,0,0.5211067977653785,0.5231645883249036,16,early
16493,93,0,0.4725011265054512,0.6515388854605799,16,early
16494,94,0,0.2928428153914235,0.4120570190664357,16,early
16495,95,0,0.21832784616877343,0.429020102300841,16,early
16496,96,0,0.19711744726196734,0.5450748960894607,16,early
16497,97,0,0.52496408623333,0.3815593437212369,16,early
16498,98,0,0.7591037365285203,0.322681640537121,16,early
16499,99,0,0.5020973719114203,0.3584963495190655,16,early
16500,100,0,0.485609330831158,0.7060416788261739,16,early
16501,101,0,0.4961546495370721,0.5532618264467349,16,early
16502,102,0,0.7899213915255908,0.3470603416332757,16,early
16503,103,0,0.47493655821984826,0.45067553550797596,16,early
16504,104,0,0.8323969410318544,0.397867393201337,16,early
16505,105,0,0.6675783356105653,0.36723668114236196,16,early
16506,106,0,0.8886415264058898,0.42231947105671125,16,early
16507,107,0,0.5783682753463592,0.5079682034231745,16,early
16508,108,0,0.5811329694594115,0.49318899041702385,16,early
16509,109,0,0.372256870839467,0.3914952413592949,16,early
16510,110,0,0.35918231619706875,0.4790040440705684,16,early
16511,111,0,0.38391700359109543,0.6869161876338431,16,early
16512,112,0,0.3485854824254972,0.5970329856838353,16,early
16513,113,0,0.3170917540774879,0.38487950769456136,16,early
16514,114,0,0.45492649793835344,0.37709903008832596,16,early
16515,115,0,0.09162617666130976,0.46774683469030204,16,early
16516,116,0,0.5360268615747609,0.4860097758604356,16,early
16517,117,0,0.30548129430291127,0.3771470405963683,16,early
16518,118,0,0.5512557109516453,0.38784105152696935,16,early
16519,119,0,0.6075852271507465,0.55017624041081,16,early
16520,120,0,0.47289536081721245,0.606943715402269,16,early
16521,121,0,0.13463460294959412,0.4845530119516894,16,early
16522,122,0,0.2646965857495366,0.3859778057162903,16,early
16523,123,0,0.7022410357390821,0.3055447591812973,16,early
16524,124,0,0.15902909320947226,0.343052634566045,16,early
16525,125,0,0.4851429422039797,0.36006852561128816,16,early
16526,126,0,0.5025715258092605,0.34371757296721694,16,early
16527,127,0,0.7349359330704293,0.3615781186935094,16,early
16528,128,0,0.2223683131890098,0.4535132908709579,16,early
16529,129,0,0.5380398233997687,0.520552125546701,16,early
16530,130,0,0.729187132777891,0.3512097123616411,16,early
16531,131,0,0.3260180153829577,0.5283981043408008,16,early
16532,132,0,0.9227967686116839,0.5906279163177492,16,early
16533,133,0,0.23868474994446306,0.5957602061773407,16,early
16534,134,0,0.4461987529617456,0.6412528570474051,16,early
16535,135,0,0.43236364162175656,0.5417938235058529,16,early
16536,136,0,0.4688625365142022,0.47702738454958626,16,early
16537,137,0,0.3641789628729867,0.47229432076409483,16,early
16538,138,0,0.7420523028316078,0.41234802682311494,16,early
16539,139,0,0.9663704993355866,0.4121678930077496,16,early
16540,140,0,0.637349891307371,0.42905326722983383,16,early
16541,141,0,0.8384974116949053,0.33606373592456606,16,early
16542,142,0,0.4831539857668909,0.45728958464665015,16,early
16543,143,0,0.7846155445937939,0.32533209065650803,16,early
16544,144,0,0.5356792284691012,0.6494777114107381,16,early
16545,145,0,0.51708337242063,0.33728515409148824,16,early
16546,146,0,0.8803072009176096,0.48346611128154765,16,early
16547,147,0,0.6622669499684491,0.3290546693054956,16,early
16548,148,0,0.41886494328347734,0.43788230841264864,16,early
16549,149,0,0.46765208752813187,0.36509883406250415,16,early
16550,150,0,0.7566150099939325,0.31404191508837515,16,early
16551,151,0,0.5033785147029236,0.32077854222331526,16,early
16552,152,0,0.26548247216107923,0.42964282722105973,16,early
16553,153,0,0.3325085536157538,0.3554425336232889,16,early
16554,154,0,0.7493034791787894,0.40621468043108944,16,early
16555,155,0,0.4565536331706884,0.4147782403167665,16,early
16556,156,0,0.3182541523765231,0.4458484212138344,16,early
16557,157,0,0.9057267704286438,0.39725657950830906,16,early
16558,158,0,0.43918868037680947,0.3571075250779752,16,early
16559,159,0,0.025151895919488586,0.5159928104373911,16,early
16560,160,0,0.5189654362369467,0.49420332361006836,16,early
16561,161,0,0.6965020334981451,0.3537768332774198,16,early
16562,162,0,0.49301860216275706,0.4651164526139947,16,early
16563,163,0,0.2863946383181395,0.5027211082672057,16,early
16564,164,0,0.5854834949398553,0.3388251486443175,16,early
16565,165,0,0.3468308119883571,0.4896745719026564,16,early
16566,166,0,0.4328294368193405,0.43699182991270497,16,early
16567,167,0,0.5868134586681272,0.3937707589944017,16,early
16568,168,0,0.030791382317820918,0.6324648435596412,16,early
16569,169,0,0.5919977086187903,0.2724175093658663,16,early
16570,170,0,0.49580017577990765,0.5140915964292352,16,early
16571,171,0,0.18392696810446432,0.5154296894352609,16,early
16572,172,0,0.2496564673774192,0.378347475811742,16,early
16573,173,0,0.38381059492630387,0.5668003778274373,16,early
16574,174,0,0.3260162553430566,0.46979764300653903,16,early
16575,175,0,0.3631128769666948,0.46046385650470034,16,early
16576,176,0,0.7874847376679017,0.41487546766087186,16,early
16577,177,0,0.4973582708439892,0.28932953303977227,16,early
16578,178,0,0.4227148770346901,0.39762127719805773,16,early
16579,179,0,0.5626648584069562,0.3608940399009307,16,early
16580,180,0,0.3833888892112941,0.4058735652245481,16,early
16581,181,0,0.8233801553193059,0.30470508538841945,16,early
16582,182,0,0.7427103113147099,0.4084341477252398,16,early
16583,183,0,0.39767954303486963,0.3683459609679707,16,early
16584,184,0,0.7319478231111616,0.3417968409245877,16,early
16585,185,0,0.4831152635765039,0.37833608800067975,16,early
16586,186,0,0.2215430414972251,0.5692130683037564,16,early
16587,187,0,0.41395713945365176,0.48361595906636046,16,early
16588,188,0,0.49873467886986766,0.2614378194931259,16,early
16589,189,0,0.8258890353374585,0.38499226272443543,16,early
16590,190,0,0.6225805491129199,0.40587726934076973,16,early
16591,191,0,0.9048466174126484,0.31503590045107155,16,early
16592,192,0,0.18417319648602293,0.5690439746182594,16,early
16593,193,0,0.5393851546563377,0.582944705376715,16,early
16594,194,0,0.18261120884487986,0.3296967590414545,16,early
16595,195,0,0.17708389611570827,0.4917087873656091,16,early
16596,196,0,0.6386291603978446,0.4444859892222055,16,early
16597,197,0,0.5306673522024689,0.4394142258569426,16,early
16598,198,0,0.5501807409969227,0.42858365895631345,16,early
16599,199,0,0.41176196701681966,0.436640037696604,16,early
16600,0,0,0.6064691573197367,0.5110342035607911,16,middle
16601,1,0,0.13617612415825545,0.6191772541567926,16,middle
16602,2,0,0.5042805992611391,0.6941537713853498,16,middle
16603,3,0,0.014713549520090064,0.6228448788626995,16,middle
16604,4,0,0.5515139310105033,0.47459008795082913,16,middle
16605,5,0,0.7397771255501507,0.46853541825929723,16,middle
16606,6,0,0.6385621975074245,0.2582172478763888,16,middle
16607,7,0,0.0192532777760226,0.5469153240384665,16,middle
16608,8,0,0.4654902763789168,0.5157914764735292,16,middle
16609,9,0,0.9695257742448794,0.3596884344447032,16,middle
16610,10,0,0.5155543244609218,0.5322440073148826,16,middle
16611,11,0,0.945608505647797,0.40895624771036143,16,middle
16612,12,0,0.5341729220513285,0.3733661618086456,16,middle
16613,13,0,0.8680184035402598,0.44982941649047725,16,middle
16614,14,0,0.6018064260962701,0.5551344441673073,16,middle
16615,15,0,0.13250654176847987,0.5531620291461421,16,middle
16616,16,0,0.6501930163329575,0.48133079985302535,16,middle
16617,17,0,0.07531298107704196,0.47026856346207085,16,middle
16618,18,0,0.7161074843898461,0.505217661046101,16,middle
16619,19,0,0.9340786468429163,0.3730099819819128,16,middle
16620,20,0,0.511043109507384,0.30929864039130794,16,middle
16621,21,0,0.8671459142680269,0.5390601084467743,16,middle
16622,22,0,0.5321574908895513,0.47771443233288163,16,middle
16623,23,0,0.043828136557597014,0.5805100514851902,16,middle
16624,24,0,0.5492919745201063,0.4916755206251933,16,middle
16625,25,0,0.9257355090186573,0.3709614364160281,16,middle
16626,26,0,0.6684728816113227,0.30969615067579415,16,middle
16627,27,0,0.05477123880566806,0.6054382271483875,16,middle
16628,28,0,0.44550441128049195,0.5003947343238647,16,middle
16629,29,0,0.3744459417902429,0.43151773094314005,16,middle
16630,30,0,0.4139454300130437,0.32953208205726303,16,middle
16631,31,0,0.22313577850012317,0.6290048876334159,16,middle
16632,32,0,0.9158092013217809,0.4230706000506028,16,middle
16633,33,0,0.4207174411341857,0.5283216235115615,16,middle
16634,34,0,0.7329254577410659,0.574646798037483,16,middle
16635,35,0,0.5635323694998234,0.3994192070780329,16,middle
16636,36,0,0.19298707435581755,0.4103607604039672,16,middle
16637,37,0,0.9508078296717305,0.5107062039077489,16,middle
16638,38,0,0.5950841860621573,0.5182038125537562,16,middle
16639,39,0,0.7023142681123148,0.5985349093079453,16,middle
16640,40,0,0.491269420744831,0.43425192127231,16,middle
16641,41,0,0.4631778743844028,0.3634173599325726,16,middle
16642,42,0,0.5211046590539906,0.3761248634966302,16,middle
16643,43,0,0.501223726702704,0.43551093496731086,16,middle
16644,44,0,0.7065223278756494,0.46678871864367155,16,middle
16645,45,0,0.8665857661158685,0.45670174428537247,16,middle
16646,46,0,0.1564911548321089,0.5647583484680618,16,middle
16647,47,0,0.6992677742933889,0.39528398516262875,16,middle
16648,48,0,0.9128014759771534,0.5714359470016825,16,middle
16649,49,0,0.7909646171441207,0.5293391596631107,16,middle
16650,50,0,0.804625692764096,0.3906045949961746,16,middle
16651,51,0,0.5509110855214723,0.5141167424060179,16,middle
16652,52,0,0.5011660802643076,0.5312473365658814,16,middle
16653,53,0,0.40719033034691715,0.4683929802062313,16,middle
16654,54,0,0.1723798043557545,0.5105705536135849,16,middle
16655,55,0,0.6637108277803854,0.5746014921730043,16,middle
16656,56,0,0.5085579549961418,0.5829836598585147,16,middle
16657,57,0,0.4481265815252169,0.4524133930476108,16,middle
16658,58,0,0.8442262358242207,0.4767137532324562,16,middle
16659,59,0,0.9588362968830737,0.2914748774397321,16,middle
16660,60,0,0.12778221934267822,0.4901621669222117,16,middle
16661,61,0,0.622987558113885,0.4332256778244468,16,middle
16662,62,0,0.9398255079287131,0.39634103099978246,16,middle
16663,63,0,0.7083517877303074,0.38901030681809484,16,middle
16664,64,0,0.5733094368951336,0.3279441684019546,16,middle
16665,65,0,0.40262085496324085,0.36645981001227745,16,middle
16666,66,0,0.7956557433956558,0.5697781141601165,16,middle
16667,67,0,0.9033342150307921,0.40095777849485903,16,middle
16668,68,0,0.24551006941022707,0.5026451676713444,16,middle
16669,69,0,0.5238657653887895,0.3704421702034425,16,middle
16670,70,0,0.5879119437649761,0.4400088136601097,16,middle
16671,71,0,0.8092161136377929,0.25664203240164457,16,middle
16672,72,0,0.9059076830514592,0.4757826162578601,16,middle
16673,73,0,0.25507989041614165,0.4836014531688938,16,middle
16674,74,0,0.645823789840275,0.42259870311624337,16,middle
16675,75,0,0.9608962867499529,0.43728143203001474,16,middle
16676,76,0,0.9908732532881489,0.3673460110952399,16,middle
16677,77,0,0.7965373446438869,0.3801824211395258,16,middle
16678,78,0,0.18171086676859233,0.5409719908772962,16,middle
16679,79,0,0.5123797566318108,0.5003001262606982,16,middle
16680,80,0,0.07654847434520617,0.44131435097706284,16,middle
16681,81,0,0.9074344947011598,0.4959244936032337,16,middle
16682,82,0,0.030488721155427265,0.443247332802321,16,middle
16683,83,0,0.04110357120995611,0.5698915248673977,16,middle
16684,84,0,0.861059312466665,0.31390442566334065,16,middle
16685,85,0,0.9446944025175814,0.30743689390952555,16,middle
16686,86,0,0.9343904107414305,0.34148444430110214,16,middle
16687,87,0,0.9141899847452217,0.3251201067142971,16,middle
16688,88,0,0.5717721968997906,0.4689261370062111,16,middle
16689,89,0,0.7717476063172127,0.504725733444986,16,middle
16690,90,0,0.8807615196561471,0.3400776360248625,16,middle
16691,91,0,0.9714806890790385,0.3381655546887436,16,middle
16692,92,0,0.03363931762643738,0.5978289775964509,16,middle
16693,93,0,0.9170428390761618,0.2573051282477527,16,middle
16694,94,0,0.12391522582710818,0.5590425528266078,16,middle
16695,95,0,0.790144254290565,0.3151818056824166,16,middle
16696,96,0,0.19088076695732276,0.5001076412826941,16,middle
16697,97,0,0.3839665310106053,0.49628846102319085,16,middle
16698,98,0,0.8119601028835095,0.2956222470219914,16,middle
16699,99,0,0.4757160805583682,0.5174572686184686,16,middle
16700,100,0,0.9738289075887756,0.3714579017050305,16,middle
16701,101,0,0.9617772656259056,0.4122202729362951,16,middle
16702,102,0,0.015191516590646433,0.5369904511209873,16,middle
16703,103,0,0.09974708921373758,0.6231851544174449,16,middle
16704,104,0,0.3999536670710906,0.42542400883711856,16,middle
16705,105,0,0.8128359449970141,0.33146863115018516,16,middle
16706,106,0,0.8732398769113763,0.40225153690258675,16,middle
16707,107,0,0.9725201048924732,0.35409374281412076,16,middle
16708,108,0,0.05217070349752665,0.5477894596975236,16,middle
16709,109,0,0.2872340567025207,0.40179277178867967,16,middle
16710,110,0,0.7696156116428937,0.3352542870993318,16,middle
16711,111,0,0.2955733160369699,0.4893278163604542,16,middle
16712,112,0,0.9565815565963744,0.40149516367267757,16,middle
16713,113,0,0.20794724469388431,0.4526470298722063,16,middle
16714,114,0,0.39169668814622266,0.4244496566267343,16,middle
16715,115,0,0.7782361729748843,0.3553851514177046,16,middle
16716,116,0,0.7535908152936354,0.3054036197865724,16,middle
16717,117,0,0.6975763920195575,0.33734174656709043,16,middle
16718,118,0,0.7475709273158763,0.44182035442286577,16,middle
16719,119,0,0.18774638814336744,0.6010367482655712,16,middle
16720,120,0,0.19842154507672347,0.43964548185768915,16,middle
16721,121,0,0.21524527334910454,0.4859082428688892,16,middle
16722,122,0,0.6140995085826695,0.41410088501232345,16,middle
16723,123,0,0.48040774032156386,0.545231445294825,16,middle
16724,124,0,0.365393595176443,0.39135159447805334,16,middle
16725,125,0,0.9220932388562837,0.4508901231549862,16,middle
16726,126,0,0.6407098155156824,0.37886314746539046,16,middle
16727,127,0,0.40354603712429093,0.4188906224338437,16,middle
16728,128,0,0.36514573315130994,0.4037748274507583,16,middle
16729,129,0,0.4302632508072149,0.4661035671834953,16,middle
16730,130,0,0.4529622434253125,0.47712735122596106,16,middle
16731,131,0,0.4195183494303196,0.5239325151142892,16,middle
16732,132,0,0.6131766355469681,0.3816573680552936,16,middle
16733,133,0,0.2758842902324413,0.38703014420135334,16,middle
16734,134,0,0.293125499550217,0.5345371219616013,16,middle
16735,135,0,0.2735443734402958,0.4146910344129471,16,middle
16736,136,0,0.5702807055661571,0.4040135128002168,16,middle
16737,137,0,0.8108239764503539,0.34647932828443473,16,middle
16738,138,0,0.4985454580529221,0.48674107228841296,16,middle
16739,139,0,0.5109432848243672,0.39241174183489114,16,middle
16740,140,0,0.13430266335647295,0.3886853019239822,16,middle
16741,141,0,0.7078336979605045,0.488032750924858,16,middle
16742,142,0,0.47925124862182905,0.44153594079980474,16,middle
16743,143,0,0.42820419887092376,0.4806647703551701,16,middle
16744,144,0,0.6837360636687932,0.3728474771525676,16,middle
16745,145,0,0.7988078355000605,0.3619987802018805,16,middle
16746,146,0,0.5872001075201108,0.34634257164853677,16,middle
16747,147,0,0.9273023104959839,0.3104117420463363,16,middle
16748,148,0,0.541066484242665,0.4766382869681311,16,middle
16749,149,0,0.8261059122831159,0.3819863968777636,16,middle
16750,150,0,0.41771776146752976,0.4349400504855092,16,middle
16751,151,0,0.8954743910551941,0.3769264570000399,16,middle
16752,152,0,0.48497454388987027,0.37979110519289605,16,middle
16753,153,0,0.4400600382913639,0.42444298249364554,16,middle
16754,154,0,0.4148669098457552,0.4219836559546466,16,middle
16755,155,0,0.5292391968285074,0.35588875162496375,16,middle
16756,156,0,0.4862673055252238,0.3765102597670791,16,middle
16757,157,0,0.9035839014218052,0.3321052872582245,16,middle
16758,158,0,0.5983710501784973,0.3574653450475641,16,middle
16759,159,0,0.4307793149325218,0.3943205119051717,16,middle
16760,160,0,0.4640701102018277,0.40713656295916234,16,middle
16761,161,0,0.9319383442108964,0.33411561576875815,16,middle
16762,162,0,0.4826392281948723,0.4090787749528793,16,middle
16763,163,0,0.9512612710064956,0.41786367991216183,16,middle
16764,164,0,0.2899214177039824,0.42321718195377867,16,middle
16765,165,0,0.7552784253510505,0.18477282709016823,16,middle
16766,166,0,0.15239392669800242,0.43864406374798337,16,middle
16767,167,0,0.18300368700478917,0.3965080807244487,16,middle
16768,168,0,0.2720297701206899,0.452355922190092,16,middle
16769,169,0,0.7794396759093629,0.2875769383787609,16,middle
16770,170,0,0.9482035117371526,0.46523724739005834,16,middle
16771,171,0,0.87447311270568,0.2900743015460041,16,middle
16772,172,0,0.5312519222543864,0.34261950344678277,16,middle
16773,173,0,0.5668202185254394,0.4946397483653605,16,middle
16774,174,0,0.2543812904561831,0.40412005150909547,16,middle
16775,175,0,0.30707819835847894,0.42234266095251705,16,middle
16776,176,0,0.4997083121454176,0.3714361689706225,16,middle
16777,177,0,0.037667828999695833,0.44328523387296104,16,middle
16778,178,0,0.8548267723386129,0.49561259165893734,16,middle
16779,179,0,0.9797284041984331,0.3004312637096077,16,middle
16780,180,0,0.6454367581160702,0.32953156522477456,16,middle
16781,181,0,0.39495417518591114,0.6285630672827824,16,middle
16782,182,0,0.089718859282696,0.4251484724790416,16,middle
16783,183,0,0.7957835522925691,0.2715131376214329,16,middle
16784,184,0,0.907047809843657,0.3429314181430291,16,middle
16785,185,0,0.5880187715363708,0.428381465312353,16,middle
16786,186,0,0.552018819144632,0.35929928549336543,16,middle
16787,187,0,0.8687365958069205,0.2715545599303089,16,middle
16788,188,0,0.5849534890858222,0.42086387418398574,16,middle
16789,189,0,0.38657617008881084,0.43280454469708385,16,middle
16790,190,0,0.34117696867082636,0.3535627884594522,16,middle
16791,191,0,0.49795695545812957,0.544845596811343,16,middle
16792,192,0,0.06495435424780181,0.5427518294052862,16,middle
16793,193,0,0.12435415331346628,0.4321967084670542,16,middle
16794,194,0,0.9638645033450363,0.3295928725223215,16,middle
16795,195,0,0.04984207996398983,0.5149061919126509,16,middle
16796,196,0,0.4660914733003773,0.6208237142969678,16,middle
16797,197,0,0.6900833684390031,0.537962187154182,16,middle
16798,198,0,0.5265398560768668,0.32398516036005165,16,middle
16799,199,0,0.43319859708410186,0.4321418773734963,16,middle
16800,0,0,0.3940218867008316,0.7237451329720754,16,late
16801,1,0,0.8888028111101899,0.7070287423569296,16,late
16802,2,0,0.41564667980941616,0.708750838866099,16,late
16803,3,0,0.7772939573699192,0.3803630445068168,16,late
16804,4,0,0.3059070727976931,0.6186441928835914,16,late
16805,5,0,0.11123083814734096,0.7706872223076385,16,late
16806,6,0,0.2718936851734569,0.4737531823316551,16,late
16807,7,0,0.5008063282477639,0.3401885712125127,16,late
16808,8,0,0.6189514374298751,0.6083458063391107,16,late
16809,9,0,0.580988295183542,0.4704310244547898,16,late
16810,10,0,0.4810342265723977,0.6593208584312149,16,late
16811,11,0,0.22545894571715966,0.40064741932250514,16,late
16812,12,0,0.6391473980127849,0.5818673887100467,16,late
16813,13,0,0.31691845626137927,0.6154980312502927,16,late
16814,14,0,0.7627283397935689,0.4191781002484729,16,late
16815,15,0,0.34567484402511367,0.39531975346012493,16,late
16816,16,0,0.25555989498134607,0.5410311923731558,16,late
16817,17,0,0.6387262936804262,0.6568677165027297,16,late
16818,18,0,0.7563390960465974,0.623438028143099,16,late
16819,19,0,0.7935499764132896,0.5230027143221125,16,late
16820,20,0,0.4448045566688287,0.38736193123235185,16,late
16821,21,0,0.6991272498254778,0.38862671407579275,16,late
16822,22,0,0.6864475177108059,0.40800500958931807,16,late
16823,23,0,0.4076951636659483,0.4780496739480109,16,late
16824,24,0,0.272324923124486,0.4253668731679782,16,late
16825,25,0,0.5567850925608083,0.5325200731965094,16,late
16826,26,0,0.23882432716340168,0.3690848268789281,16,late
16827,27,0,0.6616786565200274,0.4192464540792507,16,late
16828,28,0,0.7931638395476596,0.4645487243272213,16,late
16829,29,0,0.7019489778768282,0.47918075207019517,16,late
16830,30,0,0.08643524301781272,0.42080811285774694,16,late
16831,31,0,0.6688755947686513,0.45368010541601106,16,late
16832,32,0,0.35544154681432905,0.568217187396125,16,late
16833,33,0,0.4853734208706223,0.5015733278951211,16,late
16834,34,0,0.26017616652049447,0.4138698103018801,16,late
16835,35,0,0.3553860342511254,0.44127806908214795,16,late
16836,36,0,0.3379654799720472,0.5250453331047811,16,late
16837,37,0,0.060816248833527944,0.4729780673143581,16,late
16838,38,0,0.4600684241836668,0.595723029887073,16,late
16839,39,0,0.7030436350433595,0.495182894998548,16,late
16840,40,0,0.3564805171991786,0.5134335901665912,16,late
16841,41,0,0.8700502773449885,0.38528990364865146,16,late
16842,42,0,0.4171663991697138,0.45175365796018685,16,late
16843,43,0,0.9161683505388909,0.35717444731832215,16,late
16844,44,0,0.5660109141715486,0.3075902750399746,16,late
16845,45,0,0.9038311968816475,0.5257726455527363,16,late
16846,46,0,0.5837886709070965,0.45439070124330017,16,late
16847,47,0,0.6488823133909158,0.3408919143423548,16,late
16848,48,0,0.41597635283835593,0.39438478162571444,16,late
16849,49,0,0.5682571057559178,0.41429047871359365,16,late
16850,50,0,0.4801174625684862,0.5038602124972476,16,late
16851,51,0,0.8846189309317731,0.3268188801043004,16,late
16852,52,0,0.7144371176772021,0.3994565786375981,16,late
16853,53,0,0.49506610514337746,0.5147680516070343,16,late
16854,54,0,0.610228452748126,0.4396883952149128,16,late
16855,55,0,0.17030151525462744,0.553137369767668,16,late
16856,56,0,0.7858949261748172,0.32181968841494085,16,late
16857,57,0,0.26995956508594254,0.4439255705363886,16,late
16858,58,0,0.325702313472808,0.4470273186521913,16,late
16859,59,0,0.7206720074874757,0.5277332396470756,16,late
16860,60,0,0.6353818979589223,0.44672207542906905,16,late
16861,61,0,0.3147015757238721,0.3404514891049817,16,late
16862,62,0,0.35851641290572456,0.44299582187113706,16,late
16863,63,0,0.38440492103329593,0.31165617379109356,16,late
16864,64,0,0.47558026044355933,0.43573901813618077,16,late
16865,65,0,0.7476488106495727,0.3430682900426091,16,late
16866,66,0,0.35598128571072485,0.46893797327545866,16,late
16867,67,0,0.10413671715198268,0.42984237945689674,16,late
16868,68,0,0.13880744809252668,0.261267777992256,16,late
16869,69,0,0.3413107813805128,0.4236284922482246,16,late
16870,70,0,0.4620845977015432,0.4722734732519934,16,late
16871,71,0,0.4154863749012452,0.36119153992461395,16,late
16872,72,0,0.24043749122116667,0.46556603485095194,16,late
16873,73,0,0.7910912709895599,0.3675696295194256,16,late
16874,74,0,0.17183145595200072,0.5006055132221248,16,late
16875,75,0,0.5190596672485108,0.3402346411602988,16,late
16876,76,0,0.3790066639000926,0.37714683916610536,16,late
16877,77,0,0.38913200524012215,0.4025212005050526,16,late
16878,78,0,0.509649637090765,0.3693504455725962,16,late
16879,79,0,0.31576826012101034,0.39987477099190916,16,late
16880,80,0,0.6061771422608123,0.3497074874579694,16,late
16881,81,0,0.9019724611562339,0.4665792837588487,16,late
16882,82,0,0.22986238249755858,0.4110525919475093,16,late
16883,83,0,0.2170944392818622,0.29681095509510513,16,late
16884,84,0,0.5689346226330374,0.4302804211832448,16,late
16885,85,0,0.5785585945375844,0.3902024178917682,16,late
16886,86,0,0.5707893984900574,0.49105172300989197,16,late
16887,87,0,0.5203488746613014,0.40784141188756784,16,late
16888,88,0,0.7317937173045448,0.39758328000424076,16,late
16889,89,0,0.3079539215928546,0.3710977120714233,16,late
16890,90,0,0.629977473209872,0.38662527523917656,16,late
16891,91,0,0.8234722335566349,0.4131831596475859,16,late
16892,92,0,0.692902469251045,0.3408104113949421,16,late
16893,93,0,0.7271983749946485,0.34537728666189527,16,late
16894,94,0,0.6296855026166666,0.32994483303342825,16,late
16895,95,0,0.4843823805649584,0.3497397352209245,16,late
16896,96,0,0.6398945066874466,0.4056801163103779,16,late
16897,97,0,0.8347642118739005,0.36898837752371694,16,late
16898,98,0,0.481975018508012,0.34209379514489874,16,late
16899,99,0,0.5207738984361134,0.3592161191137959,16,late
16900,100,0,0.873485683189617,0.3443934021455306,16,late
16901,101,0,0.5944773985752397,0.4138185069104762,16,late
16902,102,0,0.7835774370531381,0.3563867855226348,16,late
16903,103,0,0.7456745859608731,0.2747758545004413,16,late
16904,104,0,0.6108008928890857,0.33691765337680313,16,late
16905,105,0,0.7562347349099605,0.32929052693420063,16,late
16906,106,0,0.8449632859928898,0.4009397249719958,16,late
16907,107,0,0.09608205328719897,0.36936359287354936,16,late
16908,108,0,0.9028989929845388,0.4030280703627907,16,late
16909,109,0,0.26221375327678603,0.39611695079414244,16,late
16910,110,0,0.7945297233084739,0.35630584659986847,16,late
16911,111,0,0.8402157989748635,0.3641389414995229,16,late
16912,112,0,0.5866685043248473,0.4046544387739981,16,late
16913,113,0,0.3101807722390711,0.4019991191774419,16,late
16914,114,0,0.48724037080101823,0.40106921634115944,16,late
16915,115,0,0.7518268873821807,0.48805707815222366,16,late
16916,116,0,0.5136375465071514,0.4315675719714598,16,late
16917,117,0,0.7075154954893192,0.2455740300566292,16,late
16918,118,0,0.9285969828903706,0.27350750966161186,16,late
16919,119,0,0.7521829277306109,0.3643822600816853,16,late
16920,120,0,0.6878461413136467,0.3346125790967267,16,late
16921,121,0,0.9424207154114912,0.28892688326332017,16,late
16922,122,0,0.09340053728082191,0.4030218293795227,16,late
16923,123,0,0.27055389824992315,0.406835410403076,16,late
16924,124,0,0.6986412094954888,0.41389008260165816,16,late
16925,125,0,0.6760144717855496,0.31781299537830304,16,late
16926,126,0,0.11191190527927644,0.3548478986298434,16,late
16927,127,0,0.2403014883324443,0.43084868240090324,16,late
16928,128,0,0.4223225452720882,0.38707238618429496,16,late
16929,129,0,0.6601873221104206,0.3131849505168186,16,late
16930,130,0,0.3833471410469197,0.2901505674757568,16,late
16931,131,0,0.07491009291843313,0.47258397497141746,16,late
16932,132,0,0.5571672959298564,0.3336454185230022,16,late
16933,133,0,0.7176799600881014,0.34562799285140416,16,late
16934,134,0,0.17982387295356636,0.39840616764387976,16,late
16935,135,0,0.35323878751857274,0.3062650284012147,16,late
16936,136,0,0.3182301993258051,0.4807351517399028,16,late
16937,137,0,0.6226447269377975,0.41043272758246385,16,late
16938,138,0,0.4516435940572069,0.4460905708464642,16,late
16939,139,0,0.7053089822493178,0.40154828621409,16,late
16940,140,0,0.764048899524771,0.4639499567980917,16,late
16941,141,0,0.12124370666276188,0.5790772284391239,16,late
16942,142,0,0.6304410083547596,0.37962974938334837,16,late
16943,143,0,0.7207578415943646,0.4334550605463453,16,late
16944,144,0,0.4512727063487516,0.43581136244809876,16,late
16945,145,0,0.09822088249206198,0.43349572349677834,16,late
16946,146,0,0.45506309859063565,0.3727829039521049,16,late
16947,147,0,0.5888518934657689,0.42530472267660885,16,late
16948,148,0,0.5542270764695633,0.38655491091247374,16,late
16949,149,0,0.749650370232154,0.3387266836514047,16,late
16950,150,0,0.15319842456426977,0.40207372096659577,16,late
16951,151,0,0.4162949397108566,0.5130185686476121,16,late
16952,152,0,0.6808531371019528,0.4709855235511089,16,late
16953,153,0,0.22346665261478382,0.3619796528297988,16,late
16954,154,0,0.46410915758932214,0.33572074333023016,16,late
16955,155,0,0.1718187575331665,0.2664916218691821,16,late
16956,156,0,0.30004195690752083,0.3341428388293023,16,late
16957,157,0,0.43700162743973875,0.4373303458994416,16,late
16958,158,0,0.670061447356391,0.2965484540624048,16,late
16959,159,0,0.6054839304489195,0.38548893574742477,16,late
16960,160,0,0.8407428378049837,0.3719525087947393,16,late
16961,161,0,0.21930966280006542,0.4271131899840634,16,late
16962,162,0,0.17253332069048627,0.4502092524035731,16,late
16963,163,0,0.4664808563003061,0.3448502471970513,16,late
16964,164,0,0.34543675568912013,0.31337078390257167,16,late
16965,165,0,0.5140192688099584,0.35678331089393917,16,late
16966,166,0,0.3327552163048215,0.40885470509197563,16,late
16967,167,0,0.6400433647449407,0.3066480314084372,16,late
16968,168,0,0.5618709125690514,0.46325236461085534,16,late
16969,169,0,0.5964838433390842,0.36165084513769535,16,late
16970,170,0,0.43920007144044204,0.30367344374752603,16,late
16971,171,0,0.6061425934701961,0.30822352816206433,16,late
16972,172,0,0.1212193018542054,0.37234605349039696,16,late
16973,173,0,0.46543221156029263,0.4401440355281677,16,late
16974,174,0,0.3592103473012034,0.4053256448215335,16,late
16975,175,0,0.3130413704808328,0.35923438481834713,16,late
16976,176,0,0.36689206529353763,0.27171513755165283,16,late
16977,177,0,0.12059476110130249,0.3879124782547882,16,late
16978,178,0,0.19203986046599583,0.4400719155809577,16,late
16979,179,0,0.6279846494351753,0.32146642970369593,16,late
16980,180,0,0.9420359646649812,0.2732537197103065,16,late
16981,181,0,0.7250344081908243,0.46960973489815777,16,late
16982,182,0,0.6995618362080673,0.4075000456824365,16,late
16983,183,0,0.9632898854608415,0.4347382300527104,16,late
16984,184,0,0.5070067508581613,0.33232688727324183,16,late
16985,185,0,0.8117958902017548,0.2763736335419392,16,late
16986,186,0,0.3611804296576642,0.2873905417826794,16,late
16987,187,0,0.39561431775215544,0.2973206528261073,16,late
16988,188,0,0.8072919621739463,0.21914326321847177,16,late
16989,189,0,0.40375372611210064,0.3332960130181525,16,late
16990,190,0,0.4438890513839018,0.3099791440938475,16,late
16991,191,0,0.6505317674743805,0.31896726819016935,16,late
16992,192,0,0.7990943017971857,0.302498648601851,16,late
16993,193,0,0.041178795956599255,0.34725315400490453,16,late
16994,194,0,0.5140678368522812,0.26366280534027153,16,late
16995,195,0,0.46500041624293287,0.35862954623852933,16,late
16996,196,0,0.6068067935247311,0.31863351577595456,16,late
16997,197,0,0.5773601610321702,0.35623288373312545,16,late
16998,198,0,0.5499384437942003,0.38170551723596335,16,late
16999,199,0,0.8209698190723211,0.287444142873192,16,late
17000,0,0,0.31050753509076495,0.626744758666613,17,interleaved
17001,1,0,0.6386303376980809,0.4245627003124331,17,interleaved
17002,2,0,0.48348124624699224,0.5931898915566836,17,interleaved
17003,3,0,0.8844364023537973,0.44545418079840654,17,interleaved
17004,4,0,0.46166826186803184,0.4985549327770829,17,interleaved
17005,5,0,0.2444515984226413,0.427620461440896,17,interleaved
17006,6,0,0.5959075392250333,0.40115533035110484,17,interleaved
17007,7,0,0.6395877947530698,0.5520905096727966,17,interleaved
17008,8,0,0.7242691848969476,0.4438376299826253,17,interleaved
17009,9,0,0.44548965775397065,0.47346147490646134,17,interleaved
17010,10,0,0.45239191005299356,0.36050274625108336,17,interleaved
17011,11,0,0.2043314478926326,0.5402900879967582,17,interleaved
17012,12,0,0.368643044047068,0.28458300366069555,17,interleaved
17013,13,0,0.7546063477420182,0.4698667319397629,17,interleaved
17014,14,0,0.5356789939200369,0.45050861909202355,17,interleaved
17015,15,0,0.3249040490011861,0.39633233291108905,17,interleaved
17016,16,0,0.7222808112950284,0.41926326113830314,17,interleaved
17017,17,0,0.7557782744222616,0.7420530602381945,17,interleaved
17018,18,0,0.5488675490023088,0.33871002132280925,17,interleaved
17019,19,0,0.7374749994048724,0.3829795182960793,17,interleaved
17020,20,0,0.4929452774563849,0.6008216671717181,17,interleaved
17021,21,0,0.9326068074851319,0.5465485238439592,17,interleaved
17022,22,0,0.2542807734160226,0.37164133637341085,17,interleaved
17023,23,0,0.1947266375702092,0.38398151633554484,17,interleaved
17024,24,0,0.5648350492568812,0.4128426733921846,17,interleaved
17025,25,0,0.4026473774879945,0.33128530629872394,17,interleaved
17026,26,0,0.479402308738968,0.4614816205526697,17,interleaved
17027,27,0,0.0785229247816265,0.423888095535703,17,interleaved
17028,28,0,0.4326491784562671,0.5185592647986568,17,interleaved
17029,29,0,0.4746718168210521,0.5537883492322027,17,interleaved
17030,30,0,0.44117209887012354,0.546136807564266,17,interleaved
17031,31,0,0.7758538044379191,0.3207523730292655,17,interleaved
17032,32,0,0.15016070710827917,0.5015321414065917,17,interleaved
17033,33,0,0.4241976106604927,0.4558627519915093,17,interleaved
17034,34,0,0.6603651972759114,0.6976364912731091,17,interleaved
17035,35,0,0.5616384306428065,0.4056170463271578,17,interleaved
17036,36,0,0.6218337973999092,0.29872427981052563,17,interleaved
17037,37,0,0.341418595715413,0.4535071359072093,17,interleaved
17038,38,0,0.5110936748121072,0.28223677994004764,17,interleaved
17039,39,0,0.6775516653850813,0.39549809071908204,17,interleaved
17040,40,0,0.46580576624810105,0.39703235189718167,17,interleaved
17041,41,0,0.4163291193844846,0.27628762139493956,17,interleaved
17042,42,0,0.4867722002985341,0.36910453432350565,17,interleaved
17043,43,0,0.5230882986552425,0.357997057294972,17,interleaved
17044,44,0,0.6209995758715514,0.27475721510965073,17,interleaved
17045,45,0,0.3238046478718066,0.5165645681710458,17,interleaved
17046,46,0,0.5278157684499569,0.5483381828114806,17,interleaved
17047,47,0,0.580379523910944,0.3606377919786118,17,interleaved
17048,48,0,0.482435762371092,0.44333852515218825,17,interleaved
17049,49,0,0.44420919119430824,0.33125100824113796,17,interleaved
17050,50,0,0.46125755529328816,0.41955017117853155,17,interleaved
17051,51,0,0.14598382816011,0.4944881099900035,17,interleaved
17052,52,0,0.342977908279018,0.34054341624384016,17,interleaved
17053,53,0,0.3223832110936663,0.4460604873684839,17,interleaved
17054,54,0,0.5896297421004084,0.32533212402686934,17,interleaved
17055,55,0,0.5761458147290426,0.4171892641388991,17,interleaved
17056,56,0,0.44975824777267864,0.3597364864968111,17,interleaved
17057,57,0,0.22696805327268138,0.47040015421167736,17,interleaved
17058,58,0,0.7348970757867668,0.512202282720952,17,interleaved
17059,59,0,0.28476443244373023,0.27681979928232225,17,interleaved
17060,60,0,0.19477279262435707,0.4790971389992718,17,interleaved
17061,61,0,0.2883007002096976,0.2961430734559799,17,interleaved
17062,62,0,0.33670314167604687,0.34788708768028,17,interleaved
17063,63,0,0.7035740106233588,0.33150055226145875,17,interleaved
17064,64,0,0.6478064081897998,0.33262783522780165,17,interleaved
17065,65,0,0.3821436954730691,0.38237016897695353,17,interleaved
17066,66,0,0.7842511486091792,0.35429795131510733,17,interleaved
17067,67,0,0.3023481913537247,0.3281727898945747,17,interleaved
17068,68,0,0.5611284019922513,0.4473246291065258,17,interleaved
17069,69,0,0.4843611912981649,0.36518577961108123,17,interleaved
17070,70,0,0.47844891571110654,0.7374172015966918,17,interleaved
17071,71,0,0.9297463973003434,0.3007939321229153,17,interleaved
17072,72,0,0.5708755476479371,0.43738242954118567,17,interleaved
17073,73,0,0.3720518605532893,0.4810423129779045,17,interleaved
17074,74,0,0.7277034953770085,0.40919637327784686,17,interleaved
17075,75,0,0.7655263724035983,0.3400991714700032,17,interleaved
17076,76,0,0.24073261390805561,0.42211830695376207,17,interleaved
17077,77,0,0.029720902697609512,0.5314643162949737,17,interleaved
17078,78,0,0.37630492373089663,0.33562172072748786,17,interleaved
17079,79,0,0.7521344637796106,0.3074471402278168,17,interleaved
17080,80,0,0.6474324155406688,0.31117065640152897,17,interleaved
17081,81,0,0.1846015029816636,0.47885407763532006,17,interleaved
17082,82,0,0.2834915749583841,0.40093540573306957,17,interleaved
17083,83,0,0.4466845037396088,0.28396073039088676,17,interleaved
17084,84,0,0.14351326459352132,0.35731815980393533,17,interleaved
17085,85,0,0.6746233687926062,0.4696776380077972,17,interleaved
17086,86,0,0.48315099029606756,0.4175375328459735,17,interleaved
17087,87,0,0.31720681829489733,0.26588906522570716,17,interleaved
17088,88,0,0.44044728437810743,0.45593657572870006,17,interleaved
17089,89,0,0.8819541402439024,0.47039266578240446,17,interleaved
17090,90,0,0.47739442618615474,0.36693736430338236,17,interleaved
17091,91,0,0.8879529761383111,0.4319850169921551,17,interleaved
17092,92,0,0.07096230271078838,0.6324195095279959,17,interleaved
17093,93,0,0.8001612279693043,0.30127841735353905,17,interleaved
17094,94,0,0.47289555505705766,0.444762499119008,17,interleaved
17095,95,0,0.2917131032143395,0.4085533207531995,17,interleaved
17096,96,0,0.2635237674138781,0.381725295320365,17,interleaved
17097,97,0,0.7064566797109848,0.3134387182189023,17,interleaved
17098,98,0,0.7790839238587326,0.4921015331509898,17,interleaved
17099,99,0,0.5191924159918573,0.2860237145717374,17,interleaved
17100,100,0,0.22078717738776504,0.4116183265153299,17,interleaved
17101,101,0,0.6796809701996117,0.28723910637655353,17,interleaved
17102,102,0,0.6620944025899742,0.33440067875730095,17,interleaved
17103,103,0,0.5447909243751127,0.24419731201923922,17,interleaved
17104,104,0,0.3022141986393047,0.4047237759892629,17,interleaved
17105,105,0,0.18092858248254012,0.4307565582879084,17,interleaved
17106,106,0,0.44523776393210723,0.2875550264292278,17,interleaved
17107,107,0,0.5868306899285145,0.29936006710227303,17,interleaved
17108,108,0,0.6544970543460943,0.39935876001846926,17,interleaved
17109,109,0,0.5710442891935175,0.3093603907501551,17,interleaved
17110,110,0,0.5748550465933141,0.33610004818826555,17,interleaved
17111,111,0,0.5077150028997974,0.3593033818431163,17,interleaved
17112,112,0,0.42463401832595865,0.3377189073923593,17,interleaved
17113,113,0,0.8449531702145393,0.3334571122818739,17,interleaved
17114,114,0,0.45784274482761733,0.34649703935138787,17,interleaved
17115,115,0,0.12880500793684946,0.2952925862049094,17,interleaved
17116,116,0,0.634149588056716,0.48519959239958665,17,interleaved
17117,117,0,0.8264075065265513,0.2895688940247013,17,interleaved
17118,118,0,0.3322557635358717,0.4110797189047922,17,interleaved
17119,119,0,0.7372699560908945,0.4385056077506544,17,interleaved
17120,120,0,0.48509462378781176,0.3155049086180521,17,interleaved
17121,121,0,0.7979988678344053,0.19739058566274742,17,interleaved
17122,122,0,0.5842454401754031,0.24269889768469852,17,interleaved
17123,123,0,0.1791063956758252,0.3096890820152287,17,interleaved
17124,124,0,0.276700747785508,0.3939565119089582,17,interleaved
17125,125,0,0.4570688895443805,0.28684673062217425,17,interleaved
17126,126,0,0.8032582117133034,0.3056413999530079,17,interleaved
17127,127,0,0.15493175365922338,0.2886244030433631,17,interleaved
17128,128,0,0.505514454900128,0.34411484444080487,17,interleaved
17129,129,0,0.342677698341205,0.4489201787673991,17,interleaved
17130,130,0,0.6507463378287223,0.5663075119743708,17,interleaved
17131,131,0,0.8229753509187813,0.2482014177105826,17,interleaved
17132,132,0,0.505459569376737,0.3357655597389255,17,interleaved
17133,133,0,0.5265068646623892,0.2156647339415247,17,interleaved
17134,134,0,0.5271706424686649,0.40326146088766324,17,interleaved
17135,135,0,0.4380213155122121,0.3840933683169828,17,interleaved
17136,136,0,0.3126879369098711,0.2760737227047411,17,interleaved
17137,137,0,0.677623567444654,0.38335128736449275,17,interleaved
17138,138,0,0.12873876310842874,0.3789492652949673,17,interleaved
17139,139,0,0.1488758088550404,0.30415599085821243,17,interleaved
17140,140,0,0.5998851094970457,0.2738855718212705,17,interleaved
17141,141,0,0.7194887676544124,0.2859699031002363,17,interleaved
17142,142,0,0.40207589025374596,0.33370390635024644,17,interleaved
17143,143,0,0.9080180141632577,0.34527117197708795,17,interleaved
17144,144,0,0.481074482794527,0.28344101580045256,17,interleaved
17145,145,0,0.22758983742649308,0.24504650246069037,17,interleaved
17146,146,0,0.33584906631782824,0.38551635771058257,17,interleaved
17147,147,0,0.28797824094213575,0.33925182147450406,17,interleaved
17148,148,0,0.685496487722091,0.2403885514664249,17,interleaved
17149,149,0,0.5565051922319357,0.39466078680525274,17,interleaved
17150,150,0,0.09957118023350994,0.36204589528111714,17,interleaved
17151,151,0,0.49374925383333435,0.321543667922778,17,interleaved
17152,152,0,0.16909435108318438,0.43120778151519934,17,interleaved
17153,153,0,0.3692505473929399,0.3418019603789938,17,interleaved
17154,154,0,0.296626561857402,0.32835572966854243,17,interleaved
17155,155,0,0.3289148151196009,0.2544552344356576,17,interleaved
17156,156,0,0.24626144938976915,0.28706630927729593,17,interleaved
17157,157,0,0.5858639693506086,0.29635225405866816,17,interleaved
17158,158,0,0.5817036671624461,0.3237747766139023,17,interleaved
17159,159,0,0.2102309456249284,0.47016680278569534,17,interleaved
17160,160,0,0.16823424675207288,0.2594491302229369,17,interleaved
17161,161,0,0.8049158594052868,0.29921888047063705,17,interleaved
17162,162,0,0.4068973016854479,0.2729309309265978,17,interleaved
17163,163,0,0.6805317073806365,0.4709815381280327,17,interleaved
17164,164,0,0.3336788280613705,0.2736080220431564,17,interleaved
17165,165,0,0.35616212780647394,0.4314289229757522,17,interleaved
17166,166,0,0.3177587384298866,0.2648922102090204,17,interleaved
17167,167,0,0.6608859669969307,0.3975548151051513,17,interleaved
17168,168,0,0.8130878002715998,0.4463337885653479,17,interleaved
17169,169,0,0.8250060648104256,0.4529138524681745,17,interleaved
17170,170,0,0.5379692214645233,0.3221057962481525,17,interleaved
17171,171,0,0.6096266797791194,0.2002517870346506,17,interleaved
17172,172,0,0.43879623783626975,0.2684220535545546,17,interleaved
17173,173,0,0.3329904711830546,0.2722496312632929,17,interleaved
17174,174,0,0.326934243031536,0.2877220618128146,17,interleaved
17175,175,0,0.7829037403742989,0.1988206464184788,17,interleaved
17176,176,0,0.5606066231096916,0.2726664798923477,17,interleaved
17177,177,0,0.038149103647387606,0.3986708395602029,17,interleaved
17178,178,0,0.5664486886110606,0.2637642240904294,17,interleaved
17179,179,0,0.29564173175602193,0.26276898091397305,17,interleaved
17180,180,0,0.6330010063822349,0.45710581268713485,17,interleaved
17181,181,0,0.8588350203847867,0.23709613090601075,17,interleaved
17182,182,0,0.2916505502504825,0.3186110882526705,17,interleaved
17183,183,0,0.4755960706517095,0.408229200778505,17,interleaved
17184,184,0,0.7012030462434197,0.29159712961001516,17,interleaved
17185,185,0,0.4239647079806788,0.2641475863899478,17,interleaved
17186,186,0,0.485854481146325,0.23624553951908828,17,interleaved
17187,187,0,0.5253309979018291,0.1846983589187302,17,interleaved
17188,188,0,0.5727014254919816,0.2453773193685242,17,interleaved
17189,189,0,0.7205207592643303,0.3155529379110106,17,interleaved
17190,190,0,0.9422314040290625,0.19720074305400578,17,interleaved
17191,191,0,0.19669045948445713,0.34529364268575286,17,interleaved
17192,192,0,0.6239561618788727,0.2952144422385518,17,interleaved
17193,193,0,0.5305877424600745,0.4246531246523738,17,interleaved
17194,194,0,0.0438040203694781,0.310667971581142,17,interleaved
17195,195,0,0.1615646805829662,0.3796628176536172,17,interleaved
17196,196,0,0.5967199718163031,0.4078606755226736,17,interleaved
17197,197,0,0.3464137683063495,0.2011468142832508,17,interleaved
17198,198,0,0.6485339579224455,0.2641831748285985,17,interleaved
17199,199,0,0.48559937044429635,0.22651729837553242,17,interleaved
17200,0,0,0.40566019516231444,0.7021619811766987,17,blocked
17201,1,0,0.3051456759222099,0.542635384639488,17,blocked
17202,2,0,0.3841336676089291,0.5163567140086676,17,blocked
17203,3,0,0.6340503006637674,0.6173618143899958,17,blocked
17204,4,0,0.6151466812795965,0.5166150897589786,17,blocked
17205,5,0,0.3448192028480277,0.6231316964644898,17,blocked
17206,6,0,0.5609141886297053,0.48288593850104733,17,blocked
17207,7,0,0.5451425871094836,0.7105651341845607,17,blocked
17208,8,0,0.4509200191508825,0.43356971101776054,17,blocked
17209,9,0,0.6612843994504385,0.3621012553978078,17,blocked
17210,10,0,0.6399213957868718,0.5476277577841977,17,blocked
17211,11,0,0.7501152718671005,0.5515548549117698,17,blocked
17212,12,0,0.7086601031713764,0.49234447034961376,17,blocked
17213,13,0,0.255499848619108,0.4317969242329467,17,blocked
17214,14,0,0.5655290003875346,0.4137453318739067,17,blocked
17215,15,0,0.7294761516694916,0.5469295022339722,17,blocked
17216,16,0,0.5074553921984758,0.4511815187876679,17,blocked
17217,17,0,0.876293778958796,0.4793743417651102,17,blocked
17218,18,0,0.7826987141055693,0.46133224492295,17,blocked
17219,19,0,0.3983781271319566,0.5184357274676992,17,blocked
17220,20,0,0.5986967305590263,0.43582962705577977,17,blocked
17221,21,0,0.3211495171541363,0.39702801367374707,17,blocked
17222,22,0,0.6421770220264966,0.4544692021802844,17,blocked
17223,23,0,0.45721201076886603,0.37408134845905205,17,blocked
17224,24,0,0.47373346040203607,0.5397909661871872,17,blocked
17225,25,0,0.5356359505200291,0.4132069506413798,17,blocked
17226,26,0,0.5645039740107785,0.46288899949679846,17,blocked
17227,27,0,0.20939877746346755,0.5693421932894692,17,blocked
17228,28,0,0.6882847153845243,0.5758931751424783,17,blocked
17229,29,0,0.471860728731203,0.3935184238445625,17,blocked
17230,30,0,0.4543413404521903,0.3257421090684354,17,blocked
17231,31,0,0.4198386043399905,0.5441150087181302,17,blocked
17232,32,0,0.5190773800595914,0.483320666179804,17,blocked
17233,33,0,0.41294755741867545,0.582260400032236,17,blocked
17234,34,0,0.7866185810538717,0.4869484595851076,17,blocked
17235,35,0,0.6109327110886216,0.4664790216119079,17,blocked
17236,36,0,0.30932813938669523,0.2917223417312982,17,blocked
17237,37,0,0.33686375495610094,0.53723526025234,17,blocked
17238,38,0,0.6937857824801184,0.4818093066369247,17,blocked
17239,39,0,0.7910783554445748,0.4069827508812708,17,blocked
17240,40,0,0.8377833239404968,0.41857172909932905,17,blocked
17241,41,0,0.31634960811327045,0.4072199142768153,17,blocked
17242,42,0,0.03547221331035774,0.45466818776178375,17,blocked
17243,43,0,0.21727068709023667,0.4386148119049318,17,blocked
17244,44,0,0.5313505336674722,0.4411999465340619,17,blocked
17245,45,0,0.4685593647952194,0.4194413294107999,17,blocked
17246,46,0,0.8634955564717927,0.32133570065028616,17,blocked
17247,47,0,0.22897175230014677,0.6266546184562761,17,blocked
17248,48,0,0.13622981460181255,0.6544272427171794,17,blocked
17249,49,0,0.8573389539607964,0.44855052751791225,17,blocked
17250,50,0,0.6621319531311701,0.4141624772609872,17,blocked
17251,51,0,0.7815495812043374,0.42957318870053884,17,blocked
17252,52,0,0.9316003815177936,0.5053987267025923,17,blocked
17253,53,0,0.08574895100560655,0.6394814510496751,17,blocked
17254,54,0,0.9544216184971377,0.47723325110817605,17,blocked
17255,55,0,0.7975988893094348,0.38996423047767803,17,blocked
17256,56,0,0.9364342612809717,0.48031045384905025,17,blocked
17257,57,0,0.7356001619368269,0.4135377958672949,17,blocked
17258,58,0,0.41749504362867107,0.48049090380245135,17,blocked
17259,59,0,0.577220205345393,0.3881403091238068,17,blocked
17260,60,0,0.9448686567096549,0.39065460600950325,17,blocked
17261,61,0,0.9626766054108651,0.46927427622019274,17,blocked
17262,62,0,0.7401164787054226,0.5485409085942062,17,blocked
17263,63,0,0.9147823254577772,0.3177743821367905,17,blocked
17264,64,0,0.8789281056218496,0.4287244665417799,17,blocked
17265,65,0,0.6335178641204333,0.4325200329914912,17,blocked
17266,66,0,0.04637498634282867,0.5017354274639882,17,blocked
17267,67,0,0.19678421892074738,0.62912604697682,17,blocked
17268,68,0,0.739091881069116,0.4583259592169418,17,blocked
17269,69,0,0.7346512649712893,0.34580229865462303,17,blocked
17270,70,0,0.9218435790539892,0.46971915688195676,17,blocked
17271,71,0,0.9150809528741239,0.31943276498175,17,blocked
17272,72,0,0.7607829722984634,0.3929111540084327,17,blocked
17273,73,0,0.7688832318286483,0.4157849475065889,17,blocked
17274,74,0,0.6634790178345371,0.25389588705065236,17,blocked
17275,75,0,0.5863514875958806,0.35774820668963286,17,blocked
17276,76,0,0.7484509983652536,0.3187859024519411,17,blocked
17277,77,0,0.4880998791219945,0.5433713439185659,17,blocked
17278,78,0,0.4875348168875646,0.49072168212532186,17,blocked
17279,79,0,0.5956437556822043,0.5210768540355227,17,blocked
17280,80,0,0.06522479525901993,0.5387572089795393,17,blocked
17281,81,0,0.462631375786613,0.409452954447808,17,blocked
17282,82,0,0.42345244559206363,0.3578833275734611,17,blocked
17283,83,0,0.7033115900376525,0.45057854647880546,17,blocked
17284,84,0,0.503163460878005,0.5307407636068886,17,blocked
17285,85,0,0.39080083850718705,0.4454923862535569,17,blocked
17286,86,0,0.5183764207462762,0.43149416290524945,17,blocked
17287,87,0,0.534974468064111,0.4092566431571949,17,blocked
17288,88,0,0.622840477543225,0.44656080148453126,17,blocked
17289,89,0,0.8648323464830912,0.44326068339970137,17,blocked
17290,90,0,0.12261198822935365,0.4751148872755301,17,blocked
17291,91,0,0.25672762705438296,0.37666695929605054,17,blocked
17292,92,0,0.5882511771251413,0.42452914612974535,17,blocked
17293,93,0,0.913747921014141,0.40736959864890254,17,blocked
17294,94,0,0.1305587342456843,0.3482606882046272,17,blocked
17295,95,0,0.6644338560343512,0.43632757362909413,17,blocked
17296,96,0,0.40874654227083435,0.34787873553428905,17,blocked
17297,97,0,0.40035679352082754,0.470345309827638,17,blocked
17298,98,0,0.877876177966229,0.3703612527525878,17,blocked
17299,99,0,0.7106263776890126,0.4366984045395047,17,blocked
17300,100,0,0.5463194144876773,0.42972079059908097,17,blocked
17301,101,0,0.10943763636256999,0.6079447441834442,17,blocked
17302,102,0,0.6082800151212047,0.39234071195902265,17,blocked
17303,103,0,0.5125970308098573,0.3525996794418814,17,blocked
17304,104,0,0.4560150861190012,0.4468508803888578,17,blocked
17305,105,0,0.33752456168379813,0.3845360723452145,17,blocked
17306,106,0,0.5273958979662382,0.34468868506921413,17,blocked
17307,107,0,0.6977137541881553,0.43578776264868274,17,blocked
17308,108,0,0.9778516405097061,0.2880884849270914,17,blocked
17309,109,0,0.900251284150555,0.3768498160375622,17,blocked
17310,110,0,0.5290458109294887,0.3716123013625361,17,blocked
17311,111,0,0.9063313299503357,0.4250853856970778,17,blocked
17312,112,0,0.5681335829431875,0.5325976770066599,17,blocked
17313,113,0,0.4026395693266794,0.2812033545544026,17,blocked
17314,114,0,0.6032151144113214,0.41510252794244296,17,blocked
17315,115,0,0.4344626558174055,0.5243283887301783,17,blocked
17316,116,0,0.9718895875946403,0.345310581296789,17,blocked
17317,117,0,0.6574204844890829,0.40749056952321727,17,blocked
17318,118,0,0.38011311819404403,0.41097027781218826,17,blocked
17319,119,0,0.9023603194161129,0.3061614629171888,17,blocked
17320,120,0,0.4921369099060289,0.36363995666018334,17,blocked
17321,121,0,0.8244215440687642,0.35503156715734396,17,blocked
17322,122,0,0.15280070315928307,0.5385411159186007,17,blocked
17323,123,0,0.4431617132089326,0.5800625365599041,17,blocked
17324,124,0,0.6406579638125864,0.33342801161259994,17,blocked
17325,125,0,0.42993901903856807,0.3866620104905132,17,blocked
17326,126,0,0.15667437503760512,0.3427514341431175,17,blocked
17327,127,0,0.19266118118212794,0.38906166257394936,17,blocked
17328,128,0,0.4645912956074472,0.310223248529115,17,blocked
17329,129,0,0.7513863744784799,0.2991099621663905,17,blocked
17330,130,0,0.8096210216605324,0.3956676304005212,17,blocked
17331,131,0,0.969161880285295,0.3982683212375369,17,blocked
17332,132,0,0.6996080716305731,0.3129406446931071,17,blocked
17333,133,0,0.3700205406773768,0.28490128353161515,17,blocked
17334,134,0,0.9562805823439035,0.2901959218816207,17,blocked
17335,135,0,0.7062915766035729,0.4021469436137134,17,blocked
17336,136,0,0.67216279176062,0.33521778039853245,17,blocked
17337,137,0,0.4760933578284776,0.29761888643542267,17,blocked
17338,138,0,0.6932426113781581,0.27085147666264775,17,blocked
17339,139,0,0.0576894956713973,0.6662179373559312,17,blocked
17340,140,0,0.8512209567626021,0.33712898647532485,17,blocked
17341,141,0,0.4875255938986651,0.4110502866711937,17,blocked
17342,142,0,0.525763077811497,0.35532064584282247,17,blocked
17343,143,0,0.9936019246941528,0.3924569841697494,17,blocked
17344,144,0,0.921600242333571,0.23417308295616246,17,blocked
17345,145,0,0.6418068829307774,0.26725394631554833,17,blocked
17346,146,0,0.9837050769849536,0.40646935253783245,17,blocked
17347,147,0,0.9476425573307443,0.37786727112750973,17,blocked
17348,148,0,0.44769132004467127,0.34282863673637365,17,blocked
17349,149,0,0.8925968263504932,0.46802678546160426,17,blocked
17350,150,0,0.9840945926059008,0.4259947007031568,17,blocked
17351,151,0,0.9298269152179549,0.35531915263852193,17,blocked
17352,152,0,0.9940059801215473,0.2214950540736112,17,blocked
17353,153,0,0.9819415974566021,0.34565685504827676,17,blocked
17354,154,0,0.6601285308162358,0.3430802838427992,17,blocked
17355,155,0,0.94619914737141,0.4008031405973927,17,blocked
17356,156,0,0.7777018711364756,0.35687755292294165,17,blocked
17357,157,0,0.8340045896185049,0.2418684090054151,17,blocked
17358,158,0,0.4969592182742066,0.34916657069630197,17,blocked
17359,159,0,0.5024444525930212,0.45603899813658566,17,blocked
17360,160,0,0.39399888145007084,0.3334766251449009,17,blocked
17361,161,0,0.960203363594747,0.3903393273707948,17,blocked
17362,162,0,0.9945380476952168,0.24223952179963731,17,blocked
17363,163,0,0.4244328776814968,0.36377790669969123,17,blocked
17364,164,0,0.46933337629166905,0.5327862143379997,17,blocked
17365,165,0,0.2828603158649573,0.36866998102683524,17,blocked
17366,166,0,0.9617287100463071,0.356007697344297,17,blocked
17367,167,0,0.4281048888214731,0.36730442472009295,17,blocked
17368,168,0,0.6906253402640387,0.3240640780946441,17,blocked
17369,169,0,0.8688763377877264,0.3174119389886676,17,blocked
17370,170,0,0.4924613214587293,0.39919256595550495,17,blocked
17371,171,0,0.783171311044336,0.2766156361261321,17,blocked
17372,172,0,0.26246126387207025,0.43853455306150035,17,blocked
17373,173,0,0.5177760258486386,0.30978002319809383,17,blocked
17374,174,0,0.3987476521442519,0.6405396936615717,17,blocked
17375,175,0,0.6160725778322469,0.4718779912191471,17,blocked
17376,176,0,0.5923257412410361,0.4267635411362636,17,blocked
17377,177,0,0.5561852297976531,0.41176135691343096,17,blocked
17378,178,0,0.46045742176427434,0.2528507254077762,17,blocked
17379,179,0,0.6336775764292576,0.3565488482542398,17,blocked
17380,180,0,0.5192144475750009,0.35051213484602384,17,blocked
17381,181,0,0.513561419769956,0.32862183003879575,17,blocked
17382,182,0,0.7670963443737095,0.38973767662681746,17,blocked
17383,183,0,0.36142931292777725,0.5280128573367864,17,blocked
17384,184,0,0.7912353213052374,0.2347566451696034,17,blocked
17385,185,0,0.9904822669944674,0.3616492284922603,17,blocked
17386,186,0,0.29577528417922994,0.5725525584975868,17,blocked
17387,187,0,0.6945779236747737,0.2493256220899217,17,blocked
17388,188,0,0.38538612067025146,0.37849605498613903,17,blocked
17389,189,0,0.36396244449290605,0.3421199035837884,17,blocked
17390,190,0,0.6688787676857111,0.4017226764597276,17,blocked
17391,191,0,0.426534557812269,0.35281551180641346,17,blocked
17392,192,0,0.675060528291952,0.3864233729738551,17,blocked
17393,193,0,0.4967128049174604,0.529129010981003,17,blocked
17394,194,0,0.9615731246711989,0.35483202543744896,17,blocked
17395,195,0,0.7616605799551157,0.3718380284852967,17,blocked
17396,196,0,0.8239270254356854,0.30932824951967475,17,blocked
17397,197,0,0.6945608588502935,0.42217836005555254,17,blocked
17398,198,0,0.29445221129529175,0.4192209437405601,17,blocked
17399,199,0,0.46922076035236593,0.4338859449038386,17,blocked
17400,0,0,0.38259957895061975,0.6177051857546874,17,early
17401,1,0,0.5599791206825259,0.7006410234505015,17,early
17402,2,0,0.6993384262612502,0.565241494845179,17,early
17403,3,0,0.20961056056693939,0.6933090477640409,17,early
17404,4,0,0.6255081329871928,0.6971216079899325,17,early
17405,5,0,0.20367437332389876,0.48689560242153823,17,early
17406,6,0,0.06684810561389848,0.6245108118182726,17,early
17407,7,0,0.7139746719957498,0.4900566751793206,17,early
17408,8,0,0.9682357129612702,0.488302084122631,17,early
17409,9,0,0.1268876322302642,0.44099139367201534,17,early
17410,10,0,0.2691056879235769,0.5445186092037483,17,early
17411,11,0,0.4943965106058412,0.40611959678507986,17,early
17412,12,0,0.5022212699643275,0.4607029037512052,17,early
17413,13,0,0.490778924919359,0.6821452529734979,17,early
17414,14,0,0.8151952854533451,0.5028359139395051,17,early
17415,15,0,0.296825097529688,0.42042384787025633,17,early
17416,16,0,0.2796794968464504,0.5001332249917959,17,early
17417,17,0,0.7976072007805647,0.6203704607583804,17,early
17418,18,0,0.17410184997934744,0.5659141258518924,17,early
17419,19,0,0.5520236774203192,0.5761439846954542,17,early
17420,20,0,0.6240147313185513,0.46110000708328996,17,early
17421,21,0,0.250408722954763,0.6324269915249514,17,early
17422,22,0,0.565309511379146,0.44234681942125553,17,early
17423,23,0,0.14865867987307751,0.5902143284118186,17,early
17424,24,0,0.748737861916821,0.4787294606664374,17,early
17425,25,0,0.6020639711486608,0.5802828716941659,17,early
17426,26,0,0.3891498750391876,0.4012847547477984,17,early
17427,27,0,0.8745632843182354,0.3801667212719575,17,early
17428,28,0,0.1010365633751388,0.7819423668740116,17,early
17429,29,0,0.9758238650044385,0.6407740434665257,17,early
17430,30,0,0.5008709219813102,0.5808960366472502,17,early
17431,31,0,0.8846122873702993,0.5332295870834902,17,early
17432,32,0,0.8542399571982129,0.3218951885505139,17,early
17433,33,0,0.6830605079698553,0.40466427952425976,17,early
17434,34,0,0.6941510289961537,0.39562380718782414,17,early
17435,35,0,0.18134171395854567,0.4044113692937038,17,early
17436,36,0,0.2878574284844761,0.5258303010306102,17,early
17437,37,0,0.6483477972096695,0.4629186324471857,17,early
17438,38,0,0.7788392595680803,0.40360777737023545,17,early
17439,39,0,0.2566109928519262,0.4639604045336752,17,early
17440,40,0,0.702273639092916,0.38333370649334153,17,early
17441,41,0,0.7172621964018104,0.5962125439960648,17,early
17442,42,0,0.9232466783584252,0.5243635921049004,17,early
17443,43,0,0.13863404112031508,0.5733419802634172,17,early
17444,44,0,0.816314788940139,0.3652341328425248,17,early
17445,45,0,0.820989011121258,0.4702645164744802,17,early
17446,46,0,0.3491959084774138,0.5512220324624209,17,early
17447,47,0,0.8482154238523585,0.5407268304839381,17,early
17448,48,0,0.30859431474741045,0.49475183437729575,17,early
17449,49,0,0.5901240453670273,0.6031592309654492,17,early
17450,50,0,0.6250715751655173,0.5162499975490173,17,early
17451,51,0,0.2906095252242297,0.4828075575637587,17,early
17452,52,0,0.21461366822860034,0.40511429577240027,17,early
17453,53,0,0.8902962487903756,0.48533003322895196,17,early
17454,54,0,0.4567380318150365,0.4489994464151187,17,early
17455,55,0,0.8099163388950894,0.3984037273438672,17,early
17456,56,0,0.3954920317689812,0.41565164961658585,17,early
17457,57,0,0.8774923027569219,0.3550935303855177,17,early
17458,58,0,0.2437333917137993,0.5149615631775382,17,early
17459,59,0,0.5666947651130335,0.4646851900137454,17,early
17460,60,0,0.4312452161667394,0.38862102932024206,17,early
17461,61,0,0.5316935683665919,0.49943060299494707,17,early
17462,62,0,0.7779883776453312,0.471540315961913,17,early
17463,63,0,0.5041974593384481,0.5484035962630098,17,early
17464,64,0,0.5506072769210226,0.45824163897235115,17,early
17465,65,0,0.891420316670939,0.4653677996687918,17,early
17466,66,0,0.7956990968139052,0.40219400506457836,17,early
17467,67,0,0.8538480784882565,0.5150367314380218,17,early
17468,68,0,0.21236590332609123,0.42357308009990663,17,early
17469,69,0,0.09131401364323063,0.5668995175769838,17,early
17470,70,0,0.4192677587980313,0.7184094319606756,17,early
17471,71,0,0.5587941209245157,0.5504825782307815,17,early
17472,72,0,0.3208592570315534,0.3921904928674923,17,early
17473,73,0,0.923971717178979,0.4232723547399061,17,early
17474,74,0,0.24412158882505222,0.483111035271789,17,early
17475,75,0,0.5293720465457794,0.45698846405562843,17,early
17476,76,0,0.4538350599216262,0.470946859307293,17,early
17477,77,0,0.2628220032305647,0.5531445419279384,17,early
17478,78,0,0.7221094204764773,0.4505029509139804,17,early
17479,79,0,0.7157069388196715,0.5244579014278887,17,early
17480,80,0,0.4845921429983502,0.6754885959148186,17,early
17481,81,0,0.2814144648883635,0.572881467506814,17,early
17482,82,0,0.7360072367031039,0.506022254785064,17,early
17483,83,0,0.6769104639502149,0.5061353049432765,17,early
17484,84,0,0.4338905904195166,0.44069994634900944,17,early
17485,85,0,0.8711600981655944,0.441819164728091,17,early
17486,86,0,0.707809057354367,0.33504402423843604,17,early
17487,87,0,0.44542712856294847,0.4388075122678893,17,early
17488,88,0,0.6115036558475069,0.5293254714877403,17,early
17489,89,0,0.27586228854881506,0.44763929471827874,17,early
17490,90,0,0.27396772928729324,0.40779500002774915,17,early
17491,91,0,0.2728499865239351,0.3369001598791595,17,early
17492,92,0,0.33191122346399426,0.3982110130891531,17,early
17493,93,0,0.5898809020738863,0.44136552633410403,17,early
17494,94,0,0.06856714234409911,0.6221937874927548,17,early
17495,95,0,0.6102168087434534,0.4495236827973639,17,early
17496,96,0,0.3728209336421001,0.5523867293269197,17,early
17497,97,0,0.41299398773578655,0.3662077426110317,17,early
17498,98,0,0.5871564163068113,0.5760879293361967,17,early
17499,99,0,0.7909456448944074,0.38075614754113796,17,early
17500,100,0,0.30428702123067175,0.44065971827686223,17,early
17501,101,0,0.7395871709983848,0.3287287720760401,17,early
17502,102,0,0.8165817594723839,0.44565706844243697,17,early
17503,103,0,0.4990369538280608,0.37932371806899323,17,early
17504,104,0,0.2328634447529987,0.46781292273922004,17,early
17505,105,0,0.5949076714916182,0.40327137951618874,17,early
17506,106,0,0.46030840194045014,0.40800979460150577,17,early
17507,107,0,0.7139600273093135,0.49788829172259463,17,early
17508,108,0,0.16592005186266287,0.6620845192635592,17,early
17509,109,0,0.16668791202362013,0.43809612036219064,17,early
17510,110,0,0.3722107242461521,0.34112567257762416,17,early
17511,111,0,0.7137237630882355,0.37579240356549226,17,early
17512,112,0,0.6112162341595416,0.6832318065658742,17,early
17513,113,0,0.8926266776449898,0.6388602457284556,17,early
17514,114,0,0.8560152639503236,0.39470332226345295,17,early
17515,115,0,0.34314836305912655,0.5084895918544817,17,early
17516,116,0,0.9658930819892192,0.3113068627118801,17,early
17517,117,0,0.524419162395652,0.443404834058186,17,early
17518,118,0,0.5032905023938044,0.41214381994836935,17,early
17519,119,0,0.6662647357448159,0.38218630960184397,17,early
17520,120,0,0.6417740793112565,0.4509312157732126,17,early
17521,121,0,0.5447834400224275,0.4551477368544591,17,early
17522,122,0,0.46581173335520815,0.4059521538592876,17,early
17523,123,0,0.900218225542961,0.3995380021542484,17,early
17524,124,0,0.1892434291807997,0.5147661623556264,17,early
17525,125,0,0.7680470697124211,0.4574286638182487,17,early
17526,126,0,0.6371282572218882,0.2776989739593583,17,early
17527,127,0,0.8462718824529764,0.38006509612570727,17,early
17528,128,0,0.3708887604846948,0.5022105174784792,17,early
17529,129,0,0.41705969009382315,0.4247799715556062,17,early
17530,130,0,0.8802815791945791,0.494957445639501,17,early
17531,131,0,0.6373875941093279,0.42181663296594407,17,early
17532,132,0,0.9319657695062173,0.5124122717069112,17,early
17533,133,0,0.5002286333678976,0.6656599805116366,17,early
17534,134,0,0.25525886223789745,0.47455189135863485,17,early
17535,135,0,0.8420375266809478,0.5544522168476549,17,early
17536,136,0,0.8031203054913585,0.4418487422915226,17,early
17537,137,0,0.8830827943022711,0.5415422080386675,17,early
17538,138,0,0.7393245558460088,0.4353735506735956,17,early
17539,139,0,0.4142713655547463,0.37571901191455004,17,early
17540,140,0,0.6906671318313569,0.2978357193570975,17,early
17541,141,0,0.33722041969774075,0.36965145173628644,17,early
17542,142,0,0.21248293330701068,0.40461254891566595,17,early
17543,143,0,0.555840098533991,0.540498859683866,17,early
17544,144,0,0.8447455219019873,0.3516275088792868,17,early
17545,145,0,0.4928783648884492,0.46371493449575835,17,early
17546,146,0,0.5005211993257095,0.3779744499163674,17,early
17547,147,0,0.5178872426375792,0.3811270237799857,17,early
17548,148,0,0.6411460928913567,0.3752883065406477,17,early
17549,149,0,0.7843581251332118,0.2815217945085611,17,early
17550,150,0,0.4847747949540668,0.3867863948251794,17,early
17551,151,0,0.7264516944397457,0.3094744909561869,17,early
17552,152,0,0.4967978324838083,0.2984588344620279,17,early
17553,153,0,0.19251640696671307,0.3239649205577566,17,early
17554,154,0,0.3891488687454339,0.6742089339432134,17,early
17555,155,0,0.47910141864610534,0.3764761472210596,17,early
17556,156,0,0.9802639045415897,0.26935677691349935,17,early
17557,157,0,0.6396016907480562,0.4130964618443679,17,early
17558,158,0,0.16184288562595872,0.3671343606892915,17,early
17559,159,0,0.5609102077343366,0.3947442615059004,17,early
17560,160,0,0.8683725684635535,0.40574730323566743,17,early
17561,161,0,0.39376679981490975,0.49594042083986656,17,early
17562,162,0,0.6691326521275802,0.31018073890110165,17,early
17563,163,0,0.46213217553616837,0.36479665741138034,17,early
17564,164,0,0.6449995630595238,0.37801424313823284,17,early
17565,165,0,0.5202133789951677,0.4208034639950491,17,early
17566,166,0,0.4998845931407274,0.40578241865992326,17,early
17567,167,0,0.04805100181292221,0.4833405788909828,17,early
17568,168,0,0.627288077614881,0.33882992341200346,17,early
17569,169,0,0.5136955266130374,0.3239602165300546,17,early
17570,170,0,0.4764948919927048,0.33972038302359375,17,early
17571,171,0,0.4039517809813619,0.33254698894990253,17,early
17572,172,0,0.5635064444449949,0.47551117903308393,17,early
17573,173,0,0.64178156035644,0.34831292514878864,17,early
17574,174,0,0.515060735158543,0.4326733234066399,17,early
17575,175,0,0.3371805539998044,0.4607402256524621,17,early
17576,176,0,0.8722964063510101,0.4840779019931035,17,early
17577,177,0,0.8647831001310546,0.2608367659610497,17,early
17578,178,0,0.755373094809583,0.44184020390456047,17,early
17579,179,0,0.07928734620552423,0.5745846948914037,17,early
17580,180,0,0.8167000731073942,0.3060062848303736,17,early
17581,181,0,0.8611357861158482,0.33239527211834663,17,early
17582,182,0,0.6989569987837416,0.4510615787277932,17,early
17583,183,0,0.9887792710630593,0.4150844718029344,17,early
17584,184,0,0.5008478220451724,0.44321190052572923,17,early
17585,185,0,0.47117801804809084,0.5492443731297869,17,early
17586,186,0,0.7450434924337439,0.3037608081874972,17,early
17587,187,0,0.7814680158033129,0.4009745479837431,17,early
17588,188,0,0.3865009877646419,0.4705999173090478,17,early
17589,189,0,0.5204434325780948,0.3299492748695428,17,early
17590,190,0,0.5697364049289133,0.3710655066070677,17,early
17591,191,0,0.815014160793455,0.526029462080066,17,early
17592,192,0,0.5392991389589139,0.3162761654320493,17,early
17593,193,0,0.6481017775539447,0.3707082360193299,17,early
17594,194,0,0.14037886598310897,0.7096804437123413,17,early
17595,195,0,0.973110246798534,0.34835829878130115,17,early
17596,196,0,0.4373321525657832,0.4032199487762471,17,early
17597,197,0,0.519473377977092,0.45240756377092256,17,early
17598,198,0,0.6276349589748134,0.3385240517804469,17,early
17599,199,0,0.4392858875394685,0.29506438784134303,17,early
17600,0,0,0.4988210106830046,0.7554884754235658,17,middle
17601,1,0,0.978071556099679,0.5273875550124035,17,middle
17602,2,0,0.6040777655979548,0.6614567416438992,17,middle
17603,3,0,0.5464039667559476,0.367986364284085,17,middle
17604,4,0,0.19922398220062346,0.6456932382592226,17,middle
17605,5,0,0.4597544926619823,0.5249963230448502,17,middle
17606,6,0,0.7571855301235626,0.4975806229841383,17,middle
17607,7,0,0.4867015463778049,0.561283448877667,17,middle
17608,8,0,0.5419044963314223,0.4820769245087242,17,middle
17609,9,0,0.8304006284483589,0.5358129090593486,17,middle
17610,10,0,0.4378368414072432,0.5497300087930698,17,middle
17611,11,0,0.9559075502306797,0.4237744323423812,17,middle
17612,12,0,0.439800073572079,0.5110520386542144,17,middle
17613,13,0,0.13411230854808637,0.5050160243285541,17,middle
17614,14,0,0.6556394105077208,0.5363913216466631,17,middle
17615,15,0,0.1461904495757697,0.4547960659832166,17,middle
17616,16,0,0.878185235029213,0.6104600493488194,17,middle
17617,17,0,0.3086198083199435,0.4237474292690716,17,middle
17618,18,0,0.4539939261437116,0.30056734301994864,17,middle
17619,19,0,0.7894901456385395,0.4595746549419034,17,middle
17620,20,0,0.3582588610286354,0.4678552512206726,17,middle
17621,21,0,0.7402862086347938,0.39978858326312217,17,middle
17622,22,0,0.5505810357478024,0.3982326244257458,17,middle
17623,23,0,0.6500160172901284,0.44724720106985505,17,middle
17624,24,0,0.3981804202253344,0.42881015312058357,17,middle
17625,25,0,0.8675094821241588,0.5417425999950262,17,middle
17626,26,0,0.1517868175688597,0.35205205953449287,17,middle
17627,27,0,0.7076497819222889,0.591773140185335,17,middle
17628,28,0,0.562835283523875,0.3464097057065658,17,middle
17629,29,0,0.8919943133260344,0.39923407174376135,17,middle
17630,30,0,0.5055508379995916,0.5194986902187232,17,middle
17631,31,0,0.5015294862524704,0.38799430563793413,17,middle
17632,32,0,0.7587666333825176,0.4613037261514252,17,middle
17633,33,0,0.6661414100374152,0.4051118172323587,17,middle
17634,34,0,0.2166169037305095,0.47892324286452315,17,middle
17635,35,0,0.6470713357453506,0.4688302580580427,17,middle
17636,36,0,0.3687422904268017,0.45428664905011873,17,middle
17637,37,0,0.634770718704097,0.45613184387737693,17,middle
17638,38,0,0.5201639163901902,0.45088331462411735,17,middle
17639,39,0,0.3159344358889089,0.3752313885489593,17,middle
17640,40,0,0.5025198641152856,0.3570356703094762,17,middle
17641,41,0,0.6692575433569962,0.4685378900729499,17,middle
17642,42,0,0.42848828868881095,0.3263933891725307,17,middle
17643,43,0,0.3966855587887109,0.3620815978648212,17,middle
17644,44,0,0.29124829842938427,0.39983535946712767,17,middle
17645,45,0,0.6088498061053419,0.4248722604909282,17,middle
17646,46,0,0.3813732898559069,0.4722332747948868,17,middle
17647,47,0,0.47623105596303567,0.2934828528057541,17,middle
17648,48,0,0.5837930483478946,0.3804449390025195,17,middle
17649,49,0,0.6654978376297417,0.4709920897296709,17,middle
17650,50,0,0.8991243469040666,0.4477639501130899,17,middle
17651,51,0,0.5650377494729304,0.3897851222716907,17,middle
17652,52,0,0.42077503352141576,0.5725817077456614,17,middle
17653,53,0,0.30910145536516465,0.3969917323843499,17,middle
17654,54,0,0.7890483299044961,0.42340857624384026,17,middle
17655,55,0,0.8697800347843772,0.490686736165843,17,middle
17656,56,0,0.7894299964148531,0.5883244448630636,17,middle
17657,57,0,0.6526946759680872,0.38604482045487976,17,middle
17658,58,0,0.8707827204095366,0.46686841330564177,17,middle
17659,59,0,0.6530934771868195,0.494724692760206,17,middle
17660,60,0,0.8204677277391543,0.5993125497189551,17,middle
17661,61,0,0.6107428992151291,0.4148807797672124,17,middle
17662,62,0,0.6430491327747235,0.5161924529571496,17,middle
17663,63,0,0.5243608066527967,0.44113928825608173,17,middle
17664,64,0,0.7108207953354899,0.5029114554895731,17,middle
17665,65,0,0.2285645610201807,0.42066840702996366,17,middle
17666,66,0,0.6943404208837473,0.4398593407726177,17,middle
17667,67,0,0.6275494043162685,0.4818155787683792,17,middle
17668,68,0,0.5833145251750647,0.2900092736885601,17,middle
17669,69,0,0.8044380970960284,0.40627162176078846,17,middle
17670,70,0,0.6089590902457762,0.3516408868554781,17,middle
17671,71,0,0.8183412296481205,0.3738769890988508,17,middle
17672,72,0,0.41553298376435566,0.4076676017057018,17,middle
17673,73,0,0.2756387778116279,0.5829588278369263,17,middle
17674,74,0,0.44656050115632945,0.39882873329622753,17,middle
17675,75,0,0.7053480445559697,0.4248581306213886,17,middle
17676,76,0,0.43612067069800886,0.5731108528572268,17,middle
17677,77,0,0.6694452916463446,0.45030411220984756,17,middle
17678,78,0,0.8766732115420264,0.35721186515265196,17,middle
17679,79,0,0.4132519979596699,0.35739024028985367,17,middle
17680,80,0,0.11553375255224045,0.33471756436893396,17,middle
17681,81,0,0.20527623058806474,0.38405119462987225,17,middle
17682,82,0,0.4612379377634103,0.555602905090411,17,middle
17683,83,0,0.5798250800183824,0.39863765037034804,17,middle
17684,84,0,0.6138018927495328,0.355363899833293,17,middle
17685,85,0,0.48566905786532116,0.4482761744599932,17,middle
17686,86,0,0.7958488021802212,0.30753480155373797,17,middle
17687,87,0,0.6824926881912097,0.39135594896153814,17,middle
17688,88,0,0.9012892860757233,0.463240854211664,17,middle
17689,89,0,0.6505939444932407,0.3432816636957726,17,middle
17690,90,0,0.43636676536560626,0.29848159732419594,17,middle
17691,91,0,0.586997761238378,0.4970533267416365,17,middle
17692,92,0,0.42539453037451747,0.3650661089584679,17,middle
17693,93,0,0.563426568122005,0.44474804422708414,17,middle
17694,94,0,0.6659961648431203,0.45049617142517934,17,middle
17695,95,0,0.9481148770722865,0.4049254964271403,17,middle
17696,96,0,0.1639638883198169,0.5047031983661038,17,middle
17697,97,0,0.5701194175489919,0.34166288724769067,17,middle
17698,98,0,0.4287125362307037,0.33045870167760105,17,middle
17699,99,0,0.5436800072306965,0.35860306556253707,17,middle
17700,100,0,0.1413200480606026,0.41884676219613676,17,middle
17701,101,0,0.6423964343318072,0.3438802813986065,17,middle
17702,102,0,0.49762806672292664,0.6135233339454709,17,middle
17703,103,0,0.7538724897138477,0.34983686677457837,17,middle
17704,104,0,0.5237498323639393,0.4309676914141221,17,middle
17705,105,0,0.6090706298012858,0.3348824083179833,17,middle
17706,106,0,0.5912120506691858,0.3842103991411264,17,middle
17707,107,0,0.7274697573513271,0.28860533755525575,17,middle
17708,108,0,0.5904745145874897,0.41836494780662997,17,middle
17709,109,0,0.4441572890319952,0.38153853439325947,17,middle
17710,110,0,0.5904410420354491,0.36837795274495827,17,middle
17711,111,0,0.699671542024068,0.48604336037804635,17,middle
17712,112,0,0.6682964851547846,0.40542227224245464,17,middle
17713,113,0,0.548193223578032,0.39318195640931036,17,middle
17714,114,0,0.6136927000981579,0.3748069630333806,17,middle
17715,115,0,0.6221099967850376,0.26732504193930323,17,middle
17716,116,0,0.7798995344286885,0.707309543801435,17,middle
17717,117,0,0.8360083991627139,0.4956842322519385,17,middle
17718,118,0,0.258285752416651,0.4591501716703411,17,middle
17719,119,0,0.35677591698512634,0.5676700292013842,17,middle
17720,120,0,0.5865637837906386,0.3910443263969623,17,middle
17721,121,0,0.19476940083641248,0.5149515896537357,17,middle
17722,122,0,0.5290907921647352,0.3578278736056684,17,middle
17723,123,0,0.5108833654226441,0.393813501620612,17,middle
17724,124,0,0.4453106093351673,0.44012556855595264,17,middle
17725,125,0,0.4846497446416723,0.3374727263251771,17,middle
17726,126,0,0.12299540742317813,0.36071105172101803,17,middle
17727,127,0,0.3733992413418243,0.2714371278194581,17,middle
17728,128,0,0.4718050169743622,0.32363226831922187,17,middle
17729,129,0,0.5131341890682988,0.36378495547004275,17,middle
17730,130,0,0.2944166620346747,0.3530123905417668,17,middle
17731,131,0,0.48417871497819787,0.30435018713086054,17,middle
17732,132,0,0.624398851184135,0.32196218489885375,17,middle
17733,133,0,0.9157719349125526,0.47664620052131557,17,middle
17734,134,0,0.4588566550322675,0.3685899349032945,17,middle
17735,135,0,0.356593290031906,0.42149650607819555,17,middle
17736,136,0,0.618702919932492,0.4418643222299272,17,middle
17737,137,0,0.23996520877109379,0.775578865156569,17,middle
17738,138,0,0.30593094962032163,0.37096610062604896,17,middle
17739,139,0,0.5946635494714396,0.5588055034919559,17,middle
17740,140,0,0.662155688039938,0.44163696604494623,17,middle
17741,141,0,0.25689829806994713,0.35601478609068304,17,middle
17742,142,0,0.8557694254062698,0.4734602010689405,17,middle
17743,143,0,0.5869597794663608,0.3342502369537198,17,middle
17744,144,0,0.528729717487313,0.5321040998571442,17,middle
17745,145,0,0.627920225373992,0.4540090187446295,17,middle
17746,146,0,0.5153382268143955,0.37763235683777563,17,middle
17747,147,0,0.7078837803582241,0.398787228239616,17,middle
17748,148,0,0.2551946981753421,0.448485996646553,17,middle
17749,149,0,0.9355119281588065,0.39467974325432986,17,middle
17750,150,0,0.8004489160415735,0.3578146569483686,17,middle
17751,151,0,0.6193590338156048,0.32867329709714416,17,middle
17752,152,0,0.26951751341168845,0.368028706800301,17,middle
17753,153,0,0.5601803357297357,0.40364856029469787,17,middle
17754,154,0,0.47754493870123776,0.3711490865563414,17,middle
17755,155,0,0.6353772582030736,0.25910508623255124,17,middle
17756,156,0,0.326597780054695,0.2737273903397476,17,middle
17757,157,0,0.6065715924403642,0.24900921900773781,17,middle
17758,158,0,0.9749441621516115,0.3508946586454109,17,middle
17759,159,0,0.8267897610902473,0.31720580079286825,17,middle
17760,160,0,0.782837909135158,0.4709493076366967,17,middle
17761,161,0,0.6067305584959306,0.4040253818230376,17,middle
17762,162,0,0.3354342975254829,0.4378431439338461,17,middle
17763,163,0,0.9382838022438619,0.3231998167640232,17,middle
17764,164,0,0.7274634915882827,0.39374528862292124,17,middle
17765,165,0,0.2661736438662752,0.39373186240314867,17,middle
17766,166,0,0.7937846472712276,0.40971210226325055,17,middle
17767,167,0,0.1574156350078195,0.4170242545555147,17,middle
17768,168,0,0.6796435875229492,0.2984698203573356,17,middle
17769,169,0,0.7720358019211823,0.240613624976806,17,middle
17770,170,0,0.6228476466487705,0.4449812010320323,17,middle
17771,171,0,0.8368683888786199,0.25985591098383876,17,middle
17772,172,0,0.624242542668248,0.5125108738724352,17,middle
17773,173,0,0.9058748893987658,0.3391433268229539,17,middle
17774,174,0,0.982466910448451,0.32267366891381744,17,middle
17775,175,0,0.7497747596922522,0.37482908059855835,17,middle
17776,176,0,0.5773370763623282,0.3472192656809566,17,middle
17777,177,0,0.7272304506505303,0.26755785841475455,17,middle
17778,178,0,0.7455445757410044,0.3746227641259018,17,middle
17779,179,0,0.8885824515777995,0.2996426638219571,17,middle
17780,180,0,0.7171078722782338,0.42524460079500626,17,middle
17781,181,0,0.47213255252501374,0.3325137023321407,17,middle
17782,182,0,0.1721811735007027,0.22467128004153222,17,middle
17783,183,0,0.4913306559219637,0.4194751794456144,17,middle
17784,184,0,0.5552757094497184,0.4936898123587178,17,middle
17785,185,0,0.8422487284339364,0.3662204780006786,17,middle
17786,186,0,0.11897004194911087,0.40982112540840626,17,middle
17787,187,0,0.852486578478537,0.3337599307791448,17,middle
17788,188,0,0.5866818139936183,0.3585222955256089,17,middle
17789,189,0,0.386326261864488,0.35809241771730327,17,middle
17790,190,0,0.5563284599662692,0.3009062071813361,17,middle
17791,191,0,0.5325527802901567,0.24607482437346495,17,middle
17792,192,0,0.5393653089138728,0.39206484758395554,17,middle
17793,193,0,0.5359045989751303,0.3687734531593716,17,middle
17794,194,0,0.2465034423695589,0.3761989897982566,17,middle
17795,195,0,0.3122077748223182,0.498904341990069,17,middle
17796,196,0,0.3541250372873935,0.30532348992556035,17,middle
17797,197,0,0.32221690938932307,0.30800891372621647,17,middle
17798,198,0,0.6791087337980356,0.46290067838456606,17,middle
17799,199,0,0.6376678019015162,0.3522535688607506,17,middle
17800,0,0,0.5125191816160375,0.6631519419826162,17,late
17801,1,0,0.9270142879566947,0.6154528175496513,17,late
17802,2,0,0.7070600022104675,0.6808902673320902,17,late
17803,3,0,0.07453589557178791,0.5244063137880671,17,late
17804,4,0,0.7345303349858383,0.5430008181469267,17,late
17805,5,0,0.3788710192038347,0.7178629896700771,17,late
17806,6,0,0.5643478098452768,0.5131765035575901,17,late
17807,7,0,0.5834185274467025,0.5532136621902446,17,late
17808,8,0,0.4711217559700538,0.6547409542392602,17,late
17809,9,0,0.7047606935097686,0.5112493382519436,17,late
17810,10,0,0.18980657060547457,0.5143682241561548,17,late
17811,11,0,0.7365563754417197,0.4006894857044143,17,late
17812,12,0,0.5109732206197177,0.5711291702352509,17,late
17813,13,0,0.1302790638224125,0.7052348846427623,17,late
17814,14,0,0.21258064530568746,0.6840209207900583,17,late
17815,15,0,0.7218282584886164,0.410934555681743,17,late
17816,16,0,0.33712307016049015,0.5394142945191878,17,late
17817,17,0,0.6711187232396348,0.45081638369413674,17,late
17818,18,0,0.34182975709248165,0.5569329549966362,17,late
17819,19,0,0.6860320702274525,0.5136011553017041,17,late
17820,20,0,0.5738696191790715,0.4620631868784213,17,late
17821,21,0,0.8592654542984804,0.4010991252774284,17,late
17822,22,0,0.722422751553436,0.39355621676150687,17,late
17823,23,0,0.5192356369237882,0.4360048459986006,17,late
17824,24,0,0.19742754931325734,0.5362443751039463,17,late
17825,25,0,0.13084821132175198,0.6099094531659625,17,late
17826,26,0,0.5778197987229539,0.5372922222409587,17,late
17827,27,0,0.3215492015692169,0.45603811331662714,17,late
17828,28,0,0.3250241244814451,0.4731441526420204,17,late
17829,29,0,0.2753381283476145,0.4524297556328104,17,late
17830,30,0,0.6012448156047285,0.45137701676081776,17,late
17831,31,0,0.4604213012649283,0.4444141217621709,17,late
17832,32,0,0.422806046418776,0.6798110825745589,17,late
17833,33,0,0.7117360584767114,0.3502441422583588,17,late
17834,34,0,0.27322087050733557,0.6022590824451853,17,late
17835,35,0,0.46946078106268424,0.5055441807632853,17,late
17836,36,0,0.5337519513793466,0.4171003820257211,17,late
17837,37,0,0.43171563215416053,0.462443422626276,17,late
17838,38,0,0.2574485393494599,0.45742819515186495,17,late
17839,39,0,0.3107968888455491,0.49074815369287517,17,late
17840,40,0,0.6470831702829125,0.5026507946479208,17,late
17841,41,0,0.6725532654551998,0.4419097551536301,17,late
17842,42,0,0.5117852043786392,0.38058936034746116,17,late
17843,43,0,0.7567419327814187,0.5344680423709082,17,late
17844,44,0,0.5495535341122748,0.5750073850443992,17,late
17845,45,0,0.7540272556928986,0.38541914931863164,17,late
17846,46,0,0.4781168004406516,0.5266541076427096,17,late
17847,47,0,0.8947772328859291,0.3887915668581506,17,late
17848,48,0,0.580451200083625,0.4041255362935205,17,late
17849,49,0,0.21461652802498288,0.572327808674459,17,late
17850,50,0,0.536936549980788,0.4891259968040703,17,late
17851,51,0,0.6991902696557739,0.31718548371585864,17,late
17852,52,0,0.6151936073973976,0.5668719219775585,17,late
17853,53,0,0.656661728647272,0.4176320480022495,17,late
17854,54,0,0.4390871413778151,0.5897206458788007,17,late
17855,55,0,0.8688544971739415,0.3901948294417624,17,late
17856,56,0,0.5362163644707724,0.32901821075725846,17,late
17857,57,0,0.2557800159739462,0.6934922348528161,17,late
17858,58,0,0.3817748662163616,0.32577917376104387,17,late
17859,59,0,0.5075410629618567,0.33555983284266583,17,late
17860,60,0,0.7336268857852568,0.5266213274222228,17,late
17861,61,0,0.5999153159124676,0.44963660113057125,17,late
17862,62,0,0.513089887850993,0.4301595353263209,17,late
17863,63,0,0.24870931287721484,0.5290691448807301,17,late
17864,64,0,0.5768309490813687,0.494094040565955,17,late
17865,65,0,0.49351379959612973,0.5066610905466037,17,late
17866,66,0,0.6345831961402499,0.5784524227727597,17,late
17867,67,0,0.7053743043558576,0.4844642956447909,17,late
17868,68,0,0.4492253161185934,0.6807261308427088,17,late
17869,69,0,0.5273254519672416,0.5230126958996899,17,late
17870,70,0,0.29239773326537305,0.4669021045667226,17,late
17871,71,0,0.4961930292781863,0.44700014690930623,17,late
17872,72,0,0.8662058746148018,0.3804277635240913,17,late
17873,73,0,0.3101666806607283,0.6393268951616496,17,late
17874,74,0,0.085555407563164,0.4053454580083727,17,late
17875,75,0,0.48786639570705426,0.43413651587452357,17,late
17876,76,0,0.530428996618384,0.3777816039735761,17,late
17877,77,0,0.31519852773744905,0.5035912851666042,17,late
17878,78,0,0.6695034802001062,0.44881799293092384,17,late
17879,79,0,0.4878465015455862,0.4309222433282236,17,late
17880,80,0,0.2305625138982397,0.4503092026637412,17,late
17881,81,0,0.4230914204361637,0.3912383501676492,17,late
17882,82,0,0.4662615317758511,0.6206781790360579,17,late
17883,83,0,0.1851455825220938,0.4898420801828853,17,late
17884,84,0,0.05458541806137953,0.41656303313956466,17,late
17885,85,0,0.47795908535959275,0.4610982798460717,17,late
17886,86,0,0.16944902923004504,0.4179346954834666,17,late
17887,87,0,0.88067605199151,0.3655295908427029,17,late
17888,88,0,0.9360795855134167,0.4977936648308927,17,late
17889,89,0,0.8191016926428392,0.3654695947640378,17,late
17890,90,0,0.20150193224716417,0.49988715525279437,17,late
17891,91,0,0.9446149960177345,0.336800128229067,17,late
17892,92,0,0.6887922738003556,0.4427896981805305,17,late
17893,93,0,0.7378430033556027,0.39490279877639184,17,late
17894,94,0,0.5699254117285798,0.417162823442944,17,late
17895,95,0,0.9388605709491801,0.4140115663747641,17,late
17896,96,0,0.5378483330216786,0.4181986426960066,17,late
17897,97,0,0.8734699665106201,0.439844273834469,17,late
17898,98,0,0.8312085409591832,0.32795830129316494,17,late
17899,99,0,0.3411376834825819,0.5132690354990962,17,late
17900,100,0,0.10927188746982962,0.460846291617894,17,late
17901,101,0,0.433261214742541,0.424667966473829,17,late
17902,102,0,0.9641594204790539,0.439474071586009,17,late
17903,103,0,0.4429858150198108,0.34951877935097075,17,late
17904,104,0,0.3239382884237435,0.4275969809714747,17,late
17905,105,0,0.7674174234003528,0.45748407941519853,17,late
17906,106,0,0.5911774604709966,0.41938226762699693,17,late
17907,107,0,0.5683249597652592,0.3993194018852665,17,late
17908,108,0,0.3253861554736801,0.43610796918528805,17,late
17909,109,0,0.5780069058790562,0.4837248506337315,17,late
17910,110,0,0.7889591911160911,0.45244043528846256,17,late
17911,111,0,0.5732960719373781,0.3869965627984153,17,late
17912,112,0,0.9158701046982962,0.3341093084107212,17,late
17913,113,0,0.5234036775298626,0.5113884054265476,17,late
17914,114,0,0.9027557530054459,0.39177226228833784,17,late
17915,115,0,0.6129663497601309,0.44502062025352307,17,late
17916,116,0,0.4350683490110398,0.36927934116420313,17,late
17917,117,0,0.966011520572023,0.34224774933998303,17,late
17918,118,0,0.9367799126649023,0.6349962621374039,17,late
17919,119,0,0.6788065282982396,0.44738882165755206,17,late
17920,120,0,0.5255803578297641,0.4552966064370858,17,late
17921,121,0,0.48231113648068197,0.4474388773089362,17,late
17922,122,0,0.5882609777867098,0.427059908669103,17,late
17923,123,0,0.18236847117967295,0.38708390734185516,17,late
17924,124,0,0.49463973165778574,0.33887445231888513,17,late
17925,125,0,0.2178687332307813,0.41947659801486664,17,late
17926,126,0,0.42640073521331295,0.3654042031283573,17,late
17927,127,0,0.7453269701758651,0.2339319450932294,17,late
17928,128,0,0.759598066239765,0.2182503472500235,17,late
17929,129,0,0.26534656858201533,0.5015994530776717,17,late
17930,130,0,0.724369680883418,0.3204232991310633,17,late
17931,131,0,0.7359088776426519,0.3392397068275611,17,late
17932,132,0,0.9399930682205939,0.3818053182833867,17,late
17933,133,0,0.9469564340128793,0.23215121166362063,17,late
17934,134,0,0.7974978854476947,0.3189652589278222,17,late
17935,135,0,0.028185634357372886,0.44367998431029654,17,late
17936,136,0,0.7882125754993172,0.3183587464978406,17,late
17937,137,0,0.8823186248210668,0.5614235927811547,17,late
17938,138,0,0.8759326713590363,0.3378719337294044,17,late
17939,139,0,0.044659548466402646,0.46840732476820174,17,late
17940,140,0,0.04257308310677181,0.44625994730768426,17,late
17941,141,0,0.8640398948763928,0.3612320275325711,17,late
17942,142,0,0.14105607506524437,0.43150161346309635,17,late
17943,143,0,0.7287290106303937,0.2503880523262263,17,late
17944,144,0,0.7619154987987705,0.27172751739250356,17,late
17945,145,0,0.8070492368497355,0.35573352758392834,17,late
17946,146,0,0.20563610980525637,0.6623139757736762,17,late
17947,147,0,0.53139027779003,0.46515156564387916,17,late
17948,148,0,0.5633814765584548,0.3684993299671091,17,late
17949,149,0,0.677896438523312,0.4426080571439177,17,late
17950,150,0,0.9747125437684907,0.41459491819271876,17,late
17951,151,0,0.9667359383422656,0.2698917378619746,17,late
17952,152,0,0.09360234398464065,0.4435249791424548,17,late
17953,153,0,0.09246845267114087,0.4908356204856005,17,late
17954,154,0,0.8669859607179022,0.25309245925583107,17,late
17955,155,0,0.3429561417867001,0.41594277011246883,17,late
17956,156,0,0.745870032630692,0.47848905770899763,17,late
17957,157,0,0.9334256196221943,0.4590699816224284,17,late
17958,158,0,0.8257934601140325,0.3491154046674272,17,late
17959,159,0,0.9212256339627273,0.4339900780351015,17,late
17960,160,0,0.4503271494347284,0.42977434725882746,17,late
17961,161,0,0.5983428772171399,0.38680690763509273,17,late
17962,162,0,0.595958475507633,0.38030313191656817,17,late
17963,163,0,0.9605107612528296,0.3659144125566085,17,late
17964,164,0,0.9375695238533286,0.3948072029369815,17,late
17965,165,0,0.5600830785444576,0.45227166051264106,17,late
17966,166,0,0.16328584226167422,0.3830290018610527,17,late
17967,167,0,0.28287731536204486,0.35533338643826873,17,late
17968,168,0,0.8021499329234033,0.38846990889995003,17,late
17969,169,0,0.5716853130934314,0.44633044575867964,17,late
17970,170,0,0.4578070836267698,0.4198803472513569,17,late
17971,171,0,0.44445326641621996,0.3607264808619999,17,late
17972,172,0,0.14881922461281613,0.4875714759776658,17,late
17973,173,0,0.7420163676890545,0.3801947917924827,17,late
17974,174,0,0.6506456115838044,0.26871821331042967,17,late
17975,175,0,0.9441547693893582,0.43317837205402476,17,late
17976,176,0,0.6917025720712117,0.48466645317077417,17,late
17977,177,0,0.3248000099366317,0.4178414632141605,17,late
17978,178,0,0.2793940235582884,0.2819837513966137,17,late
17979,179,0,0.474190677156007,0.37838170227506035,17,late
17980,180,0,0.1938393299634416,0.4835015128305833,17,late
17981,181,0,0.7189065695774542,0.5127627098179668,17,late
17982,182,0,0.9547203732309808,0.2729205450619071,17,late
17983,183,0,0.891850031204136,0.2780916484102623,17,late
17984,184,0,0.5541395750539653,0.49867558285386654,17,late
17985,185,0,0.740973019111153,0.3620335723485794,17,late
17986,186,0,0.506769353316953,0.3781087217054384,17,late
17987,187,0,0.736072717158313,0.29265932687902924,17,late
17988,188,0,0.6120688042053002,0.5513318912131996,17,late
17989,189,0,0.7700805060292155,0.5678196950448875,17,late
17990,190,0,0.4500362029438641,0.5169625303746465,17,late
17991,191,0,0.05202260748888783,0.4241258991258956,17,late
17992,192,0,0.8560942210079563,0.3134779666794208,17,late
17993,193,0,0.6862704546007743,0.31271593257912156,17,late
17994,194,0,0.8289928005481906,0.3441255916485001,17,late
17995,195,0,0.4778627977138673,0.5602928024035261,17,late
17996,196,0,0.9103525034276517,0.3869793437154534,17,late
17997,197,0,0.7382704554131444,0.4331657605106236,17,late
17998,198,0,0.16519732244855975,0.3605628076236636,17,late
17999,199,0,0.1876388008845364,0.2895030119214676,17,late
18000,0,0,0.49564997538245303,0.4296699721153243,18,interleaved
18001,1,0,0.6010505774358476,0.5989127839648087,18,interleaved
18002,2,0,0.5720142683512156,0.3736613522133422,18,interleaved
18003,3,0,0.6324005786489022,0.4914631220168515,18,interleaved
18004,4,0,0.8627705932310656,0.32732852018213476,18,interleaved
18005,5,0,0.4313631044527552,0.3973043811836864,18,interleaved
18006,6,0,0.14692595799697944,0.6975423695702283,18,interleaved
18007,7,0,0.5604593319324274,0.4510370379115434,18,interleaved
18008,8,0,0.5393942759470763,0.4759043510776977,18,interleaved
18009,9,0,0.7818498912565348,0.4281602244253203,18,interleaved
18010,10,0,0.48828368998640176,0.6649459986684852,18,interleaved
18011,11,0,0.6435879877292056,0.45215826867432185,18,interleaved
18012,12,0,0.5877121682732368,0.543956792140244,18,interleaved
18013,13,0,0.76693524860749,0.40796841686281804,18,interleaved
18014,14,0,0.5390416386676281,0.36136569584684997,18,interleaved
18015,15,0,0.5933056749523931,0.4784290417684619,18,interleaved
18016,16,0,0.6695347010801244,0.5837153287785225,18,interleaved
18017,17,0,0.5624231621728492,0.5474130790495847,18,interleaved
18018,18,0,0.7966489357042112,0.2542944247653656,18,interleaved
18019,19,0,0.6150433603828982,0.4293775078395554,18,interleaved
18020,20,0,0.845406992251633,0.4336643538681577,18,interleaved
18021,21,0,0.5961358579127325,0.3625033558090718,18,interleaved
18022,22,0,0.09517392565220822,0.42855186969425413,18,interleaved
18023,23,0,0.622122216319462,0.3153246592672084,18,interleaved
18024,24,0,0.7834433730741439,0.310004058795312,18,interleaved
18025,25,0,0.5449568127722144,0.3204758105594401,18,interleaved
18026,26,0,0.9333689004921492,0.3492450155780408,18,interleaved
18027,27,0,0.5208662587117926,0.4946077628992362,18,interleaved
18028,28,0,0.05839376898770124,0.6013286902463437,18,interleaved
18029,29,0,0.8426833750892833,0.6688473724547932,18,interleaved
18030,30,0,0.26225362694603027,0.35557111245369766,18,interleaved
18031,31,0,0.42012776338872565,0.41150122278985785,18,interleaved
18032,32,0,0.09838573974693524,0.5518894884367012,18,interleaved
18033,33,0,0.4780093826379598,0.5162400772516795,18,interleaved
18034,34,0,0.8365247525113305,0.541905253184843,18,interleaved
18035,35,0,0.5855061686450894,0.32102261834103396,18,interleaved
18036,36,0,0.704626504620379,0.3199667692969884,18,interleaved
18037,37,0,0.6370853795036369,0.3546769419081709,18,interleaved
18038,38,0,0.5977137468664733,0.5283423627504387,18,interleaved
18039,39,0,0.3537204450886631,0.36536270145656313,18,interleaved
18040,40,0,0.3463211451820895,0.5199751600163545,18,interleaved
18041,41,0,0.16302687336188737,0.42373435495205714,18,interleaved
18042,42,0,0.33048968920000843,0.44220414911762357,18,interleaved
18043,43,0,0.48097077438358116,0.35460255994795975,18,interleaved
18044,44,0,0.5234623614892843,0.4143912654158369,18,interleaved
18045,45,0,0.6043773256577776,0.3477517683058462,18,interleaved
18046,46,0,0.37576593302246536,0.41011550297822574,18,interleaved
18047,47,0,0.3421993951612846,0.4330597752173565,18,interleaved
18048,48,0,0.3603033249059086,0.41174734249539324,18,interleaved
18049,49,0,0.4103556004930277,0.42069204712219943,18,interleaved
18050,50,0,0.5690525914912612,0.30558248107112534,18,interleaved
18051,51,0,0.2708194579834717,0.36725656108487253,18,interleaved
18052,52,0,0.4614028238942455,0.2744768884126967,18,interleaved
18053,53,0,0.2917841993198778,0.27746968734306354,18,interleaved
18054,54,0,0.24670147755312027,0.4398961361743602,18,interleaved
18055,55,0,0.15641858656030488,0.6244467310371326,18,interleaved
18056,56,0,0.595677513261103,0.4283770933301783,18,interleaved
18057,57,0,0.7029002000545312,0.4233772728731853,18,interleaved
18058,58,0,0.5574636188113331,0.41362870671561325,18,interleaved
18059,59,0,0.726501054933971,0.424546781091034,18,interleaved
18060,60,0,0.40749753738707367,0.452162010081237,18,interleaved
18061,61,0,0.06893258021704758,0.7519100484115474,18,interleaved
18062,62,0,0.751024883762839,0.4816124654131138,18,interleaved
18063,63,0,0.3370875506900091,0.4039183872763633,18,interleaved
18064,64,0,0.6873068422199311,0.28963031692340935,18,interleaved
18065,65,0,0.8400811820760816,0.36600909177987484,18,interleaved
18066,66,0,0.36130291802647096,0.4736766266965321,18,interleaved
18067,67,0,0.1567578695003073,0.4605321493238006,18,interleaved
18068,68,0,0.5758914385827085,0.5889678544510573,18,interleaved
18069,69,0,0.6684798336360088,0.35880958266561447,18,interleaved
18070,70,0,0.11557926682075098,0.4623214729325895,18,interleaved
18071,71,0,0.15948864000775362,0.336085250970948,18,interleaved
18072,72,0,0.49977028603096463,0.3618983656181188,18,interleaved
18073,73,0,0.18334808968708854,0.3817557069784788,18,interleaved
18074,74,0,0.3953210337115015,0.35839241347374823,18,interleaved
18075,75,0,0.09970689378638585,0.5671849016253363,18,interleaved
18076,76,0,0.6647630436467731,0.3654220958189925,18,interleaved
18077,77,0,0.5655840576978635,0.3501085168543164,18,interleaved
18078,78,0,0.11951065884096791,0.36621525474731675,18,interleaved
18079,79,0,0.2637191364173404,0.46907564020928777,18,interleaved
18080,80,0,0.5766867870224698,0.40581856723533594,18,interleaved
18081,81,0,0.4170169605211645,0.384862249071072,18,interleaved
18082,82,0,0.696496792325406,0.26500417302511314,18,interleaved
18083,83,0,0.1866248590698733,0.37637295208003574,18,interleaved
18084,84,0,0.3538213715179055,0.5146386417149414,18,interleaved
18085,85,0,0.6593030256556898,0.4412439871642557,18,interleaved
18086,86,0,0.05941435514015134,0.4606397629024195,18,interleaved
18087,87,0,0.4431706310124012,0.43882905280775986,18,interleaved
18088,88,0,0.2795635243950514,0.357171128670458,18,interleaved
18089,89,0,0.47156215187304157,0.3034373481835774,18,interleaved
18090,90,0,0.46290724538905736,0.48943807049565535,18,interleaved
18091,91,0,0.7920670243326688,0.3860890090028004,18,interleaved
18092,92,0,0.40455328370955157,0.4082993583361866,18,interleaved
18093,93,0,0.3335185850004434,0.45129873736822823,18,interleaved
18094,94,0,0.2828246746142405,0.43733159883106354,18,interleaved
18095,95,0,0.5631107992199854,0.37421135274055045,18,interleaved
18096,96,0,0.4493205196749968,0.37363649546626093,18,interleaved
18097,97,0,0.3309754832596876,0.39937632925808175,18,interleaved
18098,98,0,0.4952945312608388,0.3740077563365787,18,interleaved
18099,99,0,0.4842984389050631,0.3873136939620745,18,interleaved
18100,100,0,0.4629969111735183,0.3008202682409148,18,interleaved
18101,101,0,0.5630486227940493,0.36024136566238923,18,interleaved
18102,102,0,0.310476538380001,0.4097184042581514,18,interleaved
18103,103,0,0.5416287290919469,0.4188884349241253,18,interleaved
18104,104,0,0.6138651079354205,0.3664956062330652,18,interleaved
18105,105,0,0.6561155003679539,0.3396675581002061,18,interleaved
18106,106,0,0.43698266288457255,0.47623445457372937,18,interleaved
18107,107,0,0.21575943380443774,0.3937570916762225,18,interleaved
18108,108,0,0.42271280611666057,0.4200185188994737,18,interleaved
18109,109,0,0.753404403517718,0.2799832001236147,18,interleaved
18110,110,0,0.6646253220188356,0.24791164394339316,18,interleaved
18111,111,0,0.546321086377326,0.2809630398464451,18,interleaved
18112,112,0,0.6364018399342104,0.30782408067026157,18,interleaved
18113,113,0,0.3068891266825664,0.3245498670201934,18,interleaved
18114,114,0,0.34974712953569553,0.3392977443457712,18,interleaved
18115,115,0,0.5112783758228022,0.3478996378830006,18,interleaved
18116,116,0,0.557966660678413,0.3438277638136551,18,interleaved
18117,117,0,0.714714961990006,0.2893943843695989,18,interleaved
18118,118,0,0.4160140817863433,0.3635754850676103,18,interleaved
18119,119,0,0.3264987607752031,0.2467231327486605,18,interleaved
18120,120,0,0.6484750976459395,0.2613125324348588,18,interleaved
18121,121,0,0.44870380045011116,0.31259884470251403,18,interleaved
18122,122,0,0.4763534614027942,0.295251319355324,18,interleaved
18123,123,0,0.6763151684550204,0.35994908749393867,18,interleaved
18124,124,0,0.5206760537287809,0.34825566027288213,18,interleaved
18125,125,0,0.6817592940713683,0.23864935031636297,18,interleaved
18126,126,0,0.5604755152783876,0.39270003725680824,18,interleaved
18127,127,0,0.5891889706569627,0.3284133579505237,18,interleaved
18128,128,0,0.7298529571283926,0.37641242198787217,18,interleaved
18129,129,0,0.2889361405254404,0.37669545476523336,18,interleaved
18130,130,0,0.836763727609462,0.3772064324833295,18,interleaved
18131,131,0,0.6729103826658328,0.29848112842707175,18,interleaved
18132,132,0,0.42119287370966585,0.3363354599078672,18,interleaved
18133,133,0,0.7604727809371983,0.43005673897639096,18,interleaved
18134,134,0,0.29082506306119327,0.26675471714167276,18,interleaved
18135,135,0,0.38711939042497173,0.31985795019031626,18,interleaved
18136,136,0,0.8235904860589425,0.2586502212216847,18,interleaved
18137,137,0,0.27752854751988365,0.3412544705313296,18,interleaved
18138,138,0,0.33623275853215173,0.37829830586937563,18,interleaved
18139,139,0,0.6984160549109779,0.3386977033675128,18,interleaved
18140,140,0,0.2682257495960374,0.2435553235478858,18,interleaved
18141,141,0,0.5667955871830965,0.3131769761956906,18,interleaved
18142,142,0,0.8746285403019183,0.22676459550950478,18,interleaved
18143,143,0,0.16599285089393095,0.34933738210108967,18,interleaved
18144,144,0,0.7905502122092407,0.2861760274958898,18,interleaved
18145,145,0,0.5708180750561638,0.3944603143043831,18,interleaved
18146,146,0,0.47639276830051186,0.33012620677341836,18,interleaved
18147,147,0,0.3930483198312098,0.5052464184092809,18,interleaved
18148,148,0,0.5321262400078909,0.28816491561855867,18,interleaved
18149,149,0,0.6960520464043984,0.1861564613663278,18,interleaved
18150,150,0,0.5887965724346081,0.31757752634199377,18,interleaved
18151,151,0,0.5783435224581055,0.3500873353530552,18,interleaved
18152,152,0,0.09929422030755058,0.4134206565293017,18,interleaved
18153,153,0,0.6808480541176098,0.3091976555114393,18,interleaved
18154,154,0,0.4869325843927441,0.34665107581162036,18,interleaved
18155,155,0,0.6784841907583015,0.2544001437466943,18,interleaved
18156,156,0,0.4374737529671176,0.32913438095508385,18,interleaved
18157,157,0,0.32414361826117044,0.6192584278111042,18,interleaved
18158,158,0,0.22614589654178102,0.39191677944457726,18,interleaved
18159,159,0,0.4222201264524029,0.33148960451569376,18,interleaved
18160,160,0,0.6354786507287172,0.39611055779431714,18,interleaved
18161,161,0,0.4602032586034842,0.24423494732646395,18,interleaved
18162,162,0,0.5015246305071375,0.44538562688445993,18,interleaved
18163,163,0,0.8145409957636809,0.30773219441509575,18,interleaved
18164,164,0,0.6145320304607429,0.3349717950466069,18,interleaved
18165,165,0,0.8737407395923306,0.24937145521200976,18,interleaved
18166,166,0,0.5102308207320321,0.20149083016730612,18,interleaved
18167,167,0,0.8391496958893961,0.33352794384045875,18,interleaved
18168,168,0,0.5223217577336134,0.32058543153838215,18,interleaved
18169,169,0,0.624054203698842,0.3957667491864862,18,interleaved
18170,170,0,0.8616760300205681,0.2506987664580118,18,interleaved
18171,171,0,0.14415061981735522,0.33826425349701134,18,interleaved
18172,172,0,0.5002615680987439,0.3573982459862043,18,interleaved
18173,173,0,0.6356581084421635,0.38913273829241735,18,interleaved
18174,174,0,0.5052846720760711,0.2885422633109327,18,interleaved
18175,175,0,0.9233212640021131,0.1718126925659826,18,interleaved
18176,176,0,0.5337273120205076,0.26188016733184233,18,interleaved
18177,177,0,0.49855896595153953,0.31537088006439906,18,interleaved
18178,178,0,0.20102189489163916,0.2994012064642224,18,interleaved
18179,179,0,0.6042687780779669,0.30850262107204357,18,interleaved
18180,180,0,0.824345044537381,0.3689529520274705,18,interleaved
18181,181,0,0.47464550480328177,0.28221480147433975,18,interleaved
18182,182,0,0.4161278403792215,0.25543132248116784,18,interleaved
18183,183,0,0.5159374673590966,0.3609865505597163,18,interleaved
18184,184,0,0.8391642497445311,0.33015994812493793,18,interleaved
18185,185,0,0.5177549243131464,0.36138429262168736,18,interleaved
18186,186,0,0.2547942736593629,0.3491391276475058,18,interleaved
18187,187,0,0.7555230914278414,0.4175416402769565,18,interleaved
18188,188,0,0.5989435095278793,0.29009290872305504,18,interleaved
18189,189,0,0.4111526391918189,0.34566366477905436,18,interleaved
18190,190,0,0.7367506060509312,0.3596700527421463,18,interleaved
18191,191,0,0.45342038130811946,0.37965422709844127,18,interleaved
18192,192,0,0.6811614940877297,0.29137582170262954,18,interleaved
18193,193,0,0.4781791625550095,0.46046198612791944,18,interleaved
18194,194,0,0.39523031446897994,0.3160648923088252,18,interleaved
18195,195,0,0.6861220305257882,0.29611194494146864,18,interleaved
18196,196,0,0.36679618712421935,0.2894997719931811,18,interleaved
18197,197,0,0.7166083329602027,0.41008112118838846,18,interleaved
18198,198,0,0.4929360063157477,0.23369784273795624,18,interleaved
18199,199,0,0.4241151610935219,0.33006994657624417,18,interleaved
18200,0,0,0.10182383390799764,0.6640941179617557,18,blocked
18201,1,0,0.9069458475411043,0.5879921625498549,18,blocked
18202,2,0,0.7963467626698086,0.5532905113313493,18,blocked
18203,3,0,0.2819953005776324,0.4170271797130759,18,blocked
18204,4,0,0.6287492154603425,0.4174104578721627,18,blocked
18205,5,0,0.8262415310602406,0.650403034044873,18,blocked
18206,6,0,0.769017658305044,0.39215031184394444,18,blocked
18207,7,0,0.651374518259816,0.44583522565656325,18,blocked
18208,8,0,0.23273404300840317,0.43155415091205973,18,blocked
18209,9,0,0.4885674061734703,0.47116149192741275,18,blocked
18210,10,0,0.7963043607885727,0.38052532126766003,18,blocked
18211,11,0,0.07854225224001882,0.5036059772810324,18,blocked
18212,12,0,0.9585106668748253,0.6103408997983549,18,blocked
18213,13,0,0.42724843440856347,0.5136004291756647,18,blocked
18214,14,0,0.24869911337925427,0.45915542240407237,18,blocked
18215,15,0,0.7915116642352118,0.4359042572960664,18,blocked
18216,16,0,0.2493769235453016,0.49036846578538573,18,blocked
18217,17,0,0.5807518441958226,0.5194056422421159,18,blocked
18218,18,0,0.004266284482657709,0.8734519575244664,18,blocked
18219,19,0,0.8716852363606173,0.3897857953170073,18,blocked
18220,20,0,0.8323526319067858,0.426763919664476,18,blocked
18221,21,0,0.6557825584123891,0.5731553421304364,18,blocked
18222,22,0,0.34642622941724344,0.5819847844137211,18,blocked
18223,23,0,0.31098909900333155,0.4139692920162622,18,blocked
18224,24,0,0.520508952739019,0.45660764590206215,18,blocked
18225,25,0,0.3155058815189353,0.590160215301682,18,blocked
18226,26,0,0.24288302135682505,0.5860949408123093,18,blocked
18227,27,0,0.5092027182178631,0.3492436268268969,18,blocked
18228,28,0,0.6900990631119892,0.3913871394316727,18,blocked
18229,29,0,0.9781526167414909,0.3434893324337154,18,blocked
18230,30,0,0.9847293310708676,0.40595125099656404,18,blocked
18231,31,0,0.3178157691822454,0.5608057023696349,18,blocked
18232,32,0,0.2689852180052891,0.40416141865073846,18,blocked
18233,33,0,0.1505223372367923,0.4971778986621681,18,blocked
18234,34,0,0.471983175284835,0.586223451089861,18,blocked
18235,35,0,0.9981906664015736,0.4840750237216333,18,blocked
18236,36,0,0.7359382179924233,0.33416597081039806,18,blocked
18237,37,0,0.5650791505223349,0.4635091475901669,18,blocked
18238,38,0,0.3866911274359755,0.35501044183637354,18,blocked
18239,39,0,0.4612116767383705,0.42733925811017687,18,blocked
18240,40,0,0.2052728438022524,0.41630655882846906,18,blocked
18241,41,0,0.14224840711111353,0.6161786195497345,18,blocked
18242,42,0,0.6585803832398764,0.45975824662415743,18,blocked
18243,43,0,0.7864779281214694,0.5168149640587785,18,blocked
18244,44,0,0.11851767404168403,0.5946724428072405,18,blocked
18245,45,0,0.534124950522264,0.4081124483095898,18,blocked
18246,46,0,0.4924842589381341,0.46110331944960314,18,blocked
18247,47,0,0.7358932793790005,0.5355946341628403,18,blocked
18248,48,0,0.4965221945069573,0.53900723035756,18,blocked
18249,49,0,0.9258560577475943,0.44341640403003824,18,blocked
18250,50,0,0.7846568854074412,0.36843302289388696,18,blocked
18251,51,0,0.8196897300592004,0.3548339127678636,18,blocked
18252,52,0,0.8923382138924698,0.47305960399575864,18,blocked
18253,53,0,0.1114682127820382,0.4612833289035029,18,blocked
18254,54,0,0.7277591743056939,0.4419784054197964,18,blocked
18255,55,0,0.09614936108957478,0.4008000176133647,18,blocked
18256,56,0,0.8366954364831309,0.31336946182429354,18,blocked
18257,57,0,0.4611565055124667,0.4703472565839323,18,blocked
18258,58,0,0.300125385409934,0.5049284874078747,18,blocked
18259,59,0,0.7588883122941188,0.3352758566215358,18,blocked
18260,60,0,0.652075825011714,0.449710416001063,18,blocked
18261,61,0,0.3227319405197405,0.47348849287149175,18,blocked
18262,62,0,0.24874361468542378,0.3600716754842585,18,blocked
18263,63,0,0.14343665719573628,0.5350985360607887,18,blocked
18264,64,0,0.6381688583756158,0.4110621146457888,18,blocked
18265,65,0,0.47976539358559606,0.46847081341706265,18,blocked
18266,66,0,0.5053392675961292,0.40958802661485016,18,blocked
18267,67,0,0.535230413721675,0.4938675545551736,18,blocked
18268,68,0,0.5074614913313833,0.48622930401350906,18,blocked
18269,69,0,0.5638811199492089,0.3792974823422639,18,blocked
18270,70,0,0.5224733134388495,0.38178648625846145,18,blocked
18271,71,0,0.479523728212528,0.3718443837940507,18,blocked
18272,72,0,0.5252781258944212,0.5812163093755907,18,blocked
18273,73,0,0.5209310645619605,0.4123411738137511,18,blocked
18274,74,0,0.4680836393074702,0.4396782701910204,18,blocked
18275,75,0,0.32071891486219756,0.35526973363004327,18,blocked
18276,76,0,0.5092868425528947,0.3178869235213658,18,blocked
18277,77,0,0.44981512502885335,0.3656076180140674,18,blocked
18278,78,0,0.4462154813131038,0.4073221783531239,18,blocked
18279,79,0,0.8037256705048843,0.358796911337633,18,blocked
18280,80,0,0.4913678828305215,0.3358715339055992,18,blocked
18281,81,0,0.5524627706207704,0.41540226813685843,18,blocked
18282,82,0,0.9284495127285906,0.375178965818024,18,blocked
18283,83,0,0.43718367427822225,0.4098682850495444,18,blocked
18284,84,0,0.910836289373466,0.28180632927447163,18,blocked
18285,85,0,0.8905015172573435,0.3186336339633418,18,blocked
18286,86,0,0.9525174527577287,0.29635338494860575,18,blocked
18287,87,0,0.022530060246360152,0.45376881752984577,18,blocked
18288,88,0,0.27815283063288804,0.41419283721408756,18,blocked
18289,89,0,0.8821783670850406,0.3862844152606868,18,blocked
18290,90,0,0.7357334875680372,0.5208156593103118,18,blocked
18291,91,0,0.9713155850486548,0.4071070641632901,18,blocked
18292,92,0,0.2782675689185937,0.4030714808673107,18,blocked
18293,93,0,0.7485152163869903,0.2701769509464216,18,blocked
18294,94,0,0.9432224669420597,0.36695761354847123,18,blocked
18295,95,0,0.012271832452065983,0.4472105119239466,18,blocked
18296,96,0,0.37315406718180794,0.4120122875119224,18,blocked
18297,97,0,0.5839851169785655,0.40366134318851166,18,blocked
18298,98,0,0.3187419325156482,0.4648037803285372,18,blocked
18299,99,0,0.6687136610469763,0.35410485177492945,18,blocked
18300,100,0,0.6355819722505661,0.28005088235544134,18,blocked
18301,101,0,0.8226809122166066,0.35057516159097923,18,blocked
18302,102,0,0.9709851626195765,0.34603082830086807,18,blocked
18303,103,0,0.9407457977668433,0.4493843502269063,18,blocked
18304,104,0,0.6483197778620593,0.3357909718639501,18,blocked
18305,105,0,0.5278242474445686,0.4230135892529985,18,blocked
18306,106,0,0.09939641291129336,0.6482937477096808,18,blocked
18307,107,0,0.4826695490497197,0.4414093184953587,18,blocked
18308,108,0,0.6618927982483558,0.24767536144650784,18,blocked
18309,109,0,0.8743472576264528,0.4601950783534675,18,blocked
18310,110,0,0.5203364455754943,0.4403036976828395,18,blocked
18311,111,0,0.9564743286963846,0.3443525568101844,18,blocked
18312,112,0,0.8500645652459693,0.35548252909105504,18,blocked
18313,113,0,0.8158054641979399,0.3575853505620451,18,blocked
18314,114,0,0.7789340968566484,0.3306918683677076,18,blocked
18315,115,0,0.04225529756115531,0.3504024132840414,18,blocked
18316,116,0,0.9678351408551679,0.3622117785760046,18,blocked
18317,117,0,0.9188358981914818,0.22675923915389068,18,blocked
18318,118,0,0.8797969824729786,0.3215172410514745,18,blocked
18319,119,0,0.9784894236695891,0.29740080585368023,18,blocked
18320,120,0,0.49471637482796593,0.512108329439277,18,blocked
18321,121,0,0.22307302724195338,0.4633717003648189,18,blocked
18322,122,0,0.48189566694765495,0.5400559389545642,18,blocked
18323,123,0,0.3341088501853433,0.38984742541054573,18,blocked
18324,124,0,0.44208215637823206,0.40003414903681234,18,blocked
18325,125,0,0.6211173706317171,0.3648102994201501,18,blocked
18326,126,0,0.7960754274809243,0.4500104945900222,18,blocked
18327,127,0,0.657375104887794,0.3333643564868847,18,blocked
18328,128,0,0.48586378853538204,0.42653571782761956,18,blocked
18329,129,0,0.4871543149652183,0.6534418792193859,18,blocked
18330,130,0,0.5030788821952693,0.5026937284371307,18,blocked
18331,131,0,0.6640140457879228,0.42775444251254513,18,blocked
18332,132,0,0.47659617271793875,0.4551816971854513,18,blocked
18333,133,0,0.7376656255858645,0.42250788566214287,18,blocked
18334,134,0,0.24366175212139085,0.45684123984637287,18,blocked
18335,135,0,0.566455218162775,0.2853222677191358,18,blocked
18336,136,0,0.7306749998353677,0.37310553266318947,18,blocked
18337,137,0,0.30493960322573127,0.3036074258372835,18,blocked
18338,138,0,0.7434343281710993,0.2965162554094737,18,blocked
18339,139,0,0.6700589643877111,0.2856371738223123,18,blocked
18340,140,0,0.8820108770222135,0.33075582601321873,18,blocked
18341,141,0,0.7503244183384821,0.4001188161642305,18,blocked
18342,142,0,0.3275183711876848,0.3629453655997339,18,blocked
18343,143,0,0.6959098764743645,0.25837304961043894,18,blocked
18344,144,0,0.6735858703399682,0.44899482389971734,18,blocked
18345,145,0,0.8037200068668817,0.4458047757139696,18,blocked
18346,146,0,0.6449798331394274,0.34782624704844756,18,blocked
18347,147,0,0.6606448334013204,0.4903950303350718,18,blocked
18348,148,0,0.833206742598279,0.428253097432029,18,blocked
18349,149,0,0.32965568121190375,0.3602940394677561,18,blocked
18350,150,0,0.687462385566594,0.27994216346243717,18,blocked
18351,151,0,0.45124523196103405,0.330759806610544,18,blocked
18352,152,0,0.5357270281957489,0.33706067999900685,18,blocked
18353,153,0,0.6958659351351433,0.23943587483035184,18,blocked
18354,154,0,0.45254978301591403,0.3698341011580495,18,blocked
18355,155,0,0.6025646244994545,0.43179162025398843,18,blocked
18356,156,0,0.8293807834047278,0.24627538139912802,18,blocked
18357,157,0,0.7404637860935434,0.3261004843566225,18,blocked
18358,158,0,0.30902157897020494,0.36406265728498344,18,blocked
18359,159,0,0.761115539557017,0.2659732151636909,18,blocked
18360,160,0,0.8146281944673623,0.28455862552685596,18,blocked
18361,161,0,0.7575013403479303,0.40838445977661414,18,blocked
18362,162,0,0.879727796025926,0.36102363100683876,18,blocked
18363,163,0,0.45404526492247615,0.45816533586386615,18,blocked
18364,164,0,0.4106696664737694,0.48706997895714266,18,blocked
18365,165,0,0.128351926453749,0.5235568692700249,18,blocked
18366,166,0,0.35594865571264084,0.35016837764394326,18,blocked
18367,167,0,0.8988159057837493,0.28336409584131944,18,blocked
18368,168,0,0.1656541429999588,0.4230228034122409,18,blocked
18369,169,0,0.40172943392906835,0.3751443489953753,18,blocked
18370,170,0,0.531124908736591,0.32418789541490406,18,blocked
18371,171,0,0.29177591636203093,0.3576441190688233,18,blocked
18372,172,0,0.21451628672449272,0.501315095063916,18,blocked
18373,173,0,0.5552460780511743,0.34337311783895397,18,blocked
18374,174,0,0.6318678810937653,0.37092208367169477,18,blocked
18375,175,0,0.8015660144076178,0.3943237518160695,18,blocked
18376,176,0,0.30856250301134447,0.3173414700754563,18,blocked
18377,177,0,0.5729952176248179,0.42062128848079944,18,blocked
18378,178,0,0.7257003463479526,0.3269412819636396,18,blocked
18379,179,0,0.2932745649464164,0.3551714959231749,18,blocked
18380,180,0,0.619349342371244,0.43760875342338834,18,blocked
18381,181,0,0.5455463772474751,0.27717586836252683,18,blocked
18382,182,0,0.6470106989052055,0.3634127273339199,18,blocked
18383,183,0,0.46157414162403665,0.3261130750844606,18,blocked
18384,184,0,0.8676639517403533,0.4155235605577715,18,blocked
18385,185,0,0.09497063301337526,0.3617408290746554,18,blocked
18386,186,0,0.45929294917201074,0.590585760364909,18,blocked
18387,187,0,0.7055879258782758,0.3238494516170357,18,blocked
18388,188,0,0.058442866396341504,0.3707563796170214,18,blocked
18389,189,0,0.491651953477795,0.3660729935708033,18,blocked
18390,190,0,0.2988656195991458,0.3176520717276648,18,blocked
18391,191,0,0.29815502356886947,0.41925864982647476,18,blocked
18392,192,0,0.8350524712326146,0.24860881456518752,18,blocked
18393,193,0,0.43481146814554494,0.3408091456463827,18,blocked
18394,194,0,0.7137876588429188,0.19813531417114152,18,blocked
18395,195,0,0.5654467294473475,0.4039659735664577,18,blocked
18396,196,0,0.4993453580236879,0.5266607634726987,18,blocked
18397,197,0,0.7668626078239982,0.5371103666887119,18,blocked
18398,198,0,0.5251000368067127,0.3795590351107933,18,blocked
18399,199,0,0.5939988779517411,0.33699224388319887,18,blocked
18400,0,0,0.03304743828315455,0.8362762200988754,18,early
18401,1,0,0.9115487466230023,0.6040754638501546,18,early
18402,2,0,0.5118049890803653,0.48054202713396543,18,early
18403,3,0,0.40614439163569105,0.6698083342110618,18,early
18404,4,0,0.29769213452346965,0.45937085932357624,18,early
18405,5,0,0.5498903307916038,0.7089689226882127,18,early
18406,6,0,0.9081159108168742,0.44686859877258134,18,early
18407,7,0,0.14250867595763586,0.7118665641820557,18,early
18408,8,0,0.8411929982930122,0.5402257906285596,18,early
18409,9,0,0.04934079089217491,0.4399126919393759,18,early
18410,10,0,0.08344706124140713,0.5377866596646874,18,early
18411,11,0,0.678196545377447,0.38197106171378814,18,early
18412,12,0,0.8655751969521925,0.5211786077409996,18,early
18413,13,0,0.10421835258091092,0.6587924046182789,18,early
18414,14,0,0.2007028059120816,0.5256379704972596,18,early
18415,15,0,0.27866851193952025,0.6276519156759621,18,early
18416,16,0,0.4147158445749239,0.5439189016174701,18,early
18417,17,0,0.35184469830076737,0.4038862539271967,18,early
18418,18,0,0.5626928800957063,0.44269901958488966,18,early
18419,19,0,0.7662037425236325,0.7418719722454202,18,early
18420,20,0,0.0020259405321154645,0.6006146331817325,18,early
18421,21,0,0.19764203507960504,0.4861712484900488,18,early
18422,22,0,0.8898043926920383,0.40226925067843794,18,early
18423,23,0,0.14305791457904077,0.4216592415053383,18,early
18424,24,0,0.5900764547926314,0.6160351566877216,18,early
18425,25,0,0.8211701080521617,0.5573260416645833,18,early
18426,26,0,0.9739085728755497,0.4672123504354492,18,early
18427,27,0,0.19728057298512947,0.7625517682530041,18,early
18428,28,0,0.8020128136778579,0.38028296915123716,18,early
18429,29,0,0.6531356470804383,0.3956689324629585,18,early
18430,30,0,0.3955042900210278,0.4479199340368403,18,early
18431,31,0,0.5702611189597961,0.3815605271329823,18,early
18432,32,0,0.927713816996945,0.4882080186396052,18,early
18433,33,0,0.06639735213623392,0.5648131027398012,18,early
18434,34,0,0.4666677825717751,0.5478139500311245,18,early
18435,35,0,0.6356063725095704,0.43976439605671536,18,early
18436,36,0,0.4174167329457502,0.4421745194240032,18,early
18437,37,0,0.48209416861930104,0.4751351596358261,18,early
18438,38,0,0.7674723726407786,0.42261560491981875,18,early
18439,39,0,0.25418528915693517,0.3931714182075241,18,early
18440,40,0,0.340820068448226,0.42615068571884795,18,early
18441,41,0,0.5894777053539184,0.4232741499462893,18,early
18442,42,0,0.4778943759008781,0.36125398316707363,18,early
18443,43,0,0.41571490943176076,0.5474578947644715,18,early
18444,44,0,0.4967258947457015,0.4420520059021311,18,early
18445,45,0,0.49777286022194706,0.6317032255840944,18,early
18446,46,0,0.5758214480714023,0.5237045901920152,18,early
18447,47,0,0.6042435088353247,0.3698399884248865,18,early
18448,48,0,0.6648641911967752,0.3986184233716805,18,early
18449,49,0,0.10507733685856527,0.6660752157449435,18,early
18450,50,0,0.6740277033010206,0.3900213705209593,18,early
18451,51,0,0.29344980269514953,0.48293487253812406,18,early
18452,52,0,0.7670765509138162,0.3885261954626845,18,early
18453,53,0,0.4847685868104642,0.5427902973922568,18,early
18454,54,0,0.28339505099764506,0.6012843543363716,18,early
18455,55,0,0.6339792315147565,0.5001692067672031,18,early
18456,56,0,0.4074257808435465,0.46388338459281675,18,early
18457,57,0,0.39506927783838797,0.550179482245714,18,early
18458,58,0,0.46886134089841974,0.5737410554944057,18,early
18459,59,0,0.3974988106557865,0.44307314841781914,18,early
18460,60,0,0.39785833808576526,0.46763451095807657,18,early
18461,61,0,0.35256424738061864,0.42451875367632264,18,early
18462,62,0,0.4876520905492466,0.4030955380963171,18,early
18463,63,0,0.6573601622768127,0.5137590584504103,18,early
18464,64,0,0.26660137899654734,0.505461401361832,18,early
18465,65,0,0.3512878341219256,0.4142826510061156,18,early
18466,66,0,0.4369510294428519,0.3727724297764585,18,early
18467,67,0,0.568334639872913,0.5029956333260842,18,early
18468,68,0,0.4010729472834602,0.6488176223283127,18,early
18469,69,0,0.24270166390789227,0.5822926413823283,18,early
18470,70,0,0.6298537534037345,0.3948420914145755,18,early
18471,71,0,0.8352355592773901,0.49275419624638084,18,early
18472,72,0,0.6822326300639837,0.4293815367585777,18,early
18473,73,0,0.897566240343002,0.4053317706547803,18,early
18474,74,0,0.4678292237620162,0.5405835362719567,18,early
18475,75,0,0.6525484310825442,0.433054459846718,18,early
18476,76,0,0.18931842068102284,0.5147752041793671,18,early
18477,77,0,0.5016712308915393,0.5380650571880554,18,early
18478,78,0,0.4926791902468065,0.6206487987388232,18,early
18479,79,0,0.7256367612887134,0.48616106235643214,18,early
18480,80,0,0.4463269469340434,0.6707362696301296,18,early
18481,81,0,0.5938801904071684,0.41511228208023954,18,early
18482,82,0,0.5542547888308913,0.8430674864917329,18,early
18483,83,0,0.4525091473162096,0.5061520360022836,18,early
18484,84,0,0.5523074236593338,0.5163010321683543,18,early
18485,85,0,0.42631142320863613,0.48131019299242395,18,early
18486,86,0,0.9233579199244166,0.32712326859831875,18,early
18487,87,0,0.4932231838967853,0.5707127648755612,18,early
18488,88,0,0.7854550076316031,0.4239713001196851,18,early
18489,89,0,0.5293187823303067,0.5134186750434764,18,early
18490,90,0,0.5791419834786469,0.4450502910576364,18,early
18491,91,0,0.3923943418100051,0.5207438351890883,18,early
18492,92,0,0.5994332230069117,0.38451923853109315,18,early
18493,93,0,0.5292055710826,0.45854766626529664,18,early
18494,94,0,0.7907800684917381,0.4218204968596024,18,early
18495,95,0,0.5458207926035782,0.3370362956642714,18,early
18496,96,0,0.47349714339767646,0.5936114767244787,18,early
18497,97,0,0.33968923729825407,0.44269888773774496,18,early
18498,98,0,0.8453762924718247,0.5092036982233603,18,early
18499,99,0,0.5116234871338923,0.45894385187461184,18,early
18500,100,0,0.4768300285798181,0.42748653887981297,18,early
18501,101,0,0.44566693523178974,0.4152797881706794,18,early
18502,102,0,0.9093386860466848,0.4554793055270384,18,early
18503,103,0,0.470551625726908,0.4623380204399351,18,early
18504,104,0,0.15514307835011135,0.49437805655270123,18,early
18505,105,0,0.5085551523035249,0.5350207610955481,18,early
18506,106,0,0.9501295259476716,0.6046525560973767,18,early
18507,107,0,0.4022301434923353,0.38057055492164726,18,early
18508,108,0,0.9030572919543985,0.5925542088310912,18,early
18509,109,0,0.4884378466431108,0.4593141903458168,18,early
18510,110,0,0.012734259990334626,0.4176362444457977,18,early
18511,111,0,0.5622398395246619,0.5406114473240569,18,early
18512,112,0,0.5357520207879307,0.4587576963120096,18,early
18513,113,0,0.5693321003284192,0.5089122118351542,18,early
18514,114,0,0.9030428860097044,0.2977092342181921,18,early
18515,115,0,0.3838702763648724,0.45730928865652676,18,early
18516,116,0,0.28262693110657233,0.4314432846146359,18,early
18517,117,0,0.49371788182212617,0.4022330150573512,18,early
18518,118,0,0.2162147189209236,0.4328356576895815,18,early
18519,119,0,0.466790500177473,0.48341525797777884,18,early
18520,120,0,0.21983829258562665,0.5185162656045808,18,early
18521,121,0,0.3964640634088618,0.4799359151067779,18,early
18522,122,0,0.6276096772004867,0.5222446957348905,18,early
18523,123,0,0.558770882095974,0.44197766174466924,18,early
18524,124,0,0.1055716117600994,0.5858540732500612,18,early
18525,125,0,0.4829205340553416,0.5078626159214822,18,early
18526,126,0,0.15100324563458148,0.38262469720670156,18,early
18527,127,0,0.59949104313551,0.41676100367734653,18,early
18528,128,0,0.8138522541227923,0.47426474044974437,18,early
18529,129,0,0.8682528276682551,0.5719063209146967,18,early
18530,130,0,0.8018361393444152,0.4618382956140423,18,early
18531,131,0,0.5114339838419538,0.3879201782949252,18,early
18532,132,0,0.7615335904796781,0.47196991438507135,18,early
18533,133,0,0.7771651186977295,0.37507943169730634,18,early
18534,134,0,0.8479461726412252,0.4793404081814636,18,early
18535,135,0,0.45023044193249023,0.4138797975321832,18,early
18536,136,0,0.6868350149291462,0.4551270726467741,18,early
18537,137,0,0.3838346413003219,0.5611632615108249,18,early
18538,138,0,0.808984098966028,0.4158300452724677,18,early
18539,139,0,0.2714501161231348,0.4863046308286014,18,early
18540,140,0,0.3486900762552786,0.3385013904217117,18,early
18541,141,0,0.8375764867766828,0.6432189155605568,18,early
18542,142,0,0.44834044928201533,0.41203474032997295,18,early
18543,143,0,0.7169798255995,0.550726108777253,18,early
18544,144,0,0.37284917945057783,0.37361993315846165,18,early
18545,145,0,0.35264758931221296,0.4628043569362913,18,early
18546,146,0,0.39384247569324554,0.4793404558113229,18,early
18547,147,0,0.42337920026130277,0.4159115757604515,18,early
18548,148,0,0.2709421264888317,0.3990671065056144,18,early
18549,149,0,0.21062413659219284,0.6108364706143603,18,early
18550,150,0,0.781622929164425,0.40548169427806724,18,early
18551,151,0,0.4894007725133712,0.5088159583198089,18,early
18552,152,0,0.9209335334605664,0.38325939317891267,18,early
18553,153,0,0.49089672609642226,0.3726775326520655,18,early
18554,154,0,0.8770468629412977,0.4612783164962979,18,early
18555,155,0,0.4990539096965548,0.3828543585984574,18,early
18556,156,0,0.01950910946051419,0.41836285381230753,18,early
18557,157,0,0.6785046970756621,0.5136793296009425,18,early
18558,158,0,0.7549995674067198,0.3802604778011863,18,early
18559,159,0,0.14486147285102802,0.44203058371859694,18,early
18560,160,0,0.5969745411641666,0.41296341281169613,18,early
18561,161,0,0.6357204407567871,0.4609341279303366,18,early
18562,162,0,0.5295502789915886,0.4637643955190753,18,early
18563,163,0,0.7784928739597358,0.5129755232014097,18,early
18564,164,0,0.9820741446518879,0.3897885126285786,18,early
18565,165,0,0.5396919127455785,0.5069425419508009,18,early
18566,166,0,0.270982305379075,0.37350854054594484,18,early
18567,167,0,0.3380958657853308,0.4335165723576683,18,early
18568,168,0,0.34723964401797097,0.5122153579006951,18,early
18569,169,0,0.8917206086691327,0.39178997531123594,18,early
18570,170,0,0.8359074658536207,0.3640712276157634,18,early
18571,171,0,0.44268197721574254,0.4247493313213818,18,early
18572,172,0,0.3829532152649032,0.390964928961854,18,early
18573,173,0,0.6322956923057105,0.37994423094675395,18,early
18574,174,0,0.7236009320019117,0.4374212525879145,18,early
18575,175,0,0.12007913302296531,0.4555719350307059,18,early
18576,176,0,0.5094986015601277,0.36296268971233064,18,early
18577,177,0,0.8125913610848701,0.3180382686535689,18,early
18578,178,0,0.4227895310490818,0.40108009865630756,18,early
18579,179,0,0.6745607011480831,0.4678405599283958,18,early
18580,180,0,0.9600476566118277,0.4590827468810901,18,early
18581,181,0,0.6600498050183614,0.4251263752323211,18,early
18582,182,0,0.2055832102208997,0.43174711222740286,18,early
18583,183,0,0.5938724736148986,0.4618187135418129,18,early
18584,184,0,0.7364186493492062,0.5384567082878068,18,early
18585,185,0,0.5333749105768806,0.46307019017772666,18,early
18586,186,0,0.7149818077634393,0.3625823787065216,18,early
18587,187,0,0.5245342768959227,0.36968574270000826,18,early
18588,188,0,0.6702034040167048,0.5376723969292216,18,early
18589,189,0,0.4969945365880063,0.5213262845396867,18,early
18590,190,0,0.43732893885686336,0.3246465700665786,18,early
18591,191,0,0.5497763223872723,0.37430013119919103,18,early
18592,192,0,0.48607745936032504,0.37928769704611326,18,early
18593,193,0,0.6969219610910915,0.4142428756373908,18,early
18594,194,0,0.36896376859745084,0.41526823882822717,18,early
18595,195,0,0.20160462132762225,0.4067295133739295,18,early
18596,196,0,0.7361290643237788,0.3820348099651312,18,early
18597,197,0,0.09225650124240975,0.5290177674160339,18,early
18598,198,0,0.6186320702722492,0.38852404544505975,18,early
18599,199,0,0.3208711577177576,0.3533046019537365,18,early
18600,0,0,0.8877072941677953,0.673628019197154,18,middle
18601,1,0,0.7658933364051973,0.6611409957772301,18,middle
18602,2,0,0.47906281908662934,0.7629709347346401,18,middle
18603,3,0,0.7770257382071887,0.46997477567968815,18,middle
18604,4,0,0.6568017622875348,0.5222505124933738,18,middle
18605,5,0,0.6422599431439401,0.5688618515806225,18,middle
18606,6,0,0.45846853934461723,0.5170252031615497,18,middle
18607,7,0,0.2497483121330004,0.5330591665112149,18,middle
18608,8,0,0.4162934536256503,0.3981090092489411,18,middle
18609,9,0,0.7456055820976818,0.41392706750206837,18,middle
18610,10,0,0.40151934598991307,0.5631230214154994,18,middle
18611,11,0,0.8182111205155099,0.6249249030880846,18,middle
18612,12,0,0.33440836675589514,0.49496468062671717,18,middle
18613,13,0,0.8790972345517856,0.4089846646879413,18,middle
18614,14,0,0.4735078349556934,0.6671106308722181,18,middle
18615,15,0,0.17598902032625297,0.5197059380027871,18,middle
18616,16,0,0.5295308921484089,0.41544573690234377,18,middle
18617,17,0,0.5398755280862265,0.5839079376315881,18,middle
18618,18,0,0.205231511676314,0.47673732903188004,18,middle
18619,19,0,0.8829836468026488,0.4989668640513737,18,middle
18620,20,0,0.4902058539160894,0.5884185409369665,18,middle
18621,21,0,0.9659104801558555,0.47117682798920646,18,middle
18622,22,0,0.36354684010322874,0.561102863981106,18,middle
18623,23,0,0.890210334508563,0.5086548576239047,18,middle
18624,24,0,0.5434651294713609,0.45397679753320197,18,middle
18625,25,0,0.08759800743283416,0.5956722734773034,18,middle
18626,26,0,0.585847106874927,0.47116702205266,18,middle
18627,27,0,0.9748646830295522,0.4065268682644618,18,middle
18628,28,0,0.4304812217379839,0.4416870553781787,18,middle
18629,29,0,0.08825763043880912,0.39089441839656547,18,middle
18630,30,0,0.5623992538694713,0.321966599712521,18,middle
18631,31,0,0.10586627428090216,0.629335118917165,18,middle
18632,32,0,0.27533727413180975,0.4933928862570245,18,middle
18633,33,0,0.40105625225082997,0.4661057045961362,18,middle
18634,34,0,0.5262440899708962,0.4056234400399328,18,middle
18635,35,0,0.738593766265852,0.35649224695587955,18,middle
18636,36,0,0.4840806432618169,0.45176771888379286,18,middle
18637,37,0,0.8421443577295447,0.40300505518344876,18,middle
18638,38,0,0.6291996542766446,0.3558043826028684,18,middle
18639,39,0,0.2487710085325015,0.508254475904769,18,middle
18640,40,0,0.4103439008818665,0.5470338804251409,18,middle
18641,41,0,0.7438833488033813,0.5169986220361497,18,middle
18642,42,0,0.8226708841563535,0.3696497848485465,18,middle
18643,43,0,0.13414621729866327,0.5324559734427323,18,middle
18644,44,0,0.7830765101977077,0.4122103703213982,18,middle
18645,45,0,0.547887315169255,0.5154765861883526,18,middle
18646,46,0,0.42678790816230294,0.7069699150076425,18,middle
18647,47,0,0.5872235151117177,0.5107202896649637,18,middle
18648,48,0,0.8785663526189522,0.510701254439776,18,middle
18649,49,0,0.1758464349600096,0.656504086100963,18,middle
18650,50,0,0.3838509493908979,0.3132920440877503,18,middle
18651,51,0,0.687598619089937,0.3583989348559349,18,middle
18652,52,0,0.4699173318017799,0.5777998377850888,18,middle
18653,53,0,0.4989031642158237,0.41514819634370037,18,middle
18654,54,0,0.5166913888510889,0.49590067967951657,18,middle
18655,55,0,0.6062306295871513,0.3911911346206595,18,middle
18656,56,0,0.46463244782949376,0.41670622127125356,18,middle
18657,57,0,0.47028277018284437,0.3863408731610719,18,middle
18658,58,0,0.43903040240442004,0.3956980801266646,18,middle
18659,59,0,0.3066907798979503,0.29985096083157403,18,middle
18660,60,0,0.7152602344872665,0.4793827278696109,18,middle
18661,61,0,0.4616778474801785,0.4752222269965857,18,middle
18662,62,0,0.52531341137957,0.4942079606868609,18,middle
18663,63,0,0.6549365798461673,0.3578741465156633,18,middle
18664,64,0,0.23520154489413334,0.5391185994006152,18,middle
18665,65,0,0.6011420132652663,0.3669297934947088,18,middle
18666,66,0,0.6936658642436451,0.5186748277362659,18,middle
18667,67,0,0.5307515467295477,0.36063026118123714,18,middle
18668,68,0,0.8365150753893182,0.47064174447885737,18,middle
18669,69,0,0.8869309175721678,0.3842262270771387,18,middle
18670,70,0,0.5316928147392967,0.5220698717654424,18,middle
18671,71,0,0.4645322051725904,0.37972215456917957,18,middle
18672,72,0,0.5058284648117963,0.36967002783819125,18,middle
18673,73,0,0.3853081069298656,0.4516888761255937,18,middle
18674,74,0,0.793507788837279,0.5469589085041351,18,middle
18675,75,0,0.46433047160998153,0.7268375259523299,18,middle
18676,76,0,0.5093161028571949,0.45738199680130903,18,middle
18677,77,0,0.980393285006222,0.5754165961994211,18,middle
18678,78,0,0.19528914828659857,0.491152911288375,18,middle
18679,79,0,0.6054868669931868,0.48174991060148553,18,middle
18680,80,0,0.033155581873477794,0.6687681042916147,18,middle
18681,81,0,0.26828392103199883,0.5636074425151028,18,middle
18682,82,0,0.6839373822226461,0.47781509689461316,18,middle
18683,83,0,0.5250054004269387,0.30000695031724167,18,middle
18684,84,0,0.10072341770855542,0.5950625695732112,18,middle
18685,85,0,0.7850746179011499,0.3611662920216866,18,middle
18686,86,0,0.931507773830422,0.3469114942221535,18,middle
18687,87,0,0.6402679440571305,0.3477104747999345,18,middle
18688,88,0,0.8731687666386725,0.4062063147136085,18,middle
18689,89,0,0.008861111301840661,0.5052677045047087,18,middle
18690,90,0,0.053693458549092105,0.4035356280117062,18,middle
18691,91,0,0.9781214772939015,0.4495243936117013,18,middle
18692,92,0,0.47462257166446364,0.34621877733781625,18,middle
18693,93,0,0.8625174649104501,0.28253781669485967,18,middle
18694,94,0,0.9943389373234195,0.4248904441959934,18,middle
18695,95,0,0.46929381648708735,0.4816253410734197,18,middle
18696,96,0,0.46286302322695344,0.6764560382909295,18,middle
18697,97,0,0.33386501771960964,0.6006786466108414,18,middle
18698,98,0,0.5326540971569345,0.3962335164869233,18,middle
18699,99,0,0.46710854286458797,0.404574187544593,18,middle
18700,100,0,0.7364657608641904,0.4544193207526872,18,middle
18701,101,0,0.8510705454452405,0.4165502599955623,18,middle
18702,102,0,0.6428000902149247,0.4153010176180256,18,middle
18703,103,0,0.2232656151879944,0.41764268484451705,18,middle
18704,104,0,0.6332598650439365,0.34098067512609337,18,middle
18705,105,0,0.6015568586915333,0.43647845078415504,18,middle
18706,106,0,0.622794572475559,0.33725199992549976,18,middle
18707,107,0,0.9242571201519245,0.5188477743645177,18,middle
18708,108,0,0.6604422061352735,0.3652629475525986,18,middle
18709,109,0,0.5917039555675883,0.410051639243856,18,middle
18710,110,0,0.7936547725400951,0.507041283392293,18,middle
18711,111,0,0.39490615398855183,0.6268357278602796,18,middle
18712,112,0,0.3385896570482661,0.3100713009067638,18,middle
18713,113,0,0.5628717075585716,0.2555874196393715,18,middle
18714,114,0,0.9640875448045825,0.49157669506246027,18,middle
18715,115,0,0.20633495728651144,0.47140314540583494,18,middle
18716,116,0,0.7842547879246207,0.5109609284774353,18,middle
18717,117,0,0.06886575870381281,0.6071107597045259,18,middle
18718,118,0,0.5209710950701718,0.3556017643419397,18,middle
18719,119,0,0.5695851782166788,0.3996759713044683,18,middle
18720,120,0,0.5027663730776908,0.4942877769767989,18,middle
18721,121,0,0.5674593439557051,0.4092951768609014,18,middle
18722,122,0,0.7033986035555801,0.3785832925738119,18,middle
18723,123,0,0.9244009032128319,0.3762972772560497,18,middle
18724,124,0,0.4734399437814246,0.3865799204831675,18,middle
18725,125,0,0.7602834520278461,0.3433376743107017,18,middle
18726,126,0,0.5348625556457048,0.44700327430550285,18,middle
18727,127,0,0.7640585744790058,0.4548526982592708,18,middle
18728,128,0,0.5327386866985774,0.3612328390827027,18,middle
18729,129,0,0.6499702352841247,0.3454280033006417,18,middle
18730,130,0,0.6309714396482546,0.27996783859656293,18,middle
18731,131,0,0.5278903033186995,0.4071013276070313,18,middle
18732,132,0,0.6223050915054921,0.4046785199190478,18,middle
18733,133,0,0.5343359830200218,0.3863983557152153,18,middle
18734,134,0,0.3479394497317587,0.5370815666232841,18,middle
18735,135,0,0.25556149873637063,0.43880678075812746,18,middle
18736,136,0,0.7049326280009571,0.515347881663799,18,middle
18737,137,0,0.8601953723336415,0.46671602544138113,18,middle
18738,138,0,0.5226673623817661,0.32655656578640985,18,middle
18739,139,0,0.8961508297628389,0.4026816808579554,18,middle
18740,140,0,0.5066985980167737,0.3109778592868235,18,middle
18741,141,0,0.6405771924547152,0.4850432050451253,18,middle
18742,142,0,0.5162970743678524,0.34992051963810367,18,middle
18743,143,0,0.5189434763619278,0.5957235785642752,18,middle
18744,144,0,0.15814237560222585,0.3252588333250566,18,middle
18745,145,0,0.6163706877631556,0.3383515758461306,18,middle
18746,146,0,0.6636447112585079,0.45906954664349775,18,middle
18747,147,0,0.2906069608108491,0.45344856578420056,18,middle
18748,148,0,0.6541965701208005,0.5618746730100996,18,middle
18749,149,0,0.622761972171142,0.35660373654837085,18,middle
18750,150,0,0.379227353732395,0.3911076629829653,18,middle
18751,151,0,0.028756789069333724,0.4894933677218567,18,middle
18752,152,0,0.46577206223657996,0.40826060649595347,18,middle
18753,153,0,0.2744082899144555,0.5913192538784995,18,middle
18754,154,0,0.4520999132053691,0.3507303972121323,18,middle
18755,155,0,0.7850289996464769,0.4952718483972967,18,middle
18756,156,0,0.4951214033722631,0.47842946752748244,18,middle
18757,157,0,0.9046660426496425,0.34041488913133655,18,middle
18758,158,0,0.42917104594061695,0.4294975720694635,18,middle
18759,159,0,0.5845282079551924,0.38021663031316155,18,middle
18760,160,0,0.7913189454973297,0.42309518648752287,18,middle
18761,161,0,0.5876456314790512,0.30131827534489125,18,middle
18762,162,0,0.6835092270273835,0.45394248598065073,18,middle
18763,163,0,0.7834151581342979,0.42731110507095,18,middle
18764,164,0,0.2429886538276584,0.604081104928603,18,middle
18765,165,0,0.7420200344524122,0.3394095081651325,18,middle
18766,166,0,0.18058975632147886,0.29109109720636,18,middle
18767,167,0,0.2652675994839432,0.29408474168533066,18,middle
18768,168,0,0.9256376542297644,0.3057122608578283,18,middle
18769,169,0,0.4604250512486916,0.33776298756382794,18,middle
18770,170,0,0.3529819299560154,0.4360129175816875,18,middle
18771,171,0,0.6138275043900252,0.412438605976335,18,middle
18772,172,0,0.8853360373227077,0.2783057685666779,18,middle
18773,173,0,0.5374055823176205,0.4147618763788332,18,middle
18774,174,0,0.21196336867889393,0.4161429461683279,18,middle
18775,175,0,0.699129317853618,0.2972913587528714,18,middle
18776,176,0,0.4821458930154261,0.35552611009055946,18,middle
18777,177,0,0.4335387133049913,0.3293091250133565,18,middle
18778,178,0,0.6604704323371713,0.2970222003449279,18,middle
18779,179,0,0.7498692354629884,0.24221744219735203,18,middle
18780,180,0,0.31552865883460984,0.4797315046542026,18,middle
18781,181,0,0.4661471670482724,0.3197339082056807,18,middle
18782,182,0,0.4832983531300675,0.2990104763566417,18,middle
18783,183,0,0.9650777082082391,0.4001593100835745,18,middle
18784,184,0,0.4265904688669627,0.5072246222616449,18,middle
18785,185,0,0.7763540262024442,0.43925228680633943,18,middle
18786,186,0,0.7178118624160758,0.4534450922097401,18,middle
18787,187,0,0.030336530109451212,0.49783681161648285,18,middle
18788,188,0,0.8008097659219846,0.35030244600233595,18,middle
18789,189,0,0.5025345722592622,0.45812482906072727,18,middle
18790,190,0,0.3513958298227625,0.5067841818568752,18,middle
18791,191,0,0.44697519838288113,0.43376605867875706,18,middle
18792,192,0,0.8042553992613722,0.3684004753556438,18,middle
18793,193,0,0.9255367459686608,0.3262471513066737,18,middle
18794,194,0,0.06967658959694648,0.3687564577060153,18,middle
18795,195,0,0.24373316043141866,0.4176025508992093,18,middle
18796,196,0,0.39907797497919945,0.2995054475993586,18,middle
18797,197,0,0.4700260049655687,0.4057214588202079,18,middle
18798,198,0,0.5781871996806993,0.35910911643382637,18,middle
18799,199,0,0.6187336138950542,0.29818540415768413,18,middle
18800,0,0,0.13230675801530717,0.8766407513554024,18,late
18801,1,0,0.6761766638184628,0.5383601440136964,18,late
18802,2,0,0.9342341959739888,0.47398466139832823,18,late
18803,3,0,0.506860497465063,0.44361711951001576,18,late
18804,4,0,0.968291466437107,0.6885297717317334,18,late
18805,5,0,0.49461378242454435,0.8127103822662252,18,late
18806,6,0,0.5757600863315623,0.45788944832642187,18,late
18807,7,0,0.5172299180396898,0.5579806155928,18,late
18808,8,0,0.5657421733034826,0.5275425178196952,18,late
18809,9,0,0.7980099176847635,0.5096624880420834,18,late
18810,10,0,0.883997038774533,0.3084247753511776,18,late
18811,11,0,0.4721412749216932,0.4825999678861289,18,late
18812,12,0,0.20751844297346136,0.5152995345986573,18,late
18813,13,0,0.6358878703040374,0.5689269380452533,18,late
18814,14,0,0.1876836227163251,0.6081158128497536,18,late
18815,15,0,0.5122240937378895,0.5131542341937001,18,late
18816,16,0,0.3575791867057658,0.6590115717834775,18,late
18817,17,0,0.8771135268888379,0.5118538239351331,18,late
18818,18,0,0.3851535568396375,0.6659323737549504,18,late
18819,19,0,0.6580310739173523,0.423660435949886,18,late
18820,20,0,0.31688154327280715,0.4595320557179944,18,late
18821,21,0,0.8315781555324813,0.4810696737225895,18,late
18822,22,0,0.5522542945263006,0.5438834435742961,18,late
18823,23,0,0.875139346975367,0.36600137985714143,18,late
18824,24,0,0.358831602221909,0.5317203462485527,18,late
18825,25,0,0.5701852921485557,0.5835312566233718,18,late
18826,26,0,0.5804094752910797,0.40588185415883604,18,late
18827,27,0,0.20585942442552588,0.5353205534639385,18,late
18828,28,0,0.023841669651285112,0.6476767966160084,18,late
18829,29,0,0.5641070339685861,0.4283930711197057,18,late
18830,30,0,0.9473554818890663,0.33933422873650165,18,late
18831,31,0,0.5272870975753493,0.5005886657241165,18,late
18832,32,0,0.9118136717590545,0.33462955476555134,18,late
18833,33,0,0.460193492262324,0.5462957058725582,18,late
18834,34,0,0.5827394154426239,0.4369885305123928,18,late
18835,35,0,0.5151838943851326,0.4797699572899541,18,late
18836,36,0,0.7476202095612061,0.47156309647850014,18,late
18837,37,0,0.5309629899469972,0.5303382777017237,18,late
18838,38,0,0.4674704553834543,0.5082872007243661,18,late
18839,39,0,0.4785045714829774,0.533863727270289,18,late
18840,40,0,0.796347465478646,0.37086229671062276,18,late
18841,41,0,0.7028121697689121,0.42716703318069726,18,late
18842,42,0,0.4641284908115771,0.5440220859699377,18,late
18843,43,0,0.5859831707536707,0.6594294844120367,18,late
18844,44,0,0.30465026068862083,0.5888151840284239,18,late
18845,45,0,0.274486248692734,0.4151189914026524,18,late
18846,46,0,0.8437147899002284,0.31879502386066244,18,late
18847,47,0,0.5023283870583866,0.43387548698869594,18,late
18848,48,0,0.04732672192710786,0.5828047052055452,18,late
18849,49,0,0.7037353982290033,0.46109110607451986,18,late
18850,50,0,0.36941338077839586,0.7777835220955508,18,late
18851,51,0,0.10574893859232296,0.5023527805628597,18,late
18852,52,0,0.6108844534614102,0.5268255468043899,18,late
18853,53,0,0.72490418554942,0.3763428115929679,18,late
18854,54,0,0.7921808506901273,0.3756669504188003,18,late
18855,55,0,0.7353127533483181,0.4367599553864582,18,late
18856,56,0,0.4614483660632236,0.42552724376564854,18,late
18857,57,0,0.8917852644699541,0.4380447092060269,18,late
18858,58,0,0.45338646839004804,0.5871058955593808,18,late
18859,59,0,0.07773205084932361,0.36054902507997805,18,late
18860,60,0,0.5575714059894377,0.566417393077205,18,late
18861,61,0,0.6280475996241311,0.5283780744552548,18,late
18862,62,0,0.4882775446296942,0.49743491999034134,18,late
18863,63,0,0.9811930038241347,0.3483910022024957,18,late
18864,64,0,0.29778320610491105,0.57094559837079,18,late
18865,65,0,0.739349963287379,0.3790548984572478,18,late
18866,66,0,0.47893256890119384,0.544333326806038,18,late
18867,67,0,0.8678756107951698,0.39694890681856165,18,late
18868,68,0,0.5116196165688941,0.5935111674125019,18,late
18869,69,0,0.9202797033037307,0.3494123888058324,18,late
18870,70,0,0.42507899229118956,0.7085338847727616,18,late
18871,71,0,0.6078486203345801,0.42538677572741546,18,late
18872,72,0,0.29680397966489447,0.4603503842387401,18,late
18873,73,0,0.606027313748193,0.5602570329013191,18,late
18874,74,0,0.17524522682204607,0.5169021607243307,18,late
18875,75,0,0.38247452267575854,0.5175900872771776,18,late
18876,76,0,0.34472969810305965,0.5116674161418342,18,late
18877,77,0,0.5076245055779377,0.40987512015625016,18,late
18878,78,0,0.8549175381374792,0.419904936515871,18,late
18879,79,0,0.4900603402444861,0.3929905760998533,18,late
18880,80,0,0.05842468613462707,0.46355762318798677,18,late
18881,81,0,0.9362565994200932,0.45375234678322607,18,late
18882,82,0,0.17244800562552262,0.42566029980478604,18,late
18883,83,0,0.8188061413266573,0.39629847593497824,18,late
18884,84,0,0.8418172026825673,0.4619431251406867,18,late
18885,85,0,0.12802059513826575,0.670898084833754,18,late
18886,86,0,0.9214781433401368,0.33164313485972297,18,late
18887,87,0,0.15302753750344433,0.43680333689805684,18,late
18888,88,0,0.19590000847232736,0.45294312563833483,18,late
18889,89,0,0.6231533618022135,0.385645492655979,18,late
18890,90,0,0.5102571906823659,0.4588655286446957,18,late
18891,91,0,0.6231386447457189,0.644062047605565,18,late
18892,92,0,0.5136469029835038,0.4523570369100253,18,late
18893,93,0,0.6609855012762931,0.40858951836346763,18,late
18894,94,0,0.13459627993442233,0.5551680449306444,18,late
18895,95,0,0.5112843008075432,0.3689072596787767,18,late
18896,96,0,0.5094491859371834,0.4439980487835196,18,late
18897,97,0,0.46464475016493173,0.5505201291218649,18,late
18898,98,0,0.6985329652294419,0.30625597879049626,18,late
18899,99,0,0.46149669057184717,0.399348150501053,18,late
18900,100,0,0.7894930089267285,0.42874258047912017,18,late
18901,101,0,0.47930539535877326,0.4549105973413517,18,late
18902,102,0,0.769544820027843,0.42898349501972094,18,late
18903,103,0,0.822631335614551,0.4153791013818915,18,late
18904,104,0,0.7940949362513694,0.46324392857476676,18,late
18905,105,0,0.9563300705853365,0.38369968515613784,18,late
18906,106,0,0.056779973674398396,0.6409443951176279,18,late
18907,107,0,0.18286408763426756,0.42623556807231355,18,late
18908,108,0,0.4848212069623519,0.5161709454092932,18,late
18909,109,0,0.842058295470054,0.3683131754072533,18,late
18910,110,0,0.7761654195184425,0.39119583212513426,18,late
18911,111,0,0.8854695594097419,0.5179017557959976,18,late
18912,112,0,0.9834638076744893,0.3009171693100492,18,late
18913,113,0,0.9227985355985383,0.4111519760016822,18,late
18914,114,0,0.2596423461986001,0.32839534516575064,18,late
18915,115,0,0.39770031576087095,0.3566422585388451,18,late
18916,116,0,0.525456647302734,0.47902515213664953,18,late
18917,117,0,0.8129774776748491,0.3849517264140203,18,late
18918,118,0,0.9049503419939455,0.3249891653653991,18,late
18919,119,0,0.19276589614034914,0.4871133384906434,18,late
18920,120,0,0.641654067928011,0.3765612040558214,18,late
18921,121,0,0.5060477820018868,0.32348474603418165,18,late
18922,122,0,0.6126373199711005,0.4550674383557795,18,late
18923,123,0,0.38390682062204046,0.44340042891322046,18,late
18924,124,0,0.5815686088328188,0.47130655662766413,18,late
18925,125,0,0.8110135709659616,0.29368844297648006,18,late
18926,126,0,0.09951607623714068,0.7784684638819231,18,late
18927,127,0,0.47315492647511054,0.5566038298300673,18,late
18928,128,0,0.39495093991510716,0.4710338975494215,18,late
18929,129,0,0.9676670703069781,0.44574541272820767,18,late
18930,130,0,0.9821315718027843,0.38171827212103016,18,late
18931,131,0,0.9985828008604273,0.30116781094206063,18,late
18932,132,0,0.3395677918340413,0.506256946835846,18,late
18933,133,0,0.49815640205350326,0.4802487774051484,18,late
18934,134,0,0.952637035355098,0.3418624642991308,18,late
18935,135,0,0.1434894536511132,0.3771756554701684,18,late
18936,136,0,0.7452228769672697,0.501220371214923,18,late
18937,137,0,0.34459306009198515,0.6351438532330824,18,late
18938,138,0,0.9238540728240816,0.22324593352580752,18,late
18939,139,0,0.8882808186754019,0.35973848159870836,18,late
18940,140,0,0.47459105816203717,0.5710346900980894,18,late
18941,141,0,0.6841834609063528,0.4550409334727661,18,late
18942,142,0,0.4080332543136589,0.5006493386642701,18,late
18943,143,0,0.6573590842487818,0.33292417989437373,18,late
18944,144,0,0.22525627088201378,0.28768187998347167,18,late
18945,145,0,0.6650252581862967,0.228356653984781,18,late
18946,146,0,0.7956661981062706,0.40435837573415184,18,late
18947,147,0,0.6542399642006569,0.5053293435431934,18,late
18948,148,0,0.30959981863063035,0.48735601440199283,18,late
18949,149,0,0.5158237418264113,0.3900890352133868,18,late
18950,150,0,0.4544992650276285,0.4898297688942457,18,late
18951,151,0,0.7584480188841867,0.316806681122458,18,late
18952,152,0,0.2004565923142264,0.4664785785772934,18,late
18953,153,0,0.22030505952463614,0.6754426727526489,18,late
18954,154,0,0.2921189723997349,0.5000029066940149,18,late
18955,155,0,0.9824773820000803,0.3919707076016258,18,late
18956,156,0,0.7422381853912361,0.34080876335836374,18,late
18957,157,0,0.3588073829942322,0.4989644105958628,18,late
18958,158,0,0.8376500439828887,0.29884725045670024,18,late
18959,159,0,0.9434302687634966,0.45292835118141744,18,late
18960,160,0,0.9524538848847457,0.5076001524066842,18,late
18961,161,0,0.4183079946176043,0.5024094505532758,18,late
18962,162,0,0.5212690119294691,0.3655882134206948,18,late
18963,163,0,0.6386096301942409,0.4518439277792535,18,late
18964,164,0,0.8789414216409489,0.35162457802336167,18,late
18965,165,0,0.8294597222067923,0.3928210071829503,18,late
18966,166,0,0.6266110960488162,0.38519210222321565,18,late
18967,167,0,0.4449540927822693,0.41346685104678504,18,late
18968,168,0,0.8993198823923805,0.2791436635439709,18,late
18969,169,0,0.5186046829021013,0.39136540776233736,18,late
18970,170,0,0.9816092402551853,0.38038256918998825,18,late
18971,171,0,0.18742636989892764,0.59161149677955,18,late
18972,172,0,0.46829075647384977,0.37551435532189703,18,late
18973,173,0,0.8942083180936733,0.3595047697144636,18,late
18974,174,0,0.49622461647689625,0.3358592233450119,18,late
18975,175,0,0.33732929079130697,0.6148543316078634,18,late
18976,176,0,0.5002195671476133,0.3805614746577408,18,late
18977,177,0,0.43783366099228926,0.3712331718898403,18,late
18978,178,0,0.8487950330656727,0.31385194673385614,18,late
18979,179,0,0.339388307311542,0.4213168022722684,18,late
18980,180,0,0.9761449865324198,0.3821145919581554,18,late
18981,181,0,0.42004318554037146,0.2902565691083089,18,late
18982,182,0,0.44643725585087785,0.4148838748706041,18,late
18983,183,0,0.692984765735862,0.3074831628110276,18,late
18984,184,0,0.6285694513957641,0.4442245903523728,18,late
18985,185,0,0.09644845475146888,0.4281243090381388,18,late
18986,186,0,0.9749285770328184,0.3639645852009706,18,late
18987,187,0,0.37522950546434675,0.311290606987514,18,late
18988,188,0,0.7559118357977608,0.40380328445460256,18,late
18989,189,0,0.25709378167990954,0.42556006575065847,18,late
18990,190,0,0.8614799125882115,0.29284119462520364,18,late
18991,191,0,0.6271820078168101,0.26800402321401406,18,late
18992,192,0,0.9662650133764821,0.3510460592582334,18,late
18993,193,0,0.51077086089591,0.6827640951887208,18,late
18994,194,0,0.5646796366640469,0.40198600195262857,18,late
18995,195,0,0.4529436946455169,0.39658687110630886,18,late
18996,196,0,0.7587834086246663,0.2636537600865324,18,late
18997,197,0,0.8708443615664662,0.47569266474695326,18,late
18998,198,0,0.9720955651992067,0.2681200429948738,18,late
18999,199,0,0.9842980094010676,0.3541015753454068,18,late
19000,0,0,0.07174124556249817,0.8972182239331279,19,interleaved
19001,1,0,0.38452944908095954,0.6300364482139945,19,interleaved
19002,2,0,0.6836664905055764,0.4330250169006833,19,interleaved
19003,3,0,0.4186843324063747,0.4708637907814366,19,interleaved
19004,4,0,0.5063261127521577,0.3923047047659897,19,interleaved
19005,5,0,0.004970415412512667,0.7298603967983255,19,interleaved
19006,6,0,0.6804182915942113,0.4848559783912172,19,interleaved
19007,7,0,0.6220884673694675,0.4577094948717551,19,interleaved
19008,8,0,0.23754808315283044,0.46240521556587955,19,interleaved
19009,9,0,0.4352343115576788,0.43197607154283657,19,interleaved
19010,10,0,0.44151836440177605,0.3364840197334179,19,interleaved
19011,11,0,0.8582327482759966,0.40516231199037855,19,interleaved
19012,12,0,0.2387933602468052,0.6676574068473914,19,interleaved
19013,13,0,0.35959451783376506,0.691135009593272,19,interleaved
19014,14,0,0.3736776371173465,0.4878923356884647,19,interleaved
19015,15,0,0.03624876339797865,0.49282139689046645,19,interleaved
19016,16,0,0.7595822903893714,0.3397951127694878,19,interleaved
19017,17,0,0.9264798760435937,0.3786036670446373,19,interleaved
19018,18,0,0.5483868849731287,0.3785790180026018,19,interleaved
19019,19,0,0.09304620990998455,0.44728993007605855,19,interleaved
19020,20,0,0.6584503741359515,0.46080308489822785,19,interleaved
19021,21,0,0.3910749046888016,0.45808127867756454,19,interleaved
19022,22,0,0.5128316027271633,0.4025352017719136,19,interleaved
19023,23,0,0.4060099926334886,0.6056278561227408,19,interleaved
19024,24,0,0.47688350083878794,0.34512636635180816,19,interleaved
19025,25,0,0.1111980234426767,0.5410126559396741,19,interleaved
19026,26,0,0.6719344531384279,0.3689020968025129,19,interleaved
19027,27,0,0.377937921307379,0.4150227853031296,19,interleaved
19028,28,0,0.8961801859337879,0.4266613662237791,19,interleaved
19029,29,0,0.4941980195973136,0.5692585322035458,19,interleaved
19030,30,0,0.4591700060948139,0.4296252882962633,19,interleaved
19031,31,0,0.8543118992562324,0.4737457961028305,19,interleaved
19032,32,0,0.4745987760050315,0.3579372209423929,19,interleaved
19033,33,0,0.685942759983003,0.25764928327058423,19,interleaved
19034,34,0,0.39565586754506155,0.3478328036385009,19,interleaved
19035,35,0,0.5684250947380863,0.41919744149483906,19,interleaved
19036,36,0,0.681091515966941,0.3323437560305871,19,interleaved
19037,37,0,0.9569621883836836,0.2709725633039739,19,interleaved
19038,38,0,0.42944236154547855,0.313502765610423,19,interleaved
19039,39,0,0.8465498581187658,0.32724564273491696,19,interleaved
19040,40,0,0.5000104179214916,0.34248995647540126,19,interleaved
19041,41,0,0.0906647250613046,0.4586049132481478,19,interleaved
19042,42,0,0.4480641810651492,0.34566685561381616,19,interleaved
19043,43,0,0.16767393258363994,0.48717645489380157,19,interleaved
19044,44,0,0.6440347640633415,0.6024996182128458,19,interleaved
19045,45,0,0.37852305611610176,0.43979513377833224,19,interleaved
19046,46,0,0.08098574057243035,0.5931008572660803,19,interleaved
19047,47,0,0.4174029729666074,0.5070397585201447,19,interleaved
19048,48,0,0.15141134245092966,0.5382394686110433,19,interleaved
19049,49,0,0.6791638220186084,0.5311183118268394,19,interleaved
19050,50,0,0.6910423196902078,0.635155651045976,19,interleaved
19051,51,0,0.15028517971531946,0.44699291234621474,19,interleaved
19052,52,0,0.46449683522869006,0.5265235326304153,19,interleaved
19053,53,0,0.7646590196555917,0.3431632374467639,19,interleaved
19054,54,0,0.382534361630092,0.4135945995652981,19,interleaved
19055,55,0,0.7257480900519881,0.40470147597189227,19,interleaved
19056,56,0,0.5567014738984893,0.42475569277318265,19,interleaved
19057,57,0,0.8640661415355063,0.5328737865780151,19,interleaved
19058,58,0,0.675518207101937,0.3786684814593464,19,interleaved
19059,59,0,0.5862722344687875,0.4329560465441291,19,interleaved
19060,60,0,0.3601854419871866,0.5160078946744419,19,interleaved
19061,61,0,0.38081335225842305,0.48172903706062864,19,interleaved
19062,62,0,0.8068153551733688,0.4175344768346831,19,interleaved
19063,63,0,0.33112300651169635,0.45915985921629215,19,interleaved
19064,64,0,0.34038722256169696,0.3205516838462316,19,interleaved
19065,65,0,0.726493690712978,0.3798765158340706,19,interleaved
19066,66,0,0.8093906727206854,0.49900697179858244,19,interleaved
19067,67,0,0.8897605621281635,0.40491833773543007,19,interleaved
19068,68,0,0.4984762054773299,0.43679398513240775,19,interleaved
19069,69,0,0.17747515013497228,0.5232679395383266,19,interleaved
19070,70,0,0.5823629626258969,0.41163546740742907,19,interleaved
19071,71,0,0.414735713243102,0.3709944905425931,19,interleaved
19072,72,0,0.2983788182422591,0.4007087029708727,19,interleaved
19073,73,0,0.7759795014212851,0.2383276666999658,19,interleaved
19074,74,0,0.47036408204066643,0.4508766279324633,19,interleaved
19075,75,0,0.8156717846424297,0.4673069824310119,19,interleaved
19076,76,0,0.5756360573619789,0.36928513573233773,19,interleaved
19077,77,0,0.07638855841568158,0.8530167930631336,19,interleaved
19078,78,0,0.28830138698430036,0.5306705177413631,19,interleaved
19079,79,0,0.35479613172725666,0.4794836892328468,19,interleaved
19080,80,0,0.5044557632082697,0.3760198508071766,19,interleaved
19081,81,0,0.8596001748698348,0.47335843954352463,19,interleaved
19082,82,0,0.5686855870831525,0.4147621569393001,19,interleaved
19083,83,0,0.9366986593119229,0.4820202365709127,19,interleaved
19084,84,0,0.8379433392184196,0.4246873204411141,19,interleaved
19085,85,0,0.5662283110577889,0.4210267299471769,19,interleaved
19086,86,0,0.962098959953289,0.349899507492887,19,interleaved
19087,87,0,0.6548415265570875,0.40020434085072865,19,interleaved
19088,88,0,0.668747286441518,0.3827636974681108,19,interleaved
19089,89,0,0.8847291409688443,0.3877285361889101,19,interleaved
19090,90,0,0.3338311948881906,0.3629378035483657,19,interleaved
19091,91,0,0.11762399496219195,0.45097113106240094,19,interleaved
19092,92,0,0.6688482214078725,0.46295558122981856,19,interleaved
19093,93,0,0.686632503576553,0.4426463384373931,19,interleaved
19094,94,0,0.7458345364128536,0.3156511341744245,19,interleaved
19095,95,0,0.5957070264027572,0.4085593829589618,19,interleaved
19096,96,0,0.21921445459278904,0.547432585382434,19,interleaved
19097,97,0,0.3387490968257512,0.31503711767418763,19,interleaved
19098,98,0,0.4687036821877088,0.5770629496901636,19,interleaved
19099,99,0,0.7362455433610452,0.3173463218553134,19,interleaved
19100,100,0,0.5797466458240994,0.2657347837295446,19,interleaved
19101,101,0,0.7616336051819093,0.30114198815060556,19,interleaved
19102,102,0,0.3891248620429783,0.5019081248425135,19,interleaved
19103,103,0,0.6632823589882197,0.38070280274531965,19,interleaved
19104,104,0,0.11633667914846323,0.48708779084300713,19,interleaved
19105,105,0,0.6350255552464585,0.36332486179069967,19,interleaved
19106,106,0,0.686951967536286,0.4597519659860608,19,interleaved
19107,107,0,0.11398495646270612,0.4611184322795277,19,interleaved
19108,108,0,0.4150637468116984,0.4268122262034822,19,interleaved
19109,109,0,0.3590457788985604,0.436677447743861,19,interleaved
19110,110,0,0.4079235305882152,0.5051172903871549,19,interleaved
19111,111,0,0.3297861244638217,0.37238165310594185,19,interleaved
19112,112,0,0.481585813293101,0.4357275217356018,19,interleaved
19113,113,0,0.4533950049084806,0.4363088254686186,19,interleaved
19114,114,0,0.880438651825616,0.4049079005772386,19,interleaved
19115,115,0,0.8114391228696665,0.4329862293623431,19,interleaved
19116,116,0,0.502359080618633,0.28928458826203485,19,interleaved
19117,117,0,0.14682470317108806,0.47594480629380165,19,interleaved
19118,118,0,0.3532021616805509,0.5398992644423175,19,interleaved
19119,119,0,0.8867267827545875,0.2973949139983103,19,interleaved
19120,120,0,0.564551120873007,0.5202512731018414,19,interleaved
19121,121,0,0.11260629763235826,0.5689983587299083,19,interleaved
19122,122,0,0.5502423224882329,0.40171651222806604,19,interleaved
19123,123,0,0.2283062561436361,0.4960495323712727,19,interleaved
19124,124,0,0.6237646614093978,0.31383321712665,19,interleaved
19125,125,0,0.6662467352479096,0.36527221905608165,19,interleaved
19126,126,0,0.5216276480139639,0.3671159748130475,19,interleaved
19127,127,0,0.6825918807596094,0.4498474745836093,19,interleaved
19128,128,0,0.6936823273602053,0.3886698068689065,19,interleaved
19129,129,0,0.6078286961494758,0.3860894576299862,19,interleaved
19130,130,0,0.5465773431329122,0.48976505162618794,19,interleaved
19131,131,0,0.7765475919240823,0.5020103336578121,19,interleaved
19132,132,0,0.6425507039549213,0.5314094517827646,19,interleaved
19133,133,0,0.9700276808366249,0.5042122387273276,19,interleaved
19134,134,0,0.3809331870623984,0.41664432382693717,19,interleaved
19135,135,0,0.10009573935645093,0.361083868985344,19,interleaved
19136,136,0,0.42947878416224594,0.3781019895424922,19,interleaved
19137,137,0,0.7708663336784974,0.35923016386540363,19,interleaved
19138,138,0,0.42249473003812904,0.39775002138136467,19,interleaved
19139,139,0,0.3253980136084006,0.331858199455889,19,interleaved
19140,140,0,0.5077862006250313,0.46011413412433844,19,interleaved
19141,141,0,0.4266547762073102,0.4017629229797824,19,interleaved
19142,142,0,0.8264390839751583,0.37882552266345476,19,interleaved
19143,143,0,0.5444047473943818,0.401750467901828,19,interleaved
19144,144,0,0.5524814867518082,0.2323552280327219,19,interleaved
19145,145,0,0.8403081137256458,0.34127490005662875,19,interleaved
19146,146,0,0.74986005868359,0.31976720485187365,19,interleaved
19147,147,0,0.40074940452532964,0.5564548042010184,19,interleaved
19148,148,0,0.14502572679416928,0.5742992895700431,19,interleaved
19149,149,0,0.6648539045447066,0.3491914860307782,19,interleaved
19150,150,0,0.6923154919486042,0.36903770784311707,19,interleaved
19151,151,0,0.6023011813870521,0.41510906365456435,19,interleaved
19152,152,0,0.23321282595642373,0.4137723664216705,19,interleaved
19153,153,0,0.34926597623210814,0.4479700531230103,19,interleaved
19154,154,0,0.20426918190289603,0.42701752382359726,19,interleaved
19155,155,0,0.14327763014334816,0.5127615851388361,19,interleaved
19156,156,0,0.6412710872254352,0.4546155125387205,19,interleaved
19157,157,0,0.6322012577291477,0.35358589629824794,19,interleaved
19158,158,0,0.3683728195885041,0.34072515266625425,19,interleaved
19159,159,0,0.16329388277220813,0.32354267358091005,19,interleaved
19160,160,0,0.8670487499027975,0.359494480170243,19,interleaved
19161,161,0,0.32151463292886096,0.5774937386621769,19,interleaved
19162,162,0,0.48256286433393536,0.30873618280807985,19,interleaved
19163,163,0,0.28733379807624065,0.222761930633678,19,interleaved
19164,164,0,0.6278640389714019,0.39476890380023655,19,interleaved
19165,165,0,0.6855310518573463,0.3486041956649463,19,interleaved
19166,166,0,0.7519477446658944,0.310270048365002,19,interleaved
19167,167,0,0.33134133542117006,0.4361640924653165,19,interleaved
19168,168,0,0.21257890836733911,0.5077632042210224,19,interleaved
19169,169,0,0.8638935853924379,0.44658958081738465,19,interleaved
19170,170,0,0.46620899369906327,0.3473292515688152,19,interleaved
19171,171,0,0.6958992853912283,0.3558522942082031,19,interleaved
19172,172,0,0.2711187045013663,0.31608665500490585,19,interleaved
19173,173,0,0.6418241124852888,0.4714335188134439,19,interleaved
19174,174,0,0.5787983898243273,0.6341280068340086,19,interleaved
19175,175,0,0.9864845776774385,0.6745929728513718,19,interleaved
19176,176,0,0.5223356102683593,0.3696417644570373,19,interleaved
19177,177,0,0.6959918467427543,0.4047772125776108,19,interleaved
19178,178,0,0.37382560451853486,0.35065657762540636,19,interleaved
19179,179,0,0.6710467460862506,0.3886645522358912,19,interleaved
19180,180,0,0.6365712197905498,0.4017344079337701,19,interleaved
19181,181,0,0.4036234815767706,0.4419969350219952,19,interleaved
19182,182,0,0.8970007044902577,0.3869554425142078,19,interleaved
19183,183,0,0.43966931611829374,0.5226492426354673,19,interleaved
19184,184,0,0.9394793402171258,0.34504716752806736,19,interleaved
19185,185,0,0.15932220165714162,0.4623782680605206,19,interleaved
19186,186,0,0.7206814783580151,0.3520532436608719,19,interleaved
19187,187,0,0.895597704431237,0.3029979395895648,19,interleaved
19188,188,0,0.8984714488811911,0.30429412641418224,19,interleaved
19189,189,0,0.13330939815884035,0.5089106066788331,19,interleaved
19190,190,0,0.8724491756169251,0.29685833295494113,19,interleaved
19191,191,0,0.10938561316373197,0.34047155817050767,19,interleaved
19192,192,0,0.9240579427040101,0.2469941446467313,19,interleaved
19193,193,0,0.6587806775465032,0.33240827828245556,19,interleaved
19194,194,0,0.6664571185882664,0.4475659511010198,19,interleaved
19195,195,0,0.7013398819341361,0.5349121097778493,19,interleaved
19196,196,0,0.12132620037837917,0.40269559924041,19,interleaved
19197,197,0,0.48919356294308725,0.3044292736183317,19,interleaved
19198,198,0,0.23751540814580294,0.3979957065743233,19,interleaved
19199,199,0,0.9186730745245973,0.31411478113013247,19,interleaved
19200,0,0,0.478076473258835,0.7018447685035978,19,blocked
19201,1,0,0.550474813237182,0.6997506270852594,19,blocked
19202,2,0,0.5015614624671264,0.5272209056586499,19,blocked
19203,3,0,0.39875253855471776,0.5583631909364575,19,blocked
19204,4,0,0.266717191408924,0.44680946706754826,19,blocked
19205,5,0,0.4832013271671316,0.5488540187053235,19,blocked
19206,6,0,0.8515939963966803,0.38093378451896964,19,blocked
19207,7,0,0.6928830625697733,0.5498718041209294,19,blocked
19208,8,0,0.829971911124983,0.5833550517451642,19,blocked
19209,9,0,0.4637444886926118,0.5691436896711447,19,blocked
19210,10,0,0.7878574582543099,0.34671820328402725,19,blocked
19211,11,0,0.9376746748824447,0.4284174058734242,19,blocked
19212,12,0,0.5234642479699096,0.5111811897390238,19,blocked
19213,13,0,0.3421454105050201,0.4837556201378801,19,blocked
19214,14,0,0.7257613666586616,0.5439408939906586,19,blocked
19215,15,0,0.6475869405001373,0.4447988600859644,19,blocked
19216,16,0,0.30715414836980276,0.7445529829185864,19,blocked
19217,17,0,0.9715270321553113,0.4592187097264243,19,blocked
19218,18,0,0.734469370886438,0.4663113563507201,19,blocked
19219,19,0,0.4933680129014248,0.5994664348570009,19,blocked
19220,20,0,0.5597046381118074,0.5755715912073431,19,blocked
19221,21,0,0.789163241579253,0.4286475815663111,19,blocked
19222,22,0,0.7358726712336542,0.4422270026787348,19,blocked
19223,23,0,0.28726202109721233,0.5190095585776546,19,blocked
19224,24,0,0.5307204429403921,0.30731181209301395,19,blocked
19225,25,0,0.4887046438168107,0.5081980297347003,19,blocked
19226,26,0,0.8894811674378962,0.5848785390175064,19,blocked
19227,27,0,0.18955807372414113,0.6575632446003914,19,blocked
19228,28,0,0.5097185558023533,0.5079201339759587,19,blocked
19229,29,0,0.8950604260523864,0.47229163007080366,19,blocked
19230,30,0,0.4524659470669097,0.46557589924489695,19,blocked
19231,31,0,0.5300662565306373,0.49762153496142064,19,blocked
19232,32,0,0.6742391273364803,0.4136101005434615,19,blocked
19233,33,0,0.3142112496328368,0.40349563151897494,19,blocked
19234,34,0,0.4933138993320465,0.5400229930493617,19,blocked
19235,35,0,0.6011224513841842,0.35554805463726846,19,blocked
19236,36,0,0.7517075619333253,0.49381736232452333,19,blocked
19237,37,0,0.5120516288499284,0.3818701221131193,19,blocked
19238,38,0,0.635796413756586,0.46090454418163884,19,blocked
19239,39,0,0.5676394166833818,0.4891430551603464,19,blocked
19240,40,0,0.7024706519197925,0.52350275860304,19,blocked
19241,41,0,0.9387833536975656,0.29858486382517335,19,blocked
19242,42,0,0.9342156670026738,0.35545735516177085,19,blocked
19243,43,0,0.3679441662400836,0.5259991596737033,19,blocked
19244,44,0,0.6697593156707367,0.35600604125846563,19,blocked
19245,45,0,0.7997805037528152,0.388313436179404,19,blocked
19246,46,0,0.9294472252764883,0.5377381953618233,19,blocked
19247,47,0,0.20388600462692877,0.46874865258018494,19,blocked
19248,48,0,0.24207319344835942,0.4389378300061971,19,blocked
19249,49,0,0.3210775780473346,0.5565468231479577,19,blocked
19250,50,0,0.11792836867577453,0.48554627271259965,19,blocked
19251,51,0,0.5057086326704892,0.48480832700369797,19,blocked
19252,52,0,0.45375000295501794,0.7656517639169651,19,blocked
19253,53,0,0.9907861651591154,0.5041858184778624,19,blocked
19254,54,0,0.03422109699982553,0.46444996039690734,19,blocked
19255,55,0,0.03889555278537706,0.5411874382856843,19,blocked
19256,56,0,0.5657297550417559,0.5306770636843139,19,blocked
19257,57,0,0.7795982981946746,0.5905256041077904,19,blocked
19258,58,0,0.47910092354408645,0.7870388829397726,19,blocked
19259,59,0,0.8685836205569728,0.4440367412941645,19,blocked
19260,60,0,0.1626415213143608,0.3581714560811968,19,blocked
19261,61,0,0.2864033023226431,0.33702920950518406,19,blocked
19262,62,0,0.5732441391077653,0.6403718466893878,19,blocked
19263,63,0,0.7038682241471137,0.47400918134644193,19,blocked
19264,64,0,0.635309809838414,0.4575675199660373,19,blocked
19265,65,0,0.26326346896293307,0.5303819765906802,19,blocked
19266,66,0,0.9785672669144535,0.7752416590535071,19,blocked
19267,67,0,0.9779103488207859,0.4744728202843894,19,blocked
19268,68,0,0.1254829025421006,0.4747103456865116,19,blocked
19269,69,0,0.18170614752824465,0.6238929143586213,19,blocked
19270,70,0,0.9063072403661541,0.3630080210911121,19,blocked
19271,71,0,0.10587770439417933,0.5525232153702799,19,blocked
19272,72,0,0.8849223438484524,0.32075238825942387,19,blocked
19273,73,0,0.7219005172209747,0.35177019074689453,19,blocked
19274,74,0,0.4162538798171398,0.44024097483469704,19,blocked
19275,75,0,0.8633319159196713,0.42270166495746325,19,blocked
19276,76,0,0.5915783386957554,0.5316015522986166,19,blocked
19277,77,0,0.8969879271901824,0.35767537009242645,19,blocked
19278,78,0,0.6841500772841647,0.5829143698475703,19,blocked
19279,79,0,0.02081796482003531,0.6740844962547718,19,blocked
19280,80,0,0.3224435353818196,0.5844825148197959,19,blocked
19281,81,0,0.42246282809414465,0.478848533405408,19,blocked
19282,82,0,0.5211483076414548,0.5189988833092787,19,blocked
19283,83,0,0.20275426694631032,0.44989412941606527,19,blocked
19284,84,0,0.4656416821507856,0.45332369400073924,19,blocked
19285,85,0,0.4868290085410465,0.48096445987596737,19,blocked
19286,86,0,0.5781289511021084,0.43994794840975615,19,blocked
19287,87,0,0.671581537481812,0.40073779062487064,19,blocked
19288,88,0,0.4549137710405075,0.5266675584414041,19,blocked
19289,89,0,0.48215109401313827,0.42708704604584435,19,blocked
19290,90,0,0.5468400510160918,0.49771707956542294,19,blocked
19291,91,0,0.3917077075978602,0.6565784588763584,19,blocked
19292,92,0,0.5847036580029534,0.4155291992940857,19,blocked
19293,93,0,0.5305709192862036,0.3553149079668731,19,blocked
19294,94,0,0.3776355057865541,0.43895351099705027,19,blocked
19295,95,0,0.2569804599280683,0.44914292768893266,19,blocked
19296,96,0,0.3841503439997248,0.5330312493408523,19,blocked
19297,97,0,0.5310688819700532,0.43048923415294454,19,blocked
19298,98,0,0.4910713161509105,0.44479791718308137,19,blocked
19299,99,0,0.701005305577741,0.4209524025366021,19,blocked
19300,100,0,0.6832242867322831,0.2683080406432919,19,blocked
19301,101,0,0.5323165538717827,0.5040649324230604,19,blocked
19302,102,0,0.3777482422335666,0.41425132318863206,19,blocked
19303,103,0,0.6981852230154678,0.47866962008104413,19,blocked
19304,104,0,0.35142194218731726,0.4319848115039493,19,blocked
19305,105,0,0.5232889920061523,0.35510533445577014,19,blocked
19306,106,0,0.7808620570361804,0.37835653034499656,19,blocked
19307,107,0,0.6879558820566362,0.3518627157586395,19,blocked
19308,108,0,0.6055702758019017,0.31071202037286316,19,blocked
19309,109,0,0.5370631647887087,0.4877782328289173,19,blocked
19310,110,0,0.5878291053793855,0.5393974713304209,19,blocked
19311,111,0,0.7548720039526419,0.4146483256284221,19,blocked
19312,112,0,0.7945601077304425,0.41018078346526543,19,blocked
19313,113,0,0.9281710776027094,0.3342976429392672,19,blocked
19314,114,0,0.8795972310272877,0.37622672940373547,19,blocked
19315,115,0,0.6222813281795595,0.32004308836287504,19,blocked
19316,116,0,0.6539401081664324,0.3105589997557777,19,blocked
19317,117,0,0.646271711882541,0.5310140214541853,19,blocked
19318,118,0,0.6368189492628604,0.39556013386247935,19,blocked
19319,119,0,0.7256542684755821,0.3579889710610358,19,blocked
19320,120,0,0.43637734124662264,0.6636080755656559,19,blocked
19321,121,0,0.9796964003782869,0.32320368387207343,19,blocked
19322,122,0,0.8027040897646278,0.4045616784191213,19,blocked
19323,123,0,0.017560298759274968,0.6118376094940483,19,blocked
19324,124,0,0.45945240951237454,0.48771614227868365,19,blocked
19325,125,0,0.3770366757236451,0.4460224333852921,19,blocked
19326,126,0,0.09450979019344657,0.38107090752245915,19,blocked
19327,127,0,0.2565743883551752,0.4423572455042239,19,blocked
19328,128,0,0.22237971494482928,0.35059568873581826,19,blocked
19329,129,0,0.5194812126819598,0.35571282992520514,19,blocked
19330,130,0,0.7369053164972481,0.38167812500124837,19,blocked
19331,131,0,0.9295226858858162,0.36039213612954557,19,blocked
19332,132,0,0.2088514866658055,0.3673684348609969,19,blocked
19333,133,0,0.31946980910577855,0.46784454854300656,19,blocked
19334,134,0,0.3170518529826139,0.3178368579825579,19,blocked
19335,135,0,0.6673600414769008,0.44290701219770523,19,blocked
19336,136,0,0.08995562436998167,0.3287396378967043,19,blocked
19337,137,0,0.9021637869357905,0.3543801957997176,19,blocked
19338,138,0,0.9471468224276738,0.40262280416193297,19,blocked
19339,139,0,0.057731999260677694,0.6049242344719948,19,blocked
19340,140,0,0.9323886788670074,0.546633678061824,19,blocked
19341,141,0,0.9131789068016029,0.38671173902851913,19,blocked
19342,142,0,0.5244656847127692,0.49333904652598937,19,blocked
19343,143,0,0.3587762256511741,0.4712115127216344,19,blocked
19344,144,0,0.7857678055074132,0.539097487899388,19,blocked
19345,145,0,0.8358096409933848,0.2944821046127122,19,blocked
19346,146,0,0.4150216524442222,0.3690575611701076,19,blocked
19347,147,0,0.5806702918397295,0.22361065912351297,19,blocked
19348,148,0,0.6757100326717249,0.409999055387919,19,blocked
19349,149,0,0.8287798185371471,0.41928919505177237,19,blocked
19350,150,0,0.570919956620952,0.4225958189561574,19,blocked
19351,151,0,0.09614888381824518,0.5182175589648645,19,blocked
19352,152,0,0.775113864908082,0.2564142869277054,19,blocked
19353,153,0,0.746238731068768,0.21157028111156162,19,blocked
19354,154,0,0.6309815376322443,0.3973689335948084,19,blocked
19355,155,0,0.9251794114014202,0.3222263480591474,19,blocked
19356,156,0,0.979921091606004,0.29701159791083354,19,blocked
19357,157,0,0.980527281278083,0.2683280448386651,19,blocked
19358,158,0,0.24152906809118277,0.24443322019584304,19,blocked
19359,159,0,0.5957624668340856,0.3875311482423314,19,blocked
19360,160,0,0.4758032965706257,0.49447830255877473,19,blocked
19361,161,0,0.4521527688997025,0.47758514027257737,19,blocked
19362,162,0,0.6744476194904712,0.34793988562653433,19,blocked
19363,163,0,0.30089387715628274,0.34013484040104747,19,blocked
19364,164,0,0.5002894324541484,0.3171098480283508,19,blocked
19365,165,0,0.8236610277452905,0.18680105990472295,19,blocked
19366,166,0,0.8935019034538252,0.29870534691270345,19,blocked
19367,167,0,0.4830847465113568,0.48702810058560114,19,blocked
19368,168,0,0.37210334772461684,0.5436086288843165,19,blocked
19369,169,0,0.45183171427471946,0.24860800373620545,19,blocked
19370,170,0,0.21981019973826676,0.33082591495482394,19,blocked
19371,171,0,0.26140579303007455,0.3389278194541203,19,blocked
19372,172,0,0.5316947986989405,0.3965325314387368,19,blocked
19373,173,0,0.39670121619948007,0.3399991726200417,19,blocked
19374,174,0,0.3184580487385342,0.4157303581704629,19,blocked
19375,175,0,0.49443941524815344,0.40074917764137813,19,blocked
19376,176,0,0.4622070388157529,0.42463823064269113,19,blocked
19377,177,0,0.5225400587701359,0.4543323604180425,19,blocked
19378,178,0,0.4030048221063334,0.41211853751698463,19,blocked
19379,179,0,0.5807514575954804,0.43404427311177585,19,blocked
19380,180,0,0.9817173483025734,0.32150459197687326,19,blocked
19381,181,0,0.21261720420420965,0.3700225055858443,19,blocked
19382,182,0,0.858666914923871,0.39486135387647636,19,blocked
19383,183,0,0.6391101362091036,0.3192366733152911,19,blocked
19384,184,0,0.7931934785148398,0.29980216692019923,19,blocked
19385,185,0,0.47392248228206585,0.4146060970015778,19,blocked
19386,186,0,0.32205955020080135,0.3280391087302249,19,blocked
19387,187,0,0.9464425982558773,0.4617818695676612,19,blocked
19388,188,0,0.48299195658585825,0.4019093496091988,19,blocked
19389,189,0,0.2573307955296333,0.4838198451310289,19,blocked
19390,190,0,0.27365648413989935,0.5667700825192539,19,blocked
19391,191,0,0.1497186045393552,0.5514039330598802,19,blocked
19392,192,0,0.6642892571956562,0.36955825452207913,19,blocked
19393,193,0,0.441755247997902,0.4658852551042766,19,blocked
19394,194,0,0.19692223011528054,0.4598436526277388,19,blocked
19395,195,0,0.7306202541455447,0.5405664136427919,19,blocked
19396,196,0,0.8067416431307657,0.3510377075155765,19,blocked
19397,197,0,0.7082185551464313,0.4670823640278404,19,blocked
19398,198,0,0.9047722610148603,0.3435753884791589,19,blocked
19399,199,0,0.6976893884999253,0.3548479375609967,19,blocked
19400,0,0,0.21890190874107907,0.9383109570784787,19,early
19401,1,0,0.3847989239516454,0.6520514235117282,19,early
19402,2,0,0.26622801331515145,0.6555407410215319,19,early
19403,3,0,0.4300107875135346,0.5586880246176769,19,early
19404,4,0,0.547478734181339,0.5742949646533368,19,early
19405,5,0,0.12433408042946867,0.5537459458375509,19,early
19406,6,0,0.26516695764230047,0.5082853631964117,19,early
19407,7,0,0.8927583443064445,0.3997123126040648,19,early
19408,8,0,0.9588729861653282,0.46361504610912596,19,early
19409,9,0,0.9502825457581933,0.4785847704168744,19,early
19410,10,0,0.12548856812712167,0.6696444700748905,19,early
19411,11,0,0.4631311233267286,0.5659153640731776,19,early
19412,12,0,0.3498529623543653,0.5079287821532728,19,early
19413,13,0,0.5611880650869294,0.5412624409895843,19,early
19414,14,0,0.408320586277761,0.32020138871721615,19,early
19415,15,0,0.6141858151528906,0.502995564825045,19,early
19416,16,0,0.6730676151446024,0.4059788319640436,19,early
19417,17,0,0.7599641042443223,0.4628896625013976,19,early
19418,18,0,0.8173577750096193,0.41656784188298823,19,early
19419,19,0,0.41242941133219413,0.5412861153948637,19,early
19420,20,0,0.7849277710151187,0.4851575101114476,19,early
19421,21,0,0.600919334066178,0.47546844516388237,19,early
19422,22,0,0.2961257663100263,0.5526592251195468,19,early
19423,23,0,0.35810803932836266,0.7716224276689074,19,early
19424,24,0,0.6954049163477918,0.6040453001959181,19,early
19425,25,0,0.10567279613123381,0.5452020111395355,19,early
19426,26,0,0.5104766868335269,0.5843406003507001,19,early
19427,27,0,0.2936168364328092,0.621561521340031,19,early
19428,28,0,0.6338204971419306,0.49643496338046206,19,early
19429,29,0,0.9231310395738747,0.5336785032672772,19,early
19430,30,0,0.8817417510393928,0.45654983350773404,19,early
19431,31,0,0.07918537846890553,0.5983723351681107,19,early
19432,32,0,0.6632802748458427,0.4590953034617219,19,early
19433,33,0,0.18641037694123547,0.6582422101511614,19,early
19434,34,0,0.29621555645176273,0.7323955492842698,19,early
19435,35,0,0.754726704342749,0.45010243359193314,19,early
19436,36,0,0.545138715051164,0.5961218647026232,19,early
19437,37,0,0.6537937534278214,0.4246335810250025,19,early
19438,38,0,0.6476164561268907,0.4106159837914052,19,early
19439,39,0,0.9172730569298244,0.49622943859278157,19,early
19440,40,0,0.5103831313963847,0.6152359342905638,19,early
19441,41,0,0.15675318005820857,0.6199714821602715,19,early
19442,42,0,0.4766486160338678,0.6224648236891038,19,early
19443,43,0,0.18110703508816364,0.5371690100384545,19,early
19444,44,0,0.5828025618041774,0.4449825839136142,19,early
19445,45,0,0.9156725266208602,0.4988908622852967,19,early
19446,46,0,0.2486177486282818,0.5191218649296917,19,early
19447,47,0,0.158113868530588,0.5835403165634647,19,early
19448,48,0,0.4986388769243869,0.4681437069328035,19,early
19449,49,0,0.5370114985908122,0.5606398251157136,19,early
19450,50,0,0.43533119154928307,0.7291304214044738,19,early
19451,51,0,0.43579037787825925,0.43266259074092434,19,early
19452,52,0,0.5950276782079538,0.4404968302278538,19,early
19453,53,0,0.047838449761159335,0.7178499811766552,19,early
19454,54,0,0.5528085923317124,0.6233220428408014,19,early
19455,55,0,0.6714243858706288,0.5135183781696366,19,early
19456,56,0,0.5800404606361123,0.38191209223441624,19,early
19457,57,0,0.46719426558776717,0.5007120915526551,19,early
19458,58,0,0.5678579781449432,0.41903237860315684,19,early
19459,59,0,0.1374320234638604,0.4950635536309633,19,early
19460,60,0,0.3563257235253376,0.5520657687184642,19,early
19461,61,0,0.4425723780797449,0.43381329911551136,19,early
19462,62,0,0.3413955136568614,0.503198563966514,19,early
19463,63,0,0.49074488038955094,0.5278329132989418,19,early
19464,64,0,0.6413980560810022,0.3287342707940631,19,early
19465,65,0,0.7001252738193571,0.3980498070933898,19,early
19466,66,0,0.6604928789943203,0.46091093930451593,19,early
19467,67,0,0.17871741455337187,0.4891209199821541,19,early
19468,68,0,0.42716056122072965,0.4817897490803259,19,early
19469,69,0,0.705709378988562,0.5204059534876038,19,early
19470,70,0,0.008446708011044723,0.5134644966205352,19,early
19471,71,0,0.27654717942983437,0.5049568371036057,19,early
19472,72,0,0.37237363433108656,0.5050502563571203,19,early
19473,73,0,0.44681069174935606,0.5951762032143112,19,early
19474,74,0,0.6066510337457957,0.5289174713288627,19,early
19475,75,0,0.15994174598577415,0.6305865366744333,19,early
19476,76,0,0.54259535864152,0.37495752089052503,19,early
19477,77,0,0.21367947408784402,0.5150807697780776,19,early
19478,78,0,0.7421230654593124,0.5130300049881799,19,early
19479,79,0,0.5901529419652026,0.4984169204444381,19,early
19480,80,0,0.5561427341356598,0.3918334814670975,19,early
19481,81,0,0.4797745251635598,0.5140274086432083,19,early
19482,82,0,0.15818680205745095,0.5540425547524515,19,early
19483,83,0,0.3172849672263184,0.5112390953972131,19,early
19484,84,0,0.4758295008468387,0.39228559032193683,19,early
19485,85,0,0.43739047094410943,0.30118959094900455,19,early
19486,86,0,0.39736797283935055,0.6682116441761768,19,early
19487,87,0,0.5769505270646322,0.31308717167740696,19,early
19488,88,0,0.9562490523593007,0.4466929587183782,19,early
19489,89,0,0.74260401468232,0.4899132756472649,19,early
19490,90,0,0.4302120806751888,0.5318921324373247,19,early
19491,91,0,0.6982777965307284,0.4865287605829035,19,early
19492,92,0,0.5157922044556497,0.34501220938671323,19,early
19493,93,0,0.37585390727808415,0.5302437660243399,19,early
19494,94,0,0.5396527416343402,0.49853716902280487,19,early
19495,95,0,0.7925687583514273,0.3815710487667977,19,early
19496,96,0,0.5883545863716353,0.5241869560753636,19,early
19497,97,0,0.8870268983239497,0.41931964989118303,19,early
19498,98,0,0.7076714125830973,0.3412085437776127,19,early
19499,99,0,0.599249111201702,0.6124757410884824,19,early
19500,100,0,0.5802687999395151,0.4198427564804734,19,early
19501,101,0,0.5193007563539617,0.3988904680191893,19,early
19502,102,0,0.8619521471281288,0.41589044328755126,19,early
19503,103,0,0.7393021952638178,0.4519580434743704,19,early
19504,104,0,0.2507310990260239,0.5394677060102337,19,early
19505,105,0,0.6165473041832302,0.5736729731999781,19,early
19506,106,0,0.2445198410113609,0.4235060847901517,19,early
19507,107,0,0.017920169606717787,0.7702102443513898,19,early
19508,108,0,0.5069441502309344,0.39336573668729585,19,early
19509,109,0,0.06796712597511577,0.45354760445742326,19,early
19510,110,0,0.28489314169317786,0.5300621391354295,19,early
19511,111,0,0.5584473227059578,0.4153651950200141,19,early
19512,112,0,0.8546507298970947,0.2993864839768917,19,early
19513,113,0,0.971825950076795,0.2655408153318622,19,early
19514,114,0,0.6873239690269399,0.3749181069434875,19,early
19515,115,0,0.977797852528982,0.3885803633146806,19,early
19516,116,0,0.7220004026484268,0.36601655686214174,19,early
19517,117,0,0.4937653376210274,0.6019563346967044,19,early
19518,118,0,0.7862132431847957,0.3362095036268327,19,early
19519,119,0,0.13397257766642806,0.49304024519769346,19,early
19520,120,0,0.7149247416662385,0.35079251809562817,19,early
19521,121,0,0.6662728667924677,0.44980209405667754,19,early
19522,122,0,0.6288778696072809,0.45016207064384284,19,early
19523,123,0,0.5125144727851232,0.5128332436729949,19,early
19524,124,0,0.4436953333800919,0.6086819422747507,19,early
19525,125,0,0.2596448148035846,0.5276454725920683,19,early
19526,126,0,0.7410306339984194,0.5147024728371066,19,early
19527,127,0,0.41323365286736385,0.3952915748418313,19,early
19528,128,0,0.3368534227928409,0.35119059183394485,19,early
19529,129,0,0.4972360467751642,0.33051671571248287,19,early
19530,130,0,0.5398807614820954,0.37063619085662736,19,early
19531,131,0,0.3102095307018311,0.4387102489174991,19,early
19532,132,0,0.7456525784264416,0.36650187746691976,19,early
19533,133,0,0.6409958080120153,0.37393215297092286,19,early
19534,134,0,0.7982493984213692,0.4227365638434423,19,early
19535,135,0,0.6410063218643631,0.437186336883361,19,early
19536,136,0,0.30288070766548614,0.6769050375648944,19,early
19537,137,0,0.40368650716065413,0.5265565240518395,19,early
19538,138,0,0.2407973044220122,0.4142208907150102,19,early
19539,139,0,0.8021191336132805,0.3096489094341774,19,early
19540,140,0,0.5438275793900638,0.3710348292852784,19,early
19541,141,0,0.8523930347908457,0.4492263104467974,19,early
19542,142,0,0.7126871318922066,0.29549435951903097,19,early
19543,143,0,0.5485802329127331,0.6860008788334889,19,early
19544,144,0,0.4759825456897426,0.38467583563671515,19,early
19545,145,0,0.8865631983535802,0.4463753331795144,19,early
19546,146,0,0.5926578963928677,0.5653922324074847,19,early
19547,147,0,0.7798473989268216,0.446879723313437,19,early
19548,148,0,0.599795407908166,0.4070163003480836,19,early
19549,149,0,0.6452180629966171,0.5409299641896768,19,early
19550,150,0,0.4436489351725117,0.49162234258228865,19,early
19551,151,0,0.29867388357439284,0.4968974887049785,19,early
19552,152,0,0.489302396099044,0.3355618678260027,19,early
19553,153,0,0.6460601853742508,0.3208278993369744,19,early
19554,154,0,0.7334433179771922,0.36443387027267293,19,early
19555,155,0,0.22662077136867897,0.3542326392394204,19,early
19556,156,0,0.47641290130807235,0.47374835139961663,19,early
19557,157,0,0.35285348898312496,0.5756801128018825,19,early
19558,158,0,0.6939849486042482,0.34318641255678817,19,early
19559,159,0,0.5976345323331991,0.38273183316636716,19,early
19560,160,0,0.280858540428505,0.3815010150238364,19,early
19561,161,0,0.6043197843484924,0.42222836240094297,19,early
19562,162,0,0.3812799193272178,0.6009001530511271,19,early
19563,163,0,0.6298317807945022,0.37852113034919455,19,early
19564,164,0,0.37945636949076733,0.46679452779693204,19,early
19565,165,0,0.7268342046522568,0.4515330825980448,19,early
19566,166,0,0.4855519856728784,0.5472537044080227,19,early
19567,167,0,0.5207858289988656,0.3899323314474997,19,early
19568,168,0,0.6148592739742921,0.3608171169288581,19,early
19569,169,0,0.4127669872168147,0.5329645818554715,19,early
19570,170,0,0.6872794092985377,0.45123926226171907,19,early
19571,171,0,0.029891603510481514,0.451538979297486,19,early
19572,172,0,0.8530714123889018,0.2923088990798697,19,early
19573,173,0,0.4244632296661922,0.4058306837584101,19,early
19574,174,0,0.86157650743013,0.3027611043983195,19,early
19575,175,0,0.43271699136836833,0.44861322505875595,19,early
19576,176,0,0.4356876909407222,0.3860588942456034,19,early
19577,177,0,0.4027589871445541,0.35517950644941454,19,early
19578,178,0,0.8637776614888262,0.36718145655512724,19,early
19579,179,0,0.45199039809632957,0.3110788772656872,19,early
19580,180,0,0.6385122480266294,0.3454832265604429,19,early
19581,181,0,0.6556776909500635,0.5279416105695749,19,early
19582,182,0,0.8246261888488002,0.4315682869465151,19,early
19583,183,0,0.395174001774951,0.5386007178779065,19,early
19584,184,0,0.2799203436201841,0.42029590984250415,19,early
19585,185,0,0.7900328531956182,0.38109440801677674,19,early
19586,186,0,0.6791941136541173,0.4466645884340453,19,early
19587,187,0,0.7683378290627838,0.3579712713741403,19,early
19588,188,0,0.8645791832343414,0.33828640672988874,19,early
19589,189,0,0.4576314821830948,0.7274631298439227,19,early
19590,190,0,0.576192765263623,0.42674545669730246,19,early
19591,191,0,0.7231509859398174,0.47876740768935666,19,early
19592,192,0,0.5051254119468167,0.5628372238824232,19,early
19593,193,0,0.5362773317655185,0.5511989289452719,19,early
19594,194,0,0.41231567492187005,0.4614796797508575,19,early
19595,195,0,0.4695944287414684,0.3603041082657535,19,early
19596,196,0,0.6877821669019117,0.5088283426791282,19,early
19597,197,0,0.5273485517893378,0.33492543227832655,19,early
19598,198,0,0.62772700945851,0.2929996694376831,19,early
19599,199,0,0.5727046878611922,0.37991345561208434,19,early
19600,0,0,0.9165583348497137,0.6702910362376301,19,middle
19601,1,0,0.4735914452866058,0.6328136114175997,19,middle
19602,2,0,0.18672864418264548,0.7506942200609178,19,middle
19603,3,0,0.37575117336183683,0.6805941757004916,19,middle
19604,4,0,0.6162155848860557,0.6518612534989218,19,middle
19605,5,0,0.787584150675207,0.40374899144766424,19,middle
19606,6,0,0.7128382145023302,0.5224625738802158,19,middle
19607,7,0,0.8898591633815489,0.5061337130468118,19,middle
19608,8,0,0.5032314891264124,0.4909608249980591,19,middle
19609,9,0,0.07018972981179478,0.4562654942918693,19,middle
19610,10,0,0.3447828114949021,0.498875061270471,19,middle
19611,11,0,0.23091877231153574,0.509447835460973,19,middle
19612,12,0,0.9229301203026625,0.386688388561069,19,middle
19613,13,0,0.3875150394281894,0.4168102290070903,19,middle
19614,14,0,0.6992196156980774,0.518962788791902,19,middle
19615,15,0,0.08555327323127097,0.5436943246650807,19,middle
19616,16,0,0.33089742733460764,0.543606999197457,19,middle
19617,17,0,0.061905349123204785,0.47239577632500773,19,middle
19618,18,0,0.4233220508457304,0.45468551555048775,19,middle
19619,19,0,0.867617627277538,0.5178991516055804,19,middle
19620,20,0,0.88717320142567,0.56944030922898,19,middle
19621,21,0,0.9337052992178706,0.288374117971417,19,middle
19622,22,0,0.4520123272131031,0.46245299220601005,19,middle
19623,23,0,0.8721180823494181,0.42442075017740455,19,middle
19624,24,0,0.5020264563560257,0.676843923437005,19,middle
19625,25,0,0.8708418989474129,0.37148834699749556,19,middle
19626,26,0,0.5090576979934539,0.46398723646069184,19,middle
19627,27,0,0.20118840483191838,0.4581336091405813,19,middle
19628,28,0,0.63933361177845,0.3446156709028063,19,middle
19629,29,0,0.824900516354006,0.4943521473784604,19,middle
19630,30,0,0.5491897004930024,0.5077911777509945,19,middle
19631,31,0,0.10594237935793452,0.44376077280139326,19,middle
19632,32,0,0.5477684246642213,0.46475309762991557,19,middle
19633,33,0,0.04811235155630161,0.6685152396644148,19,middle
19634,34,0,0.6232900604647511,0.3707818779804657,19,middle
19635,35,0,0.7032643664061484,0.5898767967313603,19,middle
19636,36,0,0.47632688554334257,0.4826701255392491,19,middle
19637,37,0,0.9448157508920427,0.45193670085799587,19,middle
19638,38,0,0.48810831707966545,0.3926439431314721,19,middle
19639,39,0,0.94065219278947,0.4278830065928141,19,middle
19640,40,0,0.6141900275148716,0.35972485782149766,19,middle
19641,41,0,0.7900043070214693,0.39428384522401727,19,middle
19642,42,0,0.6673459651240559,0.4998935260883575,19,middle
19643,43,0,0.822905875803447,0.3934037408763521,19,middle
19644,44,0,0.5376164998702796,0.41943249516206815,19,middle
19645,45,0,0.3874169899050207,0.3995174044978307,19,middle
19646,46,0,0.3390429376370274,0.46102209727514054,19,middle
19647,47,0,0.3935340155301113,0.4388188579293526,19,middle
19648,48,0,0.47316376303555613,0.34029287109207185,19,middle
19649,49,0,0.5638902827499908,0.5781974258128808,19,middle
19650,50,0,0.5183670380760408,0.578107884948627,19,middle
19651,51,0,0.6792035602285842,0.3826884067107448,19,middle
19652,52,0,0.4981335578052436,0.6587289680440238,19,middle
19653,53,0,0.5854652340313223,0.48780525093192445,19,middle
19654,54,0,0.4738276634006308,0.46489849230379343,19,middle
19655,55,0,0.6154496575083439,0.4833060929345264,19,middle
19656,56,0,0.5121307811281767,0.5086741758708102,19,middle
19657,57,0,0.687115470138386,0.5040918456276877,19,middle
19658,58,0,0.5270622770397277,0.487823126070136,19,middle
19659,59,0,0.659899069332883,0.37338795382304596,19,middle
19660,60,0,0.6886796907413361,0.4296012374577847,19,middle
19661,61,0,0.5774847578014614,0.49956852187613693,19,middle
19662,62,0,0.4749652397492552,0.3749306060292664,19,middle
19663,63,0,0.4276479728989809,0.48027523410659045,19,middle
19664,64,0,0.37204989088239776,0.3556127702395729,19,middle
19665,65,0,0.5508727082275156,0.39555862996221824,19,middle
19666,66,0,0.48063755751792187,0.3748740340005732,19,middle
19667,67,0,0.8413393188669192,0.4040740408903531,19,middle
19668,68,0,0.46761190027798666,0.26186207300611214,19,middle
19669,69,0,0.5728600184971574,0.6205531711040062,19,middle
19670,70,0,0.31180576340877,0.6439483952666795,19,middle
19671,71,0,0.5021064078072822,0.6438304928106022,19,middle
19672,72,0,0.7569477795775086,0.4449522494053583,19,middle
19673,73,0,0.8388878264442705,0.34500803172897354,19,middle
19674,74,0,0.6627192165679396,0.5655545066971857,19,middle
19675,75,0,0.4003392567421369,0.4819021270726551,19,middle
19676,76,0,0.893451806706957,0.396311471257675,19,middle
19677,77,0,0.4759005516875627,0.5887278807446539,19,middle
19678,78,0,0.9369590031486029,0.5209404459595546,19,middle
19679,79,0,0.46773669815928487,0.31799111794153534,19,middle
19680,80,0,0.12967517206696985,0.48734897525376764,19,middle
19681,81,0,0.0449709586727659,0.4236113330191334,19,middle
19682,82,0,0.07945146437243118,0.5255901652612915,19,middle
19683,83,0,0.18264346844702656,0.5143141109123036,19,middle
19684,84,0,0.6820033024561,0.34300579267937426,19,middle
19685,85,0,0.8571955202823922,0.3352633071824693,19,middle
19686,86,0,0.08055243052040738,0.4685096010593742,19,middle
19687,87,0,0.6180099632229676,0.3715184427706482,19,middle
19688,88,0,0.9361885425570087,0.23568918278525378,19,middle
19689,89,0,0.8973547402958366,0.255105754423519,19,middle
19690,90,0,0.03163132332058903,0.5435615292869019,19,middle
19691,91,0,0.12535436353552734,0.377505811702481,19,middle
19692,92,0,0.6935495664087132,0.20922441244878148,19,middle
19693,93,0,0.2994918333336351,0.4408111104389639,19,middle
19694,94,0,0.2278269294074583,0.37076718692340205,19,middle
19695,95,0,0.2238059424039398,0.451170554337083,19,middle
19696,96,0,0.07080225808358245,0.3742891265156718,19,middle
19697,97,0,0.5630478481180087,0.4678266456480577,19,middle
19698,98,0,0.46334551412374714,0.41391939087186347,19,middle
19699,99,0,0.7860437742534719,0.3589358968117248,19,middle
19700,100,0,0.7778507304032787,0.39901582226922444,19,middle
19701,101,0,0.9006313385862128,0.30569204412449935,19,middle
19702,102,0,0.16038580870673647,0.41349025543556617,19,middle
19703,103,0,0.9363865682114831,0.4408954479125317,19,middle
19704,104,0,0.32786199258037324,0.46024169275709603,19,middle
19705,105,0,0.5081049594589822,0.5145000065508585,19,middle
19706,106,0,0.7313958180559328,0.38521071673029095,19,middle
19707,107,0,0.7664333308666018,0.17814974564431968,19,middle
19708,108,0,0.20447519316844448,0.5112366517776089,19,middle
19709,109,0,0.7587067475775772,0.36031626065895106,19,middle
19710,110,0,0.22017731926261983,0.4298675788783677,19,middle
19711,111,0,0.9432021004380378,0.5468373677101086,19,middle
19712,112,0,0.14934473394691114,0.4469172892570412,19,middle
19713,113,0,0.36247426053606235,0.3648257010297653,19,middle
19714,114,0,0.7124976114112381,0.43737081955997337,19,middle
19715,115,0,0.9011263966067409,0.28485748607659417,19,middle
19716,116,0,0.9754648669517851,0.30850112137445096,19,middle
19717,117,0,0.05694964167315954,0.4391717364273888,19,middle
19718,118,0,0.9070654318003706,0.41260289300509656,19,middle
19719,119,0,0.045208520232636246,0.44346686192424983,19,middle
19720,120,0,0.5348455810433996,0.3279824236073323,19,middle
19721,121,0,0.18791811186680513,0.29998474935181113,19,middle
19722,122,0,0.3901727944451977,0.33933721236184405,19,middle
19723,123,0,0.059023706171607536,0.4639430987330063,19,middle
19724,124,0,0.4669198378199358,0.42744907953322175,19,middle
19725,125,0,0.5220252860479697,0.6224206021580443,19,middle
19726,126,0,0.4749725050472726,0.35474776007000675,19,middle
19727,127,0,0.9259015788360705,0.4119675026855466,19,middle
19728,128,0,0.567273806520235,0.44650701596155085,19,middle
19729,129,0,0.23173400781569842,0.39710722713844904,19,middle
19730,130,0,0.2668973136820406,0.31358529516421835,19,middle
19731,131,0,0.8465239425877642,0.3374510230871361,19,middle
19732,132,0,0.5590448075454302,0.3641730633127124,19,middle
19733,133,0,0.8102366798011609,0.44670920889494775,19,middle
19734,134,0,0.5360636796273227,0.5891245845309241,19,middle
19735,135,0,0.22959980726693657,0.4973918826905024,19,middle
19736,136,0,0.3013273753630445,0.5195897636138826,19,middle
19737,137,0,0.11456677169416123,0.2913355474193161,19,middle
19738,138,0,0.45464932849173517,0.37786819368203495,19,middle
19739,139,0,0.664148804677994,0.3876485972258482,19,middle
19740,140,0,0.381648707181459,0.4348324087677192,19,middle
19741,141,0,0.2953781041248395,0.5351924823102951,19,middle
19742,142,0,0.44704245432785733,0.37266109578990925,19,middle
19743,143,0,0.7319701251157802,0.5024334523045719,19,middle
19744,144,0,0.44816757965979387,0.3746535299226058,19,middle
19745,145,0,0.8779367091231625,0.2669036548912123,19,middle
19746,146,0,0.47453428428354527,0.40626888661847727,19,middle
19747,147,0,0.8668475930799335,0.34237263011807634,19,middle
19748,148,0,0.39267203080415414,0.36273727962849517,19,middle
19749,149,0,0.9559573719376615,0.3870084744262619,19,middle
19750,150,0,0.48815892679458656,0.4175023771573101,19,middle
19751,151,0,0.9249760545262968,0.35925939752094027,19,middle
19752,152,0,0.4845826752316571,0.34986847747461075,19,middle
19753,153,0,0.03615244151407544,0.4058757071030906,19,middle
19754,154,0,0.5944799951664042,0.23957236474945204,19,middle
19755,155,0,0.796364316627689,0.25491097622725284,19,middle
19756,156,0,0.6093768184825841,0.4191327170487948,19,middle
19757,157,0,0.1591131840937572,0.38835999553955847,19,middle
19758,158,0,0.18743250237718453,0.3681137828980474,19,middle
19759,159,0,0.10374433401555583,0.652680141680472,19,middle
19760,160,0,0.7501133102154209,0.26147997997222916,19,middle
19761,161,0,0.47915944127145493,0.5081422039644812,19,middle
19762,162,0,0.7262090894974015,0.3137860945672045,19,middle
19763,163,0,0.13707082422707492,0.5428230547820734,19,middle
19764,164,0,0.1321365563943419,0.47629661260612366,19,middle
19765,165,0,0.6127990298385849,0.35328711818197667,19,middle
19766,166,0,0.49326767675376304,0.5064876296200693,19,middle
19767,167,0,0.07740594623862339,0.399111348059195,19,middle
19768,168,0,0.44893014966307626,0.5336067792506631,19,middle
19769,169,0,0.2158301134187981,0.4408918816460339,19,middle
19770,170,0,0.6032610776655337,0.4888336759190782,19,middle
19771,171,0,0.04597297636133264,0.4224517938222373,19,middle
19772,172,0,0.9121837071116743,0.37013172079552004,19,middle
19773,173,0,0.5484930708636526,0.39147389909682107,19,middle
19774,174,0,0.561674282326264,0.27897852170141846,19,middle
19775,175,0,0.2987793641049084,0.3743975526418607,19,middle
19776,176,0,0.23016664635556028,0.41586100947942717,19,middle
19777,177,0,0.8260408483588647,0.3631233647426687,19,middle
19778,178,0,0.5297472265753057,0.3785175846130414,19,middle
19779,179,0,0.41045533021248315,0.46406503018901646,19,middle
19780,180,0,0.3914566317412128,0.3252230396748387,19,middle
19781,181,0,0.8854984834981365,0.2553713261776994,19,middle
19782,182,0,0.4639969520992097,0.35145910795454594,19,middle
19783,183,0,0.5767335829156853,0.4398875359834762,19,middle
19784,184,0,0.7084102498873868,0.3500341990118325,19,middle
19785,185,0,0.18150938919982212,0.46845773718471256,19,middle
19786,186,0,0.2702578023877584,0.3895361032498141,19,middle
19787,187,0,0.3903113804844939,0.4527628155640335,19,middle
19788,188,0,0.6115517293297932,0.4433951235047491,19,middle
19789,189,0,0.7614353612814333,0.3814889118176023,19,middle
19790,190,0,0.6569785299516412,0.3301110480413343,19,middle
19791,191,0,0.6329887770808384,0.25492243716170454,19,middle
19792,192,0,0.4870740804182804,0.3982788979685878,19,middle
19793,193,0,0.18132498089878024,0.40413919382754926,19,middle
19794,194,0,0.29779119479360505,0.3263899086804777,19,middle
19795,195,0,0.29896840556885995,0.28322674823127114,19,middle
19796,196,0,0.622303710700943,0.3480133313863582,19,middle
19797,197,0,0.7326515025209346,0.2934227938665404,19,middle
19798,198,0,0.25051506889674124,0.3874535012456449,19,middle
19799,199,0,0.8868190067043501,0.28258458993811975,19,middle
19800,0,0,0.4617787126058086,0.7500655233566551,19,late
19801,1,0,0.05671651379073408,0.5306851275879804,19,late
19802,2,0,0.6773896124644506,0.4455090081788812,19,late
19803,3,0,0.14600096163247256,0.630970641273322,19,late
19804,4,0,0.3615832832639994,0.529087171248182,19,late
19805,5,0,0.6763275445674657,0.5690114231692658,19,late
19806,6,0,0.6012589813279043,0.5480542924789353,19,late
19807,7,0,0.5725555892357928,0.40130722431005805,19,late
19808,8,0,0.2337404177568462,0.6681238898237287,19,late
19809,9,0,0.34906488226210336,0.5058276269293341,19,late
19810,10,0,0.760944208110282,0.616507391311381,19,late
19811,11,0,0.2982060167420761,0.6186761729580701,19,late
19812,12,0,0.8537182032621606,0.4110211576575645,19,late
19813,13,0,0.5306891981094667,0.4618269043926609,19,late
19814,14,0,0.1728363641454478,0.5048589093263767,19,late
19815,15,0,0.6244097518287521,0.5457707078321385,19,late
19816,16,0,0.7219342886236515,0.5341787914446958,19,late
19817,17,0,0.771084355977971,0.6874465276728693,19,late
19818,18,0,0.13480437824234176,0.6275302530415259,19,late
19819,19,0,0.23731821500252054,0.44331197489502727,19,late
19820,20,0,0.5210708353580514,0.3926558553753668,19,late
19821,21,0,0.48530437114720476,0.4649551086053548,19,late
19822,22,0,0.4872370160754813,0.4243806936488388,19,late
19823,23,0,0.6602486373143335,0.5036927005847144,19,late
19824,24,0,0.32204895605741335,0.4621929592581693,19,late
19825,25,0,0.3453598478175809,0.495467991289272,19,late
19826,26,0,0.45845223763961085,0.5372521330007529,19,late
19827,27,0,0.603929446923154,0.4633332511691632,19,late
19828,28,0,0.49438537191895543,0.39403787391837364,19,late
19829,29,0,0.15600621156251715,0.4023590498250288,19,late
19830,30,0,0.40821335702381845,0.647334365178025,19,late
19831,31,0,0.3679412049097456,0.6492000786691696,19,late
19832,32,0,0.5967179789776805,0.42007293579565186,19,late
19833,33,0,0.12710471056723455,0.4979599767383257,19,late
19834,34,0,0.671434654340786,0.5521181888113225,19,late
19835,35,0,0.4240835632230363,0.5276156215854043,19,late
19836,36,0,0.7311403323289773,0.5027361203234766,19,late
19837,37,0,0.6469886927607289,0.341174648825566,19,late
19838,38,0,0.6358914568426974,0.5370678949336469,19,late
19839,39,0,0.3134756465636488,0.4425110928567369,19,late
19840,40,0,0.7728069623473635,0.35904568635019574,19,late
19841,41,0,0.6242092048781176,0.5530610048090023,19,late
19842,42,0,0.4067834942059771,0.4486274728916718,19,late
19843,43,0,0.7198397208328566,0.48723759899290775,19,late
19844,44,0,0.4938024449241383,0.41236544708919953,19,late
19845,45,0,0.8176790208439552,0.500908960775548,19,late
19846,46,0,0.6499412187569792,0.5763283901682883,19,late
19847,47,0,0.21877925752278307,0.4707087639890072,19,late
19848,48,0,0.18556741652170622,0.557174260834178,19,late
19849,49,0,0.3860174474532334,0.4801893795853151,19,late
19850,50,0,0.4841497090640928,0.4550843377644229,19,late
19851,51,0,0.8595259920494086,0.4393084665007212,19,late
19852,52,0,0.8101145174758302,0.40617965442414355,19,late
19853,53,0,0.04428927907775786,0.531976863316421,19,late
19854,54,0,0.3836817932684642,0.5626504678270653,19,late
19855,55,0,0.5450049082741253,0.5943079835786398,19,late
19856,56,0,0.3732802901062591,0.4928747935839052,19,late
19857,57,0,0.22195542501638096,0.4782261058454297,19,late
19858,58,0,0.7981225354197539,0.37261767361173526,19,late
19859,59,0,0.5076299251419767,0.39600026393199583,19,late
19860,60,0,0.5413303975840712,0.3924795354973528,19,late
19861,61,0,0.30532985739736573,0.49884965867181275,19,late
19862,62,0,0.5430504202939713,0.3986765138594337,19,late
19863,63,0,0.5387191323094223,0.591860278974679,19,late
19864,64,0,0.2739848357796234,0.4614091981693973,19,late
19865,65,0,0.5525728522407476,0.4680669075472817,19,late
19866,66,0,0.37349421408247524,0.4909882586065253,19,late
19867,67,0,0.37850074740118644,0.47792960014351504,19,late
19868,68,0,0.39000682718258206,0.5228395357864617,19,late
19869,69,0,0.4572498196060971,0.5709617718045252,19,late
19870,70,0,0.483760531021145,0.48519708637945436,19,late
19871,71,0,0.7489205250605077,0.41475999412421793,19,late
19872,72,0,0.3053725736348093,0.45383176820899535,19,late
19873,73,0,0.4265768656626984,0.6044641981115858,19,late
19874,74,0,0.47108333781597866,0.4713848370007232,19,late
19875,75,0,0.854155091736648,0.6532805755563313,19,late
19876,76,0,0.5183587033657711,0.5000249703715621,19,late
19877,77,0,0.5676918320059767,0.6105848224739985,19,late
19878,78,0,0.13072186992803503,0.4501974761925834,19,late
19879,79,0,0.4058964556784287,0.34430448924114015,19,late
19880,80,0,0.3104676591448786,0.4529445798636225,19,late
19881,81,0,0.6139149543214588,0.6166918904405283,19,late
19882,82,0,0.6652914674926921,0.4980051908212033,19,late
19883,83,0,0.7299724721396889,0.28421592673323126,19,late
19884,84,0,0.47239313673413436,0.4218293651847047,19,late
19885,85,0,0.49806178691846764,0.4778147762000534,19,late
19886,86,0,0.4618690616611102,0.5444993530155248,19,late
19887,87,0,0.6013398403954978,0.404747099589713,19,late
19888,88,0,0.4734282284225081,0.4175905499079281,19,late
19889,89,0,0.5496796920364835,0.5471773664020062,19,late
19890,90,0,0.77763239147601,0.4072425697993155,19,late
19891,91,0,0.6075087938318631,0.4336911268008734,19,late
19892,92,0,0.5248363393945878,0.5910348164932888,19,late
19893,93,0,0.8372713631813836,0.34415980719643113,19,late
19894,94,0,0.27489270709656183,0.4568942189200335,19,late
19895,95,0,0.2715359746949478,0.4877265576499209,19,late
19896,96,0,0.7442739452882796,0.3017076512404684,19,late
19897,97,0,0.8181115880380975,0.48281376720869273,19,late
19898,98,0,0.4892317206115063,0.39334249918798414,19,late
19899,99,0,0.44837889720958835,0.6845245707585625,19,late
19900,100,0,0.613674387766219,0.48649484346556665,19,late
19901,101,0,0.4009032664867432,0.4533048617153426,19,late
19902,102,0,0.43297737026555105,0.4447624235253853,19,late
19903,103,0,0.6341423370434071,0.4929285732954062,19,late
19904,104,0,0.5701322565725815,0.3526115786787981,19,late
19905,105,0,0.625514352053713,0.43816970279656553,19,late
19906,106,0,0.3739504009632006,0.5800124705131704,19,late
19907,107,0,0.4601741873756554,0.47883895764706075,19,late
19908,108,0,0.44804408716753735,0.39792103319582606,19,late
19909,109,0,0.36561416975668987,0.5964061922681404,19,late
19910,110,0,0.3281043782425625,0.44213961936943674,19,late
19911,111,0,0.5271582751436763,0.4638641073424118,19,late
19912,112,0,0.5363619900517616,0.46330718027510054,19,late
19913,113,0,0.6687838524180595,0.4772553940972743,19,late
19914,114,0,0.4472369907608913,0.3724896122021816,19,late
19915,115,0,0.7689356500179282,0.38661214007142075,19,late
19916,116,0,0.6004577331439525,0.2935945977151205,19,late
19917,117,0,0.5226360644733192,0.4201549457956481,19,late
19918,118,0,0.265061106000696,0.6253195893482573,19,late
19919,119,0,0.5130418492074604,0.2810133988918695,19,late
19920,120,0,0.5310660494091685,0.47644399036318963,19,late
19921,121,0,0.44016793055622605,0.4726653525176592,19,late
19922,122,0,0.06719636479242512,0.5223248846570394,19,late
19923,123,0,0.08890334401065822,0.6109506894673865,19,late
19924,124,0,0.49063841384099993,0.5109313921934323,19,late
19925,125,0,0.7435607378927069,0.5512874202341287,19,late
19926,126,0,0.9162738124573876,0.43198260260383303,19,late
19927,127,0,0.761937743481234,0.4541157612385255,19,late
19928,128,0,0.8499945870936281,0.4549404185252899,19,late
19929,129,0,0.9422712280293967,0.5955398553386063,19,late
19930,130,0,0.07510778029371651,0.5407547464752401,19,late
19931,131,0,0.8037186929839352,0.5870243188990776,19,late
19932,132,0,0.5474539506561816,0.461880032486109,19,late
19933,133,0,0.015243062115632708,0.5614174864032733,19,late
19934,134,0,0.7582701165915144,0.38428881880393356,19,late
19935,135,0,0.5239465039658994,0.34640532325064866,19,late
19936,136,0,0.1814563164377313,0.5520614728347617,19,late
19937,137,0,0.6991606889952363,0.4047528616692898,19,late
19938,138,0,0.6665990374877093,0.5753372128704929,19,late
19939,139,0,0.7186327514380935,0.5193733338510957,19,late
19940,140,0,0.11676400465894646,0.46873229932304106,19,late
19941,141,0,0.4598982874489026,0.356119953638352,19,late
19942,142,0,0.7005388548813628,0.39113036035123294,19,late
19943,143,0,0.6944380251201543,0.4077997548275295,19,late
19944,144,0,0.5717929423085888,0.36813746271455466,19,late
19945,145,0,0.8173641389844382,0.4081420003371761,19,late
19946,146,0,0.7738987510836748,0.3853759131528751,19,late
19947,147,0,0.7061664223254718,0.5898818948841553,19,late
19948,148,0,0.8756707852557652,0.5329581822925636,19,late
19949,149,0,0.880801390500964,0.36542997665095667,19,late
19950,150,0,0.0836715425524607,0.5651335542214364,19,late
19951,151,0,0.17464048561670112,0.6924270707752851,19,late
19952,152,0,0.31625914681339423,0.5708332179578941,19,late
19953,153,0,0.5759036323570799,0.38587002794794767,19,late
19954,154,0,0.12249851948986554,0.4766070172611848,19,late
19955,155,0,0.5262712072490316,0.35955770868302356,19,late
19956,156,0,0.4041961969657465,0.40778512093892183,19,late
19957,157,0,0.8447472674956127,0.49246030661033546,19,late
19958,158,0,0.49582656883970494,0.6018654295357322,19,late
19959,159,0,0.47467233622014365,0.4327082230306478,19,late
19960,160,0,0.28342088934443255,0.3928143603463896,19,late
19961,161,0,0.5790895471863933,0.4572065603756358,19,late
19962,162,0,0.8383482126939688,0.5265775288514599,19,late
19963,163,0,0.5789123437755623,0.4374821938224495,19,late
19964,164,0,0.33481663561775776,0.6239079684520836,19,late
19965,165,0,0.7220822551018886,0.43945503854426426,19,late
19966,166,0,0.18852522980586037,0.40564998459699697,19,late
19967,167,0,0.3893162615690622,0.52344462804519,19,late
19968,168,0,0.23816481018893826,0.4713341890467537,19,late
19969,169,0,0.6208646678295608,0.3426285738416276,19,late
19970,170,0,0.6320361170408528,0.46582855452359867,19,late
19971,171,0,0.5528256538108336,0.4325242929555413,19,late
19972,172,0,0.422770046302285,0.4345189393442489,19,late
19973,173,0,0.5548208486336128,0.5287007752711705,19,late
19974,174,0,0.6235899015601422,0.4424684080166113,19,late
19975,175,0,0.5792727975287022,0.5252091524346962,19,late
19976,176,0,0.3313732458862867,0.3524883875238231,19,late
19977,177,0,0.514691525437514,0.5235960676181326,19,late
19978,178,0,0.7363247313809074,0.3691697891951284,19,late
19979,179,0,0.5449239874034788,0.5228160493143527,19,late
19980,180,0,0.48806530290409944,0.42050890862050316,19,late
19981,181,0,0.3334536074407015,0.45265410814004936,19,late
19982,182,0,0.10045719502459388,0.4631210064994714,19,late
19983,183,0,0.2466276608216328,0.38572156571705624,19,late
19984,184,0,0.8029179393090287,0.3578984004231436,19,late
19985,185,0,0.6808292124692885,0.4581009081870573,19,late
19986,186,0,0.308778539195654,0.37164884290894423,19,late
19987,187,0,0.4875980835537145,0.5516940778509221,19,late
19988,188,0,0.5672877714210115,0.3782766462856376,19,late
19989,189,0,0.6864061986891121,0.43366942094813976,19,late
19990,190,0,0.777408104671824,0.4772060748040365,19,late
19991,191,0,0.536350170413821,0.36871634069216275,19,late
19992,192,0,0.9724708409504688,0.2898525426512925,19,late
19993,193,0,0.6238039087276627,0.29757715939882384,19,late
19994,194,0,0.5937360184623863,0.4657544853205189,19,late
19995,195,0,0.8824174980284323,0.2809969642035498,19,late
19996,196,0,0.3735153564533614,0.3345203125027063,19,late
19997,197,0,0.6544848137394977,0.35951766680384667,19,late
19998,198,0,0.5375168293094755,0.41047687121662324,19,late
19999,199,0,0.33877290145118993,0.2823337664746721,19,late
20000,0,0,0.678049853643758,0.5439303321422335,20,interleaved
20001,1,0,0.3289269875786892,0.4156080431481314,20,interleaved
20002,2,0,0.9308559993474126,0.8734203543343688,20,interleaved
20003,3,0,0.42854591856925567,0.685307714675173,20,interleaved
20004,4,0,0.17248718166428892,0.5235252070392453,20,interleaved
20005,5,0,0.7428877399545917,0.34871573173066234,20,interleaved
20006,6,0,0.5154370529844596,0.36938158879782185,20,interleaved
20007,7,0,0.4324168369440017,0.476416743559808,20,interleaved
20008,8,0,0.40721604192527233,0.4407885380642006,20,interleaved
20009,9,0,0.7155233165670343,0.4946559641092933,20,interleaved
20010,10,0,0.1159221953743779,0.6272893376317036,20,interleaved
20011,11,0,0.7534315314572692,0.42633272322304294,20,interleaved
20012,12,0,0.6205731699425157,0.45668452172692525,20,interleaved
20013,13,0,0.9298423915013974,0.4341752034396599,20,interleaved
20014,14,0,0.3573761191116783,0.6859148216158187,20,interleaved
20015,15,0,0.6847366671156736,0.45457021689141847,20,interleaved
20016,16,0,0.792835275448648,0.41408228858331786,20,interleaved
20017,17,0,0.05201772172919674,0.5154165781678591,20,interleaved
20018,18,0,0.6989728270495508,0.438125421062812,20,interleaved
20019,19,0,0.1918661956971851,0.49951488742521627,20,interleaved
20020,20,0,0.6541283072439107,0.4812002028007304,20,interleaved
20021,21,0,0.38441109007145846,0.40585952901193767,20,interleaved
20022,22,0,0.9330963298380237,0.3717335629965443,20,interleaved
20023,23,0,0.45551318692519205,0.5719749285008792,20,interleaved
20024,24,0,0.21868805526181279,0.41085589459574623,20,interleaved
20025,25,0,0.49706931233801166,0.4398887836389457,20,interleaved
20026,26,0,0.5594908388707753,0.6146906519710851,20,interleaved
20027,27,0,0.8397360894936061,0.38041977013297923,20,interleaved
20028,28,0,0.4567897908093167,0.49604684451497283,20,interleaved
20029,29,0,0.8048039013732917,0.3924177174937954,20,interleaved
20030,30,0,0.3877429302437799,0.5234283560976338,20,interleaved
20031,31,0,0.5523199982909321,0.4070534734471093,20,interleaved
20032,32,0,0.587852814089226,0.5559222523230972,20,interleaved
20033,33,0,0.16786706114701808,0.4933072559100877,20,interleaved
20034,34,0,0.6621179302201171,0.5628441290020687,20,interleaved
20035,35,0,0.4423341170143825,0.39727941683702905,20,interleaved
20036,36,0,0.48676647725162325,0.4077346201849147,20,interleaved
20037,37,0,0.45566952206013744,0.47643868407983625,20,interleaved
20038,38,0,0.3467934153516552,0.5350481634933226,20,interleaved
20039,39,0,0.6265554243072566,0.5425304219993428,20,interleaved
20040,40,0,0.7020381949595507,0.5947246571794079,20,interleaved
20041,41,0,0.4171905100197156,0.44313600944258813,20,interleaved
20042,42,0,0.8117586326914749,0.34927113037871893,20,interleaved
20043,43,0,0.39409857708931506,0.47180148154682944,20,interleaved
20044,44,0,0.30835320852903103,0.39474156217193856,20,interleaved
20045,45,0,0.12706723361428982,0.5525004497904777,20,interleaved
20046,46,0,0.4903968591395619,0.5306629176676287,20,interleaved
20047,47,0,0.5555040992632889,0.5587151121392809,20,interleaved
20048,48,0,0.6019858064300925,0.4521048717883179,20,interleaved
20049,49,0,0.4606742002233727,0.5306721303557087,20,interleaved
20050,50,0,0.2286494676598331,0.4983382236149181,20,interleaved
20051,51,0,0.6544479077942726,0.33046240787478265,20,interleaved
20052,52,0,0.5685162148138357,0.5778751426173885,20,interleaved
20053,53,0,0.5426903410358812,0.4037719872575248,20,interleaved
20054,54,0,0.20747559428232845,0.4927403177658799,20,interleaved
20055,55,0,0.7952825921362081,0.4008844733753928,20,interleaved
20056,56,0,0.5772923180029922,0.35921856171332633,20,interleaved
20057,57,0,0.9098878432626043,0.3717544496482953,20,interleaved
20058,58,0,0.5146513548897258,0.5484044732714737,20,interleaved
20059,59,0,0.27625061197762013,0.45581275856574105,20,interleaved
20060,60,0,0.9238624785616256,0.5017617423529533,20,interleaved
20061,61,0,0.7109610242828581,0.640302572618545,20,interleaved
20062,62,0,0.39915972843714775,0.4299908782321963,20,interleaved
20063,63,0,0.2732543002987633,0.4043427708983872,20,interleaved
20064,64,0,0.5143622332365868,0.4746544108987988,20,interleaved
20065,65,0,0.7122857301181614,0.41214056465352455,20,interleaved
20066,66,0,0.3606934037732333,0.4274907920876012,20,interleaved
20067,67,0,0.25146091359487416,0.4104606518158346,20,interleaved
20068,68,0,0.34015646340085665,0.3843632723695781,20,interleaved
20069,69,0,0.7361867192379832,0.4529668148615583,20,interleaved
20070,70,0,0.6357091830836423,0.45236382705331957,20,interleaved
20071,71,0,0.5152190459706382,0.34935363581940104,20,interleaved
20072,72,0,0.28832792947605246,0.4753070697384364,20,interleaved
20073,73,0,0.7384307052453145,0.36698206320292337,20,interleaved
20074,74,0,0.3715284388647992,0.6891441924482333,20,interleaved
20075,75,0,0.8883895381499536,0.3475343479603352,20,interleaved
20076,76,0,0.4392587525381759,0.3068694090256694,20,interleaved
20077,77,0,0.30313579779674243,0.36971156908189207,20,interleaved
20078,78,0,0.5152449873312204,0.3541278137175815,20,interleaved
20079,79,0,0.30174628403433157,0.4815211961292867,20,interleaved
20080,80,0,0.6780376246542805,0.36536152868580274,20,interleaved
20081,81,0,0.20143875511439768,0.4040815130607784,20,interleaved
20082,82,0,0.38700200580034205,0.4140610972685166,20,interleaved
20083,83,0,0.8100837582112232,0.485511007544322,20,interleaved
20084,84,0,0.3290122691951706,0.38022601794350597,20,interleaved
20085,85,0,0.47480759304109676,0.4467500974549795,20,interleaved
20086,86,0,0.48585446434687063,0.4446647855768755,20,interleaved
20087,87,0,0.507145133949632,0.415567562901151,20,interleaved
20088,88,0,0.6806254434726358,0.528211834151363,20,interleaved
20089,89,0,0.5383726120019446,0.4102600662082285,20,interleaved
20090,90,0,0.2882832838000852,0.35580077446403835,20,interleaved
20091,91,0,0.17154053033385847,0.4016202444481868,20,interleaved
20092,92,0,0.5689309768628568,0.29912969676563506,20,interleaved
20093,93,0,0.2927250984293975,0.4921435517106787,20,interleaved
20094,94,0,0.730045335747818,0.34738977877226485,20,interleaved
20095,95,0,0.2509536019032146,0.4096428503715038,20,interleaved
20096,96,0,0.5917162213702395,0.421714711293955,20,interleaved
20097,97,0,0.5926887633695386,0.4700961744854114,20,interleaved
20098,98,0,0.802111873521873,0.46309803300619046,20,interleaved
20099,99,0,0.22758390697281425,0.4989339433283281,20,interleaved
20100,100,0,0.4437820054410694,0.4574576626856752,20,interleaved
20101,101,0,0.4978118894372904,0.38471758736147127,20,interleaved
20102,102,0,0.3268650609824425,0.4295352214853093,20,interleaved
20103,103,0,0.43953358655941765,0.33212110040586895,20,interleaved
20104,104,0,0.6889030410033937,0.39938282873158204,20,interleaved
20105,105,0,0.11208905559525527,0.44316323510984784,20,interleaved
20106,106,0,0.6374450228204882,0.34533443896675786,20,interleaved
20107,107,0,0.5662616079230727,0.31711216537689946,20,interleaved
20108,108,0,0.216689434061961,0.3938097288712777,20,interleaved
20109,109,0,0.5383078662796216,0.40977322356968876,20,interleaved
20110,110,0,0.3949440820415373,0.39718079821356544,20,interleaved
20111,111,0,0.6337751359648791,0.4375875215974472,20,interleaved
20112,112,0,0.6697851691830035,0.30659577161177615,20,interleaved
20113,113,0,0.7490498440890925,0.3127764027255627,20,interleaved
20114,114,0,0.7410620384393123,0.30307587407042524,20,interleaved
20115,115,0,0.3446815788182883,0.3050735326763363,20,interleaved
20116,116,0,0.9130144660865771,0.2741025202165497,20,interleaved
20117,117,0,0.4525094858403953,0.4519025211567692,20,interleaved
20118,118,0,0.644533679358523,0.39226317149793544,20,interleaved
20119,119,0,0.47320832432112064,0.3625144071183979,20,interleaved
20120,120,0,0.8316501748736306,0.2910733140156303,20,interleaved
20121,121,0,0.5659160235528439,0.34435938984270886,20,interleaved
20122,122,0,0.37980326688501476,0.5488045498986208,20,interleaved
20123,123,0,0.6873083746177375,0.3370237418657952,20,interleaved
20124,124,0,0.335502064440647,0.3433787334672961,20,interleaved
20125,125,0,0.29379647463883657,0.37159710329769,20,interleaved
20126,126,0,0.7900837086093087,0.46415048407593196,20,interleaved
20127,127,0,0.25630985027909126,0.44501855491044817,20,interleaved
20128,128,0,0.6987161768555195,0.3565126774079272,20,interleaved
20129,129,0,0.3434675113643057,0.32822223578204107,20,interleaved
20130,130,0,0.15169281843915697,0.5546023001493594,20,interleaved
20131,131,0,0.5462907559641432,0.417893017174454,20,interleaved
20132,132,0,0.5011877923620554,0.46038429344041304,20,interleaved
20133,133,0,0.3173182926110694,0.4148387199339393,20,interleaved
20134,134,0,0.615209294740778,0.4181940604191919,20,interleaved
20135,135,0,0.339156430500327,0.4491799061097104,20,interleaved
20136,136,0,0.5437245254263343,0.454923372400426,20,interleaved
20137,137,0,0.43719384023965147,0.3861663495069725,20,interleaved
20138,138,0,0.9493694350234472,0.2880397785348321,20,interleaved
20139,139,0,0.46418412207629917,0.5345312194732532,20,interleaved
20140,140,0,0.8060608077713536,0.35789194633655397,20,interleaved
20141,141,0,0.5230430998681148,0.34930959158393365,20,interleaved
20142,142,0,0.3689697594680094,0.4296372583172774,20,interleaved
20143,143,0,0.5089151779749832,0.5118691299874438,20,interleaved
20144,144,0,0.12477330359808297,0.32173418850189095,20,interleaved
20145,145,0,0.22094704325429562,0.33886713433631127,20,interleaved
20146,146,0,0.31989572294169716,0.2574366487981138,20,interleaved
20147,147,0,0.4243467434193649,0.33095591031070903,20,interleaved
20148,148,0,0.7101068775558403,0.2845486036866059,20,interleaved
20149,149,0,0.6781801073238647,0.35493967234253837,20,interleaved
20150,150,0,0.4801173790918606,0.38010209083415625,20,interleaved
20151,151,0,0.8201314538770423,0.3473663551207721,20,interleaved
20152,152,0,0.7668801599525954,0.3949785578474426,20,interleaved
20153,153,0,0.24542416577277165,0.4824145485696998,20,interleaved
20154,154,0,0.8574852196934455,0.24069086288615837,20,interleaved
20155,155,0,0.17435594838852236,0.3938812714665325,20,interleaved
20156,156,0,0.8193824312278657,0.2609495294633922,20,interleaved
20157,157,0,0.7918076885551304,0.4462417145669116,20,interleaved
20158,158,0,0.3854298727184908,0.31125786440773096,20,interleaved
20159,159,0,0.8642324380314368,0.30577152871305135,20,interleaved
20160,160,0,0.20300656502239206,0.4487603586545066,20,interleaved
20161,161,0,0.4363394485626243,0.4092102823839797,20,interleaved
20162,162,0,0.9946586092890691,0.44302682215443906,20,interleaved
20163,163,0,0.7991950761350425,0.35357276510504776,20,interleaved
20164,164,0,0.7291889634138178,0.2818659325133129,20,interleaved
20165,165,0,0.6188987776894799,0.27762565047438714,20,interleaved
20166,166,0,0.47043511737642923,0.3248538876277751,20,interleaved
20167,167,0,0.5829903571708195,0.3112095019676976,20,interleaved
20168,168,0,0.8841092596445227,0.26295123749485283,20,interleaved
20169,169,0,0.4836846809503961,0.3400188320020594,20,interleaved
20170,170,0,0.8986369931589406,0.3286442934198183,20,interleaved
20171,171,0,0.6906103443695271,0.2821655182377534,20,interleaved
20172,172,0,0.555344777876069,0.2865304950725719,20,interleaved
20173,173,0,0.7465016970048577,0.3526592884402696,20,interleaved
20174,174,0,0.5349532408808049,0.326757120191017,20,interleaved
20175,175,0,0.19046082908256337,0.3920811470120201,20,interleaved
20176,176,0,0.2564675292644767,0.31728442775814547,20,interleaved
20177,177,0,0.12201935573780029,0.5792226433873597,20,interleaved
20178,178,0,0.4936956829820066,0.30781065539043034,20,interleaved
20179,179,0,0.38408646573739735,0.28132514962942534,20,interleaved
20180,180,0,0.6541702065083712,0.3086344460161681,20,interleaved
20181,181,0,0.5867096881436514,0.22067308322498772,20,interleaved
20182,182,0,0.6603133168996062,0.3940994356151801,20,interleaved
20183,183,0,0.5093864630584446,0.3354835855124413,20,interleaved
20184,184,0,0.3545011614618968,0.5164234459950862,20,interleaved
20185,185,0,0.8073993839240396,0.2761570022196821,20,interleaved
20186,186,0,0.12337876248829108,0.28361594912676547,20,interleaved
20187,187,0,0.4945884070868887,0.3318253182984553,20,interleaved
20188,188,0,0.5088297422047989,0.45131297890689226,20,interleaved
20189,189,0,0.41015135758297694,0.2862225833222396,20,interleaved
20190,190,0,0.8547711713316373,0.35601606827683835,20,interleaved
20191,191,0,0.39510432681691443,0.40724093182210186,20,interleaved
20192,192,0,0.6546677047308209,0.32021588159015335,20,interleaved
20193,193,0,0.4073595794355752,0.39932872981350787,20,interleaved
20194,194,0,0.6707487226223098,0.30905540594569925,20,interleaved
20195,195,0,0.47850548891395034,0.265855112790493,20,interleaved
20196,196,0,0.5518769050334948,0.2335496216902081,20,interleaved
20197,197,0,0.5389918277151913,0.2281422027590657,20,interleaved
20198,198,0,0.6557556385504874,0.3423567201223496,20,interleaved
20199,199,0,0.6839074136998379,0.4880789140483085,20,interleaved
20200,0,0,0.8322075447354064,0.7133972678857834,20,blocked
20201,1,0,0.8054881561378092,0.6650420925916494,20,blocked
20202,2,0,0.8034414812308934,0.5341776871181685,20,blocked
20203,3,0,0.19470747887809037,0.6434223312415596,20,blocked
20204,4,0,0.7784070072083105,0.48185749818789636,20,blocked
20205,5,0,0.08375782550818524,0.39119792228684147,20,blocked
20206,6,0,0.9372976998978373,0.46401292013578227,20,blocked
20207,7,0,0.11226551439546081,0.5868072419513382,20,blocked
20208,8,0,0.7298847637839974,0.3813668150570001,20,blocked
20209,9,0,0.5551941029897121,0.5730023553705024,20,blocked
20210,10,0,0.9087915862968846,0.5084318440454261,20,blocked
20211,11,0,0.22778313112781265,0.5391317261822771,20,blocked
20212,12,0,0.6848413859027345,0.484771496125738,20,blocked
20213,13,0,0.820380092950713,0.4298028901638774,20,blocked
20214,14,0,0.9311628409449157,0.337450488609017,20,blocked
20215,15,0,0.9039418733310038,0.43801276436595493,20,blocked
20216,16,0,0.9180565099035418,0.5425384741921743,20,blocked
20217,17,0,0.3761825968042412,0.6901449428231832,20,blocked
20218,18,0,0.5002453432986316,0.5535544907309933,20,blocked
20219,19,0,0.5755652459707685,0.3534280301931217,20,blocked
20220,20,0,0.635454141581592,0.5138905510998911,20,blocked
20221,21,0,0.4136531722429064,0.4484958595879397,20,blocked
20222,22,0,0.6542444255937493,0.25060399062154104,20,blocked
20223,23,0,0.40072307048174133,0.5759493556193486,20,blocked
20224,24,0,0.5014163200863792,0.5944337150284374,20,blocked
20225,25,0,0.6678385140085961,0.4276189405918136,20,blocked
20226,26,0,0.6865343703092021,0.5149482118595288,20,blocked
20227,27,0,0.43909284226540923,0.5032303551283452,20,blocked
20228,28,0,0.7178584482368868,0.4144331705155253,20,blocked
20229,29,0,0.5201088898799853,0.5912739310811455,20,blocked
20230,30,0,0.6104059565130553,0.4476129052174187,20,blocked
20231,31,0,0.882269687323834,0.4559965065907271,20,blocked
20232,32,0,0.8825827890499267,0.3684652319834545,20,blocked
20233,33,0,0.4910515683681814,0.4998714639188301,20,blocked
20234,34,0,0.9098000302208933,0.4970363821318088,20,blocked
20235,35,0,0.6979414866392117,0.5113591115044642,20,blocked
20236,36,0,0.393341288186719,0.38880057393029743,20,blocked
20237,37,0,0.6452989566421736,0.5623715288318945,20,blocked
20238,38,0,0.4214619167515801,0.4727953397183331,20,blocked
20239,39,0,0.7063607140857329,0.4220963165695323,20,blocked
20240,40,0,0.36665833619278804,0.40891716089973285,20,blocked
20241,41,0,0.5251235475483933,0.29225003159333107,20,blocked
20242,42,0,0.2767358222690645,0.4264425157278129,20,blocked
20243,43,0,0.32352115249182767,0.4158330479226841,20,blocked
20244,44,0,0.13446384505124045,0.503781406688919,20,blocked
20245,45,0,0.24328819199786755,0.5951128137822306,20,blocked
20246,46,0,0.8621091066285889,0.4242365072604196,20,blocked
20247,47,0,0.46546516009132166,0.4209563725000315,20,blocked
20248,48,0,0.32289059131465003,0.4425256192348671,20,blocked
20249,49,0,0.27770331589054864,0.5101972212370053,20,blocked
20250,50,0,0.13224999064572326,0.4520846311667748,20,blocked
20251,51,0,0.6277376712973598,0.4382768938370733,20,blocked
20252,52,0,0.1729001908374846,0.6730973049129962,20,blocked
20253,53,0,0.1529893132562425,0.5754569618248297,20,blocked
20254,54,0,0.6910929018315846,0.40660294317349444,20,blocked
20255,55,0,0.12343956129126232,0.7392034282227518,20,blocked
20256,56,0,0.12896386745066876,0.6540691787913877,20,blocked
20257,57,0,0.4962561069092012,0.5347952354281671,20,blocked
20258,58,0,0.6600576147689365,0.5027879412940636,20,blocked
20259,59,0,0.5096148590529518,0.39061111290801687,20,blocked
20260,60,0,0.3656974012708173,0.560257474863268,20,blocked
20261,61,0,0.6362163128351909,0.3454194073578869,20,blocked
20262,62,0,0.5314929427326276,0.523890850152783,20,blocked
20263,63,0,0.22363433630605598,0.4705437328680704,20,blocked
20264,64,0,0.694892193002811,0.3314648278357074,20,blocked
20265,65,0,0.45418644545269016,0.37426131929331086,20,blocked
20266,66,0,0.3711151364094924,0.4580539238196085,20,blocked
20267,67,0,0.48115902787273324,0.44933941351885076,20,blocked
20268,68,0,0.40404927200089324,0.4221238561698084,20,blocked
20269,69,0,0.6719604868446394,0.4881155791769042,20,blocked
20270,70,0,0.3271375826204642,0.3669869222936484,20,blocked
20271,71,0,0.7028145140911383,0.29984486798598897,20,blocked
20272,72,0,0.7545856003712081,0.30219894509785605,20,blocked
20273,73,0,0.33793442643684124,0.46113768668386645,20,blocked
20274,74,0,0.6374888129846061,0.36506916160743724,20,blocked
20275,75,0,0.4229390159834617,0.383292858177942,20,blocked
20276,76,0,0.3299365594760348,0.4574524331918618,20,blocked
20277,77,0,0.5132059002280711,0.405535367623728,20,blocked
20278,78,0,0.37412082676734293,0.34890206983566385,20,blocked
20279,79,0,0.56920883132762,0.4800458234305323,20,blocked
20280,80,0,0.09490974800748031,0.8073229506814675,20,blocked
20281,81,0,0.6229581523935294,0.5076365999768963,20,blocked
20282,82,0,0.11187794123550425,0.3985761009863551,20,blocked
20283,83,0,0.6730918825380977,0.5889206514444367,20,blocked
20284,84,0,0.9519320864932557,0.3091900957805801,20,blocked
20285,85,0,0.9309581393531647,0.36068870587015733,20,blocked
20286,86,0,0.9512059553499272,0.2675070828735363,20,blocked
20287,87,0,0.9316108310056158,0.39643438419785926,20,blocked
20288,88,0,0.1110901812765133,0.4516968162144898,20,blocked
20289,89,0,0.4545354442020054,0.3799760130340445,20,blocked
20290,90,0,0.7155663605927527,0.45209555368780446,20,blocked
20291,91,0,0.46168360788462454,0.40097751625363687,20,blocked
20292,92,0,0.5810481763684623,0.5361077000414785,20,blocked
20293,93,0,0.5664320816833192,0.5536742536958379,20,blocked
20294,94,0,0.9018981833503141,0.43018581961644853,20,blocked
20295,95,0,0.12325728419419366,0.5512915284167199,20,blocked
20296,96,0,0.14401956833568527,0.4656984986001822,20,blocked
20297,97,0,0.3309499184982878,0.2949155017448505,20,blocked
20298,98,0,0.739718543088554,0.5610020048843911,20,blocked
20299,99,0,0.6239696772770154,0.5787513533575048,20,blocked
20300,100,0,0.5811247724535544,0.3508737024644879,20,blocked
20301,101,0,0.752943145643812,0.3594355912159795,20,blocked
20302,102,0,0.9053924667818228,0.4358120210377579,20,blocked
20303,103,0,0.9878818509571876,0.34967128006010056,20,blocked
20304,104,0,0.035305614309006736,0.5117671974558488,20,blocked
20305,105,0,0.8788099284920452,0.2789121487656574,20,blocked
20306,106,0,0.948855087688997,0.4115995715186967,20,blocked
20307,107,0,0.10312695147742018,0.4586168047256859,20,blocked
20308,108,0,0.5473937186971447,0.37497342920405957,20,blocked
20309,109,0,0.8052701664727828,0.402184108954587,20,blocked
20310,110,0,0.18753951393772367,0.4864134405452299,20,blocked
20311,111,0,0.5867147645258994,0.2780844311020339,20,blocked
20312,112,0,0.8136755123488,0.41939290100074234,20,blocked
20313,113,0,0.48218162901372197,0.34395510169339466,20,blocked
20314,114,0,0.7543468460993878,0.43401371258077837,20,blocked
20315,115,0,0.5690426102353277,0.2404848770090971,20,blocked
20316,116,0,0.6868635779619133,0.46745574041127486,20,blocked
20317,117,0,0.6972182915508556,0.2993822149017631,20,blocked
20318,118,0,0.8610179101104138,0.400796617989859,20,blocked
20319,119,0,0.7281305414584749,0.3726183759767827,20,blocked
20320,120,0,0.5008284552861771,0.6538702544293622,20,blocked
20321,121,0,0.2956951415766016,0.438722858316244,20,blocked
20322,122,0,0.3755683078153006,0.5067436941363344,20,blocked
20323,123,0,0.12754295479255162,0.5059916402430081,20,blocked
20324,124,0,0.4019199884850396,0.3725053001313704,20,blocked
20325,125,0,0.2270728559823323,0.4731376835119059,20,blocked
20326,126,0,0.4912874943478306,0.35207873445935756,20,blocked
20327,127,0,0.43866247586893425,0.37317156779604854,20,blocked
20328,128,0,0.5323536478345908,0.3258348442597001,20,blocked
20329,129,0,0.2520104113185626,0.40294891417219025,20,blocked
20330,130,0,0.5405573627232241,0.357674834129719,20,blocked
20331,131,0,0.3526979514883725,0.3125158424113119,20,blocked
20332,132,0,0.32648314042150695,0.47072699496275594,20,blocked
20333,133,0,0.6057303292862123,0.3680528566985227,20,blocked
20334,134,0,0.7264217957744538,0.3608524983614095,20,blocked
20335,135,0,0.6359521852310326,0.29049266196343637,20,blocked
20336,136,0,0.17299620975521499,0.4082965539178497,20,blocked
20337,137,0,0.5782702685778933,0.3880962076733484,20,blocked
20338,138,0,0.5858192543415737,0.43419600769257705,20,blocked
20339,139,0,0.46978670681104484,0.26781979063737993,20,blocked
20340,140,0,0.5321834856483936,0.2913191194132294,20,blocked
20341,141,0,0.5662354375817129,0.49281856680159275,20,blocked
20342,142,0,0.8348377461954319,0.34230924669339247,20,blocked
20343,143,0,0.12902457972445994,0.4357239070845025,20,blocked
20344,144,0,0.3286187738232008,0.37301116960803804,20,blocked
20345,145,0,0.5128186233914116,0.4119353925818079,20,blocked
20346,146,0,0.34928277008736464,0.3338104227417066,20,blocked
20347,147,0,0.13644798074654996,0.3806201085070124,20,blocked
20348,148,0,0.464565574345677,0.3632781008932605,20,blocked
20349,149,0,0.5299059126626885,0.2532381795786793,20,blocked
20350,150,0,0.6789335307223721,0.3423976755022871,20,blocked
20351,151,0,0.13857254247608153,0.39255568548264835,20,blocked
20352,152,0,0.39374428192466215,0.40621237825855677,20,blocked
20353,153,0,0.33198620736199774,0.4328761716528759,20,blocked
20354,154,0,0.43825840507882297,0.2958412536828404,20,blocked
20355,155,0,0.5441652662975647,0.3722520881242206,20,blocked
20356,156,0,0.7176417561109858,0.476147213755056,20,blocked
20357,157,0,0.7372352418185089,0.32524072579598284,20,blocked
20358,158,0,0.6631356874162895,0.36960406344138974,20,blocked
20359,159,0,0.36890447594379056,0.5279248844157005,20,blocked
20360,160,0,0.33345989573455326,0.40631159253795973,20,blocked
20361,161,0,0.6002862656441221,0.380898753470013,20,blocked
20362,162,0,0.3080390103931401,0.4156933811358967,20,blocked
20363,163,0,0.8883810399547007,0.3598905097481887,20,blocked
20364,164,0,0.4811424006181563,0.35604149937301394,20,blocked
20365,165,0,0.04947608410909522,0.35589080948849316,20,blocked
20366,166,0,0.5780849807859638,0.36376188758362543,20,blocked
20367,167,0,0.6113927213618405,0.3747615404970249,20,blocked
20368,168,0,0.4692143274082069,0.44767521008542555,20,blocked
20369,169,0,0.652868796272579,0.4266432800975786,20,blocked
20370,170,0,0.16271584925849425,0.3821349183354291,20,blocked
20371,171,0,0.8998875140275087,0.23294652252983566,20,blocked
20372,172,0,0.5638912170531697,0.3902808272201277,20,blocked
20373,173,0,0.2886464302427511,0.4907353103501565,20,blocked
20374,174,0,0.46392024451122804,0.43923394404511734,20,blocked
20375,175,0,0.8266260807260326,0.2906512424302342,20,blocked
20376,176,0,0.6004435822177914,0.36751729415795287,20,blocked
20377,177,0,0.7217676546251279,0.29088387148282835,20,blocked
20378,178,0,0.7076081875527023,0.2601180091154595,20,blocked
20379,179,0,0.7714435461791423,0.28929500524574425,20,blocked
20380,180,0,0.32803991620460654,0.4225471719078635,20,blocked
20381,181,0,0.7905202035277726,0.43505627532526625,20,blocked
20382,182,0,0.8741974085090649,0.26814243224016365,20,blocked
20383,183,0,0.43248905149501116,0.4412736607320883,20,blocked
20384,184,0,0.392515369626315,0.4761134951435151,20,blocked
20385,185,0,0.3302645708408426,0.4834362750614014,20,blocked
20386,186,0,0.6571115038476152,0.285694823021149,20,blocked
20387,187,0,0.46210366316583795,0.27664148139396383,20,blocked
20388,188,0,0.8906813616564861,0.3046540454491038,20,blocked
20389,189,0,0.49079190654805793,0.3204130593516419,20,blocked
20390,190,0,0.4023419417585656,0.4396139345884045,20,blocked
20391,191,0,0.6917186702654653,0.3234585853013513,20,blocked
20392,192,0,0.7389553920117882,0.34471270131507437,20,blocked
20393,193,0,0.5289619687994052,0.47586050983311634,20,blocked
20394,194,0,0.5611679321264333,0.5004089861980394,20,blocked
20395,195,0,0.470734849258858,0.39477113939072705,20,blocked
20396,196,0,0.5774693550808239,0.3636901481000445,20,blocked
20397,197,0,0.3940315936177349,0.3664139504980004,20,blocked
20398,198,0,0.562050037649063,0.524464130090565,20,blocked
20399,199,0,0.4891770204118313,0.3555540885760722,20,blocked
20400,0,0,0.23603325768411182,0.8044786364737635,20,early
20401,1,0,0.4370028417496973,0.6023463557296593,20,early
20402,2,0,0.5910656626360229,0.6593747567547213,20,early
20403,3,0,0.5242301485865632,0.5462360515534006,20,early
20404,4,0,0.5162477004968301,0.4717319529962927,20,early
20405,5,0,0.36864948616501125,0.6544291047475135,20,early
20406,6,0,0.34466823513650086,0.47336347246615396,20,early
20407,7,0,0.48282718010057746,0.4633929416175833,20,early
20408,8,0,0.4270584240869081,0.39132922326420577,20,early
20409,9,0,0.6837079272390117,0.5868277623277935,20,early
20410,10,0,0.47930656081535994,0.615997732516327,20,early
20411,11,0,0.4915948508058623,0.4785755886080546,20,early
20412,12,0,0.5903152840415211,0.4896675806655414,20,early
20413,13,0,0.8637165155795719,0.588588663005503,20,early
20414,14,0,0.8980034267830875,0.5620232437122076,20,early
20415,15,0,0.634310231438698,0.49679638321913744,20,early
20416,16,0,0.6016307227356035,0.44265747191379584,20,early
20417,17,0,0.7971706221853936,0.374663993668113,20,early
20418,18,0,0.5491435808570353,0.431843660400809,20,early
20419,19,0,0.5763785370177322,0.4492316744029361,20,early
20420,20,0,0.4037571426718629,0.4617628289078325,20,early
20421,21,0,0.6337301376451094,0.5641987357045344,20,early
20422,22,0,0.5948937493524653,0.463597686804433,20,early
20423,23,0,0.8390712053529406,0.6525779187598033,20,early
20424,24,0,0.5254744679468146,0.4701535137042251,20,early
20425,25,0,0.5224600949852308,0.4612674291849952,20,early
20426,26,0,0.28272661347116745,0.4473764362119474,20,early
20427,27,0,0.7112515359271373,0.45256218090187644,20,early
20428,28,0,0.5609520274077938,0.7128112355544456,20,early
20429,29,0,0.9939261657950853,0.51038446008613,20,early
20430,30,0,0.9239625366059367,0.49179673992493933,20,early
20431,31,0,0.9968221204128008,0.39068390732022246,20,early
20432,32,0,0.9423639957623577,0.5533725639744398,20,early
20433,33,0,0.9869166582500855,0.5274147643045501,20,early
20434,34,0,0.9801517666009214,0.39441591026144696,20,early
20435,35,0,0.32836815822478344,0.5145456523716605,20,early
20436,36,0,0.2580932686762932,0.530845998851784,20,early
20437,37,0,0.7398597401245943,0.5919876641584282,20,early
20438,38,0,0.7930828136220954,0.3942449541951951,20,early
20439,39,0,0.9255427111106116,0.5728603752685139,20,early
20440,40,0,0.3465297985877145,0.5407760468273541,20,early
20441,41,0,0.4890754219193214,0.5724777177805113,20,early
20442,42,0,0.6552655604363316,0.530386706626193,20,early
20443,43,0,0.8094720376272716,0.4523871481067122,20,early
20444,44,0,0.12909513089044036,0.6458306331755086,20,early
20445,45,0,0.3963997316436874,0.6207770632784684,20,early
20446,46,0,0.5371835493832229,0.4942789864682024,20,early
20447,47,0,0.6676183499934308,0.5597197660226794,20,early
20448,48,0,0.6433007636575729,0.4245798768571235,20,early
20449,49,0,0.30527806897889714,0.5534276070853538,20,early
20450,50,0,0.4650331955675484,0.5476483265992018,20,early
20451,51,0,0.4876107420097178,0.5484088885391647,20,early
20452,52,0,0.6006558896670564,0.40133791628923843,20,early
20453,53,0,0.48105873331835725,0.7157565200165081,20,early
20454,54,0,0.13194044873133584,0.4394966506536745,20,early
20455,55,0,0.5263685110074757,0.5300642231252966,20,early
20456,56,0,0.6174661917693473,0.46449722526429627,20,early
20457,57,0,0.6943743658550645,0.7466569040811457,20,early
20458,58,0,0.5310276025480491,0.5333546462458897,20,early
20459,59,0,0.47569566391966456,0.5427535897497979,20,early
20460,60,0,0.5897813572806508,0.4029747713360021,20,early
20461,61,0,0.22290051211226614,0.5507474780330586,20,early
20462,62,0,0.7059734339128383,0.5761605101021088,20,early
20463,63,0,0.12552774837461883,0.7284217434052969,20,early
20464,64,0,0.41245374769021304,0.546091633461274,20,early
20465,65,0,0.3820881767252808,0.49374716862647744,20,early
20466,66,0,0.7528495736827323,0.4021398814490301,20,early
20467,67,0,0.4307197394447159,0.44233907131760675,20,early
20468,68,0,0.25900995904247426,0.42395974236162637,20,early
20469,69,0,0.8850815664752187,0.47437351356599833,20,early
20470,70,0,0.855799284099114,0.4700033618881189,20,early
20471,71,0,0.9175705606472755,0.34871884685886356,20,early
20472,72,0,0.21845771249973675,0.5215465383883666,20,early
20473,73,0,0.6497400304519936,0.3751949008885407,20,early
20474,74,0,0.8452107343421688,0.5144863625871384,20,early
20475,75,0,0.5568353011381697,0.4464291705486092,20,early
20476,76,0,0.8191288547001211,0.489267614320686,20,early
20477,77,0,0.9132995897182437,0.4820579707695044,20,early
20478,78,0,0.9222820344418893,0.4056373949542349,20,early
20479,79,0,0.6058988010358097,0.4791606393123255,20,early
20480,80,0,0.4715698585409608,0.4304351460947737,20,early
20481,81,0,0.8794125798006445,0.3559660783742162,20,early
20482,82,0,0.308239713693957,0.43761373963850325,20,early
20483,83,0,0.657646279765765,0.44939215513455133,20,early
20484,84,0,0.3861822469825906,0.49768122408466364,20,early
20485,85,0,0.9355067664644051,0.4225430844719808,20,early
20486,86,0,0.6469556034169193,0.3642549894205348,20,early
20487,87,0,0.5636269475085719,0.5694173741272744,20,early
20488,88,0,0.5549901509454471,0.4554317506915083,20,early
20489,89,0,0.18929547708601752,0.4149162952605622,20,early
20490,90,0,0.8573371065238719,0.3926918926022473,20,early
20491,91,0,0.5790323434612454,0.4404197150065581,20,early
20492,92,0,0.6519927899344345,0.42414600001482716,20,early
20493,93,0,0.4418391906823966,0.4632483758867324,20,early
20494,94,0,0.08955579027701306,0.548971481808455,20,early
20495,95,0,0.6025608259532931,0.4304180675593621,20,early
20496,96,0,0.5634738308314118,0.4796592607001804,20,early
20497,97,0,0.5131883847021868,0.4494461919755028,20,early
20498,98,0,0.20270261738269713,0.526347771265324,20,early
20499,99,0,0.4088931241492906,0.47841387033959026,20,early
20500,100,0,0.427595360635719,0.5877536421788476,20,early
20501,101,0,0.7932070128048845,0.3737834350359639,20,early
20502,102,0,0.41282811333576175,0.5774093509789939,20,early
20503,103,0,0.5380263844787152,0.5411193221368309,20,early
20504,104,0,0.5804747637503055,0.38149139032439067,20,early
20505,105,0,0.563183653702098,0.5194947696755019,20,early
20506,106,0,0.05059876037248867,0.5778901067131209,20,early
20507,107,0,0.7301407155098787,0.4575608289141171,20,early
20508,108,0,0.527797117974208,0.46219764036486244,20,early
20509,109,0,0.6926491331285204,0.41068164051746164,20,early
20510,110,0,0.41851599228670827,0.4198852987506976,20,early
20511,111,0,0.27446609440363345,0.4864936424022783,20,early
20512,112,0,0.8728834522785233,0.33774261562197117,20,early
20513,113,0,0.6178460458045993,0.4949490171736961,20,early
20514,114,0,0.4517602169252453,0.5776942407616465,20,early
20515,115,0,0.7350791745104754,0.49141898686870333,20,early
20516,116,0,0.8826874517285398,0.3735422557609348,20,early
20517,117,0,0.6723420451201623,0.46981291428107996,20,early
20518,118,0,0.23891228235877612,0.4269790962208112,20,early
20519,119,0,0.5609576151512592,0.4029952392723297,20,early
20520,120,0,0.20563488300611252,0.6161678589249753,20,early
20521,121,0,0.477165240463583,0.37717975490430633,20,early
20522,122,0,0.8036292071264728,0.5994672446888777,20,early
20523,123,0,0.5709006059879383,0.5246973375600195,20,early
20524,124,0,0.5761755863816316,0.32532904316455186,20,early
20525,125,0,0.8967318570384617,0.4399254310501203,20,early
20526,126,0,0.4138803459393118,0.45588879668721943,20,early
20527,127,0,0.7298191434662284,0.46810435129065175,20,early
20528,128,0,0.6737948689944511,0.5150394894388701,20,early
20529,129,0,0.5281593133536935,0.502865885454059,20,early
20530,130,0,0.5094882133226868,0.4267532941837565,20,early
20531,131,0,0.5580936478496589,0.39301425967563947,20,early
20532,132,0,0.1640294662231846,0.532348739821105,20,early
20533,133,0,0.7110691248527055,0.4039598151121645,20,early
20534,134,0,0.7237760267329941,0.5613873483706611,20,early
20535,135,0,0.5895046655237928,0.4360063670578096,20,early
20536,136,0,0.943011304821161,0.42921847999787055,20,early
20537,137,0,0.40932042509686006,0.3740350512023835,20,early
20538,138,0,0.5965903051544533,0.3730356041444508,20,early
20539,139,0,0.7428800274794422,0.4418737873237625,20,early
20540,140,0,0.6027310368120777,0.4147024675654746,20,early
20541,141,0,0.7250915530892243,0.42056644954958644,20,early
20542,142,0,0.18548581367505754,0.5029583558685994,20,early
20543,143,0,0.40956706811229837,0.39233098640137465,20,early
20544,144,0,0.5930840805221633,0.3150610182122153,20,early
20545,145,0,0.8189944646467092,0.43749359246769004,20,early
20546,146,0,0.7400400753304378,0.4011623871304175,20,early
20547,147,0,0.7596712710469653,0.3875546145384895,20,early
20548,148,0,0.020698795648670276,0.519598716340469,20,early
20549,149,0,0.49892349062800484,0.4277928938174088,20,early
20550,150,0,0.9023543004486423,0.4067090203274746,20,early
20551,151,0,0.7866095645583295,0.4547162275347562,20,early
20552,152,0,0.824724523653265,0.40874206767458365,20,early
20553,153,0,0.9324707605844531,0.4632228987990397,20,early
20554,154,0,0.38772433994438227,0.34097240558324715,20,early
20555,155,0,0.42582125317109715,0.47159774384689385,20,early
20556,156,0,0.594406573465332,0.4973105616099139,20,early
20557,157,0,0.13429211436557345,0.4459020173243947,20,early
20558,158,0,0.6430388316575885,0.40826368647052635,20,early
20559,159,0,0.7278920261572781,0.32577513916085643,20,early
20560,160,0,0.5815511381638933,0.39690559593500074,20,early
20561,161,0,0.7843735404384227,0.3161389617649121,20,early
20562,162,0,0.854027258366809,0.41576514964804673,20,early
20563,163,0,0.4482156110876455,0.43679197676797665,20,early
20564,164,0,0.6257417815210178,0.32840862544263144,20,early
20565,165,0,0.5481903500780831,0.46825152423538247,20,early
20566,166,0,0.5679009641476063,0.395183534270568,20,early
20567,167,0,0.02870850966869876,0.5493227093384419,20,early
20568,168,0,0.8884706195667422,0.4116863629868744,20,early
20569,169,0,0.9941367919310878,0.33316370882464014,20,early
20570,170,0,0.8752179154110389,0.47084589905220287,20,early
20571,171,0,0.35442597474567183,0.5106873202047544,20,early
20572,172,0,0.9379408862530045,0.23108804213009415,20,early
20573,173,0,0.6372256709264437,0.48558149671435924,20,early
20574,174,0,0.05535912980850834,0.6400446556749597,20,early
20575,175,0,0.18727415488410623,0.40647717095246316,20,early
20576,176,0,0.4505975885016016,0.378887123803049,20,early
20577,177,0,0.8270563539347877,0.4739622985536148,20,early
20578,178,0,0.9104220421828035,0.3409524412834873,20,early
20579,179,0,0.9628914687399099,0.3951957876119735,20,early
20580,180,0,0.9046424404517177,0.39136588451813603,20,early
20581,181,0,0.7355001809746982,0.3859616565689556,20,early
20582,182,0,0.5090218616859898,0.46137887445991843,20,early
20583,183,0,0.6374565490369426,0.3870604182611521,20,early
20584,184,0,0.670734546884291,0.4503864141980119,20,early
20585,185,0,0.609976631903319,0.42243206074317285,20,early
20586,186,0,0.037819677194765214,0.38421513388040185,20,early
20587,187,0,0.8978528169973694,0.35310376142466926,20,early
20588,188,0,0.5481040247798942,0.3274853555835743,20,early
20589,189,0,0.6167342414994237,0.3485014578205919,20,early
20590,190,0,0.4608219201525686,0.3872003965352124,20,early
20591,191,0,0.5338372808251968,0.34861765988976223,20,early
20592,192,0,0.3404059685198418,0.2833839330761903,20,early
20593,193,0,0.31169832028313205,0.6301979513101361,20,early
20594,194,0,0.6443069532418579,0.34913935522535067,20,early
20595,195,0,0.8334171171842757,0.4304800609599773,20,early
20596,196,0,0.42561909650839513,0.42329815092923695,20,early
20597,197,0,0.39362603910656446,0.4859891077034585,20,early
20598,198,0,0.4991425277804665,0.4711001200057706,20,early
20599,199,0,0.4822580343997488,0.36430920841849757,20,early
20600,0,0,0.04127272591588586,0.76388812888327,20,middle
20601,1,0,0.7335992080737451,0.5916756903451067,20,middle
20602,2,0,0.7060324051469429,0.533962435576904,20,middle
20603,3,0,0.29922429445718923,0.49794569762050195,20,middle
20604,4,0,0.48862858956646743,0.5874776699341213,20,middle
20605,5,0,0.6958875468927592,0.6195695528996688,20,middle
20606,6,0,0.5638967287848929,0.6725561825136297,20,middle
20607,7,0,0.24535416133104054,0.5829016044119337,20,middle
20608,8,0,0.06935863034353693,0.5205637044079348,20,middle
20609,9,0,0.35709080370361235,0.7384033978863631,20,middle
20610,10,0,0.36291944621932476,0.4118026733042083,20,middle
20611,11,0,0.44020715620576645,0.7263167836008224,20,middle
20612,12,0,0.7012915585885537,0.4024374108048746,20,middle
20613,13,0,0.7732024708349294,0.45905616978261277,20,middle
20614,14,0,0.11402743202849973,0.6940296686108589,20,middle
20615,15,0,0.47658473503071425,0.4414705451136228,20,middle
20616,16,0,0.4181263730294754,0.5218289681361858,20,middle
20617,17,0,0.5533191826520576,0.5118657416517938,20,middle
20618,18,0,0.06780138022996295,0.5985432392789746,20,middle
20619,19,0,0.6495283093319442,0.5615712381627553,20,middle
20620,20,0,0.5110613025965411,0.43566488691118743,20,middle
20621,21,0,0.5883191242539125,0.5151506872628111,20,middle
20622,22,0,0.56923770219871,0.41807884321249,20,middle
20623,23,0,0.4490208868020711,0.46882773519003484,20,middle
20624,24,0,0.9207345170167271,0.3913147639864045,20,middle
20625,25,0,0.2574584182872216,0.5090685440031528,20,middle
20626,26,0,0.6589721937231596,0.5075062233698946,20,middle
20627,27,0,0.49660076664799263,0.5479370707257649,20,middle
20628,28,0,0.6231177296580356,0.5776107625776249,20,middle
20629,29,0,0.753806502346549,0.5159746160650422,20,middle
20630,30,0,0.4577741391930019,0.48536022882942775,20,middle
20631,31,0,0.2379794438311284,0.5590003665520344,20,middle
20632,32,0,0.8032725434125993,0.366593101929932,20,middle
20633,33,0,0.40324403553693966,0.5126379571567788,20,middle
20634,34,0,0.0782094038348743,0.4851331804461408,20,middle
20635,35,0,0.3562878227469637,0.40898194895676426,20,middle
20636,36,0,0.19276728686693234,0.5384536578045965,20,middle
20637,37,0,0.7410292425539462,0.5320780458486905,20,middle
20638,38,0,0.3117149704312043,0.480352620858983,20,middle
20639,39,0,0.7585662666062583,0.4444824846920818,20,middle
20640,40,0,0.7680769711052169,0.5325278903184474,20,middle
20641,41,0,0.7469316141834564,0.4882695151122103,20,middle
20642,42,0,0.40588941226873637,0.6090833179973396,20,middle
20643,43,0,0.38125906563897644,0.8049103550797674,20,middle
20644,44,0,0.2234606557678361,0.5669556918570074,20,middle
20645,45,0,0.2793746279761393,0.420024577099837,20,middle
20646,46,0,0.278447317955923,0.5126483278472052,20,middle
20647,47,0,0.5860946872405532,0.4335762097114221,20,middle
20648,48,0,0.5791479557644112,0.5148161258257431,20,middle
20649,49,0,0.7114723753738887,0.38577979299035786,20,middle
20650,50,0,0.25947311096180764,0.3983610058729613,20,middle
20651,51,0,0.30221106893665584,0.6038780209343229,20,middle
20652,52,0,0.3992966808047552,0.41711904673995504,20,middle
20653,53,0,0.5767045771765781,0.5451548171421579,20,middle
20654,54,0,0.09479440234948594,0.4480547240983538,20,middle
20655,55,0,0.08935895497529753,0.5243036263756491,20,middle
20656,56,0,0.4535929591672458,0.4790011515285026,20,middle
20657,57,0,0.8176918084005902,0.4354721187129095,20,middle
20658,58,0,0.8081447048865213,0.42608027648146696,20,middle
20659,59,0,0.7589868853249926,0.5010238721081395,20,middle
20660,60,0,0.43506131709468704,0.467741197982541,20,middle
20661,61,0,0.5473964419499066,0.3982302805806808,20,middle
20662,62,0,0.46421945359176997,0.42919656596784544,20,middle
20663,63,0,0.7762596031636368,0.506100095457226,20,middle
20664,64,0,0.38603295370209434,0.49935565920447395,20,middle
20665,65,0,0.49652084114379635,0.4018685793232589,20,middle
20666,66,0,0.49162053641254966,0.4623035156208381,20,middle
20667,67,0,0.17474977275478745,0.5338833823567293,20,middle
20668,68,0,0.7626368789967947,0.41999482123839593,20,middle
20669,69,0,0.6538064815517878,0.5051377470741505,20,middle
20670,70,0,0.4857608532729786,0.39100720198958105,20,middle
20671,71,0,0.4798785483749509,0.5651325406634049,20,middle
20672,72,0,0.7355649871774808,0.34478474982584995,20,middle
20673,73,0,0.2390233859971132,0.4529408026699573,20,middle
20674,74,0,0.6875678171287367,0.44435936634641326,20,middle
20675,75,0,0.4098949485170442,0.5481446027600971,20,middle
20676,76,0,0.39516991975806337,0.36622826918768947,20,middle
20677,77,0,0.2753185151664131,0.5992306282996592,20,middle
20678,78,0,0.714937056144893,0.4278129203065496,20,middle
20679,79,0,0.20067091230814688,0.4358969563768863,20,middle
20680,80,0,0.8376588160499279,0.3642770323892822,20,middle
20681,81,0,0.6640755857178046,0.4785868241243769,20,middle
20682,82,0,0.1958364382168096,0.5662914253689194,20,middle
20683,83,0,0.41912106925044557,0.44333680761992766,20,middle
20684,84,0,0.911037882847451,0.3441585747104253,20,middle
20685,85,0,0.847609738773764,0.5775928215646384,20,middle
20686,86,0,0.8318155102176006,0.38264928177814084,20,middle
20687,87,0,0.9901852930254695,0.3857030500615317,20,middle
20688,88,0,0.7871607152067289,0.5838180588474591,20,middle
20689,89,0,0.4355841839578508,0.6910468426825578,20,middle
20690,90,0,0.4337201844968905,0.48831053100403327,20,middle
20691,91,0,0.8859144493615037,0.49910674569377106,20,middle
20692,92,0,0.8745110044719855,0.3684956112233219,20,middle
20693,93,0,0.61552898499368,0.4271255676135813,20,middle
20694,94,0,0.7017179694288398,0.5095483815199175,20,middle
20695,95,0,0.8912393134427082,0.25838794803402076,20,middle
20696,96,0,0.7477579129942017,0.30962823826358676,20,middle
20697,97,0,0.07959891188164489,0.5892116072198996,20,middle
20698,98,0,0.5813808423181969,0.6101102520239471,20,middle
20699,99,0,0.9789703016866858,0.31505793354161593,20,middle
20700,100,0,0.08917290886680232,0.26974140493175114,20,middle
20701,101,0,0.9342399604946833,0.2631733223796874,20,middle
20702,102,0,0.7149346814520885,0.4845945888274954,20,middle
20703,103,0,0.9090320674480262,0.5071015532527208,20,middle
20704,104,0,0.7571931269293275,0.4318608206518879,20,middle
20705,105,0,0.9479975331999864,0.3335663224854831,20,middle
20706,106,0,0.8145404803775489,0.3218125125012135,20,middle
20707,107,0,0.308572095932871,0.508087552466454,20,middle
20708,108,0,0.37355239732693896,0.45301502086064704,20,middle
20709,109,0,0.6301550140054537,0.49361541682263343,20,middle
20710,110,0,0.873777762074645,0.532001581359762,20,middle
20711,111,0,0.9986502589443309,0.3599641225212724,20,middle
20712,112,0,0.9789215799026314,0.4744816529519411,20,middle
20713,113,0,0.9967204584097173,0.4632747967898351,20,middle
20714,114,0,0.44991165684305634,0.5229811028958319,20,middle
20715,115,0,0.9883596486116306,0.41654091406611704,20,middle
20716,116,0,0.40097342118459733,0.37249728066309173,20,middle
20717,117,0,0.17578523823903366,0.35550663655002185,20,middle
20718,118,0,0.8985210583330511,0.257244821607969,20,middle
20719,119,0,0.5371537078672779,0.4184187319140222,20,middle
20720,120,0,0.5150870616989967,0.3930754062653005,20,middle
20721,121,0,0.8920666482924917,0.5008751969217732,20,middle
20722,122,0,0.4744925059097973,0.4158311446071066,20,middle
20723,123,0,0.971031378471739,0.2995740315518725,20,middle
20724,124,0,0.18576475026904957,0.6213582561721551,20,middle
20725,125,0,0.010056687608480391,0.5788568273355438,20,middle
20726,126,0,0.5161038485763001,0.40979856192220754,20,middle
20727,127,0,0.8924281252444399,0.4302919157241757,20,middle
20728,128,0,0.37649681342451324,0.6139941471536167,20,middle
20729,129,0,0.20724375696379385,0.5704368943656495,20,middle
20730,130,0,0.5236986603745704,0.467554510889744,20,middle
20731,131,0,0.42982337592909114,0.44743704449630345,20,middle
20732,132,0,0.453261904138064,0.45151662371882284,20,middle
20733,133,0,0.901544478888263,0.551343635523551,20,middle
20734,134,0,0.4750055417161831,0.5029215998137307,20,middle
20735,135,0,0.1422348322272258,0.5081122056439806,20,middle
20736,136,0,0.28582636133768063,0.4891551847902437,20,middle
20737,137,0,0.8376402567959232,0.3891776537125592,20,middle
20738,138,0,0.2791117542986083,0.5149856563850583,20,middle
20739,139,0,0.8234047452035336,0.38680184348874214,20,middle
20740,140,0,0.36453030422141147,0.3407565653143956,20,middle
20741,141,0,0.9499712209957847,0.32873197239723173,20,middle
20742,142,0,0.40003642780702175,0.47636987739288983,20,middle
20743,143,0,0.7910663921141745,0.37891760880522213,20,middle
20744,144,0,0.5986115061069366,0.3704383610638799,20,middle
20745,145,0,0.8002827977658089,0.28565622922769424,20,middle
20746,146,0,0.3471862971102785,0.33313302511890697,20,middle
20747,147,0,0.11941734173372143,0.3786286658132644,20,middle
20748,148,0,0.5205955846018203,0.5093848036292815,20,middle
20749,149,0,0.5487828293368565,0.393935847155191,20,middle
20750,150,0,0.18554102751158602,0.42815525530689813,20,middle
20751,151,0,0.8998387513414412,0.4619392843969884,20,middle
20752,152,0,0.4984340363979186,0.4534282936001157,20,middle
20753,153,0,0.6292454802866903,0.41024827896665167,20,middle
20754,154,0,0.40784636573457966,0.4283793042064261,20,middle
20755,155,0,0.37209327130473624,0.4361333787153012,20,middle
20756,156,0,0.18977885291750085,0.641222919754147,20,middle
20757,157,0,0.7439537769687103,0.44580767554422296,20,middle
20758,158,0,0.1479838958947968,0.4808404963129609,20,middle
20759,159,0,0.8909571049624434,0.35220414933887023,20,middle
20760,160,0,0.5078514235565014,0.3210238457176161,20,middle
20761,161,0,0.41224287747060906,0.5410964457024782,20,middle
20762,162,0,0.9462360546226596,0.49759218369550634,20,middle
20763,163,0,0.43303021055787116,0.47712780123600296,20,middle
20764,164,0,0.8734361721706771,0.3586766842699672,20,middle
20765,165,0,0.5740719404046373,0.42580991747798225,20,middle
20766,166,0,0.2419980816906681,0.5801151536348537,20,middle
20767,167,0,0.46508747980219955,0.31205683554072955,20,middle
20768,168,0,0.4241115456319273,0.4026919368989039,20,middle
20769,169,0,0.8356550222299672,0.24925823065644986,20,middle
20770,170,0,0.017896640673714853,0.4652894068130681,20,middle
20771,171,0,0.9399966019788575,0.43458107958118863,20,middle
20772,172,0,0.6249701738678669,0.4036213567345132,20,middle
20773,173,0,0.6355778973017108,0.5166841930339158,20,middle
20774,174,0,0.9409069138550273,0.38544737039356647,20,middle
20775,175,0,0.31798288225134796,0.5198154810806219,20,middle
20776,176,0,0.5982862568744836,0.5050938589151234,20,middle
20777,177,0,0.7211607635070947,0.47030287815040606,20,middle
20778,178,0,0.48504624254399265,0.3844785249436776,20,middle
20779,179,0,0.32678475446472277,0.31850979341048896,20,middle
20780,180,0,0.562437888223571,0.42050071679960976,20,middle
20781,181,0,0.6508499643516035,0.5039842694756352,20,middle
20782,182,0,0.49247459542932426,0.33341871848288696,20,middle
20783,183,0,0.784936361588044,0.3667787024453153,20,middle
20784,184,0,0.9671258066073853,0.28050938315532,20,middle
20785,185,0,0.6095397614817677,0.3950661628125691,20,middle
20786,186,0,0.530845912363456,0.34461924065827265,20,middle
20787,187,0,0.9697544094679791,0.333875687969727,20,middle
20788,188,0,0.5013533527107623,0.4151792256067604,20,middle
20789,189,0,0.8788339252408306,0.31439822729954015,20,middle
20790,190,0,0.4307505120247066,0.4186397996761778,20,middle
20791,191,0,0.2990814793068526,0.3956562707585839,20,middle
20792,192,0,0.6238185320720286,0.3839037763291717,20,middle
20793,193,0,0.6901252438032879,0.26109131995099477,20,middle
20794,194,0,0.6531192234829114,0.2871645654004611,20,middle
20795,195,0,0.4430306016943698,0.3696507618789282,20,middle
20796,196,0,0.8061202857231631,0.3851946368497338,20,middle
20797,197,0,0.5197166896555483,0.5384676684807906,20,middle
20798,198,0,0.5793326299016683,0.3997217683237154,20,middle
20799,199,0,0.8499454269652139,0.2504188502850453,20,middle
20800,0,0,0.0015883567190997456,1.0286231730418514,20,late
20801,1,0,0.3540342248841332,0.584865403685101,20,late
20802,2,0,0.869493992871929,0.5501399516246099,20,late
20803,3,0,0.5504139622015634,0.4333254814409744,20,late
20804,4,0,0.07417500245635616,0.49291180910678645,20,late
20805,5,0,0.46605854346568776,0.6019650205037196,20,late
20806,6,0,0.9742531307182257,0.6562530838221208,20,late
20807,7,0,0.4723253927040786,0.5237667993232568,20,late
20808,8,0,0.9123726970488366,0.44582404632823464,20,late
20809,9,0,0.8489210750670177,0.5214980519913393,20,late
20810,10,0,0.4558448158362657,0.41198744131324505,20,late
20811,11,0,0.9285030269568834,0.4688858642394473,20,late
20812,12,0,0.4661094313188803,0.6492134233148423,20,late
20813,13,0,0.06716203038523394,0.4979785764660328,20,late
20814,14,0,0.5634763023668651,0.4555369318118971,20,late
20815,15,0,0.9487756520305326,0.5621547895748409,20,late
20816,16,0,0.5112797490498837,0.8217186010585362,20,late
20817,17,0,0.39875177102952175,0.6640076452836482,20,late
20818,18,0,0.7505231379270259,0.563498574512231,20,late
20819,19,0,0.41563015900789996,0.486863760351005,20,late
20820,20,0,0.927905608846716,0.5027656521766601,20,late
20821,21,0,0.5984005196171267,0.45761145419456656,20,late
20822,22,0,0.3613535663216587,0.48969662596454244,20,late
20823,23,0,0.9139583087641139,0.33442097836889456,20,late
20824,24,0,0.6235200290697809,0.5351110865619078,20,late
20825,25,0,0.8151619085168773,0.4380835855860584,20,late
20826,26,0,0.6051304037580076,0.5222201894159635,20,late
20827,27,0,0.8605076799901581,0.4337616653111794,20,late
20828,28,0,0.8292206391659761,0.4428779035498929,20,late
20829,29,0,0.39961249705000246,0.4165477397506526,20,late
20830,30,0,0.8469076509792175,0.38710843501212255,20,late
20831,31,0,0.5191695639362447,0.561546434174489,20,late
20832,32,0,0.06260402321144098,0.4739706359644497,20,late
20833,33,0,0.7843635776921832,0.36660555917756954,20,late
20834,34,0,0.386502319791106,0.42995741670340737,20,late
20835,35,0,0.3369220635086314,0.5451257215634875,20,late
20836,36,0,0.8329152612953924,0.4060014438188968,20,late
20837,37,0,0.5959380630777847,0.45155368790676687,20,late
20838,38,0,0.8265221991570648,0.39643573553181244,20,late
20839,39,0,0.34291830474325746,0.4254277020681727,20,late
20840,40,0,0.7266574655525471,0.37334598536916597,20,late
20841,41,0,0.31940896118350803,0.4083466584333183,20,late
20842,42,0,0.5724359974969164,0.33199372981452624,20,late
20843,43,0,0.294240807069326,0.6362519004290511,20,late
20844,44,0,0.13818096213203096,0.5619868036698841,20,late
20845,45,0,0.161083878425253,0.3967675064151107,20,late
20846,46,0,0.6877453597090085,0.43470530529758267,20,late
20847,47,0,0.5436561393860595,0.3657568830203653,20,late
20848,48,0,0.08355731575231465,0.5614440970535999,20,late
20849,49,0,0.3664474172317611,0.586232189706714,20,late
20850,50,0,0.1423971309617067,0.6714443032954193,20,late
20851,51,0,0.8630974334515762,0.42600858515463996,20,late
20852,52,0,0.7637526814445365,0.4474940830903293,20,late
20853,53,0,0.7030736147793888,0.33571750699699676,20,late
20854,54,0,0.25401769953090647,0.4503744999147977,20,late
20855,55,0,0.29259349960726044,0.5218811643013083,20,late
20856,56,0,0.3759357683121657,0.5986766090137607,20,late
20857,57,0,0.11784962021713863,0.5546654015493264,20,late
20858,58,0,0.6883383767160299,0.541622898744755,20,late
20859,59,0,0.884523884041242,0.41389200726542713,20,late
20860,60,0,0.622345898024722,0.48322694487035256,20,late
20861,61,0,0.3554462982961239,0.4998485147818936,20,late
20862,62,0,0.1920310619149235,0.47734128583847546,20,late
20863,63,0,0.664253148047429,0.27644317188017364,20,late
20864,64,0,0.8808065736249391,0.382472406659185,20,late
20865,65,0,0.5044425960964369,0.5637066267695617,20,late
20866,66,0,0.6196947351421819,0.4699293780629895,20,late
20867,67,0,0.21934184053287362,0.5267045082747874,20,late
20868,68,0,0.18399860417654423,0.6031522326527623,20,late
20869,69,0,0.675345644918613,0.40045646868193396,20,late
20870,70,0,0.2804183550565719,0.37838783240656343,20,late
20871,71,0,0.6488281868342809,0.31989693332468094,20,late
20872,72,0,0.8403379964614768,0.3683087275990544,20,late
20873,73,0,0.33205506845942123,0.4011924189012443,20,late
20874,74,0,0.7588947629428906,0.4498668918290296,20,late
20875,75,0,0.2614475193306231,0.4343684315731129,20,late
20876,76,0,0.17642791280667033,0.4728688581198253,20,late
20877,77,0,0.8659059061191089,0.39787815042310987,20,late
20878,78,0,0.609438897342466,0.43588203944204706,20,late
20879,79,0,0.8293199192165004,0.4326797021138385,20,late
20880,80,0,0.45381287312102464,0.43129892475000264,20,late
20881,81,0,0.4601447878680722,0.4152236346903018,20,late
20882,82,0,0.7199811188219933,0.36228827846494743,20,late
20883,83,0,0.8258061461184993,0.3900576375341605,20,late
20884,84,0,0.23860222719241608,0.37299455910104906,20,late
20885,85,0,0.28403087909281927,0.44901681635250135,20,late
20886,86,0,0.34725385646105505,0.5558124913174518,20,late
20887,87,0,0.8120038996216912,0.36594303534038386,20,late
20888,88,0,0.8040188922075465,0.42387084060816327,20,late
20889,89,0,0.20173323229584206,0.44232911046021545,20,late
20890,90,0,0.8797394784980733,0.5397016874377079,20,late
20891,91,0,0.6071706336410241,0.33360412698762676,20,late
20892,92,0,0.5241376854833413,0.3497283896041097,20,late
20893,93,0,0.45414744695901005,0.47010259001968846,20,late
20894,94,0,0.6430381888103178,0.47363104867277617,20,late
20895,95,0,0.8236240092582403,0.28988772539819097,20,late
20896,96,0,0.3658670265122319,0.48704815974414994,20,late
20897,97,0,0.7304908075862129,0.3238737041222174,20,late
20898,98,0,0.7475510924283064,0.4349200846868312,20,late
20899,99,0,0.9485286167613176,0.39202545888461,20,late
20900,100,0,0.09970070279789987,0.436335181773577,20,late
20901,101,0,0.6928759011962328,0.4934747878199005,20,late
20902,102,0,0.4921823599194366,0.5709258291101136,20,late
20903,103,0,0.8620103998121404,0.39322201507206905,20,late
20904,104,0,0.33746230422123796,0.49579288038934066,20,late
20905,105,0,0.527302505568848,0.4973247095612618,20,late
20906,106,0,0.9088016130275094,0.544562306334249,20,late
20907,107,0,0.48136809032825717,0.42094906916784613,20,late
20908,108,0,0.7444559546564398,0.46750438312623854,20,late
20909,109,0,0.38001816956897794,0.4450807635808842,20,late
20910,110,0,0.8612570260903131,0.35369314561190396,20,late
20911,111,0,0.5642741864049176,0.4675221949544529,20,late
20912,112,0,0.6605547279960238,0.4007170239944455,20,late
20913,113,0,0.9012161064256882,0.5937944560711537,20,late
20914,114,0,0.07902710532388856,0.36877034101466144,20,late
20915,115,0,0.973020608138937,0.38577734270143893,20,late
20916,116,0,0.13053038449700063,0.45739306340897745,20,late
20917,117,0,0.916803172986469,0.41805346586300834,20,late
20918,118,0,0.9764638994407598,0.4803398457556519,20,late
20919,119,0,0.7651103177179992,0.48744394268657587,20,late
20920,120,0,0.6898149896486492,0.36734915774145904,20,late
20921,121,0,0.5973846486668295,0.5118757866294854,20,late
20922,122,0,0.023206547837176388,0.6453627076853035,20,late
20923,123,0,0.44064270636153696,0.5558940583554104,20,late
20924,124,0,0.9571684655859172,0.4046827043461666,20,late
20925,125,0,0.9804784281935736,0.33842279605295383,20,late
20926,126,0,0.7604016425323257,0.3750267950987627,20,late
20927,127,0,0.008236375489708028,0.5923054219884519,20,late
20928,128,0,0.5399029697769703,0.4654254308727346,20,late
20929,129,0,0.47845640869723194,0.5764466707677232,20,late
20930,130,0,0.4963530520982165,0.38359641948354595,20,late
20931,131,0,0.30075684836477334,0.3521502029675666,20,late
20932,132,0,0.32289267959712903,0.48120692046448715,20,late
20933,133,0,0.2875896677584327,0.43458963231496917,20,late
20934,134,0,0.17371303388680354,0.4375689276763034,20,late
20935,135,0,0.09193593435422778,0.552607105561649,20,late
20936,136,0,0.3150473035336279,0.3754609954145168,20,late
20937,137,0,0.8727066650665447,0.42637118917453637,20,late
20938,138,0,0.029097085996678665,0.5083011124959829,20,late
20939,139,0,0.9523071740937356,0.3573367009697329,20,late
20940,140,0,0.5686484875200462,0.41546937571672615,20,late
20941,141,0,0.09291460056213637,0.5673606623499036,20,late
20942,142,0,0.4636276691089283,0.5916448823056993,20,late
20943,143,0,0.4412507371047085,0.45685964267175044,20,late
20944,144,0,0.49845830495945104,0.3363915884753266,20,late
20945,145,0,0.1224466660463033,0.4927828348975545,20,late
20946,146,0,0.20100627112980268,0.4893967330737496,20,late
20947,147,0,0.9837887963219205,0.3094327496186351,20,late
20948,148,0,0.11857913511006207,0.37782367442555553,20,late
20949,149,0,0.2069116359091031,0.5051833332891781,20,late
20950,150,0,0.8857720134329281,0.43032229492662794,20,late
20951,151,0,0.4577083394994843,0.32025774622028913,20,late
20952,152,0,0.6042352139900448,0.30070319869765316,20,late
20953,153,0,0.8464783778615184,0.3945736783856923,20,late
20954,154,0,0.7431964131736292,0.31349151734679026,20,late
20955,155,0,0.6820799081071618,0.36241874278216923,20,late
20956,156,0,0.7760694704045208,0.3923955189200897,20,late
20957,157,0,0.7851390624701694,0.38418148704060506,20,late
20958,158,0,0.7485979105622389,0.4085937855703561,20,late
20959,159,0,0.3644034319281471,0.42939777854766703,20,late
20960,160,0,0.711287779303739,0.3658903920845707,20,late
20961,161,0,0.6293812445699714,0.38308023058989826,20,late
20962,162,0,0.842426741353268,0.37024098306264464,20,late
20963,163,0,0.5075219692737724,0.3535158144356976,20,late
20964,164,0,0.5215453523402841,0.3675234320249715,20,late
20965,165,0,0.8396803665130694,0.3621805501706706,20,late
20966,166,0,0.5344765900910812,0.4041281052790451,20,late
20967,167,0,0.20014854826008283,0.3559812110896553,20,late
20968,168,0,0.26419071427031,0.44225205833189973,20,late
20969,169,0,0.6612140189021104,0.39794251554761095,20,late
20970,170,0,0.7297810947089437,0.33607584458125017,20,late
20971,171,0,0.39863258853575356,0.45128576251795643,20,late
20972,172,0,0.7093758552313373,0.3845743707371562,20,late
20973,173,0,0.5321358714811046,0.37352856731538125,20,late
20974,174,0,0.8695086149426512,0.33021448907968487,20,late
20975,175,0,0.191560363756255,0.6231207004138983,20,late
20976,176,0,0.8113943421916634,0.5447531428958211,20,late
20977,177,0,0.15126385141043128,0.5122713812753091,20,late
20978,178,0,0.2901629054892374,0.36767897163483326,20,late
20979,179,0,0.3417364993496117,0.31394905993245503,20,late
20980,180,0,0.7353432351661595,0.4791020737096007,20,late
20981,181,0,0.5076145104695677,0.4372645586200636,20,late
20982,182,0,0.4112650346734958,0.38121113287843866,20,late
20983,183,0,0.7155217929605268,0.35593326508169654,20,late
20984,184,0,0.8868098684284037,0.36271805153544934,20,late
20985,185,0,0.5360256943290589,0.34460127964231035,20,late
20986,186,0,0.8843717473889428,0.21926328662405947,20,late
20987,187,0,0.7707879076124933,0.2094706328750505,20,late
20988,188,0,0.41091288657477915,0.41779496541106353,20,late
20989,189,0,0.79100456390622,0.6152564659293678,20,late
20990,190,0,0.5381648888750139,0.6205483064417199,20,late
20991,191,0,0.9034013462031225,0.2578372971210442,20,late
20992,192,0,0.940740892083971,0.343796037401808,20,late
20993,193,0,0.8996035818478079,0.30374101974256273,20,late
20994,194,0,0.5585787710534521,0.30580709758158586,20,late
20995,195,0,0.4556212060495066,0.6150926964022259,20,late
20996,196,0,0.45959809782498945,0.47071104032086974,20,late
20997,197,0,0.04621918219109179,0.5236692713094195,20,late
20998,198,0,0.19677266818104563,0.3519396667385911,20,late
20999,199,0,0.5745717574169878,0.4166146071601624,20,late
21000,0,0,0.4729703201224677,0.6123671412439194,21,interleaved
21001,1,0,0.7536895606261159,0.5855841065981032,21,interleaved
21002,2,0,0.44041898107473626,0.3913960044379222,21,interleaved
21003,3,0,0.8260253014739147,0.6295419910699043,21,interleaved
21004,4,0,0.29671950944123787,0.5923864260686669,21,interleaved
21005,5,0,0.4935653681852642,0.5005226225528584,21,interleaved
21006,6,0,0.12211556053878483,0.6394333774296048,21,interleaved
21007,7,0,0.38616976305521133,0.4244493151468677,21,interleaved
21008,8,0,0.48904595188266836,0.4140244008707302,21,interleaved
21009,9,0,0.43836469988346705,0.673044543315644,21,interleaved
21010,10,0,0.3830125005940062,0.4351881283476925,21,interleaved
21011,11,0,0.39287119103487744,0.6985017573879697,21,interleaved
21012,12,0,0.49677447238131994,0.4666582659761211,21,interleaved
21013,13,0,0.4337185414101581,0.3746816964703972,21,interleaved
21014,14,0,0.3737063814490945,0.48065963857829724,21,interleaved
21015,15,0,0.7026901661784425,0.26440081406600147,21,interleaved
21016,16,0,0.41302350470923066,0.48248024156824365,21,interleaved
21017,17,0,0.20792362469318398,0.3419345387735914,21,interleaved
21018,18,0,0.34739140406368124,0.5127592183638946,21,interleaved
21019,19,0,0.7548523966653928,0.34132560949570967,21,interleaved
21020,20,0,0.5932470368504665,0.3696777658455784,21,interleaved
21021,21,0,0.41929377549040114,0.5001694471981882,21,interleaved
21022,22,0,0.11775698552266298,0.3975667720507079,21,interleaved
21023,23,0,0.5466906857182134,0.45823498545750846,21,interleaved
21024,24,0,0.8028802996388353,0.633189113148614,21,interleaved
21025,25,0,0.6865578522754083,0.40192541345665117,21,interleaved
21026,26,0,0.08746108624537585,0.6033827049899352,21,interleaved
21027,27,0,0.44699613699807117,0.5895810025256654,21,interleaved
21028,28,0,0.13775443940381832,0.4896064853520696,21,interleaved
21029,29,0,0.6210836594851858,0.5445980221076361,21,interleaved
21030,30,0,0.49429721532895476,0.5951620337844136,21,interleaved
21031,31,0,0.854764604869375,0.4268452387374654,21,interleaved
21032,32,0,0.6422700479217276,0.732746887914252,21,interleaved
21033,33,0,0.5706396174132121,0.4322528827636516,21,interleaved
21034,34,0,0.17214399839826955,0.5074121457610858,21,interleaved
21035,35,0,0.23368059904793617,0.3529822573677157,21,interleaved
21036,36,0,0.5850952553108167,0.3305620283440475,21,interleaved
21037,37,0,0.4426513165492916,0.39653387371775084,21,interleaved
21038,38,0,0.8357964154516023,0.3756739311176822,21,interleaved
21039,39,0,0.6037571223356158,0.4785499524618436,21,interleaved
21040,40,0,0.44990056833381387,0.499299675917518,21,interleaved
21041,41,0,0.2916840763273095,0.4817257175316027,21,interleaved
21042,42,0,0.5055870002412828,0.4922749327652868,21,interleaved
21043,43,0,0.5235641441845,0.36928654669578903,21,interleaved
21044,44,0,0.7428500154380582,0.4069541727598707,21,interleaved
21045,45,0,0.48317149438654633,0.3862051971100333,21,interleaved
21046,46,0,0.9495275682756719,0.5085033760035805,21,interleaved
21047,47,0,0.5286615291247659,0.5556505070398982,21,interleaved
21048,48,0,0.1867612537775366,0.35289745833421493,21,interleaved
21049,49,0,0.4990514914535083,0.4744557061939061,21,interleaved
21050,50,0,0.6294645288976852,0.39529046208376695,21,interleaved
21051,51,0,0.3346275302188581,0.4959598324762122,21,interleaved
21052,52,0,0.5826546758113648,0.47348971486140456,21,interleaved
21053,53,0,0.6809099445962185,0.4103942809054415,21,interleaved
21054,54,0,0.44856780284382947,0.38269151798680384,21,interleaved
21055,55,0,0.691578481934527,0.40352665045964353,21,interleaved
21056,56,0,0.3577213674309172,0.3319495302675812,21,interleaved
21057,57,0,0.3541391443990066,0.4692016778770426,21,interleaved
21058,58,0,0.45911315306327904,0.3437970610142832,21,interleaved
21059,59,0,0.41028110586611316,0.4780908780213459,21,interleaved
21060,60,0,0.5427426903679712,0.6179753200336585,21,interleaved
21061,61,0,0.7452139557828479,0.2898278682810494,21,interleaved
21062,62,0,0.7333414530677658,0.5262940941158574,21,interleaved
21063,63,0,0.376011276514029,0.45728686399918017,21,interleaved
21064,64,0,0.26664914456221667,0.38826952812925514,21,interleaved
21065,65,0,0.5571818833973966,0.45856031895794047,21,interleaved
21066,66,0,0.5011088813000621,0.42745424542824917,21,interleaved
21067,67,0,0.518099626224316,0.3001865834411258,21,interleaved
21068,68,0,0.7143853204583109,0.44119843035904804,21,interleaved
21069,69,0,0.5769590744101234,0.4371772801510518,21,interleaved
21070,70,0,0.7760233016921181,0.3578437265197191,21,interleaved
21071,71,0,0.5159563722705182,0.5562527692588894,21,interleaved
21072,72,0,0.774045970005276,0.38913340556837833,21,interleaved
21073,73,0,0.6819336390745904,0.43844820168207965,21,interleaved
21074,74,0,0.35343946140767163,0.4433750463173612,21,interleaved
21075,75,0,0.41586316893842995,0.3288032895480826,21,interleaved
21076,76,0,0.439955673296865,0.47166451110717,21,interleaved
21077,77,0,0.5682381983821813,0.32950937510956435,21,interleaved
21078,78,0,0.31673910772872704,0.45772790188679685,21,interleaved
21079,79,0,0.227855339649859,0.34604323155985844,21,interleaved
21080,80,0,0.920735106118127,0.5958195191112297,21,interleaved
21081,81,0,0.4671471692698167,0.4163835273635243,21,interleaved
21082,82,0,0.8110995591591701,0.33615169448051146,21,interleaved
21083,83,0,0.6627590755804706,0.422719788260005,21,interleaved
21084,84,0,0.3836007587525086,0.34494215409620116,21,interleaved
21085,85,0,0.6262159915028034,0.3177085834272655,21,interleaved
21086,86,0,0.8797705634479527,0.41685182331599746,21,interleaved
21087,87,0,0.5319335256856178,0.34975906682061325,21,interleaved
21088,88,0,0.890936905345384,0.25836525997646226,21,interleaved
21089,89,0,0.5977227356857859,0.36799957296104635,21,interleaved
21090,90,0,0.5632798528871362,0.4104283768429898,21,interleaved
21091,91,0,0.6721858116412267,0.39569538191624487,21,interleaved
21092,92,0,0.48346981492534874,0.3871372391138236,21,interleaved
21093,93,0,0.8880980555175397,0.39923574202710116,21,interleaved
21094,94,0,0.3734464070870471,0.5085619106470299,21,interleaved
21095,95,0,0.2730311599936537,0.4483395430986742,21,interleaved
21096,96,0,0.3341657160870771,0.30552284229593774,21,interleaved
21097,97,0,0.4857877475802319,0.4127874885501395,21,interleaved
21098,98,0,0.77413446274189,0.4225170797744191,21,interleaved
21099,99,0,0.664792204398157,0.31260832041122866,21,interleaved
21100,100,0,0.7747147574736937,0.2970501697755147,21,interleaved
21101,101,0,0.702434008915435,0.48242354039576274,21,interleaved
21102,102,0,0.8647619708167663,0.21983772204164392,21,interleaved
21103,103,0,0.6951314842036876,0.4289186580285808,21,interleaved
21104,104,0,0.3880675017302363,0.34504071072003895,21,interleaved
21105,105,0,0.7951910722145398,0.41221985430063846,21,interleaved
21106,106,0,0.7045791675397193,0.5809400686092818,21,interleaved
21107,107,0,0.7508425684122162,0.37533003301759144,21,interleaved
21108,108,0,0.8100611421122339,0.2773110006689439,21,interleaved
21109,109,0,0.41210181662324247,0.40847701621232047,21,interleaved
21110,110,0,0.4339153626132337,0.30465287652744333,21,interleaved
21111,111,0,0.5760456951427284,0.33338295014147173,21,interleaved
21112,112,0,0.9524968336385122,0.3262521267023583,21,interleaved
21113,113,0,0.789377209454309,0.3322260908052294,21,interleaved
21114,114,0,0.8609772576739406,0.2754988298793285,21,interleaved
21115,115,0,0.4576727518532085,0.6785124176577635,21,interleaved
21116,116,0,0.6066686875930357,0.411620793517686,21,interleaved
21117,117,0,0.41560039329554654,0.4072064717474579,21,interleaved
21118,118,0,0.7352383956544614,0.38509127106009466,21,interleaved
21119,119,0,0.4518031136296027,0.41446141262884506,21,interleaved
21120,120,0,0.8152377732611398,0.5035344079209529,21,interleaved
21121,121,0,0.5963534032155564,0.443049408969586,21,interleaved
21122,122,0,0.6629140923888039,0.27759021180834964,21,interleaved
21123,123,0,0.8434869566342308,0.455100149682237,21,interleaved
21124,124,0,0.097311629939657,0.47348562062924715,21,interleaved
21125,125,0,0.5341320192077312,0.29079843358784885,21,interleaved
21126,126,0,0.3819850387537751,0.31179427730360176,21,interleaved
21127,127,0,0.7874606271076665,0.3213393045551878,21,interleaved
21128,128,0,0.5461728884576367,0.5209226691067148,21,interleaved
21129,129,0,0.5412048448106659,0.34713404151541577,21,interleaved
21130,130,0,0.512402204437497,0.30333709748362864,21,interleaved
21131,131,0,0.5650983085358239,0.3382657639236609,21,interleaved
21132,132,0,0.45675272677863443,0.2596494801330611,21,interleaved
21133,133,0,0.37405437116484297,0.3398628392991266,21,interleaved
21134,134,0,0.5834058845840637,0.3443692416436789,21,interleaved
21135,135,0,0.5455307096213904,0.35842607159864165,21,interleaved
21136,136,0,0.3160568196163652,0.527209666453977,21,interleaved
21137,137,0,0.614966469561274,0.2517912792976355,21,interleaved
21138,138,0,0.27015676593019433,0.34731571691595675,21,interleaved
21139,139,0,0.5211748877449464,0.33950655020558895,21,interleaved
21140,140,0,0.4805705827732297,0.34496865861713794,21,interleaved
21141,141,0,0.4743720653117932,0.36956472889359876,21,interleaved
21142,142,0,0.5479403203222029,0.45425209348755813,21,interleaved
21143,143,0,0.6920793094279083,0.2515424965086002,21,interleaved
21144,144,0,0.7476517450970264,0.3067812248843765,21,interleaved
21145,145,0,0.7027730257987577,0.38924357959575373,21,interleaved
21146,146,0,0.3086435794725413,0.5721897097313828,21,interleaved
21147,147,0,0.6252922598353194,0.3289871819853107,21,interleaved
21148,148,0,0.7742998861743678,0.35226321339158045,21,interleaved
21149,149,0,0.6581062767203503,0.3638925120522738,21,interleaved
21150,150,0,0.5918242141397589,0.5182803130524347,21,interleaved
21151,151,0,0.4604160472270255,0.37168355534370867,21,interleaved
21152,152,0,0.5390917790101142,0.33644102523581954,21,interleaved
21153,153,0,0.6037795601795244,0.3045153336315905,21,interleaved
21154,154,0,0.5706516028080938,0.31340786395584025,21,interleaved
21155,155,0,0.6289469236141361,0.2995751985491252,21,interleaved
21156,156,0,0.6526075034635794,0.22041321885700255,21,interleaved
21157,157,0,0.505244046332749,0.4026541303916309,21,interleaved
21158,158,0,0.5834589412589581,0.2781492788215092,21,interleaved
21159,159,0,0.515120277781273,0.26018657284421853,21,interleaved
21160,160,0,0.6892003368586426,0.38057057619507284,21,interleaved
21161,161,0,0.2950449197574172,0.34789410030468765,21,interleaved
21162,162,0,0.6538366815031804,0.3540122746651675,21,interleaved
21163,163,0,0.5731023280156631,0.3690166053469587,21,interleaved
21164,164,0,0.36620812129842023,0.3795061990274463,21,interleaved
21165,165,0,0.47185030705744907,0.4832276447149597,21,interleaved
21166,166,0,0.22263435713842206,0.3146674744594487,21,interleaved
21167,167,0,0.3746379425028359,0.30297328919860717,21,interleaved
21168,168,0,0.3511687576376148,0.3897300181363204,21,interleaved
21169,169,0,0.4583581782585348,0.41557355140510643,21,interleaved
21170,170,0,0.620092959546793,0.22851534539315047,21,interleaved
21171,171,0,0.560053933590284,0.36396259781844575,21,interleaved
21172,172,0,0.5264597495920695,0.3246376232247259,21,interleaved
21173,173,0,0.6903584361484365,0.4243636386753892,21,interleaved
21174,174,0,0.5128166145810015,0.33616156178674017,21,interleaved
21175,175,0,0.3845382806286891,0.2989266990732792,21,interleaved
21176,176,0,0.21633335830923225,0.3077007045628246,21,interleaved
21177,177,0,0.27541464316505215,0.27051444736515967,21,interleaved
21178,178,0,0.5941528485468958,0.35815401407022984,21,interleaved
21179,179,0,0.4888162145849978,0.2669366210327131,21,interleaved
21180,180,0,0.3584210374307306,0.3289343098778012,21,interleaved
21181,181,0,0.7196916607482402,0.2806935342290494,21,interleaved
21182,182,0,0.12930126284266247,0.4585244179439323,21,interleaved
21183,183,0,0.40710327603569807,0.2419864510631791,21,interleaved
21184,184,0,0.6304863405911445,0.4063744675324109,21,interleaved
21185,185,0,0.27811418719971215,0.22244312778146832,21,interleaved
21186,186,0,0.3461631516745009,0.2124766325552332,21,interleaved
21187,187,0,0.5466540538128282,0.3887083423233454,21,interleaved
21188,188,0,0.6123304812069257,0.26312380630960663,21,interleaved
21189,189,0,0.3516451302916818,0.4417893674781139,21,interleaved
21190,190,0,0.5859529146534699,0.28429565931062745,21,interleaved
21191,191,0,0.6954886658866488,0.5111263254825977,21,interleaved
21192,192,0,0.7375291057405331,0.319991132080622,21,interleaved
21193,193,0,0.37879962542884993,0.341546180588171,21,interleaved
21194,194,0,0.48725544748921384,0.4015874954631671,21,interleaved
21195,195,0,0.2010049194416182,0.3042453119974837,21,interleaved
21196,196,0,0.440041758291373,0.36645449779437556,21,interleaved
21197,197,0,0.642150101877133,0.295351022369872,21,interleaved
21198,198,0,0.4383808318895003,0.3151113785208908,21,interleaved
21199,199,0,0.6214755701932893,0.2559311090728917,21,interleaved
21200,0,0,0.9500636707460033,0.6524405640730737,21,blocked
21201,1,0,0.7042457152645538,0.6838970452834844,21,blocked
21202,2,0,0.9092107589735812,0.7311470178285688,21,blocked
21203,3,0,0.694718872672005,0.6342339569380848,21,blocked
21204,4,0,0.11048158362759575,0.5862224217399319,21,blocked
21205,5,0,0.9018380532315438,0.4572017190520634,21,blocked
21206,6,0,0.21751275161540842,0.46322815585090893,21,blocked
21207,7,0,0.5046606814342225,0.48613152597233933,21,blocked
21208,8,0,0.6884073595028356,0.5487310476093921,21,blocked
21209,9,0,0.6268403104640247,0.6283115218329886,21,blocked
21210,10,0,0.44625366103621267,0.44283871991162727,21,blocked
21211,11,0,0.8140743286893568,0.37226744185434524,21,blocked
21212,12,0,0.05633704317672097,0.5066969724861611,21,blocked
21213,13,0,0.6153106809970906,0.4838584057403972,21,blocked
21214,14,0,0.46004756343801934,0.46370473868346407,21,blocked
21215,15,0,0.7990776444411253,0.5587806778659297,21,blocked
21216,16,0,0.7318166223600049,0.5382548060363125,21,blocked
21217,17,0,0.3036844630764925,0.4868412799315882,21,blocked
21218,18,0,0.3697159010126079,0.4903315124301143,21,blocked
21219,19,0,0.7598526507316832,0.44317727910251514,21,blocked
21220,20,0,0.8112985804121924,0.3437837154228076,21,blocked
21221,21,0,0.17782131444570373,0.6281081724511203,21,blocked
21222,22,0,0.722451282661953,0.4799839244040091,21,blocked
21223,23,0,0.9594363124209073,0.48365384153328883,21,blocked
21224,24,0,0.012755508952567007,0.5861079365018057,21,blocked
21225,25,0,0.15858965899463487,0.4587011012322121,21,blocked
21226,26,0,0.65435087374857,0.6026583566466193,21,blocked
21227,27,0,0.6753768024501194,0.314087892081234,21,blocked
21228,28,0,0.903943902888092,0.33921470113421337,21,blocked
21229,29,0,0.2212606505815637,0.6012019920616742,21,blocked
21230,30,0,0.8228142287533223,0.36929551517357484,21,blocked
21231,31,0,0.8968201380920392,0.33193668605590715,21,blocked
21232,32,0,0.9116496008466222,0.42678999899791126,21,blocked
21233,33,0,0.07111623741086436,0.5363043740883896,21,blocked
21234,34,0,0.6149725914830566,0.5611057064761229,21,blocked
21235,35,0,0.95431377077011,0.3845300931750566,21,blocked
21236,36,0,0.20947390238937622,0.5995090130847464,21,blocked
21237,37,0,0.4340451985483048,0.5596897647584576,21,blocked
21238,38,0,0.8931235507345314,0.39138248268525344,21,blocked
21239,39,0,0.9207620653614865,0.44478922591832576,21,blocked
21240,40,0,0.3454690594071774,0.4824164487969861,21,blocked
21241,41,0,0.4171857897776746,0.4777829711001742,21,blocked
21242,42,0,0.32429541290264857,0.40827282713251006,21,blocked
21243,43,0,0.45279143976280023,0.5056648520518481,21,blocked
21244,44,0,0.32482457591355995,0.6161929158648847,21,blocked
21245,45,0,0.043814412536800816,0.6720078573940311,21,blocked
21246,46,0,0.7004048283757608,0.43396834605624607,21,blocked
21247,47,0,0.1296934998023659,0.505916104095551,21,blocked
21248,48,0,0.15038087112884096,0.6223364202359639,21,blocked
21249,49,0,0.3372628443450487,0.6023354196331538,21,blocked
21250,50,0,0.5555822771744493,0.43928362446580793,21,blocked
21251,51,0,0.6662315354933902,0.38228741491934215,21,blocked
21252,52,0,0.35053650411205456,0.46674931813639786,21,blocked
21253,53,0,0.4477876109392023,0.5416951444759774,21,blocked
21254,54,0,0.14974722485853612,0.4694656384578465,21,blocked
21255,55,0,0.4737949309647875,0.6050453360216955,21,blocked
21256,56,0,0.6318010433337391,0.4174597649504266,21,blocked
21257,57,0,0.035930102577285766,0.5795280944488362,21,blocked
21258,58,0,0.480918398232981,0.48368860220333654,21,blocked
21259,59,0,0.33754243103076137,0.5774242729275929,21,blocked
21260,60,0,0.22138077315389584,0.6534243950045378,21,blocked
21261,61,0,0.819165388049345,0.5442803600502526,21,blocked
21262,62,0,0.36891436073020833,0.45994699454858545,21,blocked
21263,63,0,0.2826882137708427,0.4721536082069937,21,blocked
21264,64,0,0.18870687203533779,0.6258979742700062,21,blocked
21265,65,0,0.3770736530000716,0.5422679207538115,21,blocked
21266,66,0,0.4859988607831027,0.43842932707458765,21,blocked
21267,67,0,0.9846984014119635,0.37981320307944594,21,blocked
21268,68,0,0.6726598834495512,0.43369076041049825,21,blocked
21269,69,0,0.14522347508158473,0.5741724576594436,21,blocked
21270,70,0,0.5074436358221877,0.6448430300913857,21,blocked
21271,71,0,0.7624046719243829,0.4856079649372624,21,blocked
21272,72,0,0.7088266013346874,0.30822255383677677,21,blocked
21273,73,0,0.841460072453962,0.3680353720302417,21,blocked
21274,74,0,0.42229968905354887,0.47303663087512376,21,blocked
21275,75,0,0.5404328098614009,0.4313194979782541,21,blocked
21276,76,0,0.2509764325510985,0.6225895317608835,21,blocked
21277,77,0,0.572581759565209,0.3232538936336458,21,blocked
21278,78,0,0.36167550593763076,0.31979802661231516,21,blocked
21279,79,0,0.6309985545731205,0.3631123488707195,21,blocked
21280,80,0,0.40854388246400886,0.4320391413099679,21,blocked
21281,81,0,0.5900038663979331,0.4209799631408321,21,blocked
21282,82,0,0.13258056605725638,0.40321524372308926,21,blocked
21283,83,0,0.8987763415595633,0.5363770693652194,21,blocked
21284,84,0,0.48775541606179734,0.47300135088528855,21,blocked
21285,85,0,0.35197726372811194,0.664860322202663,21,blocked
21286,86,0,0.5545507452610413,0.7367033194213592,21,blocked
21287,87,0,0.4499422784636687,0.4535211292191492,21,blocked
21288,88,0,0.5413563641557488,0.3561533358484614,21,blocked
21289,89,0,0.3101795085319341,0.5543666051206757,21,blocked
21290,90,0,0.9611855119371939,0.3754388138785782,21,blocked
21291,91,0,0.1350772399648471,0.5440476024572742,21,blocked
21292,92,0,0.776594740224178,0.42588370980207935,21,blocked
21293,93,0,0.6127221993192382,0.5144409991100268,21,blocked
21294,94,0,0.823174754925048,0.35233101155285373,21,blocked
21295,95,0,0.2953562067233444,0.5898264153255937,21,blocked
21296,96,0,0.7391974106500413,0.3847434910010583,21,blocked
21297,97,0,0.7489411365314192,0.3590792860749128,21,blocked
21298,98,0,0.5607010617880162,0.3816837233890062,21,blocked
21299,99,0,0.42465624530132523,0.511248112732335,21,blocked
21300,100,0,0.6280432391878967,0.33101347958573674,21,blocked
21301,101,0,0.8060310827869417,0.3324868550121899,21,blocked
21302,102,0,0.4207157919963799,0.44642057729426066,21,blocked
21303,103,0,0.9347085943441131,0.3884896929393631,21,blocked
21304,104,0,0.5698347480373764,0.33415530497852675,21,blocked
21305,105,0,0.9786873747489597,0.3863875164774048,21,blocked
21306,106,0,0.6030882120707057,0.3684475139583261,21,blocked
21307,107,0,0.5635711500310497,0.3581721750623897,21,blocked
21308,108,0,0.5711770852500654,0.39956270900432833,21,blocked
21309,109,0,0.8549602834909502,0.47637776924432806,21,blocked
21310,110,0,0.8572411724580917,0.3281020552148679,21,blocked
21311,111,0,0.04269684352367549,0.721798603387205,21,blocked
21312,112,0,0.5811382447134741,0.6194427159665874,21,blocked
21313,113,0,0.6614984211218917,0.4102019125031736,21,blocked
21314,114,0,0.6895104144247087,0.5057905460875582,21,blocked
21315,115,0,0.9310805071434454,0.4186177012445781,21,blocked
21316,116,0,0.8753296819781058,0.3328196158962674,21,blocked
21317,117,0,0.44398937597900323,0.5171659289450846,21,blocked
21318,118,0,0.8834748629013356,0.4625067991534804,21,blocked
21319,119,0,0.5551167582921949,0.5408646181124633,21,blocked
21320,120,0,0.5466720004519169,0.3880515953660172,21,blocked
21321,121,0,0.6366751670929233,0.31388972284140626,21,blocked
21322,122,0,0.9568174265279041,0.5186382039667293,21,blocked
21323,123,0,0.27850415369679477,0.5784354038020169,21,blocked
21324,124,0,0.9942754112688698,0.47595043975233287,21,blocked
21325,125,0,0.6095679200013188,0.44609360497389533,21,blocked
21326,126,0,0.8310521008337104,0.3289916655042555,21,blocked
21327,127,0,0.852581667931313,0.3213259380562098,21,blocked
21328,128,0,0.13074465863399154,0.3933966123102607,21,blocked
21329,129,0,0.20677724029441252,0.435557607292896,21,blocked
21330,130,0,0.3659686855358337,0.4288224707237126,21,blocked
21331,131,0,0.7299423560785464,0.4769345263142346,21,blocked
21332,132,0,0.6808392472760726,0.2366589025185994,21,blocked
21333,133,0,0.6050278094055024,0.3269421952803353,21,blocked
21334,134,0,0.11758002837193246,0.5741064614619652,21,blocked
21335,135,0,0.9463940425424153,0.3244096880361551,21,blocked
21336,136,0,0.381455971998525,0.4022375869271705,21,blocked
21337,137,0,0.9704573516694719,0.3271369616105847,21,blocked
21338,138,0,0.6180164655366818,0.3876258639380241,21,blocked
21339,139,0,0.982200018300765,0.4256309455494771,21,blocked
21340,140,0,0.7870010543964585,0.5676908859544956,21,blocked
21341,141,0,0.6747013906655124,0.36472441676231426,21,blocked
21342,142,0,0.994201296004357,0.24769125357992172,21,blocked
21343,143,0,0.7312431026475399,0.45227996874459586,21,blocked
21344,144,0,0.9631386111959681,0.31687846791238716,21,blocked
21345,145,0,0.9324098526168494,0.4337499016292753,21,blocked
21346,146,0,0.03883354827830763,0.6192613745176814,21,blocked
21347,147,0,0.9402997827916542,0.2883008653340707,21,blocked
21348,148,0,0.3448862873611227,0.28845291880999824,21,blocked
21349,149,0,0.6427486003894812,0.3491587542957517,21,blocked
21350,150,0,0.6606622641525226,0.3430726384574222,21,blocked
21351,151,0,0.7494301915379473,0.2495943227561671,21,blocked
21352,152,0,0.43033021294378415,0.5058036276700323,21,blocked
21353,153,0,0.564207873533602,0.3788666159773274,21,blocked
21354,154,0,0.9471834374943369,0.2293724157695763,21,blocked
21355,155,0,0.9737162059419615,0.19956154624664585,21,blocked
21356,156,0,0.3041696447448075,0.34702323906874,21,blocked
21357,157,0,0.6980997605051968,0.27992872133517865,21,blocked
21358,158,0,0.44716523640986683,0.5740048124859072,21,blocked
21359,159,0,0.5384263594682426,0.4109722793288088,21,blocked
21360,160,0,0.7139186786525226,0.31022471083226477,21,blocked
21361,161,0,0.5480179486914006,0.3786385559108044,21,blocked
21362,162,0,0.6923650532288371,0.3023779237477475,21,blocked
21363,163,0,0.7252244257927376,0.24158013991593297,21,blocked
21364,164,0,0.800743482439859,0.3943258307390552,21,blocked
21365,165,0,0.9968291034681838,0.38766258426971445,21,blocked
21366,166,0,0.3335392058603163,0.472963008185025,21,blocked
21367,167,0,0.5394707092342913,0.37723760841736453,21,blocked
21368,168,0,0.6977811867772747,0.3217124572093323,21,blocked
21369,169,0,0.3376569994972686,0.4894930748451847,21,blocked
21370,170,0,0.7310337678402964,0.2614130693768693,21,blocked
21371,171,0,0.9065031284621661,0.24094938746886793,21,blocked
21372,172,0,0.8163079302015788,0.26484714027264356,21,blocked
21373,173,0,0.5027375173138035,0.37320079911281534,21,blocked
21374,174,0,0.40151011359486266,0.45996751369992805,21,blocked
21375,175,0,0.4566266407778863,0.5660158414401477,21,blocked
21376,176,0,0.4890564375266222,0.5386630627437775,21,blocked
21377,177,0,0.38578371502990694,0.4159154911871735,21,blocked
21378,178,0,0.5095327766521072,0.4723912394477918,21,blocked
21379,179,0,0.6060000149266305,0.28715393565903213,21,blocked
21380,180,0,0.971156926551966,0.42579987483763937,21,blocked
21381,181,0,0.7388238040925251,0.34755357114266217,21,blocked
21382,182,0,0.4206324356621882,0.44252260598710114,21,blocked
21383,183,0,0.9937252187732054,0.31363305643635453,21,blocked
21384,184,0,0.7511739810383689,0.2784264077085984,21,blocked
21385,185,0,0.4671783988851879,0.4796211293178493,21,blocked
21386,186,0,0.5578404791982778,0.33307681230919206,21,blocked
21387,187,0,0.7652896685885207,0.3039405692963195,21,blocked
21388,188,0,0.37060425034709504,0.5262357695908411,21,blocked
21389,189,0,0.3928071036335786,0.2971018048113205,21,blocked
21390,190,0,0.6214474895904474,0.44106882897103594,21,blocked
21391,191,0,0.79130397361593,0.3269453829433582,21,blocked
21392,192,0,0.6934314860853763,0.36621211411666194,21,blocked
21393,193,0,0.929790250229988,0.23262781733342508,21,blocked
21394,194,0,0.49924488373835846,0.3630440820722921,21,blocked
21395,195,0,0.059141689368305286,0.48587261096397416,21,blocked
21396,196,0,0.9876521935554596,0.32268336110176477,21,blocked
21397,197,0,0.1528020129998196,0.45376850750810516,21,blocked
21398,198,0,0.9868030019891039,0.25968080065875315,21,blocked
21399,199,0,0.7832497793830822,0.3526897096343898,21,blocked
21400,0,0,0.5015195322659726,0.6968432170815115,21,early
21401,1,0,0.4592702352657054,0.4596917701641248,21,early
21402,2,0,0.8998350125185419,0.6750935803819418,21,early
21403,3,0,0.38997010304793733,0.5770519956980886,21,early
21404,4,0,0.43032502109687426,0.5252502654195503,21,early
21405,5,0,0.6481420467526369,0.4902507814832925,21,early
21406,6,0,0.5385790739616717,0.5292436262293146,21,early
21407,7,0,0.6767277310080789,0.427782866399518,21,early
21408,8,0,0.04011251734171956,0.5116031813905456,21,early
21409,9,0,0.7707718287542495,0.5471309959584297,21,early
21410,10,0,0.9455619993749796,0.37467120036058843,21,early
21411,11,0,0.09534485524997702,0.40633691507451175,21,early
21412,12,0,0.27632201001406465,0.3528001238759204,21,early
21413,13,0,0.6425177767349463,0.49049727576217883,21,early
21414,14,0,0.8413237270448946,0.42207574068360443,21,early
21415,15,0,0.9816610872881768,0.45601801481631377,21,early
21416,16,0,0.8642882735344819,0.4514926634619567,21,early
21417,17,0,0.04768947985059444,0.5244235352982156,21,early
21418,18,0,0.06796542443564825,0.3772394028200622,21,early
21419,19,0,0.9080549816722177,0.4358834773263561,21,early
21420,20,0,0.14864275563998935,0.44468256523649363,21,early
21421,21,0,0.9377101915180124,0.43120381693312115,21,early
21422,22,0,0.9704102612683091,0.39994502553772154,21,early
21423,23,0,0.9518622800433989,0.5092948794263822,21,early
21424,24,0,0.025027902470792104,0.5471544924161988,21,early
21425,25,0,0.9575009862762619,0.3711198651610411,21,early
21426,26,0,0.1569200573914797,0.4684135649707542,21,early
21427,27,0,0.8863904999890626,0.5468914020285445,21,early
21428,28,0,0.8459161286209151,0.3280735773328327,21,early
21429,29,0,0.4522958190156577,0.43777345180000404,21,early
21430,30,0,0.9244123325911566,0.392322021800259,21,early
21431,31,0,0.2926847072126266,0.5440522505734096,21,early
21432,32,0,0.6174875412820786,0.38972666879747186,21,early
21433,33,0,0.5414333658780648,0.35457775697035543,21,early
21434,34,0,0.3546076936140322,0.46211327733374563,21,early
21435,35,0,0.6517372243457584,0.5414610303198397,21,early
21436,36,0,0.35261308611022324,0.3688282625602881,21,early
21437,37,0,0.39633681012804467,0.42203816894180385,21,early
21438,38,0,0.7525326452910488,0.35470417761432904,21,early
21439,39,0,0.8351020532748503,0.4388888327867936,21,early
21440,40,0,0.8235045002606005,0.4193591922745704,21,early
21441,41,0,0.9089311806040339,0.5380086010845073,21,early
21442,42,0,0.8854615828694217,0.34562592708250545,21,early
21443,43,0,0.5247930554853425,0.5182028279056619,21,early
21444,44,0,0.5903367842261078,0.3292741509538069,21,early
21445,45,0,0.08302874806224335,0.5661569551184551,21,early
21446,46,0,0.02393843835821157,0.6340589217968208,21,early
21447,47,0,0.44758091348362616,0.4206847719102734,21,early
21448,48,0,0.5305272062442365,0.5889548748564755,21,early
21449,49,0,0.5277810742224204,0.3759591444049577,21,early
21450,50,0,0.6304191012841855,0.4538137669793779,21,early
21451,51,0,0.9383258086894344,0.2989333986259061,21,early
21452,52,0,0.32721362330591774,0.5711594827741345,21,early
21453,53,0,0.05162967974579702,0.5509597504402908,21,early
21454,54,0,0.10600251507759022,0.46545441886435407,21,early
21455,55,0,0.666029450371143,0.5397669905031435,21,early
21456,56,0,0.05343862526412165,0.3991030942902535,21,early
21457,57,0,0.7471376601142181,0.4646685041458122,21,early
21458,58,0,0.46357545954801027,0.39719547913192055,21,early
21459,59,0,0.2739750555351234,0.5535138495789313,21,early
21460,60,0,0.2109325356290754,0.5582724734481916,21,early
21461,61,0,0.12131891300512924,0.6901782379754764,21,early
21462,62,0,0.37223126097363723,0.4231572731209377,21,early
21463,63,0,0.6178189293727996,0.4289081222491578,21,early
21464,64,0,0.5786642181414281,0.4618771157249962,21,early
21465,65,0,0.9653044012407784,0.43275592852483125,21,early
21466,66,0,0.8527039072602969,0.47860970789498325,21,early
21467,67,0,0.9199281880519368,0.5428447591658834,21,early
21468,68,0,0.9777213829638717,0.32606574831054447,21,early
21469,69,0,0.9811801477990425,0.27125121217216214,21,early
21470,70,0,0.9956038747406778,0.44515742309378303,21,early
21471,71,0,0.03714037310467971,0.537772456934185,21,early
21472,72,0,0.01744584309774513,0.5973414339566938,21,early
21473,73,0,0.03309911900703546,0.6467834136966494,21,early
21474,74,0,0.07194042506668577,0.5241466416164167,21,early
21475,75,0,0.934521844193086,0.3252649166497276,21,early
21476,76,0,0.9853336436146782,0.21325022943385802,21,early
21477,77,0,0.7991163694984194,0.6819625927245453,21,early
21478,78,0,0.3005259415736011,0.43464137079643694,21,early
21479,79,0,0.9411898614425112,0.44312838735536675,21,early
21480,80,0,0.42256289863716534,0.5689747231643698,21,early
21481,81,0,0.999435602140641,0.5548736587455894,21,early
21482,82,0,0.34184294688923034,0.45947030838946423,21,early
21483,83,0,0.3476547024101459,0.4269956909680964,21,early
21484,84,0,0.44827851545897407,0.4094594369011943,21,early
21485,85,0,0.449666142175324,0.43479698884060713,21,early
21486,86,0,0.41724208210729297,0.6877366748389946,21,early
21487,87,0,0.9669447380663552,0.3427312273099665,21,early
21488,88,0,0.5910528746381655,0.5586535923124079,21,early
21489,89,0,0.7520606221840254,0.3789898330391631,21,early
21490,90,0,0.8738967474639763,0.3820143151782681,21,early
21491,91,0,0.10547314062849551,0.365696194762937,21,early
21492,92,0,0.4796263346112339,0.445677613084122,21,early
21493,93,0,0.9879583359874994,0.37384624941225914,21,early
21494,94,0,0.49780012460610806,0.49663886204867624,21,early
21495,95,0,0.8380086013457193,0.5445899176490449,21,early
21496,96,0,0.8735515268732983,0.45910791210019297,21,early
21497,97,0,0.4468169506557951,0.558403369763544,21,early
21498,98,0,0.900389319982198,0.42099064449033197,21,early
21499,99,0,0.4255948588697435,0.3881443285376449,21,early
21500,100,0,0.539231637732432,0.394749483299335,21,early
21501,101,0,0.9965072389265814,0.5744221124130011,21,early
21502,102,0,0.9796285940810302,0.3718066320212815,21,early
21503,103,0,0.5396778583739464,0.38170243167960555,21,early
21504,104,0,0.6042381382933838,0.3324665965886221,21,early
21505,105,0,0.27592273311451243,0.4396109857879048,21,early
21506,106,0,0.8109488680073528,0.3623153612094713,21,early
21507,107,0,0.47040291893231223,0.5987461247180537,21,early
21508,108,0,0.49835700529368593,0.4141839534507436,21,early
21509,109,0,0.07827030479974888,0.5750245123084743,21,early
21510,110,0,0.8370664714440661,0.3410973211219974,21,early
21511,111,0,0.5239530274019278,0.3692961019218234,21,early
21512,112,0,0.5603875514845958,0.38318049867072257,21,early
21513,113,0,0.5142998357224793,0.6091300935888457,21,early
21514,114,0,0.42446293871028595,0.3557884092515143,21,early
21515,115,0,0.7029919164195777,0.3740856428341469,21,early
21516,116,0,0.4912704879127325,0.4163122396795954,21,early
21517,117,0,0.1264819038791308,0.5203406991727915,21,early
21518,118,0,0.46058455572671364,0.430462772762746,21,early
21519,119,0,0.8563551620563459,0.19127896909872327,21,early
21520,120,0,0.38695431526918345,0.37211659718889667,21,early
21521,121,0,0.37466392023948886,0.47097826857753855,21,early
21522,122,0,0.5036603030046033,0.3453782029652499,21,early
21523,123,0,0.603963494009186,0.33624042143955435,21,early
21524,124,0,0.3752390725375765,0.4745457881156395,21,early
21525,125,0,0.33226072826167263,0.4419138851600374,21,early
21526,126,0,0.4503229572192662,0.38267926966796184,21,early
21527,127,0,0.8961519181025146,0.2584935694451886,21,early
21528,128,0,0.89388790840165,0.2979420041537508,21,early
21529,129,0,0.9250581859093907,0.3048480539788391,21,early
21530,130,0,0.7867709190675356,0.36789413726107417,21,early
21531,131,0,0.019805471246975622,0.4941778924123733,21,early
21532,132,0,0.8848360741162169,0.3459219413277985,21,early
21533,133,0,0.022009383117566974,0.4146375442790388,21,early
21534,134,0,0.674913419359698,0.3526763363761821,21,early
21535,135,0,0.03342056903438613,0.5739668052802436,21,early
21536,136,0,0.8875542643516483,0.37002258391396425,21,early
21537,137,0,0.7185701084373362,0.39457004029374265,21,early
21538,138,0,0.6108907813401103,0.4212044031877824,21,early
21539,139,0,0.8526649288518555,0.382386291339034,21,early
21540,140,0,0.8877726251327822,0.3601727809771922,21,early
21541,141,0,0.9963009609365565,0.31174769370584354,21,early
21542,142,0,0.9182700817977097,0.4718103424458887,21,early
21543,143,0,0.9350190547823813,0.5447451586767879,21,early
21544,144,0,0.2090990307569324,0.27880449381987404,21,early
21545,145,0,0.28911583047584527,0.5232478802722291,21,early
21546,146,0,0.6482019400687423,0.3831311715725989,21,early
21547,147,0,0.542060627009528,0.37749422721053905,21,early
21548,148,0,0.9381880554331492,0.319867490884213,21,early
21549,149,0,0.7673830437724611,0.2750218093153478,21,early
21550,150,0,0.5084543990094651,0.32792079341432556,21,early
21551,151,0,0.11517320841042089,0.4943024416273065,21,early
21552,152,0,0.4207946620614986,0.3046128977693092,21,early
21553,153,0,0.3788926368161315,0.4184014740866683,21,early
21554,154,0,0.6701087581425487,0.29980584573910574,21,early
21555,155,0,0.923319217490232,0.34654422728912193,21,early
21556,156,0,0.443176262128734,0.42520283012520155,21,early
21557,157,0,0.9195159255021459,0.24031787583578038,21,early
21558,158,0,0.8615780224478715,0.44991954770644027,21,early
21559,159,0,0.973109891534564,0.26173727886293463,21,early
21560,160,0,0.5027299986593184,0.31295748932003,21,early
21561,161,0,0.4980082736616805,0.31916663304397686,21,early
21562,162,0,0.8093258399795085,0.4193639754683614,21,early
21563,163,0,0.0903092439353816,0.4652587776947565,21,early
21564,164,0,0.37693673376015296,0.42611600742615796,21,early
21565,165,0,0.8958144971360755,0.45782137121254707,21,early
21566,166,0,0.5075526511271816,0.35075274693681247,21,early
21567,167,0,0.5449016395189368,0.31760533569125143,21,early
21568,168,0,0.9343283684440549,0.28630490014987,21,early
21569,169,0,0.45864677454384023,0.43403689663720435,21,early
21570,170,0,0.4857861993103195,0.3755267637232547,21,early
21571,171,0,0.9682205241644859,0.34284207450006177,21,early
21572,172,0,0.3801521971166329,0.3909407762010444,21,early
21573,173,0,0.20428717347567413,0.5364439019641651,21,early
21574,174,0,0.9520404940308318,0.325347855634868,21,early
21575,175,0,0.3265982933317457,0.5578461347166326,21,early
21576,176,0,0.47263876359386114,0.4233570294521697,21,early
21577,177,0,0.498759575997441,0.3929921571510946,21,early
21578,178,0,0.669412265665088,0.3535444858677014,21,early
21579,179,0,0.872252325832052,0.30143589477230576,21,early
21580,180,0,0.5031218193993602,0.33243210294444686,21,early
21581,181,0,0.7548344303942441,0.21978896437820233,21,early
21582,182,0,0.5170681023292245,0.34220128042277276,21,early
21583,183,0,0.9364412330931678,0.29101624021678385,21,early
21584,184,0,0.8608551909834352,0.5351774939314375,21,early
21585,185,0,0.9880302840604327,0.24470946840516392,21,early
21586,186,0,0.4970759031057249,0.39655544963580713,21,early
21587,187,0,0.8730682635003011,0.2351184661221684,21,early
21588,188,0,0.6004914901475901,0.39995884341057275,21,early
21589,189,0,0.1634392849618625,0.39845217625552737,21,early
21590,190,0,0.5759328667416035,0.37609925093356655,21,early
21591,191,0,0.6185028453521078,0.3050502092954178,21,early
21592,192,0,0.9613728213475389,0.45492984503867684,21,early
21593,193,0,0.9682132103053673,0.2623154684095895,21,early
21594,194,0,0.015644562425859897,0.42457785179059937,21,early
21595,195,0,0.9062582343433272,0.3748297654607825,21,early
21596,196,0,0.47860886670700564,0.357998431168579,21,early
21597,197,0,0.7362070188102311,0.2754488415342362,21,early
21598,198,0,0.6265189335644644,0.31910632392508537,21,early
21599,199,0,0.35857977447395395,0.41692400028528187,21,early
21600,0,0,0.9537810444209954,0.6894594323886436,21,middle
21601,1,0,0.519142334856921,0.7963489342216273,21,middle
21602,2,0,0.04450718789217182,0.7778041987623132,21,middle
21603,3,0,0.15558565014061987,0.7203094281704217,21,middle
21604,4,0,0.23918350962681184,0.6389406512904674,21,middle
21605,5,0,0.12244939072449873,0.5285006836325714,21,middle
21606,6,0,0.7485316070054541,0.6332552737118351,21,middle
21607,7,0,0.7009241510367785,0.6187361649779124,21,middle
21608,8,0,0.31065825251822,0.49664844909085415,21,middle
21609,9,0,0.5551650770603882,0.6751181739577371,21,middle
21610,10,0,0.5575217342134913,0.6454071907230434,21,middle
21611,11,0,0.8413118663503778,0.5396434642586252,21,middle
21612,12,0,0.6797386169598411,0.6016781691033622,21,middle
21613,13,0,0.14860921401285843,0.5496581116458713,21,middle
21614,14,0,0.33089972584791216,0.47430873335261425,21,middle
21615,15,0,0.15692383091574721,0.5408307879434511,21,middle
21616,16,0,0.5839427378012157,0.34791781203482375,21,middle
21617,17,0,0.5177341872247403,0.4243593641548564,21,middle
21618,18,0,0.7945662883686899,0.4725506686904043,21,middle
21619,19,0,0.48840219154236103,0.5910777622414178,21,middle
21620,20,0,0.9580752406378552,0.4954501508210992,21,middle
21621,21,0,0.5544706450343044,0.4468805084722556,21,middle
21622,22,0,0.9409426304851529,0.4213938555445548,21,middle
21623,23,0,0.4129114702085814,0.6190139736324439,21,middle
21624,24,0,0.9513057060696408,0.4007024274714983,21,middle
21625,25,0,0.5723851140181246,0.34826786730423154,21,middle
21626,26,0,0.35221480123060606,0.48045205946245173,21,middle
21627,27,0,0.665495689755128,0.4903361805261758,21,middle
21628,28,0,0.4830531953199929,0.927601523417528,21,middle
21629,29,0,0.4715670707482988,0.5031083629327177,21,middle
21630,30,0,0.6310906717749052,0.637516949857971,21,middle
21631,31,0,0.5947398407561475,0.5113274721353754,21,middle
21632,32,0,0.708138436992319,0.4265859409949544,21,middle
21633,33,0,0.2177204536695876,0.6095813034725793,21,middle
21634,34,0,0.7814196453633324,0.4940316647824088,21,middle
21635,35,0,0.22553537405631927,0.6173168846862451,21,middle
21636,36,0,0.5219735746291216,0.46565932380616654,21,middle
21637,37,0,0.5399917470633867,0.41834679135595754,21,middle
21638,38,0,0.8939330142523088,0.4900922679133365,21,middle
21639,39,0,0.16849358753292443,0.5849701124394563,21,middle
21640,40,0,0.992167055043826,0.31119160428466747,21,middle
21641,41,0,0.9777663922203869,0.25010604851551305,21,middle
21642,42,0,0.9890697911955375,0.29250837948778374,21,middle
21643,43,0,0.29431375315408115,0.5976755305355486,21,middle
21644,44,0,0.49296674637069465,0.4864096810627644,21,middle
21645,45,0,0.42283956539588236,0.6372162127264698,21,middle
21646,46,0,0.49621766685163365,0.555877007310318,21,middle
21647,47,0,0.7584464721118571,0.5151408890676323,21,middle
21648,48,0,0.19931284952433975,0.7002702734853318,21,middle
21649,49,0,0.4775170486212595,0.521724247522058,21,middle
21650,50,0,0.6335217042014231,0.5113833191293025,21,middle
21651,51,0,0.8596773177737451,0.49839325854407757,21,middle
21652,52,0,0.47619734566535504,0.5180911472978335,21,middle
21653,53,0,0.4613427782137939,0.519617778524146,21,middle
21654,54,0,0.6111218027955484,0.46064738630774993,21,middle
21655,55,0,0.5650206865063048,0.5731813975135831,21,middle
21656,56,0,0.6333153705306709,0.4917340960296699,21,middle
21657,57,0,0.574127211941366,0.719748645402309,21,middle
21658,58,0,0.6587810524474269,0.421165321524159,21,middle
21659,59,0,0.44002563502397807,0.39268413174429534,21,middle
21660,60,0,0.4853590230896136,0.59488867365265,21,middle
21661,61,0,0.1456696928504094,0.5649976632829748,21,middle
21662,62,0,0.6364927164271966,0.592602159533587,21,middle
21663,63,0,0.7134602532448351,0.4548902327680102,21,middle
21664,64,0,0.910325565965302,0.3543174087371637,21,middle
21665,65,0,0.5511581097337758,0.5734402067032071,21,middle
21666,66,0,0.6686960417924607,0.40786800853151495,21,middle
21667,67,0,0.38531584535248675,0.6064076624012469,21,middle
21668,68,0,0.5520297449866128,0.5371250455832369,21,middle
21669,69,0,0.23831910434625223,0.6051872582030798,21,middle
21670,70,0,0.5570073206146781,0.4017426488400794,21,middle
21671,71,0,0.7227064979800518,0.4099050209588362,21,middle
21672,72,0,0.910699614011951,0.4991519696243018,21,middle
21673,73,0,0.9911522314273139,0.33624861247984134,21,middle
21674,74,0,0.9231932405064338,0.4095243716098965,21,middle
21675,75,0,0.08699116930343206,0.5497564620718927,21,middle
21676,76,0,0.8130894497072028,0.39718052444760743,21,middle
21677,77,0,0.682406164543131,0.49773202764791113,21,middle
21678,78,0,0.22058303399621115,0.5524706987466469,21,middle
21679,79,0,0.6176666090319018,0.5025296015947998,21,middle
21680,80,0,0.2080107699605267,0.640864143200907,21,middle
21681,81,0,0.26378915886139637,0.6757314341573257,21,middle
21682,82,0,0.1746384676442314,0.7196020620694634,21,middle
21683,83,0,0.5131480534667343,0.7073720815226152,21,middle
21684,84,0,0.03177931797843826,0.6516673169286943,21,middle
21685,85,0,0.15317279568147796,0.44113625904567005,21,middle
21686,86,0,0.3318073485232389,0.4983959439541187,21,middle
21687,87,0,0.6933030585337403,0.5035888435110926,21,middle
21688,88,0,0.0735247754131482,0.547350795980311,21,middle
21689,89,0,0.23665458340685602,0.671921381489251,21,middle
21690,90,0,0.3641428125863603,0.625574082692945,21,middle
21691,91,0,0.16903897625766953,0.46476907139483636,21,middle
21692,92,0,0.2651854094267073,0.5030278500217369,21,middle
21693,93,0,0.6249005597104449,0.4269015208871065,21,middle
21694,94,0,0.6566169780887944,0.5346338550352383,21,middle
21695,95,0,0.9600234975280348,0.4067407051763987,21,middle
21696,96,0,0.029421032234654074,0.6522742091856043,21,middle
21697,97,0,0.7913383287931219,0.33553874861030564,21,middle
21698,98,0,0.5739775911586225,0.44702892757243895,21,middle
21699,99,0,0.8008396004796391,0.30656804112270797,21,middle
21700,100,0,0.8380073559608168,0.322640998014063,21,middle
21701,101,0,0.13629438019180967,0.5713549299449391,21,middle
21702,102,0,0.18653188176504942,0.8030990531434328,21,middle
21703,103,0,0.6767138517345693,0.4491837137161596,21,middle
21704,104,0,0.10602700871332635,0.6970559549339979,21,middle
21705,105,0,0.4302474848695077,0.4260101326569179,21,middle
21706,106,0,0.3123742535215961,0.5245561844492459,21,middle
21707,107,0,0.367330050181619,0.524270172062784,21,middle
21708,108,0,0.5084632486285595,0.47705225282627906,21,middle
21709,109,0,0.3986676838340057,0.45033844110477605,21,middle
21710,110,0,0.5834056240751644,0.3954105121361481,21,middle
21711,111,0,0.5487046928648082,0.4272312586597089,21,middle
21712,112,0,0.6369325388711302,0.4082395416517147,21,middle
21713,113,0,0.10081714049187443,0.6684574927577704,21,middle
21714,114,0,0.5379295636057696,0.5418469042047034,21,middle
21715,115,0,0.4193514125056097,0.6456274822033511,21,middle
21716,116,0,0.051233267561298285,0.5782318641683735,21,middle
21717,117,0,0.2425429820817806,0.5105878290569865,21,middle
21718,118,0,0.5578832296791278,0.27556895987193064,21,middle
21719,119,0,0.21891750317679293,0.4818345322967235,21,middle
21720,120,0,0.4249851224899805,0.530974073520094,21,middle
21721,121,0,0.14590005976649206,0.4919755718914625,21,middle
21722,122,0,0.2826873197132884,0.4069429295521648,21,middle
21723,123,0,0.21038913455010133,0.5095822562314756,21,middle
21724,124,0,0.8216264238613094,0.42606060031403337,21,middle
21725,125,0,0.3782782296121514,0.4998284967750769,21,middle
21726,126,0,0.17286682988012483,0.4476103929614372,21,middle
21727,127,0,0.350674823234272,0.5019223642064627,21,middle
21728,128,0,0.7420843325760174,0.4587333860067977,21,middle
21729,129,0,0.9260210281181945,0.5235486267080203,21,middle
21730,130,0,0.8911765229380155,0.36928855445308506,21,middle
21731,131,0,0.5732333713689347,0.351663516660215,21,middle
21732,132,0,0.6558039746612785,0.3517913683644809,21,middle
21733,133,0,0.7457467055551713,0.39625641385455995,21,middle
21734,134,0,0.34264584853116425,0.44564089813327523,21,middle
21735,135,0,0.8062540544017737,0.4912480437962783,21,middle
21736,136,0,0.43428425208293775,0.5402808227551585,21,middle
21737,137,0,0.5062419867681563,0.6650532517550722,21,middle
21738,138,0,0.9368257082831118,0.6680503301681677,21,middle
21739,139,0,0.5660930143598046,0.39630057662813756,21,middle
21740,140,0,0.8250465807595523,0.44872463147689723,21,middle
21741,141,0,0.6865727544276627,0.43642562635595045,21,middle
21742,142,0,0.2095751835856634,0.5266408938758873,21,middle
21743,143,0,0.1378442934545775,0.45664849050548784,21,middle
21744,144,0,0.7973090196914332,0.6117422866378592,21,middle
21745,145,0,0.2911753236051656,0.4461567926105381,21,middle
21746,146,0,0.7181140049942324,0.4628589394746133,21,middle
21747,147,0,0.6457366395377658,0.4960283955932458,21,middle
21748,148,0,0.5482446696766351,0.4384747194081367,21,middle
21749,149,0,0.936534082311553,0.40410160971757375,21,middle
21750,150,0,0.2413141505714074,0.5383346748671725,21,middle
21751,151,0,0.6861682756799736,0.4568899836591526,21,middle
21752,152,0,0.8228285234139656,0.3495590560723878,21,middle
21753,153,0,0.35710006961007335,0.41479517457266385,21,middle
21754,154,0,0.18602834449839323,0.5323560047713467,21,middle
21755,155,0,0.6047169114924198,0.36628361661039166,21,middle
21756,156,0,0.7324634214348351,0.4549990738024052,21,middle
21757,157,0,0.3025034112694907,0.4842220113283572,21,middle
21758,158,0,0.8631422885942823,0.6551373608271833,21,middle
21759,159,0,0.4766258555076547,0.5218449865079364,21,middle
21760,160,0,0.48289452894332774,0.4707562702245347,21,middle
21761,161,0,0.506575515238902,0.3225915496401756,21,middle
21762,162,0,0.38689351191268967,0.43690840637765604,21,middle
21763,163,0,0.7236702290284962,0.40303756182172557,21,middle
21764,164,0,0.39690540804551644,0.4224124670688248,21,middle
21765,165,0,0.7393770649946567,0.4285356741205696,21,middle
21766,166,0,0.8240870732926049,0.3746482841069841,21,middle
21767,167,0,0.24831384290461533,0.43005920973230727,21,middle
21768,168,0,0.9519461624353267,0.31026539407785275,21,middle
21769,169,0,0.9563155093599804,0.3700956753102044,21,middle
21770,170,0,0.8561301911232231,0.4017829113290072,21,middle
21771,171,0,0.8597009569962555,0.4417173195243502,21,middle
21772,172,0,0.30801124086568804,0.573842557176899,21,middle
21773,173,0,0.694413557940504,0.37435290974081326,21,middle
21774,174,0,0.9187501974303415,0.37223799355639103,21,middle
21775,175,0,0.9916058425576142,0.3156453867621971,21,middle
21776,176,0,0.5735224561089889,0.4236094014640197,21,middle
21777,177,0,0.5081810772653033,0.45744822944395414,21,middle
21778,178,0,0.7710066438473024,0.41305355679700073,21,middle
21779,179,0,0.4989416955541217,0.38355615773887825,21,middle
21780,180,0,0.5550291268330921,0.4671648052172246,21,middle
21781,181,0,0.6755043822987105,0.4984436536463037,21,middle
21782,182,0,0.14121084376609044,0.5856270204484906,21,middle
21783,183,0,0.41190197648506593,0.45906215529035455,21,middle
21784,184,0,0.11664370429070181,0.583946122506941,21,middle
21785,185,0,0.6081521736563336,0.4746718310095691,21,middle
21786,186,0,0.5370856174275926,0.5370731615394067,21,middle
21787,187,0,0.6516359574689424,0.5052325765431335,21,middle
21788,188,0,0.798440758788739,0.36606123139834856,21,middle
21789,189,0,0.17340561101945154,0.5234142846443519,21,middle
21790,190,0,0.45986636540755976,0.44864188399838567,21,middle
21791,191,0,0.6006945542938876,0.26313224508977373,21,middle
21792,192,0,0.18030584947998335,0.4121131183849599,21,middle
21793,193,0,0.8558894536022039,0.3529460427776893,21,middle
21794,194,0,0.3798650697799882,0.46221888899877006,21,middle
21795,195,0,0.9198060473459331,0.2753632883659765,21,middle
21796,196,0,0.33899897094859127,0.4224603065180099,21,middle
21797,197,0,0.32300950854518495,0.47884966968021425,21,middle
21798,198,0,0.35749533911957476,0.42446995430018203,21,middle
21799,199,0,0.26732360589664833,0.46816295797721563,21,middle
21800,0,0,0.8712693723260496,0.6708902688445648,21,late
21801,1,0,0.4870092813441531,0.502443942451134,21,late
21802,2,0,0.8389092940339297,0.45862880471551004,21,late
21803,3,0,0.39023921456485683,0.806627543135533,21,late
21804,4,0,0.06515114124971016,0.6590275113983426,21,late
21805,5,0,0.7265954003502044,0.5371501517189898,21,late
21806,6,0,0.4971377831596596,0.4978508576070849,21,late
21807,7,0,0.04291661841647393,0.6016914287870068,21,late
21808,8,0,0.6933741186297213,0.4314109315161414,21,late
21809,9,0,0.31669805323327904,0.6418939269577209,21,late
21810,10,0,0.895089590993329,0.49947447665398126,21,late
21811,11,0,0.42767397005836877,0.6423898835134201,21,late
21812,12,0,0.7828989975651774,0.4410498574972644,21,late
21813,13,0,0.1343926408342643,0.48318331111616586,21,late
21814,14,0,0.22478684318291997,0.5144805776504504,21,late
21815,15,0,0.5488562928240309,0.5318751451331268,21,late
21816,16,0,0.47598381812323604,0.4445265682070507,21,late
21817,17,0,0.7694268516043986,0.48325036040930025,21,late
21818,18,0,0.7291408896478804,0.5757373625843011,21,late
21819,19,0,0.31390843555713244,0.557306937180709,21,late
21820,20,0,0.44593360545656635,0.41564907860243944,21,late
21821,21,0,0.5705198957448512,0.5485934205056266,21,late
21822,22,0,0.8522404160023176,0.4723723905781845,21,late
21823,23,0,0.35868342349905874,0.5968766197121702,21,late
21824,24,0,0.7854368606210429,0.47955967261563137,21,late
21825,25,0,0.1989397316928655,0.4334276502794887,21,late
21826,26,0,0.5959536001284336,0.36295663811424705,21,late
21827,27,0,0.4897469709551104,0.49277843670735755,21,late
21828,28,0,0.7477508357619018,0.4379854570520917,21,late
21829,29,0,0.8467560276695318,0.4594467281617663,21,late
21830,30,0,0.7362842377110423,0.4613988663499422,21,late
21831,31,0,0.37862066669458727,0.6115947636534373,21,late
21832,32,0,0.6010468968100913,0.49855039714110894,21,late
21833,33,0,0.5613417534795102,0.44946691921293747,21,late
21834,34,0,0.5282018792672055,0.5647499073719642,21,late
21835,35,0,0.7434126539779153,0.4653675967572522,21,late
21836,36,0,0.9005141442518076,0.44719585862627553,21,late
21837,37,0,0.5872936827538587,0.5105727109351789,21,late
21838,38,0,0.42636696090282405,0.4257567111169217,21,late
21839,39,0,0.8240812116320391,0.4053385097165856,21,late
21840,40,0,0.2882991143359507,0.5516235537426158,21,late
21841,41,0,0.2519176248795405,0.4969824106805974,21,late
21842,42,0,0.7175291492635029,0.40851616198348795,21,late
21843,43,0,0.25877649525720625,0.6527511122920415,21,late
21844,44,0,0.6079964546056988,0.5979304581084643,21,late
21845,45,0,0.4261769773978903,0.5728118028982004,21,late
21846,46,0,0.3443981994241191,0.5180558141115839,21,late
21847,47,0,0.17747712391535486,0.41078389968080187,21,late
21848,48,0,0.5394554589931249,0.5858836038178328,21,late
21849,49,0,0.3832074137938808,0.53044689990612,21,late
21850,50,0,0.8328813651041808,0.27712229995182397,21,late
21851,51,0,0.6029438406323999,0.34521784590748494,21,late
21852,52,0,0.3372832710216831,0.4630169282764729,21,late
21853,53,0,0.28304880512715,0.526463215330859,21,late
21854,54,0,0.40930955370347016,0.5405479082935114,21,late
21855,55,0,0.7132168672028789,0.37009215038920684,21,late
21856,56,0,0.5382757398075648,0.39404432517400967,21,late
21857,57,0,0.44561742221251066,0.404951394534291,21,late
21858,58,0,0.45161012214898283,0.38839932429207474,21,late
21859,59,0,0.27845766465598276,0.546882971313511,21,late
21860,60,0,0.6093162524413696,0.4708428921633063,21,late
21861,61,0,0.6080043066079104,0.4215534857799244,21,late
21862,62,0,0.7670349051911438,0.4110078876746688,21,late
21863,63,0,0.8009004983747751,0.45519339737534514,21,late
21864,64,0,0.5321511805464113,0.3590601823787607,21,late
21865,65,0,0.8471984730681628,0.3974718259658444,21,late
21866,66,0,0.44124171064484,0.5752259308157632,21,late
21867,67,0,0.5811252254092057,0.5281366078462131,21,late
21868,68,0,0.5988896652436969,0.35736159614044455,21,late
21869,69,0,0.9522706319093419,0.4002627529121944,21,late
21870,70,0,0.4761540307483055,0.3483341903162506,21,late
21871,71,0,0.6127676156473569,0.3897244237792937,21,late
21872,72,0,0.5770659431370455,0.47833034840839095,21,late
21873,73,0,0.5944526091205565,0.4982965235874083,21,late
21874,74,0,0.6669148359551014,0.4147156380211453,21,late
21875,75,0,0.6524237464719331,0.412659520290232,21,late
21876,76,0,0.5685109541574866,0.4525142447678286,21,late
21877,77,0,0.2604771405300986,0.32507856141173824,21,late
21878,78,0,0.3586777538823135,0.6056926114452466,21,late
21879,79,0,0.7516557181959158,0.4374479437827758,21,late
21880,80,0,0.3471110465659156,0.40672662512787205,21,late
21881,81,0,0.7080094819408568,0.4243109072030713,21,late
21882,82,0,0.5158913583902871,0.4844024158573344,21,late
21883,83,0,0.7948719030472918,0.3792997982575437,21,late
21884,84,0,0.5782290843485138,0.5148035426284037,21,late
21885,85,0,0.3760590439871654,0.7071331615063357,21,late
21886,86,0,0.899030090573942,0.47810759849421547,21,late
21887,87,0,0.6268369684198567,0.4517605718035338,21,late
21888,88,0,0.8010443300344896,0.4206292934093415,21,late
21889,89,0,0.7806661631062946,0.5215728688587622,21,late
21890,90,0,0.8244453928429478,0.39598900142018356,21,late
21891,91,0,0.26673504963135375,0.6064281370038991,21,late
21892,92,0,0.40944337379046025,0.4402060590921806,21,late
21893,93,0,0.8264985372943837,0.4666859344633919,21,late
21894,94,0,0.5649662782831073,0.4583841947285239,21,late
21895,95,0,0.8693924468471308,0.3138012711075168,21,late
21896,96,0,0.7861054434633099,0.36630316208258684,21,late
21897,97,0,0.8687337146245732,0.41043094206984165,21,late
21898,98,0,0.3649485569443698,0.2761004838471355,21,late
21899,99,0,0.6133945186147209,0.407118203400173,21,late
21900,100,0,0.7268086646446015,0.49262810776922866,21,late
21901,101,0,0.30156318487812206,0.5149433964037735,21,late
21902,102,0,0.6112097975604909,0.3443270544502731,21,late
21903,103,0,0.808803444133503,0.3819947738460717,21,late
21904,104,0,0.6945168807188051,0.434924315176179,21,late
21905,105,0,0.24619139662891132,0.4526143920911925,21,late
21906,106,0,0.5555029562986339,0.3081755590846236,21,late
21907,107,0,0.8957299767375497,0.34010981402079316,21,late
21908,108,0,0.8311324326083757,0.5243200583167887,21,late
21909,109,0,0.6915120020341444,0.2866057645637907,21,late
21910,110,0,0.4788525295483036,0.5274222746723884,21,late
21911,111,0,0.6264538582069211,0.3664408986102115,21,late
21912,112,0,0.2078318313465375,0.4189376888935873,21,late
21913,113,0,0.39540310955233676,0.3867179486902206,21,late
21914,114,0,0.7810648086186462,0.5210569903619393,21,late
21915,115,0,0.4669045219974608,0.4352146359515205,21,late
21916,116,0,0.19818392220216355,0.42920683185365893,21,late
21917,117,0,0.6657832485479089,0.3811336896317746,21,late
21918,118,0,0.7680211364870624,0.39522386494732126,21,late
21919,119,0,0.35238815961905445,0.39930021262760274,21,late
21920,120,0,0.32977930462301797,0.5385968087224566,21,late
21921,121,0,0.7467647727912647,0.326554229840911,21,late
21922,122,0,0.8022544415280598,0.4805344973530632,21,late
21923,123,0,0.07845515505481014,0.44618260976905416,21,late
21924,124,0,0.2639592795703471,0.48928474303083347,21,late
21925,125,0,0.4706629553457271,0.3422958077988555,21,late
21926,126,0,0.5630068282014871,0.297983746019197,21,late
21927,127,0,0.5007545990137162,0.38691207166851055,21,late
21928,128,0,0.11297757928115422,0.7246268447726699,21,late
21929,129,0,0.4395906878650001,0.5726185092560332,21,late
21930,130,0,0.4827409567878587,0.4024830909457532,21,late
21931,131,0,0.550509365551484,0.3212651821449858,21,late
21932,132,0,0.4728471898249118,0.39619848092334975,21,late
21933,133,0,0.20695908337325122,0.5466061351343385,21,late
21934,134,0,0.31455123206539337,0.5183882404094753,21,late
21935,135,0,0.18266138394608067,0.56875379060864,21,late
21936,136,0,0.6254351830961449,0.37552975142997536,21,late
21937,137,0,0.6378776425342269,0.45448415099276457,21,late
21938,138,0,0.2994512368212093,0.4499714100726605,21,late
21939,139,0,0.26482393774884805,0.29170759257904566,21,late
21940,140,0,0.31393818085637304,0.5116338026516389,21,late
21941,141,0,0.8284228788445664,0.3117581846823973,21,late
21942,142,0,0.4094080275678301,0.43166804272645615,21,late
21943,143,0,0.31928560870659173,0.4576774047478045,21,late
21944,144,0,0.722179548436534,0.4686820801721827,21,late
21945,145,0,0.3112732312713728,0.5024653550279591,21,late
21946,146,0,0.5633001381134701,0.4472350569369046,21,late
21947,147,0,0.28106099168812454,0.40080387473771806,21,late
21948,148,0,0.7476011255111199,0.3070382232422476,21,late
21949,149,0,0.5763510885121189,0.31496053724457906,21,late
21950,150,0,0.3020194228358012,0.29604606175699993,21,late
21951,151,0,0.5577525792371449,0.3776208917400884,21,late
21952,152,0,0.843623174454587,0.4110375753023438,21,late
21953,153,0,0.8451393677580485,0.3464323806545341,21,late
21954,154,0,0.7165215848545703,0.34903085787813415,21,late
21955,155,0,0.8890249401403445,0.3218717567528205,21,late
21956,156,0,0.6532067419871114,0.534353710283641,21,late
21957,157,0,0.6206695065329294,0.3855853938967424,21,late
21958,158,0,0.908379027485505,0.3295724027672055,21,late
21959,159,0,0.9108556149508455,0.3075299439966979,21,late
21960,160,0,0.8918780660049451,0.5327538563563534,21,late
21961,161,0,0.34798390718967137,0.5537225556291105,21,late
21962,162,0,0.9663918254406945,0.3423254310082832,21,late
21963,163,0,0.01099926012311445,0.4355799274767037,21,late
21964,164,0,0.5405553149185092,0.4543258966362892,21,late
21965,165,0,0.9577362832696322,0.28015738368497,21,late
21966,166,0,0.8739118819854406,0.3634120082171477,21,late
21967,167,0,0.736921518978509,0.2781020877023034,21,late
21968,168,0,0.798872274111797,0.34389861937742616,21,late
21969,169,0,0.4672716737484733,0.3841308545863805,21,late
21970,170,0,0.19102560034985389,0.5532712103554158,21,late
21971,171,0,0.4581981928936102,0.42843051078571237,21,late
21972,172,0,0.03397604795768644,0.40378388519949104,21,late
21973,173,0,0.2006024421598151,0.3546829848354861,21,late
21974,174,0,0.5510049070302401,0.4081690432724534,21,late
21975,175,0,0.634859970349483,0.3418700553391198,21,late
21976,176,0,0.33164393391675545,0.44867409533723945,21,late
21977,177,0,0.38156749844428406,0.3884779065220012,21,late
21978,178,0,0.4173834116165075,0.38988124879140224,21,late
21979,179,0,0.7027552760655602,0.2696054720425218,21,late
21980,180,0,0.3538977716211806,0.5267450798160778,21,late
21981,181,0,0.21204629657587395,0.42010039592246334,21,late
21982,182,0,0.4486528951829687,0.40871198964534206,21,late
21983,183,0,0.6779074636588234,0.5070789352065648,21,late
21984,184,0,0.5009172498733248,0.37003275563897153,21,late
21985,185,0,0.6016226792971733,0.4494588282409593,21,late
21986,186,0,0.4022833580301762,0.3928279406555306,21,late
21987,187,0,0.35602828980167567,0.5164094786895148,21,late
21988,188,0,0.41828015412284586,0.38621581888998135,21,late
21989,189,0,0.6862888096351151,0.39427375613463495,21,late
21990,190,0,0.5703380514547508,0.3250387481034948,21,late
21991,191,0,0.3566914022201225,0.48774505673871404,21,late
21992,192,0,0.6632414684494057,0.43628989625625375,21,late
21993,193,0,0.42338713180973864,0.3289789913314447,21,late
21994,194,0,0.5506816352828967,0.33903270310965655,21,late
21995,195,0,0.48671095047328644,0.42243202610341357,21,late
21996,196,0,0.6696831590430804,0.29595436696840705,21,late
21997,197,0,0.24151471423287488,0.4930424856863096,21,late
21998,198,0,0.747707149052461,0.265871455759493,21,late
21999,199,0,0.5658255272427486,0.3190175570726266,21,late
22000,0,0,0.9412753909698498,0.5554903674486349,22,interleaved
22001,1,0,0.20998803863895132,0.579429490712452,22,interleaved
22002,2,0,0.5422381129574064,0.5716018737215749,22,interleaved
22003,3,0,0.3246612499887812,0.41722019310246333,22,interleaved
22004,4,0,0.7065057970205137,0.46966125969234046,22,interleaved
22005,5,0,0.31543494942683004,0.6180290305188976,22,interleaved
22006,6,0,0.5406330995858436,0.5478042995230186,22,interleaved
22007,7,0,0.32036210054278197,0.4586038358739487,22,interleaved
22008,8,0,0.716505718217456,0.41496866661578047,22,interleaved
22009,9,0,0.5077197085904727,0.5413156906957391,22,interleaved
22010,10,0,0.4299094095244294,0.543565804886535,22,interleaved
22011,11,0,0.5003252338331166,0.47583820545465616,22,interleaved
22012,12,0,0.3228191005741138,0.508051628732406,22,interleaved
22013,13,0,0.28330525598129525,0.4395239409301851,22,interleaved
22014,14,0,0.4215553955536343,0.7036250487535487,22,interleaved
22015,15,0,0.5100164880171816,0.4931502523561938,22,interleaved
22016,16,0,0.8449378856785197,0.5264044885578827,22,interleaved
22017,17,0,0.46567190372287887,0.5589279550175195,22,interleaved
22018,18,0,0.5099016764805564,0.7025477135765865,22,interleaved
22019,19,0,0.5869465241239623,0.4069983568057617,22,interleaved
22020,20,0,0.91392261699571,0.3804339878721136,22,interleaved
22021,21,0,0.3812354963961746,0.5730136408992819,22,interleaved
22022,22,0,0.6208392035951491,0.43897193530735623,22,interleaved
22023,23,0,0.5382655504182723,0.2917245646172054,22,interleaved
22024,24,0,0.4714123579431526,0.4548872186606987,22,interleaved
22025,25,0,0.6562593484841102,0.5335597714827108,22,interleaved
22026,26,0,0.3776258288766972,0.5520501436139299,22,interleaved
22027,27,0,0.555338706943441,0.38580674750940647,22,interleaved
22028,28,0,0.38237259910906385,0.5662271553502064,22,interleaved
22029,29,0,0.5169995925024632,0.637837362395268,22,interleaved
22030,30,0,0.26686368157992235,0.3905541669430248,22,interleaved
22031,31,0,0.530083056627855,0.5742677716796047,22,interleaved
22032,32,0,0.4335912256297419,0.4879964851448984,22,interleaved
22033,33,0,0.6921370722437147,0.49293889035954486,22,interleaved
22034,34,0,0.4849634093718614,0.5794567802834907,22,interleaved
22035,35,0,0.3730231263503524,0.7870643720312087,22,interleaved
22036,36,0,0.5264963831276807,0.3676512143368944,22,interleaved
22037,37,0,0.12166705967041301,0.5227975083223564,22,interleaved
22038,38,0,0.6739305209861635,0.4068997426547453,22,interleaved
22039,39,0,0.5744180856202187,0.3639437313116424,22,interleaved
22040,40,0,0.17716523033956763,0.4381096480581527,22,interleaved
22041,41,0,0.6913075362988437,0.4364593049480074,22,interleaved
22042,42,0,0.6875611445747228,0.32327300400874365,22,interleaved
22043,43,0,0.3006693106412881,0.4204761042669447,22,interleaved
22044,44,0,0.2907881427553364,0.4196311316331558,22,interleaved
22045,45,0,0.2606309975953442,0.3800290942218001,22,interleaved
22046,46,0,0.6245512012383565,0.5139437657344894,22,interleaved
22047,47,0,0.16421172940518527,0.5577027199777116,22,interleaved
22048,48,0,0.47275860446670614,0.33673244029904803,22,interleaved
22049,49,0,0.5019209170747946,0.42103343370327684,22,interleaved
22050,50,0,0.6605020549220231,0.5825568861312791,22,interleaved
22051,51,0,0.30212983286978934,0.46032343522590435,22,interleaved
22052,52,0,0.7519385635023934,0.4745105307726556,22,interleaved
22053,53,0,0.5152410457003365,0.3559207474577484,22,interleaved
22054,54,0,0.5753505110700317,0.5245090320399425,22,interleaved
22055,55,0,0.6386388722672104,0.35627914734155497,22,interleaved
22056,56,0,0.7846484290578132,0.4320915279502698,22,interleaved
22057,57,0,0.5235528520010521,0.44579104462737357,22,interleaved
22058,58,0,0.8417519655224586,0.4909196917777387,22,interleaved
22059,59,0,0.84181472475618,0.44879445932068734,22,interleaved
22060,60,0,0.9824622033429302,0.5925210794149538,22,interleaved
22061,61,0,0.42498338678663933,0.5567433720662212,22,interleaved
22062,62,0,0.5393941662545427,0.42757340947643335,22,interleaved
22063,63,0,0.7513073790208716,0.5106436142811669,22,interleaved
22064,64,0,0.4083156928928722,0.375682746011401,22,interleaved
22065,65,0,0.7089281642704037,0.6169907622719654,22,interleaved
22066,66,0,0.599610493941761,0.3595260876924464,22,interleaved
22067,67,0,0.5646974979439789,0.4625395623816466,22,interleaved
22068,68,0,0.29951592207603556,0.4799394005744784,22,interleaved
22069,69,0,0.3012443248431066,0.5484158552043346,22,interleaved
22070,70,0,0.6200596411847399,0.35903857205959644,22,interleaved
22071,71,0,0.6265630896128629,0.3957854049358166,22,interleaved
22072,72,0,0.6205038503597243,0.35312887917850794,22,interleaved
22073,73,0,0.11612061738542107,0.47457021289012075,22,interleaved
22074,74,0,0.4392393382796074,0.44560650001705027,22,interleaved
22075,75,0,0.7002834320628415,0.4265515687806564,22,interleaved
22076,76,0,0.34572463178360413,0.6592899836477418,22,interleaved
22077,77,0,0.3174145410324934,0.37872107662879845,22,interleaved
22078,78,0,0.47801677877769094,0.44027863583204374,22,interleaved
22079,79,0,0.3782998495679917,0.38367277647504605,22,interleaved
22080,80,0,0.6139677155202982,0.5063858716379191,22,interleaved
22081,81,0,0.0656807828593073,0.5726761668484794,22,interleaved
22082,82,0,0.4204720866769198,0.40877178156693794,22,interleaved
22083,83,0,0.5696561761775336,0.500014198737321,22,interleaved
22084,84,0,0.47903412765824444,0.6841156143290219,22,interleaved
22085,85,0,0.5323098440294096,0.49176178381610036,22,interleaved
22086,86,0,0.7840422572166017,0.4113332768936897,22,interleaved
22087,87,0,0.6460298616176141,0.34043323974917167,22,interleaved
22088,88,0,0.7385501637286775,0.3815016348079735,22,interleaved
22089,89,0,0.20796283275610314,0.4935797653474161,22,interleaved
22090,90,0,0.6919656010102917,0.3642175623791606,22,interleaved
22091,91,0,0.4958985476940913,0.47376769387728745,22,interleaved
22092,92,0,0.68118958243014,0.42270458774569813,22,interleaved
22093,93,0,0.6084624131859097,0.4574830500129248,22,interleaved
22094,94,0,0.6461328141897039,0.38483226827244327,22,interleaved
22095,95,0,0.6606524362812491,0.44949738494509284,22,interleaved
22096,96,0,0.664806410980958,0.3463878607222667,22,interleaved
22097,97,0,0.8242609420861711,0.28103511815474064,22,interleaved
22098,98,0,0.3016228738833244,0.44162471650903734,22,interleaved
22099,99,0,0.06134520906422412,0.7466092423911012,22,interleaved
22100,100,0,0.7482125388273473,0.3280688009692186,22,interleaved
22101,101,0,0.25678032450531224,0.5801331721516594,22,interleaved
22102,102,0,0.7726235276865652,0.446269167462642,22,interleaved
22103,103,0,0.6874390342787287,0.30095384824599214,22,interleaved
22104,104,0,0.4674986434505521,0.5524192342998705,22,interleaved
22105,105,0,0.4572771283051613,0.35077136620017524,22,interleaved
22106,106,0,0.48752346466903435,0.39680761502299433,22,interleaved
22107,107,0,0.6440240281992484,0.3745141484778235,22,interleaved
22108,108,0,0.4594839837641917,0.37857261307962664,22,interleaved
22109,109,0,0.7917176386452947,0.482402515538087,22,interleaved
22110,110,0,0.4530305842500112,0.5727303476921645,22,interleaved
22111,111,0,0.016456505651586014,0.6825530657405467,22,interleaved
22112,112,0,0.5696409612710478,0.4845386612098317,22,interleaved
22113,113,0,0.44027838514284257,0.3342171308880334,22,interleaved
22114,114,0,0.5731778635271153,0.7065282091470737,22,interleaved
22115,115,0,0.9454327761893369,0.43408459261847127,22,interleaved
22116,116,0,0.45976683065450236,0.4248322093976281,22,interleaved
22117,117,0,0.14038987913944312,0.529704155415822,22,interleaved
22118,118,0,0.5824250020719322,0.4052251893429767,22,interleaved
22119,119,0,0.9330888653707401,0.36720949543315806,22,interleaved
22120,120,0,0.6605407126842785,0.301201748489336,22,interleaved
22121,121,0,0.5006100159643764,0.4101142860959564,22,interleaved
22122,122,0,0.4346486502239438,0.40921000958256193,22,interleaved
22123,123,0,0.5229841748285509,0.46046947163581775,22,interleaved
22124,124,0,0.4496597981755411,0.4152521312509697,22,interleaved
22125,125,0,0.8364146853433354,0.4978999084896324,22,interleaved
22126,126,0,0.3355236749650861,0.5698385119300093,22,interleaved
22127,127,0,0.4779768411554113,0.4665510816000376,22,interleaved
22128,128,0,0.07778306237194521,0.614248654917928,22,interleaved
22129,129,0,0.5032786896323005,0.3875302758989565,22,interleaved
22130,130,0,0.63443836376413,0.4333537892979956,22,interleaved
22131,131,0,0.5194756387534181,0.2778150140443416,22,interleaved
22132,132,0,0.5343606489567256,0.38318469294301083,22,interleaved
22133,133,0,0.5463571824273972,0.4061132521941684,22,interleaved
22134,134,0,0.5271446441586427,0.4192455586271461,22,interleaved
22135,135,0,0.6911423729680107,0.3131112128620288,22,interleaved
22136,136,0,0.5279232381180956,0.38776571599116927,22,interleaved
22137,137,0,0.7111719085388892,0.33307061079167627,22,interleaved
22138,138,0,0.46399229810055054,0.431120721455015,22,interleaved
22139,139,0,0.5922380762407423,0.4674224170619575,22,interleaved
22140,140,0,0.5593996549336624,0.4858621305814619,22,interleaved
22141,141,0,0.45046309026220693,0.45389620495246275,22,interleaved
22142,142,0,0.7854380572393108,0.442122489836551,22,interleaved
22143,143,0,0.2754151499697675,0.5460844532792568,22,interleaved
22144,144,0,0.06950859469593962,0.3653171599215484,22,interleaved
22145,145,0,0.4752476778566641,0.3381477592378612,22,interleaved
22146,146,0,0.8744367996246923,0.33505486719334376,22,interleaved
22147,147,0,0.4842466249515235,0.29429637340639536,22,interleaved
22148,148,0,0.17075134502247344,0.37802749358514104,22,interleaved
22149,149,0,0.4386395134849197,0.4633106544683011,22,interleaved
22150,150,0,0.652020862760438,0.38372358547076213,22,interleaved
22151,151,0,0.3959331084474817,0.30062488987707836,22,interleaved
22152,152,0,0.4911060126297037,0.5375502265983869,22,interleaved
22153,153,0,0.22556303125428454,0.48784340165914664,22,interleaved
22154,154,0,0.8417336919547862,0.37798835026326927,22,interleaved
22155,155,0,0.7016192440772309,0.45761601214693415,22,interleaved
22156,156,0,0.8080361274456752,0.32094918419927454,22,interleaved
22157,157,0,0.3204088090193039,0.4604967803956174,22,interleaved
22158,158,0,0.8278195908193001,0.3920686458523023,22,interleaved
22159,159,0,0.7022644469103332,0.5277055921592995,22,interleaved
22160,160,0,0.702223539693493,0.6251599469138489,22,interleaved
22161,161,0,0.5204819851456304,0.45775090087513504,22,interleaved
22162,162,0,0.2018129991561866,0.47383111596119654,22,interleaved
22163,163,0,0.7652047002330111,0.4497050234015987,22,interleaved
22164,164,0,0.7118161218648079,0.4505691174182158,22,interleaved
22165,165,0,0.39015478560173383,0.5148116202389992,22,interleaved
22166,166,0,0.24713123058690423,0.5197634200828268,22,interleaved
22167,167,0,0.9269885476381885,0.37262726756993586,22,interleaved
22168,168,0,0.5636575247721259,0.4390342698329702,22,interleaved
22169,169,0,0.48841883937890196,0.42708533009939403,22,interleaved
22170,170,0,0.45391934853367,0.3863904533674949,22,interleaved
22171,171,0,0.7201123252764612,0.44721843988323395,22,interleaved
22172,172,0,0.7508846589895861,0.3841975429067014,22,interleaved
22173,173,0,0.04294675920101172,0.6530666513376997,22,interleaved
22174,174,0,0.4008659346454481,0.3767124042921943,22,interleaved
22175,175,0,0.22886445521020454,0.3747343231365572,22,interleaved
22176,176,0,0.456560016180929,0.4093635017995475,22,interleaved
22177,177,0,0.37092913669325583,0.3124078726403676,22,interleaved
22178,178,0,0.24971760357856795,0.44062499516981496,22,interleaved
22179,179,0,0.2247424604531556,0.46912867401749375,22,interleaved
22180,180,0,0.8567584393927359,0.34124048381513067,22,interleaved
22181,181,0,0.5818672573331255,0.3520450293290014,22,interleaved
22182,182,0,0.6658347533940562,0.40857229712894005,22,interleaved
22183,183,0,0.38797368794426923,0.3378668435349452,22,interleaved
22184,184,0,0.37117339431849794,0.5362911947158868,22,interleaved
22185,185,0,0.4971256250561341,0.4949143576096682,22,interleaved
22186,186,0,0.6523452604555159,0.41966016282285656,22,interleaved
22187,187,0,0.5973693171911212,0.4788989152013501,22,interleaved
22188,188,0,0.627404085771182,0.38477685842681963,22,interleaved
22189,189,0,0.6448851368979013,0.4541166173861144,22,interleaved
22190,190,0,0.5181742380544432,0.5097368236744694,22,interleaved
22191,191,0,0.8321677182551668,0.4817657660033111,22,interleaved
22192,192,0,0.4517645964548501,0.354606974767113,22,interleaved
22193,193,0,0.26308893409254946,0.46440269834389036,22,interleaved
22194,194,0,0.31423385758769806,0.3475885962244798,22,interleaved
22195,195,0,0.23155075024036045,0.3298097776196126,22,interleaved
22196,196,0,0.8667446740553054,0.4631525534326604,22,interleaved
22197,197,0,0.31515414032727035,0.458000253374654,22,interleaved
22198,198,0,0.009876861661565404,0.5791549918349805,22,interleaved
22199,199,0,0.48410496885544363,0.36722056949493553,22,interleaved
22200,0,0,0.8370083127578193,0.7673762727848332,22,blocked
22201,1,0,0.9274650515207372,0.5973077776137922,22,blocked
22202,2,0,0.9129106399918269,0.5141163835690518,22,blocked
22203,3,0,0.9149107466266541,0.4561725144218292,22,blocked
22204,4,0,0.9486949112557819,0.3701971221151189,22,blocked
22205,5,0,0.8401306122193652,0.4826678802314724,22,blocked
22206,6,0,0.6557272670591225,0.5005750836901849,22,blocked
22207,7,0,0.5794555482881946,0.3045734343307588,22,blocked
22208,8,0,0.5863088098082245,0.42817211245022774,22,blocked
22209,9,0,0.5922808147744345,0.3311829422291842,22,blocked
22210,10,0,0.4753267068388328,0.48293798220186096,22,blocked
22211,11,0,0.593497069738349,0.49940579938601243,22,blocked
22212,12,0,0.9524022477951555,0.4100718436285885,22,blocked
22213,13,0,0.7431227571356185,0.4417936210511524,22,blocked
22214,14,0,0.06014619467411867,0.46631971185495236,22,blocked
22215,15,0,0.42643806922764094,0.45675620917350807,22,blocked
22216,16,0,0.8549844510813509,0.4731899965897637,22,blocked
22217,17,0,0.18409848241499213,0.4624256476502181,22,blocked
22218,18,0,0.6175823441428508,0.4313529102763713,22,blocked
22219,19,0,0.3457352313558338,0.4391487667819292,22,blocked
22220,20,0,0.9031906203184134,0.3630843315831104,22,blocked
22221,21,0,0.7340654180656644,0.5251131637844924,22,blocked
22222,22,0,0.1394944790111391,0.4723498356855972,22,blocked
22223,23,0,0.6660366059577464,0.5242719933573121,22,blocked
22224,24,0,0.6944507659947612,0.4739317600809305,22,blocked
22225,25,0,0.8737997484849489,0.5686390444773037,22,blocked
22226,26,0,0.6773333612803949,0.3569115942351481,22,blocked
22227,27,0,0.8754462965443426,0.4089947668447256,22,blocked
22228,28,0,0.7165976165727739,0.4018304579891847,22,blocked
22229,29,0,0.8849961591943338,0.3295656189072203,22,blocked
22230,30,0,0.3955977700583152,0.6533038190210348,22,blocked
22231,31,0,0.5087027511516704,0.34697042764922126,22,blocked
22232,32,0,0.39767910417703184,0.33274631087225065,22,blocked
22233,33,0,0.565832142770293,0.5743995007247404,22,blocked
22234,34,0,0.5046608604676202,0.39320777612712154,22,blocked
22235,35,0,0.5023648541589403,0.27477661995837266,22,blocked
22236,36,0,0.8462290672854503,0.3600312137715962,22,blocked
22237,37,0,0.5908174668815888,0.3128533614068278,22,blocked
22238,38,0,0.5360756447152273,0.617999932530154,22,blocked
22239,39,0,0.6421071094870551,0.312906497837216,22,blocked
22240,40,0,0.6046336599166803,0.476998360406621,22,blocked
22241,41,0,0.8883473397077213,0.3748189589544795,22,blocked
22242,42,0,0.5235776204881761,0.46292753257569585,22,blocked
22243,43,0,0.4755185406182728,0.38153592203784126,22,blocked
22244,44,0,0.6503178491956174,0.3263900447695979,22,blocked
22245,45,0,0.2947678032500054,0.5155611804093303,22,blocked
22246,46,0,0.15145664839558995,0.4666128246155672,22,blocked
22247,47,0,0.36901189542097823,0.43892660441465625,22,blocked
22248,48,0,0.5265355447224899,0.4009527009666948,22,blocked
22249,49,0,0.9324615179377722,0.5610221154875821,22,blocked
22250,50,0,0.6178767990504673,0.3866873652322891,22,blocked
22251,51,0,0.9735903133105688,0.5397676834785214,22,blocked
22252,52,0,0.1764259056263823,0.6131934578228624,22,blocked
22253,53,0,0.9304583828070533,0.40663371916845625,22,blocked
22254,54,0,0.46129578184142306,0.4596682570942352,22,blocked
22255,55,0,0.2621991960226506,0.42750206935080565,22,blocked
22256,56,0,0.9113227374809109,0.3419909052653395,22,blocked
22257,57,0,0.5978484863403405,0.3852995071088854,22,blocked
22258,58,0,0.9493615397107962,0.31265841361154445,22,blocked
22259,59,0,0.7178822164474234,0.3982401087268139,22,blocked
22260,60,0,0.8471289297365201,0.3867503733537223,22,blocked
22261,61,0,0.4017687857500333,0.3471518056098463,22,blocked
22262,62,0,0.18275979268458342,0.38717155887560695,22,blocked
22263,63,0,0.9113808266141104,0.35671271707887453,22,blocked
22264,64,0,0.8956353316756165,0.3562124404868539,22,blocked
22265,65,0,0.7697510016228759,0.3950835373489131,22,blocked
22266,66,0,0.8010632730519434,0.323370957828354,22,blocked
22267,67,0,0.7225434752175406,0.45863358439261015,22,blocked
22268,68,0,0.9607719686654567,0.3851308755124596,22,blocked
22269,69,0,0.9228415221035591,0.34583650972300983,22,blocked
22270,70,0,0.8956793859873526,0.4320909533349183,22,blocked
22271,71,0,0.08977875235409191,0.43863164991900344,22,blocked
22272,72,0,0.12013954382733244,0.3627260186319382,22,blocked
22273,73,0,0.9139352016992222,0.350956226910763,22,blocked
22274,74,0,0.33678564420884816,0.4139764235875992,22,blocked
22275,75,0,0.7552441838267121,0.4000344330054653,22,blocked
22276,76,0,0.4364890668037066,0.2731994541353648,22,blocked
22277,77,0,0.5874323273344457,0.4013180886983372,22,blocked
22278,78,0,0.40259113473238883,0.3615316437824124,22,blocked
22279,79,0,0.7830768520185567,0.56574076268609,22,blocked
22280,80,0,0.675295075008716,0.486340653574139,22,blocked
22281,81,0,0.07354013233908516,0.47213968591267774,22,blocked
22282,82,0,0.7069691730370716,0.4104547507486067,22,blocked
22283,83,0,0.5412600458515617,0.4865034648883639,22,blocked
22284,84,0,0.7451217399444211,0.545194042300283,22,blocked
22285,85,0,0.6250678084131419,0.4418420618536315,22,blocked
22286,86,0,0.540616728415984,0.5751748145616206,22,blocked
22287,87,0,0.7085604936162075,0.28683385436198827,22,blocked
22288,88,0,0.22517482297600316,0.49816119410766524,22,blocked
22289,89,0,0.5987493991974107,0.36497088814075407,22,blocked
22290,90,0,0.45600062775135347,0.5589054085248749,22,blocked
22291,91,0,0.7081309463847473,0.4269924690935367,22,blocked
22292,92,0,0.39591707606179527,0.5166815212042094,22,blocked
22293,93,0,0.8481408448718133,0.32937529749122046,22,blocked
22294,94,0,0.7065188285570919,0.36205389601410776,22,blocked
22295,95,0,0.6101714834361096,0.32619606905027315,22,blocked
22296,96,0,0.6278438921490579,0.4063968437110954,22,blocked
22297,97,0,0.8055669014850424,0.2758185102175631,22,blocked
22298,98,0,0.5112732635546822,0.35371584580036497,22,blocked
22299,99,0,0.6188504938233674,0.42211394741501296,22,blocked
22300,100,0,0.7095406677787924,0.3132041019749675,22,blocked
22301,101,0,0.669502708115081,0.36222769022261403,22,blocked
22302,102,0,0.6212198194242967,0.25161837271572973,22,blocked
22303,103,0,0.3912935988914857,0.5270047337881785,22,blocked
22304,104,0,0.6627001378346146,0.5043327148374658,22,blocked
22305,105,0,0.5423937370122284,0.3819140170873675,22,blocked
22306,106,0,0.7200859672350437,0.31793163664461194,22,blocked
22307,107,0,0.9308112160526298,0.265217648380374,22,blocked
22308,108,0,0.42526619853523695,0.3622038725535668,22,blocked
22309,109,0,0.885707856221597,0.36316226253719275,22,blocked
22310,110,0,0.28388141837197656,0.43288735350812024,22,blocked
22311,111,0,0.2947835632848988,0.546835087038587,22,blocked
22312,112,0,0.6086528059771635,0.31624084584862133,22,blocked
22313,113,0,0.9001939279114289,0.35547323911581735,22,blocked
22314,114,0,0.9072240049427451,0.3820347503066662,22,blocked
22315,115,0,0.9919779772707384,0.38698473134399924,22,blocked
22316,116,0,0.6394643458682953,0.45984730492797077,22,blocked
22317,117,0,0.8948596722660968,0.33090261729518955,22,blocked
22318,118,0,0.2579897680179821,0.5684686459543564,22,blocked
22319,119,0,0.9844147488448023,0.4246095837912496,22,blocked
22320,120,0,0.4288417428129911,0.4220914936973601,22,blocked
22321,121,0,0.47952480523941565,0.32157848607410255,22,blocked
22322,122,0,0.5079880350717578,0.44049065899464596,22,blocked
22323,123,0,0.3303169701547016,0.28432911162912616,22,blocked
22324,124,0,0.21042225251018376,0.4748784872658709,22,blocked
22325,125,0,0.5456885903247566,0.3199285766885227,22,blocked
22326,126,0,0.4306636416040484,0.4828100715813073,22,blocked
22327,127,0,0.2693286294030353,0.30942908210173303,22,blocked
22328,128,0,0.5792044662575091,0.40061591592836304,22,blocked
22329,129,0,0.8438481822507254,0.3403825318714775,22,blocked
22330,130,0,0.5361275585680085,0.3678738718614257,22,blocked
22331,131,0,0.5273709870682883,0.29796740670785693,22,blocked
22332,132,0,0.14249812451698654,0.5727487494603709,22,blocked
22333,133,0,0.4692850797021407,0.6017875800211611,22,blocked
22334,134,0,0.3350221045904438,0.3313344151094372,22,blocked
22335,135,0,0.41585960701841285,0.2720108322437767,22,blocked
22336,136,0,0.5624206013962123,0.44889893148817467,22,blocked
22337,137,0,0.33616234202742756,0.42139530319837026,22,blocked
22338,138,0,0.352923599889727,0.43105873772935843,22,blocked
22339,139,0,0.8523811052416388,0.4139023256485005,22,blocked
22340,140,0,0.6577381630254253,0.4236255357070132,22,blocked
22341,141,0,0.6532869717524076,0.32070355456153266,22,blocked
22342,142,0,0.6774723576518676,0.4059898261889776,22,blocked
22343,143,0,0.5559505383214544,0.4515470841840741,22,blocked
22344,144,0,0.4620084253039388,0.32145489981748776,22,blocked
22345,145,0,0.6504324963225906,0.3749594401787189,22,blocked
22346,146,0,0.9103710756825266,0.3952922807347843,22,blocked
22347,147,0,0.3541908775836584,0.42287010276979176,22,blocked
22348,148,0,0.1728157261677418,0.49426300991284894,22,blocked
22349,149,0,0.8301510983253294,0.3290089610867827,22,blocked
22350,150,0,0.48143574828838664,0.4198576781957578,22,blocked
22351,151,0,0.3788367663664699,0.35768114343160234,22,blocked
22352,152,0,0.6502880320012077,0.30817299282546406,22,blocked
22353,153,0,0.903504512807301,0.28630257615114013,22,blocked
22354,154,0,0.40405059504435614,0.3453314363309954,22,blocked
22355,155,0,0.4645951323628492,0.271431665997155,22,blocked
22356,156,0,0.5520737135549763,0.2520751385683526,22,blocked
22357,157,0,0.8595457393482488,0.4585964736127185,22,blocked
22358,158,0,0.8908891597848261,0.2311315424079789,22,blocked
22359,159,0,0.6372883126194657,0.3506841209795444,22,blocked
22360,160,0,0.48657382052420206,0.2375598962529516,22,blocked
22361,161,0,0.6171863228489356,0.323305198344537,22,blocked
22362,162,0,0.38333067219618855,0.47031422948674567,22,blocked
22363,163,0,0.5473355169626792,0.246417339911419,22,blocked
22364,164,0,0.6881513968424701,0.33886687011897576,22,blocked
22365,165,0,0.6474715282023695,0.3402120044999949,22,blocked
22366,166,0,0.5933013495676884,0.3892248071692816,22,blocked
22367,167,0,0.876787484905537,0.4412860452929407,22,blocked
22368,168,0,0.7767634090587456,0.25197827193877653,22,blocked
22369,169,0,0.6788850018941451,0.353183116672957,22,blocked
22370,170,0,0.787098631239654,0.31379918678259455,22,blocked
22371,171,0,0.9074174520992488,0.23789914491852637,22,blocked
22372,172,0,0.5663229562498732,0.3079413035459183,22,blocked
22373,173,0,0.5143957214441884,0.38505941065554883,22,blocked
22374,174,0,0.8038648243713261,0.3516631869138264,22,blocked
22375,175,0,0.6073261754336096,0.37245228339888364,22,blocked
22376,176,0,0.6220081603357467,0.5086173665881698,22,blocked
22377,177,0,0.3130029244860014,0.2942064657165592,22,blocked
22378,178,0,0.6496512689151432,0.28705158227553984,22,blocked
22379,179,0,0.932211025493426,0.34313018458217875,22,blocked
22380,180,0,0.6305724343182555,0.3347632300334248,22,blocked
22381,181,0,0.23065521671595815,0.34178451624260753,22,blocked
22382,182,0,0.39543216330813613,0.44149155502290105,22,blocked
22383,183,0,0.9163944058375174,0.2915629554904211,22,blocked
22384,184,0,0.2250772604242378,0.5206372915644033,22,blocked
22385,185,0,0.32236473174137353,0.3876579984797033,22,blocked
22386,186,0,0.8278367369927686,0.3963455703112406,22,blocked
22387,187,0,0.9114149351577205,0.4525467454185374,22,blocked
22388,188,0,0.9928348507428086,0.2579071461695832,22,blocked
22389,189,0,0.8859785862187732,0.34105133432703283,22,blocked
22390,190,0,0.16582042178832992,0.3705562376652689,22,blocked
22391,191,0,0.15460350841080922,0.37486567443220464,22,blocked
22392,192,0,0.5862142970130461,0.22196566548157776,22,blocked
22393,193,0,0.5634669540415025,0.3197304735971444,22,blocked
22394,194,0,0.4865004402213973,0.4189269653485721,22,blocked
22395,195,0,0.20246708583947715,0.4671238260979922,22,blocked
22396,196,0,0.4435718421556228,0.2481317648068934,22,blocked
22397,197,0,0.4152323870215041,0.33323573732234063,22,blocked
22398,198,0,0.5341340187648659,0.3105320693425291,22,blocked
22399,199,0,0.5945673481273036,0.32658679368798893,22,blocked
22400,0,0,0.5477971776724488,0.8917934511089478,22,early
22401,1,0,0.6378500682375151,0.8572836909523696,22,early
22402,2,0,0.8398934798858474,0.5432232842645119,22,early
22403,3,0,0.28187488196363863,0.5063532663158434,22,early
22404,4,0,0.3198982645013734,0.6484231834636422,22,early
22405,5,0,0.4780206640843663,0.5952596253087056,22,early
22406,6,0,0.3669725014731535,0.34081782263261995,22,early
22407,7,0,0.7054818906784959,0.5232158134224305,22,early
22408,8,0,0.3051792088502955,0.49999565665912643,22,early
22409,9,0,0.4400875340338886,0.4265800087754499,22,early
22410,10,0,0.5355120381785322,0.5529619141759883,22,early
22411,11,0,0.25875391436922346,0.4492232799775575,22,early
22412,12,0,0.4483437060318919,0.48345396410939534,22,early
22413,13,0,0.7291039276631226,0.4836519573500123,22,early
22414,14,0,0.6022714213040197,0.8313892910583096,22,early
22415,15,0,0.8933539398607204,0.5212155783084557,22,early
22416,16,0,0.7787154002201936,0.49129169250751836,22,early
22417,17,0,0.5599888845058437,0.4482313313704268,22,early
22418,18,0,0.4124212328184109,0.5410755330308874,22,early
22419,19,0,0.6293764748221274,0.5831242606196843,22,early
22420,20,0,0.6281064259280326,0.409889912326047,22,early
22421,21,0,0.5293263588392356,0.4087158980783079,22,early
22422,22,0,0.6564448100303956,0.35891546088583004,22,early
22423,23,0,0.609727739549024,0.43783427274241465,22,early
22424,24,0,0.8691243594291881,0.48966079862732664,22,early
22425,25,0,0.7559133673389729,0.40271469607210836,22,early
22426,26,0,0.9391761046123568,0.37177543093842524,22,early
22427,27,0,0.9445085893769989,0.46305570290340636,22,early
22428,28,0,0.08228548558696543,0.4987172680063697,22,early
22429,29,0,0.3135986729544506,0.5604659277647769,22,early
22430,30,0,0.5403151258969623,0.4249918494698761,22,early
22431,31,0,0.6046809655303533,0.28174437654982243,22,early
22432,32,0,0.5642740522233473,0.3881491080639268,22,early
22433,33,0,0.8501029195661249,0.4772211721356213,22,early
22434,34,0,0.8385587641512371,0.35370169626153913,22,early
22435,35,0,0.35199107418331615,0.39817664676933245,22,early
22436,36,0,0.8478341131801264,0.42963808273079973,22,early
22437,37,0,0.5729683835186917,0.46758388653398913,22,early
22438,38,0,0.8710518681303256,0.3181571146956496,22,early
22439,39,0,0.6604264449315574,0.49063347585776323,22,early
22440,40,0,0.4321689945260867,0.4798913346037822,22,early
22441,41,0,0.44091371429342624,0.39864566936544454,22,early
22442,42,0,0.5456758474410626,0.571236820601134,22,early
22443,43,0,0.2587180059288658,0.508813536786024,22,early
22444,44,0,0.36806331917159296,0.46044897918638306,22,early
22445,45,0,0.12736380227766458,0.5128410989066164,22,early
22446,46,0,0.4463347155391759,0.38261561118373993,22,early
22447,47,0,0.5881875154620886,0.42632821451660474,22,early
22448,48,0,0.47652709418333067,0.7298669229872283,22,early
22449,49,0,0.43241537460191937,0.5619398872435504,22,early
22450,50,0,0.6076103333749703,0.6140230209648088,22,early
22451,51,0,0.6814332916223231,0.4221392567491181,22,early
22452,52,0,0.5107887442245931,0.6503308527909409,22,early
22453,53,0,0.19627257062885473,0.683371542424628,22,early
22454,54,0,0.5146171611901418,0.5416757420633698,22,early
22455,55,0,0.6167286868584434,0.45152752115817973,22,early
22456,56,0,0.932864255317945,0.3917004596845326,22,early
22457,57,0,0.7445774999185854,0.44885417380981085,22,early
22458,58,0,0.06287320051908488,0.4905702788880266,22,early
22459,59,0,0.8593356823320579,0.34883734136794353,22,early
22460,60,0,0.19471136397940764,0.541374738877137,22,early
22461,61,0,0.5545319146904221,0.4568372300617219,22,early
22462,62,0,0.2158291504790947,0.4328961171619681,22,early
22463,63,0,0.5049541248190209,0.6246859510707986,22,early
22464,64,0,0.8460601712390117,0.4609675022631696,22,early
22465,65,0,0.9136718646260031,0.4188697971627322,22,early
22466,66,0,0.9964501503615039,0.4666261503972039,22,early
22467,67,0,0.13728773877630612,0.4948019794725487,22,early
22468,68,0,0.5011388260845594,0.43261427781359085,22,early
22469,69,0,0.796849307322581,0.44744172655977077,22,early
22470,70,0,0.9859137461711669,0.42754650231486996,22,early
22471,71,0,0.9903433362726224,0.40559838141830307,22,early
22472,72,0,0.009370355037395278,0.381509655535066,22,early
22473,73,0,0.16765362307784615,0.6692215463385167,22,early
22474,74,0,0.5862049549040897,0.469833414903203,22,early
22475,75,0,0.7292328226600104,0.6633874496802205,22,early
22476,76,0,0.8109140557343069,0.42213577309330697,22,early
22477,77,0,0.5269688127608596,0.5422091803540225,22,early
22478,78,0,0.8437991119384693,0.4332771415202766,22,early
22479,79,0,0.7717065374745957,0.3705683413958293,22,early
22480,80,0,0.4582865754599035,0.42434519606356597,22,early
22481,81,0,0.023871987680833404,0.44889333699339773,22,early
22482,82,0,0.5447910951719197,0.497843704305196,22,early
22483,83,0,0.5485932264292102,0.4303871602582334,22,early
22484,84,0,0.40857378649701204,0.4828432685351614,22,early
22485,85,0,0.44342893149302465,0.35582998690697754,22,early
22486,86,0,0.7651373591310164,0.5544080244371006,22,early
22487,87,0,0.5016111199534419,0.4618408069075778,22,early
22488,88,0,0.9584210633868366,0.402950071979414,22,early
22489,89,0,0.5775990341444083,0.5063784804141358,22,early
22490,90,0,0.4433090164447513,0.5503169957953087,22,early
22491,91,0,0.8571042004565306,0.4457191021796506,22,early
22492,92,0,0.49366379064787036,0.4572633872287548,22,early
22493,93,0,0.2615680522418789,0.4408163641986497,22,early
22494,94,0,0.5832621037424319,0.43616269168265354,22,early
22495,95,0,0.42897965769596935,0.3904970884191733,22,early
22496,96,0,0.5414547926197562,0.5353926341198636,22,early
22497,97,0,0.40661739896553123,0.4933862251063951,22,early
22498,98,0,0.7009361832225154,0.42681162958608976,22,early
22499,99,0,0.4855727526710973,0.3514558136389012,22,early
22500,100,0,0.5757980721879987,0.43299884340491246,22,early
22501,101,0,0.12052682731833028,0.48879911124036646,22,early
22502,102,0,0.3461572634617822,0.49157048233031847,22,early
22503,103,0,0.6821998166824267,0.47200428766532115,22,early
22504,104,0,0.9318974656698741,0.5453550089972952,22,early
22505,105,0,0.12372430219636973,0.4509210603110665,22,early
22506,106,0,0.21245825044934444,0.49250626600812863,22,early
22507,107,0,0.12096724008757317,0.36985547301226396,22,early
22508,108,0,0.46373871055655197,0.4277852994172535,22,early
22509,109,0,0.03335335237760392,0.4977101620230152,22,early
22510,110,0,0.6869246252393384,0.3718152725907968,22,early
22511,111,0,0.5477443515078374,0.39089939487028147,22,early
22512,112,0,0.17138364981743434,0.5052939464633169,22,early
22513,113,0,0.8853899640004345,0.32688399048372047,22,early
22514,114,0,0.30918557302919525,0.34947137685074936,22,early
22515,115,0,0.9759083280585356,0.2799697156313826,22,early
22516,116,0,0.9087012939499008,0.393976554956912,22,early
22517,117,0,0.8376314736887832,0.4247155817033088,22,early
22518,118,0,0.6704357707771246,0.42984545320740125,22,early
22519,119,0,0.10564472375859305,0.43374689584646864,22,early
22520,120,0,0.5412162952707396,0.42238889500306354,22,early
22521,121,0,0.31343162746212655,0.39780518170987655,22,early
22522,122,0,0.8517097054468823,0.26957731915941374,22,early
22523,123,0,0.3953612275172334,0.30800983093705836,22,early
22524,124,0,0.674138469994928,0.6436508965807113,22,early
22525,125,0,0.5627268655536952,0.4671950496258347,22,early
22526,126,0,0.8589643254558851,0.3107258989521985,22,early
22527,127,0,0.4537637070848011,0.35130073780136634,22,early
22528,128,0,0.26893536791595873,0.4643857826777481,22,early
22529,129,0,0.3769290798863305,0.6008855550056558,22,early
22530,130,0,0.7932099905194014,0.29806696343436806,22,early
22531,131,0,0.6019356658810621,0.3572861301165861,22,early
22532,132,0,0.5830986431594833,0.41102409392622963,22,early
22533,133,0,0.7231663807270012,0.4374766079089018,22,early
22534,134,0,0.6498411710265397,0.3569273590412165,22,early
22535,135,0,0.8781847340192188,0.4902864705947629,22,early
22536,136,0,0.6367831540396123,0.5061386568253231,22,early
22537,137,0,0.3786927203264505,0.5052658149887341,22,early
22538,138,0,0.28432489435498054,0.3498454613723377,22,early
22539,139,0,0.3965573559038236,0.5223828007860821,22,early
22540,140,0,0.5861448482912506,0.4052303223939864,22,early
22541,141,0,0.8263487624377408,0.3343233526452983,22,early
22542,142,0,0.26474534057863547,0.3035285801816228,22,early
22543,143,0,0.8336199275510022,0.6016988081010266,22,early
22544,144,0,0.7792560017794901,0.28011096273202163,22,early
22545,145,0,0.5411837111745721,0.44129038462641357,22,early
22546,146,0,0.8068372674171567,0.4831914310083346,22,early
22547,147,0,0.49326042258612063,0.3651430228944893,22,early
22548,148,0,0.5830748257679463,0.3833549363733808,22,early
22549,149,0,0.7312045325312841,0.36000777743006884,22,early
22550,150,0,0.5603666076763824,0.3011103679683615,22,early
22551,151,0,0.5557686661973398,0.37866125729261624,22,early
22552,152,0,0.7482023381965142,0.4987605641100261,22,early
22553,153,0,0.1069028239387623,0.4043274748883764,22,early
22554,154,0,0.811594625093937,0.34194195619698947,22,early
22555,155,0,0.36831688503188326,0.2954809692387162,22,early
22556,156,0,0.3546220237216276,0.39178967893254213,22,early
22557,157,0,0.560010709928347,0.4505265760085206,22,early
22558,158,0,0.5874370704041308,0.3291755942217127,22,early
22559,159,0,0.5596237242094486,0.37154705978232505,22,early
22560,160,0,0.9036772367434036,0.420549610994345,22,early
22561,161,0,0.5505920553109168,0.45931127924219833,22,early
22562,162,0,0.709797651278668,0.31968794984461785,22,early
22563,163,0,0.5744141722543636,0.4298639555761762,22,early
22564,164,0,0.601656063573876,0.4073877282736988,22,early
22565,165,0,0.5491958144149328,0.41084245291276383,22,early
22566,166,0,0.6983355011552264,0.35133824802270924,22,early
22567,167,0,0.4700857796232733,0.39084742892265834,22,early
22568,168,0,0.604625561515054,0.4152833072132236,22,early
22569,169,0,0.7769215290690662,0.36853615323508726,22,early
22570,170,0,0.025603030437023305,0.3929817445112875,22,early
22571,171,0,0.38250207279551907,0.40070144847861633,22,early
22572,172,0,0.4454088374340075,0.42061190526539005,22,early
22573,173,0,0.7069447387886488,0.29833390162360757,22,early
22574,174,0,0.40018484374776914,0.5831469772148044,22,early
22575,175,0,0.4145438041771974,0.3496508507439987,22,early
22576,176,0,0.7651947856179228,0.2312686126407295,22,early
22577,177,0,0.796098041956952,0.33127392338346,22,early
22578,178,0,0.8414960151796393,0.3517208770176254,22,early
22579,179,0,0.13320557958427293,0.7211215434064777,22,early
22580,180,0,0.7285148406814752,0.5862602629743481,22,early
22581,181,0,0.6179785476094242,0.45912224952651354,22,early
22582,182,0,0.4102418955961256,0.3456123341060827,22,early
22583,183,0,0.6182090210274428,0.4648459855062101,22,early
22584,184,0,0.803715432464723,0.4075069756150276,22,early
22585,185,0,0.4421837307913684,0.45507700742475504,22,early
22586,186,0,0.24901889953164758,0.4128732056739539,22,early
22587,187,0,0.7420260586640451,0.4418746037305129,22,early
22588,188,0,0.5729544808371233,0.267772216197835,22,early
22589,189,0,0.7256059337349959,0.38100993439787467,22,early
22590,190,0,0.4714983762360022,0.3342130173297459,22,early
22591,191,0,0.8560702714265209,0.4130668472569198,22,early
22592,192,0,0.6559413199852718,0.4955283415832838,22,early
22593,193,0,0.8844178609992288,0.6736639521063377,22,early
22594,194,0,0.7325667154431983,0.3135331838212626,22,early
22595,195,0,0.5960857085145403,0.3724118934344104,22,early
22596,196,0,0.7987867098534538,0.32211784673664146,22,early
22597,197,0,0.5007866689044436,0.3134094722608203,22,early
22598,198,0,0.30186302612732385,0.41873653746761696,22,early
22599,199,0,0.41656858539156943,0.3811251783786856,22,early
22600,0,0,0.6911756298194889,0.8262765221517838,22,middle
22601,1,0,0.5162100272867814,0.8121494286120359,22,middle
22602,2,0,0.377816350033839,0.6351534060349424,22,middle
22603,3,0,0.3080734870255265,0.5900793706999607,22,middle
22604,4,0,0.4781298639785442,0.3917848765361418,22,middle
22605,5,0,0.22781618410442073,0.7188219414021465,22,middle
22606,6,0,0.039036066326090586,0.5373891997348641,22,middle
22607,7,0,0.6004297545746398,0.4872966703627567,22,middle
22608,8,0,0.5125815557237531,0.5361221252130546,22,middle
22609,9,0,0.6788743728604391,0.4497103647864203,22,middle
22610,10,0,0.26027649961448834,0.3971869609056365,22,middle
22611,11,0,0.9007288109801175,0.41762052596589866,22,middle
22612,12,0,0.5209903404014655,0.5490314055484902,22,middle
22613,13,0,0.509816271702043,0.5754437110436981,22,middle
22614,14,0,0.7417392535001508,0.3820033394748053,22,middle
22615,15,0,0.7379618341234468,0.5507495283907073,22,middle
22616,16,0,0.5922292940084692,0.4824728257145944,22,middle
22617,17,0,0.6099375401139759,0.5186388869128733,22,middle
22618,18,0,0.576622703822623,0.47539391807038767,22,middle
22619,19,0,0.49565048335783335,0.689680631297134,22,middle
22620,20,0,0.4202244645031629,0.4902789835835921,22,middle
22621,21,0,0.7498349546304381,0.33388893936764547,22,middle
22622,22,0,0.5276818548071901,0.6246412097523333,22,middle
22623,23,0,0.6766555348828573,0.6813868755218166,22,middle
22624,24,0,0.2880362543962251,0.5751330091989355,22,middle
22625,25,0,0.5900452270546068,0.53346961293149,22,middle
22626,26,0,0.20622155205258252,0.5497647174324912,22,middle
22627,27,0,0.5825050612659776,0.4152568041411978,22,middle
22628,28,0,0.1751489504767067,0.5708809598819591,22,middle
22629,29,0,0.9213707190304274,0.6390373909040258,22,middle
22630,30,0,0.5190647181556752,0.5543428067555511,22,middle
22631,31,0,0.8709910262203296,0.4861435159270262,22,middle
22632,32,0,0.015048383332541208,0.7924998239881282,22,middle
22633,33,0,0.6885442073081685,0.48035405796517927,22,middle
22634,34,0,0.8385495737182131,0.37994238506108824,22,middle
22635,35,0,0.8476758524852831,0.5133081113628888,22,middle
22636,36,0,0.49785844461228,0.5182153684489513,22,middle
22637,37,0,0.7433523600183769,0.34176685811561486,22,middle
22638,38,0,0.4625358206999792,0.6057095859750989,22,middle
22639,39,0,0.44397997549439516,0.474370068866699,22,middle
22640,40,0,0.4376415501793377,0.4833455429220509,22,middle
22641,41,0,0.8647783448920899,0.4960166008162159,22,middle
22642,42,0,0.8695928328969127,0.38681977872150086,22,middle
22643,43,0,0.21409589757811623,0.647106786798409,22,middle
22644,44,0,0.4314531353302543,0.40731912533423814,22,middle
22645,45,0,0.5351142895315795,0.4674881690953847,22,middle
22646,46,0,0.3802179889810941,0.42046358599068934,22,middle
22647,47,0,0.15108303016558103,0.7605046172975399,22,middle
22648,48,0,0.8902496786368105,0.32598997737510216,22,middle
22649,49,0,0.35065211178469147,0.4986169426711378,22,middle
22650,50,0,0.34245360869038977,0.33319580232726037,22,middle
22651,51,0,0.5110336904533697,0.3836890655248193,22,middle
22652,52,0,0.5251124438400282,0.4841831828681775,22,middle
22653,53,0,0.49800163978903816,0.5420730065700683,22,middle
22654,54,0,0.4800623566310511,0.6323724296507766,22,middle
22655,55,0,0.4499613263573092,0.6624430934776113,22,middle
22656,56,0,0.45894305362334864,0.4631216375621734,22,middle
22657,57,0,0.4668626659981459,0.30260167122828263,22,middle
22658,58,0,0.6804011321310826,0.3470112839282067,22,middle
22659,59,0,0.13773344957533865,0.36020794875233564,22,middle
22660,60,0,0.6996186266009383,0.3552280280364042,22,middle
22661,61,0,0.2412086592061574,0.5019856950452224,22,middle
22662,62,0,0.5731610995526789,0.6119100854342006,22,middle
22663,63,0,0.4081424556937223,0.6154442304616881,22,middle
22664,64,0,0.1656330028156394,0.5624390713926712,22,middle
22665,65,0,0.2722090536063219,0.4756900720140819,22,middle
22666,66,0,0.5187441944889923,0.4167459915699584,22,middle
22667,67,0,0.8119894133761444,0.3751330331124355,22,middle
22668,68,0,0.27247520190034874,0.29322683637127656,22,middle
22669,69,0,0.30604862652551645,0.40728847380858535,22,middle
22670,70,0,0.21977978046238725,0.4173637276914674,22,middle
22671,71,0,0.16084482963669444,0.36256377994269096,22,middle
22672,72,0,0.8202792420725062,0.45010127504075176,22,middle
22673,73,0,0.47198577710348066,0.3137111465913582,22,middle
22674,74,0,0.3454653042404292,0.7325395910057535,22,middle
22675,75,0,0.12408295380787564,0.5247857752217149,22,middle
22676,76,0,0.6623161513831824,0.4969212303415746,22,middle
22677,77,0,0.4583802094188568,0.2999536059079907,22,middle
22678,78,0,0.5201794666615378,0.6220233400743562,22,middle
22679,79,0,0.9401645661004303,0.4343909578639562,22,middle
22680,80,0,0.575793120347281,0.5635052064899471,22,middle
22681,81,0,0.7917351102058086,0.33673064107970235,22,middle
22682,82,0,0.3344433688632662,0.38687449117803246,22,middle
22683,83,0,0.4847130384995102,0.5505981162238213,22,middle
22684,84,0,0.10074810274494422,0.46982579826357856,22,middle
22685,85,0,0.2862858992305851,0.5075744294792958,22,middle
22686,86,0,0.7370032385074685,0.45498339874721483,22,middle
22687,87,0,0.6790393287873201,0.5126233269748803,22,middle
22688,88,0,0.8446395713019673,0.4501723341439561,22,middle
22689,89,0,0.8293341858494125,0.4401282765596748,22,middle
22690,90,0,0.5135932322225927,0.35865347887889715,22,middle
22691,91,0,0.548490111036226,0.3937224433556197,22,middle
22692,92,0,0.32170017666371814,0.5857217002382298,22,middle
22693,93,0,0.34789972690000315,0.3684617293564616,22,middle
22694,94,0,0.753302285440012,0.5177944544434516,22,middle
22695,95,0,0.4536789053839013,0.40352093268514816,22,middle
22696,96,0,0.8557571589543054,0.4209665040635501,22,middle
22697,97,0,0.8809215850856573,0.3285808329607565,22,middle
22698,98,0,0.15451307329343578,0.36026430440968993,22,middle
22699,99,0,0.8924816766096813,0.3592382492755344,22,middle
22700,100,0,0.9387364366313794,0.3539992078718701,22,middle
22701,101,0,0.3301126612458295,0.5540625072779849,22,middle
22702,102,0,0.6786409457738324,0.5332790875653857,22,middle
22703,103,0,0.8475611368000711,0.4601740591867867,22,middle
22704,104,0,0.8209325090141184,0.49772099260679714,22,middle
22705,105,0,0.6719415195472798,0.5489971552876944,22,middle
22706,106,0,0.20239882468324294,0.53190652566407,22,middle
22707,107,0,0.935151812178552,0.40312100428535236,22,middle
22708,108,0,0.9718953096516605,0.5002280991494059,22,middle
22709,109,0,0.5243077083050734,0.4971002370288721,22,middle
22710,110,0,0.5110507316805942,0.5558508696360673,22,middle
22711,111,0,0.49613956653439106,0.49641009311564094,22,middle
22712,112,0,0.9919587264888876,0.40188158867738766,22,middle
22713,113,0,0.8426594275254221,0.3313233484066153,22,middle
22714,114,0,0.49214012033539123,0.5392789421826542,22,middle
22715,115,0,0.6654916876306198,0.43817169422154373,22,middle
22716,116,0,0.6655349607789688,0.42877602308569984,22,middle
22717,117,0,0.8869268818483976,0.5133656717641231,22,middle
22718,118,0,0.9199905707308573,0.303535598521419,22,middle
22719,119,0,0.8667027135397736,0.30204889167524585,22,middle
22720,120,0,0.4741065539354166,0.5915539676523054,22,middle
22721,121,0,0.7366155312526006,0.5266190071591262,22,middle
22722,122,0,0.9490237504381394,0.49462995747671235,22,middle
22723,123,0,0.4405220318075779,0.4943550193319408,22,middle
22724,124,0,0.6035964874298297,0.3348451405843541,22,middle
22725,125,0,0.6982434056714264,0.44508918286039156,22,middle
22726,126,0,0.5702312255289375,0.5499218569649544,22,middle
22727,127,0,0.5175462955495044,0.5192379516214164,22,middle
22728,128,0,0.37015136824003003,0.4845058744623174,22,middle
22729,129,0,0.25082869913847083,0.3955572336796409,22,middle
22730,130,0,0.4516398998709943,0.28267532188187194,22,middle
22731,131,0,0.527231419458928,0.43094122979613714,22,middle
22732,132,0,0.3671368680957613,0.5263447894151007,22,middle
22733,133,0,0.6684413317771982,0.43790677243832177,22,middle
22734,134,0,0.279519317629208,0.3478252684889743,22,middle
22735,135,0,0.48983599203050293,0.36029223779184655,22,middle
22736,136,0,0.5795077637586733,0.40470824322387844,22,middle
22737,137,0,0.9097935715837484,0.5306566640794391,22,middle
22738,138,0,0.4640458494371972,0.42907381814106316,22,middle
22739,139,0,0.6151189020616367,0.46553478949449356,22,middle
22740,140,0,0.6183684700363842,0.375805233422948,22,middle
22741,141,0,0.6373031657465295,0.3169695190201855,22,middle
22742,142,0,0.5392296299117907,0.3802389319036789,22,middle
22743,143,0,0.45726199557319525,0.4717307120733375,22,middle
22744,144,0,0.4100785054029086,0.46452187018223506,22,middle
22745,145,0,0.7091152208187057,0.42197320769136637,22,middle
22746,146,0,0.35353614244719694,0.47954302336347054,22,middle
22747,147,0,0.4558137178313261,0.4091308183749943,22,middle
22748,148,0,0.5371091587973706,0.3891996125960931,22,middle
22749,149,0,0.49010163963785397,0.41735742141077176,22,middle
22750,150,0,0.8318947885721701,0.44078713378768514,22,middle
22751,151,0,0.8686353557194817,0.49307721213514616,22,middle
22752,152,0,0.3737251553375865,0.34199389895299787,22,middle
22753,153,0,0.7757566469743336,0.4181232708807977,22,middle
22754,154,0,0.49215544950945717,0.5538585422329287,22,middle
22755,155,0,0.5111512050721305,0.3271235278005279,22,middle
22756,156,0,0.7634633163593,0.4453654898516693,22,middle
22757,157,0,0.709129234112688,0.3627661318898442,22,middle
22758,158,0,0.09631164504432081,0.7768800776944621,22,middle
22759,159,0,0.6030155162618456,0.4117913354190649,22,middle
22760,160,0,0.47223000211175176,0.4167145825475381,22,middle
22761,161,0,0.6223213175884832,0.40759625961647883,22,middle
22762,162,0,0.5138801103743761,0.3527015187529861,22,middle
22763,163,0,0.7880355350806578,0.3964051426729702,22,middle
22764,164,0,0.48722940250836677,0.34091027472317625,22,middle
22765,165,0,0.18135710309161213,0.40609656784684206,22,middle
22766,166,0,0.36384239864622236,0.4097348532669197,22,middle
22767,167,0,0.5266326949619358,0.32722419894762145,22,middle
22768,168,0,0.729360584698482,0.41183370542681896,22,middle
22769,169,0,0.2538422206140332,0.3956303932088202,22,middle
22770,170,0,0.48700789593405147,0.36313526269688545,22,middle
22771,171,0,0.44937213832014655,0.4017377081581806,22,middle
22772,172,0,0.1567882924965459,0.3580971318249376,22,middle
22773,173,0,0.7402258472114674,0.34619791843425685,22,middle
22774,174,0,0.6680361975406517,0.3299430511381275,22,middle
22775,175,0,0.6305677441408044,0.5680103701410286,22,middle
22776,176,0,0.5484606716789856,0.4219239853768375,22,middle
22777,177,0,0.4994049951788594,0.3294784046837197,22,middle
22778,178,0,0.5371817217083175,0.3761380493511489,22,middle
22779,179,0,0.6020942126192967,0.3846724006912614,22,middle
22780,180,0,0.795217747515535,0.3652277859401797,22,middle
22781,181,0,0.28354808353780736,0.45920142736541125,22,middle
22782,182,0,0.5246326114821394,0.38203593713851547,22,middle
22783,183,0,0.577741580454163,0.3845355536995372,22,middle
22784,184,0,0.6770768758813228,0.3409956691859619,22,middle
22785,185,0,0.7581860288037834,0.426225890757449,22,middle
22786,186,0,0.3970830936753569,0.5625300880212726,22,middle
22787,187,0,0.5238243306012235,0.3665038222989839,22,middle
22788,188,0,0.3170233572719189,0.33652758717782355,22,middle
22789,189,0,0.455438789929975,0.32400402468427314,22,middle
22790,190,0,0.3114054826269579,0.306422126475564,22,middle
22791,191,0,0.8335078503351337,0.2943625250284877,22,middle
22792,192,0,0.8479227119278028,0.3021639464252842,22,middle
22793,193,0,0.8410333852166474,0.31691585074724493,22,middle
22794,194,0,0.6048823197314332,0.3768232666840454,22,middle
22795,195,0,0.8448831235847207,0.4444843388404083,22,middle
22796,196,0,0.6778533828166072,0.36142921735279654,22,middle
22797,197,0,0.10101115066802174,0.37144513076270197,22,middle
22798,198,0,0.38289220052411466,0.5011487794514478,22,middle
22799,199,0,0.45316721125771897,0.2931068969794068,22,middle
22800,0,0,0.1957698451546515,0.901644318757781,22,late
22801,1,0,0.605090956684135,0.6315750416108805,22,late
22802,2,0,0.49831642851432084,0.6744233449583252,22,late
22803,3,0,0.9207468997320205,0.47266841351001343,22,late
22804,4,0,0.5075886680706042,0.46971495698313054,22,late
22805,5,0,0.5335137765897746,0.4004936187147863,22,late
22806,6,0,0.5463829489979934,0.40758219130130924,22,late
22807,7,0,0.095882056632085,0.767601952823877,22,late
22808,8,0,0.46546293867249605,0.507432278095081,22,late
22809,9,0,0.3898884311778108,0.4737847250035242,22,late
22810,10,0,0.7202479264245456,0.4101272881619903,22,late
22811,11,0,0.7328558650333465,0.6848184733657059,22,late
22812,12,0,0.40973067011224484,0.4982012979683981,22,late
22813,13,0,0.5703573004372547,0.6029955485004832,22,late
22814,14,0,0.49656568000792667,0.5233847835091141,22,late
22815,15,0,0.0024074630152527772,0.7744644460399555,22,late
22816,16,0,0.4802979887155326,0.5574016643697484,22,late
22817,17,0,0.01069187892174962,0.6559191324477669,22,late
22818,18,0,0.5418336407654414,0.651375488928701,22,late
22819,19,0,0.4378260111067917,0.5561067180690634,22,late
22820,20,0,0.5501164207910725,0.44498140648235257,22,late
22821,21,0,0.5902206613563638,0.5206143754863279,22,late
22822,22,0,0.48770176003879795,0.4726761799850083,22,late
22823,23,0,0.9234114078987641,0.37770059673354517,22,late
22824,24,0,0.7858292500080513,0.4925484459112217,22,late
22825,25,0,0.20805204615759965,0.4287282482894684,22,late
22826,26,0,0.2165791861735223,0.5124675537070258,22,late
22827,27,0,0.6619214802766424,0.4820166312094183,22,late
22828,28,0,0.7160889164962924,0.44853220763426016,22,late
22829,29,0,0.7722173152458818,0.416488709447635,22,late
22830,30,0,0.5283311599253859,0.572280889263054,22,late
22831,31,0,0.8739396034252693,0.5564540109518975,22,late
22832,32,0,0.4975319404107742,0.5534653948481139,22,late
22833,33,0,0.04270320150239654,0.48110505410039506,22,late
22834,34,0,0.4668771736727618,0.3723012859521968,22,late
22835,35,0,0.7386600650206969,0.4282796127757603,22,late
22836,36,0,0.3953295477542763,0.5168905911909721,22,late
22837,37,0,0.11887670594199395,0.5735077743172484,22,late
22838,38,0,0.2561432032607225,0.43011278946340403,22,late
22839,39,0,0.377321286784219,0.5199475431571935,22,late
22840,40,0,0.7845142767958422,0.3621359827124586,22,late
22841,41,0,0.3710432128445358,0.4662226376174085,22,late
22842,42,0,0.7166142646370568,0.5234713645220685,22,late
22843,43,0,0.2863694984524414,0.6035016167524816,22,late
22844,44,0,0.8444472241312364,0.2897395086443358,22,late
22845,45,0,0.3832663874141468,0.396110576245465,22,late
22846,46,0,0.8633501063115703,0.519442844091301,22,late
22847,47,0,0.48798971709389083,0.6620857415310403,22,late
22848,48,0,0.8270709787351007,0.7235115139031454,22,late
22849,49,0,0.1839624174313101,0.544840273838263,22,late
22850,50,0,0.36771441603832533,0.5622581420835926,22,late
22851,51,0,0.24514133019371692,0.49393780923942954,22,late
22852,52,0,0.6255694876820119,0.41108182877157573,22,late
22853,53,0,0.34362231974009005,0.531004780818036,22,late
22854,54,0,0.9340312419894761,0.4809096275814224,22,late
22855,55,0,0.44436955993260163,0.46400198218097044,22,late
22856,56,0,0.35003246225597656,0.47428319919755935,22,late
22857,57,0,0.35704504591106556,0.45442384572823225,22,late
22858,58,0,0.5458740953583013,0.5089773223332034,22,late
22859,59,0,0.3752714210258272,0.5180108233896921,22,late
22860,60,0,0.3237388792615113,0.3996611437712337,22,late
22861,61,0,0.3929200823711562,0.5217482916806395,22,late
22862,62,0,0.7824202947619829,0.3908682977948782,22,late
22863,63,0,0.4439754460595552,0.546206336662846,22,late
22864,64,0,0.6878994185595411,0.5329427515696017,22,late
22865,65,0,0.8651934568632857,0.5118710911967265,22,late
22866,66,0,0.62145317298735,0.5509001079044843,22,late
22867,67,0,0.9454557513429522,0.46808049374607014,22,late
22868,68,0,0.6852864330156019,0.5092860074802655,22,late
22869,69,0,0.21421583103221215,0.5738870608736708,22,late
22870,70,0,0.7519172638806135,0.45337821614822055,22,late
22871,71,0,0.723528626636683,0.26721378202449103,22,late
22872,72,0,0.6909849429087666,0.4406061127506197,22,late
22873,73,0,0.33812852758844747,0.5730225562683268,22,late
22874,74,0,0.8857035846413289,0.4428211019925254,22,late
22875,75,0,0.44326724982844184,0.38805328680362217,22,late
22876,76,0,0.2586030580573794,0.45108275156092986,22,late
22877,77,0,0.13851099954834217,0.43006711658484964,22,late
22878,78,0,0.7893234419140094,0.44935160446273037,22,late
22879,79,0,0.14163634463025543,0.5524928745302051,22,late
22880,80,0,0.5716078656851995,0.6234239137729316,22,late
22881,81,0,0.424678029138561,0.4599991529906441,22,late
22882,82,0,0.6759100822588564,0.37436588946726523,22,late
22883,83,0,0.8819065313887442,0.4535411594710145,22,late
22884,84,0,0.828707955916067,0.4480265066722004,22,late
22885,85,0,0.663345406929974,0.43318497343140644,22,late
22886,86,0,0.3330697239249409,0.4106204173988677,22,late
22887,87,0,0.6501273280457162,0.4760981586804912,22,late
22888,88,0,0.6408563360050014,0.3483021757092441,22,late
22889,89,0,0.1912288949736763,0.5386484585487801,22,late
22890,90,0,0.375694243610033,0.511999855441291,22,late
22891,91,0,0.6494146641351143,0.5050805586962349,22,late
22892,92,0,0.7257057169416614,0.4068729427581358,22,late
22893,93,0,0.4998079118567456,0.5946122452986009,22,late
22894,94,0,0.5199765514515459,0.4174965815443553,22,late
22895,95,0,0.7406594524143071,0.3840616194515275,22,late
22896,96,0,0.3913850234886153,0.5488582968618416,22,late
22897,97,0,0.4293176129416942,0.51414059307262,22,late
22898,98,0,0.2545295196961628,0.6318358013274996,22,late
22899,99,0,0.37916939512628367,0.5101224821053957,22,late
22900,100,0,0.4332823329664445,0.5019357234199507,22,late
22901,101,0,0.6478322855939178,0.42702292518525287,22,late
22902,102,0,0.7925008386602852,0.47186407575233846,22,late
22903,103,0,0.21189304410293408,0.49742445429437065,22,late
22904,104,0,0.8061609359346518,0.2796907007166831,22,late
22905,105,0,0.798213552981413,0.35179473302292774,22,late
22906,106,0,0.8619091891332697,0.48121543936292244,22,late
22907,107,0,0.3475799965651789,0.4782506834465596,22,late
22908,108,0,0.5529156418929965,0.6357390345114331,22,late
22909,109,0,0.4870201578214554,0.5523284321414049,22,late
22910,110,0,0.8806865040750083,0.3233690454194966,22,late
22911,111,0,0.8763370297828863,0.2525886254493887,22,late
22912,112,0,0.4492987573270959,0.40823239225877084,22,late
22913,113,0,0.41202873087389424,0.4290742852651441,22,late
22914,114,0,0.6933469073501168,0.31701168403976654,22,late
22915,115,0,0.5626601783736801,0.41398846065424744,22,late
22916,116,0,0.6193209746548076,0.537035399957907,22,late
22917,117,0,0.6963815583824116,0.36229853654076016,22,late
22918,118,0,0.7065058563197075,0.3486431319230723,22,late
22919,119,0,0.7541593250949882,0.35667499235024264,22,late
22920,120,0,0.5277129732237017,0.39555068412807365,22,late
22921,121,0,0.053589544952460995,0.7080558452440621,22,late
22922,122,0,0.5922334397808959,0.5304138357034274,22,late
22923,123,0,0.07032896798417591,0.7255927893347858,22,late
22924,124,0,0.5870481679638215,0.5192991939780864,22,late
22925,125,0,0.19520380568474216,0.5295301132098316,22,late
22926,126,0,0.4154968937112485,0.3432434732927957,22,late
22927,127,0,0.663334722475703,0.40116361554858515,22,late
22928,128,0,0.8051624342326964,0.34459573209086625,22,late
22929,129,0,0.5831080523295142,0.5255459276066937,22,late
22930,130,0,0.2157488398531275,0.5122745168379824,22,late
22931,131,0,0.4369257594828047,0.54162968252169,22,late
22932,132,0,0.14043399777017945,0.44200262530442436,22,late
22933,133,0,0.7021779498503549,0.6273349769288125,22,late
22934,134,0,0.15226227206711676,0.5582917401305864,22,late
22935,135,0,0.46217658596067157,0.5839921339504801,22,late
22936,136,0,0.08636081949601492,0.5089312780026671,22,late
22937,137,0,0.6683181653194399,0.4195868965167999,22,late
22938,138,0,0.968950562508637,0.36472889008238135,22,late
22939,139,0,0.48603779523474167,0.4009362597259778,22,late
22940,140,0,0.4411118436151031,0.6356134924257447,22,late
22941,141,0,0.6384562435893781,0.49152199639346905,22,late
22942,142,0,0.9087900036327613,0.39666784489288254,22,late
22943,143,0,0.5681706158573189,0.49229170937749744,22,late
22944,144,0,0.9869840569053303,0.3256667434938966,22,late
22945,145,0,0.7382147016183653,0.3697572852979727,22,late
22946,146,0,0.9601637445491911,0.5124751666934682,22,late
22947,147,0,0.008301343653756703,0.5333461070623323,22,late
22948,148,0,0.6434480076958131,0.4381801308524536,22,late
22949,149,0,0.014605853181469192,0.5980421117961907,22,late
22950,150,0,0.16840213758600223,0.46903634885338213,22,late
22951,151,0,0.6118860998187803,0.33297428234810983,22,late
22952,152,0,0.8439969328431414,0.5038103802887697,22,late
22953,153,0,0.4237605749076252,0.46264450439429633,22,late
22954,154,0,0.8663855557638906,0.5695429538691354,22,late
22955,155,0,0.033380130556555726,0.6492369720132463,22,late
22956,156,0,0.2148065476703106,0.5215973347174142,22,late
22957,157,0,0.6850011192079857,0.44900308004184575,22,late
22958,158,0,0.6106710883087504,0.4896742155894577,22,late
22959,159,0,0.9534676731558899,0.30740356912997147,22,late
22960,160,0,0.3491115790234227,0.5018174772357217,22,late
22961,161,0,0.35045616820151265,0.46503017608524577,22,late
22962,162,0,0.9912918234210193,0.4008442390708265,22,late
22963,163,0,0.6706220912413767,0.5498500893040771,22,late
22964,164,0,0.498806740348127,0.5100454204838903,22,late
22965,165,0,0.9864442289277955,0.3448178197380599,22,late
22966,166,0,0.41239802692939526,0.4165157073701343,22,late
22967,167,0,0.6035398820076225,0.5385857054554815,22,late
22968,168,0,0.22258475703469394,0.613027155759631,22,late
22969,169,0,0.9258068763990803,0.6509488591597068,22,late
22970,170,0,0.5300951382340433,0.5108568679378448,22,late
22971,171,0,0.7411004875653864,0.4365290875828413,22,late
22972,172,0,0.4099553073095947,0.5764428389168228,22,late
22973,173,0,0.8338301635573924,0.4487622294202315,22,late
22974,174,0,0.07371471683899262,0.5557857392395171,22,late
22975,175,0,0.11719654334668314,0.5607545445594694,22,late
22976,176,0,0.3757406977149653,0.47443392557274244,22,late
22977,177,0,0.9661226059203414,0.4430691619523297,22,late
22978,178,0,0.5647692831356246,0.4111020469733515,22,late
22979,179,0,0.2248376768368351,0.3976493975997318,22,late
22980,180,0,0.5419308331100945,0.45548589145816765,22,late
22981,181,0,0.8809853031992037,0.3710816979955561,22,late
22982,182,0,0.628920437611866,0.5766238912903848,22,late
22983,183,0,0.7137504764912062,0.37518129896671615,22,late
22984,184,0,0.9867133446625864,0.36519863154953913,22,late
22985,185,0,0.2962822437385531,0.40195586064127936,22,late
22986,186,0,0.432056784325637,0.4242294033729762,22,late
22987,187,0,0.8652630672137679,0.35277265982626893,22,late
22988,188,0,0.5013519283118879,0.3956256055141323,22,late
22989,189,0,0.21644357828358107,0.4288038442144747,22,late
22990,190,0,0.3016442448853537,0.4245401269457788,22,late
22991,191,0,0.47957525945317936,0.4524972787279624,22,late
22992,192,0,0.37749933936734015,0.6031664013104607,22,late
22993,193,0,0.010551309800657348,0.5753856601883096,22,late
22994,194,0,0.314904296438925,0.4110759948195226,22,late
22995,195,0,0.12199192357391553,0.46922660024907664,22,late
22996,196,0,0.5546959330807804,0.3907356525374186,22,late
22997,197,0,0.8782168023644514,0.4472949351098653,22,late
22998,198,0,0.4000685585821949,0.37549956155141045,22,late
22999,199,0,0.665123720856738,0.3635553844043396,22,late
23000,0,0,0.4706836972427687,0.6502465912598294,23,interleaved
23001,1,0,0.07707726195832056,0.6466156239467836,23,interleaved
23002,2,0,0.3480530915788197,0.5316262314291957,23,interleaved
23003,3,0,0.7230114001035268,0.38948884296487085,23,interleaved
23004,4,0,0.6983425546694201,0.5917534929913297,23,interleaved
23005,5,0,0.8497200739932481,0.4012463162148571,23,interleaved
23006,6,0,0.45207807946472334,0.6553598807138639,23,interleaved
23007,7,0,0.2174485800133411,0.49036123250483354,23,interleaved
23008,8,0,0.1919800925699201,0.4064648578295399,23,interleaved
23009,9,0,0.6024463442381076,0.5515766766614973,23,interleaved
23010,10,0,0.5105823450054613,0.6956970777743805,23,interleaved
23011,11,0,0.8236920699647652,0.5605234403323616,23,interleaved
23012,12,0,0.89682254349856,0.3865621493796072,23,interleaved
23013,13,0,0.6714109923003991,0.48671288747519825,23,interleaved
23014,14,0,0.5725025462458435,0.5035427926898509,23,interleaved
23015,15,0,0.6712338288649495,0.5140509575006101,23,interleaved
23016,16,0,0.6451205242014563,0.4505508121626848,23,interleaved
23017,17,0,0.63118394059839,0.5627147287866375,23,interleaved
23018,18,0,0.6574811487216946,0.4369743876069199,23,interleaved
23019,19,0,0.8104658337744493,0.3813295087939543,23,interleaved
23020,20,0,0.42536834853699723,0.5565905489871511,23,interleaved
23021,21,0,0.4189014588668184,0.677590896373993,23,interleaved
23022,22,0,0.6043853395262163,0.4103974085022212,23,interleaved
23023,23,0,0.8863426097150648,0.6163301826507843,23,interleaved
23024,24,0,0.1559018889614377,0.6172769254574697,23,interleaved
23025,25,0,0.26133241705324717,0.5902068420317481,23,interleaved
23026,26,0,0.381463599173127,0.6175548243878743,23,interleaved
23027,27,0,0.39281128894327993,0.5340086263171662,23,interleaved
23028,28,0,0.7896528466905415,0.5250082005795483,23,interleaved
23029,29,0,0.3632514329263863,0.683017749455059,23,interleaved
23030,30,0,0.40985343973373645,0.5148686940875287,23,interleaved
23031,31,0,0.6374310092878648,0.35637572607408435,23,interleaved
23032,32,0,0.5051368583697212,0.611646273648503,23,interleaved
23033,33,0,0.27364287936593396,0.521759541992098,23,interleaved
23034,34,0,0.4475905934236363,0.4976551125419123,23,interleaved
23035,35,0,0.8859137675047721,0.5100246878358282,23,interleaved
23036,36,0,0.5555357745176949,0.47574590806820016,23,interleaved
23037,37,0,0.842535336170854,0.37060802995805986,23,interleaved
23038,38,0,0.44287090372262866,0.4727578547318727,23,interleaved
23039,39,0,0.23974703397166092,0.5999841450502286,23,interleaved
23040,40,0,0.3367611020666701,0.5587721082886672,23,interleaved
23041,41,0,0.4962083972922178,0.5079628560193107,23,interleaved
23042,42,0,0.5332425073475606,0.4989011674714746,23,interleaved
23043,43,0,0.42159953343269213,0.48779241998635847,23,interleaved
23044,44,0,0.8894813431830435,0.6147111577798152,23,interleaved
23045,45,0,0.28296470101094817,0.5841707184327752,23,interleaved
23046,46,0,0.574714332288977,0.4561560002537588,23,interleaved
23047,47,0,0.4811615243437678,0.4400917114822409,23,interleaved
23048,48,0,0.46003273574135584,0.44377117940691135,23,interleaved
23049,49,0,0.5808666877715992,0.5761337465972094,23,interleaved
23050,50,0,0.6780018692087592,0.4710081842404308,23,interleaved
23051,51,0,0.7441431944566845,0.5232420357996377,23,interleaved
23052,52,0,0.4653305246402097,0.35099352006465645,23,interleaved
23053,53,0,0.0563030879597326,0.5893057022391353,23,interleaved
23054,54,0,0.7060538586502153,0.36124426513781754,23,interleaved
23055,55,0,0.5671941683926708,0.38546695332752273,23,interleaved
23056,56,0,0.44360837579456563,0.40985639837339566,23,interleaved
23057,57,0,0.6774092194903341,0.3896108544912083,23,interleaved
23058,58,0,0.5042186500206999,0.5209462974299947,23,interleaved
23059,59,0,0.5068104378762847,0.5646310490934134,23,interleaved
23060,60,0,0.1478911281434205,0.49983631476952073,23,interleaved
23061,61,0,0.5736419354308607,0.5730300220958396,23,interleaved
23062,62,0,0.4864019730307204,0.4640784565991216,23,interleaved
23063,63,0,0.5220386007468512,0.6439372303964486,23,interleaved
23064,64,0,0.4121692232231063,0.48354072263762626,23,interleaved
23065,65,0,0.6310812330336817,0.3993299190493558,23,interleaved
23066,66,0,0.36788680545161,0.42599884866355586,23,interleaved
23067,67,0,0.5566587185770717,0.4314981797076894,23,interleaved
23068,68,0,0.6931223674844473,0.519483961468389,23,interleaved
23069,69,0,0.5867539113537338,0.622934206126878,23,interleaved
23070,70,0,0.8516575823834134,0.5009254375263293,23,interleaved
23071,71,0,0.6018174705027752,0.6439786287140015,23,interleaved
23072,72,0,0.5172756821124532,0.4315669078682269,23,interleaved
23073,73,0,0.8602455902282771,0.6015128160170143,23,interleaved
23074,74,0,0.22730206913832296,0.8411352278113309,23,interleaved
23075,75,0,0.2826013106824794,0.4801399650137196,23,interleaved
23076,76,0,0.4681664481162967,0.6035147705337796,23,interleaved
23077,77,0,0.46816090539717475,0.4774071358778336,23,interleaved
23078,78,0,0.678809080457455,0.46617171988892064,23,interleaved
23079,79,0,0.48854441090069295,0.5973183477204811,23,interleaved
23080,80,0,0.3534344635851847,0.45942481489154563,23,interleaved
23081,81,0,0.7436095698101526,0.46522640850138897,23,interleaved
23082,82,0,0.6210483190028169,0.47838948994419994,23,interleaved
23083,83,0,0.2635498878336843,0.5210278243158097,23,interleaved
23084,84,0,0.37133639817843095,0.3598045104452261,23,interleaved
23085,85,0,0.941029624296674,0.4132627774581872,23,interleaved
23086,86,0,0.6343878926140061,0.40711000404928266,23,interleaved
23087,87,0,0.2834495082275672,0.5661571866828589,23,interleaved
23088,88,0,0.4589681454026945,0.4034028673785068,23,interleaved
23089,89,0,0.4864343739382874,0.5909660893081186,23,interleaved
23090,90,0,0.8320235656001326,0.43110443355369776,23,interleaved
23091,91,0,0.7756022586526974,0.3414310819093076,23,interleaved
23092,92,0,0.32026802379109265,0.4598602418697141,23,interleaved
23093,93,0,0.5714284035761326,0.5121302030595929,23,interleaved
23094,94,0,0.685143921243096,0.4447146806844364,23,interleaved
23095,95,0,0.5237364009915592,0.4587306733039265,23,interleaved
23096,96,0,0.5748458092916873,0.42522408423493757,23,interleaved
23097,97,0,0.3035069350944276,0.5232411889935153,23,interleaved
23098,98,0,0.5593520422944162,0.5396847968860328,23,interleaved
23099,99,0,0.5744028164394257,0.5333984861245197,23,interleaved
23100,100,0,0.5364772260791811,0.4662190228648385,23,interleaved
23101,101,0,0.5045399081463569,0.4267778433226155,23,interleaved
23102,102,0,0.5460038266708864,0.5058124987391139,23,interleaved
23103,103,0,0.8060951550816505,0.43357842146413095,23,interleaved
23104,104,0,0.8452922605236892,0.4353886132493172,23,interleaved
23105,105,0,0.3813720702295659,0.5918469237895965,23,interleaved
23106,106,0,0.39797592383205094,0.38407775392222565,23,interleaved
23107,107,0,0.7556444046136319,0.3228419283814608,23,interleaved
23108,108,0,0.41240144429504577,0.5897000382612372,23,interleaved
23109,109,0,0.23362736754143976,0.4674778076834669,23,interleaved
23110,110,0,0.8691313130143966,0.5060393814130403,23,interleaved
23111,111,0,0.22143819731459682,0.5238384353793971,23,interleaved
23112,112,0,0.8928378113497917,0.566793956806268,23,interleaved
23113,113,0,0.4858552775862242,0.45962698428467474,23,interleaved
23114,114,0,0.8988968555855157,0.4430807263931537,23,interleaved
23115,115,0,0.6767241331119654,0.5272302070882736,23,interleaved
23116,116,0,0.895372280115488,0.43098427164030884,23,interleaved
23117,117,0,0.3567561497543907,0.4795580853886028,23,interleaved
23118,118,0,0.9229658407159724,0.5899946985627041,23,interleaved
23119,119,0,0.7749743710542554,0.4152951971253428,23,interleaved
23120,120,0,0.9469697116681565,0.44080747821995103,23,interleaved
23121,121,0,0.5688079716801213,0.37317499913823865,23,interleaved
23122,122,0,0.05844362720967347,0.5256108703381286,23,interleaved
23123,123,0,0.6354551664769789,0.37340225992140136,23,interleaved
23124,124,0,0.46715098944701094,0.5157479056009204,23,interleaved
23125,125,0,0.880641038870738,0.33592924925105605,23,interleaved
23126,126,0,0.8466067503968322,0.39264773056155405,23,interleaved
23127,127,0,0.67982169018676,0.45150245003753414,23,interleaved
23128,128,0,0.4773719782529233,0.4117749698264399,23,interleaved
23129,129,0,0.7211782873569597,0.34797679243319296,23,interleaved
23130,130,0,0.9758506622048173,0.4656897826193004,23,interleaved
23131,131,0,0.6261137430658472,0.5193569774387494,23,interleaved
23132,132,0,0.3553611127786921,0.5339711177439632,23,interleaved
23133,133,0,0.6388171732716885,0.5790508728587325,23,interleaved
23134,134,0,0.981738214697996,0.3460906100550374,23,interleaved
23135,135,0,0.43639938453621085,0.5705676015429479,23,interleaved
23136,136,0,0.43266999209137963,0.45768525257139736,23,interleaved
23137,137,0,0.7513105340895622,0.5381295659183519,23,interleaved
23138,138,0,0.5016292784377334,0.5945021581732486,23,interleaved
23139,139,0,0.5076783892574642,0.6007326363880988,23,interleaved
23140,140,0,0.2586944140846273,0.6537442055454973,23,interleaved
23141,141,0,0.5992655655758649,0.4183539764689944,23,interleaved
23142,142,0,0.5677194943311242,0.4151765490122355,23,interleaved
23143,143,0,0.5504369320872111,0.4783898869500728,23,interleaved
23144,144,0,0.40621617915347086,0.4866676743266868,23,interleaved
23145,145,0,0.03452911855702476,0.6098920570273481,23,interleaved
23146,146,0,0.08452422439494699,0.5943538396699122,23,interleaved
23147,147,0,0.6909770751337272,0.33708646845262846,23,interleaved
23148,148,0,0.28559890469571325,0.44334708774503345,23,interleaved
23149,149,0,0.22864564488771547,0.6913700502436579,23,interleaved
23150,150,0,0.7712714169178434,0.480437446796526,23,interleaved
23151,151,0,0.18791181652857858,0.47293241673481945,23,interleaved
23152,152,0,0.33040428357192897,0.4307079229576608,23,interleaved
23153,153,0,0.5862006177262981,0.36325107339858315,23,interleaved
23154,154,0,0.6656534058073766,0.3753401348784889,23,interleaved
23155,155,0,0.5991289142888317,0.49446171561893054,23,interleaved
23156,156,0,0.7721686792463878,0.5458296859582585,23,interleaved
23157,157,0,0.2967726481580783,0.33445628818926276,23,interleaved
23158,158,0,0.3313139579463375,0.515853144627894,23,interleaved
23159,159,0,0.24122425722413418,0.44032826215173126,23,interleaved
23160,160,0,0.3500527357428991,0.538441180704549,23,interleaved
23161,161,0,0.4317858397187906,0.5471355907735368,23,interleaved
23162,162,0,0.49304562116297435,0.4216015693738722,23,interleaved
23163,163,0,0.9389402924188528,0.5115997516191055,23,interleaved
23164,164,0,0.9217586680420763,0.43986934184076454,23,interleaved
23165,165,0,0.5364212600559606,0.459851547421403,23,interleaved
23166,166,0,0.6615037094048679,0.3622396140305626,23,interleaved
23167,167,0,0.21409776752833592,0.5518907336417115,23,interleaved
23168,168,0,0.6974354418541256,0.4496611545506294,23,interleaved
23169,169,0,0.7035793038969708,0.33021658610112703,23,interleaved
23170,170,0,0.5091988879520581,0.45908488682939574,23,interleaved
23171,171,0,0.7968506175133989,0.49884851532663876,23,interleaved
23172,172,0,0.5496639256454934,0.37170047315013544,23,interleaved
23173,173,0,0.9453429135402528,0.3690391745721971,23,interleaved
23174,174,0,0.5010027518019625,0.6547229511850599,23,interleaved
23175,175,0,0.1925534185339054,0.4734024149026526,23,interleaved
23176,176,0,0.6337785011215644,0.3916053861266665,23,interleaved
23177,177,0,0.24075698130812265,0.4247366875901539,23,interleaved
23178,178,0,0.39065250778822913,0.34973894807500616,23,interleaved
23179,179,0,0.7633945861331453,0.3675453446882926,23,interleaved
23180,180,0,0.43453415298733933,0.385294647847229,23,interleaved
23181,181,0,0.5642107957375023,0.41248575813319693,23,interleaved
23182,182,0,0.5287626088967999,0.4394640637716426,23,interleaved
23183,183,0,0.9010725390694811,0.358427120837943,23,interleaved
23184,184,0,0.27347625926804897,0.42421036857872074,23,interleaved
23185,185,0,0.7710017482863589,0.33624723044787463,23,interleaved
23186,186,0,0.6241374141688765,0.3399765335186143,23,interleaved
23187,187,0,0.5022005927315314,0.37981118605394604,23,interleaved
23188,188,0,0.5448479119628562,0.5213120265294748,23,interleaved
23189,189,0,0.8170331305049583,0.3813864530693666,23,interleaved
23190,190,0,0.4613751589615709,0.4225982171239052,23,interleaved
23191,191,0,0.7543611408101104,0.4473499864337733,23,interleaved
23192,192,0,0.22115115864620846,0.4062535702359189,23,interleaved
23193,193,0,0.5277317024805012,0.41298948966645366,23,interleaved
23194,194,0,0.708832358845246,0.43146193487962703,23,interleaved
23195,195,0,0.5069425329967376,0.45718945878626943,23,interleaved
23196,196,0,0.6853597738275963,0.3557755325326602,23,interleaved
23197,197,0,0.4978339811421184,0.3750434481969742,23,interleaved
23198,198,0,0.8988431485997785,0.25373290333630777,23,interleaved
23199,199,0,0.4738812532306229,0.44611950608750184,23,interleaved
23200,0,0,0.07753336343533389,0.6253487261477055,23,blocked
23201,1,0,0.9597479013285855,0.4278505794440888,23,blocked
23202,2,0,0.06807454934996163,0.7170650778209913,23,blocked
23203,3,0,0.12349891522201335,0.5843044308601799,23,blocked
23204,4,0,0.259614773776045,0.4644995172566761,23,blocked
23205,5,0,0.7157866540308403,0.45819637250086137,23,blocked
23206,6,0,0.8639615616390759,0.3849864958561284,23,blocked
23207,7,0,0.6593882967745022,0.619808818837726,23,blocked
23208,8,0,0.4541776326154625,0.46396311733987594,23,blocked
23209,9,0,0.6817727416009217,0.5267857379303721,23,blocked
23210,10,0,0.8603297510046881,0.41652634334018296,23,blocked
23211,11,0,0.05904715126935584,0.5094812955970047,23,blocked
23212,12,0,0.49810380578885,0.44375525994429965,23,blocked
23213,13,0,0.15784138594464495,0.5392890708611792,23,blocked
23214,14,0,0.6528468625837582,0.4562349115103448,23,blocked
23215,15,0,0.30641899183436966,0.609105460051933,23,blocked
23216,16,0,0.6564338311754432,0.38597140900480675,23,blocked
23217,17,0,0.47044497184762113,0.36612388263959766,23,blocked
23218,18,0,0.5122519520754136,0.5890924403114435,23,blocked
23219,19,0,0.31319461464533277,0.6606196143044698,23,blocked
23220,20,0,0.16226818271505936,0.4238162432419189,23,blocked
23221,21,0,0.4106655326461969,0.6598229641485418,23,blocked
23222,22,0,0.6966117533098811,0.5652461934209413,23,blocked
23223,23,0,0.21753297178991465,0.5681198086217683,23,blocked
23224,24,0,0.47545044349499505,0.45299700846758295,23,blocked
23225,25,0,0.36778931291993433,0.4848223811575691,23,blocked
23226,26,0,0.5385578205001104,0.5233201265698848,23,blocked
23227,27,0,0.6168568777603507,0.5092076061667355,23,blocked
23228,28,0,0.33068637152162783,0.4522303837955023,23,blocked
23229,29,0,0.15205837952259682,0.6295668905442339,23,blocked
23230,30,0,0.45233819594724234,0.47095707998606495,23,blocked
23231,31,0,0.8429666241672659,0.4650500026596079,23,blocked
23232,32,0,0.6205489083945341,0.3303856660412725,23,blocked
23233,33,0,0.44915691142774455,0.42839795121916585,23,blocked
23234,34,0,0.23032879523796473,0.42969185708014956,23,blocked
23235,35,0,0.8495128349776385,0.3552213881407965,23,blocked
23236,36,0,0.6696939136047162,0.3097442429753065,23,blocked
23237,37,0,0.5172447603954669,0.6112772103773165,23,blocked
23238,38,0,0.7714404033369429,0.48071292762153606,23,blocked
23239,39,0,0.6232627970169794,0.3616765924651668,23,blocked
23240,40,0,0.3518214089839265,0.45829392634738997,23,blocked
23241,41,0,0.2909983775656184,0.38518586690191114,23,blocked
23242,42,0,0.0839593711779458,0.5915994570599079,23,blocked
23243,43,0,0.1399943581094905,0.5581944526527903,23,blocked
23244,44,0,0.771306596195233,0.705063167740249,23,blocked
23245,45,0,0.6712804878247998,0.42228081193844247,23,blocked
23246,46,0,0.3291834998142815,0.4129603631503915,23,blocked
23247,47,0,0.5507418734946617,0.5812057730020223,23,blocked
23248,48,0,0.06905758908061868,0.3043098766347796,23,blocked
23249,49,0,0.07820409186127958,0.5848094757828604,23,blocked
23250,50,0,0.6866669346192703,0.4306930688306646,23,blocked
23251,51,0,0.2778652548204236,0.3999965941307961,23,blocked
23252,52,0,0.6122968477153394,0.4222985061487622,23,blocked
23253,53,0,0.24555669658167595,0.4623116181931858,23,blocked
23254,54,0,0.20415853744576426,0.4188544689209096,23,blocked
23255,55,0,0.348605657411845,0.530120315365047,23,blocked
23256,56,0,0.5612890123115493,0.38086047898531694,23,blocked
23257,57,0,0.41022374395344297,0.4057363348389678,23,blocked
23258,58,0,0.45802249368853026,0.3333887179709606,23,blocked
23259,59,0,0.8084569493129439,0.40942343450217844,23,blocked
23260,60,0,0.465303855902895,0.5630931611878127,23,blocked
23261,61,0,0.5576432000725055,0.44479835361610587,23,blocked
23262,62,0,0.09175222079100823,0.6769488035714691,23,blocked
23263,63,0,0.4953498399072542,0.40821932446636744,23,blocked
23264,64,0,0.514865955533151,0.6130682366295354,23,blocked
23265,65,0,0.4113306678372156,0.42289651651719146,23,blocked
23266,66,0,0.30010965966005315,0.39566380638224297,23,blocked
23267,67,0,0.3713786343648613,0.4032694398855954,23,blocked
23268,68,0,0.25016859525916424,0.42310977038275066,23,blocked
23269,69,0,0.7062416918814094,0.504548645834063,23,blocked
23270,70,0,0.9305326950047709,0.3427037767041788,23,blocked
23271,71,0,0.9096429228395034,0.36747537435209704,23,blocked
23272,72,0,0.3811209420202046,0.4626977697340061,23,blocked
23273,73,0,0.6315597102475184,0.6222429117397728,23,blocked
23274,74,0,0.8855350639991897,0.4981525226049882,23,blocked
23275,75,0,0.9268371544375678,0.47802197838969196,23,blocked
23276,76,0,0.9120380657931618,0.4092626277768237,23,blocked
23277,77,0,0.9286809125269028,0.4415206749854156,23,blocked
23278,78,0,0.8830204288965318,0.43581470400905054,23,blocked
23279,79,0,0.5445813394321429,0.48465241043509083,23,blocked
23280,80,0,0.09800292532359488,0.3861671612452454,23,blocked
23281,81,0,0.23855023327839137,0.37906106237951626,23,blocked
23282,82,0,0.49889036217600535,0.5032546142318777,23,blocked
23283,83,0,0.4525634299818604,0.4881692230607245,23,blocked
23284,84,0,0.5027341404684394,0.3148264963224625,23,blocked
23285,85,0,0.5683232885417333,0.40900894459894754,23,blocked
23286,86,0,0.49916039500735615,0.42664704782026,23,blocked
23287,87,0,0.46190813004088993,0.4764650948943946,23,blocked
23288,88,0,0.5526934778433809,0.3541107431933987,23,blocked
23289,89,0,0.772153892385596,0.4054060286697513,23,blocked
23290,90,0,0.972086158158106,0.5403619651991552,23,blocked
23291,91,0,0.9303949525148081,0.3439437595003578,23,blocked
23292,92,0,0.09193287737413626,0.4982479058591682,23,blocked
23293,93,0,0.2968241245416419,0.3556606002206937,23,blocked
23294,94,0,0.45134676834325305,0.40661847090817027,23,blocked
23295,95,0,0.42440665530995275,0.5265340667531179,23,blocked
23296,96,0,0.3903546125329332,0.3626521674797799,23,blocked
23297,97,0,0.7581950442944008,0.46380137320778936,23,blocked
23298,98,0,0.8478109951807538,0.33565270616178355,23,blocked
23299,99,0,0.18160095958020278,0.4625820648931237,23,blocked
23300,100,0,0.37533949974604397,0.4299457855501565,23,blocked
23301,101,0,0.4372530858631763,0.3715232318249909,23,blocked
23302,102,0,0.3142222485531362,0.43965471580399507,23,blocked
23303,103,0,0.5620927386040225,0.39862591718996704,23,blocked
23304,104,0,0.5953038444304812,0.4442158979712745,23,blocked
23305,105,0,0.2848506420676155,0.35625106885973157,23,blocked
23306,106,0,0.8316982205618954,0.4864050183735165,23,blocked
23307,107,0,0.5709266814014784,0.45669313447339666,23,blocked
23308,108,0,0.802040548831932,0.3725889578721581,23,blocked
23309,109,0,0.49155483774362374,0.3708008612872077,23,blocked
23310,110,0,0.8340376805835744,0.26634516286978716,23,blocked
23311,111,0,0.4751300149601412,0.5159192745535044,23,blocked
23312,112,0,0.8764591856836743,0.3314793903645229,23,blocked
23313,113,0,0.5199311112812921,0.5158690354401301,23,blocked
23314,114,0,0.6481027809860692,0.3039115927534118,23,blocked
23315,115,0,0.6860402140495061,0.4642181534833584,23,blocked
23316,116,0,0.6704757355962921,0.527672343700452,23,blocked
23317,117,0,0.965530974727772,0.4031812416718874,23,blocked
23318,118,0,0.7451384756475878,0.34499939452027073,23,blocked
23319,119,0,0.8773103989194112,0.2740853015735834,23,blocked
23320,120,0,0.7578858516548579,0.45300463162974836,23,blocked
23321,121,0,0.7161999361172039,0.31198657787982426,23,blocked
23322,122,0,0.6861879708347567,0.24960950142364108,23,blocked
23323,123,0,0.5077144878052577,0.39217031370934385,23,blocked
23324,124,0,0.014105718783307446,0.49398505753028066,23,blocked
23325,125,0,0.779757583235722,0.3160551554170683,23,blocked
23326,126,0,0.14430911967117788,0.36477019174544434,23,blocked
23327,127,0,0.836188907510389,0.2601579256969769,23,blocked
23328,128,0,0.8417857351790692,0.3840387653175289,23,blocked
23329,129,0,0.413607927740008,0.7029368592618397,23,blocked
23330,130,0,0.8050605406049861,0.47023872381553067,23,blocked
23331,131,0,0.06688484766039988,0.34513996137798975,23,blocked
23332,132,0,0.8284750798693427,0.41250435026928095,23,blocked
23333,133,0,0.02902211151925163,0.34382319124649996,23,blocked
23334,134,0,0.022925485678043676,0.6077489560087792,23,blocked
23335,135,0,0.4543887163314716,0.36672566869206924,23,blocked
23336,136,0,0.7492661004549905,0.2962849616224674,23,blocked
23337,137,0,0.34198158624087976,0.36589574456689555,23,blocked
23338,138,0,0.7881716304128923,0.4261628241655837,23,blocked
23339,139,0,0.3726445406751261,0.36161495773045305,23,blocked
23340,140,0,0.8196710276527288,0.3057164034379666,23,blocked
23341,141,0,0.49776179296119294,0.47951607492523624,23,blocked
23342,142,0,0.6893332942271875,0.45457767532998483,23,blocked
23343,143,0,0.6040429612030956,0.4933202714767184,23,blocked
23344,144,0,0.9120659409554639,0.2446562152466013,23,blocked
23345,145,0,0.9692382287059276,0.4718038389219834,23,blocked
23346,146,0,0.4223527654391881,0.7105037265567011,23,blocked
23347,147,0,0.6761436097925345,0.4122872304563264,23,blocked
23348,148,0,0.050845069160722456,0.6518381669892404,23,blocked
23349,149,0,0.6769430542944368,0.3311842135084785,23,blocked
23350,150,0,0.861120474282556,0.25140936618175963,23,blocked
23351,151,0,0.36876605532622825,0.3009678766682696,23,blocked
23352,152,0,0.9510157809766834,0.372242519844287,23,blocked
23353,153,0,0.024432116904489244,0.35948532290850554,23,blocked
23354,154,0,0.9662889098364011,0.21252233825818628,23,blocked
23355,155,0,0.35925123861337166,0.5180065860632321,23,blocked
23356,156,0,0.845714933861319,0.3443160944013969,23,blocked
23357,157,0,0.5843657188888158,0.45861735309405754,23,blocked
23358,158,0,0.5292891979588659,0.39033258807584714,23,blocked
23359,159,0,0.7301659915902254,0.4430297512106081,23,blocked
23360,160,0,0.5681903978545156,0.35863123741168224,23,blocked
23361,161,0,0.6472175511748393,0.3789161368317735,23,blocked
23362,162,0,0.4422639542038749,0.2564487089492983,23,blocked
23363,163,0,0.46850683415105965,0.3260369189001492,23,blocked
23364,164,0,0.04493029482607516,0.3290860599822182,23,blocked
23365,165,0,0.7889668298940697,0.38590992210230346,23,blocked
23366,166,0,0.40519413154753314,0.45746556406786054,23,blocked
23367,167,0,0.8746348246415583,0.3139353266125031,23,blocked
23368,168,0,0.8663662962467833,0.43125288625052594,23,blocked
23369,169,0,0.7811248128284509,0.39008620539755456,23,blocked
23370,170,0,0.6972628639620083,0.4575906595727408,23,blocked
23371,171,0,0.6221590509745357,0.40696131169364014,23,blocked
23372,172,0,0.18778781480515394,0.33306306247866024,23,blocked
23373,173,0,0.5956841121621073,0.3770398299018888,23,blocked
23374,174,0,0.7518256777448217,0.4590298432172921,23,blocked
23375,175,0,0.23763897831154882,0.3164011013733421,23,blocked
23376,176,0,0.5580995666041697,0.22671627749100712,23,blocked
23377,177,0,0.9575427334570814,0.4247119509305889,23,blocked
23378,178,0,0.6089190910699158,0.32182240877134477,23,blocked
23379,179,0,0.6014816386780872,0.4046847237547424,23,blocked
23380,180,0,0.06842365015404167,0.5684582647145002,23,blocked
23381,181,0,0.7470143319109908,0.47467933553465835,23,blocked
23382,182,0,0.7760398142736634,0.5248543775812087,23,blocked
23383,183,0,0.8663608006797405,0.4065092008849013,23,blocked
23384,184,0,0.9204245928567305,0.359493953334753,23,blocked
23385,185,0,0.48822179909939023,0.43083613340917226,23,blocked
23386,186,0,0.815641564195303,0.25211774394122716,23,blocked
23387,187,0,0.4025421421548313,0.31540795496375146,23,blocked
23388,188,0,0.920378899111238,0.2702277430353934,23,blocked
23389,189,0,0.4364148942037523,0.3535357854743589,23,blocked
23390,190,0,0.7418982119993776,0.3143064433958444,23,blocked
23391,191,0,0.5285799661766689,0.465068640865462,23,blocked
23392,192,0,0.5966437416848124,0.2901261854274726,23,blocked
23393,193,0,0.7216303166505637,0.38619611634548356,23,blocked
23394,194,0,0.9312211297138966,0.38617057330864835,23,blocked
23395,195,0,0.35721310968366937,0.3915956504202073,23,blocked
23396,196,0,0.10231790716854201,0.4893692813121609,23,blocked
23397,197,0,0.4450870642493939,0.5047754452772124,23,blocked
23398,198,0,0.24863878266714518,0.3453875924063231,23,blocked
23399,199,0,0.6978014599458171,0.2507899377660836,23,blocked
23400,0,0,0.029697180716825033,0.8912460176475578,23,early
23401,1,0,0.20047495987491334,0.7588658352664255,23,early
23402,2,0,0.25730755781057135,0.6403657136422711,23,early
23403,3,0,0.4486585574860406,0.6594941025150514,23,early
23404,4,0,0.5724776953281744,0.5409204981657224,23,early
23405,5,0,0.5112494777180233,0.5865372228217773,23,early
23406,6,0,0.31167677712843833,0.4976154481408762,23,early
23407,7,0,0.7808809193813371,0.636520853291379,23,early
23408,8,0,0.24973566184435986,0.4376633477057318,23,early
23409,9,0,0.6239372249024628,0.6138935584996661,23,early
23410,10,0,0.8873461659332746,0.569979131027474,23,early
23411,11,0,0.41671062194245323,0.665327280931205,23,early
23412,12,0,0.2251983980768016,0.5418378112862964,23,early
23413,13,0,0.3116817627390813,0.4864302866200638,23,early
23414,14,0,0.5126610147579522,0.6023398055852551,23,early
23415,15,0,0.9059563949026562,0.7167861316180834,23,early
23416,16,0,0.8825419522925133,0.4976563221317537,23,early
23417,17,0,0.15101971120591046,0.558800658731818,23,early
23418,18,0,0.5014939089864598,0.5247809367107222,23,early
23419,19,0,0.3166712477332795,0.4924423421110125,23,early
23420,20,0,0.45810342277220617,0.5152869655732253,23,early
23421,21,0,0.3782793734835851,0.6324821886916909,23,early
23422,22,0,0.5178796772378566,0.515098296496594,23,early
23423,23,0,0.5383798555391013,0.5390145505123551,23,early
23424,24,0,0.5287551501901513,0.46116006714945773,23,early
23425,25,0,0.45174098228944004,0.5377115697715525,23,early
23426,26,0,0.49856242715121296,0.6919892533928714,23,early
23427,27,0,0.622817801293921,0.39160991624663,23,early
23428,28,0,0.5083369593073892,0.5220718547265224,23,early
23429,29,0,0.6926660667668899,0.6039174509979341,23,early
23430,30,0,0.7246370382521854,0.47991645839384106,23,early
23431,31,0,0.17310999706799635,0.5286263991072502,23,early
23432,32,0,0.527656420558696,0.5386262635616818,23,early
23433,33,0,0.3978161677597334,0.5427538755687547,23,early
23434,34,0,0.5323914880889729,0.5644797833447882,23,early
23435,35,0,0.8858843819585771,0.44796442220559185,23,early
23436,36,0,0.2174502965491798,0.45704920845629005,23,early
23437,37,0,0.46787911293782775,0.46309369702327713,23,early
23438,38,0,0.8362517127851072,0.6282482063917918,23,early
23439,39,0,0.8183635444737302,0.6672387067508041,23,early
23440,40,0,0.5367404783298152,0.3931115596072375,23,early
23441,41,0,0.65661711955015,0.3629302741293613,23,early
23442,42,0,0.11105915032684217,0.5975672804160649,23,early
23443,43,0,0.5472662564451862,0.42196050883165903,23,early
23444,44,0,0.9253590182058974,0.5541876719191617,23,early
23445,45,0,0.9886694269473743,0.6239116430542042,23,early
23446,46,0,0.44392703630064556,0.6345768784885181,23,early
23447,47,0,0.7759352334399704,0.5089081159150954,23,early
23448,48,0,0.8455245969282636,0.5399106973582586,23,early
23449,49,0,0.638543808229821,0.3906091817997225,23,early
23450,50,0,0.1579870505514627,0.4557259591812088,23,early
23451,51,0,0.2771954955848975,0.4868445028701546,23,early
23452,52,0,0.7230735627338358,0.5047217439927723,23,early
23453,53,0,0.7195294129881467,0.57470016871032,23,early
23454,54,0,0.4121308843217766,0.4118478578185707,23,early
23455,55,0,0.4511315039665255,0.41658091603844005,23,early
23456,56,0,0.692648462566924,0.4448514185026913,23,early
23457,57,0,0.589235673495571,0.5350315823210348,23,early
23458,58,0,0.6644726854163366,0.4387338571609946,23,early
23459,59,0,0.14850117443531494,0.5013266914674612,23,early
23460,60,0,0.21542210172336942,0.5668971897522672,23,early
23461,61,0,0.7380658404456876,0.48579843837531206,23,early
23462,62,0,0.8288986505813987,0.5255482025309519,23,early
23463,63,0,0.038907150819964306,0.6862292792413707,23,early
23464,64,0,0.37145621921414596,0.43068236327647935,23,early
23465,65,0,0.17740532879435078,0.556275093474802,23,early
23466,66,0,0.7345964856461744,0.24834761313732018,23,early
23467,67,0,0.6870484496741922,0.4724036651361738,23,early
23468,68,0,0.8325281829682236,0.3431824586576742,23,early
23469,69,0,0.8485420263317819,0.5216283966710666,23,early
23470,70,0,0.8712093404478762,0.3528937567140049,23,early
23471,71,0,0.4900976319090894,0.4849609862536344,23,early
23472,72,0,0.8722274723785355,0.361070372362724,23,early
23473,73,0,0.23180312807488865,0.6101505600820312,23,early
23474,74,0,0.13854253347531004,0.8026374719000646,23,early
23475,75,0,0.7939138148579843,0.38881432528108706,23,early
23476,76,0,0.6031804141130889,0.5309340837061991,23,early
23477,77,0,0.7118101046478602,0.3711316679338498,23,early
23478,78,0,0.3274795781204094,0.45297579634994856,23,early
23479,79,0,0.5242071735581222,0.4353766911326463,23,early
23480,80,0,0.4997524195400079,0.4357326275927026,23,early
23481,81,0,0.6810480018344492,0.3936336412769044,23,early
23482,82,0,0.44184425915639053,0.4530089236583377,23,early
23483,83,0,0.802736750974486,0.4919904734361602,23,early
23484,84,0,0.5226723888433429,0.4690645860641203,23,early
23485,85,0,0.7518822429706901,0.320771132664378,23,early
23486,86,0,0.1896838276131674,0.6298129343094445,23,early
23487,87,0,0.5655585509133978,0.5224515058664887,23,early
23488,88,0,0.4745198239259477,0.5557757832529473,23,early
23489,89,0,0.4349748020595062,0.4366605684168332,23,early
23490,90,0,0.45957947610327676,0.4144530391801112,23,early
23491,91,0,0.746087830657393,0.3725180491208961,23,early
23492,92,0,0.43112795267257836,0.7655326826319875,23,early
23493,93,0,0.8171385747176971,0.41754234594988626,23,early
23494,94,0,0.8771873379377686,0.3631374615362132,23,early
23495,95,0,0.7420824977521354,0.7052028423797028,23,early
23496,96,0,0.3603532198980729,0.4936713248167649,23,early
23497,97,0,0.9636113590408046,0.29492576332671316,23,early
23498,98,0,0.6348529142708107,0.5581197181878235,23,early
23499,99,0,0.6223474704304082,0.342105838352996,23,early
23500,100,0,0.46750429051976927,0.3888146665113609,23,early
23501,101,0,0.029163228183261974,0.7090688157734669,23,early
23502,102,0,0.6621905318417974,0.40845065514745954,23,early
23503,103,0,0.7320824701936961,0.46429821474436317,23,early
23504,104,0,0.5051111357157847,0.515130093269179,23,early
23505,105,0,0.9492946611362889,0.38843707922345383,23,early
23506,106,0,0.603279032582567,0.39644951799343914,23,early
23507,107,0,0.218910948216863,0.568698779947013,23,early
23508,108,0,0.6762849615797824,0.36662393516016434,23,early
23509,109,0,0.828362241636918,0.4290535699658432,23,early
23510,110,0,0.6021724741496183,0.6571359825173646,23,early
23511,111,0,0.031137747343007085,0.7264561547624468,23,early
23512,112,0,0.7335552676124226,0.3918964549947993,23,early
23513,113,0,0.7968188433043109,0.32161904081338344,23,early
23514,114,0,0.4976925798028857,0.3843983705714443,23,early
23515,115,0,0.4955415621457988,0.5452225603673788,23,early
23516,116,0,0.2043713628877748,0.41941176102863076,23,early
23517,117,0,0.8850826931358083,0.5536047021989097,23,early
23518,118,0,0.552586205485447,0.4832473046986585,23,early
23519,119,0,0.6297799552723418,0.4625989723348498,23,early
23520,120,0,0.48804934080659024,0.565370208418597,23,early
23521,121,0,0.6075766740611881,0.42018212888176565,23,early
23522,122,0,0.3010783669604861,0.5222026844073528,23,early
23523,123,0,0.1656226200654605,0.3930598217989322,23,early
23524,124,0,0.6252709431813456,0.5158866439996994,23,early
23525,125,0,0.6015459610340735,0.4264705945330595,23,early
23526,126,0,0.6096569467726103,0.37679411418736564,23,early
23527,127,0,0.01959770828524326,0.6454619525342585,23,early
23528,128,0,0.5708997381895307,0.49774645250258975,23,early
23529,129,0,0.8681610895107376,0.3910298302259877,23,early
23530,130,0,0.6789503456706562,0.3967500572757546,23,early
23531,131,0,0.9893404545706836,0.35046592862517534,23,early
23532,132,0,0.49653974977809767,0.49901262962960613,23,early
23533,133,0,0.9388548910702939,0.4264734772918527,23,early
23534,134,0,0.6443736480355925,0.48146810820001906,23,early
23535,135,0,0.8150839118380354,0.3446490508425598,23,early
23536,136,0,0.8183302887767898,0.3558190456792176,23,early
23537,137,0,0.6278083653012348,0.33910333461070286,23,early
23538,138,0,0.7310477478704485,0.3809197289967413,23,early
23539,139,0,0.5140891901606641,0.48864100926406195,23,early
23540,140,0,0.2779997867288963,0.5358756146041368,23,early
23541,141,0,0.32979988416692385,0.5553733859464896,23,early
23542,142,0,0.5861176113985831,0.405798664822385,23,early
23543,143,0,0.7219108157202725,0.5213038077774114,23,early
23544,144,0,0.4508412468562666,0.4785438154948874,23,early
23545,145,0,0.8698035182333467,0.3599224570157758,23,early
23546,146,0,0.6020854553096164,0.4173588231428182,23,early
23547,147,0,0.3102395071794191,0.31617354710673845,23,early
23548,148,0,0.5069787893207386,0.39541663324625553,23,early
23549,149,0,0.6654617470883537,0.36152715908123906,23,early
23550,150,0,0.6357920793636268,0.3031450651122938,23,early
23551,151,0,0.6045858019378317,0.4094476936359727,23,early
23552,152,0,0.5178263461559307,0.5619878132282564,23,early
23553,153,0,0.3365593585039343,0.3893371828508959,23,early
23554,154,0,0.7511467483800064,0.3459071420919345,23,early
23555,155,0,0.4205682366776842,0.46979623900668893,23,early
23556,156,0,0.9150774561629846,0.2783014419741003,23,early
23557,157,0,0.4712912676182208,0.37600790089323444,23,early
23558,158,0,0.5023034253873091,0.49414658211756723,23,early
23559,159,0,0.7125857846370434,0.5183279154455802,23,early
23560,160,0,0.20831782665609647,0.5972954245844734,23,early
23561,161,0,0.05390861211980861,0.4419640344917716,23,early
23562,162,0,0.5946018904129688,0.4829888548774179,23,early
23563,163,0,0.496196773059691,0.4643483227802261,23,early
23564,164,0,0.7650895020084558,0.2878491858968636,23,early
23565,165,0,0.3087021325123206,0.5546523822507057,23,early
23566,166,0,0.54751671879058,0.45542673974350695,23,early
23567,167,0,0.4867453696611146,0.43123557832328585,23,early
23568,168,0,0.9123651258302568,0.536061371661928,23,early
23569,169,0,0.4252282646527716,0.4320453368943963,23,early
23570,170,0,0.74404880208901,0.39577267291868856,23,early
23571,171,0,0.7073990100352083,0.5725540473627289,23,early
23572,172,0,0.5874514296167179,0.4728798325755568,23,early
23573,173,0,0.7937786640726239,0.2930509486292915,23,early
23574,174,0,0.4842116988420122,0.41270399778758005,23,early
23575,175,0,0.4132052856164219,0.5981477534548096,23,early
23576,176,0,0.5805274498131469,0.3735100896440601,23,early
23577,177,0,0.251483883985943,0.5715523606472679,23,early
23578,178,0,0.3797943495282017,0.4465628326250511,23,early
23579,179,0,0.3801652914133675,0.36534246781204227,23,early
23580,180,0,0.6059212619285244,0.42512081254236744,23,early
23581,181,0,0.959312108993049,0.34803139063550487,23,early
23582,182,0,0.8433481988328086,0.5032578582181993,23,early
23583,183,0,0.2731615276961695,0.3959162008518762,23,early
23584,184,0,0.11510664781038721,0.41667474428891993,23,early
23585,185,0,0.8459256179547427,0.2725818310286218,23,early
23586,186,0,0.4268879666067067,0.34619871919158396,23,early
23587,187,0,0.5262801441388926,0.46114456125365877,23,early
23588,188,0,0.4701899722031071,0.6578516985097711,23,early
23589,189,0,0.3903251770189396,0.4784620818510346,23,early
23590,190,0,0.5484621318068371,0.5038474229845753,23,early
23591,191,0,0.3897158892690951,0.5910652770960956,23,early
23592,192,0,0.7758285734476444,0.6211288445165017,23,early
23593,193,0,0.7083713156592022,0.3060578813294808,23,early
23594,194,0,0.5144654035350468,0.43526554772065196,23,early
23595,195,0,0.7511545882400803,0.3767509737079666,23,early
23596,196,0,0.5072471451410666,0.4538840135719338,23,early
23597,197,0,0.9068683087372855,0.31684567582433276,23,early
23598,198,0,0.6247925602698909,0.294611445802759,23,early
23599,199,0,0.6277813042328655,0.5384100377799677,23,early
23600,0,0,0.000633334139829751,1.1693283402041756,23,middle
23601,1,0,0.5387154173790543,0.6239615009636821,23,middle
23602,2,0,0.9635504444726725,0.5118361936709676,23,middle
23603,3,0,0.48621166959023276,0.6755132871240661,23,middle
23604,4,0,0.06837641151738388,0.5348436099638277,23,middle
23605,5,0,0.5031236093601014,0.741117441941159,23,middle
23606,6,0,0.02729570830259955,0.7517516005020684,23,middle
23607,7,0,0.3848363418918098,0.539529799648073,23,middle
23608,8,0,0.4094726423578053,0.5727645501381128,23,middle
23609,9,0,0.9277783548553695,0.42728565760768134,23,middle
23610,10,0,0.5562094862484915,0.6005600515816665,23,middle
23611,11,0,0.10468486125672358,0.5556726399460696,23,middle
23612,12,0,0.5940997693230823,0.5533775701768491,23,middle
23613,13,0,0.47810011830144145,0.6250284889661597,23,middle
23614,14,0,0.0801952982149145,0.7007880327156204,23,middle
23615,15,0,0.6883831768248869,0.5740076013462261,23,middle
23616,16,0,0.2778165155681644,0.5138882005742287,23,middle
23617,17,0,0.20859606714284237,0.5315412931688108,23,middle
23618,18,0,0.7969070305577459,0.634744720948267,23,middle
23619,19,0,0.4772233051937883,0.46080435454908353,23,middle
23620,20,0,0.9751786923380499,0.5151692401323531,23,middle
23621,21,0,0.4925374048425696,0.4109800464814425,23,middle
23622,22,0,0.8834512581433238,0.43392241224349126,23,middle
23623,23,0,0.4748028170764647,0.3538845934491076,23,middle
23624,24,0,0.029330625859801465,0.5651022073143301,23,middle
23625,25,0,0.5391077851559367,0.4591980365762438,23,middle
23626,26,0,0.9178611780911369,0.41356126270693017,23,middle
23627,27,0,0.564215645077686,0.6107077255292966,23,middle
23628,28,0,0.5878358000471259,0.4756548570303488,23,middle
23629,29,0,0.42265406130477495,0.5297635087677308,23,middle
23630,30,0,0.1082326456855066,0.5569240446733688,23,middle
23631,31,0,0.5613522770133379,0.48333155435060576,23,middle
23632,32,0,0.9244084546476051,0.3126892569254456,23,middle
23633,33,0,0.4933440091350669,0.641617346992208,23,middle
23634,34,0,0.07490212196643632,0.5510508246324429,23,middle
23635,35,0,0.6288301608907689,0.5882458191837635,23,middle
23636,36,0,0.9172596923278227,0.38522765451526986,23,middle
23637,37,0,0.520749115162514,0.4957793930624414,23,middle
23638,38,0,0.8489292706978853,0.5384332953914845,23,middle
23639,39,0,0.5042301566156132,0.44006337496912495,23,middle
23640,40,0,0.8523968343673045,0.433551094022216,23,middle
23641,41,0,0.06300826767686098,0.45753754543501884,23,middle
23642,42,0,0.9357461866311523,0.3424938194251793,23,middle
23643,43,0,0.8251338385432527,0.481849136704149,23,middle
23644,44,0,0.9536117142339542,0.4853630232776027,23,middle
23645,45,0,0.018095221286384255,0.7268842825611939,23,middle
23646,46,0,0.9218986188720832,0.47819399848188554,23,middle
23647,47,0,0.5475068707387712,0.5291301342171275,23,middle
23648,48,0,0.9393033968420283,0.4144048536767052,23,middle
23649,49,0,0.6644735951420199,0.47057080495978837,23,middle
23650,50,0,0.9338056793211259,0.41843861141185024,23,middle
23651,51,0,0.9664398749221454,0.4105471975630158,23,middle
23652,52,0,0.9715050266821161,0.3513370554368941,23,middle
23653,53,0,0.007821125726333571,0.8363902664103664,23,middle
23654,54,0,0.2808493543845214,0.6440841852666285,23,middle
23655,55,0,0.5701349785266825,0.4996052473458687,23,middle
23656,56,0,0.19588761360294646,0.5184380844500204,23,middle
23657,57,0,0.8207423341292661,0.519133975164337,23,middle
23658,58,0,0.05503842598290229,0.7569718120024638,23,middle
23659,59,0,0.594399206317791,0.6510749557926534,23,middle
23660,60,0,0.8515471833978967,0.45995633327788144,23,middle
23661,61,0,0.1894505676671607,0.4793576220640896,23,middle
23662,62,0,0.3414033047608837,0.4926020184298092,23,middle
23663,63,0,0.7537749145818313,0.5035576048059299,23,middle
23664,64,0,0.24352049052122793,0.4880507975562348,23,middle
23665,65,0,0.5294252689501963,0.5293990558505974,23,middle
23666,66,0,0.39931723337277686,0.5384406465052098,23,middle
23667,67,0,0.560928613905015,0.5200712067961744,23,middle
23668,68,0,0.765261004478723,0.4255202613649526,23,middle
23669,69,0,0.8896926192103742,0.3412654584682372,23,middle
23670,70,0,0.1955868336296106,0.4936027147439808,23,middle
23671,71,0,0.3102199625799764,0.5603575447495375,23,middle
23672,72,0,0.2426700320163494,0.6300416408475051,23,middle
23673,73,0,0.7306494147311495,0.4956166653531663,23,middle
23674,74,0,0.8681047605952176,0.32353902964702175,23,middle
23675,75,0,0.24536633642166628,0.5392127192868822,23,middle
23676,76,0,0.8304403489422023,0.39707795509335597,23,middle
23677,77,0,0.34748774699185025,0.49230974479929424,23,middle
23678,78,0,0.9014303629676681,0.5883598831833117,23,middle
23679,79,0,0.8988984887229633,0.3078163292482484,23,middle
23680,80,0,0.49140810834242055,0.5144406276166147,23,middle
23681,81,0,0.5186285102296588,0.5358947513272252,23,middle
23682,82,0,0.23470284928247453,0.779156258279841,23,middle
23683,83,0,0.6264243553690328,0.46130211322533293,23,middle
23684,84,0,0.4888585040887162,0.5552771164394947,23,middle
23685,85,0,0.5581111265077747,0.32858787602297784,23,middle
23686,86,0,0.42007138532785465,0.4583098311987326,23,middle
23687,87,0,0.5151501758863988,0.4971783944148198,23,middle
23688,88,0,0.6419591500145216,0.33260518481742857,23,middle
23689,89,0,0.5641474314038439,0.4358112363717974,23,middle
23690,90,0,0.08778884429272399,0.4240264054666522,23,middle
23691,91,0,0.9102538119627519,0.43524364007399363,23,middle
23692,92,0,0.5712365226279686,0.5835462600553893,23,middle
23693,93,0,0.3697633968429276,0.42934325440754584,23,middle
23694,94,0,0.4129471560809914,0.4868611546544089,23,middle
23695,95,0,0.4681759671810711,0.5072766288089542,23,middle
23696,96,0,0.9225126628856268,0.32832288207344396,23,middle
23697,97,0,0.9916764482752138,0.32646753697345327,23,middle
23698,98,0,0.9122704668474577,0.4839464793097048,23,middle
23699,99,0,0.9348049390028055,0.3858299324835287,23,middle
23700,100,0,0.10667693388040402,0.7054260967015122,23,middle
23701,101,0,0.467304303731033,0.40943448557953244,23,middle
23702,102,0,0.5200568045107332,0.42360821693752176,23,middle
23703,103,0,0.7637361780893943,0.4833614435513318,23,middle
23704,104,0,0.6472651960393425,0.28104358198081725,23,middle
23705,105,0,0.9385058779364928,0.285343025800441,23,middle
23706,106,0,0.6184740318590463,0.28178171675541774,23,middle
23707,107,0,0.35560470907441866,0.39156003473711676,23,middle
23708,108,0,0.4789164470505385,0.3812396689499212,23,middle
23709,109,0,0.7743566482581894,0.3920483554084691,23,middle
23710,110,0,0.9693486201534329,0.459998953902919,23,middle
23711,111,0,0.01428146173945008,0.46540300808285007,23,middle
23712,112,0,0.6119857174730939,0.29970992744037045,23,middle
23713,113,0,0.012303984566255477,0.4910766413137988,23,middle
23714,114,0,0.7340578268072071,0.38465522479038516,23,middle
23715,115,0,0.5971592834711444,0.4297537890687495,23,middle
23716,116,0,0.8740683109141155,0.43894127546071227,23,middle
23717,117,0,0.47779927226497887,0.5590409485672869,23,middle
23718,118,0,0.2859731579723842,0.46625711504148754,23,middle
23719,119,0,0.8478314356532957,0.49981890443415,23,middle
23720,120,0,0.5093239405442913,0.48473012059626686,23,middle
23721,121,0,0.24296066138606306,0.47725842465917223,23,middle
23722,122,0,0.0786004933227341,0.4134488705421444,23,middle
23723,123,0,0.7484444719390694,0.35072541656464795,23,middle
23724,124,0,0.08815541674056848,0.625446071905344,23,middle
23725,125,0,0.49280285754270037,0.43621021758042455,23,middle
23726,126,0,0.684964717619248,0.39062764621644863,23,middle
23727,127,0,0.9511299122509437,0.4158256210406448,23,middle
23728,128,0,0.5150632942179129,0.45834022041443956,23,middle
23729,129,0,0.5551019900269646,0.2817179104712141,23,middle
23730,130,0,0.7955179042519022,0.36552052756835973,23,middle
23731,131,0,0.4145758768290929,0.4364427864306925,23,middle
23732,132,0,0.6215172012255517,0.49528137824681606,23,middle
23733,133,0,0.8448443880948155,0.6079265309266478,23,middle
23734,134,0,0.3148709722197638,0.6073028610895812,23,middle
23735,135,0,0.4756155410637524,0.5502829828566574,23,middle
23736,136,0,0.5922772265640571,0.46288950352378677,23,middle
23737,137,0,0.8612558246265354,0.46649210912120664,23,middle
23738,138,0,0.3538868630741835,0.44362655910674553,23,middle
23739,139,0,0.9490095823091467,0.3621323392958451,23,middle
23740,140,0,0.28314978508124056,0.44817986344902655,23,middle
23741,141,0,0.7902870818688945,0.3654373518475197,23,middle
23742,142,0,0.5218987985672044,0.4845321869880197,23,middle
23743,143,0,0.2566671147057483,0.5157474676088237,23,middle
23744,144,0,0.26030891080017104,0.5885026638744273,23,middle
23745,145,0,0.5939874623048937,0.3697807567281751,23,middle
23746,146,0,0.8182243659340493,0.333048986731181,23,middle
23747,147,0,0.713423415213636,0.4526395459090401,23,middle
23748,148,0,0.9047531532733917,0.33793481119543156,23,middle
23749,149,0,0.6119996079561394,0.3262318314963979,23,middle
23750,150,0,0.8880119876426593,0.292081950520591,23,middle
23751,151,0,0.6327235668784479,0.32961961015383695,23,middle
23752,152,0,0.9367095017792546,0.33846369948399807,23,middle
23753,153,0,0.7410732608002186,0.422220924991918,23,middle
23754,154,0,0.3524882870405821,0.4207395054912819,23,middle
23755,155,0,0.4371437254646473,0.40877617871474903,23,middle
23756,156,0,0.5148610816106419,0.4668619426880226,23,middle
23757,157,0,0.8379769625551834,0.36104538523174,23,middle
23758,158,0,0.29716810276054495,0.42699291401868933,23,middle
23759,159,0,0.4062264806405995,0.47822806541401847,23,middle
23760,160,0,0.7011846153463113,0.42222625607135766,23,middle
23761,161,0,0.4498119312719901,0.4660488905195489,23,middle
23762,162,0,0.4854979065353312,0.42258268580606506,23,middle
23763,163,0,0.15877454787082623,0.4019521143532029,23,middle
23764,164,0,0.6302376727197856,0.3891867927539868,23,middle
23765,165,0,0.9046869851364607,0.45248560078691724,23,middle
23766,166,0,0.5174853373479333,0.5327749000615596,23,middle
23767,167,0,0.8640462911685409,0.3380614854706,23,middle
23768,168,0,0.913506451946579,0.3189946790375343,23,middle
23769,169,0,0.49691175375320745,0.42790333882562015,23,middle
23770,170,0,0.31266391801849175,0.39364760381862135,23,middle
23771,171,0,0.3228880352291407,0.39401429619705763,23,middle
23772,172,0,0.4416009098528591,0.39371484860185896,23,middle
23773,173,0,0.9520364017187599,0.4779254129629202,23,middle
23774,174,0,0.8752519531649195,0.4489727023350365,23,middle
23775,175,0,0.9903599074656613,0.5573056842736461,23,middle
23776,176,0,0.495248229461963,0.5577055059520912,23,middle
23777,177,0,0.4959807485152183,0.45485389474211185,23,middle
23778,178,0,0.6267372567988225,0.40790465654960323,23,middle
23779,179,0,0.17028907662348733,0.4366927698054467,23,middle
23780,180,0,0.1662580987312334,0.3676840813264415,23,middle
23781,181,0,0.2598208074367885,0.41248634028996434,23,middle
23782,182,0,0.31771441672394735,0.468194200635278,23,middle
23783,183,0,0.8853406639307865,0.3558494712539896,23,middle
23784,184,0,0.8900616285579412,0.3514417120875003,23,middle
23785,185,0,0.689956421056342,0.3846661269096311,23,middle
23786,186,0,0.9331154783717834,0.29154273560453214,23,middle
23787,187,0,0.22984839258616022,0.44265195236664734,23,middle
23788,188,0,0.30101793312027486,0.3854629287515019,23,middle
23789,189,0,0.7709735810927671,0.36195718546747424,23,middle
23790,190,0,0.6955627321329808,0.3674841830336707,23,middle
23791,191,0,0.8028582981771519,0.37764885010536087,23,middle
23792,192,0,0.6321347182414938,0.33161003814510315,23,middle
23793,193,0,0.6789206906521071,0.37910845808703886,23,middle
23794,194,0,0.49461317811467237,0.3446180680989246,23,middle
23795,195,0,0.8898501885377306,0.2709386889409869,23,middle
23796,196,0,0.7910437562744914,0.3786023703814556,23,middle
23797,197,0,0.8424731428712395,0.3211135741669473,23,middle
23798,198,0,0.5687651704952666,0.3320154952829669,23,middle
23799,199,0,0.31458260797661286,0.44787030775990533,23,middle
23800,0,0,0.46005909330046785,0.7967581589402811,23,late
23801,1,0,0.09437196980231355,0.6276573605597813,23,late
23802,2,0,0.4486263572209533,0.42163006734102243,23,late
23803,3,0,0.854283484743154,0.33978558530012404,23,late
23804,4,0,0.4930526633475769,0.31189833249767823,23,late
23805,5,0,0.11413199064399406,0.590898395422444,23,late
23806,6,0,0.2889562673422052,0.5584985932290245,23,late
23807,7,0,0.7885250315737888,0.402922890679801,23,late
23808,8,0,0.5482184455734012,0.28753744637364853,23,late
23809,9,0,0.7041927244741982,0.41455662646563385,23,late
23810,10,0,0.1782636303429653,0.44830828637985903,23,late
23811,11,0,0.08628893206152558,0.5357033627696798,23,late
23812,12,0,0.44373862425385624,0.5295129743795538,23,late
23813,13,0,0.8320629305283158,0.441363009160357,23,late
23814,14,0,0.46232650573523915,0.6312578696796642,23,late
23815,15,0,0.568380493170544,0.3487103541265275,23,late
23816,16,0,0.6546169531630677,0.5580352522065973,23,late
23817,17,0,0.6204600111525386,0.4939475058109978,23,late
23818,18,0,0.57180823386429,0.4620174885184652,23,late
23819,19,0,0.8403937024700212,0.49319669244092024,23,late
23820,20,0,0.3840195521641584,0.43994961413749345,23,late
23821,21,0,0.7651224273540188,0.4074028126639122,23,late
23822,22,0,0.20724744248819496,0.5146887270408095,23,late
23823,23,0,0.16237885582910852,0.4805282496604905,23,late
23824,24,0,0.43683207575091026,0.3842428127952842,23,late
23825,25,0,0.16481251615154763,0.5307940412409341,23,late
23826,26,0,0.37105280414883135,0.33099948115669753,23,late
23827,27,0,0.9374567270805713,0.4934557024713502,23,late
23828,28,0,0.4902026042073066,0.467015218021383,23,late
23829,29,0,0.6285321816639817,0.39196787629532215,23,late
23830,30,0,0.6506830289973575,0.43320072708369806,23,late
23831,31,0,0.8239792409577417,0.272297365614297,23,late
23832,32,0,0.3814271091301524,0.5469275785853893,23,late
23833,33,0,0.7183479729702436,0.43549593575184176,23,late
23834,34,0,0.18813355457350592,0.3802283325811928,23,late
23835,35,0,0.9096710793518212,0.5089645475884177,23,late
23836,36,0,0.06671868675193808,0.5386509109486854,23,late
23837,37,0,0.14356278061726307,0.45773930553241526,23,late
23838,38,0,0.26505534348000104,0.4726341405407459,23,late
23839,39,0,0.49100334011757746,0.42817300482474596,23,late
23840,40,0,0.2753555167245702,0.3702954561422078,23,late
23841,41,0,0.3844373027067391,0.4621341386405197,23,late
23842,42,0,0.6160167904431219,0.4773612471574824,23,late
23843,43,0,0.4511746976023198,0.4167818050571507,23,late
23844,44,0,0.6280973500280032,0.38727766389372503,23,late
23845,45,0,0.6321432006448758,0.42398817904672165,23,late
23846,46,0,0.18251314933883797,0.4038779090667874,23,late
23847,47,0,0.788774995803883,0.34371945628930267,23,late
23848,48,0,0.4958538525854256,0.35930198142103664,23,late
23849,49,0,0.04896362547983989,0.6724072735950675,23,late
23850,50,0,0.46948393756262025,0.40920598727101387,23,late
23851,51,0,0.745598798066048,0.35992218281453014,23,late
23852,52,0,0.12819136578863946,0.535698830635325,23,late
23853,53,0,0.8781451124463067,0.42148004084543866,23,late
23854,54,0,0.5107084930832838,0.5530415652314162,23,late
23855,55,0,0.26869305150352873,0.473018779499346,23,late
23856,56,0,0.12914399187639022,0.4051181510798797,23,late
23857,57,0,0.7082992546014475,0.3855142078890744,23,late
23858,58,0,0.23007986158420127,0.38395357202932023,23,late
23859,59,0,0.8929527702304543,0.3589046508147957,23,late
23860,60,0,0.46588572015217095,0.3512139321450762,23,late
23861,61,0,0.9297208907833518,0.337378072004089,23,late
23862,62,0,0.4618522497535063,0.375063807359911,23,late
23863,63,0,0.8953202631120738,0.3675247183190312,23,late
23864,64,0,0.4902108576242261,0.31129764577039126,23,late
23865,65,0,0.17540645627303175,0.497154161101977,23,late
23866,66,0,0.5431592979810295,0.37518386105699997,23,late
23867,67,0,0.4433062847359974,0.5235105846520441,23,late
23868,68,0,0.7689652254065034,0.34165305080133557,23,late
23869,69,0,0.6171515805606926,0.5219435969215819,23,late
23870,70,0,0.4051848196139932,0.5107291186368669,23,late
23871,71,0,0.8325820894654372,0.2996996512661277,23,late
23872,72,0,0.33308350464296904,0.44427601326319455,23,late
23873,73,0,0.29612796824902,0.3728387040746626,23,late
23874,74,0,0.8514233902398372,0.38893585087715493,23,late
23875,75,0,0.7022029469722797,0.22372611195635606,23,late
23876,76,0,0.915275063093717,0.3480894283426144,23,late
23877,77,0,0.5578883764844232,0.2928664737184715,23,late
23878,78,0,0.6686838441282381,0.3687473120276461,23,late
23879,79,0,0.15445266328508755,0.3780592233349753,23,late
23880,80,0,0.632720730773913,0.295934027503566,23,late
23881,81,0,0.2694925848356961,0.3966153960390397,23,late
23882,82,0,0.6087745509998488,0.3540747822096808,23,late
23883,83,0,0.7532383258089376,0.26929323903319363,23,late
23884,84,0,0.32974795781470706,0.44944231303369586,23,late
23885,85,0,0.481285653206033,0.41319674956738184,23,late
23886,86,0,0.7239740038066531,0.27251339854675916,23,late
23887,87,0,0.35126104963696025,0.4611180585333835,23,late
23888,88,0,0.6191718069987807,0.25888428463188184,23,late
23889,89,0,0.6908748738563302,0.3630090796433353,23,late
23890,90,0,0.319904356064949,0.3887070710840518,23,late
23891,91,0,0.6151728260384471,0.43052414558663304,23,late
23892,92,0,0.5153223158240469,0.34204415581568454,23,late
23893,93,0,0.057180141939659965,0.45058391643701556,23,late
23894,94,0,0.4537370717424851,0.32677481708359885,23,late
23895,95,0,0.28309787175409,0.3160441904524715,23,late
23896,96,0,0.5079731362649574,0.3442275017985603,23,late
23897,97,0,0.5125711481467599,0.3105541889633867,23,late
23898,98,0,0.10060309754110182,0.47418262521131527,23,late
23899,99,0,0.3989172247034092,0.4829868284579293,23,late
23900,100,0,0.45126562015828453,0.4532742514192881,23,late
23901,101,0,0.47129969691732077,0.38437537596833693,23,late
23902,102,0,0.5323557815831915,0.30197849404546373,23,late
23903,103,0,0.5556192677545911,0.2516339148581,23,late
23904,104,0,0.2459788995366381,0.31245380088891395,23,late
23905,105,0,0.6509802710335135,0.32325983558163707,23,late
23906,106,0,0.3485015458424641,0.314349215827891,23,late
23907,107,0,0.453473627750518,0.3307662172046606,23,late
23908,108,0,0.27644745197327936,0.4274331177433285,23,late
23909,109,0,0.33963498300033207,0.5542540753905174,23,late
23910,110,0,0.2020296605146037,0.32393615853011554,23,late
23911,111,0,0.8119627114889483,0.397777730496342,23,late
23912,112,0,0.46741475004862926,0.3543501978701395,23,late
23913,113,0,0.35480579748037916,0.5207098585240223,23,late
23914,114,0,0.6851075517248384,0.2851499675672502,23,late
23915,115,0,0.2768550506386365,0.3411433546303234,23,late
23916,116,0,0.6331114297196455,0.29762818692942883,23,late
23917,117,0,0.897999916469091,0.35064415640547986,23,late
23918,118,0,0.5800929695973158,0.36140680674640874,23,late
23919,119,0,0.7794459455604492,0.2351734241596323,23,late
23920,120,0,0.466942900581304,0.3901073859963138,23,late
23921,121,0,0.39651378364724,0.32824629678449824,23,late
23922,122,0,0.5487378549952108,0.3604866317558819,23,late
23923,123,0,0.2158916544686099,0.6020546088899734,23,late
23924,124,0,0.4186794643731363,0.3888422470563263,23,late
23925,125,0,0.3558322590160441,0.3937565476628532,23,late
23926,126,0,0.2784663707572905,0.37332964362968457,23,late
23927,127,0,0.5353421707635146,0.5294153921398959,23,late
23928,128,0,0.5519703006726018,0.4271169353982669,23,late
23929,129,0,0.1282558574642536,0.39794068852571096,23,late
23930,130,0,0.7352893969637888,0.5121811841365895,23,late
23931,131,0,0.2560617060444646,0.39972750131122853,23,late
23932,132,0,0.5635955624210058,0.5303900185245272,23,late
23933,133,0,0.4684709066188987,0.39731451842607274,23,late
23934,134,0,0.7055592294679618,0.4775078477468997,23,late
23935,135,0,0.4768794691868926,0.331634437116076,23,late
23936,136,0,0.541431439248629,0.31756843641418553,23,late
23937,137,0,0.863473163873236,0.4106410643711781,23,late
23938,138,0,0.52756685912154,0.3369460357015054,23,late
23939,139,0,0.4810339105712017,0.5488293394612327,23,late
23940,140,0,0.841648810057709,0.5193455065297571,23,late
23941,141,0,0.47934431177779535,0.4116927232084255,23,late
23942,142,0,0.3498391609187952,0.36763798723241536,23,late
23943,143,0,0.5869500158071347,0.35096889455606606,23,late
23944,144,0,0.6123985473936047,0.3291823977755639,23,late
23945,145,0,0.013706831134123309,0.414704235950657,23,late
23946,146,0,0.6305508501580694,0.3785844983486284,23,late
23947,147,0,0.6024418343356933,0.42797574468135696,23,late
23948,148,0,0.3908605398569466,0.37241738675366026,23,late
23949,149,0,0.6379379857264903,0.255281470043351,23,late
23950,150,0,0.25005186815970143,0.3697379891055106,23,late
23951,151,0,0.6556752115998541,0.36206878671682496,23,late
23952,152,0,0.6290723835808767,0.4497539032279887,23,late
23953,153,0,0.5268622052048272,0.3630658797862617,23,late
23954,154,0,0.598583424098236,0.3193548133871479,23,late
23955,155,0,0.4920046102541168,0.4420260112625588,23,late
23956,156,0,0.3901959362802956,0.3369898679023019,23,late
23957,157,0,0.4825833358109042,0.28745127179536945,23,late
23958,158,0,0.8558724389167862,0.30407407850962476,23,late
23959,159,0,0.9699261266202913,0.26451364959386736,23,late
23960,160,0,0.4274227404316693,0.32082769793061444,23,late
23961,161,0,0.3731843636933642,0.3194053942337365,23,late
23962,162,0,0.5804028721662733,0.27837267304634994,23,late
23963,163,0,0.3528366938908265,0.43532275545706167,23,late
23964,164,0,0.34826133361877376,0.35448382202975093,23,late
23965,165,0,0.65870060501746,0.3670186545072764,23,late
23966,166,0,0.3464060510417329,0.3207680232462926,23,late
23967,167,0,0.8910692736355044,0.38293907296668583,23,late
23968,168,0,0.2002112289472711,0.433211437005077,23,late
23969,169,0,0.6031655118266814,0.2963248063627405,23,late
23970,170,0,0.8001045132354523,0.3215216769339079,23,late
23971,171,0,0.622907414375303,0.401891517101217,23,late
23972,172,0,0.3301717287610216,0.3584373840992452,23,late
23973,173,0,0.418752369298218,0.2932056124215128,23,late
23974,174,0,0.21915788661887511,0.42459806682238144,23,late
23975,175,0,0.5689092539523708,0.4182939797862275,23,late
23976,176,0,0.707877902379452,0.4388746871751562,23,late
23977,177,0,0.7385520634086586,0.40360176081599264,23,late
23978,178,0,0.534671398825598,0.3322460488180705,23,late
23979,179,0,0.4953974513591758,0.46040088166057747,23,late
23980,180,0,0.5515791711151733,0.25324120546759454,23,late
23981,181,0,0.4990104903864257,0.37996256068570283,23,late
23982,182,0,0.11193037379485152,0.27025298088564714,23,late
23983,183,0,0.4111181961332985,0.3768774594435863,23,late
23984,184,0,0.7571575772742385,0.40607125232799945,23,late
23985,185,0,0.5144956917855193,0.2720148496109336,23,late
23986,186,0,0.2847787809332228,0.31705588399732887,23,late
23987,187,0,0.09751281144779667,0.35878257969762906,23,late
23988,188,0,0.1253938440319742,0.286149801405346,23,late
23989,189,0,0.5054966922875431,0.27108978059863653,23,late
23990,190,0,0.6118962597978211,0.39774302958702024,23,late
23991,191,0,0.709482270768039,0.374051336757912,23,late
23992,192,0,0.09627459141122596,0.3024138304152518,23,late
23993,193,0,0.36742721560149644,0.24441014930921467,23,late
23994,194,0,0.14857792866681674,0.3254697224817945,23,late
23995,195,0,0.8947650515057444,0.27250561686389924,23,late
23996,196,0,0.6409849415291096,0.3168023671648844,23,late
23997,197,0,0.9197983616471597,0.3501910595393994,23,late
23998,198,0,0.529072407337994,0.3163223706363466,23,late
23999,199,0,0.9416807487038277,0.2907059802510313,23,late
24000,0,0,0.49691932364002905,1.0299948994652168,24,interleaved
24001,1,0,0.99694226829489,0.5576664598644719,24,interleaved
24002,2,0,0.507575467407381,0.49146802789399213,24,interleaved
24003,3,0,0.7322685433868497,0.5085455898127159,24,interleaved
24004,4,0,0.3146549689617386,0.5488554569725289,24,interleaved
24005,5,0,0.8483309623055415,0.48949670100014775,24,interleaved
24006,6,0,0.1669192424268996,0.3640483180756976,24,interleaved
24007,7,0,0.8026538912591785,0.48718876682153534,24,interleaved
24008,8,0,0.3076920811408122,0.49794363817522913,24,interleaved
24009,9,0,0.9034628849095814,0.7007350899461773,24,interleaved
24010,10,0,0.36442600472483133,0.5016970828228815,24,interleaved
24011,11,0,0.8610072723823553,0.30345164504117983,24,interleaved
24012,12,0,0.5841126393029569,0.5432272668242912,24,interleaved
24013,13,0,0.783477042367172,0.32349160021612844,24,interleaved
24014,14,0,0.43041214871197275,0.6710891386975917,24,interleaved
24015,15,0,0.8083423076179451,0.3439097795765944,24,interleaved
24016,16,0,0.510598782518633,0.43995023312874343,24,interleaved
24017,17,0,0.3172061262274507,0.4979797103532707,24,interleaved
24018,18,0,0.375447150792802,0.4653042338764768,24,interleaved
24019,19,0,0.958874145352596,0.40928143894250013,24,interleaved
24020,20,0,0.4970805355411372,0.57706729828678,24,interleaved
24021,21,0,0.2905438988577924,0.6081162709930923,24,interleaved
24022,22,0,0.3201196018072853,0.5861533694539403,24,interleaved
24023,23,0,0.7718925455384338,0.5777614168731174,24,interleaved
24024,24,0,0.6668852435619748,0.45331417566381105,24,interleaved
24025,25,0,0.9149056050192509,0.4043173876052072,24,interleaved
24026,26,0,0.4740059990450768,0.5759441401721314,24,interleaved
24027,27,0,0.9016180056448042,0.5862855705221541,24,interleaved
24028,28,0,0.48878033636655954,0.4744295506601316,24,interleaved
24029,29,0,0.07923051511921093,0.43965510581002126,24,interleaved
24030,30,0,0.6443997802506716,0.5773180796378823,24,interleaved
24031,31,0,0.1470868007810211,0.4552588774102828,24,interleaved
24032,32,0,0.25312311901080314,0.4905484475462282,24,interleaved
24033,33,0,0.7141416570578207,0.2994838090427929,24,interleaved
24034,34,0,0.47428425901043875,0.4533701486574577,24,interleaved
24035,35,0,0.320072766786964,0.40674319906698997,24,interleaved
24036,36,0,0.5508999785520194,0.4884251622656387,24,interleaved
24037,37,0,0.5682966998929646,0.36480298082120866,24,interleaved
24038,38,0,0.7256849061730632,0.3629193577726535,24,interleaved
24039,39,0,0.9279518560710656,0.4045881839383064,24,interleaved
24040,40,0,0.6361066121499275,0.5034663717589175,24,interleaved
24041,41,0,0.9557775293808227,0.31470787510509013,24,interleaved
24042,42,0,0.4446327095818914,0.36347087736238193,24,interleaved
24043,43,0,0.4357557285923885,0.5085689085176839,24,interleaved
24044,44,0,0.4796422051266054,0.5074061610830485,24,interleaved
24045,45,0,0.40435102448815197,0.46517062164084994,24,interleaved
24046,46,0,0.41925216506043056,0.4007380307779443,24,interleaved
24047,47,0,0.9407270479104648,0.39497336369815383,24,interleaved
24048,48,0,0.459342202440431,0.4977280817237966,24,interleaved
24049,49,0,0.02482289256589969,0.5740199480926356,24,interleaved
24050,50,0,0.4977182911028602,0.4918474688085938,24,interleaved
24051,51,0,0.049687978674102164,0.4599700297475814,24,interleaved
24052,52,0,0.48873669246571916,0.5181510921550209,24,interleaved
24053,53,0,0.8604049518227798,0.26541292630390223,24,interleaved
24054,54,0,0.6858676366085747,0.5294647422593817,24,interleaved
24055,55,0,0.5681695627508623,0.3410759749492981,24,interleaved
24056,56,0,0.5573600936681771,0.6199438681566684,24,interleaved
24057,57,0,0.03744426235344192,0.6257529023150221,24,interleaved
24058,58,0,0.45242561622564337,0.392418892871764,24,interleaved
24059,59,0,0.9879388993955405,0.27432394807618654,24,interleaved
24060,60,0,0.40944900814042734,0.7210733186471463,24,interleaved
24061,61,0,0.11125498191240116,0.34022339026574155,24,interleaved
24062,62,0,0.4868540222872181,0.49392156088774675,24,interleaved
24063,63,0,0.47759486933641926,0.3455863605792551,24,interleaved
24064,64,0,0.45262505624122706,0.43263129665486644,24,interleaved
24065,65,0,0.8381427600632343,0.43496442582184947,24,interleaved
24066,66,0,0.45078313775325884,0.34618969885802964,24,interleaved
24067,67,0,0.9897663631393836,0.46156195011032886,24,interleaved
24068,68,0,0.29050859699339915,0.41452322257693797,24,interleaved
24069,69,0,0.6470290510350831,0.5313306142327836,24,interleaved
24070,70,0,0.4701113723009594,0.5384337421770728,24,interleaved
24071,71,0,0.011887563113491834,0.6028486210116277,24,interleaved
24072,72,0,0.4857990682525437,0.32483147824815933,24,interleaved
24073,73,0,0.9511234253341594,0.4078484737806397,24,interleaved
24074,74,0,0.4998641844881559,0.5209589784792819,24,interleaved
24075,75,0,0.8187855598949733,0.44791090241234777,24,interleaved
24076,76,0,0.46949620983771856,0.48927007080406304,24,interleaved
24077,77,0,0.80190639751054,0.2821450904708986,24,interleaved
24078,78,0,0.6318482819578138,0.41325700482318256,24,interleaved
24079,79,0,0.7902131157897345,0.2945993417760884,24,interleaved
24080,80,0,0.46706992599878394,0.638598054234295,24,interleaved
24081,81,0,0.9859078393988393,0.37186636981555465,24,interleaved
24082,82,0,0.5111299638758499,0.41097051049227634,24,interleaved
24083,83,0,0.057288158286877125,0.7042919603358979,24,interleaved
24084,84,0,0.47045168590874475,0.5923998230940717,24,interleaved
24085,85,0,0.31203243112018997,0.3342829483094117,24,interleaved
24086,86,0,0.5345160732912352,0.3397718934459677,24,interleaved
24087,87,0,0.220166084891754,0.4215823800241998,24,interleaved
24088,88,0,0.7281985279917939,0.4431166580058215,24,interleaved
24089,89,0,0.8552369926137855,0.3489520288107773,24,interleaved
24090,90,0,0.7571903831420617,0.2802869180532077,24,interleaved
24091,91,0,0.7196190571744967,0.3964736095529614,24,interleaved
24092,92,0,0.5412427263649575,0.38431544059492656,24,interleaved
24093,93,0,0.16328408830637034,0.42333148465168835,24,interleaved
24094,94,0,0.565618696909321,0.34725288468211607,24,interleaved
24095,95,0,0.6992506319269589,0.32346496699420557,24,interleaved
24096,96,0,0.6524093890279474,0.4164646964276275,24,interleaved
24097,97,0,0.09123956022293041,0.5237955995187356,24,interleaved
24098,98,0,0.42194904209171064,0.3420896595139606,24,interleaved
24099,99,0,0.23864232134074412,0.49171242217657907,24,interleaved
24100,100,0,0.7754533998891604,0.3313346037172141,24,interleaved
24101,101,0,0.22506268793482254,0.34502410221845115,24,interleaved
24102,102,0,0.9102689835177611,0.31385743934697613,24,interleaved
24103,103,0,0.3903481332418583,0.5551859637538921,24,interleaved
24104,104,0,0.8043081859614439,0.5008085545754937,24,interleaved
24105,105,0,0.021978655601123966,0.5603871246486847,24,interleaved
24106,106,0,0.4656669847684567,0.4141868796813385,24,interleaved
24107,107,0,0.5946658024066781,0.3174317035294131,24,interleaved
24108,108,0,0.5954019527136656,0.3679551936860087,24,interleaved
24109,109,0,0.9961594035353112,0.36282006245447973,24,interleaved
24110,110,0,0.5380082041162686,0.40169623439556706,24,interleaved
24111,111,0,0.4537998903038353,0.4456062007173042,24,interleaved
24112,112,0,0.6100294692221173,0.2522379228535716,24,interleaved
24113,113,0,0.023349650909709627,0.511317382665955,24,interleaved
24114,114,0,0.563386587835235,0.4885876150502217,24,interleaved
24115,115,0,0.4132078386094333,0.4608365124548979,24,interleaved
24116,116,0,0.4926103971506612,0.3348896860615667,24,interleaved
24117,117,0,0.37587150468335845,0.5322904425315418,24,interleaved
24118,118,0,0.4436291115846028,0.348570001672571,24,interleaved
24119,119,0,0.9336435621983848,0.3873593096946585,24,interleaved
24120,120,0,0.2790412248791395,0.3557322500527362,24,interleaved
24121,121,0,0.39884913683107875,0.616446126695328,24,interleaved
24122,122,0,0.45700862838494616,0.6581529756299133,24,interleaved
24123,123,0,0.36758980654683826,0.5147354537061875,24,interleaved
24124,124,0,0.5275531858646548,0.378424743692336,24,interleaved
24125,125,0,0.6622826922838212,0.36657609481563613,24,interleaved
24126,126,0,0.3461527717357744,0.5015540678569104,24,interleaved
24127,127,0,0.9032954187001031,0.300748298887634,24,interleaved
24128,128,0,0.5379099188026523,0.5956850841710493,24,interleaved
24129,129,0,0.8232250632450313,0.36307542066842924,24,interleaved
24130,130,0,0.4789911490531691,0.42968409062094093,24,interleaved
24131,131,0,0.9886292797055132,0.26911907224754195,24,interleaved
24132,132,0,0.3854259034756913,0.42300395247483247,24,interleaved
24133,133,0,0.6992579472766087,0.36454547423567674,24,interleaved
24134,134,0,0.4442123558715486,0.5415607373882043,24,interleaved
24135,135,0,0.42494124496821406,0.3146582518287031,24,interleaved
24136,136,0,0.3729514566968791,0.3775671366920475,24,interleaved
24137,137,0,0.7371611472367211,0.28097512728878926,24,interleaved
24138,138,0,0.48957484406031354,0.2897399099620789,24,interleaved
24139,139,0,0.38680526353376865,0.4794587277620176,24,interleaved
24140,140,0,0.4925436335200011,0.3956939241504514,24,interleaved
24141,141,0,0.998948753028853,0.25051561862616434,24,interleaved
24142,142,0,0.5029203605670206,0.4418706386177275,24,interleaved
24143,143,0,0.7732053550924077,0.3155703786635023,24,interleaved
24144,144,0,0.4974918763483633,0.3160205636957285,24,interleaved
24145,145,0,0.9614753609587199,0.27184295490144916,24,interleaved
24146,146,0,0.567634819299702,0.29331542213595624,24,interleaved
24147,147,0,0.11727714052668584,0.37285834619228514,24,interleaved
24148,148,0,0.9006642242840937,0.3026496414849408,24,interleaved
24149,149,0,0.528197038446876,0.4238968749947752,24,interleaved
24150,150,0,0.6127496585437247,0.3430372730650546,24,interleaved
24151,151,0,0.7206173888943258,0.27976672136186764,24,interleaved
24152,152,0,0.34583867814912694,0.43966807982990214,24,interleaved
24153,153,0,0.9236270405810951,0.3192764178029441,24,interleaved
24154,154,0,0.4520433575881646,0.5195121563378496,24,interleaved
24155,155,0,0.011040356861958098,0.4408496657718703,24,interleaved
24156,156,0,0.4231516581275312,0.3790161663793752,24,interleaved
24157,157,0,0.1872647619231112,0.3237896987584903,24,interleaved
24158,158,0,0.3565036974355006,0.4413436572888964,24,interleaved
24159,159,0,0.2632647814538328,0.4824421822803403,24,interleaved
24160,160,0,0.7594595327291074,0.25905993895663826,24,interleaved
24161,161,0,0.49325403704939064,0.3779083990947975,24,interleaved
24162,162,0,0.9940917933683135,0.24074731585899525,24,interleaved
24163,163,0,0.4516200086806784,0.5443929551640072,24,interleaved
24164,164,0,0.057838231137071955,0.4434127013414815,24,interleaved
24165,165,0,0.33839772487053776,0.42607030902941057,24,interleaved
24166,166,0,0.42364477787454824,0.42970782056360723,24,interleaved
24167,167,0,0.47281887374380577,0.380911669828891,24,interleaved
24168,168,0,0.5365742477196002,0.3999567225101155,24,interleaved
24169,169,0,0.5538238729395206,0.3757664354629895,24,interleaved
24170,170,0,0.5080543214094517,0.38822972306808706,24,interleaved
24171,171,0,0.5342411185925775,0.47693252080523885,24,interleaved
24172,172,0,0.6342601739814542,0.28444110506202097,24,interleaved
24173,173,0,0.8072319394759309,0.40112237381206206,24,interleaved
24174,174,0,0.7241371702096087,0.3429162629171356,24,interleaved
24175,175,0,0.2169471605130459,0.4321178851979801,24,interleaved
24176,176,0,0.9268024842152226,0.3219014434232874,24,interleaved
24177,177,0,0.6955650062084786,0.354741322061156,24,interleaved
24178,178,0,0.581626950488723,0.361859833339666,24,interleaved
24179,179,0,0.5993383569982069,0.5104884263054789,24,interleaved
24180,180,0,0.06544863314356299,0.24357975709454505,24,interleaved
24181,181,0,0.8044531704839668,0.2586221194144817,24,interleaved
24182,182,0,0.8348218803440749,0.31968824756607145,24,interleaved
24183,183,0,0.537982887887999,0.3406395211062517,24,interleaved
24184,184,0,0.8284460996705393,0.3174238007500772,24,interleaved
24185,185,0,0.6697015870220584,0.24272148427114343,24,interleaved
24186,186,0,0.5287889946383699,0.27482704502094396,24,interleaved
24187,187,0,0.7370416940540958,0.2996635555833753,24,interleaved
24188,188,0,0.5138498574717505,0.3514865768393514,24,interleaved
24189,189,0,0.9219882461825201,0.3065381921535115,24,interleaved
24190,190,0,0.7132677876596054,0.3278010236601496,24,interleaved
24191,191,0,0.58700431546303,0.3375715748818995,24,interleaved
24192,192,0,0.9145790919252432,0.38284753740924726,24,interleaved
24193,193,0,0.48352859316273694,0.34626550704232734,24,interleaved
24194,194,0,0.4660842145770191,0.40113372312404116,24,interleaved
24195,195,0,0.27965809925548557,0.4648216628875451,24,interleaved
24196,196,0,0.5934194059337904,0.36354124214680844,24,interleaved
24197,197,0,0.6761323687426504,0.2225273588630039,24,interleaved
24198,198,0,0.36823516851771865,0.2939254876540753,24,interleaved
24199,199,0,0.847607593575846,0.4184852494738611,24,interleaved
24200,0,0,0.49995612478384066,0.7183881382436021,24,blocked
24201,1,0,0.5052470054566705,0.5369646024537575,24,blocked
24202,2,0,0.4851840262224681,0.591706715932811,24,blocked
24203,3,0,0.4933100192543652,0.5363528247096643,24,blocked
24204,4,0,0.6593535163822994,0.5439373891504102,24,blocked
24205,5,0,0.28760308580949157,0.5779113898891195,24,blocked
24206,6,0,0.3382093879244503,0.49996550579845883,24,blocked
24207,7,0,0.7901613764346218,0.6615401032201332,24,blocked
24208,8,0,0.5752369286326344,0.5154944679198857,24,blocked
24209,9,0,0.7548913553786685,0.39022189131122775,24,blocked
24210,10,0,0.35518169552194906,0.5410153305567469,24,blocked
24211,11,0,0.4788799452160519,0.516057431680952,24,blocked
24212,12,0,0.31561410777760246,0.55562778871106,24,blocked
24213,13,0,0.44830692265815825,0.4592057794152419,24,blocked
24214,14,0,0.3104837816225843,0.41558313504789296,24,blocked
24215,15,0,0.6873072507078619,0.5362668266099158,24,blocked
24216,16,0,0.4615579734129008,0.4681774837817707,24,blocked
24217,17,0,0.7531263567058083,0.4359053545669276,24,blocked
24218,18,0,0.1577889227982921,0.5415383220895578,24,blocked
24219,19,0,0.8107051836224854,0.3872557849157494,24,blocked
24220,20,0,0.5473615594263885,0.5974759373873344,24,blocked
24221,21,0,0.35882637594218797,0.39236419749697826,24,blocked
24222,22,0,0.306062609108941,0.45401486513028433,24,blocked
24223,23,0,0.4202747245161388,0.47261593816665026,24,blocked
24224,24,0,0.5225527648263704,0.4645100233438983,24,blocked
24225,25,0,0.5467031730716696,0.3989981490520067,24,blocked
24226,26,0,0.5468518862895072,0.4605336845744942,24,blocked
24227,27,0,0.7443234339072339,0.4310896518894638,24,blocked
24228,28,0,0.75898140707586,0.4843733683297732,24,blocked
24229,29,0,0.3349012489115093,0.39154162821359095,24,blocked
24230,30,0,0.8339497475153358,0.39717884834058464,24,blocked
24231,31,0,0.6269821771495836,0.5404329447984633,24,blocked
24232,32,0,0.5234081409174138,0.38344581725300586,24,blocked
24233,33,0,0.3006756170672438,0.5744140318990235,24,blocked
24234,34,0,0.6329981428173701,0.3695590732158663,24,blocked
24235,35,0,0.5958273802198997,0.528945089764918,24,blocked
24236,36,0,0.49944354794751045,0.5605723480849337,24,blocked
24237,37,0,0.5592624567936135,0.45208863979257174,24,blocked
24238,38,0,0.597528199117642,0.4420253829936376,24,blocked
24239,39,0,0.5055499897259507,0.3498225028049024,24,blocked
24240,40,0,0.7576458936446985,0.33129374089875924,24,blocked
24241,41,0,0.4940061437278743,0.36436187381390683,24,blocked
24242,42,0,0.5828992208677546,0.5487660470545654,24,blocked
24243,43,0,0.062923960700418,0.5491632733200731,24,blocked
24244,44,0,0.04094403088624605,0.6098002850657156,24,blocked
24245,45,0,0.44772369234446924,0.47187839687379485,24,blocked
24246,46,0,0.05652149823883698,0.6810400528645736,24,blocked
24247,47,0,0.5050838042697124,0.3904699077395802,24,blocked
24248,48,0,0.32272899928029664,0.4339284734244705,24,blocked
24249,49,0,0.26984404711200843,0.5797838851018443,24,blocked
24250,50,0,0.17823090966385557,0.46987266625755736,24,blocked
24251,51,0,0.29952357741729585,0.5056779446592721,24,blocked
24252,52,0,0.8353728025994354,0.47239636390425277,24,blocked
24253,53,0,0.2946180315236103,0.43398034712665623,24,blocked
24254,54,0,0.4901794329189822,0.34369503657741896,24,blocked
24255,55,0,0.5677550462059515,0.48657272485729686,24,blocked
24256,56,0,0.4094740919586157,0.5006152130183439,24,blocked
24257,57,0,0.45775287002888,0.5376133329757495,24,blocked
24258,58,0,0.44943807275916153,0.5333763458181952,24,blocked
24259,59,0,0.506559751379869,0.5297629898260363,24,blocked
24260,60,0,0.61521113255527,0.46580020534299527,24,blocked
24261,61,0,0.09078645473659964,0.45585529212739806,24,blocked
24262,62,0,0.38772463601593166,0.4054363689492103,24,blocked
24263,63,0,0.2913490841163724,0.36231961796779166,24,blocked
24264,64,0,0.4188666443596914,0.34952573935413334,24,blocked
24265,65,0,0.10191264330081412,0.5198975028381403,24,blocked
24266,66,0,0.5866971531961838,0.3590995604724279,24,blocked
24267,67,0,0.06736694796471544,0.6095177286444853,24,blocked
24268,68,0,0.2029834518836711,0.4683007260373542,24,blocked
24269,69,0,0.5352771217166568,0.40373229616607376,24,blocked
24270,70,0,0.5815902533383028,0.44576951298974565,24,blocked
24271,71,0,0.2381308324705919,0.5631246741909597,24,blocked
24272,72,0,0.3277589898184392,0.6006008014240414,24,blocked
24273,73,0,0.497110226817546,0.3653593711019721,24,blocked
24274,74,0,0.3326151667421526,0.4194988459751684,24,blocked
24275,75,0,0.398991965913838,0.3313702997429603,24,blocked
24276,76,0,0.5898148365306394,0.4043556982934125,24,blocked
24277,77,0,0.541800184207369,0.28965456533614453,24,blocked
24278,78,0,0.10419417009902537,0.4987499949711609,24,blocked
24279,79,0,0.7172225732216326,0.3491949471093636,24,blocked
24280,80,0,0.5721118843235162,0.4817330465979875,24,blocked
24281,81,0,0.6361259902257925,0.38947217617518026,24,blocked
24282,82,0,0.6831008568182191,0.4293842985909271,24,blocked
24283,83,0,0.684497413966759,0.3753360519644221,24,blocked
24284,84,0,0.5030939055432356,0.4512224558231252,24,blocked
24285,85,0,0.49463630174108797,0.6308879835421589,24,blocked
24286,86,0,0.35534258802445295,0.40517295069228343,24,blocked
24287,87,0,0.6261731921996112,0.46193846631009916,24,blocked
24288,88,0,0.6751355396655391,0.37633196270580327,24,blocked
24289,89,0,0.7211397739678025,0.3011998971782145,24,blocked
24290,90,0,0.17554612871717468,0.48561795648367057,24,blocked
24291,91,0,0.6929318464969062,0.3872353679241721,24,blocked
24292,92,0,0.6553381548261161,0.3645000894879455,24,blocked
24293,93,0,0.1997133959965534,0.7053009941971262,24,blocked
24294,94,0,0.44315781757221295,0.4510454180635684,24,blocked
24295,95,0,0.46954898004481377,0.3172997040117387,24,blocked
24296,96,0,0.46055991976501565,0.3973918024855771,24,blocked
24297,97,0,0.5570966451341881,0.38566838827523997,24,blocked
24298,98,0,0.6314576568195163,0.4377544929840428,24,blocked
24299,99,0,0.2724751832180068,0.4372806354310629,24,blocked
24300,100,0,0.595607641735544,0.5316385015627876,24,blocked
24301,101,0,0.5025720831211906,0.41446148665786287,24,blocked
24302,102,0,0.2855902077029086,0.5731353562857551,24,blocked
24303,103,0,0.6103917003717422,0.39854712671206305,24,blocked
24304,104,0,0.6027952981914753,0.27300118440760457,24,blocked
24305,105,0,0.5112390102840936,0.2931070955588735,24,blocked
24306,106,0,0.457834148503042,0.3684833634028568,24,blocked
24307,107,0,0.6834842970863015,0.4016872099864838,24,blocked
24308,108,0,0.6610575029161245,0.32355831228932,24,blocked
24309,109,0,0.4494128744451359,0.5411234656465749,24,blocked
24310,110,0,0.38402293846828306,0.41232788457233915,24,blocked
24311,111,0,0.6125813914810213,0.503091500004025,24,blocked
24312,112,0,0.33019769710030145,0.5222998121728833,24,blocked
24313,113,0,0.32706023955002633,0.30944493039346516,24,blocked
24314,114,0,0.6066822988322236,0.45051889521422406,24,blocked
24315,115,0,0.5341147161604305,0.4854233961185499,24,blocked
24316,116,0,0.6794440136538012,0.35603408588156216,24,blocked
24317,117,0,0.7848203596719503,0.3190947697488735,24,blocked
24318,118,0,0.41858484756068015,0.48626521383056176,24,blocked
24319,119,0,0.6951900103254345,0.4015450463327357,24,blocked
24320,120,0,0.6131515626059556,0.46924860429398474,24,blocked
24321,121,0,0.10191967786337539,0.5329766061955032,24,blocked
24322,122,0,0.405577373334145,0.5479478016249724,24,blocked
24323,123,0,0.13759729704955834,0.33365437060555037,24,blocked
24324,124,0,0.24029430653455722,0.3087741507105124,24,blocked
24325,125,0,0.8168358235202672,0.42341047033287227,24,blocked
24326,126,0,0.9592928231491114,0.3007505438271579,24,blocked
24327,127,0,0.8486926879056842,0.28216264873845454,24,blocked
24328,128,0,0.8573020929363209,0.31730886822036636,24,blocked
24329,129,0,0.04647900875801949,0.46459724519534557,24,blocked
24330,130,0,0.1514178811816967,0.4102480797147268,24,blocked
24331,131,0,0.6388710370800209,0.452905749893342,24,blocked
24332,132,0,0.6070106187566606,0.3733530990892545,24,blocked
24333,133,0,0.936161292178141,0.23827557852659462,24,blocked
24334,134,0,0.05590798733438809,0.5174745133377547,24,blocked
24335,135,0,0.7048195475522187,0.32305877757736096,24,blocked
24336,136,0,0.7776936563111344,0.22717947558468166,24,blocked
24337,137,0,0.396686593230111,0.20077119730404477,24,blocked
24338,138,0,0.5860600772488715,0.3310154298702487,24,blocked
24339,139,0,0.9173683729832137,0.34800925977147235,24,blocked
24340,140,0,0.11160989084643684,0.4853057946912026,24,blocked
24341,141,0,0.37741911099417325,0.3066828495250079,24,blocked
24342,142,0,0.5121675974972724,0.5323461694908279,24,blocked
24343,143,0,0.971081775945503,0.27666137046534867,24,blocked
24344,144,0,0.836369930897751,0.2838252021148666,24,blocked
24345,145,0,0.9736352935605068,0.23739704231049905,24,blocked
24346,146,0,0.9981618087062005,0.3259715617015556,24,blocked
24347,147,0,0.9820131887855421,0.21491933675794156,24,blocked
24348,148,0,0.013182199860875633,0.4934707180011539,24,blocked
24349,149,0,0.9560815803931746,0.2289899267717832,24,blocked
24350,150,0,0.3097909941493334,0.41559159604091545,24,blocked
24351,151,0,0.6954197230637235,0.336406276004052,24,blocked
24352,152,0,0.4517083527024611,0.3739314046757247,24,blocked
24353,153,0,0.25653116378065843,0.4678648861184519,24,blocked
24354,154,0,0.6490935750430942,0.4359334983732793,24,blocked
24355,155,0,0.5531592175272521,0.36061973703762684,24,blocked
24356,156,0,0.7288332107514017,0.3221170724004969,24,blocked
24357,157,0,0.16120186590551003,0.31719431046432445,24,blocked
24358,158,0,0.755511131161478,0.1688297261251263,24,blocked
24359,159,0,0.566566738431549,0.3503198454929482,24,blocked
24360,160,0,0.8186761799654373,0.25820268544927105,24,blocked
24361,161,0,0.4852212713644124,0.41484720987150003,24,blocked
24362,162,0,0.8812489403140085,0.34193667164639585,24,blocked
24363,163,0,0.24873343909295115,0.3241696772228757,24,blocked
24364,164,0,0.9606219447403253,0.1556715049855688,24,blocked
24365,165,0,0.35553161691561647,0.3390765575903803,24,blocked
24366,166,0,0.4635829317279549,0.3791664089567788,24,blocked
24367,167,0,0.756241081462232,0.31867242314173405,24,blocked
24368,168,0,0.6488570265788285,0.4397349844780033,24,blocked
24369,169,0,0.4951568135417302,0.5330145911864541,24,blocked
24370,170,0,0.9945110549553917,0.2160042877655935,24,blocked
24371,171,0,0.44654176108041,0.38368004570431136,24,blocked
24372,172,0,0.3634290838505353,0.354281821779386,24,blocked
24373,173,0,0.7908442815729322,0.35333401647059814,24,blocked
24374,174,0,0.45034398549724614,0.30914915046597824,24,blocked
24375,175,0,0.41387270535300663,0.41899021661224556,24,blocked
24376,176,0,0.7930173275754371,0.20429433135670785,24,blocked
24377,177,0,0.8549559339834882,0.20062410395393612,24,blocked
24378,178,0,0.37165915179457,0.4034713970222899,24,blocked
24379,179,0,0.46977094719095047,0.43912513595771574,24,blocked
24380,180,0,0.30220730518479455,0.4362502647691593,24,blocked
24381,181,0,0.5524096981939218,0.3190495817920973,24,blocked
24382,182,0,0.43172224086685196,0.3181939374145316,24,blocked
24383,183,0,0.30583389760712915,0.46892141446130564,24,blocked
24384,184,0,0.8102463910623533,0.29324782320642373,24,blocked
24385,185,0,0.2278751785296301,0.4685854801687709,24,blocked
24386,186,0,0.6507860428238513,0.4137639995103217,24,blocked
24387,187,0,0.4944404137131677,0.4220553645855758,24,blocked
24388,188,0,0.38837607518346584,0.32932905916241406,24,blocked
24389,189,0,0.7462297549153474,0.2995465701578113,24,blocked
24390,190,0,0.9314882419847653,0.3057272698832615,24,blocked
24391,191,0,0.9656046159935341,0.25912463918642836,24,blocked
24392,192,0,0.24280952285513288,0.36393573051556105,24,blocked
24393,193,0,0.942971825054155,0.34208761795543785,24,blocked
24394,194,0,0.4943620729580552,0.44587923506392024,24,blocked
24395,195,0,0.5200744527895051,0.3789127632509122,24,blocked
24396,196,0,0.19172508092918336,0.34513131603213143,24,blocked
24397,197,0,0.7325119263332714,0.3303827351276891,24,blocked
24398,198,0,0.3008089461134946,0.4285810070593645,24,blocked
24399,199,0,0.5475452333733389,0.3271682450148761,24,blocked
24400,0,0,0.7484216419335169,0.5494879404268286,24,early
24401,1,0,0.10751862914593094,0.7480145975693164,24,early
24402,2,0,0.6641604569546615,0.5276697429724329,24,early
24403,3,0,0.8595601461027307,0.6179450486562464,24,early
24404,4,0,0.03130828135389018,0.6092764576395071,24,early
24405,5,0,0.9750267176703082,0.3920510903853972,24,early
24406,6,0,0.9898152150589796,0.4880186667206866,24,early
24407,7,0,0.9961380581989767,0.460884823532971,24,early
24408,8,0,0.0012805459804350815,0.5412329597452918,24,early
24409,9,0,0.04458771510082587,0.47205785008780565,24,early
24410,10,0,0.1381370716708183,0.5368520043161544,24,early
24411,11,0,0.8341050654757549,0.4615485258940828,24,early
24412,12,0,0.2560206826875246,0.44053932854432204,24,early
24413,13,0,0.7238621500002284,0.41884460754617103,24,early
24414,14,0,0.2643393604332792,0.617880932966368,24,early
24415,15,0,0.9203423991381157,0.4361108726968759,24,early
24416,16,0,0.3720873603380481,0.8407414786772044,24,early
24417,17,0,0.037763856822361545,0.682594791300753,24,early
24418,18,0,0.635422704654592,0.6105775229813084,24,early
24419,19,0,0.6062554429970484,0.4832606987100666,24,early
24420,20,0,0.8366281394262365,0.4493205923487182,24,early
24421,21,0,0.9011678077644633,0.30641177818963317,24,early
24422,22,0,0.24702368007355072,0.4161154755663097,24,early
24423,23,0,0.3871307899084024,0.40298068637285345,24,early
24424,24,0,0.7788237070601489,0.3633338886450834,24,early
24425,25,0,0.7274012328762768,0.5244283415231723,24,early
24426,26,0,0.5271171633785925,0.4023005095066078,24,early
24427,27,0,0.5890151251900274,0.48874941937107835,24,early
24428,28,0,0.17123865842100278,0.7315312929690807,24,early
24429,29,0,0.7301333434195028,0.40165635589741566,24,early
24430,30,0,0.3292752409349278,0.4526444206956791,24,early
24431,31,0,0.8060025648294744,0.3528066490741442,24,early
24432,32,0,0.6647418251225279,0.46283751497097253,24,early
24433,33,0,0.33598267968674794,0.4690039775571379,24,early
24434,34,0,0.7331361636725808,0.2693808366980146,24,early
24435,35,0,0.3813220003704971,0.3759263852959792,24,early
24436,36,0,0.2613328630191337,0.48736765615389116,24,early
24437,37,0,0.5844223570224392,0.541609933188897,24,early
24438,38,0,0.6762827857916976,0.4932704899407637,24,early
24439,39,0,0.4178220069993428,0.7840822638020946,24,early
24440,40,0,0.5504178593361375,0.4799763978847369,24,early
24441,41,0,0.516568395263678,0.5364049135709876,24,early
24442,42,0,0.16465310964361105,0.548194261902399,24,early
24443,43,0,0.09810449616455455,0.4584417411922219,24,early
24444,44,0,0.1243686422607389,0.5311990366552939,24,early
24445,45,0,0.4602826467666218,0.42431067878044865,24,early
24446,46,0,0.33103992991663783,0.4837038859296434,24,early
24447,47,0,0.6208909274415074,0.39153263032649643,24,early
24448,48,0,0.09305632658487288,0.5317441917414052,24,early
24449,49,0,0.19637117366995738,0.48549628857348925,24,early
24450,50,0,0.1303800791796362,0.5601225363389719,24,early
24451,51,0,0.35012988250315896,0.3920957402381377,24,early
24452,52,0,0.4815533455336859,0.35082624262242157,24,early
24453,53,0,0.8069834195518786,0.577837612001508,24,early
24454,54,0,0.16278189883279345,0.47031456679862926,24,early
24455,55,0,0.5805501253551405,0.36974966576829993,24,early
24456,56,0,0.2177146530198856,0.4832910680001981,24,early
24457,57,0,0.33822274410292846,0.44296580539073926,24,early
24458,58,0,0.33757073377863356,0.4575367450777435,24,early
24459,59,0,0.5529083907511348,0.4563903112519857,24,early
24460,60,0,0.7091012627351096,0.47433623196300967,24,early
24461,61,0,0.18543579435265964,0.41891211404743545,24,early
24462,62,0,0.762254023945492,0.41015834113121236,24,early
24463,63,0,0.14047666615546606,0.3814721949455112,24,early
24464,64,0,0.27777846640392695,0.45930129245733803,24,early
24465,65,0,0.7755295054034081,0.44789261646125256,24,early
24466,66,0,0.25519090639554864,0.5158381150589894,24,early
24467,67,0,0.2069334199684153,0.4093753965302048,24,early
24468,68,0,0.59414941555182,0.44682686423557566,24,early
24469,69,0,0.628602742479371,0.4190090583348786,24,early
24470,70,0,0.6627808360251024,0.3260262244480407,24,early
24471,71,0,0.3433756332821479,0.42388726930492626,24,early
24472,72,0,0.6998668465511291,0.300430664935963,24,early
24473,73,0,0.7487316233185881,0.39971347183037,24,early
24474,74,0,0.8955878341917076,0.3143565798762254,24,early
24475,75,0,0.31805874603830264,0.4083843177247234,24,early
24476,76,0,0.8861106663949301,0.3774047584793635,24,early
24477,77,0,0.2615585840797581,0.43240203614629913,24,early
24478,78,0,0.5065797982694913,0.5287952439841099,24,early
24479,79,0,0.7355240826746425,0.28027529023308384,24,early
24480,80,0,0.21881738517209326,0.38795950607377294,24,early
24481,81,0,0.7718952608500178,0.39336876893510375,24,early
24482,82,0,0.4973747947302467,0.5530307471066209,24,early
24483,83,0,0.8344108402511228,0.3645394247206428,24,early
24484,84,0,0.4058045810386515,0.332157329844366,24,early
24485,85,0,0.7802298781894317,0.3705441359054643,24,early
24486,86,0,0.4161915000513889,0.4026534472979412,24,early
24487,87,0,0.7739804327008561,0.4160107430680128,24,early
24488,88,0,0.1532593573974339,0.34725449816311094,24,early
24489,89,0,0.6101861660108351,0.5413846097551959,24,early
24490,90,0,0.33423689729292877,0.4453502469203322,24,early
24491,91,0,0.9587023980333316,0.46157490727576944,24,early
24492,92,0,0.874412155495053,0.3497598054909181,24,early
24493,93,0,0.3490495781778424,0.49617480959531646,24,early
24494,94,0,0.7314529414473094,0.2827136912544856,24,early
24495,95,0,0.5246774377252055,0.45773205525735106,24,early
24496,96,0,0.9868898864839264,0.29621779965150397,24,early
24497,97,0,0.7280868131283109,0.45190296794298856,24,early
24498,98,0,0.7989890257001968,0.33749803566197367,24,early
24499,99,0,0.5337589195009921,0.44632672354614344,24,early
24500,100,0,0.9304994879709663,0.2870787801042193,24,early
24501,101,0,0.7642642907984707,0.3498011893827961,24,early
24502,102,0,0.7751427264004884,0.4211741619586813,24,early
24503,103,0,0.9367124221098856,0.3071396380415466,24,early
24504,104,0,0.6389955084414346,0.4488768951317583,24,early
24505,105,0,0.2367243945980981,0.5148978874323,24,early
24506,106,0,0.909809123728648,0.33289194335091477,24,early
24507,107,0,0.6326986362621988,0.41311710110938016,24,early
24508,108,0,0.7194651374771835,0.4499008234953305,24,early
24509,109,0,0.4918685625952287,0.3813698948270044,24,early
24510,110,0,0.980355645665137,0.31095183252770625,24,early
24511,111,0,0.5565623772392334,0.29146542354624017,24,early
24512,112,0,0.7850958047605535,0.3035707369327029,24,early
24513,113,0,0.1627685410759786,0.40489702287633017,24,early
24514,114,0,0.7641230880527671,0.3335648630020563,24,early
24515,115,0,0.8865714818573789,0.2944524040669802,24,early
24516,116,0,0.2893479869853606,0.4370693125554055,24,early
24517,117,0,0.9168215140530238,0.3575116676940989,24,early
24518,118,0,0.5642056437293345,0.26730407860668376,24,early
24519,119,0,0.17220052068293215,0.5325822158576033,24,early
24520,120,0,0.07692227656364366,0.691626851831913,24,early
24521,121,0,0.18593885842105268,0.44430565691461277,24,early
24522,122,0,0.5289306708162886,0.3431270815616515,24,early
24523,123,0,0.1155585860742053,0.45998761789520703,24,early
24524,124,0,0.8189051381546123,0.3323362278530616,24,early
24525,125,0,0.9107988023852149,0.3588475195370451,24,early
24526,126,0,0.6357390165099385,0.49466546767499264,24,early
24527,127,0,0.46361992437084226,0.4118952453571112,24,early
24528,128,0,0.4673968600050926,0.6808206896230679,24,early
24529,129,0,0.6949973826101199,0.3479074204302612,24,early
24530,130,0,0.5032856238717407,0.32665236495674316,24,early
24531,131,0,0.9584240391978769,0.27397929075795163,24,early
24532,132,0,0.7086550094962321,0.4266185546301021,24,early
24533,133,0,0.7474496975233904,0.41064147234898984,24,early
24534,134,0,0.5881553727270749,0.35389345562865093,24,early
24535,135,0,0.3321393189257347,0.28098442442607746,24,early
24536,136,0,0.3594486009941357,0.3422078107154667,24,early
24537,137,0,0.6807760410927148,0.3184350609399892,24,early
24538,138,0,0.8195214239095866,0.35678235047871715,24,early
24539,139,0,0.5183191480492563,0.39744166825394006,24,early
24540,140,0,0.941007429090944,0.3291099778837605,24,early
24541,141,0,0.2301430628979591,0.5000595493489647,24,early
24542,142,0,0.6847223583897826,0.3134262237767581,24,early
24543,143,0,0.603031858939269,0.37989834123354466,24,early
24544,144,0,0.682727290979739,0.2911396078420254,24,early
24545,145,0,0.1750894606867493,0.35941069845319656,24,early
24546,146,0,0.3735473224068583,0.37027534990687616,24,early
24547,147,0,0.5663395336180279,0.5115087971561013,24,early
24548,148,0,0.730729044478088,0.363373365463731,24,early
24549,149,0,0.27038487599569583,0.3597976067649448,24,early
24550,150,0,0.5747349412815783,0.4052207559946589,24,early
24551,151,0,0.4414329035715766,0.4318625905968374,24,early
24552,152,0,0.8580628300989814,0.24813598643430962,24,early
24553,153,0,0.5662433775741826,0.3875263005951284,24,early
24554,154,0,0.2564663468525284,0.39579375357999846,24,early
24555,155,0,0.5983513122618143,0.34638678427496655,24,early
24556,156,0,0.02370240763462472,0.5571292745970282,24,early
24557,157,0,0.29240306826792456,0.24297793380429614,24,early
24558,158,0,0.9012279286770527,0.24782844116618993,24,early
24559,159,0,0.2621055877872398,0.4141281516855642,24,early
24560,160,0,0.8454661656254432,0.4516860043424642,24,early
24561,161,0,0.5045098021845066,0.38973914581983915,24,early
24562,162,0,0.3052747658264739,0.4033901976481373,24,early
24563,163,0,0.8561380274890018,0.3954651047647961,24,early
24564,164,0,0.16554929075076735,0.4344042688823444,24,early
24565,165,0,0.25010327487827433,0.39360252196327694,24,early
24566,166,0,0.5810245310856892,0.40458726040987786,24,early
24567,167,0,0.29256448873674223,0.3680156289661588,24,early
24568,168,0,0.5935420732888481,0.3744791740148674,24,early
24569,169,0,0.49961141687517585,0.4465818616801289,24,early
24570,170,0,0.5682025053959644,0.3037079015525064,24,early
24571,171,0,0.23110022429361307,0.5367563904482952,24,early
24572,172,0,0.44363734343143024,0.4465910424642468,24,early
24573,173,0,0.35421921617141094,0.5217391396051074,24,early
24574,174,0,0.9802442327957271,0.2748181494466953,24,early
24575,175,0,0.9699928240323832,0.21688372032510933,24,early
24576,176,0,0.031045763239881216,0.5464315850345771,24,early
24577,177,0,0.2713724489018826,0.3978552963655077,24,early
24578,178,0,0.45375050836480296,0.3240348805026845,24,early
24579,179,0,0.5467606212494138,0.36501304349958996,24,early
24580,180,0,0.7279767606697187,0.4313625680920874,24,early
24581,181,0,0.7815810187158552,0.22039406736204864,24,early
24582,182,0,0.7467489748281172,0.2611109248341689,24,early
24583,183,0,0.7463121261820278,0.3098523766808733,24,early
24584,184,0,0.707567031669563,0.35271968698895384,24,early
24585,185,0,0.3415817983436115,0.4722759340468172,24,early
24586,186,0,0.3861286855086863,0.31007745744716264,24,early
24587,187,0,0.5018191183700582,0.5743016495947164,24,early
24588,188,0,0.7902163703710723,0.6011549727982144,24,early
24589,189,0,0.4740659776057331,0.19277947800671255,24,early
24590,190,0,0.414042000954731,0.42827011627544675,24,early
24591,191,0,0.5104203524475538,0.2530991377758143,24,early
24592,192,0,0.8353892694164695,0.21793916479929218,24,early
24593,193,0,0.5154634791510675,0.36913784469229177,24,early
24594,194,0,0.044716126499363434,0.5086122196374276,24,early
24595,195,0,0.1985454666019786,0.4521185091646038,24,early
24596,196,0,0.17586552789003904,0.355460415423391,24,early
24597,197,0,0.9287403325041235,0.30650606489172716,24,early
24598,198,0,0.6114234238494528,0.3564347936581561,24,early
24599,199,0,0.8327790051832445,0.33149143220669675,24,early
24600,0,0,0.6690377273630326,0.7226149212296151,24,middle
24601,1,0,0.6660119656635195,0.4883572938943185,24,middle
24602,2,0,0.4361133490532149,0.5538629484856566,24,middle
24603,3,0,0.02887031561597373,0.6863066917734979,24,middle
24604,4,0,0.5822712890995619,0.528870432117235,24,middle
24605,5,0,0.5376517107667255,0.5399807413468858,24,middle
24606,6,0,0.07942890922892175,0.6877196506013152,24,middle
24607,7,0,0.6726433643154729,0.481971811539896,24,middle
24608,8,0,0.26544814742729633,0.5061413008107798,24,middle
24609,9,0,0.48965296615022863,0.6348052497550989,24,middle
24610,10,0,0.8299108270118316,0.5094058504069816,24,middle
24611,11,0,0.4762817551737345,0.6721265120666053,24,middle
24612,12,0,0.8829044798116268,0.4278827210439733,24,middle
24613,13,0,0.4353203009638711,0.4985404895159638,24,middle
24614,14,0,0.6947244013929701,0.49003478956014773,24,middle
24615,15,0,0.5539699596782118,0.3819682531443751,24,middle
24616,16,0,0.8429844283555226,0.3241287861252026,24,middle
24617,17,0,0.4905132382486325,0.43586690703875386,24,middle
24618,18,0,0.8509994770942214,0.35782509272209406,24,middle
24619,19,0,0.432854720027336,0.4752078337979241,24,middle
24620,20,0,0.9114400841773983,0.2857061259208764,24,middle
24621,21,0,0.5381283612873741,0.41986707294815895,24,middle
24622,22,0,0.8120515196355926,0.30277130823632015,24,middle
24623,23,0,0.2753831827266105,0.4772888199665083,24,middle
24624,24,0,0.4341699705098486,0.3869404070268574,24,middle
24625,25,0,0.8417682345872386,0.476139409131008,24,middle
24626,26,0,0.04213808529836353,0.5552891316376689,24,middle
24627,27,0,0.5200523228313247,0.35005040099099993,24,middle
24628,28,0,0.11039285541143676,0.49665796188807665,24,middle
24629,29,0,0.5761226539123496,0.3124173799221132,24,middle
24630,30,0,0.6961352667695141,0.31686774186463906,24,middle
24631,31,0,0.6803309751704205,0.34883853225241906,24,middle
24632,32,0,0.8893328959924757,0.4276518811838473,24,middle
24633,33,0,0.843291847372176,0.4752733340097268,24,middle
24634,34,0,0.16364796841651963,0.3551371319996496,24,middle
24635,35,0,0.5977399001231345,0.42773489354894245,24,middle
24636,36,0,0.05038598398005379,0.5109210304496353,24,middle
24637,37,0,0.3670748612362023,0.48345978696123426,24,middle
24638,38,0,0.5542550621519384,0.4441434677639807,24,middle
24639,39,0,0.7595750076421817,0.4644157526357219,24,middle
24640,40,0,0.441788027392054,0.4468067622320806,24,middle
24641,41,0,0.5685187184169157,0.382587574705648,24,middle
24642,42,0,0.23675729013401245,0.41058049774462496,24,middle
24643,43,0,0.16268293155894473,0.5949091108304837,24,middle
24644,44,0,0.8750003305638421,0.5418591504918611,24,middle
24645,45,0,0.37863081417923117,0.4024417806569104,24,middle
24646,46,0,0.4241844020724408,0.39350757378382295,24,middle
24647,47,0,0.8565845977208528,0.3728984598592705,24,middle
24648,48,0,0.18441640396345946,0.5809653848728318,24,middle
24649,49,0,0.12213757748566248,0.5548509227583842,24,middle
24650,50,0,0.17012897584465203,0.6630005242889988,24,middle
24651,51,0,0.15530625893786792,0.43575910268711665,24,middle
24652,52,0,0.8582286642255805,0.46555806493240526,24,middle
24653,53,0,0.7386661710932462,0.4519874689633326,24,middle
24654,54,0,0.604357259357778,0.4085256450610713,24,middle
24655,55,0,0.8454839557442938,0.25151503702055267,24,middle
24656,56,0,0.5931044554857985,0.4550234926924448,24,middle
24657,57,0,0.8838126514471829,0.3675954504013408,24,middle
24658,58,0,0.6459864116481485,0.38515419900245945,24,middle
24659,59,0,0.8151876208080682,0.4614960668993503,24,middle
24660,60,0,0.8080693669551109,0.2958684212472573,24,middle
24661,61,0,0.8854255578116372,0.31364207175062275,24,middle
24662,62,0,0.8112240571901252,0.3535082112802983,24,middle
24663,63,0,0.13527303899519758,0.46610222240750326,24,middle
24664,64,0,0.22914888023424335,0.44860621929040895,24,middle
24665,65,0,0.5187056507014656,0.5413227593792043,24,middle
24666,66,0,0.9169707141128693,0.5337727978847178,24,middle
24667,67,0,0.5285681989274631,0.40688422439211047,24,middle
24668,68,0,0.7548634167360448,0.41735669561660016,24,middle
24669,69,0,0.9202928820644667,0.24630151540006678,24,middle
24670,70,0,0.22315595253639497,0.4849536450422267,24,middle
24671,71,0,0.2654610205883464,0.45093063486602636,24,middle
24672,72,0,0.350821298761652,0.42516718540890963,24,middle
24673,73,0,0.4566737433436962,0.4734837580419219,24,middle
24674,74,0,0.5905851662216435,0.28410688861297784,24,middle
24675,75,0,0.6832945081665202,0.4443479244487574,24,middle
24676,76,0,0.47591664859188526,0.35389120178447775,24,middle
24677,77,0,0.573414620455164,0.3868157626713845,24,middle
24678,78,0,0.7437926485547184,0.32530560697875766,24,middle
24679,79,0,0.6820066282311344,0.31840637288759244,24,middle
24680,80,0,0.5330726554430465,0.3938202811438225,24,middle
24681,81,0,0.6283778840501613,0.5471958586053145,24,middle
24682,82,0,0.32561214585606624,0.44851219319234004,24,middle
24683,83,0,0.6843130838580559,0.43910656649147417,24,middle
24684,84,0,0.5705797152335962,0.38913606480406626,24,middle
24685,85,0,0.34753767579903055,0.59496261425157,24,middle
24686,86,0,0.16331853779669972,0.3809148128284175,24,middle
24687,87,0,0.9397137544408487,0.5700074965640006,24,middle
24688,88,0,0.45116617127584635,0.48632606256686584,24,middle
24689,89,0,0.5074183422114298,0.5687294507860461,24,middle
24690,90,0,0.2627215798256789,0.3980304392026204,24,middle
24691,91,0,0.646285225137516,0.7864242149493985,24,middle
24692,92,0,0.1973600986539893,0.35084093344093764,24,middle
24693,93,0,0.8385574550256127,0.5188599739233348,24,middle
24694,94,0,0.7206166565129704,0.332903201498857,24,middle
24695,95,0,0.9153111542865205,0.28839907609070714,24,middle
24696,96,0,0.9106857687204721,0.42064564584732944,24,middle
24697,97,0,0.12148150968507497,0.4254942326187947,24,middle
24698,98,0,0.2754523730083731,0.2870144339454246,24,middle
24699,99,0,0.7425693366132533,0.313836141364916,24,middle
24700,100,0,0.909549175174921,0.37100554116998663,24,middle
24701,101,0,0.45681648203039027,0.4127739628430491,24,middle
24702,102,0,0.585885150837405,0.25592698350287735,24,middle
24703,103,0,0.767132239505961,0.5669038538185723,24,middle
24704,104,0,0.7141739027128208,0.31892767240482855,24,middle
24705,105,0,0.3926226298523543,0.48060017766766955,24,middle
24706,106,0,0.9245018956641242,0.2999953822909698,24,middle
24707,107,0,0.5670629993480383,0.26931054583394987,24,middle
24708,108,0,0.3382429772017935,0.272721946031398,24,middle
24709,109,0,0.9916172499505864,0.42229985909628276,24,middle
24710,110,0,0.6278183233096011,0.33063980138565685,24,middle
24711,111,0,0.73822583057433,0.5768152241910707,24,middle
24712,112,0,0.006613899556796978,0.43003635199764245,24,middle
24713,113,0,0.663450985475832,0.3300859648487656,24,middle
24714,114,0,0.5770684346100962,0.43976967529779,24,middle
24715,115,0,0.9288625418813174,0.28886021794663036,24,middle
24716,116,0,0.5640316880926242,0.461629087823002,24,middle
24717,117,0,0.6543553374757357,0.23754084158240368,24,middle
24718,118,0,0.9394846969381603,0.5204123718771094,24,middle
24719,119,0,0.9382097862199954,0.22524977617880326,24,middle
24720,120,0,0.38414056198323815,0.3140844566868728,24,middle
24721,121,0,0.8632406235322295,0.33780730339567616,24,middle
24722,122,0,0.4999030985698677,0.3266702452782688,24,middle
24723,123,0,0.8734062862755203,0.32021764863981267,24,middle
24724,124,0,0.5259865996034669,0.4574956642261897,24,middle
24725,125,0,0.30157789957135883,0.5243299540672054,24,middle
24726,126,0,0.11959452815987923,0.4838503192826793,24,middle
24727,127,0,0.8496294532852458,0.27378694136951726,24,middle
24728,128,0,0.7021936162276852,0.3133957787666376,24,middle
24729,129,0,0.32492819340706924,0.3936685588380763,24,middle
24730,130,0,0.6214533440257002,0.4077733090037533,24,middle
24731,131,0,0.16945678293556046,0.34260851587474944,24,middle
24732,132,0,0.8027746918907153,0.3408892447792904,24,middle
24733,133,0,0.6583853308509995,0.4028175526069494,24,middle
24734,134,0,0.16295654866577106,0.5280637495674427,24,middle
24735,135,0,0.6527998699018466,0.30588010292068296,24,middle
24736,136,0,0.4689145743214849,0.3037707340380795,24,middle
24737,137,0,0.7700290702396868,0.2989044359360347,24,middle
24738,138,0,0.37674204170610204,0.5106630067610914,24,middle
24739,139,0,0.6570759040020996,0.29859728903917543,24,middle
24740,140,0,0.8172493597153787,0.387548241910513,24,middle
24741,141,0,0.7834694087267654,0.3464499820192555,24,middle
24742,142,0,0.5659536132493573,0.27754875644531973,24,middle
24743,143,0,0.4265332128671844,0.3567947161502708,24,middle
24744,144,0,0.6741115685661291,0.4384396575302088,24,middle
24745,145,0,0.975494735645531,0.46220183516025304,24,middle
24746,146,0,0.44747290134372225,0.3514897078745655,24,middle
24747,147,0,0.39609740332650095,0.4177876965711085,24,middle
24748,148,0,0.7160828884707815,0.5013539423996171,24,middle
24749,149,0,0.6250766743782905,0.367651681683278,24,middle
24750,150,0,0.6019255846701452,0.28321000238050487,24,middle
24751,151,0,0.8130787367519129,0.27145881693169505,24,middle
24752,152,0,0.20712759719695095,0.4825202379968709,24,middle
24753,153,0,0.6815546427116375,0.4485514035995107,24,middle
24754,154,0,0.5003206430665281,0.2524841917657745,24,middle
24755,155,0,0.15876552952543077,0.40042836103914725,24,middle
24756,156,0,0.7504311781945379,0.30555126855504033,24,middle
24757,157,0,0.9031303941574259,0.24411425389613378,24,middle
24758,158,0,0.31073909719678117,0.3720939069316673,24,middle
24759,159,0,0.6489301692871771,0.33139097491960434,24,middle
24760,160,0,0.8480638562487293,0.3631984989460314,24,middle
24761,161,0,0.5080210955688493,0.4080229375610915,24,middle
24762,162,0,0.3125625720330135,0.5662912899134382,24,middle
24763,163,0,0.7781424142461284,0.31999838768323896,24,middle
24764,164,0,0.26455761798165855,0.43795957905371163,24,middle
24765,165,0,0.7155993627203927,0.3853415485148393,24,middle
24766,166,0,0.5473289077586156,0.4028846254240881,24,middle
24767,167,0,0.7067776298862627,0.32477062815809565,24,middle
24768,168,0,0.2551820527107519,0.4388572547511921,24,middle
24769,169,0,0.526749694660092,0.4431829933472273,24,middle
24770,170,0,0.4723781729856814,0.3469469142663637,24,middle
24771,171,0,0.9425592042595041,0.25007123593468167,24,middle
24772,172,0,0.8699280043617449,0.2544503464464901,24,middle
24773,173,0,0.8787948736531028,0.4045857300970548,24,middle
24774,174,0,0.5600158592660368,0.23302417213283327,24,middle
24775,175,0,0.5925921832516087,0.287076393263167,24,middle
24776,176,0,0.8400041819346555,0.35032491479721906,24,middle
24777,177,0,0.5848824093636756,0.35173390231819346,24,middle
24778,178,0,0.4911432071009623,0.33251691870586936,24,middle
24779,179,0,0.8452535573276015,0.3424684838730325,24,middle
24780,180,0,0.2860811332783836,0.4233944355427872,24,middle
24781,181,0,0.9416390556422164,0.35564360649909277,24,middle
24782,182,0,0.6601583100333976,0.2792902488862451,24,middle
24783,183,0,0.9528981256246531,0.28527497012544895,24,middle
24784,184,0,0.9668207803638167,0.3990384816614752,24,middle
24785,185,0,0.5174941532328727,0.32181708323408575,24,middle
24786,186,0,0.3486158511095544,0.5616901792825469,24,middle
24787,187,0,0.6196848385202522,0.22848087654230925,24,middle
24788,188,0,0.07460610132541885,0.3986513254844193,24,middle
24789,189,0,0.4031730739195828,0.43132287675354997,24,middle
24790,190,0,0.7775433335260549,0.31180755572021135,24,middle
24791,191,0,0.7542348501192615,0.4553037914649482,24,middle
24792,192,0,0.48237385196224647,0.36667666031778784,24,middle
24793,193,0,0.38696647151466307,0.3687126474804272,24,middle
24794,194,0,0.6492297650986806,0.3315898676533384,24,middle
24795,195,0,0.7275165330786671,0.28253653679124635,24,middle
24796,196,0,0.8154168263029076,0.38976212595313076,24,middle
24797,197,0,0.2077665323585678,0.41433631491984374,24,middle
24798,198,0,0.6733410317292761,0.2989578801918297,24,middle
24799,199,0,0.3052315848290446,0.3246458715384577,24,middle
24800,0,0,0.5100698231315283,0.6495082634805445,24,late
24801,1,0,0.07212121982903842,0.5551363766415054,24,late
24802,2,0,0.5037879566620431,0.43470048884039814,24,late
24803,3,0,0.062137587545260935,0.7680272107073705,24,late
24804,4,0,0.35473891308287425,0.4716757290718768,24,late
24805,5,0,0.20637576688264814,0.7005656570102965,24,late
24806,6,0,0.685024814022401,0.48240370169209146,24,late
24807,7,0,0.30971796986832323,0.3735643361325678,24,late
24808,8,0,0.7692995536673772,0.41131573063855087,24,late
24809,9,0,0.5353614445254747,0.40656458511967697,24,late
24810,10,0,0.34697301858748786,0.5047344812495183,24,late
24811,11,0,0.9415309522555444,0.28713680291689464,24,late
24812,12,0,0.7297308452731436,0.47202276473153404,24,late
24813,13,0,0.9593939193452001,0.48637372030627013,24,late
24814,14,0,0.4161265587020961,0.4004443175529593,24,late
24815,15,0,0.9739834434328611,0.6239563114418258,24,late
24816,16,0,0.43788607530147533,0.435096172245859,24,late
24817,17,0,0.08273397032853216,0.5009911365108528,24,late
24818,18,0,0.4642673828662782,0.4492809250845563,24,late
24819,19,0,0.718477839453355,0.5015910106204002,24,late
24820,20,0,0.5018872000908186,0.5152518736768408,24,late
24821,21,0,0.977022453303664,0.38765918028242496,24,late
24822,22,0,0.5092267124584297,0.6557672537296724,24,late
24823,23,0,0.20816282721491997,0.48647214072617884,24,late
24824,24,0,0.1018746727067362,0.48058427144661564,24,late
24825,25,0,0.8014669720678802,0.4055327612881774,24,late
24826,26,0,0.8063660666316077,0.4052869473431995,24,late
24827,27,0,0.5208980317781271,0.40000605402897116,24,late
24828,28,0,0.12761121444270568,0.41082906596656577,24,late
24829,29,0,0.7879744206756282,0.354380401091882,24,late
24830,30,0,0.7771681550024305,0.47368511458228235,24,late
24831,31,0,0.503570244562621,0.6133200842094558,24,late
24832,32,0,0.5705259868380106,0.42931975253586163,24,late
24833,33,0,0.6388888552245561,0.3908333219248022,24,late
24834,34,0,0.46962241156392015,0.46150004458655147,24,late
24835,35,0,0.04430096079960368,0.614906307791786,24,late
24836,36,0,0.30880232098980787,0.37972957011861797,24,late
24837,37,0,0.9276345414179143,0.46574426856404544,24,late
24838,38,0,0.6809053885237029,0.3969695400745358,24,late
24839,39,0,0.6922690580251225,0.48354852413077276,24,late
24840,40,0,0.37813558874133724,0.4721043208858936,24,late
24841,41,0,0.3912550793895071,0.45678771466023305,24,late
24842,42,0,0.628491466266679,0.4880459532023365,24,late
24843,43,0,0.6440453153143348,0.42397710594789606,24,late
24844,44,0,0.3312910757215622,0.49320574606278234,24,late
24845,45,0,0.7311112096884882,0.4495482681466706,24,late
24846,46,0,0.5689914441649377,0.4521473275484409,24,late
24847,47,0,0.5172139212234375,0.3941914083981013,24,late
24848,48,0,0.6301187834450985,0.3426553043905661,24,late
24849,49,0,0.773785934519656,0.5286407294703888,24,late
24850,50,0,0.5983289256766301,0.4376442275496826,24,late
24851,51,0,0.8857599142111978,0.44727457759083167,24,late
24852,52,0,0.44440273942939157,0.44741438483559043,24,late
24853,53,0,0.9671342396247582,0.4869144254896051,24,late
24854,54,0,0.3335818990657912,0.4014723581272,24,late
24855,55,0,0.8432601780438862,0.41981256330319805,24,late
24856,56,0,0.5019356588671217,0.44340066929256383,24,late
24857,57,0,0.9321023374722589,0.2953820377703691,24,late
24858,58,0,0.6686533536975681,0.3163990589577885,24,late
24859,59,0,0.6683640363416457,0.3197376807080038,24,late
24860,60,0,0.8020294468996187,0.3185231142857197,24,late
24861,61,0,0.6236843769706245,0.3928947019301382,24,late
24862,62,0,0.22567677463022306,0.4090868788768176,24,late
24863,63,0,0.5630886116443531,0.6647640760017197,24,late
24864,64,0,0.7231392612350891,0.372696498485208,24,late
24865,65,0,0.8016720675333487,0.2938352352281961,24,late
24866,66,0,0.5240079978225608,0.3736640818275068,24,late
24867,67,0,0.8817350629025233,0.4200543341704829,24,late
24868,68,0,0.44752202927998236,0.4598032134945663,24,late
24869,69,0,0.7943745394197183,0.33214409704074127,24,late
24870,70,0,0.4101490605413307,0.496672835757637,24,late
24871,71,0,0.6693041578460289,0.44758776853451254,24,late
24872,72,0,0.6041830195063644,0.2941153491777011,24,late
24873,73,0,0.6216968561514208,0.3344017624154255,24,late
24874,74,0,0.37590561414051965,0.47661517313438784,24,late
24875,75,0,0.6680197478425995,0.44634802921647665,24,late
24876,76,0,0.517036081491087,0.37594461923447187,24,late
24877,77,0,0.7585962600519772,0.2813465710973321,24,late
24878,78,0,0.27638217989553665,0.4442164917702416,24,late
24879,79,0,0.3396303189314235,0.5269320325511835,24,late
24880,80,0,0.6418557179095798,0.3589941531531923,24,late
24881,81,0,0.4723974049819099,0.44155941376200064,24,late
24882,82,0,0.4675254972519981,0.3133346104977399,24,late
24883,83,0,0.6475290162389249,0.34381268828508893,24,late
24884,84,0,0.26693955695032523,0.2788644734628324,24,late
24885,85,0,0.4640164765119233,0.5150551799006405,24,late
24886,86,0,0.6249015223933692,0.4633690606871326,24,late
24887,87,0,0.5470750172241738,0.3346132341577197,24,late
24888,88,0,0.5821035680950953,0.3598132359177442,24,late
24889,89,0,0.5631887021179331,0.5781715679968087,24,late
24890,90,0,0.740252326803847,0.4364072752097577,24,late
24891,91,0,0.635487407688174,0.3950431427576546,24,late
24892,92,0,0.862038287086494,0.45473764724543364,24,late
24893,93,0,0.6770452688412467,0.36171734571420805,24,late
24894,94,0,0.3700037889410918,0.5009377486963793,24,late
24895,95,0,0.5974866619858584,0.4473410415642952,24,late
24896,96,0,0.5054472279418286,0.4081770370208607,24,late
24897,97,0,0.27982895045214323,0.39308628761839415,24,late
24898,98,0,0.5721472417337604,0.5434128092398034,24,late
24899,99,0,0.39483172759942686,0.3705135238857854,24,late
24900,100,0,0.8806793200807244,0.4535499157796753,24,late
24901,101,0,0.3005719799899102,0.30949984362860183,24,late
24902,102,0,0.5962702125051179,0.4032253488849793,24,late
24903,103,0,0.4851708078579154,0.29032398857325104,24,late
24904,104,0,0.3817071639038522,0.5720063550566624,24,late
24905,105,0,0.7780231227507688,0.40916903185239506,24,late
24906,106,0,0.5968881704664912,0.45845848459818045,24,late
24907,107,0,0.6517780662750294,0.306262233015715,24,late
24908,108,0,0.434493953731083,0.42857760758120034,24,late
24909,109,0,0.7336190532036433,0.4352002804232089,24,late
24910,110,0,0.6732793615052498,0.3010346546375715,24,late
24911,111,0,0.631695031992642,0.4661930320038503,24,late
24912,112,0,0.9510344747939907,0.436411563758344,24,late
24913,113,0,0.5931355715101218,0.4162053553217856,24,late
24914,114,0,0.5822533729717152,0.44076897475141463,24,late
24915,115,0,0.5982723962222645,0.4064163372995173,24,late
24916,116,0,0.7438306526749471,0.44023025403519667,24,late
24917,117,0,0.3633289861659638,0.39131432299915375,24,late
24918,118,0,0.8705571138722767,0.39121062407875185,24,late
24919,119,0,0.8114527919782839,0.39026514996381456,24,late
24920,120,0,0.5594887670659443,0.4417142126847605,24,late
24921,121,0,0.5860738240394354,0.3998987045938475,24,late
24922,122,0,0.540932161118188,0.3779310383872604,24,late
24923,123,0,0.48155190698227174,0.3962537674628493,24,late
24924,124,0,0.8399768613151826,0.3773435664315131,24,late
24925,125,0,0.5839692866400393,0.3605263133753427,24,late
24926,126,0,0.5811894774848279,0.27760341374823244,24,late
24927,127,0,0.8362461545130837,0.29495031643819436,24,late
24928,128,0,0.5741320255964412,0.3711290596552268,24,late
24929,129,0,0.6495690866599799,0.3441306191482728,24,late
24930,130,0,0.6996494328199182,0.2571248638409493,24,late
24931,131,0,0.25174897317234085,0.3979290523040274,24,late
24932,132,0,0.938198742839317,0.3443234010808127,24,late
24933,133,0,0.8186871317307118,0.3437323170766624,24,late
24934,134,0,0.8629911071219644,0.3409302331389915,24,late
24935,135,0,0.9359552421500142,0.35336575085486144,24,late
24936,136,0,0.4585066205450804,0.38072751902682367,24,late
24937,137,0,0.4198242300057563,0.4937554392851301,24,late
24938,138,0,0.6227698262448901,0.4405809211256203,24,late
24939,139,0,0.5441082497981617,0.2864232930792776,24,late
24940,140,0,0.9357057292660238,0.48344419610887024,24,late
24941,141,0,0.29503171533455064,0.41431185622170397,24,late
24942,142,0,0.7820084556028177,0.37796809349340255,24,late
24943,143,0,0.8766588366839132,0.37088966393784495,24,late
24944,144,0,0.8187515683783961,0.2311607483975025,24,late
24945,145,0,0.4919694830033178,0.3114033203157271,24,late
24946,146,0,0.4114753962535118,0.33001324667348153,24,late
24947,147,0,0.6880083582007217,0.5528670644001522,24,late
24948,148,0,0.8748308230497945,0.22599537245158746,24,late
24949,149,0,0.8661990685881005,0.40561364254685395,24,late
24950,150,0,0.7525887385455374,0.3129107849368702,24,late
24951,151,0,0.9894633837250791,0.40996140827695093,24,late
24952,152,0,0.22738109376767407,0.5264751870080593,24,late
24953,153,0,0.6968316336014366,0.34738998527094156,24,late
24954,154,0,0.06477635696389465,0.4360471223424659,24,late
24955,155,0,0.9369146655891263,0.37522402330851456,24,late
24956,156,0,0.6073876544374899,0.4118279040131101,24,late
24957,157,0,0.9634750667228722,0.28848772371602127,24,late
24958,158,0,0.9761013304298676,0.21398164627570132,24,late
24959,159,0,0.9651522484933577,0.21810090632330054,24,late
24960,160,0,0.9784966850229135,0.29470089228290036,24,late
24961,161,0,0.6373136756607636,0.26249930983192915,24,late
24962,162,0,0.2832580527980706,0.35859436580147086,24,late
24963,163,0,0.7013186147198612,0.3831917184006871,24,late
24964,164,0,0.8412014896657597,0.3220551595616359,24,late
24965,165,0,0.5715192022682007,0.22732497735647417,24,late
24966,166,0,0.7580114193619065,0.2685340063260803,24,late
24967,167,0,0.9639655816254014,0.2822279874991802,24,late
24968,168,0,0.9511309730274249,0.3491358207029605,24,late
24969,169,0,0.6795748427082722,0.34946069862408213,24,late
24970,170,0,0.5951726183250525,0.4700982603520428,24,late
24971,171,0,0.5159859862697802,0.4344503239142792,24,late
24972,172,0,0.46413895000024263,0.3349209135707358,24,late
24973,173,0,0.9475091881619837,0.36067049901448645,24,late
24974,174,0,0.9565786654472044,0.44913085112103845,24,late
24975,175,0,0.9942308272515228,0.2290146035997344,24,late
24976,176,0,0.9200139667950878,0.3321051163668236,24,late
24977,177,0,0.7277845556778404,0.2686093218971014,24,late
24978,178,0,0.43014125853288226,0.32198018103606285,24,late
24979,179,0,0.3038701003464114,0.32235733839018277,24,late
24980,180,0,0.7424326906924945,0.45540343212757795,24,late
24981,181,0,0.9130764501163441,0.4230640855302936,24,late
24982,182,0,0.896589772001879,0.24816569931541627,24,late
24983,183,0,0.7866487659939556,0.24953468300197745,24,late
24984,184,0,0.3724360960728111,0.29583738241206337,24,late
24985,185,0,0.4787850105840288,0.32289498189244625,24,late
24986,186,0,0.49963442149440074,0.277855053437043,24,late
24987,187,0,0.45517352579819487,0.2903537673638621,24,late
24988,188,0,0.20196039922163303,0.3100110084436037,24,late
24989,189,0,0.4646402588523465,0.4147590820494843,24,late
24990,190,0,0.7433460882558223,0.46566858036856573,24,late
24991,191,0,0.6800749336146715,0.3295954897062542,24,late
24992,192,0,0.7749003597100999,0.2577187359407276,24,late
24993,193,0,0.3922761514113139,0.4099207186097062,24,late
24994,194,0,0.0661389869496839,0.45118548654972235,24,late
24995,195,0,0.575771771361927,0.19758529783316572,24,late
24996,196,0,0.43562498343495115,0.3733744241795355,24,late
24997,197,0,0.5311551051020027,0.3525567437889451,24,late
24998,198,0,0.9825762467837396,0.33342184295057076,24,late
24999,199,0,0.7197014145420289,0.42074905453750433,24,late
25000,0,0,0.9072128043734844,0.8238799984386995,25,interleaved
25001,1,0,0.5284266681214468,0.7641077936407208,25,interleaved
25002,2,0,0.37478802307671755,0.6914007403046729,25,interleaved
25003,3,0,0.35633518838985684,0.6996336028491773,25,interleaved
25004,4,0,0.45751246758104736,0.4716878521698838,25,interleaved
25005,5,0,0.3879692052582275,0.42719930413458623,25,interleaved
25006,6,0,0.37620847386858075,0.6145821694911933,25,interleaved
25007,7,0,0.892435088326493,0.40127747435288713,25,interleaved
25008,8,0,0.453174396386407,0.4716908166379757,25,interleaved
25009,9,0,0.1671998488480369,0.613782000952726,25,interleaved
25010,10,0,0.4352975700894196,0.6700488415581081,25,interleaved
25011,11,0,0.47279753658864043,0.4501683612863179,25,interleaved
25012,12,0,0.9008892353431881,0.4206792827140262,25,interleaved
25013,13,0,0.43222172244699925,0.4962560167882894,25,interleaved
25014,14,0,0.5189891978008896,0.43299643016722567,25,interleaved
25015,15,0,0.7516986098844367,0.4938499508150021,25,interleaved
25016,16,0,0.38827124414391845,0.3914062026827848,25,interleaved
25017,17,0,0.5177790860470729,0.6005450936380665,25,interleaved
25018,18,0,0.4256390184461778,0.37221645036336926,25,interleaved
25019,19,0,0.37456476990623705,0.6967041450733151,25,interleaved
25020,20,0,0.6158693673912474,0.39295534815471966,25,interleaved
25021,21,0,0.7884954320089894,0.3159707037291273,25,interleaved
25022,22,0,0.5347611295394864,0.4728335051298571,25,interleaved
25023,23,0,0.7528249891461234,0.36478447152648236,25,interleaved
25024,24,0,0.7850236128774619,0.5485530466448869,25,interleaved
25025,25,0,0.670851641427844,0.45612666879816777,25,interleaved
25026,26,0,0.831187614784529,0.5868203408445649,25,interleaved
25027,27,0,0.5518121490155055,0.45174118618766385,25,interleaved
25028,28,0,0.5669951279973376,0.4283949853589121,25,interleaved
25029,29,0,0.17004459454251392,0.7302933746766838,25,interleaved
25030,30,0,0.3704554795941464,0.41163033236646124,25,interleaved
25031,31,0,0.2828744225894261,0.41180412633521757,25,interleaved
25032,32,0,0.6001395881963554,0.5617817374769725,25,interleaved
25033,33,0,0.40376897475494183,0.5893801209229922,25,interleaved
25034,34,0,0.5757551908894042,0.36154307007101216,25,interleaved
25035,35,0,0.1321372093612045,0.48741628820452715,25,interleaved
25036,36,0,0.6350690401738086,0.5207290815773978,25,interleaved
25037,37,0,0.5159476736750137,0.4260439641025498,25,interleaved
25038,38,0,0.28751649288368436,0.3113116580397074,25,interleaved
25039,39,0,0.1020516316188298,0.4709098563020957,25,interleaved
25040,40,0,0.4644255405448801,0.6625952623772886,25,interleaved
25041,41,0,0.5479664773374089,0.44860219901701837,25,interleaved
25042,42,0,0.11450905948559159,0.5062679873086096,25,interleaved
25043,43,0,0.6050908234997651,0.36805023537876275,25,interleaved
25044,44,0,0.2151502436398298,0.49806993632367286,25,interleaved
25045,45,0,0.5388977432311364,0.30694209637114805,25,interleaved
25046,46,0,0.30756419631769344,0.37493138966351014,25,interleaved
25047,47,0,0.7742792652755099,0.4829730939725577,25,interleaved
25048,48,0,0.49278905640081255,0.48921790514530616,25,interleaved
25049,49,0,0.19971716808791956,0.6242303755371698,25,interleaved
25050,50,0,0.35465449857174436,0.44310643178391745,25,interleaved
25051,51,0,0.2975551434238885,0.4091275039230442,25,interleaved
25052,52,0,0.4935536423439169,0.36332404626705134,25,interleaved
25053,53,0,0.6626903614850715,0.2771247033542867,25,interleaved
25054,54,0,0.668721556808345,0.48686166109905954,25,interleaved
25055,55,0,0.5583266919173476,0.540353217506848,25,interleaved
25056,56,0,0.40908405813242166,0.5212571948018248,25,interleaved
25057,57,0,0.8256802931940073,0.30465413598218993,25,interleaved
25058,58,0,0.4642277809198406,0.3495045357011596,25,interleaved
25059,59,0,0.9485578886896076,0.3472777442648849,25,interleaved
25060,60,0,0.5400580812857441,0.3964886520875482,25,interleaved
25061,61,0,0.6138574411059983,0.5085383208354836,25,interleaved
25062,62,0,0.4204886397606972,0.32883445737900524,25,interleaved
25063,63,0,0.18446181821305363,0.7176673512595475,25,interleaved
25064,64,0,0.2993549106123434,0.6022106427944722,25,interleaved
25065,65,0,0.6351865717939957,0.6472556797144857,25,interleaved
25066,66,0,0.4867358469625364,0.6501674882019907,25,interleaved
25067,67,0,0.7894751254477193,0.5828115535643639,25,interleaved
25068,68,0,0.6495151271045156,0.44610960945695766,25,interleaved
25069,69,0,0.2547358822270938,0.4594419323155695,25,interleaved
25070,70,0,0.27376315246867117,0.44889252870604524,25,interleaved
25071,71,0,0.681261267102031,0.3228242570200131,25,interleaved
25072,72,0,0.4764064856306659,0.49320265972155414,25,interleaved
25073,73,0,0.818616129886693,0.4177402112226095,25,interleaved
25074,74,0,0.2662355801449463,0.469534624316176,25,interleaved
25075,75,0,0.6465151911217132,0.4711849188211906,25,interleaved
25076,76,0,0.7135633396238017,0.3485425871400806,25,interleaved
25077,77,0,0.5822606551997804,0.41019818461173196,25,interleaved
25078,78,0,0.5146550127856508,0.3694772263915786,25,interleaved
25079,79,0,0.663368210021444,0.4557177672991048,25,interleaved
25080,80,0,0.7362263230954602,0.3173130903870351,25,interleaved
25081,81,0,0.7929504008350516,0.42843425511378225,25,interleaved
25082,82,0,0.3854352062884774,0.6037820648076913,25,interleaved
25083,83,0,0.28439550593668406,0.47993193287917824,25,interleaved
25084,84,0,0.4406034655590061,0.32225479983872246,25,interleaved
25085,85,0,0.5362947848682815,0.46053230941927004,25,interleaved
25086,86,0,0.46873400802839,0.560995403400809,25,interleaved
25087,87,0,0.32455237577201335,0.49956281627856364,25,interleaved
25088,88,0,0.42510047922770583,0.5656203578627681,25,interleaved
25089,89,0,0.18991955798262833,0.5136554768757065,25,interleaved
25090,90,0,0.6912702833204869,0.28154906908677746,25,interleaved
25091,91,0,0.7115397960763223,0.4909164363826376,25,interleaved
25092,92,0,0.2856792210502048,0.34708233053790516,25,interleaved
25093,93,0,0.5035763464337696,0.407353130272054,25,interleaved
25094,94,0,0.31015862892965224,0.6315357659623193,25,interleaved
25095,95,0,0.8668481057450212,0.5402983035625593,25,interleaved
25096,96,0,0.4698027944427762,0.46164101220147546,25,interleaved
25097,97,0,0.2848033555712577,0.598560247969777,25,interleaved
25098,98,0,0.5103687197104013,0.4487147917465799,25,interleaved
25099,99,0,0.7285230133195262,0.3302165706662057,25,interleaved
25100,100,0,0.5285573690129958,0.4689280840948311,25,interleaved
25101,101,0,0.12210663314842993,0.4121059389967643,25,interleaved
25102,102,0,0.7038452139157387,0.4223804866074908,25,interleaved
25103,103,0,0.1267883292665136,0.533307814432922,25,interleaved
25104,104,0,0.8839557851868138,0.43155789342917183,25,interleaved
25105,105,0,0.5788013935423689,0.3077286818400755,25,interleaved
25106,106,0,0.7531548282676437,0.4322166813026136,25,interleaved
25107,107,0,0.49319725137407094,0.4058489661701108,25,interleaved
25108,108,0,0.3774456763582746,0.45187369076762307,25,interleaved
25109,109,0,0.3005409356729748,0.4778418432862457,25,interleaved
25110,110,0,0.5599603991191087,0.472687365288187,25,interleaved
25111,111,0,0.5071710252947197,0.4899734367342765,25,interleaved
25112,112,0,0.9529214471275571,0.44537405910961014,25,interleaved
25113,113,0,0.6809693945413866,0.4334820554890823,25,interleaved
25114,114,0,0.6367326585154828,0.3218301763698376,25,interleaved
25115,115,0,0.47758906783620064,0.5561550954909646,25,interleaved
25116,116,0,0.7737617241595932,0.4645325792041377,25,interleaved
25117,117,0,0.26992878050588415,0.5695876422214791,25,interleaved
25118,118,0,0.6362291339343605,0.5006583240057944,25,interleaved
25119,119,0,0.4117530253922992,0.4453251907932708,25,interleaved
25120,120,0,0.6523421472851672,0.3796632463515254,25,interleaved
25121,121,0,0.3763715261158512,0.40387037407198534,25,interleaved
25122,122,0,0.7130285733746786,0.4883286958534806,25,interleaved
25123,123,0,0.5196984852497866,0.3875107681228034,25,interleaved
25124,124,0,0.6638444957737921,0.3457068007653865,25,interleaved
25125,125,0,0.49343273857190495,0.4899259047580326,25,interleaved
25126,126,0,0.5566604762907783,0.45918696169156925,25,interleaved
25127,127,0,0.5039072805632486,0.3421517998412634,25,interleaved
25128,128,0,0.22945787803282924,0.4211007232071936,25,interleaved
25129,129,0,0.8430499734572736,0.3971960627901361,25,interleaved
25130,130,0,0.44626454729022613,0.48836074072486446,25,interleaved
25131,131,0,0.7930418753597338,0.4278604913721319,25,interleaved
25132,132,0,0.5407668848319312,0.3498725951649022,25,interleaved
25133,133,0,0.659672263767822,0.31479179396759194,25,interleaved
25134,134,0,0.8979068470834057,0.4929625762843841,25,interleaved
25135,135,0,0.5792474731541706,0.48022292385615295,25,interleaved
25136,136,0,0.3454951820185412,0.4215096387074101,25,interleaved
25137,137,0,0.04983382814654299,0.8015934293233204,25,interleaved
25138,138,0,0.7978719483640702,0.36074428464449276,25,interleaved
25139,139,0,0.37992768349472533,0.6035782540424008,25,interleaved
25140,140,0,0.7893709849961995,0.2611718126485868,25,interleaved
25141,141,0,0.4734624819863629,0.37166398856202043,25,interleaved
25142,142,0,0.2069691523619624,0.7759976066443807,25,interleaved
25143,143,0,0.5062511575868054,0.32579871320211656,25,interleaved
25144,144,0,0.6565459032504685,0.49541149361091363,25,interleaved
25145,145,0,0.4640050851687748,0.32155278891725675,25,interleaved
25146,146,0,0.7595146479755399,0.320634396181765,25,interleaved
25147,147,0,0.8773544693832813,0.35416544113690107,25,interleaved
25148,148,0,0.623888553742182,0.2371818133319941,25,interleaved
25149,149,0,0.752667664745055,0.39672725532345116,25,interleaved
25150,150,0,0.3929620327745992,0.34537508979961684,25,interleaved
25151,151,0,0.8948371424550219,0.41438402491228254,25,interleaved
25152,152,0,0.3604859424031691,0.31681959889467115,25,interleaved
25153,153,0,0.438843822551113,0.3571666672985228,25,interleaved
25154,154,0,0.3869372869343387,0.4368179098331463,25,interleaved
25155,155,0,0.7452145644367634,0.42144311849518,25,interleaved
25156,156,0,0.32610822393655653,0.47854909868827034,25,interleaved
25157,157,0,0.47014125881660124,0.412811847368329,25,interleaved
25158,158,0,0.18040974049495612,0.33575485110581527,25,interleaved
25159,159,0,0.14728709482063895,0.6624835352267509,25,interleaved
25160,160,0,0.1178721397847378,0.5491076617048728,25,interleaved
25161,161,0,0.47661366221900203,0.38519341591582446,25,interleaved
25162,162,0,0.7655117058167404,0.3444844230217151,25,interleaved
25163,163,0,0.7782652121471232,0.34764614266148236,25,interleaved
25164,164,0,0.5913661399107948,0.40546369532685544,25,interleaved
25165,165,0,0.4017232901490302,0.44597354872191874,25,interleaved
25166,166,0,0.8045061161343655,0.3645530743197009,25,interleaved
25167,167,0,0.8829414045020769,0.36592872780417135,25,interleaved
25168,168,0,0.06747844622712806,0.4805117602330385,25,interleaved
25169,169,0,0.39418089517809096,0.5531368717191685,25,interleaved
25170,170,0,0.5726932598964194,0.2985573040367476,25,interleaved
25171,171,0,0.48362849971613187,0.3747470059888989,25,interleaved
25172,172,0,0.2327254566295608,0.5163577607719968,25,interleaved
25173,173,0,0.13133928499227485,0.5248076350126173,25,interleaved
25174,174,0,0.4241454269143151,0.4235746234266947,25,interleaved
25175,175,0,0.7211820925026785,0.36414032344520486,25,interleaved
25176,176,0,0.6638775773575217,0.28897679451746583,25,interleaved
25177,177,0,0.56549752982653,0.47340041303613445,25,interleaved
25178,178,0,0.9471030610013391,0.2608558509775647,25,interleaved
25179,179,0,0.7186019147519436,0.37712526511182143,25,interleaved
25180,180,0,0.7682582787417738,0.3183836511357729,25,interleaved
25181,181,0,0.6736808322422215,0.30912119862140963,25,interleaved
25182,182,0,0.5734711154276693,0.3198619458716876,25,interleaved
25183,183,0,0.8104548093369464,0.3706660975895828,25,interleaved
25184,184,0,0.816115152478263,0.358273013158382,25,interleaved
25185,185,0,0.10366917123616612,0.367930586500297,25,interleaved
25186,186,0,0.3964774183383846,0.29662271006279484,25,interleaved
25187,187,0,0.36883846636206685,0.46444326871704944,25,interleaved
25188,188,0,0.39065719859895465,0.34544447016690233,25,interleaved
25189,189,0,0.6132381868562519,0.36707430537883445,25,interleaved
25190,190,0,0.49031749632721605,0.24017870665242713,25,interleaved
25191,191,0,0.2983509117720619,0.40173409788105086,25,interleaved
25192,192,0,0.5765945571368263,0.33401758138607585,25,interleaved
25193,193,0,0.8281242626467855,0.32098222807928467,25,interleaved
25194,194,0,0.6550160708009254,0.580362900868657,25,interleaved
25195,195,0,0.5427531796809917,0.4486810723174942,25,interleaved
25196,196,0,0.042577389045913384,0.5108220457116053,25,interleaved
25197,197,0,0.6109031282065334,0.32483331201858234,25,interleaved
25198,198,0,0.3760407798252549,0.3984635688924489,25,interleaved
25199,199,0,0.19796153788958765,0.4651613636897749,25,interleaved
25200,0,0,0.14124351075466893,1.1416430925444478,25,blocked
25201,1,0,0.8204305725535543,0.5346046962282169,25,blocked
25202,2,0,0.3327572650338232,0.6691082026197286,25,blocked
25203,3,0,0.7300026196541018,0.4602106526813432,25,blocked
25204,4,0,0.9008947044967242,0.5829654212721017,25,blocked
25205,5,0,0.08149032825364258,0.6428745528607923,25,blocked
25206,6,0,0.5809511079595715,0.41128861505956954,25,blocked
25207,7,0,0.8086272582168209,0.509797323436683,25,blocked
25208,8,0,0.06102453599463316,0.6522981400841619,25,blocked
25209,9,0,0.13398732330127494,0.6441988834389121,25,blocked
25210,10,0,0.8921687833189993,0.4484022268305717,25,blocked
25211,11,0,0.1847324894985498,0.5528105831476663,25,blocked
25212,12,0,0.9689005907327457,0.35717434217248634,25,blocked
25213,13,0,0.012543023278196303,0.6000813103883142,25,blocked
25214,14,0,0.8609933465514028,0.22683838715662386,25,blocked
25215,15,0,0.26764858989586,0.4756418148088731,25,blocked
25216,16,0,0.7947155034166536,0.48819883813892717,25,blocked
25217,17,0,0.8341026328049082,0.694150437423259,25,blocked
25218,18,0,0.9222872802464483,0.3772276375872661,25,blocked
25219,19,0,0.20087170792710246,0.7346589038068714,25,blocked
25220,20,0,0.49038084109926805,0.43631080276646167,25,blocked
25221,21,0,0.3201573465972475,0.5951220850245237,25,blocked
25222,22,0,0.6329644598135493,0.46924244284936495,25,blocked
25223,23,0,0.47378741665918395,0.5130412308041989,25,blocked
25224,24,0,0.7703201677728964,0.5167891979957668,25,blocked
25225,25,0,0.9728576841764998,0.3305105824035662,25,blocked
25226,26,0,0.08964021957199994,0.4987665225675758,25,blocked
25227,27,0,0.2930663382145908,0.4274308873146624,25,blocked
25228,28,0,0.9427300080908819,0.3792466623128111,25,blocked
25229,29,0,0.23761961307234894,0.6724588964182414,25,blocked
25230,30,0,0.8907948337912461,0.49258914345990495,25,blocked
25231,31,0,0.9370112561170281,0.3737272526889271,25,blocked
25232,32,0,0.9205385031592379,0.26772413749228696,25,blocked
25233,33,0,0.9416322594377127,0.2738414414380396,25,blocked
25234,34,0,0.0896405566011985,0.4356568627047791,25,blocked
25235,35,0,0.9600138683532763,0.44875296124674047,25,blocked
25236,36,0,0.5335967001401137,0.6864318014725478,25,blocked
25237,37,0,0.40669296570799707,0.5080131184309331,25,blocked
25238,38,0,0.6038733401246773,0.5701488638525156,25,blocked
25239,39,0,0.8881295429283866,0.34232217893073447,25,blocked
25240,40,0,0.35007122763099424,0.640718968186836,25,blocked
25241,41,0,0.39801053021535465,0.4444953756434889,25,blocked
25242,42,0,0.5389750025458003,0.5926472457929572,25,blocked
25243,43,0,0.6097176037775834,0.4238782893117524,25,blocked
25244,44,0,0.70448628495881,0.586192867851545,25,blocked
25245,45,0,0.7486382941327204,0.4427222129963049,25,blocked
25246,46,0,0.5868278407114512,0.3865870735079048,25,blocked
25247,47,0,0.4931968083355306,0.6966384905872305,25,blocked
25248,48,0,0.5858268943910379,0.5530793193333986,25,blocked
25249,49,0,0.48544570055025726,0.5648888923229219,25,blocked
25250,50,0,0.47348128827969443,0.6216001840783724,25,blocked
25251,51,0,0.17336060699900788,0.5506345198980649,25,blocked
25252,52,0,0.4840517685546685,0.5195996491893677,25,blocked
25253,53,0,0.2354686714273465,0.7247275137354297,25,blocked
25254,54,0,0.430751830389476,0.5538031024046731,25,blocked
25255,55,0,0.8141493977267261,0.45727632725978795,25,blocked
25256,56,0,0.23540826487218705,0.7114042656536887,25,blocked
25257,57,0,0.4895138618889696,0.4769795720015383,25,blocked
25258,58,0,0.5422266875283687,0.4878440267555798,25,blocked
25259,59,0,0.6813021849365626,0.32816864664692935,25,blocked
25260,60,0,0.4531153172624429,0.5077955455856116,25,blocked
25261,61,0,0.536928656525029,0.42695873840580945,25,blocked
25262,62,0,0.33661896455145784,0.36266718899269557,25,blocked
25263,63,0,0.6500955911068856,0.5544727540985255,25,blocked
25264,64,0,0.5402647720349121,0.5383872144421586,25,blocked
25265,65,0,0.5052049815086329,0.49834477946462413,25,blocked
25266,66,0,0.4837925181325483,0.5809540424950781,25,blocked
25267,67,0,0.5191429271471563,0.4557221883861907,25,blocked
25268,68,0,0.49337739548180537,0.557214610039301,25,blocked
25269,69,0,0.5260823449326754,0.466577555189849,25,blocked
25270,70,0,0.42671693062695415,0.5438983850852237,25,blocked
25271,71,0,0.46953247734536785,0.4028768927209302,25,blocked
25272,72,0,0.5800168390107315,0.5289744281402843,25,blocked
25273,73,0,0.5033729138105859,0.45693619663999385,25,blocked
25274,74,0,0.5253350199918888,0.44493615409456344,25,blocked
25275,75,0,0.44486671358977153,0.687302277015237,25,blocked
25276,76,0,0.8461924095766973,0.43472444433785584,25,blocked
25277,77,0,0.7568471819702367,0.466758131742668,25,blocked
25278,78,0,0.23781402371652696,0.5830010287116238,25,blocked
25279,79,0,0.3960659994904821,0.5249645630889361,25,blocked
25280,80,0,0.981664856351493,0.32566015097681256,25,blocked
25281,81,0,0.9299510117237748,0.4303124830065917,25,blocked
25282,82,0,0.042958211597904174,0.6157634183644248,25,blocked
25283,83,0,0.8000882812145516,0.5210747466118248,25,blocked
25284,84,0,0.08529547510176747,0.6508080338860966,25,blocked
25285,85,0,0.9149147936508226,0.4600008167625482,25,blocked
25286,86,0,0.5918365773205287,0.5005510388138439,25,blocked
25287,87,0,0.3325663182049178,0.4750807869684044,25,blocked
25288,88,0,0.06925554866163314,0.6017701130232387,25,blocked
25289,89,0,0.4785410276615864,0.5198558457944952,25,blocked
25290,90,0,0.22870394847483422,0.5233674605652867,25,blocked
25291,91,0,0.698157509745257,0.3818706825358808,25,blocked
25292,92,0,0.9089856923082236,0.30210077148521775,25,blocked
25293,93,0,0.8082186022613669,0.3057915755063352,25,blocked
25294,94,0,0.5038005165904209,0.3600260696371623,25,blocked
25295,95,0,0.16710149364027754,0.4358892090173504,25,blocked
25296,96,0,0.15235560412764632,0.5272909780209867,25,blocked
25297,97,0,0.41562103122361915,0.630772976697502,25,blocked
25298,98,0,0.7569074603724016,0.5147273712194236,25,blocked
25299,99,0,0.9586393592592992,0.4207141730271352,25,blocked
25300,100,0,0.05972322176665241,0.6832437129810325,25,blocked
25301,101,0,0.9208396134989002,0.44133632738035034,25,blocked
25302,102,0,0.10995278806529427,0.5108905036789131,25,blocked
25303,103,0,0.9540786897258116,0.3504793553179427,25,blocked
25304,104,0,0.06252390407207956,0.7046632356661786,25,blocked
25305,105,0,0.6371013863865933,0.5108230865938226,25,blocked
25306,106,0,0.7467972474977866,0.3983781259061316,25,blocked
25307,107,0,0.23028639108944066,0.4739537181478782,25,blocked
25308,108,0,0.7960908258024155,0.5293290994165658,25,blocked
25309,109,0,0.9044713198826195,0.38315383072145115,25,blocked
25310,110,0,0.15335277589966903,0.5235743313033497,25,blocked
25311,111,0,0.7461413044514424,0.467868836300004,25,blocked
25312,112,0,0.9899318802311066,0.2761659489102835,25,blocked
25313,113,0,0.2261684284124703,0.652977178519059,25,blocked
25314,114,0,0.8103841874882949,0.3808466328061283,25,blocked
25315,115,0,0.4195224650857679,0.4690127945873779,25,blocked
25316,116,0,0.26992364061562035,0.4592424573906724,25,blocked
25317,117,0,0.7920819030183475,0.49953014065274615,25,blocked
25318,118,0,0.2091886233216845,0.4639400520945551,25,blocked
25319,119,0,0.9395444007433181,0.3185757330032726,25,blocked
25320,120,0,0.5248097747869686,0.4881719336369347,25,blocked
25321,121,0,0.2879643502234785,0.3807715793763605,25,blocked
25322,122,0,0.3345422288243987,0.5555273759850506,25,blocked
25323,123,0,0.4581096856433492,0.4552222529745177,25,blocked
25324,124,0,0.5634479393812866,0.4776768819620951,25,blocked
25325,125,0,0.23591139351429297,0.5125852548675567,25,blocked
25326,126,0,0.4438285997526692,0.5847309698430374,25,blocked
25327,127,0,0.49939116897390234,0.4182965307958052,25,blocked
25328,128,0,0.27501214907078975,0.4871785268263583,25,blocked
25329,129,0,0.5715261048183002,0.3964598750219564,25,blocked
25330,130,0,0.16440522708018263,0.43296268092588247,25,blocked
25331,131,0,0.5963014304395267,0.4078228924041901,25,blocked
25332,132,0,0.4488766055355451,0.7263214357917394,25,blocked
25333,133,0,0.5210251176436264,0.6034609438219931,25,blocked
25334,134,0,0.4873984966739011,0.500090466861025,25,blocked
25335,135,0,0.44256495518446276,0.36437558688519417,25,blocked
25336,136,0,0.42025413923613353,0.5479886826931746,25,blocked
25337,137,0,0.5277425504750703,0.42092973325357325,25,blocked
25338,138,0,0.43155875071083694,0.47622703786693665,25,blocked
25339,139,0,0.4183141393814577,0.4421677432019766,25,blocked
25340,140,0,0.31948904658522587,0.5152758052034961,25,blocked
25341,141,0,0.3513548205685817,0.46162588219921596,25,blocked
25342,142,0,0.5422166112081256,0.5462032762969643,25,blocked
25343,143,0,0.5832176629568471,0.46594377956658,25,blocked
25344,144,0,0.43782730445458906,0.5618752353725021,25,blocked
25345,145,0,0.34232464001648893,0.5666023708181313,25,blocked
25346,146,0,0.41342670858306607,0.486252430258217,25,blocked
25347,147,0,0.29781211034732125,0.43204060382995974,25,blocked
25348,148,0,0.49473034890817236,0.32902671277051776,25,blocked
25349,149,0,0.5166876178699906,0.3414503201966005,25,blocked
25350,150,0,0.4610477562820435,0.47897536519641626,25,blocked
25351,151,0,0.48319921660351917,0.4092411609847037,25,blocked
25352,152,0,0.4348194493219801,0.4878824464215833,25,blocked
25353,153,0,0.48443802250385043,0.4698397298733583,25,blocked
25354,154,0,0.6084438634405184,0.43721442032436664,25,blocked
25355,155,0,0.8599389292386751,0.43437565716482074,25,blocked
25356,156,0,0.4615733834384496,0.4858570188389978,25,blocked
25357,157,0,0.4943626304781222,0.41240741296860184,25,blocked
25358,158,0,0.45284342783916065,0.4679565003448337,25,blocked
25359,159,0,0.5400253861721058,0.49891773260703787,25,blocked
25360,160,0,0.42520971868472235,0.5983180428617069,25,blocked
25361,161,0,0.7431846013120157,0.29059532480775785,25,blocked
25362,162,0,0.7744265406750657,0.4421720268987931,25,blocked
25363,163,0,0.7637394721161935,0.3144911487591888,25,blocked
25364,164,0,0.42525437261830135,0.35087080137868865,25,blocked
25365,165,0,0.5984237503905498,0.587051167859088,25,blocked
25366,166,0,0.8593167220209215,0.4373526777625615,25,blocked
25367,167,0,0.5554177046287943,0.5763589270688885,25,blocked
25368,168,0,0.7367065000014897,0.4601607363964283,25,blocked
25369,169,0,0.3799413169301597,0.46866409951655685,25,blocked
25370,170,0,0.4888107177923965,0.39894578274378345,25,blocked
25371,171,0,0.9531394802758826,0.5550362829206408,25,blocked
25372,172,0,0.026449992970022623,0.48420324991698294,25,blocked
25373,173,0,0.49467470099130845,0.42277982135184766,25,blocked
25374,174,0,0.06000636603033943,0.5771756459694853,25,blocked
25375,175,0,0.2916164282171476,0.5271933006128002,25,blocked
25376,176,0,0.6125030363705488,0.34324520079598786,25,blocked
25377,177,0,0.42355871734973083,0.6205436562601948,25,blocked
25378,178,0,0.22852298788216066,0.5358209575283428,25,blocked
25379,179,0,0.713577805044604,0.44183680387695834,25,blocked
25380,180,0,0.42013571090653146,0.4192637776857241,25,blocked
25381,181,0,0.8914214854536124,0.44030193059430134,25,blocked
25382,182,0,0.48646133795819074,0.5113664408345968,25,blocked
25383,183,0,0.9336700812927596,0.43395373515208024,25,blocked
25384,184,0,0.5803909457343721,0.4078006341057626,25,blocked
25385,185,0,0.47163287063354414,0.48643511342908435,25,blocked
25386,186,0,0.8617599323040936,0.29825869508306374,25,blocked
25387,187,0,0.517145689817397,0.4342224046827757,25,blocked
25388,188,0,0.6603795174351044,0.29984227721028484,25,blocked
25389,189,0,0.17313693379820141,0.4710576836791963,25,blocked
25390,190,0,0.8114988526755682,0.3735973476486833,25,blocked
25391,191,0,0.6671244048755294,0.6238897781771178,25,blocked
25392,192,0,0.3392563742525231,0.5873378575245957,25,blocked
25393,193,0,0.3214172670436843,0.5200363189555308,25,blocked
25394,194,0,0.5436236329923381,0.31790351777277187,25,blocked
25395,195,0,0.3564554267737783,0.5363309495626432,25,blocked
25396,196,0,0.6484254832154308,0.34799387228056256,25,blocked
25397,197,0,0.662574029123647,0.48915527983535956,25,blocked
25398,198,0,0.5664775966510637,0.43340940073235057,25,blocked
25399,199,0,0.7764469158922886,0.4465412502448311,25,blocked
25400,0,0,0.009761566709672764,0.8783055076321233,25,early
25401,1,0,0.9446632185625519,0.5691403449539281,25,early
25402,2,0,0.9718636413125666,0.4419561537237048,25,early
25403,3,0,0.9672416242813782,0.5372271077924308,25,early
25404,4,0,0.9924845098244195,0.3962384155807167,25,early
25405,5,0,0.979900736928843,0.6279525245138171,25,early
25406,6,0,0.03876934963381778,0.6716844702908655,25,early
25407,7,0,0.09984513278842316,0.4646078501629738,25,early
25408,8,0,0.0585094589387632,0.531491302183632,25,early
25409,9,0,0.9762501040222398,0.5323441212974558,25,early
25410,10,0,0.98633813541362,0.7387023642869017,25,early
25411,11,0,0.9879921315469069,0.43787177973329106,25,early
25412,12,0,0.02768624118813236,0.7896272208068251,25,early
25413,13,0,0.16086115219138789,0.49506343331234026,25,early
25414,14,0,0.8592814640278381,0.4770957374000175,25,early
25415,15,0,0.3799042244418651,0.6602700650627207,25,early
25416,16,0,0.09393861985232906,0.5793046143668815,25,early
25417,17,0,0.8649413484010651,0.5314992346428368,25,early
25418,18,0,0.38374543968067065,0.49964464922327645,25,early
25419,19,0,0.946013686514509,0.4777835089923516,25,early
25420,20,0,0.7830227412760966,0.4791373866842774,25,early
25421,21,0,0.8649936045751737,0.5456354540385293,25,early
25422,22,0,0.9789610038501162,0.5605346568180811,25,early
25423,23,0,0.23954385037443496,0.5532457121215855,25,early
25424,24,0,0.9466515475685058,0.4220401923415159,25,early
25425,25,0,0.08944813361026795,0.47061146407623855,25,early
25426,26,0,0.0924826912789168,0.6395868961024956,25,early
25427,27,0,0.8705828796545803,0.655386272954083,25,early
25428,28,0,0.046486504539650315,0.6953092295836087,25,early
25429,29,0,0.8700679293294344,0.4159801963583255,25,early
25430,30,0,0.0987675525614658,0.45257190808046344,25,early
25431,31,0,0.2003910065332818,0.46534742192097356,25,early
25432,32,0,0.1646323686875972,0.5014161308384277,25,early
25433,33,0,0.38472020532103773,0.5375751352696552,25,early
25434,34,0,0.47891193452072506,0.5485856466120045,25,early
25435,35,0,0.9666542888630426,0.5265794638160014,25,early
25436,36,0,0.8957061059233602,0.5458454862593887,25,early
25437,37,0,0.9501185170074435,0.4689810370898897,25,early
25438,38,0,0.9532715928777361,0.33230474950655375,25,early
25439,39,0,0.9667856834761721,0.3540487351447179,25,early
25440,40,0,0.3982940560776535,0.460307793300387,25,early
25441,41,0,0.23563586147437643,0.4298225345340976,25,early
25442,42,0,0.534445461035076,0.48352757196811935,25,early
25443,43,0,0.4601833002826433,0.6479311070854192,25,early
25444,44,0,0.04679361189082999,0.792636216103739,25,early
25445,45,0,0.563154906744838,0.347565694891261,25,early
25446,46,0,0.45489839770301677,0.5332474475115758,25,early
25447,47,0,0.4530820591474748,0.5246000613146247,25,early
25448,48,0,0.48153542641069036,0.4445801244055757,25,early
25449,49,0,0.5100795895572096,0.4701922679593197,25,early
25450,50,0,0.502952314842007,0.5605394256311355,25,early
25451,51,0,0.352309073302159,0.46660949393181417,25,early
25452,52,0,0.5369792827567763,0.46208227767651067,25,early
25453,53,0,0.296595018722378,0.4828128055523678,25,early
25454,54,0,0.8057584016633339,0.38567453635992155,25,early
25455,55,0,0.5449631839710172,0.5780753521485527,25,early
25456,56,0,0.4187824609528522,0.5234630702497557,25,early
25457,57,0,0.5635245233116083,0.3743813787776198,25,early
25458,58,0,0.23886853697579336,0.5634012211590848,25,early
25459,59,0,0.5867488039426477,0.39312953547815843,25,early
25460,60,0,0.8407273943997685,0.3879084958523905,25,early
25461,61,0,0.7346364076729224,0.390479291860246,25,early
25462,62,0,0.5509091027162853,0.4432203307144822,25,early
25463,63,0,0.4568281237671441,0.42647107434901765,25,early
25464,64,0,0.4992875556020925,0.43403362932987466,25,early
25465,65,0,0.38880934298594483,0.618889613302636,25,early
25466,66,0,0.7276819148762903,0.49627184586234485,25,early
25467,67,0,0.5585535385459119,0.4409705807692541,25,early
25468,68,0,0.7197680073406456,0.4171433633204599,25,early
25469,69,0,0.1458114595952768,0.5022064673838162,25,early
25470,70,0,0.7540882615700741,0.5432021007192288,25,early
25471,71,0,0.2712801719215614,0.428766421730118,25,early
25472,72,0,0.7857894551423499,0.4490230664999475,25,early
25473,73,0,0.9227487100044172,0.30004103745556565,25,early
25474,74,0,0.8023828652581624,0.41447420483919184,25,early
25475,75,0,0.7558160225241204,0.376174347277879,25,early
25476,76,0,0.5058426859221696,0.5643744040735514,25,early
25477,77,0,0.997598259532062,0.4082722463405787,25,early
25478,78,0,0.02884509044999792,0.5485927409056146,25,early
25479,79,0,0.656775122801011,0.46180796612429065,25,early
25480,80,0,0.37698004258851747,0.3836024323724685,25,early
25481,81,0,0.9633490933572244,0.36899250317442644,25,early
25482,82,0,0.4993534488640233,0.4988005234357066,25,early
25483,83,0,0.1560377789364226,0.4600568319747744,25,early
25484,84,0,0.7748802652661936,0.4417967429468539,25,early
25485,85,0,0.10564029567493,0.5159898689731269,25,early
25486,86,0,0.41056750161336636,0.32152832924462993,25,early
25487,87,0,0.7348791102604055,0.3830929518322057,25,early
25488,88,0,0.37826875668947896,0.4645185650313955,25,early
25489,89,0,0.7854877747120343,0.24901524084985,25,early
25490,90,0,0.5885312563817088,0.6089142634271507,25,early
25491,91,0,0.6260194474385712,0.3507415347435272,25,early
25492,92,0,0.5057650544747626,0.48282170890088477,25,early
25493,93,0,0.6725937097884556,0.47554543471112265,25,early
25494,94,0,0.7144150503087996,0.5887956416895346,25,early
25495,95,0,0.47270747899204457,0.4659965501344534,25,early
25496,96,0,0.2259033945692066,0.5540627398238416,25,early
25497,97,0,0.9852395706238042,0.41286682235509153,25,early
25498,98,0,0.5008846436848112,0.510317251012834,25,early
25499,99,0,0.7182751892442601,0.44777531448634234,25,early
25500,100,0,0.5259822202225811,0.4564323813998121,25,early
25501,101,0,0.853553058859509,0.5182258909355497,25,early
25502,102,0,0.5008601585739515,0.5404427088338764,25,early
25503,103,0,0.9357554670768211,0.3716624535510461,25,early
25504,104,0,0.4293307988620331,0.40306762336310253,25,early
25505,105,0,0.9901089709550988,0.3850838393202851,25,early
25506,106,0,0.5024070730360068,0.48061194436322857,25,early
25507,107,0,0.4453091259982372,0.5318493360828863,25,early
25508,108,0,0.4231356831416593,0.43438105288480056,25,early
25509,109,0,0.23288223031219663,0.42690559333302236,25,early
25510,110,0,0.10904981976995393,0.5880032442788239,25,early
25511,111,0,0.9118654282791498,0.3077014785044857,25,early
25512,112,0,0.6495988731960145,0.5921226852956047,25,early
25513,113,0,0.6282520535419088,0.43764213533665763,25,early
25514,114,0,0.6527737301368673,0.37247835189694856,25,early
25515,115,0,0.619635327899662,0.4313700779447911,25,early
25516,116,0,0.8614178964490393,0.33523787533485355,25,early
25517,117,0,0.5092931015939737,0.45613308267032904,25,early
25518,118,0,0.7939822066575664,0.4388500531702836,25,early
25519,119,0,0.011218871690105655,0.5478071507413589,25,early
25520,120,0,0.9391250124074655,0.37117449191991314,25,early
25521,121,0,0.9345419370054141,0.2871634583533007,25,early
25522,122,0,0.800817206980986,0.5467917815940413,25,early
25523,123,0,0.3173760614266215,0.3552836071080131,25,early
25524,124,0,0.25231503437535696,0.42983668710765466,25,early
25525,125,0,0.6284802164091525,0.301562143332742,25,early
25526,126,0,0.8401555301610228,0.4250334915645272,25,early
25527,127,0,0.9789332572366745,0.3694047878958907,25,early
25528,128,0,0.8649831599833455,0.6052064008735869,25,early
25529,129,0,0.4201727488487786,0.4983514197892538,25,early
25530,130,0,0.6067854609737,0.49375486411855884,25,early
25531,131,0,0.2765751747352068,0.4702332365302072,25,early
25532,132,0,0.6464391862753772,0.4215012657445017,25,early
25533,133,0,0.8110290165958771,0.4185014043751609,25,early
25534,134,0,0.8772514375785297,0.31383438135159347,25,early
25535,135,0,0.19414681347741955,0.41922532206503715,25,early
25536,136,0,0.5125912214778182,0.49175757933515857,25,early
25537,137,0,0.5140354441595492,0.5261395218801126,25,early
25538,138,0,0.5400482086580479,0.4196638290286655,25,early
25539,139,0,0.5008617019058828,0.3821558223863136,25,early
25540,140,0,0.4881290313302441,0.3728327633165729,25,early
25541,141,0,0.9372833113061632,0.2009927436126986,25,early
25542,142,0,0.7742126906979808,0.4700878906803857,25,early
25543,143,0,0.6760015954197949,0.3430136081612748,25,early
25544,144,0,0.5030077136556533,0.37161499679242893,25,early
25545,145,0,0.17939706453233292,0.5707904935061863,25,early
25546,146,0,0.758796439214607,0.34866352845736637,25,early
25547,147,0,0.666686140735079,0.3152675946838001,25,early
25548,148,0,0.5806041704266628,0.3524494816046283,25,early
25549,149,0,0.7356996930178161,0.41258001620117035,25,early
25550,150,0,0.5011089832509473,0.5322391395355954,25,early
25551,151,0,0.2468933830128013,0.4100105680539349,25,early
25552,152,0,0.5185245148616969,0.29566069538988166,25,early
25553,153,0,0.13976472254967773,0.6061390692123116,25,early
25554,154,0,0.8408572301545523,0.40725061125867124,25,early
25555,155,0,0.5241302295501986,0.24614016968247998,25,early
25556,156,0,0.45201990050840557,0.37792498290175525,25,early
25557,157,0,0.5400839885588239,0.445877713180753,25,early
25558,158,0,0.577066631283975,0.3899026843855269,25,early
25559,159,0,0.25889463626883297,0.41580700601216614,25,early
25560,160,0,0.6056962099929682,0.3805038758684901,25,early
25561,161,0,0.21448396062079988,0.48809114772184414,25,early
25562,162,0,0.4465965592318634,0.47207467058912,25,early
25563,163,0,0.8479439392971453,0.36635463450796724,25,early
25564,164,0,0.5755339098906661,0.417913929153015,25,early
25565,165,0,0.5905721171527542,0.4274854085071833,25,early
25566,166,0,0.947674485219913,0.3979734382610103,25,early
25567,167,0,0.47554313976854057,0.5199454696322836,25,early
25568,168,0,0.6677726349503876,0.2886261960780645,25,early
25569,169,0,0.7005436813914072,0.42015420118802915,25,early
25570,170,0,0.496499917539332,0.5257083993051538,25,early
25571,171,0,0.6736563803988986,0.3685257072877618,25,early
25572,172,0,0.5155594487894422,0.5227305114194061,25,early
25573,173,0,0.9796589589889706,0.27425464629370294,25,early
25574,174,0,0.6455511071832641,0.39922658234513686,25,early
25575,175,0,0.36340141397384285,0.5424980448007403,25,early
25576,176,0,0.9574577295671185,0.30172244014154637,25,early
25577,177,0,0.7673186659262459,0.44934663495823,25,early
25578,178,0,0.572844994176946,0.34695457494791615,25,early
25579,179,0,0.4630494112743264,0.49129072528443135,25,early
25580,180,0,0.9653362766404978,0.40149043747693114,25,early
25581,181,0,0.5611372730073676,0.3765695365750694,25,early
25582,182,0,0.7527058303049925,0.3746930256110075,25,early
25583,183,0,0.5094638779019814,0.4093109463587189,25,early
25584,184,0,0.5018693516030504,0.37062486731155586,25,early
25585,185,0,0.7650688245341326,0.3265753046512685,25,early
25586,186,0,0.7794075755950358,0.34728384977803717,25,early
25587,187,0,0.9612976223913292,0.3184682322653282,25,early
25588,188,0,0.16155881148520335,0.4818431079916091,25,early
25589,189,0,0.3840631860201398,0.3248380284451312,25,early
25590,190,0,0.13014061762209916,0.4431895855257816,25,early
25591,191,0,0.8257167798797146,0.4097891975275548,25,early
25592,192,0,0.31643439169317583,0.3557754808341228,25,early
25593,193,0,0.5271440984330564,0.5107853082069361,25,early
25594,194,0,0.7180150182863763,0.3181629852290645,25,early
25595,195,0,0.8748508940489291,0.30142915358019456,25,early
25596,196,0,0.7093651305320375,0.3678270219867743,25,early
25597,197,0,0.8510524219360078,0.28566416880139633,25,early
25598,198,0,0.9456886076115396,0.3079143746070522,25,early
25599,199,0,0.26794728466057327,0.4494043689261681,25,early
25600,0,0,0.5134563718046014,0.8476978735291657,25,middle
25601,1,0,0.22265786005983157,0.5487969963739475,25,middle
25602,2,0,0.6105265697543603,0.5367360014743368,25,middle
25603,3,0,0.6624035313761101,0.5977675786000085,25,middle
25604,4,0,0.5434704640415083,0.4818898580972849,25,middle
25605,5,0,0.3290206484349042,0.5875442611150306,25,middle
25606,6,0,0.39334793966107284,0.4722866834497072,25,middle
25607,7,0,0.43715299583392697,0.5807823518385762,25,middle
25608,8,0,0.4822299557096782,0.6179565712042507,25,middle
25609,9,0,0.5000889714032313,0.5331693755931393,25,middle
25610,10,0,0.4466761770252148,0.5096637812355178,25,middle
25611,11,0,0.4416422959810981,0.42020661784361474,25,middle
25612,12,0,0.433618944692499,0.48318115892879676,25,middle
25613,13,0,0.7456090208427666,0.41727521250421795,25,middle
25614,14,0,0.3861842974162342,0.5463059073511177,25,middle
25615,15,0,0.19792914290840047,0.4160864390302998,25,middle
25616,16,0,0.7208045370849181,0.5654062193104678,25,middle
25617,17,0,0.6154081525046556,0.5208464353725444,25,middle
25618,18,0,0.47368990789750176,0.42882818842860126,25,middle
25619,19,0,0.34459417597830844,0.4157669124110128,25,middle
25620,20,0,0.5597738217151222,0.40647096273766536,25,middle
25621,21,0,0.4236641235338568,0.353138647413598,25,middle
25622,22,0,0.8725833905695263,0.46826252693684867,25,middle
25623,23,0,0.3563463556187243,0.570074245155391,25,middle
25624,24,0,0.28509310602552207,0.4921593824791288,25,middle
25625,25,0,0.6703566868273149,0.37216850725612494,25,middle
25626,26,0,0.3714530596138786,0.47486903975057376,25,middle
25627,27,0,0.2750605305843495,0.5985593572670491,25,middle
25628,28,0,0.5552403262345306,0.3244829568139523,25,middle
25629,29,0,0.7544264848093662,0.46597745052246714,25,middle
25630,30,0,0.5051901478403639,0.4654514574179931,25,middle
25631,31,0,0.4074976810059987,0.47654841384585117,25,middle
25632,32,0,0.49476511061432704,0.3710687501286338,25,middle
25633,33,0,0.31071446516366574,0.4472514686230065,25,middle
25634,34,0,0.4718734744484899,0.3981046655338498,25,middle
25635,35,0,0.4741930514242976,0.48734012860465414,25,middle
25636,36,0,0.42192979897464444,0.5908234959233616,25,middle
25637,37,0,0.7923522348013172,0.6815161947117051,25,middle
25638,38,0,0.32640143438491914,0.5163487687884465,25,middle
25639,39,0,0.5529912500609658,0.41420093778824396,25,middle
25640,40,0,0.4058020725267915,0.5186001118973366,25,middle
25641,41,0,0.23396792442689265,0.5038332135052708,25,middle
25642,42,0,0.5655059751365711,0.3854763425619246,25,middle
25643,43,0,0.3241359062711805,0.44760361836587725,25,middle
25644,44,0,0.740957801787556,0.5883493328561867,25,middle
25645,45,0,0.7662112765093908,0.48762472083873243,25,middle
25646,46,0,0.23872426019770648,0.5708952335818402,25,middle
25647,47,0,0.287159563723427,0.542296549201942,25,middle
25648,48,0,0.5301157084971136,0.580233925872401,25,middle
25649,49,0,0.7216238127101176,0.48574183174816665,25,middle
25650,50,0,0.5043132781092715,0.42851688294955437,25,middle
25651,51,0,0.6592207181577402,0.5345450198102806,25,middle
25652,52,0,0.6209300867748688,0.45950210860819063,25,middle
25653,53,0,0.8769883755740395,0.4184603994009122,25,middle
25654,54,0,0.9408914530610883,0.35607482336104246,25,middle
25655,55,0,0.26483833129576856,0.45892761426605133,25,middle
25656,56,0,0.26286198090942503,0.439950866155038,25,middle
25657,57,0,0.4117341720612038,0.5290241732023315,25,middle
25658,58,0,0.35293010796493357,0.5251917702902129,25,middle
25659,59,0,0.7125505787803047,0.35539464487781547,25,middle
25660,60,0,0.513768190542873,0.3170241434613298,25,middle
25661,61,0,0.167644224459014,0.554762857293157,25,middle
25662,62,0,0.5265184525516882,0.4747547600685341,25,middle
25663,63,0,0.6443563185486143,0.6375946824328054,25,middle
25664,64,0,0.7873220094937056,0.47488377525801384,25,middle
25665,65,0,0.31905956131110186,0.4973026345176417,25,middle
25666,66,0,0.8734063183196703,0.3646248645342251,25,middle
25667,67,0,0.7131633507187454,0.47714055620305884,25,middle
25668,68,0,0.7443664437734121,0.41085987097191856,25,middle
25669,69,0,0.4780667136501107,0.48983214682276727,25,middle
25670,70,0,0.6138928936262326,0.40847688440100416,25,middle
25671,71,0,0.6425630579657965,0.4260836407270514,25,middle
25672,72,0,0.5795723802175761,0.39822333344383987,25,middle
25673,73,0,0.551315838948619,0.4160628170637825,25,middle
25674,74,0,0.6565205142176871,0.38314101001294826,25,middle
25675,75,0,0.8546689870077193,0.418330363392012,25,middle
25676,76,0,0.6192785595391338,0.49331210516026525,25,middle
25677,77,0,0.7065871473333634,0.4471106094944379,25,middle
25678,78,0,0.7388827206760683,0.4255111993731342,25,middle
25679,79,0,0.7815885469067715,0.34630854580913617,25,middle
25680,80,0,0.44654610125047406,0.3991097007846738,25,middle
25681,81,0,0.7024291430405754,0.4719117769099197,25,middle
25682,82,0,0.05562887872359014,0.6601527161263037,25,middle
25683,83,0,0.2840558892867687,0.5692609062201706,25,middle
25684,84,0,0.5650386588232681,0.47089263467851705,25,middle
25685,85,0,0.5767483016283811,0.4609844243863782,25,middle
25686,86,0,0.7553673064416073,0.3745454752486317,25,middle
25687,87,0,0.8276234798969748,0.3469523825862138,25,middle
25688,88,0,0.9653146261797261,0.4844744598909838,25,middle
25689,89,0,0.9668081265178561,0.36363789067812513,25,middle
25690,90,0,0.15008999093934738,0.5251153300273783,25,middle
25691,91,0,0.46690629217457813,0.47158917529892475,25,middle
25692,92,0,0.3670344788411843,0.4336691728078571,25,middle
25693,93,0,0.5285227561927239,0.3896890792015699,25,middle
25694,94,0,0.6430867009099663,0.4931304399247366,25,middle
25695,95,0,0.2064238958768867,0.40156866804828323,25,middle
25696,96,0,0.4866302619411285,0.4715373391236679,25,middle
25697,97,0,0.5376438572907911,0.5119199557198109,25,middle
25698,98,0,0.6768388690478451,0.4938563223226239,25,middle
25699,99,0,0.49700691266952063,0.4241542669215333,25,middle
25700,100,0,0.69174705509641,0.340459071170098,25,middle
25701,101,0,0.7889342265465029,0.4444934051854619,25,middle
25702,102,0,0.829662150365359,0.4054464079552875,25,middle
25703,103,0,0.4198535000253096,0.3241166782518112,25,middle
25704,104,0,0.558922011515202,0.3572804067432,25,middle
25705,105,0,0.08190879452421676,0.5364899700958786,25,middle
25706,106,0,0.9370827401603767,0.5235217501106298,25,middle
25707,107,0,0.8870478114846034,0.32655141879550953,25,middle
25708,108,0,0.29126896200031166,0.6212314637223382,25,middle
25709,109,0,0.6804777122501774,0.3652585741311658,25,middle
25710,110,0,0.8427881966994715,0.3929997222204181,25,middle
25711,111,0,0.7911165267981616,0.46119922605537644,25,middle
25712,112,0,0.873513252797435,0.3763059341671856,25,middle
25713,113,0,0.44919490978244464,0.5178967413267495,25,middle
25714,114,0,0.8171858527547028,0.42648736334827364,25,middle
25715,115,0,0.061724928085347464,0.5541916044342042,25,middle
25716,116,0,0.03593076524396184,0.44591356560824214,25,middle
25717,117,0,0.8612981295295113,0.45812173235013726,25,middle
25718,118,0,0.29643074566867833,0.3149729692849842,25,middle
25719,119,0,0.7386065245093362,0.47264333421720134,25,middle
25720,120,0,0.7051750664769102,0.43105840979997334,25,middle
25721,121,0,0.3604826293187805,0.3289775353076906,25,middle
25722,122,0,0.08966970754379086,0.5783377932207238,25,middle
25723,123,0,0.8066982489837938,0.34020073459083994,25,middle
25724,124,0,0.5348489878830971,0.3859596068949982,25,middle
25725,125,0,0.4533319966765078,0.37862191561122993,25,middle
25726,126,0,0.5851682961879019,0.48241787106693124,25,middle
25727,127,0,0.5447236285181197,0.539554701279124,25,middle
25728,128,0,0.27997268828700045,0.4268185762764476,25,middle
25729,129,0,0.6657879523265359,0.4626658361035706,25,middle
25730,130,0,0.43558086785046074,0.3831171670867259,25,middle
25731,131,0,0.6306253200132111,0.48558635021535657,25,middle
25732,132,0,0.5608769899382645,0.3453699336046022,25,middle
25733,133,0,0.7425943041609606,0.47003890641080753,25,middle
25734,134,0,0.31709854449489955,0.41837246002786316,25,middle
25735,135,0,0.9345288513021046,0.3157551371237538,25,middle
25736,136,0,0.315423988246029,0.48260922457345207,25,middle
25737,137,0,0.6083257113313915,0.3225758698955676,25,middle
25738,138,0,0.23407927125394148,0.42457383191934384,25,middle
25739,139,0,0.6653813783419807,0.3811247977706085,25,middle
25740,140,0,0.7949810968861756,0.3938677378990332,25,middle
25741,141,0,0.5990821017943448,0.4169613706429778,25,middle
25742,142,0,0.2670708537385032,0.6130486131610446,25,middle
25743,143,0,0.4490038778271611,0.3587112934999612,25,middle
25744,144,0,0.4873305892609914,0.5184850861129279,25,middle
25745,145,0,0.48922363511294026,0.48347152513646585,25,middle
25746,146,0,0.26885176679376527,0.4375489150984154,25,middle
25747,147,0,0.29643059645539815,0.3965269121018224,25,middle
25748,148,0,0.45485297109615985,0.525044779354993,25,middle
25749,149,0,0.6935544735073165,0.4433686004233116,25,middle
25750,150,0,0.2879278800460431,0.4317494398316182,25,middle
25751,151,0,0.22145181056886135,0.5143457031113877,25,middle
25752,152,0,0.3912015767229756,0.4343456080597235,25,middle
25753,153,0,0.7737830729762541,0.4950440524321256,25,middle
25754,154,0,0.34510621945833,0.3576086899758362,25,middle
25755,155,0,0.5009971320965356,0.34639944435781417,25,middle
25756,156,0,0.5539315483791801,0.3436332789510621,25,middle
25757,157,0,0.8101956764293383,0.4956629474607136,25,middle
25758,158,0,0.3264837911126922,0.41372103649474584,25,middle
25759,159,0,0.630792094311156,0.31879697316728506,25,middle
25760,160,0,0.681809878628618,0.3212285553829211,25,middle
25761,161,0,0.49459994785872147,0.3653288079625109,25,middle
25762,162,0,0.6056369758135184,0.36279281305982103,25,middle
25763,163,0,0.8931493250999503,0.335089125085188,25,middle
25764,164,0,0.8067583869050408,0.42086390404364843,25,middle
25765,165,0,0.9590320192170937,0.2925205964660536,25,middle
25766,166,0,0.5269700624784533,0.5327102037142146,25,middle
25767,167,0,0.5276080894581056,0.44322878067968113,25,middle
25768,168,0,0.8284548831995633,0.34967220791308273,25,middle
25769,169,0,0.909701605858225,0.2616884899671157,25,middle
25770,170,0,0.13476015606324188,0.4168709658020526,25,middle
25771,171,0,0.19551422249978367,0.4687745011967547,25,middle
25772,172,0,0.3791667159761375,0.37183876290843254,25,middle
25773,173,0,0.712877914304278,0.3775856934730393,25,middle
25774,174,0,0.53959276452165,0.333247101243248,25,middle
25775,175,0,0.4793571275392927,0.2676988517572993,25,middle
25776,176,0,0.6651881970688178,0.34017683666688325,25,middle
25777,177,0,0.1966198825811972,0.4356008370364928,25,middle
25778,178,0,0.4921513906365383,0.3714711619400476,25,middle
25779,179,0,0.34909726320035617,0.44780234994170987,25,middle
25780,180,0,0.5898530841223276,0.3033821661691527,25,middle
25781,181,0,0.7975408854343391,0.41966191916154605,25,middle
25782,182,0,0.8317560292360845,0.29470432468936425,25,middle
25783,183,0,0.7432587041491217,0.29448374613050904,25,middle
25784,184,0,0.45971348001690665,0.3944297372785641,25,middle
25785,185,0,0.8660964261217587,0.338968443777797,25,middle
25786,186,0,0.23975232268469904,0.49954043913612767,25,middle
25787,187,0,0.4992443512702014,0.3185012939270204,25,middle
25788,188,0,0.7243244361756118,0.4249727805885657,25,middle
25789,189,0,0.777777030575973,0.31011811135358563,25,middle
25790,190,0,0.27966396934037085,0.3868691306678219,25,middle
25791,191,0,0.5889761640246509,0.5685071113290179,25,middle
25792,192,0,0.6084295716126457,0.3697344537884397,25,middle
25793,193,0,0.28618446603763337,0.5406270409631548,25,middle
25794,194,0,0.6511539929926824,0.3094800678517404,25,middle
25795,195,0,0.1878633657148251,0.4429504432898814,25,middle
25796,196,0,0.35171356666512693,0.41546807947053793,25,middle
25797,197,0,0.564417878214235,0.5340162112839235,25,middle
25798,198,0,0.5610619666330781,0.45711487382936156,25,middle
25799,199,0,0.6079205170171604,0.3939257684582402,25,middle
25800,0,0,0.7443834621921928,0.6622188593613231,25,late
25801,1,0,0.7282766992817569,0.44499614824556244,25,late
25802,2,0,0.650384362121249,0.4106382259005538,25,late
25803,3,0,0.36227092889340207,0.5434479256995741,25,late
25804,4,0,0.8435254195002688,0.5081242278207118,25,late
25805,5,0,0.744171040613701,0.6201277310697377,25,late
25806,6,0,0.16732351858564207,0.7481121865685332,25,late
25807,7,0,0.3537498183783168,0.5941430491699757,25,late
25808,8,0,0.4680707596381055,0.5565006826656614,25,late
25809,9,0,0.9105935896267983,0.5489682215129679,25,late
25810,10,0,0.4768745555030314,0.43203209653257413,25,late
25811,11,0,0.16528861066952605,0.37088787083661223,25,late
25812,12,0,0.6590808721433878,0.369468031107009,25,late
25813,13,0,0.8336725423898839,0.4414618242326832,25,late
25814,14,0,0.47339364376024523,0.6265451196891256,25,late
25815,15,0,0.3181977282980658,0.47655704255762665,25,late
25816,16,0,0.5902183699920234,0.5251576887303665,25,late
25817,17,0,0.19376819687798888,0.5952797959556999,25,late
25818,18,0,0.887325094109404,0.3975913269999344,25,late
25819,19,0,0.8509923493714473,0.5002364301676674,25,late
25820,20,0,0.685743668486767,0.480876662150308,25,late
25821,21,0,0.8941839840405629,0.490892182805204,25,late
25822,22,0,0.688401810549758,0.49239289609110626,25,late
25823,23,0,0.23840117102712022,0.525090658186915,25,late
25824,24,0,0.46520899958558387,0.6255574748240846,25,late
25825,25,0,0.5442425980736494,0.6804193662817022,25,late
25826,26,0,0.5551499087091879,0.5242041788986167,25,late
25827,27,0,0.2855509035856658,0.4925859859032533,25,late
25828,28,0,0.523686859262443,0.4392139728508553,25,late
25829,29,0,0.7970726117722835,0.5249558230279079,25,late
25830,30,0,0.7880559118903642,0.35848036218237794,25,late
25831,31,0,0.8654064276799817,0.5678688663240434,25,late
25832,32,0,0.08713022371423283,0.5360124697799256,25,late
25833,33,0,0.9682779057808812,0.42031056022252933,25,late
25834,34,0,0.6933129131275397,0.5024063162390424,25,late
25835,35,0,0.040179147338293114,0.6837781110325533,25,late
25836,36,0,0.3547177566712367,0.4010658651132548,25,late
25837,37,0,0.8504822110280749,0.3921681050600512,25,late
25838,38,0,0.8225116239868524,0.5923526829515189,25,late
25839,39,0,0.7783551734225442,0.34515351244009707,25,late
25840,40,0,0.1190706077700219,0.6202678836228306,25,late
25841,41,0,0.5237208020097233,0.48789076825914346,25,late
25842,42,0,0.5734958328816666,0.5376934375384953,25,late
25843,43,0,0.4125028395153499,0.6718413874827691,25,late
25844,44,0,0.6505831073149386,0.4694774158825511,25,late
25845,45,0,0.4768031030227029,0.49649063649123854,25,late
25846,46,0,0.7543853703932053,0.49473033825068286,25,late
25847,47,0,0.8974161993035346,0.39987717040131654,25,late
25848,48,0,0.7035604790784244,0.45005958037703636,25,late
25849,49,0,0.3018442412906938,0.6108665860082092,25,late
25850,50,0,0.6397160182865242,0.37144782107222934,25,late
25851,51,0,0.18886289970213446,0.36831759172919676,25,late
25852,52,0,0.7640781400165431,0.46638709413550006,25,late
25853,53,0,0.8454699659406708,0.4747593236645763,25,late
25854,54,0,0.5800182857848469,0.5742610355573435,25,late
25855,55,0,0.20707426157791903,0.43727795229244676,25,late
25856,56,0,0.5000201710131266,0.5508684292840647,25,late
25857,57,0,0.13304327727948895,0.5918527854664943,25,late
25858,58,0,0.09114929393813342,0.49239590016231294,25,late
25859,59,0,0.5530886159351773,0.45805297876765116,25,late
25860,60,0,0.19429321768526928,0.4579914346229667,25,late
25861,61,0,0.4831821766411194,0.5075368672151761,25,late
25862,62,0,0.7026292707653885,0.5258678348677637,25,late
25863,63,0,0.8785025681708587,0.31410876791346526,25,late
25864,64,0,0.6659048951506534,0.4600727731075751,25,late
25865,65,0,0.9065878035491888,0.3542400727641506,25,late
25866,66,0,0.6919956850106862,0.50671413669212,25,late
25867,67,0,0.8870221800445184,0.3541125681153134,25,late
25868,68,0,0.49466652310214104,0.36861298129599107,25,late
25869,69,0,0.6122281142420937,0.4189660656324885,25,late
25870,70,0,0.4885225243286906,0.6012214441416549,25,late
25871,71,0,0.5841896991776565,0.5434624323721976,25,late
25872,72,0,0.6024525050868131,0.45088808406365655,25,late
25873,73,0,0.543212025338356,0.45788575012558097,25,late
25874,74,0,0.4527000127801375,0.5286797306171492,25,late
25875,75,0,0.7808342843974754,0.44407643363928007,25,late
25876,76,0,0.7127558115036028,0.3882545080773337,25,late
25877,77,0,0.5732554395000249,0.4627233531194926,25,late
25878,78,0,0.6301470898434907,0.37464657652059896,25,late
25879,79,0,0.33464687995633835,0.40506479355658764,25,late
25880,80,0,0.6672184346297667,0.5479976413757464,25,late
25881,81,0,0.6999162849357431,0.5320916456123245,25,late
25882,82,0,0.6839050280266793,0.3713655141364006,25,late
25883,83,0,0.42587567155431555,0.4706381092498252,25,late
25884,84,0,0.5659439054333875,0.4745839386687234,25,late
25885,85,0,0.9514931953984196,0.44867758270193986,25,late
25886,86,0,0.43042889712047655,0.5024037164829629,25,late
25887,87,0,0.5962511522184852,0.4350561571799156,25,late
25888,88,0,0.33147268085155496,0.4204981632278308,25,late
25889,89,0,0.586619470474404,0.42495257602612896,25,late
25890,90,0,0.39883180271488594,0.5817527661853222,25,late
25891,91,0,0.35089457673480834,0.42179033497023555,25,late
25892,92,0,0.5169032708507744,0.4720059115115128,25,late
25893,93,0,0.5349762198244621,0.37495531563939044,25,late
25894,94,0,0.39572144141270427,0.41950611366630697,25,late
25895,95,0,0.3312857616516871,0.5125905828521129,25,late
25896,96,0,0.3428124965644064,0.3452868112415264,25,late
25897,97,0,0.460149169641846,0.39217077106874254,25,late
25898,98,0,0.4688694246275377,0.383556029622409,25,late
25899,99,0,0.654545119764321,0.36015884882638877,25,late
25900,100,0,0.5182409141576888,0.5944187803528536,25,late
25901,101,0,0.6498896064877964,0.6218750409747434,25,late
25902,102,0,0.8072025380310661,0.4036874329689331,25,late
25903,103,0,0.5877394575911666,0.48774568335107105,25,late
25904,104,0,0.5393297549283556,0.38594671899886135,25,late
25905,105,0,0.3574269974170583,0.5390289063002596,25,late
25906,106,0,0.7280622434126709,0.35118166894045355,25,late
25907,107,0,0.7446950506925466,0.45425946191950434,25,late
25908,108,0,0.5653140629799706,0.4175085154474275,25,late
25909,109,0,0.7956570626672903,0.493840704826455,25,late
25910,110,0,0.37593521826037885,0.29018291967951804,25,late
25911,111,0,0.5497960094925537,0.6002150742204658,25,late
25912,112,0,0.5678098560663698,0.3591244505844111,25,late
25913,113,0,0.7182613573577681,0.46068110474479307,25,late
25914,114,0,0.4351739965098157,0.5555129882429577,25,late
25915,115,0,0.7691336691088237,0.3718281586654206,25,late
25916,116,0,0.7524271119176191,0.46860078181921805,25,late
25917,117,0,0.1826867080478969,0.6217051726038147,25,late
25918,118,0,0.7028046211768881,0.35435259463227153,25,late
25919,119,0,0.47916059035358793,0.6366403394809176,25,late
25920,120,0,0.1655922139887838,0.5147718990296,25,late
25921,121,0,0.16220769971968257,0.5055597562355515,25,late
25922,122,0,0.16988058233595038,0.44996190417161847,25,late
25923,123,0,0.5288315437117583,0.48878595665884517,25,late
25924,124,0,0.7642614189928418,0.34295500768965315,25,late
25925,125,0,0.7339583117511614,0.3477281895585168,25,late
25926,126,0,0.578572338451115,0.5709631380824429,25,late
25927,127,0,0.04625469951420855,0.5498410673132819,25,late
25928,128,0,0.6822232605496894,0.4261386508926105,25,late
25929,129,0,0.7231207113305083,0.29860363977346055,25,late
25930,130,0,0.2222176992968918,0.5750029706368294,25,late
25931,131,0,0.5287503634945383,0.477153049761074,25,late
25932,132,0,0.20272884349263623,0.5343603417947761,25,late
25933,133,0,0.14461440095546174,0.6002041706088708,25,late
25934,134,0,0.4571918055982598,0.4048277711414058,25,late
25935,135,0,0.5189246907633484,0.5443139614547385,25,late
25936,136,0,0.7201380012200564,0.4146251852578018,25,late
25937,137,0,0.9183693887953317,0.3425311952029183,25,late
25938,138,0,0.9776588344304933,0.31336325649938995,25,late
25939,139,0,0.989852037353516,0.27580048562821113,25,late
25940,140,0,0.07533322142777232,0.40944069412725215,25,late
25941,141,0,0.28836837471966437,0.4335677104986998,25,late
25942,142,0,0.2523757450133911,0.6124659260188546,25,late
25943,143,0,0.5143924500245396,0.5310088620066774,25,late
25944,144,0,0.4631887537797376,0.5123423794977976,25,late
25945,145,0,0.582967101410572,0.5264554322593972,25,late
25946,146,0,0.44691141246728255,0.4037302410591571,25,late
25947,147,0,0.6124781715820499,0.4720587640513401,25,late
25948,148,0,0.4495005287542092,0.4366093667268346,25,late
25949,149,0,0.7160767659363205,0.36798672155947953,25,late
25950,150,0,0.2977417267563798,0.5017405954291569,25,late
25951,151,0,0.7161534024365627,0.43662920265209393,25,late
25952,152,0,0.1349037428238072,0.3787237200774648,25,late
25953,153,0,0.41131123947183024,0.4309341761031351,25,late
25954,154,0,0.6563500236477448,0.37388564001664276,25,late
25955,155,0,0.9183023879427425,0.35778437724831114,25,late
25956,156,0,0.8544634445951922,0.4613109681907662,25,late
25957,157,0,0.1454356529412592,0.4590292623908469,25,late
25958,158,0,0.6649793120867591,0.424038812932502,25,late
25959,159,0,0.8146459373850647,0.3379203907033864,25,late
25960,160,0,0.3766365166554458,0.4794249758444187,25,late
25961,161,0,0.8310500515535946,0.30090219540140417,25,late
25962,162,0,0.24532164068725898,0.5715806097530443,25,late
25963,163,0,0.8009436349602758,0.25097626775015724,25,late
25964,164,0,0.7802983533374644,0.31758186602194194,25,late
25965,165,0,0.8087170592683692,0.3335280666853252,25,late
25966,166,0,0.9178291693175005,0.2125192864756156,25,late
25967,167,0,0.4135607523536983,0.5447662160826345,25,late
25968,168,0,0.7571807164926616,0.3556041409975297,25,late
25969,169,0,0.8305987107591402,0.44946479557377406,25,late
25970,170,0,0.5347020319236042,0.48843297780179984,25,late
25971,171,0,0.17077440486931603,0.5934472269201012,25,late
25972,172,0,0.6937018851245144,0.3527728995080267,25,late
25973,173,0,0.5979620758475561,0.5182186036246462,25,late
25974,174,0,0.3981463084058056,0.39787717749611284,25,late
25975,175,0,0.6986797563281922,0.6535056746108729,25,late
25976,176,0,0.9335887601648031,0.28308427993928786,25,late
25977,177,0,0.4994129307217032,0.49394804030997097,25,late
25978,178,0,0.19077030737741613,0.40489077074923085,25,late
25979,179,0,0.8204850328584199,0.2163487018352079,25,late
25980,180,0,0.524294012585306,0.5084271125467725,25,late
25981,181,0,0.17854248327861336,0.48027187863220366,25,late
25982,182,0,0.2841806070328854,0.5123282430558455,25,late
25983,183,0,0.598987432642561,0.4066583597091663,25,late
25984,184,0,0.5104653377327374,0.40530736632095005,25,late
25985,185,0,0.5153192137603592,0.4451248268067668,25,late
25986,186,0,0.8728599907625796,0.3764237436629555,25,late
25987,187,0,0.36139160477047966,0.4998207224777852,25,late
25988,188,0,0.8132233598431967,0.37244185538963104,25,late
25989,189,0,0.8222010544445848,0.5120107396171844,25,late
25990,190,0,0.3140493080921073,0.43972728696210117,25,late
25991,191,0,0.5773363790311083,0.3933960932951934,25,late
25992,192,0,0.6660865714384014,0.4077882264931959,25,late
25993,193,0,0.743071450888142,0.42750011686738915,25,late
25994,194,0,0.4569031389928896,0.3480641431866239,25,late
25995,195,0,0.6780728366521941,0.35982797921523146,25,late
25996,196,0,0.7751386376495846,0.5342176660791684,25,late
25997,197,0,0.7100625914453957,0.26908288209391096,25,late
25998,198,0,0.97319575605499,0.36724970651366917,25,late
25999,199,0,0.33083507193447964,0.5275046056815389,25,late
26000,0,0,0.4690854890385169,1.0222312549302321,26,interleaved
26001,1,0,0.45230640564930613,0.713699110504434,26,interleaved
26002,2,0,0.20582903408612635,0.6974278118000967,26,interleaved
26003,3,0,0.20413037481652097,0.5555684463759691,26,interleaved
26004,4,0,0.11564734694472661,0.678058546646778,26,interleaved
26005,5,0,0.7776391485029606,0.45124787996033655,26,interleaved
26006,6,0,0.4834296587150547,0.5273860195969305,26,interleaved
26007,7,0,0.5778882163306219,0.5073299064877081,26,interleaved
26008,8,0,0.18890576533090137,0.6737359808859278,26,interleaved
26009,9,0,0.8306968210533584,0.5627149274485308,26,interleaved
26010,10,0,0.9817061136088807,0.7903402030094031,26,interleaved
26011,11,0,0.5322295799621546,0.36671482542841816,26,interleaved
26012,12,0,0.7026724738575126,0.5913695186488204,26,interleaved
26013,13,0,0.5472298917292936,0.5267410561668616,26,interleaved
26014,14,0,0.9424332092352351,0.5080998312748675,26,interleaved
26015,15,0,0.5301548492742876,0.6016730251205769,26,interleaved
26016,16,0,0.7903325756389241,0.6163660650572486,26,interleaved
26017,17,0,0.74605069373489,0.5630451388067758,26,interleaved
26018,18,0,0.4865038005824888,0.47423261190219224,26,interleaved
26019,19,0,0.1674693403608039,0.49871781084566025,26,interleaved
26020,20,0,0.45464354839664783,0.4299348019451319,26,interleaved
26021,21,0,0.39747446565444083,0.5755009528837782,26,interleaved
26022,22,0,0.2429189383966108,0.4888232162900419,26,interleaved
26023,23,0,0.825689909737647,0.4899469854396943,26,interleaved
26024,24,0,0.7722163339928345,0.4745818129701033,26,interleaved
26025,25,0,0.5002528455368008,0.720761396630817,26,interleaved
26026,26,0,0.7987620983047701,0.4105765109529496,26,interleaved
26027,27,0,0.9388698888097361,0.5039055459332775,26,interleaved
26028,28,0,0.33820827811171617,0.6405985406988616,26,interleaved
26029,29,0,0.8233392829300881,0.41227194706484216,26,interleaved
26030,30,0,0.6598074518181485,0.4485846066282111,26,interleaved
26031,31,0,0.8083414340733555,0.47227077777564197,26,interleaved
26032,32,0,0.4200100543031045,0.40558026949754067,26,interleaved
26033,33,0,0.2741282046435246,0.5969974886306979,26,interleaved
26034,34,0,0.5191324023959052,0.5163512394909369,26,interleaved
26035,35,0,0.08034584969383948,0.5966719768501104,26,interleaved
26036,36,0,0.8880526651079566,0.461134231725923,26,interleaved
26037,37,0,0.8801904934432143,0.3541926069994362,26,interleaved
26038,38,0,0.4883730147746101,0.49380844529957535,26,interleaved
26039,39,0,0.6962527369773882,0.350381140595052,26,interleaved
26040,40,0,0.248175528102919,0.5656304242731615,26,interleaved
26041,41,0,0.5123015122534581,0.5392601005237745,26,interleaved
26042,42,0,0.227661193582348,0.5451530485917069,26,interleaved
26043,43,0,0.29168723279227726,0.5993689067654187,26,interleaved
26044,44,0,0.49073806184007607,0.45456001493122444,26,interleaved
26045,45,0,0.7797311905894799,0.5939755005025731,26,interleaved
26046,46,0,0.3584507398607077,0.6682128840471531,26,interleaved
26047,47,0,0.5030631459364749,0.6764670526756362,26,interleaved
26048,48,0,0.033265732919312736,0.4454341554193364,26,interleaved
26049,49,0,0.5005123068020236,0.3049191207199473,26,interleaved
26050,50,0,0.08727150281115695,0.4184043639634155,26,interleaved
26051,51,0,0.5822551441406814,0.4585726833698487,26,interleaved
26052,52,0,0.8252238935787704,0.3951754287338901,26,interleaved
26053,53,0,0.4758897403455873,0.6159256891856735,26,interleaved
26054,54,0,0.49367264442046943,0.30773436102503976,26,interleaved
26055,55,0,0.5330899587659128,0.4757519673949224,26,interleaved
26056,56,0,0.2752206205146249,0.5122841726179563,26,interleaved
26057,57,0,0.0801550811537714,0.5349408159613958,26,interleaved
26058,58,0,0.32712544130110993,0.5905885963656252,26,interleaved
26059,59,0,0.6115753932149423,0.46341101370332777,26,interleaved
26060,60,0,0.9267606177983203,0.5414054724966255,26,interleaved
26061,61,0,0.5706207908345973,0.4204547856833292,26,interleaved
26062,62,0,0.28158894454954575,0.5574140988711325,26,interleaved
26063,63,0,0.8385110620381374,0.606016354413445,26,interleaved
26064,64,0,0.3987227532301868,0.6854072735768195,26,interleaved
26065,65,0,0.8318616281906014,0.5549879239489082,26,interleaved
26066,66,0,0.08645933503996503,0.650021574008121,26,interleaved
26067,67,0,0.2718715425639372,0.5686467474845207,26,interleaved
26068,68,0,0.3371608967133607,0.39837063825450136,26,interleaved
26069,69,0,0.9340135771316853,0.31831934898144193,26,interleaved
26070,70,0,0.6912231874247236,0.42907812544449947,26,interleaved
26071,71,0,0.29200054718202356,0.4534730296852075,26,interleaved
26072,72,0,0.8616360176223165,0.6602829121871565,26,interleaved
26073,73,0,0.5505679558579504,0.3996508910735527,26,interleaved
26074,74,0,0.4934983898211385,0.6131713551700613,26,interleaved
26075,75,0,0.739518961219787,0.5525912166702237,26,interleaved
26076,76,0,0.1948843036981469,0.501952008140998,26,interleaved
26077,77,0,0.46281310421990957,0.7207305837510991,26,interleaved
26078,78,0,0.4631104485488194,0.5757765979338627,26,interleaved
26079,79,0,0.6374009690900623,0.4007197922317551,26,interleaved
26080,80,0,0.2227765567330475,0.7427074979495416,26,interleaved
26081,81,0,0.15525088296912376,0.49691263882389186,26,interleaved
26082,82,0,0.5293931619116011,0.4525373242717682,26,interleaved
26083,83,0,0.3267794298946012,0.6642790436723465,26,interleaved
26084,84,0,0.03824126615442926,0.7481459458050418,26,interleaved
26085,85,0,0.5732842109705054,0.449505573621245,26,interleaved
26086,86,0,0.46574458069233715,0.42748234792151396,26,interleaved
26087,87,0,0.3281851649682894,0.4412941856947828,26,interleaved
26088,88,0,0.39215634308308267,0.418842121567223,26,interleaved
26089,89,0,0.23269017385978336,0.43091467467204303,26,interleaved
26090,90,0,0.43404944590643885,0.6359131504979494,26,interleaved
26091,91,0,0.5642159040942252,0.5332854990602767,26,interleaved
26092,92,0,0.4269693277097457,0.3418817882068199,26,interleaved
26093,93,0,0.12759438073852483,0.610694656026191,26,interleaved
26094,94,0,0.27603486049089354,0.6682799866557049,26,interleaved
26095,95,0,0.49218564369759044,0.49680388936075026,26,interleaved
26096,96,0,0.7152681384336137,0.4505799879246737,26,interleaved
26097,97,0,0.7066804114366022,0.5138799213008489,26,interleaved
26098,98,0,0.5380794340192718,0.34130449349946335,26,interleaved
26099,99,0,0.2559128667831972,0.5310716014690855,26,interleaved
26100,100,0,0.7596849512742967,0.48748247765734637,26,interleaved
26101,101,0,0.6149258092183165,0.31950517349319385,26,interleaved
26102,102,0,0.3200668752442256,0.40835381948005167,26,interleaved
26103,103,0,0.8528416795479861,0.34483585674951844,26,interleaved
26104,104,0,0.2221561655767287,0.4562263636595333,26,interleaved
26105,105,0,0.72616352493529,0.4340774599114757,26,interleaved
26106,106,0,0.619071571394407,0.5327105535824188,26,interleaved
26107,107,0,0.46588351487088353,0.4723516634194879,26,interleaved
26108,108,0,0.1990756498520364,0.429973522763204,26,interleaved
26109,109,0,0.6537316796383295,0.5227753434659517,26,interleaved
26110,110,0,0.6651814018025614,0.47585321776915446,26,interleaved
26111,111,0,0.4394397592961355,0.42955050618112656,26,interleaved
26112,112,0,0.44788708184015397,0.46377381589954925,26,interleaved
26113,113,0,0.44632541814642473,0.5573197969899037,26,interleaved
26114,114,0,0.2870477966716938,0.5294211625085465,26,interleaved
26115,115,0,0.37671830771175174,0.41694952884352704,26,interleaved
26116,116,0,0.7525040788748276,0.39905865054984324,26,interleaved
26117,117,0,0.49090336304079263,0.4282106930840462,26,interleaved
26118,118,0,0.49431012171825595,0.4988763811492988,26,interleaved
26119,119,0,0.3778778130939244,0.5595808832667212,26,interleaved
26120,120,0,0.504990286712578,0.39405072451225953,26,interleaved
26121,121,0,0.1915602810717371,0.4057034600991129,26,interleaved
26122,122,0,0.2915529073839227,0.5794143446868355,26,interleaved
26123,123,0,0.529379334876314,0.465090038771469,26,interleaved
26124,124,0,0.8958726453788738,0.4786454604609499,26,interleaved
26125,125,0,0.5713848703643647,0.42609881386852266,26,interleaved
26126,126,0,0.1164977312671601,0.5088122157088422,26,interleaved
26127,127,0,0.7018815383777783,0.4845825352306949,26,interleaved
26128,128,0,0.577033651569355,0.42862621189594075,26,interleaved
26129,129,0,0.49043912459854777,0.41379228722233286,26,interleaved
26130,130,0,0.8374697886827283,0.6384296130108842,26,interleaved
26131,131,0,0.4884269192337596,0.40230600879183753,26,interleaved
26132,132,0,0.03162183011297657,0.5261568319025869,26,interleaved
26133,133,0,0.5024874697271143,0.40734411503011037,26,interleaved
26134,134,0,0.46793602838204085,0.40552720446781304,26,interleaved
26135,135,0,0.636199176822547,0.32740675391974794,26,interleaved
26136,136,0,0.303968604471031,0.45684240957075306,26,interleaved
26137,137,0,0.4612126618745287,0.4876114885445253,26,interleaved
26138,138,0,0.8965965956900823,0.41204735531082565,26,interleaved
26139,139,0,0.5328301437890139,0.35381724784762075,26,interleaved
26140,140,0,0.5118820793158732,0.4677437766889291,26,interleaved
26141,141,0,0.4223386136806727,0.44201800481002795,26,interleaved
26142,142,0,0.3235324130764373,0.38610524216716413,26,interleaved
26143,143,0,0.7105965357658154,0.27764733789450313,26,interleaved
26144,144,0,0.15370855322210147,0.46789554634252556,26,interleaved
26145,145,0,0.8555639372674881,0.3787599765808862,26,interleaved
26146,146,0,0.2781619286097441,0.47958094801181617,26,interleaved
26147,147,0,0.6832310859897786,0.43738437117364865,26,interleaved
26148,148,0,0.9206788082682225,0.46753708136709815,26,interleaved
26149,149,0,0.656815486090169,0.37761517266423733,26,interleaved
26150,150,0,0.9203955301705615,0.27453847476341714,26,interleaved
26151,151,0,0.2851065630848938,0.577980890145608,26,interleaved
26152,152,0,0.5706458202974227,0.356272576600882,26,interleaved
26153,153,0,0.6184458906055949,0.3607810873103294,26,interleaved
26154,154,0,0.6090957880098649,0.46024564105486654,26,interleaved
26155,155,0,0.4184474794464019,0.4285858714047952,26,interleaved
26156,156,0,0.8106628653902166,0.261568319495326,26,interleaved
26157,157,0,0.40657497112106566,0.7097677803732625,26,interleaved
26158,158,0,0.6989657320473757,0.5295942025892703,26,interleaved
26159,159,0,0.47370942631563917,0.5566034413572318,26,interleaved
26160,160,0,0.16977843675777385,0.48702360565979425,26,interleaved
26161,161,0,0.29485608680588216,0.5454170990309077,26,interleaved
26162,162,0,0.6988032551296939,0.46362045632859794,26,interleaved
26163,163,0,0.5930372776125981,0.43052134444525303,26,interleaved
26164,164,0,0.4739268483252449,0.4775109972680266,26,interleaved
26165,165,0,0.7320010093007396,0.3605725632251326,26,interleaved
26166,166,0,0.6566791502585801,0.3869454183687726,26,interleaved
26167,167,0,0.3202271704034102,0.3461836340608101,26,interleaved
26168,168,0,0.4247823096766857,0.4672858852609323,26,interleaved
26169,169,0,0.4182621216521334,0.5012935267234597,26,interleaved
26170,170,0,0.7352245346527947,0.38850015478008254,26,interleaved
26171,171,0,0.817565657848065,0.487178978245163,26,interleaved
26172,172,0,0.8632816926502478,0.47086857930807746,26,interleaved
26173,173,0,0.6169236512193678,0.5150426838592963,26,interleaved
26174,174,0,0.6399523090781977,0.4133763767376044,26,interleaved
26175,175,0,0.11305070500088044,0.4107809044415845,26,interleaved
26176,176,0,0.7549348012957844,0.32574414758926007,26,interleaved
26177,177,0,0.481779257449127,0.32967426520973797,26,interleaved
26178,178,0,0.4968513019242986,0.45977571412477497,26,interleaved
26179,179,0,0.7077080685852398,0.24133481371569612,26,interleaved
26180,180,0,0.9034539244269708,0.39250909778546583,26,interleaved
26181,181,0,0.28146100298426685,0.5166450019513318,26,interleaved
26182,182,0,0.47388139232731646,0.46137393186508,26,interleaved
26183,183,0,0.6595320349670091,0.4349087991367728,26,interleaved
26184,184,0,0.8431633537680142,0.35689728021606626,26,interleaved
26185,185,0,0.9968198256778015,0.37847891025653946,26,interleaved
26186,186,0,0.5206218528900992,0.38684112930502645,26,interleaved
26187,187,0,0.8416354506467145,0.4525474168453494,26,interleaved
26188,188,0,0.9508611045131498,0.3121358678373699,26,interleaved
26189,189,0,0.20276164074392822,0.5499724424418961,26,interleaved
26190,190,0,0.6516543576599979,0.40699868853908194,26,interleaved
26191,191,0,0.362786473282218,0.5998870576995805,26,interleaved
26192,192,0,0.6080353310229839,0.5435921255997985,26,interleaved
26193,193,0,0.7381776933382265,0.4736710306277872,26,interleaved
26194,194,0,0.30400104869759,0.6031150489458761,26,interleaved
26195,195,0,0.6449869155194039,0.4455771554902398,26,interleaved
26196,196,0,0.7249487105696828,0.33977578953233467,26,interleaved
26197,197,0,0.8823000841838415,0.3452085845994364,26,interleaved
26198,198,0,0.5123583512317483,0.49692016925412585,26,interleaved
26199,199,0,0.37281563518752303,0.43059686261677343,26,interleaved
26200,0,0,0.37536947572723117,1.0397518098439167,26,blocked
26201,1,0,0.6570654711946399,0.5532422711423837,26,blocked
26202,2,0,0.6280126731695613,0.7103613726531304,26,blocked
26203,3,0,0.5826891668321726,0.3701287890193957,26,blocked
26204,4,0,0.39805201922900063,0.476497091332423,26,blocked
26205,5,0,0.48076176862464526,0.5373780429978521,26,blocked
26206,6,0,0.6058611801298293,0.6244304703037378,26,blocked
26207,7,0,0.7984898725429591,0.40413640474804213,26,blocked
26208,8,0,0.5595543618025924,0.44555771400777633,26,blocked
26209,9,0,0.5823671444695676,0.5783333366793006,26,blocked
26210,10,0,0.7757689450806864,0.47245177765023283,26,blocked
26211,11,0,0.396765146416862,0.6012225611296225,26,blocked
26212,12,0,0.5971618652934235,0.37189373530109276,26,blocked
26213,13,0,0.7521904910210776,0.6063942076548885,26,blocked
26214,14,0,0.8905720913455198,0.5718798417598199,26,blocked
26215,15,0,0.8901665934740561,0.4361482770860222,26,blocked
26216,16,0,0.891117195977244,0.43976832802419163,26,blocked
26217,17,0,0.12075715373459715,0.5093720719621365,26,blocked
26218,18,0,0.6513409254429403,0.3110045305100003,26,blocked
26219,19,0,0.5934432508433493,0.3690371172142759,26,blocked
26220,20,0,0.7020126415870398,0.5021560668053181,26,blocked
26221,21,0,0.8397765409811461,0.4618083864554594,26,blocked
26222,22,0,0.9309236583654602,0.46670506283557234,26,blocked
26223,23,0,0.6312833369230144,0.42276851150114947,26,blocked
26224,24,0,0.5564805416545234,0.35905064314374224,26,blocked
26225,25,0,0.8624884172081031,0.32155795693066663,26,blocked
26226,26,0,0.450854154161913,0.5909807161228158,26,blocked
26227,27,0,0.87900234256502,0.42304225591665684,26,blocked
26228,28,0,0.9185082741551243,0.5009670461168095,26,blocked
26229,29,0,0.0644618896021815,0.44153628202036665,26,blocked
26230,30,0,0.03058058965113319,0.6901794780825021,26,blocked
26231,31,0,0.6428398283380767,0.36667123516135525,26,blocked
26232,32,0,0.6120770971491096,0.419808917815389,26,blocked
26233,33,0,0.9001648269972174,0.5341924063813961,26,blocked
26234,34,0,0.9261198223609286,0.40310290822116157,26,blocked
26235,35,0,0.02112785704304925,0.6388310968365818,26,blocked
26236,36,0,0.4493627300545839,0.48401791342311584,26,blocked
26237,37,0,0.889309891326636,0.45218476635964255,26,blocked
26238,38,0,0.9898061570494915,0.4326888638909558,26,blocked
26239,39,0,0.48947417283471173,0.4395625231048421,26,blocked
26240,40,0,0.362656091768544,0.5378752637235529,26,blocked
26241,41,0,0.5034139805681559,0.6416488680135938,26,blocked
26242,42,0,0.2702690212245314,0.581646054110277,26,blocked
26243,43,0,0.46721563248526293,0.369059293128687,26,blocked
26244,44,0,0.40536040475646185,0.4380035292790555,26,blocked
26245,45,0,0.6092687432598105,0.4673969942711984,26,blocked
26246,46,0,0.6575921447221278,0.3816126183279971,26,blocked
26247,47,0,0.5648531712793523,0.3622709526688698,26,blocked
26248,48,0,0.27503687678647093,0.4029727857815752,26,blocked
26249,49,0,0.18339801480588638,0.59554976207286,26,blocked
26250,50,0,0.4987693759469303,0.4791159947704672,26,blocked
26251,51,0,0.6300289284682863,0.5443356531591872,26,blocked
26252,52,0,0.3620735339800693,0.5675757558111685,26,blocked
26253,53,0,0.22298233906394116,0.6425185121560435,26,blocked
26254,54,0,0.33616449059468695,0.43575501257546734,26,blocked
26255,55,0,0.20087162316621907,0.6291711059870253,26,blocked
26256,56,0,0.5761507748435073,0.5983137594872237,26,blocked
26257,57,0,0.2487648314603339,0.6343332937954871,26,blocked
26258,58,0,0.1829687165035262,0.6411270655663253,26,blocked
26259,59,0,0.4504637375698806,0.484177110588645,26,blocked
26260,60,0,0.5937567539320785,0.4366107986461022,26,blocked
26261,61,0,0.6140959903200942,0.6825316174682481,26,blocked
26262,62,0,0.3366157745891979,0.578706859752991,26,blocked
26263,63,0,0.6781346423191779,0.3630111315887928,26,blocked
26264,64,0,0.45537792564787993,0.4541834009423921,26,blocked
26265,65,0,0.38535685681933285,0.43958206957674095,26,blocked
26266,66,0,0.3137342512578246,0.45564884591219773,26,blocked
26267,67,0,0.6081298527509291,0.33319522848418914,26,blocked
26268,68,0,0.42225356191496866,0.3688479609724572,26,blocked
26269,69,0,0.443071474432594,0.43689443612372003,26,blocked
26270,70,0,0.5394932270168459,0.5906678835869434,26,blocked
26271,71,0,0.48076368976548406,0.46075386547625596,26,blocked
26272,72,0,0.47039650758676266,0.35645475506002544,26,blocked
26273,73,0,0.49321368069446647,0.41316991822335947,26,blocked
26274,74,0,0.49230917914628836,0.4294540017356694,26,blocked
26275,75,0,0.3712076572080733,0.442995803324264,26,blocked
26276,76,0,0.3758731173585196,0.4787804144333744,26,blocked
26277,77,0,0.27597718497447543,0.5276447489865148,26,blocked
26278,78,0,0.43257958038526256,0.30224174960486017,26,blocked
26279,79,0,0.6097539630444944,0.34784421077391714,26,blocked
26280,80,0,0.5440856163950307,0.4505478041285038,26,blocked
26281,81,0,0.5686027983591513,0.5116689763105065,26,blocked
26282,82,0,0.6918745974159984,0.4521140621356545,26,blocked
26283,83,0,0.14354926703715684,0.6040596873833903,26,blocked
26284,84,0,0.48577460953290347,0.40099610589964246,26,blocked
26285,85,0,0.5638289947972991,0.3975671317640614,26,blocked
26286,86,0,0.5379976146285257,0.5099581090765626,26,blocked
26287,87,0,0.19509780349240735,0.568388501001184,26,blocked
26288,88,0,0.5877342411689829,0.665663423669959,26,blocked
26289,89,0,0.051823251422910006,0.40871486170670157,26,blocked
26290,90,0,0.44066853732011013,0.42424102221379556,26,blocked
26291,91,0,0.43202001976109666,0.3038490235249819,26,blocked
26292,92,0,0.5130005365217829,0.5315011969974945,26,blocked
26293,93,0,0.4892171517559445,0.3591428942456436,26,blocked
26294,94,0,0.34128914331118837,0.40572887621617026,26,blocked
26295,95,0,0.4203840383875293,0.42301800411983803,26,blocked
26296,96,0,0.9102678692127506,0.3222871814335724,26,blocked
26297,97,0,0.8767028878580583,0.3547214987358367,26,blocked
26298,98,0,0.07068335457304117,0.41092253440296,26,blocked
26299,99,0,0.07486461309999903,0.570713892690539,26,blocked
26300,100,0,0.7223048243001737,0.5015131331232147,26,blocked
26301,101,0,0.9588013216743587,0.416820889040592,26,blocked
26302,102,0,0.2706164753831821,0.31245282535455315,26,blocked
26303,103,0,0.8402359137837507,0.48555877603827735,26,blocked
26304,104,0,0.6683787624483866,0.566272962187991,26,blocked
26305,105,0,0.9624815814253737,0.34763896257759763,26,blocked
26306,106,0,0.21461003102899723,0.5551157880846491,26,blocked
26307,107,0,0.9332892676028808,0.5462091078727236,26,blocked
26308,108,0,0.9042280788858892,0.4632653651419618,26,blocked
26309,109,0,0.45797212976207713,0.5588545709187014,26,blocked
26310,110,0,0.980226798038299,0.4554719511064501,26,blocked
26311,111,0,0.43105055025964606,0.6237763824148974,26,blocked
26312,112,0,0.6101775974275226,0.4275518991037712,26,blocked
26313,113,0,0.8726702583986248,0.2942175972850125,26,blocked
26314,114,0,0.8177898733007782,0.3837817984327341,26,blocked
26315,115,0,0.47323154916241156,0.3894834484907409,26,blocked
26316,116,0,0.4282338855900109,0.5313790658680759,26,blocked
26317,117,0,0.7080294875227128,0.33838305213194264,26,blocked
26318,118,0,0.21367473684036678,0.326922039662539,26,blocked
26319,119,0,0.7549519404432091,0.3183676956725976,26,blocked
26320,120,0,0.22273645049114113,0.44688009585490657,26,blocked
26321,121,0,0.4078763697413712,0.389504199174425,26,blocked
26322,122,0,0.5937538984711037,0.5199562374100593,26,blocked
26323,123,0,0.47454642214077397,0.46425032693166085,26,blocked
26324,124,0,0.20632244584392898,0.5210490377103243,26,blocked
26325,125,0,0.4278465430061585,0.42915966668645833,26,blocked
26326,126,0,0.2613327056723922,0.3932634431758334,26,blocked
26327,127,0,0.32644288209127265,0.42152419197978763,26,blocked
26328,128,0,0.4734792228313071,0.30334166216732056,26,blocked
26329,129,0,0.47138406303874275,0.3525451278261059,26,blocked
26330,130,0,0.5430133116574587,0.36896618002222803,26,blocked
26331,131,0,0.5126764844993823,0.32123577230368766,26,blocked
26332,132,0,0.33053792379868874,0.5881452922915882,26,blocked
26333,133,0,0.30965221412234156,0.5802166522518273,26,blocked
26334,134,0,0.5447031430472263,0.48794862736569344,26,blocked
26335,135,0,0.37193465860170005,0.4142311372804265,26,blocked
26336,136,0,0.7705000467869217,0.5401326599279519,26,blocked
26337,137,0,0.4931920089141384,0.3829374236429059,26,blocked
26338,138,0,0.27343854796860323,0.5223747730165037,26,blocked
26339,139,0,0.21152071293579328,0.4705270845129889,26,blocked
26340,140,0,0.41267429056024335,0.5236053679180825,26,blocked
26341,141,0,0.5104660804261402,0.385196667843862,26,blocked
26342,142,0,0.4920130973890211,0.431467455556107,26,blocked
26343,143,0,0.5604316765953958,0.5090804966752444,26,blocked
26344,144,0,0.19685476730969048,0.3604796229632972,26,blocked
26345,145,0,0.3572279582944611,0.3789836431221789,26,blocked
26346,146,0,0.5542140021485575,0.36685849789007763,26,blocked
26347,147,0,0.40515380198973927,0.5929725147778601,26,blocked
26348,148,0,0.5184548022243449,0.396432834913663,26,blocked
26349,149,0,0.7098968337782495,0.34478694588286546,26,blocked
26350,150,0,0.5060904446675714,0.5369818394311734,26,blocked
26351,151,0,0.19891968957607592,0.389167731649529,26,blocked
26352,152,0,0.431093173856427,0.41036306843804626,26,blocked
26353,153,0,0.6389493556932293,0.45153141320716306,26,blocked
26354,154,0,0.5457049694637089,0.3952169382570794,26,blocked
26355,155,0,0.3203349803540084,0.41700870407552537,26,blocked
26356,156,0,0.47617831623944046,0.5078175499673668,26,blocked
26357,157,0,0.7230172122338834,0.27874640898641734,26,blocked
26358,158,0,0.26789806354757884,0.40382244340570617,26,blocked
26359,159,0,0.8006211816889701,0.4534756422822296,26,blocked
26360,160,0,0.606716403628408,0.4244901984664103,26,blocked
26361,161,0,0.5343638626589373,0.4992002376508694,26,blocked
26362,162,0,0.6471156574666957,0.3512681706084929,26,blocked
26363,163,0,0.8610309271934682,0.3379844832229096,26,blocked
26364,164,0,0.5871351064449261,0.3125267526542337,26,blocked
26365,165,0,0.8157298293938636,0.308622816392101,26,blocked
26366,166,0,0.31420266060845514,0.4130018047067309,26,blocked
26367,167,0,0.18296456981690762,0.7050379060976154,26,blocked
26368,168,0,0.6208630437517881,0.3437204862668925,26,blocked
26369,169,0,0.459727650795501,0.46168138166426564,26,blocked
26370,170,0,0.7839993740156392,0.4693157708797122,26,blocked
26371,171,0,0.31115325263403754,0.48341740016955825,26,blocked
26372,172,0,0.47009684270613894,0.6301253170890577,26,blocked
26373,173,0,0.23250690248528805,0.37802597521608017,26,blocked
26374,174,0,0.48546918902537733,0.4311611293733208,26,blocked
26375,175,0,0.5814847221881373,0.46207924967058467,26,blocked
26376,176,0,0.801177706821512,0.4727768574902622,26,blocked
26377,177,0,0.1947705467002794,0.3967539344626557,26,blocked
26378,178,0,0.4322693096399153,0.44378580191892236,26,blocked
26379,179,0,0.4739095199447897,0.28433877144094943,26,blocked
26380,180,0,0.5950012084451317,0.547614694854071,26,blocked
26381,181,0,0.8461241486643654,0.37419553284044194,26,blocked
26382,182,0,0.18129200047322797,0.5472459175471601,26,blocked
26383,183,0,0.7439884948109454,0.42247067211862466,26,blocked
26384,184,0,0.4065404169621181,0.33369656704705747,26,blocked
26385,185,0,0.37502517061481827,0.3154649298045582,26,blocked
26386,186,0,0.1697535452822963,0.3491510830992577,26,blocked
26387,187,0,0.7850109101645784,0.3762111747231921,26,blocked
26388,188,0,0.5206802976199156,0.4301819231019719,26,blocked
26389,189,0,0.6179377253011672,0.38487034767545036,26,blocked
26390,190,0,0.3054264838468214,0.28754677075613816,26,blocked
26391,191,0,0.6133906309278689,0.44256976778402163,26,blocked
26392,192,0,0.5142035946811662,0.2948698094390394,26,blocked
26393,193,0,0.5208412914438667,0.3628858124096118,26,blocked
26394,194,0,0.5938045316999896,0.3377697737174416,26,blocked
26395,195,0,0.5158279130073807,0.39943492154321975,26,blocked
26396,196,0,0.4629137954941751,0.6550931193274695,26,blocked
26397,197,0,0.7122590963088062,0.4732939274871134,26,blocked
26398,198,0,0.3430703211430309,0.460206489042868,26,blocked
26399,199,0,0.46266249436726153,0.44292636385539386,26,blocked
26400,0,0,0.9321917459599542,0.8937455474401019,26,early
26401,1,0,0.8157213415843731,0.46071865016646735,26,early
26402,2,0,0.8954562941041886,0.4692641832330031,26,early
26403,3,0,0.9631609068541938,0.3540800528222603,26,early
26404,4,0,0.12637826463351087,0.5915114435382611,26,early
26405,5,0,0.42763004454270814,0.4583417972936905,26,early
26406,6,0,0.4977167315900177,0.5044156690914174,26,early
26407,7,0,0.613395355731319,0.4595482978256237,26,early
26408,8,0,0.4433050848481014,0.4102848227296726,26,early
26409,9,0,0.6274667397985557,0.536620962187111,26,early
26410,10,0,0.7343323897512706,0.44493332048795187,26,early
26411,11,0,0.950031718489409,0.5596781652068739,26,early
26412,12,0,0.030025173092401165,0.5180654068830606,26,early
26413,13,0,0.33210795325396497,0.5252679723191691,26,early
26414,14,0,0.5747834444237383,0.36875705167233,26,early
26415,15,0,0.2775145610078622,0.3304402018261387,26,early
26416,16,0,0.680937900683191,0.3904905189907355,26,early
26417,17,0,0.7360389935916605,0.40532498540104933,26,early
26418,18,0,0.970855080966643,0.4032410446901552,26,early
26419,19,0,0.4909450727657049,0.5144805469290927,26,early
26420,20,0,0.8681374953591037,0.40754619638812695,26,early
26421,21,0,0.7538510401851768,0.5889616347814299,26,early
26422,22,0,0.458370817617623,0.6633153967745652,26,early
26423,23,0,0.9968645870885632,0.3948711890656453,26,early
26424,24,0,0.34611181880785313,0.45058633673482407,26,early
26425,25,0,0.6735703218273232,0.35694086334439434,26,early
26426,26,0,0.5685514157672534,0.47949740361841214,26,early
26427,27,0,0.7761434622692428,0.5298067306494316,26,early
26428,28,0,0.05236741564465112,0.5222856334587845,26,early
26429,29,0,0.592385421209633,0.4100913717597214,26,early
26430,30,0,0.7915312549972242,0.42755791409537713,26,early
26431,31,0,0.6268052431495945,0.5399484831764894,26,early
26432,32,0,0.9222893173004134,0.3471595616931853,26,early
26433,33,0,0.5849870410523088,0.5298515646472184,26,early
26434,34,0,0.9922862325865469,0.36278118544660476,26,early
26435,35,0,0.9158910912173015,0.3953771968383928,26,early
26436,36,0,0.24958808652878603,0.4646585360883224,26,early
26437,37,0,0.5884741529033011,0.522782903073555,26,early
26438,38,0,0.7167804014534951,0.4152516458379769,26,early
26439,39,0,0.544085667329299,0.4248449790713998,26,early
26440,40,0,0.52688852628176,0.4465205144805686,26,early
26441,41,0,0.32284063707188315,0.5567959328699617,26,early
26442,42,0,0.4932410711376415,0.5553895761864112,26,early
26443,43,0,0.5978043280035483,0.34495286719596663,26,early
26444,44,0,0.5009239199651774,0.3928150008689061,26,early
26445,45,0,0.848431418988503,0.4083383344365797,26,early
26446,46,0,0.12121656874543389,0.559083096062255,26,early
26447,47,0,0.5593462568864793,0.5300791916028074,26,early
26448,48,0,0.8298938633760796,0.3960158659845793,26,early
26449,49,0,0.5097543854682491,0.4694728011582634,26,early
26450,50,0,0.4945877728205145,0.42859730574933275,26,early
26451,51,0,0.5182736282315231,0.3412910661637143,26,early
26452,52,0,0.18465467256619064,0.517209439128244,26,early
26453,53,0,0.45178725961904775,0.4943740569141304,26,early
26454,54,0,0.4983681309179828,0.5622160972209973,26,early
26455,55,0,0.7735567418391603,0.43460478003330794,26,early
26456,56,0,0.7313898381153948,0.40320677569050967,26,early
26457,57,0,0.04388293452471842,0.6475645189300754,26,early
26458,58,0,0.5029835463036508,0.48278665748543026,26,early
26459,59,0,0.722731156913583,0.338264093308303,26,early
26460,60,0,0.4097703983958727,0.3995020731079727,26,early
26461,61,0,0.42965038018612883,0.34273791772436046,26,early
26462,62,0,0.8211999756401143,0.3526936871519236,26,early
26463,63,0,0.13829475787170062,0.4582803202192607,26,early
26464,64,0,0.8342658063939548,0.3260435486123012,26,early
26465,65,0,0.3067334467523068,0.4983207690653613,26,early
26466,66,0,0.37277300753953035,0.42025862418055404,26,early
26467,67,0,0.44851944750069517,0.3741907268095219,26,early
26468,68,0,0.8017203272627419,0.35662895408154077,26,early
26469,69,0,0.5438858799976445,0.4282661789118426,26,early
26470,70,0,0.514583806167151,0.48427223549842724,26,early
26471,71,0,0.5765903061589774,0.4612621080602147,26,early
26472,72,0,0.45055395866026327,0.32078970111856564,26,early
26473,73,0,0.21819912623083576,0.44334723450840857,26,early
26474,74,0,0.6937144860969239,0.44344880540268383,26,early
26475,75,0,0.8601367927622092,0.3156183491273113,26,early
26476,76,0,0.44220877264848013,0.4940649190551797,26,early
26477,77,0,0.5358235779678384,0.36334855931550475,26,early
26478,78,0,0.41864765969630635,0.38911572491968455,26,early
26479,79,0,0.4963331477071773,0.37962015662134363,26,early
26480,80,0,0.4767790240795997,0.41660292113602027,26,early
26481,81,0,0.8049426032011449,0.2599200856050638,26,early
26482,82,0,0.5280586918354637,0.37188372599574343,26,early
26483,83,0,0.28435981938728677,0.4197925034092617,26,early
26484,84,0,0.32503667517476575,0.506774918303657,26,early
26485,85,0,0.5315676412589383,0.4337080785427133,26,early
26486,86,0,0.24182591947909096,0.4648083786931142,26,early
26487,87,0,0.4355943789819677,0.31930776350498846,26,early
26488,88,0,0.3359351318269074,0.4115217706485896,26,early
26489,89,0,0.30830178063121233,0.4138177087640117,26,early
26490,90,0,0.36557795704810264,0.415314715061498,26,early
26491,91,0,0.4742534880519695,0.40646026189873896,26,early
26492,92,0,0.7266282913599016,0.32369676048354246,26,early
26493,93,0,0.5753450452801564,0.5219123603866385,26,early
26494,94,0,0.6967429003210084,0.4826636944757433,26,early
26495,95,0,0.797382782605969,0.540699333276305,26,early
26496,96,0,0.28003872067000823,0.4888838164302549,26,early
26497,97,0,0.5549990772583919,0.4523349769850866,26,early
26498,98,0,0.23646541441125787,0.5068114188315582,26,early
26499,99,0,0.8658181981543303,0.32411901367978263,26,early
26500,100,0,0.7701484614221215,0.3489248635027842,26,early
26501,101,0,0.35890318562097845,0.36938238321322847,26,early
26502,102,0,0.4546315393974836,0.4799020939921024,26,early
26503,103,0,0.49982486039497387,0.5884271452240712,26,early
26504,104,0,0.5425466357737679,0.3748889519488642,26,early
26505,105,0,0.3303854031746167,0.3403869919828145,26,early
26506,106,0,0.8083963991916316,0.4047865437034692,26,early
26507,107,0,0.5266511555677604,0.39315249166915933,26,early
26508,108,0,0.3885767679201224,0.37650976910352507,26,early
26509,109,0,0.5438451552528132,0.3242419538949204,26,early
26510,110,0,0.06007148941079203,0.35669247466192266,26,early
26511,111,0,0.761352011005425,0.27059359185824094,26,early
26512,112,0,0.6483205661446279,0.5427620916032243,26,early
26513,113,0,0.4241467789693899,0.37807629496373507,26,early
26514,114,0,0.9075454388381604,0.4896603591191617,26,early
26515,115,0,0.6000398251506844,0.28512120789291673,26,early
26516,116,0,0.605106842858937,0.3508206432792865,26,early
26517,117,0,0.7940360526883126,0.32474292319657905,26,early
26518,118,0,0.24699842707536704,0.39344719631939595,26,early
26519,119,0,0.634896405947432,0.32429960103540556,26,early
26520,120,0,0.530171268367352,0.3674676704096862,26,early
26521,121,0,0.47235207899899123,0.4704308602219185,26,early
26522,122,0,0.3664096334880883,0.47622473736061033,26,early
26523,123,0,0.3865464527781567,0.30469728484699066,26,early
26524,124,0,0.41488463166488726,0.43506812207176354,26,early
26525,125,0,0.8187924618703422,0.30988639608784774,26,early
26526,126,0,0.4751770684695978,0.21205975755627776,26,early
26527,127,0,0.8563512905361771,0.2861254890248548,26,early
26528,128,0,0.61202125028051,0.22330785186126512,26,early
26529,129,0,0.7526144318174326,0.3396938455450771,26,early
26530,130,0,0.11944957149709037,0.5629125733414535,26,early
26531,131,0,0.9260291477640339,0.25691994388827055,26,early
26532,132,0,0.39254040275656454,0.3767026433978504,26,early
26533,133,0,0.6481687885564165,0.2282582669329365,26,early
26534,134,0,0.39791877051411095,0.6066028156109201,26,early
26535,135,0,0.062169821386118776,0.3842103540544598,26,early
26536,136,0,0.6229020329341622,0.43150415274186577,26,early
26537,137,0,0.8075885070460607,0.3277460044491607,26,early
26538,138,0,0.8915470736555009,0.5489572540031495,26,early
26539,139,0,0.515802013026268,0.4394005614178252,26,early
26540,140,0,0.6753396795928542,0.3866799784918904,26,early
26541,141,0,0.4517540291833331,0.37708711876610845,26,early
26542,142,0,0.04235373812005046,0.33109790620235524,26,early
26543,143,0,0.5084757425981976,0.39132636489369693,26,early
26544,144,0,0.1087529101859052,0.6629104344720012,26,early
26545,145,0,0.30133245869319275,0.43465228103956444,26,early
26546,146,0,0.09423620712615537,0.35700090538002716,26,early
26547,147,0,0.5166361704648355,0.3567431961910451,26,early
26548,148,0,0.4708078396212871,0.364005517110236,26,early
26549,149,0,0.49212015642505647,0.3334405897380813,26,early
26550,150,0,0.7068054895933185,0.2641315481723403,26,early
26551,151,0,0.8994410384068712,0.30832024548544956,26,early
26552,152,0,0.576182386840972,0.3005481640976304,26,early
26553,153,0,0.19075693138225153,0.3171706133139167,26,early
26554,154,0,0.3214697585194297,0.4318975940012567,26,early
26555,155,0,0.4892377784896615,0.3183471638683975,26,early
26556,156,0,0.8097999181807705,0.3234573940565017,26,early
26557,157,0,0.718100268256541,0.2415425376168245,26,early
26558,158,0,0.36152848510300484,0.4277003844643832,26,early
26559,159,0,0.7334771050117418,0.24294929635666918,26,early
26560,160,0,0.38551827848116477,0.3222862886158208,26,early
26561,161,0,0.6000610087822174,0.2946701934000451,26,early
26562,162,0,0.8362911101034921,0.3740144683915928,26,early
26563,163,0,0.6271993195747005,0.35214734884975624,26,early
26564,164,0,0.8757436806177497,0.38665972382318253,26,early
26565,165,0,0.42592637584229215,0.3246785610098615,26,early
26566,166,0,0.5762997661834546,0.32559980135316524,26,early
26567,167,0,0.959788176128515,0.39245941759643077,26,early
26568,168,0,0.48811606683294856,0.40008106795441867,26,early
26569,169,0,0.6635905318562966,0.33966054303683013,26,early
26570,170,0,0.475559242386743,0.35016873456839814,26,early
26571,171,0,0.4124550658752615,0.3004742600594468,26,early
26572,172,0,0.5880758369078386,0.28926365878599103,26,early
26573,173,0,0.7931630849238706,0.37183598441189003,26,early
26574,174,0,0.8653859404934322,0.21496388923225787,26,early
26575,175,0,0.5004510740006128,0.37948673448254233,26,early
26576,176,0,0.7096974407827419,0.5116753117680685,26,early
26577,177,0,0.060278909235182344,0.33852439061463346,26,early
26578,178,0,0.5946083085891376,0.3155045915308357,26,early
26579,179,0,0.5969975640845708,0.3290773138369252,26,early
26580,180,0,0.5550399006583904,0.437960490782717,26,early
26581,181,0,0.17501090259020022,0.5099940539066653,26,early
26582,182,0,0.6403190311501598,0.31372572535924625,26,early
26583,183,0,0.48275651463267233,0.29129326632408215,26,early
26584,184,0,0.39056914078255783,0.32053271548975903,26,early
26585,185,0,0.5892637832218288,0.3779045826653977,26,early
26586,186,0,0.12307425430408375,0.37489776946672687,26,early
26587,187,0,0.7607438109932827,0.4665510393910608,26,early
26588,188,0,0.5043814889879017,0.3356772283250204,26,early
26589,189,0,0.4348735000233821,0.2766045137224684,26,early
26590,190,0,0.30874750383804395,0.33291026444220617,26,early
26591,191,0,0.645802346043336,0.26712314501288925,26,early
26592,192,0,0.8978608471672758,0.2720275757495918,26,early
26593,193,0,0.2434814559405175,0.4428606159450642,26,early
26594,194,0,0.7132418262563295,0.3562169668630729,26,early
26595,195,0,0.5399274339990725,0.4115546647311273,26,early
26596,196,0,0.8118221130392829,0.2994082954000653,26,early
26597,197,0,0.24513904406366027,0.37523621702893667,26,early
26598,198,0,0.5135088058853986,0.3006635327485364,26,early
26599,199,0,0.2881701862075993,0.3855562782959012,26,early
26600,0,0,0.4533255400665801,0.7412161394949262,26,middle
26601,1,0,0.0495458227222928,0.5412698442538686,26,middle
26602,2,0,0.4091132005041042,0.609757082206037,26,middle
26603,3,0,0.7624078967767105,0.6436183599698322,26,middle
26604,4,0,0.3974444376246327,0.5463324864648207,26,middle
26605,5,0,0.22671414202404883,0.4516639772052202,26,middle
26606,6,0,0.620916520183972,0.4750533599583909,26,middle
26607,7,0,0.24362955318987112,0.5431233623250225,26,middle
26608,8,0,0.28482407617517563,0.5516332733082404,26,middle
26609,9,0,0.4436332406339724,0.40321806818927697,26,middle
26610,10,0,0.2711581814767103,0.5741833573328887,26,middle
26611,11,0,0.5221045637767429,0.373211992187959,26,middle
26612,12,0,0.48559854014823334,0.4221390142434088,26,middle
26613,13,0,0.3775171120712425,0.4903474388658964,26,middle
26614,14,0,0.6716008985089617,0.4196854770095694,26,middle
26615,15,0,0.3854425016616254,0.5350370442130576,26,middle
26616,16,0,0.7305981718690968,0.4678748866991367,26,middle
26617,17,0,0.4984132956516032,0.4224322466860311,26,middle
26618,18,0,0.8740846799743486,0.41364696864731604,26,middle
26619,19,0,0.7323610972156065,0.49175783344015334,26,middle
26620,20,0,0.3428050131720739,0.4488431413146881,26,middle
26621,21,0,0.4903952529639095,0.4706837320915468,26,middle
26622,22,0,0.27326684918485866,0.4187744502065484,26,middle
26623,23,0,0.8032509472065793,0.472315266287528,26,middle
26624,24,0,0.4636924021787303,0.3724540996222502,26,middle
26625,25,0,0.8446270517892231,0.40828415264568596,26,middle
26626,26,0,0.27853090717349055,0.4822250094409761,26,middle
26627,27,0,0.4790359382945157,0.4768593800839745,26,middle
26628,28,0,0.6386829171582806,0.3184484747417607,26,middle
26629,29,0,0.7072900101960478,0.4369760410578847,26,middle
26630,30,0,0.1582421217184421,0.4986615307978802,26,middle
26631,31,0,0.5070457864896258,0.3755587641936274,26,middle
26632,32,0,0.4973000232500069,0.45196400027916606,26,middle
26633,33,0,0.25905285157249963,0.361311125499711,26,middle
26634,34,0,0.1898113320108165,0.38119638585883225,26,middle
26635,35,0,0.6553632092754035,0.5179070473234034,26,middle
26636,36,0,0.6228684117353749,0.46398862099952193,26,middle
26637,37,0,0.5548708617072902,0.39397419112833787,26,middle
26638,38,0,0.602184558960656,0.39066721732493503,26,middle
26639,39,0,0.3867059063010958,0.6151387712762963,26,middle
26640,40,0,0.11525219202843127,0.7142303541040467,26,middle
26641,41,0,0.43655226868069874,0.3745588027272363,26,middle
26642,42,0,0.5114678456414044,0.44433725141493263,26,middle
26643,43,0,0.7781008800934751,0.47380917892258,26,middle
26644,44,0,0.3062861394568076,0.4924881104586899,26,middle
26645,45,0,0.6082221136549613,0.403043060740459,26,middle
26646,46,0,0.9048454366288999,0.4212297446121792,26,middle
26647,47,0,0.9075952950189388,0.4218545910840754,26,middle
26648,48,0,0.8491263673269311,0.39599380794133854,26,middle
26649,49,0,0.20248346855207128,0.6042818915897807,26,middle
26650,50,0,0.2503413902003897,0.44024389748967085,26,middle
26651,51,0,0.6816558865110562,0.4561477946672885,26,middle
26652,52,0,0.7693449622544376,0.44940409588054775,26,middle
26653,53,0,0.8819718073871348,0.43958133188695675,26,middle
26654,54,0,0.727112143785472,0.5208188434317946,26,middle
26655,55,0,0.9915988355057799,0.4303058432768694,26,middle
26656,56,0,0.9024674296658695,0.3033757265342515,26,middle
26657,57,0,0.14571728359809577,0.37314565057169413,26,middle
26658,58,0,0.14721888772923028,0.3888356175773338,26,middle
26659,59,0,0.8332871627929042,0.41816164905289444,26,middle
26660,60,0,0.7985737133758853,0.43418001423046193,26,middle
26661,61,0,0.7957269492297597,0.5899591168489488,26,middle
26662,62,0,0.9992056205278144,0.2727929756728264,26,middle
26663,63,0,0.9897179079276675,0.2947191919281177,26,middle
26664,64,0,0.2737215929648607,0.32391709159231824,26,middle
26665,65,0,0.5745054561933962,0.3192628972235,26,middle
26666,66,0,0.13707424130910878,0.4674091540128018,26,middle
26667,67,0,0.40558700104456247,0.4973170580620116,26,middle
26668,68,0,0.958578318351602,0.4443593369016746,26,middle
26669,69,0,0.722453736211942,0.39714596556189663,26,middle
26670,70,0,0.5872189020433524,0.37296613052393945,26,middle
26671,71,0,0.6988763877151491,0.3915198895121098,26,middle
26672,72,0,0.9288966303642564,0.35341460933655533,26,middle
26673,73,0,0.7563124700085865,0.44260970056038046,26,middle
26674,74,0,0.9552154007528815,0.24511005330793512,26,middle
26675,75,0,0.4758726569267253,0.36600234861147485,26,middle
26676,76,0,0.6622187190773765,0.4666280804988704,26,middle
26677,77,0,0.9603122955697062,0.3628926434238545,26,middle
26678,78,0,0.4057523253593893,0.4200141859629885,26,middle
26679,79,0,0.7054919010716301,0.33153423571411383,26,middle
26680,80,0,0.4486176463414143,0.49745637622539896,26,middle
26681,81,0,0.7022779628596871,0.40836084577504594,26,middle
26682,82,0,0.5639630817479455,0.38037664089644224,26,middle
26683,83,0,0.5765003038889857,0.4030334397279348,26,middle
26684,84,0,0.3611236982135825,0.49858028802424753,26,middle
26685,85,0,0.5223022820012031,0.4417297403412209,26,middle
26686,86,0,0.7130136844087638,0.3291534602091779,26,middle
26687,87,0,0.5782287810385415,0.5549826325952849,26,middle
26688,88,0,0.6467048706293179,0.368322996956701,26,middle
26689,89,0,0.10825864688355735,0.495398054201692,26,middle
26690,90,0,0.4667630586995763,0.5754883542538205,26,middle
26691,91,0,0.1659709205465557,0.5718319221420488,26,middle
26692,92,0,0.6002004763846643,0.4674160856398552,26,middle
26693,93,0,0.7240541512347176,0.48328906564031227,26,middle
26694,94,0,0.1858398658377414,0.4556961646838913,26,middle
26695,95,0,0.3897213681400912,0.4589282313681369,26,middle
26696,96,0,0.5068465739878973,0.44463623035373967,26,middle
26697,97,0,0.749226796858109,0.3991623467901454,26,middle
26698,98,0,0.264287350734078,0.37161394433047373,26,middle
26699,99,0,0.2564974698779147,0.3210051335509068,26,middle
26700,100,0,0.29958598200698966,0.31889031251744504,26,middle
26701,101,0,0.2966250007801835,0.43687329976371636,26,middle
26702,102,0,0.43189007265793905,0.41903465651868865,26,middle
26703,103,0,0.7433386734607206,0.36691071248427076,26,middle
26704,104,0,0.2298397559464716,0.42130035699638935,26,middle
26705,105,0,0.3109061387700234,0.3422061676517117,26,middle
26706,106,0,0.43387493349998535,0.3518462999617248,26,middle
26707,107,0,0.749856748312592,0.3899707135415486,26,middle
26708,108,0,0.24694654825059575,0.42663706515508293,26,middle
26709,109,0,0.2863744256143891,0.3526131857613869,26,middle
26710,110,0,0.5013610702395224,0.38435437677779094,26,middle
26711,111,0,0.5067257993023689,0.3496329736507507,26,middle
26712,112,0,0.6867295768792018,0.27619896241105013,26,middle
26713,113,0,0.15122649720880987,0.32386105471219717,26,middle
26714,114,0,0.6325513813742404,0.43917813191871324,26,middle
26715,115,0,0.5722379676524088,0.4554922003550015,26,middle
26716,116,0,0.5259408420142887,0.339027993156643,26,middle
26717,117,0,0.6299426212548409,0.2717614526680649,26,middle
26718,118,0,0.8358711340583846,0.33090074257421553,26,middle
26719,119,0,0.913532049487833,0.23211094141199518,26,middle
26720,120,0,0.4297234743418793,0.46173693874276706,26,middle
26721,121,0,0.3087823882926815,0.2965722324973822,26,middle
26722,122,0,0.5406001097033828,0.47964755950910476,26,middle
26723,123,0,0.34730770838524383,0.395214735485394,26,middle
26724,124,0,0.7147336226762289,0.36122861155110414,26,middle
26725,125,0,0.3980254996829057,0.32092371347084137,26,middle
26726,126,0,0.20152784610997218,0.3670382282062889,26,middle
26727,127,0,0.8373460299334963,0.40052630360367475,26,middle
26728,128,0,0.8327469779331769,0.30458593871355366,26,middle
26729,129,0,0.729804070479895,0.34450963322055544,26,middle
26730,130,0,0.8174168698147852,0.3471206434362374,26,middle
26731,131,0,0.40074869932060575,0.3118409499586176,26,middle
26732,132,0,0.4270277574087993,0.3952890883196522,26,middle
26733,133,0,0.4590978850361104,0.2798513224474355,26,middle
26734,134,0,0.3588498508721595,0.39422566980065943,26,middle
26735,135,0,0.5568910962895559,0.34884943115526257,26,middle
26736,136,0,0.15126515897525605,0.5021704820075858,26,middle
26737,137,0,0.5545592175288763,0.3538197950513372,26,middle
26738,138,0,0.12277038066480694,0.3802120243665646,26,middle
26739,139,0,0.5984573004189744,0.2685171907495774,26,middle
26740,140,0,0.522866687205182,0.35934610744623124,26,middle
26741,141,0,0.14985403740880143,0.36581967882955624,26,middle
26742,142,0,0.848401019640598,0.2714235533677006,26,middle
26743,143,0,0.4440497759278313,0.3724221991487529,26,middle
26744,144,0,0.9772923524242934,0.4258055776527292,26,middle
26745,145,0,0.6182444527084455,0.2984574969536499,26,middle
26746,146,0,0.25472419322337664,0.322739435766037,26,middle
26747,147,0,0.35534793897675476,0.37485300444197855,26,middle
26748,148,0,0.892286300116651,0.3348021891680478,26,middle
26749,149,0,0.3861048655081297,0.46173868510007177,26,middle
26750,150,0,0.8699950855439231,0.28810666842227306,26,middle
26751,151,0,0.5733417601949191,0.39841117303586343,26,middle
26752,152,0,0.9650439653056471,0.3134782455586115,26,middle
26753,153,0,0.5128696977163663,0.3885421276447846,26,middle
26754,154,0,0.10626343754632446,0.3541240510774891,26,middle
26755,155,0,0.5823073377569091,0.430093232421063,26,middle
26756,156,0,0.9358960861616495,0.33991128119017966,26,middle
26757,157,0,0.4061449973312368,0.3557640150323992,26,middle
26758,158,0,0.41201983063770653,0.2788494185397783,26,middle
26759,159,0,0.1801828343783426,0.4236266461929005,26,middle
26760,160,0,0.9773196916583657,0.3105985686757997,26,middle
26761,161,0,0.9233259239016227,0.28535085552156947,26,middle
26762,162,0,0.2503025377209461,0.39072302203823084,26,middle
26763,163,0,0.20507186007439465,0.32598339080574495,26,middle
26764,164,0,0.8203993644621363,0.2741557414075855,26,middle
26765,165,0,0.6092466447464105,0.41447388804474394,26,middle
26766,166,0,0.29215608250731157,0.3036430444444584,26,middle
26767,167,0,0.4218967824278586,0.27120521777225337,26,middle
26768,168,0,0.6705291148278764,0.2843399872330071,26,middle
26769,169,0,0.5839949973029686,0.4330065567207671,26,middle
26770,170,0,0.33364548636069674,0.4280892191426863,26,middle
26771,171,0,0.36713683542563536,0.3506864936633912,26,middle
26772,172,0,0.27426752038683505,0.40058056725663316,26,middle
26773,173,0,0.5819338800322307,0.3802303370850977,26,middle
26774,174,0,0.4985112914591205,0.3445349113679408,26,middle
26775,175,0,0.4724677446499848,0.32664257892769555,26,middle
26776,176,0,0.5628871494066103,0.3677354387456683,26,middle
26777,177,0,0.5152160489813151,0.4220540653384812,26,middle
26778,178,0,0.7059420906213847,0.3165688345276386,26,middle
26779,179,0,0.7049854500927706,0.37938535952732744,26,middle
26780,180,0,0.3730080815633872,0.40660219046208423,26,middle
26781,181,0,0.6194472881649903,0.2758364679858322,26,middle
26782,182,0,0.7426169677500831,0.37318576047269697,26,middle
26783,183,0,0.4994449894905333,0.3266437325277338,26,middle
26784,184,0,0.9716574962885807,0.30493105571322776,26,middle
26785,185,0,0.3858620123015815,0.32018050109187157,26,middle
26786,186,0,0.8647252972757231,0.272036656171019,26,middle
26787,187,0,0.9246696699132579,0.2640096582678585,26,middle
26788,188,0,0.5212286736739602,0.43530522938833677,26,middle
26789,189,0,0.835111550858298,0.46084067047511823,26,middle
26790,190,0,0.791002768630708,0.16357891944575864,26,middle
26791,191,0,0.9982283954215747,0.2596952933464219,26,middle
26792,192,0,0.5703735942991407,0.3029513761614356,26,middle
26793,193,0,0.9854494957393325,0.2983162700878973,26,middle
26794,194,0,0.9138818143980121,0.28322052855007945,26,middle
26795,195,0,0.35732512420318246,0.37015806842712307,26,middle
26796,196,0,0.16208525245868852,0.4182752757576954,26,middle
26797,197,0,0.5304173613230823,0.30662401456669264,26,middle
26798,198,0,0.7981318229146317,0.3768000420314853,26,middle
26799,199,0,0.5573846213604681,0.42495359348420386,26,middle
26800,0,0,0.9939469992339665,0.7420227382753597,26,late
26801,1,0,0.476785461103811,0.771340288076203,26,late
26802,2,0,0.9519384008907399,0.40073489045690847,26,late
26803,3,0,0.5022173124205237,0.727660008505333,26,late
26804,4,0,0.26212094823547233,0.5146845809096208,26,late
26805,5,0,0.7439382405107504,0.5331926174833898,26,late
26806,6,0,0.6808620141946626,0.5093575837568918,26,late
26807,7,0,0.4897167595032034,0.46648098495309964,26,late
26808,8,0,0.29205919610392966,0.5470982967641078,26,late
26809,9,0,0.12142564940198652,0.6447752544025878,26,late
26810,10,0,0.37235548235318755,0.5883866455541413,26,late
26811,11,0,0.6306569898021942,0.513548038813747,26,late
26812,12,0,0.3257141881683619,0.48091675144932156,26,late
26813,13,0,0.4264743419952941,0.5540091944624779,26,late
26814,14,0,0.32638813877306033,0.5000864470864635,26,late
26815,15,0,0.29365923921518694,0.5571528388312503,26,late
26816,16,0,0.44456072961818005,0.6055988993183856,26,late
26817,17,0,0.1534588232723814,0.7383893772276466,26,late
26818,18,0,0.5251517641466457,0.664117882610527,26,late
26819,19,0,0.29431151428687563,0.5590853678955858,26,late
26820,20,0,0.6953198288556361,0.520288888188864,26,late
26821,21,0,0.4219938950223053,0.6027804547223413,26,late
26822,22,0,0.504582641896472,0.7417398000821237,26,late
26823,23,0,0.8396568984864174,0.5029352572429271,26,late
26824,24,0,0.6669129300381239,0.4320811932521953,26,late
26825,25,0,0.226013225174408,0.5601693978756949,26,late
26826,26,0,0.27656947404257615,0.5967203212566198,26,late
26827,27,0,0.493791272477018,0.5492669746208234,26,late
26828,28,0,0.5573710565879477,0.6569902907039527,26,late
26829,29,0,0.1050371852713551,0.7247260335480155,26,late
26830,30,0,0.39409385650567325,0.46082177448009864,26,late
26831,31,0,0.208607787839169,0.4863012570041524,26,late
26832,32,0,0.7553008616214476,0.6302110562598152,26,late
26833,33,0,0.9006643911344543,0.5842840567449881,26,late
26834,34,0,0.5403598137267162,0.5216132855145101,26,late
26835,35,0,0.2996180195295387,0.8376355731093035,26,late
26836,36,0,0.5719906723893492,0.6065851523520557,26,late
26837,37,0,0.5130809563941269,0.637220091870895,26,late
26838,38,0,0.10899589179678655,0.7014910692734786,26,late
26839,39,0,0.6796080357218259,0.7288990923430458,26,late
26840,40,0,0.4833712695754262,0.5172689899588397,26,late
26841,41,0,0.21295628506955327,0.45664685941889493,26,late
26842,42,0,0.41568068224252175,0.3590478493045901,26,late
26843,43,0,0.17763871779213303,0.7321244426658037,26,late
26844,44,0,0.3789110448957801,0.6161346743127127,26,late
26845,45,0,0.5135005374601215,0.5486919130258344,26,late
26846,46,0,0.46625314525779005,0.6286631792579505,26,late
26847,47,0,0.5450092610723983,0.5011573841453602,26,late
26848,48,0,0.6318628106821155,0.4571825660906551,26,late
26849,49,0,0.4180301520391082,0.4618419958240321,26,late
26850,50,0,0.08752757241225641,0.6553606641996053,26,late
26851,51,0,0.7583101148381002,0.39989982022122356,26,late
26852,52,0,0.29020682964615624,0.47577131574527265,26,late
26853,53,0,0.35023644823025896,0.4275512282927286,26,late
26854,54,0,0.5886830671081251,0.4055383447804559,26,late
26855,55,0,0.5367355367635464,0.4382850833486853,26,late
26856,56,0,0.6379003933155927,0.5233267585342318,26,late
26857,57,0,0.7127494381831254,0.5317178655825155,26,late
26858,58,0,0.6479140603714124,0.5910113891806694,26,late
26859,59,0,0.48034288901216876,0.6489898344029735,26,late
26860,60,0,0.3298175573905542,0.6383671885600269,26,late
26861,61,0,0.5880526760218605,0.5354829891852229,26,late
26862,62,0,0.7526858148573007,0.3735142817045941,26,late
26863,63,0,0.4670061873393786,0.5050838206638434,26,late
26864,64,0,0.7898249150661443,0.30398392541274966,26,late
26865,65,0,0.11297964239992586,0.5533113958332027,26,late
26866,66,0,0.17848747251793443,0.5498034379235506,26,late
26867,67,0,0.25118715412882053,0.39586873852393345,26,late
26868,68,0,0.5360051654348053,0.44131682083430984,26,late
26869,69,0,0.42660266296575644,0.5693057696719415,26,late
26870,70,0,0.7153743839675676,0.4390105104817943,26,late
26871,71,0,0.29875847669641686,0.5795752291121423,26,late
26872,72,0,0.3892983972838644,0.5426168428993822,26,late
26873,73,0,0.5535209346333442,0.6448919955228261,26,late
26874,74,0,0.2864461175224416,0.6119501023885263,26,late
26875,75,0,0.29528592787773855,0.6611851289165802,26,late
26876,76,0,0.8202844553860631,0.4643939660146729,26,late
26877,77,0,0.5059113485551625,0.44651322078703937,26,late
26878,78,0,0.5155035577695475,0.46498573267071575,26,late
26879,79,0,0.41364427153848865,0.42833089518811296,26,late
26880,80,0,0.43256532971432393,0.7530951988032938,26,late
26881,81,0,0.3072772114814448,0.5486419567329195,26,late
26882,82,0,0.5497094553653683,0.5198455153849525,26,late
26883,83,0,0.7878328439505144,0.36115329444804994,26,late
26884,84,0,0.6963018586322897,0.45504722322314073,26,late
26885,85,0,0.23108730603957067,0.5022873707855742,26,late
26886,86,0,0.7271192640090246,0.515009977942858,26,late
26887,87,0,0.13818510021234354,0.769334292290277,26,late
26888,88,0,0.8529809489630225,0.43456322735633734,26,late
26889,89,0,0.8601986047161451,0.405253154628495,26,late
26890,90,0,0.40574701735963414,0.3151350381039235,26,late
26891,91,0,0.2634228878182068,0.38434793745305773,26,late
26892,92,0,0.7754014210816098,0.4506515489034082,26,late
26893,93,0,0.4280894593976482,0.40147571377098845,26,late
26894,94,0,0.40363766599792916,0.44685204719144633,26,late
26895,95,0,0.8162107944612618,0.516296085878797,26,late
26896,96,0,0.503872623672889,0.5637629330261331,26,late
26897,97,0,0.5078155152643702,0.5556987316823787,26,late
26898,98,0,0.6101554149514129,0.4285621538560631,26,late
26899,99,0,0.7688155845732009,0.570706048471063,26,late
26900,100,0,0.08170486105746207,0.5304972296044501,26,late
26901,101,0,0.8949968334780999,0.6089399007983616,26,late
26902,102,0,0.15306802170852682,0.5493298962631739,26,late
26903,103,0,0.7009193769841511,0.4193890296182754,26,late
26904,104,0,0.4188807003328198,0.4944022349738195,26,late
26905,105,0,0.5417458991118446,0.4632349859459903,26,late
26906,106,0,0.6725225108331396,0.4496016529157306,26,late
26907,107,0,0.7024278371966026,0.5643413407016361,26,late
26908,108,0,0.7403842431082042,0.4873042291368105,26,late
26909,109,0,0.6642463940150358,0.4792805461241778,26,late
26910,110,0,0.3447336234740851,0.5844750621048602,26,late
26911,111,0,0.560068436279201,0.37441714619285077,26,late
26912,112,0,0.8132870178282289,0.42176767823504135,26,late
26913,113,0,0.8738080099114961,0.6981258530817441,26,late
26914,114,0,0.9937169499948111,0.5375615300551775,26,late
26915,115,0,0.9624468730039528,0.40256163947982426,26,late
26916,116,0,0.07605871362169311,0.6003245461575419,26,late
26917,117,0,0.6032553669897588,0.476965506651697,26,late
26918,118,0,0.816104148124362,0.37739801035541526,26,late
26919,119,0,0.6673571816700117,0.5429933829886557,26,late
26920,120,0,0.6269220180557429,0.5037464299300702,26,late
26921,121,0,0.2505041007097468,0.7295830263531595,26,late
26922,122,0,0.4369925399407797,0.3998248076159018,26,late
26923,123,0,0.479252678151893,0.5448380472319325,26,late
26924,124,0,0.591036942445778,0.5905107101205807,26,late
26925,125,0,0.3029870230482201,0.6426799331288731,26,late
26926,126,0,0.08095303221472502,0.6096656997370407,26,late
26927,127,0,0.4414533341195589,0.4711905070911254,26,late
26928,128,0,0.24676902255000954,0.4670362985189511,26,late
26929,129,0,0.19386345791135734,0.6751800162097976,26,late
26930,130,0,0.41272638524588634,0.5007175346483216,26,late
26931,131,0,0.576407792802357,0.5112124427150437,26,late
26932,132,0,0.2197329730723861,0.6461247983252614,26,late
26933,133,0,0.312015307097336,0.5402519433322502,26,late
26934,134,0,0.08156949173185934,0.6823258211148755,26,late
26935,135,0,0.6501108279324816,0.5690615802011612,26,late
26936,136,0,0.7622798382119129,0.43031648040551196,26,late
26937,137,0,0.9799352877375929,0.35202855313808823,26,late
26938,138,0,0.9942243894086367,0.5581257938007607,26,late
26939,139,0,0.17164332058943832,0.7833882327000541,26,late
26940,140,0,0.7882501910406339,0.5664160465047665,26,late
26941,141,0,0.04210202004190618,0.5722294942522399,26,late
26942,142,0,0.8075977631065331,0.5152974855019009,26,late
26943,143,0,0.7587653692293538,0.4979155540511425,26,late
26944,144,0,0.7546921624617063,0.3979994333987906,26,late
26945,145,0,0.5696732222250903,0.3802355760661674,26,late
26946,146,0,0.7004610954145776,0.40463960257711296,26,late
26947,147,0,0.5405895545938381,0.4063115361589419,26,late
26948,148,0,0.5516018724719756,0.5793542156558276,26,late
26949,149,0,0.6325345789924411,0.48694793473478976,26,late
26950,150,0,0.7977677727836578,0.4187503250124489,26,late
26951,151,0,0.7317307625976798,0.37274887273487056,26,late
26952,152,0,0.6788359326638574,0.5388037385616917,26,late
26953,153,0,0.48368664589256616,0.6732038682525874,26,late
26954,154,0,0.39873608538746286,0.38027079420016063,26,late
26955,155,0,0.5106776972930351,0.38866144395806934,26,late
26956,156,0,0.5745976806410023,0.5198285452763665,26,late
26957,157,0,0.572701726337341,0.4530143210880117,26,late
26958,158,0,0.6542460025463938,0.37523438614662846,26,late
26959,159,0,0.7671345115154833,0.37327486248711184,26,late
26960,160,0,0.581026942854575,0.6263428882202452,26,late
26961,161,0,0.9882469415352175,0.43117228914026595,26,late
26962,162,0,0.8386782588787405,0.45813047087530256,26,late
26963,163,0,0.02722540991650913,0.5997113874054797,26,late
26964,164,0,0.4604611036315253,0.5034610357556869,26,late
26965,165,0,0.15008926879383408,0.48893765796398203,26,late
26966,166,0,0.4106388161061062,0.6533718973288979,26,late
26967,167,0,0.6099616265306904,0.4338146814822269,26,late
26968,168,0,0.6067547949264852,0.49617019002075513,26,late
26969,169,0,0.5927626961110316,0.4584793092319312,26,late
26970,170,0,0.9119740304948865,0.48123115846553155,26,late
26971,171,0,0.6149063032691382,0.4976566550648656,26,late
26972,172,0,0.8744464456607288,0.506606245104727,26,late
26973,173,0,0.48546299942671056,0.598181637597242,26,late
26974,174,0,0.3022023680215624,0.6209440543320788,26,late
26975,175,0,0.4494476935583068,0.5237786901616024,26,late
26976,176,0,0.32356901134698896,0.5336216480514353,26,late
26977,177,0,0.7404437555252985,0.49396897222503644,26,late
26978,178,0,0.517001848489105,0.5265310713185336,26,late
26979,179,0,0.16792688826558255,0.5478184288167511,26,late
26980,180,0,0.5334680438371133,0.41993070766460494,26,late
26981,181,0,0.5097590926949586,0.4106291306517389,26,late
26982,182,0,0.8721118548675326,0.44890033576459065,26,late
26983,183,0,0.7529246311591193,0.4066341079328204,26,late
26984,184,0,0.11856182317881966,0.5685333229055327,26,late
26985,185,0,0.45592641631800995,0.4322018570674969,26,late
26986,186,0,0.40446645253531166,0.5862583207813419,26,late
26987,187,0,0.44200090127938896,0.5356152208457831,26,late
26988,188,0,0.5121914076933505,0.5070213407362262,26,late
26989,189,0,0.45146566137291777,0.5982131573546071,26,late
26990,190,0,0.5117531115105505,0.5444808884179598,26,late
26991,191,0,0.29960068850514276,0.6225925076648207,26,late
26992,192,0,0.45580109701355476,0.4632462040878265,26,late
26993,193,0,0.5916294979085666,0.5562621311560028,26,late
26994,194,0,0.6960625910610461,0.4553038675027337,26,late
26995,195,0,0.6482665174254183,0.33705980521522727,26,late
26996,196,0,0.46648094363115994,0.5127663840063915,26,late
26997,197,0,0.29302917642587745,0.4082185249598436,26,late
26998,198,0,0.7228354151743537,0.5389669647739865,26,late
26999,199,0,0.6374626535760793,0.41943644503277244,26,late
27000,0,0,0.5270703191659865,0.8248259095555253,27,interleaved
27001,1,0,0.8105855533796875,0.6209185941289589,27,interleaved
27002,2,0,0.41336005499675443,0.668893733599119,27,interleaved
27003,3,0,0.16782164728194865,0.5629362707778777,27,interleaved
27004,4,0,0.6123627489753171,0.5353384222348571,27,interleaved
27005,5,0,0.6043010562936901,0.47796900967999595,27,interleaved
27006,6,0,0.6877775782872189,0.4155384806072533,27,interleaved
27007,7,0,0.5613145182370026,0.6335808135746677,27,interleaved
27008,8,0,0.3638175413062309,0.3867977129806496,27,interleaved
27009,9,0,0.31307471920844443,0.47539567335818433,27,interleaved
27010,10,0,0.7543305733274713,0.4772637908043785,27,interleaved
27011,11,0,0.6599073809908953,0.4649122901703738,27,interleaved
27012,12,0,0.6626017605410942,0.47503112547829307,27,interleaved
27013,13,0,0.6808889580172738,0.37388641989441673,27,interleaved
27014,14,0,0.8356370783069522,0.3823773539608759,27,interleaved
27015,15,0,0.31231815862827916,0.53613114442394,27,interleaved
27016,16,0,0.35048771967250625,0.42907023609384787,27,interleaved
27017,17,0,0.8274313754508982,0.4620954731276934,27,interleaved
27018,18,0,0.5623068352868387,0.48452438529551145,27,interleaved
27019,19,0,0.5851084783579016,0.48939714955721914,27,interleaved
27020,20,0,0.5881721190125289,0.6425728494641734,27,interleaved
27021,21,0,0.34647217283562354,0.5970747357807696,27,interleaved
27022,22,0,0.6357071360414626,0.5339025922983964,27,interleaved
27023,23,0,0.6395456812746239,0.5083670201717041,27,interleaved
27024,24,0,0.4098931971632072,0.360368605465115,27,interleaved
27025,25,0,0.44883804868556976,0.44700833269660056,27,interleaved
27026,26,0,0.456535352164716,0.4973219974161287,27,interleaved
27027,27,0,0.40124139962573413,0.4103464635233266,27,interleaved
27028,28,0,0.12153867539630223,0.5568668683796077,27,interleaved
27029,29,0,0.6999408871411503,0.3918976355223297,27,interleaved
27030,30,0,0.6705052838683352,0.4788510091811068,27,interleaved
27031,31,0,0.6915365457708867,0.5050865969851722,27,interleaved
27032,32,0,0.5991055032738404,0.3836819026050886,27,interleaved
27033,33,0,0.3454343555535399,0.5681064640374077,27,interleaved
27034,34,0,0.5693575350601133,0.4002693524126366,27,interleaved
27035,35,0,0.648197055381946,0.48419161432446706,27,interleaved
27036,36,0,0.5008331786020467,0.3699467910817634,27,interleaved
27037,37,0,0.7719213736386019,0.41305601155379024,27,interleaved
27038,38,0,0.21148597348191667,0.37651465922418903,27,interleaved
27039,39,0,0.5518285958063593,0.42559701663634253,27,interleaved
27040,40,0,0.8772298885597518,0.3880670296412265,27,interleaved
27041,41,0,0.3894090815175141,0.5449717805459701,27,interleaved
27042,42,0,0.4958267907963676,0.3612734186346276,27,interleaved
27043,43,0,0.5068818454906703,0.40225049369073296,27,interleaved
27044,44,0,0.5941684796954059,0.43756813983568177,27,interleaved
27045,45,0,0.29047400876101404,0.4366266050719542,27,interleaved
27046,46,0,0.4655031816433657,0.28885679526934294,27,interleaved
27047,47,0,0.7004309393966603,0.36548186446972497,27,interleaved
27048,48,0,0.5906061456075773,0.31401502288153516,27,interleaved
27049,49,0,0.7673590738246725,0.3374537820859149,27,interleaved
27050,50,0,0.3982248574811209,0.3862986623373249,27,interleaved
27051,51,0,0.22325547122679662,0.4692610291865936,27,interleaved
27052,52,0,0.5698604002445256,0.42667644776159375,27,interleaved
27053,53,0,0.500847582108506,0.4781181078559936,27,interleaved
27054,54,0,0.14718150939249214,0.42702973871065897,27,interleaved
27055,55,0,0.8343851007304252,0.3647974081902729,27,interleaved
27056,56,0,0.36436792659304323,0.5233192650381397,27,interleaved
27057,57,0,0.8070316113191733,0.4713889721683267,27,interleaved
27058,58,0,0.6357730827028836,0.47981148243335103,27,interleaved
27059,59,0,0.24661378272177698,0.5354215478704958,27,interleaved
27060,60,0,0.39260991580565896,0.42546770231430364,27,interleaved
27061,61,0,0.5966890675240946,0.45604296720266524,27,interleaved
27062,62,0,0.33818015028318,0.43870896092770273,27,interleaved
27063,63,0,0.25492586271523554,0.7156107558552349,27,interleaved
27064,64,0,0.7270128248767282,0.4650613985046953,27,interleaved
27065,65,0,0.6625676631329236,0.5243195960280007,27,interleaved
27066,66,0,0.5227750359583794,0.46325794818422206,27,interleaved
27067,67,0,0.3014618750106602,0.4598765947878206,27,interleaved
27068,68,0,0.7771457516074609,0.31887738955724665,27,interleaved
27069,69,0,0.4770726102245581,0.5186790620592983,27,interleaved
27070,70,0,0.10234581629844866,0.582614286360926,27,interleaved
27071,71,0,0.6821969864717539,0.3933720908106132,27,interleaved
27072,72,0,0.46961864525534763,0.3972829684350418,27,interleaved
27073,73,0,0.3421411415331008,0.4826726826741339,27,interleaved
27074,74,0,0.4398462299495856,0.5003893103342154,27,interleaved
27075,75,0,0.8428003499052956,0.49110821957821643,27,interleaved
27076,76,0,0.39947159903602947,0.43367379560777763,27,interleaved
27077,77,0,0.42105587768870273,0.5837530102000584,27,interleaved
27078,78,0,0.6230930741805829,0.35538045842137944,27,interleaved
27079,79,0,0.13964104317241705,0.45731198711682497,27,interleaved
27080,80,0,0.25424274615890385,0.4963903689289397,27,interleaved
27081,81,0,0.6971825620019754,0.3589730548003852,27,interleaved
27082,82,0,0.42235418175854733,0.3177779041052647,27,interleaved
27083,83,0,0.14505228873299117,0.3907842100659935,27,interleaved
27084,84,0,0.5548365356213176,0.46628758109552754,27,interleaved
27085,85,0,0.47369162565420325,0.48418903272968744,27,interleaved
27086,86,0,0.7417153642498121,0.41806135505504133,27,interleaved
27087,87,0,0.5915013239705937,0.4951511962079834,27,interleaved
27088,88,0,0.34396049548145324,0.5254697930661334,27,interleaved
27089,89,0,0.5113976709986052,0.5347321870349447,27,interleaved
27090,90,0,0.5257952699023697,0.44940370706018606,27,interleaved
27091,91,0,0.6751922356887918,0.4730922522389376,27,interleaved
27092,92,0,0.43200949063571314,0.39061319432889674,27,interleaved
27093,93,0,0.18842897428655192,0.4821446406619335,27,interleaved
27094,94,0,0.3858627998000011,0.4134333223926885,27,interleaved
27095,95,0,0.2698572080035372,0.3875011979071673,27,interleaved
27096,96,0,0.8201209613868059,0.36113471194384855,27,interleaved
27097,97,0,0.6559405310419801,0.38897057958871584,27,interleaved
27098,98,0,0.8209740758485169,0.32974878825943615,27,interleaved
27099,99,0,0.2720686661422961,0.38924436599336515,27,interleaved
27100,100,0,0.1782581781474784,0.611967250995842,27,interleaved
27101,101,0,0.542241760121768,0.5694137916259601,27,interleaved
27102,102,0,0.13400245226357055,0.5919645862631273,27,interleaved
27103,103,0,0.6762144492818601,0.35976051017321703,27,interleaved
27104,104,0,0.1672541549405768,0.5988214076955183,27,interleaved
27105,105,0,0.3547743520498466,0.4987459323596646,27,interleaved
27106,106,0,0.7361696032888694,0.3922460031205456,27,interleaved
27107,107,0,0.5274694651972167,0.34090101865783323,27,interleaved
27108,108,0,0.33864734790329476,0.39019939447861696,27,interleaved
27109,109,0,0.6413984947262074,0.41199067349868546,27,interleaved
27110,110,0,0.8004552954935619,0.39947858195927344,27,interleaved
27111,111,0,0.594397335433897,0.4574275921152976,27,interleaved
27112,112,0,0.6014640545748915,0.4490117856313218,27,interleaved
27113,113,0,0.3994702380131877,0.36956634642477193,27,interleaved
27114,114,0,0.03490130241868228,0.38395137288634745,27,interleaved
27115,115,0,0.7499137133312607,0.535504244088452,27,interleaved
27116,116,0,0.9039489776993611,0.4007320509496091,27,interleaved
27117,117,0,0.6490878019208173,0.38442798380941257,27,interleaved
27118,118,0,0.8042389230745044,0.3445855330273396,27,interleaved
27119,119,0,0.6572310973523552,0.4380976589848222,27,interleaved
27120,120,0,0.9151853255466983,0.2919475117364019,27,interleaved
27121,121,0,0.4619745722504436,0.657272397479486,27,interleaved
27122,122,0,0.4967667002615977,0.38562185245344466,27,interleaved
27123,123,0,0.15981638908034929,0.3885872669792252,27,interleaved
27124,124,0,0.7508190432740984,0.6388609051769977,27,interleaved
27125,125,0,0.5181948085137765,0.578843426102282,27,interleaved
27126,126,0,0.6756308273345364,0.38365036475461584,27,interleaved
27127,127,0,0.5246249945431068,0.35165331355297363,27,interleaved
27128,128,0,0.7244009964248074,0.45114778533232647,27,interleaved
27129,129,0,0.13410244943537736,0.6341590715296275,27,interleaved
27130,130,0,0.336034014313113,0.44872496163415676,27,interleaved
27131,131,0,0.8624991964284312,0.3551709622881567,27,interleaved
27132,132,0,0.5943393172355919,0.4357765775829875,27,interleaved
27133,133,0,0.5522975299497196,0.47905524214172346,27,interleaved
27134,134,0,0.4241532088461994,0.4371867329219699,27,interleaved
27135,135,0,0.46741475411308475,0.31363834930040213,27,interleaved
27136,136,0,0.544927206576407,0.4896849793315565,27,interleaved
27137,137,0,0.30287327839755807,0.40491747590770655,27,interleaved
27138,138,0,0.6392959210044437,0.367341807756866,27,interleaved
27139,139,0,0.5731007164693305,0.488494660268064,27,interleaved
27140,140,0,0.5802544021277295,0.2999781806428746,27,interleaved
27141,141,0,0.44091911312772103,0.39379628179686615,27,interleaved
27142,142,0,0.5528829048285244,0.3939075504356888,27,interleaved
27143,143,0,0.46022592754725283,0.4386178976255023,27,interleaved
27144,144,0,0.9267139696071405,0.30117846638397455,27,interleaved
27145,145,0,0.6289959668571409,0.3349506761258583,27,interleaved
27146,146,0,0.12835701643128222,0.6982714699519528,27,interleaved
27147,147,0,0.4817919765531731,0.37390944681879734,27,interleaved
27148,148,0,0.6036381183983236,0.24186082690592142,27,interleaved
27149,149,0,0.4785317448393835,0.32980550128424346,27,interleaved
27150,150,0,0.26448686732522253,0.3713175928231057,27,interleaved
27151,151,0,0.5975545664888353,0.41128067946204394,27,interleaved
27152,152,0,0.2853938614643285,0.5439536612054079,27,interleaved
27153,153,0,0.7997450285169541,0.35699698669042557,27,interleaved
27154,154,0,0.4658091651364508,0.6209617168601307,27,interleaved
27155,155,0,0.5881350307100517,0.3646702511840522,27,interleaved
27156,156,0,0.4104510472524532,0.43918371668792294,27,interleaved
27157,157,0,0.6656225440065957,0.3946858378332923,27,interleaved
27158,158,0,0.5823483888391223,0.3380485942803081,27,interleaved
27159,159,0,0.29814558465969726,0.5806239811353306,27,interleaved
27160,160,0,0.23174363614749122,0.3550203694491476,27,interleaved
27161,161,0,0.4319207498238065,0.3598269225236785,27,interleaved
27162,162,0,0.33602155725607175,0.40769230548414415,27,interleaved
27163,163,0,0.3272620750053078,0.3544415202145527,27,interleaved
27164,164,0,0.6105713101265007,0.5310820731573309,27,interleaved
27165,165,0,0.6131954334174556,0.391983526935594,27,interleaved
27166,166,0,0.7861945744828345,0.35202090690600457,27,interleaved
27167,167,0,0.6812459572791154,0.3829069538168833,27,interleaved
27168,168,0,0.675059719435364,0.25171478778727424,27,interleaved
27169,169,0,0.7753816285925657,0.2868397309643445,27,interleaved
27170,170,0,0.7289093650765378,0.34593784603046795,27,interleaved
27171,171,0,0.48037244065006135,0.42104489278434787,27,interleaved
27172,172,0,0.6182895899984324,0.4205251644771314,27,interleaved
27173,173,0,0.7058860731519665,0.41050494407905125,27,interleaved
27174,174,0,0.4639256084272674,0.45264880325773577,27,interleaved
27175,175,0,0.8682978204631355,0.4127544508707266,27,interleaved
27176,176,0,0.6385409650770518,0.42049763629287956,27,interleaved
27177,177,0,0.350634261430816,0.34201323298669184,27,interleaved
27178,178,0,0.4499323481352685,0.2755449122759316,27,interleaved
27179,179,0,0.6272740351824221,0.4234748220734411,27,interleaved
27180,180,0,0.4537965652820365,0.48662591361194185,27,interleaved
27181,181,0,0.7081799981773345,0.3419755265788962,27,interleaved
27182,182,0,0.8299088352093362,0.3369081236354358,27,interleaved
27183,183,0,0.16913522658141028,0.40896572892340766,27,interleaved
27184,184,0,0.46840119535338876,0.4133688218724705,27,interleaved
27185,185,0,0.5677695161698731,0.32670640216529767,27,interleaved
27186,186,0,0.6188866000809966,0.3362579371820119,27,interleaved
27187,187,0,0.3189335692817884,0.4256917126236346,27,interleaved
27188,188,0,0.4567344259682792,0.4312134895702987,27,interleaved
27189,189,0,0.8446216736137703,0.2600688821924965,27,interleaved
27190,190,0,0.6962069784308044,0.32177438098486744,27,interleaved
27191,191,0,0.5211638151782599,0.3264033907315854,27,interleaved
27192,192,0,0.6638941997533913,0.38425667137064085,27,interleaved
27193,193,0,0.5591524100172904,0.32352367291627393,27,interleaved
27194,194,0,0.40811918368077654,0.35995723744564867,27,interleaved
27195,195,0,0.6143285877845696,0.4353129106565805,27,interleaved
27196,196,0,0.2434693405797672,0.4542447968073373,27,interleaved
27197,197,0,0.8064007247857174,0.4073673420039846,27,interleaved
27198,198,0,0.3555329450178124,0.3486610299332852,27,interleaved
27199,199,0,0.5360384539431836,0.5223286937611223,27,interleaved
27200,0,0,0.34464457364706225,0.7222736891639929,27,blocked
27201,1,0,0.4168822006421772,0.7853783539593328,27,blocked
27202,2,0,0.4319217034534324,0.5769058211048228,27,blocked
27203,3,0,0.34441269001581576,0.5859227761596043,27,blocked
27204,4,0,0.44440437479163536,0.41692638935023285,27,blocked
27205,5,0,0.1641008236161938,0.6433329644558432,27,blocked
27206,6,0,0.5206579386550518,0.5023727835463351,27,blocked
27207,7,0,0.7151033269932934,0.6637833155218251,27,blocked
27208,8,0,0.5613946873130968,0.4018746934714463,27,blocked
27209,9,0,0.6118933948400064,0.4358802020204471,27,blocked
27210,10,0,0.6101293038585116,0.4580821946128826,27,blocked
27211,11,0,0.3871469046467275,0.5637766718349312,27,blocked
27212,12,0,0.2246536673592686,0.46970890392011144,27,blocked
27213,13,0,0.6197662520273723,0.5526180191985232,27,blocked
27214,14,0,0.03794862664124493,0.4904875390033157,27,blocked
27215,15,0,0.8329609761510303,0.5143885514213646,27,blocked
27216,16,0,0.5255017968512871,0.5763699113877353,27,blocked
27217,17,0,0.7793830036403733,0.5209094446001893,27,blocked
27218,18,0,0.7920347058862132,0.31978101877863885,27,blocked
27219,19,0,0.8143842880226417,0.536041415233228,27,blocked
27220,20,0,0.8557559449398568,0.48936046334015737,27,blocked
27221,21,0,0.4238544014406687,0.7356551612636297,27,blocked
27222,22,0,0.6188540559939956,0.41692413953764074,27,blocked
27223,23,0,0.569271911488229,0.46800434762565796,27,blocked
27224,24,0,0.43467532329940267,0.5213750965143835,27,blocked
27225,25,0,0.1604350763205051,0.6055996569512369,27,blocked
27226,26,0,0.4622173024134508,0.47026669762455486,27,blocked
27227,27,0,0.6258099214742064,0.5476609354232911,27,blocked
27228,28,0,0.9239903597640484,0.44160753165195216,27,blocked
27229,29,0,0.8778739291352382,0.391890241323624,27,blocked
27230,30,0,0.1216145188656205,0.3303077197766159,27,blocked
27231,31,0,0.4143212317148933,0.5083877629706343,27,blocked
27232,32,0,0.47527862520768804,0.421135513708725,27,blocked
27233,33,0,0.6278441410118134,0.5107022733512044,27,blocked
27234,34,0,0.6550402792590339,0.4648589164299351,27,blocked
27235,35,0,0.3367009607872492,0.4404075202338502,27,blocked
27236,36,0,0.6203981473492358,0.39524321545233687,27,blocked
27237,37,0,0.2822394139596929,0.49622928726494375,27,blocked
27238,38,0,0.7088519772834931,0.46184919921108103,27,blocked
27239,39,0,0.6989652532654,0.5235037211568385,27,blocked
27240,40,0,0.41621083679142235,0.4643713045507418,27,blocked
27241,41,0,0.6609899477877155,0.4801254476003245,27,blocked
27242,42,0,0.07788814999907773,0.4748327139518669,27,blocked
27243,43,0,0.5313266435264321,0.4693069542939286,27,blocked
27244,44,0,0.22156086092649202,0.39407543190787,27,blocked
27245,45,0,0.37924905803027115,0.6863017756223637,27,blocked
27246,46,0,0.7045286388715516,0.5255720768882322,27,blocked
27247,47,0,0.2541744710638274,0.37958910103725485,27,blocked
27248,48,0,0.2664777266076813,0.4608906834510694,27,blocked
27249,49,0,0.39291545980808384,0.5386077180959112,27,blocked
27250,50,0,0.738046135107506,0.6151376047658357,27,blocked
27251,51,0,0.2073157399128065,0.5675309884688229,27,blocked
27252,52,0,0.5572910592049469,0.3979174555008868,27,blocked
27253,53,0,0.3691304845083022,0.46292180987911535,27,blocked
27254,54,0,0.5980280907215957,0.4156879773050427,27,blocked
27255,55,0,0.605222276581296,0.4314826358435102,27,blocked
27256,56,0,0.8346928155101419,0.4213481243337198,27,blocked
27257,57,0,0.22688803138857203,0.6299877341538086,27,blocked
27258,58,0,0.6895538337131275,0.4204124545343314,27,blocked
27259,59,0,0.9273450373128846,0.38962987822333806,27,blocked
27260,60,0,0.6259422450881458,0.455780410344674,27,blocked
27261,61,0,0.23850755920905645,0.4780655427456034,27,blocked
27262,62,0,0.33027080828924205,0.5604904727021933,27,blocked
27263,63,0,0.28764649005335563,0.34816657291203135,27,blocked
27264,64,0,0.9017018261026766,0.3610744962019052,27,blocked
27265,65,0,0.5363026232993486,0.4481538653833536,27,blocked
27266,66,0,0.21075963501628367,0.45530860794156724,27,blocked
27267,67,0,0.7503563377347033,0.447137045480989,27,blocked
27268,68,0,0.47461884797314463,0.4522842665711449,27,blocked
27269,69,0,0.5565758656553585,0.49465042777572776,27,blocked
27270,70,0,0.5904910525612037,0.5606931934039754,27,blocked
27271,71,0,0.7884353584760617,0.5009588134553673,27,blocked
27272,72,0,0.3872781007005919,0.3835748570606314,27,blocked
27273,73,0,0.8438239000631531,0.4291565197033491,27,blocked
27274,74,0,0.6131965195113624,0.39014953200720204,27,blocked
27275,75,0,0.2490984944551338,0.5907541530600682,27,blocked
27276,76,0,0.9518252346043128,0.46127779024453885,27,blocked
27277,77,0,0.9517171456344615,0.42638759680255134,27,blocked
27278,78,0,0.03742667401763582,0.3976727921806269,27,blocked
27279,79,0,0.9821462128737967,0.3942759626838936,27,blocked
27280,80,0,0.06132356508868615,0.5926917462886117,27,blocked
27281,81,0,0.31652935634324575,0.4557353226215009,27,blocked
27282,82,0,0.5001621779896201,0.46424671323244315,27,blocked
27283,83,0,0.1829251757280962,0.47316682528442944,27,blocked
27284,84,0,0.527951129456346,0.3675924626835269,27,blocked
27285,85,0,0.3631958671997431,0.5141018815409046,27,blocked
27286,86,0,0.22342312743821194,0.37441432362762506,27,blocked
27287,87,0,0.4513462766805628,0.44512568065213665,27,blocked
27288,88,0,0.11721263296067697,0.5449206157046069,27,blocked
27289,89,0,0.4947913648693864,0.6865912072948337,27,blocked
27290,90,0,0.7720561446272429,0.36123645249433933,27,blocked
27291,91,0,0.846330083421027,0.3809684395380465,27,blocked
27292,92,0,0.9818548748052922,0.415788581360409,27,blocked
27293,93,0,0.0772943688085988,0.4211125601718864,27,blocked
27294,94,0,0.1720094350815289,0.5034109739835888,27,blocked
27295,95,0,0.39599902642506923,0.42511939084428224,27,blocked
27296,96,0,0.5129758384077768,0.5082708277681924,27,blocked
27297,97,0,0.2171375561301117,0.4492812783828651,27,blocked
27298,98,0,0.5376430334932808,0.4586820662042761,27,blocked
27299,99,0,0.6483548545848099,0.5613357258778018,27,blocked
27300,100,0,0.9013473819116908,0.45312556628342016,27,blocked
27301,101,0,0.8409974519798374,0.3343474298669589,27,blocked
27302,102,0,0.7148658933780275,0.3303242109694039,27,blocked
27303,103,0,0.9771952162420369,0.3974630640635444,27,blocked
27304,104,0,0.8102431143172607,0.4211331494161464,27,blocked
27305,105,0,0.043299545622778886,0.5747458415915043,27,blocked
27306,106,0,0.41036760795160987,0.4098315745088129,27,blocked
27307,107,0,0.5798281368395898,0.3795301873746081,27,blocked
27308,108,0,0.6939343955830548,0.47057974102148137,27,blocked
27309,109,0,0.5123189381661335,0.4723090748245541,27,blocked
27310,110,0,0.9439239425916311,0.3007182441550907,27,blocked
27311,111,0,0.9301485690354748,0.3464696773912362,27,blocked
27312,112,0,0.9557162813192708,0.38821976744012887,27,blocked
27313,113,0,0.028792556196171586,0.676462727773185,27,blocked
27314,114,0,0.24593027236038728,0.45772662626074756,27,blocked
27315,115,0,0.27273419869141713,0.3949519882095083,27,blocked
27316,116,0,0.8061216999251197,0.4052963901835137,27,blocked
27317,117,0,0.1875154744659493,0.46943598832509503,27,blocked
27318,118,0,0.9528178606485799,0.3765968236516064,27,blocked
27319,119,0,0.6404234612531738,0.4446315174506016,27,blocked
27320,120,0,0.43825029190131237,0.3309283487017312,27,blocked
27321,121,0,0.13707069327223398,0.7106271011261925,27,blocked
27322,122,0,0.34204853101401034,0.6009044007482987,27,blocked
27323,123,0,0.39760978622736304,0.5329588354553269,27,blocked
27324,124,0,0.6812634058084319,0.3920860014251002,27,blocked
27325,125,0,0.8411925378177352,0.354627068081415,27,blocked
27326,126,0,0.5413653163041509,0.43364406968059477,27,blocked
27327,127,0,0.253975876430572,0.5410437946321542,27,blocked
27328,128,0,0.5111693460409742,0.4588650326975551,27,blocked
27329,129,0,0.21032164389199948,0.6010729664545491,27,blocked
27330,130,0,0.47405867037764815,0.47243868461813177,27,blocked
27331,131,0,0.04620770661599079,0.5300846408768431,27,blocked
27332,132,0,0.4523520460653201,0.5907222663986575,27,blocked
27333,133,0,0.634585097959167,0.390687604195497,27,blocked
27334,134,0,0.8424594893411861,0.4142561929219776,27,blocked
27335,135,0,0.3361180574709343,0.585911164696667,27,blocked
27336,136,0,0.49766900302082606,0.3994815589723426,27,blocked
27337,137,0,0.3728331757128138,0.3399368191676727,27,blocked
27338,138,0,0.8785044783701028,0.32409279079620407,27,blocked
27339,139,0,0.6177201556477436,0.32069052808704385,27,blocked
27340,140,0,0.664343631621633,0.3132095106577687,27,blocked
27341,141,0,0.4277903278753355,0.4555311672290405,27,blocked
27342,142,0,0.4783163370129168,0.5605002258235288,27,blocked
27343,143,0,0.7566774053581513,0.4746513279724486,27,blocked
27344,144,0,0.3483768694003249,0.40953523945796444,27,blocked
27345,145,0,0.1511098740270273,0.4848045084422309,27,blocked
27346,146,0,0.6502916184918375,0.3484947825702817,27,blocked
27347,147,0,0.5864524449624814,0.4326737975268488,27,blocked
27348,148,0,0.8168233170249113,0.5479118103119671,27,blocked
27349,149,0,0.7528671635737557,0.3693245772163679,27,blocked
27350,150,0,0.8729736552760754,0.3296428523183215,27,blocked
27351,151,0,0.7618539398683299,0.34469949810670747,27,blocked
27352,152,0,0.44100570420820373,0.37903139997133206,27,blocked
27353,153,0,0.5456988956981986,0.3835907268362808,27,blocked
27354,154,0,0.8912568246751948,0.5068010348831032,27,blocked
27355,155,0,0.16230449501100122,0.2874791188092903,27,blocked
27356,156,0,0.033682777733527125,0.47015555010006704,27,blocked
27357,157,0,0.578861638451377,0.4356598266614492,27,blocked
27358,158,0,0.6659798055405144,0.47377382147018776,27,blocked
27359,159,0,0.8982413710404884,0.36640273451753125,27,blocked
27360,160,0,0.4987208617755328,0.4179765356210186,27,blocked
27361,161,0,0.3640581959824179,0.34481126439226506,27,blocked
27362,162,0,0.5486245829964311,0.5303132891533948,27,blocked
27363,163,0,0.1986748782889642,0.46318875892451283,27,blocked
27364,164,0,0.2961200015521926,0.448467151671501,27,blocked
27365,165,0,0.49230671182618924,0.42219691286150274,27,blocked
27366,166,0,0.7145155029381659,0.3991209003240176,27,blocked
27367,167,0,0.5771190522414784,0.41871960664898755,27,blocked
27368,168,0,0.6002968609409399,0.3581969644473485,27,blocked
27369,169,0,0.7159762907788739,0.2931159736808522,27,blocked
27370,170,0,0.8746375357436333,0.24427523499968984,27,blocked
27371,171,0,0.7161211509009766,0.38500627864373904,27,blocked
27372,172,0,0.6223132546855483,0.3765798265914888,27,blocked
27373,173,0,0.6851124207142072,0.32688049183763057,27,blocked
27374,174,0,0.9235097703395387,0.39467325965226985,27,blocked
27375,175,0,0.29012745824554825,0.4488969488503741,27,blocked
27376,176,0,0.5856650003958521,0.3092408204150886,27,blocked
27377,177,0,0.17541275337788256,0.5057430909841722,27,blocked
27378,178,0,0.6936706278439355,0.3376696014395846,27,blocked
27379,179,0,0.6477613701202325,0.5818085459684533,27,blocked
27380,180,0,0.6164111334409501,0.32487514555318897,27,blocked
27381,181,0,0.9178716836877496,0.3758069670838108,27,blocked
27382,182,0,0.8554724770653397,0.31326567068104155,27,blocked
27383,183,0,0.4724329561019709,0.6456710123540106,27,blocked
27384,184,0,0.7333984915931036,0.3079770955314621,27,blocked
27385,185,0,0.09959915403358639,0.5492570947958122,27,blocked
27386,186,0,0.6588187605017164,0.34713240282347957,27,blocked
27387,187,0,0.562970215151159,0.3548108916746425,27,blocked
27388,188,0,0.7012646613007658,0.3345134709609002,27,blocked
27389,189,0,0.8170770032542665,0.26430311412744434,27,blocked
27390,190,0,0.15234148633667602,0.4154479583995,27,blocked
27391,191,0,0.7448532486009092,0.3614251006605488,27,blocked
27392,192,0,0.8818455513670895,0.284921865082291,27,blocked
27393,193,0,0.24715318020179605,0.2761686282758951,27,blocked
27394,194,0,0.8937317695954992,0.3662970063963784,27,blocked
27395,195,0,0.5363763233049126,0.3494183696655635,27,blocked
27396,196,0,0.7706283143282315,0.35311775879191054,27,blocked
27397,197,0,0.44167217014702437,0.4603699810621559,27,blocked
27398,198,0,0.7350934566047662,0.35047867715961933,27,blocked
27399,199,0,0.2545062450866843,0.39451439097814983,27,blocked
27400,0,0,0.09610902743793175,0.9053463137609652,27,early
27401,1,0,0.023850225280006694,0.8276648563832834,27,early
27402,2,0,0.2911645341141547,0.46402953732192354,27,early
27403,3,0,0.2015547279749147,0.561407433212604,27,early
27404,4,0,0.49800319896523476,0.48990256969025536,27,early
27405,5,0,0.2403865115585792,0.730688051409574,27,early
27406,6,0,0.21516847618386842,0.8113775198952304,27,early
27407,7,0,0.4900173855094814,0.5239128115107141,27,early
27408,8,0,0.4844451497494456,0.6298285748986012,27,early
27409,9,0,0.4106878206571292,0.6107323444523169,27,early
27410,10,0,0.3938594719225036,0.4496886604354633,27,early
27411,11,0,0.7383557872288238,0.4565364203465957,27,early
27412,12,0,0.1236908728246083,0.5194907738272571,27,early
27413,13,0,0.6705667041723105,0.4662223303953602,27,early
27414,14,0,0.5507653578674007,0.4888692897420446,27,early
27415,15,0,0.7656195092453636,0.5900217327519888,27,early
27416,16,0,0.669837859854354,0.7306477744503183,27,early
27417,17,0,0.3560516204996725,0.5606012521114178,27,early
27418,18,0,0.5246834014997086,0.537475141473256,27,early
27419,19,0,0.35849664715312207,0.6533181326874408,27,early
27420,20,0,0.5520649608559608,0.4409201718727405,27,early
27421,21,0,0.719282241892315,0.39959166100606053,27,early
27422,22,0,0.46208318879452037,0.6197123672912137,27,early
27423,23,0,0.5952285518801665,0.5383077676782086,27,early
27424,24,0,0.5095254166576941,0.457906307971559,27,early
27425,25,0,0.8497422737943552,0.497006983530518,27,early
27426,26,0,0.8788029256183416,0.38929786764179003,27,early
27427,27,0,0.5587975003083265,0.5727730042756918,27,early
27428,28,0,0.31237377803286404,0.6765042613970467,27,early
27429,29,0,0.3051556566851672,0.5926168578226338,27,early
27430,30,0,0.19079315377948303,0.3646959299107885,27,early
27431,31,0,0.6683234564274712,0.4815413701623329,27,early
27432,32,0,0.799771354233667,0.62830843152842,27,early
27433,33,0,0.46225987777724825,0.3728502417545606,27,early
27434,34,0,0.552300188596049,0.3552325775887087,27,early
27435,35,0,0.4930676822312601,0.5484944143623249,27,early
27436,36,0,0.7078702573113855,0.4683412947940393,27,early
27437,37,0,0.9300072034844702,0.6484537209613814,27,early
27438,38,0,0.640310726135828,0.5217523646096929,27,early
27439,39,0,0.3005262742072481,0.48731164331334603,27,early
27440,40,0,0.18872297004021435,0.47316105353119103,27,early
27441,41,0,0.3498028149674196,0.3682553794230786,27,early
27442,42,0,0.4993046472839999,0.47107789741692707,27,early
27443,43,0,0.6501266222982418,0.4101036120231443,27,early
27444,44,0,0.7194709453677997,0.3776492354089429,27,early
27445,45,0,0.7497671719557231,0.5622368204996027,27,early
27446,46,0,0.6667876598590226,0.45006844386797484,27,early
27447,47,0,0.531461930307054,0.31352028658191844,27,early
27448,48,0,0.30933849391580454,0.4430376168134651,27,early
27449,49,0,0.8092932457115342,0.6577992038179297,27,early
27450,50,0,0.9559151076474663,0.42400499298229954,27,early
27451,51,0,0.3980045903260703,0.3441846022548699,27,early
27452,52,0,0.56485889505165,0.2852250573876687,27,early
27453,53,0,0.41052715242792703,0.4185909322933427,27,early
27454,54,0,0.6352433391787874,0.47804081316877606,27,early
27455,55,0,0.11291512695854061,0.6566940389275413,27,early
27456,56,0,0.2316062602148342,0.3792697451018169,27,early
27457,57,0,0.7593821629629378,0.45088813396272687,27,early
27458,58,0,0.4470813155743822,0.37560373820346116,27,early
27459,59,0,0.7711931610760208,0.48037312241330177,27,early
27460,60,0,0.8133489906569313,0.34432362256640514,27,early
27461,61,0,0.31239516819078356,0.4454951529817228,27,early
27462,62,0,0.44264365538095024,0.5395919405470121,27,early
27463,63,0,0.4095971486743488,0.41766983188199647,27,early
27464,64,0,0.7016468741795762,0.33756954285935353,27,early
27465,65,0,0.9703085439448583,0.5744618092777156,27,early
27466,66,0,0.22525040173428706,0.512882223330377,27,early
27467,67,0,0.5969286941089751,0.5117939252471514,27,early
27468,68,0,0.7847679139677752,0.37407823142240837,27,early
27469,69,0,0.912044124785987,0.3625202028850978,27,early
27470,70,0,0.24909534372785092,0.5388768120702657,27,early
27471,71,0,0.5491884748796844,0.6143824539080429,27,early
27472,72,0,0.562743536692735,0.3835765431541709,27,early
27473,73,0,0.8173134095946937,0.2561643461803867,27,early
27474,74,0,0.2299101762359369,0.3702136997455957,27,early
27475,75,0,0.34028864265807995,0.6230172661242674,27,early
27476,76,0,0.8065165864258385,0.4794176282140834,27,early
27477,77,0,0.08720864765968736,0.48037336014076115,27,early
27478,78,0,0.667974610297522,0.3957089362463408,27,early
27479,79,0,0.5776160862961678,0.4387617618906907,27,early
27480,80,0,0.3264141340124916,0.4955042886600029,27,early
27481,81,0,0.3521790772059284,0.3785728569981927,27,early
27482,82,0,0.22960978502920032,0.4531096792798507,27,early
27483,83,0,0.46413150041388307,0.30939182489084666,27,early
27484,84,0,0.7874863595136795,0.4372874960765193,27,early
27485,85,0,0.47906390098781115,0.4002406701537997,27,early
27486,86,0,0.7224223251889494,0.38910098075456845,27,early
27487,87,0,0.3697700248986225,0.4886416712816656,27,early
27488,88,0,0.5771097285390426,0.26479383578932547,27,early
27489,89,0,0.6673880364530835,0.5312993392734368,27,early
27490,90,0,0.6673163930001889,0.46801912091889886,27,early
27491,91,0,0.47926957501496537,0.4632279756526815,27,early
27492,92,0,0.12002905155402603,0.38822204146812167,27,early
27493,93,0,0.8437781853901647,0.4492507540667061,27,early
27494,94,0,0.5510984921796495,0.49128757486343433,27,early
27495,95,0,0.49014881315369746,0.4373906270840853,27,early
27496,96,0,0.11058584394800895,0.39756720354500985,27,early
27497,97,0,0.8115543675482562,0.44695195982771885,27,early
27498,98,0,0.5177861463712224,0.37351435323997373,27,early
27499,99,0,0.6524132182657423,0.290551511067335,27,early
27500,100,0,0.42332071098468493,0.4892183970194159,27,early
27501,101,0,0.5397876915655101,0.37193307808628695,27,early
27502,102,0,0.8219740827212402,0.286963762183874,27,early
27503,103,0,0.8514190502987622,0.3697720996391705,27,early
27504,104,0,0.5117183606029964,0.42945785576070816,27,early
27505,105,0,0.6900250728298712,0.3859662208899745,27,early
27506,106,0,0.36115031041791956,0.49867254656917526,27,early
27507,107,0,0.07378582769499331,0.6246820316989281,27,early
27508,108,0,0.2723739590307233,0.40692772883631945,27,early
27509,109,0,0.22619457243736454,0.3705397975224877,27,early
27510,110,0,0.6470142571658327,0.38852831095388707,27,early
27511,111,0,0.44206522402915227,0.3288765035627345,27,early
27512,112,0,0.4629083902722756,0.5174285413294606,27,early
27513,113,0,0.16683407943941497,0.4873881996220716,27,early
27514,114,0,0.5649064600984313,0.47673218200179385,27,early
27515,115,0,0.7563439465076117,0.49159953209671015,27,early
27516,116,0,0.5115543905953531,0.3481626484399437,27,early
27517,117,0,0.6255556796345517,0.41343904458860387,27,early
27518,118,0,0.7416129065448656,0.4116991893954839,27,early
27519,119,0,0.2394543408411251,0.3579408481128071,27,early
27520,120,0,0.47200210214643473,0.415323556981003,27,early
27521,121,0,0.9159867849899226,0.2865443108088752,27,early
27522,122,0,0.6501717171336947,0.5574755334305941,27,early
27523,123,0,0.5498287184717456,0.45763018534914535,27,early
27524,124,0,0.49604395567387605,0.4609207711819948,27,early
27525,125,0,0.4693611843265196,0.41478768793626464,27,early
27526,126,0,0.48038866791682333,0.5584278890934036,27,early
27527,127,0,0.8113869086880069,0.4170115889089228,27,early
27528,128,0,0.5653600620877426,0.49561920316325614,27,early
27529,129,0,0.5569054301876695,0.5679632867062343,27,early
27530,130,0,0.36739335585280897,0.35399765806751354,27,early
27531,131,0,0.5031753880928433,0.4539622416944971,27,early
27532,132,0,0.5318347404709567,0.4030092144278396,27,early
27533,133,0,0.5924227201763668,0.31311604474357857,27,early
27534,134,0,0.6089744176983571,0.409459339216669,27,early
27535,135,0,0.4333180571243773,0.38429732529313265,27,early
27536,136,0,0.869626241189463,0.4026836717466102,27,early
27537,137,0,0.42430058929852454,0.3859388981275743,27,early
27538,138,0,0.45913958583700587,0.4047317229921462,27,early
27539,139,0,0.6267670913268293,0.3649280904976906,27,early
27540,140,0,0.6168355753277529,0.2588904905304415,27,early
27541,141,0,0.3853571210152075,0.5853725144654018,27,early
27542,142,0,0.05115519946688066,0.5147556730366455,27,early
27543,143,0,0.5450748390284237,0.47729928187079596,27,early
27544,144,0,0.6815966356489488,0.44843969020619107,27,early
27545,145,0,0.6146256593923182,0.3367250932787845,27,early
27546,146,0,0.45032447678896204,0.3158291906876412,27,early
27547,147,0,0.24952465950288724,0.37905951658433623,27,early
27548,148,0,0.36323553783900225,0.37236910755255787,27,early
27549,149,0,0.3726786657802519,0.36170546259962844,27,early
27550,150,0,0.5275891475146792,0.44549377494676506,27,early
27551,151,0,0.42947883485740934,0.286719868120816,27,early
27552,152,0,0.6319214391926813,0.36154873390229103,27,early
27553,153,0,0.7145525302039692,0.36308763700585345,27,early
27554,154,0,0.558007510129367,0.30451788000669516,27,early
27555,155,0,0.107855958791206,0.47749533234074926,27,early
27556,156,0,0.7473131442428336,0.34166186781581886,27,early
27557,157,0,0.7142241618308294,0.3978239225544785,27,early
27558,158,0,0.6924867119711771,0.40543767060669755,27,early
27559,159,0,0.3365618952452334,0.4198044798670384,27,early
27560,160,0,0.8294733486189452,0.4029579131477134,27,early
27561,161,0,0.6738627643624715,0.5650665769136263,27,early
27562,162,0,0.04789608356768106,0.5484933312281819,27,early
27563,163,0,0.6146219996286082,0.3703413966448229,27,early
27564,164,0,0.2604678998453002,0.45939997231771423,27,early
27565,165,0,0.571651859880879,0.3944518991811411,27,early
27566,166,0,0.7797111015726679,0.382194186229209,27,early
27567,167,0,0.3690628295604799,0.34720633941167567,27,early
27568,168,0,0.6041255497726185,0.3093403934761093,27,early
27569,169,0,0.5232985574699103,0.32871675292796787,27,early
27570,170,0,0.24999635265326464,0.28213177660855293,27,early
27571,171,0,0.5412108388149843,0.4108693645147022,27,early
27572,172,0,0.7667265901084103,0.3336277606194691,27,early
27573,173,0,0.5003419562515872,0.34720611629441817,27,early
27574,174,0,0.599773513406484,0.3445283686537906,27,early
27575,175,0,0.77444484974643,0.48243700457111455,27,early
27576,176,0,0.7254447345531676,0.44237172088213905,27,early
27577,177,0,0.2910495692313102,0.39455779416427744,27,early
27578,178,0,0.31380506649806394,0.4908456624595473,27,early
27579,179,0,0.4404612030404998,0.35850214446604045,27,early
27580,180,0,0.20642054358799936,0.37524408179719143,27,early
27581,181,0,0.7130002017164765,0.2929043607977127,27,early
27582,182,0,0.8637011256777948,0.2845798332098191,27,early
27583,183,0,0.6433339497172832,0.3693352367244227,27,early
27584,184,0,0.785648499040351,0.332887802079849,27,early
27585,185,0,0.5866008095109713,0.38934548118131485,27,early
27586,186,0,0.6749539834718106,0.31276751468652725,27,early
27587,187,0,0.37009879231113996,0.33499063887384606,27,early
27588,188,0,0.362527637657225,0.4080775098212881,27,early
27589,189,0,0.4721160953039674,0.45167956535507137,27,early
27590,190,0,0.553692288825593,0.3928334561506538,27,early
27591,191,0,0.5923528448828372,0.2778170491099411,27,early
27592,192,0,0.42884574416502164,0.26215574842760964,27,early
27593,193,0,0.8816639936762962,0.2441750203304956,27,early
27594,194,0,0.6589211662201858,0.35953142856603143,27,early
27595,195,0,0.4728674252009657,0.6924348075926874,27,early
27596,196,0,0.3781310586718445,0.30154571014085646,27,early
27597,197,0,0.5375056701361909,0.4582200870550151,27,early
27598,198,0,0.1513365891139099,0.48570327321330153,27,early
27599,199,0,0.7934599902816852,0.3650935659693066,27,early
27600,0,0,0.9920259797827702,0.49423233012025497,27,middle
27601,1,0,0.5048422774134311,0.7200483734343064,27,middle
27602,2,0,0.05857338297877936,0.6635074263919443,27,middle
27603,3,0,0.5750149296393822,0.5140944395707163,27,middle
27604,4,0,0.3411038467113586,0.5810247040197369,27,middle
27605,5,0,0.8979669622916906,0.6336910531839193,27,middle
27606,6,0,0.607350507066599,0.5120156538683095,27,middle
27607,7,0,0.31953067356776815,0.5516304767478373,27,middle
27608,8,0,0.3317838837288646,0.48201477251325997,27,middle
27609,9,0,0.8190999590235966,0.41438609277199,27,middle
27610,10,0,0.4867748138168104,0.45352043314708035,27,middle
27611,11,0,0.8284033934874584,0.39964105241769227,27,middle
27612,12,0,0.4422951715999983,0.45381670534253765,27,middle
27613,13,0,0.7893542431853735,0.4849384131943588,27,middle
27614,14,0,0.45591715807640065,0.45834437564730823,27,middle
27615,15,0,0.7781284127968351,0.34225256679410665,27,middle
27616,16,0,0.8951317603746418,0.5482750151347227,27,middle
27617,17,0,0.1473817793005848,0.5305477048621178,27,middle
27618,18,0,0.5095397638668524,0.4308706738168191,27,middle
27619,19,0,0.7882395307389698,0.3776922222297724,27,middle
27620,20,0,0.11375689551649225,0.5018271697541108,27,middle
27621,21,0,0.1682679261186476,0.45574283636974877,27,middle
27622,22,0,0.7690806734097644,0.41957497851209063,27,middle
27623,23,0,0.45238898669408134,0.4337489859639831,27,middle
27624,24,0,0.41016790775098627,0.48874536543095976,27,middle
27625,25,0,0.20202438064207934,0.5840813725502221,27,middle
27626,26,0,0.5547286715219206,0.46948485803466733,27,middle
27627,27,0,0.21363785285538503,0.5051178583078688,27,middle
27628,28,0,0.341652335523988,0.3774840346043303,27,middle
27629,29,0,0.4060628294525924,0.47403372000665867,27,middle
27630,30,0,0.5056639554264419,0.5552615354048595,27,middle
27631,31,0,0.5515305689121053,0.5108960120159385,27,middle
27632,32,0,0.9285109054741616,0.48800132234211413,27,middle
27633,33,0,0.5744220315203903,0.5436476897595011,27,middle
27634,34,0,0.6430541397813289,0.4914041123826157,27,middle
27635,35,0,0.36746353892364053,0.48650075860594677,27,middle
27636,36,0,0.2444726751756828,0.541730082677195,27,middle
27637,37,0,0.785680415951958,0.33750249980860286,27,middle
27638,38,0,0.6299667183078825,0.36516459432089143,27,middle
27639,39,0,0.24916872689662417,0.3967500940665335,27,middle
27640,40,0,0.38527778267360085,0.47539376079224427,27,middle
27641,41,0,0.6033379253510509,0.47001136596659143,27,middle
27642,42,0,0.9002438567176457,0.47094879430486836,27,middle
27643,43,0,0.04197360620415751,0.36672501647579436,27,middle
27644,44,0,0.4918785246538335,0.3570382740951972,27,middle
27645,45,0,0.796307648551392,0.3837556904248592,27,middle
27646,46,0,0.49766817687799925,0.6172933540729852,27,middle
27647,47,0,0.33312275807512887,0.47128449118120697,27,middle
27648,48,0,0.1979086084249233,0.5244969854459492,27,middle
27649,49,0,0.6342229662140029,0.49347449854562486,27,middle
27650,50,0,0.007714335529333418,0.5845616124524899,27,middle
27651,51,0,0.5349118367084038,0.628707805617265,27,middle
27652,52,0,0.9969662327911368,0.33005370091742,27,middle
27653,53,0,0.015104007891409898,0.6869706633521078,27,middle
27654,54,0,0.9337872900766238,0.36607020560526904,27,middle
27655,55,0,0.9192510853704607,0.4036205927899681,27,middle
27656,56,0,0.3642279881681196,0.3966317568646832,27,middle
27657,57,0,0.047542117612783125,0.6757346338360559,27,middle
27658,58,0,0.40420849355067834,0.35913052655421823,27,middle
27659,59,0,0.30082145147680844,0.40928275707944317,27,middle
27660,60,0,0.5553897562197239,0.41874081729735746,27,middle
27661,61,0,0.5451083139206082,0.3675840570989218,27,middle
27662,62,0,0.8227285686245078,0.40661597818429274,27,middle
27663,63,0,0.42866516542240046,0.37814570882017295,27,middle
27664,64,0,0.5435926616741477,0.5568419815937922,27,middle
27665,65,0,0.37909221833132045,0.35304985227803587,27,middle
27666,66,0,0.8747939385174667,0.5385628617076369,27,middle
27667,67,0,0.8400700942357383,0.30326339159272914,27,middle
27668,68,0,0.10752140508308167,0.39087429943348045,27,middle
27669,69,0,0.7891287855830036,0.38953997618271924,27,middle
27670,70,0,0.2814997573328121,0.6314680419808824,27,middle
27671,71,0,0.9584698616823653,0.36263441912947914,27,middle
27672,72,0,0.23524525988175063,0.40738191151409897,27,middle
27673,73,0,0.8496259486048239,0.3753636030572424,27,middle
27674,74,0,0.9539196849838931,0.3962252719422085,27,middle
27675,75,0,0.952154011957999,0.25198964391830914,27,middle
27676,76,0,0.989520352757173,0.2389437079585216,27,middle
27677,77,0,0.5891989289175035,0.26212064234885246,27,middle
27678,78,0,0.7163631090869784,0.3469467339798234,27,middle
27679,79,0,0.9054746656722071,0.5908512365651923,27,middle
27680,80,0,0.5171271879509854,0.46951290201871243,27,middle
27681,81,0,0.2585129492471289,0.423668695264574,27,middle
27682,82,0,0.7179770942364241,0.5542077039849154,27,middle
27683,83,0,0.5591767450336287,0.5007833804833152,27,middle
27684,84,0,0.09064688535251463,0.5996109176513622,27,middle
27685,85,0,0.40567732253565614,0.3927001573707524,27,middle
27686,86,0,0.6082209772571113,0.5176668137911082,27,middle
27687,87,0,0.6032523776238456,0.4021686971625237,27,middle
27688,88,0,0.6797461372117921,0.3898857938368615,27,middle
27689,89,0,0.7320450892351555,0.3874357357741781,27,middle
27690,90,0,0.26773584298713043,0.3605600691391533,27,middle
27691,91,0,0.7459189542080235,0.42637389612556387,27,middle
27692,92,0,0.7731042873100566,0.457333822266183,27,middle
27693,93,0,0.8544005475309941,0.4523199606169508,27,middle
27694,94,0,0.09661849773863997,0.48826019326254505,27,middle
27695,95,0,0.22334469121087386,0.38781286252377034,27,middle
27696,96,0,0.7774947195058726,0.3957890907251392,27,middle
27697,97,0,0.7897249429981649,0.36642229125744874,27,middle
27698,98,0,0.22185457974016673,0.38174057851554083,27,middle
27699,99,0,0.8165294676096925,0.384760756770155,27,middle
27700,100,0,0.7453278144965989,0.35572669917528177,27,middle
27701,101,0,0.20445061518741714,0.5793086185502212,27,middle
27702,102,0,0.7772321765880296,0.5533532376098651,27,middle
27703,103,0,0.17642987903288662,0.41927428768729336,27,middle
27704,104,0,0.1252135453893145,0.45785267306785477,27,middle
27705,105,0,0.8896012287997376,0.37264132154887175,27,middle
27706,106,0,0.5559380495024268,0.46498135814012853,27,middle
27707,107,0,0.04105650142193489,0.4435007627018986,27,middle
27708,108,0,0.9282892692793501,0.30913649871934623,27,middle
27709,109,0,0.9020196190271084,0.28789833639376927,27,middle
27710,110,0,0.11202976196808367,0.4569218404767364,27,middle
27711,111,0,0.867199345759885,0.4259393811881028,27,middle
27712,112,0,0.3516360857285331,0.45096218931660065,27,middle
27713,113,0,0.19445809351612608,0.37340303437101396,27,middle
27714,114,0,0.3454290343656109,0.3610500774634885,27,middle
27715,115,0,0.6153316839912736,0.3061835494079592,27,middle
27716,116,0,0.20825478603113737,0.35174130593988984,27,middle
27717,117,0,0.4245754405818356,0.474074862890979,27,middle
27718,118,0,0.383474434346217,0.37874590474627856,27,middle
27719,119,0,0.5303507599480315,0.3035857629775375,27,middle
27720,120,0,0.8326179332340213,0.4291227747740888,27,middle
27721,121,0,0.33027036055194425,0.5322890321344684,27,middle
27722,122,0,0.055741121583974984,0.6519268291232234,27,middle
27723,123,0,0.4712584858476726,0.29440293003527873,27,middle
27724,124,0,0.04898196483391038,0.627410259258056,27,middle
27725,125,0,0.47246099021281385,0.5094058888849572,27,middle
27726,126,0,0.5155661661696623,0.4274391341182936,27,middle
27727,127,0,0.5162304084493459,0.48960035818878844,27,middle
27728,128,0,0.9596290329126035,0.3997072367278616,27,middle
27729,129,0,0.4955706499565892,0.46989476208867653,27,middle
27730,130,0,0.5202947558881603,0.4030788414380697,27,middle
27731,131,0,0.7967711896110616,0.3016987227159502,27,middle
27732,132,0,0.6403017769178552,0.3576721223072359,27,middle
27733,133,0,0.6752026623377188,0.4415327930069448,27,middle
27734,134,0,0.891780745421576,0.49322729607705945,27,middle
27735,135,0,0.9309721905974028,0.4489743889933674,27,middle
27736,136,0,0.9662417035189769,0.38785375219183366,27,middle
27737,137,0,0.31522356839793236,0.4007539675023376,27,middle
27738,138,0,0.8758869727397127,0.5101652555796091,27,middle
27739,139,0,0.7296030841870431,0.4884081933326182,27,middle
27740,140,0,0.12438213722152681,0.5056749904042771,27,middle
27741,141,0,0.13763806704768636,0.388707651084951,27,middle
27742,142,0,0.4390783296949525,0.46769614111165914,27,middle
27743,143,0,0.7609166757584533,0.27375699860711467,27,middle
27744,144,0,0.4860087193107245,0.2655707338466351,27,middle
27745,145,0,0.460101626616859,0.5518336540648616,27,middle
27746,146,0,0.4941782045541866,0.32252157412703947,27,middle
27747,147,0,0.43066537308293995,0.45112651442219653,27,middle
27748,148,0,0.8647797198812952,0.37049595038173133,27,middle
27749,149,0,0.5020293156644928,0.45094688544263195,27,middle
27750,150,0,0.6674692605723909,0.2757886174497651,27,middle
27751,151,0,0.2042766357997589,0.4370156740833471,27,middle
27752,152,0,0.6184658533072627,0.3224465840101936,27,middle
27753,153,0,0.6149532214439138,0.3673409520901542,27,middle
27754,154,0,0.3984500348726159,0.2801947585243172,27,middle
27755,155,0,0.40366531213577617,0.4086062890259349,27,middle
27756,156,0,0.569654224651468,0.3406910235631905,27,middle
27757,157,0,0.33762738398911923,0.3039708668959912,27,middle
27758,158,0,0.5641407630420181,0.21998122337975162,27,middle
27759,159,0,0.5669416994488874,0.39206410508394135,27,middle
27760,160,0,0.6367651508502066,0.4434194741635539,27,middle
27761,161,0,0.7255803636059843,0.41328511040959504,27,middle
27762,162,0,0.515521967034235,0.3325484771795465,27,middle
27763,163,0,0.06422922975352771,0.4902423901683818,27,middle
27764,164,0,0.8253840516801556,0.43882188893231044,27,middle
27765,165,0,0.45792878835867423,0.5194793698312106,27,middle
27766,166,0,0.9936955089540248,0.2583964784758532,27,middle
27767,167,0,0.5224856056450501,0.37932657523814073,27,middle
27768,168,0,0.5614437751221721,0.42320514787438335,27,middle
27769,169,0,0.10192410291230106,0.33339253004137404,27,middle
27770,170,0,0.10000950118390502,0.4298870051175511,27,middle
27771,171,0,0.5286047187636576,0.3411040600508516,27,middle
27772,172,0,0.4375329369897089,0.4386425631474554,27,middle
27773,173,0,0.9377089814929116,0.47697990458032236,27,middle
27774,174,0,0.6997791671285162,0.2791752442015464,27,middle
27775,175,0,0.5242132837765917,0.4846049910728853,27,middle
27776,176,0,0.8058961049781302,0.3008319322748222,27,middle
27777,177,0,0.6130118564562652,0.32596574453511273,27,middle
27778,178,0,0.5599972354010027,0.34305210207433623,27,middle
27779,179,0,0.42344989289843726,0.3710059437932445,27,middle
27780,180,0,0.20291087999657148,0.3275819360352355,27,middle
27781,181,0,0.5996091356178059,0.3819176957032795,27,middle
27782,182,0,0.027381931263747168,0.40801283995367205,27,middle
27783,183,0,0.8139959120804776,0.46993954104968283,27,middle
27784,184,0,0.5274448851612982,0.39992766031771576,27,middle
27785,185,0,0.7982749712215029,0.3193498410742515,27,middle
27786,186,0,0.36969062695265353,0.26220763416537873,27,middle
27787,187,0,0.7290424871135515,0.23203783461388283,27,middle
27788,188,0,0.962811387358539,0.3921088260623454,27,middle
27789,189,0,0.6854685525402757,0.2580432059734795,27,middle
27790,190,0,0.21436550471178764,0.3824263496055616,27,middle
27791,191,0,0.9927425593283219,0.5262813599666211,27,middle
27792,192,0,0.46238857892481827,0.3288550253247561,27,middle
27793,193,0,0.46509770382126636,0.3239727136070847,27,middle
27794,194,0,0.858271957526382,0.29688229268323785,27,middle
27795,195,0,0.31546306768156507,0.3879108282790991,27,middle
27796,196,0,0.499119907918908,0.3913377763280064,27,middle
27797,197,0,0.432438972117436,0.2835980871733289,27,middle
27798,198,0,0.3496947484234435,0.3086566613042017,27,middle
27799,199,0,0.1863851531168274,0.442269719116441,27,middle
27800,0,0,0.8394997208682828,0.7336102589431519,27,late
27801,1,0,0.5979634012524035,0.5332561043403026,27,late
27802,2,0,0.9195672160184025,0.40308394424530014,27,late
27803,3,0,0.6520315473886034,0.500869315664146,27,late
27804,4,0,0.7678570107125302,0.4036255845632659,27,late
27805,5,0,0.17406565582092234,0.36647822590120294,27,late
27806,6,0,0.07748408846634032,0.43378008912979454,27,late
27807,7,0,0.5343979856968094,0.36307404905846885,27,late
27808,8,0,0.9344968484361781,0.3481241857028661,27,late
27809,9,0,0.3990928235424888,0.43121538165596296,27,late
27810,10,0,0.1872654270605863,0.6168968860492496,27,late
27811,11,0,0.3765082591065967,0.4597073381346503,27,late
27812,12,0,0.5520047022401796,0.4931507443975859,27,late
27813,13,0,0.3201936892638924,0.5147638953052802,27,late
27814,14,0,0.2786700804943826,0.37905398479421215,27,late
27815,15,0,0.3982997200681302,0.49784385272462284,27,late
27816,16,0,0.4917569711041406,0.48977722270210994,27,late
27817,17,0,0.5361042304628619,0.442997128067013,27,late
27818,18,0,0.641907927725084,0.3933333284180748,27,late
27819,19,0,0.40615235396843613,0.6929741697999598,27,late
27820,20,0,0.10050740775265479,0.4878387734064421,27,late
27821,21,0,0.48468042089336655,0.4426115767173552,27,late
27822,22,0,0.38319787682358486,0.432811815325216,27,late
27823,23,0,0.558934162803699,0.47616585168048675,27,late
27824,24,0,0.43135354641105284,0.5681657362625621,27,late
27825,25,0,0.4091615693030656,0.42431025568771874,27,late
27826,26,0,0.1943171009096887,0.40971095496059523,27,late
27827,27,0,0.550276615567688,0.44589566832809246,27,late
27828,28,0,0.27969570415522255,0.5736203684020386,27,late
27829,29,0,0.6156219387304304,0.4767437731684253,27,late
27830,30,0,0.7205937189393148,0.39589815758373903,27,late
27831,31,0,0.694711408688916,0.5823605080094647,27,late
27832,32,0,0.07243092038500734,0.6228201015946995,27,late
27833,33,0,0.4375338894410026,0.44954245028387463,27,late
27834,34,0,0.7570607751896576,0.2741215344998341,27,late
27835,35,0,0.5341198618835041,0.4448857388920939,27,late
27836,36,0,0.2329766087786758,0.47711224373353267,27,late
27837,37,0,0.5122346153172409,0.26290887021363174,27,late
27838,38,0,0.3043051150454694,0.4385287998032031,27,late
27839,39,0,0.826420932487554,0.40791944776894534,27,late
27840,40,0,0.34546712189149265,0.3737410413445091,27,late
27841,41,0,0.37644944823695464,0.4286700087417612,27,late
27842,42,0,0.5637632269265989,0.37299588603138606,27,late
27843,43,0,0.45346506710973417,0.42360594864852885,27,late
27844,44,0,0.2746036501481261,0.45921758125256346,27,late
27845,45,0,0.479391694704276,0.3792870638424025,27,late
27846,46,0,0.5028505206000442,0.36311990000932487,27,late
27847,47,0,0.7075982601627798,0.3507861293071082,27,late
27848,48,0,0.14917600335304304,0.4507704978752929,27,late
27849,49,0,0.29835319781124336,0.47324180302485025,27,late
27850,50,0,0.7453359821829633,0.3262190464829744,27,late
27851,51,0,0.9093405249781248,0.6255592865693905,27,late
27852,52,0,0.28547204616961275,0.4035350798985244,27,late
27853,53,0,0.5109010833171511,0.25421736803610295,27,late
27854,54,0,0.3042060377634495,0.44493216516698053,27,late
27855,55,0,0.3556628288603151,0.4010376333348898,27,late
27856,56,0,0.4970902588380661,0.5178142728357944,27,late
27857,57,0,0.47725070332470876,0.472179823638462,27,late
27858,58,0,0.5533825579251583,0.3687418988949095,27,late
27859,59,0,0.7831539832312031,0.4224350024882725,27,late
27860,60,0,0.8344800981650562,0.47268598988389643,27,late
27861,61,0,0.5449435134608152,0.4400227078208139,27,late
27862,62,0,0.9138511053178764,0.3515428047365792,27,late
27863,63,0,0.5073443838464676,0.6047780805706329,27,late
27864,64,0,0.9843030233019656,0.46340666447098766,27,late
27865,65,0,0.26241809574958785,0.4887599776310312,27,late
27866,66,0,0.971251057433897,0.33212717950832127,27,late
27867,67,0,0.5049983790587529,0.33746873737458877,27,late
27868,68,0,0.07705096647352352,0.5578698949082086,27,late
27869,69,0,0.13181644493418,0.5277863393199763,27,late
27870,70,0,0.8302832240244606,0.33378927893491583,27,late
27871,71,0,0.5934465326601203,0.30073323775453387,27,late
27872,72,0,0.885938721824984,0.3488674561064373,27,late
27873,73,0,0.5196065827148869,0.4682250397790093,27,late
27874,74,0,0.9794168295626979,0.40706357408551985,27,late
27875,75,0,0.5103667037515258,0.38807423773053684,27,late
27876,76,0,0.8809149372407746,0.2887306924399127,27,late
27877,77,0,0.8736209316477661,0.36248698797188483,27,late
27878,78,0,0.7208101606561295,0.28925034995490345,27,late
27879,79,0,0.4564142427378615,0.4571296981527069,27,late
27880,80,0,0.5496417125512207,0.40795205891195746,27,late
27881,81,0,0.44285892284559414,0.3211028551947752,27,late
27882,82,0,0.8928862779001113,0.4231166133103462,27,late
27883,83,0,0.22390852325198288,0.3780412177920267,27,late
27884,84,0,0.9125912084738483,0.26798043034328023,27,late
27885,85,0,0.7595613357152773,0.5054230065765766,27,late
27886,86,0,0.039416238120189594,0.5352103624647282,27,late
27887,87,0,0.20176102514978073,0.4240683112562281,27,late
27888,88,0,0.7172884946719317,0.4028613198199288,27,late
27889,89,0,0.36717668110766594,0.3465386652706532,27,late
27890,90,0,0.44200770591404054,0.29611119261856383,27,late
27891,91,0,0.6320494283008113,0.3431251064739059,27,late
27892,92,0,0.6680722867064428,0.26043739449960673,27,late
27893,93,0,0.9599610529134073,0.3426060731500685,27,late
27894,94,0,0.6976163746454325,0.28851717427393364,27,late
27895,95,0,0.05696837570847171,0.4449384789860331,27,late
27896,96,0,0.7982084016313573,0.3754733810065215,27,late
27897,97,0,0.37804109680204345,0.4513675754095242,27,late
27898,98,0,0.2642485267416882,0.3504837566634436,27,late
27899,99,0,0.9035211619325753,0.37440241334751645,27,late
27900,100,0,0.17194072983638162,0.33250720745085993,27,late
27901,101,0,0.8029071518280221,0.3227452695253448,27,late
27902,102,0,0.5339316661291232,0.3521636172580193,27,late
27903,103,0,0.7374338270218612,0.3407003802052391,27,late
27904,104,0,0.4909436485435801,0.453401022207371,27,late
27905,105,0,0.7009539246381027,0.43374930135888495,27,late
27906,106,0,0.9837340701771141,0.3271468053819965,27,late
27907,107,0,0.9729217598341133,0.3686969492144362,27,late
27908,108,0,0.9634181758475238,0.2671463101824832,27,late
27909,109,0,0.44996167700876827,0.3086703008737826,27,late
27910,110,0,0.4509746791252641,0.3705298160748452,27,late
27911,111,0,0.9701417097620485,0.24287100546112916,27,late
27912,112,0,0.6492585986327257,0.3319094608124987,27,late
27913,113,0,0.9387161151804013,0.4073071871328598,27,late
27914,114,0,0.5085738708542691,0.3803529502074334,27,late
27915,115,0,0.6492572217441883,0.28306325664143106,27,late
27916,116,0,0.5004260908239764,0.47171327815134034,27,late
27917,117,0,0.977855331504366,0.5339546634192969,27,late
27918,118,0,0.9886869656576347,0.42015833354049004,27,late
27919,119,0,0.9626576845559904,0.4259672535016973,27,late
27920,120,0,0.3966702883037993,0.4161111490403623,27,late
27921,121,0,0.38501037025894996,0.5929505196311537,27,late
27922,122,0,0.20924181203706146,0.4404237654300531,27,late
27923,123,0,0.6359838469844163,0.302333042429099,27,late
27924,124,0,0.18151704933177307,0.3665506355646702,27,late
27925,125,0,0.49561140774013424,0.38913437433556974,27,late
27926,126,0,0.5988695703782889,0.3717855903983045,27,late
27927,127,0,0.16388204920125451,0.590929086338848,27,late
27928,128,0,0.2920676188444922,0.4804428344083205,27,late
27929,129,0,0.23318918550492945,0.4145807507704796,27,late
27930,130,0,0.6242068595780876,0.39459781093297097,27,late
27931,131,0,0.1945510274361447,0.34608541120587066,27,late
27932,132,0,0.3800667251934122,0.444460035898246,27,late
27933,133,0,0.08023500282749028,0.46542111059173835,27,late
27934,134,0,0.3271749042739184,0.45758560475933596,27,late
27935,135,0,0.6572691782112362,0.2936315269324082,27,late
27936,136,0,0.5659173046907311,0.2798528450968898,27,late
27937,137,0,0.2679157194286935,0.4916022374147288,27,late
27938,138,0,0.4972181214705755,0.3367901045195474,27,late
27939,139,0,0.46923433773299417,0.4229147824233778,27,late
27940,140,0,0.0967956196295556,0.3822578998845867,27,late
27941,141,0,0.5858343733478554,0.28935318271126836,27,late
27942,142,0,0.8191210210603734,0.25566526654288735,27,late
27943,143,0,0.38733390947248114,0.39995936168883184,27,late
27944,144,0,0.3419950840903763,0.3938109437759215,27,late
27945,145,0,0.686645388593064,0.34675064520615606,27,late
27946,146,0,0.8313742639755313,0.3158981180652129,27,late
27947,147,0,0.8044066853365388,0.4013071186913868,27,late
27948,148,0,0.10923198854885655,0.44810323140552905,27,late
27949,149,0,0.1724762436442199,0.3578375231976061,27,late
27950,150,0,0.4062551021974276,0.41770615865493754,27,late
27951,151,0,0.3708046402636346,0.5260431929839129,27,late
27952,152,0,0.4591925090224629,0.30704120599996726,27,late
27953,153,0,0.527360252240757,0.2975064278732145,27,late
27954,154,0,0.5180196824492991,0.3200556543773006,27,late
27955,155,0,0.5652601335425936,0.32057110914060993,27,late
27956,156,0,0.12862771816077936,0.43580476100687515,27,late
27957,157,0,0.4363952509823545,0.44752626713883104,27,late
27958,158,0,0.38363235558210973,0.3206834461425473,27,late
27959,159,0,0.42255941885497567,0.3468813447282897,27,late
27960,160,0,0.42008397367774436,0.39037415580143797,27,late
27961,161,0,0.8168753018096601,0.36593979286213696,27,late
27962,162,0,0.3549974645139063,0.33333597973895757,27,late
27963,163,0,0.49873496413601515,0.3125790323795191,27,late
27964,164,0,0.2849724025440571,0.3682363459891983,27,late
27965,165,0,0.5883858974787062,0.31219703603014165,27,late
27966,166,0,0.23238046290504683,0.39619906557729057,27,late
27967,167,0,0.16734744326461787,0.30524209261877017,27,late
27968,168,0,0.28375908380044484,0.42303703111375823,27,late
27969,169,0,0.3945582658691384,0.2865725435917862,27,late
27970,170,0,0.30224062891457704,0.32922874615061914,27,late
27971,171,0,0.7195044204799663,0.4089857565372714,27,late
27972,172,0,0.394549511520442,0.34269704369308823,27,late
27973,173,0,0.884821077679649,0.41781870508164226,27,late
27974,174,0,0.3707207976873839,0.4759171598341677,27,late
27975,175,0,0.46028895543865006,0.3461420862057491,27,late
27976,176,0,0.5918261720028294,0.3084335586113125,27,late
27977,177,0,0.5528776795101449,0.2603538496992438,27,late
27978,178,0,0.24624511198399107,0.22204367231448,27,late
27979,179,0,0.32594991955170327,0.4517442727509553,27,late
27980,180,0,0.6951352338732597,0.3704600359261987,27,late
27981,181,0,0.4658073823566234,0.45254631684665636,27,late
27982,182,0,0.059383039009589356,0.5005268903091104,27,late
27983,183,0,0.20979676908959105,0.4055563822723376,27,late
27984,184,0,0.45778512549140543,0.30004234329532353,27,late
27985,185,0,0.8196800215763004,0.3986605837830725,27,late
27986,186,0,0.6125723718456393,0.3842130176430407,27,late
27987,187,0,0.6646883951943585,0.2800930791356745,27,late
27988,188,0,0.10597436789907078,0.5396190109397985,27,late
27989,189,0,0.9255464474748709,0.27322369034358523,27,late
27990,190,0,0.6736394143826552,0.24269315376324851,27,late
27991,191,0,0.4147723417386111,0.47348974165217106,27,late
27992,192,0,0.9287690207464585,0.4314192638574855,27,late
27993,193,0,0.30781996332943395,0.44267161593702664,27,late
27994,194,0,0.723955284910847,0.259733451642406,27,late
27995,195,0,0.7243587646002908,0.2936897755211298,27,late
27996,196,0,0.45408797588496125,0.444153968141363,27,late
27997,197,0,0.35534316851135417,0.3636884180847938,27,late
27998,198,0,0.581960864619867,0.3137272774342603,27,late
27999,199,0,0.9383258508505024,0.3521647117862239,27,late
28000,0,0,0.055146556363061816,0.7566888236099477,28,interleaved
28001,1,0,0.7410162681600417,0.5259705372213516,28,interleaved
28002,2,0,0.13231525446444986,0.574445171733099,28,interleaved
28003,3,0,0.8865587377169717,0.6384280104332096,28,interleaved
28004,4,0,0.7974475651759517,0.41311103913805447,28,interleaved
28005,5,0,0.8453301520694404,0.5821254972010005,28,interleaved
28006,6,0,0.6344523000933856,0.3946665701716523,28,interleaved
28007,7,0,0.48503396244163194,0.6162564515697495,28,interleaved
28008,8,0,0.5366380633815456,0.607389352203177,28,interleaved
28009,9,0,0.6121837041630763,0.4190479133497942,28,interleaved
28010,10,0,0.29614325016184073,0.6441209701809698,28,interleaved
28011,11,0,0.5797934211837773,0.6053294607051452,28,interleaved
28012,12,0,0.7112366428046784,0.5757710205309589,28,interleaved
28013,13,0,0.5276533320424108,0.6456139610678819,28,interleaved
28014,14,0,0.47801542692785726,0.4905349189193505,28,interleaved
28015,15,0,0.8724003289027826,0.37239226854913465,28,interleaved
28016,16,0,0.4924670531504573,0.4944543123665787,28,interleaved
28017,17,0,0.9636776950241979,0.4909002105069584,28,interleaved
28018,18,0,0.5939867075495728,0.3590444429431071,28,interleaved
28019,19,0,0.8920119260172275,0.4412389794498681,28,interleaved
28020,20,0,0.5004793859755393,0.6086720157604915,28,interleaved
28021,21,0,0.9307620998352936,0.6272674854187481,28,interleaved
28022,22,0,0.4091997280144386,0.45681230512208104,28,interleaved
28023,23,0,0.17828105435540997,0.567430240068947,28,interleaved
28024,24,0,0.4919762096843363,0.4859702137807565,28,interleaved
28025,25,0,0.21206217536419877,0.5543839592318676,28,interleaved
28026,26,0,0.43046306412740953,0.354263504386502,28,interleaved
28027,27,0,0.7135808503063996,0.5484745316681776,28,interleaved
28028,28,0,0.5876627450496186,0.544950272653544,28,interleaved
28029,29,0,0.5754283883511127,0.3642221959959907,28,interleaved
28030,30,0,0.35513312664121266,0.37393526446301845,28,interleaved
28031,31,0,0.14535113118070667,0.42047515878491903,28,interleaved
28032,32,0,0.23958448167942592,0.5864214191945902,28,interleaved
28033,33,0,0.5597631708320565,0.314137027106155,28,interleaved
28034,34,0,0.5252259047592813,0.6388677633935473,28,interleaved
28035,35,0,0.6777095174813309,0.6254724663600815,28,interleaved
28036,36,0,0.4238530997245421,0.6164634940487795,28,interleaved
28037,37,0,0.9718618234290968,0.4545584690041665,28,interleaved
28038,38,0,0.26859527268536937,0.5139708881795122,28,interleaved
28039,39,0,0.7490149507197692,0.3386426219971422,28,interleaved
28040,40,0,0.39892577979723143,0.5951206590164283,28,interleaved
28041,41,0,0.6414109302783279,0.39799639607063164,28,interleaved
28042,42,0,0.858520123214523,0.48590339337651145,28,interleaved
28043,43,0,0.5561547615056974,0.4639662123350391,28,interleaved
28044,44,0,0.3960643168907839,0.6047342536089817,28,interleaved
28045,45,0,0.9512679723080644,0.41819772053620796,28,interleaved
28046,46,0,0.4967474682659062,0.48908602050341365,28,interleaved
28047,47,0,0.8798179693369286,0.3676117622630206,28,interleaved
28048,48,0,0.5659114403954402,0.37327827755056986,28,interleaved
28049,49,0,0.827822999644854,0.4898133924906709,28,interleaved
28050,50,0,0.5917138633191373,0.4516367176907049,28,interleaved
28051,51,0,0.2709879693034132,0.5451345095707567,28,interleaved
28052,52,0,0.8079617624773787,0.32878633807271485,28,interleaved
28053,53,0,0.052206490261139535,0.5683092741261752,28,interleaved
28054,54,0,0.6939487483957967,0.4074973099694702,28,interleaved
28055,55,0,0.35618779902295317,0.42994115154163043,28,interleaved
28056,56,0,0.7832536298602202,0.4913402103854408,28,interleaved
28057,57,0,0.4344976335982212,0.509316864365778,28,interleaved
28058,58,0,0.3452761288119412,0.4890511382013165,28,interleaved
28059,59,0,0.9378322560531664,0.43958543614152873,28,interleaved
28060,60,0,0.4936633722030516,0.7201107220516691,28,interleaved
28061,61,0,0.16485521266903105,0.46530066158831407,28,interleaved
28062,62,0,0.42817594002444426,0.571920225218851,28,interleaved
28063,63,0,0.3294996023052048,0.43392532127942474,28,interleaved
28064,64,0,0.8065345814614959,0.4123788161538602,28,interleaved
28065,65,0,0.6609855478855814,0.394788350708616,28,interleaved
28066,66,0,0.135415295322528,0.6088238177248685,28,interleaved
28067,67,0,0.06889575744051993,0.5669991449996221,28,interleaved
28068,68,0,0.31695046075762673,0.30560610308055636,28,interleaved
28069,69,0,0.4504793447602362,0.38507867062851164,28,interleaved
28070,70,0,0.4142116368754857,0.48944294816298284,28,interleaved
28071,71,0,0.6453003474094732,0.3486882523113466,28,interleaved
28072,72,0,0.5157975087053266,0.4756743739446563,28,interleaved
28073,73,0,0.7686352311754658,0.46140380963371824,28,interleaved
28074,74,0,0.5865868023818832,0.42768059321880797,28,interleaved
28075,75,0,0.9364759564911087,0.43380912507066716,28,interleaved
28076,76,0,0.498580709030533,0.3583499947733942,28,interleaved
28077,77,0,0.8555942144535731,0.3776681535232381,28,interleaved
28078,78,0,0.40110834671431866,0.4121876991562631,28,interleaved
28079,79,0,0.7666070879298155,0.33388504364693594,28,interleaved
28080,80,0,0.5461671311484781,0.3721810054754736,28,interleaved
28081,81,0,0.9026257255719824,0.27133548947198854,28,interleaved
28082,82,0,0.5922032270847359,0.331765005025663,28,interleaved
28083,83,0,0.06875522216275129,0.5565126698845899,28,interleaved
28084,84,0,0.8025292645889003,0.3307365007624713,28,interleaved
28085,85,0,0.46706627706555454,0.3929447281167779,28,interleaved
28086,86,0,0.5729770296258688,0.4886159956802315,28,interleaved
28087,87,0,0.9625339204492249,0.4005531968495313,28,interleaved
28088,88,0,0.49733875744012884,0.3196833633307854,28,interleaved
28089,89,0,0.9621080453407183,0.37148922597782413,28,interleaved
28090,90,0,0.4993769801040784,0.5352030267878956,28,interleaved
28091,91,0,0.06067307101514844,0.5279587946884503,28,interleaved
28092,92,0,0.5837424298336363,0.35376910241599413,28,interleaved
28093,93,0,0.549026504957426,0.35181614463552563,28,interleaved
28094,94,0,0.1614777816925842,0.35524216842230605,28,interleaved
28095,95,0,0.6741508523964364,0.36614915649181967,28,interleaved
28096,96,0,0.5749555287636053,0.3919415111818737,28,interleaved
28097,97,0,0.8237988183728889,0.4313468736476253,28,interleaved
28098,98,0,0.6882589815778266,0.4158150928708044,28,interleaved
28099,99,0,0.020117157639470105,0.4528840653573949,28,interleaved
28100,100,0,0.41645752896290067,0.43379857277118444,28,interleaved
28101,101,0,0.6009085890093525,0.3584948296180842,28,interleaved
28102,102,0,0.7211902503095188,0.4246259022475809,28,interleaved
28103,103,0,0.9401224048130845,0.46905804529760836,28,interleaved
28104,104,0,0.6949315944271444,0.607913674352198,28,interleaved
28105,105,0,0.22459284912479127,0.5581094398419233,28,interleaved
28106,106,0,0.25335146242718287,0.4157251905113035,28,interleaved
28107,107,0,0.4022892831843258,0.38562163675355965,28,interleaved
28108,108,0,0.17742546897864564,0.40979850442218524,28,interleaved
28109,109,0,0.3498789832847586,0.36194295266188037,28,interleaved
28110,110,0,0.7424117465279709,0.5299967295390806,28,interleaved
28111,111,0,0.7477055930905784,0.36895197852146966,28,interleaved
28112,112,0,0.35068322865371837,0.4317721424091945,28,interleaved
28113,113,0,0.43707010593004836,0.31252336836868355,28,interleaved
28114,114,0,0.26134681307250246,0.33366211614815955,28,interleaved
28115,115,0,0.43134240176819383,0.45113256981674676,28,interleaved
28116,116,0,0.2775581136303106,0.44970702866528006,28,interleaved
28117,117,0,0.5079720173589338,0.5081750491212907,28,interleaved
28118,118,0,0.5830012087637472,0.292796162565259,28,interleaved
28119,119,0,0.23099234787705725,0.4014618640987726,28,interleaved
28120,120,0,0.44364943274475244,0.4208343946955647,28,interleaved
28121,121,0,0.5222721396188944,0.4584827308886906,28,interleaved
28122,122,0,0.5558639504768786,0.28160833821432685,28,interleaved
28123,123,0,0.2372013805400286,0.4348889372734947,28,interleaved
28124,124,0,0.507353452707345,0.39680171761772387,28,interleaved
28125,125,0,0.7104454405658664,0.25223959371200655,28,interleaved
28126,126,0,0.8150153925845802,0.37887723922968347,28,interleaved
28127,127,0,0.3422522421888953,0.38886447590672446,28,interleaved
28128,128,0,0.8207257828669086,0.3346842961099641,28,interleaved
28129,129,0,0.4801651447284606,0.39906511464725947,28,interleaved
28130,130,0,0.6739773964840802,0.4441502464736707,28,interleaved
28131,131,0,0.29486864863742823,0.42662480813436215,28,interleaved
28132,132,0,0.4333228382040699,0.4815298777314691,28,interleaved
28133,133,0,0.6389492877740006,0.2920087932183775,28,interleaved
28134,134,0,0.6536028592028411,0.4395716239414087,28,interleaved
28135,135,0,0.8536859486508231,0.4306520786203809,28,interleaved
28136,136,0,0.25640153156010764,0.36870233221596693,28,interleaved
28137,137,0,0.11630707566042392,0.5379369946370078,28,interleaved
28138,138,0,0.2902288191778225,0.4528941202627692,28,interleaved
28139,139,0,0.8562788706750445,0.5359296161364089,28,interleaved
28140,140,0,0.5166761186936282,0.42592564255395854,28,interleaved
28141,141,0,0.7783284341376481,0.33886205230489097,28,interleaved
28142,142,0,0.8385572553924607,0.3261631494505807,28,interleaved
28143,143,0,0.14277707664495579,0.5949909835109193,28,interleaved
28144,144,0,0.674914971873496,0.30744117768679247,28,interleaved
28145,145,0,0.6777788948507295,0.27196448655931493,28,interleaved
28146,146,0,0.4956072328762263,0.45007180806643915,28,interleaved
28147,147,0,0.9620491655069585,0.35519564883786636,28,interleaved
28148,148,0,0.7778889689314354,0.3643785382349698,28,interleaved
28149,149,0,0.9173080856480045,0.3698241664152644,28,interleaved
28150,150,0,0.5397447970895131,0.5563402931952854,28,interleaved
28151,151,0,0.544408152452837,0.32566425305526714,28,interleaved
28152,152,0,0.6199023530343055,0.4622050144969684,28,interleaved
28153,153,0,0.23816226146141883,0.37444263542127754,28,interleaved
28154,154,0,0.28675585347329835,0.43459179758985844,28,interleaved
28155,155,0,0.4613642280654986,0.4460193769055336,28,interleaved
28156,156,0,0.5016118632588041,0.4978224805831493,28,interleaved
28157,157,0,0.15598223523016927,0.5505396403536518,28,interleaved
28158,158,0,0.7836307682140833,0.2966689392744354,28,interleaved
28159,159,0,0.5353828209504286,0.21005212340593027,28,interleaved
28160,160,0,0.7176241916728339,0.39960144626966565,28,interleaved
28161,161,0,0.5792805864632882,0.3995928173486144,28,interleaved
28162,162,0,0.45206388273353915,0.4383239011036424,28,interleaved
28163,163,0,0.5690433390986018,0.30776282053246784,28,interleaved
28164,164,0,0.43928764377517254,0.4596902358566828,28,interleaved
28165,165,0,0.5766073926051231,0.3407352614505857,28,interleaved
28166,166,0,0.3349087606866161,0.4721200810403291,28,interleaved
28167,167,0,0.8336940657525264,0.38710309489077677,28,interleaved
28168,168,0,0.3518307523565294,0.5111302206136003,28,interleaved
28169,169,0,0.7781102243681051,0.34497398517550476,28,interleaved
28170,170,0,0.6154878543534482,0.3307978333042961,28,interleaved
28171,171,0,0.5777117210987176,0.30381490511951953,28,interleaved
28172,172,0,0.5999403280977872,0.444726353685055,28,interleaved
28173,173,0,0.6777167815613809,0.32586620613398437,28,interleaved
28174,174,0,0.5601722759013522,0.33863554842984045,28,interleaved
28175,175,0,0.2733385637039796,0.5716073757622996,28,interleaved
28176,176,0,0.7629496477805091,0.4139577890618782,28,interleaved
28177,177,0,0.49315137915802953,0.3183683654700591,28,interleaved
28178,178,0,0.8018962061773457,0.45231305935385235,28,interleaved
28179,179,0,0.9324107149298538,0.3330337295966517,28,interleaved
28180,180,0,0.9302765633962797,0.4577995215710258,28,interleaved
28181,181,0,0.044420629030424874,0.6475438911491577,28,interleaved
28182,182,0,0.4735399212229427,0.5034029541434132,28,interleaved
28183,183,0,0.520439878878594,0.4910003230045312,28,interleaved
28184,184,0,0.7905426803940762,0.39327123461222413,28,interleaved
28185,185,0,0.4421544148760012,0.41884302317162336,28,interleaved
28186,186,0,0.5767523546483999,0.36888129346145104,28,interleaved
28187,187,0,0.8074968373062494,0.32762027083322903,28,interleaved
28188,188,0,0.6546814454974832,0.35460559104795253,28,interleaved
28189,189,0,0.41860825234199983,0.429311850793044,28,interleaved
28190,190,0,0.6801282127405603,0.4062290609669213,28,interleaved
28191,191,0,0.08779678738937555,0.4643906864017099,28,interleaved
28192,192,0,0.5616650904656542,0.3427037735995354,28,interleaved
28193,193,0,0.5588414270687182,0.483227160317774,28,interleaved
28194,194,0,0.5794635960675695,0.42111778305390013,28,interleaved
28195,195,0,0.502331811294049,0.30501384811202437,28,interleaved
28196,196,0,0.366241430520229,0.36753746381481295,28,interleaved
28197,197,0,0.781819200548943,0.4111322661303257,28,interleaved
28198,198,0,0.5165905347566057,0.4733422748720152,28,interleaved
28199,199,0,0.33822170698028675,0.2958577390415063,28,interleaved
28200,0,0,0.5526017382461111,1.0498792102910646,28,blocked
28201,1,0,0.6087774636879011,0.9326002170245855,28,blocked
28202,2,0,0.5165373215830178,0.49643897741857024,28,blocked
28203,3,0,0.47295600997317366,0.584900317690748,28,blocked
28204,4,0,0.5368269320069289,0.7095582626835009,28,blocked
28205,5,0,0.2696063692987787,0.661429972699697,28,blocked
28206,6,0,0.5787850081043691,0.5327740221159672,28,blocked
28207,7,0,0.24543684396085297,0.6966458603044727,28,blocked
28208,8,0,0.660665864022467,0.5683619636289347,28,blocked
28209,9,0,0.35436992888062047,0.7781401169262359,28,blocked
28210,10,0,0.46396898397128283,0.4703711395617862,28,blocked
28211,11,0,0.48251624137462024,0.6892092041455069,28,blocked
28212,12,0,0.1359876745296594,0.6146438320567265,28,blocked
28213,13,0,0.6080095390941032,0.5197415854225604,28,blocked
28214,14,0,0.9205392920809098,0.35505299668859824,28,blocked
28215,15,0,0.9603329566206175,0.40202600059161697,28,blocked
28216,16,0,0.9551277670291745,0.41369209820420766,28,blocked
28217,17,0,0.9863250068892374,0.4242028406850089,28,blocked
28218,18,0,0.13646909425285433,0.5996072423009287,28,blocked
28219,19,0,0.16191048768617539,0.49336083292181726,28,blocked
28220,20,0,0.5095455567331083,0.7443457766958668,28,blocked
28221,21,0,0.9437468063670102,0.42848156843273344,28,blocked
28222,22,0,0.965538408124059,0.5053746229786131,28,blocked
28223,23,0,0.1189774080866207,0.5239682029866537,28,blocked
28224,24,0,0.7771814555015808,0.6587666201342455,28,blocked
28225,25,0,0.06944069356998327,0.6201486120761563,28,blocked
28226,26,0,0.875593146775483,0.42110367064557164,28,blocked
28227,27,0,0.2341459377743051,0.561099551239642,28,blocked
28228,28,0,0.2446828584700801,0.4697383545855295,28,blocked
28229,29,0,0.6697725230178914,0.514577559507139,28,blocked
28230,30,0,0.47977170714678274,0.7140450534701381,28,blocked
28231,31,0,0.5246483448321855,0.529468470463839,28,blocked
28232,32,0,0.5800060813919076,0.5572062437355284,28,blocked
28233,33,0,0.5600085450332011,0.6439355308520847,28,blocked
28234,34,0,0.11928817432827274,0.47703120064938215,28,blocked
28235,35,0,0.8554221840505747,0.48310849646118514,28,blocked
28236,36,0,0.4204725593681413,0.47976438639088426,28,blocked
28237,37,0,0.5144266958723817,0.45564116070401867,28,blocked
28238,38,0,0.5152270222727352,0.7206751872444732,28,blocked
28239,39,0,0.6539723941787574,0.46041896242806646,28,blocked
28240,40,0,0.45449995991898445,0.5306956814627497,28,blocked
28241,41,0,0.13499711952936724,0.7095349142059303,28,blocked
28242,42,0,0.32544732028005874,0.47131180344497803,28,blocked
28243,43,0,0.5384905045656959,0.5230324486235125,28,blocked
28244,44,0,0.5444419554572277,0.43698070931434646,28,blocked
28245,45,0,0.2850142976693472,0.6131374473639992,28,blocked
28246,46,0,0.45000915659359675,0.5900269207343402,28,blocked
28247,47,0,0.46649177540161424,0.539691556496019,28,blocked
28248,48,0,0.46364171923339037,0.6253655430439761,28,blocked
28249,49,0,0.5414230465286044,0.4740418464450543,28,blocked
28250,50,0,0.4834308705496489,0.583402165132746,28,blocked
28251,51,0,0.7231712834023649,0.507376660029102,28,blocked
28252,52,0,0.1456202177297985,0.48502314059455565,28,blocked
28253,53,0,0.5510585402577868,0.6108894225740052,28,blocked
28254,54,0,0.42869245913280474,0.4380290916014947,28,blocked
28255,55,0,0.512964670789964,0.5858534105273521,28,blocked
28256,56,0,0.47089655170549494,0.6474887223080068,28,blocked
28257,57,0,0.5410023698249038,0.5575903432499126,28,blocked
28258,58,0,0.1956457663967396,0.5948310275537912,28,blocked
28259,59,0,0.3555870461586441,0.6014296505677412,28,blocked
28260,60,0,0.4900714587706932,0.5434985925645469,28,blocked
28261,61,0,0.7461657310714139,0.5619352448672948,28,blocked
28262,62,0,0.10755357833546525,0.704774784718613,28,blocked
28263,63,0,0.5976820376725068,0.5443996788704294,28,blocked
28264,64,0,0.2837844411044939,0.5679611309746642,28,blocked
28265,65,0,0.5822449676338658,0.6512504464367311,28,blocked
28266,66,0,0.32427572257344994,0.531237547793244,28,blocked
28267,67,0,0.24771256267859473,0.5619743266836843,28,blocked
28268,68,0,0.517081372264713,0.5675176441186993,28,blocked
28269,69,0,0.6558941117684671,0.3704794780666118,28,blocked
28270,70,0,0.4603120094975129,0.5162237702350482,28,blocked
28271,71,0,0.5166097580140613,0.6307758951559485,28,blocked
28272,72,0,0.3755189769932844,0.49057303228353466,28,blocked
28273,73,0,0.7111448156548005,0.4451309730356846,28,blocked
28274,74,0,0.16823492527925163,0.6084306515617477,28,blocked
28275,75,0,0.5505422777291007,0.5150444397839824,28,blocked
28276,76,0,0.238661576220073,0.5800361022569689,28,blocked
28277,77,0,0.5171954107506687,0.42364642197456026,28,blocked
28278,78,0,0.6738397682439732,0.5320411826393265,28,blocked
28279,79,0,0.619568438013083,0.37997208511130154,28,blocked
28280,80,0,0.2131479007430907,0.4687250965542389,28,blocked
28281,81,0,0.38863566628459023,0.5044578193238463,28,blocked
28282,82,0,0.1271023451367479,0.5060693437086202,28,blocked
28283,83,0,0.433173726506602,0.3951540771022683,28,blocked
28284,84,0,0.4459715286713445,0.5795706557255694,28,blocked
28285,85,0,0.9147164677936941,0.40765546037955247,28,blocked
28286,86,0,0.5227745482938475,0.48777028448691784,28,blocked
28287,87,0,0.35470544968077455,0.5821309489827644,28,blocked
28288,88,0,0.7168486681739179,0.5444140930144254,28,blocked
28289,89,0,0.4836044069615148,0.38501274683120756,28,blocked
28290,90,0,0.12156628450791027,0.5062725351366311,28,blocked
28291,91,0,0.6153987384903935,0.5476225822753413,28,blocked
28292,92,0,0.7564691768955714,0.36100709261296005,28,blocked
28293,93,0,0.09511452053289067,0.558662312380232,28,blocked
28294,94,0,0.3550778402613035,0.5190362946083444,28,blocked
28295,95,0,0.48685064297462305,0.4988557544049974,28,blocked
28296,96,0,0.5729330794128518,0.41548977133491605,28,blocked
28297,97,0,0.057735093882569505,0.48769213496571545,28,blocked
28298,98,0,0.9384010082470141,0.3841317704928785,28,blocked
28299,99,0,0.7817499722060993,0.3640656619081877,28,blocked
28300,100,0,0.08069476069328498,0.6237958052335508,28,blocked
28301,101,0,0.7638284365327743,0.525669657880488,28,blocked
28302,102,0,0.17000515363873592,0.6436925903060643,28,blocked
28303,103,0,0.7218983923483084,0.5376761229346328,28,blocked
28304,104,0,0.8025157615492026,0.4536067827678205,28,blocked
28305,105,0,0.2887311360654347,0.7956672672337604,28,blocked
28306,106,0,0.7796733699214078,0.36248580358889926,28,blocked
28307,107,0,0.8435040516390442,0.4795887261676791,28,blocked
28308,108,0,0.19421165992393988,0.6127577355383926,28,blocked
28309,109,0,0.9204290038119449,0.444535833362404,28,blocked
28310,110,0,0.8455375211443421,0.6211457016281057,28,blocked
28311,111,0,0.24472012357859763,0.7088791568862582,28,blocked
28312,112,0,0.44638623760764645,0.47568391840439067,28,blocked
28313,113,0,0.653133131660709,0.5632272751826694,28,blocked
28314,114,0,0.9791831097499866,0.40821222906117305,28,blocked
28315,115,0,0.986454553607744,0.2907716737533269,28,blocked
28316,116,0,0.03633930688652569,0.5172483605412073,28,blocked
28317,117,0,0.45703616775098926,0.5730778885162369,28,blocked
28318,118,0,0.6833599814477981,0.44841310632684056,28,blocked
28319,119,0,0.6263571165947616,0.4174737373977012,28,blocked
28320,120,0,0.1441858764553013,0.5136123797921102,28,blocked
28321,121,0,0.1543716943944594,0.6741016013505207,28,blocked
28322,122,0,0.5854840966309482,0.4258338231537564,28,blocked
28323,123,0,0.21750405570450335,0.5477449150484162,28,blocked
28324,124,0,0.40497871263288754,0.5293053066696047,28,blocked
28325,125,0,0.5945927927597914,0.5942675901238843,28,blocked
28326,126,0,0.046510725752501085,0.40773395208179175,28,blocked
28327,127,0,0.8779504314483206,0.48133290287521735,28,blocked
28328,128,0,0.8904319255144282,0.44992612189967596,28,blocked
28329,129,0,0.9376505124307464,0.38778617040769403,28,blocked
28330,130,0,0.9074141875393803,0.4296121931106168,28,blocked
28331,131,0,0.8884333105002431,0.3353064717587221,28,blocked
28332,132,0,0.8346906698077791,0.4424172811034722,28,blocked
28333,133,0,0.6090100435365081,0.49225881406241045,28,blocked
28334,134,0,0.1461050866593808,0.5630927065776349,28,blocked
28335,135,0,0.531192693682321,0.4472214146589397,28,blocked
28336,136,0,0.20393791265104497,0.37917104610328617,28,blocked
28337,137,0,0.401333442795662,0.5540346684752044,28,blocked
28338,138,0,0.4887064176062964,0.386160883417954,28,blocked
28339,139,0,0.6991494764459618,0.3403330117811491,28,blocked
28340,140,0,0.7919423980963425,0.3470754775764001,28,blocked
28341,141,0,0.25355938143029866,0.5621036870258558,28,blocked
28342,142,0,0.5975797675233607,0.4449474352043866,28,blocked
28343,143,0,0.4019307681341421,0.5424945556952147,28,blocked
28344,144,0,0.6866687859402032,0.41509182339821904,28,blocked
28345,145,0,0.5583018124083426,0.5397953366241937,28,blocked
28346,146,0,0.37915806205778047,0.5143139625250681,28,blocked
28347,147,0,0.49510014166078414,0.5077867702896509,28,blocked
28348,148,0,0.4970720963747173,0.47450416081545393,28,blocked
28349,149,0,0.6014999823031596,0.33519212437653656,28,blocked
28350,150,0,0.3754989652445118,0.5535673413731805,28,blocked
28351,151,0,0.6470282615350176,0.4315539244203193,28,blocked
28352,152,0,0.4789755377184399,0.49768980867159396,28,blocked
28353,153,0,0.412092013401303,0.4598400547652288,28,blocked
28354,154,0,0.4258212201822218,0.44563754792390586,28,blocked
28355,155,0,0.5300568434657852,0.5940201706184651,28,blocked
28356,156,0,0.7029609625388155,0.3053147638352537,28,blocked
28357,157,0,0.43569223632624654,0.5199428908019722,28,blocked
28358,158,0,0.5343613823354245,0.3553111295729364,28,blocked
28359,159,0,0.6774008016693055,0.46299957968860606,28,blocked
28360,160,0,0.7023362948382816,0.47257873383809884,28,blocked
28361,161,0,0.5465182640872019,0.3901694267620366,28,blocked
28362,162,0,0.6824788480467099,0.4097599265952272,28,blocked
28363,163,0,0.9242001250600601,0.3840444252981826,28,blocked
28364,164,0,0.051657056501049056,0.5981089644435256,28,blocked
28365,165,0,0.5806134275154721,0.3804061614694639,28,blocked
28366,166,0,0.0022070193596413416,0.665592972059774,28,blocked
28367,167,0,0.6762130581020942,0.3794078508407537,28,blocked
28368,168,0,0.5797708231841667,0.46900948782011853,28,blocked
28369,169,0,0.7336114095014087,0.3054568210199683,28,blocked
28370,170,0,0.8616012538017036,0.2918038878827475,28,blocked
28371,171,0,0.5971959049927791,0.40709595803943777,28,blocked
28372,172,0,0.7743609893472327,0.4348543472443959,28,blocked
28373,173,0,0.8363328576559863,0.43731871131470634,28,blocked
28374,174,0,0.9747106416581053,0.3281060244966305,28,blocked
28375,175,0,0.5064722153877824,0.4397987922439471,28,blocked
28376,176,0,0.08116194844884532,0.5354439719413318,28,blocked
28377,177,0,0.6277768597144613,0.6821842876628939,28,blocked
28378,178,0,0.7116104944249871,0.3590309845584045,28,blocked
28379,179,0,0.812042709902095,0.35423217114385785,28,blocked
28380,180,0,0.5902022147889215,0.5470166531472371,28,blocked
28381,181,0,0.979188438270175,0.3563279997800072,28,blocked
28382,182,0,0.023135745298724003,0.5452480793091083,28,blocked
28383,183,0,0.5440286962873343,0.3553403740779614,28,blocked
28384,184,0,0.5924638898550917,0.38747973577814077,28,blocked
28385,185,0,0.3371079042452877,0.5437725217908252,28,blocked
28386,186,0,0.786989669229891,0.6294956556294835,28,blocked
28387,187,0,0.19972777331403696,0.6413127595346135,28,blocked
28388,188,0,0.3079821152852099,0.5926751177646348,28,blocked
28389,189,0,0.2632525835606375,0.6207952133058449,28,blocked
28390,190,0,0.8489252912013379,0.3166134578310985,28,blocked
28391,191,0,0.9940030889676923,0.379633246636047,28,blocked
28392,192,0,0.8210317745406529,0.5855147932483947,28,blocked
28393,193,0,0.5501092052842427,0.4373782395087112,28,blocked
28394,194,0,0.6070829627490906,0.5253066668393092,28,blocked
28395,195,0,0.7424287484399353,0.4054871665167147,28,blocked
28396,196,0,0.9711380824901054,0.30809090568012787,28,blocked
28397,197,0,0.7784666680202772,0.4927718886455278,28,blocked
28398,198,0,0.517628667486929,0.4720863638659578,28,blocked
28399,199,0,0.6330266524461541,0.3378507613978761,28,blocked
28400,0,0,0.18676910455563547,0.5905587626382013,28,early
28401,1,0,0.7466779708241167,0.5202517851351298,28,early
28402,2,0,0.6804077769667793,0.5689958254872258,28,early
28403,3,0,0.5348946136943797,0.4022468632295425,28,early
28404,4,0,0.5847969399890938,0.4628407512737321,28,early
28405,5,0,0.6467964746695972,0.5478369234366323,28,early
28406,6,0,0.21980407760481474,0.570500729370299,28,early
28407,7,0,0.5764421918260647,0.44541073588662505,28,early
28408,8,0,0.3008975569344364,0.4750602492245495,28,early
28409,9,0,0.32708405971333054,0.49053905243930046,28,early
28410,10,0,0.5601061157386091,0.6815129410295848,28,early
28411,11,0,0.9223645357793244,0.4199512803659907,28,early
28412,12,0,0.8595758044981252,0.33829271823176976,28,early
28413,13,0,0.8246843355526197,0.5026980394664916,28,early
28414,14,0,0.9726675160046927,0.4240648071800547,28,early
28415,15,0,0.03647728677311411,0.7018812158829337,28,early
28416,16,0,0.47032610132332686,0.5329355216853898,28,early
28417,17,0,0.550751434690039,0.36278365922653366,28,early
28418,18,0,0.4300003265400266,0.41745170652076546,28,early
28419,19,0,0.31098510818195124,0.5259817412181318,28,early
28420,20,0,0.35332816305097803,0.4626847859065286,28,early
28421,21,0,0.6083312221457629,0.45974054315805574,28,early
28422,22,0,0.9363340221417638,0.5045003568821498,28,early
28423,23,0,0.32877928432777237,0.4257076520217258,28,early
28424,24,0,0.8184890379668255,0.45447573910868916,28,early
28425,25,0,0.7771321794072277,0.36114407319984954,28,early
28426,26,0,0.056753792143939386,0.704051352942056,28,early
28427,27,0,0.5649533353498526,0.3501291788283708,28,early
28428,28,0,0.7486858740583595,0.38340448743018574,28,early
28429,29,0,0.4150705253682004,0.6020397110066475,28,early
28430,30,0,0.8345735181673319,0.3376542262483048,28,early
28431,31,0,0.6201761582479198,0.3327150255339817,28,early
28432,32,0,0.7059877878617755,0.40951225751253184,28,early
28433,33,0,0.9651028043545933,0.3225835396488034,28,early
28434,34,0,0.553713646051704,0.3865154642860491,28,early
28435,35,0,0.3606117217785713,0.44533603618902673,28,early
28436,36,0,0.5334426669053861,0.272943423815179,28,early
28437,37,0,0.49581230776619145,0.36627262877553013,28,early
28438,38,0,0.9085528627688504,0.38341788106002306,28,early
28439,39,0,0.5044122597282573,0.394755826946931,28,early
28440,40,0,0.536836248626697,0.4034176573042695,28,early
28441,41,0,0.6035945028166586,0.316576539314245,28,early
28442,42,0,0.24936797882105988,0.45588521616261474,28,early
28443,43,0,0.41654848028700975,0.4738635630127689,28,early
28444,44,0,0.3544366537778876,0.34353471190613544,28,early
28445,45,0,0.7061323398778889,0.37103322386429893,28,early
28446,46,0,0.3164874056115575,0.5952303530521658,28,early
28447,47,0,0.5543146082973721,0.4316007628260988,28,early
28448,48,0,0.5116754088711061,0.48814179511679373,28,early
28449,49,0,0.4555900536537056,0.3474017849141487,28,early
28450,50,0,0.5703244409684024,0.3977637294353771,28,early
28451,51,0,0.5102180853661334,0.4826714620312146,28,early
28452,52,0,0.6075589709105285,0.4150286032229956,28,early
28453,53,0,0.6160477569797858,0.3514957231732557,28,early
28454,54,0,0.5298540246479769,0.365141378546858,28,early
28455,55,0,0.557644761414511,0.3326787192096383,28,early
28456,56,0,0.8443246353427255,0.4167482750021103,28,early
28457,57,0,0.4898977316016899,0.5208573141587746,28,early
28458,58,0,0.5074745227718424,0.34261366076717226,28,early
28459,59,0,0.49122820226002767,0.4328870638884067,28,early
28460,60,0,0.6905968763510921,0.31020977813854944,28,early
28461,61,0,0.4934294009984616,0.6661531915988094,28,early
28462,62,0,0.3622780698163796,0.5062621972895663,28,early
28463,63,0,0.5319232434396336,0.3527311426299342,28,early
28464,64,0,0.4189272552314195,0.3589009347446806,28,early
28465,65,0,0.4834903445597741,0.3090342224334958,28,early
28466,66,0,0.7250275209959487,0.3137095775776344,28,early
28467,67,0,0.4679761203172426,0.4138374814946864,28,early
28468,68,0,0.4035527256883455,0.45968938629210593,28,early
28469,69,0,0.3641400484845822,0.5263117887703599,28,early
28470,70,0,0.6863136771941538,0.583495243025699,28,early
28471,71,0,0.6303213544124818,0.3074414969486975,28,early
28472,72,0,0.5362372718361682,0.5449098033974139,28,early
28473,73,0,0.5225369627512585,0.5188382920532649,28,early
28474,74,0,0.5871292312564151,0.33292795787785245,28,early
28475,75,0,0.6502263082965574,0.36228543048224576,28,early
28476,76,0,0.7611581574192201,0.46291908294429807,28,early
28477,77,0,0.497970721298266,0.4449252756992984,28,early
28478,78,0,0.4703530440638358,0.3647598524733203,28,early
28479,79,0,0.5749070924959718,0.41559110624310797,28,early
28480,80,0,0.07122871782116472,0.580450879236053,28,early
28481,81,0,0.5950823306233497,0.5041188177769298,28,early
28482,82,0,0.14943814294414087,0.5195655944258184,28,early
28483,83,0,0.7787139126252798,0.3182306327019207,28,early
28484,84,0,0.4332048667983841,0.3744892497767051,28,early
28485,85,0,0.4893001798835671,0.4025361425482491,28,early
28486,86,0,0.6641455596540011,0.40227742800108035,28,early
28487,87,0,0.41585207775137106,0.3697162186994247,28,early
28488,88,0,0.900990025628926,0.24353555532674184,28,early
28489,89,0,0.5582476985242214,0.524202422154179,28,early
28490,90,0,0.34808167708408566,0.36187298427463294,28,early
28491,91,0,0.6697461197677216,0.3823791578187281,28,early
28492,92,0,0.7849517153637071,0.40618333322550115,28,early
28493,93,0,0.6160050604698206,0.3477387617722091,28,early
28494,94,0,0.5396918697277974,0.4203554086630342,28,early
28495,95,0,0.7965896216037676,0.49472122102071037,28,early
28496,96,0,0.37954792897635786,0.39747224909390544,28,early
28497,97,0,0.4723215242547151,0.45133463958737974,28,early
28498,98,0,0.43071937672755384,0.3334324603965517,28,early
28499,99,0,0.9376552987901996,0.49305945430763976,28,early
28500,100,0,0.4817709353871612,0.36047809461735375,28,early
28501,101,0,0.7241301828550049,0.3928630347645385,28,early
28502,102,0,0.12385432306246164,0.5615724394101607,28,early
28503,103,0,0.5115701862027837,0.48943414330167345,28,early
28504,104,0,0.4480278013207224,0.4665055654275013,28,early
28505,105,0,0.7427342543989526,0.46247626341136405,28,early
28506,106,0,0.9064805536187559,0.42610962744915404,28,early
28507,107,0,0.6778251088645177,0.35035749366806834,28,early
28508,108,0,0.01631026571045729,0.43128864001927114,28,early
28509,109,0,0.702894337249694,0.38017768939677704,28,early
28510,110,0,0.9603467109204123,0.2682959450281598,28,early
28511,111,0,0.6110241177679009,0.41881949337584545,28,early
28512,112,0,0.09705554091992127,0.4377183117972729,28,early
28513,113,0,0.5260397754669313,0.37904735029806264,28,early
28514,114,0,0.8640919661667269,0.42006427678709424,28,early
28515,115,0,0.8107941152102406,0.3046165936078028,28,early
28516,116,0,0.5364506107522438,0.2098493421416435,28,early
28517,117,0,0.5303345640637027,0.28362382564311445,28,early
28518,118,0,0.759180143508825,0.3085686573118861,28,early
28519,119,0,0.5548403129525614,0.3091039436780173,28,early
28520,120,0,0.7007982639168757,0.3220679431553972,28,early
28521,121,0,0.5221206976918022,0.38332871071290164,28,early
28522,122,0,0.5346505999848974,0.36376146856954317,28,early
28523,123,0,0.5546243195874033,0.503385131514372,28,early
28524,124,0,0.7836924398270249,0.2981203373479219,28,early
28525,125,0,0.8183218219011126,0.3280452230302201,28,early
28526,126,0,0.5084630966806232,0.5532877633875162,28,early
28527,127,0,0.4980962014365145,0.5406058244622269,28,early
28528,128,0,0.08331571234736673,0.3801504646344742,28,early
28529,129,0,0.5341814936690861,0.3775403125732468,28,early
28530,130,0,0.048567698714784516,0.34077425275674045,28,early
28531,131,0,0.8062578243741145,0.24975414749514413,28,early
28532,132,0,0.8017367864446762,0.3250169114815352,28,early
28533,133,0,0.46812162537009855,0.34603478683584366,28,early
28534,134,0,0.38864000523184616,0.3277966191076695,28,early
28535,135,0,0.6076413784679866,0.26698817512818945,28,early
28536,136,0,0.12927296923048426,0.39494697717022476,28,early
28537,137,0,0.470776460741254,0.5350819795143361,28,early
28538,138,0,0.20316273866628418,0.38056191401700384,28,early
28539,139,0,0.6616180556902436,0.3453055324018882,28,early
28540,140,0,0.42132675556555027,0.4046312159558445,28,early
28541,141,0,0.629020098259985,0.30713783576408066,28,early
28542,142,0,0.975310279956682,0.29213034181469233,28,early
28543,143,0,0.49935309726502597,0.4855126317417503,28,early
28544,144,0,0.5079214347699994,0.3847316211839886,28,early
28545,145,0,0.5279648583285473,0.4580029498850885,28,early
28546,146,0,0.2975886149240181,0.23530381075034562,28,early
28547,147,0,0.4999041226164656,0.6908016760868081,28,early
28548,148,0,0.7623959067617374,0.37230919980947136,28,early
28549,149,0,0.707307940673828,0.40603842089752296,28,early
28550,150,0,0.22523975601791396,0.4176256344651327,28,early
28551,151,0,0.4440122938627269,0.4175332136700568,28,early
28552,152,0,0.525367972478962,0.3367267699808314,28,early
28553,153,0,0.312657443807269,0.3944415917557003,28,early
28554,154,0,0.8869509571210075,0.45152727730435893,28,early
28555,155,0,0.6121913783241195,0.4035982630150696,28,early
28556,156,0,0.9370119827940492,0.4317718601352838,28,early
28557,157,0,0.5834798391531357,0.3174677119056332,28,early
28558,158,0,0.5409664076125141,0.38004906645607833,28,early
28559,159,0,0.5338654841109977,0.3712942815852999,28,early
28560,160,0,0.8658716451616002,0.343368983200203,28,early
28561,161,0,0.9860904995721608,0.27342768355172975,28,early
28562,162,0,0.9769126751088644,0.312748648417977,28,early
28563,163,0,0.8290284266880714,0.48269092096523725,28,early
28564,164,0,0.454910465574654,0.34852870103963135,28,early
28565,165,0,0.5244448666854395,0.2625923852094115,28,early
28566,166,0,0.5310874800278503,0.27661099478610907,28,early
28567,167,0,0.5102949243311329,0.3318980024827035,28,early
28568,168,0,0.7780568231424478,0.26660191666733074,28,early
28569,169,0,0.8071246184758258,0.1996856569985918,28,early
28570,170,0,0.9709569535891341,0.23980114645875025,28,early
28571,171,0,0.7434364583944018,0.3608702597167215,28,early
28572,172,0,0.4302565243287271,0.32479764693633906,28,early
28573,173,0,0.5044948188675122,0.4415299423138037,28,early
28574,174,0,0.8850942470613943,0.2842372786592009,28,early
28575,175,0,0.9907849959802394,0.3810156046112846,28,early
28576,176,0,0.7169350412754085,0.3775328544312443,28,early
28577,177,0,0.5632979486042953,0.31426411182276454,28,early
28578,178,0,0.7743042460320633,0.31666573033473916,28,early
28579,179,0,0.8633872143559507,0.24876167596182908,28,early
28580,180,0,0.8580327097047815,0.2948878566696699,28,early
28581,181,0,0.8031368658105882,0.4207306805008514,28,early
28582,182,0,0.9046759236167605,0.2404508234091403,28,early
28583,183,0,0.5253822836514168,0.43378706229151165,28,early
28584,184,0,0.23216878733249818,0.3705269607042004,28,early
28585,185,0,0.6086168367130954,0.36030319918002907,28,early
28586,186,0,0.9268542586579271,0.24624798502646794,28,early
28587,187,0,0.48412546889844243,0.36936723155002305,28,early
28588,188,0,0.7063663760017078,0.1836955105891534,28,early
28589,189,0,0.1808843941336412,0.3729650674174058,28,early
28590,190,0,0.18386095700076543,0.294992077637225,28,early
28591,191,0,0.581582114930623,0.3276370668963724,28,early
28592,192,0,0.849891391137342,0.20693671076585257,28,early
28593,193,0,0.14185456547869768,0.33213677288582194,28,early
28594,194,0,0.50167487429989,0.5437026561960581,28,early
28595,195,0,0.12774711583239018,0.37000111815469977,28,early
28596,196,0,0.6203826561601926,0.29246805303922024,28,early
28597,197,0,0.5183986982906844,0.309729543904511,28,early
28598,198,0,0.1892048290351624,0.5010404634301334,28,early
28599,199,0,0.24597431696484257,0.4202145199256931,28,early
28600,0,0,0.903440633808503,0.648109099737548,28,middle
28601,1,0,0.48944664976120467,0.6775662555097144,28,middle
28602,2,0,0.16152321438816597,0.6403068582085125,28,middle
28603,3,0,0.5859104368119981,0.44830801528057546,28,middle
28604,4,0,0.42556469908983674,0.5542903177993769,28,middle
28605,5,0,0.4659378097779753,0.4518572005969925,28,middle
28606,6,0,0.7707329572122203,0.5561501641091146,28,middle
28607,7,0,0.18786259182374138,0.7186571177560666,28,middle
28608,8,0,0.40634347504229407,0.4318196150319946,28,middle
28609,9,0,0.8178877740827748,0.518467343955675,28,middle
28610,10,0,0.5541226058120847,0.3874680524541179,28,middle
28611,11,0,0.26347586557618746,0.4552747144479402,28,middle
28612,12,0,0.43305487385590213,0.46861039692844886,28,middle
28613,13,0,0.4605214990962714,0.29968267451464004,28,middle
28614,14,0,0.20555496928384906,0.42263754517951774,28,middle
28615,15,0,0.4887197325964518,0.322977649619262,28,middle
28616,16,0,0.43348352145080726,0.4801303330565241,28,middle
28617,17,0,0.712923064166922,0.3467346186700506,28,middle
28618,18,0,0.632147236247664,0.4511043479528968,28,middle
28619,19,0,0.3389517239412584,0.45401018670862947,28,middle
28620,20,0,0.7827686913112508,0.46397249616009373,28,middle
28621,21,0,0.15125722044326223,0.7889797901907186,28,middle
28622,22,0,0.6531720202534839,0.38044910112693964,28,middle
28623,23,0,0.09073317620809836,0.6448979822446098,28,middle
28624,24,0,0.7129597955955584,0.3938570058329206,28,middle
28625,25,0,0.42963847864164967,0.7196146188864841,28,middle
28626,26,0,0.6102379157599404,0.587149621913412,28,middle
28627,27,0,0.46912201490669636,0.4129202380606988,28,middle
28628,28,0,0.2554206149605351,0.43560345199708705,28,middle
28629,29,0,0.30271406430378034,0.423519730487992,28,middle
28630,30,0,0.34651868390091134,0.4975414525904642,28,middle
28631,31,0,0.2364269243849175,0.26895508256865724,28,middle
28632,32,0,0.3087700593030114,0.3776995324255276,28,middle
28633,33,0,0.13188898041105232,0.426929877477097,28,middle
28634,34,0,0.729258620123832,0.41898293122844565,28,middle
28635,35,0,0.23419621924126766,0.6077642625553406,28,middle
28636,36,0,0.4552759087777629,0.4568611336165302,28,middle
28637,37,0,0.4443009375933653,0.5014860789888674,28,middle
28638,38,0,0.716517609170819,0.7744512081062145,28,middle
28639,39,0,0.21383007120131567,0.4427547100842132,28,middle
28640,40,0,0.4088352385901016,0.357703964852715,28,middle
28641,41,0,0.5122912670001731,0.39748634158765705,28,middle
28642,42,0,0.4675423887889845,0.5049201142878381,28,middle
28643,43,0,0.531798436639177,0.3883845775384631,28,middle
28644,44,0,0.5297731655710706,0.3908061064707651,28,middle
28645,45,0,0.45408737822757395,0.3566501142174966,28,middle
28646,46,0,0.6653431418690328,0.645662043419104,28,middle
28647,47,0,0.46476307491931657,0.3865302797652342,28,middle
28648,48,0,0.7924236383100551,0.5373162432584646,28,middle
28649,49,0,0.40503897684241247,0.45652723945954454,28,middle
28650,50,0,0.6731602566936391,0.4940386311928632,28,middle
28651,51,0,0.6518917612171058,0.33967451879460614,28,middle
28652,52,0,0.513661857837535,0.40313988574236675,28,middle
28653,53,0,0.599564473203544,0.5123540067637079,28,middle
28654,54,0,0.5844835057573318,0.340308026998375,28,middle
28655,55,0,0.6739457903918656,0.5192255046806603,28,middle
28656,56,0,0.5400370840818431,0.4519903258105118,28,middle
28657,57,0,0.5279279970282319,0.35638572969549775,28,middle
28658,58,0,0.7031793616282527,0.4753899087066149,28,middle
28659,59,0,0.7545761364317254,0.39749174195675646,28,middle
28660,60,0,0.5649937722258687,0.42499852462786636,28,middle
28661,61,0,0.7725803163289486,0.3869091419975068,28,middle
28662,62,0,0.38099770269773703,0.42689657236634004,28,middle
28663,63,0,0.4788700131286033,0.3432483048222212,28,middle
28664,64,0,0.4722079937886928,0.4856605716722786,28,middle
28665,65,0,0.9110998542158562,0.6686434903422316,28,middle
28666,66,0,0.4907082715883857,0.4055772415518763,28,middle
28667,67,0,0.6871417849510584,0.48133747408416105,28,middle
28668,68,0,0.5646872372679899,0.3875645904440305,28,middle
28669,69,0,0.5219623922046032,0.48592649327092585,28,middle
28670,70,0,0.48263399848108174,0.4648027890484906,28,middle
28671,71,0,0.4724969053944361,0.30005495476129734,28,middle
28672,72,0,0.47036355201603525,0.39068897214933496,28,middle
28673,73,0,0.48604874371537654,0.4320995957162739,28,middle
28674,74,0,0.5269041258318566,0.45740431281927707,28,middle
28675,75,0,0.7067640907194871,0.41224074188321685,28,middle
28676,76,0,0.3885851097946068,0.45209247129437846,28,middle
28677,77,0,0.7208804432579693,0.2981000574386003,28,middle
28678,78,0,0.731987934351349,0.5502539185010201,28,middle
28679,79,0,0.43979194344963013,0.433550461723213,28,middle
28680,80,0,0.5860125161581574,0.5845046653929928,28,middle
28681,81,0,0.6126900660492338,0.36148896252916624,28,middle
28682,82,0,0.970789904311897,0.34238961894028525,28,middle
28683,83,0,0.3169178055716214,0.3850944439755082,28,middle
28684,84,0,0.14657748427894585,0.3666588954570297,28,middle
28685,85,0,0.783630612554119,0.3697417378151233,28,middle
28686,86,0,0.8712977931921421,0.3575117146167419,28,middle
28687,87,0,0.3413471497346442,0.6618284358565953,28,middle
28688,88,0,0.8982832010770746,0.4987535402311407,28,middle
28689,89,0,0.5942832516025098,0.3027873764286907,28,middle
28690,90,0,0.991925964556142,0.3986687534167165,28,middle
28691,91,0,0.20086305465497634,0.47118885567073654,28,middle
28692,92,0,0.3507760691936146,0.2808631563599784,28,middle
28693,93,0,0.7901884374506052,0.3027294683295033,28,middle
28694,94,0,0.15258225298222466,0.49504986919655913,28,middle
28695,95,0,0.7915100498127764,0.27672405210108797,28,middle
28696,96,0,0.33216112593390057,0.43697794839712345,28,middle
28697,97,0,0.8463202227655323,0.3250993183496896,28,middle
28698,98,0,0.7731189823367144,0.37469983814669583,28,middle
28699,99,0,0.9160057788249703,0.37757929432070075,28,middle
28700,100,0,0.2992470610730497,0.4626487174737697,28,middle
28701,101,0,0.9488040214179119,0.3417857715097926,28,middle
28702,102,0,0.971217932120934,0.2920223265256008,28,middle
28703,103,0,0.13229435885181967,0.4121223204730246,28,middle
28704,104,0,0.45071563980161733,0.3051550461724172,28,middle
28705,105,0,0.46211697781795136,0.2787589931631359,28,middle
28706,106,0,0.5221469092814668,0.5809764489451634,28,middle
28707,107,0,0.9621342935521655,0.37807220222401694,28,middle
28708,108,0,0.5209880616651168,0.4795320184008886,28,middle
28709,109,0,0.67702297695267,0.3369027694809372,28,middle
28710,110,0,0.309872740030207,0.6278437291198721,28,middle
28711,111,0,0.2592267344288097,0.4638185845101896,28,middle
28712,112,0,0.6182783931959501,0.4693182156097804,28,middle
28713,113,0,0.9829104087316395,0.3292855505339118,28,middle
28714,114,0,0.7507938620530741,0.44671180126299037,28,middle
28715,115,0,0.40146567547924034,0.41810194517181565,28,middle
28716,116,0,0.6565391346823435,0.43043537383160796,28,middle
28717,117,0,0.41322224849220274,0.43501946690661936,28,middle
28718,118,0,0.5397775107717848,0.3792348990427633,28,middle
28719,119,0,0.614969835774851,0.3921691601578009,28,middle
28720,120,0,0.7166526371037341,0.42701199936063305,28,middle
28721,121,0,0.9195602261815742,0.4080425251423525,28,middle
28722,122,0,0.5356713576228742,0.386656222676928,28,middle
28723,123,0,0.937281964419854,0.33846000518643793,28,middle
28724,124,0,0.5307530928410942,0.34194387901852075,28,middle
28725,125,0,0.4057800071446567,0.3002088544450547,28,middle
28726,126,0,0.4956733867745342,0.32643605377040924,28,middle
28727,127,0,0.7841446395199494,0.24373249547511144,28,middle
28728,128,0,0.5906785237384495,0.2964381197524398,28,middle
28729,129,0,0.4509590399937988,0.5005545720795428,28,middle
28730,130,0,0.47736707142001455,0.5519949811156589,28,middle
28731,131,0,0.7008364571392733,0.3671820409345926,28,middle
28732,132,0,0.19346314496996486,0.36497378784594775,28,middle
28733,133,0,0.3746790583621454,0.2829662615160086,28,middle
28734,134,0,0.10594057247010266,0.43967544958698845,28,middle
28735,135,0,0.8383286561905234,0.33911047301368547,28,middle
28736,136,0,0.799579059602302,0.3252814869381249,28,middle
28737,137,0,0.38364633676447996,0.291289308361518,28,middle
28738,138,0,0.2054998591341445,0.3346297285701716,28,middle
28739,139,0,0.2591650636645185,0.4312696156401939,28,middle
28740,140,0,0.4702981331299057,0.4066179852758625,28,middle
28741,141,0,0.6295710717025553,0.7186202000127662,28,middle
28742,142,0,0.5065196064947715,0.4845309544445491,28,middle
28743,143,0,0.09237862349275057,0.507764348554207,28,middle
28744,144,0,0.5275346828441464,0.5191222455105924,28,middle
28745,145,0,0.30303550806862034,0.4303546880428977,28,middle
28746,146,0,0.5329647075233194,0.46761083717905655,28,middle
28747,147,0,0.4471017484721962,0.35887693452813735,28,middle
28748,148,0,0.37701876611184093,0.40662414962000004,28,middle
28749,149,0,0.9903031774594179,0.6633665479881368,28,middle
28750,150,0,0.37544463725891297,0.43583308812082344,28,middle
28751,151,0,0.8994373385448551,0.3024208048758147,28,middle
28752,152,0,0.46881817296445927,0.469425636270053,28,middle
28753,153,0,0.594467822469485,0.2627572683642386,28,middle
28754,154,0,0.5368468899801533,0.35601534797871115,28,middle
28755,155,0,0.6136857412679384,0.33415656227311763,28,middle
28756,156,0,0.5459227866492101,0.4538098920376099,28,middle
28757,157,0,0.3801115745463692,0.36930340579703064,28,middle
28758,158,0,0.3536565185076985,0.4970634076835432,28,middle
28759,159,0,0.8067658202217958,0.2918732204071882,28,middle
28760,160,0,0.413702940661884,0.569371649132689,28,middle
28761,161,0,0.5476082669190219,0.3688231978412709,28,middle
28762,162,0,0.47511071827067164,0.4570312887994307,28,middle
28763,163,0,0.5104715830744716,0.421543995692976,28,middle
28764,164,0,0.5767864862734107,0.3783222206417284,28,middle
28765,165,0,0.8542384991160701,0.23028611477221536,28,middle
28766,166,0,0.47516843663296243,0.3562651214181136,28,middle
28767,167,0,0.528928443377779,0.36966426629047744,28,middle
28768,168,0,0.1263603516973631,0.6064702196881172,28,middle
28769,169,0,0.6766020072186866,0.2932355061882559,28,middle
28770,170,0,0.5370535328065219,0.43521343138513413,28,middle
28771,171,0,0.4313933480487814,0.43122656900692813,28,middle
28772,172,0,0.7464077677784933,0.419353825769608,28,middle
28773,173,0,0.48004875084602394,0.3857861502867618,28,middle
28774,174,0,0.6559685289710413,0.33605639856399977,28,middle
28775,175,0,0.19366066963174727,0.48281808367521706,28,middle
28776,176,0,0.7963676254809229,0.3040633859737354,28,middle
28777,177,0,0.2420665572543506,0.336716979502546,28,middle
28778,178,0,0.7500683086528983,0.2188097664645423,28,middle
28779,179,0,0.9665410550774176,0.3154624601967362,28,middle
28780,180,0,0.2830270520961419,0.40832673879010506,28,middle
28781,181,0,0.2258002851903569,0.42924520215434436,28,middle
28782,182,0,0.4191361886291969,0.3003009791786092,28,middle
28783,183,0,0.42410586922853344,0.3614817508525867,28,middle
28784,184,0,0.44933650432041183,0.3744392885169539,28,middle
28785,185,0,0.4753205228839305,0.25971079680843673,28,middle
28786,186,0,0.26257441810871335,0.34091121094575544,28,middle
28787,187,0,0.8270046942620588,0.4538524587792945,28,middle
28788,188,0,0.4322479413240697,0.4827887938414256,28,middle
28789,189,0,0.16619878785282088,0.39794460483666083,28,middle
28790,190,0,0.45979108720110096,0.3421173909284668,28,middle
28791,191,0,0.8135142184825577,0.32082305578016057,28,middle
28792,192,0,0.2508275864158335,0.43527768184893234,28,middle
28793,193,0,0.44053323734170247,0.4173133174195762,28,middle
28794,194,0,0.502901016227971,0.35872262425972046,28,middle
28795,195,0,0.6684574355451556,0.4298460022945213,28,middle
28796,196,0,0.5102110248778543,0.26495101510594393,28,middle
28797,197,0,0.9743311734267392,0.3304808026309378,28,middle
28798,198,0,0.7959973559677894,0.34416711659763133,28,middle
28799,199,0,0.46617799748716837,0.36944123763375464,28,middle
28800,0,0,0.5371121240802164,0.6699505257080189,28,late
28801,1,0,0.8158096247260629,0.8379682985345476,28,late
28802,2,0,0.6241691718894669,0.7009346948547049,28,late
28803,3,0,0.5641627717231621,0.36969064745717223,28,late
28804,4,0,0.6328548946324848,0.5779347081963416,28,late
28805,5,0,0.2216401430886334,0.48217825478285814,28,late
28806,6,0,0.16230520348880426,0.6607607228775041,28,late
28807,7,0,0.7538560715334339,0.4606397219180398,28,late
28808,8,0,0.655038815631102,0.38382533032835703,28,late
28809,9,0,0.5218942903137201,0.4319013486825243,28,late
28810,10,0,0.16684222767109919,0.5838689111475046,28,late
28811,11,0,0.6046522081467949,0.5925590938918434,28,late
28812,12,0,0.23235562753212433,0.6720708475375619,28,late
28813,13,0,0.45244126121848477,0.5638124245507536,28,late
28814,14,0,0.6101514128075145,0.4859217393301779,28,late
28815,15,0,0.7244230810006952,0.5717363538360511,28,late
28816,16,0,0.34225245890487904,0.6881745094034237,28,late
28817,17,0,0.2957224447047041,0.6144699012902481,28,late
28818,18,0,0.5345510936869465,0.40405639269940863,28,late
28819,19,0,0.7488604681719093,0.4287821314349485,28,late
28820,20,0,0.4890114965635445,0.49139720848815865,28,late
28821,21,0,0.16275745091063248,0.4842991320992772,28,late
28822,22,0,0.2471560271345778,0.4298557912544714,28,late
28823,23,0,0.2563118605860782,0.7501097738541609,28,late
28824,24,0,0.6857165812219062,0.5196410859442363,28,late
28825,25,0,0.5126207295176359,0.46462206990867383,28,late
28826,26,0,0.16190556043408785,0.639557324178514,28,late
28827,27,0,0.37155982156927536,0.5288259772724618,28,late
28828,28,0,0.7542984232555429,0.3855559122305748,28,late
28829,29,0,0.39100974556286044,0.4354038686124593,28,late
28830,30,0,0.7748007171981554,0.47128530035285054,28,late
28831,31,0,0.49613470547256927,0.5912980248084123,28,late
28832,32,0,0.08347904997758687,0.6592422191355886,28,late
28833,33,0,0.8366185191462334,0.34902445601917,28,late
28834,34,0,0.710434516236145,0.44451596256709813,28,late
28835,35,0,0.356156635948056,0.5398957061893084,28,late
28836,36,0,0.2901221241252593,0.5796609295526939,28,late
28837,37,0,0.4674434715379147,0.4196685566950301,28,late
28838,38,0,0.6089039154760792,0.5912288990516051,28,late
28839,39,0,0.38206103709387096,0.5284420361130487,28,late
28840,40,0,0.10284651600355649,0.44492225478925307,28,late
28841,41,0,0.5005709011544417,0.46846860518033084,28,late
28842,42,0,0.24539444431334176,0.47274738133791644,28,late
28843,43,0,0.5703915616707715,0.37239989501956383,28,late
28844,44,0,0.28627634627473,0.47511658101548593,28,late
28845,45,0,0.5867011483565283,0.41589588981594294,28,late
28846,46,0,0.5102588393514578,0.3865825848547624,28,late
28847,47,0,0.22598851010520593,0.46555931667118805,28,late
28848,48,0,0.5038443542997928,0.34063564852416595,28,late
28849,49,0,0.32852314221235934,0.4963163563858076,28,late
28850,50,0,0.6286706350302533,0.6224450803551942,28,late
28851,51,0,0.45842457426503025,0.5345053230900153,28,late
28852,52,0,0.2111129822767855,0.5506367762828486,28,late
28853,53,0,0.36949610027694757,0.7017611382073935,28,late
28854,54,0,0.5213922134894227,0.5453255237813242,28,late
28855,55,0,0.2635157057189568,0.46467092081854855,28,late
28856,56,0,0.18673173564705833,0.48121946904197266,28,late
28857,57,0,0.44587465541984794,0.3854375489715289,28,late
28858,58,0,0.3285035292478238,0.45141498583977646,28,late
28859,59,0,0.4174825952388068,0.5371657660438632,28,late
28860,60,0,0.730077335976498,0.6026794568902042,28,late
28861,61,0,0.5007863945444043,0.4153107272663105,28,late
28862,62,0,0.09282332884221141,0.5656635513642688,28,late
28863,63,0,0.5510505041235393,0.34686442724856836,28,late
28864,64,0,0.7143382440718244,0.4139825439057345,28,late
28865,65,0,0.4503595836730584,0.7334172830431662,28,late
28866,66,0,0.4292199729794469,0.3704693610416355,28,late
28867,67,0,0.40598472551657006,0.46227632603229607,28,late
28868,68,0,0.35984947000212975,0.3499995647358093,28,late
28869,69,0,0.4913775062115291,0.5665887735181732,28,late
28870,70,0,0.3873018537345626,0.4831006585393915,28,late
28871,71,0,0.7842350159193517,0.4345408713915988,28,late
28872,72,0,0.4465002602447207,0.4826244087738879,28,late
28873,73,0,0.5027228344131304,0.47280820571473015,28,late
28874,74,0,0.32779032940126746,0.5184175435727424,28,late
28875,75,0,0.3586078442889146,0.31120160121478524,28,late
28876,76,0,0.5857110817403063,0.4959538546804514,28,late
28877,77,0,0.3261299567177676,0.43600806479906756,28,late
28878,78,0,0.7609726541096962,0.5247545712617598,28,late
28879,79,0,0.49740755651284024,0.38894417612431237,28,late
28880,80,0,0.7925366809499942,0.30725981817741366,28,late
28881,81,0,0.36798432250750707,0.4662564626413631,28,late
28882,82,0,0.6354387880481672,0.5111733021231437,28,late
28883,83,0,0.7492253523447232,0.3931663452487953,28,late
28884,84,0,0.7621531813143475,0.45136941049840473,28,late
28885,85,0,0.13094751137818894,0.5156232098813105,28,late
28886,86,0,0.6632194270189099,0.5426915875106504,28,late
28887,87,0,0.23117791331059698,0.4822678094966286,28,late
28888,88,0,0.4289678159595947,0.3497848117311402,28,late
28889,89,0,0.5348512758454207,0.4918270407879384,28,late
28890,90,0,0.8840090957697422,0.46903493646555416,28,late
28891,91,0,0.9577673967899651,0.4774047084626287,28,late
28892,92,0,0.08520936689119021,0.4191149173860432,28,late
28893,93,0,0.8088368648564681,0.40679641867945165,28,late
28894,94,0,0.7393958500604274,0.4429456060305351,28,late
28895,95,0,0.8919489910447953,0.2925507790113543,28,late
28896,96,0,0.9252801998868534,0.32866699493732277,28,late
28897,97,0,0.8344863224259855,0.4983703649518435,28,late
28898,98,0,0.93756454825043,0.36683192287556166,28,late
28899,99,0,0.13672973292804508,0.46892562412553285,28,late
28900,100,0,0.7627809829275773,0.5212582345693635,28,late
28901,101,0,0.8488176583405385,0.416566508282952,28,late
28902,102,0,0.8485896724967044,0.42762960602805455,28,late
28903,103,0,0.8547299644303822,0.25782069747374486,28,late
28904,104,0,0.15327899043024137,0.5342007616587277,28,late
28905,105,0,0.42951891452604757,0.4392322441824765,28,late
28906,106,0,0.7425380555756318,0.43593638002463697,28,late
28907,107,0,0.7388103656037157,0.30140049298273874,28,late
28908,108,0,0.26353734828030095,0.37166653543753125,28,late
28909,109,0,0.7442322426679071,0.3407294154784561,28,late
28910,110,0,0.5797556460658426,0.4991212460675745,28,late
28911,111,0,0.17545275356953258,0.4077592814747383,28,late
28912,112,0,0.865533594843455,0.2838195110131266,28,late
28913,113,0,0.9152227719193091,0.30452480780226476,28,late
28914,114,0,0.8188186681796383,0.2704849708621518,28,late
28915,115,0,0.8710657431099603,0.320095413319051,28,late
28916,116,0,0.7551183618548554,0.3364667149674249,28,late
28917,117,0,0.16100795500799553,0.49940169117869343,28,late
28918,118,0,0.5307189671040763,0.5666238973484177,28,late
28919,119,0,0.843369259350639,0.40196463674042404,28,late
28920,120,0,0.4470561473093082,0.43549625898369,28,late
28921,121,0,0.5584678030858539,0.4630224012782746,28,late
28922,122,0,0.870393955933777,0.31083996764654326,28,late
28923,123,0,0.7534464013568563,0.5486079107548711,28,late
28924,124,0,0.09007264065343912,0.48595024634376227,28,late
28925,125,0,0.8345584117112552,0.31534075527429195,28,late
28926,126,0,0.3787778246307794,0.46738208991631874,28,late
28927,127,0,0.5842411827055484,0.3855233245237707,28,late
28928,128,0,0.3744234715477426,0.5048585095731659,28,late
28929,129,0,0.6817691595137376,0.3377315907264431,28,late
28930,130,0,0.3354354922110473,0.5771298358125092,28,late
28931,131,0,0.6941653485680548,0.4299531382419327,28,late
28932,132,0,0.7683620649464984,0.3480907093050245,28,late
28933,133,0,0.5379878835284468,0.5039566692028046,28,late
28934,134,0,0.19301961354069597,0.39624877755466315,28,late
28935,135,0,0.4034943165626038,0.4895266311051118,28,late
28936,136,0,0.2103858509138835,0.44661946758386495,28,late
28937,137,0,0.6278464909286702,0.4923069009041385,28,late
28938,138,0,0.578218762511368,0.5679106693157014,28,late
28939,139,0,0.5043715413337109,0.5085728963128467,28,late
28940,140,0,0.5793892065610172,0.30775951280994424,28,late
28941,141,0,0.7360937588854739,0.3925444881336232,28,late
28942,142,0,0.5455356700330604,0.32545720670266187,28,late
28943,143,0,0.4812472802424643,0.4848470740046569,28,late
28944,144,0,0.5801005675006908,0.4444176618535751,28,late
28945,145,0,0.8726356826055714,0.2905945220502353,28,late
28946,146,0,0.8249178260986441,0.453872373379522,28,late
28947,147,0,0.4787289904536176,0.4729549574032602,28,late
28948,148,0,0.11353326162788134,0.3781261813361386,28,late
28949,149,0,0.8854110231088621,0.3201625461860577,28,late
28950,150,0,0.33242085282187495,0.4257786914915974,28,late
28951,151,0,0.7200301546291161,0.3509326257462771,28,late
28952,152,0,0.06865453549942516,0.6391493167202607,28,late
28953,153,0,0.9816034414295882,0.35649317423627885,28,late
28954,154,0,0.035419374705212864,0.41965091056569115,28,late
28955,155,0,0.9137288996592718,0.5049992105722771,28,late
28956,156,0,0.9602525539420363,0.2594701717700715,28,late
28957,157,0,0.7277326694251034,0.43807270507725693,28,late
28958,158,0,0.4424183098297071,0.4166887118667201,28,late
28959,159,0,0.4512221569144679,0.3677500521913869,28,late
28960,160,0,0.9331180225487297,0.3123223156571657,28,late
28961,161,0,0.9787816472635305,0.3553099457790633,28,late
28962,162,0,0.598703986606884,0.35994260362424557,28,late
28963,163,0,0.42826480184592064,0.4930302947690519,28,late
28964,164,0,0.2580857329672895,0.45889171833236486,28,late
28965,165,0,0.5491668195925394,0.358639123766469,28,late
28966,166,0,0.6354823464656141,0.565894800151133,28,late
28967,167,0,0.08079044164610028,0.6737498062836131,28,late
28968,168,0,0.9419162256788343,0.25888483522201094,28,late
28969,169,0,0.49221938401565213,0.3389182161016685,28,late
28970,170,0,0.45368467188918354,0.3328115810762214,28,late
28971,171,0,0.4204224413120621,0.3648435199844745,28,late
28972,172,0,0.4954861906121989,0.43909582807941216,28,late
28973,173,0,0.13032902636207258,0.590048262224671,28,late
28974,174,0,0.7977396031499702,0.3133491071311372,28,late
28975,175,0,0.33285816943156044,0.5982731267675069,28,late
28976,176,0,0.6825974103885178,0.4056844978437322,28,late
28977,177,0,0.4113196593438828,0.4260941362019023,28,late
28978,178,0,0.554728063972153,0.374102981639576,28,late
28979,179,0,0.7526524666463597,0.27286051357876784,28,late
28980,180,0,0.6984748210575292,0.2856596394388478,28,late
28981,181,0,0.4482544191781699,0.48012674474467043,28,late
28982,182,0,0.844212165534741,0.3251820888725746,28,late
28983,183,0,0.8576535531811641,0.3833069044803401,28,late
28984,184,0,0.23684402751065375,0.49870181070185177,28,late
28985,185,0,0.41611627069167567,0.3093010142495951,28,late
28986,186,0,0.81001405360952,0.35369511023985145,28,late
28987,187,0,0.6701902200432922,0.36571269874092194,28,late
28988,188,0,0.8119472717770545,0.2859856693134274,28,late
28989,189,0,0.3584082716236002,0.36561829797869894,28,late
28990,190,0,0.4210012053661822,0.5136855320740611,28,late
28991,191,0,0.6095449174856236,0.32055379384792315,28,late
28992,192,0,0.6497681834592013,0.3677944693941825,28,late
28993,193,0,0.6361964828852182,0.3271615003434339,28,late
28994,194,0,0.2850842654145374,0.47446099304338285,28,late
28995,195,0,0.21053699125866732,0.44017631393721607,28,late
28996,196,0,0.708173429456393,0.4694186490947271,28,late
28997,197,0,0.36222189341537686,0.420712115583707,28,late
28998,198,0,0.8024804516424129,0.36760540375922773,28,late
28999,199,0,0.8811652015384301,0.40218096753683275,28,late
29000,0,0,0.3600495374258827,0.6472913297986207,29,interleaved
29001,1,0,0.8316606325717257,0.522878428101963,29,interleaved
29002,2,0,0.3824690769359103,0.5548975477192133,29,interleaved
29003,3,0,0.4602704472449621,0.5265222083812782,29,interleaved
29004,4,0,0.7112630541923604,0.38697553032438897,29,interleaved
29005,5,0,0.7906986031120616,0.5624527475977515,29,interleaved
29006,6,0,0.5105826182487094,0.48376500663451905,29,interleaved
29007,7,0,0.8588318393639329,0.4935002185150921,29,interleaved
29008,8,0,0.5365217511208835,0.40985471444449917,29,interleaved
29009,9,0,0.9284250151429492,0.44860223636047547,29,interleaved
29010,10,0,0.39269371134132125,0.5452236730919933,29,interleaved
29011,11,0,0.7779006713065748,0.3315975726040969,29,interleaved
29012,12,0,0.5471862473781142,0.5305525441819343,29,interleaved
29013,13,0,0.9121872342509367,0.53041689194233,29,interleaved
29014,14,0,0.5631515042675924,0.5111569114679388,29,interleaved
29015,15,0,0.6202212290733204,0.4950244609963431,29,interleaved
29016,16,0,0.35306019957667034,0.5116261419168201,29,interleaved
29017,17,0,0.9755155066556969,0.37470454171948137,29,interleaved
29018,18,0,0.49449347801209764,0.4470768827429676,29,interleaved
29019,19,0,0.9924143326340098,0.33804715107395183,29,interleaved
29020,20,0,0.758689230700266,0.45480157983110936,29,interleaved
29021,21,0,0.16052137914525824,0.6637856065851853,29,interleaved
29022,22,0,0.4341333916164572,0.4805947697227698,29,interleaved
29023,23,0,0.06617011964861821,0.8179964043947427,29,interleaved
29024,24,0,0.5613121589897467,0.5565251498862611,29,interleaved
29025,25,0,0.9949714106457492,0.42302193194779913,29,interleaved
29026,26,0,0.5157893131908321,0.47527589653152347,29,interleaved
29027,27,0,0.0023011823724280187,0.6225087616901617,29,interleaved
29028,28,0,0.6083414178164437,0.35431600675939584,29,interleaved
29029,29,0,0.7744087002684651,0.5692434148180128,29,interleaved
29030,30,0,0.8208510621814178,0.5267596464365367,29,interleaved
29031,31,0,0.04535322605299408,0.5990644161141372,29,interleaved
29032,32,0,0.4897213809780111,0.5056513899497411,29,interleaved
29033,33,0,0.5217561498792308,0.7213580197654712,29,interleaved
29034,34,0,0.3405535182401708,0.5742229606936846,29,interleaved
29035,35,0,0.4535319668669304,0.3978141071023915,29,interleaved
29036,36,0,0.2651905418416739,0.44490262758385973,29,interleaved
29037,37,0,0.4636536927525712,0.6398675006103589,29,interleaved
29038,38,0,0.43004283730534143,0.5377960020263363,29,interleaved
29039,39,0,0.33625013791065245,0.5328196837096337,29,interleaved
29040,40,0,0.7255252862331791,0.508274519418612,29,interleaved
29041,41,0,0.7990979196601273,0.3973369186351178,29,interleaved
29042,42,0,0.4096991364231985,0.5096230901560801,29,interleaved
29043,43,0,0.005400663311013659,0.7008472405704833,29,interleaved
29044,44,0,0.5497336687265306,0.4306414749350405,29,interleaved
29045,45,0,0.7833118847988096,0.42083644116014574,29,interleaved
29046,46,0,0.46782459636065044,0.5472196186773803,29,interleaved
29047,47,0,0.110849650743008,0.5149263073792891,29,interleaved
29048,48,0,0.7212498313463587,0.4736317759424674,29,interleaved
29049,49,0,0.45017756442602347,0.34973699376935297,29,interleaved
29050,50,0,0.36316618191106703,0.5315159762959596,29,interleaved
29051,51,0,0.17139940634277248,0.4581366649517885,29,interleaved
29052,52,0,0.6434685521728091,0.354781426045493,29,interleaved
29053,53,0,0.7653528635717344,0.41432183760715663,29,interleaved
29054,54,0,0.5445075330788312,0.46161591863116713,29,interleaved
29055,55,0,0.5476416747463246,0.48837786958524876,29,interleaved
29056,56,0,0.48464029866291425,0.716554412951242,29,interleaved
29057,57,0,0.6154367810516079,0.41859300569352365,29,interleaved
29058,58,0,0.5665042635698966,0.567295874889312,29,interleaved
29059,59,0,0.5478943347822024,0.45965741505957236,29,interleaved
29060,60,0,0.5004829876803507,0.4914623022391008,29,interleaved
29061,61,0,0.604027024428778,0.45094432649648436,29,interleaved
29062,62,0,0.7136714972134905,0.37203928270059367,29,interleaved
29063,63,0,0.8122328570418369,0.3388163118205546,29,interleaved
29064,64,0,0.6498721444908283,0.4155184076868329,29,interleaved
29065,65,0,0.42541320325798604,0.3860824306347749,29,interleaved
29066,66,0,0.33350507915251854,0.39459101401826446,29,interleaved
29067,67,0,0.9008060734478341,0.3695175984551886,29,interleaved
29068,68,0,0.36925483350184374,0.34777409320017033,29,interleaved
29069,69,0,0.2218610605977381,0.5091984309102332,29,interleaved
29070,70,0,0.5699800073059342,0.5203748900398752,29,interleaved
29071,71,0,0.015743372451579342,0.5763905055206325,29,interleaved
29072,72,0,0.5086320585585431,0.4541554300836816,29,interleaved
29073,73,0,0.25851469266248117,0.3962945180863032,29,interleaved
29074,74,0,0.5386779107567086,0.3827618866463897,29,interleaved
29075,75,0,0.3657365098457376,0.5524924305222624,29,interleaved
29076,76,0,0.1601737491666185,0.5010257039744033,29,interleaved
29077,77,0,0.5587647225394548,0.550492691729549,29,interleaved
29078,78,0,0.5005362257217375,0.3657707766639742,29,interleaved
29079,79,0,0.33082370829202806,0.5133159349111434,29,interleaved
29080,80,0,0.6652412234275549,0.33724319429038774,29,interleaved
29081,81,0,0.2518503720840198,0.5260398953736972,29,interleaved
29082,82,0,0.4823433131104473,0.4493314472708003,29,interleaved
29083,83,0,0.8085543438784033,0.5077585361185335,29,interleaved
29084,84,0,0.48906286630510304,0.49566827348214026,29,interleaved
29085,85,0,0.946882739380069,0.37239245616908095,29,interleaved
29086,86,0,0.7459947746221228,0.45682375436761724,29,interleaved
29087,87,0,0.9763626841224039,0.41334080688615216,29,interleaved
29088,88,0,0.43230093718737334,0.6152650808640713,29,interleaved
29089,89,0,0.9386283686991899,0.3820550594551053,29,interleaved
29090,90,0,0.3451579608756231,0.5829490311999792,29,interleaved
29091,91,0,0.7330264299128805,0.41040474648211134,29,interleaved
29092,92,0,0.22150171344586095,0.45755334765989375,29,interleaved
29093,93,0,0.044184182080168666,0.5989600495650443,29,interleaved
29094,94,0,0.5379192744761925,0.36228754331680874,29,interleaved
29095,95,0,0.15600181686982237,0.47292195172852525,29,interleaved
29096,96,0,0.6477096071547246,0.34365475653967015,29,interleaved
29097,97,0,0.10150404305494634,0.45993066281287176,29,interleaved
29098,98,0,0.2880772578705443,0.4714655853795885,29,interleaved
29099,99,0,0.3760138628561683,0.3993025874304302,29,interleaved
29100,100,0,0.22500356455662962,0.35592210767185034,29,interleaved
29101,101,0,0.6658938078134271,0.5161772122421195,29,interleaved
29102,102,0,0.48617987708483046,0.4420209526143699,29,interleaved
29103,103,0,0.9563311109273179,0.32430909597854896,29,interleaved
29104,104,0,0.1718756779477082,0.481756643137542,29,interleaved
29105,105,0,0.3074288245846035,0.5059803607005529,29,interleaved
29106,106,0,0.31808746806977045,0.3844479633666641,29,interleaved
29107,107,0,0.3857002852636341,0.39605173778072156,29,interleaved
29108,108,0,0.4268721807529391,0.5088500963388649,29,interleaved
29109,109,0,0.39528238626692125,0.36510631770896496,29,interleaved
29110,110,0,0.4133154881622053,0.500637296532556,29,interleaved
29111,111,0,0.9485531913789349,0.3094132761759293,29,interleaved
29112,112,0,0.4969625931695614,0.43050914253630557,29,interleaved
29113,113,0,0.9603378494745265,0.3594305440253042,29,interleaved
29114,114,0,0.5418285029077993,0.5670397510870536,29,interleaved
29115,115,0,0.6141915390910143,0.3353040563034252,29,interleaved
29116,116,0,0.5562430734661803,0.427700921695332,29,interleaved
29117,117,0,0.20000157352983008,0.37001170977765574,29,interleaved
29118,118,0,0.39446217062904765,0.46501923688021785,29,interleaved
29119,119,0,0.8745027761591577,0.45237914428846604,29,interleaved
29120,120,0,0.5452612403688529,0.4210056933317382,29,interleaved
29121,121,0,0.8276256169878005,0.3480668918776113,29,interleaved
29122,122,0,0.5942078081315326,0.3498653204832982,29,interleaved
29123,123,0,0.7130744520372513,0.3115077715168804,29,interleaved
29124,124,0,0.233803940842085,0.46559965865379294,29,interleaved
29125,125,0,0.15660730890388558,0.43951700920493725,29,interleaved
29126,126,0,0.4163322792847327,0.39257380472066983,29,interleaved
29127,127,0,0.2058829631722105,0.43442999091471635,29,interleaved
29128,128,0,0.07161192246529668,0.6755081545747406,29,interleaved
29129,129,0,0.2962308243970013,0.4512201521226148,29,interleaved
29130,130,0,0.4170556220373917,0.6302336797389072,29,interleaved
29131,131,0,0.3390541157202565,0.6215366674317486,29,interleaved
29132,132,0,0.7257517417064021,0.6052836130088421,29,interleaved
29133,133,0,0.4697934291138732,0.4854238878917667,29,interleaved
29134,134,0,0.4248380854792939,0.4731053581987055,29,interleaved
29135,135,0,0.37603979442050117,0.41961746798273036,29,interleaved
29136,136,0,0.4744472802351445,0.5137579260418941,29,interleaved
29137,137,0,0.01888925630457923,0.5637282313144902,29,interleaved
29138,138,0,0.7142504546084523,0.36053483145702125,29,interleaved
29139,139,0,0.5078885880789632,0.35289473394673765,29,interleaved
29140,140,0,0.1732062219874449,0.6502555993969936,29,interleaved
29141,141,0,0.441406333224268,0.38536316008901306,29,interleaved
29142,142,0,0.711777543193255,0.382434507399273,29,interleaved
29143,143,0,0.17506027442720537,0.4304043927751649,29,interleaved
29144,144,0,0.7172526391607439,0.39974849101797894,29,interleaved
29145,145,0,0.7110456688007091,0.3637173321987689,29,interleaved
29146,146,0,0.9432926945442957,0.29971641316479936,29,interleaved
29147,147,0,0.6735000079334035,0.35598119162122344,29,interleaved
29148,148,0,0.9409925294836596,0.375447508139917,29,interleaved
29149,149,0,0.5910960201518672,0.5322856580313975,29,interleaved
29150,150,0,0.4915316553315036,0.35439442407798677,29,interleaved
29151,151,0,0.5090316707772976,0.3898991058329745,29,interleaved
29152,152,0,0.630175593892355,0.2834181857262412,29,interleaved
29153,153,0,0.2056789223787202,0.3496057797604989,29,interleaved
29154,154,0,0.8391749931297192,0.3485511039810668,29,interleaved
29155,155,0,0.5198950024833089,0.26928611473837594,29,interleaved
29156,156,0,0.9083288294424952,0.3347569719499226,29,interleaved
29157,157,0,0.19032121996743787,0.38757187490004896,29,interleaved
29158,158,0,0.8232983292200668,0.3454367284390788,29,interleaved
29159,159,0,0.6749155353557835,0.4758036317828982,29,interleaved
29160,160,0,0.3418095978947491,0.33332887601860645,29,interleaved
29161,161,0,0.8668600701267172,0.3179694531251638,29,interleaved
29162,162,0,0.30125449919084385,0.4159715276237127,29,interleaved
29163,163,0,0.19673731068903028,0.3786000981053289,29,interleaved
29164,164,0,0.42947905234181105,0.47768596281275466,29,interleaved
29165,165,0,0.8789324010777549,0.31441906437051637,29,interleaved
29166,166,0,0.6168485206619194,0.3861752628221729,29,interleaved
29167,167,0,0.5529562403859288,0.4653334317677147,29,interleaved
29168,168,0,0.4506221169736557,0.3516916856900411,29,interleaved
29169,169,0,0.2532088811882848,0.37690028094574934,29,interleaved
29170,170,0,0.6188008465674775,0.5113553764987661,29,interleaved
29171,171,0,0.6278794112897287,0.3844746157910512,29,interleaved
29172,172,0,0.7857080359511468,0.4379422626933202,29,interleaved
29173,173,0,0.8985017817692134,0.47160801782590667,29,interleaved
29174,174,0,0.9690063719072768,0.33727419173072914,29,interleaved
29175,175,0,0.7301847856775612,0.3238215058645717,29,interleaved
29176,176,0,0.5263277894849118,0.3646446767132645,29,interleaved
29177,177,0,0.9951393823017605,0.35406968853090803,29,interleaved
29178,178,0,0.9495368437695115,0.30258635698701913,29,interleaved
29179,179,0,0.6858823088005048,0.4142135282612631,29,interleaved
29180,180,0,0.23628508821865524,0.4151581972163345,29,interleaved
29181,181,0,0.6041142266680208,0.40177240448905555,29,interleaved
29182,182,0,0.9307245962082338,0.27905066588565,29,interleaved
29183,183,0,0.5540602149490412,0.4249219455705593,29,interleaved
29184,184,0,0.5748798890431809,0.3878788762732952,29,interleaved
29185,185,0,0.3296602101110257,0.37479950272063256,29,interleaved
29186,186,0,0.5369104377986199,0.3490017033879874,29,interleaved
29187,187,0,0.7780976125223136,0.43319434456777106,29,interleaved
29188,188,0,0.6372886941329867,0.36245080929884793,29,interleaved
29189,189,0,0.3408035990304136,0.3502144975475831,29,interleaved
29190,190,0,0.27480581015571837,0.38334440635166483,29,interleaved
29191,191,0,0.4368101655301318,0.33834227428903874,29,interleaved
29192,192,0,0.7244381532022117,0.3860492827322368,29,interleaved
29193,193,0,0.7411290466731245,0.3184037123250656,29,interleaved
29194,194,0,0.6500893182273575,0.5007515754357308,29,interleaved
29195,195,0,0.6622234703108325,0.3099718999925617,29,interleaved
29196,196,0,0.4875974337562199,0.419070401152733,29,interleaved
29197,197,0,0.30518667428447566,0.5204548522376953,29,interleaved
29198,198,0,0.5137732294043131,0.4277615633854325,29,interleaved
29199,199,0,0.16990377968309922,0.38191783355559517,29,interleaved
29200,0,0,0.6808494561801512,0.3831803455198639,29,blocked
29201,1,0,0.13609155668942907,0.6350971523130268,29,blocked
29202,2,0,0.6149576526989781,0.5712115925520121,29,blocked
29203,3,0,0.20058250634958946,0.8708379872766105,29,blocked
29204,4,0,0.667890421958357,0.4914559299693225,29,blocked
29205,5,0,0.49844440886497254,0.5002013925076292,29,blocked
29206,6,0,0.7639497082387293,0.4382516309684958,29,blocked
29207,7,0,0.44664891300688375,0.4461477579467308,29,blocked
29208,8,0,0.7282101133593789,0.6650938336361129,29,blocked
29209,9,0,0.9596524522523247,0.46278086382903594,29,blocked
29210,10,0,0.35175568201277374,0.5819865098767668,29,blocked
29211,11,0,0.5675531720174835,0.43367303214869973,29,blocked
29212,12,0,0.28427956664495024,0.5191054879434277,29,blocked
29213,13,0,0.4581527833521071,0.5371091826729394,29,blocked
29214,14,0,0.8072024384847469,0.5938608903969416,29,blocked
29215,15,0,0.45088784026820605,0.5910891884039224,29,blocked
29216,16,0,0.5589420747590429,0.40096068400877605,29,blocked
29217,17,0,0.40289248407119144,0.511486888662368,29,blocked
29218,18,0,0.5411828858707203,0.44276754986551947,29,blocked
29219,19,0,0.5382781638217528,0.5855893164739621,29,blocked
29220,20,0,0.24406143806963898,0.4599014020539901,29,blocked
29221,21,0,0.6595879799502377,0.716180076708832,29,blocked
29222,22,0,0.21087667393099024,0.7220961325827062,29,blocked
29223,23,0,0.48528983729469627,0.5062932069420055,29,blocked
29224,24,0,0.6278579058469101,0.47999494055254005,29,blocked
29225,25,0,0.5106884884192988,0.3710247752764986,29,blocked
29226,26,0,0.9822218406961173,0.5624729031906874,29,blocked
29227,27,0,0.20576776148308723,0.6076079088142455,29,blocked
29228,28,0,0.9018975832627485,0.5506340407614726,29,blocked
29229,29,0,0.6357099603244821,0.38599520695855316,29,blocked
29230,30,0,0.6663796739882876,0.38215371732776615,29,blocked
29231,31,0,0.9232297821172264,0.37633363081240157,29,blocked
29232,32,0,0.9829849087605909,0.37566212450577896,29,blocked
29233,33,0,0.2687382119306755,0.5321321373224852,29,blocked
29234,34,0,0.4936621067498755,0.5775042110362811,29,blocked
29235,35,0,0.3745679974278419,0.5386567966169158,29,blocked
29236,36,0,0.25125017096048724,0.3879723093577263,29,blocked
29237,37,0,0.7112086948198881,0.46462672823536477,29,blocked
29238,38,0,0.7583516995331041,0.49967484374596716,29,blocked
29239,39,0,0.4651965491483939,0.5110269898383406,29,blocked
29240,40,0,0.31434173256993164,0.4589688458478524,29,blocked
29241,41,0,0.3378565261608559,0.45830046457405865,29,blocked
29242,42,0,0.6801587114586862,0.4188155064228476,29,blocked
29243,43,0,0.65257400703961,0.45864773500882416,29,blocked
29244,44,0,0.07808047995186936,0.4929434390635813,29,blocked
29245,45,0,0.6429549223722101,0.4310807180234253,29,blocked
29246,46,0,0.40539105374580664,0.41774937643768495,29,blocked
29247,47,0,0.3833024398359253,0.5243476896749408,29,blocked
29248,48,0,0.4787632220591059,0.4174669044550812,29,blocked
29249,49,0,0.4756752540046279,0.43044651024879255,29,blocked
29250,50,0,0.5475425973336732,0.4477783198048073,29,blocked
29251,51,0,0.5698619294419636,0.5306075164174584,29,blocked
29252,52,0,0.4411184109344149,0.5059775281967256,29,blocked
29253,53,0,0.5244049177588439,0.5514927600765993,29,blocked
29254,54,0,0.4858641007983373,0.5468579626708547,29,blocked
29255,55,0,0.5492745078714687,0.423591299039229,29,blocked
29256,56,0,0.6613891768149516,0.44593604606374115,29,blocked
29257,57,0,0.710284776336508,0.3966630502590157,29,blocked
29258,58,0,0.5714939649336822,0.36190138372556313,29,blocked
29259,59,0,0.6078357689416657,0.3978122389719067,29,blocked
29260,60,0,0.2967596997527329,0.4820288085959285,29,blocked
29261,61,0,0.26823700895542574,0.4748342697996271,29,blocked
29262,62,0,0.5298291749764814,0.4454440882430223,29,blocked
29263,63,0,0.15854403049775434,0.45015512547699776,29,blocked
29264,64,0,0.6603513076730091,0.372296886185869,29,blocked
29265,65,0,0.457840370154805,0.47437709126603145,29,blocked
29266,66,0,0.14115700341426543,0.5785202275151047,29,blocked
29267,67,0,0.8041820291153745,0.44033882011517544,29,blocked
29268,68,0,0.5826588791274258,0.3455879487960428,29,blocked
29269,69,0,0.5337105097874015,0.462495705083099,29,blocked
29270,70,0,0.6600518892087655,0.3774836802867271,29,blocked
29271,71,0,0.4446754408117125,0.6223010495363783,29,blocked
29272,72,0,0.6070714414981488,0.4187239930417194,29,blocked
29273,73,0,0.24835935038575488,0.520216282604771,29,blocked
29274,74,0,0.5129245377632157,0.4373834429202541,29,blocked
29275,75,0,0.794666897516237,0.3681016343560283,29,blocked
29276,76,0,0.9272271635642372,0.3959016998260366,29,blocked
29277,77,0,0.2194972752686884,0.4590827651239249,29,blocked
29278,78,0,0.4765970232737145,0.43384011057384897,29,blocked
29279,79,0,0.2981116128132043,0.4610810647481518,29,blocked
29280,80,0,0.5479319974226547,0.5675284138349639,29,blocked
29281,81,0,0.4423374665730335,0.37820000234175066,29,blocked
29282,82,0,0.7221107371464329,0.5865753994519831,29,blocked
29283,83,0,0.6303894527233196,0.38206872336457065,29,blocked
29284,84,0,0.3076739349995472,0.4615897623048473,29,blocked
29285,85,0,0.5064638949351405,0.5033368235586217,29,blocked
29286,86,0,0.6840311671990343,0.4181486130733386,29,blocked
29287,87,0,0.6280295294377667,0.4568119090828934,29,blocked
29288,88,0,0.9208651606853588,0.535473402926821,29,blocked
29289,89,0,0.013969867716181165,0.4978055671742972,29,blocked
29290,90,0,0.6701346052990772,0.3765081638940518,29,blocked
29291,91,0,0.4138529828688513,0.5393735902818031,29,blocked
29292,92,0,0.4095687771137659,0.4457143948048381,29,blocked
29293,93,0,0.8253938025143812,0.3811184506048988,29,blocked
29294,94,0,0.4498377624386739,0.4351095571085887,29,blocked
29295,95,0,0.8145160287233142,0.40698268748000005,29,blocked
29296,96,0,0.8646342887572382,0.3977373018496814,29,blocked
29297,97,0,0.6399223400250449,0.3350016575580189,29,blocked
29298,98,0,0.9259122236345276,0.3792795402437398,29,blocked
29299,99,0,0.42977734942626156,0.3820868484777091,29,blocked
29300,100,0,0.7971784490215219,0.3733845733853084,29,blocked
29301,101,0,0.6515201320754966,0.5165087200280857,29,blocked
29302,102,0,0.5835067949447289,0.34265690675658445,29,blocked
29303,103,0,0.7091552961358318,0.4420027306505281,29,blocked
29304,104,0,0.7944454914987595,0.32826235908447465,29,blocked
29305,105,0,0.09743125895288735,0.5601419259237543,29,blocked
29306,106,0,0.6346637817987669,0.2836308747709122,29,blocked
29307,107,0,0.7744330245290338,0.3037062921608025,29,blocked
29308,108,0,0.3978505275065088,0.36231812873717717,29,blocked
29309,109,0,0.3831206344613111,0.6065360355953878,29,blocked
29310,110,0,0.22358741068652968,0.4172563892970063,29,blocked
29311,111,0,0.46385329613907744,0.5815782755834832,29,blocked
29312,112,0,0.5109514629347435,0.40214501770234534,29,blocked
29313,113,0,0.6209499955826925,0.3510580221346169,29,blocked
29314,114,0,0.2881670504349483,0.4191096158444676,29,blocked
29315,115,0,0.9202919066815218,0.3449313694836786,29,blocked
29316,116,0,0.49517568542945356,0.3528555664018663,29,blocked
29317,117,0,0.8727377858651888,0.39702729464807984,29,blocked
29318,118,0,0.7559004319218314,0.3363728168799983,29,blocked
29319,119,0,0.7135507414822917,0.2710999765618748,29,blocked
29320,120,0,0.09221657566620674,0.3914531729099559,29,blocked
29321,121,0,0.15959394565311158,0.3823425351899452,29,blocked
29322,122,0,0.3113913360652278,0.45370610393445154,29,blocked
29323,123,0,0.29053079724682773,0.4271615186485816,29,blocked
29324,124,0,0.7439121226109264,0.3417846617370307,29,blocked
29325,125,0,0.48452392928893157,0.45723168102232115,29,blocked
29326,126,0,0.47551296339344334,0.4248387757492438,29,blocked
29327,127,0,0.829841180011502,0.3259123867267666,29,blocked
29328,128,0,0.7598479254096939,0.2779472587266937,29,blocked
29329,129,0,0.41814158847294125,0.3806682555345827,29,blocked
29330,130,0,0.7971514906483714,0.36459019526978687,29,blocked
29331,131,0,0.06713825164525974,0.5250315668509984,29,blocked
29332,132,0,0.47794417769302144,0.379334457317527,29,blocked
29333,133,0,0.43264238835447943,0.37949445729084663,29,blocked
29334,134,0,0.4757165578491451,0.39307868279196095,29,blocked
29335,135,0,0.5907974616197373,0.3646812715944527,29,blocked
29336,136,0,0.4469067825301238,0.39895508477234143,29,blocked
29337,137,0,0.49678149010984657,0.35664591545017993,29,blocked
29338,138,0,0.41282161157333586,0.2975621991924735,29,blocked
29339,139,0,0.6046373571479282,0.32602096239195694,29,blocked
29340,140,0,0.2964626155216362,0.4491673052428985,29,blocked
29341,141,0,0.37692866058160224,0.5463285016716427,29,blocked
29342,142,0,0.4341606416064459,0.4092898663782292,29,blocked
29343,143,0,0.5935768978048288,0.4051274534433492,29,blocked
29344,144,0,0.6129316442715723,0.472607586122217,29,blocked
29345,145,0,0.26524247540650137,0.4267288274971293,29,blocked
29346,146,0,0.5035083036861228,0.3819642389032733,29,blocked
29347,147,0,0.5821276193944217,0.3414354664894478,29,blocked
29348,148,0,0.4151933536612724,0.3276613253172075,29,blocked
29349,149,0,0.46335023095649086,0.3610440515568051,29,blocked
29350,150,0,0.6449020164297286,0.3787762447655233,29,blocked
29351,151,0,0.16426791677661695,0.4326718873981172,29,blocked
29352,152,0,0.4999219731039284,0.3315084018224337,29,blocked
29353,153,0,0.6344202639409409,0.32690687257868106,29,blocked
29354,154,0,0.5659742560083941,0.2665190683691435,29,blocked
29355,155,0,0.428434083877539,0.46396046119946577,29,blocked
29356,156,0,0.8490683121745484,0.41143485748105574,29,blocked
29357,157,0,0.5928115560238116,0.3106218126174032,29,blocked
29358,158,0,0.6467937352315243,0.3237397575852149,29,blocked
29359,159,0,0.8456095397211385,0.34039504297144263,29,blocked
29360,160,0,0.9209323761216304,0.3042592912505476,29,blocked
29361,161,0,0.20168047383382257,0.40075982434665275,29,blocked
29362,162,0,0.25545195630896234,0.3389302358811001,29,blocked
29363,163,0,0.455320054092628,0.3891486329285926,29,blocked
29364,164,0,0.633747630849263,0.3897542209649557,29,blocked
29365,165,0,0.3416563522942615,0.44601767232357414,29,blocked
29366,166,0,0.6756267720387265,0.4342885935229909,29,blocked
29367,167,0,0.7415579076796825,0.2928527825427697,29,blocked
29368,168,0,0.4485374719203825,0.41740680778754935,29,blocked
29369,169,0,0.649257301611362,0.3117700526754802,29,blocked
29370,170,0,0.4808274399061304,0.3144873489246565,29,blocked
29371,171,0,0.6788046272046089,0.3718082188636824,29,blocked
29372,172,0,0.5747138951468271,0.34501939281036487,29,blocked
29373,173,0,0.48099832985657165,0.4428608465737292,29,blocked
29374,174,0,0.6709608255233546,0.4144638429715063,29,blocked
29375,175,0,0.10604247916865267,0.6461964292316202,29,blocked
29376,176,0,0.3706079694385912,0.2575255542183697,29,blocked
29377,177,0,0.62258235284239,0.47835872346416275,29,blocked
29378,178,0,0.7096995494399023,0.3942963322991038,29,blocked
29379,179,0,0.518369053358385,0.3501426646656362,29,blocked
29380,180,0,0.5631700530986568,0.30163023685516394,29,blocked
29381,181,0,0.671328460421551,0.3834154273091519,29,blocked
29382,182,0,0.6057735942623865,0.43116796275910885,29,blocked
29383,183,0,0.6433378777752367,0.28631700757710754,29,blocked
29384,184,0,0.9553130533970522,0.29268034583480684,29,blocked
29385,185,0,0.22535108156909556,0.4754081624091768,29,blocked
29386,186,0,0.6216014329293887,0.4952667157262637,29,blocked
29387,187,0,0.4380021807717625,0.3547788761859483,29,blocked
29388,188,0,0.6280065882086321,0.25491062030697376,29,blocked
29389,189,0,0.5856594664919218,0.48143891409093265,29,blocked
29390,190,0,0.6146508301616218,0.3332485032302797,29,blocked
29391,191,0,0.29199784151327984,0.45493879889110245,29,blocked
29392,192,0,0.4993825616844628,0.3945575736604203,29,blocked
29393,193,0,0.587490614189922,0.2489623056125452,29,blocked
29394,194,0,0.4345049598084946,0.4242660296589855,29,blocked
29395,195,0,0.5804843294513575,0.3384382398126352,29,blocked
29396,196,0,0.16477578107628976,0.5497580585075322,29,blocked
29397,197,0,0.3434681299409026,0.3789458475394768,29,blocked
29398,198,0,0.15444329517303573,0.3217319925557818,29,blocked
29399,199,0,0.5239894067354347,0.42705924319493066,29,blocked
29400,0,0,0.29833272068493505,0.6408412356682978,29,early
29401,1,0,0.6413709442356545,0.5940646491427803,29,early
29402,2,0,0.4998207070119066,0.504551491929123,29,early
29403,3,0,0.5384993798271689,0.4820179078592395,29,early
29404,4,0,0.3589806918763522,0.44529873455720537,29,early
29405,5,0,0.5889676307204391,0.491878506363462,29,early
29406,6,0,0.6697299513738326,0.4962410340913863,29,early
29407,7,0,0.5939943121595664,0.532552849467608,29,early
29408,8,0,0.6089276902453914,0.6554685598242265,29,early
29409,9,0,0.24597964963474656,0.5312755406791594,29,early
29410,10,0,0.7173835988604961,0.4269338373111287,29,early
29411,11,0,0.6974226345391024,0.7497123385685827,29,early
29412,12,0,0.7126217708130977,0.46482705897860266,29,early
29413,13,0,0.1634671334569771,0.5439264736711007,29,early
29414,14,0,0.5697178610011161,0.5302748882560254,29,early
29415,15,0,0.32999543354416583,0.5413744201367939,29,early
29416,16,0,0.7113565542538581,0.3600731093351772,29,early
29417,17,0,0.7645208021827159,0.37750099756328326,29,early
29418,18,0,0.5454612479215217,0.4609689119581507,29,early
29419,19,0,0.771555899578466,0.6874564618458681,29,early
29420,20,0,0.9426101175876016,0.37387660972846837,29,early
29421,21,0,0.8572469860004301,0.6296367822491508,29,early
29422,22,0,0.9750872010011005,0.5245786177902725,29,early
29423,23,0,0.9590185874059531,0.3631948698554922,29,early
29424,24,0,0.08540885503480031,0.5035769181415474,29,early
29425,25,0,0.9650755119590066,0.4451277963549024,29,early
29426,26,0,0.8603589386279477,0.4179206748175649,29,early
29427,27,0,0.8503231164274789,0.5064639308271107,29,early
29428,28,0,0.3471119267666115,0.6038038736882239,29,early
29429,29,0,0.743259960539137,0.4128173410349783,29,early
29430,30,0,0.3423725795452702,0.4109201913235875,29,early
29431,31,0,0.8842671670776963,0.5857913662626801,29,early
29432,32,0,0.7747114553820363,0.4797214637241358,29,early
29433,33,0,0.3736306887336821,0.4921816901810312,29,early
29434,34,0,0.3776158462980509,0.6102224715767185,29,early
29435,35,0,0.8446455040366048,0.4042818686886578,29,early
29436,36,0,0.8825263949673638,0.45574064335484954,29,early
29437,37,0,0.5821246172521712,0.5609865741589606,29,early
29438,38,0,0.7910247156960609,0.33987132154208854,29,early
29439,39,0,0.8186255694845508,0.46624339404649073,29,early
29440,40,0,0.18786559386032814,0.6568526337381262,29,early
29441,41,0,0.13738779631339582,0.3736572115697645,29,early
29442,42,0,0.1709876647107348,0.3876786224543609,29,early
29443,43,0,0.2706084083560004,0.5378152104339405,29,early
29444,44,0,0.19057160764537875,0.670380905517802,29,early
29445,45,0,0.525410145518235,0.639310757468067,29,early
29446,46,0,0.18824872823910155,0.5694263734969578,29,early
29447,47,0,0.7896140130068104,0.6577101338242279,29,early
29448,48,0,0.945706955699152,0.41475893858124474,29,early
29449,49,0,0.673935181906597,0.5446707485710677,29,early
29450,50,0,0.846215512870852,0.4294005210048514,29,early
29451,51,0,0.46465524318877016,0.6622686027704698,29,early
29452,52,0,0.2223845728169446,0.5100597026071052,29,early
29453,53,0,0.3421523999038454,0.4867658975178758,29,early
29454,54,0,0.3555946619937267,0.41365263091509497,29,early
29455,55,0,0.7866919351430217,0.534936232474475,29,early
29456,56,0,0.893737298784154,0.6140480649430996,29,early
29457,57,0,0.12395599171312613,0.5081042984409915,29,early
29458,58,0,0.32644854414462543,0.5816340783121462,29,early
29459,59,0,0.11794110733782935,0.7526921783608345,29,early
29460,60,0,0.4745488794469218,0.45735149867087177,29,early
29461,61,0,0.3219920110787019,0.4941752679100704,29,early
29462,62,0,0.43252118057474964,0.4445458861118955,29,early
29463,63,0,0.25861447983627295,0.48510407535084565,29,early
29464,64,0,0.37893989239606957,0.42349565846908155,29,early
29465,65,0,0.5594860362170742,0.4403493615561387,29,early
29466,66,0,0.7027724219032196,0.5852501857755094,29,early
29467,67,0,0.3516539905865487,0.6172836303351438,29,early
29468,68,0,0.3766137789653199,0.42307134886250575,29,early
29469,69,0,0.43301772245141346,0.5198509172286827,29,early
29470,70,0,0.7201485413189324,0.39545306410098535,29,early
29471,71,0,0.862179584536479,0.43909149013425847,29,early
29472,72,0,0.5094983823137714,0.46966344737286403,29,early
29473,73,0,0.6149922639868077,0.5514805567468378,29,early
29474,74,0,0.8165930731349134,0.46145270512093356,29,early
29475,75,0,0.21656815559488857,0.45047117466739023,29,early
29476,76,0,0.7831703691838572,0.3931832528091854,29,early
29477,77,0,0.8252350464572216,0.3764226706022292,29,early
29478,78,0,0.7784924496756949,0.4665208779773127,29,early
29479,79,0,0.0524709017656685,0.4781793929656401,29,early
29480,80,0,0.3666605501292762,0.4566837601852849,29,early
29481,81,0,0.4782169292515439,0.5515386884458767,29,early
29482,82,0,0.17532244561064064,0.4757501365818957,29,early
29483,83,0,0.59470944694793,0.37730869365609576,29,early
29484,84,0,0.5658054126796557,0.4095913678850885,29,early
29485,85,0,0.5796991189433187,0.4428342189002643,29,early
29486,86,0,0.37501497565368497,0.37291008908638623,29,early
29487,87,0,0.9748907978157504,0.3872310960770309,29,early
29488,88,0,0.5743570840518919,0.4932843059917415,29,early
29489,89,0,0.16214792643973647,0.43437002762864885,29,early
29490,90,0,0.4709271117541242,0.36138333951277135,29,early
29491,91,0,0.9035092745233223,0.39499132864713504,29,early
29492,92,0,0.4678755371214408,0.5493421762388694,29,early
29493,93,0,0.5641854492762867,0.38821188341997104,29,early
29494,94,0,0.7641707093285826,0.44629619700457646,29,early
29495,95,0,0.8407837692275983,0.5062390019493357,29,early
29496,96,0,0.3608322166024353,0.4503445808913487,29,early
29497,97,0,0.5339832005281062,0.396037089006099,29,early
29498,98,0,0.5473703049127407,0.4747824352005282,29,early
29499,99,0,0.3647634190763699,0.4628514530615461,29,early
29500,100,0,0.23298238205233532,0.4823420826361968,29,early
29501,101,0,0.49817431613260954,0.4372887556335217,29,early
29502,102,0,0.8050268409692427,0.5880493345284097,29,early
29503,103,0,0.5128402734673986,0.3719517060418596,29,early
29504,104,0,0.8493808888784937,0.39827218561593725,29,early
29505,105,0,0.6675027286259536,0.5484452678813477,29,early
29506,106,0,0.18970765317513916,0.5666794529179506,29,early
29507,107,0,0.7242436652628826,0.5230837320239723,29,early
29508,108,0,0.41208179455393606,0.5339808272529221,29,early
29509,109,0,0.2198415708373634,0.448041011239658,29,early
29510,110,0,0.5435751118243365,0.404121594771481,29,early
29511,111,0,0.08888774352847262,0.36795947965856834,29,early
29512,112,0,0.27868202574247697,0.4538462246020173,29,early
29513,113,0,0.2625530396386508,0.5121918317189131,29,early
29514,114,0,0.4262029932315771,0.3950774967319638,29,early
29515,115,0,0.7088119002430272,0.3272676471858908,29,early
29516,116,0,0.4979610066450625,0.38224125202134906,29,early
29517,117,0,0.8755232074816007,0.38887862504955223,29,early
29518,118,0,0.22736900000852361,0.5228440015302822,29,early
29519,119,0,0.23715847441573396,0.5141068591385634,29,early
29520,120,0,0.4369388079799308,0.4600545792699591,29,early
29521,121,0,0.26956921713709575,0.4605946632738736,29,early
29522,122,0,0.13644474245884644,0.4407567511583841,29,early
29523,123,0,0.7986995172829465,0.3949077565279048,29,early
29524,124,0,0.5154527494101511,0.4289765243981227,29,early
29525,125,0,0.4201531717762379,0.4656459188139662,29,early
29526,126,0,0.6515722155398183,0.344074314681484,29,early
29527,127,0,0.5916634144407819,0.47516131036632736,29,early
29528,128,0,0.14171377915203967,0.450910159812022,29,early
29529,129,0,0.9279192853085411,0.3494546693103644,29,early
29530,130,0,0.4868791004294666,0.3870532779399217,29,early
29531,131,0,0.6184269669699491,0.3888446552791702,29,early
29532,132,0,0.44207346178670437,0.43907384950408335,29,early
29533,133,0,0.8778040618846762,0.3827880672408835,29,early
29534,134,0,0.4127040377331358,0.48906411523130455,29,early
29535,135,0,0.5229643119600526,0.46871603279848784,29,early
29536,136,0,0.6745662905671197,0.33857507495256545,29,early
29537,137,0,0.8816484385173657,0.3644470814461948,29,early
29538,138,0,0.24213462334260075,0.4797349672056326,29,early
29539,139,0,0.9734151820431458,0.3261050423466764,29,early
29540,140,0,0.37758587916216785,0.3607132397394627,29,early
29541,141,0,0.907971673916798,0.2956022916665718,29,early
29542,142,0,0.4895300196582005,0.373229018191199,29,early
29543,143,0,0.40490143667336,0.5017488014972664,29,early
29544,144,0,0.4172516555359369,0.3243871350329639,29,early
29545,145,0,0.9575808584215771,0.33150422856669426,29,early
29546,146,0,0.4629581287511715,0.4024479111696113,29,early
29547,147,0,0.9708139959960698,0.2746998661973091,29,early
29548,148,0,0.43563351299104014,0.43788334544475144,29,early
29549,149,0,0.8083050634383298,0.32608520771862237,29,early
29550,150,0,0.42013151356541073,0.5741310784425846,29,early
29551,151,0,0.9441141177990677,0.38758960884153826,29,early
29552,152,0,0.5170144354834131,0.4392678296049113,29,early
29553,153,0,0.9315207455183381,0.26786774038259986,29,early
29554,154,0,0.4161954556226601,0.46428668537196516,29,early
29555,155,0,0.13801457391023753,0.5876594257252832,29,early
29556,156,0,0.5213872477855235,0.35601128877810695,29,early
29557,157,0,0.5892243211990279,0.4978253272419274,29,early
29558,158,0,0.49987044466716923,0.5464995189196036,29,early
29559,159,0,0.0458583545217269,0.4096154590804145,29,early
29560,160,0,0.47251236029695,0.35683708960583693,29,early
29561,161,0,0.7875037858485721,0.3548376219783437,29,early
29562,162,0,0.5969146978291802,0.3773191932721027,29,early
29563,163,0,0.31462996750555533,0.5779719687141084,29,early
29564,164,0,0.6300085899159115,0.39801080849073045,29,early
29565,165,0,0.34994686951641585,0.5856340443366703,29,early
29566,166,0,0.38703944017347147,0.36621846497406996,29,early
29567,167,0,0.6376510329033594,0.44941505284185157,29,early
29568,168,0,0.5091126065402394,0.3436877863608514,29,early
29569,169,0,0.8025699128338052,0.4791633882100129,29,early
29570,170,0,0.5113345009432434,0.39028166375276124,29,early
29571,171,0,0.5003999194718304,0.4436057994375905,29,early
29572,172,0,0.8997175335486642,0.3363105900007639,29,early
29573,173,0,0.3250361641666216,0.3606019978395557,29,early
29574,174,0,0.6206642193026619,0.5656710223992039,29,early
29575,175,0,0.8972594770862438,0.5196504421390711,29,early
29576,176,0,0.5265023280517563,0.32649048761247235,29,early
29577,177,0,0.38205425948524463,0.409503076487276,29,early
29578,178,0,0.39984095959472915,0.41998605174757453,29,early
29579,179,0,0.5536201645704185,0.39342974984513474,29,early
29580,180,0,0.8452171815444999,0.43059958812666665,29,early
29581,181,0,0.2252245889126365,0.4231531641642202,29,early
29582,182,0,0.6979897330859166,0.3155185597558984,29,early
29583,183,0,0.4541051994695798,0.44807866292984366,29,early
29584,184,0,0.5923303436835067,0.4632984976404836,29,early
29585,185,0,0.8485641571745801,0.29460025966995484,29,early
29586,186,0,0.42620985299320097,0.5762300283574346,29,early
29587,187,0,0.31518787207355076,0.45995201465245716,29,early
29588,188,0,0.8318973172219957,0.3375735824967362,29,early
29589,189,0,0.6448541506025843,0.5323171658858856,29,early
29590,190,0,0.19811547990467382,0.3901024310747816,29,early
29591,191,0,0.669594728401593,0.39337393125537756,29,early
29592,192,0,0.8512603421222855,0.4094058556748347,29,early
29593,193,0,0.8955343121584416,0.49195034200639953,29,early
29594,194,0,0.3586014295736937,0.33026916596969014,29,early
29595,195,0,0.35086567543296526,0.3521374329350882,29,early
29596,196,0,0.5788722285959325,0.31122340135682364,29,early
29597,197,0,0.4972550797731371,0.42771590797668235,29,early
29598,198,0,0.5917402971590274,0.32251300176595055,29,early
29599,199,0,0.9546638982521799,0.3799722889172046,29,early
29600,0,0,0.12807864556230936,0.7041033947352597,29,middle
29601,1,0,0.7856621937293241,0.49220788643991475,29,middle
29602,2,0,0.7189576136007174,0.5707797604148453,29,middle
29603,3,0,0.29525420738253794,0.5083939678747865,29,middle
29604,4,0,0.8609850961604926,0.590666614589183,29,middle
29605,5,0,0.6748945284180432,0.5502034584741233,29,middle
29606,6,0,0.5169508961912355,0.514704679808148,29,middle
29607,7,0,0.806009066920977,0.4723476470675123,29,middle
29608,8,0,0.38561993245630427,0.7406718697549397,29,middle
29609,9,0,0.23022969159993417,0.5544096414111118,29,middle
29610,10,0,0.6445362168648354,0.3974837876163607,29,middle
29611,11,0,0.7997541440254712,0.4738648013776914,29,middle
29612,12,0,0.18990081548834514,0.5767182202476707,29,middle
29613,13,0,0.8187428824928631,0.43921043227331036,29,middle
29614,14,0,0.8462808047869028,0.4974919540974984,29,middle
29615,15,0,0.4006976143600631,0.6106337351222207,29,middle
29616,16,0,0.7288449169793315,0.3042074106901449,29,middle
29617,17,0,0.7574768840773665,0.4172927175124086,29,middle
29618,18,0,0.5774266799065865,0.3465391972093179,29,middle
29619,19,0,0.2606440453978873,0.44786927966814116,29,middle
29620,20,0,0.3577382826025517,0.4300105191898889,29,middle
29621,21,0,0.5633454313882233,0.36786134557673444,29,middle
29622,22,0,0.15762837643154073,0.6192713098612397,29,middle
29623,23,0,0.5171011969299404,0.47434270360184116,29,middle
29624,24,0,0.34150500342034296,0.40421639073374316,29,middle
29625,25,0,0.5317971115675014,0.44588572583873154,29,middle
29626,26,0,0.6114713458682226,0.465956083673835,29,middle
29627,27,0,0.4947892391731584,0.5929701005394804,29,middle
29628,28,0,0.8554203694130478,0.47560557503277473,29,middle
29629,29,0,0.42068357955846936,0.5007679712497569,29,middle
29630,30,0,0.6772147236183025,0.4917501411366132,29,middle
29631,31,0,0.5186140517913747,0.4135374336448846,29,middle
29632,32,0,0.6732836169159185,0.35732488392302314,29,middle
29633,33,0,0.6648076680939585,0.46769342867729635,29,middle
29634,34,0,0.3271989073461472,0.4685424806970282,29,middle
29635,35,0,0.33976889447202524,0.6321993741987901,29,middle
29636,36,0,0.8770037153125854,0.37982049808110024,29,middle
29637,37,0,0.6700529206805459,0.5322206141303772,29,middle
29638,38,0,0.44794264655678345,0.7350442348452972,29,middle
29639,39,0,0.6545451939844218,0.4945556509655134,29,middle
29640,40,0,0.40862226611321173,0.704436109794427,29,middle
29641,41,0,0.31790631634926503,0.46173895315611435,29,middle
29642,42,0,0.5713045141102431,0.3735988851083978,29,middle
29643,43,0,0.6646117444296,0.5638277512275855,29,middle
29644,44,0,0.8298690995442579,0.38888795900170875,29,middle
29645,45,0,0.823829588845162,0.5042571611529871,29,middle
29646,46,0,0.9144089132377675,0.3538165419245177,29,middle
29647,47,0,0.9661311773584559,0.45881638677884523,29,middle
29648,48,0,0.030414617421645012,0.691006832509715,29,middle
29649,49,0,0.7850213503993886,0.45084779077967113,29,middle
29650,50,0,0.38387296042054975,0.5764180681520759,29,middle
29651,51,0,0.8648072017184912,0.3853549026655039,29,middle
29652,52,0,0.3713635799711597,0.48859552693711117,29,middle
29653,53,0,0.44164948324031766,0.43143539197903724,29,middle
29654,54,0,0.5711088072880475,0.4906908034263697,29,middle
29655,55,0,0.62061572785364,0.4325589494113498,29,middle
29656,56,0,0.9008982400020429,0.45756942986184523,29,middle
29657,57,0,0.06378240698632923,0.5976306679081558,29,middle
29658,58,0,0.8704600213359609,0.42085101261279023,29,middle
29659,59,0,0.10856652084080963,0.4044215908402094,29,middle
29660,60,0,0.42884256455288217,0.5562266364626347,29,middle
29661,61,0,0.5386803186513718,0.3487695251410392,29,middle
29662,62,0,0.6872583485018458,0.5248496380094637,29,middle
29663,63,0,0.7605065129306807,0.2828961862658629,29,middle
29664,64,0,0.383641491232126,0.559540782560499,29,middle
29665,65,0,0.09801644279391106,0.8862889778658478,29,middle
29666,66,0,0.5439400858083948,0.45293222777435427,29,middle
29667,67,0,0.7189637103014482,0.5822771742666583,29,middle
29668,68,0,0.267623895426298,0.5042760939977392,29,middle
29669,69,0,0.16111649362211072,0.5987324306494819,29,middle
29670,70,0,0.23397269629540368,0.45777908116363564,29,middle
29671,71,0,0.6574506047085291,0.4422465645722473,29,middle
29672,72,0,0.5621021397568925,0.493758659155913,29,middle
29673,73,0,0.882560334891473,0.4596604112442625,29,middle
29674,74,0,0.6904834871937905,0.2976439778377081,29,middle
29675,75,0,0.9057580956225594,0.4187468259049928,29,middle
29676,76,0,0.6579799409983623,0.42358252322902357,29,middle
29677,77,0,0.9807576557353422,0.37672728491436963,29,middle
29678,78,0,0.1179626704577999,0.5123108053358878,29,middle
29679,79,0,0.9609206639937515,0.327046185209091,29,middle
29680,80,0,0.060208869429972056,0.5478966731247188,29,middle
29681,81,0,0.23719173510614378,0.597615365802602,29,middle
29682,82,0,0.21916302100694063,0.5673650026753799,29,middle
29683,83,0,0.31181499327475554,0.4354676097510356,29,middle
29684,84,0,0.37469169507649863,0.385247329794392,29,middle
29685,85,0,0.4016705177104682,0.5337371061725065,29,middle
29686,86,0,0.5643097528433069,0.4677599822182082,29,middle
29687,87,0,0.46871705695761917,0.42330287544790024,29,middle
29688,88,0,0.6631353735581393,0.36306744141505987,29,middle
29689,89,0,0.18415121662974404,0.6102736625547924,29,middle
29690,90,0,0.4369859653279305,0.44803537753157247,29,middle
29691,91,0,0.4941216360631172,0.4210169519801982,29,middle
29692,92,0,0.4853314555875583,0.42834977518309914,29,middle
29693,93,0,0.43815566258117855,0.6416198590409758,29,middle
29694,94,0,0.7383284019654504,0.36894956429107284,29,middle
29695,95,0,0.8062132587688258,0.33620096847189507,29,middle
29696,96,0,0.7415324347775826,0.41250176220926144,29,middle
29697,97,0,0.6031940630367294,0.46419447547663306,29,middle
29698,98,0,0.7498533028619927,0.433315261293282,29,middle
29699,99,0,0.04813530018091181,0.33387955862238394,29,middle
29700,100,0,0.8410738150372821,0.4070624362905034,29,middle
29701,101,0,0.7950794193949527,0.35352729522456905,29,middle
29702,102,0,0.7737327037585422,0.28361739305764194,29,middle
29703,103,0,0.7198746522365778,0.41785598004696,29,middle
29704,104,0,0.0414553501061518,0.5146227343006464,29,middle
29705,105,0,0.5587389365564102,0.40722864626074395,29,middle
29706,106,0,0.6720999462794408,0.5276288927692501,29,middle
29707,107,0,0.8531379096118149,0.3926692665535927,29,middle
29708,108,0,0.04791150504015108,0.4941084962395334,29,middle
29709,109,0,0.700117045016534,0.4183849721470283,29,middle
29710,110,0,0.6594492474492191,0.2996760882328986,29,middle
29711,111,0,0.4404692630808847,0.47034106318584623,29,middle
29712,112,0,0.6772774731496809,0.42631486974584654,29,middle
29713,113,0,0.8706919134325272,0.5330163163149921,29,middle
29714,114,0,0.9877378465236387,0.32205094055769007,29,middle
29715,115,0,0.9249763392118692,0.4833630402230471,29,middle
29716,116,0,0.0891732700923938,0.6209373154165247,29,middle
29717,117,0,0.16138229005646726,0.5827309900392441,29,middle
29718,118,0,0.7432213607989759,0.3925008299065157,29,middle
29719,119,0,0.938340590934976,0.3159858474677073,29,middle
29720,120,0,0.5444995136827565,0.40047020146713364,29,middle
29721,121,0,0.9579168558701585,0.35010345732839826,29,middle
29722,122,0,0.7557715547358254,0.5278258473630866,29,middle
29723,123,0,0.9327390122097132,0.4743943835995739,29,middle
29724,124,0,0.8352103552502683,0.4169346335902922,29,middle
29725,125,0,0.589156877846653,0.5601048565090448,29,middle
29726,126,0,0.42715568361437506,0.4685729017057316,29,middle
29727,127,0,0.5020272745571671,0.4158313438068958,29,middle
29728,128,0,0.038804822617583376,0.6268351147191733,29,middle
29729,129,0,0.6994329597227479,0.3649233501559075,29,middle
29730,130,0,0.8862420884664098,0.4500269592078858,29,middle
29731,131,0,0.6893487282413944,0.4690347974110266,29,middle
29732,132,0,0.3869216059149754,0.5134335853170512,29,middle
29733,133,0,0.45787023976442753,0.34855817783715437,29,middle
29734,134,0,0.58934700957862,0.30463585763998535,29,middle
29735,135,0,0.7465093917636482,0.34848917680704006,29,middle
29736,136,0,0.21185092538247827,0.4679139659821293,29,middle
29737,137,0,0.08855991201068732,0.4505163401549477,29,middle
29738,138,0,0.5125473562233738,0.37718710035654923,29,middle
29739,139,0,0.39869177188515936,0.3357386784216624,29,middle
29740,140,0,0.4304275394425459,0.38109041287379675,29,middle
29741,141,0,0.5693599722654625,0.29979387353421677,29,middle
29742,142,0,0.36130454299049064,0.2967704608014135,29,middle
29743,143,0,0.19245754297179885,0.30380268488025663,29,middle
29744,144,0,0.6843605382219337,0.3735297570676828,29,middle
29745,145,0,0.5165958775642225,0.3582966981380441,29,middle
29746,146,0,0.4825100842753185,0.3994440714159462,29,middle
29747,147,0,0.5802416914701403,0.36409085952576725,29,middle
29748,148,0,0.4578500707958305,0.3864868642505003,29,middle
29749,149,0,0.7745205416523453,0.3892635687767835,29,middle
29750,150,0,0.14376063389917096,0.4870469825801452,29,middle
29751,151,0,0.5552197907371441,0.36982952340364894,29,middle
29752,152,0,0.4909710200127627,0.39941007826745123,29,middle
29753,153,0,0.8233091571448061,0.39011785505153773,29,middle
29754,154,0,0.3051125784374433,0.493650438856124,29,middle
29755,155,0,0.4271261890969972,0.3845895039521795,29,middle
29756,156,0,0.5318250796184282,0.4298726790272675,29,middle
29757,157,0,0.37650974559148237,0.5209890926385966,29,middle
29758,158,0,0.58540792331551,0.39503507597449217,29,middle
29759,159,0,0.7726308794433414,0.34336604675276283,29,middle
29760,160,0,0.972201565042822,0.37746412560290493,29,middle
29761,161,0,0.2504570080272538,0.3888322417703597,29,middle
29762,162,0,0.556214348412083,0.40751591884665395,29,middle
29763,163,0,0.4906434377047465,0.37291600622388854,29,middle
29764,164,0,0.7673065560491553,0.37136926942404275,29,middle
29765,165,0,0.569254552701016,0.42718100793224767,29,middle
29766,166,0,0.5844149951049041,0.36733260832288905,29,middle
29767,167,0,0.508234904328055,0.2627995095855957,29,middle
29768,168,0,0.7314128950686434,0.27910458213355116,29,middle
29769,169,0,0.2576440352366825,0.44312474352416725,29,middle
29770,170,0,0.36774120155346113,0.44809539751033856,29,middle
29771,171,0,0.1610095896150776,0.33765294039462357,29,middle
29772,172,0,0.6793259380697505,0.31694787562564763,29,middle
29773,173,0,0.9169590489777137,0.4049232577788441,29,middle
29774,174,0,0.22168317710952362,0.40324728962808604,29,middle
29775,175,0,0.5225886806176319,0.3999522871368823,29,middle
29776,176,0,0.8662477168489378,0.5078917736361462,29,middle
29777,177,0,0.7335925998011972,0.34261594232569736,29,middle
29778,178,0,0.6022449238150226,0.39931651970158843,29,middle
29779,179,0,0.16345917162773482,0.4711726167622998,29,middle
29780,180,0,0.4101213330812134,0.36732050133901273,29,middle
29781,181,0,0.1985229313709945,0.5500410053317679,29,middle
29782,182,0,0.41711719895531946,0.24122792298594214,29,middle
29783,183,0,0.5157937418554988,0.34342889188160375,29,middle
29784,184,0,0.23675255440416354,0.3574425284564108,29,middle
29785,185,0,0.6146917233999394,0.39638320137755934,29,middle
29786,186,0,0.2815989293392112,0.4040798901806714,29,middle
29787,187,0,0.4708543364337125,0.3387851392097371,29,middle
29788,188,0,0.43867845301888,0.44954501386304546,29,middle
29789,189,0,0.45548824305234986,0.48305252952048755,29,middle
29790,190,0,0.5790167831952775,0.33993118573842557,29,middle
29791,191,0,0.4070916888961851,0.5457557119233314,29,middle
29792,192,0,0.36299159581093743,0.44563187456946196,29,middle
29793,193,0,0.5034053249745302,0.3466300531995497,29,middle
29794,194,0,0.5782901434886347,0.36914350481307895,29,middle
29795,195,0,0.3523993541926753,0.39016546719988277,29,middle
29796,196,0,0.5878007596391541,0.30966079197790947,29,middle
29797,197,0,0.7808663727102034,0.38220913533957235,29,middle
29798,198,0,0.14466026662006828,0.5885711078865923,29,middle
29799,199,0,0.5773173210473719,0.37880915706129115,29,middle
29800,0,0,0.363999014745845,0.766489048472526,29,late
29801,1,0,0.19356642368934004,0.7413428107732258,29,late
29802,2,0,0.44299970002724715,0.5757588159327017,29,late
29803,3,0,0.6244264037601047,0.5389042718328844,29,late
29804,4,0,0.3319158056590525,0.39942902743289405,29,late
29805,5,0,0.7716789021335432,0.44789104991427775,29,late
29806,6,0,0.2544774036538193,0.5343579050249976,29,late
29807,7,0,0.29599245965834603,0.4794343430369863,29,late
29808,8,0,0.6193113967204951,0.4145216042623098,29,late
29809,9,0,0.1799341159452736,0.49285441719427925,29,late
29810,10,0,0.4280566318211878,0.5846424701420073,29,late
29811,11,0,0.5900198321804462,0.4763122149821894,29,late
29812,12,0,0.37985536584172463,0.4208656637086139,29,late
29813,13,0,0.8182927224606856,0.5033263205023923,29,late
29814,14,0,0.9169089205292404,0.4092511846990696,29,late
29815,15,0,0.5146695316601617,0.4733043929937451,29,late
29816,16,0,0.3318861698431828,0.5174590865155071,29,late
29817,17,0,0.42426269206541223,0.7131466466496301,29,late
29818,18,0,0.4023267866127799,0.41524536885314184,29,late
29819,19,0,0.7322531679959676,0.49876163100685467,29,late
29820,20,0,0.5545644317272885,0.5124670067095882,29,late
29821,21,0,0.5933089597887486,0.3582639302507156,29,late
29822,22,0,0.636641705498062,0.43572589080894675,29,late
29823,23,0,0.7443295185232169,0.4033960046538059,29,late
29824,24,0,0.7682932028191394,0.46343242687549935,29,late
29825,25,0,0.12683215373081683,0.8198627208897051,29,late
29826,26,0,0.7682003422894015,0.47858445605302247,29,late
29827,27,0,0.5206782451694483,0.41198899226225094,29,late
29828,28,0,0.27405065017781527,0.5480454274076383,29,late
29829,29,0,0.3674081373958724,0.45689183462447236,29,late
29830,30,0,0.15794018257337405,0.5162508849757431,29,late
29831,31,0,0.40482944851377767,0.48087148325450463,29,late
29832,32,0,0.24054054925301252,0.3108255513937078,29,late
29833,33,0,0.3988178685726591,0.547792093953381,29,late
29834,34,0,0.15752297576223212,0.7257343863250258,29,late
29835,35,0,0.46820552418649575,0.4942735921395258,29,late
29836,36,0,0.28134613743545644,0.8294479073782587,29,late
29837,37,0,0.4348436345704231,0.5262006372848878,29,late
29838,38,0,0.07553342463072049,0.5251732844995688,29,late
29839,39,0,0.33307727689838296,0.4280913937771623,29,late
29840,40,0,0.5794043540976813,0.41924090198275915,29,late
29841,41,0,0.6095817336777769,0.43031106232044636,29,late
29842,42,0,0.19208276902347374,0.5222918817315668,29,late
29843,43,0,0.637325978324549,0.5241115481499179,29,late
29844,44,0,0.5998325478580809,0.5871575825219513,29,late
29845,45,0,0.5659792391623782,0.3309086177580809,29,late
29846,46,0,0.9513713854770356,0.37737510925467266,29,late
29847,47,0,0.5469111374760978,0.4350247624166908,29,late
29848,48,0,0.32357543550498546,0.36516970271416704,29,late
29849,49,0,0.3188407910936098,0.4366181275423631,29,late
29850,50,0,0.5002817204778643,0.5928539845412282,29,late
29851,51,0,0.4081967481255803,0.5965873307976739,29,late
29852,52,0,0.13017145913454012,0.6594307330148033,29,late
29853,53,0,0.3014924646895728,0.5172414828463466,29,late
29854,54,0,0.783296500170095,0.3627448052169402,29,late
29855,55,0,0.6470817818114404,0.46333526394229585,29,late
29856,56,0,0.8117824132357407,0.32122123451351225,29,late
29857,57,0,0.2486730754544168,0.5007605764616112,29,late
29858,58,0,0.6310020394720051,0.4830981795849424,29,late
29859,59,0,0.2710979053447566,0.59848815275292,29,late
29860,60,0,0.6747146936954506,0.4481679039020975,29,late
29861,61,0,0.4855716251694442,0.6017853046086399,29,late
29862,62,0,0.5766832630467248,0.3989088100955743,29,late
29863,63,0,0.6943166610703817,0.44307356480578186,29,late
29864,64,0,0.526353499648551,0.4454284700460216,29,late
29865,65,0,0.5196169473409072,0.5428287717143125,29,late
29866,66,0,0.7129573614555297,0.4033531902916794,29,late
29867,67,0,0.06938901475946149,0.7420144288285165,29,late
29868,68,0,0.6316461903782025,0.5538717760806969,29,late
29869,69,0,0.5366773852336486,0.5007700299232775,29,late
29870,70,0,0.4396879407274639,0.43942224499020843,29,late
29871,71,0,0.4112000808716914,0.4213187742063046,29,late
29872,72,0,0.2637423369250599,0.4760584623062183,29,late
29873,73,0,0.8087403750560825,0.5004343619837568,29,late
29874,74,0,0.4967555715095603,0.5384060371511867,29,late
29875,75,0,0.8974467665559441,0.48263455987036774,29,late
29876,76,0,0.9356673040088568,0.40249560817095104,29,late
29877,77,0,0.5555111064578231,0.37991568889381533,29,late
29878,78,0,0.42136124818373366,0.48223268889998167,29,late
29879,79,0,0.7198666032278176,0.4717574536645619,29,late
29880,80,0,0.3326260848615985,0.5039326248789693,29,late
29881,81,0,0.4979971104682208,0.6437944438449217,29,late
29882,82,0,0.5813283044573413,0.5183998558346863,29,late
29883,83,0,0.5586360809741254,0.4033817110547028,29,late
29884,84,0,0.6064238620966931,0.3968949192161023,29,late
29885,85,0,0.5212827413934807,0.5701615340827726,29,late
29886,86,0,0.9103341499635867,0.38940206020186074,29,late
29887,87,0,0.793221863519501,0.3284520898987815,29,late
29888,88,0,0.6802872003798193,0.489391373008188,29,late
29889,89,0,0.07518681050634804,0.4798903177502718,29,late
29890,90,0,0.5812314944896365,0.42565414638614363,29,late
29891,91,0,0.7482537219312497,0.3668821822055188,29,late
29892,92,0,0.7983754047082577,0.4444811094067991,29,late
29893,93,0,0.49400861964026643,0.5208284219261473,29,late
29894,94,0,0.532899421623972,0.5093812141440226,29,late
29895,95,0,0.9486699627202279,0.48217064814018784,29,late
29896,96,0,0.7137236940188307,0.5860380629593789,29,late
29897,97,0,0.8496460471639968,0.4089672328361798,29,late
29898,98,0,0.9438407669917921,0.27010269852672936,29,late
29899,99,0,0.9582024592879836,0.34496866194618303,29,late
29900,100,0,0.8777293528178187,0.46900520794929734,29,late
29901,101,0,0.828994112548847,0.48103109269479916,29,late
29902,102,0,0.940382005419593,0.2980915093323473,29,late
29903,103,0,0.5764454289174739,0.4361612174931825,29,late
29904,104,0,0.8820554362921168,0.2870084902275584,29,late
29905,105,0,0.939536871930587,0.3313617502191405,29,late
29906,106,0,0.3690212717834683,0.42174682392569013,29,late
29907,107,0,0.9263446278821892,0.38071747341055656,29,late
29908,108,0,0.692617826589724,0.5389804342395391,29,late
29909,109,0,0.9980562617110538,0.39844829265162696,29,late
29910,110,0,0.6957809030862979,0.4392561689578625,29,late
29911,111,0,0.9503007011849733,0.46732204575073455,29,late
29912,112,0,0.5487491865337157,0.2992164920689791,29,late
29913,113,0,0.9300451056331397,0.3326940881240724,29,late
29914,114,0,0.9863350244339906,0.5005120787676908,29,late
29915,115,0,0.9396198587336573,0.32431332912799826,29,late
29916,116,0,0.641571628469738,0.6076035517238165,29,late
29917,117,0,0.678337815819516,0.39224889223682696,29,late
29918,118,0,0.9651406700381042,0.34404460185228636,29,late
29919,119,0,0.8530453049418176,0.28138646942873574,29,late
29920,120,0,0.4932670520452926,0.4335817733700663,29,late
29921,121,0,0.5189855341894747,0.5050829090914447,29,late
29922,122,0,0.040204726518638066,0.6836699835651316,29,late
29923,123,0,0.32414969078067946,0.5146196388383804,29,late
29924,124,0,0.5167352290406109,0.3689603988219978,29,late
29925,125,0,0.14766370797253142,0.5435578718404112,29,late
29926,126,0,0.392713303200635,0.44071940157493683,29,late
29927,127,0,0.43222801618693374,0.5677948984695219,29,late
29928,128,0,0.4436449282242059,0.4630688243095574,29,late
29929,129,0,0.6606673497572122,0.5413512102767097,29,late
29930,130,0,0.22045990337481183,0.468572269601637,29,late
29931,131,0,0.38973765886012846,0.4122471642362814,29,late
29932,132,0,0.4084331741893265,0.42447904314454665,29,late
29933,133,0,0.3869551304862344,0.4391535380823728,29,late
29934,134,0,0.38985689936465123,0.41259436744647326,29,late
29935,135,0,0.7188683735638869,0.3933279204579789,29,late
29936,136,0,0.34269797376782185,0.6766044937279864,29,late
29937,137,0,0.6452506080083185,0.4692281200460653,29,late
29938,138,0,0.5779555253658349,0.3731810230966727,29,late
29939,139,0,0.639403972880876,0.4456109472262106,29,late
29940,140,0,0.4977402055189232,0.4045735233590446,29,late
29941,141,0,0.8219873696196103,0.46194435127763867,29,late
29942,142,0,0.4531773448925594,0.46836005410835024,29,late
29943,143,0,0.5776781934413139,0.3654950578297753,29,late
29944,144,0,0.3182698401752243,0.43097724492658107,29,late
29945,145,0,0.418559345451381,0.41005717794392166,29,late
29946,146,0,0.6632547972592162,0.38923032165375737,29,late
29947,147,0,0.2861072111860695,0.46934406605302537,29,late
29948,148,0,0.5451364876974591,0.4172416744908659,29,late
29949,149,0,0.29013824410974115,0.46644086992227696,29,late
29950,150,0,0.7557651386019405,0.33835091050126476,29,late
29951,151,0,0.46742240908752464,0.3497398485880176,29,late
29952,152,0,0.4565669021182911,0.3890580879965557,29,late
29953,153,0,0.6064289270073066,0.3969779700409236,29,late
29954,154,0,0.25178596327296887,0.43028749310416586,29,late
29955,155,0,0.50889109523476,0.3931179593166992,29,late
29956,156,0,0.6183219089678205,0.4100353951290564,29,late
29957,157,0,0.3608311861904772,0.35837674997103064,29,late
29958,158,0,0.4359100252790715,0.5198423958128536,29,late
29959,159,0,0.21398094039145102,0.3119281892673809,29,late
29960,160,0,0.5210895686529033,0.3882468134197061,29,late
29961,161,0,0.7538156051631224,0.46639668457072914,29,late
29962,162,0,0.40527962264381934,0.5870123519806172,29,late
29963,163,0,0.7524629539404486,0.4085957457182504,29,late
29964,164,0,0.46279708738927494,0.35662990880621337,29,late
29965,165,0,0.5821730885788744,0.48374944530541797,29,late
29966,166,0,0.6088235775082984,0.3347041630243163,29,late
29967,167,0,0.7630907087682411,0.34679978984293286,29,late
29968,168,0,0.5221519347439582,0.5162551361544353,29,late
29969,169,0,0.3360005671316898,0.42658817878513067,29,late
29970,170,0,0.44423643269242447,0.5433236792517534,29,late
29971,171,0,0.22401557241530135,0.4954690804527051,29,late
29972,172,0,0.5454507402596867,0.41868016201353303,29,late
29973,173,0,0.7788755022855369,0.33954404527894355,29,late
29974,174,0,0.09423266870169833,0.4153055911046738,29,late
29975,175,0,0.25159140803461694,0.48105590511502183,29,late
29976,176,0,0.6364919211675437,0.3937692457367009,29,late
29977,177,0,0.6209576771624638,0.39090554455786974,29,late
29978,178,0,0.16222761902683613,0.6929165910162981,29,late
29979,179,0,0.3494203681544319,0.3689328019463661,29,late
29980,180,0,0.7073944218427168,0.33083147667771384,29,late
29981,181,0,0.44718003207693474,0.4419295227706502,29,late
29982,182,0,0.42862073839520487,0.33892326791197636,29,late
29983,183,0,0.6393638127470038,0.4221358168531695,29,late
29984,184,0,0.6272761253704855,0.2937699454933985,29,late
29985,185,0,0.8359113383157077,0.4451442473970504,29,late
29986,186,0,0.09730563490875602,0.38089899052282433,29,late
29987,187,0,0.17484926485973454,0.3953391610770225,29,late
29988,188,0,0.729224523287874,0.4756027498170341,29,late
29989,189,0,0.8006346355603848,0.37938748964086766,29,late
29990,190,0,0.43338965784787203,0.50015001872235,29,late
29991,191,0,0.09805169870513766,0.4268569686285413,29,late
29992,192,0,0.7201725887927728,0.5453263326966926,29,late
29993,193,0,0.2044998401521484,0.45654348470337014,29,late
29994,194,0,0.47070144387935614,0.44662965750357037,29,late
29995,195,0,0.5229832528359816,0.43433690212239284,29,late
29996,196,0,0.6102821274406625,0.4460461002867308,29,late
29997,197,0,0.6332570479801649,0.4527333407741122,29,late
29998,198,0,0.5071392327286168,0.354903985056548,29,late
29999,199,0,0.7117189456575105,0.3718644184985497,29,late
30000,0,0,0.6950368368743927,0.6739073196189656,30,interleaved
30001,1,0,0.22071429001698578,0.6657937002670922,30,interleaved
30002,2,0,0.7164681643493211,0.5855853362785768,30,interleaved
30003,3,0,0.1488753769760011,0.48633415827147963,30,interleaved
30004,4,0,0.9043971499173558,0.5756598794417426,30,interleaved
30005,5,0,0.8379815611117095,0.42432201185075846,30,interleaved
30006,6,0,0.6811275464911821,0.2864494525009247,30,interleaved
30007,7,0,0.3859163634384676,0.49182595325577627,30,interleaved
30008,8,0,0.46787671055432956,0.29299777481573963,30,interleaved
30009,9,0,0.8624118513029388,0.36535937646863975,30,interleaved
30010,10,0,0.34767608644240067,0.5113298367726206,30,interleaved
30011,11,0,0.21529233392242145,0.49872287562300566,30,interleaved
30012,12,0,0.45138626901167633,0.4966996980603834,30,interleaved
30013,13,0,0.2487662696632974,0.6672306741152104,30,interleaved
30014,14,0,0.04835600590266472,0.586735275650188,30,interleaved
30015,15,0,0.4654352788397445,0.4308940089457638,30,interleaved
30016,16,0,0.11765160885541832,0.39144294023956333,30,interleaved
30017,17,0,0.5714452028957686,0.43863182956297586,30,interleaved
30018,18,0,0.3483772227891129,0.39126709499009904,30,interleaved
30019,19,0,0.05597759160543594,0.4400312747224057,30,interleaved
30020,20,0,0.3753894709684319,0.41935464017190743,30,interleaved
30021,21,0,0.14732279096889406,0.39561741446137816,30,interleaved
30022,22,0,0.5641810288622302,0.45002381256784596,30,interleaved
30023,23,0,0.600428386368783,0.4365145349680202,30,interleaved
30024,24,0,0.5480323328816575,0.5680323626739775,30,interleaved
30025,25,0,0.9106422276143125,0.3772623713741449,30,interleaved
30026,26,0,0.47537869065161,0.409951386974693,30,interleaved
30027,27,0,0.23645472265897802,0.35701695312708503,30,interleaved
30028,28,0,0.5162483444380608,0.44433585968438344,30,interleaved
30029,29,0,0.43561896494218416,0.4595857928269308,30,interleaved
30030,30,0,0.6139421259290995,0.6212915962183773,30,interleaved
30031,31,0,0.4721502774130015,0.49332878749888204,30,interleaved
30032,32,0,0.45918871372282133,0.46148130446573843,30,interleaved
30033,33,0,0.30107136185253097,0.3801497835790384,30,interleaved
30034,34,0,0.7821540015027173,0.36936656171215765,30,interleaved
30035,35,0,0.5906560914715783,0.37496543028513457,30,interleaved
30036,36,0,0.4233017806072724,0.3084347745926781,30,interleaved
30037,37,0,0.13343773776419993,0.4600231526250652,30,interleaved
30038,38,0,0.15343799205682515,0.4302151426391957,30,interleaved
30039,39,0,0.4382294385999326,0.5130832965084782,30,interleaved
30040,40,0,0.486531083542453,0.4208451220181333,30,interleaved
30041,41,0,0.5352695331664742,0.46499709142374657,30,interleaved
30042,42,0,0.485126044304265,0.42558729151900443,30,interleaved
30043,43,0,0.483461519109532,0.6473751390993931,30,interleaved
30044,44,0,0.4886753528352283,0.43976314707997055,30,interleaved
30045,45,0,0.34550606778628334,0.5820609163303598,30,interleaved
30046,46,0,0.46870806720260927,0.2929548502616539,30,interleaved
30047,47,0,0.7992039612237702,0.201187683569523,30,interleaved
30048,48,0,0.8110910506125069,0.3165499906551067,30,interleaved
30049,49,0,0.7309466332338935,0.39418863306679497,30,interleaved
30050,50,0,0.5484721088179076,0.40865025564581237,30,interleaved
30051,51,0,0.07695446800799356,0.5805657110291496,30,interleaved
30052,52,0,0.4831428556737562,0.5666054233095146,30,interleaved
30053,53,0,0.9399547167063218,0.4264277402742195,30,interleaved
30054,54,0,0.680553529400673,0.45811859395571275,30,interleaved
30055,55,0,0.49767276935703597,0.4967819965343238,30,interleaved
30056,56,0,0.11597426974838038,0.5706539433955811,30,interleaved
30057,57,0,0.541433491366963,0.5056698694527353,30,interleaved
30058,58,0,0.5159028493997588,0.3629929020775398,30,interleaved
30059,59,0,0.09396395798943344,0.4570271165534139,30,interleaved
30060,60,0,0.6640413198448983,0.335368996867384,30,interleaved
30061,61,0,0.4568606052534704,0.3680755611619344,30,interleaved
30062,62,0,0.8965666560254053,0.2927047637956133,30,interleaved
30063,63,0,0.6241443865305957,0.431081385646481,30,interleaved
30064,64,0,0.3165302871055683,0.3346929968333595,30,interleaved
30065,65,0,0.44360418117732603,0.41859261732297826,30,interleaved
30066,66,0,0.8177307157611179,0.4097500297564778,30,interleaved
30067,67,0,0.5935561419473775,0.387986052069983,30,interleaved
30068,68,0,0.4391389510566378,0.4280227010931737,30,interleaved
30069,69,0,0.75923621254331,0.33687292486696585,30,interleaved
30070,70,0,0.8839105036238561,0.5067983682299925,30,interleaved
30071,71,0,0.33386167803997824,0.4199908585500809,30,interleaved
30072,72,0,0.3697366840809413,0.3534865013585128,30,interleaved
30073,73,0,0.7476225169575454,0.6143480136584181,30,interleaved
30074,74,0,0.6958845196198755,0.2916683282898303,30,interleaved
30075,75,0,0.3130647276047351,0.5250739013431379,30,interleaved
30076,76,0,0.4819450168733528,0.3467910933237981,30,interleaved
30077,77,0,0.7092134377367554,0.35848401600146457,30,interleaved
30078,78,0,0.6902936337481891,0.36275209924134477,30,interleaved
30079,79,0,0.10170150924947687,0.4655782057912621,30,interleaved
30080,80,0,0.536006952102515,0.5750721393777509,30,interleaved
30081,81,0,0.5677773322312023,0.4620789649279054,30,interleaved
30082,82,0,0.23978786535007118,0.45735946213883594,30,interleaved
30083,83,0,0.4108549341855255,0.3837605016539891,30,interleaved
30084,84,0,0.21938863939587647,0.55034770991755,30,interleaved
30085,85,0,0.5939143586305182,0.3881691516956576,30,interleaved
30086,86,0,0.4532518571259424,0.28780112553741066,30,interleaved
30087,87,0,0.8348728672077628,0.4686582622687453,30,interleaved
30088,88,0,0.61758891572938,0.2890799359444133,30,interleaved
30089,89,0,0.7869821028133923,0.28338019167412604,30,interleaved
30090,90,0,0.6203808881996389,0.3250036932079785,30,interleaved
30091,91,0,0.0699804648626085,0.355948073879442,30,interleaved
30092,92,0,0.3938946603427569,0.5847137997519773,30,interleaved
30093,93,0,0.26023442576597505,0.37709011452846986,30,interleaved
30094,94,0,0.5132422226568286,0.38894943817064587,30,interleaved
30095,95,0,0.3922927497060589,0.34606780674868687,30,interleaved
30096,96,0,0.4125960011809057,0.4576579659395271,30,interleaved
30097,97,0,0.9559614482912091,0.4549357127970705,30,interleaved
30098,98,0,0.49170577146375205,0.41877253001945614,30,interleaved
30099,99,0,0.9449582992772129,0.19294844339520015,30,interleaved
30100,100,0,0.5289017979203865,0.5117817971870183,30,interleaved
30101,101,0,0.7441433313388772,0.5086369723765256,30,interleaved
30102,102,0,0.5617162060784193,0.3353615203900364,30,interleaved
30103,103,0,0.2609801921933826,0.31721165627016235,30,interleaved
30104,104,0,0.4676347334915877,0.4610113899309958,30,interleaved
30105,105,0,0.7654378581768355,0.3013439339189762,30,interleaved
30106,106,0,0.5656027590040794,0.39822890830368907,30,interleaved
30107,107,0,0.4883734545986876,0.4577274965276933,30,interleaved
30108,108,0,0.708656782283881,0.45675213658225255,30,interleaved
30109,109,0,0.41313651092975856,0.3470742834771806,30,interleaved
30110,110,0,0.4884980071628556,0.3410866234948584,30,interleaved
30111,111,0,0.9222850055347808,0.2737517668213573,30,interleaved
30112,112,0,0.5324323266474981,0.4914902694409412,30,interleaved
30113,113,0,0.7055153110543385,0.33796856933754593,30,interleaved
30114,114,0,0.3417660182836956,0.31750614931040033,30,interleaved
30115,115,0,0.5055134735920708,0.30858909402744805,30,interleaved
30116,116,0,0.37580800331448355,0.2225367510002087,30,interleaved
30117,117,0,0.6545068235603142,0.3949291002331097,30,interleaved
30118,118,0,0.29414364094638823,0.314700222417519,30,interleaved
30119,119,0,0.4821815666899032,0.5470204905073364,30,interleaved
30120,120,0,0.10780982537008893,0.4073441461826599,30,interleaved
30121,121,0,0.11921848209623741,0.41819486378752757,30,interleaved
30122,122,0,0.41434546570072905,0.3775112206340517,30,interleaved
30123,123,0,0.5564363841024168,0.13572541488275092,30,interleaved
30124,124,0,0.5675721865989312,0.3094374150444724,30,interleaved
30125,125,0,0.16238289089228936,0.28554422007946134,30,interleaved
30126,126,0,0.7012817351616847,0.24195987411278114,30,interleaved
30127,127,0,0.47395628079351804,0.250639168379506,30,interleaved
30128,128,0,0.797671053725769,0.3373493870184835,30,interleaved
30129,129,0,0.1715639425572635,0.39363014826334025,30,interleaved
30130,130,0,0.9590368159130205,0.3868448621768391,30,interleaved
30131,131,0,0.6058387473429664,0.42535219960591203,30,interleaved
30132,132,0,0.5797105423445386,0.4052313365601443,30,interleaved
30133,133,0,0.5185773075595763,0.2792502728528181,30,interleaved
30134,134,0,0.37025848981168075,0.4406095447174372,30,interleaved
30135,135,0,0.3677393333519329,0.32865757223472647,30,interleaved
30136,136,0,0.37044397891240577,0.37773953082957007,30,interleaved
30137,137,0,0.754794302612567,0.40668084948866434,30,interleaved
30138,138,0,0.40922775540363704,0.4279621209660172,30,interleaved
30139,139,0,0.4979277131503018,0.45787247551706567,30,interleaved
30140,140,0,0.40790506747353217,0.29581244911717997,30,interleaved
30141,141,0,0.4969946859132536,0.5071717277551349,30,interleaved
30142,142,0,0.8598799350468176,0.3587897803201807,30,interleaved
30143,143,0,0.35623209067564887,0.6516070198207005,30,interleaved
30144,144,0,0.26315744743163555,0.31305303149003877,30,interleaved
30145,145,0,0.6772813894114448,0.2592710279736469,30,interleaved
30146,146,0,0.6999037252653884,0.301427442627344,30,interleaved
30147,147,0,0.7001897438738489,0.4865701181119792,30,interleaved
30148,148,0,0.2307523092843691,0.31800026478540977,30,interleaved
30149,149,0,0.30420012902997806,0.4078759297884985,30,interleaved
30150,150,0,0.5966574238002157,0.19831320349163695,30,interleaved
30151,151,0,0.5623969016999414,0.36934843828860336,30,interleaved
30152,152,0,0.07701641292414042,0.37558130840460896,30,interleaved
30153,153,0,0.5074254203564695,0.4038695717696981,30,interleaved
30154,154,0,0.36772594209865817,0.3080431879311752,30,interleaved
30155,155,0,0.16700514258028124,0.48931205104951636,30,interleaved
30156,156,0,0.13034338060168538,0.4346503678469862,30,interleaved
30157,157,0,0.4729799313394476,0.4274426576430498,30,interleaved
30158,158,0,0.5123051538353334,0.4528991224284312,30,interleaved
30159,159,0,0.4504539414865836,0.4917541980121858,30,interleaved
30160,160,0,0.7756717297455371,0.28420904216068166,30,interleaved
30161,161,0,0.3979118586759366,0.3360834883100005,30,interleaved
30162,162,0,0.6533963945991434,0.3177095036929655,30,interleaved
30163,163,0,0.7996423739975549,0.3067002357991946,30,interleaved
30164,164,0,0.5831690456209245,0.4709565370084937,30,interleaved
30165,165,0,0.4081499678963675,0.3038734241106502,30,interleaved
30166,166,0,0.9594370981727791,0.3231958023444515,30,interleaved
30167,167,0,0.08190274477442233,0.2984587514926369,30,interleaved
30168,168,0,0.8977074147099884,0.3260259066226191,30,interleaved
30169,169,0,0.4478443277531645,0.4448661583335789,30,interleaved
30170,170,0,0.7377803187666269,0.30237835300328947,30,interleaved
30171,171,0,0.7810567907318404,0.21477357418936516,30,interleaved
30172,172,0,0.6786469346071873,0.327879294424698,30,interleaved
30173,173,0,0.8858675478029066,0.33110768759818243,30,interleaved
30174,174,0,0.3593877502368586,0.45961287337727663,30,interleaved
30175,175,0,0.562435282093825,0.3862544060211316,30,interleaved
30176,176,0,0.6478713287717691,0.29542234751206387,30,interleaved
30177,177,0,0.9713908816716994,0.18864041911573914,30,interleaved
30178,178,0,0.6141994360378088,0.4275200781498278,30,interleaved
30179,179,0,0.9672998186622614,0.2845525528073632,30,interleaved
30180,180,0,0.40599599641878226,0.4300496320110211,30,interleaved
30181,181,0,0.4817511162666873,0.44788563836026796,30,interleaved
30182,182,0,0.07517024533276917,0.31997266894106347,30,interleaved
30183,183,0,0.5020397743849248,0.3778182115187865,30,interleaved
30184,184,0,0.7766345960663027,0.5078138481172894,30,interleaved
30185,185,0,0.7533249241015487,0.4057478019671406,30,interleaved
30186,186,0,0.12744800484484167,0.3311959874235979,30,interleaved
30187,187,0,0.8356306928336947,0.21495246598302226,30,interleaved
30188,188,0,0.476676828779086,0.34280852938595796,30,interleaved
30189,189,0,0.4637924180319791,0.4340673729379039,30,interleaved
30190,190,0,0.22722070773180747,0.37213493372498674,30,interleaved
30191,191,0,0.29145879160492494,0.3955989538505341,30,interleaved
30192,192,0,0.5157903137087845,0.2494323956630874,30,interleaved
30193,193,0,0.08830540329527573,0.3072995372586706,30,interleaved
30194,194,0,0.8729942078447677,0.33544215648993425,30,interleaved
30195,195,0,0.17208148715168786,0.3713028373271243,30,interleaved
30196,196,0,0.6801798745564799,0.3535344975412624,30,interleaved
30197,197,0,0.7584553186899079,0.32327306304443437,30,interleaved
30198,198,0,0.475466368907767,0.3300373193383367,30,interleaved
30199,199,0,0.6716324498663424,0.28427407913411384,30,interleaved
30200,0,0,0.5000399541591015,0.654056414681349,30,blocked
30201,1,0,0.9067296335689545,0.4958658448253338,30,blocked
30202,2,0,0.9564068268813571,0.33538477979583703,30,blocked
30203,3,0,0.15919932007327267,0.6776498151704708,30,blocked
30204,4,0,0.25564861593263477,0.5573869092681314,30,blocked
30205,5,0,0.3197588614329605,0.48467360074993915,30,blocked
30206,6,0,0.5658973623319383,0.8199650452550218,30,blocked
30207,7,0,0.21306298486484782,0.6810428039160108,30,blocked
30208,8,0,0.5636905184404754,0.43601712379404356,30,blocked
30209,9,0,0.3356406394155964,0.47626554574540025,30,blocked
30210,10,0,0.28703555144016657,0.5234814862923817,30,blocked
30211,11,0,0.5898914875635417,0.521186353700742,30,blocked
30212,12,0,0.5888301740538328,0.3789660720944675,30,blocked
30213,13,0,0.4159907766294314,0.508240124260392,30,blocked
30214,14,0,0.5725643835797467,0.5058849118923098,30,blocked
30215,15,0,0.6889556661492868,0.5197721166136369,30,blocked
30216,16,0,0.43270140042623106,0.6157263239757091,30,blocked
30217,17,0,0.5126265846410226,0.456583317287819,30,blocked
30218,18,0,0.724231880889034,0.37417916289244335,30,blocked
30219,19,0,0.7278268004470403,0.40525738109660514,30,blocked
30220,20,0,0.9247485477378357,0.5191394029958798,30,blocked
30221,21,0,0.9491153810687002,0.6642492511495242,30,blocked
30222,22,0,0.8106363425979618,0.5236948612265625,30,blocked
30223,23,0,0.371183503871929,0.4744463966033047,30,blocked
30224,24,0,0.730516410800311,0.38492288337463804,30,blocked
30225,25,0,0.799780557882845,0.42298279615722667,30,blocked
30226,26,0,0.7491132932194836,0.5420716026035574,30,blocked
30227,27,0,0.5181522441323138,0.47612809165376846,30,blocked
30228,28,0,0.6908218651785552,0.429586732235102,30,blocked
30229,29,0,0.6013816396443998,0.48760526864202214,30,blocked
30230,30,0,0.9070187597657513,0.2858849021426541,30,blocked
30231,31,0,0.9846029287667337,0.5484863998505558,30,blocked
30232,32,0,0.8413852065129924,0.469293569821397,30,blocked
30233,33,0,0.9785609710786414,0.49074874743113706,30,blocked
30234,34,0,0.9823337437465914,0.2307408890813961,30,blocked
30235,35,0,0.14320706038610737,0.6919752436344381,30,blocked
30236,36,0,0.41102803943808464,0.5846294438271614,30,blocked
30237,37,0,0.6993742156113181,0.45574394621436465,30,blocked
30238,38,0,0.730016091964136,0.3009739113333324,30,blocked
30239,39,0,0.8248824017231059,0.4823669085458226,30,blocked
30240,40,0,0.42084531105427875,0.5245568970020698,30,blocked
30241,41,0,0.5746119309724333,0.4273526650248777,30,blocked
30242,42,0,0.692304713205236,0.49935035229447317,30,blocked
30243,43,0,0.14386446395343924,0.6397775008068348,30,blocked
30244,44,0,0.5481017169492259,0.5169868535373483,30,blocked
30245,45,0,0.18307436236330382,0.6255826350947465,30,blocked
30246,46,0,0.2664682901712371,0.6164428626105762,30,blocked
30247,47,0,0.39833282268947046,0.46482244790187466,30,blocked
30248,48,0,0.3278585465007095,0.6336747800749332,30,blocked
30249,49,0,0.7758740780662992,0.6516153415315378,30,blocked
30250,50,0,0.590888562045573,0.45125538525789816,30,blocked
30251,51,0,0.34258354461567286,0.46989206704200315,30,blocked
30252,52,0,0.33912173244278637,0.576421426733033,30,blocked
30253,53,0,0.7161801775694254,0.3845957448750694,30,blocked
30254,54,0,0.7391864696983494,0.5006183625491536,30,blocked
30255,55,0,0.6417045552837418,0.6311863515263834,30,blocked
30256,56,0,0.4803635155436828,0.4773437689308103,30,blocked
30257,57,0,0.4103149050207346,0.6280589989574134,30,blocked
30258,58,0,0.095962086472971,0.520871449241594,30,blocked
30259,59,0,0.586562233527597,0.5548240007662898,30,blocked
30260,60,0,0.514174422888495,0.4241311880778338,30,blocked
30261,61,0,0.3823315652377454,0.6222580652738379,30,blocked
30262,62,0,0.44892603409016724,0.47083547738473264,30,blocked
30263,63,0,0.38345236937975485,0.6183318323856261,30,blocked
30264,64,0,0.5534285906335026,0.46382151386937753,30,blocked
30265,65,0,0.39345010894764765,0.48913525485479736,30,blocked
30266,66,0,0.6726431678394214,0.44531837891647463,30,blocked
30267,67,0,0.38554507175902836,0.5251152665956752,30,blocked
30268,68,0,0.6352389671811657,0.5549486618261196,30,blocked
30269,69,0,0.38392796740025525,0.4373896076059004,30,blocked
30270,70,0,0.45977221908006605,0.5153103089575182,30,blocked
30271,71,0,0.7872536625286535,0.4090861903900271,30,blocked
30272,72,0,0.7983712955514799,0.41656078972804833,30,blocked
30273,73,0,0.41488490722905924,0.4692384321018186,30,blocked
30274,74,0,0.6400704266939055,0.4495036181808273,30,blocked
30275,75,0,0.9032957570683898,0.40344419135797366,30,blocked
30276,76,0,0.22747146769938803,0.41798826534012823,30,blocked
30277,77,0,0.663516536004082,0.4267057035063484,30,blocked
30278,78,0,0.46050601696164084,0.42249983864901397,30,blocked
30279,79,0,0.34165014389155285,0.3581576226929106,30,blocked
30280,80,0,0.3602675237137664,0.48225669250059355,30,blocked
30281,81,0,0.6563781777669395,0.6070329460750634,30,blocked
30282,82,0,0.038379355711902007,0.5994565216976653,30,blocked
30283,83,0,0.3289512318769141,0.5171838245881113,30,blocked
30284,84,0,0.8507389123084994,0.48609238794257537,30,blocked
30285,85,0,0.39702641741413963,0.5358603566191952,30,blocked
30286,86,0,0.6277673477951067,0.586272815788488,30,blocked
30287,87,0,0.27839444811468705,0.5610862534186885,30,blocked
30288,88,0,0.7263956865449538,0.30889798525407397,30,blocked
30289,89,0,0.9254601853286423,0.3198846805078096,30,blocked
30290,90,0,0.8829172430996762,0.3606971200904405,30,blocked
30291,91,0,0.9235579531397298,0.37909118199549974,30,blocked
30292,92,0,0.22119119770452308,0.5495584600890688,30,blocked
30293,93,0,0.525225686321024,0.4053719457801326,30,blocked
30294,94,0,0.4340499364226812,0.6176887829174523,30,blocked
30295,95,0,0.5383731821182562,0.45476168871581946,30,blocked
30296,96,0,0.19503831613382216,0.5522475823487147,30,blocked
30297,97,0,0.7055852524880573,0.553701577892967,30,blocked
30298,98,0,0.8743245599616088,0.34797787770836613,30,blocked
30299,99,0,0.7601453353107095,0.6256969111161261,30,blocked
30300,100,0,0.9806333232051883,0.415309473191952,30,blocked
30301,101,0,0.026169221402440157,0.6570389635203275,30,blocked
30302,102,0,0.6734352682245537,0.3317112697242939,30,blocked
30303,103,0,0.5035229793756706,0.3535597752187411,30,blocked
30304,104,0,0.21613211418897943,0.4877414125561358,30,blocked
30305,105,0,0.8255196341502609,0.37609210240701374,30,blocked
30306,106,0,0.8331031141063354,0.4312802938562023,30,blocked
30307,107,0,0.7533196982937934,0.41080065329492094,30,blocked
30308,108,0,0.6316125037640213,0.40886569305028164,30,blocked
30309,109,0,0.6549669936474625,0.5435238183514508,30,blocked
30310,110,0,0.659951713819227,0.44737777387569455,30,blocked
30311,111,0,0.701884918562172,0.5545456644357567,30,blocked
30312,112,0,0.3398066966007877,0.3710227266614261,30,blocked
30313,113,0,0.61047577577937,0.445623698691854,30,blocked
30314,114,0,0.8679893097683848,0.4282452433817985,30,blocked
30315,115,0,0.4859473051554927,0.607803033681061,30,blocked
30316,116,0,0.3701063887274985,0.3170253365508202,30,blocked
30317,117,0,0.8284311003885607,0.40071699887421297,30,blocked
30318,118,0,0.9325759750462104,0.32452598206162314,30,blocked
30319,119,0,0.9425265731816281,0.5454967315375887,30,blocked
30320,120,0,0.4224671332932997,0.5541786598652332,30,blocked
30321,121,0,0.574978685844784,0.5960876266195643,30,blocked
30322,122,0,0.5610307512651842,0.5930833637208894,30,blocked
30323,123,0,0.14854623512571186,0.7041078443473778,30,blocked
30324,124,0,0.35193485996735896,0.44950814108459847,30,blocked
30325,125,0,0.5623379620375966,0.40452166998756245,30,blocked
30326,126,0,0.46342783425862744,0.6392260276413236,30,blocked
30327,127,0,0.23781532589176052,0.6232728220706077,30,blocked
30328,128,0,0.6499769105282602,0.2997259579253573,30,blocked
30329,129,0,0.5159245727752824,0.3785987851836905,30,blocked
30330,130,0,0.5978710201861632,0.4935952370892117,30,blocked
30331,131,0,0.25343404432872213,0.4891044027749547,30,blocked
30332,132,0,0.4614330219635631,0.46264586299121935,30,blocked
30333,133,0,0.579794671494868,0.40242975834404016,30,blocked
30334,134,0,0.8754100779687131,0.5170256916286231,30,blocked
30335,135,0,0.8068521629254841,0.44037271902706504,30,blocked
30336,136,0,0.6075276764703745,0.3914386636053427,30,blocked
30337,137,0,0.30355836524492097,0.46097427767176447,30,blocked
30338,138,0,0.6395715681611733,0.35681996514098835,30,blocked
30339,139,0,0.5469916119854084,0.5671056320693093,30,blocked
30340,140,0,0.48169708275812095,0.4051759531474025,30,blocked
30341,141,0,0.5988274049845771,0.4886809892138728,30,blocked
30342,142,0,0.7336113971764748,0.49141649507710916,30,blocked
30343,143,0,0.7376638170330643,0.611671117387727,30,blocked
30344,144,0,0.5578426027483118,0.5142903843388872,30,blocked
30345,145,0,0.8275849857303459,0.4757227831323148,30,blocked
30346,146,0,0.9384073932778769,0.39843267180484265,30,blocked
30347,147,0,0.21132841007219888,0.4622791214607309,30,blocked
30348,148,0,0.8730534817390385,0.2663395095957909,30,blocked
30349,149,0,0.4318887502324523,0.4577276700750165,30,blocked
30350,150,0,0.62632584478797,0.4679852167225203,30,blocked
30351,151,0,0.5895577986577047,0.3485351304941098,30,blocked
30352,152,0,0.4533660969798789,0.5131749366827606,30,blocked
30353,153,0,0.6330798215824354,0.43146741250848786,30,blocked
30354,154,0,0.845601614149118,0.4453669364969642,30,blocked
30355,155,0,0.5200780139774639,0.6123268107701251,30,blocked
30356,156,0,0.6232416507594591,0.4715082015577813,30,blocked
30357,157,0,0.42677144295814506,0.4423457163375568,30,blocked
30358,158,0,0.4097755177986345,0.600931212465446,30,blocked
30359,159,0,0.5291162944933311,0.5109374558932324,30,blocked
30360,160,0,0.793575559808239,0.403807356728247,30,blocked
30361,161,0,0.7001884415981107,0.3658938065820102,30,blocked
30362,162,0,0.28060382461011973,0.49468089688176853,30,blocked
30363,163,0,0.521196174842803,0.5774972986593829,30,blocked
30364,164,0,0.5620129063746611,0.42182369301307987,30,blocked
30365,165,0,0.7118482932634289,0.5547020247570551,30,blocked
30366,166,0,0.5263074006474687,0.3867701748709867,30,blocked
30367,167,0,0.45199224716421077,0.5031491332761331,30,blocked
30368,168,0,0.4818557192655807,0.5406140523120693,30,blocked
30369,169,0,0.7191380043177127,0.4530578288637025,30,blocked
30370,170,0,0.977983371594314,0.31912577619354776,30,blocked
30371,171,0,0.7170197698794338,0.37113580051377876,30,blocked
30372,172,0,0.6888185124348335,0.3833920490238584,30,blocked
30373,173,0,0.7618722153610475,0.31758068120017074,30,blocked
30374,174,0,0.9185767382521846,0.4967624575677531,30,blocked
30375,175,0,0.12034341133328223,0.4918370087275088,30,blocked
30376,176,0,0.9368117629925952,0.28675629911038847,30,blocked
30377,177,0,0.4795102116823642,0.4046753977153191,30,blocked
30378,178,0,0.7892328588475797,0.36826752505716365,30,blocked
30379,179,0,0.5987818936556802,0.4723759961108479,30,blocked
30380,180,0,0.47319632866677375,0.49874358931959606,30,blocked
30381,181,0,0.7905013528005147,0.3796479008330551,30,blocked
30382,182,0,0.5249794488132878,0.44055056155882477,30,blocked
30383,183,0,0.4078927826365776,0.49996465945686974,30,blocked
30384,184,0,0.6896840871190975,0.4290017115429846,30,blocked
30385,185,0,0.8099360583463144,0.2920237997860494,30,blocked
30386,186,0,0.828562217732296,0.3775946743780537,30,blocked
30387,187,0,0.7450545639822796,0.3384922109324822,30,blocked
30388,188,0,0.5183639153421286,0.4044575277204525,30,blocked
30389,189,0,0.9674178879001001,0.3037024391547201,30,blocked
30390,190,0,0.20139547759771478,0.5300343508180063,30,blocked
30391,191,0,0.09101296620925885,0.4531471116476328,30,blocked
30392,192,0,0.5677327302041608,0.40700271295050205,30,blocked
30393,193,0,0.4774262673943923,0.40341514416892577,30,blocked
30394,194,0,0.33836201657830245,0.43620604675826347,30,blocked
30395,195,0,0.6844705498337208,0.4263799561764907,30,blocked
30396,196,0,0.8040421461446494,0.4024443097786996,30,blocked
30397,197,0,0.46870482767007093,0.5063921214067117,30,blocked
30398,198,0,0.6987813323380077,0.5265151554578543,30,blocked
30399,199,0,0.9960732426238059,0.33121153087487953,30,blocked
30400,0,0,0.12353775980209641,0.8594687775816547,30,early
30401,1,0,0.6361209254546053,0.6205226496926315,30,early
30402,2,0,0.1374350937201625,0.47413233340228444,30,early
30403,3,0,0.7149616652870825,0.5086633638274427,30,early
30404,4,0,0.9197128040813958,0.5931907189439714,30,early
30405,5,0,0.8674806036660878,0.48330528933633543,30,early
30406,6,0,0.9661789676055976,0.46166988886391985,30,early
30407,7,0,0.9717491034422431,0.40898884690327536,30,early
30408,8,0,0.6951460589674942,0.5221635428071779,30,early
30409,9,0,0.5306786198290615,0.5457687295694983,30,early
30410,10,0,0.9605363969812122,0.5383922969999901,30,early
30411,11,0,0.4702266950213716,0.571610959707475,30,early
30412,12,0,0.8290106314497419,0.5231599749691502,30,early
30413,13,0,0.1260100125784533,0.4924625607669112,30,early
30414,14,0,0.8994253021000459,0.4921950884146323,30,early
30415,15,0,0.12110424613391968,0.5676304525544562,30,early
30416,16,0,0.9171210181515526,0.41022843689024996,30,early
30417,17,0,0.6627518059451935,0.5191380391981641,30,early
30418,18,0,0.2112196308572164,0.595977498492644,30,early
30419,19,0,0.5347740768570491,0.5710256313781199,30,early
30420,20,0,0.6172520857363487,0.4046245561262021,30,early
30421,21,0,0.43667740370267366,0.33523895627980194,30,early
30422,22,0,0.5234067390133769,0.37942758435097945,30,early
30423,23,0,0.7272851654376612,0.47684995452719114,30,early
30424,24,0,0.5518418209323522,0.523378994772237,30,early
30425,25,0,0.6207618855671254,0.43959988502595027,30,early
30426,26,0,0.6993901485898233,0.456968654282197,30,early
30427,27,0,0.32767946559095584,0.38992917093644736,30,early
30428,28,0,0.8395656890733177,0.4796657650985333,30,early
30429,29,0,0.4127707944300917,0.48072098928000817,30,early
30430,30,0,0.8874806190109807,0.4334362961864539,30,early
30431,31,0,0.71729126946539,0.677136176174465,30,early
30432,32,0,0.32433071774642297,0.4580690155762812,30,early
30433,33,0,0.4785971452527966,0.38803995250478074,30,early
30434,34,0,0.7417571023935772,0.5537886945800055,30,early
30435,35,0,0.8124426079312033,0.47705801685743676,30,early
30436,36,0,0.9663731993246011,0.37788023114090014,30,early
30437,37,0,0.9247332313526206,0.5548021034384424,30,early
30438,38,0,0.11786261578435109,0.5460703722528535,30,early
30439,39,0,0.9750599920299345,0.3950429464190105,30,early
30440,40,0,0.3026910838773328,0.6301495938961043,30,early
30441,41,0,0.38944202335967903,0.3715352183135577,30,early
30442,42,0,0.41089990681798966,0.5133410126983088,30,early
30443,43,0,0.2345501360924184,0.6244761262123173,30,early
30444,44,0,0.3866986284484804,0.5334568621695659,30,early
30445,45,0,0.6008521702592635,0.45593006824962246,30,early
30446,46,0,0.48246832417030666,0.47997843310189425,30,early
30447,47,0,0.6172260113875299,0.6249583286092184,30,early
30448,48,0,0.9386278588389847,0.5889612161013149,30,early
30449,49,0,0.7107009109771218,0.5521634138994935,30,early
30450,50,0,0.7256010257154153,0.3656272284867751,30,early
30451,51,0,0.302195179711136,0.45411302166751194,30,early
30452,52,0,0.6101863451425289,0.6148951239165577,30,early
30453,53,0,0.8943876750225562,0.5469094314668366,30,early
30454,54,0,0.7225596091632508,0.366404735808212,30,early
30455,55,0,0.6265616932000666,0.3501665717235881,30,early
30456,56,0,0.8212114904743248,0.5149636374011282,30,early
30457,57,0,0.022715921457817208,0.4318149505473553,30,early
30458,58,0,0.18837409187819404,0.30484654955109053,30,early
30459,59,0,0.22602377304878407,0.5238656852518349,30,early
30460,60,0,0.7280116970856522,0.4255467809919018,30,early
30461,61,0,0.217610980448461,0.5640039748802701,30,early
30462,62,0,0.8813022742696345,0.3138649511887972,30,early
30463,63,0,0.8421969429315646,0.4961644849479957,30,early
30464,64,0,0.18460820270027836,0.4578395321045785,30,early
30465,65,0,0.4525593937225991,0.558415486506366,30,early
30466,66,0,0.22763847460733472,0.5031519917912493,30,early
30467,67,0,0.44505336688974584,0.36956081086974246,30,early
30468,68,0,0.5900468675865237,0.557354243853345,30,early
30469,69,0,0.47341247451841756,0.3927265639842209,30,early
30470,70,0,0.5829945199809066,0.4118104461622544,30,early
30471,71,0,0.4513295285209012,0.5153324260674654,30,early
30472,72,0,0.7030799917997177,0.44915661121316336,30,early
30473,73,0,0.4343602786662328,0.5273962263090151,30,early
30474,74,0,0.8070793060006489,0.4428310022764999,30,early
30475,75,0,0.6320318308031657,0.4596066812857047,30,early
30476,76,0,0.7513918710951497,0.32785701710857906,30,early
30477,77,0,0.49296280627848604,0.4938143646858728,30,early
30478,78,0,0.32135937505050993,0.5255588296391366,30,early
30479,79,0,0.7876539943954324,0.5363354699536579,30,early
30480,80,0,0.48014986729929193,0.4669007803165115,30,early
30481,81,0,0.6339812736773391,0.31966860922149,30,early
30482,82,0,0.4935889759485215,0.3824166591766195,30,early
30483,83,0,0.6785358292457577,0.4510072143041801,30,early
30484,84,0,0.7329759144208066,0.5890923519337474,30,early
30485,85,0,0.68141248943254,0.4394760847391941,30,early
30486,86,0,0.46766238271598254,0.35135287136587956,30,early
30487,87,0,0.37235893117999275,0.4993334153586314,30,early
30488,88,0,0.4707958760701959,0.3272298522987108,30,early
30489,89,0,0.6251043020454861,0.5103940199287729,30,early
30490,90,0,0.7930368639321379,0.37193183572027955,30,early
30491,91,0,0.6564200682613042,0.49236410408798953,30,early
30492,92,0,0.494329932417292,0.4046068682088393,30,early
30493,93,0,0.8977814986147786,0.3310884908039108,30,early
30494,94,0,0.6423676324553853,0.34612815545105025,30,early
30495,95,0,0.7544024955823518,0.41540113004940615,30,early
30496,96,0,0.14388843484148137,0.5403644350556541,30,early
30497,97,0,0.8582343015875006,0.42965323571567604,30,early
30498,98,0,0.760520681771901,0.38580685715167484,30,early
30499,99,0,0.7039531880656495,0.4579812673990401,30,early
30500,100,0,0.869438734504764,0.37570554888758123,30,early
30501,101,0,0.7357163523991894,0.4417180004456165,30,early
30502,102,0,0.5671457668045528,0.4860756783085787,30,early
30503,103,0,0.27196150639887706,0.39129606165898845,30,early
30504,104,0,0.5862536707264127,0.4486534656200433,30,early
30505,105,0,0.5963710079604227,0.5810606739593476,30,early
30506,106,0,0.4845866801122162,0.44194014149316474,30,early
30507,107,0,0.8217051823884232,0.3506183063260013,30,early
30508,108,0,0.39150406100391005,0.5291641183711041,30,early
30509,109,0,0.954410033443845,0.3789169122911505,30,early
30510,110,0,0.6520345414048503,0.4776993638739965,30,early
30511,111,0,0.8165730223039168,0.34778430939352556,30,early
30512,112,0,0.32668314695310335,0.5824661847697306,30,early
30513,113,0,0.5321235431151458,0.5257325069791436,30,early
30514,114,0,0.3180566100052514,0.4272343691313273,30,early
30515,115,0,0.8400940175849625,0.3750220069861418,30,early
30516,116,0,0.4196439588157499,0.4695398392069696,30,early
30517,117,0,0.47074022231207024,0.5824292917671143,30,early
30518,118,0,0.9529114190852646,0.3884340792837969,30,early
30519,119,0,0.54875135400149,0.4178769932285784,30,early
30520,120,0,0.7469109914444005,0.34264782920124465,30,early
30521,121,0,0.4293430243251566,0.317406036353276,30,early
30522,122,0,0.7947273680069334,0.4687797704819084,30,early
30523,123,0,0.3402575904762442,0.5220156178009708,30,early
30524,124,0,0.6670129944526846,0.3858511205507738,30,early
30525,125,0,0.6221769710403373,0.468814731753052,30,early
30526,126,0,0.16698346444375445,0.3614286360613449,30,early
30527,127,0,0.44058220653388924,0.4574423695171429,30,early
30528,128,0,0.8120639823605837,0.4294919712429621,30,early
30529,129,0,0.699588851443079,0.27541936350233437,30,early
30530,130,0,0.5258293981474695,0.35515834001269003,30,early
30531,131,0,0.6284713784837013,0.4498617876334874,30,early
30532,132,0,0.1283057125835439,0.3528695046651753,30,early
30533,133,0,0.7643781735852964,0.680549111318092,30,early
30534,134,0,0.47651830037903925,0.45920404145059246,30,early
30535,135,0,0.5646129269463179,0.4311705911906293,30,early
30536,136,0,0.8352002521424271,0.39761086297429576,30,early
30537,137,0,0.4426294045198145,0.4841002965587049,30,early
30538,138,0,0.7729495358542704,0.31761172373571844,30,early
30539,139,0,0.8198767249366294,0.41964802123379785,30,early
30540,140,0,0.6658876676990468,0.3540785833379435,30,early
30541,141,0,0.7424977953812415,0.5291456933021099,30,early
30542,142,0,0.6747473064728677,0.37928027367590755,30,early
30543,143,0,0.4569520147533358,0.5465681132907447,30,early
30544,144,0,0.6658376632647333,0.725226998902661,30,early
30545,145,0,0.8220648242439104,0.43293454489707917,30,early
30546,146,0,0.5359078885784487,0.6062172173124405,30,early
30547,147,0,0.5728141414956893,0.572791291341489,30,early
30548,148,0,0.3992640263250293,0.4608995171135012,30,early
30549,149,0,0.5346970768193197,0.5788392332532872,30,early
30550,150,0,0.6434465235068965,0.5131076977591746,30,early
30551,151,0,0.5419811120561595,0.4272638405285305,30,early
30552,152,0,0.8720957630107334,0.48783860329790757,30,early
30553,153,0,0.7366363247199349,0.2522648360281263,30,early
30554,154,0,0.2606090358226475,0.4926433039713025,30,early
30555,155,0,0.6111525801496454,0.40844237713504306,30,early
30556,156,0,0.2723325418458659,0.6313212225368499,30,early
30557,157,0,0.14884617252768356,0.41243631732254316,30,early
30558,158,0,0.7768096108125013,0.3732625229351316,30,early
30559,159,0,0.5943014869936956,0.5224953810564384,30,early
30560,160,0,0.4721723713618086,0.2377248843440538,30,early
30561,161,0,0.7233267644387873,0.35268399958092206,30,early
30562,162,0,0.17727167749526185,0.4247132220911912,30,early
30563,163,0,0.09886010090778824,0.37356522125631686,30,early
30564,164,0,0.7020370935628494,0.37365301196242684,30,early
30565,165,0,0.10328871311757534,0.37803215547322117,30,early
30566,166,0,0.9213609328647757,0.4267510756524605,30,early
30567,167,0,0.6181638073469297,0.39215408367663696,30,early
30568,168,0,0.5589360621263022,0.4724458800337198,30,early
30569,169,0,0.7384968672607425,0.37133610826891983,30,early
30570,170,0,0.1563319139757764,0.36143024266715645,30,early
30571,171,0,0.8442108131329884,0.41890116819918655,30,early
30572,172,0,0.19409364421835423,0.3724431796134181,30,early
30573,173,0,0.34470152518886393,0.3882832400038614,30,early
30574,174,0,0.14949589017598006,0.41564219621594495,30,early
30575,175,0,0.5975214228595316,0.4177896896786887,30,early
30576,176,0,0.7790905284567702,0.3104337716473505,30,early
30577,177,0,0.6998528635045257,0.38093583091446753,30,early
30578,178,0,0.10838571026372973,0.33424146131764454,30,early
30579,179,0,0.5245997026150845,0.3185314164478379,30,early
30580,180,0,0.4446458697155242,0.4902705370597417,30,early
30581,181,0,0.530089615612153,0.48888153882557317,30,early
30582,182,0,0.45717073296458616,0.3195840665199644,30,early
30583,183,0,0.5002795916487194,0.5178408647009558,30,early
30584,184,0,0.790473118041283,0.4057573482200947,30,early
30585,185,0,0.9171529195862451,0.3454995611457301,30,early
30586,186,0,0.5399255700320011,0.43064357098501493,30,early
30587,187,0,0.6854696936129603,0.4198797532953942,30,early
30588,188,0,0.2780133701547719,0.5022180619614562,30,early
30589,189,0,0.28356797517103394,0.36617043827965856,30,early
30590,190,0,0.6182466424526352,0.26851215890540675,30,early
30591,191,0,0.640038269201302,0.4192864005357224,30,early
30592,192,0,0.9507112895904863,0.37764513146318995,30,early
30593,193,0,0.46949122140039007,0.6329661255600153,30,early
30594,194,0,0.549534190502381,0.49427643955659095,30,early
30595,195,0,0.574353399424124,0.39206869805369005,30,early
30596,196,0,0.19536449701649716,0.34487091625109956,30,early
30597,197,0,0.9449520020214418,0.2766295037568789,30,early
30598,198,0,0.4732301490936132,0.31839014327099946,30,early
30599,199,0,0.41846575990696255,0.2843790667737106,30,early
30600,0,0,0.021230721961724278,0.7148421565108021,30,middle
30601,1,0,0.5303792082853069,0.4784078587436969,30,middle
30602,2,0,0.49033824409846083,0.3734948745544526,30,middle
30603,3,0,0.6025514341809195,0.6005832081092926,30,middle
30604,4,0,0.1567869949772974,0.6400814419822296,30,middle
30605,5,0,0.7725070775035001,0.37195002710437286,30,middle
30606,6,0,0.2802509663965209,0.5572425898696162,30,middle
30607,7,0,0.5539971276368877,0.6094253747902522,30,middle
30608,8,0,0.8438258522142794,0.3093993001887407,30,middle
30609,9,0,0.5062424057225785,0.5759917897708665,30,middle
30610,10,0,0.27920677966442325,0.4286271293558219,30,middle
30611,11,0,0.707494380402358,0.4338038637743342,30,middle
30612,12,0,0.8096564633328329,0.4842717722937072,30,middle
30613,13,0,0.4670482883173515,0.4787428003778203,30,middle
30614,14,0,0.018803050609387147,0.7069405554246272,30,middle
30615,15,0,0.3690295403014107,0.3856310267643351,30,middle
30616,16,0,0.7512570469133262,0.4289926825060659,30,middle
30617,17,0,0.5997393218131251,0.5335870384661554,30,middle
30618,18,0,0.7019998755212695,0.45125827678292846,30,middle
30619,19,0,0.4988865241853552,0.5902587517397291,30,middle
30620,20,0,0.7206360208638892,0.4760598537919457,30,middle
30621,21,0,0.7022700828858028,0.3284450349799335,30,middle
30622,22,0,0.12136137613763634,0.6467802041379614,30,middle
30623,23,0,0.681109738183572,0.546434348363298,30,middle
30624,24,0,0.4201223399302452,0.40778109224603076,30,middle
30625,25,0,0.09398185229010438,0.5011983696871312,30,middle
30626,26,0,0.7566391117175457,0.365760219388355,30,middle
30627,27,0,0.7149130131265269,0.43034546864199796,30,middle
30628,28,0,0.5440100006225005,0.49393257331262164,30,middle
30629,29,0,0.5969741593476051,0.3945782440358403,30,middle
30630,30,0,0.6893356919574503,0.3864980014719566,30,middle
30631,31,0,0.55435772257522,0.3957208244162688,30,middle
30632,32,0,0.5138111681610905,0.5251091632156943,30,middle
30633,33,0,0.5034611646908016,0.4699269527311523,30,middle
30634,34,0,0.46603230220651487,0.4319776033620635,30,middle
30635,35,0,0.5120859903477503,0.3257226690023812,30,middle
30636,36,0,0.27788396439495805,0.42598731793768196,30,middle
30637,37,0,0.6535914946108048,0.5983225810010004,30,middle
30638,38,0,0.5405115193322428,0.4209162227125792,30,middle
30639,39,0,0.808699093294196,0.32532499655703756,30,middle
30640,40,0,0.5154640874003279,0.4046062631701629,30,middle
30641,41,0,0.5058939911109184,0.3586009260582187,30,middle
30642,42,0,0.5462836011599839,0.3531530614351083,30,middle
30643,43,0,0.9120302713928137,0.3396459707161687,30,middle
30644,44,0,0.7785693305579795,0.3529276932491583,30,middle
30645,45,0,0.16469262645999816,0.4265812207673224,30,middle
30646,46,0,0.468539395558016,0.3254317988619931,30,middle
30647,47,0,0.5349428933712548,0.4300985376474504,30,middle
30648,48,0,0.5080349031342598,0.4370201562331049,30,middle
30649,49,0,0.7516676965118325,0.3173050322557296,30,middle
30650,50,0,0.8672238609071625,0.67538688967162,30,middle
30651,51,0,0.33998406337981085,0.5354992745054742,30,middle
30652,52,0,0.7253478948318848,0.3958547808773787,30,middle
30653,53,0,0.7201506923135333,0.43402528373393967,30,middle
30654,54,0,0.9496542676510935,0.424020292481036,30,middle
30655,55,0,0.41297189467240675,0.47687814145483665,30,middle
30656,56,0,0.8450794278312845,0.399931932735929,30,middle
30657,57,0,0.6428221940362058,0.3938070876898089,30,middle
30658,58,0,0.41666740988336093,0.4821255008493257,30,middle
30659,59,0,0.5135075953079917,0.42164447377581343,30,middle
30660,60,0,0.022124082292220328,0.6268219047603487,30,middle
30661,61,0,0.8506940019371038,0.3142549803538122,30,middle
30662,62,0,0.3736470254344241,0.3719815663234779,30,middle
30663,63,0,0.4974908166554134,0.35396959013737805,30,middle
30664,64,0,0.38825005003636653,0.46161825173719173,30,middle
30665,65,0,0.6030727071595586,0.4089550704682378,30,middle
30666,66,0,0.4188839706576378,0.4731929425761461,30,middle
30667,67,0,0.8439454557362284,0.4283228253980028,30,middle
30668,68,0,0.23950248762312404,0.5384738929748849,30,middle
30669,69,0,0.37803062818480254,0.35478722427003184,30,middle
30670,70,0,0.05414552181128032,0.628060651784307,30,middle
30671,71,0,0.31587629023381303,0.4122565140977389,30,middle
30672,72,0,0.9942531329280608,0.6814289677071311,30,middle
30673,73,0,0.351101843753679,0.5927270056552709,30,middle
30674,74,0,0.7368969142367137,0.4281167942347522,30,middle
30675,75,0,0.30344827502693195,0.4069075704598314,30,middle
30676,76,0,0.2554494466600792,0.40320996387554353,30,middle
30677,77,0,0.6645294909392425,0.3605027831847646,30,middle
30678,78,0,0.7941938126963632,0.30902369015374687,30,middle
30679,79,0,0.9434398358590521,0.469092686890177,30,middle
30680,80,0,0.4708380918229436,0.33715587437575445,30,middle
30681,81,0,0.32673052152463367,0.4694154350790587,30,middle
30682,82,0,0.49600847167367534,0.476998073942171,30,middle
30683,83,0,0.5534762358231662,0.3928271709876844,30,middle
30684,84,0,0.38294763861250886,0.48927084350477934,30,middle
30685,85,0,0.4306422676310926,0.43577181777075835,30,middle
30686,86,0,0.6844035432615501,0.3410123446528504,30,middle
30687,87,0,0.7878948348466017,0.31012377197300595,30,middle
30688,88,0,0.6913526287947136,0.3329258666900603,30,middle
30689,89,0,0.6509152836668003,0.47624696728052274,30,middle
30690,90,0,0.9208753657333724,0.46291317505470697,30,middle
30691,91,0,0.2639030486171865,0.48389029827186514,30,middle
30692,92,0,0.6200692242144051,0.3625375470598672,30,middle
30693,93,0,0.1691476337627698,0.29778000432230234,30,middle
30694,94,0,0.5465593952435374,0.30610721268537466,30,middle
30695,95,0,0.4252829956926003,0.4648906885240026,30,middle
30696,96,0,0.6025592802574851,0.4059750703113807,30,middle
30697,97,0,0.4301637216760547,0.3346574751012425,30,middle
30698,98,0,0.48320160931520334,0.4468551445341386,30,middle
30699,99,0,0.6628066680770262,0.43290271857340457,30,middle
30700,100,0,0.17993328838928319,0.40867186602822647,30,middle
30701,101,0,0.8126085997045478,0.42643135713215213,30,middle
30702,102,0,0.4158862622294869,0.37473556246471584,30,middle
30703,103,0,0.644714414629148,0.5060056241053422,30,middle
30704,104,0,0.35482624169763816,0.4397161272045381,30,middle
30705,105,0,0.6176152673844848,0.30887653846183016,30,middle
30706,106,0,0.08206984261057865,0.4016465746936392,30,middle
30707,107,0,0.5471899433007598,0.5305920062466533,30,middle
30708,108,0,0.502742500512891,0.4157254149401151,30,middle
30709,109,0,0.3779858462380708,0.40381014091527057,30,middle
30710,110,0,0.5987616008777439,0.3992781147775043,30,middle
30711,111,0,0.8326201800066435,0.2835190439017876,30,middle
30712,112,0,0.8225793378716271,0.24893050457437826,30,middle
30713,113,0,0.2521605707884266,0.3538861962745108,30,middle
30714,114,0,0.6851400328526926,0.4174571374572197,30,middle
30715,115,0,0.2720616582268003,0.4113274065392074,30,middle
30716,116,0,0.5706594911780185,0.4397208062861806,30,middle
30717,117,0,0.8432827377760732,0.42052408392947954,30,middle
30718,118,0,0.05709705532543408,0.5430153459378021,30,middle
30719,119,0,0.3953700282390127,0.3574182519711254,30,middle
30720,120,0,0.1337044746014278,0.5115569983528101,30,middle
30721,121,0,0.8973901299232457,0.4560456792933615,30,middle
30722,122,0,0.33476852026615145,0.38514851650740967,30,middle
30723,123,0,0.5472044249919528,0.298490158918113,30,middle
30724,124,0,0.4265643508199104,0.30252735596607094,30,middle
30725,125,0,0.4006652841751222,0.4371518636104422,30,middle
30726,126,0,0.22269191530360394,0.4631285979840233,30,middle
30727,127,0,0.716495135256096,0.29107687843649066,30,middle
30728,128,0,0.1314991148061324,0.7171825083551255,30,middle
30729,129,0,0.4940410764906953,0.5563308221253939,30,middle
30730,130,0,0.34834669648370764,0.3772821270628562,30,middle
30731,131,0,0.29185182663923426,0.3537204897958123,30,middle
30732,132,0,0.2902833217495932,0.37497135791785596,30,middle
30733,133,0,0.9556770003894564,0.2620439757007878,30,middle
30734,134,0,0.49295533680213344,0.36915009518088554,30,middle
30735,135,0,0.7439688302961458,0.430181368771702,30,middle
30736,136,0,0.16107475604677704,0.3761097641647947,30,middle
30737,137,0,0.44342021354525774,0.4542759093997912,30,middle
30738,138,0,0.590240645242962,0.3233481224410051,30,middle
30739,139,0,0.5071506663921964,0.38599375379347045,30,middle
30740,140,0,0.5225993174960811,0.45561498333727535,30,middle
30741,141,0,0.5035552248406687,0.4778237830991309,30,middle
30742,142,0,0.5960528836779045,0.32046775737604566,30,middle
30743,143,0,0.4966330964046583,0.23718559991442179,30,middle
30744,144,0,0.7269498258846903,0.3534957748706129,30,middle
30745,145,0,0.5149782823596523,0.39021154337850655,30,middle
30746,146,0,0.5844766311791127,0.3316007413529561,30,middle
30747,147,0,0.5416459358357373,0.41257897258804543,30,middle
30748,148,0,0.8634028463292029,0.4542431842177286,30,middle
30749,149,0,0.45620776861437834,0.33795506568317824,30,middle
30750,150,0,0.2788859010266148,0.3923777017061425,30,middle
30751,151,0,0.4094966341149576,0.3454457154834265,30,middle
30752,152,0,0.4986356171328532,0.4105580815348059,30,middle
30753,153,0,0.4576969365782739,0.3021394846083776,30,middle
30754,154,0,0.8747998700117289,0.30619003477068474,30,middle
30755,155,0,0.834899810882317,0.33477304377402467,30,middle
30756,156,0,0.8088410323255586,0.36878611931186794,30,middle
30757,157,0,0.3649075045742316,0.37230133439332,30,middle
30758,158,0,0.0892676724553313,0.5608019938654407,30,middle
30759,159,0,0.8127279340808551,0.32193468326372054,30,middle
30760,160,0,0.7820212358133676,0.35088259047380144,30,middle
30761,161,0,0.8632448223201932,0.5516681981285066,30,middle
30762,162,0,0.10993348541048616,0.5705236092061581,30,middle
30763,163,0,0.7384196417545479,0.5189302074693979,30,middle
30764,164,0,0.6767018909715903,0.47752219716144395,30,middle
30765,165,0,0.6941478131877933,0.33179741538987273,30,middle
30766,166,0,0.09732190466530717,0.3940650959283214,30,middle
30767,167,0,0.2901893573962333,0.41773588668141837,30,middle
30768,168,0,0.3263227376744665,0.33136061978751274,30,middle
30769,169,0,0.5578452491765118,0.3146772465766532,30,middle
30770,170,0,0.30846042999738493,0.31111765931599245,30,middle
30771,171,0,0.9105068897982488,0.4522370506715311,30,middle
30772,172,0,0.6279550256620511,0.28337912292926193,30,middle
30773,173,0,0.5720205292691392,0.32018488735712103,30,middle
30774,174,0,0.26599374142786514,0.3429316427768496,30,middle
30775,175,0,0.5178215037627998,0.3123861049908476,30,middle
30776,176,0,0.5664332259500839,0.5050545742508499,30,middle
30777,177,0,0.3093432666809771,0.39511527508934585,30,middle
30778,178,0,0.6593417063013826,0.4227837764262179,30,middle
30779,179,0,0.23335932939495246,0.36831295786197416,30,middle
30780,180,0,0.2668808259613434,0.48139680357782344,30,middle
30781,181,0,0.6404643071797849,0.30926045848916106,30,middle
30782,182,0,0.3870492438956417,0.39242121005676844,30,middle
30783,183,0,0.5835188079139579,0.37735764758124735,30,middle
30784,184,0,0.3943310614132665,0.4990998320064821,30,middle
30785,185,0,0.1375712719535009,0.45006958003947406,30,middle
30786,186,0,0.7269685395084501,0.31516257907161827,30,middle
30787,187,0,0.5530460515917981,0.3319778114654608,30,middle
30788,188,0,0.5623387428671465,0.3549307022999755,30,middle
30789,189,0,0.5548325892813829,0.34817021453631136,30,middle
30790,190,0,0.9655216065098153,0.2724350677942865,30,middle
30791,191,0,0.8144071955872925,0.3833722292845997,30,middle
30792,192,0,0.5033700279106897,0.32200234016534723,30,middle
30793,193,0,0.7431843323243328,0.26724506825148964,30,middle
30794,194,0,0.5192623281054274,0.3701724860363515,30,middle
30795,195,0,0.9801644474809912,0.36946121856899644,30,middle
30796,196,0,0.1356983749405846,0.43294445204176357,30,middle
30797,197,0,0.4197942360000194,0.3012642972931278,30,middle
30798,198,0,0.7012284376779674,0.2530458427340614,30,middle
30799,199,0,0.4782996471209704,0.4555528288380385,30,middle
30800,0,0,0.5688046247820173,0.6650912508625761,30,late
30801,1,0,0.10704905023890948,0.6770650045413478,30,late
30802,2,0,0.7989117412280732,0.5519133707910538,30,late
30803,3,0,0.40548752036369495,0.5371618952109618,30,late
30804,4,0,0.20219268108931626,0.5255214533330328,30,late
30805,5,0,0.4892477987924004,0.3810403160781278,30,late
30806,6,0,0.8248200807810934,0.38226461864502653,30,late
30807,7,0,0.320117617508615,0.6202407859412562,30,late
30808,8,0,0.6995050583116362,0.41086048158706856,30,late
30809,9,0,0.4987419088869361,0.5408897717171555,30,late
30810,10,0,0.733102700475271,0.654208061309178,30,late
30811,11,0,0.8591300019062871,0.49387996350970714,30,late
30812,12,0,0.5011632988233437,0.4990919031616184,30,late
30813,13,0,0.06745783555363251,0.7816307259689037,30,late
30814,14,0,0.35096789855514476,0.5977262756036086,30,late
30815,15,0,0.831004373808021,0.29939668894170735,30,late
30816,16,0,0.4943273386063507,0.42443072628634526,30,late
30817,17,0,0.9467833653763189,0.4182005277516308,30,late
30818,18,0,0.5330519409257829,0.43964507780916395,30,late
30819,19,0,0.5832016905377964,0.4797858540125871,30,late
30820,20,0,0.5942539766054422,0.48893461696081564,30,late
30821,21,0,0.8521198229202003,0.38870338594282683,30,late
30822,22,0,0.8772749059330774,0.5387445512076909,30,late
30823,23,0,0.8158360214852347,0.5637504623044867,30,late
30824,24,0,0.4075946794367032,0.5867560862994363,30,late
30825,25,0,0.04946808102445857,0.5391025932616749,30,late
30826,26,0,0.5215094923616428,0.4586029650326887,30,late
30827,27,0,0.7390981704983899,0.37880533501565833,30,late
30828,28,0,0.5244932258586947,0.41294777318755016,30,late
30829,29,0,0.9739685794248323,0.41607879165287975,30,late
30830,30,0,0.46292717048729265,0.3734315812948273,30,late
30831,31,0,0.992037335750972,0.3034641624581146,30,late
30832,32,0,0.18490654718881522,0.5556948534888255,30,late
30833,33,0,0.991147793679674,0.5147916736709324,30,late
30834,34,0,0.5681095299273347,0.4019161173405156,30,late
30835,35,0,0.9886122820191436,0.42118855228840235,30,late
30836,36,0,0.5311932674415634,0.5521538094139335,30,late
30837,37,0,0.6515295844640019,0.38814799095684344,30,late
30838,38,0,0.5644457295463343,0.42622899122906655,30,late
30839,39,0,0.6432641473838292,0.4135228016059841,30,late
30840,40,0,0.43590127750640967,0.5662173373643161,30,late
30841,41,0,0.16790733181895864,0.5442770823965846,30,late
30842,42,0,0.6635653335054761,0.45256260108613083,30,late
30843,43,0,0.7312769389836306,0.5504544126075894,30,late
30844,44,0,0.5280550103844519,0.45226782714202524,30,late
30845,45,0,0.8386411569834604,0.3611664294699124,30,late
30846,46,0,0.48618176478957154,0.40806313793940696,30,late
30847,47,0,0.6652207709338692,0.5047042144602345,30,late
30848,48,0,0.500266601252536,0.40503492807662334,30,late
30849,49,0,0.29068847257689623,0.42355179055573844,30,late
30850,50,0,0.3378321489218398,0.6130820501141357,30,late
30851,51,0,0.7281523618173412,0.4760711565088277,30,late
30852,52,0,0.4743338594533427,0.4164737077982955,30,late
30853,53,0,0.25842587334609757,0.5208466217092445,30,late
30854,54,0,0.1753025211048586,0.8512366485244767,30,late
30855,55,0,0.7812714757798171,0.2768171639353569,30,late
30856,56,0,0.487331535517942,0.4529362450102633,30,late
30857,57,0,0.8114429146836153,0.30134412440362174,30,late
30858,58,0,0.20273858526187086,0.5375692184356177,30,late
30859,59,0,0.8738845769191509,0.20440573748377128,30,late
30860,60,0,0.528843976952019,0.39668268284577624,30,late
30861,61,0,0.450035776204027,0.6603515776964406,30,late
30862,62,0,0.7691346011863849,0.4505684479439186,30,late
30863,63,0,0.18737792411243545,0.7349111088157037,30,late
30864,64,0,0.6012262471332528,0.4962505378442541,30,late
30865,65,0,0.294877034077796,0.698609671074438,30,late
30866,66,0,0.5605054089531691,0.3922598253909272,30,late
30867,67,0,0.06391312758083256,0.5173933506766762,30,late
30868,68,0,0.47139949673379883,0.4666369422409203,30,late
30869,69,0,0.11299446393425928,0.654226417065964,30,late
30870,70,0,0.5359979508595543,0.33882854175637755,30,late
30871,71,0,0.814180125823147,0.4426893997873782,30,late
30872,72,0,0.26955917641384036,0.3681960694035097,30,late
30873,73,0,0.6968728732419487,0.49769934502295243,30,late
30874,74,0,0.5395993032601033,0.31131489653052646,30,late
30875,75,0,0.351431642974788,0.5063421856491556,30,late
30876,76,0,0.5373073098655118,0.4511113337949649,30,late
30877,77,0,0.33630252939528127,0.5435051984348902,30,late
30878,78,0,0.43756032559754365,0.492502211151817,30,late
30879,79,0,0.2406933867986087,0.50703929956596,30,late
30880,80,0,0.3903900428576881,0.4510729798990437,30,late
30881,81,0,0.37687130550307824,0.41205791917441004,30,late
30882,82,0,0.4383820750128565,0.27274174892723385,30,late
30883,83,0,0.8651868740685216,0.36864848976507647,30,late
30884,84,0,0.5407615576030602,0.3348989536974589,30,late
30885,85,0,0.7294145062381184,0.345619134404772,30,late
30886,86,0,0.6357688679741287,0.4380316633645731,30,late
30887,87,0,0.5668609936396979,0.4098383826295726,30,late
30888,88,0,0.3561564501783285,0.6168689483268639,30,late
30889,89,0,0.7451947683835566,0.3842393618309958,30,late
30890,90,0,0.380508924120415,0.45531603673795795,30,late
30891,91,0,0.3957268716100606,0.4220042035401656,30,late
30892,92,0,0.6908088007639186,0.5018273157339721,30,late
30893,93,0,0.8154385693154581,0.41445595864943635,30,late
30894,94,0,0.3370547556028411,0.46516114825669164,30,late
30895,95,0,0.645391778167671,0.3436716061620132,30,late
30896,96,0,0.5719772071297277,0.38784461868505804,30,late
30897,97,0,0.7402018097597611,0.46980816998336283,30,late
30898,98,0,0.5006284671996614,0.4180006960189305,30,late
30899,99,0,0.6568374350066456,0.46768960371877477,30,late
30900,100,0,0.7969307886305232,0.3652694569512691,30,late
30901,101,0,0.650579906934398,0.3555730344913399,30,late
30902,102,0,0.5621060525724305,0.3384552378894629,30,late
30903,103,0,0.5175541395749497,0.5551319957891743,30,late
30904,104,0,0.4250356613224881,0.4125142428404898,30,late
30905,105,0,0.4309183188272955,0.5628495188362067,30,late
30906,106,0,0.9501708950159335,0.6675960806366797,30,late
30907,107,0,0.7129913727628003,0.4532769722617891,30,late
30908,108,0,0.9157607460297212,0.25520361332125285,30,late
30909,109,0,0.4173689739826775,0.7668924420646437,30,late
30910,110,0,0.7712337942861384,0.3193214355822813,30,late
30911,111,0,0.636695140472501,0.3455574241224764,30,late
30912,112,0,0.8175498898904767,0.27944805654998245,30,late
30913,113,0,0.37074311900491413,0.5262649421314851,30,late
30914,114,0,0.541746090463031,0.4022351996712499,30,late
30915,115,0,0.5793687326725467,0.39837063275819024,30,late
30916,116,0,0.7628207874074053,0.3251039454273136,30,late
30917,117,0,0.99712709210328,0.5876279841083605,30,late
30918,118,0,0.357956184894461,0.39852163120061584,30,late
30919,119,0,0.46857286000529186,0.2589540436855796,30,late
30920,120,0,0.3321962769395869,0.5094383030289987,30,late
30921,121,0,0.2869103988339866,0.41370121119127296,30,late
30922,122,0,0.110902981465829,0.5345839439776496,30,late
30923,123,0,0.7442614936730858,0.33258848512961436,30,late
30924,124,0,0.2724072553019716,0.38789332394129106,30,late
30925,125,0,0.26805256139151473,0.479563107704842,30,late
30926,126,0,0.5361635235964544,0.3536395385877439,30,late
30927,127,0,0.47730358216119395,0.46498675109895393,30,late
30928,128,0,0.11790119167859311,0.5364564176070484,30,late
30929,129,0,0.37191864336103225,0.3315897072359794,30,late
30930,130,0,0.2861273810992109,0.5408391887800934,30,late
30931,131,0,0.37049853622803813,0.42117186496074493,30,late
30932,132,0,0.18247256759640085,0.4781596658356867,30,late
30933,133,0,0.45025865761100176,0.3270902448656706,30,late
30934,134,0,0.3788263527614966,0.4895888960958621,30,late
30935,135,0,0.43673255920282816,0.38443198050066407,30,late
30936,136,0,0.3385963537594752,0.32259021406125055,30,late
30937,137,0,0.22778055743471204,0.5097485425489873,30,late
30938,138,0,0.7384936589077152,0.4318369928242069,30,late
30939,139,0,0.3278108261261081,0.42090259067094543,30,late
30940,140,0,0.5892050738783361,0.4067154261922873,30,late
30941,141,0,0.2306227442351591,0.38631556251449284,30,late
30942,142,0,0.5121688596681679,0.5315050508409864,30,late
30943,143,0,0.4203396981831344,0.39211320711318975,30,late
30944,144,0,0.5706482151815722,0.32425843892560724,30,late
30945,145,0,0.5497146470059384,0.5554855772983902,30,late
30946,146,0,0.7250460558883565,0.3794916100818421,30,late
30947,147,0,0.9187772020769882,0.28789295654642577,30,late
30948,148,0,0.5032201568903613,0.5450976699443609,30,late
30949,149,0,0.24591202139309923,0.4494387438572655,30,late
30950,150,0,0.546303861578038,0.557864530455344,30,late
30951,151,0,0.6483945460202521,0.5419816999969741,30,late
30952,152,0,0.9383790731170896,0.27093909275233363,30,late
30953,153,0,0.8228589463532426,0.4082392641645204,30,late
30954,154,0,0.5940824519719232,0.5257647594108787,30,late
30955,155,0,0.35908987096789186,0.4628042726242183,30,late
30956,156,0,0.753909439329375,0.3406515060627457,30,late
30957,157,0,0.26312810127931596,0.2893318050800874,30,late
30958,158,0,0.0878735192087868,0.3265638964503666,30,late
30959,159,0,0.7280408023070652,0.3698403192469289,30,late
30960,160,0,0.9283788141181671,0.46392231221031865,30,late
30961,161,0,0.912235510086538,0.4152681079147575,30,late
30962,162,0,0.4365252907922118,0.42522735877113477,30,late
30963,163,0,0.35619270144678994,0.5675999596372963,30,late
30964,164,0,0.05240001337630276,0.4023166435864163,30,late
30965,165,0,0.48387667930625344,0.641556574747496,30,late
30966,166,0,0.06141868362823831,0.4914991835932909,30,late
30967,167,0,0.5154154873462308,0.3421951197026384,30,late
30968,168,0,0.4683812562733305,0.5126685940362579,30,late
30969,169,0,0.944830708909087,0.4971208678493466,30,late
30970,170,0,0.47509572682064527,0.4794590738421716,30,late
30971,171,0,0.421965268373087,0.3972717118354409,30,late
30972,172,0,0.3954505714325025,0.338174864451112,30,late
30973,173,0,0.2748083004336622,0.5127668631425562,30,late
30974,174,0,0.7366724717452471,0.28579069819169667,30,late
30975,175,0,0.46955948219878973,0.38939381551708313,30,late
30976,176,0,0.16444000056265107,0.568889699371111,30,late
30977,177,0,0.6324605783649246,0.36346340343312417,30,late
30978,178,0,0.6505541229196551,0.47901592603858756,30,late
30979,179,0,0.6742804230121703,0.314530029401513,30,late
30980,180,0,0.4127783199869198,0.41570469879335764,30,late
30981,181,0,0.4731777509816255,0.42044463231289786,30,late
30982,182,0,0.528990952522984,0.33118312898541086,30,late
30983,183,0,0.5197782926634987,0.41434063329111925,30,late
30984,184,0,0.7406289849401525,0.21635997360266024,30,late
30985,185,0,0.39803950139955174,0.6185661416162822,30,late
30986,186,0,0.345547075161594,0.7490105006386845,30,late
30987,187,0,0.8429334642033641,0.2975049220876264,30,late
30988,188,0,0.6271019387945196,0.34211569533846165,30,late
30989,189,0,0.20830967430767228,0.46651404717056144,30,late
30990,190,0,0.44139304212644714,0.3104102094863891,30,late
30991,191,0,0.7283031557703747,0.3374195275123289,30,late
30992,192,0,0.6808439633278446,0.26770321814049647,30,late
30993,193,0,0.7462482426125318,0.2785026927954911,30,late
30994,194,0,0.46510236643456265,0.3126830014869253,30,late
30995,195,0,0.9131748389760365,0.26795097855518013,30,late
30996,196,0,0.45214417874062995,0.43416102953285657,30,late
30997,197,0,0.8436280660099937,0.4512654968907781,30,late
30998,198,0,0.7208962672707558,0.3647538017871587,30,late
30999,199,0,0.5145681422987617,0.5757126579313916,30,late
31000,0,0,0.23484638811079145,0.8438179788529225,31,interleaved
31001,1,0,0.054553942282509246,0.6558066698731435,31,interleaved
31002,2,0,0.39349041716490196,0.6346631751454139,31,interleaved
31003,3,0,0.9554795337281612,0.4769001715203304,31,interleaved
31004,4,0,0.24632892197323164,0.5576701924332047,31,interleaved
31005,5,0,0.5678644442553359,0.574792366966564,31,interleaved
31006,6,0,0.8341059047577217,0.48307661710985217,31,interleaved
31007,7,0,0.41933937265579846,0.6832416212712997,31,interleaved
31008,8,0,0.988615277199872,0.39675835429219763,31,interleaved
31009,9,0,0.4906064974792143,0.6377545969011126,31,interleaved
31010,10,0,0.6997791629384614,0.48648920343932744,31,interleaved
31011,11,0,0.5619178539208857,0.48454640156020223,31,interleaved
31012,12,0,0.2254306504611076,0.4351352370529097,31,interleaved
31013,13,0,0.37282462303806724,0.46412389446227903,31,interleaved
31014,14,0,0.5207330570784195,0.4827878367298372,31,interleaved
31015,15,0,0.5496383094575151,0.5755439903577495,31,interleaved
31016,16,0,0.35525660192611197,0.6051061545874308,31,interleaved
31017,17,0,0.689757457994555,0.4428893566951949,31,interleaved
31018,18,0,0.54778265600367,0.4640722413062115,31,interleaved
31019,19,0,0.28810075398370594,0.6672755254480873,31,interleaved
31020,20,0,0.4814713282565366,0.6090249264551437,31,interleaved
31021,21,0,0.1931802956277617,0.91730125084833,31,interleaved
31022,22,0,0.6150348597195617,0.476096972710388,31,interleaved
31023,23,0,0.28838091132145127,0.43593857031510586,31,interleaved
31024,24,0,0.7782764259529062,0.6433950671522013,31,interleaved
31025,25,0,0.4923764334506503,0.6751796877961733,31,interleaved
31026,26,0,0.6811767640924227,0.4881054262041534,31,interleaved
31027,27,0,0.5849837853837327,0.48635084483486285,31,interleaved
31028,28,0,0.4710589567668159,0.48098511122655807,31,interleaved
31029,29,0,0.6505757207840314,0.38253663021713913,31,interleaved
31030,30,0,0.5877019933694719,0.6816273447096011,31,interleaved
31031,31,0,0.6502339699727128,0.47741427763336775,31,interleaved
31032,32,0,0.585308020221107,0.44974234570715876,31,interleaved
31033,33,0,0.33105219092568505,0.46955377451602903,31,interleaved
31034,34,0,0.7096032621143122,0.3767472435703607,31,interleaved
31035,35,0,0.2064373853500842,0.46555064724922135,31,interleaved
31036,36,0,0.4876965476454434,0.5952899111062478,31,interleaved
31037,37,0,0.13106206761552242,0.49331712118330334,31,interleaved
31038,38,0,0.9850547477707299,0.5288520875470615,31,interleaved
31039,39,0,0.6356455754425547,0.48241194415005095,31,interleaved
31040,40,0,0.49091024279436324,0.6934902657357984,31,interleaved
31041,41,0,0.3668897811969233,0.6475158146084867,31,interleaved
31042,42,0,0.08378219912228205,0.45439856061174255,31,interleaved
31043,43,0,0.17441438227175987,0.6671682991917072,31,interleaved
31044,44,0,0.5277223455573284,0.3584554235641969,31,interleaved
31045,45,0,0.8416461309966032,0.4436921736457289,31,interleaved
31046,46,0,0.7986993836712293,0.36920412170099765,31,interleaved
31047,47,0,0.6076399811879376,0.30083561098053924,31,interleaved
31048,48,0,0.588406925494078,0.49189484912128867,31,interleaved
31049,49,0,0.6955725838358184,0.3570956058468292,31,interleaved
31050,50,0,0.06153606149222219,0.46482092462806734,31,interleaved
31051,51,0,0.8950431233387395,0.48117523286234043,31,interleaved
31052,52,0,0.45379077835019865,0.3857816884763582,31,interleaved
31053,53,0,0.757069647825357,0.34761340678135033,31,interleaved
31054,54,0,0.33088591571882686,0.3939087918625087,31,interleaved
31055,55,0,0.7315097730661778,0.41498385624846873,31,interleaved
31056,56,0,0.6436847831961687,0.3196069079478199,31,interleaved
31057,57,0,0.1519078158244045,0.572842441638884,31,interleaved
31058,58,0,0.5195385770894965,0.3573285654229774,31,interleaved
31059,59,0,0.7995485886280134,0.4893456858476408,31,interleaved
31060,60,0,0.6147787009883621,0.36477436182489736,31,interleaved
31061,61,0,0.047368127042098446,0.6838458117585287,31,interleaved
31062,62,0,0.409791972149006,0.36241808102910045,31,interleaved
31063,63,0,0.6268863675407387,0.40533501972730623,31,interleaved
31064,64,0,0.9749539572172001,0.5251583813897174,31,interleaved
31065,65,0,0.09613066449235105,0.5579953515101426,31,interleaved
31066,66,0,0.44301861523327707,0.34909458598822374,31,interleaved
31067,67,0,0.44554589320166615,0.5167381371560392,31,interleaved
31068,68,0,0.7463251051536809,0.3538507886321606,31,interleaved
31069,69,0,0.5289484091962653,0.2874129650202222,31,interleaved
31070,70,0,0.9323338703959028,0.43411934634105565,31,interleaved
31071,71,0,0.520220889173021,0.6739512899731421,31,interleaved
31072,72,0,0.1814718756716649,0.5344391856834538,31,interleaved
31073,73,0,0.13033272095612985,0.6918670299596303,31,interleaved
31074,74,0,0.6383386788341212,0.45942120544570586,31,interleaved
31075,75,0,0.8159997070975786,0.5933906205733044,31,interleaved
31076,76,0,0.47861808371654296,0.6222525612773858,31,interleaved
31077,77,0,0.43927438954343356,0.42951070937323543,31,interleaved
31078,78,0,0.5121314681485327,0.39452578509689495,31,interleaved
31079,79,0,0.5992526108993081,0.43187560578906486,31,interleaved
31080,80,0,0.386930686390079,0.6307117657733866,31,interleaved
31081,81,0,0.3869087018262523,0.5723600348795733,31,interleaved
31082,82,0,0.7005187014102613,0.511417644346592,31,interleaved
31083,83,0,0.5683860857838782,0.41135248855224027,31,interleaved
31084,84,0,0.6052400650929743,0.3978988696231157,31,interleaved
31085,85,0,0.38380710742017043,0.47488643333488595,31,interleaved
31086,86,0,0.7363553856831406,0.540513947504337,31,interleaved
31087,87,0,0.6770586774436136,0.4307239565726445,31,interleaved
31088,88,0,0.7278211916331976,0.527776209792744,31,interleaved
31089,89,0,0.23515226227708463,0.5270373924934946,31,interleaved
31090,90,0,0.7383198870922376,0.36168920413906525,31,interleaved
31091,91,0,0.2322770127557337,0.44278608251613866,31,interleaved
31092,92,0,0.4576504594072186,0.48926897886230447,31,interleaved
31093,93,0,0.5022537147869661,0.6704149532372639,31,interleaved
31094,94,0,0.9295335258892045,0.5419936810353299,31,interleaved
31095,95,0,0.607703377862675,0.4361590626593083,31,interleaved
31096,96,0,0.2639241236463388,0.4272143354366583,31,interleaved
31097,97,0,0.22430100864239494,0.596521128636601,31,interleaved
31098,98,0,0.3660550643235369,0.4884384068911435,31,interleaved
31099,99,0,0.34050313398178805,0.483958673524719,31,interleaved
31100,100,0,0.5279642598164052,0.40414180136205113,31,interleaved
31101,101,0,0.23831025253075677,0.9484690601279755,31,interleaved
31102,102,0,0.4870445600442016,0.7195637505967908,31,interleaved
31103,103,0,0.8268228078693991,0.42961580126389387,31,interleaved
31104,104,0,0.4183545205997282,0.5440544022058655,31,interleaved
31105,105,0,0.8349763354815269,0.42560923660700706,31,interleaved
31106,106,0,0.8034235603707334,0.5518978676315203,31,interleaved
31107,107,0,0.8309734524403063,0.30656332436529843,31,interleaved
31108,108,0,0.8967103063501014,0.39140104197865155,31,interleaved
31109,109,0,0.49799292617218444,0.673532288328996,31,interleaved
31110,110,0,0.1649866371865528,0.542428737072964,31,interleaved
31111,111,0,0.08475994728142572,0.5020163022390606,31,interleaved
31112,112,0,0.422706673766853,0.3467737214866724,31,interleaved
31113,113,0,0.8051536853712226,0.4495044982040171,31,interleaved
31114,114,0,0.1973053309206455,0.5987631772316482,31,interleaved
31115,115,0,0.7729439297590608,0.4091037156741917,31,interleaved
31116,116,0,0.6609129136660635,0.40696100422246073,31,interleaved
31117,117,0,0.944079852843583,0.3856194714206369,31,interleaved
31118,118,0,0.13556182637000197,0.5099743133739015,31,interleaved
31119,119,0,0.5209414848894465,0.4187173435531222,31,interleaved
31120,120,0,0.5993664989126442,0.42749103503524694,31,interleaved
31121,121,0,0.7051814495525023,0.5336834313997127,31,interleaved
31122,122,0,0.49770929772845873,0.5202099898655985,31,interleaved
31123,123,0,0.21395736261574885,0.39876116644635834,31,interleaved
31124,124,0,0.3213166808447106,0.4034690413855656,31,interleaved
31125,125,0,0.4018258783816926,0.45389130801571825,31,interleaved
31126,126,0,0.5339438763233922,0.531151155507374,31,interleaved
31127,127,0,0.4993844981521354,0.33840137822542926,31,interleaved
31128,128,0,0.5316257618899325,0.4259287603095391,31,interleaved
31129,129,0,0.5867559007297243,0.46132438022814276,31,interleaved
31130,130,0,0.6606708875516624,0.36787928130269903,31,interleaved
31131,131,0,0.6719765192724755,0.3026365638899328,31,interleaved
31132,132,0,0.4539696997056483,0.3858385293669366,31,interleaved
31133,133,0,0.8574752819335655,0.3047885191086082,31,interleaved
31134,134,0,0.3096936183338833,0.4041361679297492,31,interleaved
31135,135,0,0.6100234482338327,0.3975059339641164,31,interleaved
31136,136,0,0.5885029968459985,0.4818605100472888,31,interleaved
31137,137,0,0.9304091385738393,0.5021188882863349,31,interleaved
31138,138,0,0.1457017521829892,0.5040660743387771,31,interleaved
31139,139,0,0.7576649673675139,0.3406383311427955,31,interleaved
31140,140,0,0.13437583267491854,0.43840432940185836,31,interleaved
31141,141,0,0.5656459902664863,0.3670349307334886,31,interleaved
31142,142,0,0.4745955177146095,0.38561291955218424,31,interleaved
31143,143,0,0.6319243342954333,0.40169227813316805,31,interleaved
31144,144,0,0.454833469540599,0.43861245445961744,31,interleaved
31145,145,0,0.08176035458538651,0.5180871851148477,31,interleaved
31146,146,0,0.5350709066983593,0.4312109425465599,31,interleaved
31147,147,0,0.19968428373485567,0.6360261265569833,31,interleaved
31148,148,0,0.5655672746329563,0.46692506553763347,31,interleaved
31149,149,0,0.6014588875282774,0.43197339280564995,31,interleaved
31150,150,0,0.30720776847766373,0.6008609778964455,31,interleaved
31151,151,0,0.422495370990483,0.45131192828509825,31,interleaved
31152,152,0,0.582463716129236,0.3566401870261714,31,interleaved
31153,153,0,0.43122050488000857,0.2958969327604631,31,interleaved
31154,154,0,0.617040148616244,0.35086260754259785,31,interleaved
31155,155,0,0.8367223413143735,0.3883155940555488,31,interleaved
31156,156,0,0.6863601357351414,0.39295864065291586,31,interleaved
31157,157,0,0.5662901294572849,0.3200931923574456,31,interleaved
31158,158,0,0.49509411645400603,0.6542777794408349,31,interleaved
31159,159,0,0.06688308268522308,0.6193898042312866,31,interleaved
31160,160,0,0.8313170544472008,0.3214216975571539,31,interleaved
31161,161,0,0.5727736309847432,0.3550884118674652,31,interleaved
31162,162,0,0.1959085719003782,0.41204262949963943,31,interleaved
31163,163,0,0.6421841904150224,0.5122449653323082,31,interleaved
31164,164,0,0.6547230849947692,0.4514672055006094,31,interleaved
31165,165,0,0.6279392035125079,0.5595072182661649,31,interleaved
31166,166,0,0.28428427338311785,0.35806232756889556,31,interleaved
31167,167,0,0.3542162040037033,0.4111748246876956,31,interleaved
31168,168,0,0.44904814527946935,0.5744196087973468,31,interleaved
31169,169,0,0.5912217316992924,0.3701876051612121,31,interleaved
31170,170,0,0.561765080295462,0.36197764906001806,31,interleaved
31171,171,0,0.5557750471898012,0.3948716854499535,31,interleaved
31172,172,0,0.5347647674265383,0.547770662412314,31,interleaved
31173,173,0,0.24000401218297418,0.40962755750415414,31,interleaved
31174,174,0,0.889417813230461,0.4396305150907761,31,interleaved
31175,175,0,0.4793479036590982,0.48964531496790165,31,interleaved
31176,176,0,0.5662130800922486,0.35278940577901585,31,interleaved
31177,177,0,0.49671844794632924,0.4886345913463642,31,interleaved
31178,178,0,0.5958278599427032,0.2575150395654711,31,interleaved
31179,179,0,0.38176963621417104,0.3134833944376121,31,interleaved
31180,180,0,0.2091247390016936,0.3747137722230855,31,interleaved
31181,181,0,0.5889958714870496,0.3647048495823286,31,interleaved
31182,182,0,0.7909063928410784,0.3819933455001918,31,interleaved
31183,183,0,0.8394504065310266,0.4595131505437742,31,interleaved
31184,184,0,0.06596443522702913,0.6785419024089444,31,interleaved
31185,185,0,0.6504581201961458,0.4020928134692926,31,interleaved
31186,186,0,0.28392467210926253,0.2974780007124037,31,interleaved
31187,187,0,0.4972502267065253,0.4303013769386316,31,interleaved
31188,188,0,0.8691394248207509,0.3708716861305747,31,interleaved
31189,189,0,0.9910477731029081,0.29808296006057344,31,interleaved
31190,190,0,0.8852614030201403,0.5371624216227112,31,interleaved
31191,191,0,0.3753584411864443,0.4946261665422157,31,interleaved
31192,192,0,0.8566685901816417,0.5238313674763091,31,interleaved
31193,193,0,0.9774929965804305,0.2976565672801806,31,interleaved
31194,194,0,0.23673155900999954,0.4690577770556373,31,interleaved
31195,195,0,0.3703598725717231,0.3152307803401245,31,interleaved
31196,196,0,0.6089728446350678,0.4361478767775119,31,interleaved
31197,197,0,0.7116070347458698,0.27194195748410094,31,interleaved
31198,198,0,0.6027495546905638,0.5069480673727806,31,interleaved
31199,199,0,0.8251840498132568,0.4725103477426084,31,interleaved
31200,0,0,0.9431154442972969,0.7980629634567296,31,blocked
31201,1,0,0.9784877451511353,0.9867731254862505,31,blocked
31202,2,0,0.8636993948721481,0.4740448152166361,31,blocked
31203,3,0,0.906003313162461,0.4560857103762991,31,blocked
31204,4,0,0.9334728850116112,0.4463889724841583,31,blocked
31205,5,0,0.7942813423632231,0.5401334668641049,31,blocked
31206,6,0,0.7898576075464476,0.4689623958648149,31,blocked
31207,7,0,0.19329499225101035,0.618466503880982,31,blocked
31208,8,0,0.9229723505664844,0.5315660983235727,31,blocked
31209,9,0,0.8889657239382686,0.38910088951134175,31,blocked
31210,10,0,0.2963310098453215,0.782445132905468,31,blocked
31211,11,0,0.8877388287669543,0.5018024556863562,31,blocked
31212,12,0,0.8876528312642847,0.3897287620517768,31,blocked
31213,13,0,0.12590235301539154,0.5797858226577424,31,blocked
31214,14,0,0.246057226729072,0.41604755671751437,31,blocked
31215,15,0,0.12829924575468374,0.5999986015605794,31,blocked
31216,16,0,0.28142798955292136,0.4515603689772538,31,blocked
31217,17,0,0.180835131162452,0.623872490610214,31,blocked
31218,18,0,0.7090545612361255,0.5136468200334046,31,blocked
31219,19,0,0.4395845232960632,0.5935735079635938,31,blocked
31220,20,0,0.60674408895409,0.6017787088340603,31,blocked
31221,21,0,0.6159088156345962,0.6472710538532898,31,blocked
31222,22,0,0.9219810258687018,0.4491167704576318,31,blocked
31223,23,0,0.9709466783334655,0.3555271727581051,31,blocked
31224,24,0,0.908146810316676,0.6225313878944647,31,blocked
31225,25,0,0.9282135145976256,0.376363726210617,31,blocked
31226,26,0,0.09699634540725731,0.6421120566946054,31,blocked
31227,27,0,0.846670485122158,0.5139776902738087,31,blocked
31228,28,0,0.19132687872153645,0.5598573462969466,31,blocked
31229,29,0,0.6190649427935363,0.43911764556783467,31,blocked
31230,30,0,0.46214450334704593,0.5122245299563443,31,blocked
31231,31,0,0.5735288691930536,0.45752115542063887,31,blocked
31232,32,0,0.21075338711951952,0.5254170361743846,31,blocked
31233,33,0,0.19381902093955683,0.45542875161242324,31,blocked
31234,34,0,0.8424843719596813,0.5779244758378846,31,blocked
31235,35,0,0.7434139272801741,0.39523809037894686,31,blocked
31236,36,0,0.05362274064053726,0.6189696180567326,31,blocked
31237,37,0,0.7742815988450487,0.6328161187557235,31,blocked
31238,38,0,0.9251276408897826,0.36387863280938904,31,blocked
31239,39,0,0.9186310277129744,0.36271547237264756,31,blocked
31240,40,0,0.46659513285384496,0.5406304117662837,31,blocked
31241,41,0,0.11276193774834806,0.6149928121986106,31,blocked
31242,42,0,0.41491613961761176,0.4425059847947658,31,blocked
31243,43,0,0.46008293026227204,0.6353603712598921,31,blocked
31244,44,0,0.2047631790464089,0.6051009594271948,31,blocked
31245,45,0,0.3568374989465893,0.5557077917790492,31,blocked
31246,46,0,0.41031144302536443,0.5296257176654726,31,blocked
31247,47,0,0.49113442289523335,0.4787357767970234,31,blocked
31248,48,0,0.7887725422426264,0.5125417545789619,31,blocked
31249,49,0,0.30661828900666066,0.5901709232750509,31,blocked
31250,50,0,0.6331778724437934,0.5447258701631843,31,blocked
31251,51,0,0.7623466419273417,0.3768393973090025,31,blocked
31252,52,0,0.26003467456061025,0.38965398221700465,31,blocked
31253,53,0,0.35502437828293215,0.4818708381119962,31,blocked
31254,54,0,0.4867202654685636,0.5137622224358956,31,blocked
31255,55,0,0.8409338058112272,0.5586795175632797,31,blocked
31256,56,0,0.13475526547704395,0.5036605125938753,31,blocked
31257,57,0,0.51167361486006,0.37713374718791093,31,blocked
31258,58,0,0.5033310929024812,0.5196613677056974,31,blocked
31259,59,0,0.5029043533072715,0.5743586927756085,31,blocked
31260,60,0,0.41826327247312545,0.5587697300115004,31,blocked
31261,61,0,0.381290931654227,0.5221475136251572,31,blocked
31262,62,0,0.728425073370772,0.4035832110719376,31,blocked
31263,63,0,0.4581264595638312,0.5595965647660022,31,blocked
31264,64,0,0.811601446661719,0.3276134128461673,31,blocked
31265,65,0,0.6782550837723433,0.45330376467489986,31,blocked
31266,66,0,0.6722217863330464,0.35271641679137034,31,blocked
31267,67,0,0.27120662152215796,0.54494291573396,31,blocked
31268,68,0,0.6789121443836201,0.4646572780411327,31,blocked
31269,69,0,0.25098634952919785,0.6036584228924989,31,blocked
31270,70,0,0.42038910666951923,0.4440158068722131,31,blocked
31271,71,0,0.8001755650789135,0.33400183215656276,31,blocked
31272,72,0,0.024593751964521123,0.4887014113304158,31,blocked
31273,73,0,0.34749159456161927,0.41521159344162595,31,blocked
31274,74,0,0.581426620288248,0.3561675733725632,31,blocked
31275,75,0,0.7255045432213291,0.4807596651269801,31,blocked
31276,76,0,0.5362636876867065,0.4507440636652026,31,blocked
31277,77,0,0.7442961088730294,0.5228922175566075,31,blocked
31278,78,0,0.9977128577902876,0.38307084034819416,31,blocked
31279,79,0,0.43375556491162504,0.6240830654916203,31,blocked
31280,80,0,0.16420856096466574,0.5360157799493541,31,blocked
31281,81,0,0.7243551988091108,0.6226210900691923,31,blocked
31282,82,0,0.7458035944093888,0.40404173632258034,31,blocked
31283,83,0,0.11859401821994711,0.6085829744660098,31,blocked
31284,84,0,0.2045355607328908,0.5211119029135862,31,blocked
31285,85,0,0.6005528101154912,0.5471047582723978,31,blocked
31286,86,0,0.12644066358945874,0.4797788929320157,31,blocked
31287,87,0,0.1298449399979611,0.5389584146994446,31,blocked
31288,88,0,0.22746601888951515,0.4211266135773414,31,blocked
31289,89,0,0.21118631304419674,0.41617259072301993,31,blocked
31290,90,0,0.32304423758558554,0.3820464219558383,31,blocked
31291,91,0,0.15781612361546166,0.48767247249982126,31,blocked
31292,92,0,0.2236455359951626,0.4433783895828549,31,blocked
31293,93,0,0.422864664555782,0.5222518696537798,31,blocked
31294,94,0,0.25836350214123743,0.3782882856465021,31,blocked
31295,95,0,0.7509916367325074,0.3807163648736197,31,blocked
31296,96,0,0.30957939391783407,0.5282262650913764,31,blocked
31297,97,0,0.6507149013867594,0.46508388593092775,31,blocked
31298,98,0,0.7601710669832884,0.31193884226943663,31,blocked
31299,99,0,0.8368162150796845,0.3873095051890785,31,blocked
31300,100,0,0.680877427395314,0.2838807174259783,31,blocked
31301,101,0,0.24647950061756935,0.44345652024548776,31,blocked
31302,102,0,0.19569129864875526,0.4528518967528816,31,blocked
31303,103,0,0.0895276939189616,0.6830388645757015,31,blocked
31304,104,0,0.43876467922429885,0.4625359237973571,31,blocked
31305,105,0,0.3347913976029813,0.36643533068492984,31,blocked
31306,106,0,0.7040767631381278,0.3426379407768506,31,blocked
31307,107,0,0.2665031589248306,0.4329294559236774,31,blocked
31308,108,0,0.39222517892369424,0.39301443701556493,31,blocked
31309,109,0,0.5839563803497456,0.5554188094928009,31,blocked
31310,110,0,0.32296003329418665,0.5350954241960449,31,blocked
31311,111,0,0.4282443660248161,0.48243410850532176,31,blocked
31312,112,0,0.4950354191346349,0.4255327585284766,31,blocked
31313,113,0,0.4441850912478174,0.34767106145827187,31,blocked
31314,114,0,0.5490805710639037,0.3985694613127469,31,blocked
31315,115,0,0.572956729880862,0.5635977698694028,31,blocked
31316,116,0,0.48874739420914054,0.49121610226783297,31,blocked
31317,117,0,0.46594501445038183,0.35940466473001664,31,blocked
31318,118,0,0.4514365094334276,0.41468762268116044,31,blocked
31319,119,0,0.6828562048556666,0.4566006636033842,31,blocked
31320,120,0,0.518774828115688,0.5409311574223525,31,blocked
31321,121,0,0.3799150288029565,0.5679441895035005,31,blocked
31322,122,0,0.0547236875830216,0.47187603516385024,31,blocked
31323,123,0,0.6591545886178832,0.3111059978350897,31,blocked
31324,124,0,0.4427809709107984,0.45183174538431253,31,blocked
31325,125,0,0.6442009687844619,0.3184372636907453,31,blocked
31326,126,0,0.4805308568115391,0.5010618176286912,31,blocked
31327,127,0,0.5405699519530769,0.5128866074612266,31,blocked
31328,128,0,0.7518776099982352,0.3433866731774571,31,blocked
31329,129,0,0.07407341450887128,0.4201244809374194,31,blocked
31330,130,0,0.2713887556646849,0.45682577717379147,31,blocked
31331,131,0,0.32900461073284726,0.3354887935375732,31,blocked
31332,132,0,0.4385903559216756,0.3955928281433203,31,blocked
31333,133,0,0.516863821873163,0.5371384362666729,31,blocked
31334,134,0,0.8111305924961736,0.3181245595703543,31,blocked
31335,135,0,0.9795328734468345,0.3321210948423656,31,blocked
31336,136,0,0.08036036005275687,0.4211112982333157,31,blocked
31337,137,0,0.6382803086728843,0.4828042170248906,31,blocked
31338,138,0,0.5477146914490673,0.45090643572702904,31,blocked
31339,139,0,0.7053908953496851,0.49948632216676414,31,blocked
31340,140,0,0.3561466850147737,0.5657998834201275,31,blocked
31341,141,0,0.24799184638769564,0.4057223677841649,31,blocked
31342,142,0,0.514285771211973,0.48919829006525484,31,blocked
31343,143,0,0.8121347609815959,0.36140358670474204,31,blocked
31344,144,0,0.4923072471459558,0.3005680456427662,31,blocked
31345,145,0,0.8710995368597303,0.451344975633511,31,blocked
31346,146,0,0.7977006375519996,0.3634134090143902,31,blocked
31347,147,0,0.9535537143146311,0.31978025754814454,31,blocked
31348,148,0,0.4584333485924849,0.2917419537652135,31,blocked
31349,149,0,0.695621312408883,0.46890168575066876,31,blocked
31350,150,0,0.6915255458315162,0.34249015011160056,31,blocked
31351,151,0,0.8072177312563553,0.37983473012409263,31,blocked
31352,152,0,0.8020984362080694,0.3233838096427135,31,blocked
31353,153,0,0.11081057429815266,0.5433835910549222,31,blocked
31354,154,0,0.6124219203307157,0.5282647463877737,31,blocked
31355,155,0,0.985012592004475,0.30106769653690724,31,blocked
31356,156,0,0.9450375498099434,0.37413892721470376,31,blocked
31357,157,0,0.5034257244800844,0.3727746281685418,31,blocked
31358,158,0,0.6472509239352215,0.313666993249618,31,blocked
31359,159,0,0.05632672356050488,0.6108108917666426,31,blocked
31360,160,0,0.4254640871633556,0.389772776639182,31,blocked
31361,161,0,0.5607515616367038,0.37427985205188485,31,blocked
31362,162,0,0.5919274188069105,0.3553030133907654,31,blocked
31363,163,0,0.6107092014754724,0.4202741367709194,31,blocked
31364,164,0,0.5323834031847724,0.3521502350595023,31,blocked
31365,165,0,0.34010855662088935,0.45687110395800834,31,blocked
31366,166,0,0.5695047892527737,0.6123213731488615,31,blocked
31367,167,0,0.12967579914316435,0.5135856098615632,31,blocked
31368,168,0,0.6311447605627012,0.3049399026896682,31,blocked
31369,169,0,0.8637843815299073,0.35034751313709,31,blocked
31370,170,0,0.7116398225100012,0.37081831904629675,31,blocked
31371,171,0,0.8926389275296747,0.4053751862626851,31,blocked
31372,172,0,0.7591541608112184,0.36140460919338707,31,blocked
31373,173,0,0.15939737799163692,0.40496846028608136,31,blocked
31374,174,0,0.31422070350926445,0.4529234243836554,31,blocked
31375,175,0,0.5087818694845081,0.6107582343425577,31,blocked
31376,176,0,0.6397512989208447,0.5042845335312102,31,blocked
31377,177,0,0.9073030292218258,0.43165590165456064,31,blocked
31378,178,0,0.5057510850625421,0.36698340404862917,31,blocked
31379,179,0,0.7033021535799376,0.3498365329380533,31,blocked
31380,180,0,0.8025027525328114,0.3162988625415202,31,blocked
31381,181,0,0.46743666532124595,0.40397948522880106,31,blocked
31382,182,0,0.19546566497853332,0.4103598402239362,31,blocked
31383,183,0,0.40858535200943025,0.4954964009882489,31,blocked
31384,184,0,0.7247649064900388,0.40602719708898644,31,blocked
31385,185,0,0.20531239999267617,0.376345630121133,31,blocked
31386,186,0,0.40851674279812566,0.45916139519594357,31,blocked
31387,187,0,0.3919135054085232,0.43386427198375516,31,blocked
31388,188,0,0.2690541188714074,0.4734003573270944,31,blocked
31389,189,0,0.20748619935140086,0.4278670118047006,31,blocked
31390,190,0,0.5043210103125964,0.461846767812269,31,blocked
31391,191,0,0.3970304112691599,0.47876331654005777,31,blocked
31392,192,0,0.14808196766656667,0.5238395541194347,31,blocked
31393,193,0,0.6332071439500867,0.452633804781245,31,blocked
31394,194,0,0.39705651579985174,0.4237931883166375,31,blocked
31395,195,0,0.13233220436794946,0.5333995872263505,31,blocked
31396,196,0,0.7160239950006797,0.37612809848310297,31,blocked
31397,197,0,0.956023386364362,0.30138585810231694,31,blocked
31398,198,0,0.2433654306131251,0.3008214854262473,31,blocked
31399,199,0,0.5427011656020438,0.42056225888679727,31,blocked
31400,0,0,0.4701147409141031,0.5940942686870134,31,early
31401,1,0,0.4932148286023189,0.7449914908634288,31,early
31402,2,0,0.45782852100316307,0.7186941742218707,31,early
31403,3,0,0.5815170124802362,0.502096001355716,31,early
31404,4,0,0.18801350068728423,0.6737497915798261,31,early
31405,5,0,0.639989361197256,0.4754249402051329,31,early
31406,6,0,0.6122734983551594,0.47997457934767984,31,early
31407,7,0,0.375462764410733,0.4695698565710964,31,early
31408,8,0,0.34743042371997346,0.49179936915866096,31,early
31409,9,0,0.591084096352058,0.3610223510553348,31,early
31410,10,0,0.6371090820611525,0.540476988709695,31,early
31411,11,0,0.44574836694267334,0.5438558402653011,31,early
31412,12,0,0.9213456530895996,0.46066552768202296,31,early
31413,13,0,0.9730919778088198,0.6477606524974837,31,early
31414,14,0,0.19535364524334933,0.6235811793576973,31,early
31415,15,0,0.5359918279617447,0.467888292746346,31,early
31416,16,0,0.5735027127956615,0.38544681594093905,31,early
31417,17,0,0.3403629500052791,0.5154637010031722,31,early
31418,18,0,0.5966144785549647,0.5003220978458878,31,early
31419,19,0,0.9281882359784366,0.3453539724720367,31,early
31420,20,0,0.9863666551473972,0.5682998078977305,31,early
31421,21,0,0.27902692251374944,0.6946199326607482,31,early
31422,22,0,0.3017493537424195,0.5557439233090788,31,early
31423,23,0,0.8144656327806175,0.4062702144239606,31,early
31424,24,0,0.7726089722984213,0.5684203447675231,31,early
31425,25,0,0.44392297521286306,0.4475287355961415,31,early
31426,26,0,0.27402910757890386,0.5566917340015984,31,early
31427,27,0,0.9468013580247387,0.4518526042987479,31,early
31428,28,0,0.7260955538264584,0.6398930282961206,31,early
31429,29,0,0.5077755357456459,0.5772905216005462,31,early
31430,30,0,0.9237684121586047,0.34242246508768337,31,early
31431,31,0,0.9187218824930276,0.3102690355116954,31,early
31432,32,0,0.6438625087587841,0.43414433560758336,31,early
31433,33,0,0.2129287871749374,0.446704678049752,31,early
31434,34,0,0.8012481555215168,0.4416047897131878,31,early
31435,35,0,0.21890149105632684,0.3402282090176487,31,early
31436,36,0,0.9584603230690326,0.3794836655267644,31,early
31437,37,0,0.9722587676804888,0.508952425801265,31,early
31438,38,0,0.9604708005708981,0.4409947068605969,31,early
31439,39,0,0.9915158939421752,0.3822882883994373,31,early
31440,40,0,0.8827755815719329,0.39250722102602603,31,early
31441,41,0,0.6094852817964206,0.450925924431133,31,early
31442,42,0,0.0691108736414171,0.6095886578369473,31,early
31443,43,0,0.42144452852930836,0.5931257520721481,31,early
31444,44,0,0.6644898238799783,0.5161003199436309,31,early
31445,45,0,0.36711529346525845,0.588326305311431,31,early
31446,46,0,0.23116577828375307,0.38420407141309887,31,early
31447,47,0,0.42568905975693594,0.5018209440157626,31,early
31448,48,0,0.5589466186872198,0.3208294874413302,31,early
31449,49,0,0.6310568674790329,0.44704984833051353,31,early
31450,50,0,0.20235812030686123,0.5457568674681109,31,early
31451,51,0,0.6839288263226955,0.5221731014941335,31,early
31452,52,0,0.22963937880896731,0.6641387667606226,31,early
31453,53,0,0.4857034507248404,0.40642153122883085,31,early
31454,54,0,0.6841590120578018,0.6017641850375584,31,early
31455,55,0,0.3047388929222665,0.6309261314230779,31,early
31456,56,0,0.948994610278075,0.49975771365964944,31,early
31457,57,0,0.5655670603970824,0.5438909417015121,31,early
31458,58,0,0.7351020486458533,0.4746871484654286,31,early
31459,59,0,0.5635203035796784,0.42228629291609654,31,early
31460,60,0,0.41540356723076993,0.47827853594184355,31,early
31461,61,0,0.15417991329914843,0.6567572170488858,31,early
31462,62,0,0.41509433490412256,0.3951794905809888,31,early
31463,63,0,0.5650339881447528,0.4630563565246658,31,early
31464,64,0,0.37287683171963665,0.6571063231469795,31,early
31465,65,0,0.8195114863862178,0.41883372147272846,31,early
31466,66,0,0.13035378908528833,0.4680129369335053,31,early
31467,67,0,0.581674564297376,0.4271652652891771,31,early
31468,68,0,0.4430610415453039,0.46304383413253414,31,early
31469,69,0,0.9725568237783231,0.44810220209665946,31,early
31470,70,0,0.8069258144424791,0.5226546572121848,31,early
31471,71,0,0.8572281807640715,0.42146648281580606,31,early
31472,72,0,0.48511893801923023,0.33862816634101733,31,early
31473,73,0,0.7681257917429872,0.48180183500962415,31,early
31474,74,0,0.5787594352208779,0.40301276577310063,31,early
31475,75,0,0.97913410242792,0.38355944874296,31,early
31476,76,0,0.9716676618441084,0.40899552735444644,31,early
31477,77,0,0.35925931423296154,0.5134645136893886,31,early
31478,78,0,0.7505119256721229,0.38769289143344066,31,early
31479,79,0,0.9340022755509716,0.47027545876998644,31,early
31480,80,0,0.6384086875762452,0.48279036411693854,31,early
31481,81,0,0.81017791709078,0.40100376320118813,31,early
31482,82,0,0.7285731605978408,0.38355996968478157,31,early
31483,83,0,0.46719176660643164,0.4883949909521803,31,early
31484,84,0,0.1109223417205731,0.49612604611548095,31,early
31485,85,0,0.6184958960737807,0.38486476028876965,31,early
31486,86,0,0.4981525999546509,0.6337842591256351,31,early
31487,87,0,0.7029365201542126,0.32308104270116494,31,early
31488,88,0,0.5134964668610251,0.44609927776687497,31,early
31489,89,0,0.4164667478928543,0.3884789475192,31,early
31490,90,0,0.6469222964339262,0.41933551889427906,31,early
31491,91,0,0.6707442740064856,0.32824789719380976,31,early
31492,92,0,0.1103901798531089,0.42305872267969413,31,early
31493,93,0,0.3334306318902822,0.5202936618188531,31,early
31494,94,0,0.5060130339103993,0.4877730498580541,31,early
31495,95,0,0.7950707754634476,0.35615683600563713,31,early
31496,96,0,0.45422582555672497,0.4260161172945496,31,early
31497,97,0,0.955356748522508,0.35500498205179803,31,early
31498,98,0,0.5269135865518684,0.5414520679098159,31,early
31499,99,0,0.9144103501549614,0.6208540479352984,31,early
31500,100,0,0.25115269460553785,0.5321292245561416,31,early
31501,101,0,0.429968344380814,0.40063803466281084,31,early
31502,102,0,0.6698024336808511,0.4586259818440446,31,early
31503,103,0,0.403970889463136,0.577756852814096,31,early
31504,104,0,0.5793180083756628,0.38161319731061927,31,early
31505,105,0,0.173857024954805,0.4786527768430844,31,early
31506,106,0,0.5820547718068787,0.38740527987476936,31,early
31507,107,0,0.5569366044502253,0.4387423376195406,31,early
31508,108,0,0.34757543206888475,0.46729965672252305,31,early
31509,109,0,0.3640641637653209,0.4174115187264395,31,early
31510,110,0,0.4318396550989607,0.4516448514377755,31,early
31511,111,0,0.5122920082927227,0.40521651509942624,31,early
31512,112,0,0.4160751866854352,0.4137211291080244,31,early
31513,113,0,0.6146635252772426,0.482064560738977,31,early
31514,114,0,0.46846257390284274,0.5336180911849184,31,early
31515,115,0,0.9551205861576244,0.39572702290268413,31,early
31516,116,0,0.3951105645679872,0.4709956411904047,31,early
31517,117,0,0.6178380608810597,0.45009448302653765,31,early
31518,118,0,0.5968126764390629,0.46363605713321976,31,early
31519,119,0,0.16495763741672653,0.7383434765005423,31,early
31520,120,0,0.5411621228441578,0.49062757076395647,31,early
31521,121,0,0.13636626353887027,0.42379425283630834,31,early
31522,122,0,0.7796188075652335,0.35262454560396594,31,early
31523,123,0,0.3580635598358929,0.4086627515702706,31,early
31524,124,0,0.6776437182582846,0.36169914135978176,31,early
31525,125,0,0.56326433966147,0.3899674102430003,31,early
31526,126,0,0.6959452692053246,0.3240046739208208,31,early
31527,127,0,0.6543419938332976,0.3671023240808893,31,early
31528,128,0,0.8841778002240672,0.31485031740773284,31,early
31529,129,0,0.7652086321437384,0.44793433238846975,31,early
31530,130,0,0.4922165858070761,0.4747635674992454,31,early
31531,131,0,0.03187310714800257,0.49216376681966667,31,early
31532,132,0,0.7119892540370174,0.39489559626844517,31,early
31533,133,0,0.5572856947071799,0.3607806072422526,31,early
31534,134,0,0.899102606219133,0.2711699417133104,31,early
31535,135,0,0.5852006266119095,0.3129220082131311,31,early
31536,136,0,0.18596033763351189,0.4999481632577235,31,early
31537,137,0,0.2119734985681589,0.4538024979664153,31,early
31538,138,0,0.684709765405983,0.43096385543687366,31,early
31539,139,0,0.3091192859434183,0.5594346136215347,31,early
31540,140,0,0.4051620134598261,0.40137025295354145,31,early
31541,141,0,0.5231785611153542,0.42786067916642656,31,early
31542,142,0,0.4048803874687697,0.33345842505969137,31,early
31543,143,0,0.5423140946014642,0.305930357687665,31,early
31544,144,0,0.6395640212067926,0.5195064185109091,31,early
31545,145,0,0.9427030890246617,0.2200536640547801,31,early
31546,146,0,0.30900858714178375,0.5880600555225373,31,early
31547,147,0,0.209615541125806,0.5101294242042683,31,early
31548,148,0,0.8424929384511091,0.3292571109806156,31,early
31549,149,0,0.4997120373796555,0.503280443063771,31,early
31550,150,0,0.47086958281191243,0.46476255640124337,31,early
31551,151,0,0.761272217707001,0.48003696484621283,31,early
31552,152,0,0.9417964264195305,0.2931167416060487,31,early
31553,153,0,0.5289481715806067,0.49668104803005186,31,early
31554,154,0,0.9082433946223964,0.4080901800722894,31,early
31555,155,0,0.5330967517947484,0.42846403878845213,31,early
31556,156,0,0.3972126598041121,0.48658003438357156,31,early
31557,157,0,0.5382629336678816,0.36226066782928773,31,early
31558,158,0,0.09166357622636245,0.4491589561249428,31,early
31559,159,0,0.8096460624977431,0.30845150848840075,31,early
31560,160,0,0.8778470090689197,0.38066132614153647,31,early
31561,161,0,0.949023377058325,0.39954113914804423,31,early
31562,162,0,0.7935569614234494,0.27242098647702806,31,early
31563,163,0,0.6788149644674271,0.4897922990186396,31,early
31564,164,0,0.14583644880847327,0.4346379778506982,31,early
31565,165,0,0.9188339165225439,0.24198601480756876,31,early
31566,166,0,0.7756391010986294,0.2792182580607791,31,early
31567,167,0,0.2084873176916029,0.3954969908676831,31,early
31568,168,0,0.9168833437754131,0.39925270435498533,31,early
31569,169,0,0.7513071470934254,0.3244032278788952,31,early
31570,170,0,0.4661534773001587,0.44771526246360227,31,early
31571,171,0,0.545675916482204,0.3279750171781203,31,early
31572,172,0,0.4193980816156532,0.36190206415986437,31,early
31573,173,0,0.5466236183665008,0.35922587749766055,31,early
31574,174,0,0.8599635435218933,0.5122443265746659,31,early
31575,175,0,0.15189377076497998,0.4795385401405221,31,early
31576,176,0,0.7129353902697888,0.3925814412228219,31,early
31577,177,0,0.1536952576435555,0.5523890966943981,31,early
31578,178,0,0.891274353091783,0.5482218714039667,31,early
31579,179,0,0.5559924449625946,0.3812196446459243,31,early
31580,180,0,0.22848614403045303,0.41345328254165226,31,early
31581,181,0,0.6821051371694631,0.46209365343645237,31,early
31582,182,0,0.63703402276856,0.3858331332414231,31,early
31583,183,0,0.5928873927584878,0.3534730264500552,31,early
31584,184,0,0.547208342908859,0.3967382743585841,31,early
31585,185,0,0.28321677922366567,0.4292595226868576,31,early
31586,186,0,0.3173557879247098,0.3111372555928641,31,early
31587,187,0,0.5906443869483259,0.3562370828173437,31,early
31588,188,0,0.49765078611924424,0.415050204700422,31,early
31589,189,0,0.7588513764296342,0.30897235726377403,31,early
31590,190,0,0.6367621921239712,0.401483400611293,31,early
31591,191,0,0.15649739607111904,0.586839539292711,31,early
31592,192,0,0.5730993360143456,0.3621834398347547,31,early
31593,193,0,0.49379051716125905,0.34791590634559333,31,early
31594,194,0,0.7509279356203207,0.5614190470552081,31,early
31595,195,0,0.42316484599286874,0.44790021851051887,31,early
31596,196,0,0.9459857432112879,0.29212620288328855,31,early
31597,197,0,0.40973989693464374,0.6819071822651595,31,early
31598,198,0,0.5722039296810618,0.2867475839144815,31,early
31599,199,0,0.6574945824818579,0.3708635814210119,31,early
31600,0,0,0.9286645000194036,0.5941373367232834,31,middle
31601,1,0,0.58998379982229,0.6237754653428127,31,middle
31602,2,0,0.48926539249116335,0.5714033048138093,31,middle
31603,3,0,0.6863376486973465,0.5170277656000302,31,middle
31604,4,0,0.4975490628666427,0.35933802107001356,31,middle
31605,5,0,0.21929471302231912,0.7349120971834926,31,middle
31606,6,0,0.5244405706814689,0.4303156364176569,31,middle
31607,7,0,0.5371872435474776,0.4557071751493859,31,middle
31608,8,0,0.661507325881405,0.41310289645441145,31,middle
31609,9,0,0.6278415903214261,0.5504568143991897,31,middle
31610,10,0,0.46471990840204697,0.6099017422824025,31,middle
31611,11,0,0.77836513124947,0.47936333079357646,31,middle
31612,12,0,0.20356128479284566,0.6006940397313004,31,middle
31613,13,0,0.7624349778657695,0.5059757285091478,31,middle
31614,14,0,0.3792909872522291,0.8129791966145098,31,middle
31615,15,0,0.028498426043276272,0.7533166223167647,31,middle
31616,16,0,0.18353649421597007,0.5259694701925848,31,middle
31617,17,0,0.45630445586392293,0.4628973894992712,31,middle
31618,18,0,0.755245148600072,0.624235642871021,31,middle
31619,19,0,0.6049198349261135,0.536670804482243,31,middle
31620,20,0,0.18439714493641923,0.4834069387605331,31,middle
31621,21,0,0.640693272394812,0.48901404790882946,31,middle
31622,22,0,0.3507140571304614,0.5616645900325817,31,middle
31623,23,0,0.38557856948234126,0.4946149261729259,31,middle
31624,24,0,0.6773295397970409,0.4877477473170798,31,middle
31625,25,0,0.5582912549246611,0.42325175706613033,31,middle
31626,26,0,0.631718214580187,0.569100449758573,31,middle
31627,27,0,0.6001327022455594,0.3464142719285343,31,middle
31628,28,0,0.5404437593671358,0.4502708294735944,31,middle
31629,29,0,0.11674793218092244,0.49112000663700656,31,middle
31630,30,0,0.602138886525386,0.40490637453913236,31,middle
31631,31,0,0.8542393457489099,0.39595389607419507,31,middle
31632,32,0,0.4874734959239483,0.5239723341635092,31,middle
31633,33,0,0.3430796562394816,0.3964818609564711,31,middle
31634,34,0,0.8537489485327209,0.31031143786380483,31,middle
31635,35,0,0.324065349786738,0.5248162543578072,31,middle
31636,36,0,0.4439669593180331,0.349526768052613,31,middle
31637,37,0,0.8089661903629017,0.2879526457966569,31,middle
31638,38,0,0.4440174006006581,0.6167516777991514,31,middle
31639,39,0,0.7084753809302056,0.5149444299664477,31,middle
31640,40,0,0.6363010201134456,0.3443755281315441,31,middle
31641,41,0,0.679837092905887,0.4446393263502242,31,middle
31642,42,0,0.7485271991647221,0.3614497931969838,31,middle
31643,43,0,0.6216161439075909,0.5014814597737586,31,middle
31644,44,0,0.47658220697670683,0.6419260018071494,31,middle
31645,45,0,0.6185559752280414,0.41661453764569567,31,middle
31646,46,0,0.4931036389697385,0.4853447536026452,31,middle
31647,47,0,0.48606020723459564,0.5483731140866933,31,middle
31648,48,0,0.2993622281324455,0.6715670318041428,31,middle
31649,49,0,0.66931571294997,0.47176359431598697,31,middle
31650,50,0,0.8777369175478063,0.4027497487568924,31,middle
31651,51,0,0.8169693464928824,0.32136695384992253,31,middle
31652,52,0,0.5388129020836172,0.4987394911964397,31,middle
31653,53,0,0.7870697087941736,0.3964243649944652,31,middle
31654,54,0,0.3102215589542746,0.42427858782143013,31,middle
31655,55,0,0.31263310615090756,0.5960888967244252,31,middle
31656,56,0,0.6435436255554934,0.5811938164541862,31,middle
31657,57,0,0.27506977944767413,0.5740865959665331,31,middle
31658,58,0,0.5449214536216321,0.512567052826753,31,middle
31659,59,0,0.5284356985904707,0.5866362841973415,31,middle
31660,60,0,0.13596621743796555,0.5933551980246392,31,middle
31661,61,0,0.6354247421921848,0.41263063141624623,31,middle
31662,62,0,0.7016240721394076,0.47797550100508823,31,middle
31663,63,0,0.32794419793791985,0.44761713808960096,31,middle
31664,64,0,0.5688818275421323,0.29812458004717823,31,middle
31665,65,0,0.5860952220568056,0.47714838132229404,31,middle
31666,66,0,0.6417938849789608,0.4883799890550703,31,middle
31667,67,0,0.8737451391379413,0.5207999347281096,31,middle
31668,68,0,0.7359753282395246,0.45770400495413865,31,middle
31669,69,0,0.4443987769854831,0.5652358492222109,31,middle
31670,70,0,0.619004911983723,0.45084219770015904,31,middle
31671,71,0,0.6301149977660981,0.5223407598018248,31,middle
31672,72,0,0.7809602795501644,0.3463521629994303,31,middle
31673,73,0,0.6000095688187131,0.35447739932062994,31,middle
31674,74,0,0.47435400859120197,0.5207272347572517,31,middle
31675,75,0,0.6708970566750927,0.42426005482443957,31,middle
31676,76,0,0.6276679093262241,0.3938277062989797,31,middle
31677,77,0,0.44361091296037275,0.5579093218540272,31,middle
31678,78,0,0.2578485026964299,0.518412480138823,31,middle
31679,79,0,0.7414978418541047,0.4498089490848183,31,middle
31680,80,0,0.4086492957453989,0.4888438109162496,31,middle
31681,81,0,0.3347224169943587,0.39550013008254725,31,middle
31682,82,0,0.6741597672091144,0.4762900893273034,31,middle
31683,83,0,0.2196426651219162,0.44355728106258696,31,middle
31684,84,0,0.5522302546002154,0.48314146561789284,31,middle
31685,85,0,0.715019453620379,0.4565463324468643,31,middle
31686,86,0,0.6891292400536241,0.5003619788123381,31,middle
31687,87,0,0.8832387995301176,0.4023563041046162,31,middle
31688,88,0,0.13012911683284034,0.4407500971502415,31,middle
31689,89,0,0.7487001008116135,0.3460827339244477,31,middle
31690,90,0,0.5142482921666428,0.6633937153396166,31,middle
31691,91,0,0.7622667325456951,0.6243140682841528,31,middle
31692,92,0,0.3641305993868676,0.3826877036698224,31,middle
31693,93,0,0.2554269507469284,0.5054494950215146,31,middle
31694,94,0,0.8235657700803891,0.4008291895319826,31,middle
31695,95,0,0.9734681902713629,0.44111750493946167,31,middle
31696,96,0,0.8420138746763226,0.587083060061896,31,middle
31697,97,0,0.4074094208065234,0.46190940658002644,31,middle
31698,98,0,0.5887763915384616,0.4323075154168698,31,middle
31699,99,0,0.8875961354075793,0.42124593931773446,31,middle
31700,100,0,0.918128880466204,0.40512833019575645,31,middle
31701,101,0,0.43879570449587774,0.3868222534979836,31,middle
31702,102,0,0.5424641908424389,0.42595622519501986,31,middle
31703,103,0,0.6522033203546835,0.43654166755050405,31,middle
31704,104,0,0.6852366704238243,0.5590231047137966,31,middle
31705,105,0,0.9766509830511926,0.3750183264354464,31,middle
31706,106,0,0.6496642227893464,0.5790492734645829,31,middle
31707,107,0,0.18475132238335906,0.478647672537875,31,middle
31708,108,0,0.8510486569589673,0.4189475618282706,31,middle
31709,109,0,0.9790572886479567,0.4462105350128497,31,middle
31710,110,0,0.9385688957844242,0.44260565071467084,31,middle
31711,111,0,0.7329560286016725,0.33387800941951884,31,middle
31712,112,0,0.3272040970598048,0.41361959935526305,31,middle
31713,113,0,0.5031269012929338,0.4982973039015556,31,middle
31714,114,0,0.9044610880292827,0.47185721402027403,31,middle
31715,115,0,0.6162430415620802,0.373204716301982,31,middle
31716,116,0,0.710313346364145,0.3609351396710374,31,middle
31717,117,0,0.5945517662025681,0.3897642323208872,31,middle
31718,118,0,0.9373294127123692,0.4082093643916686,31,middle
31719,119,0,0.6061664540270395,0.4445180849978544,31,middle
31720,120,0,0.6135490885016435,0.3283512382438718,31,middle
31721,121,0,0.47558201546075735,0.3483031989258174,31,middle
31722,122,0,0.16355085914125406,0.6091406799095574,31,middle
31723,123,0,0.5455335358280068,0.41651736692047475,31,middle
31724,124,0,0.5607280307976862,0.384122060062853,31,middle
31725,125,0,0.6702979083518015,0.3985154627181522,31,middle
31726,126,0,0.541677650499924,0.4158877090282926,31,middle
31727,127,0,0.21192183161342498,0.38980517987000385,31,middle
31728,128,0,0.2583694329914865,0.5032618681770814,31,middle
31729,129,0,0.5541008609305396,0.4528864016706356,31,middle
31730,130,0,0.100738719486267,0.43443047266921847,31,middle
31731,131,0,0.3929573563778671,0.3656803421235428,31,middle
31732,132,0,0.3436833269957545,0.37222036818997384,31,middle
31733,133,0,0.5800034724220966,0.4664801612575282,31,middle
31734,134,0,0.7635806148140727,0.33548379002617257,31,middle
31735,135,0,0.926604698663188,0.37771939860071935,31,middle
31736,136,0,0.7547260756126793,0.24457763791944095,31,middle
31737,137,0,0.884440826575234,0.37368767913603695,31,middle
31738,138,0,0.5919297466820119,0.5706794249932307,31,middle
31739,139,0,0.8286476289727485,0.37138813767401313,31,middle
31740,140,0,0.501348024722057,0.4560659081300742,31,middle
31741,141,0,0.556431577427625,0.34739006152651214,31,middle
31742,142,0,0.613419900340669,0.46698525435107674,31,middle
31743,143,0,0.6666462111948852,0.2887440620697334,31,middle
31744,144,0,0.5122690851426369,0.3938351176885846,31,middle
31745,145,0,0.9934716690253829,0.36272130866997065,31,middle
31746,146,0,0.6031399127405046,0.6037203231208845,31,middle
31747,147,0,0.6486104829815578,0.5695297209563943,31,middle
31748,148,0,0.7819279195812374,0.3515902634548033,31,middle
31749,149,0,0.8014916876022198,0.43001252344815344,31,middle
31750,150,0,0.5595686509189289,0.3118057076078903,31,middle
31751,151,0,0.5971347515547918,0.41522657335558427,31,middle
31752,152,0,0.5717139512407814,0.5001447538822295,31,middle
31753,153,0,0.8545059243437507,0.44447883677508393,31,middle
31754,154,0,0.5540126271837628,0.4200601175049006,31,middle
31755,155,0,0.8320463117203334,0.3919585534561246,31,middle
31756,156,0,0.49329437385024,0.3449949078940623,31,middle
31757,157,0,0.3825627799394056,0.29951335873046714,31,middle
31758,158,0,0.5540033804848763,0.3001502498526585,31,middle
31759,159,0,0.35924284260952843,0.41554800003285297,31,middle
31760,160,0,0.4386737131270291,0.3249745301695445,31,middle
31761,161,0,0.8332691665667613,0.31640651017595967,31,middle
31762,162,0,0.769014426565261,0.4263292162422757,31,middle
31763,163,0,0.47311305226485045,0.5135805806403603,31,middle
31764,164,0,0.754121083676962,0.49983918467141586,31,middle
31765,165,0,0.6076539756514431,0.6640809060330255,31,middle
31766,166,0,0.968803375077578,0.4205656772225721,31,middle
31767,167,0,0.8238810587450702,0.5260492615786216,31,middle
31768,168,0,0.8311669077814349,0.34541292005580343,31,middle
31769,169,0,0.6383616300055182,0.2731703384728436,31,middle
31770,170,0,0.6477258373900263,0.4338907151339403,31,middle
31771,171,0,0.7467883894718178,0.21552478014647605,31,middle
31772,172,0,0.5057708515955275,0.358231873511696,31,middle
31773,173,0,0.8077860146197564,0.3611762218765346,31,middle
31774,174,0,0.488800798317617,0.5333801159023643,31,middle
31775,175,0,0.26069362543094676,0.3600422746973658,31,middle
31776,176,0,0.9789463857521432,0.38833344901549305,31,middle
31777,177,0,0.5044910035859868,0.37691712187192816,31,middle
31778,178,0,0.35178603735911007,0.40873362731670027,31,middle
31779,179,0,0.7429198348818409,0.4037182996395322,31,middle
31780,180,0,0.5538166682807764,0.36403205633392666,31,middle
31781,181,0,0.7373765015137663,0.2937133794617554,31,middle
31782,182,0,0.6453025505093763,0.33494316863224194,31,middle
31783,183,0,0.7455939042969253,0.4135147724633955,31,middle
31784,184,0,0.4923610763737397,0.38458337348733374,31,middle
31785,185,0,0.43353645869486335,0.29738631573343755,31,middle
31786,186,0,0.781662409380504,0.22871745534767857,31,middle
31787,187,0,0.7863722068144079,0.4298117855485372,31,middle
31788,188,0,0.6546675820981945,0.2935955061663341,31,middle
31789,189,0,0.7432116699984306,0.4824569475379849,31,middle
31790,190,0,0.5113127494034061,0.38367096894034647,31,middle
31791,191,0,0.9222225344053974,0.534281761145025,31,middle
31792,192,0,0.5677370672142701,0.39254543260320107,31,middle
31793,193,0,0.697180386844826,0.3861612803347392,31,middle
31794,194,0,0.5167778352944756,0.47835931325154907,31,middle
31795,195,0,0.7940642936344173,0.46055504491678484,31,middle
31796,196,0,0.9955407555649987,0.5839133269771793,31,middle
31797,197,0,0.7514331234793298,0.4327925818188021,31,middle
31798,198,0,0.6466903759026685,0.39344988617911586,31,middle
31799,199,0,0.5736012621319938,0.24151461089136025,31,middle
31800,0,0,0.5047151979087221,0.965929313705695,31,late
31801,1,0,0.9170026796222096,0.5208037627645012,31,late
31802,2,0,0.46292600062795475,0.7966501413914411,31,late
31803,3,0,0.4143404232027792,0.5300967925697251,31,late
31804,4,0,0.34412632593200776,0.5631171924345013,31,late
31805,5,0,0.5639114143602841,0.43666961748843075,31,late
31806,6,0,0.3245515189104631,0.5112035006140194,31,late
31807,7,0,0.6043940422364391,0.41823242302195973,31,late
31808,8,0,0.6634529756928218,0.4042584351831972,31,late
31809,9,0,0.5750916200350561,0.43900385704876266,31,late
31810,10,0,0.2930793061402221,0.5299524662537074,31,late
31811,11,0,0.832186688572887,0.5830506167852068,31,late
31812,12,0,0.17077204845720922,0.8257075931716409,31,late
31813,13,0,0.02519708080023862,0.8926335025237404,31,late
31814,14,0,0.5026854605345795,0.6145653934831837,31,late
31815,15,0,0.6401256398177197,0.39465088267612075,31,late
31816,16,0,0.30118414861375076,0.33070542465799513,31,late
31817,17,0,0.7026965048530656,0.5031562272584884,31,late
31818,18,0,0.950799842057161,0.3778793870322589,31,late
31819,19,0,0.4656714590713668,0.528753387002857,31,late
31820,20,0,0.11830798271209218,0.4606939642458242,31,late
31821,21,0,0.31083864493554536,0.530596458991756,31,late
31822,22,0,0.8070858397377239,0.4068513269983861,31,late
31823,23,0,0.5133022085556932,0.46762079271461743,31,late
31824,24,0,0.7855201499467901,0.5520639730298641,31,late
31825,25,0,0.8750547945261552,0.585796853122981,31,late
31826,26,0,0.5681101089751033,0.3528256839470254,31,late
31827,27,0,0.46054488921608183,0.7724108736789306,31,late
31828,28,0,0.42219326067556023,0.5813328726777414,31,late
31829,29,0,0.34578978078909695,0.4795974146905789,31,late
31830,30,0,0.33487738830149294,0.5177604598111855,31,late
31831,31,0,0.9467601465899991,0.375130380482817,31,late
31832,32,0,0.5521665460656304,0.5227373297263843,31,late
31833,33,0,0.8103430265371778,0.4880224854178325,31,late
31834,34,0,0.40858102402845425,0.6073898039469758,31,late
31835,35,0,0.6449615381445666,0.6093052301706566,31,late
31836,36,0,0.5805130249979998,0.6212056233894021,31,late
31837,37,0,0.11068580373430892,0.664131484657366,31,late
31838,38,0,0.3220065366721589,0.6461244132005064,31,late
31839,39,0,0.3414026230637329,0.601342838629746,31,late
31840,40,0,0.4119731968471563,0.4351379842412799,31,late
31841,41,0,0.626061039190322,0.5554878522280999,31,late
31842,42,0,0.6027310664360601,0.5639696361183966,31,late
31843,43,0,0.18248251894026266,0.4318520594362694,31,late
31844,44,0,0.23878345102011048,0.4690801224857192,31,late
31845,45,0,0.5540258630931583,0.4327846196568338,31,late
31846,46,0,0.8189389545807877,0.5104985099776284,31,late
31847,47,0,0.5439582041096866,0.46283374517530274,31,late
31848,48,0,0.29482579057002,0.6396321636544672,31,late
31849,49,0,0.3903070331587819,0.5603094935667694,31,late
31850,50,0,0.21671747480422096,0.5959642564565573,31,late
31851,51,0,0.6126934760004916,0.5363375248011435,31,late
31852,52,0,0.09532974245158331,0.5338760334279256,31,late
31853,53,0,0.794971234703165,0.4006056584766189,31,late
31854,54,0,0.36647306719804473,0.6292817672595541,31,late
31855,55,0,0.684839906908348,0.5063913666169958,31,late
31856,56,0,0.05015638055128366,0.5632572653664152,31,late
31857,57,0,0.556460482553963,0.44162533539877713,31,late
31858,58,0,0.0972158006044394,0.6321680838373015,31,late
31859,59,0,0.29874016581273444,0.4813075812481312,31,late
31860,60,0,0.2757105884289173,0.6517242690776677,31,late
31861,61,0,0.8421805310158146,0.4244588802799383,31,late
31862,62,0,0.5172068933767303,0.4157898070025392,31,late
31863,63,0,0.9761745820383649,0.3890724664328925,31,late
31864,64,0,0.4190005594545275,0.6264401062522541,31,late
31865,65,0,0.13492574339534222,0.4642534959079183,31,late
31866,66,0,0.5243022078752986,0.495740161409711,31,late
31867,67,0,0.6343316298225652,0.4733498697116579,31,late
31868,68,0,0.07906409298266433,0.606105575471998,31,late
31869,69,0,0.5195102357959154,0.567333524858495,31,late
31870,70,0,0.12823989789356655,0.6113176966016233,31,late
31871,71,0,0.7856655697794914,0.44991746142412736,31,late
31872,72,0,0.6069226348891223,0.4565919892018654,31,late
31873,73,0,0.9137719080034961,0.579968596883585,31,late
31874,74,0,0.2824342881791822,0.5024877569295182,31,late
31875,75,0,0.1815175058816023,0.42219500958418354,31,late
31876,76,0,0.49241044824204844,0.6458280642810222,31,late
31877,77,0,0.6123245391055046,0.333685761102244,31,late
31878,78,0,0.5829657702986116,0.37620054647823964,31,late
31879,79,0,0.8442847968038447,0.4075011162719704,31,late
31880,80,0,0.2614854384452116,0.46500710304494536,31,late
31881,81,0,0.3325509527523972,0.4513780637731353,31,late
31882,82,0,0.5348992809408539,0.5808388467345711,31,late
31883,83,0,0.4159202928859355,0.6953540652691133,31,late
31884,84,0,0.17612912995812718,0.5527347948611476,31,late
31885,85,0,0.7005116772405945,0.3686810020721636,31,late
31886,86,0,0.4123019256234451,0.5558454614150397,31,late
31887,87,0,0.842044711810318,0.40769042013133994,31,late
31888,88,0,0.15339882035221136,0.5854952261193083,31,late
31889,89,0,0.8330950503240787,0.38963117607304276,31,late
31890,90,0,0.7878329035771994,0.4521673641835988,31,late
31891,91,0,0.5494230922756815,0.4909437347543126,31,late
31892,92,0,0.7604481821574367,0.41923355332636614,31,late
31893,93,0,0.3900144374166303,0.6558465064575086,31,late
31894,94,0,0.5971361173053126,0.6812955444244038,31,late
31895,95,0,0.5209872491484359,0.48632397016035656,31,late
31896,96,0,0.7224204962771911,0.5300526634374851,31,late
31897,97,0,0.8908320206338399,0.544805325082074,31,late
31898,98,0,0.964329796363895,0.45468354562415614,31,late
31899,99,0,0.9945010109370764,0.33783239404825316,31,late
31900,100,0,0.24467166734289827,0.45515642377855503,31,late
31901,101,0,0.5440784905911389,0.542695706977463,31,late
31902,102,0,0.15849410465076816,0.4308974312014105,31,late
31903,103,0,0.8002950397096498,0.5227038372774857,31,late
31904,104,0,0.4599763503245895,0.5461707367091755,31,late
31905,105,0,0.6344605323117922,0.54397117584122,31,late
31906,106,0,0.5855354742747045,0.6107165946560583,31,late
31907,107,0,0.5545165021738425,0.5923283786959578,31,late
31908,108,0,0.7242624100589352,0.6031883619622773,31,late
31909,109,0,0.9363974740313464,0.4995860973746702,31,late
31910,110,0,0.4892636820677515,0.6234314642299021,31,late
31911,111,0,0.33147346050184157,0.4602449865074756,31,late
31912,112,0,0.6987745619252944,0.41843371167238064,31,late
31913,113,0,0.419499813275141,0.48303705327338026,31,late
31914,114,0,0.4696503140683744,0.6081222092130822,31,late
31915,115,0,0.8763171746600216,0.4408917637935178,31,late
31916,116,0,0.8547645918784812,0.5126078855884191,31,late
31917,117,0,0.9559150947675703,0.37726165709709925,31,late
31918,118,0,0.6902982021636825,0.4510146750896158,31,late
31919,119,0,0.87575481430588,0.44606536572773403,31,late
31920,120,0,0.2149931634643223,0.57206207124346,31,late
31921,121,0,0.6682418712211933,0.3551843221662552,31,late
31922,122,0,0.5015842621011588,0.310181524427787,31,late
31923,123,0,0.6412605812201395,0.566055252983982,31,late
31924,124,0,0.7407521958569454,0.41473827200928715,31,late
31925,125,0,0.809032411475435,0.4897024354045073,31,late
31926,126,0,0.46449412195122014,0.472503651074052,31,late
31927,127,0,0.3459372115906513,0.43069490367725727,31,late
31928,128,0,0.41933819139388373,0.47045223049708224,31,late
31929,129,0,0.7340497626471985,0.5039911348519326,31,late
31930,130,0,0.9142326965335222,0.39292121374808886,31,late
31931,131,0,0.770600619442209,0.4391720685829841,31,late
31932,132,0,0.14547074944496663,0.6139663480429245,31,late
31933,133,0,0.3643378893459587,0.622091890040791,31,late
31934,134,0,0.019223654800536682,0.5294468306093151,31,late
31935,135,0,0.8275396863436861,0.5537721112251273,31,late
31936,136,0,0.5041820856176897,0.4104017351900395,31,late
31937,137,0,0.43421825395789493,0.5605078450024737,31,late
31938,138,0,0.6566053150073976,0.4912570451502918,31,late
31939,139,0,0.20911393173366402,0.524146409584599,31,late
31940,140,0,0.7334261954675587,0.432378105417002,31,late
31941,141,0,0.5626978703627731,0.6150506127289403,31,late
31942,142,0,0.8050928003166238,0.3352471761787639,31,late
31943,143,0,0.5765561140373859,0.4165379463772815,31,late
31944,144,0,0.8130980834063685,0.4818553789737913,31,late
31945,145,0,0.5320067057237309,0.5752196938590922,31,late
31946,146,0,0.9120247891940514,0.4790392196013863,31,late
31947,147,0,0.7120548545316332,0.3848719745973969,31,late
31948,148,0,0.6141294120268803,0.3594369154820716,31,late
31949,149,0,0.47992815623720075,0.37935193065509304,31,late
31950,150,0,0.944053646950545,0.44369552937099827,31,late
31951,151,0,0.5640034953033214,0.37213048363287254,31,late
31952,152,0,0.6258389761685135,0.4384259561888343,31,late
31953,153,0,0.7944938679773534,0.40296285943425114,31,late
31954,154,0,0.7069025972773546,0.5748282148712438,31,late
31955,155,0,0.7004721772675747,0.4380405372588365,31,late
31956,156,0,0.9346255058066202,0.44027819573415927,31,late
31957,157,0,0.8548980093844807,0.4293716235133373,31,late
31958,158,0,0.8053265738146589,0.3458271599214381,31,late
31959,159,0,0.7551275045682864,0.39099462510654714,31,late
31960,160,0,0.3162722015197167,0.40787955164284606,31,late
31961,161,0,0.5745366252746069,0.4025847393968893,31,late
31962,162,0,0.7590635576691876,0.3704253690572753,31,late
31963,163,0,0.8988369829471244,0.4876775277897397,31,late
31964,164,0,0.49307414532019594,0.4810117353074912,31,late
31965,165,0,0.6033154229541589,0.4477803091857746,31,late
31966,166,0,0.11946846855956486,0.5101556607085609,31,late
31967,167,0,0.5677985002495223,0.3696955948773164,31,late
31968,168,0,0.6186597140576369,0.340632860185001,31,late
31969,169,0,0.5963885277133771,0.5049319855615746,31,late
31970,170,0,0.13619171413464062,0.4489790667537118,31,late
31971,171,0,0.40805257847158405,0.44403827734578816,31,late
31972,172,0,0.9795752084107672,0.5049170652384679,31,late
31973,173,0,0.6963282688588344,0.39158785448359446,31,late
31974,174,0,0.39472543504082014,0.3843962551671644,31,late
31975,175,0,0.42680666039687815,0.5520388214223345,31,late
31976,176,0,0.6787347111148156,0.3565690978229339,31,late
31977,177,0,0.7278632362951553,0.6855960261653992,31,late
31978,178,0,0.5335149349775652,0.4191592365333754,31,late
31979,179,0,0.7148562530305772,0.45092209129716876,31,late
31980,180,0,0.6387319246472496,0.3981165995032766,31,late
31981,181,0,0.10329888998470924,0.4571535203828838,31,late
31982,182,0,0.4333172431562963,0.425606241709111,31,late
31983,183,0,0.6053003586453379,0.3556534182079518,31,late
31984,184,0,0.45863559590415104,0.3355633928412938,31,late
31985,185,0,0.5457871874089937,0.4411203367305139,31,late
31986,186,0,0.469731544421711,0.5507331724607476,31,late
31987,187,0,0.5790317026748972,0.4291608833720307,31,late
31988,188,0,0.6245000876514331,0.40342153596721975,31,late
31989,189,0,0.7542454094116571,0.32892577094034825,31,late
31990,190,0,0.5518823533301382,0.43013999860248786,31,late
31991,191,0,0.22706216482600824,0.3342762146070395,31,late
31992,192,0,0.3910559457747822,0.3475307801402471,31,late
31993,193,0,0.9262575302096214,0.4116920869615383,31,late
31994,194,0,0.9699127114645492,0.39381193514872614,31,late
31995,195,0,0.9607884043503379,0.4095456525726569,31,late
31996,196,0,0.5632119395193051,0.4525302369254127,31,late
31997,197,0,0.8991770965901518,0.43348746471284966,31,late
31998,198,0,0.7783220831251376,0.36465028758607765,31,late
31999,199,0,0.27304808498638755,0.387506704735027,31,late
32000,0,0,0.8504537914994281,0.6743432053074674,32,interleaved
32001,1,0,0.638274142361413,0.4744250425596581,32,interleaved
32002,2,0,0.34421042834349175,0.6067103115534933,32,interleaved
32003,3,0,0.27376459793804864,0.5005794002320424,32,interleaved
32004,4,0,0.4296296832405247,0.550443375089464,32,interleaved
32005,5,0,0.3933156605492282,0.5159677264402331,32,interleaved
32006,6,0,0.6958646668988793,0.3730876796694459,32,interleaved
32007,7,0,0.605859215883657,0.5671366353996523,32,interleaved
32008,8,0,0.4373809189293971,0.49790062379979666,32,interleaved
32009,9,0,0.8020498931385955,0.48514174117899556,32,interleaved
32010,10,0,0.8480526022976271,0.499817139251302,32,interleaved
32011,11,0,0.7032832216285152,0.6373819043631286,32,interleaved
32012,12,0,0.4062797122953348,0.3878412811104849,32,interleaved
32013,13,0,0.19255603074428157,0.53303735747189,32,interleaved
32014,14,0,0.17613449760411715,0.6116584079776348,32,interleaved
32015,15,0,0.4141667255396696,0.4310658533113827,32,interleaved
32016,16,0,0.5633075583317019,0.3834292760742163,32,interleaved
32017,17,0,0.37272903822405723,0.5957524316965026,32,interleaved
32018,18,0,0.13936157981449968,0.5249735937329927,32,interleaved
32019,19,0,0.39141242447828023,0.6289370865492092,32,interleaved
32020,20,0,0.24502982163089604,0.5493793779460683,32,interleaved
32021,21,0,0.6389559437970105,0.4277819045963317,32,interleaved
32022,22,0,0.6186600523843077,0.6303951133844601,32,interleaved
32023,23,0,0.5609671794350168,0.367571052556775,32,interleaved
32024,24,0,0.9071982025240714,0.271842012525563,32,interleaved
32025,25,0,0.4932452459125335,0.47103042017157315,32,interleaved
32026,26,0,0.8983652341145806,0.5863130079181077,32,interleaved
32027,27,0,0.5129820086113095,0.575802486235844,32,interleaved
32028,28,0,0.15013317116687533,0.5053133328688251,32,interleaved
32029,29,0,0.7928661503404391,0.4010218964286719,32,interleaved
32030,30,0,0.6181217213919663,0.3824969418292959,32,interleaved
32031,31,0,0.5364162682779667,0.408653961917612,32,interleaved
32032,32,0,0.3301646730382276,0.6120931188094145,32,interleaved
32033,33,0,0.6020840391880534,0.4721575311087527,32,interleaved
32034,34,0,0.8028006669541388,0.35053382477216716,32,interleaved
32035,35,0,0.49610105631084617,0.6767072143944528,32,interleaved
32036,36,0,0.3582883242500108,0.459255073884669,32,interleaved
32037,37,0,0.5528312744744122,0.4761643052487111,32,interleaved
32038,38,0,0.13650334914444565,0.6484864639750342,32,interleaved
32039,39,0,0.4451272764442351,0.3897757783868109,32,interleaved
32040,40,0,0.26852248862620365,0.5731544894210214,32,interleaved
32041,41,0,0.5399128808956082,0.49269097333733086,32,interleaved
32042,42,0,0.14547430795154093,0.4772860061143969,32,interleaved
32043,43,0,0.5748677195584334,0.49143883950455436,32,interleaved
32044,44,0,0.08241049245793444,0.5285436766796011,32,interleaved
32045,45,0,0.446662962222811,0.6301809742797035,32,interleaved
32046,46,0,0.6873290352333785,0.5208277290611165,32,interleaved
32047,47,0,0.3956042331773745,0.49605289112596074,32,interleaved
32048,48,0,0.9086171774367797,0.5292935174749509,32,interleaved
32049,49,0,0.5105592734391268,0.38469735327409604,32,interleaved
32050,50,0,0.7120127242094845,0.4712824356014408,32,interleaved
32051,51,0,0.4492346312259283,0.425621931241076,32,interleaved
32052,52,0,0.286715197552147,0.5214421826864327,32,interleaved
32053,53,0,0.4906829848596644,0.5135303268765296,32,interleaved
32054,54,0,0.027598231613957375,0.6453871760292473,32,interleaved
32055,55,0,0.5260806905154091,0.4124201973468109,32,interleaved
32056,56,0,0.36842287423553743,0.5236156873341742,32,interleaved
32057,57,0,0.40217298570818333,0.5158433744980643,32,interleaved
32058,58,0,0.42706944264287594,0.4550175554516569,32,interleaved
32059,59,0,0.6895120146034498,0.4097956240761278,32,interleaved
32060,60,0,0.5387122301428846,0.4700258562569254,32,interleaved
32061,61,0,0.6553768131089,0.43290441364457755,32,interleaved
32062,62,0,0.19096973162159595,0.7182225672149416,32,interleaved
32063,63,0,0.16017092766291535,0.4494516617127563,32,interleaved
32064,64,0,0.45225880191564677,0.4976020878036162,32,interleaved
32065,65,0,0.2338236024748857,0.44883129792370347,32,interleaved
32066,66,0,0.6392884541177822,0.4555511977728198,32,interleaved
32067,67,0,0.8227168065602678,0.4151329823747537,32,interleaved
32068,68,0,0.24013064275114743,0.39189140909187103,32,interleaved
32069,69,0,0.8023509108515336,0.36325179406562813,32,interleaved
32070,70,0,0.7096787182110462,0.5248468822764709,32,interleaved
32071,71,0,0.5723867753349915,0.3542608601571595,32,interleaved
32072,72,0,0.9420045123295548,0.4074899037476126,32,interleaved
32073,73,0,0.6478596407197161,0.375053744698593,32,interleaved
32074,74,0,0.1899167712596567,0.65496579977144,32,interleaved
32075,75,0,0.7494813664958403,0.44418570223697296,32,interleaved
32076,76,0,0.5349762888567257,0.5232880732439046,32,interleaved
32077,77,0,0.7191048452064359,0.5226650166619219,32,interleaved
32078,78,0,0.6085393404017546,0.2179330669276596,32,interleaved
32079,79,0,0.6656870858640368,0.44464557590933595,32,interleaved
32080,80,0,0.147953777473877,0.5586101080930086,32,interleaved
32081,81,0,0.892486433126246,0.34655805642679605,32,interleaved
32082,82,0,0.7727838319795995,0.4935238696508852,32,interleaved
32083,83,0,0.5337509564025701,0.3845375990052516,32,interleaved
32084,84,0,0.7110170600632988,0.5268608145275224,32,interleaved
32085,85,0,0.654201848817134,0.2822195336210625,32,interleaved
32086,86,0,0.9279154134573531,0.47929562636981077,32,interleaved
32087,87,0,0.491379132955047,0.464028620238468,32,interleaved
32088,88,0,0.9574273766374598,0.39886585391648766,32,interleaved
32089,89,0,0.49903257311772636,0.5130367722814417,32,interleaved
32090,90,0,0.8331227812147763,0.31954816214852244,32,interleaved
32091,91,0,0.5787516176592296,0.30819131631988106,32,interleaved
32092,92,0,0.7836339317075165,0.31493147473005234,32,interleaved
32093,93,0,0.695805195206597,0.3294827027297821,32,interleaved
32094,94,0,0.688143595053365,0.2763536333731478,32,interleaved
32095,95,0,0.6710906488713491,0.3323295480428371,32,interleaved
32096,96,0,0.08352217277914295,0.4384553155766154,32,interleaved
32097,97,0,0.219231941056937,0.44384405081087985,32,interleaved
32098,98,0,0.8294845250509639,0.4704408695945629,32,interleaved
32099,99,0,0.4843527687036621,0.541361839308176,32,interleaved
32100,100,0,0.49865784057113804,0.5013636165027818,32,interleaved
32101,101,0,0.6903263929438789,0.43614365559368556,32,interleaved
32102,102,0,0.6192917841554418,0.5366784768802582,32,interleaved
32103,103,0,0.5640191875897262,0.5385301432109987,32,interleaved
32104,104,0,0.869709525899719,0.3505965295816344,32,interleaved
32105,105,0,0.5270470233853113,0.24701480676335724,32,interleaved
32106,106,0,0.05020257032721823,0.6489104437646545,32,interleaved
32107,107,0,0.6219044245735168,0.45275805003737746,32,interleaved
32108,108,0,0.6249776377865001,0.4142327310181113,32,interleaved
32109,109,0,0.47169222265210214,0.3896034670701439,32,interleaved
32110,110,0,0.21268005938024714,0.6558323286756271,32,interleaved
32111,111,0,0.48944995986579837,0.39565984875111593,32,interleaved
32112,112,0,0.6685226552182632,0.31744545451975614,32,interleaved
32113,113,0,0.5483398698214615,0.27114344991628436,32,interleaved
32114,114,0,0.8187846571715518,0.4493694165575813,32,interleaved
32115,115,0,0.5498789814293679,0.3843582939725986,32,interleaved
32116,116,0,0.770451745298536,0.27381425914009805,32,interleaved
32117,117,0,0.1443187277990039,0.4024785910216393,32,interleaved
32118,118,0,0.7885089238620588,0.5129222848607236,32,interleaved
32119,119,0,0.4021245012750654,0.43621181051599045,32,interleaved
32120,120,0,0.33758035232751304,0.44323502297358675,32,interleaved
32121,121,0,0.5227028237223773,0.371844008005114,32,interleaved
32122,122,0,0.6999502791594687,0.44525136543776206,32,interleaved
32123,123,0,0.4034595588642872,0.6141054201077019,32,interleaved
32124,124,0,0.8493555147081613,0.3228312028964844,32,interleaved
32125,125,0,0.4891808000539159,0.4396433317877819,32,interleaved
32126,126,0,0.6498256930368354,0.37595195448219654,32,interleaved
32127,127,0,0.5692277619050732,0.41571307925384876,32,interleaved
32128,128,0,0.6977674818419421,0.23643581672657651,32,interleaved
32129,129,0,0.6057693405224294,0.3028617800562259,32,interleaved
32130,130,0,0.6841522293410511,0.2690227296293079,32,interleaved
32131,131,0,0.3663779915512497,0.46692553258322367,32,interleaved
32132,132,0,0.21673477940902003,0.5115217618116429,32,interleaved
32133,133,0,0.333275546486433,0.4585133541041264,32,interleaved
32134,134,0,0.8262218453093338,0.38098209080564066,32,interleaved
32135,135,0,0.5295659048008382,0.27702282197220796,32,interleaved
32136,136,0,0.40426280788598823,0.4942960916418404,32,interleaved
32137,137,0,0.42525859922742515,0.3853170430541437,32,interleaved
32138,138,0,0.5576112780517812,0.5931627181158229,32,interleaved
32139,139,0,0.5025727694820871,0.35058860339819875,32,interleaved
32140,140,0,0.9026050893090667,0.2913471847713769,32,interleaved
32141,141,0,0.4717087601141173,0.5283895187709655,32,interleaved
32142,142,0,0.5631726821886552,0.8814287151554372,32,interleaved
32143,143,0,0.42121392049741807,0.5254658053040018,32,interleaved
32144,144,0,0.5587189708055058,0.49254665434291967,32,interleaved
32145,145,0,0.6655255337235366,0.401271586892668,32,interleaved
32146,146,0,0.7354817795551694,0.3897180911283302,32,interleaved
32147,147,0,0.5377117612309924,0.47986741641143427,32,interleaved
32148,148,0,0.1316014118969692,0.2880446820095791,32,interleaved
32149,149,0,0.280228812773027,0.4548523311312214,32,interleaved
32150,150,0,0.626874115739358,0.3400484041640876,32,interleaved
32151,151,0,0.7918468304222301,0.443730892285206,32,interleaved
32152,152,0,0.37326425364892046,0.41152146920750976,32,interleaved
32153,153,0,0.23946915136292934,0.4064057899134653,32,interleaved
32154,154,0,0.5215397069085039,0.502342328455667,32,interleaved
32155,155,0,0.7011116849800864,0.49039459984237044,32,interleaved
32156,156,0,0.9916724200661953,0.30162677079733813,32,interleaved
32157,157,0,0.5687857025428894,0.4138217920745849,32,interleaved
32158,158,0,0.8203843629979676,0.24367806661792973,32,interleaved
32159,159,0,0.546811965276517,0.4274625820956892,32,interleaved
32160,160,0,0.20892423844682687,0.4386029493088571,32,interleaved
32161,161,0,0.7643969969607906,0.2913964581130074,32,interleaved
32162,162,0,0.9251120331485703,0.3051972556293724,32,interleaved
32163,163,0,0.5017163151735433,0.39469382900931627,32,interleaved
32164,164,0,0.6507425869449295,0.39254520719676667,32,interleaved
32165,165,0,0.4100053372407901,0.4613301557119678,32,interleaved
32166,166,0,0.695458392281598,0.37224592847327825,32,interleaved
32167,167,0,0.5661648455529188,0.5130385189171416,32,interleaved
32168,168,0,0.6154117110661481,0.2866667294715896,32,interleaved
32169,169,0,0.8733547934452927,0.33510429927506746,32,interleaved
32170,170,0,0.9094939170732561,0.26723983740361035,32,interleaved
32171,171,0,0.5631752869306863,0.33085997937907885,32,interleaved
32172,172,0,0.9224667977073762,0.4157400721832677,32,interleaved
32173,173,0,0.17103374527644613,0.6604174352133101,32,interleaved
32174,174,0,0.5157222219918565,0.5178870430657913,32,interleaved
32175,175,0,0.3315188123136338,0.3758174483529002,32,interleaved
32176,176,0,0.7018968597825932,0.399770570449665,32,interleaved
32177,177,0,0.30751077801907784,0.45059095959913176,32,interleaved
32178,178,0,0.5419611315083596,0.424013161533757,32,interleaved
32179,179,0,0.5416799481915501,0.31406872586609424,32,interleaved
32180,180,0,0.7065670255884322,0.4327138093619236,32,interleaved
32181,181,0,0.30403382117625316,0.394329985704484,32,interleaved
32182,182,0,0.6648685134366524,0.41287803435412906,32,interleaved
32183,183,0,0.07465448478570894,0.5559931899811364,32,interleaved
32184,184,0,0.5617952888187062,0.4265515921435914,32,interleaved
32185,185,0,0.2784604040129239,0.36303783629206876,32,interleaved
32186,186,0,0.4013547892759818,0.49362252446444943,32,interleaved
32187,187,0,0.6769335142259381,0.34332558270736346,32,interleaved
32188,188,0,0.7089848135314243,0.3409973215214281,32,interleaved
32189,189,0,0.40514991413961576,0.41771610785067764,32,interleaved
32190,190,0,0.26360763895891454,0.3582686550071389,32,interleaved
32191,191,0,0.7624371966655119,0.2863304180368229,32,interleaved
32192,192,0,0.3974844838294478,0.3657428886677001,32,interleaved
32193,193,0,0.669692928261653,0.46990293774593506,32,interleaved
32194,194,0,0.273356164507411,0.42496283072295066,32,interleaved
32195,195,0,0.49459528576366024,0.29582638193848276,32,interleaved
32196,196,0,0.08488175953816146,0.42607768131044144,32,interleaved
32197,197,0,0.703962307820136,0.3383221142245781,32,interleaved
32198,198,0,0.41968307070622246,0.3916362690300903,32,interleaved
32199,199,0,0.5232980959454245,0.4623489976738061,32,interleaved
32200,0,0,0.6555015432433736,0.7577860153432843,32,blocked
32201,1,0,0.5573811786558577,0.8079237652063506,32,blocked
32202,2,0,0.2651075165069689,0.6618309799289734,32,blocked
32203,3,0,0.9145437397536211,0.9079910490524601,32,blocked
32204,4,0,0.014875115985228669,0.606749608905023,32,blocked
32205,5,0,0.34972194838855186,0.6883163400194289,32,blocked
32206,6,0,0.10080257047479188,0.6660263019930275,32,blocked
32207,7,0,0.25448527541963123,0.5129347789625347,32,blocked
32208,8,0,0.8003692696626317,0.45794131671861477,32,blocked
32209,9,0,0.18154808126821229,0.500299861365785,32,blocked
32210,10,0,0.9562126278702302,0.41286983057055676,32,blocked
32211,11,0,0.4675607080419884,0.5790499770665084,32,blocked
32212,12,0,0.05857260878818343,0.6236976267163196,32,blocked
32213,13,0,0.8427732675734538,0.44968874708666196,32,blocked
32214,14,0,0.9283486615990086,0.43637178985809216,32,blocked
32215,15,0,0.9590269660269937,0.4353347733136587,32,blocked
32216,16,0,0.2429037342088603,0.45085949531577574,32,blocked
32217,17,0,0.6386126772402481,0.40437909272165984,32,blocked
32218,18,0,0.7363949962434679,0.42870711465103084,32,blocked
32219,19,0,0.9607827591169917,0.3606138326203038,32,blocked
32220,20,0,0.7389139422272882,0.45254922741714704,32,blocked
32221,21,0,0.7379064949171663,0.3863469004179424,32,blocked
32222,22,0,0.8739803252726336,0.4310305714791469,32,blocked
32223,23,0,0.6886393786572598,0.5251229128731871,32,blocked
32224,24,0,0.6310896313585435,0.6178560529966834,32,blocked
32225,25,0,0.9912658059702131,0.339463952036125,32,blocked
32226,26,0,0.03409659445252063,0.7196181666955683,32,blocked
32227,27,0,0.342508594883121,0.5259430018792235,32,blocked
32228,28,0,0.7282879391903687,0.6254363584197674,32,blocked
32229,29,0,0.4487436951586893,0.6485973046371046,32,blocked
32230,30,0,0.3820960553238364,0.6580926511043107,32,blocked
32231,31,0,0.594295846732197,0.3964326724075702,32,blocked
32232,32,0,0.6594551302294817,0.30349052154079603,32,blocked
32233,33,0,0.834946793299409,0.5094875192557259,32,blocked
32234,34,0,0.7044356583821336,0.4732604176621773,32,blocked
32235,35,0,0.7159483888658317,0.3528734642426529,32,blocked
32236,36,0,0.6237828692252391,0.3822807570571113,32,blocked
32237,37,0,0.650726746794652,0.41890945946582814,32,blocked
32238,38,0,0.4844776077144797,0.6870213622541006,32,blocked
32239,39,0,0.5520148047975453,0.3251638776549585,32,blocked
32240,40,0,0.6318359237508653,0.5059772447717432,32,blocked
32241,41,0,0.06332094528431961,0.6258260288597828,32,blocked
32242,42,0,0.3254252299512896,0.4590442859581825,32,blocked
32243,43,0,0.25653696529057657,0.5150646571514313,32,blocked
32244,44,0,0.7963152630511666,0.37363294808021336,32,blocked
32245,45,0,0.33350045820663277,0.657345749283619,32,blocked
32246,46,0,0.09412749330873396,0.4256275803832671,32,blocked
32247,47,0,0.33265814296773677,0.4555934424828715,32,blocked
32248,48,0,0.7280782848630885,0.5655415373876503,32,blocked
32249,49,0,0.06825265480740339,0.5370555158665331,32,blocked
32250,50,0,0.705870254625685,0.32210103250052513,32,blocked
32251,51,0,0.7627718197460717,0.5698355826179345,32,blocked
32252,52,0,0.8951070204739422,0.3782595842216973,32,blocked
32253,53,0,0.14071189270712808,0.46079497655882296,32,blocked
32254,54,0,0.7709661065184272,0.3913674499592321,32,blocked
32255,55,0,0.8382152077101181,0.5497562668793284,32,blocked
32256,56,0,0.24536277837742648,0.4761444686597942,32,blocked
32257,57,0,0.8821645102250928,0.4613863762495137,32,blocked
32258,58,0,0.45375055086699767,0.3953823901632988,32,blocked
32259,59,0,0.5133915261484376,0.448223619708364,32,blocked
32260,60,0,0.5537706409984906,0.6021262898977777,32,blocked
32261,61,0,0.43784064925070243,0.41108404553097716,32,blocked
32262,62,0,0.9087948638603187,0.3923888372949501,32,blocked
32263,63,0,0.4499603046082205,0.6685078423793616,32,blocked
32264,64,0,0.47429052472733857,0.5543153464986328,32,blocked
32265,65,0,0.010140701280588011,0.7610275329573017,32,blocked
32266,66,0,0.7095810786354194,0.47961660787032645,32,blocked
32267,67,0,0.31364604097018983,0.45454461950561664,32,blocked
32268,68,0,0.6222149902212906,0.3609952633772522,32,blocked
32269,69,0,0.7759749088246186,0.4383826809286,32,blocked
32270,70,0,0.41505928013711413,0.37468198860003427,32,blocked
32271,71,0,0.57457845343526,0.41606483528118166,32,blocked
32272,72,0,0.7126720258445863,0.3853936270879551,32,blocked
32273,73,0,0.7465710683216848,0.2884748875912833,32,blocked
32274,74,0,0.4656400837855353,0.5046091672260838,32,blocked
32275,75,0,0.6859351808406285,0.3763411922880414,32,blocked
32276,76,0,0.5647756556511858,0.3450513447048398,32,blocked
32277,77,0,0.20048074075065975,0.5828158627374298,32,blocked
32278,78,0,0.43432760650876523,0.4075771451070737,32,blocked
32279,79,0,0.4741361254149872,0.5623858032425544,32,blocked
32280,80,0,0.8327175213418792,0.4068601073210192,32,blocked
32281,81,0,0.48354461489588985,0.47655254844686423,32,blocked
32282,82,0,0.2937474573070006,0.5300509153931976,32,blocked
32283,83,0,0.3551624735969014,0.613107511324513,32,blocked
32284,84,0,0.22415460016113137,0.45574578091463536,32,blocked
32285,85,0,0.41671266267085433,0.44252438359516044,32,blocked
32286,86,0,0.754251710411904,0.40503106815595336,32,blocked
32287,87,0,0.36636135499846756,0.5693283877196703,32,blocked
32288,88,0,0.6092311601904056,0.4279383515393668,32,blocked
32289,89,0,0.4365141335433201,0.3390744293723865,32,blocked
32290,90,0,0.07495026991395372,0.5322228865688677,32,blocked
32291,91,0,0.438921082570102,0.44890007399364273,32,blocked
32292,92,0,0.4531684891572431,0.755698076937767,32,blocked
32293,93,0,0.5784066607028838,0.333952630082235,32,blocked
32294,94,0,0.32212406119815384,0.47933891295575726,32,blocked
32295,95,0,0.5859024028826199,0.2981442736854126,32,blocked
32296,96,0,0.7358686103816496,0.46292607406223096,32,blocked
32297,97,0,0.164269578399594,0.5993290880750468,32,blocked
32298,98,0,0.8284238381956162,0.42830022021681263,32,blocked
32299,99,0,0.4539369290785338,0.3592144695306427,32,blocked
32300,100,0,0.6446538525708617,0.4000035164450869,32,blocked
32301,101,0,0.8825498136157051,0.4400370569472922,32,blocked
32302,102,0,0.9419580831075396,0.2871773296745221,32,blocked
32303,103,0,0.41790184576392875,0.42009694966513045,32,blocked
32304,104,0,0.6941771939494342,0.5002703724086985,32,blocked
32305,105,0,0.9447859342568441,0.2866796708700976,32,blocked
32306,106,0,0.8812062039402511,0.4894982531966078,32,blocked
32307,107,0,0.9247887777789499,0.41411355711013637,32,blocked
32308,108,0,0.9031310664878008,0.4686839740613071,32,blocked
32309,109,0,0.4321019918038584,0.6896880419237066,32,blocked
32310,110,0,0.7528371642106573,0.4298753759520278,32,blocked
32311,111,0,0.4644086385472142,0.7050258887899787,32,blocked
32312,112,0,0.6256121870914366,0.41345256379988415,32,blocked
32313,113,0,0.7108424200453902,0.3364250599756884,32,blocked
32314,114,0,0.5142619491703976,0.4100390711900378,32,blocked
32315,115,0,0.8183702547654819,0.24988567221173902,32,blocked
32316,116,0,0.7927275821674523,0.3187074047043327,32,blocked
32317,117,0,0.5692826249107855,0.33251016136781253,32,blocked
32318,118,0,0.7816377065786342,0.3868402426960713,32,blocked
32319,119,0,0.6171362903874714,0.41966519091788784,32,blocked
32320,120,0,0.6279835921069938,0.4518474944759505,32,blocked
32321,121,0,0.1795659027143168,0.6035825375801301,32,blocked
32322,122,0,0.8827329976731686,0.35892386485907285,32,blocked
32323,123,0,0.4392628936986135,0.48906364327017665,32,blocked
32324,124,0,0.640136613097072,0.3435530241417153,32,blocked
32325,125,0,0.11300729241072432,0.5761477816484921,32,blocked
32326,126,0,0.5024040358266463,0.39270954380404177,32,blocked
32327,127,0,0.5198480065405375,0.43185106272676177,32,blocked
32328,128,0,0.4439514355792973,0.37556146190570805,32,blocked
32329,129,0,0.49587332557982267,0.3922499060645652,32,blocked
32330,130,0,0.15581438014579752,0.38135102098683527,32,blocked
32331,131,0,0.7594688120334185,0.35840439913899197,32,blocked
32332,132,0,0.3069080993730255,0.350671159123064,32,blocked
32333,133,0,0.43107417613019094,0.45050925535466113,32,blocked
32334,134,0,0.14146993968390273,0.580334288797391,32,blocked
32335,135,0,0.4499712358592021,0.5328416136374895,32,blocked
32336,136,0,0.4268365501451802,0.4364228639506599,32,blocked
32337,137,0,0.549024105082901,0.31967282986352785,32,blocked
32338,138,0,0.44890674561495214,0.38677114213237473,32,blocked
32339,139,0,0.6680708712431522,0.4478522435877716,32,blocked
32340,140,0,0.30824001058617057,0.5260581953461744,32,blocked
32341,141,0,0.27345831714409274,0.3515528206922088,32,blocked
32342,142,0,0.7601090939119948,0.45080400141715515,32,blocked
32343,143,0,0.5786893443253492,0.3942890453953546,32,blocked
32344,144,0,0.6585909334874681,0.46881918992027194,32,blocked
32345,145,0,0.07114075618930571,0.5752679548893044,32,blocked
32346,146,0,0.5464970499618428,0.45269998849917803,32,blocked
32347,147,0,0.5916413283264841,0.31731313526270905,32,blocked
32348,148,0,0.7181597961125454,0.4267291775954134,32,blocked
32349,149,0,0.7443159131599387,0.6302797787912022,32,blocked
32350,150,0,0.5393781495588527,0.581842781152045,32,blocked
32351,151,0,0.8961822829768817,0.3392625325918046,32,blocked
32352,152,0,0.8999354712297314,0.4326286623249517,32,blocked
32353,153,0,0.23993025153034347,0.5404852135963145,32,blocked
32354,154,0,0.6879492034133292,0.4662169527233715,32,blocked
32355,155,0,0.8916655409634988,0.28654542764757074,32,blocked
32356,156,0,0.2964457224485785,0.483704821141879,32,blocked
32357,157,0,0.427504100815945,0.5051469293613469,32,blocked
32358,158,0,0.5352954454176302,0.33945572306505667,32,blocked
32359,159,0,0.6970230181909888,0.3453580859797024,32,blocked
32360,160,0,0.5884381212584591,0.5914698130021323,32,blocked
32361,161,0,0.4739927603401765,0.45331483646552634,32,blocked
32362,162,0,0.6717961675143571,0.40724442820164,32,blocked
32363,163,0,0.7507353546725919,0.33279018490400236,32,blocked
32364,164,0,0.2621920821633138,0.5569215186422567,32,blocked
32365,165,0,0.8081480955793935,0.3131482280693273,32,blocked
32366,166,0,0.7574330814797581,0.42090485070094363,32,blocked
32367,167,0,0.5913936377447708,0.3821094614578301,32,blocked
32368,168,0,0.32344263784478533,0.3595782898880695,32,blocked
32369,169,0,0.22998591494774456,0.41318508230818574,32,blocked
32370,170,0,0.6338217213144186,0.5271622828043978,32,blocked
32371,171,0,0.4619697462808603,0.5007742450918222,32,blocked
32372,172,0,0.6077417966259013,0.31109855108121787,32,blocked
32373,173,0,0.13545086070286527,0.6318279407159528,32,blocked
32374,174,0,0.24844466034234847,0.4404607200271845,32,blocked
32375,175,0,0.915494825216423,0.35915404895287484,32,blocked
32376,176,0,0.10960743416592543,0.3496158352708526,32,blocked
32377,177,0,0.5093564741053982,0.481757822127968,32,blocked
32378,178,0,0.5136163175141765,0.40194607353261314,32,blocked
32379,179,0,0.699780443944344,0.410689349370599,32,blocked
32380,180,0,0.4855870784307207,0.4914934694022141,32,blocked
32381,181,0,0.6398669383962492,0.3104945573393011,32,blocked
32382,182,0,0.6908616435968508,0.3541355749467461,32,blocked
32383,183,0,0.7803324609477562,0.46230661241064164,32,blocked
32384,184,0,0.17541368055736192,0.4178125310144214,32,blocked
32385,185,0,0.9248271899850304,0.3223247295434972,32,blocked
32386,186,0,0.30138313958646434,0.3834787794813371,32,blocked
32387,187,0,0.622645058916101,0.46957856759233096,32,blocked
32388,188,0,0.7695069450064627,0.3217010536735071,32,blocked
32389,189,0,0.48378445772306694,0.5968805049592798,32,blocked
32390,190,0,0.35164263104831883,0.4263255773348751,32,blocked
32391,191,0,0.5906899098080336,0.37591537582252643,32,blocked
32392,192,0,0.07526317549151115,0.4997066736537661,32,blocked
32393,193,0,0.8942477966796383,0.33370453558092156,32,blocked
32394,194,0,0.18026881466416209,0.4314443467922164,32,blocked
32395,195,0,0.5211687315808884,0.3511929668935322,32,blocked
32396,196,0,0.49362770475841483,0.5046465153288927,32,blocked
32397,197,0,0.5003259030471595,0.48876340286001585,32,blocked
32398,198,0,0.22752869047509872,0.36576403102265925,32,blocked
32399,199,0,0.46834087702241045,0.49697113265604986,32,blocked
32400,0,0,0.47942754346164645,0.7391691576093193,32,early
32401,1,0,0.5226798216334925,0.47557758125790933,32,early
32402,2,0,0.5888074721852748,0.6106209287696872,32,early
32403,3,0,0.28113147376628433,0.4900928962412653,32,early
32404,4,0,0.5476171700560393,0.6794446496700417,32,early
32405,5,0,0.06742760827978524,0.5538227680636016,32,early
32406,6,0,0.1405145346905163,0.4516455457335315,32,early
32407,7,0,0.40196611819087624,0.3975318347573579,32,early
32408,8,0,0.5090158939792893,0.4314886108780328,32,early
32409,9,0,0.2533729626384549,0.37622010030265707,32,early
32410,10,0,0.4752982296111866,0.4810838059449998,32,early
32411,11,0,0.4411882974564111,0.45487792661228,32,early
32412,12,0,0.6000560954923236,0.30322145929838384,32,early
32413,13,0,0.6344152375411458,0.4003836284547282,32,early
32414,14,0,0.636288271964695,0.5348887833621158,32,early
32415,15,0,0.39204191453286436,0.4583201135785473,32,early
32416,16,0,0.7061818865963523,0.39365025229795975,32,early
32417,17,0,0.22951280473315044,0.36420161309777654,32,early
32418,18,0,0.7763644842882058,0.28004787064626524,32,early
32419,19,0,0.7445874699352848,0.47837438362341167,32,early
32420,20,0,0.254793799867197,0.38812232963662996,32,early
32421,21,0,0.5393442973050362,0.4817640552643099,32,early
32422,22,0,0.49657910217604384,0.3288814143894703,32,early
32423,23,0,0.2887864424060303,0.5347842538818567,32,early
32424,24,0,0.40559649690020466,0.4974630672640572,32,early
32425,25,0,0.504924903988561,0.3073178908152269,32,early
32426,26,0,0.6668888857931339,0.4018116621864286,32,early
32427,27,0,0.14134666090790574,0.4917834324440684,32,early
32428,28,0,0.818602588736628,0.34236596097047667,32,early
32429,29,0,0.92159089545677,0.48535594452452224,32,early
32430,30,0,0.47226929043466054,0.5112665168104872,32,early
32431,31,0,0.23379423720209486,0.4623852994249831,32,early
32432,32,0,0.5198593257704389,0.3190681894285959,32,early
32433,33,0,0.6015016085331727,0.2925494125052026,32,early
32434,34,0,0.5422091207980614,0.5594144742135002,32,early
32435,35,0,0.8440944649083075,0.47155951774848426,32,early
32436,36,0,0.17947892775505533,0.45491591374541673,32,early
32437,37,0,0.44901938028635796,0.3950118588277952,32,early
32438,38,0,0.5633232721397405,0.3298246557391601,32,early
32439,39,0,0.6560484687596982,0.4276904424489575,32,early
32440,40,0,0.5658785715662411,0.3612028821377975,32,early
32441,41,0,0.3032184342651211,0.30689304739453677,32,early
32442,42,0,0.3832927781304765,0.307075949455833,32,early
32443,43,0,0.565289273673939,0.430511764835391,32,early
32444,44,0,0.7181960681332424,0.48306783475642134,32,early
32445,45,0,0.2876945992244027,0.47635164337334096,32,early
32446,46,0,0.8383299793639971,0.5000075044111748,32,early
32447,47,0,0.5939447142865864,0.5323674518904296,32,early
32448,48,0,0.3652109084035251,0.433565500009371,32,early
32449,49,0,0.8538253995259444,0.42621149748194365,32,early
32450,50,0,0.49680512086213086,0.48965120950499486,32,early
32451,51,0,0.21892599269884683,0.5139807209736784,32,early
32452,52,0,0.712267695580902,0.321595059583757,32,early
32453,53,0,0.7124788440251353,0.48926494042399665,32,early
32454,54,0,0.6995225250313603,0.49919185931666127,32,early
32455,55,0,0.16154990863392565,0.373508094546671,32,early
32456,56,0,0.5247259045718146,0.3849291402011694,32,early
32457,57,0,0.5663349407811762,0.5072762368593543,32,early
32458,58,0,0.4634949697243546,0.4389675794699081,32,early
32459,59,0,0.3683548446264575,0.28958815593642295,32,early
32460,60,0,0.7735463395088565,0.3705238635149676,32,early
32461,61,0,0.5907954582496583,0.3595153630673996,32,early
32462,62,0,0.2743450983628435,0.4398125620667529,32,early
32463,63,0,0.5834412361720909,0.3617898268123694,32,early
32464,64,0,0.5365851600021389,0.3927090631356852,32,early
32465,65,0,0.38419291853376497,0.40908842071395535,32,early
32466,66,0,0.2716506703475286,0.5410763776374761,32,early
32467,67,0,0.44737407728288103,0.39896563400286067,32,early
32468,68,0,0.3163074388115039,0.4281829757851918,32,early
32469,69,0,0.6354419296919869,0.40146981108785107,32,early
32470,70,0,0.3581144078223403,0.45001616830209695,32,early
32471,71,0,0.27097345174011034,0.3554869480874203,32,early
32472,72,0,0.461167221412921,0.36891457580972076,32,early
32473,73,0,0.6551235689630407,0.3337391392081219,32,early
32474,74,0,0.6345331565317545,0.44266991274486617,32,early
32475,75,0,0.26249891121172564,0.3875272323407455,32,early
32476,76,0,0.5142997649563287,0.37753977815007805,32,early
32477,77,0,0.3165861667502826,0.48560597234708613,32,early
32478,78,0,0.7087928384200971,0.3917260752246141,32,early
32479,79,0,0.23408207697403588,0.4625165598178521,32,early
32480,80,0,0.465268228730172,0.43473584816488453,32,early
32481,81,0,0.7929181180811954,0.3569304580401214,32,early
32482,82,0,0.5643603156811798,0.42068749748168016,32,early
32483,83,0,0.6933979574265217,0.3937229833897885,32,early
32484,84,0,0.2731779922006538,0.5199930214348585,32,early
32485,85,0,0.7083065173107016,0.37904955657248773,32,early
32486,86,0,0.9153447653031233,0.34464676356144364,32,early
32487,87,0,0.8641690040486999,0.5092213686803949,32,early
32488,88,0,0.324364146060432,0.4474903238468598,32,early
32489,89,0,0.24734838549900953,0.3548186039434593,32,early
32490,90,0,0.6766953508988864,0.4921133903028111,32,early
32491,91,0,0.563511403384925,0.4741397856023144,32,early
32492,92,0,0.5306356835204548,0.36449930753967097,32,early
32493,93,0,0.5416602616373741,0.4617620883533567,32,early
32494,94,0,0.36063259549813165,0.5111758249478999,32,early
32495,95,0,0.3052845586733339,0.38698411012451905,32,early
32496,96,0,0.3864915843535305,0.4913260897444409,32,early
32497,97,0,0.761773675351209,0.2630381314143024,32,early
32498,98,0,0.23895449019678042,0.4532509463472546,32,early
32499,99,0,0.40886930031085805,0.29107973007666665,32,early
32500,100,0,0.17456390819497875,0.47874074635196484,32,early
32501,101,0,0.5816383024857621,0.34534876761392397,32,early
32502,102,0,0.6775626336087411,0.29634073272374695,32,early
32503,103,0,0.5283936331685597,0.4606837521541601,32,early
32504,104,0,0.9504948619905604,0.5161719930575647,32,early
32505,105,0,0.47555791158946725,0.39229326619249894,32,early
32506,106,0,0.08758670337959129,0.2871746824079716,32,early
32507,107,0,0.32374166651615244,0.29581126451769413,32,early
32508,108,0,0.4627698842128182,0.4314343897040894,32,early
32509,109,0,0.413796767059459,0.4375154035573063,32,early
32510,110,0,0.641910239367046,0.41119633828578617,32,early
32511,111,0,0.40688477102098136,0.292878354422637,32,early
32512,112,0,0.6231073721000355,0.4222509452356376,32,early
32513,113,0,0.5755233284452201,0.46255525239353124,32,early
32514,114,0,0.6206143561530238,0.45837710876020515,32,early
32515,115,0,0.3782258449037021,0.5686275265505064,32,early
32516,116,0,0.8827058307651755,0.36077506615195776,32,early
32517,117,0,0.4887834108326442,0.426374577650293,32,early
32518,118,0,0.7108488068258181,0.30429356574747496,32,early
32519,119,0,0.7513566098023462,0.40346068383906425,32,early
32520,120,0,0.8665572965572492,0.42202924519702245,32,early
32521,121,0,0.4739140543701268,0.4645587905843966,32,early
32522,122,0,0.9912346853047838,0.4349183584471973,32,early
32523,123,0,0.6469589393603425,0.2664243511327855,32,early
32524,124,0,0.6722656539442656,0.484826916218861,32,early
32525,125,0,0.5095062127901965,0.3856008167720022,32,early
32526,126,0,0.09686647330350678,0.3511810061095899,32,early
32527,127,0,0.5533512862454576,0.6047842908353938,32,early
32528,128,0,0.7193964553826447,0.5137004365632272,32,early
32529,129,0,0.6454288305005191,0.45171072461766887,32,early
32530,130,0,0.38133288576486973,0.3644503865655669,32,early
32531,131,0,0.871542835943206,0.5082697690751966,32,early
32532,132,0,0.27484122217989004,0.3508052927413927,32,early
32533,133,0,0.13895766965249792,0.3046282389600277,32,early
32534,134,0,0.9602296159081566,0.41270532852181163,32,early
32535,135,0,0.45973735202373156,0.3407428243412811,32,early
32536,136,0,0.7185993917126379,0.30126803994202367,32,early
32537,137,0,0.5996570074697093,0.4457926775378237,32,early
32538,138,0,0.6741089938231335,0.3037804389903382,32,early
32539,139,0,0.3968993620475348,0.5398236121220632,32,early
32540,140,0,0.7732541589417046,0.4030936346201426,32,early
32541,141,0,0.34148868813488326,0.4784294196569677,32,early
32542,142,0,0.4382042487216774,0.3045755954614414,32,early
32543,143,0,0.4984133954348279,0.27303024573693835,32,early
32544,144,0,0.593622558137206,0.3638411387340036,32,early
32545,145,0,0.3715948140494791,0.31363306778587074,32,early
32546,146,0,0.9053982553613347,0.29140194029625405,32,early
32547,147,0,0.4833033965527764,0.4005981520507609,32,early
32548,148,0,0.024721542830876676,0.41935309346533617,32,early
32549,149,0,0.5616036122733283,0.31394358212510404,32,early
32550,150,0,0.7517413646450937,0.295030264991914,32,early
32551,151,0,0.44331271926425236,0.36655990421425333,32,early
32552,152,0,0.3772877660292352,0.3107444773450334,32,early
32553,153,0,0.24705792116690878,0.3652048820839887,32,early
32554,154,0,0.5060631765113457,0.36796224778339215,32,early
32555,155,0,0.67981761228968,0.24422414722184557,32,early
32556,156,0,0.05803155723190285,0.38041743755412394,32,early
32557,157,0,0.4672825394416041,0.32026711031679267,32,early
32558,158,0,0.45365332007435444,0.41723612613369715,32,early
32559,159,0,0.8034475156324619,0.32922579650675127,32,early
32560,160,0,0.20069358161239365,0.29482132876138833,32,early
32561,161,0,0.5592423106228741,0.29701669207368564,32,early
32562,162,0,0.40381043105867764,0.31888834111648356,32,early
32563,163,0,0.4455314442876075,0.47697120675591165,32,early
32564,164,0,0.46830553507317535,0.3451172473663127,32,early
32565,165,0,0.6872401404124037,0.4252873626125714,32,early
32566,166,0,0.7106633027385123,0.2740161232328009,32,early
32567,167,0,0.4435886599452292,0.39478171585716926,32,early
32568,168,0,0.4388151582101085,0.23020167588371154,32,early
32569,169,0,0.6231924434814422,0.2106532558853129,32,early
32570,170,0,0.6762592823090279,0.29399730249006106,32,early
32571,171,0,0.3679837915002328,0.2683515713367697,32,early
32572,172,0,0.748386068569604,0.5473432072031847,32,early
32573,173,0,0.3448370704192,0.5228624267553689,32,early
32574,174,0,0.4659135831517297,0.3629869512955801,32,early
32575,175,0,0.41289564051583666,0.3313198636154855,32,early
32576,176,0,0.8977700092952481,0.2764579102961042,32,early
32577,177,0,0.739206936763638,0.40891162787649354,32,early
32578,178,0,0.9876196604171368,0.2296117572294589,32,early
32579,179,0,0.5295861935812978,0.43643597233607057,32,early
32580,180,0,0.5118594934021811,0.3323398542053554,32,early
32581,181,0,0.5222004618157388,0.5127163135249185,32,early
32582,182,0,0.1625670924283877,0.3676372460234547,32,early
32583,183,0,0.5744548557642499,0.34438455505040816,32,early
32584,184,0,0.534140369088233,0.3691806144644682,32,early
32585,185,0,0.5186556188326055,0.18881480414297316,32,early
32586,186,0,0.26291450223894736,0.3547917766653924,32,early
32587,187,0,0.373698677665706,0.3459139275162487,32,early
32588,188,0,0.5860836210102758,0.5837683191285274,32,early
32589,189,0,0.8235164847655868,0.4200803682553448,32,early
32590,190,0,0.7895443186308304,0.5242564117725774,32,early
32591,191,0,0.3335125454954245,0.3789799187590066,32,early
32592,192,0,0.961780879247919,0.33971697953152846,32,early
32593,193,0,0.33003929647250846,0.4357902490760768,32,early
32594,194,0,0.4279496022066249,0.2863842577632788,32,early
32595,195,0,0.4985104216766217,0.465653986206292,32,early
32596,196,0,0.6271463476817238,0.41087120686807765,32,early
32597,197,0,0.43450829714505823,0.3756784527478735,32,early
32598,198,0,0.6756264203964935,0.3524146863451546,32,early
32599,199,0,0.3787827263612853,0.34771057130339517,32,early
32600,0,0,0.3391068049886562,0.7563941899979453,32,middle
32601,1,0,0.7864230906296615,0.5116457516301023,32,middle
32602,2,0,0.651213941976269,0.4506175602167411,32,middle
32603,3,0,0.31763960721027756,0.6412059329521945,32,middle
32604,4,0,0.5403611626439205,0.5263989233040123,32,middle
32605,5,0,0.8587440974031527,0.5016945846547721,32,middle
32606,6,0,0.5499594935131138,0.6767701281098187,32,middle
32607,7,0,0.8792635782081426,0.45586529772583007,32,middle
32608,8,0,0.6194287769048648,0.5832348721367162,32,middle
32609,9,0,0.04488317980572195,0.8125577510970157,32,middle
32610,10,0,0.6473672899260179,0.498233924328195,32,middle
32611,11,0,0.5571268290427588,0.38138273199328165,32,middle
32612,12,0,0.14017865873694715,0.6984484239891259,32,middle
32613,13,0,0.9197041255093575,0.47763326529629735,32,middle
32614,14,0,0.7139785358109894,0.3770077331499454,32,middle
32615,15,0,0.1610595117268646,0.4534809822182433,32,middle
32616,16,0,0.6252298249059063,0.4725441261880795,32,middle
32617,17,0,0.513447430774466,0.44258608460819576,32,middle
32618,18,0,0.5671040229547717,0.517886564783455,32,middle
32619,19,0,0.8126889156786138,0.3531121776537923,32,middle
32620,20,0,0.39422840443246876,0.48718272711541416,32,middle
32621,21,0,0.7503181394391683,0.5603055357531838,32,middle
32622,22,0,0.48165302282203565,0.6962545376753506,32,middle
32623,23,0,0.8786232772615807,0.3932496892698858,32,middle
32624,24,0,0.5770206367995752,0.5228655312789097,32,middle
32625,25,0,0.7603056920732634,0.46622983872426205,32,middle
32626,26,0,0.8796736596383044,0.318250522347379,32,middle
32627,27,0,0.10243422106329858,0.6208653770316857,32,middle
32628,28,0,0.23663382306073022,0.5198703186143693,32,middle
32629,29,0,0.6541694139165706,0.6481179319371674,32,middle
32630,30,0,0.5134818398572163,0.5128672945228866,32,middle
32631,31,0,0.5207710513829409,0.37964581657172214,32,middle
32632,32,0,0.42078320070425046,0.42519710983676373,32,middle
32633,33,0,0.5425983086054786,0.48995415077540516,32,middle
32634,34,0,0.47386514013919595,0.49802393665095623,32,middle
32635,35,0,0.12048840301048336,0.6027944910763133,32,middle
32636,36,0,0.27159760465746624,0.5194915364110961,32,middle
32637,37,0,0.5849757875417247,0.4432278665793153,32,middle
32638,38,0,0.5459946608867561,0.47379070605517404,32,middle
32639,39,0,0.7021385664998652,0.6686392800751682,32,middle
32640,40,0,0.49045759794492017,0.6872013525988553,32,middle
32641,41,0,0.30955607330664014,0.4657401422172493,32,middle
32642,42,0,0.5340697305693598,0.41333833937930775,32,middle
32643,43,0,0.5753069975829185,0.46652472385770904,32,middle
32644,44,0,0.4483317763934672,0.5194961080675835,32,middle
32645,45,0,0.4613359917342977,0.5070837096798643,32,middle
32646,46,0,0.4782949557587484,0.45875699333537023,32,middle
32647,47,0,0.41328767911083375,0.4767359644739688,32,middle
32648,48,0,0.4760082175923446,0.4056465702128369,32,middle
32649,49,0,0.46482186100035205,0.3627886769261456,32,middle
32650,50,0,0.41754637252412014,0.453786157488136,32,middle
32651,51,0,0.387869098533378,0.41605262823989564,32,middle
32652,52,0,0.5712945742118705,0.42459961922394673,32,middle
32653,53,0,0.4343491195236336,0.4628289257620506,32,middle
32654,54,0,0.44262181153046537,0.4112752660750842,32,middle
32655,55,0,0.4800848494248545,0.4619491485778309,32,middle
32656,56,0,0.679840500011221,0.3308036832321759,32,middle
32657,57,0,0.7448840994606734,0.3575011937171402,32,middle
32658,58,0,0.6990173426793749,0.49025709028602066,32,middle
32659,59,0,0.34197491704261507,0.5490270698050955,32,middle
32660,60,0,0.4447650536335866,0.681914479892791,32,middle
32661,61,0,0.5268451263656052,0.6054302378458933,32,middle
32662,62,0,0.4201994329819858,0.4708980771013488,32,middle
32663,63,0,0.8073047313457626,0.4401552706017128,32,middle
32664,64,0,0.8259805813367791,0.4653966402598395,32,middle
32665,65,0,0.6533215028564144,0.5492579759795748,32,middle
32666,66,0,0.4071584128240654,0.45207736377236934,32,middle
32667,67,0,0.6512318747638928,0.38109630491084673,32,middle
32668,68,0,0.6965350641472607,0.49708614437624454,32,middle
32669,69,0,0.33144875289955444,0.4801121070904654,32,middle
32670,70,0,0.7081598157323209,0.36096183764348033,32,middle
32671,71,0,0.4842949865624334,0.5281625440042834,32,middle
32672,72,0,0.6289467467642245,0.5128462980277504,32,middle
32673,73,0,0.27920031381306437,0.5158289773833405,32,middle
32674,74,0,0.5253734097604625,0.5990412500985022,32,middle
32675,75,0,0.5111505925889,0.46828488375203503,32,middle
32676,76,0,0.5424095709897451,0.5170140576965455,32,middle
32677,77,0,0.536587946669675,0.32625903961293634,32,middle
32678,78,0,0.516106489465192,0.40583057072291906,32,middle
32679,79,0,0.545620191370993,0.3907898641509838,32,middle
32680,80,0,0.462922203822573,0.5212855958312306,32,middle
32681,81,0,0.5073804408147919,0.34450211170851996,32,middle
32682,82,0,0.3388683322724577,0.4223453011579701,32,middle
32683,83,0,0.7595985157843694,0.6807047109560536,32,middle
32684,84,0,0.72772797180206,0.6204059159890746,32,middle
32685,85,0,0.6349349409478009,0.39016982655545784,32,middle
32686,86,0,0.6863706748389333,0.47758848718558417,32,middle
32687,87,0,0.10429712855857605,0.4342549108869604,32,middle
32688,88,0,0.09726835306441162,0.6220522844592691,32,middle
32689,89,0,0.08580840820040377,0.6254049224656368,32,middle
32690,90,0,0.8823654289847522,0.34673576999022304,32,middle
32691,91,0,0.7056891347301373,0.37582045444089673,32,middle
32692,92,0,0.884413508563812,0.357038050251558,32,middle
32693,93,0,0.902639372288419,0.4011970653675697,32,middle
32694,94,0,0.14002436267946664,0.5223734621110909,32,middle
32695,95,0,0.05970954354221897,0.6214321343960281,32,middle
32696,96,0,0.15965964937568694,0.5643472614133893,32,middle
32697,97,0,0.3841367114798652,0.4808528920694982,32,middle
32698,98,0,0.9357536080403351,0.40002227672429796,32,middle
32699,99,0,0.5562906078690852,0.42374729079246953,32,middle
32700,100,0,0.6244088015678451,0.5301632811598918,32,middle
32701,101,0,0.9895758493681122,0.33169849703305576,32,middle
32702,102,0,0.9660788938436475,0.3940920570637885,32,middle
32703,103,0,0.2531169387826552,0.46529135373357494,32,middle
32704,104,0,0.023898592378011695,0.596741306047089,32,middle
32705,105,0,0.8565754552722047,0.4057123384572541,32,middle
32706,106,0,0.7577963087093063,0.45297876068913656,32,middle
32707,107,0,0.9914613721274167,0.30764481381980796,32,middle
32708,108,0,0.48161080549343344,0.6325681057542105,32,middle
32709,109,0,0.4321667679839661,0.4917684806932079,32,middle
32710,110,0,0.8606899571258821,0.3040459085783863,32,middle
32711,111,0,0.48994013870059294,0.6577672222789168,32,middle
32712,112,0,0.45320185553705744,0.49627413874906345,32,middle
32713,113,0,0.841231532794414,0.42134871605882956,32,middle
32714,114,0,0.3933772715963356,0.4563086546282714,32,middle
32715,115,0,0.6441632965677474,0.4430694677670485,32,middle
32716,116,0,0.7263335605406549,0.3448108950817512,32,middle
32717,117,0,0.15023131709795046,0.6025990453542771,32,middle
32718,118,0,0.8244581165506424,0.4339455193977356,32,middle
32719,119,0,0.8276787481303101,0.42631687771890653,32,middle
32720,120,0,0.47163461932598033,0.5567906017222665,32,middle
32721,121,0,0.6203616939051703,0.3764895771616348,32,middle
32722,122,0,0.45756764314350157,0.5159690958091239,32,middle
32723,123,0,0.5072023699009027,0.49843844525962266,32,middle
32724,124,0,0.6788220958218282,0.4420967316451736,32,middle
32725,125,0,0.5921270462972669,0.416657993526777,32,middle
32726,126,0,0.5896405319918627,0.3634673221081944,32,middle
32727,127,0,0.5718398008310375,0.36736076386152594,32,middle
32728,128,0,0.4692275662769857,0.35041871768888466,32,middle
32729,129,0,0.7824299592816931,0.35073525122620997,32,middle
32730,130,0,0.6406149171923833,0.47578077645674566,32,middle
32731,131,0,0.43672912445564654,0.39306030428990124,32,middle
32732,132,0,0.40452911821789467,0.4111278657249656,32,middle
32733,133,0,0.1802609685597785,0.47547139548262507,32,middle
32734,134,0,0.3954623439642458,0.6379355261893134,32,middle
32735,135,0,0.8304969142190161,0.436862653817529,32,middle
32736,136,0,0.732011468661314,0.3249891688287095,32,middle
32737,137,0,0.9053257369820614,0.30705438491792514,32,middle
32738,138,0,0.5975582787745115,0.3956357200801507,32,middle
32739,139,0,0.5758560120994298,0.3597647863364779,32,middle
32740,140,0,0.15693860204520146,0.5672017663462023,32,middle
32741,141,0,0.5183667340587521,0.562789968635162,32,middle
32742,142,0,0.49294546818701296,0.5278222993754429,32,middle
32743,143,0,0.6004012260888385,0.4574591490901687,32,middle
32744,144,0,0.4751843957405295,0.4173158309022399,32,middle
32745,145,0,0.4290022842795256,0.3936103430782466,32,middle
32746,146,0,0.5495800416218501,0.4169034854846507,32,middle
32747,147,0,0.6647062593363129,0.5318109439602794,32,middle
32748,148,0,0.40333690617514073,0.45578352890464874,32,middle
32749,149,0,0.6394176808666016,0.36662626776154195,32,middle
32750,150,0,0.5741240511200122,0.5018904260407135,32,middle
32751,151,0,0.5474959127420123,0.34751953020606596,32,middle
32752,152,0,0.4865259433415354,0.4919007011628822,32,middle
32753,153,0,0.6782779584954606,0.4240771259664424,32,middle
32754,154,0,0.2835400594186169,0.3972073765072794,32,middle
32755,155,0,0.298947540875986,0.4691532194608325,32,middle
32756,156,0,0.9302245314864896,0.3621732635002932,32,middle
32757,157,0,0.5665969893441403,0.4041300951237466,32,middle
32758,158,0,0.21690933924453107,0.5318377952538823,32,middle
32759,159,0,0.45313972986747514,0.36971749894686784,32,middle
32760,160,0,0.4028321521880593,0.5554863437868902,32,middle
32761,161,0,0.37683994823966627,0.3697684632693913,32,middle
32762,162,0,0.7134077628698239,0.39044534995854974,32,middle
32763,163,0,0.3062199870201374,0.49620675398982683,32,middle
32764,164,0,0.7200970658983192,0.4090669620602193,32,middle
32765,165,0,0.7459004092440262,0.3074699715978926,32,middle
32766,166,0,0.41231285619665087,0.39785773328549395,32,middle
32767,167,0,0.8196723177491707,0.4438168451642309,32,middle
32768,168,0,0.7071631953740709,0.3994927328955903,32,middle
32769,169,0,0.6053541027943055,0.3699394931972546,32,middle
32770,170,0,0.44080645864751244,0.41184016687868064,32,middle
32771,171,0,0.764981962345393,0.3488507019636381,32,middle
32772,172,0,0.47221454215662284,0.3510860055654541,32,middle
32773,173,0,0.47157605821026605,0.4583300535721678,32,middle
32774,174,0,0.6165695536730234,0.3381449851047886,32,middle
32775,175,0,0.5357252075892821,0.41343556821482064,32,middle
32776,176,0,0.6244701963387792,0.49688452178412634,32,middle
32777,177,0,0.21231232331624564,0.5317890531029515,32,middle
32778,178,0,0.6874486387428081,0.348852379428097,32,middle
32779,179,0,0.8887126298136656,0.39939354729418414,32,middle
32780,180,0,0.4897219896698576,0.5515300476480975,32,middle
32781,181,0,0.6368011601390642,0.43175883467976295,32,middle
32782,182,0,0.5357359658391492,0.42356079704452304,32,middle
32783,183,0,0.4855168786655809,0.42642696597161167,32,middle
32784,184,0,0.7375520347020106,0.3953751986642855,32,middle
32785,185,0,0.5760625721082875,0.5544160318212296,32,middle
32786,186,0,0.5059267469430678,0.45644657333304334,32,middle
32787,187,0,0.8714493337409159,0.4375189531233684,32,middle
32788,188,0,0.41018056101993816,0.5753607622275234,32,middle
32789,189,0,0.4342144288450254,0.41872811831409273,32,middle
32790,190,0,0.2910177646084088,0.34998187305050815,32,middle
32791,191,0,0.5367766338712194,0.2858481468463945,32,middle
32792,192,0,0.4240323017483672,0.7699233850634102,32,middle
32793,193,0,0.6032639870489396,0.39385669660636946,32,middle
32794,194,0,0.4527353834778666,0.340151710206575,32,middle
32795,195,0,0.42720030881491183,0.44765495512023934,32,middle
32796,196,0,0.7087755841292449,0.3590963862154811,32,middle
32797,197,0,0.5682906119477769,0.38330351424612563,32,middle
32798,198,0,0.749355199324345,0.2536574589242794,32,middle
32799,199,0,0.43975285734861197,0.5730894506170088,32,middle
32800,0,0,0.9495022116323564,0.49777995509806616,32,late
32801,1,0,0.8152510950338738,0.6147350346367508,32,late
32802,2,0,0.19537008139989748,0.4383998274487995,32,late
32803,3,0,0.3849662363044001,0.5313560744790012,32,late
32804,4,0,0.23723185131864735,0.49581925656554965,32,late
32805,5,0,0.7339122669907103,0.6006980342857843,32,late
32806,6,0,0.14309199409669207,0.44635004662161093,32,late
32807,7,0,0.2087563964974334,0.5476001190370958,32,late
32808,8,0,0.7127547021872718,0.4587366019851099,32,late
32809,9,0,0.5334747306064922,0.5372337134584777,32,late
32810,10,0,0.9532685992859655,0.5363254362175114,32,late
32811,11,0,0.49285369868069073,0.597598743049867,32,late
32812,12,0,0.6777977005225029,0.3044926012953366,32,late
32813,13,0,0.5974385999059524,0.45719667142608317,32,late
32814,14,0,0.8853778752547791,0.4806681780599439,32,late
32815,15,0,0.48136741618306556,0.3800381592000728,32,late
32816,16,0,0.9895739887563736,0.3029478187907399,32,late
32817,17,0,0.5036952101791935,0.39271845904926284,32,late
32818,18,0,0.06584648522078171,0.620380746501879,32,late
32819,19,0,0.45450376196084263,0.4672093918908158,32,late
32820,20,0,0.7314284769499128,0.587288473333694,32,late
32821,21,0,0.6906076018943667,0.48700615593103347,32,late
32822,22,0,0.6287163361713158,0.3770442724021632,32,late
32823,23,0,0.5416798231995553,0.474124147066451,32,late
32824,24,0,0.6329406088403162,0.45050507819877433,32,late
32825,25,0,0.6028470758913175,0.6236840387491108,32,late
32826,26,0,0.7899040860822455,0.3728060437254398,32,late
32827,27,0,0.15746439407994417,0.5128509450393749,32,late
32828,28,0,0.728681687891851,0.3628266670461521,32,late
32829,29,0,0.7195035102423194,0.3871168723956544,32,late
32830,30,0,0.5136260572455476,0.4095470138424214,32,late
32831,31,0,0.4428248084815707,0.502547966416824,32,late
32832,32,0,0.7188818973275194,0.5307368908857388,32,late
32833,33,0,0.5508713404250911,0.46650027200123956,32,late
32834,34,0,0.7286038424046768,0.40159129562807305,32,late
32835,35,0,0.6980371349359722,0.4095250377037898,32,late
32836,36,0,0.5085144724275213,0.44672798320659063,32,late
32837,37,0,0.46067882108791136,0.5132035812905295,32,late
32838,38,0,0.8493437827509716,0.3303752551374102,32,late
32839,39,0,0.2923321656181529,0.476213890301453,32,late
32840,40,0,0.8176823907115243,0.27360623447213267,32,late
32841,41,0,0.41199092765833495,0.42661577618302626,32,late
32842,42,0,0.903563979524131,0.3603169786871816,32,late
32843,43,0,0.48069000649612426,0.34505117588819134,32,late
32844,44,0,0.5672692265781664,0.47164096034298497,32,late
32845,45,0,0.8278066603902529,0.46962426030000337,32,late
32846,46,0,0.49864794179972405,0.3591629687104828,32,late
32847,47,0,0.5086991991046815,0.5764078455373218,32,late
32848,48,0,0.7861418535114943,0.4276719157775599,32,late
32849,49,0,0.5292183317393558,0.374148031581981,32,late
32850,50,0,0.9100743677876666,0.45133977004138126,32,late
32851,51,0,0.3698036339020525,0.47997983100699365,32,late
32852,52,0,0.923676992265275,0.32537866361743306,32,late
32853,53,0,0.5824332400790649,0.3332707247897727,32,late
32854,54,0,0.9186996052983294,0.3222805349384683,32,late
32855,55,0,0.6932662657401514,0.37335163250312553,32,late
32856,56,0,0.730122859125814,0.3989363543091728,32,late
32857,57,0,0.539586338781577,0.5443891777044549,32,late
32858,58,0,0.5974502691124849,0.4007270946416789,32,late
32859,59,0,0.4962324156471923,0.4958171567932963,32,late
32860,60,0,0.37668133712539953,0.6350173136583723,32,late
32861,61,0,0.2914923292431676,0.3862635012443118,32,late
32862,62,0,0.6232994653927781,0.43624214034767705,32,late
32863,63,0,0.47510536782934487,0.4084912258446727,32,late
32864,64,0,0.8144539326454519,0.374177270541289,32,late
32865,65,0,0.6023580315964983,0.33736903496935633,32,late
32866,66,0,0.0812370024662766,0.44951563718713505,32,late
32867,67,0,0.7858806145350423,0.5007779931680671,32,late
32868,68,0,0.6257755218336178,0.3950583611369113,32,late
32869,69,0,0.6265040118560025,0.43588846716978114,32,late
32870,70,0,0.48607212908659503,0.37089129389728887,32,late
32871,71,0,0.40081794396440507,0.3183575205976622,32,late
32872,72,0,0.02445167953322651,0.6428602371801033,32,late
32873,73,0,0.6142637596626359,0.33733100760498813,32,late
32874,74,0,0.9020654575352799,0.4345712056337334,32,late
32875,75,0,0.5381301570310671,0.3215330872436083,32,late
32876,76,0,0.38526786896735155,0.3941768786662667,32,late
32877,77,0,0.6740332157109749,0.39098026371151423,32,late
32878,78,0,0.39933602850183564,0.528998934160579,32,late
32879,79,0,0.5078864518851414,0.3723601073563818,32,late
32880,80,0,0.08384763174515263,0.36737662350808575,32,late
32881,81,0,0.7792852493914026,0.3926909387638843,32,late
32882,82,0,0.6434058164694034,0.4200177532516566,32,late
32883,83,0,0.5684796832300528,0.31384502554117166,32,late
32884,84,0,0.9774106957455735,0.2889583877600588,32,late
32885,85,0,0.09572127063553426,0.6061192750105816,32,late
32886,86,0,0.7964362741803814,0.35629573060731495,32,late
32887,87,0,0.009762579578063781,0.7166707828815021,32,late
32888,88,0,0.873289469426634,0.3304846521787198,32,late
32889,89,0,0.28814190722787675,0.43835309428595326,32,late
32890,90,0,0.9254574011492547,0.3270655136361242,32,late
32891,91,0,0.24856603448786885,0.6644324139688816,32,late
32892,92,0,0.6709437509136065,0.4846574073981308,32,late
32893,93,0,0.7773411936150222,0.3963723167178892,32,late
32894,94,0,0.9766971180682105,0.47893477931214123,32,late
32895,95,0,0.8934824314491907,0.6605853888510091,32,late
32896,96,0,0.9037047302000498,0.34250520461823314,32,late
32897,97,0,0.8808573653678803,0.3313204770921069,32,late
32898,98,0,0.3513979191765968,0.6129718614693371,32,late
32899,99,0,0.9173414298429883,0.32370036685235715,32,late
32900,100,0,0.6186645051729297,0.3860067801528445,32,late
32901,101,0,0.9487372001243307,0.4085960322034506,32,late
32902,102,0,0.9639635938490296,0.32855223260656174,32,late
32903,103,0,0.5164663638639346,0.3745224868408346,32,late
32904,104,0,0.714040297373185,0.32633117717718574,32,late
32905,105,0,0.14885320979143513,0.5987945180982486,32,late
32906,106,0,0.9571509721335207,0.3463880786985406,32,late
32907,107,0,0.9343723283923221,0.3174783654350449,32,late
32908,108,0,0.4322305128982959,0.2345874508345196,32,late
32909,109,0,0.382788391353894,0.49814583233018106,32,late
32910,110,0,0.9656135971512019,0.4641397800803291,32,late
32911,111,0,0.623596267416073,0.33733229782030316,32,late
32912,112,0,0.7541300282628142,0.34652910391032454,32,late
32913,113,0,0.9795989310080049,0.45921054374514314,32,late
32914,114,0,0.9805763875419482,0.2824775631978187,32,late
32915,115,0,0.6090015456233375,0.36877458463042606,32,late
32916,116,0,0.22375458116898106,0.5512893790348039,32,late
32917,117,0,0.8419988632628526,0.31533634302198305,32,late
32918,118,0,0.8525989773140478,0.32305467518950753,32,late
32919,119,0,0.7598186758047484,0.3111667545093714,32,late
32920,120,0,0.5505070002416463,0.5428146516408742,32,late
32921,121,0,0.2004913267037139,0.39202819947543777,32,late
32922,122,0,0.27874332935798324,0.4387482685278401,32,late
32923,123,0,0.41984051680278717,0.41572744800066735,32,late
32924,124,0,0.3361423625712779,0.3650208293294942,32,late
32925,125,0,0.5485148874679819,0.4301588945506333,32,late
32926,126,0,0.4440048708028081,0.3117072542375702,32,late
32927,127,0,0.5191697654470929,0.3149596280992222,32,late
32928,128,0,0.40977671905126234,0.3141458696144984,32,late
32929,129,0,0.6569295930627307,0.3896433306010453,32,late
32930,130,0,0.5034253476475078,0.3619954598577951,32,late
32931,131,0,0.5067750469154476,0.3110578880239745,32,late
32932,132,0,0.809113239005181,0.5050600014262308,32,late
32933,133,0,0.5635424552051578,0.4227991105790332,32,late
32934,134,0,0.40674719790737407,0.4351247654678638,32,late
32935,135,0,0.5138037141364793,0.2526142265056847,32,late
32936,136,0,0.5078325949300644,0.3525016207820891,32,late
32937,137,0,0.606246401733076,0.33472916925780183,32,late
32938,138,0,0.4560859901646828,0.35246160217284483,32,late
32939,139,0,0.5075839101028026,0.43343688001103003,32,late
32940,140,0,0.6425136311858992,0.3304829980180787,32,late
32941,141,0,0.3718883253483274,0.3535066497609724,32,late
32942,142,0,0.6874149158480536,0.34494756591069564,32,late
32943,143,0,0.6155328734144572,0.3627835762362259,32,late
32944,144,0,0.5432771138686232,0.3961938141565092,32,late
32945,145,0,0.6090289163059951,0.3033908226507863,32,late
32946,146,0,0.9090538877767795,0.33742994581084834,32,late
32947,147,0,0.2270053424445526,0.6333441694402497,32,late
32948,148,0,0.5575149152225771,0.2493017622082468,32,late
32949,149,0,0.550089785568396,0.4788740397255829,32,late
32950,150,0,0.6507410607683005,0.38996585538613426,32,late
32951,151,0,0.28809131313402436,0.305511461471728,32,late
32952,152,0,0.6246333087702234,0.2879643594883713,32,late
32953,153,0,0.46680179924567355,0.38220136701542856,32,late
32954,154,0,0.7515360175894821,0.3377360839590099,32,late
32955,155,0,0.5884502667111607,0.31608020471072346,32,late
32956,156,0,0.5099651776736515,0.3526546170180098,32,late
32957,157,0,0.45221366074332614,0.4167235501811507,32,late
32958,158,0,0.5594700012126037,0.322969802400022,32,late
32959,159,0,0.6483563364822134,0.34943804508255344,32,late
32960,160,0,0.48945334899178383,0.270987222911232,32,late
32961,161,0,0.5243115518915945,0.30427731835521993,32,late
32962,162,0,0.395155097625228,0.47161839423966856,32,late
32963,163,0,0.05530504446631115,0.5294345746848124,32,late
32964,164,0,0.6223339590725143,0.31418402958138264,32,late
32965,165,0,0.33239043472021157,0.2763089819955393,32,late
32966,166,0,0.6404347995950475,0.28066338653261336,32,late
32967,167,0,0.34919190834564484,0.6059392105616208,32,late
32968,168,0,0.20538097769360047,0.482418179416252,32,late
32969,169,0,0.6962816980613279,0.2922660471853753,32,late
32970,170,0,0.5629710063682316,0.3728790420659732,32,late
32971,171,0,0.3547140111626396,0.5581897512954683,32,late
32972,172,0,0.9026950946949825,0.23957828690821847,32,late
32973,173,0,0.4812217604611206,0.29049430886184613,32,late
32974,174,0,0.5531849862832305,0.3949300710339818,32,late
32975,175,0,0.5463171487130815,0.31215994493474747,32,late
32976,176,0,0.838924742832579,0.30759750209236336,32,late
32977,177,0,0.3386595639123623,0.4471459537100587,32,late
32978,178,0,0.3489360728419254,0.3998068727768157,32,late
32979,179,0,0.5154888396405195,0.5706211193182449,32,late
32980,180,0,0.7924216200322035,0.268659911200813,32,late
32981,181,0,0.6552923164742208,0.35128702009189827,32,late
32982,182,0,0.15198751411229794,0.37055203431059924,32,late
32983,183,0,0.6353404472812842,0.4587701687707504,32,late
32984,184,0,0.4808479836484052,0.46669782675138416,32,late
32985,185,0,0.9978734675414915,0.3967601058737673,32,late
32986,186,0,0.3264378941381418,0.4871622258380416,32,late
32987,187,0,0.8510539108005981,0.27991662779095045,32,late
32988,188,0,0.5026707561165803,0.43441659887540907,32,late
32989,189,0,0.4566546063817155,0.4008577710226996,32,late
32990,190,0,0.44580005349594565,0.31051762726155596,32,late
32991,191,0,0.16281361297318409,0.5026376976585409,32,late
32992,192,0,0.5271688637879861,0.3173942999675546,32,late
32993,193,0,0.5508290772328539,0.3109249386589118,32,late
32994,194,0,0.4594743613745694,0.28589806671827483,32,late
32995,195,0,0.7769027519868733,0.32179340616801566,32,late
32996,196,0,0.48749698125766194,0.28307027029883475,32,late
32997,197,0,0.39891917424664985,0.32616305632164166,32,late
32998,198,0,0.1697768564645389,0.3187262448076428,32,late
32999,199,0,0.3135480250214525,0.3161459087282182,32,late
33000,0,0,0.5688278961527715,0.8196211006334151,33,interleaved
33001,1,0,0.09273561691508408,0.6223490099175701,33,interleaved
33002,2,0,0.610441894528664,0.5663020160510872,33,interleaved
33003,3,0,0.9753617490909916,0.7310446390691455,33,interleaved
33004,4,0,0.6099067022443899,0.5346342680371217,33,interleaved
33005,5,0,0.046683530668401335,0.4993787679890838,33,interleaved
33006,6,0,0.9377682232535298,0.3757866872387322,33,interleaved
33007,7,0,0.9124974660748951,0.5464462710697098,33,interleaved
33008,8,0,0.6586474589567759,0.5416159051325036,33,interleaved
33009,9,0,0.8276041423743203,0.34268521080705355,33,interleaved
33010,10,0,0.42689703822104313,0.48230569753360675,33,interleaved
33011,11,0,0.7589062062081982,0.2957492187644132,33,interleaved
33012,12,0,0.9746549134284145,0.6342074898370222,33,interleaved
33013,13,0,0.5382095159062706,0.40677290432613483,33,interleaved
33014,14,0,0.4634767559731546,0.6681544349887174,33,interleaved
33015,15,0,0.30650468289182314,0.5510488413511092,33,interleaved
33016,16,0,0.390660097861295,0.36965639784199356,33,interleaved
33017,17,0,0.02775477760930646,0.5737404466550813,33,interleaved
33018,18,0,0.8065105326442834,0.4439071610534676,33,interleaved
33019,19,0,0.3789518262730639,0.6285779731664483,33,interleaved
33020,20,0,0.5256275811957709,0.6911545125763146,33,interleaved
33021,21,0,0.44361362686455047,0.6229053501914241,33,interleaved
33022,22,0,0.06386958699644298,0.40235639092874365,33,interleaved
33023,23,0,0.11742625988619007,0.36525651006043014,33,interleaved
33024,24,0,0.09384698581349869,0.46877790711631984,33,interleaved
33025,25,0,0.7388916446769767,0.536185574996983,33,interleaved
33026,26,0,0.4834405635563567,0.5802370052139757,33,interleaved
33027,27,0,0.586989534839371,0.4363437715252904,33,interleaved
33028,28,0,0.6689443432790575,0.4847909080368257,33,interleaved
33029,29,0,0.3242764733260339,0.3940534587909638,33,interleaved
33030,30,0,0.0468230449243427,0.771637531691787,33,interleaved
33031,31,0,0.17375153130459256,0.4661722813961179,33,interleaved
33032,32,0,0.4961644963800186,0.6003329986621008,33,interleaved
33033,33,0,0.8733457079543393,0.47353221847198346,33,interleaved
33034,34,0,0.5842240983353801,0.4416216348050704,33,interleaved
33035,35,0,0.3458042377432062,0.4539488516404766,33,interleaved
33036,36,0,0.039755712088190356,0.4425566155546974,33,interleaved
33037,37,0,0.47494957269504134,0.4252157466525718,33,interleaved
33038,38,0,0.8615767441160634,0.4378041188976471,33,interleaved
33039,39,0,0.5726947286559612,0.49507830843210177,33,interleaved
33040,40,0,0.6574782766612611,0.3754615358917377,33,interleaved
33041,41,0,0.9409005354423065,0.41738182340298136,33,interleaved
33042,42,0,0.736346499610652,0.39467341021166197,33,interleaved
33043,43,0,0.643627065436279,0.3112556100313154,33,interleaved
33044,44,0,0.640878073606431,0.41296658008823484,33,interleaved
33045,45,0,0.5984423303425166,0.41909506909334315,33,interleaved
33046,46,0,0.5756155424429341,0.50147655947134,33,interleaved
33047,47,0,0.6711531615372177,0.46684161590367523,33,interleaved
33048,48,0,0.8055852231916704,0.5837320252545093,33,interleaved
33049,49,0,0.3958490753516779,0.5139487019632473,33,interleaved
33050,50,0,0.7212663641133766,0.4314043687211063,33,interleaved
33051,51,0,0.05170792576118023,0.5597743303469147,33,interleaved
33052,52,0,0.09227897844725538,0.45483230118592455,33,interleaved
33053,53,0,0.5129318082780939,0.517737841414451,33,interleaved
33054,54,0,0.03557191457346845,0.563832617483149,33,interleaved
33055,55,0,0.4656087821234613,0.498580674874593,33,interleaved
33056,56,0,0.8922821072491987,0.41377009340920373,33,interleaved
33057,57,0,0.2817037521376378,0.4417452309049551,33,interleaved
33058,58,0,0.6729178610280361,0.5457414937793972,33,interleaved
33059,59,0,0.7137553987794545,0.4089414476293961,33,interleaved
33060,60,0,0.7350621024638615,0.2729985254427538,33,interleaved
33061,61,0,0.7143481132728509,0.3541620572013717,33,interleaved
33062,62,0,0.45346293939539695,0.6966393799417916,33,interleaved
33063,63,0,0.30731358364201744,0.4602044604477623,33,interleaved
33064,64,0,0.20428426582968648,0.5383115756701022,33,interleaved
33065,65,0,0.43245726241304494,0.552848760416454,33,interleaved
33066,66,0,0.12655019055933292,0.6305150786151896,33,interleaved
33067,67,0,0.2299002694541269,0.6104468744557634,33,interleaved
33068,68,0,0.879239346470061,0.49818413097219916,33,interleaved
33069,69,0,0.5898681334993428,0.5052851926428887,33,interleaved
33070,70,0,0.4092742269059673,0.42871964034919646,33,interleaved
33071,71,0,0.7993261768458189,0.4222983162729369,33,interleaved
33072,72,0,0.24480982430938425,0.4501367769066565,33,interleaved
33073,73,0,0.12488755944618168,0.5263590274123182,33,interleaved
33074,74,0,0.18076816360111786,0.49032296701840844,33,interleaved
33075,75,0,0.4364597913918697,0.37919633253824614,33,interleaved
33076,76,0,0.19385695463150684,0.3993873573781691,33,interleaved
33077,77,0,0.6729382775431327,0.46297742792269847,33,interleaved
33078,78,0,0.2238825965152339,0.4405402847167559,33,interleaved
33079,79,0,0.3685450400318026,0.4884074399161191,33,interleaved
33080,80,0,0.5843034604725166,0.40620861253790824,33,interleaved
33081,81,0,0.502826995189477,0.3979428084570415,33,interleaved
33082,82,0,0.47231304740826785,0.5922992995053878,33,interleaved
33083,83,0,0.26694226474914634,0.47547488273095595,33,interleaved
33084,84,0,0.6427794588317841,0.49568696315689975,33,interleaved
33085,85,0,0.7110313916485906,0.35441793097927515,33,interleaved
33086,86,0,0.06790820559505398,0.5359903946397003,33,interleaved
33087,87,0,0.8266763878299564,0.2639610881156069,33,interleaved
33088,88,0,0.42824018668189756,0.5104127740053107,33,interleaved
33089,89,0,0.3461974135953594,0.45535939649453033,33,interleaved
33090,90,0,0.43638567335016315,0.5184719053861258,33,interleaved
33091,91,0,0.3763235124093689,0.5284418783978683,33,interleaved
33092,92,0,0.1593073003541164,0.5253771095753709,33,interleaved
33093,93,0,0.4125226051219155,0.6267205435402262,33,interleaved
33094,94,0,0.3545689063595704,0.3939568986612442,33,interleaved
33095,95,0,0.732275305910211,0.4253279197199117,33,interleaved
33096,96,0,0.9839971022407981,0.40780559695266383,33,interleaved
33097,97,0,0.3518921300738302,0.3202244809067365,33,interleaved
33098,98,0,0.7055186533744113,0.3985873622704363,33,interleaved
33099,99,0,0.7736808807771856,0.4715271012565601,33,interleaved
33100,100,0,0.5235175043722425,0.3946260229367776,33,interleaved
33101,101,0,0.5952582449168872,0.3699979122899586,33,interleaved
33102,102,0,0.6543328661954988,0.33078553326604915,33,interleaved
33103,103,0,0.7401158246505101,0.4409569273871008,33,interleaved
33104,104,0,0.687297787176579,0.3890079416195234,33,interleaved
33105,105,0,0.5914708266630534,0.4163572161575979,33,interleaved
33106,106,0,0.2930467242075686,0.3710794466977393,33,interleaved
33107,107,0,0.6757545713517867,0.4295642627564559,33,interleaved
33108,108,0,0.7412203703590101,0.2962717916350567,33,interleaved
33109,109,0,0.667011251990316,0.4100099510971116,33,interleaved
33110,110,0,0.4658657700036191,0.5148843319464,33,interleaved
33111,111,0,0.7723473058168984,0.3454655550662862,33,interleaved
33112,112,0,0.3311469286073871,0.4965807493359175,33,interleaved
33113,113,0,0.9739790718154708,0.36747542587080795,33,interleaved
33114,114,0,0.5291757776296628,0.4930343545082092,33,interleaved
33115,115,0,0.47774909119673764,0.4142800995964237,33,interleaved
33116,116,0,0.954795425952258,0.526831922091616,33,interleaved
33117,117,0,0.378362058531659,0.5061043635542122,33,interleaved
33118,118,0,0.8833160644854028,0.27600683613867144,33,interleaved
33119,119,0,0.3974700683842589,0.34404473533738367,33,interleaved
33120,120,0,0.13282813109895678,0.47590775735050006,33,interleaved
33121,121,0,0.4383899452427295,0.3795097210724784,33,interleaved
33122,122,0,0.9052188556355372,0.3363906183966366,33,interleaved
33123,123,0,0.48316214156496967,0.44787018101179443,33,interleaved
33124,124,0,0.028946560504127007,0.3645442727170952,33,interleaved
33125,125,0,0.626762039120323,0.34806127519063357,33,interleaved
33126,126,0,0.06844488473278239,0.4772234126654087,33,interleaved
33127,127,0,0.5029583709182865,0.33948100930698855,33,interleaved
33128,128,0,0.31433050800109136,0.40089429987334,33,interleaved
33129,129,0,0.8676704251080531,0.42384600758587015,33,interleaved
33130,130,0,0.713868578428753,0.4859227057613682,33,interleaved
33131,131,0,0.4168989273458946,0.30389428405279084,33,interleaved
33132,132,0,0.4443434446463086,0.24581179139159043,33,interleaved
33133,133,0,0.6639608774116953,0.3008130203025036,33,interleaved
33134,134,0,0.07814632617411048,0.4436276170113024,33,interleaved
33135,135,0,0.6573120851153066,0.3917143663140013,33,interleaved
33136,136,0,0.32672536293610577,0.37623907421784963,33,interleaved
33137,137,0,0.691878451239214,0.38996506692249927,33,interleaved
33138,138,0,0.6130411301734902,0.4793287217643888,33,interleaved
33139,139,0,0.6757810830908482,0.4475345556934267,33,interleaved
33140,140,0,0.8276578543778483,0.4392968767428329,33,interleaved
33141,141,0,0.25315706950989464,0.4632946532070018,33,interleaved
33142,142,0,0.8616901108276336,0.22774967115967898,33,interleaved
33143,143,0,0.33980276682162264,0.2827869021311786,33,interleaved
33144,144,0,0.30203204354658897,0.5956420406592738,33,interleaved
33145,145,0,0.8064134958444057,0.2740292817528849,33,interleaved
33146,146,0,0.33909229426688026,0.36283431283318196,33,interleaved
33147,147,0,0.5446138556800959,0.5115411777976346,33,interleaved
33148,148,0,0.6286446281119595,0.2974648290008438,33,interleaved
33149,149,0,0.46507802480978194,0.5464365953444078,33,interleaved
33150,150,0,0.9048835722649315,0.5166855258470007,33,interleaved
33151,151,0,0.4106246194805953,0.4165992585357553,33,interleaved
33152,152,0,0.7129483302542108,0.24741489797612398,33,interleaved
33153,153,0,0.48260525751598277,0.5520806339420203,33,interleaved
33154,154,0,0.13343830307116095,0.39883361046298016,33,interleaved
33155,155,0,0.4821130732019478,0.4827079874370057,33,interleaved
33156,156,0,0.2439019533251773,0.4446487978408301,33,interleaved
33157,157,0,0.5448969065068442,0.328124732308327,33,interleaved
33158,158,0,0.12243527589468496,0.4041208585550031,33,interleaved
33159,159,0,0.33210401252712896,0.3345034975543187,33,interleaved
33160,160,0,0.7522633097650309,0.32996346919927494,33,interleaved
33161,161,0,0.6754638445448469,0.31556811279255215,33,interleaved
33162,162,0,0.9367710631192021,0.3427225659567245,33,interleaved
33163,163,0,0.008157800980121303,0.4025080121965911,33,interleaved
33164,164,0,0.846688918209507,0.24278538121193866,33,interleaved
33165,165,0,0.266395198283851,0.36359887199067875,33,interleaved
33166,166,0,0.09898876533121771,0.40422342021077373,33,interleaved
33167,167,0,0.8469664077603807,0.2505319117640376,33,interleaved
33168,168,0,0.5218440008414376,0.2824441338872234,33,interleaved
33169,169,0,0.37445856884000817,0.42661791901970414,33,interleaved
33170,170,0,0.8214260571811174,0.35568040117491306,33,interleaved
33171,171,0,0.8957917174550023,0.3429329555711037,33,interleaved
33172,172,0,0.9426953381885974,0.4091973342182872,33,interleaved
33173,173,0,0.44701403801637074,0.27517663060765907,33,interleaved
33174,174,0,0.10517286294241146,0.38938276257313065,33,interleaved
33175,175,0,0.8626978594887531,0.2335688623359758,33,interleaved
33176,176,0,0.28035507496040285,0.25660120286996696,33,interleaved
33177,177,0,0.6423741420844347,0.31152473256002045,33,interleaved
33178,178,0,0.941954854345025,0.2866894819298683,33,interleaved
33179,179,0,0.9013065552514963,0.5140687756911121,33,interleaved
33180,180,0,0.4022890962464715,0.3729408777360508,33,interleaved
33181,181,0,0.2937747155962106,0.3009009532300071,33,interleaved
33182,182,0,0.6367970789297179,0.3556300523896055,33,interleaved
33183,183,0,0.7624531600952151,0.33628624001839025,33,interleaved
33184,184,0,0.9697314941853519,0.23531303135017453,33,interleaved
33185,185,0,0.5005118542172919,0.4830277805312838,33,interleaved
33186,186,0,0.6479320191934645,0.46296389988265085,33,interleaved
33187,187,0,0.7631619835456391,0.2940305968254615,33,interleaved
33188,188,0,0.5992103162497133,0.28571948508905254,33,interleaved
33189,189,0,0.473417246612291,0.29253888685096124,33,interleaved
33190,190,0,0.5872139026824456,0.30780847521999233,33,interleaved
33191,191,0,0.8646832297870986,0.36779259369690953,33,interleaved
33192,192,0,0.6079897699693758,0.43431089417601776,33,interleaved
33193,193,0,0.6556690885009693,0.3164818288852211,33,interleaved
33194,194,0,0.5664616541568936,0.3123421407609521,33,interleaved
33195,195,0,0.9061506984086453,0.3844565341363687,33,interleaved
33196,196,0,0.5013434011215689,0.33055046359477114,33,interleaved
33197,197,0,0.975634113417426,0.31369988656500924,33,interleaved
33198,198,0,0.7552258931972808,0.2916813547486477,33,interleaved
33199,199,0,0.3244162490574608,0.3925539918246913,33,interleaved
33200,0,0,0.012587495117011798,0.8929593121849763,33,blocked
33201,1,0,0.9936602756031532,0.49624819308427603,33,blocked
33202,2,0,0.932477611089064,0.5259563091146272,33,blocked
33203,3,0,0.020254112117106336,0.8496977418968255,33,blocked
33204,4,0,0.6618983248605054,0.3534284357720948,33,blocked
33205,5,0,0.622706557477024,0.4486573958665062,33,blocked
33206,6,0,0.23434728749001663,0.45261438542517624,33,blocked
33207,7,0,0.837833077080361,0.5020889899544306,33,blocked
33208,8,0,0.8964490925098366,0.3792778467542619,33,blocked
33209,9,0,0.9407564246039699,0.3691387182236029,33,blocked
33210,10,0,0.9198519106381052,0.3820589019217566,33,blocked
33211,11,0,0.9382951899452074,0.663183396206221,33,blocked
33212,12,0,0.5563043668252413,0.5827155934244315,33,blocked
33213,13,0,0.7418122577261872,0.4338312048025412,33,blocked
33214,14,0,0.871572449063504,0.4549610417892207,33,blocked
33215,15,0,0.9073036077248113,0.5306632232446008,33,blocked
33216,16,0,0.8127142684097133,0.3842237679314375,33,blocked
33217,17,0,0.5933046222476404,0.5247423142075566,33,blocked
33218,18,0,0.9430192495921679,0.43839674476729973,33,blocked
33219,19,0,0.5124327774997665,0.6304923116191489,33,blocked
33220,20,0,0.9260998752980685,0.5435670210882139,33,blocked
33221,21,0,0.6959368652815731,0.5725564529185352,33,blocked
33222,22,0,0.7966060025505224,0.6193800276718309,33,blocked
33223,23,0,0.8886068311530457,0.39747065531544423,33,blocked
33224,24,0,0.856382786279033,0.4444159709210498,33,blocked
33225,25,0,0.8588277991093936,0.4162186272839071,33,blocked
33226,26,0,0.9337328925127985,0.5448216238511255,33,blocked
33227,27,0,0.9870102753552755,0.45241219169710856,33,blocked
33228,28,0,0.7317765865933665,0.5262881764693911,33,blocked
33229,29,0,0.9844010794922304,0.401468722368971,33,blocked
33230,30,0,0.2980197080599448,0.4840461980941436,33,blocked
33231,31,0,0.7364405462159539,0.5343260096959574,33,blocked
33232,32,0,0.9816487808503709,0.5928164759366179,33,blocked
33233,33,0,0.5079993251085755,0.46354321366837026,33,blocked
33234,34,0,0.6405712250193869,0.46197765594284124,33,blocked
33235,35,0,0.9754514977710362,0.34246005258399853,33,blocked
33236,36,0,0.9968870644988238,0.39937645026363117,33,blocked
33237,37,0,0.981065559280889,0.38069446673300966,33,blocked
33238,38,0,0.2487944011809217,0.529047315894292,33,blocked
33239,39,0,0.6777973643036823,0.4738677334366326,33,blocked
33240,40,0,0.4608388961075716,0.567758295589471,33,blocked
33241,41,0,0.6441422759845646,0.7682553996401154,33,blocked
33242,42,0,0.3140710392448667,0.43640499920329384,33,blocked
33243,43,0,0.28186536942267587,0.4877269456779054,33,blocked
33244,44,0,0.5474622996260422,0.6058573245506771,33,blocked
33245,45,0,0.6389125215140209,0.40654325893424303,33,blocked
33246,46,0,0.7251184932985493,0.680004393314752,33,blocked
33247,47,0,0.04771394398722639,0.65691910034689,33,blocked
33248,48,0,0.5110867157693146,0.49755293209964635,33,blocked
33249,49,0,0.5192329196848757,0.5026040906480045,33,blocked
33250,50,0,0.28935015668928277,0.4675740504895872,33,blocked
33251,51,0,0.4822324528867856,0.5414133645325097,33,blocked
33252,52,0,0.6207801761180958,0.42355846072180575,33,blocked
33253,53,0,0.1312041339328937,0.549258956919604,33,blocked
33254,54,0,0.5847528782768961,0.3736337299002136,33,blocked
33255,55,0,0.3467442911683718,0.5663773025364911,33,blocked
33256,56,0,0.11092128887541029,0.6538956966549105,33,blocked
33257,57,0,0.3169291944569946,0.5856906006995579,33,blocked
33258,58,0,0.4228452653618337,0.5303531395316146,33,blocked
33259,59,0,0.4214716640956431,0.451135763081063,33,blocked
33260,60,0,0.3038560304446955,0.5354263241989679,33,blocked
33261,61,0,0.43181904241148394,0.5669814654762428,33,blocked
33262,62,0,0.28195623585723184,0.5028569018167921,33,blocked
33263,63,0,0.6169437450583608,0.48824051169536437,33,blocked
33264,64,0,0.4847776317944152,0.45886019927284416,33,blocked
33265,65,0,0.372636622623292,0.5694521274429241,33,blocked
33266,66,0,0.51957419759074,0.434099596182661,33,blocked
33267,67,0,0.5448093549597001,0.5548335799111237,33,blocked
33268,68,0,0.754711649182356,0.472727719242221,33,blocked
33269,69,0,0.5602690914662276,0.4678909983570932,33,blocked
33270,70,0,0.5069759977193923,0.4921223701556499,33,blocked
33271,71,0,0.6393275829047462,0.5831827772814644,33,blocked
33272,72,0,0.7383147979900551,0.4041936688780926,33,blocked
33273,73,0,0.6013990463190609,0.40013534617364677,33,blocked
33274,74,0,0.3668060328942885,0.5802730468949104,33,blocked
33275,75,0,0.7525466740853812,0.5049375647697285,33,blocked
33276,76,0,0.22154849535342933,0.4820078530429027,33,blocked
33277,77,0,0.747799040268335,0.36734322035952954,33,blocked
33278,78,0,0.5555342056376232,0.5945611244599829,33,blocked
33279,79,0,0.20796433027780592,0.3765796255877446,33,blocked
33280,80,0,0.5637784726799896,0.40309908604935485,33,blocked
33281,81,0,0.6402679719798093,0.49088702711988363,33,blocked
33282,82,0,0.8657105823651867,0.35393948365940325,33,blocked
33283,83,0,0.05675011183595452,0.5182295302027969,33,blocked
33284,84,0,0.7422378343878098,0.37778924241238854,33,blocked
33285,85,0,0.2988612119293312,0.3823630308716662,33,blocked
33286,86,0,0.3606436550378662,0.4681265277826268,33,blocked
33287,87,0,0.7835115878859027,0.4290058396401738,33,blocked
33288,88,0,0.21981095527655664,0.6204075667233764,33,blocked
33289,89,0,0.7783122975860421,0.4881195983689072,33,blocked
33290,90,0,0.2943134607150722,0.6567355134472042,33,blocked
33291,91,0,0.12586964990646873,0.5454272755581246,33,blocked
33292,92,0,0.9531642257680292,0.5546932086389988,33,blocked
33293,93,0,0.12360570956044589,0.5638280752819322,33,blocked
33294,94,0,0.5721557519136677,0.4748145074318678,33,blocked
33295,95,0,0.5042221040751912,0.3713880288901377,33,blocked
33296,96,0,0.5479298214096768,0.3303856955297664,33,blocked
33297,97,0,0.6107798009097496,0.5671073239068959,33,blocked
33298,98,0,0.10833912108099643,0.37821053613522937,33,blocked
33299,99,0,0.1681241843564455,0.6231588963201029,33,blocked
33300,100,0,0.9720753849151736,0.4806063348424371,33,blocked
33301,101,0,0.8223847655534535,0.4579128144740285,33,blocked
33302,102,0,0.758014454926797,0.5089087137081125,33,blocked
33303,103,0,0.9544292718682807,0.33477259106751633,33,blocked
33304,104,0,0.6874226130100349,0.35653047254465153,33,blocked
33305,105,0,0.39672288776519327,0.39389243079130476,33,blocked
33306,106,0,0.6271421157806096,0.4046245865176713,33,blocked
33307,107,0,0.7952485603002615,0.41788328265218894,33,blocked
33308,108,0,0.7589803837489932,0.5819247518761599,33,blocked
33309,109,0,0.8961470741565041,0.3346415021090253,33,blocked
33310,110,0,0.619187629381643,0.4663745836229033,33,blocked
33311,111,0,0.5219415515882206,0.35416140866011236,33,blocked
33312,112,0,0.9582322255973188,0.43500247363817124,33,blocked
33313,113,0,0.4303885669420856,0.3559302653273841,33,blocked
33314,114,0,0.6134883233388717,0.509158265241169,33,blocked
33315,115,0,0.8934082373278164,0.34131642658284517,33,blocked
33316,116,0,0.9066915377679103,0.36962288926352566,33,blocked
33317,117,0,0.40312756161202246,0.46989650819072304,33,blocked
33318,118,0,0.9419419939328092,0.4298494171293301,33,blocked
33319,119,0,0.9221952616328567,0.36919187944191656,33,blocked
33320,120,0,0.4729253706612905,0.4754359385397349,33,blocked
33321,121,0,0.35910572570621646,0.46588274875986496,33,blocked
33322,122,0,0.2753729315615808,0.46430180635452534,33,blocked
33323,123,0,0.4725261260662791,0.4628378769440818,33,blocked
33324,124,0,0.40388360444405014,0.5245788293538551,33,blocked
33325,125,0,0.2619957073777238,0.4351996561443837,33,blocked
33326,126,0,0.47263279656498525,0.41993906668808,33,blocked
33327,127,0,0.25310211545642336,0.5851170073775762,33,blocked
33328,128,0,0.23370695489169663,0.43139453320256366,33,blocked
33329,129,0,0.47791594661614867,0.42828546986640026,33,blocked
33330,130,0,0.09811487137667478,0.4850433809488006,33,blocked
33331,131,0,0.6980518011879477,0.49233204018313104,33,blocked
33332,132,0,0.44927025661753045,0.5621097406665096,33,blocked
33333,133,0,0.5765040218326272,0.4171607207497495,33,blocked
33334,134,0,0.6771121904123227,0.37256918252671467,33,blocked
33335,135,0,0.523240755794301,0.37851993927559,33,blocked
33336,136,0,0.3744801747266098,0.503617062761216,33,blocked
33337,137,0,0.47234826679254394,0.3414568814939023,33,blocked
33338,138,0,0.3762264410735964,0.4243676163203993,33,blocked
33339,139,0,0.3225360490695598,0.48519436141728256,33,blocked
33340,140,0,0.7507560124642659,0.5017379876249322,33,blocked
33341,141,0,0.37305696010217165,0.5727826272997775,33,blocked
33342,142,0,0.4737650714536687,0.4035227975596657,33,blocked
33343,143,0,0.8454860229709248,0.3314399840447859,33,blocked
33344,144,0,0.22000202538411903,0.4965997098969074,33,blocked
33345,145,0,0.5820536616829679,0.34424188614341866,33,blocked
33346,146,0,0.572009400251096,0.497652506576136,33,blocked
33347,147,0,0.7345478967178409,0.35242287598055944,33,blocked
33348,148,0,0.175656723174603,0.44848678848538814,33,blocked
33349,149,0,0.2902308983499394,0.39314834867806886,33,blocked
33350,150,0,0.3387297644357597,0.4128028234176098,33,blocked
33351,151,0,0.5205733802053542,0.4855600646169561,33,blocked
33352,152,0,0.3066996121633088,0.4383220113284244,33,blocked
33353,153,0,0.7390222568179037,0.49769610101496464,33,blocked
33354,154,0,0.32701094895474914,0.5837982199425023,33,blocked
33355,155,0,0.5031226638425116,0.49285464778749205,33,blocked
33356,156,0,0.567014905542065,0.3524239749657234,33,blocked
33357,157,0,0.5400700825951931,0.3278959748420792,33,blocked
33358,158,0,0.7426191699514502,0.39557992181716944,33,blocked
33359,159,0,0.447104735578909,0.28451208156126845,33,blocked
33360,160,0,0.4533482428734228,0.40514195332928005,33,blocked
33361,161,0,0.658778206484941,0.33665753378814667,33,blocked
33362,162,0,0.3869453617345672,0.31449125296878716,33,blocked
33363,163,0,0.47560746702071893,0.48478569468362986,33,blocked
33364,164,0,0.3523106317891185,0.42919544702159695,33,blocked
33365,165,0,0.9669369111075562,0.3580690683529095,33,blocked
33366,166,0,0.47055074956095766,0.5121224711891007,33,blocked
33367,167,0,0.6184851814389907,0.4245103496490348,33,blocked
33368,168,0,0.4674387715434237,0.43748252331917864,33,blocked
33369,169,0,0.892656100780955,0.28888633840634187,33,blocked
33370,170,0,0.6936241880789109,0.3865085638533337,33,blocked
33371,171,0,0.492942008336404,0.46323220938296517,33,blocked
33372,172,0,0.1316704164571774,0.6554236617298679,33,blocked
33373,173,0,0.6080722661564326,0.30598955738918504,33,blocked
33374,174,0,0.2202400854605751,0.3856569662879802,33,blocked
33375,175,0,0.6501441886529254,0.30547469511122705,33,blocked
33376,176,0,0.492226260192251,0.4563742363951939,33,blocked
33377,177,0,0.6272686175427107,0.48956273355963054,33,blocked
33378,178,0,0.8720377059089625,0.38291172541917196,33,blocked
33379,179,0,0.9939761035700829,0.3769569518190524,33,blocked
33380,180,0,0.7866873296685999,0.35698472298526585,33,blocked
33381,181,0,0.5297272668834555,0.43931051259884646,33,blocked
33382,182,0,0.6250737880353721,0.3648724910005755,33,blocked
33383,183,0,0.743660134169453,0.3599445104788684,33,blocked
33384,184,0,0.7415402121968381,0.3703818919451245,33,blocked
33385,185,0,0.7961763425083253,0.33966122847365776,33,blocked
33386,186,0,0.36544743029457444,0.5869501922038989,33,blocked
33387,187,0,0.5181806090596887,0.5029579255903724,33,blocked
33388,188,0,0.6588793095523646,0.46411812359592985,33,blocked
33389,189,0,0.9022091384633291,0.32159466303987483,33,blocked
33390,190,0,0.5183595979659443,0.4713889349339493,33,blocked
33391,191,0,0.6538351245911713,0.4297286095305996,33,blocked
33392,192,0,0.2641539315970269,0.3724969464507823,33,blocked
33393,193,0,0.6956024570318492,0.26978322443959435,33,blocked
33394,194,0,0.8727130908065592,0.4409538485653035,33,blocked
33395,195,0,0.461885143380646,0.35530015623047806,33,blocked
33396,196,0,0.6430870447186618,0.34999413479668146,33,blocked
33397,197,0,0.2276828136459233,0.32784245366769527,33,blocked
33398,198,0,0.7409158404360741,0.30770533408820866,33,blocked
33399,199,0,0.6105599784273369,0.39699726139191027,33,blocked
33400,0,0,0.5271254416325102,0.7100135179774737,33,early
33401,1,0,0.27113083802373816,0.4440095538178247,33,early
33402,2,0,0.899146851933962,0.5177779938543714,33,early
33403,3,0,0.8391563764585566,0.4806257164439418,33,early
33404,4,0,0.18344606917570552,0.525531580772112,33,early
33405,5,0,0.2163165759822154,0.7164682848157155,33,early
33406,6,0,0.7039992279531196,0.5733426581531118,33,early
33407,7,0,0.21673834634029818,0.5759847890043527,33,early
33408,8,0,0.5841247864995274,0.5575735453752055,33,early
33409,9,0,0.8693659490833251,0.35559618640985524,33,early
33410,10,0,0.5155076650749235,0.5045209653530969,33,early
33411,11,0,0.9102544165946861,0.5067012003792548,33,early
33412,12,0,0.9661251225608494,0.39272182875100903,33,early
33413,13,0,0.20377490203092624,0.6298256447334516,33,early
33414,14,0,0.7903213603802075,0.5058013990986575,33,early
33415,15,0,0.9243894256132456,0.304216920135064,33,early
33416,16,0,0.8974463227461975,0.4032162598903264,33,early
33417,17,0,0.09950641827937198,0.6795037378384371,33,early
33418,18,0,0.13889121089783663,0.5892283219550667,33,early
33419,19,0,0.2418918143014426,0.4847933616821466,33,early
33420,20,0,0.8805220056126923,0.48094591898337075,33,early
33421,21,0,0.7071188298913642,0.5105984154243433,33,early
33422,22,0,0.3457870062255514,0.5499269993568102,33,early
33423,23,0,0.7862322719682485,0.6147388140588397,33,early
33424,24,0,0.4186909011910421,0.5650236533485267,33,early
33425,25,0,0.17837192522967366,0.5454517756807955,33,early
33426,26,0,0.4584044612769964,0.6023954338029309,33,early
33427,27,0,0.7583880951184603,0.5794328126640791,33,early
33428,28,0,0.7528239172548259,0.42779929206696643,33,early
33429,29,0,0.26802638278745894,0.5492777568056061,33,early
33430,30,0,0.7568735489921437,0.4532147638248221,33,early
33431,31,0,0.392896607408644,0.40999965814693523,33,early
33432,32,0,0.7401714060305424,0.497497571203717,33,early
33433,33,0,0.2807243172265868,0.4478123669543173,33,early
33434,34,0,0.8483749727650112,0.4560496698253429,33,early
33435,35,0,0.15676095177747956,0.44862442797710056,33,early
33436,36,0,0.9439745743708124,0.5781339851131222,33,early
33437,37,0,0.9612143035506961,0.47134454824374594,33,early
33438,38,0,0.28944393527683604,0.6311232506049549,33,early
33439,39,0,0.7936606540623216,0.3247052188844787,33,early
33440,40,0,0.45641203003424924,0.5315981262060843,33,early
33441,41,0,0.5870596174529974,0.5361830277462976,33,early
33442,42,0,0.7754801391379268,0.4440448493388581,33,early
33443,43,0,0.7739867658157158,0.7119344149651687,33,early
33444,44,0,0.03800373673581807,0.8366842763544168,33,early
33445,45,0,0.4857527059948639,0.4829437203605601,33,early
33446,46,0,0.38177419648679756,0.3650938575310347,33,early
33447,47,0,0.5174788248248825,0.4942041443517394,33,early
33448,48,0,0.5436945399322158,0.583643141436943,33,early
33449,49,0,0.6226280843153101,0.38434076658999083,33,early
33450,50,0,0.3604898411276298,0.46231013073571725,33,early
33451,51,0,0.47554852937343733,0.6442091354386824,33,early
33452,52,0,0.44017389812464663,0.4620140054697436,33,early
33453,53,0,0.285944521189081,0.45069794482717906,33,early
33454,54,0,0.5652709071119297,0.3976391392589286,33,early
33455,55,0,0.4668188325223265,0.43055848384798223,33,early
33456,56,0,0.38823020810569386,0.6537391674942923,33,early
33457,57,0,0.42416361651924983,0.5255140404178937,33,early
33458,58,0,0.5549630376594791,0.5141341577616905,33,early
33459,59,0,0.527327906311942,0.4070032351922964,33,early
33460,60,0,0.44586629005283274,0.3780153285108634,33,early
33461,61,0,0.45831226799819025,0.47722151721087613,33,early
33462,62,0,0.20256273314663345,0.4355010955243805,33,early
33463,63,0,0.19299414763920333,0.4977149193203765,33,early
33464,64,0,0.46198547182577787,0.32093109084405613,33,early
33465,65,0,0.6482664209675262,0.4653834098000311,33,early
33466,66,0,0.48799013416077075,0.5084391699766923,33,early
33467,67,0,0.38616484285336466,0.5926877834810873,33,early
33468,68,0,0.7274015697727052,0.40113440113992727,33,early
33469,69,0,0.8717477051931903,0.7040364226438984,33,early
33470,70,0,0.8141499386666357,0.4745363357305939,33,early
33471,71,0,0.8202685359482709,0.5555627705459367,33,early
33472,72,0,0.9196784257198869,0.47656728235016776,33,early
33473,73,0,0.8481424417656501,0.48979751622046525,33,early
33474,74,0,0.5171577933721936,0.6566042941723933,33,early
33475,75,0,0.5160426849324657,0.8610641126645882,33,early
33476,76,0,0.9960708826385336,0.5198553292940572,33,early
33477,77,0,0.516341775226193,0.5825379413143341,33,early
33478,78,0,0.35091406307992595,0.5254335540327184,33,early
33479,79,0,0.5095692570197586,0.46787732837005336,33,early
33480,80,0,0.6180624778906199,0.4030638598830879,33,early
33481,81,0,0.7167717807780999,0.4035206122497919,33,early
33482,82,0,0.7316869598535087,0.5957991650979486,33,early
33483,83,0,0.7816251417126234,0.33581494918800653,33,early
33484,84,0,0.2354481235964843,0.4663801543305749,33,early
33485,85,0,0.146180127363457,0.5365632271256447,33,early
33486,86,0,0.7113351009823545,0.4659141847987547,33,early
33487,87,0,0.7431987495203074,0.4314224213538637,33,early
33488,88,0,0.86807913814693,0.3435279441797157,33,early
33489,89,0,0.5281202469235206,0.43773071906685723,33,early
33490,90,0,0.6738544813057652,0.46847689661045305,33,early
33491,91,0,0.5947515879570178,0.40358953749608906,33,early
33492,92,0,0.2357517673813518,0.6198606769886918,33,early
33493,93,0,0.6043231221365768,0.350278079265396,33,early
33494,94,0,0.3406462108725187,0.4754126082058464,33,early
33495,95,0,0.32870695610098083,0.40887013089835855,33,early
33496,96,0,0.20837522735478767,0.34772447065380463,33,early
33497,97,0,0.6252775497279712,0.3611180679456536,33,early
33498,98,0,0.28521740394176065,0.49539042442385406,33,early
33499,99,0,0.624526014589518,0.3921115556102015,33,early
33500,100,0,0.5317407994834639,0.42854662930809484,33,early
33501,101,0,0.5467238895435843,0.45630287479439613,33,early
33502,102,0,0.33467843827508137,0.37878235907497737,33,early
33503,103,0,0.5715636909787289,0.46682296734198864,33,early
33504,104,0,0.9427457068271501,0.37970826182435624,33,early
33505,105,0,0.30985632281564784,0.3972898546446577,33,early
33506,106,0,0.8511496314733752,0.45084558167648614,33,early
33507,107,0,0.47980890308840374,0.4497108291793434,33,early
33508,108,0,0.9306373661293358,0.34921915144417465,33,early
33509,109,0,0.5340828333514818,0.3698497270101534,33,early
33510,110,0,0.11660670608381735,0.5638759458325374,33,early
33511,111,0,0.5573710868367526,0.4567973807002873,33,early
33512,112,0,0.46352480971243154,0.5391215306330115,33,early
33513,113,0,0.5303925404296268,0.4345862677575707,33,early
33514,114,0,0.24130482709618994,0.43798422548534754,33,early
33515,115,0,0.8428617031247974,0.3506018749944569,33,early
33516,116,0,0.21911930229232598,0.413375048293261,33,early
33517,117,0,0.18347193727425648,0.45562543463991023,33,early
33518,118,0,0.5578478803349854,0.3878725489801303,33,early
33519,119,0,0.3405329786313851,0.5026242383741663,33,early
33520,120,0,0.24002113897315008,0.586757545589293,33,early
33521,121,0,0.5176149771513227,0.41383317261244495,33,early
33522,122,0,0.3356049219073888,0.4702146597564032,33,early
33523,123,0,0.38248975014955294,0.5711606803923226,33,early
33524,124,0,0.45711169442212485,0.575935685024187,33,early
33525,125,0,0.1101266540219683,0.6311670317588756,33,early
33526,126,0,0.4560114380190756,0.4412725235666314,33,early
33527,127,0,0.7733893247145067,0.44742538050505987,33,early
33528,128,0,0.764008673927127,0.43786653215016014,33,early
33529,129,0,0.613043296340495,0.5221234621282023,33,early
33530,130,0,0.7348118326047339,0.3961155305881119,33,early
33531,131,0,0.40663309908500106,0.33466095530243056,33,early
33532,132,0,0.7135103509169288,0.35479864968165464,33,early
33533,133,0,0.5924342853944032,0.4830333444232018,33,early
33534,134,0,0.5909382264339395,0.36016733645471977,33,early
33535,135,0,0.9435939439116701,0.44965601724627546,33,early
33536,136,0,0.8924691426507925,0.41065234226843017,33,early
33537,137,0,0.5417868320677743,0.5084290474821661,33,early
33538,138,0,0.2932261861750211,0.5631234091431969,33,early
33539,139,0,0.24300445699174553,0.5558425643808673,33,early
33540,140,0,0.2839644105802042,0.5426236643858993,33,early
33541,141,0,0.7621500093161289,0.37494697126749377,33,early
33542,142,0,0.48181978451471963,0.4587121550282037,33,early
33543,143,0,0.1928838441409469,0.5043981687564558,33,early
33544,144,0,0.4562714516094088,0.43680049185099235,33,early
33545,145,0,0.7816650798375135,0.4385906285218084,33,early
33546,146,0,0.5994733338253257,0.3929526052088417,33,early
33547,147,0,0.5247348954217229,0.3703748005929569,33,early
33548,148,0,0.44445774764154,0.4028130194601904,33,early
33549,149,0,0.4258382400863784,0.41990407525978724,33,early
33550,150,0,0.5017767034990337,0.49821923769472876,33,early
33551,151,0,0.6022927921415702,0.6142744062469636,33,early
33552,152,0,0.3323232805751455,0.39672066993352406,33,early
33553,153,0,0.5125295482516053,0.4155923859230761,33,early
33554,154,0,0.49477195326568024,0.42929123348673826,33,early
33555,155,0,0.2321118372829768,0.28612286148262034,33,early
33556,156,0,0.6308782141740643,0.39012148879170316,33,early
33557,157,0,0.33962118083837023,0.3171865020532739,33,early
33558,158,0,0.8866239177525451,0.44935345835227597,33,early
33559,159,0,0.454711244292343,0.3565110341694713,33,early
33560,160,0,0.22784703478122614,0.3465887209387737,33,early
33561,161,0,0.6202276210848937,0.5103272407827333,33,early
33562,162,0,0.26149528614453177,0.3368951016994012,33,early
33563,163,0,0.6700711206014779,0.39926904202921076,33,early
33564,164,0,0.1492169451783892,0.37243883778573195,33,early
33565,165,0,0.543565726343694,0.45785029861419396,33,early
33566,166,0,0.49773947062999424,0.25481371309791906,33,early
33567,167,0,0.9760509951962919,0.4209205622440094,33,early
33568,168,0,0.6234630546492491,0.3373626910123835,33,early
33569,169,0,0.37908151257912753,0.4531691202340409,33,early
33570,170,0,0.4638384021038389,0.49015514067649113,33,early
33571,171,0,0.25237211620504096,0.3369205250476949,33,early
33572,172,0,0.5324267204000531,0.3205198238268038,33,early
33573,173,0,0.16033770805816744,0.5550388597794236,33,early
33574,174,0,0.10980814835011364,0.39515623826557156,33,early
33575,175,0,0.4522217380865905,0.34705621468420994,33,early
33576,176,0,0.5382281867074121,0.4350189595469365,33,early
33577,177,0,0.6057694014448401,0.40335210539481153,33,early
33578,178,0,0.34012127151924054,0.32615667492357736,33,early
33579,179,0,0.8659914718270734,0.34764516730708844,33,early
33580,180,0,0.10918065089486834,0.37716897505572033,33,early
33581,181,0,0.4991438497351102,0.4614434109897081,33,early
33582,182,0,0.13353141656392747,0.46695522905652764,33,early
33583,183,0,0.46426646723550047,0.4322193789501009,33,early
33584,184,0,0.43298592233130834,0.3559464409438547,33,early
33585,185,0,0.256277930380117,0.31169548942759295,33,early
33586,186,0,0.4686015762569546,0.3936198012924745,33,early
33587,187,0,0.5218355775176627,0.3742462066081589,33,early
33588,188,0,0.5937537871523837,0.4495750611754207,33,early
33589,189,0,0.8517813153841952,0.26162189127091745,33,early
33590,190,0,0.9071170497113858,0.3935196348186315,33,early
33591,191,0,0.781417453943713,0.34785384071881587,33,early
33592,192,0,0.4962605238515237,0.34592701240902957,33,early
33593,193,0,0.49345425005196547,0.3808480973511294,33,early
33594,194,0,0.48011819131386974,0.38157397688287686,33,early
33595,195,0,0.23875966274157476,0.3167570745264807,33,early
33596,196,0,0.44772646682958517,0.41535965769534844,33,early
33597,197,0,0.73827243112976,0.278866694309096,33,early
33598,198,0,0.6471101614547619,0.39083769455777406,33,early
33599,199,0,0.6288815503784282,0.33963746486136537,33,early
33600,0,0,0.22155042912463338,0.777420822170858,33,middle
33601,1,0,0.2787977275162007,0.9298812723717544,33,middle
33602,2,0,0.5892959728810971,0.5537745296420551,33,middle
33603,3,0,0.6706870590173528,0.6625367487790391,33,middle
33604,4,0,0.5879565893736569,0.6624774380698297,33,middle
33605,5,0,0.789809727207285,0.47582921299118885,33,middle
33606,6,0,0.48383209162390983,0.5777116524081036,33,middle
33607,7,0,0.2855217165193187,0.5403892254422684,33,middle
33608,8,0,0.4121603592447355,0.5114218286071255,33,middle
33609,9,0,0.42661597253379235,0.4963170577541897,33,middle
33610,10,0,0.5203249931335225,0.5131456608736253,33,middle
33611,11,0,0.7430502554875882,0.6317534059582641,33,middle
33612,12,0,0.692997939972121,0.4972092874389553,33,middle
33613,13,0,0.5072602562052841,0.5234844891837753,33,middle
33614,14,0,0.49469856259860184,0.47860677647768324,33,middle
33615,15,0,0.3694387393871242,0.46935059646168537,33,middle
33616,16,0,0.558374884921813,0.45711661694747907,33,middle
33617,17,0,0.22253404507845573,0.5194807701363935,33,middle
33618,18,0,0.6725954683068731,0.47577163369550385,33,middle
33619,19,0,0.5366647948427419,0.596944780178795,33,middle
33620,20,0,0.7350877032830943,0.3509757443804511,33,middle
33621,21,0,0.9592054668978844,0.5270628682969689,33,middle
33622,22,0,0.8918131468356784,0.4444562088457449,33,middle
33623,23,0,0.2975706778485203,0.49359637495594777,33,middle
33624,24,0,0.29590133830983834,0.38959305254350163,33,middle
33625,25,0,0.5097935196847627,0.42226292576168967,33,middle
33626,26,0,0.6022734771513001,0.6580869331392655,33,middle
33627,27,0,0.2910843692820001,0.5479030527702725,33,middle
33628,28,0,0.514027569740712,0.4998095804874384,33,middle
33629,29,0,0.7885699082934483,0.3772064176392118,33,middle
33630,30,0,0.11107253681912824,0.4795729633276821,33,middle
33631,31,0,0.05164274663636793,0.6876079047696009,33,middle
33632,32,0,0.7003573023634546,0.2985333855264208,33,middle
33633,33,0,0.7314368711862824,0.49378405897540184,33,middle
33634,34,0,0.34098409614447867,0.7098140063347143,33,middle
33635,35,0,0.5544879301760862,0.4800097915762574,33,middle
33636,36,0,0.1762653198875218,0.6361236016076249,33,middle
33637,37,0,0.7134112246499857,0.3986806289979353,33,middle
33638,38,0,0.7123737091806617,0.46270817718628504,33,middle
33639,39,0,0.57201228859483,0.5220589755643344,33,middle
33640,40,0,0.6814272624710468,0.48410610672638177,33,middle
33641,41,0,0.5208402882712128,0.4057080231946003,33,middle
33642,42,0,0.35817164436579235,0.47726337171670635,33,middle
33643,43,0,0.4504897480128649,0.43893851512392934,33,middle
33644,44,0,0.4977370962835188,0.5288546411478692,33,middle
33645,45,0,0.8158131312584407,0.5158682264726803,33,middle
33646,46,0,0.557224267110761,0.5320829739869688,33,middle
33647,47,0,0.928407042711833,0.5356319545528774,33,middle
33648,48,0,0.0311197275107378,0.5756470726372144,33,middle
33649,49,0,0.729650592466788,0.5006319804621433,33,middle
33650,50,0,0.5851063267782683,0.6496202294011018,33,middle
33651,51,0,0.3831270288014507,0.5876170408250345,33,middle
33652,52,0,0.8110314342685492,0.8237067688101247,33,middle
33653,53,0,0.40901445011410303,0.42834701002680337,33,middle
33654,54,0,0.3638134537810242,0.38127182858589187,33,middle
33655,55,0,0.6630524021823966,0.46785864816823747,33,middle
33656,56,0,0.4262013320365147,0.6603446125943129,33,middle
33657,57,0,0.9016134543059283,0.4763336627792222,33,middle
33658,58,0,0.16376298922953308,0.5831135862493437,33,middle
33659,59,0,0.6871561193015033,0.38122757882526803,33,middle
33660,60,0,0.5537084092466595,0.3685221330507484,33,middle
33661,61,0,0.5581942427171793,0.33960460275377957,33,middle
33662,62,0,0.9055512638028533,0.4936452845832824,33,middle
33663,63,0,0.9585321843578283,0.6239121974338431,33,middle
33664,64,0,0.12997045028552193,0.5938128545210899,33,middle
33665,65,0,0.41912496628159046,0.48447360678146534,33,middle
33666,66,0,0.7641956512204688,0.4483735138963218,33,middle
33667,67,0,0.910369658984328,0.47522742032761156,33,middle
33668,68,0,0.494644455992607,0.4265946715070834,33,middle
33669,69,0,0.5909538765880398,0.46145611814177534,33,middle
33670,70,0,0.20399590449745886,0.5476326966261695,33,middle
33671,71,0,0.8943138271697854,0.3685303487997422,33,middle
33672,72,0,0.7979653054544043,0.32551186540524846,33,middle
33673,73,0,0.7283862439437053,0.40067618912976216,33,middle
33674,74,0,0.15677084548824693,0.5498750409058628,33,middle
33675,75,0,0.9696724998253772,0.48795996418387844,33,middle
33676,76,0,0.8058985873512361,0.3165338766319188,33,middle
33677,77,0,0.3391725926889172,0.5458808186780866,33,middle
33678,78,0,0.4619646187947473,0.352901467369351,33,middle
33679,79,0,0.8113935184769565,0.44414744255502303,33,middle
33680,80,0,0.46016238649796437,0.6813535810571609,33,middle
33681,81,0,0.1861243012180252,0.6684962004227148,33,middle
33682,82,0,0.3444569196650878,0.3746504646424053,33,middle
33683,83,0,0.24764294738599446,0.7880660819490335,33,middle
33684,84,0,0.8251684265585724,0.44172300435952827,33,middle
33685,85,0,0.04792063339889901,0.7087179570418883,33,middle
33686,86,0,0.6904738700379565,0.5078881489199588,33,middle
33687,87,0,0.7302121540141537,0.47094220650827523,33,middle
33688,88,0,0.8959501496200203,0.29343841452979,33,middle
33689,89,0,0.7910879790574916,0.36744094202304295,33,middle
33690,90,0,0.15820029049074796,0.561759563922174,33,middle
33691,91,0,0.5007979098186228,0.5037363500082837,33,middle
33692,92,0,0.8461196618090405,0.4252238578986822,33,middle
33693,93,0,0.8573452802798239,0.4144102131606616,33,middle
33694,94,0,0.9335891894576835,0.28995354452657185,33,middle
33695,95,0,0.5825934249400958,0.5370122977905332,33,middle
33696,96,0,0.8567280912287483,0.4512894948736633,33,middle
33697,97,0,0.6893286527788909,0.4016275700980815,33,middle
33698,98,0,0.8016869487895737,0.4769475950979575,33,middle
33699,99,0,0.8786785107238867,0.40802690205987047,33,middle
33700,100,0,0.8798478632825486,0.33464480142857017,33,middle
33701,101,0,0.9546006200869437,0.3770512604260604,33,middle
33702,102,0,0.9678451549937686,0.38236129455098,33,middle
33703,103,0,0.5798984099483587,0.45135950788909646,33,middle
33704,104,0,0.04557483628435338,0.6238239361866925,33,middle
33705,105,0,0.7080787915963838,0.43530457329607297,33,middle
33706,106,0,0.4400784710482547,0.5547240492755199,33,middle
33707,107,0,0.5567871435908794,0.43083482805960666,33,middle
33708,108,0,0.0676869900018052,0.5194540037072509,33,middle
33709,109,0,0.1153705545378115,0.4374352937600706,33,middle
33710,110,0,0.6406325656651313,0.37099178330366805,33,middle
33711,111,0,0.36676991779491047,0.43662091271980363,33,middle
33712,112,0,0.38159352173863553,0.4315025596181825,33,middle
33713,113,0,0.6237426043662586,0.39774305600889986,33,middle
33714,114,0,0.4487039174946932,0.48224438888428234,33,middle
33715,115,0,0.5939526246500852,0.5432509194391955,33,middle
33716,116,0,0.2805180640397914,0.43363611544759006,33,middle
33717,117,0,0.5730256900388526,0.5241898122988916,33,middle
33718,118,0,0.82874910305584,0.6384219535604763,33,middle
33719,119,0,0.6116337409652315,0.4337425753128775,33,middle
33720,120,0,0.880887477528429,0.3612423852010409,33,middle
33721,121,0,0.7066981793061324,0.4002046351030256,33,middle
33722,122,0,0.46438279507787655,0.3840021180303894,33,middle
33723,123,0,0.39622288252931664,0.3834060355086656,33,middle
33724,124,0,0.7410133951526761,0.3340046115678792,33,middle
33725,125,0,0.7462775093349272,0.45605854477412877,33,middle
33726,126,0,0.8515947305091554,0.36156864558358404,33,middle
33727,127,0,0.6759898918844192,0.31180312296209434,33,middle
33728,128,0,0.44957062067204884,0.7362169700997496,33,middle
33729,129,0,0.433126946827198,0.517444544025986,33,middle
33730,130,0,0.7447026157024765,0.27127685040357624,33,middle
33731,131,0,0.60396393622591,0.309430443830587,33,middle
33732,132,0,0.5357885994747767,0.3132348131494992,33,middle
33733,133,0,0.5672545246664082,0.31856150518962745,33,middle
33734,134,0,0.8922236513556858,0.36403143602917465,33,middle
33735,135,0,0.5022952054130548,0.5305107338095478,33,middle
33736,136,0,0.08453538667657423,0.6056865062269113,33,middle
33737,137,0,0.2600978416948834,0.2827960676625496,33,middle
33738,138,0,0.2657060651367797,0.5099074251208422,33,middle
33739,139,0,0.39194810831930454,0.3409582995802517,33,middle
33740,140,0,0.7860315388693992,0.28003198879022884,33,middle
33741,141,0,0.699736267766941,0.3368584090541341,33,middle
33742,142,0,0.4483352804004993,0.39716364469419635,33,middle
33743,143,0,0.34441221502024266,0.5175862836976558,33,middle
33744,144,0,0.8336347263836115,0.26301092547127325,33,middle
33745,145,0,0.8766268608300549,0.4677685936243251,33,middle
33746,146,0,0.3586422618400506,0.28348782910253056,33,middle
33747,147,0,0.6979328962542937,0.4270735950668276,33,middle
33748,148,0,0.46608533776551925,0.2809591790693791,33,middle
33749,149,0,0.35408966360291794,0.31367056192191056,33,middle
33750,150,0,0.5472792642243531,0.3510661275686883,33,middle
33751,151,0,0.8330548379430949,0.5313799966159818,33,middle
33752,152,0,0.7291954955732379,0.4196957267150324,33,middle
33753,153,0,0.8111536348923152,0.33892337616267176,33,middle
33754,154,0,0.9354765489397094,0.3566593586969493,33,middle
33755,155,0,0.8350953631041198,0.4246384140646826,33,middle
33756,156,0,0.380927939762868,0.44533853384615896,33,middle
33757,157,0,0.4335602338651566,0.4843673354111627,33,middle
33758,158,0,0.40193518241344706,0.3603804446949005,33,middle
33759,159,0,0.9331471920527677,0.285983633564523,33,middle
33760,160,0,0.5071064925004634,0.4366028737014037,33,middle
33761,161,0,0.8526240521562709,0.4066683093258803,33,middle
33762,162,0,0.4862223890445149,0.38735027116867393,33,middle
33763,163,0,0.7312711615053008,0.377268208395523,33,middle
33764,164,0,0.2683013896893463,0.41296436731496255,33,middle
33765,165,0,0.9536075915801929,0.445541872434447,33,middle
33766,166,0,0.12066180202363995,0.42973742059650144,33,middle
33767,167,0,0.20207195085491078,0.5153091243853294,33,middle
33768,168,0,0.4471969819938357,0.31030456118414773,33,middle
33769,169,0,0.9052140712553434,0.29562644574571234,33,middle
33770,170,0,0.7101371268364667,0.5117271722183028,33,middle
33771,171,0,0.8163999688096679,0.4027601277194701,33,middle
33772,172,0,0.5622421257662209,0.4249258461082127,33,middle
33773,173,0,0.5009248210853596,0.23535589053262135,33,middle
33774,174,0,0.6865289105182182,0.31880913155101087,33,middle
33775,175,0,0.4627505815975831,0.4168894895330683,33,middle
33776,176,0,0.903203245258145,0.36159055124958617,33,middle
33777,177,0,0.6490589771071338,0.364853642201731,33,middle
33778,178,0,0.8203010197058977,0.3793304366294871,33,middle
33779,179,0,0.9699725496907272,0.3800525410806073,33,middle
33780,180,0,0.6015718179564322,0.36462350294711704,33,middle
33781,181,0,0.4911358824882541,0.4372849686390143,33,middle
33782,182,0,0.6227550481467721,0.45748559350996326,33,middle
33783,183,0,0.5083099810033613,0.3898466774286641,33,middle
33784,184,0,0.920103753757257,0.3648983837546377,33,middle
33785,185,0,0.9711294306620821,0.29910495809090903,33,middle
33786,186,0,0.49047602491980213,0.33123873576143503,33,middle
33787,187,0,0.8247245547839466,0.4015469080450357,33,middle
33788,188,0,0.5105336377400282,0.45371186014354803,33,middle
33789,189,0,0.5645741232712177,0.4350170671033341,33,middle
33790,190,0,0.3543143618965325,0.28419110806743775,33,middle
33791,191,0,0.9308310831874896,0.31460584697934735,33,middle
33792,192,0,0.9874603002215071,0.35607918920281983,33,middle
33793,193,0,0.7925718609888647,0.29176982343509283,33,middle
33794,194,0,0.8722566518941908,0.24164126796286522,33,middle
33795,195,0,0.8200171761875594,0.24663100381821337,33,middle
33796,196,0,0.797394918945109,0.4187933509232527,33,middle
33797,197,0,0.04664315164126003,0.5239854736305437,33,middle
33798,198,0,0.7613751584016177,0.3711916756466204,33,middle
33799,199,0,0.14647324117815347,0.48213890518195457,33,middle
33800,0,0,0.10905883000090771,0.8846046196063355,33,late
33801,1,0,0.24294867022711328,0.8148212168885334,33,late
33802,2,0,0.7560942637400199,0.6201975090222178,33,late
33803,3,0,0.20932282518951956,0.6192985579638726,33,late
33804,4,0,0.4279729229200868,0.46171747185271617,33,late
33805,5,0,0.7025289535765566,0.6730370033389526,33,late
33806,6,0,0.332948558186666,0.593357762419926,33,late
33807,7,0,0.7594887550460494,0.44134852194499835,33,late
33808,8,0,0.5156287689571707,0.3630370951186598,33,late
33809,9,0,0.8428208903385168,0.46056971545414754,33,late
33810,10,0,0.6321783560764965,0.5677309433531842,33,late
33811,11,0,0.8491111655144377,0.28222936280645894,33,late
33812,12,0,0.35913546554345954,0.47938503946239375,33,late
33813,13,0,0.790407016835108,0.2766601792467576,33,late
33814,14,0,0.4418990793273938,0.3776347802027921,33,late
33815,15,0,0.15898811142786856,0.4689540915849542,33,late
33816,16,0,0.7209563707196509,0.5334542551224449,33,late
33817,17,0,0.6734077863441088,0.5320531117871137,33,late
33818,18,0,0.6478396941374115,0.3576035424509682,33,late
33819,19,0,0.8296710976353467,0.6931795503786814,33,late
33820,20,0,0.5568999891269406,0.37265605662665746,33,late
33821,21,0,0.46237268639855844,0.3915418989384398,33,late
33822,22,0,0.41309861181166846,0.5163022664718686,33,late
33823,23,0,0.20500107089290104,0.4452186668293858,33,late
33824,24,0,0.4213248377045886,0.457988841727356,33,late
33825,25,0,0.590681284915501,0.5293974313486846,33,late
33826,26,0,0.5346775649342173,0.4998952179972397,33,late
33827,27,0,0.6692760201592429,0.42151775134496794,33,late
33828,28,0,0.32295231367697774,0.4967587445138201,33,late
33829,29,0,0.6132459100967653,0.41424898765960105,33,late
33830,30,0,0.833756970927038,0.5268793254628543,33,late
33831,31,0,0.5127811494821664,0.3833150733022218,33,late
33832,32,0,0.5698341409467409,0.41481943511252484,33,late
33833,33,0,0.8252254341319297,0.3432084074147729,33,late
33834,34,0,0.4425508275691188,0.548080020122811,33,late
33835,35,0,0.8787587277161466,0.4700676652724968,33,late
33836,36,0,0.4278924081039501,0.5299545380540089,33,late
33837,37,0,0.26218108809946966,0.3731974417564354,33,late
33838,38,0,0.6177248912625742,0.44094153015526066,33,late
33839,39,0,0.7189127052652984,0.4574205869805146,33,late
33840,40,0,0.6396534629699709,0.46384176673966226,33,late
33841,41,0,0.22995765695313453,0.4310487983688317,33,late
33842,42,0,0.7146422989159742,0.357322030890795,33,late
33843,43,0,0.5471537543995159,0.49456011088313734,33,late
33844,44,0,0.8432840377559336,0.4036671911771191,33,late
33845,45,0,0.6112152081609612,0.46447301403859115,33,late
33846,46,0,0.779419155530696,0.39928029786492125,33,late
33847,47,0,0.42680125681963804,0.5032309867614145,33,late
33848,48,0,0.4287323158417969,0.5231021324296098,33,late
33849,49,0,0.7401628991710181,0.39932703621866517,33,late
33850,50,0,0.5614557004437809,0.47300497134422403,33,late
33851,51,0,0.6844757583219863,0.4141292713608639,33,late
33852,52,0,0.8483873840759646,0.49356895907344667,33,late
33853,53,0,0.4506159716756286,0.4951831168729909,33,late
33854,54,0,0.3556629381113626,0.48155787654267657,33,late
33855,55,0,0.5146671079147918,0.5436726893943996,33,late
33856,56,0,0.47790079533487445,0.3705826719462907,33,late
33857,57,0,0.5838298552151286,0.4597396725048801,33,late
33858,58,0,0.5350871521537297,0.6203180705803902,33,late
33859,59,0,0.928800127009089,0.40149917393312695,33,late
33860,60,0,0.5138406294030016,0.5502972718960082,33,late
33861,61,0,0.04624067333129333,0.6231422517623233,33,late
33862,62,0,0.7604838901897324,0.39216244650069837,33,late
33863,63,0,0.74967187180859,0.4672130777371135,33,late
33864,64,0,0.7118134003566611,0.5023442638720642,33,late
33865,65,0,0.6239700964791028,0.4487714411193075,33,late
33866,66,0,0.5947853345598941,0.35513641971715526,33,late
33867,67,0,0.19750179815161067,0.39924120911673966,33,late
33868,68,0,0.251861451050687,0.5780804323573503,33,late
33869,69,0,0.5500365770298914,0.33219795997702706,33,late
33870,70,0,0.40029749078376015,0.5488151149273338,33,late
33871,71,0,0.3154950791097883,0.3024030140550341,33,late
33872,72,0,0.4560880333525392,0.4093885869321163,33,late
33873,73,0,0.5324697633840563,0.3605453517620265,33,late
33874,74,0,0.3476317304643839,0.450465287093084,33,late
33875,75,0,0.6024625469752082,0.3767701217469729,33,late
33876,76,0,0.6592885986212416,0.5322564665301688,33,late
33877,77,0,0.5582586179071154,0.40255205865588883,33,late
33878,78,0,0.12546431742562267,0.47844172311753785,33,late
33879,79,0,0.3681728778594248,0.4033623990852377,33,late
33880,80,0,0.22645206397965978,0.4098041420150681,33,late
33881,81,0,0.5335266728334528,0.4500699284467258,33,late
33882,82,0,0.7973840040021656,0.328244813041404,33,late
33883,83,0,0.9417912535278659,0.3430675261861657,33,late
33884,84,0,0.2502035688492366,0.5730168795926598,33,late
33885,85,0,0.4314871581338493,0.45833068253920434,33,late
33886,86,0,0.7942005911040575,0.36767208808637464,33,late
33887,87,0,0.42533019676677114,0.34718018809982365,33,late
33888,88,0,0.29210501296236124,0.44235405101095837,33,late
33889,89,0,0.740951403171183,0.3823512512337499,33,late
33890,90,0,0.4739906915152335,0.4711138036498267,33,late
33891,91,0,0.7093216794930796,0.3300036591093304,33,late
33892,92,0,0.838105381991419,0.3586695855400331,33,late
33893,93,0,0.4036441129305144,0.5584853819456151,33,late
33894,94,0,0.47117822719364716,0.3760125263435146,33,late
33895,95,0,0.7134629931010723,0.36042654116856265,33,late
33896,96,0,0.5552363790077621,0.5010531185336702,33,late
33897,97,0,0.39290850509942365,0.45105645994486865,33,late
33898,98,0,0.8443249235947212,0.3620835849232329,33,late
33899,99,0,0.3008826560448814,0.3983408571018269,33,late
33900,100,0,0.14672873426057811,0.3953235055753884,33,late
33901,101,0,0.48699424315991746,0.5011041919913597,33,late
33902,102,0,0.3823752109574196,0.3136603357204285,33,late
33903,103,0,0.39537590213627954,0.37368113150865523,33,late
33904,104,0,0.8693281647161293,0.4420515785133355,33,late
33905,105,0,0.3451751490995796,0.38039670788694735,33,late
33906,106,0,0.7539883627852653,0.3728594084676873,33,late
33907,107,0,0.9121395650952808,0.4898294506141466,33,late
33908,108,0,0.030390087323772144,0.6235230898911065,33,late
33909,109,0,0.9199138865522365,0.3461144042265635,33,late
33910,110,0,0.7370150011079564,0.45658339325933767,33,late
33911,111,0,0.7950111345131727,0.47253692114311097,33,late
33912,112,0,0.9498551411520096,0.392118842681211,33,late
33913,113,0,0.07909172309681366,0.5466030682059899,33,late
33914,114,0,0.9477996475261927,0.4204221305029109,33,late
33915,115,0,0.630250016791694,0.5697176522837218,33,late
33916,116,0,0.8157546760154936,0.3897405284622053,33,late
33917,117,0,0.8068473819772397,0.3955212068411726,33,late
33918,118,0,0.4694849394728323,0.3430123359973078,33,late
33919,119,0,0.9652239441088213,0.2644067865208068,33,late
33920,120,0,0.5635104445706308,0.32908744430557,33,late
33921,121,0,0.5759134811680163,0.4056282045737907,33,late
33922,122,0,0.47977130939718765,0.4626696829658774,33,late
33923,123,0,0.5136556187834169,0.34046669719182276,33,late
33924,124,0,0.434770481017457,0.3964548201150182,33,late
33925,125,0,0.45713123823638707,0.3374709901698972,33,late
33926,126,0,0.2553946557401004,0.4961010403632937,33,late
33927,127,0,0.5570474494384664,0.3725940506237363,33,late
33928,128,0,0.7698949996838163,0.3292290852502561,33,late
33929,129,0,0.08702056818371715,0.47630537388314015,33,late
33930,130,0,0.23754619105216346,0.42500283195760524,33,late
33931,131,0,0.4058862469206379,0.29482582939445817,33,late
33932,132,0,0.4118770994720802,0.3670917203603028,33,late
33933,133,0,0.5152913661966222,0.5339943821412692,33,late
33934,134,0,0.23938746136227979,0.5061848968448662,33,late
33935,135,0,0.4777122638173018,0.4042523704275396,33,late
33936,136,0,0.17505881114788588,0.40518277479750886,33,late
33937,137,0,0.7301900225911914,0.4269135920871965,33,late
33938,138,0,0.9531308643413897,0.31503971317272295,33,late
33939,139,0,0.13822344376567758,0.4040140461784065,33,late
33940,140,0,0.3293266215416441,0.37062858582737435,33,late
33941,141,0,0.9433552086588128,0.4153461424324574,33,late
33942,142,0,0.35635040106331406,0.4850367944310322,33,late
33943,143,0,0.7945928378881153,0.37677758484457524,33,late
33944,144,0,0.4033553331835498,0.4748189982836362,33,late
33945,145,0,0.6697945697997499,0.2851339691251801,33,late
33946,146,0,0.32399748550050933,0.31684215480791655,33,late
33947,147,0,0.6857486369124824,0.3222716298704671,33,late
33948,148,0,0.3172184648733567,0.30415921169316795,33,late
33949,149,0,0.08009218040321761,0.48005299136593477,33,late
33950,150,0,0.5253438736638513,0.517444632971538,33,late
33951,151,0,0.13473354081583272,0.4571866710989142,33,late
33952,152,0,0.9311744987864308,0.349177589477149,33,late
33953,153,0,0.7138266693547177,0.3035262481218183,33,late
33954,154,0,0.5501263953680535,0.37659456533480884,33,late
33955,155,0,0.5970875621244951,0.4891389928872458,33,late
33956,156,0,0.9129869525851195,0.4344393875198358,33,late
33957,157,0,0.06358439694906527,0.49723665389543686,33,late
33958,158,0,0.6315281064830405,0.31052413358363073,33,late
33959,159,0,0.6050378850068281,0.49379417341496346,33,late
33960,160,0,0.49649009010033024,0.3161422716184064,33,late
33961,161,0,0.6697528197056755,0.3836648520480054,33,late
33962,162,0,0.7465044648269754,0.32087457850026624,33,late
33963,163,0,0.5285544578656385,0.40545497535663055,33,late
33964,164,0,0.4627869021501691,0.3632000416336547,33,late
33965,165,0,0.36426379314436225,0.32497299998738094,33,late
33966,166,0,0.5995920081640569,0.30756685383246796,33,late
33967,167,0,0.6168826354839407,0.249777584341829,33,late
33968,168,0,0.6369826060737442,0.49148345965099705,33,late
33969,169,0,0.9289918844449068,0.47784983794899194,33,late
33970,170,0,0.4813783423617379,0.5110694160486177,33,late
33971,171,0,0.06984983363173683,0.3401168053619532,33,late
33972,172,0,0.4126802235997383,0.43468800195429586,33,late
33973,173,0,0.6135777942304917,0.32808041372099866,33,late
33974,174,0,0.49295989368116816,0.3868202207400726,33,late
33975,175,0,0.829378776803076,0.41861312498881936,33,late
33976,176,0,0.1512547418782187,0.33358576106454046,33,late
33977,177,0,0.7428599486563674,0.3874504952221107,33,late
33978,178,0,0.9611380511226902,0.4050907740193098,33,late
33979,179,0,0.5095946008231715,0.29969422652471633,33,late
33980,180,0,0.7112075425717416,0.21921252606150615,33,late
33981,181,0,0.6197039101986984,0.2744161948934508,33,late
33982,182,0,0.0795540309313841,0.42973714665213286,33,late
33983,183,0,0.23542465274369437,0.30866152320704415,33,late
33984,184,0,0.566495000190838,0.3843479971073537,33,late
33985,185,0,0.1910157271968445,0.33592867909970775,33,late
33986,186,0,0.1995013116675347,0.2929780201673481,33,late
33987,187,0,0.323616407905163,0.487091736978961,33,late
33988,188,0,0.8023777082049962,0.3462572128081655,33,late
33989,189,0,0.8165164217628476,0.37482403086973226,33,late
33990,190,0,0.5153867422390214,0.3468398677541771,33,late
33991,191,0,0.3615535449629471,0.29963124964175736,33,late
33992,192,0,0.42111159808028836,0.44287166259882826,33,late
33993,193,0,0.38087987328554973,0.4387097616432009,33,late
33994,194,0,0.6048173395985292,0.3304118775103506,33,late
33995,195,0,0.4629375582703049,0.5028930344175716,33,late
33996,196,0,0.5147140118306507,0.3526727616114473,33,late
33997,197,0,0.3685468721293221,0.40280918669129684,33,late
33998,198,0,0.5194514531591419,0.3372245889988996,33,late
33999,199,0,0.6215035692514812,0.3387264551426402,33,late
34000,0,0,0.4978204488391208,0.794373546728014,34,interleaved
34001,1,0,0.9301293068476584,0.5165280413887658,34,interleaved
34002,2,0,0.3947898433931216,0.7223810391919487,34,interleaved
34003,3,0,0.25677918365560815,0.5377463849520262,34,interleaved
34004,4,0,0.23463494085342773,0.6082855448911102,34,interleaved
34005,5,0,0.5332695256043182,0.4495126127358119,34,interleaved
34006,6,0,0.30664000221662346,0.4765149724263361,34,interleaved
34007,7,0,0.6836054736181294,0.6727743474220778,34,interleaved
34008,8,0,0.7228902134856305,0.5308905201571272,34,interleaved
34009,9,0,0.46197732793172896,0.7246208364339385,34,interleaved
34010,10,0,0.39727298980205566,0.5528381806676752,34,interleaved
34011,11,0,0.6647263290571375,0.57064970386638,34,interleaved
34012,12,0,0.1715959102353523,0.5035338022914249,34,interleaved
34013,13,0,0.405129101201349,0.6042612252565722,34,interleaved
34014,14,0,0.6275413351180323,0.6259571876222714,34,interleaved
34015,15,0,0.3626284883141788,0.6950174460090026,34,interleaved
34016,16,0,0.6578114592361749,0.5543042167369749,34,interleaved
34017,17,0,0.46906619997131693,0.38806569683882153,34,interleaved
34018,18,0,0.8272908179136513,0.4804725040901591,34,interleaved
34019,19,0,0.49049150632565475,0.356833213358084,34,interleaved
34020,20,0,0.4477876387743527,0.40450324881845395,34,interleaved
34021,21,0,0.4799389800373107,0.6082691183739365,34,interleaved
34022,22,0,0.6563600666272823,0.6144907848536294,34,interleaved
34023,23,0,0.5509702710990395,0.4683746439184558,34,interleaved
34024,24,0,0.3931706113839191,0.5410201109994404,34,interleaved
34025,25,0,0.41057226459347973,0.8131143353458814,34,interleaved
34026,26,0,0.6006468224443772,0.5564360147767315,34,interleaved
34027,27,0,0.7931395357428792,0.3938311186455985,34,interleaved
34028,28,0,0.2717766157945161,0.4516875219084905,34,interleaved
34029,29,0,0.6169861184110694,0.9892738420471507,34,interleaved
34030,30,0,0.5964239156404009,0.5422594997961041,34,interleaved
34031,31,0,0.4894663314104124,0.3336029321576102,34,interleaved
34032,32,0,0.5155425610958981,0.373382217698161,34,interleaved
34033,33,0,0.5010546379025184,0.5610784556102103,34,interleaved
34034,34,0,0.41907002473531546,0.5208345393518796,34,interleaved
34035,35,0,0.4699733556728836,0.45053460991292893,34,interleaved
34036,36,0,0.321586301337342,0.6380336873010857,34,interleaved
34037,37,0,0.5888116447871423,0.7316048856406769,34,interleaved
34038,38,0,0.7464873186509137,0.515560566497796,34,interleaved
34039,39,0,0.3996033667173704,0.5481295765517844,34,interleaved
34040,40,0,0.4879382729785643,0.4199991762574604,34,interleaved
34041,41,0,0.17254219557378347,0.5054639343768664,34,interleaved
34042,42,0,0.47005435803734014,0.4337001584331591,34,interleaved
34043,43,0,0.7327879509805558,0.5887197901261174,34,interleaved
34044,44,0,0.6384154127738044,0.5722487818838102,34,interleaved
34045,45,0,0.5783335737774362,0.5018303627582255,34,interleaved
34046,46,0,0.3773257883046647,0.5037771559349129,34,interleaved
34047,47,0,0.17698316542433468,0.6076137025257946,34,interleaved
34048,48,0,0.6731685286328304,0.4238597561473274,34,interleaved
34049,49,0,0.33282342794026565,0.5601581481539165,34,interleaved
34050,50,0,0.35651322730154045,0.5172368838947934,34,interleaved
34051,51,0,0.4071138187335437,0.5968146004601043,34,interleaved
34052,52,0,0.7046192526725679,0.5063372942294002,34,interleaved
34053,53,0,0.8200178448485955,0.5084795759853465,34,interleaved
34054,54,0,0.4580973690183109,0.4151751021607185,34,interleaved
34055,55,0,0.12406854899367475,0.5637228141480862,34,interleaved
34056,56,0,0.525115259165906,0.5176961674725897,34,interleaved
34057,57,0,0.7610500062506579,0.6023822370504175,34,interleaved
34058,58,0,0.47380743193387515,0.5752741198986921,34,interleaved
34059,59,0,0.8462929341105524,0.37631411021601147,34,interleaved
34060,60,0,0.9016213238290696,0.4155552001580647,34,interleaved
34061,61,0,0.13507685169282638,0.6853114296017211,34,interleaved
34062,62,0,0.49366093165450303,0.43944753976270456,34,interleaved
34063,63,0,0.4221841329628587,0.6627532950451195,34,interleaved
34064,64,0,0.6288907577073759,0.3510769122336099,34,interleaved
34065,65,0,0.7094991622748938,0.3932386256647077,34,interleaved
34066,66,0,0.3245425375485306,0.5974645566880932,34,interleaved
34067,67,0,0.3808867168071959,0.5257187169677655,34,interleaved
34068,68,0,0.5238918469410703,0.4036005616283789,34,interleaved
34069,69,0,0.40568812946999966,0.5114711621183419,34,interleaved
34070,70,0,0.7370557049173733,0.40207128334020925,34,interleaved
34071,71,0,0.4837876946184577,0.4078063887151352,34,interleaved
34072,72,0,0.5726575073098992,0.3693347470478161,34,interleaved
34073,73,0,0.3495407901856234,0.546126579587501,34,interleaved
34074,74,0,0.8449721978325084,0.3967415931516564,34,interleaved
34075,75,0,0.5621515935128789,0.5065040436915212,34,interleaved
34076,76,0,0.21525153024111965,0.4401134138576782,34,interleaved
34077,77,0,0.6564752281630328,0.40158234548810723,34,interleaved
34078,78,0,0.1421467837695731,0.5034344368089775,34,interleaved
34079,79,0,0.34848675094402076,0.4716731501851661,34,interleaved
34080,80,0,0.5400551404514372,0.501812958932127,34,interleaved
34081,81,0,0.6647980998862615,0.4608538154794931,34,interleaved
34082,82,0,0.6250212116936764,0.42094014937585855,34,interleaved
34083,83,0,0.820195352389028,0.3290023650830519,34,interleaved
34084,84,0,0.5837447082768592,0.6064584627450037,34,interleaved
34085,85,0,0.6561953999762341,0.44316785841917405,34,interleaved
34086,86,0,0.2518354716228764,0.43387908686472476,34,interleaved
34087,87,0,0.40962664273675586,0.4623195875998234,34,interleaved
34088,88,0,0.48207175233230104,0.42969892223131445,34,interleaved
34089,89,0,0.2351636049364086,0.6304632483613011,34,interleaved
34090,90,0,0.7846246534388397,0.5309780342891096,34,interleaved
34091,91,0,0.5483898386211347,0.5477874063448618,34,interleaved
34092,92,0,0.5605411539899707,0.41503597785940954,34,interleaved
34093,93,0,0.5157315400363134,0.5440306238144432,34,interleaved
34094,94,0,0.4325097396666432,0.536170118089198,34,interleaved
34095,95,0,0.3330431712260127,0.43253002145451136,34,interleaved
34096,96,0,0.7485237698610994,0.5006325437862782,34,interleaved
34097,97,0,0.5261019261493504,0.4919318568117132,34,interleaved
34098,98,0,0.41133394570428794,0.5704124170785646,34,interleaved
34099,99,0,0.31186785848075915,0.5507484141221349,34,interleaved
34100,100,0,0.5979583947730388,0.4133691501816696,34,interleaved
34101,101,0,0.7651069452935803,0.5058435927979522,34,interleaved
34102,102,0,0.40920915965683735,0.40599108239986054,34,interleaved
34103,103,0,0.802056246055022,0.44447713422473895,34,interleaved
34104,104,0,0.688958105553449,0.5063566435878342,34,interleaved
34105,105,0,0.35278024798129504,0.52256127925883,34,interleaved
34106,106,0,0.712844218946074,0.38667649109062163,34,interleaved
34107,107,0,0.35973222264483473,0.4602267489578097,34,interleaved
34108,108,0,0.537072291339515,0.3768613708670169,34,interleaved
34109,109,0,0.5365010933463685,0.4644991062051606,34,interleaved
34110,110,0,0.49411497699981827,0.463846596230358,34,interleaved
34111,111,0,0.7510173489684091,0.4614409638704706,34,interleaved
34112,112,0,0.6747087642033852,0.35949957538291255,34,interleaved
34113,113,0,0.8043699511561824,0.41847111691158034,34,interleaved
34114,114,0,0.5535591319659632,0.40221003923310705,34,interleaved
34115,115,0,0.8369955392999471,0.3232383924920956,34,interleaved
34116,116,0,0.5981631401517238,0.528369652176133,34,interleaved
34117,117,0,0.2543007134811407,0.48397649680598864,34,interleaved
34118,118,0,0.26663258656382066,0.7295068388957542,34,interleaved
34119,119,0,0.24984665152798954,0.4991006472805018,34,interleaved
34120,120,0,0.2799098838916081,0.299010331549192,34,interleaved
34121,121,0,0.4284231551526644,0.4683058559111801,34,interleaved
34122,122,0,0.28986430493764914,0.5138534749415806,34,interleaved
34123,123,0,0.591433107285916,0.37402960131756346,34,interleaved
34124,124,0,0.4052007690295578,0.44914085126633874,34,interleaved
34125,125,0,0.4818850616793853,0.28414158823594904,34,interleaved
34126,126,0,0.5463080900630862,0.4000523193688157,34,interleaved
34127,127,0,0.6609158016659458,0.4313609236382666,34,interleaved
34128,128,0,0.4523735563015826,0.4806215882055277,34,interleaved
34129,129,0,0.7561399426250954,0.44581856084868327,34,interleaved
34130,130,0,0.7395286398024302,0.5226431740156552,34,interleaved
34131,131,0,0.5247156757291268,0.4406318180678159,34,interleaved
34132,132,0,0.6552451230104863,0.4762144278882332,34,interleaved
34133,133,0,0.3683467353714801,0.5004200147164092,34,interleaved
34134,134,0,0.8889426984466988,0.39933486697125964,34,interleaved
34135,135,0,0.6558497689563383,0.4122698221301696,34,interleaved
34136,136,0,0.9540991877348017,0.5043511277482887,34,interleaved
34137,137,0,0.2744367570039232,0.6034378438225378,34,interleaved
34138,138,0,0.3963609420199289,0.4232501397398537,34,interleaved
34139,139,0,0.4354814610681489,0.45540370197057234,34,interleaved
34140,140,0,0.7907201653223426,0.37310268075446673,34,interleaved
34141,141,0,0.7270672621157712,0.44000974280462035,34,interleaved
34142,142,0,0.6309752727224796,0.46729051099419394,34,interleaved
34143,143,0,0.4045780656561291,0.3879415113821024,34,interleaved
34144,144,0,0.4007012169870102,0.745070341961337,34,interleaved
34145,145,0,0.5607672819636808,0.4541964606544935,34,interleaved
34146,146,0,0.6654558536631425,0.6381886815877693,34,interleaved
34147,147,0,0.47933529906658723,0.2932364675083684,34,interleaved
34148,148,0,0.05296372000349991,0.6221269887905704,34,interleaved
34149,149,0,0.426393824660893,0.4262166391429554,34,interleaved
34150,150,0,0.8439961869994339,0.3986265059792937,34,interleaved
34151,151,0,0.6201427067752553,0.478475155219768,34,interleaved
34152,152,0,0.43580184248005455,0.39222084816085356,34,interleaved
34153,153,0,0.30670350548551956,0.5031258702769394,34,interleaved
34154,154,0,0.468509987446893,0.41975564856515,34,interleaved
34155,155,0,0.47077642765776184,0.4471943366048604,34,interleaved
34156,156,0,0.46812952622638104,0.45214782218773997,34,interleaved
34157,157,0,0.4308228712080616,0.45806752772314946,34,interleaved
34158,158,0,0.49714502055810117,0.4015965917067217,34,interleaved
34159,159,0,0.496923173958022,0.49015379596812314,34,interleaved
34160,160,0,0.543429851931954,0.36847816514577436,34,interleaved
34161,161,0,0.4582515331234576,0.43941959975837963,34,interleaved
34162,162,0,0.3630939540965752,0.42500770562783724,34,interleaved
34163,163,0,0.4455924871653456,0.4409466946481112,34,interleaved
34164,164,0,0.1743043600553561,0.6058315765398735,34,interleaved
34165,165,0,0.5304244736092694,0.373690369608462,34,interleaved
34166,166,0,0.8279630660531647,0.3993569866926626,34,interleaved
34167,167,0,0.35205220209164945,0.5327544676199988,34,interleaved
34168,168,0,0.7614557978560663,0.3136539071369205,34,interleaved
34169,169,0,0.6274610058070464,0.4859995392007495,34,interleaved
34170,170,0,0.5401543289943832,0.35155723896910307,34,interleaved
34171,171,0,0.41207034014260635,0.4894355279014088,34,interleaved
34172,172,0,0.33312941306924687,0.38119389039941776,34,interleaved
34173,173,0,0.5748628121345806,0.35047342124003,34,interleaved
34174,174,0,0.601733845424492,0.44742226713170086,34,interleaved
34175,175,0,0.36449185973312015,0.32823056499164877,34,interleaved
34176,176,0,0.410794992028489,0.3999816751510801,34,interleaved
34177,177,0,0.8140454627781142,0.3490251253808814,34,interleaved
34178,178,0,0.6852243579236772,0.5068411127850179,34,interleaved
34179,179,0,0.5667402998053361,0.32967564085112055,34,interleaved
34180,180,0,0.44964724897210906,0.3447362521337852,34,interleaved
34181,181,0,0.6643988576788198,0.3354852980385593,34,interleaved
34182,182,0,0.36407286423029894,0.46639480872950023,34,interleaved
34183,183,0,0.7868657843514328,0.35162946780338333,34,interleaved
34184,184,0,0.6344973333346987,0.3648471719819677,34,interleaved
34185,185,0,0.4698824767675339,0.5092129693898566,34,interleaved
34186,186,0,0.45974605417129444,0.5201795867372778,34,interleaved
34187,187,0,0.14822590231059213,0.46635355516069515,34,interleaved
34188,188,0,0.7360652264428417,0.36220233074767794,34,interleaved
34189,189,0,0.2734580409401567,0.4683649077517919,34,interleaved
34190,190,0,0.5458940017575689,0.38765345601749296,34,interleaved
34191,191,0,0.724049338275977,0.4980586802703255,34,interleaved
34192,192,0,0.8023628782970177,0.38209347422741125,34,interleaved
34193,193,0,0.7569125550995879,0.362115386364653,34,interleaved
34194,194,0,0.7126304523892402,0.39876394902172063,34,interleaved
34195,195,0,0.46147825102340595,0.3239860617390087,34,interleaved
34196,196,0,0.7980129843052002,0.33579924020880036,34,interleaved
34197,197,0,0.35202080712442113,0.32624650510221953,34,interleaved
34198,198,0,0.912725093914283,0.28846870323460805,34,interleaved
34199,199,0,0.2605494098228577,0.5257437762173403,34,interleaved
34200,0,0,0.22855944513447574,0.6416017868845176,34,blocked
34201,1,0,0.8809635463868448,0.5290183755399318,34,blocked
34202,2,0,0.10959214018207265,0.593139650054882,34,blocked
34203,3,0,0.7743652487088613,0.4385224191070509,34,blocked
34204,4,0,0.23314223809262954,0.918119499001645,34,blocked
34205,5,0,0.1800867533102253,0.6687366089504769,34,blocked
34206,6,0,0.5342883363960321,0.4560179777168665,34,blocked
34207,7,0,0.4983023860543869,0.6930672885615485,34,blocked
34208,8,0,0.7091752410932697,0.3940580270283559,34,blocked
34209,9,0,0.41630366946824915,0.45894775681382644,34,blocked
34210,10,0,0.43411547708254633,0.6396790832946644,34,blocked
34211,11,0,0.45945223619648046,0.3889837975706716,34,blocked
34212,12,0,0.6118403963023326,0.3791982996562663,34,blocked
34213,13,0,0.7254505238258591,0.4857709701579229,34,blocked
34214,14,0,0.768489941938754,0.47275653910612747,34,blocked
34215,15,0,0.7976209593273269,0.2796485429437311,34,blocked
34216,16,0,0.506216306240561,0.4153259716121258,34,blocked
34217,17,0,0.9234670689334205,0.42546274183257504,34,blocked
34218,18,0,0.7625172898440891,0.39309823518541037,34,blocked
34219,19,0,0.9780469751683274,0.5059967444598618,34,blocked
34220,20,0,0.4619903481755871,0.5623342827701467,34,blocked
34221,21,0,0.7232932962485887,0.39850255616783903,34,blocked
34222,22,0,0.520177533747547,0.6941702816823168,34,blocked
34223,23,0,0.5756709896147952,0.7341845062439071,34,blocked
34224,24,0,0.8439926525296432,0.4143786974338236,34,blocked
34225,25,0,0.4757268431461355,0.4681348758032051,34,blocked
34226,26,0,0.9477620772865014,0.3485342024247551,34,blocked
34227,27,0,0.5772369527284854,0.7393105814049059,34,blocked
34228,28,0,0.3757667272701804,0.5277064667235027,34,blocked
34229,29,0,0.9512616413546194,0.6477159543480251,34,blocked
34230,30,0,0.9316502419833743,0.3438720048055054,34,blocked
34231,31,0,0.9904781214033871,0.41717322012445335,34,blocked
34232,32,0,0.4424999798731019,0.5225261667256564,34,blocked
34233,33,0,0.5082241761892675,0.646879327359533,34,blocked
34234,34,0,0.6941616405207764,0.5505347722442661,34,blocked
34235,35,0,0.8235330404968724,0.4526768183883102,34,blocked
34236,36,0,0.8049949568767556,0.4251609684826554,34,blocked
34237,37,0,0.5619060103150303,0.4912364657139674,34,blocked
34238,38,0,0.8417970417142977,0.4695839436289099,34,blocked
34239,39,0,0.2233468645202384,0.4584699263168005,34,blocked
34240,40,0,0.5321696819713047,0.5155673661818484,34,blocked
34241,41,0,0.5276049362681708,0.48738254444554036,34,blocked
34242,42,0,0.7164168429507826,0.40365970569350285,34,blocked
34243,43,0,0.03751365879499655,0.6067614559607567,34,blocked
34244,44,0,0.7781032084614771,0.395419336273327,34,blocked
34245,45,0,0.051723176454684744,0.5559515981064368,34,blocked
34246,46,0,0.5027736131245835,0.549160940067015,34,blocked
34247,47,0,0.05870934832834879,0.6966182876757792,34,blocked
34248,48,0,0.4675958203755375,0.4362603529085469,34,blocked
34249,49,0,0.10012905116269721,0.5251788387390719,34,blocked
34250,50,0,0.2630120789783529,0.5663924467709034,34,blocked
34251,51,0,0.2370669983480423,0.5560851074066655,34,blocked
34252,52,0,0.5713721728587439,0.4710067093224567,34,blocked
34253,53,0,0.7157859716184347,0.4083438117460677,34,blocked
34254,54,0,0.6556793104683641,0.3932249938516921,34,blocked
34255,55,0,0.10765626264668583,0.46435594641027245,34,blocked
34256,56,0,0.5609371518552952,0.47243966769571055,34,blocked
34257,57,0,0.5510425668946611,0.569882274861608,34,blocked
34258,58,0,0.880182411099965,0.4387045737312553,34,blocked
34259,59,0,0.9203005465128415,0.4298863822459178,34,blocked
34260,60,0,0.7471743475287009,0.47919007375632366,34,blocked
34261,61,0,0.15607498222972138,0.5073213956623313,34,blocked
34262,62,0,0.2509869115534109,0.7543102985441441,34,blocked
34263,63,0,0.4914248452907076,0.4793319621367591,34,blocked
34264,64,0,0.4004698993347155,0.5630114281145735,34,blocked
34265,65,0,0.78294172456407,0.5791559171996534,34,blocked
34266,66,0,0.7430939205037663,0.41385777917957406,34,blocked
34267,67,0,0.751045401128089,0.40855037234876146,34,blocked
34268,68,0,0.8832558426424307,0.36428834933624044,34,blocked
34269,69,0,0.24062735494337284,0.5095858420346653,34,blocked
34270,70,0,0.22955159714340825,0.544926435851298,34,blocked
34271,71,0,0.7418489671538258,0.4924290414760193,34,blocked
34272,72,0,0.951847266674233,0.39452538486615735,34,blocked
34273,73,0,0.9318878690310786,0.34002862660636485,34,blocked
34274,74,0,0.05907690999729297,0.5471716767423049,34,blocked
34275,75,0,0.10902135109162284,0.5766232969564404,34,blocked
34276,76,0,0.2822110858206647,0.4487257362835066,34,blocked
34277,77,0,0.18651277240650965,0.5634312129320327,34,blocked
34278,78,0,0.6464582514631758,0.411045321195491,34,blocked
34279,79,0,0.4616605375920102,0.5372372264423848,34,blocked
34280,80,0,0.29562585310672584,0.4739925301387167,34,blocked
34281,81,0,0.5208649043397827,0.5275700162302853,34,blocked
34282,82,0,0.5943759523571767,0.45956868310970245,34,blocked
34283,83,0,0.6358691371521911,0.5809936096152236,34,blocked
34284,84,0,0.5641225576069083,0.45008030485777223,34,blocked
34285,85,0,0.13090719448530508,0.6025487776876295,34,blocked
34286,86,0,0.5563384039160092,0.39070301312704603,34,blocked
34287,87,0,0.5635423330553622,0.4050875348439822,34,blocked
34288,88,0,0.8621889426081973,0.33956408718427733,34,blocked
34289,89,0,0.7333092456884689,0.4439849064877136,34,blocked
34290,90,0,0.8836029109714769,0.272585367486451,34,blocked
34291,91,0,0.8719801261530062,0.39399384890370803,34,blocked
34292,92,0,0.7512847045108952,0.28354755169499574,34,blocked
34293,93,0,0.4887859446716968,0.36966741410562365,34,blocked
34294,94,0,0.36165357890480054,0.5342065008714826,34,blocked
34295,95,0,0.521992241514156,0.5971802930224187,34,blocked
34296,96,0,0.8147876058637722,0.4383192069988695,34,blocked
34297,97,0,0.9351032390456199,0.47557242322340687,34,blocked
34298,98,0,0.9969962315297345,0.6959495404476205,34,blocked
34299,99,0,0.9993305596737381,0.24101655095708927,34,blocked
34300,100,0,0.9759455260286576,0.26630200076897353,34,blocked
34301,101,0,0.43917826618420586,0.6402706586710445,34,blocked
34302,102,0,0.2201017260442888,0.7332930503050727,34,blocked
34303,103,0,0.9058948040640742,0.2920256644376729,34,blocked
34304,104,0,0.9881414950344555,0.283100370909719,34,blocked
34305,105,0,0.3460055263008594,0.5377770925724199,34,blocked
34306,106,0,0.8785506608201281,0.3548351414305768,34,blocked
34307,107,0,0.9259535804486207,0.2830461494886589,34,blocked
34308,108,0,0.97672632174296,0.31335857256862687,34,blocked
34309,109,0,0.05057463105780583,0.5422695919403732,34,blocked
34310,110,0,0.976128949639484,0.34645516718075875,34,blocked
34311,111,0,0.9776588713628789,0.37046762575190684,34,blocked
34312,112,0,0.5308566096690008,0.5977224696515978,34,blocked
34313,113,0,0.8419507881462406,0.40075491997209545,34,blocked
34314,114,0,0.45019338292184785,0.48871865944137793,34,blocked
34315,115,0,0.33649134235553235,0.35923864346583556,34,blocked
34316,116,0,0.8746337156922823,0.37756131287935535,34,blocked
34317,117,0,0.6427644129723274,0.42745843696760083,34,blocked
34318,118,0,0.946364698014335,0.3514782037140989,34,blocked
34319,119,0,0.9378952357459742,0.32938384211897676,34,blocked
34320,120,0,0.2514580865732942,0.5906766130232274,34,blocked
34321,121,0,0.22901609301014464,0.4220374552412969,34,blocked
34322,122,0,0.18773615602073465,0.48010517536245656,34,blocked
34323,123,0,0.13973734245595537,0.49612419114983064,34,blocked
34324,124,0,0.6384468374383803,0.40086711334641334,34,blocked
34325,125,0,0.558199159261097,0.49848367166242114,34,blocked
34326,126,0,0.07836395929134363,0.5467522427239352,34,blocked
34327,127,0,0.7836502718617244,0.43237908860011964,34,blocked
34328,128,0,0.9248854898859136,0.37709539821576465,34,blocked
34329,129,0,0.7480638821926927,0.35126801695702103,34,blocked
34330,130,0,0.03467521615677475,0.5613500580923597,34,blocked
34331,131,0,0.1345294141095188,0.49724733091204454,34,blocked
34332,132,0,0.36816331305989164,0.5557498796445106,34,blocked
34333,133,0,0.5975688848446415,0.5506648355327927,34,blocked
34334,134,0,0.19938254131759045,0.7719288643191162,34,blocked
34335,135,0,0.7645795774919673,0.42989861425165365,34,blocked
34336,136,0,0.7791583886736335,0.2730039257617024,34,blocked
34337,137,0,0.4223630646208397,0.4892604536826469,34,blocked
34338,138,0,0.6836821661969527,0.32193378205166384,34,blocked
34339,139,0,0.7825206928952091,0.3546254744945127,34,blocked
34340,140,0,0.3103758051966583,0.44277057665533054,34,blocked
34341,141,0,0.7356800584458069,0.3449280177783401,34,blocked
34342,142,0,0.8840512456625713,0.3882446801450007,34,blocked
34343,143,0,0.3987266257961071,0.43369811646484513,34,blocked
34344,144,0,0.6902508676181135,0.4046598856564395,34,blocked
34345,145,0,0.2325145470987901,0.456938672143993,34,blocked
34346,146,0,0.35359632142302305,0.47526850411102034,34,blocked
34347,147,0,0.8870345368670451,0.32049235944998605,34,blocked
34348,148,0,0.8074363477418591,0.34263518982120605,34,blocked
34349,149,0,0.25636180922190743,0.5426411007580321,34,blocked
34350,150,0,0.21187357821193575,0.4956900447094973,34,blocked
34351,151,0,0.746205325583559,0.3859728371571362,34,blocked
34352,152,0,0.9096176282552465,0.38585026747770207,34,blocked
34353,153,0,0.22047070550645526,0.47530143715812484,34,blocked
34354,154,0,0.27194408890015764,0.43533479696414024,34,blocked
34355,155,0,0.84201636446705,0.4043233755452469,34,blocked
34356,156,0,0.513308076049346,0.5037471694636392,34,blocked
34357,157,0,0.49007146839486304,0.4331123968753033,34,blocked
34358,158,0,0.9262897877149003,0.3573483644568798,34,blocked
34359,159,0,0.559134653434679,0.468953327722645,34,blocked
34360,160,0,0.695264758852556,0.5498202675474713,34,blocked
34361,161,0,0.33541384183513384,0.4126934592202449,34,blocked
34362,162,0,0.5203943234661931,0.41443884216660654,34,blocked
34363,163,0,0.48392644320882416,0.3529277023817644,34,blocked
34364,164,0,0.8585731131561818,0.40297518131083665,34,blocked
34365,165,0,0.42740543020670496,0.30470195090554525,34,blocked
34366,166,0,0.6126476378379195,0.5053911193078338,34,blocked
34367,167,0,0.48240946291781356,0.35863732286348626,34,blocked
34368,168,0,0.7267720381280776,0.3884855525089035,34,blocked
34369,169,0,0.6794735277922308,0.4043607617002777,34,blocked
34370,170,0,0.44339726373746124,0.51153138008721,34,blocked
34371,171,0,0.2051926015931405,0.5556555891579061,34,blocked
34372,172,0,0.7756279118312638,0.37388451698611613,34,blocked
34373,173,0,0.42613080585617147,0.5489375095282898,34,blocked
34374,174,0,0.9297859625261673,0.4347985912573852,34,blocked
34375,175,0,0.8819868110564778,0.271971789502824,34,blocked
34376,176,0,0.4581005168061878,0.4012015943307806,34,blocked
34377,177,0,0.24593238901793352,0.4160252868310983,34,blocked
34378,178,0,0.5347066879863707,0.45478120320807003,34,blocked
34379,179,0,0.5848287055347687,0.4760412628938947,34,blocked
34380,180,0,0.8051015331321278,0.3604664459256526,34,blocked
34381,181,0,0.35342821998049984,0.36587527111312756,34,blocked
34382,182,0,0.9441408041866424,0.23543394041884258,34,blocked
34383,183,0,0.5219712212167977,0.42127868607056734,34,blocked
34384,184,0,0.9485032403843543,0.2682615239442213,34,blocked
34385,185,0,0.7558733287387669,0.2770938163660196,34,blocked
34386,186,0,0.14011039358132632,0.5358448292492316,34,blocked
34387,187,0,0.6526384570177166,0.33373285224318416,34,blocked
34388,188,0,0.41844117319313434,0.7197143165870609,34,blocked
34389,189,0,0.8462544079205907,0.3080914910235672,34,blocked
34390,190,0,0.6112929512963766,0.27475524540153484,34,blocked
34391,191,0,0.15512144196876776,0.49253672913148916,34,blocked
34392,192,0,0.7071045140218755,0.39450623427425346,34,blocked
34393,193,0,0.5459005743182171,0.45368079362603386,34,blocked
34394,194,0,0.1276385497569121,0.41251621189955073,34,blocked
34395,195,0,0.5901467041679807,0.36310295289408057,34,blocked
34396,196,0,0.8030792030364945,0.2991029983887482,34,blocked
34397,197,0,0.3216396541863766,0.5248836113986908,34,blocked
34398,198,0,0.4576905254340576,0.5000633142798331,34,blocked
34399,199,0,0.8428986615066044,0.32099743922539103,34,blocked
34400,0,0,0.441495897449985,0.6312898758081915,34,early
34401,1,0,0.5117259051147546,0.7934593713197611,34,early
34402,2,0,0.5034630776405161,0.6391524411302336,34,early
34403,3,0,0.47377000097722294,0.4836569299230935,34,early
34404,4,0,0.5016465370374217,0.3973776008924111,34,early
34405,5,0,0.6878037824311098,0.5588899473121577,34,early
34406,6,0,0.740826938115706,0.4586579861244222,34,early
34407,7,0,0.26835273853527586,0.39705921611944517,34,early
34408,8,0,0.3963674713548969,0.671247760268262,34,early
34409,9,0,0.7561554322571764,0.5381618954842934,34,early
34410,10,0,0.24336097143647675,0.47727129558331427,34,early
34411,11,0,0.7293029398604904,0.3407831535102096,34,early
34412,12,0,0.43759273551192196,0.4387519211045751,34,early
34413,13,0,0.4384947011455705,0.4912509608026078,34,early
34414,14,0,0.656036650372676,0.5137371151907771,34,early
34415,15,0,0.6904235644271699,0.48005879094581966,34,early
34416,16,0,0.2733793325229423,0.4833421916409256,34,early
34417,17,0,0.6331826071073351,0.5279704519040052,34,early
34418,18,0,0.5728999051953909,0.5118048075059671,34,early
34419,19,0,0.7876053646924135,0.5198595687570217,34,early
34420,20,0,0.5459185823785258,0.44618319778718524,34,early
34421,21,0,0.6741927173231302,0.5007050584567553,34,early
34422,22,0,0.592163310978421,0.542594136722469,34,early
34423,23,0,0.6219795461494999,0.47386861402228875,34,early
34424,24,0,0.4791125548756304,0.4057934104457005,34,early
34425,25,0,0.7644380536013393,0.4916197130445222,34,early
34426,26,0,0.2597111368285969,0.38191746655742576,34,early
34427,27,0,0.7221629012996631,0.5633648839883586,34,early
34428,28,0,0.5556377128999763,0.4766576648293163,34,early
34429,29,0,0.7922719934821503,0.46958828716476486,34,early
34430,30,0,0.7814166368378559,0.47153349272491185,34,early
34431,31,0,0.9944778922980565,0.5574859092024788,34,early
34432,32,0,0.9468755714778492,0.4866075692310518,34,early
34433,33,0,0.38096241260824865,0.5792982277721992,34,early
34434,34,0,0.6874941670433875,0.4978286748105054,34,early
34435,35,0,0.592845689932594,0.4597616846460363,34,early
34436,36,0,0.5886053949389153,0.4133143336694062,34,early
34437,37,0,0.4173205274485694,0.5515165731761016,34,early
34438,38,0,0.6367574949769164,0.5364835656985157,34,early
34439,39,0,0.5074923696779952,0.37619179589800045,34,early
34440,40,0,0.5696349104161855,0.4183900873985989,34,early
34441,41,0,0.7755136317367581,0.5645907876779339,34,early
34442,42,0,0.938795183032836,0.5215790053351944,34,early
34443,43,0,0.7985664992671292,0.4923133156853815,34,early
34444,44,0,0.06375337201683999,0.612847554913628,34,early
34445,45,0,0.19321253263094185,0.4927887107619604,34,early
34446,46,0,0.4755468410889621,0.37737359837472806,34,early
34447,47,0,0.15474926695546548,0.5387560085587694,34,early
34448,48,0,0.587811930396987,0.38404014686555826,34,early
34449,49,0,0.7669160008403589,0.5011244857608985,34,early
34450,50,0,0.801589457971124,0.5581355355630147,34,early
34451,51,0,0.6345177469669577,0.5647903602923097,34,early
34452,52,0,0.235679064531264,0.5765633111294985,34,early
34453,53,0,0.39570110246651574,0.4999083681836826,34,early
34454,54,0,0.6381364592758836,0.3412532259799512,34,early
34455,55,0,0.7676716597630329,0.47889098723530854,34,early
34456,56,0,0.13424587396506138,0.5666610952181156,34,early
34457,57,0,0.7590198517435127,0.447764316686319,34,early
34458,58,0,0.33036674314742503,0.5121619624667675,34,early
34459,59,0,0.11291172956894788,0.44040991642359684,34,early
34460,60,0,0.7606409116831048,0.45021677863239673,34,early
34461,61,0,0.7231812245357025,0.5481104225622486,34,early
34462,62,0,0.14801785723330693,0.4554113015467586,34,early
34463,63,0,0.9763920660978158,0.3653935401359988,34,early
34464,64,0,0.05664365997672216,0.5700217241793659,34,early
34465,65,0,0.2732259816222048,0.5146494834162676,34,early
34466,66,0,0.4071427469360589,0.3922631738056152,34,early
34467,67,0,0.6798664830785215,0.48528275055293646,34,early
34468,68,0,0.9214107734805721,0.3722452027449221,34,early
34469,69,0,0.9353675053573268,0.2920343423003382,34,early
34470,70,0,0.9770031531452923,0.3184116286254235,34,early
34471,71,0,0.2500984482915505,0.5057541099496836,34,early
34472,72,0,0.6102365453566378,0.3924472167732288,34,early
34473,73,0,0.3664089701942901,0.4194082695705771,34,early
34474,74,0,0.49190411149681934,0.4818863542031485,34,early
34475,75,0,0.7025641392291233,0.4128480194993088,34,early
34476,76,0,0.7304350073138649,0.5308207807446177,34,early
34477,77,0,0.1746356716654735,0.5957614418071067,34,early
34478,78,0,0.7449580011408127,0.4575765679292172,34,early
34479,79,0,0.9878039866729725,0.44505342395292674,34,early
34480,80,0,0.559199035295604,0.4823667914537472,34,early
34481,81,0,0.44882387361041737,0.4754596625609607,34,early
34482,82,0,0.1284780727078429,0.5371659633917006,34,early
34483,83,0,0.9218213035231558,0.33407118085054105,34,early
34484,84,0,0.7718423747464176,0.37575016724807553,34,early
34485,85,0,0.1589051432188756,0.44936922814743396,34,early
34486,86,0,0.8941868855872206,0.3908120169638414,34,early
34487,87,0,0.44440715071692066,0.5184152641544608,34,early
34488,88,0,0.7583009250721531,0.43898458086802317,34,early
34489,89,0,0.941172239005865,0.48185614830767504,34,early
34490,90,0,0.44769292082851375,0.48112123147691993,34,early
34491,91,0,0.5238977626558105,0.4745445451453811,34,early
34492,92,0,0.3825378425288592,0.46922184521874355,34,early
34493,93,0,0.5076923375605206,0.3922445026977106,34,early
34494,94,0,0.7320334029821933,0.3934504029262519,34,early
34495,95,0,0.727931138852498,0.4838699940693012,34,early
34496,96,0,0.6118570731566053,0.4637709049500498,34,early
34497,97,0,0.47815309788837795,0.4535603917343989,34,early
34498,98,0,0.6198553495545449,0.4947396670502704,34,early
34499,99,0,0.7605400872009842,0.38458994141079317,34,early
34500,100,0,0.5781457077390167,0.31040906037897187,34,early
34501,101,0,0.8418789472786026,0.34395766105021514,34,early
34502,102,0,0.720236871175266,0.38905190794668837,34,early
34503,103,0,0.0979523450107112,0.7271092065599107,34,early
34504,104,0,0.7145750256664036,0.4604205933407271,34,early
34505,105,0,0.5819942745527287,0.6320252144168725,34,early
34506,106,0,0.3476751390889683,0.4291475126762839,34,early
34507,107,0,0.40270339961529344,0.4048092865158805,34,early
34508,108,0,0.5832946232718252,0.47492077680639205,34,early
34509,109,0,0.6491037247479314,0.4379683842788457,34,early
34510,110,0,0.2786113646461178,0.5370562831848853,34,early
34511,111,0,0.9605144579825347,0.3481116087790249,34,early
34512,112,0,0.37331454736035397,0.30107676435573405,34,early
34513,113,0,0.522381993930375,0.5457903183016226,34,early
34514,114,0,0.6062867634993914,0.4034680118042874,34,early
34515,115,0,0.5456235997802535,0.37261186767242027,34,early
34516,116,0,0.9204615161194465,0.31526279347757535,34,early
34517,117,0,0.3205240475768824,0.41123400049019815,34,early
34518,118,0,0.49407946229195887,0.6769122660002573,34,early
34519,119,0,0.2694293721700619,0.46594410287616256,34,early
34520,120,0,0.9306196979251704,0.4632739453754115,34,early
34521,121,0,0.8570749799355437,0.3767966869483711,34,early
34522,122,0,0.6306539097705746,0.5493190352489099,34,early
34523,123,0,0.8872323731706673,0.46872958663566144,34,early
34524,124,0,0.827763855780361,0.49926947265669663,34,early
34525,125,0,0.9723136718437477,0.31385640217126964,34,early
34526,126,0,0.4360939760640957,0.5829023683091727,34,early
34527,127,0,0.16831174097983936,0.4822492606085982,34,early
34528,128,0,0.6145216387462105,0.5100383024013277,34,early
34529,129,0,0.5192272410499655,0.3633532590275568,34,early
34530,130,0,0.12107174282912209,0.5658689509257777,34,early
34531,131,0,0.7006249447138029,0.41136679535620924,34,early
34532,132,0,0.43092982093129434,0.42922875191409104,34,early
34533,133,0,0.21015099751996238,0.3417206727481451,34,early
34534,134,0,0.5914069775571649,0.3501852670789988,34,early
34535,135,0,0.7998015357916728,0.4539578931883408,34,early
34536,136,0,0.5963765482035738,0.46546737317622,34,early
34537,137,0,0.4483251518984641,0.3556248969941931,34,early
34538,138,0,0.876066175128531,0.36832897016420907,34,early
34539,139,0,0.8095142607743309,0.31702512607344957,34,early
34540,140,0,0.3449963347213633,0.4504454767767562,34,early
34541,141,0,0.7201773084469809,0.23475332358273382,34,early
34542,142,0,0.9424671409851729,0.32857240317088443,34,early
34543,143,0,0.3577107679140741,0.46677491180896247,34,early
34544,144,0,0.3489908262570109,0.39534793229877674,34,early
34545,145,0,0.8306698153169635,0.4006053898720552,34,early
34546,146,0,0.9986010274911669,0.4368874016577257,34,early
34547,147,0,0.8991582970273193,0.33496454840346157,34,early
34548,148,0,0.4827903874500785,0.4714628424328352,34,early
34549,149,0,0.838752591386827,0.3165680266490103,34,early
34550,150,0,0.7453974062815054,0.27023556625291745,34,early
34551,151,0,0.7148555471326714,0.3175753481173303,34,early
34552,152,0,0.5243039690988969,0.30370577453905434,34,early
34553,153,0,0.2952984105062899,0.4258823202256454,34,early
34554,154,0,0.8269352100826122,0.28818273568963826,34,early
34555,155,0,0.7673089476923943,0.38094811210252366,34,early
34556,156,0,0.2801293655310789,0.38911492864723995,34,early
34557,157,0,0.9078809069044698,0.2643254578176979,34,early
34558,158,0,0.6349924675176211,0.37148748314214153,34,early
34559,159,0,0.7915968277025678,0.3871666585725161,34,early
34560,160,0,0.2952988173164315,0.46137873497969595,34,early
34561,161,0,0.3656345082160888,0.49431944956671725,34,early
34562,162,0,0.9592699112369065,0.40511193755561803,34,early
34563,163,0,0.36433974163975885,0.4565353349126333,34,early
34564,164,0,0.2477312887873776,0.4866878770915472,34,early
34565,165,0,0.8092527966890544,0.37378319039365426,34,early
34566,166,0,0.4793350103315339,0.4298687085174022,34,early
34567,167,0,0.7536363086923099,0.40343360464394173,34,early
34568,168,0,0.9568637936166184,0.383104525038098,34,early
34569,169,0,0.9454121348406719,0.30619384838858854,34,early
34570,170,0,0.9947544555977268,0.3090503549490574,34,early
34571,171,0,0.5446140174029616,0.47682717221216775,34,early
34572,172,0,0.9442783152404397,0.34163694173896697,34,early
34573,173,0,0.42408767516568086,0.5110509965123242,34,early
34574,174,0,0.8652521469728314,0.36837729066217934,34,early
34575,175,0,0.9291993881340342,0.41123041674902006,34,early
34576,176,0,0.7111108522829824,0.38712695582156764,34,early
34577,177,0,0.899368454129968,0.2660692836087972,34,early
34578,178,0,0.8999743881874906,0.31776016547006564,34,early
34579,179,0,0.6512920586306024,0.2797861220598914,34,early
34580,180,0,0.7373907794177756,0.37843411991560627,34,early
34581,181,0,0.4514024135918659,0.4049994360136203,34,early
34582,182,0,0.42423618524836665,0.40472743689200597,34,early
34583,183,0,0.43145267700407824,0.4327584352648629,34,early
34584,184,0,0.8862894260500638,0.31154184443228317,34,early
34585,185,0,0.4312778335778205,0.35542345012801047,34,early
34586,186,0,0.8022248627212084,0.4919661132544673,34,early
34587,187,0,0.3589756340001358,0.5699763736098811,34,early
34588,188,0,0.5756950424555196,0.45922301944400723,34,early
34589,189,0,0.1705845826449655,0.407764638745314,34,early
34590,190,0,0.7106171038064973,0.3324234445090962,34,early
34591,191,0,0.6209333958344381,0.33356758593665214,34,early
34592,192,0,0.718355673028187,0.36537694191656944,34,early
34593,193,0,0.8172785255641791,0.28887531457990684,34,early
34594,194,0,0.599319234016001,0.36117027464190776,34,early
34595,195,0,0.49390688142217987,0.3283967483662064,34,early
34596,196,0,0.5051637532763321,0.5964937298680364,34,early
34597,197,0,0.5903764031431429,0.4453607529137829,34,early
34598,198,0,0.6746499166136026,0.34926031788086453,34,early
34599,199,0,0.04751844938245982,0.599369969762852,34,early
34600,0,0,0.4982348582717942,0.44186934530741745,34,middle
34601,1,0,0.004185864166784875,0.7747428964278562,34,middle
34602,2,0,0.4501338741473428,0.5845868946307633,34,middle
34603,3,0,0.8956959034206852,0.49503536348862937,34,middle
34604,4,0,0.5281396560068731,0.43522023673371457,34,middle
34605,5,0,0.07362717435295699,0.6052134221563414,34,middle
34606,6,0,0.6030347011386517,0.3788479156032308,34,middle
34607,7,0,0.33544955761844353,0.4634428895167097,34,middle
34608,8,0,0.5907338607332485,0.4588087160171091,34,middle
34609,9,0,0.22818045479036742,0.44747608385507853,34,middle
34610,10,0,0.24504389935014967,0.6352395255137699,34,middle
34611,11,0,0.9024370277361728,0.6258116755061605,34,middle
34612,12,0,0.5368161781066668,0.35169155325312396,34,middle
34613,13,0,0.12222760743294045,0.5527804700442,34,middle
34614,14,0,0.42925572305554893,0.6293554188845529,34,middle
34615,15,0,0.9504933321231598,0.4498061870634543,34,middle
34616,16,0,0.48678823560172785,0.6333852250462588,34,middle
34617,17,0,0.8885003529004534,0.49726557401275984,34,middle
34618,18,0,0.4863501070947132,0.3552252821029511,34,middle
34619,19,0,0.8073884989199467,0.28702847719912716,34,middle
34620,20,0,0.5203640567333571,0.37732577464739836,34,middle
34621,21,0,0.8556562022160465,0.5115406222804064,34,middle
34622,22,0,0.5833729568374426,0.5143259290924154,34,middle
34623,23,0,0.7796271210169423,0.5156679053272044,34,middle
34624,24,0,0.5197996423941701,0.3292551094276521,34,middle
34625,25,0,0.11769614656403787,0.4736541965683593,34,middle
34626,26,0,0.47690865055963183,0.48004205872186695,34,middle
34627,27,0,0.8425796210357392,0.5210038467815105,34,middle
34628,28,0,0.516463803439844,0.4935980837829207,34,middle
34629,29,0,0.0867951770979072,0.49019265081195484,34,middle
34630,30,0,0.40060159924495276,0.4431242534040439,34,middle
34631,31,0,0.1361053345812147,0.5368311691830066,34,middle
34632,32,0,0.42887744856181664,0.6218302723562632,34,middle
34633,33,0,0.898906605924108,0.4882851233284389,34,middle
34634,34,0,0.27727350424912767,0.6529427606291051,34,middle
34635,35,0,0.9541544716119545,0.4352576536496312,34,middle
34636,36,0,0.5029690585953414,0.5895970189217405,34,middle
34637,37,0,0.22889709666942537,0.42255045190258755,34,middle
34638,38,0,0.4293516875977992,0.6519076641767998,34,middle
34639,39,0,0.3975040260485858,0.5844821157963286,34,middle
34640,40,0,0.8691990786942054,0.37583686214551415,34,middle
34641,41,0,0.5643393413680956,0.47164213461405213,34,middle
34642,42,0,0.536072389007088,0.41694448436073966,34,middle
34643,43,0,0.5542263768560397,0.43686043027430144,34,middle
34644,44,0,0.2843727143721359,0.5026105336537627,34,middle
34645,45,0,0.8432036077131606,0.48991233750933383,34,middle
34646,46,0,0.7666231208616496,0.3430211517867203,34,middle
34647,47,0,0.5535869688505639,0.4752301084354518,34,middle
34648,48,0,0.7970632974777132,0.4405369918062281,34,middle
34649,49,0,0.433344753361258,0.4194165431396698,34,middle
34650,50,0,0.4569275145709867,0.48683435190691104,34,middle
34651,51,0,0.747225524598532,0.3752960396314218,34,middle
34652,52,0,0.9665470263661213,0.4708127927023298,34,middle
34653,53,0,0.8709007136769074,0.44453350384862217,34,middle
34654,54,0,0.482823131350116,0.4288763067362288,34,middle
34655,55,0,0.5841134623948412,0.4387798336407066,34,middle
34656,56,0,0.49998846190848106,0.39037196557937304,34,middle
34657,57,0,0.7020542946820632,0.37552993626788456,34,middle
34658,58,0,0.6831097153630152,0.48738070871582606,34,middle
34659,59,0,0.9457198321212865,0.40344750318488365,34,middle
34660,60,0,0.21795521450621658,0.6254512624157276,34,middle
34661,61,0,0.09959406674113692,0.5075071551614989,34,middle
34662,62,0,0.19648747829918947,0.8310520210644976,34,middle
34663,63,0,0.835253902512131,0.4659385580645543,34,middle
34664,64,0,0.8775592822400292,0.5621328947103772,34,middle
34665,65,0,0.3086180356242487,0.49726845664976016,34,middle
34666,66,0,0.5251004412239779,0.391655000306406,34,middle
34667,67,0,0.3650099149260523,0.5280205853390633,34,middle
34668,68,0,0.7629049177649165,0.4571120940106125,34,middle
34669,69,0,0.9701732927567324,0.5520648378029095,34,middle
34670,70,0,0.5362838666031633,0.49292326743441617,34,middle
34671,71,0,0.17239497557017894,0.5069108176141108,34,middle
34672,72,0,0.8719544756439018,0.41400706428973333,34,middle
34673,73,0,0.6775346584425583,0.5371994820213349,34,middle
34674,74,0,0.2616660997776279,0.3891396030691165,34,middle
34675,75,0,0.5360789094827235,0.37028432602107997,34,middle
34676,76,0,0.5354888514685007,0.4174009767602209,34,middle
34677,77,0,0.537151418962524,0.600825309316072,34,middle
34678,78,0,0.5212475745283561,0.3874252194042399,34,middle
34679,79,0,0.3624284670695563,0.48529260488750336,34,middle
34680,80,0,0.7509617302799996,0.28007208934863903,34,middle
34681,81,0,0.06446141993874456,0.48972628417544295,34,middle
34682,82,0,0.6631926311103331,0.2792451318701601,34,middle
34683,83,0,0.868658344040957,0.29667859723260737,34,middle
34684,84,0,0.6757327963670612,0.3275993225595089,34,middle
34685,85,0,0.6160923126693165,0.27353532140070186,34,middle
34686,86,0,0.14942121354064516,0.5429699392579609,34,middle
34687,87,0,0.11757630350176114,0.4641539273758736,34,middle
34688,88,0,0.8492343305566422,0.41011035902970533,34,middle
34689,89,0,0.6623156965557885,0.428283200831198,34,middle
34690,90,0,0.8510245470965756,0.33849559541586616,34,middle
34691,91,0,0.953632341249948,0.35304785826433494,34,middle
34692,92,0,0.04370532754108915,0.5428791847519283,34,middle
34693,93,0,0.04339455547945543,0.5416222293052971,34,middle
34694,94,0,0.05415003656126457,0.431399750523538,34,middle
34695,95,0,0.03406865371914945,0.5293231159134887,34,middle
34696,96,0,0.20736941860416638,0.46552667604584097,34,middle
34697,97,0,0.2612158467141018,0.45356830539297477,34,middle
34698,98,0,0.5490217044395678,0.5358578760666353,34,middle
34699,99,0,0.8459881873483615,0.3737977180614843,34,middle
34700,100,0,0.9137344291470079,0.3780827080894636,34,middle
34701,101,0,0.03843002719531115,0.6168702850556376,34,middle
34702,102,0,0.21178569881041848,0.6302115601284248,34,middle
34703,103,0,0.6977656548232514,0.390991819246528,34,middle
34704,104,0,0.4989771047150131,0.4099004902345495,34,middle
34705,105,0,0.24085321200605175,0.5120225145988756,34,middle
34706,106,0,0.7633482840882406,0.3822885096225701,34,middle
34707,107,0,0.29867429959590114,0.4069806931345585,34,middle
34708,108,0,0.21075299503351907,0.4320897450168917,34,middle
34709,109,0,0.4702642935551583,0.3236340990676027,34,middle
34710,110,0,0.7196534405072152,0.30560592065335096,34,middle
34711,111,0,0.5769756103183072,0.4757982867401973,34,middle
34712,112,0,0.5605350881176006,0.2402066845101391,34,middle
34713,113,0,0.7998370580604158,0.500361996447669,34,middle
34714,114,0,0.9313027529230689,0.27550613938837215,34,middle
34715,115,0,0.06531441000049569,0.5681045401806541,34,middle
34716,116,0,0.3726194308241276,0.6477631550422716,34,middle
34717,117,0,0.6917904840386918,0.4007443384920881,34,middle
34718,118,0,0.3008765169872079,0.5181354770113147,34,middle
34719,119,0,0.7230738160501269,0.5277812551451834,34,middle
34720,120,0,0.5922306672678066,0.5508402670456088,34,middle
34721,121,0,0.5098702797295566,0.470796865403255,34,middle
34722,122,0,0.8221365646469535,0.4313704222340043,34,middle
34723,123,0,0.8632368535337349,0.3098536772194695,34,middle
34724,124,0,0.7092758574279692,0.36962403489048434,34,middle
34725,125,0,0.31053546646724006,0.42469879003753563,34,middle
34726,126,0,0.7824595072992091,0.39506827204887673,34,middle
34727,127,0,0.54649441849007,0.4104328361027435,34,middle
34728,128,0,0.9340960468732811,0.4605857149240264,34,middle
34729,129,0,0.24781189280976482,0.5361912158718045,34,middle
34730,130,0,0.11673752389724582,0.5143040589454391,34,middle
34731,131,0,0.9153466728524606,0.43046923881538335,34,middle
34732,132,0,0.5348472456057417,0.39517067493174407,34,middle
34733,133,0,0.7954957931799218,0.27636642935801214,34,middle
34734,134,0,0.535883734751629,0.48849765635502596,34,middle
34735,135,0,0.12336559261190548,0.5531246768458782,34,middle
34736,136,0,0.949155048968695,0.4846302628724912,34,middle
34737,137,0,0.8744029085621257,0.3371734124368902,34,middle
34738,138,0,0.13999467786358244,0.5989213377913407,34,middle
34739,139,0,0.7859160145713633,0.2900329122405647,34,middle
34740,140,0,0.29534481130149814,0.4381216773999608,34,middle
34741,141,0,0.8847999011479029,0.2959259179268816,34,middle
34742,142,0,0.49125182805187356,0.4689343085449261,34,middle
34743,143,0,0.9424026496742335,0.4289175408858106,34,middle
34744,144,0,0.4186806315169606,0.31115245623920906,34,middle
34745,145,0,0.957741165416218,0.3740296334809418,34,middle
34746,146,0,0.5015741002417441,0.6323211463651571,34,middle
34747,147,0,0.3886135471547446,0.5320310046004308,34,middle
34748,148,0,0.01832306619646428,0.5093181003593659,34,middle
34749,149,0,0.8247343745466535,0.47459969456730344,34,middle
34750,150,0,0.13232079294161297,0.49539980679052786,34,middle
34751,151,0,0.15997819695900362,0.4684045522163207,34,middle
34752,152,0,0.39959568591412653,0.41125071600414764,34,middle
34753,153,0,0.5912457958401225,0.42187248373893305,34,middle
34754,154,0,0.06495768954640056,0.45503652918522647,34,middle
34755,155,0,0.822570093982889,0.3400286016073356,34,middle
34756,156,0,0.9416686385408546,0.3928014340441584,34,middle
34757,157,0,0.9093313552166237,0.30143732287048813,34,middle
34758,158,0,0.14057038439562297,0.4642556867483194,34,middle
34759,159,0,0.7475238790259404,0.4032892822134585,34,middle
34760,160,0,0.762639109939524,0.3863380078304791,34,middle
34761,161,0,0.48808144995533886,0.4992434293999182,34,middle
34762,162,0,0.900867020698999,0.4360577618455383,34,middle
34763,163,0,0.11642952597695375,0.49300372266720155,34,middle
34764,164,0,0.5673097766032649,0.38857513239036023,34,middle
34765,165,0,0.1979654140213694,0.3829115163841841,34,middle
34766,166,0,0.8879513059376486,0.47252366567838133,34,middle
34767,167,0,0.7487677858171393,0.3682106031275561,34,middle
34768,168,0,0.43956940672031236,0.31982607797642437,34,middle
34769,169,0,0.16582987829673704,0.42758825369984993,34,middle
34770,170,0,0.6734625553965391,0.5163580895355977,34,middle
34771,171,0,0.1539824924834679,0.5009056027819087,34,middle
34772,172,0,0.5467941201938045,0.3987180648172206,34,middle
34773,173,0,0.5520490666283336,0.3996357788916751,34,middle
34774,174,0,0.4265318719236095,0.5885138072636529,34,middle
34775,175,0,0.04797400350120003,0.45753966616854774,34,middle
34776,176,0,0.8697020455829881,0.5541933716072132,34,middle
34777,177,0,0.4994604101469143,0.4641733439193193,34,middle
34778,178,0,0.9957046669698808,0.389217536383575,34,middle
34779,179,0,0.2852619580312554,0.34644578871271614,34,middle
34780,180,0,0.7280444563190486,0.3352984462924325,34,middle
34781,181,0,0.5880085348239634,0.31336679886079605,34,middle
34782,182,0,0.1324746824171133,0.4082660645228543,34,middle
34783,183,0,0.7896496997250444,0.32835823325380276,34,middle
34784,184,0,0.3451315533894547,0.4913654764037711,34,middle
34785,185,0,0.2700957840939045,0.3398202788511161,34,middle
34786,186,0,0.396361117539376,0.3996600504176986,34,middle
34787,187,0,0.9508655435572944,0.3176390066690158,34,middle
34788,188,0,0.38285633458317575,0.46625850156159887,34,middle
34789,189,0,0.8163624438401196,0.6247138660340674,34,middle
34790,190,0,0.31560450928867256,0.3535298995029902,34,middle
34791,191,0,0.37167360670185084,0.5096196619791353,34,middle
34792,192,0,0.36722652489468877,0.41729113336823986,34,middle
34793,193,0,0.6875837287046109,0.33307895551398026,34,middle
34794,194,0,0.030478090425921246,0.43452369893296494,34,middle
34795,195,0,0.6315551018899805,0.3299968916564695,34,middle
34796,196,0,0.43867510492208395,0.3329606799554431,34,middle
34797,197,0,0.8553579686968955,0.32144579791612493,34,middle
34798,198,0,0.5338330634064414,0.3214069489703141,34,middle
34799,199,0,0.9680410695032604,0.23547668676370825,34,middle
34800,0,0,0.2580320329667951,0.927653475924047,34,late
34801,1,0,0.18749067988589413,0.7666840606659819,34,late
34802,2,0,0.2179467195711041,0.8080794896207076,34,late
34803,3,0,0.16047854276284038,0.5218259609349334,34,late
34804,4,0,0.3273365461273136,0.49471904617307805,34,late
34805,5,0,0.5321822850742867,0.5562600842533175,34,late
34806,6,0,0.8689254733962359,0.49735197087315325,34,late
34807,7,0,0.45501356506606117,0.5229101771754124,34,late
34808,8,0,0.728810435788906,0.5057058305729625,34,late
34809,9,0,0.4382204028325638,0.5973231177401579,34,late
34810,10,0,0.39728509007474594,0.5970797660438677,34,late
34811,11,0,0.38938321134775083,0.5593417787240205,34,late
34812,12,0,0.1909754819121194,0.5232636058646232,34,late
34813,13,0,0.6899878436168443,0.6758907581511765,34,late
34814,14,0,0.8869076736955714,0.3423123848547177,34,late
34815,15,0,0.32148282003192924,0.6808547623995989,34,late
34816,16,0,0.39507495336690274,0.5031543536350686,34,late
34817,17,0,0.6538259994658324,0.5649154459186443,34,late
34818,18,0,0.5054162864772537,0.44290345902606876,34,late
34819,19,0,0.41023683117951093,0.4520353837915635,34,late
34820,20,0,0.8585968441636054,0.5199137028461945,34,late
34821,21,0,0.7901521527821418,0.46379989896796475,34,late
34822,22,0,0.6526770456815921,0.5279554832908839,34,late
34823,23,0,0.6931547291376157,0.4280270256633771,34,late
34824,24,0,0.9646802362241064,0.43056872735665175,34,late
34825,25,0,0.10331575181982527,0.6111134428315219,34,late
34826,26,0,0.18238279901970478,0.6387575536734336,34,late
34827,27,0,0.536146556939814,0.4725565970622625,34,late
34828,28,0,0.7778328252587517,0.34073100438826326,34,late
34829,29,0,0.7455082837981317,0.4281912692981851,34,late
34830,30,0,0.26920398213579655,0.5098748209128018,34,late
34831,31,0,0.23847692319123387,0.4050372633870125,34,late
34832,32,0,0.5602064422173587,0.5409913567931858,34,late
34833,33,0,0.5096263601132036,0.4555296576705016,34,late
34834,34,0,0.39815264798658323,0.5872535118009234,34,late
34835,35,0,0.39330905397594085,0.6385221878191063,34,late
34836,36,0,0.43389915013446645,0.39942710304893314,34,late
34837,37,0,0.28401711278006514,0.4547410253574695,34,late
34838,38,0,0.16066696944825207,0.4285837002432156,34,late
34839,39,0,0.4198579074332739,0.5323311056502955,34,late
34840,40,0,0.6144303933677069,0.4218056102051668,34,late
34841,41,0,0.2629732313235674,0.5109665913993805,34,late
34842,42,0,0.6844802315254261,0.5177436566697213,34,late
34843,43,0,0.4811520755703913,0.6081380968953404,34,late
34844,44,0,0.6528132738562082,0.41642767944445946,34,late
34845,45,0,0.48108799227556426,0.6667049334333104,34,late
34846,46,0,0.5569577378698343,0.4437870295170362,34,late
34847,47,0,0.7026866371230576,0.46817982161956184,34,late
34848,48,0,0.5090908970635889,0.6269795625539556,34,late
34849,49,0,0.50449150032893,0.3919473700224527,34,late
34850,50,0,0.017159199752849533,0.5326955558746799,34,late
34851,51,0,0.5450890851062948,0.4174806010619395,34,late
34852,52,0,0.5074632687545256,0.7781523064446573,34,late
34853,53,0,0.4664530466571461,0.5364436301835407,34,late
34854,54,0,0.9486142659703013,0.6941689725962564,34,late
34855,55,0,0.47746916793551325,0.630383901611019,34,late
34856,56,0,0.8602315666818834,0.493091299039128,34,late
34857,57,0,0.4864789972338894,0.7859374577030318,34,late
34858,58,0,0.7210761689555718,0.4030409690210598,34,late
34859,59,0,0.5156272382760243,0.7174174445978341,34,late
34860,60,0,0.5879683454875971,0.5162774755964306,34,late
34861,61,0,0.5685778631885527,0.39479376206901484,34,late
34862,62,0,0.6917603966458694,0.35060201083195053,34,late
34863,63,0,0.514978484953465,0.6864717852138835,34,late
34864,64,0,0.9032505042160129,0.2857351403505851,34,late
34865,65,0,0.3414891504851953,0.5329037673934609,34,late
34866,66,0,0.6185925710583179,0.6122098836560659,34,late
34867,67,0,0.5327871738549987,0.5021820062827347,34,late
34868,68,0,0.8479192366666516,0.6100378874994815,34,late
34869,69,0,0.4581323745052766,0.46930730375606644,34,late
34870,70,0,0.9024069247032402,0.34677709589536954,34,late
34871,71,0,0.6205529142240411,0.3316055538871788,34,late
34872,72,0,0.32516412380060805,0.6771789531057557,34,late
34873,73,0,0.5065002027381651,0.40248460964121147,34,late
34874,74,0,0.891550302382951,0.394701547066284,34,late
34875,75,0,0.4799960205813975,0.6696989978457137,34,late
34876,76,0,0.6894181869284699,0.4176787459904412,34,late
34877,77,0,0.4144432855922345,0.4129998784825403,34,late
34878,78,0,0.2082969552693892,0.5288064233346503,34,late
34879,79,0,0.4357964579145117,0.6335828748057764,34,late
34880,80,0,0.36842239308439256,0.5367640124139497,34,late
34881,81,0,0.9587477948861405,0.49094556110291504,34,late
34882,82,0,0.023090450659316343,0.6541573708636673,34,late
34883,83,0,0.1811806753901929,0.3804637001209424,34,late
34884,84,0,0.37640281474893517,0.47944408574389996,34,late
34885,85,0,0.3118516886683742,0.4337590656616337,34,late
34886,86,0,0.09225507220063456,0.527132859452542,34,late
34887,87,0,0.7256305790297124,0.32762050310212193,34,late
34888,88,0,0.5196068943329276,0.2872604708458819,34,late
34889,89,0,0.21787098335796565,0.5314174622154304,34,late
34890,90,0,0.1407085728702695,0.4424124002369456,34,late
34891,91,0,0.6918860085429497,0.47459321917487896,34,late
34892,92,0,0.5074574464794532,0.46019057519482026,34,late
34893,93,0,0.0408640743742576,0.5002909441269909,34,late
34894,94,0,0.9325267136178527,0.4907414095114722,34,late
34895,95,0,0.8030911456887733,0.4589829298924796,34,late
34896,96,0,0.12255081573529641,0.5393876861917584,34,late
34897,97,0,0.9283290860909572,0.33796720745574066,34,late
34898,98,0,0.13888586356969712,0.6141090288070834,34,late
34899,99,0,0.24318401775408327,0.6793718528899193,34,late
34900,100,0,0.5923080683613636,0.5553698033176937,34,late
34901,101,0,0.6508564949337998,0.39268942192340256,34,late
34902,102,0,0.5735977439906619,0.3978000147420616,34,late
34903,103,0,0.6655282259148216,0.3845385278331601,34,late
34904,104,0,0.5439755064594074,0.5283572474929643,34,late
34905,105,0,0.8657954027986505,0.33488801762112963,34,late
34906,106,0,0.871409844517511,0.3271077417538363,34,late
34907,107,0,0.3947669699640528,0.5281698427829431,34,late
34908,108,0,0.056580069055145094,0.47510447549258494,34,late
34909,109,0,0.0657400714137682,0.5344834258258462,34,late
34910,110,0,0.9369058716125824,0.6074773441107303,34,late
34911,111,0,0.6008135961545438,0.4877117177177891,34,late
34912,112,0,0.8624284668963351,0.48401085850738135,34,late
34913,113,0,0.8673404672870343,0.47630337921427324,34,late
34914,114,0,0.048126024807077936,0.460367584217924,34,late
34915,115,0,0.6888304308997123,0.44282887332822995,34,late
34916,116,0,0.9599882381026408,0.3399376386113727,34,late
34917,117,0,0.9778525462531465,0.5271078337345032,34,late
34918,118,0,0.9944273325692953,0.5422834313806004,34,late
34919,119,0,0.8361538643763184,0.2943737069716903,34,late
34920,120,0,0.3456512810122865,0.41982285768166927,34,late
34921,121,0,0.2160231697327783,0.5135130934249517,34,late
34922,122,0,0.15919208222819228,0.4988347979795898,34,late
34923,123,0,0.4706835131681225,0.5488554797151192,34,late
34924,124,0,0.4939339607514809,0.49126503760325396,34,late
34925,125,0,0.42675897896644943,0.5517042549192039,34,late
34926,126,0,0.39220701382823153,0.6003272491727267,34,late
34927,127,0,0.6997354338813372,0.44388642268702994,34,late
34928,128,0,0.6667634965810223,0.3884083742861844,34,late
34929,129,0,0.6438154529777621,0.5040599473593704,34,late
34930,130,0,0.2864408156871451,0.37422478484435834,34,late
34931,131,0,0.5544431303778596,0.5061229766878648,34,late
34932,132,0,0.4195137078095767,0.42914123096507006,34,late
34933,133,0,0.34483777502211044,0.44189624983208253,34,late
34934,134,0,0.28183734726234005,0.41951993111106567,34,late
34935,135,0,0.4792380170435498,0.4962841702502214,34,late
34936,136,0,0.26992963701059103,0.49564868821777397,34,late
34937,137,0,0.2813178504802821,0.6137066790864766,34,late
34938,138,0,0.5102590411435659,0.6755845582049067,34,late
34939,139,0,0.6361567556042076,0.31224107915408206,34,late
34940,140,0,0.46520388585637445,0.5771230912556933,34,late
34941,141,0,0.3898222432958296,0.5762920923099957,34,late
34942,142,0,0.365150267487173,0.5516825111206298,34,late
34943,143,0,0.5804247146410006,0.565686600062079,34,late
34944,144,0,0.31093336063528126,0.4684171210660031,34,late
34945,145,0,0.3659517343177018,0.4707745470706113,34,late
34946,146,0,0.601930042018808,0.3110801466689028,34,late
34947,147,0,0.37297426583346505,0.39516365366744516,34,late
34948,148,0,0.41403263637674326,0.46611292450255204,34,late
34949,149,0,0.5960163806066769,0.3762895404323954,34,late
34950,150,0,0.39663560308081786,0.46948630640405264,34,late
34951,151,0,0.5498675800442211,0.4044173134841073,34,late
34952,152,0,0.9251680191251752,0.3329524662082626,34,late
34953,153,0,0.6855762219405475,0.39648365716030615,34,late
34954,154,0,0.30716305543388656,0.581790235242742,34,late
34955,155,0,0.5216123767315056,0.46295465136608693,34,late
34956,156,0,0.7728602352019724,0.40623587211238155,34,late
34957,157,0,0.31948106521998487,0.49210275916860247,34,late
34958,158,0,0.20426487848562752,0.5194384849094813,34,late
34959,159,0,0.44016679304882694,0.32564802378961355,34,late
34960,160,0,0.5806833138042304,0.4445914131398553,34,late
34961,161,0,0.3680375167776274,0.5096702773255225,34,late
34962,162,0,0.1772293700567489,0.5242135716945678,34,late
34963,163,0,0.36702345630099853,0.44974637976957055,34,late
34964,164,0,0.5241402164585889,0.41743337104934713,34,late
34965,165,0,0.7957592082234537,0.3488739529243621,34,late
34966,166,0,0.3977787875230095,0.33128657641527703,34,late
34967,167,0,0.5339108870464013,0.3957411424003664,34,late
34968,168,0,0.9102317199503015,0.37538916733876065,34,late
34969,169,0,0.5583659802517074,0.44100406044621693,34,late
34970,170,0,0.6120113742625355,0.3083313967137513,34,late
34971,171,0,0.3781099052303912,0.39644123741900505,34,late
34972,172,0,0.26254423678803135,0.4974618114110739,34,late
34973,173,0,0.3730851034398428,0.3165358482313443,34,late
34974,174,0,0.49673600331999535,0.48014603483634904,34,late
34975,175,0,0.7320546874425682,0.3297049505976013,34,late
34976,176,0,0.46087068325302405,0.47961350639400774,34,late
34977,177,0,0.33695141494436215,0.4010456083739782,34,late
34978,178,0,0.1307553431624496,0.5894589643426831,34,late
34979,179,0,0.4785369009001221,0.3974653064463947,34,late
34980,180,0,0.3357925756911954,0.4014753444661488,34,late
34981,181,0,0.644146621583126,0.5369479343501279,34,late
34982,182,0,0.32749563140243443,0.5229903906600111,34,late
34983,183,0,0.4922590390435702,0.43408787717811925,34,late
34984,184,0,0.8100093387040471,0.5070219459989647,34,late
34985,185,0,0.9831134140032761,0.500102134923769,34,late
34986,186,0,0.2016343037804881,0.48737722840616826,34,late
34987,187,0,0.4980025145502939,0.40126519801204996,34,late
34988,188,0,0.5836561800319728,0.4597323592469953,34,late
34989,189,0,0.32980564019166597,0.3819731047687398,34,late
34990,190,0,0.6530766114696409,0.4489755056567375,34,late
34991,191,0,0.8578031869654632,0.597382277212396,34,late
34992,192,0,0.9158949433244383,0.35656009189677745,34,late
34993,193,0,0.3505014287157971,0.37043084425771167,34,late
34994,194,0,0.3819840561907055,0.5160835467051248,34,late
34995,195,0,0.6977461004191949,0.3622660745490869,34,late
34996,196,0,0.553439096564921,0.3821528623724081,34,late
34997,197,0,0.37132796099900134,0.4098114580046789,34,late
34998,198,0,0.6210836870045151,0.4300720323599677,34,late
34999,199,0,0.6559033642868854,0.33444242496821364,34,late
35000,0,0,0.4955460673415846,0.8223133298949876,35,interleaved
35001,1,0,0.9303617496409157,0.5843523458564736,35,interleaved
35002,2,0,0.4329322240409222,0.6699132486147485,35,interleaved
35003,3,0,0.2020503502472697,0.5522938684850199,35,interleaved
35004,4,0,0.4756883696695869,0.47397714822854853,35,interleaved
35005,5,0,0.6822453362729888,0.5076885656477022,35,interleaved
35006,6,0,0.3898738577674039,0.533809384785067,35,interleaved
35007,7,0,0.37860870838110905,0.4069101811409084,35,interleaved
35008,8,0,0.30004576596870797,0.58246751477274,35,interleaved
35009,9,0,0.6192284068795657,0.5343850730182714,35,interleaved
35010,10,0,0.3751339592626783,0.5450624823390986,35,interleaved
35011,11,0,0.23602975371076546,0.5554818099360468,35,interleaved
35012,12,0,0.866957412109482,0.4024521422802475,35,interleaved
35013,13,0,0.47665507679427366,0.6192630585901038,35,interleaved
35014,14,0,0.5383641030970375,0.5017218587664172,35,interleaved
35015,15,0,0.42171982102320565,0.45827042813398616,35,interleaved
35016,16,0,0.653312474525924,0.7044656975242527,35,interleaved
35017,17,0,0.7423847557201495,0.49387678537191027,35,interleaved
35018,18,0,0.5318888241013648,0.457715672866571,35,interleaved
35019,19,0,0.4884383696697431,0.4521159017692147,35,interleaved
35020,20,0,0.342765169519575,0.5125253261525482,35,interleaved
35021,21,0,0.1388390528007926,0.46617983977632943,35,interleaved
35022,22,0,0.556884528906144,0.5919993219289629,35,interleaved
35023,23,0,0.5805575908938911,0.6491108149501238,35,interleaved
35024,24,0,0.7347755329960528,0.46139530180714905,35,interleaved
35025,25,0,0.7374775586510041,0.6213870697309649,35,interleaved
35026,26,0,0.08236462976718523,0.5257092914890714,35,interleaved
35027,27,0,0.6005755384221778,0.5698902058938009,35,interleaved
35028,28,0,0.8984370357295279,0.6775373191510403,35,interleaved
35029,29,0,0.4637902714673007,0.6166413449830017,35,interleaved
35030,30,0,0.18218304165416468,0.7063216982031741,35,interleaved
35031,31,0,0.6991834532980781,0.6009668574393223,35,interleaved
35032,32,0,0.3818264873473939,0.5264887893847057,35,interleaved
35033,33,0,0.17567320312761253,0.5226661655562816,35,interleaved
35034,34,0,0.5142633903718964,0.5194142732693376,35,interleaved
35035,35,0,0.6023927147920535,0.4429384315274241,35,interleaved
35036,36,0,0.4049793288343926,0.5012661591246426,35,interleaved
35037,37,0,0.3947457988779772,0.5168994333369457,35,interleaved
35038,38,0,0.5865080509584912,0.5238490551813801,35,interleaved
35039,39,0,0.6458173963702731,0.4258902453581299,35,interleaved
35040,40,0,0.5938250793482256,0.6455510813463972,35,interleaved
35041,41,0,0.6801545665265746,0.6171337591278285,35,interleaved
35042,42,0,0.48414739955907693,0.4459321194451574,35,interleaved
35043,43,0,0.921144641671515,0.4722707358867157,35,interleaved
35044,44,0,0.47105769271842884,0.4524712377263593,35,interleaved
35045,45,0,0.07784963436481232,0.37448102046321724,35,interleaved
35046,46,0,0.5216369563630736,0.45864088198470937,35,interleaved
35047,47,0,0.592337258885603,0.4278995520714507,35,interleaved
35048,48,0,0.707029013677152,0.48863611792376127,35,interleaved
35049,49,0,0.4781271052670886,0.4326296446134694,35,interleaved
35050,50,0,0.383944850850011,0.7111500128636934,35,interleaved
35051,51,0,0.5905994563960523,0.5247071202566815,35,interleaved
35052,52,0,0.586494875734588,0.6122540570819255,35,interleaved
35053,53,0,0.11516661143372314,0.5274549563951442,35,interleaved
35054,54,0,0.17188244932304836,0.604924431152007,35,interleaved
35055,55,0,0.25940940458507605,0.6601777032694036,35,interleaved
35056,56,0,0.1900113833665217,0.5873818093655442,35,interleaved
35057,57,0,0.8825716923631686,0.42467535160097686,35,interleaved
35058,58,0,0.4071993819365663,0.5421321443672926,35,interleaved
35059,59,0,0.4908935718081003,0.34863275712610353,35,interleaved
35060,60,0,0.6338329874262592,0.3329153323651274,35,interleaved
35061,61,0,0.5656304206417654,0.40334422856255275,35,interleaved
35062,62,0,0.1688567479016599,0.29938682919316983,35,interleaved
35063,63,0,0.6520157820518125,0.6349172892736363,35,interleaved
35064,64,0,0.2487606290529879,0.44273350680636214,35,interleaved
35065,65,0,0.6128672255766777,0.47835924885736214,35,interleaved
35066,66,0,0.14779334176657197,0.42875430039743423,35,interleaved
35067,67,0,0.5109722976251272,0.4362692903691877,35,interleaved
35068,68,0,0.7326505309505611,0.5087110411995217,35,interleaved
35069,69,0,0.7348021848507698,0.3760776288231976,35,interleaved
35070,70,0,0.6250090022777985,0.3866946602819984,35,interleaved
35071,71,0,0.7339290456123444,0.45866316229667703,35,interleaved
35072,72,0,0.7015040035535183,0.33311667609818224,35,interleaved
35073,73,0,0.268977170710052,0.3680189258957831,35,interleaved
35074,74,0,0.17027013624088347,0.4724506350614559,35,interleaved
35075,75,0,0.4600717046768573,0.525573887038347,35,interleaved
35076,76,0,0.27587873992235545,0.3755825630925158,35,interleaved
35077,77,0,0.7500489263253858,0.3890075572975517,35,interleaved
35078,78,0,0.701317243155245,0.41980540863362537,35,interleaved
35079,79,0,0.6484148854602546,0.4471200182116718,35,interleaved
35080,80,0,0.5750032021321463,0.42852011855999983,35,interleaved
35081,81,0,0.4853416047361517,0.3231700311211402,35,interleaved
35082,82,0,0.6892185176784371,0.4899552832092976,35,interleaved
35083,83,0,0.47758795851093505,0.519965511189425,35,interleaved
35084,84,0,0.05400037083449607,0.4606213685110714,35,interleaved
35085,85,0,0.2658613840983486,0.5138713624403792,35,interleaved
35086,86,0,0.2429680636080287,0.4697866871972848,35,interleaved
35087,87,0,0.3866978091364047,0.5638440725130189,35,interleaved
35088,88,0,0.16703808662073175,0.5996916477912762,35,interleaved
35089,89,0,0.8505405532947685,0.5148498889336219,35,interleaved
35090,90,0,0.4680297033703809,0.4549133574114346,35,interleaved
35091,91,0,0.23412495435912137,0.46790675385921454,35,interleaved
35092,92,0,0.5408332485004106,0.44336477936976154,35,interleaved
35093,93,0,0.23441312314524354,0.5273681379081885,35,interleaved
35094,94,0,0.45435677566878563,0.4685076121224573,35,interleaved
35095,95,0,0.20000825574965805,0.4777921762205712,35,interleaved
35096,96,0,0.5711447772929192,0.49709196636875036,35,interleaved
35097,97,0,0.8016377040018284,0.4805040431843404,35,interleaved
35098,98,0,0.5280227006964193,0.4703903112564671,35,interleaved
35099,99,0,0.18186814128138634,0.4076287902455785,35,interleaved
35100,100,0,0.4477872021858809,0.3916853591207421,35,interleaved
35101,101,0,0.25178933755335664,0.4248282548683106,35,interleaved
35102,102,0,0.3054175033447023,0.3608101414241709,35,interleaved
35103,103,0,0.5781791773329127,0.3414430694484284,35,interleaved
35104,104,0,0.46262162787084055,0.4110424308554931,35,interleaved
35105,105,0,0.5202457707742365,0.5302320698443436,35,interleaved
35106,106,0,0.21472552678734297,0.4770931265680627,35,interleaved
35107,107,0,0.6733560935108127,0.3234663651818397,35,interleaved
35108,108,0,0.4450971097887932,0.4608729474147413,35,interleaved
35109,109,0,0.6785432489917441,0.39294043191696154,35,interleaved
35110,110,0,0.36603767072414006,0.438636003024672,35,interleaved
35111,111,0,0.4668733925495603,0.5933603573903792,35,interleaved
35112,112,0,0.3971966834656317,0.4638083614203661,35,interleaved
35113,113,0,0.45499486487009566,0.44825298507414923,35,interleaved
35114,114,0,0.7155591901355136,0.32742663061181687,35,interleaved
35115,115,0,0.5310244324422256,0.39544364003792853,35,interleaved
35116,116,0,0.6157521624341948,0.3458474931937686,35,interleaved
35117,117,0,0.6608226982756624,0.4320125578538036,35,interleaved
35118,118,0,0.1797742937012739,0.49976037084069114,35,interleaved
35119,119,0,0.4160966320865531,0.474157040156459,35,interleaved
35120,120,0,0.720196809851843,0.42553413686391617,35,interleaved
35121,121,0,0.3526592410581998,0.5590604914577393,35,interleaved
35122,122,0,0.6089963976136242,0.38342203292533805,35,interleaved
35123,123,0,0.36346346996735246,0.45057110404171097,35,interleaved
35124,124,0,0.2749143371318794,0.5178441048681881,35,interleaved
35125,125,0,0.3290522026966004,0.47920422560388953,35,interleaved
35126,126,0,0.32987904633210696,0.4749664000230174,35,interleaved
35127,127,0,0.6804942036122812,0.4362060111235856,35,interleaved
35128,128,0,0.3678912328947939,0.5364014768584962,35,interleaved
35129,129,0,0.3144406433191509,0.5847762332664446,35,interleaved
35130,130,0,0.1583244022425206,0.47018395791817946,35,interleaved
35131,131,0,0.2551715243502953,0.4923887657234335,35,interleaved
35132,132,0,0.5242603757869582,0.47438065337599145,35,interleaved
35133,133,0,0.5188365932457719,0.5449848464736455,35,interleaved
35134,134,0,0.6263979446914968,0.584749827848094,35,interleaved
35135,135,0,0.5688294997814344,0.3319428618513739,35,interleaved
35136,136,0,0.6580788700892557,0.40880621192343314,35,interleaved
35137,137,0,0.3112203383987851,0.41219874800724443,35,interleaved
35138,138,0,0.2367826222895547,0.61419422256625,35,interleaved
35139,139,0,0.7808318280048271,0.4007766214669579,35,interleaved
35140,140,0,0.5687680508354893,0.3331337018500102,35,interleaved
35141,141,0,0.5882666343804523,0.36127168643938967,35,interleaved
35142,142,0,0.3700499394884319,0.44919121897270775,35,interleaved
35143,143,0,0.4902035068039486,0.40100549753890136,35,interleaved
35144,144,0,0.7284343033656127,0.48079778173354837,35,interleaved
35145,145,0,0.8166883718159,0.34692235869319726,35,interleaved
35146,146,0,0.4489554075352127,0.5272383368915793,35,interleaved
35147,147,0,0.14426203503799787,0.5918169812689082,35,interleaved
35148,148,0,0.6367459857764587,0.3706459191961742,35,interleaved
35149,149,0,0.32744961009730483,0.3462621298378995,35,interleaved
35150,150,0,0.3349171018335004,0.33840997935784356,35,interleaved
35151,151,0,0.4885014378320595,0.42424071418275444,35,interleaved
35152,152,0,0.6575343383542013,0.3033406210426066,35,interleaved
35153,153,0,0.5426752364886119,0.38624511653229465,35,interleaved
35154,154,0,0.722318919017779,0.3761205460649979,35,interleaved
35155,155,0,0.4109306326147686,0.4306730001142335,35,interleaved
35156,156,0,0.7731931408698023,0.5049932449461433,35,interleaved
35157,157,0,0.6243220564054388,0.5059380026537664,35,interleaved
35158,158,0,0.6783996519457063,0.3743764508678833,35,interleaved
35159,159,0,0.36647691784921693,0.5209637425990339,35,interleaved
35160,160,0,0.3359613332667246,0.4376256552836181,35,interleaved
35161,161,0,0.3668533802025862,0.4351440948835855,35,interleaved
35162,162,0,0.5428217118085015,0.36345004060042496,35,interleaved
35163,163,0,0.45917223204906654,0.4457591052980028,35,interleaved
35164,164,0,0.4635750332251307,0.46501137593159025,35,interleaved
35165,165,0,0.9442331214752362,0.5104216298227734,35,interleaved
35166,166,0,0.8907276644663871,0.4154192168876395,35,interleaved
35167,167,0,0.6368627777299779,0.3370370058208737,35,interleaved
35168,168,0,0.516895296579024,0.311585532506527,35,interleaved
35169,169,0,0.3901055382794588,0.5254256203160697,35,interleaved
35170,170,0,0.6017307441051523,0.31897978523622067,35,interleaved
35171,171,0,0.6192415192794969,0.4773612847543852,35,interleaved
35172,172,0,0.7903612516856924,0.3757620826664344,35,interleaved
35173,173,0,0.7936796240156887,0.5088835430050881,35,interleaved
35174,174,0,0.550157056994492,0.36524080481690857,35,interleaved
35175,175,0,0.20508744844341895,0.41429288904300876,35,interleaved
35176,176,0,0.5634250436837515,0.3333353083604532,35,interleaved
35177,177,0,0.36151708563477514,0.557205884083705,35,interleaved
35178,178,0,0.7176653722323085,0.4086117311097279,35,interleaved
35179,179,0,0.5944827448162584,0.4296053676351224,35,interleaved
35180,180,0,0.4474127978247462,0.43490359250607413,35,interleaved
35181,181,0,0.1858264085618109,0.5241945833276938,35,interleaved
35182,182,0,0.7350152687955627,0.5373922449798736,35,interleaved
35183,183,0,0.29139100006395025,0.3820256217653242,35,interleaved
35184,184,0,0.7923196529541587,0.32853560430547807,35,interleaved
35185,185,0,0.33131631262343225,0.39602842413199746,35,interleaved
35186,186,0,0.6257428230602231,0.29699400113544494,35,interleaved
35187,187,0,0.3600891765116124,0.33502896218123374,35,interleaved
35188,188,0,0.4893057987048701,0.3236478068224941,35,interleaved
35189,189,0,0.6699448899791065,0.33995703718975634,35,interleaved
35190,190,0,0.7543158475295488,0.4592157235759252,35,interleaved
35191,191,0,0.6253492816967623,0.5343011196438978,35,interleaved
35192,192,0,0.40333166383251473,0.3499560037967683,35,interleaved
35193,193,0,0.4682175684658967,0.27620376087320947,35,interleaved
35194,194,0,0.45813364741790646,0.33740574742423546,35,interleaved
35195,195,0,0.39590022522797336,0.35508038963879873,35,interleaved
35196,196,0,0.3968674857463954,0.44361596240945267,35,interleaved
35197,197,0,0.8157109537508047,0.2685031098112626,35,interleaved
35198,198,0,0.5612986619057491,0.4177020169284542,35,interleaved
35199,199,0,0.3742254681807118,0.5229390340499823,35,interleaved
35200,0,0,0.28097917140057954,0.7792619586712088,35,blocked
35201,1,0,0.45952304382376674,0.6050013381015488,35,blocked
35202,2,0,0.6574358937947841,0.5804919090252803,35,blocked
35203,3,0,0.48134769042491665,0.48146871623694476,35,blocked
35204,4,0,0.6300740175107733,0.5026848168281104,35,blocked
35205,5,0,0.4550050699626109,0.7912475422520684,35,blocked
35206,6,0,0.8270088724969159,0.4551902655662,35,blocked
35207,7,0,0.5837465243320765,0.36206426874579023,35,blocked
35208,8,0,0.6211719809044298,0.43701078355350287,35,blocked
35209,9,0,0.4232255976371061,0.5155422588941085,35,blocked
35210,10,0,0.8413952778654549,0.3243380451781909,35,blocked
35211,11,0,0.47783257216300695,0.564052521873255,35,blocked
35212,12,0,0.8255627633695471,0.4792627769723808,35,blocked
35213,13,0,0.4719775018201525,0.38252610749199584,35,blocked
35214,14,0,0.8011420262059477,0.3838865650478044,35,blocked
35215,15,0,0.5353394299417727,0.4753422249945167,35,blocked
35216,16,0,0.7278229882115184,0.4234624867981066,35,blocked
35217,17,0,0.16404846239679188,0.7149844345671463,35,blocked
35218,18,0,0.40485120592033325,0.40507623559393424,35,blocked
35219,19,0,0.14515872096714183,0.5519031550534512,35,blocked
35220,20,0,0.7089527881708005,0.4338499470632402,35,blocked
35221,21,0,0.7230161644494116,0.39109605586046625,35,blocked
35222,22,0,0.40134688001492,0.49868066345569023,35,blocked
35223,23,0,0.5037261198131016,0.46488672795536296,35,blocked
35224,24,0,0.8053874164659515,0.45975577186841765,35,blocked
35225,25,0,0.2279556902184694,0.5410842393523616,35,blocked
35226,26,0,0.44263806781011783,0.38898105400683414,35,blocked
35227,27,0,0.5118829443481057,0.44390780586013256,35,blocked
35228,28,0,0.5283294525685535,0.4186160715015539,35,blocked
35229,29,0,0.517635628746186,0.622560960460751,35,blocked
35230,30,0,0.38778941014808194,0.565969817183102,35,blocked
35231,31,0,0.7916478823455584,0.448493211447587,35,blocked
35232,32,0,0.2551869910096854,0.5106232977481627,35,blocked
35233,33,0,0.683385950248617,0.4659839406543959,35,blocked
35234,34,0,0.5955660584849317,0.2864365975966922,35,blocked
35235,35,0,0.7421194779883536,0.4466969078841363,35,blocked
35236,36,0,0.8731979242912912,0.42916372155302895,35,blocked
35237,37,0,0.29385251361676545,0.4889924184402423,35,blocked
35238,38,0,0.7063754486626103,0.5693583619332594,35,blocked
35239,39,0,0.6438194338748551,0.5079802951779328,35,blocked
35240,40,0,0.8386497103906991,0.5143069276601048,35,blocked
35241,41,0,0.2805246730132845,0.6049194485858432,35,blocked
35242,42,0,0.40468208567274777,0.44533443375321996,35,blocked
35243,43,0,0.6297094468580832,0.5541073699925915,35,blocked
35244,44,0,0.1173965375307858,0.35286701562334294,35,blocked
35245,45,0,0.7047670627664286,0.39901847073454444,35,blocked
35246,46,0,0.8578576703774666,0.6079900670510548,35,blocked
35247,47,0,0.1290782836134461,0.6152895919787067,35,blocked
35248,48,0,0.11526995360459359,0.4761973307457349,35,blocked
35249,49,0,0.5364898177440741,0.5883947341621417,35,blocked
35250,50,0,0.8857720726567437,0.45451023340910923,35,blocked
35251,51,0,0.18913376628228773,0.9364563958984491,35,blocked
35252,52,0,0.5298895185342652,0.3561273418578079,35,blocked
35253,53,0,0.5856680263893846,0.4985196197007463,35,blocked
35254,54,0,0.20615770979717543,0.5309435835449008,35,blocked
35255,55,0,0.46756974299776927,0.4552867119012737,35,blocked
35256,56,0,0.426612405433095,0.35632797598044674,35,blocked
35257,57,0,0.8957853475508528,0.5173529195587419,35,blocked
35258,58,0,0.6381832148641788,0.5833147226084177,35,blocked
35259,59,0,0.2780851916897693,0.6436536949942758,35,blocked
35260,60,0,0.6583555880650831,0.36540367682702246,35,blocked
35261,61,0,0.7685891693218707,0.5156063783756186,35,blocked
35262,62,0,0.7405590416740889,0.32111487478426354,35,blocked
35263,63,0,0.5952384591609194,0.4470562202772359,35,blocked
35264,64,0,0.39722420399387076,0.5317900956228487,35,blocked
35265,65,0,0.4078005151622702,0.4568818038254741,35,blocked
35266,66,0,0.5495349138708024,0.5477795355752829,35,blocked
35267,67,0,0.5638426404454364,0.7288989110984644,35,blocked
35268,68,0,0.4815193959735437,0.5862207849053591,35,blocked
35269,69,0,0.6242470000904947,0.5680008128733405,35,blocked
35270,70,0,0.3776171328288475,0.6404810589101491,35,blocked
35271,71,0,0.6111437371081285,0.42952288829055996,35,blocked
35272,72,0,0.27319148332958565,0.5437822334725061,35,blocked
35273,73,0,0.6368302030563686,0.5684701914890052,35,blocked
35274,74,0,0.3839254851637105,0.3551586584783819,35,blocked
35275,75,0,0.8637294502356896,0.551626247812901,35,blocked
35276,76,0,0.8886120494472963,0.4383073248390359,35,blocked
35277,77,0,0.8817982237133253,0.4185291389961021,35,blocked
35278,78,0,0.9228714013412054,0.4618394371371499,35,blocked
35279,79,0,0.8207534696701336,0.5023978102606681,35,blocked
35280,80,0,0.3742807987411408,0.43540345128004326,35,blocked
35281,81,0,0.5301598650320031,0.5300468050636269,35,blocked
35282,82,0,0.33997733108646383,0.6909357442980726,35,blocked
35283,83,0,0.29301324806369033,0.43619708067048774,35,blocked
35284,84,0,0.2664928130310841,0.590336612632844,35,blocked
35285,85,0,0.7501094981358853,0.5049032889110954,35,blocked
35286,86,0,0.07684243519387782,0.5069549870767647,35,blocked
35287,87,0,0.6911188153215251,0.44328188342008246,35,blocked
35288,88,0,0.3190686747538122,0.3232667259535866,35,blocked
35289,89,0,0.1949595041810216,0.44878527176559535,35,blocked
35290,90,0,0.34102176521266725,0.4567647089385893,35,blocked
35291,91,0,0.45657144404542693,0.34459494782921796,35,blocked
35292,92,0,0.6260467174164173,0.6044812050117443,35,blocked
35293,93,0,0.6667645698012179,0.5118952265287793,35,blocked
35294,94,0,0.12756824408053663,0.5664594582770827,35,blocked
35295,95,0,0.739029307283125,0.5193670460131227,35,blocked
35296,96,0,0.0402909407125054,0.48453589637050765,35,blocked
35297,97,0,0.25922709534093635,0.5628912113777705,35,blocked
35298,98,0,0.5149757554438428,0.3737261929861728,35,blocked
35299,99,0,0.5985101565642221,0.47596028516656236,35,blocked
35300,100,0,0.9058616126246344,0.5007236931950189,35,blocked
35301,101,0,0.7553955546847431,0.32634730393641187,35,blocked
35302,102,0,0.8051121997801145,0.3334822350698823,35,blocked
35303,103,0,0.6949518637075982,0.4218135778377864,35,blocked
35304,104,0,0.7302466160747374,0.3242747931131562,35,blocked
35305,105,0,0.12350532917726575,0.40160146704569827,35,blocked
35306,106,0,0.33696961514729873,0.4158700941765763,35,blocked
35307,107,0,0.5599972137238773,0.47494749828309024,35,blocked
35308,108,0,0.6041749511446336,0.4569898449191987,35,blocked
35309,109,0,0.45695669648769827,0.4309121003607521,35,blocked
35310,110,0,0.891352638615218,0.37865879181197226,35,blocked
35311,111,0,0.42142316186568174,0.4313254575278021,35,blocked
35312,112,0,0.4716603386133469,0.29252602058126453,35,blocked
35313,113,0,0.12667201376960743,0.5637091841828625,35,blocked
35314,114,0,0.7497730421203574,0.4755808800280591,35,blocked
35315,115,0,0.6314859128600636,0.5766787048809097,35,blocked
35316,116,0,0.7110771259523133,0.4303933862099114,35,blocked
35317,117,0,0.5016157698587422,0.475993908036456,35,blocked
35318,118,0,0.35882850479582773,0.5881222652643777,35,blocked
35319,119,0,0.6063459654727361,0.4453599636079052,35,blocked
35320,120,0,0.6343854759239124,0.5635333771162838,35,blocked
35321,121,0,0.3019127869488012,0.5082565089139875,35,blocked
35322,122,0,0.5398114153250742,0.4108279759778567,35,blocked
35323,123,0,0.5245050353389439,0.5527026429880678,35,blocked
35324,124,0,0.8143221696704692,0.427914284674489,35,blocked
35325,125,0,0.6506246154438636,0.4963443020522761,35,blocked
35326,126,0,0.09303047525546798,0.5432079853026758,35,blocked
35327,127,0,0.3596969545449688,0.4947369305310352,35,blocked
35328,128,0,0.4862762242392738,0.3946920543910025,35,blocked
35329,129,0,0.5959322309295041,0.4345089876724927,35,blocked
35330,130,0,0.5083641622470053,0.37477775707790234,35,blocked
35331,131,0,0.5789366234947341,0.5363684569385243,35,blocked
35332,132,0,0.23845234295754456,0.42885377231801974,35,blocked
35333,133,0,0.4877469923615738,0.44734350141688206,35,blocked
35334,134,0,0.64557955346302,0.35818745854095846,35,blocked
35335,135,0,0.39652549147288846,0.4934542001057225,35,blocked
35336,136,0,0.5967330960033015,0.34509371627923835,35,blocked
35337,137,0,0.4923692557187589,0.4212244943413336,35,blocked
35338,138,0,0.7410929514620768,0.2885427186642121,35,blocked
35339,139,0,0.7392087333747239,0.533847414431827,35,blocked
35340,140,0,0.7278997560363014,0.5770266713597462,35,blocked
35341,141,0,0.15820874036714933,0.49915138728987174,35,blocked
35342,142,0,0.4738123511502356,0.660944700765616,35,blocked
35343,143,0,0.8506712272655208,0.31539302596173535,35,blocked
35344,144,0,0.2722707306667449,0.5446498228490371,35,blocked
35345,145,0,0.46577983385030297,0.3142049210704211,35,blocked
35346,146,0,0.3210210029544113,0.564708592315018,35,blocked
35347,147,0,0.6680560996518649,0.3659356679432278,35,blocked
35348,148,0,0.643741291986554,0.653473997313859,35,blocked
35349,149,0,0.6672302576119427,0.512163610332504,35,blocked
35350,150,0,0.5680804302897481,0.5366175122830413,35,blocked
35351,151,0,0.4368826554707338,0.4128528439882244,35,blocked
35352,152,0,0.6331190211676606,0.3845128679115364,35,blocked
35353,153,0,0.7701947194795915,0.433799125519743,35,blocked
35354,154,0,0.5340965851045738,0.486768951494019,35,blocked
35355,155,0,0.3464110184967837,0.3435323783246157,35,blocked
35356,156,0,0.41397045690699497,0.5598929297535082,35,blocked
35357,157,0,0.5668280896531777,0.458136317007497,35,blocked
35358,158,0,0.34268423656162,0.2627469477893794,35,blocked
35359,159,0,0.9243200260186455,0.39759551620734535,35,blocked
35360,160,0,0.27202497904346057,0.35747224494901186,35,blocked
35361,161,0,0.35712773951211235,0.5092711847448843,35,blocked
35362,162,0,0.6392536289766872,0.4734822029264334,35,blocked
35363,163,0,0.634894298820198,0.41531123793301095,35,blocked
35364,164,0,0.6465687515797203,0.3762307148071731,35,blocked
35365,165,0,0.6556647619613974,0.41357389295051306,35,blocked
35366,166,0,0.6721627559686947,0.5404136514539912,35,blocked
35367,167,0,0.8269269043970593,0.5431820877152437,35,blocked
35368,168,0,0.29864446709752823,0.35294731633060417,35,blocked
35369,169,0,0.35518942528427466,0.5026928706571566,35,blocked
35370,170,0,0.5552741013082686,0.41366852468094806,35,blocked
35371,171,0,0.6881382890076493,0.42148648517193216,35,blocked
35372,172,0,0.2870035794075992,0.43026876557017457,35,blocked
35373,173,0,0.492455919278869,0.46298987758367216,35,blocked
35374,174,0,0.47134623740265613,0.5906518284206678,35,blocked
35375,175,0,0.28400994633572996,0.5553375808498167,35,blocked
35376,176,0,0.9358856847241163,0.4695094280231151,35,blocked
35377,177,0,0.6920727157014611,0.4843699756322094,35,blocked
35378,178,0,0.6856781598228557,0.5288506950187798,35,blocked
35379,179,0,0.16179536200932845,0.49778439488957016,35,blocked
35380,180,0,0.3858320474911588,0.44130881984715997,35,blocked
35381,181,0,0.6985539172945845,0.42126440399101184,35,blocked
35382,182,0,0.8163913468849798,0.42929379106296917,35,blocked
35383,183,0,0.5557183951409129,0.3166819361484228,35,blocked
35384,184,0,0.37172875125851423,0.3448229799312027,35,blocked
35385,185,0,0.6124953018005959,0.5442039966097545,35,blocked
35386,186,0,0.17285864502977766,0.4933612517414676,35,blocked
35387,187,0,0.4713339326623453,0.3406570062368274,35,blocked
35388,188,0,0.62784621741652,0.5052417342148131,35,blocked
35389,189,0,0.3900520354994946,0.39839864485714116,35,blocked
35390,190,0,0.6538328539036896,0.37306964748241556,35,blocked
35391,191,0,0.6384428313616712,0.3877940832902586,35,blocked
35392,192,0,0.49580574384476783,0.2653740576541181,35,blocked
35393,193,0,0.4608339870088143,0.34541789289304536,35,blocked
35394,194,0,0.40700312768840574,0.38387902219598835,35,blocked
35395,195,0,0.6821553135069116,0.365717329725292,35,blocked
35396,196,0,0.4141272532775851,0.35961039859922395,35,blocked
35397,197,0,0.612108661468042,0.4697475836390047,35,blocked
35398,198,0,0.4488276356982296,0.3868441392044377,35,blocked
35399,199,0,0.14350161265136732,0.5102743638627186,35,blocked
35400,0,0,0.8499356207627345,0.5632806875749525,35,early
35401,1,0,0.7740537711993947,0.6045874027279072,35,early
35402,2,0,0.49072415336965536,0.3683239382152723,35,early
35403,3,0,0.8066545184352736,0.4346901456363811,35,early
35404,4,0,0.7221907934555696,0.37322160084984274,35,early
35405,5,0,0.8457603912556031,0.3700221628273048,35,early
35406,6,0,0.7761599398898745,0.4517385679700797,35,early
35407,7,0,0.4950515718338564,0.5759673273191745,35,early
35408,8,0,0.8627509238451077,0.5141373777430047,35,early
35409,9,0,0.41376812468771296,0.553164652399346,35,early
35410,10,0,0.7109561005535993,0.33963167325320687,35,early
35411,11,0,0.5924144702084337,0.38161108843931474,35,early
35412,12,0,0.46290200425643163,0.4581910414327338,35,early
35413,13,0,0.7973299039821805,0.437050308775399,35,early
35414,14,0,0.8758396038435685,0.4972087531878685,35,early
35415,15,0,0.4018607700648893,0.4982944260076255,35,early
35416,16,0,0.8049462186158822,0.2909272093868237,35,early
35417,17,0,0.36109125251633223,0.5105351468502735,35,early
35418,18,0,0.7918075912480923,0.37567171917445885,35,early
35419,19,0,0.6089902472675025,0.5389853610665931,35,early
35420,20,0,0.6430811621133614,0.4215653372875455,35,early
35421,21,0,0.7254417277751368,0.4711612805401282,35,early
35422,22,0,0.5316699080180838,0.6433632722190064,35,early
35423,23,0,0.9666670025421285,0.49384230685600694,35,early
35424,24,0,0.14890243266030811,0.6822811130139412,35,early
35425,25,0,0.5876914773414784,0.42996957649748524,35,early
35426,26,0,0.6993333894625515,0.4639638939323918,35,early
35427,27,0,0.29868236973294915,0.4029698988374842,35,early
35428,28,0,0.6636226522626986,0.4021536354010162,35,early
35429,29,0,0.37894518166643987,0.4544622707870988,35,early
35430,30,0,0.11828036295870321,0.5054566537976762,35,early
35431,31,0,0.5097031422960651,0.33574154372432174,35,early
35432,32,0,0.5701312287324246,0.412320179007551,35,early
35433,33,0,0.3224405495826408,0.391011172472065,35,early
35434,34,0,0.32135335754618466,0.48719962960156415,35,early
35435,35,0,0.6977061272410408,0.34162442543190685,35,early
35436,36,0,0.4245947689586565,0.6365922544859386,35,early
35437,37,0,0.7933069648231283,0.48156272872909023,35,early
35438,38,0,0.6879893957335501,0.40241962358356886,35,early
35439,39,0,0.9228406573564746,0.3435186543316506,35,early
35440,40,0,0.09622414417551792,0.509392747077999,35,early
35441,41,0,0.2066743976013653,0.4639403653571854,35,early
35442,42,0,0.1962262029341607,0.6179033625747916,35,early
35443,43,0,0.7926921562183733,0.4775602267645663,35,early
35444,44,0,0.4933458428755483,0.4355476238581499,35,early
35445,45,0,0.7010061792636221,0.3146650369336856,35,early
35446,46,0,0.7457392543383284,0.42615727882595156,35,early
35447,47,0,0.5232908722263281,0.4010373984801435,35,early
35448,48,0,0.6655647948972212,0.5366115826563819,35,early
35449,49,0,0.019016192625106433,0.6212959339477777,35,early
35450,50,0,0.34679547594087473,0.4243625864761562,35,early
35451,51,0,0.5559168267404475,0.4330137881586825,35,early
35452,52,0,0.7002411260578149,0.4206392285176572,35,early
35453,53,0,0.30188216155511466,0.532648122044094,35,early
35454,54,0,0.7966700455596682,0.4920433829040931,35,early
35455,55,0,0.10394319671382433,0.4511976576116127,35,early
35456,56,0,0.2955975133747677,0.4660053891618327,35,early
35457,57,0,0.37396680831699136,0.2900477827506728,35,early
35458,58,0,0.5622057724348857,0.4143614404177517,35,early
35459,59,0,0.3798319670418192,0.6165063289341144,35,early
35460,60,0,0.6875142378758439,0.39553046326302577,35,early
35461,61,0,0.6214809088541,0.49348461593562776,35,early
35462,62,0,0.8526296599456665,0.44485307576247424,35,early
35463,63,0,0.321861903135216,0.4640116653621925,35,early
35464,64,0,0.5443387989271951,0.3535678035947045,35,early
35465,65,0,0.09843619225077982,0.7920846924778611,35,early
35466,66,0,0.28812421585348236,0.39111043707787824,35,early
35467,67,0,0.5390637023808394,0.2813864926210594,35,early
35468,68,0,0.5522087196333253,0.3927211735630709,35,early
35469,69,0,0.6267363545579776,0.3446934178866877,35,early
35470,70,0,0.18104316983444896,0.33880164344743824,35,early
35471,71,0,0.16067607990051483,0.5345522373395419,35,early
35472,72,0,0.3381271063205861,0.3973252101988647,35,early
35473,73,0,0.37801039878144316,0.4667648591877605,35,early
35474,74,0,0.6603276806430545,0.44550968824752724,35,early
35475,75,0,0.47791413580979436,0.40645021679399695,35,early
35476,76,0,0.55290633013016,0.47857944412314435,35,early
35477,77,0,0.32246321777747633,0.4138866434140173,35,early
35478,78,0,0.9165727249769209,0.31743124841632,35,early
35479,79,0,0.4067539322356683,0.5277736097242696,35,early
35480,80,0,0.5905919005360123,0.41255673378272345,35,early
35481,81,0,0.6452359488941701,0.4666210095737342,35,early
35482,82,0,0.5226494052626457,0.6102766219185787,35,early
35483,83,0,0.5675648035759033,0.2819640697309713,35,early
35484,84,0,0.7132557579919325,0.30890191279369683,35,early
35485,85,0,0.7295020391524029,0.3918726093342033,35,early
35486,86,0,0.4609811549655939,0.6061365324245351,35,early
35487,87,0,0.32444204563138224,0.5268012928766981,35,early
35488,88,0,0.19294640722456252,0.49947711055515065,35,early
35489,89,0,0.3308317696261976,0.4008018509077206,35,early
35490,90,0,0.5600789394868553,0.3561108651024634,35,early
35491,91,0,0.6325439137558835,0.3134066950074322,35,early
35492,92,0,0.8630250929224836,0.41160606841333336,35,early
35493,93,0,0.4789307861031692,0.5336741468655026,35,early
35494,94,0,0.2189813761431577,0.4378802996337975,35,early
35495,95,0,0.670932477366213,0.4407103551351576,35,early
35496,96,0,0.4000030321087249,0.40453003283726496,35,early
35497,97,0,0.120801702442412,0.5449890298606226,35,early
35498,98,0,0.5065169363117595,0.518089735274212,35,early
35499,99,0,0.4136775629060637,0.5735479421752869,35,early
35500,100,0,0.6040963856761407,0.443671931211738,35,early
35501,101,0,0.7688695085836357,0.4000810679883745,35,early
35502,102,0,0.4004767410239473,0.49892174506235115,35,early
35503,103,0,0.28437745134409376,0.39276507644110803,35,early
35504,104,0,0.12792894151550643,0.41183401405160663,35,early
35505,105,0,0.35310060865773235,0.3069461236513822,35,early
35506,106,0,0.34228563301362697,0.37069962545164425,35,early
35507,107,0,0.6573157531581528,0.4333642931252799,35,early
35508,108,0,0.31799675706201835,0.3041245376872277,35,early
35509,109,0,0.6131740136559883,0.3451791471510049,35,early
35510,110,0,0.10553727480371727,0.3071015170190697,35,early
35511,111,0,0.037457430826400406,0.3304604003620695,35,early
35512,112,0,0.46767619650382053,0.3858734430187394,35,early
35513,113,0,0.8670947042935389,0.3572225776539504,35,early
35514,114,0,0.2572575122824497,0.41227317186882806,35,early
35515,115,0,0.9434728519862492,0.47405297836154797,35,early
35516,116,0,0.2754644037391056,0.5920053521113029,35,early
35517,117,0,0.16591441172994276,0.24603414237684193,35,early
35518,118,0,0.6111172428930859,0.39210564704318107,35,early
35519,119,0,0.9324954700853783,0.44994420366307897,35,early
35520,120,0,0.3926893818806317,0.4425917807839478,35,early
35521,121,0,0.5694902357687124,0.32732309282617045,35,early
35522,122,0,0.2355917333015533,0.3639701780983122,35,early
35523,123,0,0.18963641157092337,0.2780570871422768,35,early
35524,124,0,0.5766198609601975,0.4192655449530366,35,early
35525,125,0,0.4160176148497291,0.3801582020299824,35,early
35526,126,0,0.415643622051063,0.31544268641015927,35,early
35527,127,0,0.5400049291894458,0.2810766029100237,35,early
35528,128,0,0.658726245024611,0.3123103384238619,35,early
35529,129,0,0.4871639083806626,0.4097027788167067,35,early
35530,130,0,0.3949481282389612,0.36085414171232216,35,early
35531,131,0,0.30332106910041884,0.46983591901218624,35,early
35532,132,0,0.5804324790332092,0.37007586780555557,35,early
35533,133,0,0.4465689155284654,0.2983814507673055,35,early
35534,134,0,0.5665259672947179,0.5002194813455392,35,early
35535,135,0,0.4515476043134908,0.3552294781408483,35,early
35536,136,0,0.5883635518173075,0.27422863290240385,35,early
35537,137,0,0.646591819393812,0.29896207666870833,35,early
35538,138,0,0.564659542964775,0.34434604520140644,35,early
35539,139,0,0.3505128367512586,0.5912844838446845,35,early
35540,140,0,0.17744883066370765,0.3302449908232925,35,early
35541,141,0,0.6110409328281734,0.27913630202608775,35,early
35542,142,0,0.35618268793900587,0.4791839697073831,35,early
35543,143,0,0.28479809985392535,0.3575170639786399,35,early
35544,144,0,0.42780084120535267,0.5012127085154673,35,early
35545,145,0,0.8885906327898592,0.43649582120036823,35,early
35546,146,0,0.527797313236571,0.379075077631968,35,early
35547,147,0,0.7859162754190772,0.32590880686362983,35,early
35548,148,0,0.6013450363327699,0.3534258076254776,35,early
35549,149,0,0.4654892686532713,0.40561658962894154,35,early
35550,150,0,0.649348764709671,0.30999564435950056,35,early
35551,151,0,0.5420576790772481,0.4971371656836086,35,early
35552,152,0,0.6533203055324441,0.4389942313906704,35,early
35553,153,0,0.3334415466353897,0.5155657534456763,35,early
35554,154,0,0.27259934664759394,0.490982008851899,35,early
35555,155,0,0.7857391499331955,0.4440290827428791,35,early
35556,156,0,0.4410639659270429,0.47364286716846093,35,early
35557,157,0,0.33996378820586814,0.3274937593427383,35,early
35558,158,0,0.5611094446656975,0.3809941423164348,35,early
35559,159,0,0.36228081462779416,0.4715002273369011,35,early
35560,160,0,0.5425774424778074,0.39368983639275806,35,early
35561,161,0,0.6458368872990077,0.34905240632835416,35,early
35562,162,0,0.40776970655740663,0.3252077316638756,35,early
35563,163,0,0.6054743662188021,0.35683450950122114,35,early
35564,164,0,0.5837157725151508,0.5748948881789762,35,early
35565,165,0,0.5117004889661017,0.3246380429632078,35,early
35566,166,0,0.7559691921473835,0.35303242992490413,35,early
35567,167,0,0.24531241699946138,0.36674270753578514,35,early
35568,168,0,0.6379548005668262,0.31583554327225105,35,early
35569,169,0,0.36716499668864727,0.3101515548478889,35,early
35570,170,0,0.6862741191949346,0.47603770098601206,35,early
35571,171,0,0.13455379776690476,0.40538859950044565,35,early
35572,172,0,0.1868501859655301,0.3707301936755809,35,early
35573,173,0,0.17630416484293393,0.5435708213746928,35,early
35574,174,0,0.3423581353098094,0.3370870151095189,35,early
35575,175,0,0.8039654023832037,0.5013285517133772,35,early
35576,176,0,0.3026720408501654,0.4882777739238423,35,early
35577,177,0,0.2586176839259849,0.34156127327716335,35,early
35578,178,0,0.6206723027306749,0.38696707305258593,35,early
35579,179,0,0.34809260062768443,0.46684187657606613,35,early
35580,180,0,0.3634640242257287,0.31317507725969285,35,early
35581,181,0,0.3761775899858296,0.3309161915462675,35,early
35582,182,0,0.577647898881341,0.2813420433966938,35,early
35583,183,0,0.4497176077068029,0.3550209921207942,35,early
35584,184,0,0.5104185778530705,0.35345645251525803,35,early
35585,185,0,0.327058197564614,0.3819686758678591,35,early
35586,186,0,0.4567993194663981,0.4067925971544797,35,early
35587,187,0,0.7827230882594785,0.38344374651926716,35,early
35588,188,0,0.25553278834777193,0.3101199460653382,35,early
35589,189,0,0.4747889889467182,0.3682458240776799,35,early
35590,190,0,0.8361293959466517,0.37869467768668985,35,early
35591,191,0,0.8067555041621135,0.325284955305557,35,early
35592,192,0,0.20175511653938863,0.3961174391791358,35,early
35593,193,0,0.2748202501976554,0.27474518625703137,35,early
35594,194,0,0.6915107742375798,0.4549066299466741,35,early
35595,195,0,0.3147529628737395,0.44842584746177183,35,early
35596,196,0,0.1934654854853282,0.34945541267978975,35,early
35597,197,0,0.047264506342725665,0.3502780398174996,35,early
35598,198,0,0.4210302954003292,0.2565738242331271,35,early
35599,199,0,0.5652285121129739,0.2549956616606568,35,early
35600,0,0,0.5970587208603956,0.7096972227775917,35,middle
35601,1,0,0.6283548738505016,0.5223496829572786,35,middle
35602,2,0,0.28806183087410553,0.46480206903800225,35,middle
35603,3,0,0.7050544330299614,0.4334480275814657,35,middle
35604,4,0,0.5749917292214914,0.46120723891069204,35,middle
35605,5,0,0.34812297376067247,0.385645246199221,35,middle
35606,6,0,0.07602417146311842,0.7094405376202768,35,middle
35607,7,0,0.8865278673795538,0.4961728955870474,35,middle
35608,8,0,0.5337309491910968,0.38862930518638256,35,middle
35609,9,0,0.5580693247666757,0.5273463626009248,35,middle
35610,10,0,0.5174030381032293,0.39358330208148795,35,middle
35611,11,0,0.21899437386936324,0.5767361101694415,35,middle
35612,12,0,0.9340474179070803,0.4392748344605842,35,middle
35613,13,0,0.8121398003936036,0.46664190139781214,35,middle
35614,14,0,0.7443154167892316,0.4151348173447512,35,middle
35615,15,0,0.5850114678149824,0.4721692643480629,35,middle
35616,16,0,0.08734907535147374,0.6300085834075799,35,middle
35617,17,0,0.3650459415115168,0.5166097591299368,35,middle
35618,18,0,0.338454003312441,0.5087191054191422,35,middle
35619,19,0,0.7860471693116471,0.47297402159352925,35,middle
35620,20,0,0.7841289054158762,0.5834366234566937,35,middle
35621,21,0,0.4212090056750964,0.4070960093597764,35,middle
35622,22,0,0.7520109596210951,0.3864546187835631,35,middle
35623,23,0,0.4782700199870403,0.4745508837994329,35,middle
35624,24,0,0.2648862590951885,0.5430768647926357,35,middle
35625,25,0,0.40422240868722187,0.5388083139687245,35,middle
35626,26,0,0.5550604149833468,0.48948177530255144,35,middle
35627,27,0,0.514939112635112,0.47644509513455463,35,middle
35628,28,0,0.26530034731996877,0.4009205406815204,35,middle
35629,29,0,0.5170687885191152,0.4990872971302227,35,middle
35630,30,0,0.278219722797462,0.4130832819312339,35,middle
35631,31,0,0.8092676281455835,0.5232198564399893,35,middle
35632,32,0,0.5188395745812004,0.5121145146382744,35,middle
35633,33,0,0.0561244155603715,0.47428468509386423,35,middle
35634,34,0,0.08192511025452613,0.4694118659477061,35,middle
35635,35,0,0.18454751964663332,0.4109824540812478,35,middle
35636,36,0,0.17544474142985889,0.3495855241446165,35,middle
35637,37,0,0.6148407721948188,0.3752584664381974,35,middle
35638,38,0,0.5014999887599313,0.35855498484152903,35,middle
35639,39,0,0.37328983169931673,0.4251871338338653,35,middle
35640,40,0,0.04588511653596453,0.5290568536483481,35,middle
35641,41,0,0.7344675266625794,0.4230348293304909,35,middle
35642,42,0,0.5501909418512799,0.47824096756549694,35,middle
35643,43,0,0.6829940069886875,0.3988446226484569,35,middle
35644,44,0,0.1721403320758278,0.49356351104892304,35,middle
35645,45,0,0.7908981494763693,0.6546463805891821,35,middle
35646,46,0,0.4932484293469125,0.4376052962632252,35,middle
35647,47,0,0.4437200696844854,0.47010548658528617,35,middle
35648,48,0,0.3150928402105761,0.4674581894200369,35,middle
35649,49,0,0.45760792021715235,0.37840357866164803,35,middle
35650,50,0,0.432681535255522,0.5029593515524948,35,middle
35651,51,0,0.7986715022176294,0.4201037770455659,35,middle
35652,52,0,0.4392513643846663,0.3764736569690842,35,middle
35653,53,0,0.8430094016290025,0.42481214344673807,35,middle
35654,54,0,0.07293474727805582,0.5203431126673898,35,middle
35655,55,0,0.3233331830901178,0.3794727332724929,35,middle
35656,56,0,0.13258985270688636,0.48085766004114916,35,middle
35657,57,0,0.6006977358749892,0.48764619612467386,35,middle
35658,58,0,0.815359457814514,0.5859470586833752,35,middle
35659,59,0,0.9828820462278959,0.39189784469909555,35,middle
35660,60,0,0.9705416622865184,0.42783889731364233,35,middle
35661,61,0,0.32252266455043077,0.5397815579925249,35,middle
35662,62,0,0.24585398977795492,0.28850311565726006,35,middle
35663,63,0,0.5866016714196188,0.4042385131108113,35,middle
35664,64,0,0.5371661090532962,0.42813664627176495,35,middle
35665,65,0,0.9127058753818709,0.39175103474376705,35,middle
35666,66,0,0.6340978688368737,0.3935061083089636,35,middle
35667,67,0,0.9713002938216904,0.32963384046356864,35,middle
35668,68,0,0.14950336818468737,0.3882247384659675,35,middle
35669,69,0,0.7031738587785205,0.3533255707867394,35,middle
35670,70,0,0.5070583474078306,0.4285668938479933,35,middle
35671,71,0,0.7105525404914041,0.46680261161510916,35,middle
35672,72,0,0.6769713708996993,0.44612870201513394,35,middle
35673,73,0,0.39904986595057873,0.459823169393337,35,middle
35674,74,0,0.8459198733889616,0.3900699358774876,35,middle
35675,75,0,0.936682247049028,0.34787210324463347,35,middle
35676,76,0,0.9568124576194608,0.3971956621640528,35,middle
35677,77,0,0.3164678878460707,0.41158412962101243,35,middle
35678,78,0,0.8142735093459045,0.5569453247037496,35,middle
35679,79,0,0.4763556064896232,0.44237167820117135,35,middle
35680,80,0,0.5162582121569992,0.4134968170155641,35,middle
35681,81,0,0.6368916856752127,0.4543497352863807,35,middle
35682,82,0,0.6182744078109601,0.50540168524007,35,middle
35683,83,0,0.8853223517274911,0.4045955451203945,35,middle
35684,84,0,0.8355250892947295,0.3494554187107022,35,middle
35685,85,0,0.5859076975140934,0.37493120671218294,35,middle
35686,86,0,0.5096329599513157,0.436329322886987,35,middle
35687,87,0,0.2608837248909804,0.39042869944330194,35,middle
35688,88,0,0.45359675165028646,0.3469905941401577,35,middle
35689,89,0,0.4268401487532188,0.38815618602857666,35,middle
35690,90,0,0.7783684857482818,0.5769740923405389,35,middle
35691,91,0,0.6165800624609928,0.4864297881634305,35,middle
35692,92,0,0.32215257045814033,0.32883273084704256,35,middle
35693,93,0,0.4275359311340575,0.3763046751720853,35,middle
35694,94,0,0.4481583033706781,0.37467451121910966,35,middle
35695,95,0,0.5543917181193311,0.41054997230739054,35,middle
35696,96,0,0.5124417886979962,0.3534309249947317,35,middle
35697,97,0,0.22834056299948702,0.5235818758327283,35,middle
35698,98,0,0.825350560151412,0.42401813170444735,35,middle
35699,99,0,0.35382077166861786,0.4452784503788247,35,middle
35700,100,0,0.37181673037154983,0.45259007597751366,35,middle
35701,101,0,0.7307409048898572,0.4043688188424201,35,middle
35702,102,0,0.5978759255058517,0.3649232350969599,35,middle
35703,103,0,0.61464837997714,0.378476511696091,35,middle
35704,104,0,0.586562131356996,0.4066736846974975,35,middle
35705,105,0,0.46060015515093145,0.41610488101518106,35,middle
35706,106,0,0.6108302975760262,0.39823215526008415,35,middle
35707,107,0,0.8673868925343141,0.340106848104114,35,middle
35708,108,0,0.3361570613415156,0.39580021664773196,35,middle
35709,109,0,0.5904508748230544,0.5176783774104597,35,middle
35710,110,0,0.8873300517270706,0.4746656992067645,35,middle
35711,111,0,0.8860113085454031,0.38002843611396553,35,middle
35712,112,0,0.8144922048974407,0.38086325706007484,35,middle
35713,113,0,0.4805582279174986,0.44078195041935286,35,middle
35714,114,0,0.8297937829691839,0.31817014234345126,35,middle
35715,115,0,0.541924366419752,0.3335460741276841,35,middle
35716,116,0,0.3419065122442172,0.47792920267033073,35,middle
35717,117,0,0.9050097777827679,0.407118077672624,35,middle
35718,118,0,0.28011828113572773,0.3485054821872127,35,middle
35719,119,0,0.6689343641271747,0.39064847229896926,35,middle
35720,120,0,0.5545177669763466,0.43093942446046757,35,middle
35721,121,0,0.6268509184271743,0.3074159000635406,35,middle
35722,122,0,0.2514556991295315,0.3905656993023449,35,middle
35723,123,0,0.7399632246878318,0.41296881833191357,35,middle
35724,124,0,0.7327502587914542,0.28979387315729344,35,middle
35725,125,0,0.6695772151418278,0.33612322583161997,35,middle
35726,126,0,0.21577505643029532,0.5810069264819413,35,middle
35727,127,0,0.36646055868148497,0.5546665171788137,35,middle
35728,128,0,0.6474233715668166,0.3281427040259853,35,middle
35729,129,0,0.4325739220263146,0.3844755657405313,35,middle
35730,130,0,0.9347766675528121,0.4706695221592976,35,middle
35731,131,0,0.5423343134655871,0.33264187514402976,35,middle
35732,132,0,0.9062706480596392,0.2736335484580593,35,middle
35733,133,0,0.7364658381755838,0.4134473861636868,35,middle
35734,134,0,0.39295777076115385,0.38017242820582214,35,middle
35735,135,0,0.8873586616609058,0.5312708222403509,35,middle
35736,136,0,0.45773019585085095,0.41389369033341983,35,middle
35737,137,0,0.8209889516636858,0.3671967774206445,35,middle
35738,138,0,0.5030828525106945,0.5806425209147796,35,middle
35739,139,0,0.5442240756511336,0.31230690065006633,35,middle
35740,140,0,0.345930950864904,0.3889246564222849,35,middle
35741,141,0,0.9029558738897694,0.38653218816712764,35,middle
35742,142,0,0.8072193688808404,0.32063737138011433,35,middle
35743,143,0,0.677208613489177,0.36917423525380577,35,middle
35744,144,0,0.3306167209746675,0.3266650638386037,35,middle
35745,145,0,0.6792193698884356,0.4828774662365153,35,middle
35746,146,0,0.5510677918815204,0.3658622536945605,35,middle
35747,147,0,0.4896652711716522,0.3980946290305954,35,middle
35748,148,0,0.8217643746928063,0.36188759633820744,35,middle
35749,149,0,0.9772913150160791,0.5675303827955229,35,middle
35750,150,0,0.18374007796956188,0.41817904377962245,35,middle
35751,151,0,0.4150612048888066,0.5169828627874827,35,middle
35752,152,0,0.07795320366586,0.6285273323335553,35,middle
35753,153,0,0.5311710828060879,0.34153075438631186,35,middle
35754,154,0,0.9358902080731455,0.3135805662466876,35,middle
35755,155,0,0.5252237202959824,0.4464081907570899,35,middle
35756,156,0,0.6486223679676699,0.47800432267640897,35,middle
35757,157,0,0.8921031448655031,0.37484066406712757,35,middle
35758,158,0,0.5274265767448861,0.3041708575296508,35,middle
35759,159,0,0.35482025885209234,0.42643619939388405,35,middle
35760,160,0,0.5097651569047801,0.40797693589923045,35,middle
35761,161,0,0.6897060034696076,0.4179106091201789,35,middle
35762,162,0,0.9603619844765453,0.27238710825448165,35,middle
35763,163,0,0.2370232925234753,0.4811775006681142,35,middle
35764,164,0,0.27532626087934237,0.5281788856832473,35,middle
35765,165,0,0.5712236467602598,0.3705612285985431,35,middle
35766,166,0,0.5190979056357514,0.398500093848914,35,middle
35767,167,0,0.5757028440729447,0.35448399620234616,35,middle
35768,168,0,0.9349715671083563,0.34456867264575364,35,middle
35769,169,0,0.5916628439567306,0.35387817759721474,35,middle
35770,170,0,0.8487928109422016,0.4311278330773277,35,middle
35771,171,0,0.49064000532746727,0.2726324525138173,35,middle
35772,172,0,0.6040799982029532,0.29249628227986535,35,middle
35773,173,0,0.4761302158414792,0.3551656564994307,35,middle
35774,174,0,0.31207735775867057,0.5096421167843148,35,middle
35775,175,0,0.5270233965693061,0.33023946909826757,35,middle
35776,176,0,0.8310605451966324,0.37937528679756727,35,middle
35777,177,0,0.5714159099132006,0.34885289582456547,35,middle
35778,178,0,0.7746535785570274,0.3079767927361192,35,middle
35779,179,0,0.44278799144737424,0.43938638894750764,35,middle
35780,180,0,0.21826587506693435,0.573634964553319,35,middle
35781,181,0,0.7363102426024987,0.4599858310474576,35,middle
35782,182,0,0.259995867381538,0.33869433383485376,35,middle
35783,183,0,0.6235888162508844,0.3129849515129828,35,middle
35784,184,0,0.7716057421585529,0.31273634080416873,35,middle
35785,185,0,0.7398042257963442,0.3097296635605744,35,middle
35786,186,0,0.715924263581789,0.2943324542860066,35,middle
35787,187,0,0.3846835908095905,0.4072831149114189,35,middle
35788,188,0,0.4229281475260741,0.3845181926515141,35,middle
35789,189,0,0.9680716928300706,0.3303084160512102,35,middle
35790,190,0,0.09247301334016803,0.409234310186491,35,middle
35791,191,0,0.6901237373977086,0.5435832897624907,35,middle
35792,192,0,0.0992812096714005,0.37385056156192975,35,middle
35793,193,0,0.6769062409084419,0.3063905002727606,35,middle
35794,194,0,0.4318586924435216,0.3019873003135419,35,middle
35795,195,0,0.5076423098364069,0.48281551359837876,35,middle
35796,196,0,0.5475271288913177,0.39485783427452614,35,middle
35797,197,0,0.4714722652830268,0.3751228835869577,35,middle
35798,198,0,0.8104420227801705,0.38098116163028983,35,middle
35799,199,0,0.8238360167632566,0.3099879799973705,35,middle
35800,0,0,0.755070325914318,0.5169782402184462,35,late
35801,1,0,0.6743851894205792,0.6436733789837341,35,late
35802,2,0,0.9241151237688432,0.44762769493047416,35,late
35803,3,0,0.3597445892444569,0.5700949783418832,35,late
35804,4,0,0.7825784083009578,0.4273006443121089,35,late
35805,5,0,0.5384030697471127,0.44310487340430893,35,late
35806,6,0,0.5791164406723288,0.4355374445552683,35,late
35807,7,0,0.4866705636641865,0.44000122584441426,35,late
35808,8,0,0.27086141281774717,0.5361862516448177,35,late
35809,9,0,0.8205075699967741,0.5441386339474099,35,late
35810,10,0,0.631748804190968,0.6829594444299988,35,late
35811,11,0,0.5036501098397831,0.5158045784642593,35,late
35812,12,0,0.6024789307706162,0.3611004454770876,35,late
35813,13,0,0.6326828449496291,0.4460724298482841,35,late
35814,14,0,0.9348669295175924,0.4067317366429658,35,late
35815,15,0,0.32302362845782884,0.486824079532838,35,late
35816,16,0,0.27429286895824007,0.5358674689902649,35,late
35817,17,0,0.053363793652792826,0.7091384177495765,35,late
35818,18,0,0.42899158410020877,0.3809340319750867,35,late
35819,19,0,0.45878318985751687,0.7915627013082714,35,late
35820,20,0,0.5538862540946884,0.506427901054614,35,late
35821,21,0,0.8804923666866136,0.3152144341748159,35,late
35822,22,0,0.509340960553386,0.5153868387613003,35,late
35823,23,0,0.5727324042168767,0.3969162025776427,35,late
35824,24,0,0.41762848461733526,0.4098594323810363,35,late
35825,25,0,0.5760172693950749,0.3271482184665441,35,late
35826,26,0,0.6064280411365239,0.5225346455430155,35,late
35827,27,0,0.834151892116052,0.4172456337543774,35,late
35828,28,0,0.5247886109943729,0.5922387877875904,35,late
35829,29,0,0.6430715755092573,0.48962831950366115,35,late
35830,30,0,0.7694674957087382,0.5586376458252851,35,late
35831,31,0,0.5553903783027282,0.5006804843763958,35,late
35832,32,0,0.34277332981980085,0.45445537783237644,35,late
35833,33,0,0.6602125550423404,0.4045231666913359,35,late
35834,34,0,0.7869979320248617,0.5323530126245135,35,late
35835,35,0,0.42750785702116656,0.4758379724830833,35,late
35836,36,0,0.43191542160377594,0.4349992198049605,35,late
35837,37,0,0.16547624606514635,0.4894319965858501,35,late
35838,38,0,0.4829304076700155,0.548741796548409,35,late
35839,39,0,0.2868416885088861,0.42593892066277156,35,late
35840,40,0,0.7138675605408902,0.5636298927316017,35,late
35841,41,0,0.4597288442013035,0.5483729728217651,35,late
35842,42,0,0.8097225187809377,0.40048937841491955,35,late
35843,43,0,0.4570962688942155,0.5896017183902702,35,late
35844,44,0,0.5255701281290605,0.7109824941428919,35,late
35845,45,0,0.3685249483300915,0.5306874707866683,35,late
35846,46,0,0.7755687001732531,0.6789648632016978,35,late
35847,47,0,0.051460850583615034,0.8015491578580733,35,late
35848,48,0,0.5379958675302087,0.46609744140935727,35,late
35849,49,0,0.8441730717266418,0.5560449793286104,35,late
35850,50,0,0.5595497237434957,0.5216849706400414,35,late
35851,51,0,0.7429968565102527,0.4259390894391606,35,late
35852,52,0,0.413205982976497,0.5639428170903705,35,late
35853,53,0,0.7975919845287505,0.433820865274749,35,late
35854,54,0,0.7090041168405172,0.6775335792298454,35,late
35855,55,0,0.42252443227447845,0.5466295995211047,35,late
35856,56,0,0.5021884835703241,0.41142193563315377,35,late
35857,57,0,0.5550134493408534,0.6137696396889927,35,late
35858,58,0,0.47291768573465476,0.5320146026086793,35,late
35859,59,0,0.3539801446325566,0.5303954858302546,35,late
35860,60,0,0.6962009199458189,0.42978227135654934,35,late
35861,61,0,0.6305347008457889,0.505871764988509,35,late
35862,62,0,0.39205264732667,0.5182368626945792,35,late
35863,63,0,0.07766489843287086,0.47695339142188287,35,late
35864,64,0,0.7334283737912353,0.5577720930253803,35,late
35865,65,0,0.6503079776824101,0.3738017570826943,35,late
35866,66,0,0.3346612561944809,0.7069065258249642,35,late
35867,67,0,0.34610792514091726,0.5056479990338524,35,late
35868,68,0,0.3428479766608017,0.40964950219472424,35,late
35869,69,0,0.3921101779383306,0.41892608987379604,35,late
35870,70,0,0.452977344564917,0.37653753037018034,35,late
35871,71,0,0.24052806410944366,0.49975869124709127,35,late
35872,72,0,0.7680882858623813,0.44738612835310054,35,late
35873,73,0,0.7003623488948381,0.4429639298369409,35,late
35874,74,0,0.20850141175163422,0.4394749053924392,35,late
35875,75,0,0.4738366195937656,0.4220028162113758,35,late
35876,76,0,0.48754619352035844,0.4518382014905392,35,late
35877,77,0,0.787677342050317,0.27272658138513844,35,late
35878,78,0,0.42102888832450397,0.43081971295379273,35,late
35879,79,0,0.3871427153129403,0.5115995321017544,35,late
35880,80,0,0.9667280644471099,0.4366257137470444,35,late
35881,81,0,0.4517067343742184,0.5715728802717914,35,late
35882,82,0,0.3741306598161999,0.459860390316275,35,late
35883,83,0,0.666121293343139,0.36703992992073814,35,late
35884,84,0,0.9744129238603746,0.47949404454168565,35,late
35885,85,0,0.3458888813743398,0.6933631975702389,35,late
35886,86,0,0.255585219131471,0.43757957921111346,35,late
35887,87,0,0.35604857738312623,0.42414349509075444,35,late
35888,88,0,0.5121345295574526,0.5138614473379931,35,late
35889,89,0,0.8899095017054346,0.5029587768427057,35,late
35890,90,0,0.635635732592025,0.5572155129290756,35,late
35891,91,0,0.6341420771162708,0.5045410713143937,35,late
35892,92,0,0.8807294818658198,0.3916300420758204,35,late
35893,93,0,0.45609346925320565,0.4330779132672733,35,late
35894,94,0,0.1442051313233315,0.5182105222070147,35,late
35895,95,0,0.4362420110981078,0.46630002888875943,35,late
35896,96,0,0.722026422413518,0.38199805239639906,35,late
35897,97,0,0.860143508321387,0.3645701284927513,35,late
35898,98,0,0.26501058501477287,0.5149303140597994,35,late
35899,99,0,0.7436847917290836,0.387538659763099,35,late
35900,100,0,0.5193587283765435,0.32353021965182843,35,late
35901,101,0,0.4421646560595725,0.45671350890415796,35,late
35902,102,0,0.9008992826759052,0.5491054050389841,35,late
35903,103,0,0.7789161796823694,0.5222759627523603,35,late
35904,104,0,0.9709077102579238,0.30900937243623605,35,late
35905,105,0,0.9510457341532097,0.44529995510410714,35,late
35906,106,0,0.6270376244044077,0.5244044763289741,35,late
35907,107,0,0.5301802999277208,0.5646107820600312,35,late
35908,108,0,0.7417204033508122,0.4121450381417092,35,late
35909,109,0,0.8456834606078132,0.4569451261831814,35,late
35910,110,0,0.19039794935583426,0.5042254735272327,35,late
35911,111,0,0.4087726145552161,0.4858650353793671,35,late
35912,112,0,0.05264693018995071,0.49957109146730194,35,late
35913,113,0,0.9399152997912488,0.4328854393736574,35,late
35914,114,0,0.3556741689825294,0.5694682922495269,35,late
35915,115,0,0.5273021282433352,0.5171990610980357,35,late
35916,116,0,0.7577704923883932,0.48103729817471197,35,late
35917,117,0,0.013163312175257702,0.6259624864051186,35,late
35918,118,0,0.40327432132938323,0.39980644875844085,35,late
35919,119,0,0.7695671918629936,0.3371460334539751,35,late
35920,120,0,0.5578849293565242,0.5180302052278863,35,late
35921,121,0,0.8935662931350278,0.38871521720746954,35,late
35922,122,0,0.0828857973564352,0.6838511837336962,35,late
35923,123,0,0.5246487867227969,0.44229979761662586,35,late
35924,124,0,0.3978967598306201,0.40871501256124065,35,late
35925,125,0,0.6329169061080501,0.43510206953295494,35,late
35926,126,0,0.30638486028297307,0.7006276096428792,35,late
35927,127,0,0.6321401604564455,0.3057916042591412,35,late
35928,128,0,0.10140460294637577,0.4189389351627332,35,late
35929,129,0,0.5050052042239012,0.3784456855675096,35,late
35930,130,0,0.24894542269199688,0.4160015192824706,35,late
35931,131,0,0.23314324809398687,0.4905287196917142,35,late
35932,132,0,0.21708840843271485,0.40181639699940974,35,late
35933,133,0,0.4804922451875192,0.5072536257235823,35,late
35934,134,0,0.5116567169674757,0.2947015584890075,35,late
35935,135,0,0.44509583631484306,0.47038612831676785,35,late
35936,136,0,0.2369670060392634,0.61614800308421,35,late
35937,137,0,0.5820976710414887,0.40908185422142174,35,late
35938,138,0,0.22192065142137496,0.5120174879977819,35,late
35939,139,0,0.31013315880731407,0.591066410061643,35,late
35940,140,0,0.3493403986288084,0.34133747411999915,35,late
35941,141,0,0.37085908064755724,0.44964521867910645,35,late
35942,142,0,0.48079319341702126,0.363885862077677,35,late
35943,143,0,0.6438624152260701,0.5145158953677003,35,late
35944,144,0,0.19170877939669076,0.5169752598683237,35,late
35945,145,0,0.31883640004042335,0.3628167093654107,35,late
35946,146,0,0.362303575201564,0.3768035288213776,35,late
35947,147,0,0.8535942900722082,0.3594992483487902,35,late
35948,148,0,0.4488428253936467,0.4343271076188186,35,late
35949,149,0,0.1541189984151408,0.4365051210079274,35,late
35950,150,0,0.46843633120055717,0.321028659999906,35,late
35951,151,0,0.541928743064567,0.43973556175088,35,late
35952,152,0,0.8617573534003408,0.3624515243589329,35,late
35953,153,0,0.2548988076466602,0.6168135081761321,35,late
35954,154,0,0.8208579804272981,0.45544459518487,35,late
35955,155,0,0.7427926250387276,0.27742996167153156,35,late
35956,156,0,0.28026706455013645,0.4566319904436889,35,late
35957,157,0,0.6917476998326733,0.31083218348827213,35,late
35958,158,0,0.6699636653778135,0.4330323509517061,35,late
35959,159,0,0.9088920494059256,0.41466240009925526,35,late
35960,160,0,0.5355785297095487,0.39971781878650786,35,late
35961,161,0,0.6164994646436801,0.32280784627018966,35,late
35962,162,0,0.6780470007172099,0.29780488143058437,35,late
35963,163,0,0.9044782398541515,0.3866448840194289,35,late
35964,164,0,0.3888695846442395,0.437891880366172,35,late
35965,165,0,0.48778621940871003,0.3824085639698488,35,late
35966,166,0,0.20559910865868491,0.43185897167206455,35,late
35967,167,0,0.22883560817532328,0.33591506756215783,35,late
35968,168,0,0.40038312445580504,0.3324643500025922,35,late
35969,169,0,0.12323866821755075,0.5300558693732489,35,late
35970,170,0,0.525093639757223,0.3806052252303713,35,late
35971,171,0,0.15025884602691036,0.3505649016342175,35,late
35972,172,0,0.3361290198108989,0.35928063262624144,35,late
35973,173,0,0.599682973914618,0.3979899028706154,35,late
35974,174,0,0.2823240282681072,0.6028656190179607,35,late
35975,175,0,0.34261086406607455,0.5127866295159478,35,late
35976,176,0,0.6110906268547457,0.33768281608585426,35,late
35977,177,0,0.4211058100401378,0.38047025431465104,35,late
35978,178,0,0.45418745942176497,0.36481749142846037,35,late
35979,179,0,0.44990037836242025,0.2712685537367565,35,late
35980,180,0,0.3268992962499245,0.32271881354309645,35,late
35981,181,0,0.2489416812541828,0.3214588647974672,35,late
35982,182,0,0.5743542842878643,0.40969062384759203,35,late
35983,183,0,0.19119793875751484,0.5273283370943489,35,late
35984,184,0,0.37398524367747177,0.4388458017593293,35,late
35985,185,0,0.5202859151563443,0.43784125760878256,35,late
35986,186,0,0.3362904867384099,0.3302452951687008,35,late
35987,187,0,0.5628298241282503,0.29442473797046503,35,late
35988,188,0,0.6791585762757584,0.33355049121379343,35,late
35989,189,0,0.8164343992619408,0.37678802962666663,35,late
35990,190,0,0.4995010701426436,0.34120760426659485,35,late
35991,191,0,0.5167980541111608,0.3812603291569019,35,late
35992,192,0,0.7317282967501046,0.4620589113905203,35,late
35993,193,0,0.6415854467050146,0.2937308490556677,35,late
35994,194,0,0.6025490928223408,0.3838798074753884,35,late
35995,195,0,0.5221401196445155,0.5889086641411623,35,late
35996,196,0,0.16312216545526265,0.4690152829246179,35,late
35997,197,0,0.4753944955058795,0.34435380945991884,35,late
35998,198,0,0.4924095174498827,0.4122367447862626,35,late
35999,199,0,0.6590466136132929,0.43329860285940996,35,late
36000,0,0,0.5985372198663549,0.7585997392470432,36,interleaved
36001,1,0,0.7817758547220353,0.7969784276448648,36,interleaved
36002,2,0,0.45246392289306364,0.8783758543914003,36,interleaved
36003,3,0,0.37451100851677666,0.4985824844682623,36,interleaved
36004,4,0,0.6650422331503483,0.4456591211466864,36,interleaved
36005,5,0,0.32304686551399847,0.7007060894783186,36,interleaved
36006,6,0,0.5593922743191282,0.5605628710788484,36,interleaved
36007,7,0,0.5606351893433873,0.384797323469023,36,interleaved
36008,8,0,0.5673431053310941,0.5036330238885265,36,interleaved
36009,9,0,0.22213504649200744,0.38705802374539,36,interleaved
36010,10,0,0.5857781912690557,0.5826701613093725,36,interleaved
36011,11,0,0.43725197289218837,0.5030306951359211,36,interleaved
36012,12,0,0.30368292720723594,0.498234244352338,36,interleaved
36013,13,0,0.2590604175756985,0.43840806475391547,36,interleaved
36014,14,0,0.6210621178144005,0.5460302011700257,36,interleaved
36015,15,0,0.4154613603683438,0.49935852787333856,36,interleaved
36016,16,0,0.2251673589549435,0.5568124571972557,36,interleaved
36017,17,0,0.1599901416327798,0.7300229821987991,36,interleaved
36018,18,0,0.46322750208378455,0.5146958537478938,36,interleaved
36019,19,0,0.5185175777907383,0.5037529149252089,36,interleaved
36020,20,0,0.6078592404836713,0.4603725955050778,36,interleaved
36021,21,0,0.395834730138825,0.6355913575015265,36,interleaved
36022,22,0,0.48390970997930866,0.4592638549579259,36,interleaved
36023,23,0,0.5532785766269752,0.5400655628856098,36,interleaved
36024,24,0,0.4251958459262941,0.4255922001284243,36,interleaved
36025,25,0,0.7904478582685321,0.4307500974020354,36,interleaved
36026,26,0,0.7452318041750611,0.5678980498655961,36,interleaved
36027,27,0,0.4866447232010919,0.39691896689036077,36,interleaved
36028,28,0,0.947410771380219,0.4629090533969066,36,interleaved
36029,29,0,0.5229814169515701,0.34098642715786476,36,interleaved
36030,30,0,0.8871206000091368,0.3841507743461542,36,interleaved
36031,31,0,0.6620104761915063,0.426291535958926,36,interleaved
36032,32,0,0.17167242126337462,0.5227555802590589,36,interleaved
36033,33,0,0.41966174203201456,0.502551862429344,36,interleaved
36034,34,0,0.3626486250367891,0.5900849675896366,36,interleaved
36035,35,0,0.34733636679116836,0.4795484242120612,36,interleaved
36036,36,0,0.6919672185609831,0.44605009482839175,36,interleaved
36037,37,0,0.5835301577424631,0.5526487933931118,36,interleaved
36038,38,0,0.2508644885011571,0.433195413466506,36,interleaved
36039,39,0,0.44906222892091724,0.3775193228511856,36,interleaved
36040,40,0,0.9027536607252427,0.4038494955186324,36,interleaved
36041,41,0,0.6050132933155409,0.4783414274814286,36,interleaved
36042,42,0,0.41672250559494906,0.4581212282961105,36,interleaved
36043,43,0,0.1733020085755128,0.7939014464533158,36,interleaved
36044,44,0,0.4596133957942231,0.5444589720586377,36,interleaved
36045,45,0,0.006423625247682521,0.761847656949765,36,interleaved
36046,46,0,0.1758100527719058,0.4471357713048523,36,interleaved
36047,47,0,0.17847166836356265,0.5713362189636332,36,interleaved
36048,48,0,0.5677102169277035,0.520000798118285,36,interleaved
36049,49,0,0.931133091167215,0.41254910039551873,36,interleaved
36050,50,0,0.8216716201674543,0.5211019925322808,36,interleaved
36051,51,0,0.501197770414384,0.5664990558514873,36,interleaved
36052,52,0,0.6754974337145531,0.40857927021372353,36,interleaved
36053,53,0,0.44434343714348545,0.44966312472357306,36,interleaved
36054,54,0,0.3333461366523993,0.5081733491790497,36,interleaved
36055,55,0,0.47246452041499104,0.4733207962810233,36,interleaved
36056,56,0,0.7658430842579028,0.39822900526356386,36,interleaved
36057,57,0,0.6072109092634828,0.3800716531240088,36,interleaved
36058,58,0,0.8388832219018889,0.4889276151634852,36,interleaved
36059,59,0,0.45849539117968696,0.7150296845255706,36,interleaved
36060,60,0,0.5464799853434121,0.5664122539104411,36,interleaved
36061,61,0,0.5986773002721493,0.4635352314303034,36,interleaved
36062,62,0,0.6165520116933788,0.43468465234567644,36,interleaved
36063,63,0,0.6495358099225135,0.4095112733353448,36,interleaved
36064,64,0,0.6383540223274391,0.30485561899725266,36,interleaved
36065,65,0,0.4252433116450345,0.3794604661866666,36,interleaved
36066,66,0,0.36618909258042115,0.6725380722851124,36,interleaved
36067,67,0,0.22201866581526677,0.416066684157925,36,interleaved
36068,68,0,0.7339886082332725,0.4292978612721836,36,interleaved
36069,69,0,0.5465927840848037,0.37466336126219735,36,interleaved
36070,70,0,0.24153187531451556,0.5483428567282946,36,interleaved
36071,71,0,0.5328225560115446,0.35742497734677736,36,interleaved
36072,72,0,0.5157390859883079,0.26725402651160884,36,interleaved
36073,73,0,0.5252980063882152,0.5636179119737185,36,interleaved
36074,74,0,0.7007727707346416,0.34842626887955896,36,interleaved
36075,75,0,0.484199741543155,0.6208299213735486,36,interleaved
36076,76,0,0.5619226366377754,0.6538498419948537,36,interleaved
36077,77,0,0.6409435172711182,0.6387836099676761,36,interleaved
36078,78,0,0.23841124574281755,0.8175907501160157,36,interleaved
36079,79,0,0.15853537102463552,0.7011501915371698,36,interleaved
36080,80,0,0.5513316032391058,0.49807426292235885,36,interleaved
36081,81,0,0.485417442626669,0.4293997379940317,36,interleaved
36082,82,0,0.7240233646702268,0.4028635940534868,36,interleaved
36083,83,0,0.5349471666496326,0.3919544304190491,36,interleaved
36084,84,0,0.44051636044001685,0.4616660030334317,36,interleaved
36085,85,0,0.43606113594085116,0.47431184013158445,36,interleaved
36086,86,0,0.5521022215203821,0.39740285720680046,36,interleaved
36087,87,0,0.3138594627788574,0.464078525297204,36,interleaved
36088,88,0,0.13047314068428337,0.3940569835111735,36,interleaved
36089,89,0,0.5844112781074369,0.43103086113790384,36,interleaved
36090,90,0,0.47087719139035833,0.41642484687519443,36,interleaved
36091,91,0,0.33766633181717765,0.4437144929044819,36,interleaved
36092,92,0,0.4856177001069659,0.4280151474327142,36,interleaved
36093,93,0,0.8356064717972758,0.38826316835789104,36,interleaved
36094,94,0,0.8111795722525017,0.3510407203328183,36,interleaved
36095,95,0,0.538948122032868,0.4588507422031547,36,interleaved
36096,96,0,0.8979135255313164,0.3450327127115625,36,interleaved
36097,97,0,0.5677925718493193,0.42458068766240703,36,interleaved
36098,98,0,0.30298356685111427,0.5172295188892894,36,interleaved
36099,99,0,0.3104169961270419,0.40427316599174035,36,interleaved
36100,100,0,0.5127217726156208,0.574271968208204,36,interleaved
36101,101,0,0.7252142579390702,0.4334201858943183,36,interleaved
36102,102,0,0.5086202252293248,0.5224085972424958,36,interleaved
36103,103,0,0.6493184895686941,0.41854128395752277,36,interleaved
36104,104,0,0.19358942185637543,0.43558970268141706,36,interleaved
36105,105,0,0.6851269621889851,0.4579540623639642,36,interleaved
36106,106,0,0.7688668908210189,0.596752791156617,36,interleaved
36107,107,0,0.4850654373831762,0.3832746848571313,36,interleaved
36108,108,0,0.74519767747477,0.40657977268531226,36,interleaved
36109,109,0,0.5188293933787336,0.5461927667393404,36,interleaved
36110,110,0,0.5454403299767305,0.4004951663212176,36,interleaved
36111,111,0,0.5077662677559119,0.3770898292112428,36,interleaved
36112,112,0,0.59676696089663,0.37759930466242286,36,interleaved
36113,113,0,0.31130817596210414,0.5662786856457841,36,interleaved
36114,114,0,0.4056086691619295,0.46916247510802883,36,interleaved
36115,115,0,0.6426351823359997,0.41737351033603365,36,interleaved
36116,116,0,0.1717184286418901,0.4615037182793448,36,interleaved
36117,117,0,0.5386637775180694,0.40789378346351735,36,interleaved
36118,118,0,0.3116913052027248,0.4864256134241206,36,interleaved
36119,119,0,0.45790571462321095,0.5983684575057413,36,interleaved
36120,120,0,0.5649174275624198,0.4304611858880809,36,interleaved
36121,121,0,0.5249905540165933,0.5280093221497361,36,interleaved
36122,122,0,0.2617148341965472,0.3840340788543001,36,interleaved
36123,123,0,0.5159403320088017,0.486408732688125,36,interleaved
36124,124,0,0.6381774871652167,0.5772312964757242,36,interleaved
36125,125,0,0.367043148844722,0.4872637298315098,36,interleaved
36126,126,0,0.850791721217131,0.3146988336208453,36,interleaved
36127,127,0,0.5641888774257958,0.48081805271624806,36,interleaved
36128,128,0,0.42330205175067465,0.46939008407000316,36,interleaved
36129,129,0,0.3836241612348399,0.4691961718996457,36,interleaved
36130,130,0,0.778544774374839,0.3614411977833488,36,interleaved
36131,131,0,0.15503545739997895,0.3975765642734853,36,interleaved
36132,132,0,0.15266522749590913,0.5304027165517379,36,interleaved
36133,133,0,0.33816505586021184,0.4748029299346914,36,interleaved
36134,134,0,0.6874800775068133,0.27529731105441946,36,interleaved
36135,135,0,0.6002303416277139,0.46102555092415365,36,interleaved
36136,136,0,0.5639219954668404,0.32081849752677716,36,interleaved
36137,137,0,0.46299335127438507,0.4858338240630944,36,interleaved
36138,138,0,0.8450787474048019,0.3291160419956365,36,interleaved
36139,139,0,0.5454580002735797,0.48962325022882613,36,interleaved
36140,140,0,0.670767578945712,0.4493479867186659,36,interleaved
36141,141,0,0.43977091956593223,0.530551883595225,36,interleaved
36142,142,0,0.19869149102165032,0.4459923926175902,36,interleaved
36143,143,0,0.5866878999956938,0.44315899206961695,36,interleaved
36144,144,0,0.6768704575880593,0.483362789518713,36,interleaved
36145,145,0,0.20406982338020435,0.40749148975369864,36,interleaved
36146,146,0,0.89263915834964,0.4113540343477955,36,interleaved
36147,147,0,0.483779043455771,0.4752902873811762,36,interleaved
36148,148,0,0.3460026828967552,0.49735597234394757,36,interleaved
36149,149,0,0.6154365328133448,0.37977380577767283,36,interleaved
36150,150,0,0.3447658947496133,0.46521857781551973,36,interleaved
36151,151,0,0.41882166049855224,0.5000560374153764,36,interleaved
36152,152,0,0.8029268517689883,0.3133651087579029,36,interleaved
36153,153,0,0.5006384171597514,0.34412358311414754,36,interleaved
36154,154,0,0.4869731407320588,0.42272665051549563,36,interleaved
36155,155,0,0.36427141124376744,0.49555491931353846,36,interleaved
36156,156,0,0.7283552159678177,0.49170726963019007,36,interleaved
36157,157,0,0.4024987712769374,0.5939150367893111,36,interleaved
36158,158,0,0.9002331062593969,0.4136862615907454,36,interleaved
36159,159,0,0.5042134042821568,0.5953166388928737,36,interleaved
36160,160,0,0.5710707436320251,0.5049183804648286,36,interleaved
36161,161,0,0.49601169209910567,0.43315416738334145,36,interleaved
36162,162,0,0.7947673613111715,0.43219407653855935,36,interleaved
36163,163,0,0.6519824588760414,0.370044302308342,36,interleaved
36164,164,0,0.7866200094682532,0.3171447378009136,36,interleaved
36165,165,0,0.4733141930258113,0.4012977181873729,36,interleaved
36166,166,0,0.032093797651628536,0.4678511175630964,36,interleaved
36167,167,0,0.33703948092325775,0.2741826325555305,36,interleaved
36168,168,0,0.3650400629170836,0.5356076068485631,36,interleaved
36169,169,0,0.741495178495135,0.3868492689057059,36,interleaved
36170,170,0,0.24791185133191404,0.4557033888945642,36,interleaved
36171,171,0,0.4784788625059841,0.3462153328550148,36,interleaved
36172,172,0,0.45982983276393574,0.509531692639799,36,interleaved
36173,173,0,0.5202229473854765,0.3863335277544605,36,interleaved
36174,174,0,0.5688241553043317,0.4802229677187466,36,interleaved
36175,175,0,0.35102032218972173,0.5422739319634424,36,interleaved
36176,176,0,0.7797620254461313,0.2685166690635069,36,interleaved
36177,177,0,0.720944191820997,0.24742524102030944,36,interleaved
36178,178,0,0.20698281304333638,0.6776241292241003,36,interleaved
36179,179,0,0.45775413736972737,0.5122355769999822,36,interleaved
36180,180,0,0.375130795617012,0.47580116924389493,36,interleaved
36181,181,0,0.7152236194118826,0.2655245032652444,36,interleaved
36182,182,0,0.2888682518818189,0.2918338452996527,36,interleaved
36183,183,0,0.5628977412071199,0.4343561950419616,36,interleaved
36184,184,0,0.21339794390886047,0.3819954298611211,36,interleaved
36185,185,0,0.541177977464784,0.4528929703177893,36,interleaved
36186,186,0,0.5460194459647504,0.5006147052487747,36,interleaved
36187,187,0,0.7231135473934777,0.57458502464991,36,interleaved
36188,188,0,0.8454480481329353,0.24053578187591285,36,interleaved
36189,189,0,0.37913038490523193,0.5732499850530837,36,interleaved
36190,190,0,0.39468180882572285,0.4080003125043501,36,interleaved
36191,191,0,0.5119520705125309,0.33637640456952433,36,interleaved
36192,192,0,0.8670782229537848,0.25573589318947276,36,interleaved
36193,193,0,0.45326564727615537,0.37537906675184185,36,interleaved
36194,194,0,0.9051116697480133,0.3265185126435868,36,interleaved
36195,195,0,0.9663291581519255,0.3412844082505706,36,interleaved
36196,196,0,0.34940360377939084,0.4372970604695323,36,interleaved
36197,197,0,0.8216865928283373,0.32863592747568876,36,interleaved
36198,198,0,0.6338590879799872,0.3048940453476468,36,interleaved
36199,199,0,0.3803620051260777,0.4258897053291907,36,interleaved
36200,0,0,0.05543294039691554,0.8680507021924362,36,blocked
36201,1,0,0.087842775848365,0.707514821744038,36,blocked
36202,2,0,0.4662110621298913,0.6278801078910237,36,blocked
36203,3,0,0.7812040063418734,0.5286183595882245,36,blocked
36204,4,0,0.6561401254981805,0.6095813695255903,36,blocked
36205,5,0,0.522173716594248,0.576897517412691,36,blocked
36206,6,0,0.35876431688118304,0.678308808648291,36,blocked
36207,7,0,0.4121468381314305,0.7489526402916801,36,blocked
36208,8,0,0.853901238313415,0.5132443843318006,36,blocked
36209,9,0,0.3954622651905557,0.407475873884384,36,blocked
36210,10,0,0.7775533389500597,0.4233873845431801,36,blocked
36211,11,0,0.28538391305779404,0.5425347551137416,36,blocked
36212,12,0,0.389804635134831,0.5651535317263809,36,blocked
36213,13,0,0.7115769474847258,0.46634842789801756,36,blocked
36214,14,0,0.33752322693766357,0.5342708703425186,36,blocked
36215,15,0,0.6370342920439731,0.6171690197737234,36,blocked
36216,16,0,0.5836661655537094,0.53951699348285,36,blocked
36217,17,0,0.9723482375717645,0.6246132633284699,36,blocked
36218,18,0,0.4667102760318729,0.523395198263825,36,blocked
36219,19,0,0.46692266565362495,0.4829219578182171,36,blocked
36220,20,0,0.4045186484165234,0.5736707515741895,36,blocked
36221,21,0,0.15009574428426808,0.4939977761991343,36,blocked
36222,22,0,0.21363309697394975,0.4106355523994798,36,blocked
36223,23,0,0.08404339309450942,0.5198953194140074,36,blocked
36224,24,0,0.4126234776265146,0.5356028492348728,36,blocked
36225,25,0,0.4658491238055657,0.697485826511677,36,blocked
36226,26,0,0.41928846962525423,0.5732244031101101,36,blocked
36227,27,0,0.5025361432263107,0.47462237936479357,36,blocked
36228,28,0,0.4947472974843605,0.5471129912543993,36,blocked
36229,29,0,0.15231041094822012,0.6286196458384898,36,blocked
36230,30,0,0.5637444602757571,0.4657467898706512,36,blocked
36231,31,0,0.2545256653941673,0.6015533692223236,36,blocked
36232,32,0,0.6282106066551721,0.46720184701415074,36,blocked
36233,33,0,0.8350927905090861,0.4224538620804791,36,blocked
36234,34,0,0.584761927349239,0.6174262006886013,36,blocked
36235,35,0,0.4066857245191954,0.5090834162090425,36,blocked
36236,36,0,0.33991122072618546,0.4853080602387042,36,blocked
36237,37,0,0.8028691140166474,0.42885658373511615,36,blocked
36238,38,0,0.38911837701588115,0.5463491073525255,36,blocked
36239,39,0,0.6120052933803022,0.5570430557115998,36,blocked
36240,40,0,0.2076364893664546,0.5678933344267441,36,blocked
36241,41,0,0.7293490479071175,0.4332860292187779,36,blocked
36242,42,0,0.46102015226870713,0.5147652898096367,36,blocked
36243,43,0,0.509520801921137,0.5339761793324509,36,blocked
36244,44,0,0.48425315991848206,0.5011559849604187,36,blocked
36245,45,0,0.4017060761245562,0.33323349850642486,36,blocked
36246,46,0,0.2976276220949243,0.5865169232530384,36,blocked
36247,47,0,0.33720270833613863,0.5343800267506793,36,blocked
36248,48,0,0.661076419767269,0.5700000168734249,36,blocked
36249,49,0,0.5893522529505054,0.49663884444133954,36,blocked
36250,50,0,0.9520555330277547,0.39370257252972995,36,blocked
36251,51,0,0.4501554804572935,0.37293295791710784,36,blocked
36252,52,0,0.38628096143265866,0.3114744974547607,36,blocked
36253,53,0,0.7732826339090824,0.5939467451068445,36,blocked
36254,54,0,0.24983037372587674,0.5055967627525144,36,blocked
36255,55,0,0.4730479705904122,0.46662207932908106,36,blocked
36256,56,0,0.34664308434358726,0.48593407816142997,36,blocked
36257,57,0,0.14251716611783194,0.5049159433253192,36,blocked
36258,58,0,0.589283139852989,0.45902879663210217,36,blocked
36259,59,0,0.09208017783158258,0.5308534432542225,36,blocked
36260,60,0,0.3994482955867187,0.4753433463537866,36,blocked
36261,61,0,0.41074228441336624,0.45723737894711697,36,blocked
36262,62,0,0.3013284926674988,0.5495141768117231,36,blocked
36263,63,0,0.2823294296859122,0.5011471258835329,36,blocked
36264,64,0,0.7152953085482295,0.4321439691225547,36,blocked
36265,65,0,0.46524616721260165,0.6074206844472924,36,blocked
36266,66,0,0.23066785150300675,0.5341715968480567,36,blocked
36267,67,0,0.676755398982527,0.43892428527027455,36,blocked
36268,68,0,0.6931635971777865,0.5080705034398715,36,blocked
36269,69,0,0.5841341317633315,0.38394354042844725,36,blocked
36270,70,0,0.3334095299428686,0.5352147346129505,36,blocked
36271,71,0,0.6459733621256345,0.4500608384054287,36,blocked
36272,72,0,0.21014263959708415,0.6517847440848826,36,blocked
36273,73,0,0.189792792138601,0.5668928813176971,36,blocked
36274,74,0,0.5577129036111064,0.43769577194767534,36,blocked
36275,75,0,0.08203946579978934,0.6769742527849306,36,blocked
36276,76,0,0.4409264143144594,0.6696596133500732,36,blocked
36277,77,0,0.30503003746285995,0.6695015349086991,36,blocked
36278,78,0,0.12493502164560814,0.5639433063051507,36,blocked
36279,79,0,0.12164807880051424,0.7435255683876814,36,blocked
36280,80,0,0.35478885704416274,0.5283763861504567,36,blocked
36281,81,0,0.4687518874355877,0.4279286993832138,36,blocked
36282,82,0,0.3067535083075685,0.5715757133992159,36,blocked
36283,83,0,0.49621791146033556,0.40151600075184735,36,blocked
36284,84,0,0.6193756820284637,0.5334453829570961,36,blocked
36285,85,0,0.7440594741439497,0.3686395172282416,36,blocked
36286,86,0,0.28032765906676205,0.5150584498954367,36,blocked
36287,87,0,0.5802842383237383,0.46258683017739455,36,blocked
36288,88,0,0.8559333738072967,0.33522644549372693,36,blocked
36289,89,0,0.9142968824028416,0.3960302198996642,36,blocked
36290,90,0,0.05991949231077018,0.6419054833888602,36,blocked
36291,91,0,0.8797406616730399,0.3603009194075554,36,blocked
36292,92,0,0.831866687195286,0.43958280388802745,36,blocked
36293,93,0,0.6253452449740485,0.3860788387867946,36,blocked
36294,94,0,0.3955569081796185,0.6439409530740727,36,blocked
36295,95,0,0.5344298718885983,0.6244861005741731,36,blocked
36296,96,0,0.5547261848725166,0.7240823555957387,36,blocked
36297,97,0,0.3085498862809651,0.5126701824115474,36,blocked
36298,98,0,0.1561408836269346,0.531839166469332,36,blocked
36299,99,0,0.26146826481440105,0.4790339243562091,36,blocked
36300,100,0,0.49495194415977223,0.47017954949658336,36,blocked
36301,101,0,0.5234559653169789,0.5677437360820796,36,blocked
36302,102,0,0.6648655471706608,0.5521239607774596,36,blocked
36303,103,0,0.7943349854314984,0.6227243162463881,36,blocked
36304,104,0,0.6185563447320445,0.44852044424685844,36,blocked
36305,105,0,0.4973602996040578,0.4104248588282984,36,blocked
36306,106,0,0.8134516778894934,0.4360674151343756,36,blocked
36307,107,0,0.7896552430490285,0.4358188421701082,36,blocked
36308,108,0,0.28488456948055824,0.42641828736065523,36,blocked
36309,109,0,0.6541256877359503,0.45330461763835694,36,blocked
36310,110,0,0.7270531209738066,0.43915325615970946,36,blocked
36311,111,0,0.6609255861846075,0.43851226919183606,36,blocked
36312,112,0,0.688677722633338,0.45289968145004084,36,blocked
36313,113,0,0.27695141448180755,0.4078459183615008,36,blocked
36314,114,0,0.3813087612267553,0.34771705178195944,36,blocked
36315,115,0,0.6610821303460512,0.41462159229632833,36,blocked
36316,116,0,0.3792920033183754,0.4968189927628822,36,blocked
36317,117,0,0.43602465604005514,0.4223771504443705,36,blocked
36318,118,0,0.5295669909552123,0.4522845754165027,36,blocked
36319,119,0,0.5815520519751887,0.37869535131920895,36,blocked
36320,120,0,0.39573472792828296,0.47285208647388743,36,blocked
36321,121,0,0.32973366289782013,0.6735383691561434,36,blocked
36322,122,0,0.27242338358631824,0.5629616038706855,36,blocked
36323,123,0,0.2500446833245737,0.5813540396378432,36,blocked
36324,124,0,0.5726131541201795,0.47183779617408406,36,blocked
36325,125,0,0.4820634482871495,0.5374981303183972,36,blocked
36326,126,0,0.5424683454331607,0.43514547298367334,36,blocked
36327,127,0,0.2646969586998262,0.5136649675905687,36,blocked
36328,128,0,0.37748463873207616,0.46755338176307853,36,blocked
36329,129,0,0.5348634951834448,0.5123870508211088,36,blocked
36330,130,0,0.4511575217815116,0.5355950164685355,36,blocked
36331,131,0,0.5006573498340225,0.4361458405300688,36,blocked
36332,132,0,0.24842845015964182,0.6088121843348753,36,blocked
36333,133,0,0.34148647927599185,0.5382557169470487,36,blocked
36334,134,0,0.8757495901916188,0.48293836530426604,36,blocked
36335,135,0,0.13060698745283122,0.501333117310868,36,blocked
36336,136,0,0.20346752057357007,0.41449972329247015,36,blocked
36337,137,0,0.6778782207321986,0.3723007564301588,36,blocked
36338,138,0,0.5742122293463494,0.3118301085922931,36,blocked
36339,139,0,0.756344183279399,0.2861982060322119,36,blocked
36340,140,0,0.3498835621731514,0.40581286812753226,36,blocked
36341,141,0,0.14638195132242796,0.37258372360509273,36,blocked
36342,142,0,0.8263777757781878,0.3366593830421759,36,blocked
36343,143,0,0.4610831086203728,0.39489124119399543,36,blocked
36344,144,0,0.566116792836886,0.3341134601346425,36,blocked
36345,145,0,0.3963550344890537,0.5157241724761175,36,blocked
36346,146,0,0.6673210529100652,0.3921270979192194,36,blocked
36347,147,0,0.8178810871263711,0.49872388901304016,36,blocked
36348,148,0,0.026513787607806455,0.6852659694963086,36,blocked
36349,149,0,0.8578710250117207,0.43514829168163693,36,blocked
36350,150,0,0.3090997710026207,0.45369559138635634,36,blocked
36351,151,0,0.608660288937211,0.39935488810191133,36,blocked
36352,152,0,0.4913860522648585,0.5137252923563519,36,blocked
36353,153,0,0.4995670938734212,0.4078508065366987,36,blocked
36354,154,0,0.8613802911316688,0.4134653812215181,36,blocked
36355,155,0,0.8353457779844593,0.448140423839413,36,blocked
36356,156,0,0.16816961046938983,0.6672534959420797,36,blocked
36357,157,0,0.5172738658260044,0.5531654808716882,36,blocked
36358,158,0,0.4171177955673533,0.5948123031963533,36,blocked
36359,159,0,0.4010409624285767,0.4434499692054107,36,blocked
36360,160,0,0.39758839527080697,0.4261514334533787,36,blocked
36361,161,0,0.465683796411335,0.4136547328487131,36,blocked
36362,162,0,0.2533031422160831,0.374657187749308,36,blocked
36363,163,0,0.2719780723938846,0.6614403115407695,36,blocked
36364,164,0,0.5095947669110872,0.39509540765441054,36,blocked
36365,165,0,0.5930674597570273,0.44813910466577855,36,blocked
36366,166,0,0.7716975608273393,0.43085049994357205,36,blocked
36367,167,0,0.6793903845123952,0.3618106064723494,36,blocked
36368,168,0,0.8191165588778624,0.8380652478775094,36,blocked
36369,169,0,0.31263595741460437,0.5250584111735181,36,blocked
36370,170,0,0.0665375309914136,0.5914741933013647,36,blocked
36371,171,0,0.48448357789411656,0.35772591546824517,36,blocked
36372,172,0,0.5492829116817354,0.3667544304828723,36,blocked
36373,173,0,0.12543654969684037,0.5988493813102858,36,blocked
36374,174,0,0.34425694974765286,0.5456770901090348,36,blocked
36375,175,0,0.3808157224710075,0.38599383788501923,36,blocked
36376,176,0,0.454651653184864,0.4909149595526352,36,blocked
36377,177,0,0.362423300863823,0.5552588145210792,36,blocked
36378,178,0,0.4520412590736018,0.6760981132993757,36,blocked
36379,179,0,0.261036837791059,0.5708410035757074,36,blocked
36380,180,0,0.568598753312527,0.5436941715308974,36,blocked
36381,181,0,0.5242201019832714,0.47785820456102207,36,blocked
36382,182,0,0.37279659413940447,0.49633628926396695,36,blocked
36383,183,0,0.5654645767107009,0.4210862640470768,36,blocked
36384,184,0,0.22343285046872025,0.3868176174077489,36,blocked
36385,185,0,0.7463784327645315,0.3199721276071531,36,blocked
36386,186,0,0.5141920944426263,0.4336834274860919,36,blocked
36387,187,0,0.41411193114972616,0.474361474867398,36,blocked
36388,188,0,0.8790895447725875,0.4621682177006491,36,blocked
36389,189,0,0.3609527444728337,0.3031762722263922,36,blocked
36390,190,0,0.6531884233348707,0.3555371930030868,36,blocked
36391,191,0,0.14566530167470274,0.47796777802505575,36,blocked
36392,192,0,0.34428738330102027,0.35381066591495597,36,blocked
36393,193,0,0.42876665228976885,0.6296611134153554,36,blocked
36394,194,0,0.1720696287575255,0.5767204240160434,36,blocked
36395,195,0,0.6395509729354707,0.42428991282178447,36,blocked
36396,196,0,0.8648588382412914,0.40756530012849596,36,blocked
36397,197,0,0.31721297149862476,0.36566996936342705,36,blocked
36398,198,0,0.378459271985927,0.45848567358937165,36,blocked
36399,199,0,0.8423883044066698,0.2694389874993302,36,blocked
36400,0,0,0.6288603507099714,1.0678711234806175,36,early
36401,1,0,0.42627036215997705,0.8733810043544701,36,early
36402,2,0,0.3969772436191715,0.7229366740702753,36,early
36403,3,0,0.5133526011842962,0.6501640000521793,36,early
36404,4,0,0.5060018363899803,0.6464979082975247,36,early
36405,5,0,0.9145532835735061,0.4231179791160081,36,early
36406,6,0,0.1022595263631111,0.40474877455244185,36,early
36407,7,0,0.6444422405208712,0.49677085846864166,36,early
36408,8,0,0.36157350675239996,0.5310957632073801,36,early
36409,9,0,0.41106701271109986,0.5716530412588106,36,early
36410,10,0,0.7178879344882445,0.5733141952884719,36,early
36411,11,0,0.2761524765115239,0.4895585934774229,36,early
36412,12,0,0.6946620024600201,0.46297391482870687,36,early
36413,13,0,0.7152810784251812,0.5228533639197525,36,early
36414,14,0,0.6185699181550564,0.47227720261642053,36,early
36415,15,0,0.684130179512066,0.5973035634671128,36,early
36416,16,0,0.6145359838368494,0.45065725004007884,36,early
36417,17,0,0.1223788935711555,0.5356910115714044,36,early
36418,18,0,0.6859810651551652,0.4163442813422519,36,early
36419,19,0,0.3744499248944619,0.5199604290519957,36,early
36420,20,0,0.7741572335523612,0.47601194436364025,36,early
36421,21,0,0.46407665435966866,0.47601571304425827,36,early
36422,22,0,0.4320370826958234,0.6463630048305001,36,early
36423,23,0,0.1938127538621936,0.47354187183203944,36,early
36424,24,0,0.7018805316540286,0.5538670705494324,36,early
36425,25,0,0.7110490664340459,0.5836321062898239,36,early
36426,26,0,0.20516373252574652,0.5828983040501219,36,early
36427,27,0,0.42922171372621654,0.4952674627576758,36,early
36428,28,0,0.4945049892400368,0.32284866098779963,36,early
36429,29,0,0.5952624921942655,0.5965477169756419,36,early
36430,30,0,0.652683596800798,0.46568361483079457,36,early
36431,31,0,0.5708473855873128,0.3788748076095708,36,early
36432,32,0,0.8439124340824883,0.6297428799068212,36,early
36433,33,0,0.6195718998324623,0.541910699461146,36,early
36434,34,0,0.7342475309861681,0.47631974200386046,36,early
36435,35,0,0.41509767890571075,0.36665410637337503,36,early
36436,36,0,0.7892760872919631,0.359367658072062,36,early
36437,37,0,0.9052068277320229,0.5602965652295302,36,early
36438,38,0,0.16742738609910848,0.4761453114986305,36,early
36439,39,0,0.458266254991035,0.40565414793916477,36,early
36440,40,0,0.4862546284934243,0.4699049120112154,36,early
36441,41,0,0.5109245653221263,0.5581010879185149,36,early
36442,42,0,0.45476406142246467,0.5572408409341112,36,early
36443,43,0,0.07974896764126753,0.5019790979156972,36,early
36444,44,0,0.31772518192245003,0.42187157807515785,36,early
36445,45,0,0.24171937391238182,0.6503520451042515,36,early
36446,46,0,0.4682212365470332,0.5202630251283046,36,early
36447,47,0,0.034397315863637104,0.5029501755786419,36,early
36448,48,0,0.23142706041378416,0.5419716786519609,36,early
36449,49,0,0.3674212500702947,0.4709798904674832,36,early
36450,50,0,0.46821183252032916,0.38211129803531696,36,early
36451,51,0,0.75882374662441,0.36150775716553407,36,early
36452,52,0,0.06715986417813591,0.44374799099232776,36,early
36453,53,0,0.15528209967157128,0.5688597328619143,36,early
36454,54,0,0.5244319345303623,0.36466953448566564,36,early
36455,55,0,0.7534742511304955,0.73546759801112,36,early
36456,56,0,0.34496248342280095,0.49623606780440493,36,early
36457,57,0,0.37229422525326394,0.5213810633878053,36,early
36458,58,0,0.8102092617275969,0.3830313044787546,36,early
36459,59,0,0.5408504729816909,0.45235771649949885,36,early
36460,60,0,0.8568147005243132,0.4802839629178609,36,early
36461,61,0,0.8786782848624568,0.47000488497595133,36,early
36462,62,0,0.9546982250329528,0.44276793468403663,36,early
36463,63,0,0.7344986109114879,0.48378868396219743,36,early
36464,64,0,0.07040517530890496,0.773283006241541,36,early
36465,65,0,0.6898949508385421,0.32138437788713414,36,early
36466,66,0,0.5307052247834264,0.5277178452502761,36,early
36467,67,0,0.6832394740348806,0.5457542475163392,36,early
36468,68,0,0.9229885660768017,0.46132002291117014,36,early
36469,69,0,0.1326721424030874,0.4928347729260874,36,early
36470,70,0,0.44350152912202984,0.6046447237989699,36,early
36471,71,0,0.8892020711779106,0.3312391868540613,36,early
36472,72,0,0.5621428722701867,0.4830638785873276,36,early
36473,73,0,0.5073150689760315,0.40234953172786037,36,early
36474,74,0,0.6730495372192391,0.3379880563851331,36,early
36475,75,0,0.7519638559678525,0.3930126051170117,36,early
36476,76,0,0.34883308153634096,0.6386620598927981,36,early
36477,77,0,0.3921486846050383,0.6703337653304665,36,early
36478,78,0,0.13759569304123623,0.5462595211579004,36,early
36479,79,0,0.9764816514283369,0.3685813722647563,36,early
36480,80,0,0.42941009351268455,0.5441872348509339,36,early
36481,81,0,0.6105247545118079,0.40447607109113404,36,early
36482,82,0,0.6317805171121672,0.5171045751454402,36,early
36483,83,0,0.5000643059663321,0.5753451655302909,36,early
36484,84,0,0.9211785229629872,0.32662225202076667,36,early
36485,85,0,0.4924994777222933,0.3425931646926763,36,early
36486,86,0,0.05741367242618203,0.5629094800154273,36,early
36487,87,0,0.7630033430342429,0.4142749081820897,36,early
36488,88,0,0.6395771222160497,0.31430203895655057,36,early
36489,89,0,0.9101685314107365,0.42630088337877686,36,early
36490,90,0,0.6094669200583545,0.49656051755805497,36,early
36491,91,0,0.6653676409354881,0.3622131738452484,36,early
36492,92,0,0.02843304004792556,0.63275370878434,36,early
36493,93,0,0.3527910922416815,0.4322299109527371,36,early
36494,94,0,0.4644015095826587,0.39855681030688617,36,early
36495,95,0,0.6086715221970791,0.42669465828147735,36,early
36496,96,0,0.46302415029541355,0.6462384482391926,36,early
36497,97,0,0.6069043445105635,0.4076500110681536,36,early
36498,98,0,0.46520362450481634,0.33104160547113404,36,early
36499,99,0,0.34498912754259325,0.4665802228319424,36,early
36500,100,0,0.22659579551739104,0.5286754104583186,36,early
36501,101,0,0.6298247498643638,0.464481117848227,36,early
36502,102,0,0.10148645537504765,0.5968691059748293,36,early
36503,103,0,0.6352520872023842,0.5685639371793452,36,early
36504,104,0,0.6196720986930542,0.41803460061851705,36,early
36505,105,0,0.7324262565537771,0.47018294701578,36,early
36506,106,0,0.7380472219269538,0.38286577153520623,36,early
36507,107,0,0.9447351097766677,0.5434872755428282,36,early
36508,108,0,0.5545220969414115,0.33344000194466705,36,early
36509,109,0,0.7808363437189592,0.3033980089235191,36,early
36510,110,0,0.6877355006966683,0.4202603981084175,36,early
36511,111,0,0.5166357117975171,0.34945472428140384,36,early
36512,112,0,0.5151072643565132,0.3708962527497801,36,early
36513,113,0,0.33854918896856406,0.7743312842502039,36,early
36514,114,0,0.49518772208011635,0.5994747570923495,36,early
36515,115,0,0.5512688751662063,0.4008752377621412,36,early
36516,116,0,0.4996579451659607,0.5674920892628528,36,early
36517,117,0,0.8727700541357609,0.45892889181045793,36,early
36518,118,0,0.6132981911921946,0.4145100608495148,36,early
36519,119,0,0.7821357687907218,0.6027448344868374,36,early
36520,120,0,0.03302285598644595,0.5211716743603174,36,early
36521,121,0,0.6164698578208972,0.40318125001630856,36,early
36522,122,0,0.1413995823357227,0.3799649033198419,36,early
36523,123,0,0.5986747301108709,0.31072788714478283,36,early
36524,124,0,0.3885898894647831,0.5973214650554486,36,early
36525,125,0,0.5247499401198954,0.4926574830142201,36,early
36526,126,0,0.5075436839824354,0.4018717471665179,36,early
36527,127,0,0.607591516864774,0.4307836354568323,36,early
36528,128,0,0.7661434265365255,0.4887400824798227,36,early
36529,129,0,0.45604732930345143,0.4975426547929309,36,early
36530,130,0,0.49584145970394844,0.5526748119424734,36,early
36531,131,0,0.4617293625438732,0.37645036192780046,36,early
36532,132,0,0.31191512745309496,0.42876201283287374,36,early
36533,133,0,0.5702271408309736,0.3752070722652542,36,early
36534,134,0,0.3141209019866226,0.4001440623168552,36,early
36535,135,0,0.5048639989433864,0.47536758844823884,36,early
36536,136,0,0.2410785493756368,0.4606221654326509,36,early
36537,137,0,0.5288706197404609,0.32616000023306924,36,early
36538,138,0,0.5677816717941402,0.3103210693636498,36,early
36539,139,0,0.3713486969118579,0.4070081606461696,36,early
36540,140,0,0.4974643134817169,0.46067151176926113,36,early
36541,141,0,0.8978869330220417,0.3702557015333083,36,early
36542,142,0,0.6200567870705451,0.39866166531290614,36,early
36543,143,0,0.3953610114023033,0.33838028005714715,36,early
36544,144,0,0.6839221172755301,0.3634531520167483,36,early
36545,145,0,0.43526537811491284,0.4108424569754501,36,early
36546,146,0,0.3710508202073568,0.4539404107703674,36,early
36547,147,0,0.5340935777965936,0.43277524030961,36,early
36548,148,0,0.2850721140281688,0.3817791299384884,36,early
36549,149,0,0.7079180069037952,0.30758845838991267,36,early
36550,150,0,0.7765798032436821,0.3172229899823347,36,early
36551,151,0,0.09982786346686488,0.5008208450489524,36,early
36552,152,0,0.26112106460419016,0.47827290006164924,36,early
36553,153,0,0.21868123385662003,0.35925895450646417,36,early
36554,154,0,0.8194700417213829,0.34383888660951234,36,early
36555,155,0,0.5586342092731166,0.42628728188153564,36,early
36556,156,0,0.40534153875722156,0.3711320167726717,36,early
36557,157,0,0.5756125304377075,0.4204872861975021,36,early
36558,158,0,0.6551247070977408,0.37225200642508194,36,early
36559,159,0,0.3426230654596268,0.44158721262433165,36,early
36560,160,0,0.7112383355950458,0.4110867006136297,36,early
36561,161,0,0.6754709623080588,0.4403208819507089,36,early
36562,162,0,0.7921009549535397,0.38361610647627864,36,early
36563,163,0,0.7505659550719935,0.38598699403017633,36,early
36564,164,0,0.608252974465326,0.44439420398962615,36,early
36565,165,0,0.6757410492957576,0.3832382965062756,36,early
36566,166,0,0.7641224402648429,0.20926603984088216,36,early
36567,167,0,0.4146732310497681,0.5315848029066312,36,early
36568,168,0,0.49718310016265677,0.390054539559014,36,early
36569,169,0,0.6366959890886159,0.4090620387408883,36,early
36570,170,0,0.21561277637402343,0.5152518276663983,36,early
36571,171,0,0.18818046082137102,0.51452684314823,36,early
36572,172,0,0.39170613130554516,0.33242932149660465,36,early
36573,173,0,0.2526544440850698,0.46070732427964833,36,early
36574,174,0,0.4788266960842724,0.33642864575063364,36,early
36575,175,0,0.7030552446083065,0.3145524026815519,36,early
36576,176,0,0.6003267810327747,0.3470869296264404,36,early
36577,177,0,0.8050620313808403,0.4377502002196574,36,early
36578,178,0,0.9032969216281768,0.34512356434099245,36,early
36579,179,0,0.7987769079532185,0.39378180884895797,36,early
36580,180,0,0.5420316308049689,0.4561049002587598,36,early
36581,181,0,0.9421421890775136,0.333361748827085,36,early
36582,182,0,0.4104020824866012,0.4065168591452881,36,early
36583,183,0,0.35384657379425655,0.2700401253480049,36,early
36584,184,0,0.949348841175617,0.47489342608595386,36,early
36585,185,0,0.9249387173096644,0.34573212760445104,36,early
36586,186,0,0.9329160527009863,0.3121426087503375,36,early
36587,187,0,0.07912252737523714,0.38617299354270224,36,early
36588,188,0,0.9070401249459739,0.47326154013210187,36,early
36589,189,0,0.8862342103675585,0.4417472856233391,36,early
36590,190,0,0.3393536558556719,0.3457800953008102,36,early
36591,191,0,0.8125439805987937,0.4088535153937678,36,early
36592,192,0,0.5933001197812496,0.3704558982296824,36,early
36593,193,0,0.6314400531866934,0.4129315939223906,36,early
36594,194,0,0.09901359001753585,0.4400274920557178,36,early
36595,195,0,0.4400312202261959,0.4205917647702694,36,early
36596,196,0,0.6530944256160678,0.32613118204430813,36,early
36597,197,0,0.4158233979356924,0.3715873791994227,36,early
36598,198,0,0.7286836091875585,0.3867194494892333,36,early
36599,199,0,0.39200581765078313,0.4523073425115066,36,early
36600,0,0,0.5592621071085074,0.45937813086154883,36,middle
36601,1,0,0.03665055814833828,0.5567904682116276,36,middle
36602,2,0,0.6342339123161083,0.46918421143099787,36,middle
36603,3,0,0.9728106804578478,0.5315856422086968,36,middle
36604,4,0,0.4889240900124721,0.49979110930690324,36,middle
36605,5,0,0.9878320176443676,0.5169323975287577,36,middle
36606,6,0,0.4979369912123114,0.47351645579881585,36,middle
36607,7,0,0.06945223610725948,0.5715466165911323,36,middle
36608,8,0,0.6414724259060578,0.5658204528314181,36,middle
36609,9,0,0.5733938541436981,0.4900069344699117,36,middle
36610,10,0,0.20517206217191,0.5055058132054624,36,middle
36611,11,0,0.6935698978628806,0.6609000990549556,36,middle
36612,12,0,0.5441671579728407,0.3587474144105914,36,middle
36613,13,0,0.9157802597057205,0.36605114125284766,36,middle
36614,14,0,0.5110867975233778,0.5233129850451588,36,middle
36615,15,0,0.28232439911013896,0.48461107763731426,36,middle
36616,16,0,0.541520158929625,0.3869235351527792,36,middle
36617,17,0,0.34181516190662203,0.5905282869095583,36,middle
36618,18,0,0.5583179610904209,0.5920697454542199,36,middle
36619,19,0,0.3742536642549561,0.4228688766980624,36,middle
36620,20,0,0.5517212416167514,0.5392014422307507,36,middle
36621,21,0,0.5406323277079027,0.420581987768876,36,middle
36622,22,0,0.8665029618695528,0.4119473148611148,36,middle
36623,23,0,0.23426720167138074,0.4576295112764567,36,middle
36624,24,0,0.7247647909210693,0.37849234001460696,36,middle
36625,25,0,0.7548820786024194,0.5951896113928241,36,middle
36626,26,0,0.6225927681522431,0.5181751585327954,36,middle
36627,27,0,0.1072289132326927,0.5516163582860182,36,middle
36628,28,0,0.7733176107764044,0.5022583415165593,36,middle
36629,29,0,0.9212916675179421,0.42802109475320216,36,middle
36630,30,0,0.8762466069460908,0.4362763283214487,36,middle
36631,31,0,0.44766874005407786,0.5718695864802809,36,middle
36632,32,0,0.1409695677295175,0.4543186069563951,36,middle
36633,33,0,0.6167485549496965,0.42868262831722503,36,middle
36634,34,0,0.745180017169347,0.5041503120301875,36,middle
36635,35,0,0.5817300132439144,0.5119803152174274,36,middle
36636,36,0,0.7618247097754232,0.4328389627179259,36,middle
36637,37,0,0.6331287935606129,0.5502412274497923,36,middle
36638,38,0,0.1787987021854259,0.4705506018731474,36,middle
36639,39,0,0.18271736649607997,0.640258966464266,36,middle
36640,40,0,0.8424546206998155,0.37958901651676524,36,middle
36641,41,0,0.834708759794517,0.5843823614830567,36,middle
36642,42,0,0.7613100794990799,0.46235823736877046,36,middle
36643,43,0,0.783144562068259,0.5301075657781003,36,middle
36644,44,0,0.10388921773833454,0.4183588826400138,36,middle
36645,45,0,0.12327467752767292,0.4710264908246301,36,middle
36646,46,0,0.21464177402994702,0.39634887213011366,36,middle
36647,47,0,0.7662459399488706,0.41930622868985323,36,middle
36648,48,0,0.2150024534714708,0.41849934374717224,36,middle
36649,49,0,0.8577069229522152,0.5175811420670411,36,middle
36650,50,0,0.838300571392194,0.38950762424712193,36,middle
36651,51,0,0.30293534452771065,0.4087314290458023,36,middle
36652,52,0,0.2714565837064519,0.4440230230997153,36,middle
36653,53,0,0.581713776762285,0.42255733812346785,36,middle
36654,54,0,0.4734112037460685,0.44779600653694623,36,middle
36655,55,0,0.256085555696763,0.440026731166106,36,middle
36656,56,0,0.40304379471209506,0.38698214872494574,36,middle
36657,57,0,0.4406062905239767,0.3787962738571672,36,middle
36658,58,0,0.4742254376777521,0.3584308396392981,36,middle
36659,59,0,0.6655919599878077,0.3798953822613569,36,middle
36660,60,0,0.6082971960228354,0.36377003267170055,36,middle
36661,61,0,0.7382190435338108,0.40742755276453435,36,middle
36662,62,0,0.7357707950525347,0.36872559016184187,36,middle
36663,63,0,0.28379320825681703,0.44374116039241185,36,middle
36664,64,0,0.5486579201588666,0.3495985275232689,36,middle
36665,65,0,0.5889873267952208,0.46316365869968124,36,middle
36666,66,0,0.5002266539307263,0.49053850664978005,36,middle
36667,67,0,0.3970247426157346,0.5217794045480528,36,middle
36668,68,0,0.2981355808498353,0.33917014858701955,36,middle
36669,69,0,0.5201991478787423,0.5550380058760807,36,middle
36670,70,0,0.6431890872559004,0.36758394563125973,36,middle
36671,71,0,0.5065087690163117,0.37910101044765643,36,middle
36672,72,0,0.5941757701237645,0.6072415676904734,36,middle
36673,73,0,0.6952604049425856,0.3720060389519087,36,middle
36674,74,0,0.5476928224763963,0.42115439797517107,36,middle
36675,75,0,0.7973058683982475,0.2968576836527791,36,middle
36676,76,0,0.6803316275057447,0.34883681339966566,36,middle
36677,77,0,0.5857605812921528,0.4287088058845513,36,middle
36678,78,0,0.41802358703010556,0.38386588145769507,36,middle
36679,79,0,0.40344574546398304,0.4650883909626844,36,middle
36680,80,0,0.13231884462604218,0.6655405747834036,36,middle
36681,81,0,0.5462342454265058,0.40279967438046094,36,middle
36682,82,0,0.10589053482433677,0.4520551510389254,36,middle
36683,83,0,0.8881621674602134,0.4271614577338892,36,middle
36684,84,0,0.09715632715544924,0.6320446288206836,36,middle
36685,85,0,0.7798767609774074,0.3131838400726701,36,middle
36686,86,0,0.9438327653381591,0.31031153845656106,36,middle
36687,87,0,0.2532058653020638,0.40453451907655824,36,middle
36688,88,0,0.2187666112039799,0.47216081975825774,36,middle
36689,89,0,0.060426103457791744,0.43179422611824114,36,middle
36690,90,0,0.5753971607730718,0.4728038575098315,36,middle
36691,91,0,0.6629014605067489,0.5020711091134611,36,middle
36692,92,0,0.38112872540003284,0.5571908556282674,36,middle
36693,93,0,0.9980429860201077,0.46687241797476065,36,middle
36694,94,0,0.1870417959600243,0.40890411163500207,36,middle
36695,95,0,0.694192661909777,0.4137164251343601,36,middle
36696,96,0,0.8644792988184273,0.3429674177696515,36,middle
36697,97,0,0.21249423636130788,0.4939168527630855,36,middle
36698,98,0,0.7159755098090917,0.35748433763091825,36,middle
36699,99,0,0.2284920726034939,0.6692873759091609,36,middle
36700,100,0,0.4709718400631622,0.24029799109310604,36,middle
36701,101,0,0.7948053216135141,0.38558314591812487,36,middle
36702,102,0,0.13344820530580287,0.492827080326587,36,middle
36703,103,0,0.8917163963801653,0.38706411693329756,36,middle
36704,104,0,0.46267471305033125,0.3162203817564957,36,middle
36705,105,0,0.940735719046391,0.3783825621680224,36,middle
36706,106,0,0.4483956690477341,0.5197732538550441,36,middle
36707,107,0,0.39597572093134975,0.3897067208098971,36,middle
36708,108,0,0.6058430621595366,0.45660211345736756,36,middle
36709,109,0,0.38961623575361004,0.38822937686756764,36,middle
36710,110,0,0.911009775426954,0.32315654439667607,36,middle
36711,111,0,0.9941958118201925,0.38009465790282737,36,middle
36712,112,0,0.9975537926501875,0.4022153305280259,36,middle
36713,113,0,0.49688049728613415,0.4465887674075835,36,middle
36714,114,0,0.5325302055766279,0.5052581772262082,36,middle
36715,115,0,0.524732873868611,0.4455360792010856,36,middle
36716,116,0,0.8932496935984184,0.286316640580235,36,middle
36717,117,0,0.5465268462330681,0.3996680560570468,36,middle
36718,118,0,0.6510693761024486,0.33478606369537073,36,middle
36719,119,0,0.7389141790731684,0.29567768470973477,36,middle
36720,120,0,0.2838346487700953,0.4395530082005094,36,middle
36721,121,0,0.2534903589653753,0.5598310118814174,36,middle
36722,122,0,0.8341781666793973,0.30422750825074657,36,middle
36723,123,0,0.39158017454412913,0.30447786673389504,36,middle
36724,124,0,0.41342451610947334,0.4198263255209231,36,middle
36725,125,0,0.7699372073515603,0.3899952189856855,36,middle
36726,126,0,0.5746688736475929,0.4203147107036158,36,middle
36727,127,0,0.9760103688021504,0.443355579452221,36,middle
36728,128,0,0.44479525628440464,0.3474212266120152,36,middle
36729,129,0,0.9422621472330386,0.3588970989526148,36,middle
36730,130,0,0.5494638756937039,0.3407041824275311,36,middle
36731,131,0,0.19182903520440764,0.278766641184635,36,middle
36732,132,0,0.44587797146231173,0.5494984177604444,36,middle
36733,133,0,0.403117080668829,0.36744146326016447,36,middle
36734,134,0,0.931906422005198,0.3678220042268503,36,middle
36735,135,0,0.8472735687644525,0.38418430480958166,36,middle
36736,136,0,0.5842739554632086,0.30878437765558253,36,middle
36737,137,0,0.8633978404007286,0.3524101835639172,36,middle
36738,138,0,0.8972356494789466,0.37157967549551607,36,middle
36739,139,0,0.3922870394824309,0.38233514085649034,36,middle
36740,140,0,0.06002599914873523,0.4899384857055507,36,middle
36741,141,0,0.8989558038216812,0.3167196187426485,36,middle
36742,142,0,0.22422464811700638,0.38299354397480456,36,middle
36743,143,0,0.8708736787844229,0.27150879583010995,36,middle
36744,144,0,0.29046652678107504,0.31743704452139987,36,middle
36745,145,0,0.7100879132083469,0.6375645433007135,36,middle
36746,146,0,0.44202494283090027,0.5205813133402073,36,middle
36747,147,0,0.6226322786536045,0.3864916341829555,36,middle
36748,148,0,0.18860108906036105,0.30942100999898337,36,middle
36749,149,0,0.5511028162494245,0.3069055819450129,36,middle
36750,150,0,0.8610017821745843,0.3716646333622358,36,middle
36751,151,0,0.46720382298056184,0.35254484439262446,36,middle
36752,152,0,0.568434932522804,0.5067156785180283,36,middle
36753,153,0,0.49731843596749314,0.34571124219810656,36,middle
36754,154,0,0.8911772221216169,0.3025538655070744,36,middle
36755,155,0,0.7980325287683017,0.21245706077202614,36,middle
36756,156,0,0.4490814449848971,0.4202616774403545,36,middle
36757,157,0,0.7492651717376813,0.433742624070191,36,middle
36758,158,0,0.5001359853288561,0.342965510976769,36,middle
36759,159,0,0.3840188388833342,0.4462727922762946,36,middle
36760,160,0,0.6053370918161873,0.3103793420557303,36,middle
36761,161,0,0.4321488893820782,0.5100199186040647,36,middle
36762,162,0,0.239708381555226,0.45779774200926043,36,middle
36763,163,0,0.5041043709617486,0.38303096843593964,36,middle
36764,164,0,0.8228808295331856,0.42839019684826307,36,middle
36765,165,0,0.9124393359237886,0.3364099516719957,36,middle
36766,166,0,0.8013336876646315,0.4271236322515527,36,middle
36767,167,0,0.5893456034091263,0.2842741264611813,36,middle
36768,168,0,0.725211435589666,0.4515621556961676,36,middle
36769,169,0,0.3296630316628758,0.5118582957105228,36,middle
36770,170,0,0.6365512310483128,0.3889484555406397,36,middle
36771,171,0,0.921015768169579,0.38821488662142856,36,middle
36772,172,0,0.9059185750478879,0.4365699515648671,36,middle
36773,173,0,0.4772039655074596,0.3748254041916026,36,middle
36774,174,0,0.5018309280931851,0.4834999591688116,36,middle
36775,175,0,0.7050261945834017,0.37674177455843505,36,middle
36776,176,0,0.4064824581210581,0.34604048605656235,36,middle
36777,177,0,0.4858615918609459,0.2870349070430005,36,middle
36778,178,0,0.276624896972473,0.4118321944653125,36,middle
36779,179,0,0.5270096915741725,0.4105878809385033,36,middle
36780,180,0,0.5392796376722665,0.3282871595851231,36,middle
36781,181,0,0.4946720058938633,0.33304781146555923,36,middle
36782,182,0,0.6653702428302952,0.45764707790826087,36,middle
36783,183,0,0.9465924636538531,0.23165877884274283,36,middle
36784,184,0,0.6680202998759281,0.3271354929282342,36,middle
36785,185,0,0.9943922872257538,0.3232447326450325,36,middle
36786,186,0,0.8661153808267563,0.30274506657077876,36,middle
36787,187,0,0.43080585802313603,0.46959617446086854,36,middle
36788,188,0,0.8442433286395514,0.2883764944750757,36,middle
36789,189,0,0.1980834738097597,0.4786420900683861,36,middle
36790,190,0,0.9045179687907386,0.4231965173650122,36,middle
36791,191,0,0.839494957648944,0.2965712508907289,36,middle
36792,192,0,0.4695036044480532,0.5960993548037835,36,middle
36793,193,0,0.5471573503083791,0.3282467339101053,36,middle
36794,194,0,0.41135368134885,0.35401191871924376,36,middle
36795,195,0,0.47088525650504864,0.3739114350695837,36,middle
36796,196,0,0.909922690878114,0.2862797783572132,36,middle
36797,197,0,0.4206452208717894,0.5858593589268053,36,middle
36798,198,0,0.11368709566428509,0.4671410197571003,36,middle
36799,199,0,0.9845156950919455,0.25398632335579263,36,middle
36800,0,0,0.48204349195912777,0.9526955136861901,36,late
36801,1,0,0.7094574192784415,0.856971114007332,36,late
36802,2,0,0.749043839786171,0.44435417397978394,36,late
36803,3,0,0.17589300216009782,0.606165100700782,36,late
36804,4,0,0.893636213933213,0.36945718935712585,36,late
36805,5,0,0.47909541566632907,0.48191294469184254,36,late
36806,6,0,0.03464027505636582,0.5730739249713452,36,late
36807,7,0,0.4443875722914387,0.459621886636583,36,late
36808,8,0,0.12290644211895173,0.4642058675924511,36,late
36809,9,0,0.8157750139633889,0.5133856326856834,36,late
36810,10,0,0.12969131016612448,0.4532966311569063,36,late
36811,11,0,0.5728757185055191,0.6365878153053512,36,late
36812,12,0,0.6243204430809592,0.3693366306904843,36,late
36813,13,0,0.20311257753003797,0.5146326337188893,36,late
36814,14,0,0.8414190080617121,0.5766846712743936,36,late
36815,15,0,0.4919429712327345,0.5204089131058299,36,late
36816,16,0,0.795658366057077,0.37639666983102454,36,late
36817,17,0,0.49998291520912946,0.6478767639561945,36,late
36818,18,0,0.8009696506273134,0.5614303577644233,36,late
36819,19,0,0.4555909248429943,0.5806212852825026,36,late
36820,20,0,0.06912347071971563,0.4493097981790166,36,late
36821,21,0,0.48935791008704854,0.4586553353009336,36,late
36822,22,0,0.12594439498578056,0.4947425849210606,36,late
36823,23,0,0.3903411600989738,0.5504870815972298,36,late
36824,24,0,0.6759109140672619,0.535780400016505,36,late
36825,25,0,0.8278802703002099,0.4838886961000016,36,late
36826,26,0,0.8904822561604222,0.3702895700518812,36,late
36827,27,0,0.44243859455693646,0.5843608282845354,36,late
36828,28,0,0.8398299131411111,0.3134418018513058,36,late
36829,29,0,0.40701388969966656,0.4972107644943907,36,late
36830,30,0,0.9044438292851167,0.5065584257887994,36,late
36831,31,0,0.5789158748245602,0.5182375168490232,36,late
36832,32,0,0.7894504630612973,0.41255185427116703,36,late
36833,33,0,0.4521913658548399,0.538080995651772,36,late
36834,34,0,0.9420666990399069,0.4007460897292642,36,late
36835,35,0,0.6035493700059478,0.5481350217453749,36,late
36836,36,0,0.6078452955942136,0.3261048832585952,36,late
36837,37,0,0.36609859811914536,0.5952605977211156,36,late
36838,38,0,0.9026938246448608,0.5184731590671995,36,late
36839,39,0,0.684403595583686,0.40007778816156586,36,late
36840,40,0,0.1291493768273062,0.47973780149987916,36,late
36841,41,0,0.6947576355135043,0.5058856093303137,36,late
36842,42,0,0.6448337855539427,0.513935795008802,36,late
36843,43,0,0.5658097225142904,0.5960355585451644,36,late
36844,44,0,0.25061828157116356,0.6611780062454655,36,late
36845,45,0,0.8012835300792045,0.45401247458624205,36,late
36846,46,0,0.24762405978645602,0.5048697215283973,36,late
36847,47,0,0.48491374189851333,0.4890436514334977,36,late
36848,48,0,0.9391501077409505,0.2930535774441618,36,late
36849,49,0,0.4438321455057173,0.47805339179988937,36,late
36850,50,0,0.6268129415890198,0.32289120300365654,36,late
36851,51,0,0.6988834948281585,0.5275361218936745,36,late
36852,52,0,0.10655980451714106,0.527465873773891,36,late
36853,53,0,0.4548270822753466,0.3649604473836361,36,late
36854,54,0,0.7986284979286161,0.44306241046938477,36,late
36855,55,0,0.4007705274793968,0.5093288974203651,36,late
36856,56,0,0.167841586296672,0.5918743856014053,36,late
36857,57,0,0.6194841755088398,0.48800015846920186,36,late
36858,58,0,0.32318702413985334,0.5273388910183973,36,late
36859,59,0,0.9053865982540525,0.39037749673113853,36,late
36860,60,0,0.37284473208273267,0.4998934280775299,36,late
36861,61,0,0.6087904799625239,0.40972837469677303,36,late
36862,62,0,0.5308936202705079,0.38792677698041145,36,late
36863,63,0,0.7205472606768879,0.5162510219561861,36,late
36864,64,0,0.29132389358611727,0.6388139769439255,36,late
36865,65,0,0.2939866185748915,0.430087341613301,36,late
36866,66,0,0.7806730718822029,0.38098837826192244,36,late
36867,67,0,0.44766811730818334,0.4988896643192061,36,late
36868,68,0,0.1280647262907433,0.4856590048554353,36,late
36869,69,0,0.2620561744301012,0.422447931993552,36,late
36870,70,0,0.5854223472658332,0.5487202172188174,36,late
36871,71,0,0.7666552596562426,0.40728315662041853,36,late
36872,72,0,0.7389673205571695,0.5031383674923511,36,late
36873,73,0,0.6513529274590758,0.5957581727413276,36,late
36874,74,0,0.6463575530054269,0.5703453276737283,36,late
36875,75,0,0.6806160853308587,0.38225706934186476,36,late
36876,76,0,0.12512234486646018,0.5092035965523015,36,late
36877,77,0,0.2121791495620213,0.5775909964393019,36,late
36878,78,0,0.7129713601215852,0.5626189608181462,36,late
36879,79,0,0.6930319055564609,0.2848225711102761,36,late
36880,80,0,0.29924603076046796,0.42954031298810325,36,late
36881,81,0,0.4103708623901593,0.4903614821579443,36,late
36882,82,0,0.5005896039884232,0.4067744863473567,36,late
36883,83,0,0.18786974980044246,0.47944933519396293,36,late
36884,84,0,0.5021568968560625,0.43540771132640893,36,late
36885,85,0,0.6643483541649663,0.4520855811008435,36,late
36886,86,0,0.7358199074493292,0.3838716397239278,36,late
36887,87,0,0.6944076700699132,0.5361164170961716,36,late
36888,88,0,0.051069252589344534,0.42084257169074046,36,late
36889,89,0,0.3155267574094573,0.5066589893378195,36,late
36890,90,0,0.40180372483280974,0.44493845584824143,36,late
36891,91,0,0.6396913547584959,0.3803119222278211,36,late
36892,92,0,0.2956084784475721,0.4317456735257883,36,late
36893,93,0,0.9194807680104387,0.4770332856403401,36,late
36894,94,0,0.8789260875562275,0.30437449940945205,36,late
36895,95,0,0.8502293073673763,0.42702745363482,36,late
36896,96,0,0.6954612246736709,0.2954183600749236,36,late
36897,97,0,0.39294595406903565,0.658031827264682,36,late
36898,98,0,0.5499701103149806,0.4008724970609384,36,late
36899,99,0,0.47903048399929604,0.5446438057830665,36,late
36900,100,0,0.4590510538571983,0.5604490340194014,36,late
36901,101,0,0.6628250953026378,0.5108196106822825,36,late
36902,102,0,0.8949989473163702,0.36871658310275157,36,late
36903,103,0,0.9321320750173896,0.35881322688858097,36,late
36904,104,0,0.9844565482021532,0.42974194162158175,36,late
36905,105,0,0.22353607330756753,0.45629030128717774,36,late
36906,106,0,0.24085349516037877,0.4910625235864734,36,late
36907,107,0,0.5541117374763881,0.5134290222987429,36,late
36908,108,0,0.8572591721242964,0.4942828928522949,36,late
36909,109,0,0.42995850121253054,0.41008874421621966,36,late
36910,110,0,0.4514321402210784,0.5513063583137097,36,late
36911,111,0,0.4536138591390416,0.4638730504019638,36,late
36912,112,0,0.4498217579845165,0.5660492750781126,36,late
36913,113,0,0.8353506419049632,0.395990285610621,36,late
36914,114,0,0.5648911477403291,0.3879340235666218,36,late
36915,115,0,0.8528166607573369,0.3524373628852532,36,late
36916,116,0,0.7490585553393172,0.49782282778222364,36,late
36917,117,0,0.34155554678936995,0.45107010040316325,36,late
36918,118,0,0.7885173014635856,0.45003930148567434,36,late
36919,119,0,0.6519803328278413,0.4872684338344867,36,late
36920,120,0,0.46971191864653256,0.37419911123357896,36,late
36921,121,0,0.5770394007285735,0.22599905083285704,36,late
36922,122,0,0.3737758434069287,0.5321622254658496,36,late
36923,123,0,0.05926747542606285,0.6658997990107726,36,late
36924,124,0,0.8988446680806144,0.541892794086062,36,late
36925,125,0,0.6822094890992634,0.533970405257552,36,late
36926,126,0,0.7073335000534935,0.42144086658632934,36,late
36927,127,0,0.42183493358518387,0.30660420023999446,36,late
36928,128,0,0.18060076809510658,0.6511086333581809,36,late
36929,129,0,0.22400905505479615,0.6615355843420447,36,late
36930,130,0,0.5614626437417515,0.41169561470697086,36,late
36931,131,0,0.04877059812497728,0.5734642105382631,36,late
36932,132,0,0.015299951702755693,0.7940117879073605,36,late
36933,133,0,0.5217902237116934,0.3472414791749331,36,late
36934,134,0,0.5746884161024761,0.3289316065520971,36,late
36935,135,0,0.2885071916843561,0.5178723706230582,36,late
36936,136,0,0.20149420818051805,0.5193581620654941,36,late
36937,137,0,0.2778738722659629,0.488279763513224,36,late
36938,138,0,0.1213588991579027,0.611886028194767,36,late
36939,139,0,0.21844374516794282,0.5464499228705064,36,late
36940,140,0,0.14238605680366484,0.6352401304688555,36,late
36941,141,0,0.9679405108044586,0.41144077910201804,36,late
36942,142,0,0.8568474076140598,0.4780243238563893,36,late
36943,143,0,0.9350571659418345,0.34325107535479094,36,late
36944,144,0,0.10614567171441744,0.49112901948339754,36,late
36945,145,0,0.6032842356442734,0.3219500720617342,36,late
36946,146,0,0.6136712681920498,0.5580841479793952,36,late
36947,147,0,0.5400823319688277,0.2756698119897836,36,late
36948,148,0,0.34839168174737983,0.42115790263754993,36,late
36949,149,0,0.5357767425366183,0.3235934662742573,36,late
36950,150,0,0.8903976627448451,0.4246675368922712,36,late
36951,151,0,0.9299225543307972,0.3144527927157667,36,late
36952,152,0,0.6053509161127246,0.42414956823204897,36,late
36953,153,0,0.9352434012002443,0.5044439318432283,36,late
36954,154,0,0.052769454648099505,0.6042825339745107,36,late
36955,155,0,0.27866336813882886,0.39363190038202456,36,late
36956,156,0,0.3422759544472427,0.49232195645976357,36,late
36957,157,0,0.1872923387975005,0.5749641782621049,36,late
36958,158,0,0.4286155598026017,0.4230682049549347,36,late
36959,159,0,0.9089334013233544,0.38126646908706674,36,late
36960,160,0,0.29056296892287553,0.3668751485068181,36,late
36961,161,0,0.280736176653157,0.51290264585529,36,late
36962,162,0,0.4944124372718252,0.4727949912883095,36,late
36963,163,0,0.5867809928874766,0.3547099853999888,36,late
36964,164,0,0.2513108258623772,0.5019989205251763,36,late
36965,165,0,0.6759831430489288,0.35296162759533695,36,late
36966,166,0,0.23738818224655878,0.3991474150832538,36,late
36967,167,0,0.5265042246177022,0.4010037504084415,36,late
36968,168,0,0.5161545366936128,0.5349906868981409,36,late
36969,169,0,0.913315653416503,0.3458696844342192,36,late
36970,170,0,0.6717273384864213,0.6042105806714588,36,late
36971,171,0,0.5685213488902648,0.3852025637294674,36,late
36972,172,0,0.695421115347017,0.30013452811759883,36,late
36973,173,0,0.7638525753118804,0.30980564590914855,36,late
36974,174,0,0.126245181333713,0.502184343527553,36,late
36975,175,0,0.569368460086781,0.44507191617537245,36,late
36976,176,0,0.5678806748568335,0.2574493524121918,36,late
36977,177,0,0.6614621220218005,0.3425836690430152,36,late
36978,178,0,0.5037512272009492,0.23574217621963714,36,late
36979,179,0,0.07158233453090612,0.3444625129017445,36,late
36980,180,0,0.05953161354831962,0.49235480164007384,36,late
36981,181,0,0.30544050489599883,0.5038333183078608,36,late
36982,182,0,0.8134273495055504,0.3287519003863195,36,late
36983,183,0,0.4283012742079685,0.3872127532163982,36,late
36984,184,0,0.5526919056934515,0.3277250583936824,36,late
36985,185,0,0.297215536808072,0.49192410468255643,36,late
36986,186,0,0.8080639024821824,0.42502468206236466,36,late
36987,187,0,0.38887401951478917,0.3262521708638523,36,late
36988,188,0,0.5219077917880446,0.24471560203142104,36,late
36989,189,0,0.366804932002894,0.43330227294767176,36,late
36990,190,0,0.5274822418783539,0.3531898164496653,36,late
36991,191,0,0.5533883031122795,0.41183515398129567,36,late
36992,192,0,0.6633578858074918,0.2376731384283957,36,late
36993,193,0,0.8594764373507359,0.3745742215943255,36,late
36994,194,0,0.5205409550029352,0.31187360993842944,36,late
36995,195,0,0.3577334085944978,0.3046598909144357,36,late
36996,196,0,0.5916936700034438,0.39062005224803326,36,late
36997,197,0,0.026684722656277603,0.3917125192832197,36,late
36998,198,0,0.7208585504393854,0.3195330925372457,36,late
36999,199,0,0.19563902501628133,0.308958825678569,36,late
37000,0,0,0.725216872791532,0.6627136609540039,37,interleaved
37001,1,0,0.5288352540656168,0.5128107967089586,37,interleaved
37002,2,0,0.7010653077823374,0.49216380862024667,37,interleaved
37003,3,0,0.5876787387468063,0.45461811230899507,37,interleaved
37004,4,0,0.8177923305596966,0.40993347764892096,37,interleaved
37005,5,0,0.5250492763781991,0.4735924548639153,37,interleaved
37006,6,0,0.25870849866314416,0.5303583567239518,37,interleaved
37007,7,0,0.9113971033219732,0.4907194688409001,37,interleaved
37008,8,0,0.2631761748958476,0.5161275570615946,37,interleaved
37009,9,0,0.2216772721787565,0.5302336186251395,37,interleaved
37010,10,0,0.48158506092906184,0.5695656662716435,37,interleaved
37011,11,0,0.3507697296957355,0.5886397867076341,37,interleaved
37012,12,0,0.3287282719943414,0.5063327522685613,37,interleaved
37013,13,0,0.37780885874465975,0.40460045835061287,37,interleaved
37014,14,0,0.7050995472816749,0.4827995524803341,37,interleaved
37015,15,0,0.5799138786882755,0.6162014245886475,37,interleaved
37016,16,0,0.8730856076945697,0.5741393950384915,37,interleaved
37017,17,0,0.23918249223540766,0.5907806914563959,37,interleaved
37018,18,0,0.4167744625003972,0.5891052385633997,37,interleaved
37019,19,0,0.26170455806780324,0.45342137393817417,37,interleaved
37020,20,0,0.7016463400153976,0.5048327785734577,37,interleaved
37021,21,0,0.445565656678818,0.5067093925470509,37,interleaved
37022,22,0,0.7826061494491399,0.45773578487727573,37,interleaved
37023,23,0,0.5621398120899985,0.5154338235417214,37,interleaved
37024,24,0,0.18770298552927508,0.6087121297900613,37,interleaved
37025,25,0,0.5609348760476234,0.42802320169593644,37,interleaved
37026,26,0,0.4685199737030321,0.5830518072499462,37,interleaved
37027,27,0,0.4793597644477352,0.3820281453786696,37,interleaved
37028,28,0,0.7148453959945797,0.411800757346254,37,interleaved
37029,29,0,0.3976871641433467,0.3959451013627412,37,interleaved
37030,30,0,0.3715000975061031,0.485728176414727,37,interleaved
37031,31,0,0.2911955851317514,0.41227514040449886,37,interleaved
37032,32,0,0.3627758970813309,0.4010734813514274,37,interleaved
37033,33,0,0.2819697526869198,0.37576482367305564,37,interleaved
37034,34,0,0.7120365555357531,0.37645937428817233,37,interleaved
37035,35,0,0.27208950661367537,0.529902942342986,37,interleaved
37036,36,0,0.43517677033062624,0.5537091230374851,37,interleaved
37037,37,0,0.8375582444341737,0.409313836705563,37,interleaved
37038,38,0,0.6819073621700826,0.339765499325067,37,interleaved
37039,39,0,0.3628947289359691,0.5095323722213788,37,interleaved
37040,40,0,0.28134475484378957,0.4283430870971485,37,interleaved
37041,41,0,0.2508305354514348,0.43415052153912304,37,interleaved
37042,42,0,0.366892748955027,0.37344986217342013,37,interleaved
37043,43,0,0.7661383794807619,0.48912497953104805,37,interleaved
37044,44,0,0.7554621086901688,0.32505956200252334,37,interleaved
37045,45,0,0.3926169437657608,0.36042547172898093,37,interleaved
37046,46,0,0.8916759606357867,0.3618652556205438,37,interleaved
37047,47,0,0.503768241459508,0.41092673911300925,37,interleaved
37048,48,0,0.12350143876026089,0.4610034971185454,37,interleaved
37049,49,0,0.46246323516747834,0.3849187133671972,37,interleaved
37050,50,0,0.23864612665530519,0.4842403228530486,37,interleaved
37051,51,0,0.17509176606808818,0.7908157061118077,37,interleaved
37052,52,0,0.8051555596013502,0.4383983303465485,37,interleaved
37053,53,0,0.5165760885899291,0.35183977512548303,37,interleaved
37054,54,0,0.4417668634930496,0.3709643977228021,37,interleaved
37055,55,0,0.32345263963403104,0.3706525694521262,37,interleaved
37056,56,0,0.3116642897730372,0.353215105981895,37,interleaved
37057,57,0,0.6045971440303446,0.6764941773001433,37,interleaved
37058,58,0,0.8778453758111273,0.5110253808145129,37,interleaved
37059,59,0,0.21228999458817555,0.5870578162849689,37,interleaved
37060,60,0,0.3005668025103719,0.663758367058477,37,interleaved
37061,61,0,0.5528939167395185,0.3295335164092742,37,interleaved
37062,62,0,0.41413849050421503,0.4978263194299314,37,interleaved
37063,63,0,0.7134354715831307,0.50003275459596,37,interleaved
37064,64,0,0.6627441218993595,0.2711415402540783,37,interleaved
37065,65,0,0.7732513848777012,0.5422514993715031,37,interleaved
37066,66,0,0.6727509194704149,0.4426879896293968,37,interleaved
37067,67,0,0.598297121773678,0.32761600282865877,37,interleaved
37068,68,0,0.3509438543860637,0.5189486264656248,37,interleaved
37069,69,0,0.6818457373333697,0.4296344336342648,37,interleaved
37070,70,0,0.8348771726679383,0.38726003657889274,37,interleaved
37071,71,0,0.4465440479500534,0.3673238187285456,37,interleaved
37072,72,0,0.6986013200684468,0.41592854260023326,37,interleaved
37073,73,0,0.6019168187149146,0.4513400437946523,37,interleaved
37074,74,0,0.7464709511142753,0.30515899831931587,37,interleaved
37075,75,0,0.30373979539852136,0.5185458915965575,37,interleaved
37076,76,0,0.21874155274325935,0.38687590976193087,37,interleaved
37077,77,0,0.9674572081148938,0.40149086407078854,37,interleaved
37078,78,0,0.6369610067971778,0.3887904457355931,37,interleaved
37079,79,0,0.705134724241354,0.36976580421128813,37,interleaved
37080,80,0,0.40430532016472553,0.39688380187932903,37,interleaved
37081,81,0,0.26572247860481757,0.4319887261404885,37,interleaved
37082,82,0,0.5070013068454806,0.4887339010792713,37,interleaved
37083,83,0,0.5914288022312262,0.5770308656053145,37,interleaved
37084,84,0,0.5116405007148508,0.42371226563393194,37,interleaved
37085,85,0,0.3063879671216937,0.45850343653733344,37,interleaved
37086,86,0,0.8866709068146754,0.3422776664504778,37,interleaved
37087,87,0,0.7613099002602772,0.4987643496241012,37,interleaved
37088,88,0,0.21675239614128192,0.3530902401336988,37,interleaved
37089,89,0,0.14412337592490285,0.4111347776271471,37,interleaved
37090,90,0,0.20477381299946978,0.44537040065133093,37,interleaved
37091,91,0,0.7991461497555061,0.38372524545070225,37,interleaved
37092,92,0,0.277025191076126,0.40498247998252473,37,interleaved
37093,93,0,0.7998342262913407,0.4410898992848754,37,interleaved
37094,94,0,0.3963899611739724,0.5001067972155192,37,interleaved
37095,95,0,0.7064051577730472,0.35215484615928505,37,interleaved
37096,96,0,0.7106418874848139,0.3574838602747925,37,interleaved
37097,97,0,0.8438716283992812,0.44575660497961717,37,interleaved
37098,98,0,0.8404872695953183,0.38328226426953976,37,interleaved
37099,99,0,0.3042298711669087,0.41854051264870595,37,interleaved
37100,100,0,0.6137513375941532,0.41570663410709363,37,interleaved
37101,101,0,0.5887739509734216,0.4466950510714437,37,interleaved
37102,102,0,0.46144422387120393,0.39011867203053086,37,interleaved
37103,103,0,0.0638924731469957,0.6114566295497399,37,interleaved
37104,104,0,0.762057296747472,0.40021584818553585,37,interleaved
37105,105,0,0.7363265754576016,0.2952486832115037,37,interleaved
37106,106,0,0.6294785040765252,0.45089616768292706,37,interleaved
37107,107,0,0.7107627404516211,0.3403183952783667,37,interleaved
37108,108,0,0.7483635698238188,0.5351531561194147,37,interleaved
37109,109,0,0.3636492940594599,0.46994460844334585,37,interleaved
37110,110,0,0.12900748613506102,0.39853036854693047,37,interleaved
37111,111,0,0.49431436091598213,0.38878381725380856,37,interleaved
37112,112,0,0.5433091272397977,0.3748486701630751,37,interleaved
37113,113,0,0.7518806496018721,0.39039757280005216,37,interleaved
37114,114,0,0.8603621455034551,0.48185078401787673,37,interleaved
37115,115,0,0.1796994556846736,0.3379617841321653,37,interleaved
37116,116,0,0.11416509442727223,0.4326484267403015,37,interleaved
37117,117,0,0.5348738523317889,0.5468793914672161,37,interleaved
37118,118,0,0.897183639530867,0.3887750407484346,37,interleaved
37119,119,0,0.37082205380466776,0.4975152530752069,37,interleaved
37120,120,0,0.8227255322645143,0.258452363224568,37,interleaved
37121,121,0,0.45543863613603736,0.3376212736619222,37,interleaved
37122,122,0,0.9621562802884431,0.3882537056949246,37,interleaved
37123,123,0,0.7836824142522569,0.5071894606693885,37,interleaved
37124,124,0,0.21119088926181734,0.4529424535494523,37,interleaved
37125,125,0,0.9711163114303413,0.3945261265121957,37,interleaved
37126,126,0,0.5012442855045613,0.5054905007984927,37,interleaved
37127,127,0,0.6821696464115874,0.530662632295598,37,interleaved
37128,128,0,0.4686176310585283,0.3249532112595518,37,interleaved
37129,129,0,0.3431986488590065,0.4016630553334461,37,interleaved
37130,130,0,0.9689561237416472,0.23931091710828656,37,interleaved
37131,131,0,0.6978133469702543,0.3144302937682488,37,interleaved
37132,132,0,0.3932429996072476,0.4123220855389241,37,interleaved
37133,133,0,0.05549611517404097,0.38373066804634937,37,interleaved
37134,134,0,0.4918548319693387,0.5425649847844167,37,interleaved
37135,135,0,0.3420916240680946,0.3937110840035337,37,interleaved
37136,136,0,0.35673255684581184,0.3561471163135447,37,interleaved
37137,137,0,0.2993718528007494,0.3217097629086597,37,interleaved
37138,138,0,0.422264102464526,0.34330919660632375,37,interleaved
37139,139,0,0.664198055514523,0.26209028075301244,37,interleaved
37140,140,0,0.6604896363947514,0.38053407637406383,37,interleaved
37141,141,0,0.5067575631964216,0.39418685811217125,37,interleaved
37142,142,0,0.47232212728024925,0.48346044012726075,37,interleaved
37143,143,0,0.4841765224799631,0.40728999732516147,37,interleaved
37144,144,0,0.5956003364656484,0.3796569565693264,37,interleaved
37145,145,0,0.515655925631055,0.4284521988167973,37,interleaved
37146,146,0,0.40316783977532494,0.4164933351089423,37,interleaved
37147,147,0,0.926722870846201,0.3045767363688747,37,interleaved
37148,148,0,0.8866987179125598,0.33675692891880227,37,interleaved
37149,149,0,0.9796860108084448,0.2981736995168144,37,interleaved
37150,150,0,0.656374424435349,0.38684774963278684,37,interleaved
37151,151,0,0.4000036925949671,0.3907121873949799,37,interleaved
37152,152,0,0.7842670386419026,0.37244762101087103,37,interleaved
37153,153,0,0.793181927972697,0.4124138494940974,37,interleaved
37154,154,0,0.2725637715873927,0.47953524461981845,37,interleaved
37155,155,0,0.5315095379676005,0.48042190422190445,37,interleaved
37156,156,0,0.2632213474721068,0.39298716407664047,37,interleaved
37157,157,0,0.6469039037388751,0.24745458459738068,37,interleaved
37158,158,0,0.8469611240549486,0.4753390862610666,37,interleaved
37159,159,0,0.6461668931804807,0.5048475976450936,37,interleaved
37160,160,0,0.09283669008628186,0.4412466992750397,37,interleaved
37161,161,0,0.8195265046002896,0.4721494813569501,37,interleaved
37162,162,0,0.9703145139318334,0.28285028078856145,37,interleaved
37163,163,0,0.4883663949313952,0.4770857098217425,37,interleaved
37164,164,0,0.3873310186162784,0.37717689678807415,37,interleaved
37165,165,0,0.4653058387414246,0.38292219634228386,37,interleaved
37166,166,0,0.6296186027406898,0.31628362932915854,37,interleaved
37167,167,0,0.8942559834103914,0.25301024748630946,37,interleaved
37168,168,0,0.9560739404932089,0.23991740974571507,37,interleaved
37169,169,0,0.514523815906123,0.4136968558160099,37,interleaved
37170,170,0,0.6010352247172785,0.34006189864870373,37,interleaved
37171,171,0,0.763644054691158,0.323855331349866,37,interleaved
37172,172,0,0.8319714157648714,0.25411456556459955,37,interleaved
37173,173,0,0.5146493423960035,0.39214161374562895,37,interleaved
37174,174,0,0.9281380582893598,0.35106845586513885,37,interleaved
37175,175,0,0.49414992855565987,0.3497820130948994,37,interleaved
37176,176,0,0.49466968375288894,0.38611871076930765,37,interleaved
37177,177,0,0.7545764106469046,0.2841546090586502,37,interleaved
37178,178,0,0.9131918215534215,0.371084734228846,37,interleaved
37179,179,0,0.8076901727069652,0.3141202646632836,37,interleaved
37180,180,0,0.8139119179944625,0.3507071007478189,37,interleaved
37181,181,0,0.8235102966013581,0.38041913370717423,37,interleaved
37182,182,0,0.38749782777077124,0.45259733527562046,37,interleaved
37183,183,0,0.9895041655328258,0.34447485386200416,37,interleaved
37184,184,0,0.7332437078066185,0.43436944879090367,37,interleaved
37185,185,0,0.36769518540500173,0.44329582721189426,37,interleaved
37186,186,0,0.2951994187730054,0.4076280704359487,37,interleaved
37187,187,0,0.6592136959260929,0.34913778144354213,37,interleaved
37188,188,0,0.5365558125551558,0.28580983884304517,37,interleaved
37189,189,0,0.600412083181129,0.47397376557523097,37,interleaved
37190,190,0,0.4282159688677699,0.35360608532983107,37,interleaved
37191,191,0,0.5053511139971473,0.3827556392174029,37,interleaved
37192,192,0,0.6734871555355431,0.39281470627651777,37,interleaved
37193,193,0,0.59307469760417,0.4899996366127544,37,interleaved
37194,194,0,0.9565905848345322,0.3034245524373311,37,interleaved
37195,195,0,0.12683465257362342,0.3962246675988744,37,interleaved
37196,196,0,0.43223747173281213,0.3503082420604977,37,interleaved
37197,197,0,0.49562551211263883,0.4226867815494842,37,interleaved
37198,198,0,0.4591973335763909,0.3305756335139824,37,interleaved
37199,199,0,0.9101545105334423,0.35682717338661035,37,interleaved
37200,0,0,0.05831830384968353,0.6948730965974066,37,blocked
37201,1,0,0.901385026185074,0.5158221730045134,37,blocked
37202,2,0,0.9535536905405486,0.3162685687625366,37,blocked
37203,3,0,0.08513175205959722,0.4546408878823617,37,blocked
37204,4,0,0.1132621298108493,0.5725599850405684,37,blocked
37205,5,0,0.25617517153575436,0.5367982857636817,37,blocked
37206,6,0,0.8086086432042829,0.3104304305471895,37,blocked
37207,7,0,0.5038935074901918,0.5789823904450109,37,blocked
37208,8,0,0.6174024376443007,0.3234038574963536,37,blocked
37209,9,0,0.8630004641633845,0.5591786818328356,37,blocked
37210,10,0,0.4662401541755451,0.4468069347293631,37,blocked
37211,11,0,0.7058155387436263,0.31541494658215163,37,blocked
37212,12,0,0.6021236911464687,0.6432636601018007,37,blocked
37213,13,0,0.09649551345315853,0.6484631974772133,37,blocked
37214,14,0,0.4561239068487978,0.48781441372755885,37,blocked
37215,15,0,0.2249211104088492,0.5217759223420035,37,blocked
37216,16,0,0.344715472973834,0.4446416182913191,37,blocked
37217,17,0,0.3604831998729987,0.5324997858960892,37,blocked
37218,18,0,0.8546338716873123,0.3690371014413797,37,blocked
37219,19,0,0.5971715879218622,0.4392103822370107,37,blocked
37220,20,0,0.6937301327301632,0.4901551759885045,37,blocked
37221,21,0,0.4707775703058861,0.38472999903442767,37,blocked
37222,22,0,0.49916189379871284,0.4483412022288644,37,blocked
37223,23,0,0.6960882064462216,0.42908092135064624,37,blocked
37224,24,0,0.5022690193699612,0.39430143872028756,37,blocked
37225,25,0,0.40516898328553713,0.4762284449888022,37,blocked
37226,26,0,0.3356023359086181,0.4164732792830431,37,blocked
37227,27,0,0.6492794815083915,0.5172398786221668,37,blocked
37228,28,0,0.5255754467474643,0.4309497716113009,37,blocked
37229,29,0,0.5283715214759716,0.42658556806957615,37,blocked
37230,30,0,0.578937906309786,0.3711141370958662,37,blocked
37231,31,0,0.2957021373836074,0.5913723178282863,37,blocked
37232,32,0,0.721915708553612,0.35363765544117487,37,blocked
37233,33,0,0.5489370149827246,0.4140900314293898,37,blocked
37234,34,0,0.6620846717797333,0.4879803784342124,37,blocked
37235,35,0,0.8433436610671294,0.4081639175439362,37,blocked
37236,36,0,0.799260316800029,0.3609708451010113,37,blocked
37237,37,0,0.9847693688323749,0.45062999487161626,37,blocked
37238,38,0,0.4299122609544892,0.3796889954372281,37,blocked
37239,39,0,0.17857653694732584,0.4711788216089561,37,blocked
37240,40,0,0.6592516160650737,0.4364369469042188,37,blocked
37241,41,0,0.3152360655568016,0.5640242387576919,37,blocked
37242,42,0,0.5223992465678378,0.4075572551776837,37,blocked
37243,43,0,0.5979485397966751,0.4326153614513826,37,blocked
37244,44,0,0.8467595035609153,0.41616315585830854,37,blocked
37245,45,0,0.6943608843747845,0.27383940220533176,37,blocked
37246,46,0,0.14189842761261362,0.5640654734875449,37,blocked
37247,47,0,0.7719390583268495,0.47761846525662754,37,blocked
37248,48,0,0.061628147187124796,0.34893981946802033,37,blocked
37249,49,0,0.16775018981119835,0.6148145696867978,37,blocked
37250,50,0,0.24960899305325698,0.4298410682425179,37,blocked
37251,51,0,0.6098904409624576,0.45605704358326393,37,blocked
37252,52,0,0.9647741885657848,0.40306722451865185,37,blocked
37253,53,0,0.9599502549891359,0.44787999136266377,37,blocked
37254,54,0,0.15777621701428657,0.7288329527958575,37,blocked
37255,55,0,0.4872434233070543,0.44309201184467006,37,blocked
37256,56,0,0.7424466051626006,0.4152018592478258,37,blocked
37257,57,0,0.1375823812355836,0.46924254830361467,37,blocked
37258,58,0,0.5902545167655989,0.40345360208615544,37,blocked
37259,59,0,0.9026475230371876,0.4246644109691261,37,blocked
37260,60,0,0.06515927850080838,0.4281323133164313,37,blocked
37261,61,0,0.7022945966621096,0.43569564272376554,37,blocked
37262,62,0,0.11729888361550674,0.35294532849324967,37,blocked
37263,63,0,0.10032889183385686,0.48698117982139133,37,blocked
37264,64,0,0.10363800385508856,0.42975479369531266,37,blocked
37265,65,0,0.5910563620581045,0.32600232472269697,37,blocked
37266,66,0,0.6846451800889157,0.5136853628824454,37,blocked
37267,67,0,0.17861011159957157,0.4094452023383993,37,blocked
37268,68,0,0.8076865510691327,0.34504001640194387,37,blocked
37269,69,0,0.8216377726055001,0.36150200526629206,37,blocked
37270,70,0,0.8785907489907467,0.4703537064110258,37,blocked
37271,71,0,0.7261703908210507,0.36295415883488014,37,blocked
37272,72,0,0.8026303735230176,0.4257599987899451,37,blocked
37273,73,0,0.9048382263594936,0.357912316122948,37,blocked
37274,74,0,0.9671962923994135,0.25208783949867186,37,blocked
37275,75,0,0.0741963589561843,0.5794492692185936,37,blocked
37276,76,0,0.7828127919982197,0.2311002174290506,37,blocked
37277,77,0,0.16009785124293,0.534695286116353,37,blocked
37278,78,0,0.7114093521231888,0.3920091292299064,37,blocked
37279,79,0,0.3210984066593101,0.4306891844678109,37,blocked
37280,80,0,0.38349783597899056,0.3668655051354377,37,blocked
37281,81,0,0.321908919532881,0.40896317213560207,37,blocked
37282,82,0,0.8870266456139411,0.3824112561406299,37,blocked
37283,83,0,0.2907108070755928,0.41701799340197987,37,blocked
37284,84,0,0.35732774505490006,0.48765541411497837,37,blocked
37285,85,0,0.12005491956077576,0.33077681745419574,37,blocked
37286,86,0,0.2881148817924471,0.402292046188518,37,blocked
37287,87,0,0.7591299293682947,0.4460632853671058,37,blocked
37288,88,0,0.16440144021430234,0.4768440838148488,37,blocked
37289,89,0,0.5921992074848499,0.37172061136227136,37,blocked
37290,90,0,0.5185238043458886,0.31896036581630993,37,blocked
37291,91,0,0.6982670865100251,0.46986707095988417,37,blocked
37292,92,0,0.7530838490220849,0.2595582674283712,37,blocked
37293,93,0,0.5317618954965292,0.3720206008014368,37,blocked
37294,94,0,0.47220425505209485,0.3559270234718521,37,blocked
37295,95,0,0.2208915987659478,0.4090148862796612,37,blocked
37296,96,0,0.2584024526860621,0.302593481298828,37,blocked
37297,97,0,0.4993510125781411,0.28450881487099633,37,blocked
37298,98,0,0.7393469640270264,0.4012272649192573,37,blocked
37299,99,0,0.9448199755007247,0.3807504435973916,37,blocked
37300,100,0,0.8035145156944029,0.6000245143635577,37,blocked
37301,101,0,0.6298368301692132,0.5156219291525705,37,blocked
37302,102,0,0.6596001571557006,0.33802436348885,37,blocked
37303,103,0,0.2035519851507662,0.44942779779221825,37,blocked
37304,104,0,0.37706382635972824,0.31291600016153204,37,blocked
37305,105,0,0.9117613287718047,0.2681063731124958,37,blocked
37306,106,0,0.4984346866200147,0.3483828106382788,37,blocked
37307,107,0,0.968827536728961,0.39298640667882145,37,blocked
37308,108,0,0.8034543036852602,0.34258544459434814,37,blocked
37309,109,0,0.9235492257986708,0.3145314504264228,37,blocked
37310,110,0,0.03380011457292067,0.5401460942518295,37,blocked
37311,111,0,0.6048410014796816,0.4452323743840468,37,blocked
37312,112,0,0.4568753792900797,0.45629681733095473,37,blocked
37313,113,0,0.589549343886725,0.341225242815924,37,blocked
37314,114,0,0.9908825241663528,0.5165277192901971,37,blocked
37315,115,0,0.671751846783295,0.46817011560265465,37,blocked
37316,116,0,0.5939373303573086,0.23519261404957048,37,blocked
37317,117,0,0.34116822511897904,0.3314747834861693,37,blocked
37318,118,0,0.3619182254860711,0.3339377783763348,37,blocked
37319,119,0,0.8237944603495599,0.27540249161656705,37,blocked
37320,120,0,0.35589402480718485,0.44064706483183474,37,blocked
37321,121,0,0.4119440520804793,0.32246969162112105,37,blocked
37322,122,0,0.4764569471177579,0.2624962899945451,37,blocked
37323,123,0,0.18370922146369964,0.3842836461161851,37,blocked
37324,124,0,0.5317705661932163,0.39834648544816276,37,blocked
37325,125,0,0.4018537179904394,0.6069743034830547,37,blocked
37326,126,0,0.5865120844247435,0.3124035841670535,37,blocked
37327,127,0,0.7710946641581382,0.3159329404826309,37,blocked
37328,128,0,0.2227773778347866,0.38430743507601595,37,blocked
37329,129,0,0.2535058539859297,0.41358194554176786,37,blocked
37330,130,0,0.32566236135479376,0.37171414222809596,37,blocked
37331,131,0,0.5809856090005212,0.5753653682807922,37,blocked
37332,132,0,0.2622590171183382,0.43250802384204756,37,blocked
37333,133,0,0.5034333839611577,0.4211812171335758,37,blocked
37334,134,0,0.47931005113641945,0.4989550640489057,37,blocked
37335,135,0,0.23560490957138452,0.41577397534390287,37,blocked
37336,136,0,0.17646182981315586,0.31649111246574857,37,blocked
37337,137,0,0.6422656063934786,0.32620867614000004,37,blocked
37338,138,0,0.26359279711030775,0.34344564378618536,37,blocked
37339,139,0,0.162256733310259,0.36994424434787976,37,blocked
37340,140,0,0.3057905756024688,0.3612234067005724,37,blocked
37341,141,0,0.6371362430966159,0.4245455588897878,37,blocked
37342,142,0,0.3409926647509829,0.49627910149978094,37,blocked
37343,143,0,0.481248532587449,0.6295948973022051,37,blocked
37344,144,0,0.43416066908923706,0.3955339659134117,37,blocked
37345,145,0,0.3787381725100635,0.3747534622508234,37,blocked
37346,146,0,0.4676459826068937,0.3767230502301281,37,blocked
37347,147,0,0.17991580846817712,0.39026465335789257,37,blocked
37348,148,0,0.4834318725924875,0.4060699484936722,37,blocked
37349,149,0,0.5887139872160401,0.3562387371014661,37,blocked
37350,150,0,0.5656026531753776,0.3381147508572255,37,blocked
37351,151,0,0.430173983150362,0.4389393911398528,37,blocked
37352,152,0,0.5840096111765958,0.34320020281780317,37,blocked
37353,153,0,0.8682111198840976,0.3585044188370435,37,blocked
37354,154,0,0.40356374878866963,0.29091061514897093,37,blocked
37355,155,0,0.45054825898865325,0.3584865158267848,37,blocked
37356,156,0,0.3682083449430188,0.3107224070853849,37,blocked
37357,157,0,0.36088443339665643,0.38731364222876374,37,blocked
37358,158,0,0.5132892129631206,0.30788133572744103,37,blocked
37359,159,0,0.5648631583297956,0.26129351623976793,37,blocked
37360,160,0,0.5378225805811148,0.35284738856483583,37,blocked
37361,161,0,0.11904159262679598,0.37833117172785097,37,blocked
37362,162,0,0.6480355727605644,0.4233448167339923,37,blocked
37363,163,0,0.6556367706679807,0.36431208167353807,37,blocked
37364,164,0,0.48057689012947025,0.3975485917328858,37,blocked
37365,165,0,0.4574890854406955,0.24504531571825014,37,blocked
37366,166,0,0.17935646317980697,0.3401198849283452,37,blocked
37367,167,0,0.5258073230711545,0.4061923415174853,37,blocked
37368,168,0,0.04769583831209451,0.3634936366473803,37,blocked
37369,169,0,0.5039938658286734,0.3248785002690473,37,blocked
37370,170,0,0.4614604181114022,0.4406030970477631,37,blocked
37371,171,0,0.42494355978268916,0.5353753571719905,37,blocked
37372,172,0,0.36619773888314533,0.40792234484743956,37,blocked
37373,173,0,0.5775731893212549,0.3261921421358617,37,blocked
37374,174,0,0.47535171914838326,0.33882859604282933,37,blocked
37375,175,0,0.6336853216544666,0.3713246432921203,37,blocked
37376,176,0,0.7247457873562273,0.36795728690013774,37,blocked
37377,177,0,0.9160691220984943,0.26763215438860466,37,blocked
37378,178,0,0.9602037419146012,0.2780543098836165,37,blocked
37379,179,0,0.620813441776961,0.26610913737547753,37,blocked
37380,180,0,0.12457855878981494,0.40110594117551057,37,blocked
37381,181,0,0.5198215101580055,0.471318218713358,37,blocked
37382,182,0,0.6526241146467329,0.26810228363277483,37,blocked
37383,183,0,0.38479324468878745,0.5231181254358239,37,blocked
37384,184,0,0.5086000409898578,0.4698505601309213,37,blocked
37385,185,0,0.0730597088215559,0.45215163944660897,37,blocked
37386,186,0,0.5587233243020343,0.3904729860673194,37,blocked
37387,187,0,0.6063425179723023,0.2771215390682774,37,blocked
37388,188,0,0.7669833076423573,0.2602018994895581,37,blocked
37389,189,0,0.1422635818784617,0.3292279785196044,37,blocked
37390,190,0,0.8202086190455219,0.3967353825509552,37,blocked
37391,191,0,0.5474191281360239,0.3292004568202691,37,blocked
37392,192,0,0.8930062013882945,0.3065532294670137,37,blocked
37393,193,0,0.8366807671121596,0.36851174112491375,37,blocked
37394,194,0,0.2964778901603096,0.41184052467052124,37,blocked
37395,195,0,0.4668306563577115,0.3161097350579993,37,blocked
37396,196,0,0.5640878531158809,0.23427590803605122,37,blocked
37397,197,0,0.5399242955636353,0.31218009797213186,37,blocked
37398,198,0,0.7619023377436385,0.35070708962662694,37,blocked
37399,199,0,0.6418874841095168,0.3453957721078872,37,blocked
37400,0,0,0.40673004516757505,0.8677301584221054,37,early
37401,1,0,0.5079612139855036,0.6056938839663819,37,early
37402,2,0,0.4953538518264476,0.48678366050501665,37,early
37403,3,0,0.5034504882766578,0.558163192420674,37,early
37404,4,0,0.5191688963271625,0.5732946309957176,37,early
37405,5,0,0.84204190244634,0.5729268382919463,37,early
37406,6,0,0.8826773797042946,0.596490198922995,37,early
37407,7,0,0.42672186158703307,0.6371278097977222,37,early
37408,8,0,0.3862529532359351,0.4599214021117536,37,early
37409,9,0,0.7020340344879628,0.3430058279814546,37,early
37410,10,0,0.43741243930436985,0.39526270349977344,37,early
37411,11,0,0.4452296912183887,0.3528272667956337,37,early
37412,12,0,0.31374950346145,0.4863180727681355,37,early
37413,13,0,0.8043190390094344,0.4542597520108634,37,early
37414,14,0,0.6302780902302237,0.6264226149117562,37,early
37415,15,0,0.37514892624574353,0.4401766488722182,37,early
37416,16,0,0.04842450107866456,0.5422511719266482,37,early
37417,17,0,0.1527472955691274,0.4236971903106353,37,early
37418,18,0,0.4706019674167482,0.4607587344070192,37,early
37419,19,0,0.14327853668022966,0.4229793013548632,37,early
37420,20,0,0.9294103069455946,0.41209892896721323,37,early
37421,21,0,0.2634793185729375,0.40356035582149774,37,early
37422,22,0,0.20464247450018033,0.5153043406903222,37,early
37423,23,0,0.9243838794567183,0.5450755347813145,37,early
37424,24,0,0.5099676750730552,0.40233989611943904,37,early
37425,25,0,0.8495479559733905,0.8679477918715606,37,early
37426,26,0,0.9742837186127453,0.4600312496809661,37,early
37427,27,0,0.6385130976101294,0.4713188640586017,37,early
37428,28,0,0.099832157403078,0.5905504465097213,37,early
37429,29,0,0.5072805821220913,0.4272829449095008,37,early
37430,30,0,0.9003639285530787,0.6499649900106523,37,early
37431,31,0,0.72219792305559,0.48380306441290954,37,early
37432,32,0,0.8592984336140234,0.40386614109004837,37,early
37433,33,0,0.6133158862107253,0.44725311176354454,37,early
37434,34,0,0.7901059766174702,0.4686173967140205,37,early
37435,35,0,0.09451202705304597,0.6566237245748059,37,early
37436,36,0,0.7844148534967731,0.5662505029739465,37,early
37437,37,0,0.1481028184518945,0.5885098333526579,37,early
37438,38,0,0.34248511120233166,0.5218312959343903,37,early
37439,39,0,0.9474504199812961,0.3640569279573984,37,early
37440,40,0,0.44650650159055544,0.37675018602286303,37,early
37441,41,0,0.5548200698417832,0.5158039151442312,37,early
37442,42,0,0.1552258110735632,0.5194295588117921,37,early
37443,43,0,0.836417674961474,0.44674160354338716,37,early
37444,44,0,0.5168168681055489,0.3968041115505893,37,early
37445,45,0,0.06742267507045523,0.39561531660371796,37,early
37446,46,0,0.7796432603790018,0.3410802422141006,37,early
37447,47,0,0.864168678641107,0.43944135231465764,37,early
37448,48,0,0.8630752421768895,0.5702518114548542,37,early
37449,49,0,0.3174453043218626,0.3826739141704773,37,early
37450,50,0,0.5454410684918093,0.3916951314018557,37,early
37451,51,0,0.540040073723401,0.427848478165615,37,early
37452,52,0,0.42114521204347316,0.47024419081378355,37,early
37453,53,0,0.8068057832370938,0.4177705842532443,37,early
37454,54,0,0.5730711117240318,0.42317031130759214,37,early
37455,55,0,0.5502840184565914,0.36487256946687396,37,early
37456,56,0,0.3984952843182486,0.2932217221738579,37,early
37457,57,0,0.3726810911527124,0.4071303907939024,37,early
37458,58,0,0.48438763841942956,0.38657141604342243,37,early
37459,59,0,0.24322082733633893,0.7033325065805911,37,early
37460,60,0,0.661165798202457,0.4710351824454192,37,early
37461,61,0,0.6283763614776878,0.44860249152505416,37,early
37462,62,0,0.30403060517353087,0.5778933128643498,37,early
37463,63,0,0.6593996916479931,0.4223481797524372,37,early
37464,64,0,0.5122460873746896,0.5100692818486261,37,early
37465,65,0,0.47079308182172747,0.35557677756010886,37,early
37466,66,0,0.3900073234881037,0.5350865666271583,37,early
37467,67,0,0.939813308068215,0.40226401526103234,37,early
37468,68,0,0.5062297020505113,0.5273171319397716,37,early
37469,69,0,0.9463899974696,0.4966347967871328,37,early
37470,70,0,0.8631538632183346,0.4252047986007772,37,early
37471,71,0,0.22568579484056844,0.49761444145249034,37,early
37472,72,0,0.6552456066010393,0.4048924123934293,37,early
37473,73,0,0.38369612204830283,0.4245105627960083,37,early
37474,74,0,0.7659030924078838,0.518488059826473,37,early
37475,75,0,0.448555724064101,0.3732340355098345,37,early
37476,76,0,0.44774134055215126,0.45344513648815377,37,early
37477,77,0,0.350600419000377,0.5582202454969231,37,early
37478,78,0,0.5339429970691928,0.3560299891305257,37,early
37479,79,0,0.8751656574985271,0.3649389444580824,37,early
37480,80,0,0.03198139607223285,0.577019756159693,37,early
37481,81,0,0.6510721317279713,0.34135125752298834,37,early
37482,82,0,0.7198089745840393,0.39276734263242286,37,early
37483,83,0,0.8811767301105853,0.3781141963682564,37,early
37484,84,0,0.42254691981269865,0.39354991492848423,37,early
37485,85,0,0.6207826989176357,0.33677778107577716,37,early
37486,86,0,0.5819805296862346,0.4434972817977817,37,early
37487,87,0,0.5499392408623698,0.3939942957476169,37,early
37488,88,0,0.5195998306871512,0.3974978550316416,37,early
37489,89,0,0.5653053211382019,0.7270718595471157,37,early
37490,90,0,0.9178091541625018,0.48928541444624196,37,early
37491,91,0,0.5067661449034672,0.3688700320577265,37,early
37492,92,0,0.11559321526435275,0.5714237427802791,37,early
37493,93,0,0.7746848945893792,0.3329272416177801,37,early
37494,94,0,0.2728619131151903,0.345010513384673,37,early
37495,95,0,0.9093193768890035,0.4554152524228514,37,early
37496,96,0,0.797288309592457,0.3844148497972101,37,early
37497,97,0,0.5479990969892712,0.43324059680615923,37,early
37498,98,0,0.8591795702429359,0.38321335152077973,37,early
37499,99,0,0.4445931629308713,0.46550077560482095,37,early
37500,100,0,0.18925298108248495,0.4627303479432635,37,early
37501,101,0,0.5664670934673114,0.3056045829223586,37,early
37502,102,0,0.4918212728775313,0.3803674079000029,37,early
37503,103,0,0.3786993162113389,0.4182395355182513,37,early
37504,104,0,0.8697744135754267,0.3637300049097575,37,early
37505,105,0,0.8124099424610884,0.3933200378556876,37,early
37506,106,0,0.39106855000244795,0.3819110879322949,37,early
37507,107,0,0.3545827318105119,0.4714077639311469,37,early
37508,108,0,0.005070612147363927,0.5069674651149841,37,early
37509,109,0,0.4318919075838562,0.40996899757095523,37,early
37510,110,0,0.4574118560171254,0.5908740248223173,37,early
37511,111,0,0.5366442823241829,0.27922293320913866,37,early
37512,112,0,0.5070052809056019,0.2835508377287487,37,early
37513,113,0,0.596809554532919,0.3839040424436786,37,early
37514,114,0,0.6149101715186698,0.36300810188962607,37,early
37515,115,0,0.46712009354042844,0.31163725359319616,37,early
37516,116,0,0.07032991305344378,0.428944257828183,37,early
37517,117,0,0.4528345134514205,0.563260082512866,37,early
37518,118,0,0.5056483656274435,0.28194216422128526,37,early
37519,119,0,0.6838668734139528,0.4908674920484122,37,early
37520,120,0,0.2176902652318372,0.3993789543959412,37,early
37521,121,0,0.9286078529703454,0.4710507658926254,37,early
37522,122,0,0.4850604262957227,0.3869927646998315,37,early
37523,123,0,0.5853086169066499,0.4721085427279057,37,early
37524,124,0,0.6527484221031474,0.40041212136273646,37,early
37525,125,0,0.45186997415736385,0.27974797163267984,37,early
37526,126,0,0.27887121066037623,0.31151789416909226,37,early
37527,127,0,0.1299615610151301,0.46129889536222024,37,early
37528,128,0,0.8650374573141904,0.3218043592376614,37,early
37529,129,0,0.6754263557498766,0.41187653357370296,37,early
37530,130,0,0.10677219001333235,0.5150024273729555,37,early
37531,131,0,0.5060523549646414,0.3594711710379338,37,early
37532,132,0,0.2631128922846335,0.3754677154523236,37,early
37533,133,0,0.35779746113457095,0.28795832440826186,37,early
37534,134,0,0.536056054206679,0.36328433344431726,37,early
37535,135,0,0.2957189149799517,0.3811230513447048,37,early
37536,136,0,0.3714377879655829,0.4249909655140548,37,early
37537,137,0,0.5528607444126369,0.37822436419869554,37,early
37538,138,0,0.2157006932183633,0.415312006198602,37,early
37539,139,0,0.46686323535924973,0.28694873100260926,37,early
37540,140,0,0.10073501544098154,0.37580066460491485,37,early
37541,141,0,0.7607530559567828,0.420654608560904,37,early
37542,142,0,0.2915168831160212,0.44893946798123696,37,early
37543,143,0,0.8144976338402137,0.3815130208031915,37,early
37544,144,0,0.060130234767854215,0.4068557495586771,37,early
37545,145,0,0.7006702905024645,0.3469279833266432,37,early
37546,146,0,0.6839623734795097,0.2933526084925727,37,early
37547,147,0,0.9292898712064844,0.36578489625450483,37,early
37548,148,0,0.25599633167915536,0.4858528308913093,37,early
37549,149,0,0.49355148654437425,0.46349480590805703,37,early
37550,150,0,0.7032319897524719,0.37416120575738243,37,early
37551,151,0,0.4215636498734459,0.3678073260985454,37,early
37552,152,0,0.6143722742709942,0.38345752553471824,37,early
37553,153,0,0.5474298136808082,0.29863747907706106,37,early
37554,154,0,0.7925128129668353,0.31466477960255557,37,early
37555,155,0,0.7775326031514171,0.2905764907265022,37,early
37556,156,0,0.8389861416804992,0.4485503443645369,37,early
37557,157,0,0.5734068684772023,0.2280808388163611,37,early
37558,158,0,0.40158343040336414,0.40124822389009007,37,early
37559,159,0,0.9476587984048708,0.44024144898887685,37,early
37560,160,0,0.35763656019306944,0.3424046224791743,37,early
37561,161,0,0.4502050039169636,0.293901399014901,37,early
37562,162,0,0.3825054245213409,0.3293068487531372,37,early
37563,163,0,0.7084821838367554,0.3658458990277815,37,early
37564,164,0,0.5225119421993821,0.2951398874564589,37,early
37565,165,0,0.5834075591477558,0.42322226579857025,37,early
37566,166,0,0.405342845488608,0.4042186714748447,37,early
37567,167,0,0.34778709634639093,0.2950116199196976,37,early
37568,168,0,0.854009309859086,0.43807635619794205,37,early
37569,169,0,0.7086877938654539,0.403204324757546,37,early
37570,170,0,0.3629157004222186,0.3527677043987282,37,early
37571,171,0,0.07225815182995515,0.3489678786205721,37,early
37572,172,0,0.8236782072056807,0.34694346126455367,37,early
37573,173,0,0.7448890760090028,0.3459619000630273,37,early
37574,174,0,0.8088415523357183,0.41490232972803653,37,early
37575,175,0,0.5900624811732954,0.2854134858314751,37,early
37576,176,0,0.5929335329529392,0.509834353056585,37,early
37577,177,0,0.5202891300507131,0.6575581942457773,37,early
37578,178,0,0.4507032563703792,0.5455036207750004,37,early
37579,179,0,0.08210424982824646,0.503246459376267,37,early
37580,180,0,0.7785449771427861,0.4322920279880951,37,early
37581,181,0,0.8728557418423066,0.3729077925458151,37,early
37582,182,0,0.45753274634714786,0.41602519884392253,37,early
37583,183,0,0.3670333200890645,0.4790801750758874,37,early
37584,184,0,0.9569663647619797,0.33126531009446736,37,early
37585,185,0,0.7190182276893973,0.4495713367252965,37,early
37586,186,0,0.6139333607031303,0.2564220946722162,37,early
37587,187,0,0.991747706910038,0.33614329937870646,37,early
37588,188,0,0.5891096278191988,0.43165007689425494,37,early
37589,189,0,0.20791280432932494,0.3003722771962621,37,early
37590,190,0,0.9237601028066882,0.2870842353682407,37,early
37591,191,0,0.5599584648970963,0.3585614987893142,37,early
37592,192,0,0.7411244448537243,0.40415771736669354,37,early
37593,193,0,0.5411157051658543,0.4441805225169184,37,early
37594,194,0,0.41997957859628116,0.3506968294373466,37,early
37595,195,0,0.7597127230430762,0.3183770728488633,37,early
37596,196,0,0.8435753923026357,0.41750429256306126,37,early
37597,197,0,0.7799998093826264,0.39134600817520326,37,early
37598,198,0,0.7528158463967962,0.3693619905769254,37,early
37599,199,0,0.5004866896252043,0.39620906940960104,37,early
37600,0,0,0.477584211980576,0.7398002309079004,37,middle
37601,1,0,0.017017657235574246,0.7579704748752834,37,middle
37602,2,0,0.43407249706302087,0.6205846449429382,37,middle
37603,3,0,0.9056230625439254,0.5922399880694198,37,middle
37604,4,0,0.483101585625816,0.5791925107136509,37,middle
37605,5,0,0.9298791117806093,0.419674482643833,37,middle
37606,6,0,0.4901773254263505,0.5261790411107217,37,middle
37607,7,0,0.6585170677318275,0.42026115573917033,37,middle
37608,8,0,0.7394432798135273,0.3527488554457092,37,middle
37609,9,0,0.07536304233265331,0.6303510842346028,37,middle
37610,10,0,0.49546325927135815,0.4838449182504076,37,middle
37611,11,0,0.7813100356281709,0.3327050889536284,37,middle
37612,12,0,0.6425239541837324,0.49171870415655916,37,middle
37613,13,0,0.8249253890950377,0.4256497909290675,37,middle
37614,14,0,0.45163001169135397,0.5365697422488327,37,middle
37615,15,0,0.7883494922857461,0.4209594515209152,37,middle
37616,16,0,0.5178588691471573,0.4321233027521046,37,middle
37617,17,0,0.35457712206004843,0.5576097217456601,37,middle
37618,18,0,0.17633661737152953,0.5674088102381348,37,middle
37619,19,0,0.6465638985127331,0.43371674975769503,37,middle
37620,20,0,0.26284654682189257,0.5808349461419632,37,middle
37621,21,0,0.5348009084822605,0.4754880471420422,37,middle
37622,22,0,0.24429508442375505,0.314969626098372,37,middle
37623,23,0,0.4092045971709415,0.5265255884721308,37,middle
37624,24,0,0.4316802381364298,0.43934807082336663,37,middle
37625,25,0,0.7033177712899352,0.4251345124633588,37,middle
37626,26,0,0.30184156220946645,0.49227539184537056,37,middle
37627,27,0,0.789220019963278,0.3101633061180028,37,middle
37628,28,0,0.6104113791506974,0.3354600831490781,37,middle
37629,29,0,0.5221640825015856,0.5418916622759349,37,middle
37630,30,0,0.993455032440554,0.8502358588834578,37,middle
37631,31,0,0.9274824992796751,0.4191043005069881,37,middle
37632,32,0,0.07265390133434503,0.8701043070629402,37,middle
37633,33,0,0.5096187082721387,0.5078509897027417,37,middle
37634,34,0,0.15580235519454397,0.6186967158626931,37,middle
37635,35,0,0.2819312589879336,0.5140412323548467,37,middle
37636,36,0,0.39331503999768563,0.4227599003610458,37,middle
37637,37,0,0.7990431145543757,0.448381817702207,37,middle
37638,38,0,0.6396247730275744,0.5312717343610818,37,middle
37639,39,0,0.9210658716495845,0.37339179443431514,37,middle
37640,40,0,0.4658742691163758,0.483756073197944,37,middle
37641,41,0,0.6875476544197656,0.5078526190044456,37,middle
37642,42,0,0.7614369933913311,0.3603966804946275,37,middle
37643,43,0,0.07766753163055917,0.5985099323304875,37,middle
37644,44,0,0.2517157269788176,0.46611641025742434,37,middle
37645,45,0,0.8343366498400284,0.5711256427626844,37,middle
37646,46,0,0.41701729233436113,0.5447884019453865,37,middle
37647,47,0,0.7259875488715499,0.2734727473395686,37,middle
37648,48,0,0.24123341863591416,0.5145395660606452,37,middle
37649,49,0,0.32717530340996215,0.4585342287703859,37,middle
37650,50,0,0.4404829827244807,0.39959634004304445,37,middle
37651,51,0,0.5154057764145324,0.5493898711843569,37,middle
37652,52,0,0.13563163956733074,0.47162488602856634,37,middle
37653,53,0,0.20097733315119698,0.4469086214515876,37,middle
37654,54,0,0.23469714066572334,0.5306734593669544,37,middle
37655,55,0,0.7173060666006026,0.4481715282586857,37,middle
37656,56,0,0.8215960770974218,0.5093226328689315,37,middle
37657,57,0,0.6280804495269267,0.5717403073114204,37,middle
37658,58,0,0.2542532336013743,0.6042575384120263,37,middle
37659,59,0,0.7182186965517623,0.4154868469791447,37,middle
37660,60,0,0.3373453863913783,0.42036770851067595,37,middle
37661,61,0,0.616123703158472,0.40665722623880945,37,middle
37662,62,0,0.5672105828081494,0.4172369369746042,37,middle
37663,63,0,0.7809388874396008,0.5915250889220869,37,middle
37664,64,0,0.4681484980244902,0.34589496623511157,37,middle
37665,65,0,0.8983505297046386,0.5657008343535586,37,middle
37666,66,0,0.9514299791475936,0.5483468185172382,37,middle
37667,67,0,0.6968285554112624,0.48967630199958756,37,middle
37668,68,0,0.36278329088075484,0.36179384742450205,37,middle
37669,69,0,0.7541635028233671,0.5355600087104097,37,middle
37670,70,0,0.8459952885859373,0.3932138574437366,37,middle
37671,71,0,0.4259568043026719,0.476265503897209,37,middle
37672,72,0,0.7557283525345584,0.5067362713702745,37,middle
37673,73,0,0.7373850014873006,0.6275353872392144,37,middle
37674,74,0,0.8898819237614572,0.5141238490023963,37,middle
37675,75,0,0.6250519025029482,0.5511252558371535,37,middle
37676,76,0,0.6025423471359503,0.3456989144661236,37,middle
37677,77,0,0.8911904687667943,0.4501742320343428,37,middle
37678,78,0,0.8809875793547888,0.3508558208517276,37,middle
37679,79,0,0.9530910570059938,0.41986883133348296,37,middle
37680,80,0,0.5168181593231594,0.5390234042287532,37,middle
37681,81,0,0.5849869300905876,0.4778165181600345,37,middle
37682,82,0,0.5375221869696336,0.4019558797851581,37,middle
37683,83,0,0.7347529752464264,0.42960653067702903,37,middle
37684,84,0,0.6665196160564141,0.32921845958164897,37,middle
37685,85,0,0.8020425544035072,0.3272131962272774,37,middle
37686,86,0,0.8980129591010295,0.33926669114331115,37,middle
37687,87,0,0.9762991850341542,0.41660387485441286,37,middle
37688,88,0,0.027915248616670177,0.5363252022981475,37,middle
37689,89,0,0.9476441012942797,0.27635569551824035,37,middle
37690,90,0,0.1816100320942895,0.47717116841936513,37,middle
37691,91,0,0.4538213505902265,0.4735137623957481,37,middle
37692,92,0,0.43110104511904235,0.3520397549305261,37,middle
37693,93,0,0.8087302637064957,0.3336181170327343,37,middle
37694,94,0,0.9161450268884712,0.39601143575654024,37,middle
37695,95,0,0.9858353877576803,0.5031636479184043,37,middle
37696,96,0,0.11925149748456107,0.5490130106681935,37,middle
37697,97,0,0.5195528972767511,0.39035929050418405,37,middle
37698,98,0,0.7505027518419796,0.5930542045587771,37,middle
37699,99,0,0.7420211196315571,0.4143760073671271,37,middle
37700,100,0,0.7903514295460778,0.44951683206200277,37,middle
37701,101,0,0.8746382396295657,0.29542561546203827,37,middle
37702,102,0,0.2655352354764591,0.42702660691795624,37,middle
37703,103,0,0.32864999138772055,0.4465982127216773,37,middle
37704,104,0,0.4837185811414791,0.42170481788668424,37,middle
37705,105,0,0.39734444336412916,0.5885599657058658,37,middle
37706,106,0,0.8545922297088252,0.461727146189131,37,middle
37707,107,0,0.38997614927884905,0.5839615583008906,37,middle
37708,108,0,0.6601560501587436,0.42839347781878223,37,middle
37709,109,0,0.6388110610734056,0.4376762129828853,37,middle
37710,110,0,0.7616733038394274,0.4339154387683779,37,middle
37711,111,0,0.7861426256629924,0.41698269852970693,37,middle
37712,112,0,0.6058317003324387,0.3699921701075624,37,middle
37713,113,0,0.6595271454517488,0.3277787851324851,37,middle
37714,114,0,0.4581382562757167,0.349358586599888,37,middle
37715,115,0,0.8696411222535447,0.3375534336090653,37,middle
37716,116,0,0.5034162482005567,0.36736583439843384,37,middle
37717,117,0,0.3951121309960579,0.35668138469261335,37,middle
37718,118,0,0.3465652158526534,0.4250431663182551,37,middle
37719,119,0,0.5973690200031674,0.6791442903607463,37,middle
37720,120,0,0.7593882771549905,0.3013128345565425,37,middle
37721,121,0,0.6584608020394102,0.3401258403876173,37,middle
37722,122,0,0.6892378809798647,0.3950025414276584,37,middle
37723,123,0,0.7697588279523581,0.34933861698399044,37,middle
37724,124,0,0.8659904922475404,0.3837901283635064,37,middle
37725,125,0,0.7721513795743947,0.5076958115726324,37,middle
37726,126,0,0.2352610429380489,0.3818551789593919,37,middle
37727,127,0,0.5297004124424902,0.41106597790216914,37,middle
37728,128,0,0.3302680931770589,0.4364373035342794,37,middle
37729,129,0,0.5350862551733883,0.26449723989650276,37,middle
37730,130,0,0.7661239331175225,0.29666552450198336,37,middle
37731,131,0,0.7275401521076093,0.275577935602916,37,middle
37732,132,0,0.8334291111923121,0.36608429947835075,37,middle
37733,133,0,0.47620166954370247,0.477660671216785,37,middle
37734,134,0,0.7597703106709296,0.38105750673760386,37,middle
37735,135,0,0.6718904764466676,0.39484278422245955,37,middle
37736,136,0,0.9062536389886321,0.2808272896904075,37,middle
37737,137,0,0.594215854059423,0.28609211485674885,37,middle
37738,138,0,0.6489202785846326,0.33044560375428184,37,middle
37739,139,0,0.534428324118125,0.34969611134834444,37,middle
37740,140,0,0.5677910967400943,0.32929945879196776,37,middle
37741,141,0,0.9886556513435973,0.28728968625361606,37,middle
37742,142,0,0.565050608033528,0.3895934036188733,37,middle
37743,143,0,0.9743897408435231,0.4343184843613028,37,middle
37744,144,0,0.5287799971296783,0.423068074529126,37,middle
37745,145,0,0.5756422461010574,0.4072839414133057,37,middle
37746,146,0,0.41688142085899005,0.4769409687640164,37,middle
37747,147,0,0.77216429519342,0.34219118054770525,37,middle
37748,148,0,0.7145361185716215,0.3514034676417438,37,middle
37749,149,0,0.6981884776330893,0.3310661478654012,37,middle
37750,150,0,0.5927978511649787,0.38750345067495,37,middle
37751,151,0,0.4477148820657587,0.3963746097300894,37,middle
37752,152,0,0.4619130506328837,0.4677736847391001,37,middle
37753,153,0,0.8168604419814258,0.3878858595989225,37,middle
37754,154,0,0.7786918412980867,0.42532327991304547,37,middle
37755,155,0,0.7932726266010747,0.3258146678025323,37,middle
37756,156,0,0.5115738976441528,0.513125972771113,37,middle
37757,157,0,0.8789543542267291,0.2729567272123457,37,middle
37758,158,0,0.26321884546942725,0.43299386495372166,37,middle
37759,159,0,0.2772002352735821,0.3717558803831952,37,middle
37760,160,0,0.17959815546740465,0.42125934891576355,37,middle
37761,161,0,0.9884745012474986,0.46198669846739276,37,middle
37762,162,0,0.7573048796105385,0.44023657137372463,37,middle
37763,163,0,0.4702821252427093,0.37627783719862107,37,middle
37764,164,0,0.45382016324964486,0.37721240121526883,37,middle
37765,165,0,0.4984755458694754,0.5500021670535435,37,middle
37766,166,0,0.523430752023363,0.39839620233483497,37,middle
37767,167,0,0.6017089568408382,0.30422051524388405,37,middle
37768,168,0,0.9574528775766219,0.45821575809864773,37,middle
37769,169,0,0.7119920100184454,0.36188580822833794,37,middle
37770,170,0,0.17817268553827514,0.4069577074555578,37,middle
37771,171,0,0.40516193828986613,0.26499955714997725,37,middle
37772,172,0,0.5342453751994667,0.24675593903436005,37,middle
37773,173,0,0.6751883468770339,0.42999319817192694,37,middle
37774,174,0,0.6031596102061685,0.3648940000247288,37,middle
37775,175,0,0.6805463163997281,0.25247177248670727,37,middle
37776,176,0,0.9553753465812118,0.3888071468348041,37,middle
37777,177,0,0.13081059705291023,0.42522726300673686,37,middle
37778,178,0,0.8227744171265353,0.3769874097400422,37,middle
37779,179,0,0.7546794430106034,0.4070719452026247,37,middle
37780,180,0,0.8816570933915993,0.2446295791971297,37,middle
37781,181,0,0.5866386419511944,0.4472906908076134,37,middle
37782,182,0,0.5258770434430757,0.3589984873231398,37,middle
37783,183,0,0.7487571699439324,0.30011733698712356,37,middle
37784,184,0,0.8681467891629261,0.3382158679497538,37,middle
37785,185,0,0.7649933015547594,0.2743329617590386,37,middle
37786,186,0,0.19318548774974723,0.6448238505333554,37,middle
37787,187,0,0.057424487919381526,0.4478751609080591,37,middle
37788,188,0,0.8217741117505888,0.28198944580577207,37,middle
37789,189,0,0.4094050017472832,0.3878893741701601,37,middle
37790,190,0,0.5325159970891453,0.3473191649008065,37,middle
37791,191,0,0.6183733521495517,0.3149669435676241,37,middle
37792,192,0,0.1470881284816203,0.3349457593707077,37,middle
37793,193,0,0.786207971814817,0.3991122413115869,37,middle
37794,194,0,0.5872957212455898,0.38292610616472683,37,middle
37795,195,0,0.9405269014528341,0.3664787936553079,37,middle
37796,196,0,0.7635218108087676,0.3488954251714551,37,middle
37797,197,0,0.5433852155510475,0.32078450428380173,37,middle
37798,198,0,0.5434009879793008,0.2477386857250376,37,middle
37799,199,0,0.7367482725789747,0.24167527353301144,37,middle
37800,0,0,0.5006837708025481,0.7820629553100396,37,late
37801,1,0,0.9547782305158619,0.6182671390706826,37,late
37802,2,0,0.47471335527354325,0.571700644774969,37,late
37803,3,0,0.5660862848262957,0.6268497686591782,37,late
37804,4,0,0.4771363026829425,0.5100622237496235,37,late
37805,5,0,0.05454195594381435,0.4295622087593197,37,late
37806,6,0,0.30487851503630947,0.40480361453681735,37,late
37807,7,0,0.19857861231744584,0.4370615878504862,37,late
37808,8,0,0.7715505065627415,0.4491211440323646,37,late
37809,9,0,0.7150213883315757,0.29107708957517175,37,late
37810,10,0,0.7673666808651656,0.430015656494271,37,late
37811,11,0,0.6418769895356605,0.49654528964279854,37,late
37812,12,0,0.6423394538189864,0.4246614971054009,37,late
37813,13,0,0.45250543515854985,0.4617286203764853,37,late
37814,14,0,0.04124776562839508,0.708166950049949,37,late
37815,15,0,0.4126741818984143,0.5452436823339559,37,late
37816,16,0,0.516181617648009,0.6252626724932853,37,late
37817,17,0,0.80070778933917,0.5708687050954143,37,late
37818,18,0,0.5527998311933972,0.3883115149074464,37,late
37819,19,0,0.78215778577267,0.48037411131165286,37,late
37820,20,0,0.38188535404496016,0.4200586876734929,37,late
37821,21,0,0.44748150525361247,0.42982624575105344,37,late
37822,22,0,0.6728806647714949,0.3984984062260377,37,late
37823,23,0,0.5699587572446728,0.46186022887539685,37,late
37824,24,0,0.4160079359493848,0.44679034308690746,37,late
37825,25,0,0.802325030458386,0.2877885509052771,37,late
37826,26,0,0.36348326897914585,0.4324411338398157,37,late
37827,27,0,0.4039813065217205,0.4024267802201884,37,late
37828,28,0,0.28117789798234943,0.6453064205816852,37,late
37829,29,0,0.8469637225178822,0.5067883729667227,37,late
37830,30,0,0.3738569517759256,0.486855007190261,37,late
37831,31,0,0.4553992305182054,0.43206158151334756,37,late
37832,32,0,0.34545718715272355,0.5801222979877445,37,late
37833,33,0,0.4692423126296458,0.4420386521747513,37,late
37834,34,0,0.654792162472313,0.40316477797184236,37,late
37835,35,0,0.6937351416844592,0.3972843549058449,37,late
37836,36,0,0.678344712178525,0.4948825837838404,37,late
37837,37,0,0.5432864551514789,0.515525524167591,37,late
37838,38,0,0.7590999928469159,0.37352342330422306,37,late
37839,39,0,0.5598716889454447,0.30132177965155593,37,late
37840,40,0,0.7846452249931476,0.3266561264441752,37,late
37841,41,0,0.5446510653178436,0.4756031122531821,37,late
37842,42,0,0.27060730423184676,0.521744955886783,37,late
37843,43,0,0.4902295073953492,0.39905769985091977,37,late
37844,44,0,0.2148608108048624,0.6460130569130724,37,late
37845,45,0,0.792490791550571,0.5219272302301334,37,late
37846,46,0,0.5139612101442783,0.31943906935122746,37,late
37847,47,0,0.9286851048724756,0.4443550282602695,37,late
37848,48,0,0.34890256832641947,0.3338268136102611,37,late
37849,49,0,0.3692530456165292,0.4449513771688135,37,late
37850,50,0,0.5037663351273114,0.36874527369590293,37,late
37851,51,0,0.39148210294872365,0.3839220160624287,37,late
37852,52,0,0.3382712867799242,0.3190359578233559,37,late
37853,53,0,0.2494460588782974,0.562136425552328,37,late
37854,54,0,0.35902035382996306,0.4067659037389362,37,late
37855,55,0,0.7323425315362366,0.39059994801964704,37,late
37856,56,0,0.40073190288117755,0.5659198096199569,37,late
37857,57,0,0.7132825408958904,0.428290947405191,37,late
37858,58,0,0.6022983890664596,0.4710836340355607,37,late
37859,59,0,0.5050322063145618,0.4138965477698703,37,late
37860,60,0,0.21642088597521483,0.4754608030561296,37,late
37861,61,0,0.8298613750380026,0.42158074239180293,37,late
37862,62,0,0.6031186725973614,0.3933889000335063,37,late
37863,63,0,0.34948451274104964,0.37254857251150086,37,late
37864,64,0,0.28651048389700706,0.45236142925150463,37,late
37865,65,0,0.27270574439090706,0.4547336407778081,37,late
37866,66,0,0.4953592754465719,0.5293510363407332,37,late
37867,67,0,0.7378521163833032,0.51046120776551,37,late
37868,68,0,0.43528673341198554,0.5465313651190178,37,late
37869,69,0,0.870541397535757,0.3116668070005527,37,late
37870,70,0,0.4371137268665659,0.4070170925366594,37,late
37871,71,0,0.4373903673882457,0.5199686359919153,37,late
37872,72,0,0.3293541788615574,0.4746618989940262,37,late
37873,73,0,0.30410665948878296,0.5279864949923287,37,late
37874,74,0,0.4324783427151642,0.43180201891679926,37,late
37875,75,0,0.4989063683825119,0.3876119720367809,37,late
37876,76,0,0.861706675442372,0.4227368296807737,37,late
37877,77,0,0.3944187993325465,0.43924169021863635,37,late
37878,78,0,0.181737133209465,0.5181676326907037,37,late
37879,79,0,0.5817364848144821,0.3792964523357417,37,late
37880,80,0,0.3110830393787964,0.5330978445373346,37,late
37881,81,0,0.5267868505876958,0.4534160740343999,37,late
37882,82,0,0.5414687381408313,0.4920394356972355,37,late
37883,83,0,0.41928529560538247,0.4260208435783756,37,late
37884,84,0,0.5416220165303117,0.2817090104232002,37,late
37885,85,0,0.3646478540603374,0.4260631222831851,37,late
37886,86,0,0.8126329201453166,0.2461571052320077,37,late
37887,87,0,0.4587176725651182,0.34033511071222466,37,late
37888,88,0,0.5896214739188808,0.32478493809202286,37,late
37889,89,0,0.4479698521294371,0.3525463240761354,37,late
37890,90,0,0.27572242976109085,0.3774439073064758,37,late
37891,91,0,0.624063650090837,0.4301085143733073,37,late
37892,92,0,0.6405732834421558,0.39279180831974,37,late
37893,93,0,0.612241107587727,0.41131416013726413,37,late
37894,94,0,0.05720067892786788,0.5975446112305438,37,late
37895,95,0,0.3859951244802953,0.4016290934307374,37,late
37896,96,0,0.547142730883577,0.32204348732130395,37,late
37897,97,0,0.33358586247324185,0.4416223157456722,37,late
37898,98,0,0.7689130417442893,0.4901203668840929,37,late
37899,99,0,0.7475059523183891,0.41929621851917276,37,late
37900,100,0,0.5915088939229212,0.518217348034276,37,late
37901,101,0,0.3026744330790037,0.33441765374450944,37,late
37902,102,0,0.8042947709062972,0.27644634173982185,37,late
37903,103,0,0.3202349186364438,0.42321444772653544,37,late
37904,104,0,0.3089186102521935,0.5430937881591981,37,late
37905,105,0,0.30899400573024605,0.48716333115776567,37,late
37906,106,0,0.5571348613653179,0.43062179238041565,37,late
37907,107,0,0.6058012975610636,0.5303481312922329,37,late
37908,108,0,0.8956089311357722,0.5879240972678479,37,late
37909,109,0,0.9023421559610412,0.3588754066526496,37,late
37910,110,0,0.4392738932572037,0.5554076166936376,37,late
37911,111,0,0.44775461642332026,0.5385218451946698,37,late
37912,112,0,0.5915522990799364,0.37784951142679235,37,late
37913,113,0,0.8145087955774881,0.35692929508100424,37,late
37914,114,0,0.40390892247374816,0.2724554541035765,37,late
37915,115,0,0.7923179688154507,0.4882657670241302,37,late
37916,116,0,0.6019815148342141,0.43767268991818653,37,late
37917,117,0,0.5348046498767518,0.3214046932271651,37,late
37918,118,0,0.5687852191454169,0.3843993744610996,37,late
37919,119,0,0.6583946907628706,0.25714604326466417,37,late
37920,120,0,0.2498574203295718,0.3630160569704753,37,late
37921,121,0,0.2916298255979782,0.5021933320050832,37,late
37922,122,0,0.24809670352335256,0.4065445389093011,37,late
37923,123,0,0.19142451793561988,0.5743284928802381,37,late
37924,124,0,0.45736555954015046,0.36020572056728073,37,late
37925,125,0,0.3186682755672793,0.5847577796565694,37,late
37926,126,0,0.2585922133667209,0.26558602425467615,37,late
37927,127,0,0.6259132915753178,0.3861082274272322,37,late
37928,128,0,0.6601926120452186,0.3778725356152808,37,late
37929,129,0,0.05395744059997747,0.42139955229250686,37,late
37930,130,0,0.1519766219478143,0.4950698217871004,37,late
37931,131,0,0.6087063234958084,0.4370880757621503,37,late
37932,132,0,0.35973903764039883,0.4463191415623473,37,late
37933,133,0,0.7405393792219648,0.3747553796944913,37,late
37934,134,0,0.256694333019044,0.44980696159786426,37,late
37935,135,0,0.4246245384367963,0.5366263164797291,37,late
37936,136,0,0.4090455017822757,0.3609492861330286,37,late
37937,137,0,0.28329289940032687,0.4095939155208217,37,late
37938,138,0,0.4897454866864538,0.42257806234854456,37,late
37939,139,0,0.2423866450933048,0.46780062269844896,37,late
37940,140,0,0.4265412427331718,0.3961429042569048,37,late
37941,141,0,0.47498394405419764,0.34752099474922327,37,late
37942,142,0,0.21107169450075514,0.4325091383794124,37,late
37943,143,0,0.500178901440347,0.4841647247555084,37,late
37944,144,0,0.8562323353050048,0.4663391149195537,37,late
37945,145,0,0.022305335127764937,0.6084770106960004,37,late
37946,146,0,0.8062839514017575,0.43312670172208456,37,late
37947,147,0,0.07034132680639539,0.609754919643657,37,late
37948,148,0,0.39645391913536643,0.3928134777745019,37,late
37949,149,0,0.6795730999989362,0.40855453276461917,37,late
37950,150,0,0.5149060328029623,0.3278869025945227,37,late
37951,151,0,0.5977457328504449,0.4046996706492269,37,late
37952,152,0,0.8292850074899901,0.36177168573172325,37,late
37953,153,0,0.8959069815407172,0.34495440149173046,37,late
37954,154,0,0.5089856343485559,0.320685022264562,37,late
37955,155,0,0.10257311613703038,0.3823843890455974,37,late
37956,156,0,0.8379133242978649,0.3555271958809687,37,late
37957,157,0,0.5117966623764245,0.41342086809502965,37,late
37958,158,0,0.4872001447814768,0.3116631326818886,37,late
37959,159,0,0.3969322153565635,0.3976084848140391,37,late
37960,160,0,0.4932610997036113,0.25189346650298483,37,late
37961,161,0,0.6888887654741975,0.3454953099859047,37,late
37962,162,0,0.7104365725735418,0.45239263450770706,37,late
37963,163,0,0.3514775066871,0.37181860044796144,37,late
37964,164,0,0.5241928192867673,0.4215667080322787,37,late
37965,165,0,0.7875051846104414,0.47508869418071636,37,late
37966,166,0,0.21777627055653304,0.412526599164944,37,late
37967,167,0,0.32641886543048504,0.27972090291866886,37,late
37968,168,0,0.15359074918035734,0.44034351127191973,37,late
37969,169,0,0.5819621684387741,0.304644424466665,37,late
37970,170,0,0.7801098915863239,0.4649728160013425,37,late
37971,171,0,0.29225798381687274,0.48381577269946496,37,late
37972,172,0,0.3246330987735154,0.5463295546771916,37,late
37973,173,0,0.44028337072419454,0.4865833977095622,37,late
37974,174,0,0.36554629653659965,0.26125296562982103,37,late
37975,175,0,0.5042160699579474,0.4197990533538811,37,late
37976,176,0,0.4551589512898427,0.3927093826326579,37,late
37977,177,0,0.6215118121465119,0.30204428468541245,37,late
37978,178,0,0.7519108177999257,0.3832631212124739,37,late
37979,179,0,0.18997745029882984,0.43185517732577744,37,late
37980,180,0,0.3889281409183003,0.37620715791692383,37,late
37981,181,0,0.4948339475093698,0.6345100261466929,37,late
37982,182,0,0.8804299631012242,0.46459337221949043,37,late
37983,183,0,0.02134215636206982,0.5204395605759164,37,late
37984,184,0,0.15652197890027034,0.38199433566982477,37,late
37985,185,0,0.8321058944392103,0.3362294895131219,37,late
37986,186,0,0.3985691513773105,0.36147278708006675,37,late
37987,187,0,0.3131083297723566,0.3921961710189408,37,late
37988,188,0,0.7003876295623253,0.5850929438432572,37,late
37989,189,0,0.6843731538034039,0.2460907563562023,37,late
37990,190,0,0.977608603106395,0.38452352418182767,37,late
37991,191,0,0.09342551621202613,0.3087589533194548,37,late
37992,192,0,0.6614674638063395,0.4627617423727361,37,late
37993,193,0,0.6050540474334078,0.31116628688515935,37,late
37994,194,0,0.45558729925271235,0.4608273870724803,37,late
37995,195,0,0.2726030486319301,0.4345609180935224,37,late
37996,196,0,0.10394011099733058,0.4800596664212483,37,late
37997,197,0,0.6428005868051732,0.3262009593084129,37,late
37998,198,0,0.2412504005153527,0.39402119099796573,37,late
37999,199,0,0.6921615196834503,0.36612123065153024,37,late
38000,0,0,0.7148437873760938,0.56345738992615,38,interleaved
38001,1,0,0.15165168493087794,0.5737911989026274,38,interleaved
38002,2,0,0.47297654621995544,0.5916404674397491,38,interleaved
38003,3,0,0.6826759128049324,0.4053457909108099,38,interleaved
38004,4,0,0.3319245057436881,0.43452428084246575,38,interleaved
38005,5,0,0.620079450247365,0.40426167821615144,38,interleaved
38006,6,0,0.319033019640967,0.5140257098530132,38,interleaved
38007,7,0,0.5706657952630768,0.7314254327485354,38,interleaved
38008,8,0,0.5017809002702966,0.5507584639026497,38,interleaved
38009,9,0,0.9226741317414014,0.39629112052807225,38,interleaved
38010,10,0,0.4872070494850411,0.5218355660012797,38,interleaved
38011,11,0,0.8751899417003115,0.4749648842823879,38,interleaved
38012,12,0,0.2492521941190542,0.38438793848109565,38,interleaved
38013,13,0,0.012821345684853082,0.6843457789135352,38,interleaved
38014,14,0,0.6786710489246284,0.5651901859926445,38,interleaved
38015,15,0,0.040007567441988336,0.7050334589493087,38,interleaved
38016,16,0,0.43705421275763867,0.4141330998524514,38,interleaved
38017,17,0,0.13383380354080793,0.3648621535005221,38,interleaved
38018,18,0,0.5209139013501743,0.47071019986906415,38,interleaved
38019,19,0,0.1273480616436967,0.5873485350848531,38,interleaved
38020,20,0,0.29086991212306224,0.5816550221779766,38,interleaved
38021,21,0,0.5121468001457082,0.4969356059334563,38,interleaved
38022,22,0,0.47231251995033585,0.2875539896400404,38,interleaved
38023,23,0,0.6072138176628413,0.5598759970093414,38,interleaved
38024,24,0,0.21290504903343016,0.49438617890807324,38,interleaved
38025,25,0,0.2567386927355562,0.39567641270496656,38,interleaved
38026,26,0,0.6010697721667386,0.3604195520589842,38,interleaved
38027,27,0,0.5159903610385446,0.5473923389301513,38,interleaved
38028,28,0,0.6576137315710681,0.4497784268173383,38,interleaved
38029,29,0,0.06584521978308902,0.5531568920877393,38,interleaved
38030,30,0,0.5099294339010971,0.35032525605391784,38,interleaved
38031,31,0,0.548398143488387,0.43869065803500307,38,interleaved
38032,32,0,0.41801470250745737,0.5453476632867587,38,interleaved
38033,33,0,0.24054912479729307,0.591269692130117,38,interleaved
38034,34,0,0.4968974110694969,0.4318603737761306,38,interleaved
38035,35,0,0.4843295195944067,0.4309209044272402,38,interleaved
38036,36,0,0.6930296194246385,0.5096947497144153,38,interleaved
38037,37,0,0.033636465819702255,0.6128975254084268,38,interleaved
38038,38,0,0.25840256544729084,0.340600107168346,38,interleaved
38039,39,0,0.9031419138566799,0.5384781817085207,38,interleaved
38040,40,0,0.5607717716271645,0.29698789256200325,38,interleaved
38041,41,0,0.8708912223791891,0.2356849973859783,38,interleaved
38042,42,0,0.40166785771354874,0.6803669041184601,38,interleaved
38043,43,0,0.38502044304472083,0.38449359727085264,38,interleaved
38044,44,0,0.7176474509457909,0.39965338506184156,38,interleaved
38045,45,0,0.48385386016633875,0.40967884561424806,38,interleaved
38046,46,0,0.30247821998536295,0.39624392730967606,38,interleaved
38047,47,0,0.43902334387427694,0.4977916650488216,38,interleaved
38048,48,0,0.6697863373533004,0.3405022808920305,38,interleaved
38049,49,0,0.8511030429045146,0.3668659528063212,38,interleaved
38050,50,0,0.5844158042852093,0.2876134235320147,38,interleaved
38051,51,0,0.8478496353622043,0.36629524937773106,38,interleaved
38052,52,0,0.334799138339832,0.67619225442337,38,interleaved
38053,53,0,0.24534937652455874,0.32114210514597435,38,interleaved
38054,54,0,0.5235711847294295,0.38536023844075973,38,interleaved
38055,55,0,0.5751243234996168,0.5285829545444045,38,interleaved
38056,56,0,0.19775384726595197,0.5284318160842754,38,interleaved
38057,57,0,0.46933612323682516,0.42940746649504447,38,interleaved
38058,58,0,0.43102017082062294,0.4995029954538838,38,interleaved
38059,59,0,0.21192750152720988,0.35196329068512144,38,interleaved
38060,60,0,0.47747059496647687,0.38202846237228716,38,interleaved
38061,61,0,0.5200487011590796,0.448295467987329,38,interleaved
38062,62,0,0.43774680210237193,0.5190214874881999,38,interleaved
38063,63,0,0.5957939709946091,0.4220328503745356,38,interleaved
38064,64,0,0.6176100063714993,0.4470309229158832,38,interleaved
38065,65,0,0.292928999352911,0.4143383955695308,38,interleaved
38066,66,0,0.4095384642508454,0.43840206115369407,38,interleaved
38067,67,0,0.8434326981250511,0.5488933709932103,38,interleaved
38068,68,0,0.6298648722855203,0.39517291197495535,38,interleaved
38069,69,0,0.45405255350609847,0.3597731054044261,38,interleaved
38070,70,0,0.48227683172095415,0.5203462330428594,38,interleaved
38071,71,0,0.7074830838706877,0.2980172533828174,38,interleaved
38072,72,0,0.7057085558370406,0.34521649783806285,38,interleaved
38073,73,0,0.15886437290753777,0.5695101646063587,38,interleaved
38074,74,0,0.21825542806198522,0.42062384487943755,38,interleaved
38075,75,0,0.3772823163555697,0.44018887204063717,38,interleaved
38076,76,0,0.5635398353530267,0.4823022760238406,38,interleaved
38077,77,0,0.6961178432334103,0.3630213066708272,38,interleaved
38078,78,0,0.38335349386475776,0.3729610568610663,38,interleaved
38079,79,0,0.44458684578955926,0.3511783752577189,38,interleaved
38080,80,0,0.896056457732122,0.30497495460076035,38,interleaved
38081,81,0,0.34543067415636985,0.47070702404110776,38,interleaved
38082,82,0,0.8586417439299566,0.4146858543856281,38,interleaved
38083,83,0,0.5202952615402846,0.3197476148323084,38,interleaved
38084,84,0,0.8678578187402199,0.32722861470515063,38,interleaved
38085,85,0,0.9235133488954441,0.4104064411497791,38,interleaved
38086,86,0,0.4488161708864555,0.35206278931524176,38,interleaved
38087,87,0,0.49789371478829825,0.37762714774943285,38,interleaved
38088,88,0,0.5607464033103216,0.4527988568198489,38,interleaved
38089,89,0,0.389348459372841,0.4469080921083717,38,interleaved
38090,90,0,0.5557170124927115,0.4167350842484122,38,interleaved
38091,91,0,0.6526734419092568,0.33497089344972075,38,interleaved
38092,92,0,0.44582719551376987,0.4670909789787989,38,interleaved
38093,93,0,0.20400861049253655,0.44311169264680567,38,interleaved
38094,94,0,0.74843374781476,0.3464028263475152,38,interleaved
38095,95,0,0.6135130728130876,0.36316938833873863,38,interleaved
38096,96,0,0.5450433801918607,0.47049969952294424,38,interleaved
38097,97,0,0.5261669051030486,0.6960714115733153,38,interleaved
38098,98,0,0.44604639751614084,0.4258758353006826,38,interleaved
38099,99,0,0.4328705190675922,0.4730154448120367,38,interleaved
38100,100,0,0.43864087607872143,0.47704619519002744,38,interleaved
38101,101,0,0.8531858893177401,0.42631471754684924,38,interleaved
38102,102,0,0.8394802597904044,0.4422672325104552,38,interleaved
38103,103,0,0.824639493118565,0.42254478676802637,38,interleaved
38104,104,0,0.4995015695235587,0.5085689756642516,38,interleaved
38105,105,0,0.6213924067917942,0.44095105154639325,38,interleaved
38106,106,0,0.6719365726956065,0.4093294024171338,38,interleaved
38107,107,0,0.3351805886349663,0.38101375041248103,38,interleaved
38108,108,0,0.67593089223838,0.4628978075750946,38,interleaved
38109,109,0,0.5956849485880807,0.5060761483752756,38,interleaved
38110,110,0,0.5075439169268712,0.3751839234398422,38,interleaved
38111,111,0,0.46689672503984025,0.44681049791046656,38,interleaved
38112,112,0,0.5486592970715446,0.3430368340957131,38,interleaved
38113,113,0,0.6237599442339593,0.34687462975721833,38,interleaved
38114,114,0,0.46328478000767254,0.3836559869946691,38,interleaved
38115,115,0,0.7515773480170123,0.3298098017344384,38,interleaved
38116,116,0,0.47960001830688587,0.34735437998956703,38,interleaved
38117,117,0,0.2952732025586921,0.4749855362704588,38,interleaved
38118,118,0,0.6381171529059362,0.32740935667036997,38,interleaved
38119,119,0,0.3020636232980716,0.41748963149535967,38,interleaved
38120,120,0,0.44283285089379737,0.5351838022589864,38,interleaved
38121,121,0,0.1465503441692184,0.481933379765346,38,interleaved
38122,122,0,0.6928179914543747,0.3044671718022418,38,interleaved
38123,123,0,0.7048239605328035,0.477410927638371,38,interleaved
38124,124,0,0.6552809784142462,0.43623757472171176,38,interleaved
38125,125,0,0.5215702258377046,0.3538025067798198,38,interleaved
38126,126,0,0.5968756106344557,0.3309914478358794,38,interleaved
38127,127,0,0.6788976603385524,0.32489635957388546,38,interleaved
38128,128,0,0.4908677122039833,0.40284924632481667,38,interleaved
38129,129,0,0.19265256525954527,0.41053030194592854,38,interleaved
38130,130,0,0.5613130922591351,0.4063128070748301,38,interleaved
38131,131,0,0.6049756558111644,0.2913034103856477,38,interleaved
38132,132,0,0.7097142102683895,0.25784104664590046,38,interleaved
38133,133,0,0.14736167643978912,0.36539006869747115,38,interleaved
38134,134,0,0.4816745190442229,0.2999953965316257,38,interleaved
38135,135,0,0.14557250995754084,0.5325819759153537,38,interleaved
38136,136,0,0.6275099797542678,0.46522397960164585,38,interleaved
38137,137,0,0.6065787168415706,0.37065179098661244,38,interleaved
38138,138,0,0.3081787684674449,0.32421870221791205,38,interleaved
38139,139,0,0.28667039227270436,0.38014448401771506,38,interleaved
38140,140,0,0.3377178049328836,0.7034891038532054,38,interleaved
38141,141,0,0.2017132405686456,0.5375581756040015,38,interleaved
38142,142,0,0.41848556982424673,0.3242618718127596,38,interleaved
38143,143,0,0.5498077437671867,0.34553839572721945,38,interleaved
38144,144,0,0.4449479768328853,0.44374178580099444,38,interleaved
38145,145,0,0.4493165532193686,0.541860524497022,38,interleaved
38146,146,0,0.7070395260506894,0.33917907401029357,38,interleaved
38147,147,0,0.49843834862531167,0.3974310701085374,38,interleaved
38148,148,0,0.6516309285222476,0.44554119609827925,38,interleaved
38149,149,0,0.680725474613968,0.42901132738056913,38,interleaved
38150,150,0,0.5605323618166063,0.3668471682528798,38,interleaved
38151,151,0,0.6169505026588757,0.3167221249148322,38,interleaved
38152,152,0,0.27235539015200344,0.42688421899578977,38,interleaved
38153,153,0,0.20650343784229078,0.4818997129275915,38,interleaved
38154,154,0,0.3963292872844849,0.3721350134619571,38,interleaved
38155,155,0,0.23784518250927733,0.367778755560783,38,interleaved
38156,156,0,0.6159804324714949,0.36622149943216675,38,interleaved
38157,157,0,0.6930011738792948,0.45468714185432946,38,interleaved
38158,158,0,0.47443233020580033,0.3466015508719915,38,interleaved
38159,159,0,0.4986793132656918,0.32708974540144853,38,interleaved
38160,160,0,0.17796676335862718,0.48454631156659145,38,interleaved
38161,161,0,0.3304269300995384,0.2881399112190268,38,interleaved
38162,162,0,0.4017266140691934,0.34822747438027557,38,interleaved
38163,163,0,0.7267151083301641,0.3637687132863079,38,interleaved
38164,164,0,0.6349677014317618,0.2851267618205045,38,interleaved
38165,165,0,0.36754967223066864,0.44672287670146477,38,interleaved
38166,166,0,0.2024326488514933,0.4227099074583478,38,interleaved
38167,167,0,0.31822415233421364,0.41723896793462056,38,interleaved
38168,168,0,0.43314691623742135,0.47234630666254424,38,interleaved
38169,169,0,0.8486464739274315,0.27955881249812115,38,interleaved
38170,170,0,0.5508954010003013,0.3669835264281053,38,interleaved
38171,171,0,0.7705709194375432,0.43869269374980585,38,interleaved
38172,172,0,0.3982560932276021,0.33215082030391363,38,interleaved
38173,173,0,0.36878935536409874,0.5872433600469883,38,interleaved
38174,174,0,0.4747271950753201,0.38670013612507137,38,interleaved
38175,175,0,0.49224926404078195,0.3310011584278495,38,interleaved
38176,176,0,0.5539141511586417,0.4701414269971448,38,interleaved
38177,177,0,0.2816217873636436,0.41194001633004806,38,interleaved
38178,178,0,0.4497403831945079,0.3473868774362318,38,interleaved
38179,179,0,0.8225872769432507,0.3478316756482933,38,interleaved
38180,180,0,0.7014892620855198,0.4928747513226368,38,interleaved
38181,181,0,0.22006280800402828,0.42463002147022777,38,interleaved
38182,182,0,0.5960430123344801,0.2957028061370283,38,interleaved
38183,183,0,0.6308027082660851,0.3983870387643017,38,interleaved
38184,184,0,0.3912310012386272,0.4291030042617545,38,interleaved
38185,185,0,0.43055305891822726,0.43112853498459497,38,interleaved
38186,186,0,0.48808889465660615,0.30058260523701974,38,interleaved
38187,187,0,0.32547059983779586,0.339312053777573,38,interleaved
38188,188,0,0.6072205956254282,0.29439025597209917,38,interleaved
38189,189,0,0.47928352476329994,0.32075960023849526,38,interleaved
38190,190,0,0.4818619473842316,0.26555674844937194,38,interleaved
38191,191,0,0.5510176451255456,0.3490805495316326,38,interleaved
38192,192,0,0.8930945383683189,0.3312761422297111,38,interleaved
38193,193,0,0.7599812148560807,0.25819256523103334,38,interleaved
38194,194,0,0.4539242912934283,0.35010376825091405,38,interleaved
38195,195,0,0.9371821734234032,0.4849506166526687,38,interleaved
38196,196,0,0.19357043202347418,0.3251738415006027,38,interleaved
38197,197,0,0.4619629517264218,0.3439110759590542,38,interleaved
38198,198,0,0.4038253261716458,0.6356120539527579,38,interleaved
38199,199,0,0.5462250710811655,0.29965159851074075,38,interleaved
38200,0,0,0.5263223236784732,0.7535449965999357,38,blocked
38201,1,0,0.5552201317431587,0.7463037756115694,38,blocked
38202,2,0,0.38068487615501784,0.6725805165245293,38,blocked
38203,3,0,0.5054942447475449,0.6288641698063773,38,blocked
38204,4,0,0.49724757019021637,0.6420230585022184,38,blocked
38205,5,0,0.5531104874283866,0.5907505703984116,38,blocked
38206,6,0,0.6749442358581293,0.5375238409180034,38,blocked
38207,7,0,0.34529461657363614,0.5295311166812203,38,blocked
38208,8,0,0.36650791565463603,0.5617716153334249,38,blocked
38209,9,0,0.3728383758654945,0.5698128077024702,38,blocked
38210,10,0,0.14501209491466155,0.5545106616645199,38,blocked
38211,11,0,0.6589845567338626,0.3970891539651081,38,blocked
38212,12,0,0.548560533289091,0.514606672578136,38,blocked
38213,13,0,0.692941781751268,0.34440301937057816,38,blocked
38214,14,0,0.6009374467002233,0.6290514816021262,38,blocked
38215,15,0,0.459186476457927,0.7106894686788053,38,blocked
38216,16,0,0.9706659762054098,0.5353590469131961,38,blocked
38217,17,0,0.1951251942484699,0.5412880207857063,38,blocked
38218,18,0,0.5674166435996597,0.4809047891065197,38,blocked
38219,19,0,0.5113514284964545,0.5691504813829891,38,blocked
38220,20,0,0.2704071416239132,0.4180477614738054,38,blocked
38221,21,0,0.1755672503862788,0.5805802500925188,38,blocked
38222,22,0,0.3821393723358725,0.5387394491687318,38,blocked
38223,23,0,0.2880612628168739,0.44305656848115316,38,blocked
38224,24,0,0.6348237050541796,0.48503363975065517,38,blocked
38225,25,0,0.2224256398937946,0.5033714468629495,38,blocked
38226,26,0,0.9073003210153807,0.4362679835087675,38,blocked
38227,27,0,0.6837640191265406,0.4290976326755626,38,blocked
38228,28,0,0.11908363853936725,0.6886770307306208,38,blocked
38229,29,0,0.6897529741483492,0.4292182196107247,38,blocked
38230,30,0,0.15069562311803827,0.5639028017019985,38,blocked
38231,31,0,0.8752030949662021,0.48097089366044243,38,blocked
38232,32,0,0.7282470597840724,0.6845764221496894,38,blocked
38233,33,0,0.9330443687264343,0.4346397516265838,38,blocked
38234,34,0,0.3789863513978851,0.6611506227810363,38,blocked
38235,35,0,0.42522086541028525,0.4861269439882145,38,blocked
38236,36,0,0.2605603618983866,0.4966273884438114,38,blocked
38237,37,0,0.4389721766386667,0.6277717524385298,38,blocked
38238,38,0,0.9339907898482349,0.34150067557237107,38,blocked
38239,39,0,0.9481805934958747,0.5872468792337994,38,blocked
38240,40,0,0.458710676759719,0.43129561619750617,38,blocked
38241,41,0,0.6004248773085001,0.3468228183435652,38,blocked
38242,42,0,0.22995197918302634,0.4667382714897178,38,blocked
38243,43,0,0.49945993469457756,0.38714501798149337,38,blocked
38244,44,0,0.06178097220876464,0.5251696047737979,38,blocked
38245,45,0,0.355728010962529,0.5186645990630081,38,blocked
38246,46,0,0.47437501439421714,0.48539596926265416,38,blocked
38247,47,0,0.512372976989248,0.32650080398620723,38,blocked
38248,48,0,0.415530742114389,0.515935806427603,38,blocked
38249,49,0,0.114610145553649,0.6296155782828252,38,blocked
38250,50,0,0.39802317034627305,0.42767900922301993,38,blocked
38251,51,0,0.46612322967217185,0.527342360213794,38,blocked
38252,52,0,0.5919327470281337,0.5274208967367247,38,blocked
38253,53,0,0.6263425873855611,0.4264372238304416,38,blocked
38254,54,0,0.8298690050027967,0.4298616156938083,38,blocked
38255,55,0,0.933800147514978,0.38889898174988097,38,blocked
38256,56,0,0.9803193975350173,0.43943456412133797,38,blocked
38257,57,0,0.1422453984555433,0.8165954078351476,38,blocked
38258,58,0,0.6700224989160424,0.41871157306079176,38,blocked
38259,59,0,0.758360120023169,0.4081122103854222,38,blocked
38260,60,0,0.8668455798130303,0.46055357038263667,38,blocked
38261,61,0,0.9692933785193294,0.4094628340364115,38,blocked
38262,62,0,0.0969047698604912,0.555625933784643,38,blocked
38263,63,0,0.07815106731266284,0.6101900508988727,38,blocked
38264,64,0,0.11841439193900502,0.5116770177786795,38,blocked
38265,65,0,0.652582139830589,0.3536927202402862,38,blocked
38266,66,0,0.1812522821971901,0.5071471884223587,38,blocked
38267,67,0,0.48276365046293834,0.44818670302324426,38,blocked
38268,68,0,0.46701244186649393,0.5272141958329177,38,blocked
38269,69,0,0.815630456924573,0.3020571055944793,38,blocked
38270,70,0,0.9018504889849518,0.3633434641804915,38,blocked
38271,71,0,0.9539383080434221,0.5033730506599691,38,blocked
38272,72,0,0.13306580925067626,0.558457604929579,38,blocked
38273,73,0,0.5093677446901028,0.4296852629663121,38,blocked
38274,74,0,0.6055271995766764,0.42946938633791615,38,blocked
38275,75,0,0.2599316610419468,0.547216772491528,38,blocked
38276,76,0,0.07235931190653005,0.4435997715190446,38,blocked
38277,77,0,0.8023571739459461,0.2565664149223226,38,blocked
38278,78,0,0.31081118865614876,0.5479416744868266,38,blocked
38279,79,0,0.8292745415664997,0.528912699993755,38,blocked
38280,80,0,0.3295787806719865,0.517259110429769,38,blocked
38281,81,0,0.6230987623320788,0.44603469045913424,38,blocked
38282,82,0,0.07542480499684609,0.417133192031109,38,blocked
38283,83,0,0.989839656539443,0.5332073684653387,38,blocked
38284,84,0,0.09217565342063612,0.4198460688490231,38,blocked
38285,85,0,0.7739667900839335,0.3398549131150478,38,blocked
38286,86,0,0.967867396428137,0.3053887855174872,38,blocked
38287,87,0,0.037344685296453364,0.4258999350391013,38,blocked
38288,88,0,0.1346711440634269,0.4477351350864572,38,blocked
38289,89,0,0.7878411292099825,0.4885771770372179,38,blocked
38290,90,0,0.9805121109858002,0.38339052200706636,38,blocked
38291,91,0,0.03646378986241705,0.5768391125849248,38,blocked
38292,92,0,0.13531750022231065,0.47903552786472503,38,blocked
38293,93,0,0.2735998190100957,0.5750807670181837,38,blocked
38294,94,0,0.5484573308631954,0.41360943741967554,38,blocked
38295,95,0,0.5789483517180293,0.623408915768279,38,blocked
38296,96,0,0.8269595700551569,0.47089059998443084,38,blocked
38297,97,0,0.03581493124054734,0.5128427676892735,38,blocked
38298,98,0,0.9022123444477157,0.4685437154577109,38,blocked
38299,99,0,0.6733224303478346,0.39778468158866453,38,blocked
38300,100,0,0.846255476576163,0.3541881520827963,38,blocked
38301,101,0,0.062224175542736515,0.43606787977034533,38,blocked
38302,102,0,0.3786051203333555,0.532904360269307,38,blocked
38303,103,0,0.21806133291372787,0.5657005691233102,38,blocked
38304,104,0,0.5770424694292104,0.6059255267410676,38,blocked
38305,105,0,0.2656628122155729,0.3799866419486567,38,blocked
38306,106,0,0.9585954236924482,0.351862527981625,38,blocked
38307,107,0,0.9611909636000945,0.31111758108352755,38,blocked
38308,108,0,0.9004793707692086,0.277250021951287,38,blocked
38309,109,0,0.3139097993996429,0.48992097885935104,38,blocked
38310,110,0,0.6304406520320209,0.4386198926210215,38,blocked
38311,111,0,0.6795771476140093,0.41316468431297104,38,blocked
38312,112,0,0.48418679627649513,0.459633870183129,38,blocked
38313,113,0,0.9514360362237304,0.31872847363051043,38,blocked
38314,114,0,0.9820488310553217,0.2769110382737395,38,blocked
38315,115,0,0.966737773712374,0.4093735381789958,38,blocked
38316,116,0,0.9701776150506708,0.2966239328746088,38,blocked
38317,117,0,0.05738767078087407,0.583554629467423,38,blocked
38318,118,0,0.22902590409520218,0.43782020792101806,38,blocked
38319,119,0,0.6033597813363332,0.5651876866755333,38,blocked
38320,120,0,0.11500138693509337,0.474971668192671,38,blocked
38321,121,0,0.9611842758551887,0.3898891307865531,38,blocked
38322,122,0,0.8104496805737235,0.31221510640197403,38,blocked
38323,123,0,0.5900004571046715,0.40503467495404083,38,blocked
38324,124,0,0.9357801104373822,0.26325440147280527,38,blocked
38325,125,0,0.7776851912123663,0.25739656945707423,38,blocked
38326,126,0,0.8741494437072671,0.3238154105619803,38,blocked
38327,127,0,0.17967581382860373,0.49426950587200513,38,blocked
38328,128,0,0.5331313167123308,0.37859693037629427,38,blocked
38329,129,0,0.43357301900642486,0.3356836301915974,38,blocked
38330,130,0,0.24052836388408913,0.46496155853558435,38,blocked
38331,131,0,0.7486896175240432,0.3363044439706387,38,blocked
38332,132,0,0.8438617879613186,0.2902375014248228,38,blocked
38333,133,0,0.8256643279657621,0.4523404668372534,38,blocked
38334,134,0,0.7591938849200736,0.3793801219859866,38,blocked
38335,135,0,0.7411029948365289,0.41201970663235843,38,blocked
38336,136,0,0.17891090866618234,0.6376817718040197,38,blocked
38337,137,0,0.18474288708219797,0.5153269315314772,38,blocked
38338,138,0,0.8259863245826373,0.2618418740464962,38,blocked
38339,139,0,0.7729524929535727,0.31454901874567964,38,blocked
38340,140,0,0.6777717912377039,0.5051386000177371,38,blocked
38341,141,0,0.2562404435972079,0.5090487609039369,38,blocked
38342,142,0,0.06409739614816995,0.6176863468370135,38,blocked
38343,143,0,0.9235978676276532,0.30734311751632115,38,blocked
38344,144,0,0.13122184978906218,0.5270052706049656,38,blocked
38345,145,0,0.7144578542672525,0.4261481203962724,38,blocked
38346,146,0,0.4128887589914042,0.3736099067718788,38,blocked
38347,147,0,0.2980058470794381,0.49689095340683054,38,blocked
38348,148,0,0.06794741973417112,0.5771076867222152,38,blocked
38349,149,0,0.45731014525360913,0.32995664527940793,38,blocked
38350,150,0,0.4203161616826515,0.24520733862056088,38,blocked
38351,151,0,0.9946675795265215,0.5714388349898285,38,blocked
38352,152,0,0.5650738890699442,0.38152377339758886,38,blocked
38353,153,0,0.20070073320310994,0.5216720724029706,38,blocked
38354,154,0,0.6964738555787753,0.4363880932891896,38,blocked
38355,155,0,0.857078921109122,0.3063890487573101,38,blocked
38356,156,0,0.980771945891089,0.5178770448863366,38,blocked
38357,157,0,0.49678188977793425,0.3156992004623518,38,blocked
38358,158,0,0.7840003574309171,0.40937275588434974,38,blocked
38359,159,0,0.5034871610633891,0.40618049307824244,38,blocked
38360,160,0,0.679108244543671,0.3197050470149415,38,blocked
38361,161,0,0.6968601273865296,0.27075160694075673,38,blocked
38362,162,0,0.6765602683313512,0.2852637199856296,38,blocked
38363,163,0,0.6796731541087365,0.32915360962486234,38,blocked
38364,164,0,0.6995219532984069,0.4583298493873206,38,blocked
38365,165,0,0.7276723244534236,0.34189751599634266,38,blocked
38366,166,0,0.7195698440888424,0.27525952336775134,38,blocked
38367,167,0,0.6564906354475574,0.3376433761707671,38,blocked
38368,168,0,0.5382219706484346,0.3524746970205155,38,blocked
38369,169,0,0.6512861222402647,0.2997381276016,38,blocked
38370,170,0,0.4342981869581667,0.3507830080938621,38,blocked
38371,171,0,0.8210305930155546,0.255575762370654,38,blocked
38372,172,0,0.9137539351023279,0.21663198942765005,38,blocked
38373,173,0,0.15092670949143677,0.41216693252416026,38,blocked
38374,174,0,0.22470889195973306,0.5020695570065067,38,blocked
38375,175,0,0.562557873387957,0.2653440893232635,38,blocked
38376,176,0,0.6411772105716702,0.4262438519736359,38,blocked
38377,177,0,0.4387178211405281,0.5353157018268151,38,blocked
38378,178,0,0.1586794820011076,0.43647486861127777,38,blocked
38379,179,0,0.4915621759683527,0.3682859413430129,38,blocked
38380,180,0,0.2553758368891924,0.3815582920523498,38,blocked
38381,181,0,0.9139255063381047,0.3604552809923067,38,blocked
38382,182,0,0.09204946486223181,0.45827816550748246,38,blocked
38383,183,0,0.6860863544260615,0.40549724620644856,38,blocked
38384,184,0,0.4670522279826234,0.41078595491377656,38,blocked
38385,185,0,0.18262433030361166,0.48874760656725613,38,blocked
38386,186,0,0.5659795064913109,0.36007684652896366,38,blocked
38387,187,0,0.31248014448449024,0.38982693537674484,38,blocked
38388,188,0,0.8201143656626484,0.29651956250495565,38,blocked
38389,189,0,0.39520949473837347,0.36531025794952804,38,blocked
38390,190,0,0.06527693943224933,0.6011457713930138,38,blocked
38391,191,0,0.5066440402923318,0.5313484930308955,38,blocked
38392,192,0,0.5091375256690381,0.22489014729248258,38,blocked
38393,193,0,0.6274535050701543,0.28240916636277746,38,blocked
38394,194,0,0.03560610637188009,0.5223506497380802,38,blocked
38395,195,0,0.4734310552647269,0.2961063068301547,38,blocked
38396,196,0,0.5225473174545682,0.4212613570710323,38,blocked
38397,197,0,0.5081219842315502,0.40404229973176087,38,blocked
38398,198,0,0.25574602520355305,0.5213883628542016,38,blocked
38399,199,0,0.47872853537701315,0.4455661783044768,38,blocked
38400,0,0,0.5870517890305165,0.8649900873362366,38,early
38401,1,0,0.8245855408211555,0.7935643859680352,38,early
38402,2,0,0.3277720890745943,0.6542212032440433,38,early
38403,3,0,0.46265772633544644,0.650519949274202,38,early
38404,4,0,0.47255564441953357,0.6408244467893757,38,early
38405,5,0,0.4233484093812328,0.5267735418882316,38,early
38406,6,0,0.4989342517082748,0.47786349204417866,38,early
38407,7,0,0.4784679340867313,0.5607767903324505,38,early
38408,8,0,0.6406508170170719,0.38289539703561076,38,early
38409,9,0,0.741130267922322,0.6502263400448177,38,early
38410,10,0,0.40611723889286655,0.6121298774695938,38,early
38411,11,0,0.6412083941074381,0.6351182003161092,38,early
38412,12,0,0.577315888382895,0.41233937877969074,38,early
38413,13,0,0.31772833446939663,0.5603560779672692,38,early
38414,14,0,0.3887847692375137,0.5642080344389647,38,early
38415,15,0,0.9076823290090758,0.45952835239838885,38,early
38416,16,0,0.34058258793851526,0.4233910556999334,38,early
38417,17,0,0.6176608314708117,0.5445456605418502,38,early
38418,18,0,0.34023545283968676,0.5079923614258544,38,early
38419,19,0,0.4975390181301374,0.4908819492687073,38,early
38420,20,0,0.7349322104209698,0.4512890429728297,38,early
38421,21,0,0.3654659993647674,0.4596436219528572,38,early
38422,22,0,0.4893456063932767,0.5103910674607338,38,early
38423,23,0,0.6359954015781354,0.4374007365756983,38,early
38424,24,0,0.5295652553723667,0.3418327688129964,38,early
38425,25,0,0.4813225776576608,0.46227965777185703,38,early
38426,26,0,0.5901048586357119,0.4489986957434985,38,early
38427,27,0,0.8020962334065624,0.3788621502406364,38,early
38428,28,0,0.7193128201946988,0.3873131553721948,38,early
38429,29,0,0.08798454815110657,0.55496867408027,38,early
38430,30,0,0.08806530920140265,0.7748805073229488,38,early
38431,31,0,0.8641281099432732,0.31002739045802835,38,early
38432,32,0,0.8822300547541138,0.47654034897787173,38,early
38433,33,0,0.195857796803282,0.6587144256019766,38,early
38434,34,0,0.5629877638665388,0.6271522879071424,38,early
38435,35,0,0.20818876081794935,0.7017797760575827,38,early
38436,36,0,0.4426724098951572,0.48978298483717764,38,early
38437,37,0,0.7425017237187235,0.5146699469292626,38,early
38438,38,0,0.13266026582238907,0.42180941573963504,38,early
38439,39,0,0.6994738887550973,0.46252037694955805,38,early
38440,40,0,0.6729250988539819,0.6124900411740533,38,early
38441,41,0,0.4082084455119277,0.5226187349571288,38,early
38442,42,0,0.45515272250728667,0.4669798993480799,38,early
38443,43,0,0.5037376919108387,0.43999165320631806,38,early
38444,44,0,0.7273811061916624,0.39994880877354366,38,early
38445,45,0,0.4098366016036345,0.4472561864667105,38,early
38446,46,0,0.42170103382762736,0.400521554803241,38,early
38447,47,0,0.3315745241673337,0.5881839988476711,38,early
38448,48,0,0.7581741283532981,0.6214898919223206,38,early
38449,49,0,0.5343020128996528,0.5115808478374337,38,early
38450,50,0,0.8487815522456714,0.5266609055889209,38,early
38451,51,0,0.7226247804192291,0.36842225694357283,38,early
38452,52,0,0.1971625965035806,0.4901601507644727,38,early
38453,53,0,0.376048060495461,0.37250860340350644,38,early
38454,54,0,0.32824256546120545,0.585147586715145,38,early
38455,55,0,0.3360387983222327,0.4866579696353236,38,early
38456,56,0,0.6807826888472788,0.5038672241803924,38,early
38457,57,0,0.4828974199059253,0.5445715139279282,38,early
38458,58,0,0.49917199697089487,0.4891086207632154,38,early
38459,59,0,0.6961933284092958,0.3869929925414596,38,early
38460,60,0,0.8516926793235529,0.3733776661109381,38,early
38461,61,0,0.47490957186976784,0.3845744108791236,38,early
38462,62,0,0.680414703569352,0.37072791179763037,38,early
38463,63,0,0.4720581963702243,0.37404755600153167,38,early
38464,64,0,0.5808931931730148,0.4727820056322549,38,early
38465,65,0,0.5403651781257711,0.4842902560700097,38,early
38466,66,0,0.5482427973918217,0.4278295803095662,38,early
38467,67,0,0.2179017706932373,0.3936183568191284,38,early
38468,68,0,0.6078787473797777,0.4406829224113164,38,early
38469,69,0,0.8253870392592758,0.47549140564445375,38,early
38470,70,0,0.7567275083605554,0.3740502812080468,38,early
38471,71,0,0.2374619868262495,0.32681970238768865,38,early
38472,72,0,0.6959046387394566,0.513668438881701,38,early
38473,73,0,0.9475302918517814,0.6434933648734391,38,early
38474,74,0,0.9644217461651252,0.5488767471891917,38,early
38475,75,0,0.7625642064782996,0.3693805346864931,38,early
38476,76,0,0.24409857411555824,0.3428636233556892,38,early
38477,77,0,0.6670262541003379,0.5000075587266536,38,early
38478,78,0,0.8574768372181784,0.3764973044186527,38,early
38479,79,0,0.8651034236453234,0.49168722270560694,38,early
38480,80,0,0.47851142563568816,0.5214560226456626,38,early
38481,81,0,0.5135062655878202,0.5156735006042421,38,early
38482,82,0,0.8782294214992787,0.373713974068993,38,early
38483,83,0,0.5429459474696364,0.45890615227625486,38,early
38484,84,0,0.5668125929461385,0.4458854832559148,38,early
38485,85,0,0.47143393858400323,0.43962209144093933,38,early
38486,86,0,0.29039854498013784,0.3641839038140634,38,early
38487,87,0,0.7605166096184622,0.5373467478434488,38,early
38488,88,0,0.5449221602755404,0.5220700603519601,38,early
38489,89,0,0.5764695611097432,0.43430017651345043,38,early
38490,90,0,0.7005756231897544,0.5532901306551552,38,early
38491,91,0,0.5566508412756184,0.26760441286384773,38,early
38492,92,0,0.9213823452410683,0.390179901726322,38,early
38493,93,0,0.48175964245184977,0.3232791329767798,38,early
38494,94,0,0.8568462320952172,0.48986603923416316,38,early
38495,95,0,0.6479750554646467,0.31957408593056497,38,early
38496,96,0,0.17087576583136221,0.4175367592793029,38,early
38497,97,0,0.23689478324616792,0.4869516111909348,38,early
38498,98,0,0.7661054686928618,0.4418155424758119,38,early
38499,99,0,0.49479251267307206,0.43458902818497613,38,early
38500,100,0,0.9520435617696157,0.47244975303158737,38,early
38501,101,0,0.3858067457289538,0.4126261043836428,38,early
38502,102,0,0.7961181567064869,0.6543049895921971,38,early
38503,103,0,0.7906670517972321,0.4015080500067179,38,early
38504,104,0,0.09952037972128219,0.39228140424972435,38,early
38505,105,0,0.7587777039419247,0.4770053849231569,38,early
38506,106,0,0.2552729286497068,0.4442768857909165,38,early
38507,107,0,0.22951260968869652,0.31949943071180265,38,early
38508,108,0,0.5160901782390159,0.4911906354133994,38,early
38509,109,0,0.6366113155958144,0.4170309171116522,38,early
38510,110,0,0.9788676809889265,0.45085085470359515,38,early
38511,111,0,0.6931102708477878,0.4614678119997978,38,early
38512,112,0,0.9527196254250769,0.2754594113616302,38,early
38513,113,0,0.360873422840858,0.2916979758323202,38,early
38514,114,0,0.9618431838865888,0.38578360832275804,38,early
38515,115,0,0.4039663827574985,0.3948901379148032,38,early
38516,116,0,0.6313202114584984,0.5025299125118258,38,early
38517,117,0,0.4965360408951683,0.5264865732678548,38,early
38518,118,0,0.01602408745477976,0.4588731108493067,38,early
38519,119,0,0.531913950645733,0.3517051934313964,38,early
38520,120,0,0.5994998114476946,0.4556368681569411,38,early
38521,121,0,0.6407500430636428,0.38777502965170696,38,early
38522,122,0,0.31905338158780233,0.44886171114551104,38,early
38523,123,0,0.39898766127039176,0.31058352624102425,38,early
38524,124,0,0.9038336848622459,0.3105179129447834,38,early
38525,125,0,0.7967395232946654,0.4799121549001947,38,early
38526,126,0,0.7057314699120273,0.45066361739594607,38,early
38527,127,0,0.3166835973798137,0.6394837228774982,38,early
38528,128,0,0.38511707927995426,0.37571814776304013,38,early
38529,129,0,0.6531982515274473,0.3539806887000964,38,early
38530,130,0,0.8516704498900536,0.4647789207424261,38,early
38531,131,0,0.8151533960176496,0.5274256301824236,38,early
38532,132,0,0.29861977028429576,0.33326401743571793,38,early
38533,133,0,0.5367607751631202,0.49757477480032997,38,early
38534,134,0,0.1773040438730538,0.4224505642335582,38,early
38535,135,0,0.44082029675878154,0.36959418760024154,38,early
38536,136,0,0.5100615792025471,0.4056761582791373,38,early
38537,137,0,0.7327840102812097,0.41348973395990074,38,early
38538,138,0,0.4295151457648535,0.3645666078008416,38,early
38539,139,0,0.8588877693932014,0.46565871824826377,38,early
38540,140,0,0.20243383845057183,0.341807497739906,38,early
38541,141,0,0.5870121882206701,0.3988235177670057,38,early
38542,142,0,0.879398944366784,0.3727937981301589,38,early
38543,143,0,0.45532438821738297,0.45292398371110476,38,early
38544,144,0,0.23467159647224214,0.404938876061788,38,early
38545,145,0,0.5822066349824869,0.5073601018201617,38,early
38546,146,0,0.4203375013594819,0.5029716165621494,38,early
38547,147,0,0.8383844244212526,0.3647138535239052,38,early
38548,148,0,0.4353247892353751,0.433584475903802,38,early
38549,149,0,0.3231653073051768,0.3996800754917521,38,early
38550,150,0,0.3061455159788327,0.4214421170738474,38,early
38551,151,0,0.3223268264709906,0.3991404940795339,38,early
38552,152,0,0.48836141786735926,0.38191495297928346,38,early
38553,153,0,0.34731835962040786,0.41883813845634904,38,early
38554,154,0,0.24001547404091547,0.5890172536145463,38,early
38555,155,0,0.5753438205011179,0.4166308695228148,38,early
38556,156,0,0.8747837093729518,0.42582773364185067,38,early
38557,157,0,0.7372020918074431,0.335253486519393,38,early
38558,158,0,0.8624573708198087,0.3141226003596664,38,early
38559,159,0,0.28188370296402765,0.5165965365123808,38,early
38560,160,0,0.48276326960985394,0.4122882542663939,38,early
38561,161,0,0.9078465018694444,0.3906540504784358,38,early
38562,162,0,0.5001323640094314,0.37747375557855584,38,early
38563,163,0,0.404545466544212,0.33597176823123476,38,early
38564,164,0,0.4063462700757208,0.39505146938583313,38,early
38565,165,0,0.7605692251295822,0.32003577086644086,38,early
38566,166,0,0.5796897179774229,0.3776570641185668,38,early
38567,167,0,0.41181942792279413,0.3026856834683781,38,early
38568,168,0,0.8750672919660527,0.3898447562064803,38,early
38569,169,0,0.2474864957760099,0.3553612439654731,38,early
38570,170,0,0.7226652600559185,0.3295144543523103,38,early
38571,171,0,0.6075695156439729,0.5690616609333436,38,early
38572,172,0,0.4496732084794319,0.23002551103229396,38,early
38573,173,0,0.5129522851868826,0.4128149880150775,38,early
38574,174,0,0.5361817691369746,0.4936859138886351,38,early
38575,175,0,0.6484267430463719,0.5753152578933961,38,early
38576,176,0,0.7016861277045661,0.3991712914688514,38,early
38577,177,0,0.5671732627683556,0.3585444143430176,38,early
38578,178,0,0.8031455460990642,0.31180610054507646,38,early
38579,179,0,0.3755492736075893,0.6252534563308978,38,early
38580,180,0,0.3178865182920585,0.5206404890633263,38,early
38581,181,0,0.2413158683149175,0.37471937404031774,38,early
38582,182,0,0.5130339692744975,0.2828190062080211,38,early
38583,183,0,0.8155251048337061,0.4895007426719177,38,early
38584,184,0,0.6400649870825388,0.42900572363986156,38,early
38585,185,0,0.4408623194712381,0.4761256356990564,38,early
38586,186,0,0.5567797407124663,0.33165132146938436,38,early
38587,187,0,0.46197132684874964,0.3077937748415093,38,early
38588,188,0,0.4273594843507352,0.4474873190543881,38,early
38589,189,0,0.6869184296088404,0.33121808751017234,38,early
38590,190,0,0.2990793396919889,0.3750907562988547,38,early
38591,191,0,0.5348951329192871,0.36014624577180776,38,early
38592,192,0,0.21745173900373255,0.3689388109966055,38,early
38593,193,0,0.6491333007976414,0.32262874304050676,38,early
38594,194,0,0.7030251369608753,0.3158382995023098,38,early
38595,195,0,0.7412780469807462,0.29677964122124023,38,early
38596,196,0,0.5494271524331205,0.29772414080191023,38,early
38597,197,0,0.2996346991800955,0.34739701503621345,38,early
38598,198,0,0.5060793809642051,0.41113599161013786,38,early
38599,199,0,0.3023054284835536,0.3473411700784501,38,early
38600,0,0,0.91497955586993,0.6624447207113165,38,middle
38601,1,0,0.5733333143037532,0.4238027095752174,38,middle
38602,2,0,0.7171380448854617,0.4663400186314788,38,middle
38603,3,0,0.15001324276996678,0.523650697419241,38,middle
38604,4,0,0.5563219610495362,0.4414066791274259,38,middle
38605,5,0,0.29610248221914187,0.4743344803828502,38,middle
38606,6,0,0.6109699886398154,0.488372326374081,38,middle
38607,7,0,0.6431423975123898,0.6923432654853137,38,middle
38608,8,0,0.47685237723439494,0.6979528085314213,38,middle
38609,9,0,0.8406527372230316,0.41298114741247083,38,middle
38610,10,0,0.5246032224427688,0.5766493740211573,38,middle
38611,11,0,0.7497183182731006,0.4564457558432232,38,middle
38612,12,0,0.40615566355612986,0.626999618680798,38,middle
38613,13,0,0.031111654777755217,0.5403892480129519,38,middle
38614,14,0,0.5554684850699573,0.4604812984404112,38,middle
38615,15,0,0.8827125817636379,0.369599211881146,38,middle
38616,16,0,0.42361404491586374,0.5466422757919909,38,middle
38617,17,0,0.9465321916103864,0.32901673369491335,38,middle
38618,18,0,0.555577762344112,0.5075023241634552,38,middle
38619,19,0,0.9074074218401018,0.6608466171903999,38,middle
38620,20,0,0.5055560291872444,0.5195912452444107,38,middle
38621,21,0,0.2380617330404853,0.5326734016610288,38,middle
38622,22,0,0.9761746120724546,0.5658112627596108,38,middle
38623,23,0,0.17180478784502276,0.48332605227772285,38,middle
38624,24,0,0.1692233683742343,0.7381444669982857,38,middle
38625,25,0,0.18586599329455636,0.5245390618637468,38,middle
38626,26,0,0.7373119089485702,0.4706769367564494,38,middle
38627,27,0,0.3166225673517882,0.616082293196967,38,middle
38628,28,0,0.6450841448913416,0.46016559616545116,38,middle
38629,29,0,0.07417031358080249,0.4641715208945039,38,middle
38630,30,0,0.34862311432812715,0.5073602687452753,38,middle
38631,31,0,0.22694006758215718,0.47366150451643113,38,middle
38632,32,0,0.5526550428123433,0.4392574331042043,38,middle
38633,33,0,0.12258585482629059,0.5335040342463659,38,middle
38634,34,0,0.49476796587900485,0.510388291367776,38,middle
38635,35,0,0.15693049346558222,0.5015017388668105,38,middle
38636,36,0,0.4327410220905136,0.45574991600085774,38,middle
38637,37,0,0.1760714701702744,0.610655718002473,38,middle
38638,38,0,0.25362213652916077,0.5504221735625674,38,middle
38639,39,0,0.1264887602799044,0.5274252993350925,38,middle
38640,40,0,0.4924644331838696,0.44342711707096577,38,middle
38641,41,0,0.6090882392437155,0.4736862612495797,38,middle
38642,42,0,0.3893482010650295,0.506965615713272,38,middle
38643,43,0,0.4957364751230111,0.47373245936489977,38,middle
38644,44,0,0.4559720741230469,0.5020211318202966,38,middle
38645,45,0,0.7705331277679895,0.4316036269701937,38,middle
38646,46,0,0.1968544623777343,0.6173169063024948,38,middle
38647,47,0,0.4926872096457342,0.43893583144865445,38,middle
38648,48,0,0.5343012515592992,0.45924822870543625,38,middle
38649,49,0,0.5550144022702187,0.3586885792172526,38,middle
38650,50,0,0.8278681120719167,0.49493296810633547,38,middle
38651,51,0,0.667848020522859,0.4299270061636181,38,middle
38652,52,0,0.5139773282057043,0.5188781163374974,38,middle
38653,53,0,0.5750983276703954,0.40513681880713703,38,middle
38654,54,0,0.5103625108838307,0.43307104029736454,38,middle
38655,55,0,0.5918708134320964,0.3811800873636273,38,middle
38656,56,0,0.48010492194584975,0.5899338903644438,38,middle
38657,57,0,0.5669412365037727,0.40625142418651006,38,middle
38658,58,0,0.5421832648250775,0.4960941091542961,38,middle
38659,59,0,0.50580139315599,0.5679144342939106,38,middle
38660,60,0,0.5045160508953351,0.5312585569861528,38,middle
38661,61,0,0.5715953357318799,0.3459171657491308,38,middle
38662,62,0,0.5789767057102306,0.4306731992113362,38,middle
38663,63,0,0.5710651390623549,0.4933568974015363,38,middle
38664,64,0,0.744741436814381,0.3204894146097124,38,middle
38665,65,0,0.536078922939191,0.41396676016701783,38,middle
38666,66,0,0.5692928077347178,0.42730546670579655,38,middle
38667,67,0,0.46936223945549366,0.513822259882637,38,middle
38668,68,0,0.5225540256148415,0.3939778975158245,38,middle
38669,69,0,0.5437631232779467,0.4013952484439718,38,middle
38670,70,0,0.5768560575188307,0.33485842379661723,38,middle
38671,71,0,0.6251559187482156,0.31475571336166763,38,middle
38672,72,0,0.5608104356738466,0.4877637632874363,38,middle
38673,73,0,0.7560241232519361,0.4180113320798763,38,middle
38674,74,0,0.32206276897042635,0.6569336461074555,38,middle
38675,75,0,0.6201505053580969,0.32416125441610055,38,middle
38676,76,0,0.48278426145201087,0.5078734134696115,38,middle
38677,77,0,0.5046730633723573,0.6271527603009108,38,middle
38678,78,0,0.8606813449261717,0.5373133204229319,38,middle
38679,79,0,0.48941877226070934,0.6050173658899799,38,middle
38680,80,0,0.9579595277273374,0.42757408275331465,38,middle
38681,81,0,0.8683224845558468,0.42637755705991287,38,middle
38682,82,0,0.057599356681164664,0.6574242534344151,38,middle
38683,83,0,0.28017068471041573,0.49054528819804255,38,middle
38684,84,0,0.41702113906058547,0.44947419870154726,38,middle
38685,85,0,0.6210271469693418,0.44722524222007753,38,middle
38686,86,0,0.06583568326176462,0.5121842732509363,38,middle
38687,87,0,0.7004382133096596,0.46738436718353926,38,middle
38688,88,0,0.04068275837680334,0.5365215418133298,38,middle
38689,89,0,0.7420891291423897,0.4668507934997631,38,middle
38690,90,0,0.6564356405801344,0.6104231477162574,38,middle
38691,91,0,0.9447261369875444,0.36149365656196664,38,middle
38692,92,0,0.9873978662483898,0.4549082585475822,38,middle
38693,93,0,0.025042094067769555,0.4505241785003843,38,middle
38694,94,0,0.2190366363646319,0.5206653151732056,38,middle
38695,95,0,0.3538156787729302,0.4494566253724235,38,middle
38696,96,0,0.7073760492971184,0.31043938360906653,38,middle
38697,97,0,0.4834403491846937,0.6354735000208681,38,middle
38698,98,0,0.9316879652936342,0.37262718550187046,38,middle
38699,99,0,0.9707244328137895,0.31956115276107455,38,middle
38700,100,0,0.9904069141225873,0.3451794987011528,38,middle
38701,101,0,0.15961079957015004,0.5279111250342884,38,middle
38702,102,0,0.9174010201389242,0.2693314629596224,38,middle
38703,103,0,0.23882686723588903,0.562945624338469,38,middle
38704,104,0,0.19624961848487096,0.542111970444144,38,middle
38705,105,0,0.383720457821829,0.4586411936855087,38,middle
38706,106,0,0.8259118564224468,0.30518172554861067,38,middle
38707,107,0,0.8816782277115955,0.3563190796927433,38,middle
38708,108,0,0.14914557223049615,0.58939944255888,38,middle
38709,109,0,0.910699981100936,0.37569251906560064,38,middle
38710,110,0,0.18472601604853722,0.41377305692825544,38,middle
38711,111,0,0.12542311019306884,0.4315794608449356,38,middle
38712,112,0,0.9121144394378299,0.5418270746936441,38,middle
38713,113,0,0.02575000107602493,0.5610317578963416,38,middle
38714,114,0,0.43344255276952287,0.4827476357493633,38,middle
38715,115,0,0.11649567230243105,0.41066551084613256,38,middle
38716,116,0,0.12518495377479785,0.49364128366230975,38,middle
38717,117,0,0.32026106011738653,0.4863802315487916,38,middle
38718,118,0,0.5031669789026173,0.7497822826781093,38,middle
38719,119,0,0.8905335670156397,0.2933994506052595,38,middle
38720,120,0,0.47031658941029564,0.4364963552687767,38,middle
38721,121,0,0.7171963891680803,0.37495878337053457,38,middle
38722,122,0,0.47358550038862024,0.34909732135304816,38,middle
38723,123,0,0.9488070626198919,0.33652439005496587,38,middle
38724,124,0,0.49079818878467774,0.46270834055654386,38,middle
38725,125,0,0.9909552844378642,0.21152725939804673,38,middle
38726,126,0,0.463069249417637,0.326250370149078,38,middle
38727,127,0,0.9550970866255806,0.26438915823835013,38,middle
38728,128,0,0.3667174494217028,0.46875094140355167,38,middle
38729,129,0,0.1632159804622272,0.58414206604956,38,middle
38730,130,0,0.4652504776275558,0.38992751043482526,38,middle
38731,131,0,0.7639476589628558,0.6539041390262559,38,middle
38732,132,0,0.6208854675120273,0.29253768954438286,38,middle
38733,133,0,0.534645294038006,0.3713173016021989,38,middle
38734,134,0,0.23107152019255378,0.666071074435995,38,middle
38735,135,0,0.6324783741076738,0.40808627035441725,38,middle
38736,136,0,0.6290731899132042,0.5029777862914507,38,middle
38737,137,0,0.8553684861991373,0.3449855798499222,38,middle
38738,138,0,0.3048237402617421,0.4368143843949648,38,middle
38739,139,0,0.8286638743796655,0.3115685950845946,38,middle
38740,140,0,0.4928638191253915,0.5011759198443675,38,middle
38741,141,0,0.8100624791304667,0.40493422360416576,38,middle
38742,142,0,0.5137965829277779,0.5242523442068256,38,middle
38743,143,0,0.9289579078516037,0.3750582316054614,38,middle
38744,144,0,0.5264108854341176,0.4695785122887086,38,middle
38745,145,0,0.9680993842948185,0.3166647735033488,38,middle
38746,146,0,0.48711683688089735,0.4440455052708949,38,middle
38747,147,0,0.9546758515857734,0.3876543992649973,38,middle
38748,148,0,0.5078532122181948,0.46866762185512156,38,middle
38749,149,0,0.2186269968419374,0.455506068698889,38,middle
38750,150,0,0.3250348337286883,0.5246818277495796,38,middle
38751,151,0,0.9022428255367133,0.32204931572653833,38,middle
38752,152,0,0.5870195834910874,0.4323466035938953,38,middle
38753,153,0,0.9598426723773288,0.28515779808102504,38,middle
38754,154,0,0.3362124485067408,0.460881787155071,38,middle
38755,155,0,0.9537465018134279,0.3162962144119184,38,middle
38756,156,0,0.5597746856090576,0.32661158651044064,38,middle
38757,157,0,0.1405516555577884,0.5392014583212131,38,middle
38758,158,0,0.4855153350746832,0.41002337187845106,38,middle
38759,159,0,0.9735337714347639,0.21167712676740763,38,middle
38760,160,0,0.07832858110570526,0.5046455605748128,38,middle
38761,161,0,0.1082404387293382,0.4525429404535275,38,middle
38762,162,0,0.8728379914330876,0.24147310957994925,38,middle
38763,163,0,0.2992132819784549,0.41648451085571037,38,middle
38764,164,0,0.5178348317198548,0.4354089636913894,38,middle
38765,165,0,0.9282621854324911,0.19389494487952774,38,middle
38766,166,0,0.08494452454107826,0.5078993860192665,38,middle
38767,167,0,0.8770784836734248,0.3199242345304907,38,middle
38768,168,0,0.5052308541828734,0.45877520679629424,38,middle
38769,169,0,0.4932360019561971,0.47971813896370297,38,middle
38770,170,0,0.5103483896847739,0.33984159591907304,38,middle
38771,171,0,0.9573456549081291,0.3548707791450352,38,middle
38772,172,0,0.9901807905773328,0.40214292352510356,38,middle
38773,173,0,0.4865958084893609,0.31830976257317956,38,middle
38774,174,0,0.0625713281622172,0.48304545211460914,38,middle
38775,175,0,0.28931341930960136,0.5011147817349146,38,middle
38776,176,0,0.6324004465795754,0.35461258018587627,38,middle
38777,177,0,0.5855808866364598,0.3929808835851337,38,middle
38778,178,0,0.5662930244785397,0.453130716517064,38,middle
38779,179,0,0.4581352866329559,0.35695212612757043,38,middle
38780,180,0,0.3196473425336652,0.4158726165681714,38,middle
38781,181,0,0.40051051772288637,0.37580648770864267,38,middle
38782,182,0,0.07861136811418884,0.4795506411053517,38,middle
38783,183,0,0.5575965335289508,0.39224532925455335,38,middle
38784,184,0,0.18562225461262433,0.46353578181024757,38,middle
38785,185,0,0.8927594553441938,0.4607855323807216,38,middle
38786,186,0,0.05443257691024524,0.5139359636099883,38,middle
38787,187,0,0.1094060232014448,0.39405190072243335,38,middle
38788,188,0,0.34123100567977854,0.4240613968342474,38,middle
38789,189,0,0.7477401714202117,0.313775038944635,38,middle
38790,190,0,0.6569949634064212,0.32505983089621393,38,middle
38791,191,0,0.49683111193246393,0.35202293745169927,38,middle
38792,192,0,0.9657179674804535,0.17744383483194912,38,middle
38793,193,0,0.9140890162351938,0.39103809140119966,38,middle
38794,194,0,0.24185619161079935,0.40519391020600926,38,middle
38795,195,0,0.11259807834327692,0.4152188098162549,38,middle
38796,196,0,0.9297649262755847,0.3996809469273654,38,middle
38797,197,0,0.4817123207839475,0.35837935191854525,38,middle
38798,198,0,0.9801643626515575,0.39507822850445523,38,middle
38799,199,0,0.5603322606970056,0.35661024391303664,38,middle
38800,0,0,0.6776255741272849,0.7265155738328883,38,late
38801,1,0,0.22867487183277363,0.7597894831846885,38,late
38802,2,0,0.3231468931885763,0.651606188931497,38,late
38803,3,0,0.1906499884676478,0.5459013364379148,38,late
38804,4,0,0.5140240610622685,0.6001740421571962,38,late
38805,5,0,0.3289242186626612,0.803744166078429,38,late
38806,6,0,0.5174601928228065,0.5409018509582737,38,late
38807,7,0,0.678478301523461,0.39733859223119483,38,late
38808,8,0,0.31238903584515865,0.44183257696765793,38,late
38809,9,0,0.4541896170968073,0.5943911418240735,38,late
38810,10,0,0.5313578930671703,0.5563849961833436,38,late
38811,11,0,0.6359594463252032,0.4267639445131837,38,late
38812,12,0,0.1387664560110763,0.5463133990308645,38,late
38813,13,0,0.3354463087053253,0.48019894508417776,38,late
38814,14,0,0.14872021733824736,0.5480108639689973,38,late
38815,15,0,0.5180357536760798,0.47675306124968253,38,late
38816,16,0,0.6871041625375175,0.6834180264859563,38,late
38817,17,0,0.5655426972869916,0.5977844884811248,38,late
38818,18,0,0.8841773775548525,0.3847830662897216,38,late
38819,19,0,0.4745403901893906,0.3462733375685947,38,late
38820,20,0,0.7845409984535611,0.6811370662829631,38,late
38821,21,0,0.8640526815234106,0.37563553884384915,38,late
38822,22,0,0.8590949312479148,0.5172480904185734,38,late
38823,23,0,0.6251668283936356,0.47370129176498355,38,late
38824,24,0,0.8595445914020285,0.50903211215241,38,late
38825,25,0,0.49115376078769335,0.5317410157964454,38,late
38826,26,0,0.8930550795626512,0.3551393578100296,38,late
38827,27,0,0.33758013966429745,0.41818418895317455,38,late
38828,28,0,0.10870980554459667,0.5131460161569924,38,late
38829,29,0,0.8191252019981305,0.6484879139273735,38,late
38830,30,0,0.41539522579658433,0.6171866900035705,38,late
38831,31,0,0.7688429066523244,0.6648761036135806,38,late
38832,32,0,0.6028292941652713,0.4455633445048913,38,late
38833,33,0,0.3240737872344274,0.6959112023773872,38,late
38834,34,0,0.4021151852562719,0.4780750056839023,38,late
38835,35,0,0.623306847091709,0.42511091207343354,38,late
38836,36,0,0.7150739323814257,0.6018447659084604,38,late
38837,37,0,0.29615307655520284,0.6918389292164322,38,late
38838,38,0,0.7364566242588733,0.3468518732416177,38,late
38839,39,0,0.5586535280373323,0.5539514218378454,38,late
38840,40,0,0.5649425329163096,0.41364222180098764,38,late
38841,41,0,0.33235309397394436,0.6332092528600496,38,late
38842,42,0,0.5660063130930468,0.5258473082269461,38,late
38843,43,0,0.4818647513990352,0.4674012188324528,38,late
38844,44,0,0.44571234808760607,0.44996594968976894,38,late
38845,45,0,0.4199212105527529,0.29244487725025575,38,late
38846,46,0,0.5257088642433494,0.4519885796573389,38,late
38847,47,0,0.49302608528372127,0.7600854011101108,38,late
38848,48,0,0.5207768357197746,0.42919765499911466,38,late
38849,49,0,0.4136666586174699,0.42130808478030335,38,late
38850,50,0,0.8323420667488607,0.5802786205147381,38,late
38851,51,0,0.5307215361727806,0.5482311428116603,38,late
38852,52,0,0.8077592044301642,0.4107524426404239,38,late
38853,53,0,0.33868782875853076,0.6808948278113831,38,late
38854,54,0,0.7039836534334349,0.43161157298156405,38,late
38855,55,0,0.5088409395244153,0.6077252397963411,38,late
38856,56,0,0.6914588213388283,0.4194615694216107,38,late
38857,57,0,0.5019275161148834,0.5241065672876295,38,late
38858,58,0,0.8480270574608445,0.43715786186993844,38,late
38859,59,0,0.21306432450657942,0.5632919926185287,38,late
38860,60,0,0.6533027445026209,0.2892875833214503,38,late
38861,61,0,0.5503716289940284,0.41145556242736364,38,late
38862,62,0,0.8793945381518025,0.46122795433919617,38,late
38863,63,0,0.4785105873489756,0.445998285305513,38,late
38864,64,0,0.7199609280036297,0.4304428561370237,38,late
38865,65,0,0.49487079686605173,0.5549714263899649,38,late
38866,66,0,0.4308289283402155,0.5574090094007272,38,late
38867,67,0,0.6778731200425154,0.4098572511097026,38,late
38868,68,0,0.6439243164773112,0.40152724744215795,38,late
38869,69,0,0.6641816965206224,0.4486664431831653,38,late
38870,70,0,0.8297894704071176,0.29182339289763604,38,late
38871,71,0,0.4592928261185674,0.5209487232349677,38,late
38872,72,0,0.4750033152042372,0.48172163237631005,38,late
38873,73,0,0.588823819963676,0.4734068745384602,38,late
38874,74,0,0.4669463584741687,0.5273805692970484,38,late
38875,75,0,0.48637461013337246,0.3944959631640119,38,late
38876,76,0,0.22782183431178013,0.5733902327105143,38,late
38877,77,0,0.48458067983293135,0.41656912960787007,38,late
38878,78,0,0.5483653199201663,0.37990669696027557,38,late
38879,79,0,0.393446978564768,0.6686496661290646,38,late
38880,80,0,0.42580885141584535,0.6446485296649143,38,late
38881,81,0,0.214419843146219,0.5727579340665987,38,late
38882,82,0,0.468066809138199,0.31720860804559325,38,late
38883,83,0,0.5834091166625783,0.3425531692045999,38,late
38884,84,0,0.8568347640917067,0.3648562790718548,38,late
38885,85,0,0.9308564119765581,0.5772617230727357,38,late
38886,86,0,0.36888770591056785,0.46685721083181764,38,late
38887,87,0,0.5053157167785676,0.6058599799113862,38,late
38888,88,0,0.31231721019065745,0.650927053160264,38,late
38889,89,0,0.9013799556541093,0.5434410558735354,38,late
38890,90,0,0.9122473518336898,0.40847815152348693,38,late
38891,91,0,0.7678730818451609,0.3264473878338199,38,late
38892,92,0,0.5390238805054229,0.5056446330322217,38,late
38893,93,0,0.5900427994063998,0.5645432696462549,38,late
38894,94,0,0.3030882995115685,0.40840009582996245,38,late
38895,95,0,0.748655886382505,0.2979479238388526,38,late
38896,96,0,0.7210512413644198,0.4431850914262427,38,late
38897,97,0,0.288940033144732,0.3129450741436946,38,late
38898,98,0,0.6495792104852648,0.4338596356696852,38,late
38899,99,0,0.1630457300399687,0.6015456551460088,38,late
38900,100,0,0.6269626158449134,0.6311796006654204,38,late
38901,101,0,0.8257854064817193,0.2682946328706344,38,late
38902,102,0,0.5455367107493153,0.41968322058526275,38,late
38903,103,0,0.4320719214204587,0.3793909947203461,38,late
38904,104,0,0.5428298638541069,0.5207309504055065,38,late
38905,105,0,0.9064209680516347,0.4571806860174168,38,late
38906,106,0,0.7940050461160313,0.38039038214969745,38,late
38907,107,0,0.9604386693715947,0.27532100472036203,38,late
38908,108,0,0.47093141529257854,0.732436654073616,38,late
38909,109,0,0.5418234533884015,0.6079571791752321,38,late
38910,110,0,0.8226692952122086,0.3123163017092779,38,late
38911,111,0,0.5248891277436649,0.4742251133379386,38,late
38912,112,0,0.8903981951571264,0.39144028889641497,38,late
38913,113,0,0.9472108344500887,0.39225513929010725,38,late
38914,114,0,0.5289056903612172,0.57199108993486,38,late
38915,115,0,0.8031340596753762,0.3268233030692146,38,late
38916,116,0,0.6107094053592425,0.4684707809749331,38,late
38917,117,0,0.9671505839257045,0.24122488329227515,38,late
38918,118,0,0.26999888773659475,0.555826011186773,38,late
38919,119,0,0.6388677238522841,0.5600009208457526,38,late
38920,120,0,0.5845315680304817,0.6892382290670895,38,late
38921,121,0,0.06593837327689836,0.46975251721088707,38,late
38922,122,0,0.5024094245256358,0.6205609370040625,38,late
38923,123,0,0.23890489595432868,0.4505321659203966,38,late
38924,124,0,0.46689944352630297,0.46539859877635437,38,late
38925,125,0,0.10775470938105271,0.6070486187314847,38,late
38926,126,0,0.43319699073047313,0.7646238710272579,38,late
38927,127,0,0.7896950331235144,0.4309520340179707,38,late
38928,128,0,0.6620520044863684,0.38943258465185243,38,late
38929,129,0,0.268856674712167,0.5435152534586223,38,late
38930,130,0,0.5533631683232252,0.427122447846463,38,late
38931,131,0,0.3511218665307478,0.5314537552076223,38,late
38932,132,0,0.35608356936392427,0.4909020423518759,38,late
38933,133,0,0.6496939002770684,0.3603279010583149,38,late
38934,134,0,0.5812186658426488,0.3238003232610748,38,late
38935,135,0,0.4625167922204128,0.4732960978745878,38,late
38936,136,0,0.1557763622123972,0.3926987465718493,38,late
38937,137,0,0.12837400441043473,0.5387477417729348,38,late
38938,138,0,0.3129592386438069,0.7273594978307698,38,late
38939,139,0,0.5297572706663516,0.35612557298601216,38,late
38940,140,0,0.6049399339061886,0.36679852184606454,38,late
38941,141,0,0.3116586993629425,0.4597186003108268,38,late
38942,142,0,0.5784274107364893,0.3574310077457904,38,late
38943,143,0,0.29215802549235836,0.3807638366757854,38,late
38944,144,0,0.43535065852725086,0.4593976062278868,38,late
38945,145,0,0.4693771865553986,0.36840384376432944,38,late
38946,146,0,0.8758393920920977,0.39845726604819276,38,late
38947,147,0,0.2333545840010502,0.45171684890249636,38,late
38948,148,0,0.38712040995690644,0.5011791227874591,38,late
38949,149,0,0.49841422041571903,0.4886956541857739,38,late
38950,150,0,0.339777359850441,0.5450697632980073,38,late
38951,151,0,0.6575427772224083,0.5174754914411688,38,late
38952,152,0,0.43289665799795,0.29930634044649485,38,late
38953,153,0,0.23887504928492348,0.4763982625393681,38,late
38954,154,0,0.48956789315116567,0.4537927911220727,38,late
38955,155,0,0.43406972508018815,0.4101352560885196,38,late
38956,156,0,0.6418522833948268,0.4092869776792407,38,late
38957,157,0,0.5546032397195657,0.39604849084043925,38,late
38958,158,0,0.3263620228603967,0.40188678914760523,38,late
38959,159,0,0.8354494267194676,0.4613393714633316,38,late
38960,160,0,0.9069906140680188,0.31868885539235947,38,late
38961,161,0,0.4992807163365044,0.4322829865673131,38,late
38962,162,0,0.31095277848851277,0.5166737689862371,38,late
38963,163,0,0.42304447425616776,0.4854657309031566,38,late
38964,164,0,0.48452339306325104,0.44833694542675784,38,late
38965,165,0,0.43323048897324934,0.33798556964052573,38,late
38966,166,0,0.6608448402384298,0.5197307945174123,38,late
38967,167,0,0.8580633766982015,0.33706977447344544,38,late
38968,168,0,0.4300873068556253,0.5083768950031144,38,late
38969,169,0,0.6575448933816088,0.38251304977591616,38,late
38970,170,0,0.7026178764783364,0.30817098382771013,38,late
38971,171,0,0.2898603549129061,0.5303469015087522,38,late
38972,172,0,0.49072660317724026,0.4466880266024305,38,late
38973,173,0,0.34525082929598727,0.5212974252028209,38,late
38974,174,0,0.37666992316846326,0.4294711654377525,38,late
38975,175,0,0.2996110841648545,0.3916506215781921,38,late
38976,176,0,0.6321295247632346,0.4480387991637184,38,late
38977,177,0,0.22022480622439927,0.559093755592079,38,late
38978,178,0,0.7798655276705688,0.42649139215679027,38,late
38979,179,0,0.7768422462426448,0.32893579595414,38,late
38980,180,0,0.39891501576328103,0.2838985477818685,38,late
38981,181,0,0.31104254152872146,0.44536884562220425,38,late
38982,182,0,0.6072430318602338,0.2671064756859006,38,late
38983,183,0,0.38942691704543514,0.5785313303904469,38,late
38984,184,0,0.8363892064587924,0.3070889804006874,38,late
38985,185,0,0.10885253555461444,0.4547569397533987,38,late
38986,186,0,0.46395472944111593,0.3775264808961739,38,late
38987,187,0,0.6396484047436308,0.45107372127698053,38,late
38988,188,0,0.8998135744259206,0.47143715240014916,38,late
38989,189,0,0.9692336452028691,0.38060607190117957,38,late
38990,190,0,0.3945223389668623,0.6140849920765228,38,late
38991,191,0,0.8972527922222027,0.35189757907254204,38,late
38992,192,0,0.511198240781574,0.46462429969658525,38,late
38993,193,0,0.35596524681324454,0.42130210505706867,38,late
38994,194,0,0.5806278583691157,0.3808343939921234,38,late
38995,195,0,0.6985652802203133,0.37964209548949934,38,late
38996,196,0,0.5102789463339392,0.4411036483472989,38,late
38997,197,0,0.8842689334275362,0.4487163644361184,38,late
38998,198,0,0.3234923770318495,0.34527799155550526,38,late
38999,199,0,0.5451239005045669,0.31260938478378,38,late
39000,0,0,0.9349979674644056,0.5551503934707471,39,interleaved
39001,1,0,0.26927301549879223,0.7724852819285766,39,interleaved
39002,2,0,0.8629367467296138,0.5016725233905965,39,interleaved
39003,3,0,0.26927413155011604,0.5127856193103343,39,interleaved
39004,4,0,0.601722427139647,0.4679862873187116,39,interleaved
39005,5,0,0.5767962329261009,0.5367891194429483,39,interleaved
39006,6,0,0.6436726396822202,0.45866747144689746,39,interleaved
39007,7,0,0.6629221758466602,0.36622529299590534,39,interleaved
39008,8,0,0.4737644139866649,0.4484456956910421,39,interleaved
39009,9,0,0.7635358275321449,0.4324103048908291,39,interleaved
39010,10,0,0.8295111847295629,0.44691829050902765,39,interleaved
39011,11,0,0.4384787501884408,0.5859412474215745,39,interleaved
39012,12,0,0.7403290977364045,0.5064616244343152,39,interleaved
39013,13,0,0.20064322460942507,0.6109528149775436,39,interleaved
39014,14,0,0.8836304569463717,0.35777623128160385,39,interleaved
39015,15,0,0.5014655634785371,0.6166743228472193,39,interleaved
39016,16,0,0.33660464054464456,0.41594607989028853,39,interleaved
39017,17,0,0.40007334917610504,0.604868919462701,39,interleaved
39018,18,0,0.7068685792932241,0.40643973466142497,39,interleaved
39019,19,0,0.7915031618763182,0.4357049485372698,39,interleaved
39020,20,0,0.49701024832299695,0.3602043553634692,39,interleaved
39021,21,0,0.45484850511748554,0.437686434527522,39,interleaved
39022,22,0,0.334610593941522,0.6293455217104333,39,interleaved
39023,23,0,0.42806636766505546,0.5638942659842876,39,interleaved
39024,24,0,0.9188633882425652,0.5468455306065682,39,interleaved
39025,25,0,0.4211676595420778,0.439965922330667,39,interleaved
39026,26,0,0.8874750402353779,0.32505788920122536,39,interleaved
39027,27,0,0.45143022542627176,0.42472226995115936,39,interleaved
39028,28,0,0.4243164825594394,0.42434125414648466,39,interleaved
39029,29,0,0.5464652629475832,0.3991616736149274,39,interleaved
39030,30,0,0.8309226714680206,0.2749187708901648,39,interleaved
39031,31,0,0.5103139812818659,0.3739940760931938,39,interleaved
39032,32,0,0.30305176987512217,0.5629359143337287,39,interleaved
39033,33,0,0.36378383534931136,0.5028664822555252,39,interleaved
39034,34,0,0.6871007909647697,0.8903394163797739,39,interleaved
39035,35,0,0.3350111383468721,0.48545102910352217,39,interleaved
39036,36,0,0.9430759578078391,0.5027168820568524,39,interleaved
39037,37,0,0.47127281632435825,0.4706285821482987,39,interleaved
39038,38,0,0.8995524984912834,0.39073768377220147,39,interleaved
39039,39,0,0.5081648784938422,0.4580738893678302,39,interleaved
39040,40,0,0.1516922255010374,0.5176189485441662,39,interleaved
39041,41,0,0.7021938760989996,0.42600754768518256,39,interleaved
39042,42,0,0.6270566973996978,0.3640169092391059,39,interleaved
39043,43,0,0.42397484946187664,0.4037609365926249,39,interleaved
39044,44,0,0.29654908250976997,0.7657527188818911,39,interleaved
39045,45,0,0.1286812688936776,0.5497872191283005,39,interleaved
39046,46,0,0.8284539837200158,0.4869352287647369,39,interleaved
39047,47,0,0.7471194920113389,0.3479862223702601,39,interleaved
39048,48,0,0.9260286024630519,0.4280359243514136,39,interleaved
39049,49,0,0.2788317640897144,0.389705041233786,39,interleaved
39050,50,0,0.40011256550607255,0.4173375513144434,39,interleaved
39051,51,0,0.7576035833516761,0.365978184849037,39,interleaved
39052,52,0,0.3265449709954309,0.4201118480885634,39,interleaved
39053,53,0,0.9456044455090622,0.44574173831268515,39,interleaved
39054,54,0,0.4536692728150944,0.5981394738396228,39,interleaved
39055,55,0,0.6685615901568747,0.3710366919105472,39,interleaved
39056,56,0,0.8181163828568001,0.46481591051994653,39,interleaved
39057,57,0,0.30615242900995027,0.3926034327632336,39,interleaved
39058,58,0,0.4791963242038533,0.4330094733266053,39,interleaved
39059,59,0,0.7677721905765584,0.3508188641451099,39,interleaved
39060,60,0,0.385760421172599,0.5751208190881562,39,interleaved
39061,61,0,0.38250896721452804,0.45462813575581895,39,interleaved
39062,62,0,0.42451351650624997,0.4423942126510779,39,interleaved
39063,63,0,0.5732557204136876,0.36338778846119124,39,interleaved
39064,64,0,0.855917225693309,0.3009925138438324,39,interleaved
39065,65,0,0.592082020993087,0.43906917719506433,39,interleaved
39066,66,0,0.7953510755310642,0.34344442328282676,39,interleaved
39067,67,0,0.5431032221538823,0.5655917931643606,39,interleaved
39068,68,0,0.33692315522964644,0.4301291058095683,39,interleaved
39069,69,0,0.8092323889287065,0.3921132893819307,39,interleaved
39070,70,0,0.5939418107247685,0.3625424035685081,39,interleaved
39071,71,0,0.10542020096480716,0.5534721129968687,39,interleaved
39072,72,0,0.14573344689202028,0.3926589222624728,39,interleaved
39073,73,0,0.10069824490838751,0.46545294705394424,39,interleaved
39074,74,0,0.1878336471783234,0.46270876865516886,39,interleaved
39075,75,0,0.5080943088428439,0.4943635525188026,39,interleaved
39076,76,0,0.8517189921963206,0.3273796141694563,39,interleaved
39077,77,0,0.5491079401103013,0.697276971844995,39,interleaved
39078,78,0,0.550063793123142,0.4622210888372099,39,interleaved
39079,79,0,0.4203664085005552,0.440961822552675,39,interleaved
39080,80,0,0.4318320850675299,0.5107600293301137,39,interleaved
39081,81,0,0.11849889053633647,0.4328651645062156,39,interleaved
39082,82,0,0.1902164614558748,0.4576915788751047,39,interleaved
39083,83,0,0.7448961405479704,0.34080077265306885,39,interleaved
39084,84,0,0.6537474138031903,0.34148246719633857,39,interleaved
39085,85,0,0.18655900499177086,0.43687424007310727,39,interleaved
39086,86,0,0.49590230416068615,0.36970189492705774,39,interleaved
39087,87,0,0.606936511043314,0.48088215399953116,39,interleaved
39088,88,0,0.1453154384189761,0.5668702806401114,39,interleaved
39089,89,0,0.6241926281289877,0.31020978971739477,39,interleaved
39090,90,0,0.1856998688067226,0.4119097315236662,39,interleaved
39091,91,0,0.1785195544690906,0.4113426207519521,39,interleaved
39092,92,0,0.689194365241862,0.3938520162197908,39,interleaved
39093,93,0,0.5138410369231365,0.553301564757206,39,interleaved
39094,94,0,0.8967252770195098,0.28434072472190797,39,interleaved
39095,95,0,0.366998480883997,0.3548929923982064,39,interleaved
39096,96,0,0.8789816400061907,0.3911709055372226,39,interleaved
39097,97,0,0.584326181745223,0.4247332504825905,39,interleaved
39098,98,0,0.6961959296257063,0.35813549056140415,39,interleaved
39099,99,0,0.7590425502793867,0.3410804724406138,39,interleaved
39100,100,0,0.6226184585496288,0.4689575442066274,39,interleaved
39101,101,0,0.589250782651999,0.40923276652444474,39,interleaved
39102,102,0,0.22498186244816654,0.41043999531613357,39,interleaved
39103,103,0,0.7172122357291404,0.3559994706278631,39,interleaved
39104,104,0,0.9027491288256524,0.3910438292240885,39,interleaved
39105,105,0,0.3383253374492295,0.471719774162769,39,interleaved
39106,106,0,0.17514984386966573,0.39878330615248025,39,interleaved
39107,107,0,0.6186420414274285,0.47852580360788466,39,interleaved
39108,108,0,0.45214597682769947,0.5186812136812954,39,interleaved
39109,109,0,0.7866582099460941,0.2959067989729267,39,interleaved
39110,110,0,0.7857218449601739,0.3685630818909327,39,interleaved
39111,111,0,0.6395367112290447,0.42751977234975935,39,interleaved
39112,112,0,0.5613007926602374,0.44119263237403283,39,interleaved
39113,113,0,0.7546475239729398,0.4318985770867874,39,interleaved
39114,114,0,0.8278347431195021,0.37215334422790153,39,interleaved
39115,115,0,0.4636374804500902,0.5225498978720838,39,interleaved
39116,116,0,0.9679810751480944,0.3291944247665711,39,interleaved
39117,117,0,0.5851822668126864,0.43069724610297516,39,interleaved
39118,118,0,0.46390885942077675,0.6971643581191209,39,interleaved
39119,119,0,0.28521675356167614,0.38094804707484087,39,interleaved
39120,120,0,0.2838038894730047,0.4792258489196894,39,interleaved
39121,121,0,0.7580789471739184,0.3182967687100613,39,interleaved
39122,122,0,0.8093052606982507,0.28266723419551376,39,interleaved
39123,123,0,0.5690199818752916,0.2477427709834899,39,interleaved
39124,124,0,0.4473363935808275,0.3695426364693474,39,interleaved
39125,125,0,0.5223446655774318,0.5341197640437196,39,interleaved
39126,126,0,0.49400166091896036,0.4736725784111372,39,interleaved
39127,127,0,0.5560504118579752,0.31238456093187167,39,interleaved
39128,128,0,0.4641014047937718,0.4643854795720131,39,interleaved
39129,129,0,0.9165522059424642,0.3001137537567652,39,interleaved
39130,130,0,0.5776004719752809,0.2780064589137336,39,interleaved
39131,131,0,0.6870844449131067,0.35385892793403495,39,interleaved
39132,132,0,0.24207047190278547,0.3773107174022088,39,interleaved
39133,133,0,0.9236874272217249,0.2851535052943527,39,interleaved
39134,134,0,0.48943388206483085,0.32972471402318787,39,interleaved
39135,135,0,0.06297176296050233,0.5079779116916776,39,interleaved
39136,136,0,0.7636200973280541,0.42923730012136796,39,interleaved
39137,137,0,0.47153112602978764,0.43498534179587184,39,interleaved
39138,138,0,0.8754296111667975,0.3563630869215986,39,interleaved
39139,139,0,0.5147656139036024,0.41878083709074887,39,interleaved
39140,140,0,0.9360702934779261,0.42843790050536595,39,interleaved
39141,141,0,0.5038635240151111,0.41751784315166585,39,interleaved
39142,142,0,0.9830903679438745,0.3677183366092795,39,interleaved
39143,143,0,0.502605684901761,0.33949472120141033,39,interleaved
39144,144,0,0.9643131869890522,0.25396766088857226,39,interleaved
39145,145,0,0.5484787259561229,0.39176366020787157,39,interleaved
39146,146,0,0.6240026352830755,0.4536421602861682,39,interleaved
39147,147,0,0.4074221912645368,0.4749030872664546,39,interleaved
39148,148,0,0.5423405929580623,0.46925766775431543,39,interleaved
39149,149,0,0.6024541566946058,0.3831304312784062,39,interleaved
39150,150,0,0.5991832220588876,0.46008908420413414,39,interleaved
39151,151,0,0.6483618021485129,0.2963810453913345,39,interleaved
39152,152,0,0.8284388974120582,0.40314606012209575,39,interleaved
39153,153,0,0.40272398814436794,0.36648566793060944,39,interleaved
39154,154,0,0.181747751856764,0.3647181534846783,39,interleaved
39155,155,0,0.5325407338750371,0.4349566162862201,39,interleaved
39156,156,0,0.8540239141164703,0.525847049099188,39,interleaved
39157,157,0,0.6549293727552985,0.3383562630858795,39,interleaved
39158,158,0,0.8520516179671498,0.3796541866194146,39,interleaved
39159,159,0,0.291570985999067,0.5829939044038099,39,interleaved
39160,160,0,0.5972410760172941,0.3886746835093229,39,interleaved
39161,161,0,0.9268536330204854,0.3094338255546281,39,interleaved
39162,162,0,0.9987223315693081,0.28656520008861597,39,interleaved
39163,163,0,0.52560939268229,0.3730961615900379,39,interleaved
39164,164,0,0.7862063127184697,0.4169652725554238,39,interleaved
39165,165,0,0.5430528508452008,0.3749884467061759,39,interleaved
39166,166,0,0.5303466720143029,0.3548255810133578,39,interleaved
39167,167,0,0.527618720691703,0.4148187364391793,39,interleaved
39168,168,0,0.31684298713321263,0.36774969940903796,39,interleaved
39169,169,0,0.32917924202482773,0.49739612360752594,39,interleaved
39170,170,0,0.4536395032340632,0.4505845238717263,39,interleaved
39171,171,0,0.30640002702103697,0.5835892216550855,39,interleaved
39172,172,0,0.20280914838476918,0.4175571747137835,39,interleaved
39173,173,0,0.5345687773159615,0.43638647884154436,39,interleaved
39174,174,0,0.966201502422145,0.3357616615594494,39,interleaved
39175,175,0,0.9859567920230795,0.31887146015385226,39,interleaved
39176,176,0,0.48892661723396735,0.29768593354494616,39,interleaved
39177,177,0,0.30357813666152605,0.3756272604145169,39,interleaved
39178,178,0,0.5917764640724872,0.32326896688755025,39,interleaved
39179,179,0,0.2321306572391265,0.411706359151534,39,interleaved
39180,180,0,0.11525333026873244,0.42927842638196995,39,interleaved
39181,181,0,0.9404969780937193,0.3548261944477168,39,interleaved
39182,182,0,0.8781541213711297,0.32878390656570283,39,interleaved
39183,183,0,0.4106298504981906,0.4962655211261411,39,interleaved
39184,184,0,0.989891881973674,0.3054040469495412,39,interleaved
39185,185,0,0.42409977761678247,0.41515455187655886,39,interleaved
39186,186,0,0.48879767147132075,0.40908677650791336,39,interleaved
39187,187,0,0.2031644060632214,0.33534010293760985,39,interleaved
39188,188,0,0.7470658029700772,0.4785840283892607,39,interleaved
39189,189,0,0.8019770652791793,0.34481600233440624,39,interleaved
39190,190,0,0.49632148093364564,0.3389341552937616,39,interleaved
39191,191,0,0.07298207442102224,0.35250043913537776,39,interleaved
39192,192,0,0.4601148192559158,0.3664284809395123,39,interleaved
39193,193,0,0.4778904642186414,0.31432070130014245,39,interleaved
39194,194,0,0.8029676315818524,0.3469335992506779,39,interleaved
39195,195,0,0.5288001651732952,0.2759204890067005,39,interleaved
39196,196,0,0.5053135433266139,0.5885678678937909,39,interleaved
39197,197,0,0.42557713563968413,0.4426698755020342,39,interleaved
39198,198,0,0.26630728534955317,0.3271175865980731,39,interleaved
39199,199,0,0.431088025128308,0.2787164067889576,39,interleaved
39200,0,0,0.5421735209232553,0.685083309090776,39,blocked
39201,1,0,0.4888221731020425,0.5888052136791442,39,blocked
39202,2,0,0.593525649891312,0.5657553041311394,39,blocked
39203,3,0,0.4090113444705591,0.5405131588707952,39,blocked
39204,4,0,0.7227738654139493,0.4868998994671794,39,blocked
39205,5,0,0.6045153777052729,0.6177658629934207,39,blocked
39206,6,0,0.25316802357728907,0.5258520947615131,39,blocked
39207,7,0,0.3564417696203172,0.5218192009244588,39,blocked
39208,8,0,0.46467420931893716,0.6192070232625413,39,blocked
39209,9,0,0.705397473951244,0.42892331450006904,39,blocked
39210,10,0,0.4060440359872856,0.5542175225754469,39,blocked
39211,11,0,0.5681537667243165,0.359377689586195,39,blocked
39212,12,0,0.21778959540697657,0.40714279022020594,39,blocked
39213,13,0,0.33302044259601193,0.5702027264579093,39,blocked
39214,14,0,0.4678601292831952,0.4758122461118226,39,blocked
39215,15,0,0.6351455854021344,0.3637727111755028,39,blocked
39216,16,0,0.8172714177639857,0.4683551747051079,39,blocked
39217,17,0,0.5647179486270513,0.35967420379489945,39,blocked
39218,18,0,0.5355129915431532,0.6838917298017118,39,blocked
39219,19,0,0.6317063493961801,0.4049911644798157,39,blocked
39220,20,0,0.6334934262323408,0.5275760385836787,39,blocked
39221,21,0,0.39135273492389644,0.3981020504774493,39,blocked
39222,22,0,0.2587625473170373,0.41945759988214965,39,blocked
39223,23,0,0.3124532992797477,0.46941785129633457,39,blocked
39224,24,0,0.19752310179195418,0.5464685888405384,39,blocked
39225,25,0,0.565861347083803,0.3772161809134682,39,blocked
39226,26,0,0.4444121410022993,0.439884474463331,39,blocked
39227,27,0,0.6634608873983927,0.37084943295518147,39,blocked
39228,28,0,0.763653547766268,0.36011485098246654,39,blocked
39229,29,0,0.7046243954766199,0.3532577515217332,39,blocked
39230,30,0,0.843016303509561,0.4600883921294897,39,blocked
39231,31,0,0.16349379124723057,0.4540364458751109,39,blocked
39232,32,0,0.45216733930305975,0.516905027935659,39,blocked
39233,33,0,0.5754455791190454,0.48304113153129125,39,blocked
39234,34,0,0.5495008079770259,0.43222352156642085,39,blocked
39235,35,0,0.273736864300707,0.3921187151536896,39,blocked
39236,36,0,0.25662614543976525,0.3848039045248074,39,blocked
39237,37,0,0.5056063060977265,0.4650384652770481,39,blocked
39238,38,0,0.43157546548186265,0.3868302076923119,39,blocked
39239,39,0,0.5054465980015859,0.7599522428015129,39,blocked
39240,40,0,0.6925343076196727,0.3712339294913912,39,blocked
39241,41,0,0.5482049702827181,0.33956389014268606,39,blocked
39242,42,0,0.33466999732729974,0.5782063189657369,39,blocked
39243,43,0,0.09723738789230797,0.5071593187948629,39,blocked
39244,44,0,0.807440246799355,0.555799788663256,39,blocked
39245,45,0,0.5696446676412893,0.5055232531814438,39,blocked
39246,46,0,0.08229035890378242,0.40657119487811827,39,blocked
39247,47,0,0.8340885364165693,0.3725400084507863,39,blocked
39248,48,0,0.020278572206820215,0.6218029842458155,39,blocked
39249,49,0,0.540488205697901,0.49737690140585583,39,blocked
39250,50,0,0.5388672868385336,0.5198600478440247,39,blocked
39251,51,0,0.6410561788035678,0.49771755567612896,39,blocked
39252,52,0,0.2086738797363918,0.45387960082422407,39,blocked
39253,53,0,0.7023599667065876,0.3266716918684782,39,blocked
39254,54,0,0.7780610365008654,0.4163956889031579,39,blocked
39255,55,0,0.1597969044837056,0.35454916053699864,39,blocked
39256,56,0,0.4236991466430444,0.4308703716800727,39,blocked
39257,57,0,0.5228749813869096,0.5291638989202151,39,blocked
39258,58,0,0.7358179554222799,0.446336204359421,39,blocked
39259,59,0,0.13764787776509893,0.5468333223987228,39,blocked
39260,60,0,0.5547172502260558,0.35439161159729415,39,blocked
39261,61,0,0.1445332305045382,0.4805523777891822,39,blocked
39262,62,0,0.7954605781446796,0.4560756322137751,39,blocked
39263,63,0,0.27319063486008544,0.23967231675014122,39,blocked
39264,64,0,0.6266983851333512,0.40885974561100696,39,blocked
39265,65,0,0.31317877537540667,0.2672834749524649,39,blocked
39266,66,0,0.3074401582257098,0.6157670457262434,39,blocked
39267,67,0,0.38424973844820987,0.47861103989220777,39,blocked
39268,68,0,0.46555674432174776,0.4114906763968845,39,blocked
39269,69,0,0.53994267414027,0.39509312916563344,39,blocked
39270,70,0,0.40896529389967307,0.4729735716174761,39,blocked
39271,71,0,0.6556553596656964,0.4073539062657482,39,blocked
39272,72,0,0.11407374932121157,0.44555165035640254,39,blocked
39273,73,0,0.3963359483160859,0.36630341077500533,39,blocked
39274,74,0,0.10643151594866784,0.5576798426556666,39,blocked
39275,75,0,0.6006082942505868,0.38182852704827774,39,blocked
39276,76,0,0.039657830103692615,0.6711393982309597,39,blocked
39277,77,0,0.7614655697348147,0.3758669776689333,39,blocked
39278,78,0,0.8048022742503437,0.33286379456845394,39,blocked
39279,79,0,0.11295843848162823,0.3903402435505859,39,blocked
39280,80,0,0.20695944895038973,0.46878330527517154,39,blocked
39281,81,0,0.7456148880352762,0.44767569408874797,39,blocked
39282,82,0,0.7223089088080472,0.2549405982934355,39,blocked
39283,83,0,0.3067276505423576,0.5873602322468439,39,blocked
39284,84,0,0.22268525196044694,0.4945889786466154,39,blocked
39285,85,0,0.3931909724713687,0.44515029883668344,39,blocked
39286,86,0,0.2641757615360635,0.5163550593472125,39,blocked
39287,87,0,0.564180887034507,0.4750648224520726,39,blocked
39288,88,0,0.45440546790710745,0.505971747683897,39,blocked
39289,89,0,0.5064850217197034,0.5515178488020871,39,blocked
39290,90,0,0.6943293589343469,0.38945786223969653,39,blocked
39291,91,0,0.45235911165255505,0.3759354693775696,39,blocked
39292,92,0,0.8336974770070781,0.41524442375696424,39,blocked
39293,93,0,0.2065961281757033,0.4993023946543482,39,blocked
39294,94,0,0.6017702143104222,0.3545338801867367,39,blocked
39295,95,0,0.5624382725304768,0.5522540945080053,39,blocked
39296,96,0,0.166227098551423,0.4906823191344538,39,blocked
39297,97,0,0.6393549081156189,0.48698687317250966,39,blocked
39298,98,0,0.4179107080297962,0.3368939871656067,39,blocked
39299,99,0,0.46024372060410923,0.4506814455724134,39,blocked
39300,100,0,0.137255595881196,0.3376774454262046,39,blocked
39301,101,0,0.49357076401663624,0.3355047546659225,39,blocked
39302,102,0,0.44697470754159574,0.35764333290151173,39,blocked
39303,103,0,0.6902354353410728,0.39246785461386785,39,blocked
39304,104,0,0.8858497066572506,0.3391635357545816,39,blocked
39305,105,0,0.2623019003314764,0.6273273567410883,39,blocked
39306,106,0,0.8248525439801407,0.5854127247477598,39,blocked
39307,107,0,0.43109603747163366,0.5141661140991953,39,blocked
39308,108,0,0.30254908809138176,0.5263987385844374,39,blocked
39309,109,0,0.5210165439881048,0.35234630108028875,39,blocked
39310,110,0,0.4713318312240562,0.30148780638178857,39,blocked
39311,111,0,0.36448800517611074,0.434580948324667,39,blocked
39312,112,0,0.3227479943233724,0.5948280842309699,39,blocked
39313,113,0,0.4630052969729216,0.4160469288469803,39,blocked
39314,114,0,0.6358806327071396,0.32137591212057914,39,blocked
39315,115,0,0.42847197810108384,0.362855830304914,39,blocked
39316,116,0,0.49817946969441795,0.5510463471125614,39,blocked
39317,117,0,0.3349372222300731,0.43099014250065126,39,blocked
39318,118,0,0.9158953798586926,0.43419885223004007,39,blocked
39319,119,0,0.5484693759518386,0.3691132643941327,39,blocked
39320,120,0,0.42031069442629415,0.4576875590758099,39,blocked
39321,121,0,0.49686718769396393,0.38831896677661815,39,blocked
39322,122,0,0.3887903065806297,0.6146231939990274,39,blocked
39323,123,0,0.5192559313789127,0.40470729878944844,39,blocked
39324,124,0,0.20591713056470037,0.5580608512327274,39,blocked
39325,125,0,0.5444084731941334,0.355883633174071,39,blocked
39326,126,0,0.8411358793239133,0.36293680354862684,39,blocked
39327,127,0,0.26226178990786975,0.423366118408564,39,blocked
39328,128,0,0.11704911249156727,0.5131625266928812,39,blocked
39329,129,0,0.2508166696562365,0.40039957599863574,39,blocked
39330,130,0,0.6813723766480436,0.49010048455495436,39,blocked
39331,131,0,0.8760361946161195,0.3133994171554032,39,blocked
39332,132,0,0.9678841068433288,0.4889963792299372,39,blocked
39333,133,0,0.1039451208477839,0.5146419451795521,39,blocked
39334,134,0,0.03926962659292767,0.44651113027321754,39,blocked
39335,135,0,0.2535677409962408,0.35851983242329855,39,blocked
39336,136,0,0.38725066754872206,0.4743443809953363,39,blocked
39337,137,0,0.2614266010898757,0.42167262915845377,39,blocked
39338,138,0,0.8937188150251373,0.45069521735955376,39,blocked
39339,139,0,0.44353660404202805,0.34914112434833255,39,blocked
39340,140,0,0.7461318691522004,0.4421056409292368,39,blocked
39341,141,0,0.4834765148814875,0.3842903569843379,39,blocked
39342,142,0,0.49381949409820225,0.3029700848888055,39,blocked
39343,143,0,0.8717143626540886,0.3382522784625646,39,blocked
39344,144,0,0.5674228012613437,0.6322746334031242,39,blocked
39345,145,0,0.5463471662322,0.4847568156444191,39,blocked
39346,146,0,0.29089710502341914,0.4689184756442699,39,blocked
39347,147,0,0.650907983065429,0.3722429555254966,39,blocked
39348,148,0,0.4269017143228517,0.48027118032779526,39,blocked
39349,149,0,0.7205866016954767,0.5117252021148783,39,blocked
39350,150,0,0.08605661734458257,0.4260854025658226,39,blocked
39351,151,0,0.4867894970988862,0.34953876356374614,39,blocked
39352,152,0,0.30766164312987904,0.2794543749645534,39,blocked
39353,153,0,0.5942033907406592,0.42791750509675897,39,blocked
39354,154,0,0.4021308457557652,0.27372566457000624,39,blocked
39355,155,0,0.7887840559661485,0.39734985367528874,39,blocked
39356,156,0,0.47339289947292895,0.5168160804875865,39,blocked
39357,157,0,0.6225569405348619,0.43901229122381746,39,blocked
39358,158,0,0.09001385130116536,0.38402260701833335,39,blocked
39359,159,0,0.6474117397551655,0.3926533455663097,39,blocked
39360,160,0,0.31608788705265345,0.4244187166376224,39,blocked
39361,161,0,0.9253960410643784,0.6336867099238987,39,blocked
39362,162,0,0.8254529989074746,0.31739276883123346,39,blocked
39363,163,0,0.6561017718892332,0.2536026915062023,39,blocked
39364,164,0,0.7326274921006717,0.3377987251869613,39,blocked
39365,165,0,0.4654093046973511,0.512135100958496,39,blocked
39366,166,0,0.3741941249789073,0.5244599562800278,39,blocked
39367,167,0,0.2377770875439913,0.2852985055243676,39,blocked
39368,168,0,0.11517242196545324,0.5668975366278397,39,blocked
39369,169,0,0.40555702078884803,0.47575096606037925,39,blocked
39370,170,0,0.7003292770457596,0.3552893277401709,39,blocked
39371,171,0,0.35478482291765734,0.6102970997451309,39,blocked
39372,172,0,0.7593039966157225,0.2876117193242333,39,blocked
39373,173,0,0.857404901397667,0.39051133355193246,39,blocked
39374,174,0,0.5797512875452578,0.3626006518831963,39,blocked
39375,175,0,0.4519263172219008,0.32003519595453833,39,blocked
39376,176,0,0.5542111916543109,0.3811865582831464,39,blocked
39377,177,0,0.5387028205635502,0.27360157167441745,39,blocked
39378,178,0,0.6374578558977123,0.206205181822186,39,blocked
39379,179,0,0.4584740156682673,0.6898632098775003,39,blocked
39380,180,0,0.32167213181126153,0.5779866142084155,39,blocked
39381,181,0,0.7948496203443884,0.26011782587015503,39,blocked
39382,182,0,0.9194514454519584,0.3212383514249836,39,blocked
39383,183,0,0.3896423984578517,0.4284368556500865,39,blocked
39384,184,0,0.5993886948225562,0.3562165208327933,39,blocked
39385,185,0,0.22647274989079338,0.3932920845346488,39,blocked
39386,186,0,0.6741133572698095,0.42428495174676983,39,blocked
39387,187,0,0.7848126674821292,0.30158879861969023,39,blocked
39388,188,0,0.34340079858970557,0.3038103308665132,39,blocked
39389,189,0,0.594905768799227,0.3936756886250843,39,blocked
39390,190,0,0.07312769506754913,0.6023111182639799,39,blocked
39391,191,0,0.3953674723629519,0.37244917731911364,39,blocked
39392,192,0,0.45459065730904685,0.30815487063172575,39,blocked
39393,193,0,0.049761988936281386,0.6917071190987257,39,blocked
39394,194,0,0.4092775126494774,0.3981197735334227,39,blocked
39395,195,0,0.2652746641879291,0.6016064585901625,39,blocked
39396,196,0,0.7417820756409637,0.33248763271900184,39,blocked
39397,197,0,0.4934911228298033,0.41951490206166975,39,blocked
39398,198,0,0.8497092097483507,0.2795634805161388,39,blocked
39399,199,0,0.8226211360766279,0.39232080395717495,39,blocked
39400,0,0,0.993661434424322,0.7827119452039106,39,early
39401,1,0,0.9950230031137306,0.688573112623196,39,early
39402,2,0,0.9951590690304137,0.6350429318642414,39,early
39403,3,0,0.9909387197557447,0.5398222870141358,39,early
39404,4,0,0.9867811647168339,0.5503020080509369,39,early
39405,5,0,0.008104724271427615,0.5070805658359332,39,early
39406,6,0,0.9820575744526739,0.4715563354382,39,early
39407,7,0,0.9886212405509334,0.524169111175613,39,early
39408,8,0,0.017415877645367984,0.48335190075976586,39,early
39409,9,0,0.06637934244311972,0.4820740166296415,39,early
39410,10,0,0.9675339983590817,0.5240663640940719,39,early
39411,11,0,0.9689278996625958,0.37940964191275545,39,early
39412,12,0,0.11329348556029746,0.6447619924312318,39,early
39413,13,0,0.9233103344846096,0.43472269849517337,39,early
39414,14,0,0.8455803799433843,0.3990950228949928,39,early
39415,15,0,0.3046114386063473,0.4993726246726833,39,early
39416,16,0,0.1498291555482101,0.37443606850120315,39,early
39417,17,0,0.29727351361038745,0.5095526516932185,39,early
39418,18,0,0.7659450709175084,0.5364057122911747,39,early
39419,19,0,0.1408930976734285,0.5772336860369405,39,early
39420,20,0,0.10596044511924488,0.5496751295334302,39,early
39421,21,0,0.566073382776274,0.5457801980143233,39,early
39422,22,0,0.559309609728796,0.5999112557372066,39,early
39423,23,0,0.49639554898857996,0.46425370069311345,39,early
39424,24,0,0.3960804712420676,0.4616677529332727,39,early
39425,25,0,0.9242460911437413,0.4608879375223349,39,early
39426,26,0,0.3098185651348228,0.37916546894462777,39,early
39427,27,0,0.9895461679969817,0.43592921249282457,39,early
39428,28,0,0.897236610955036,0.4150567109498621,39,early
39429,29,0,0.8555445700549036,0.4405055169878457,39,early
39430,30,0,0.9777673997848354,0.6288568472167757,39,early
39431,31,0,0.9566841652945001,0.41643140256723343,39,early
39432,32,0,0.10232813019959502,0.5716829180360643,39,early
39433,33,0,0.8680562326608249,0.5713544061921496,39,early
39434,34,0,0.9810090251144364,0.4593743920070882,39,early
39435,35,0,0.056559345921167924,0.5048113114848609,39,early
39436,36,0,0.9993397757333025,0.4535857066696858,39,early
39437,37,0,0.9618954298894327,0.49205606809532965,39,early
39438,38,0,0.7719946010106282,0.3372556835459388,39,early
39439,39,0,0.13076388622215737,0.3648177325635257,39,early
39440,40,0,0.46685699291528215,0.4137122959574674,39,early
39441,41,0,0.5259570971433509,0.3590923404399501,39,early
39442,42,0,0.5611595933146635,0.48213950937136085,39,early
39443,43,0,0.5814957767895499,0.5909717913519985,39,early
39444,44,0,0.10786037918117398,0.5932338134311967,39,early
39445,45,0,0.49750502195749413,0.5624383227862368,39,early
39446,46,0,0.506995094486238,0.5814775020440728,39,early
39447,47,0,0.07771988270411775,0.5334473294857804,39,early
39448,48,0,0.5679323058990855,0.5109793399788995,39,early
39449,49,0,0.2753883826903681,0.4534308135623585,39,early
39450,50,0,0.5372307663775306,0.46070568883335433,39,early
39451,51,0,0.0993882095871134,0.43788311277994596,39,early
39452,52,0,0.3182784109214749,0.5421791615857442,39,early
39453,53,0,0.5635173543369838,0.3953309121004477,39,early
39454,54,0,0.5124511469857695,0.39160560581212467,39,early
39455,55,0,0.5888461315043809,0.47983083717601616,39,early
39456,56,0,0.253270112360087,0.4948911888003941,39,early
39457,57,0,0.6636514204772578,0.4672577339240508,39,early
39458,58,0,0.2525965694245319,0.40877348911139644,39,early
39459,59,0,0.5788688153854379,0.34904966235312684,39,early
39460,60,0,0.5115535129567859,0.47740949955964057,39,early
39461,61,0,0.64454224231564,0.34664678027605234,39,early
39462,62,0,0.5768215662911997,0.46239563069034706,39,early
39463,63,0,0.6815648353696458,0.40377987967434836,39,early
39464,64,0,0.11610732815983216,0.493270363254406,39,early
39465,65,0,0.6937774121530376,0.3402033841535294,39,early
39466,66,0,0.5380025997945637,0.32690453727005053,39,early
39467,67,0,0.22357491226156917,0.4454599351660893,39,early
39468,68,0,0.5331258584362143,0.3419597682938457,39,early
39469,69,0,0.5316179441039215,0.4003312940350637,39,early
39470,70,0,0.3447122651028502,0.3789062947902313,39,early
39471,71,0,0.5670499117833319,0.32047892554684004,39,early
39472,72,0,0.43526331057135276,0.47381873328768226,39,early
39473,73,0,0.2977542896706925,0.4794373311979132,39,early
39474,74,0,0.5244483439386972,0.4495799979744356,39,early
39475,75,0,0.5104165600691077,0.384542600365668,39,early
39476,76,0,0.3955051936273035,0.3772558852268891,39,early
39477,77,0,0.5324045352304606,0.42384199545505513,39,early
39478,78,0,0.5632879124422703,0.48809516824642163,39,early
39479,79,0,0.35440823588655174,0.4079375816428523,39,early
39480,80,0,0.7887443808727641,0.4865581694805391,39,early
39481,81,0,0.3216539380621243,0.33757161261680524,39,early
39482,82,0,0.941273899308545,0.5273929365736723,39,early
39483,83,0,0.482121438819652,0.5351027258235045,39,early
39484,84,0,0.6812435905052763,0.4370682773822752,39,early
39485,85,0,0.3841181018788962,0.40076879702330087,39,early
39486,86,0,0.2313132182980308,0.2811745685391638,39,early
39487,87,0,0.5345380998362544,0.31665756405464873,39,early
39488,88,0,0.6451677002374608,0.5627519087248932,39,early
39489,89,0,0.44275503521078485,0.42731409332102166,39,early
39490,90,0,0.9829576267643847,0.32565719222182676,39,early
39491,91,0,0.5392675734034107,0.37816581181964304,39,early
39492,92,0,0.23908263277952535,0.4319556558782571,39,early
39493,93,0,0.39179540631827653,0.3602316453526646,39,early
39494,94,0,0.592662415096158,0.3375538054995657,39,early
39495,95,0,0.518878391452722,0.4292270598493142,39,early
39496,96,0,0.9841620881458744,0.3098228172824859,39,early
39497,97,0,0.38803597171997906,0.5392840258150786,39,early
39498,98,0,0.8763685676563897,0.2725369076156168,39,early
39499,99,0,0.6417116463915861,0.4160534307729171,39,early
39500,100,0,0.5792395428160959,0.35590102822995906,39,early
39501,101,0,0.5160793692147124,0.3346806986936267,39,early
39502,102,0,0.945626152206461,0.4115316708271568,39,early
39503,103,0,0.5295324422637282,0.3478690716990811,39,early
39504,104,0,0.9606856921503248,0.29222108350508746,39,early
39505,105,0,0.4714441211351341,0.40171034395027994,39,early
39506,106,0,0.3309670904450281,0.4792538382714905,39,early
39507,107,0,0.5080494743880788,0.38528768522596935,39,early
39508,108,0,0.3746644067369869,0.32305840443823053,39,early
39509,109,0,0.15899869811880035,0.4851926071783276,39,early
39510,110,0,0.8218309122552616,0.33515498920690323,39,early
39511,111,0,0.3580924134690265,0.42346699183567593,39,early
39512,112,0,0.689100674102958,0.4102124270780027,39,early
39513,113,0,0.3388128852600489,0.38725198825716745,39,early
39514,114,0,0.21004461210686573,0.4119664687209302,39,early
39515,115,0,0.3560274488421133,0.3845713606037158,39,early
39516,116,0,0.8619916918241657,0.3137963436765402,39,early
39517,117,0,0.8186552497503344,0.4135342869104519,39,early
39518,118,0,0.9506188862229368,0.43359324091770046,39,early
39519,119,0,0.5846664800927021,0.47547027063264496,39,early
39520,120,0,0.6841877449317728,0.329082508588366,39,early
39521,121,0,0.45023685550839454,0.40926357624598775,39,early
39522,122,0,0.7040134635875492,0.5386108325382993,39,early
39523,123,0,0.3102573127221499,0.4146431060162281,39,early
39524,124,0,0.816020956113021,0.2792088415964151,39,early
39525,125,0,0.49157904353580334,0.32883188452265155,39,early
39526,126,0,0.5611132780766651,0.2585552898340576,39,early
39527,127,0,0.5095400653636061,0.3685351374896926,39,early
39528,128,0,0.47587766446324065,0.3466874057523355,39,early
39529,129,0,0.8035933791876855,0.3712021648340019,39,early
39530,130,0,0.6059169423071001,0.3830647446574329,39,early
39531,131,0,0.48425207654162317,0.3667407837099461,39,early
39532,132,0,0.29248699242755377,0.4179389717510076,39,early
39533,133,0,0.28367533167278364,0.3670558701992479,39,early
39534,134,0,0.18687367593543885,0.3663888768084619,39,early
39535,135,0,0.45025871472452367,0.27341086374610724,39,early
39536,136,0,0.34508325556075325,0.3017472010053591,39,early
39537,137,0,0.48419661693206784,0.27050691671999677,39,early
39538,138,0,0.5012297500829395,0.35268775128703067,39,early
39539,139,0,0.3467904350791855,0.2828012919840571,39,early
39540,140,0,0.07108721287678793,0.46676290254213415,39,early
39541,141,0,0.5281847636640339,0.3503102051183892,39,early
39542,142,0,0.12945820633173188,0.5848445156070254,39,early
39543,143,0,0.473349276042695,0.34169116472850936,39,early
39544,144,0,0.7189383002891938,0.3767940069990634,39,early
39545,145,0,0.319490777808357,0.3993599319463316,39,early
39546,146,0,0.16729137229477054,0.45787482636941856,39,early
39547,147,0,0.3887754038731092,0.2701834014853808,39,early
39548,148,0,0.5725036667772878,0.33822891827057405,39,early
39549,149,0,0.4707167965220071,0.3078249460022011,39,early
39550,150,0,0.8028871639706598,0.3995181450132347,39,early
39551,151,0,0.47723112998467715,0.3007237431222851,39,early
39552,152,0,0.5397730709900825,0.32209159683783284,39,early
39553,153,0,0.6066619434802174,0.2468992026464228,39,early
39554,154,0,0.21700129530749973,0.4443567013090647,39,early
39555,155,0,0.7366015515355702,0.44233369885323415,39,early
39556,156,0,0.7615258332738969,0.3834304370433397,39,early
39557,157,0,0.8028557955075882,0.33247755909581733,39,early
39558,158,0,0.05706397896323419,0.36706001708838654,39,early
39559,159,0,0.49955513841489174,0.2710751967883997,39,early
39560,160,0,0.8941063791584674,0.2503219844877763,39,early
39561,161,0,0.46674750869550286,0.21422577236124296,39,early
39562,162,0,0.46092070396659135,0.36408204270942746,39,early
39563,163,0,0.6249950614534473,0.38133258631091593,39,early
39564,164,0,0.28182372605653916,0.4071334590624506,39,early
39565,165,0,0.2641678083129331,0.3441850779062098,39,early
39566,166,0,0.6343457880625859,0.40815860475145715,39,early
39567,167,0,0.27433967999487074,0.39863883050333715,39,early
39568,168,0,0.647469878226469,0.43420409246868863,39,early
39569,169,0,0.9220007718479453,0.30162815088134226,39,early
39570,170,0,0.6689753728229743,0.3464671713138374,39,early
39571,171,0,0.08266208054837976,0.3866434048892834,39,early
39572,172,0,0.4190514581180935,0.32771439264346836,39,early
39573,173,0,0.714082119908214,0.2434717357250965,39,early
39574,174,0,0.500539385093187,0.3948448545239687,39,early
39575,175,0,0.21416681747991015,0.3049136913517949,39,early
39576,176,0,0.7521733245266504,0.3656482857645549,39,early
39577,177,0,0.8339716137391315,0.412763012174054,39,early
39578,178,0,0.5850705452776122,0.30295190218461876,39,early
39579,179,0,0.8849802253355691,0.2511113506049648,39,early
39580,180,0,0.6439008107892792,0.3439229198517133,39,early
39581,181,0,0.49128041796078514,0.2976522749986579,39,early
39582,182,0,0.6032870506419853,0.2957183057354875,39,early
39583,183,0,0.6202670690843247,0.37534261098057886,39,early
39584,184,0,0.7049750358809189,0.248395629447147,39,early
39585,185,0,0.7461656264608674,0.2971439942049897,39,early
39586,186,0,0.49953878642262617,0.3679606204568533,39,early
39587,187,0,0.24792753841418086,0.27117019632299333,39,early
39588,188,0,0.9579884519582651,0.37811375385111556,39,early
39589,189,0,0.6880986696242879,0.38987880955941623,39,early
39590,190,0,0.49124629280759424,0.33348088622536676,39,early
39591,191,0,0.4757967793666073,0.33466794894341134,39,early
39592,192,0,0.7172496855108689,0.5394270739553191,39,early
39593,193,0,0.5961841750786943,0.27959766646565065,39,early
39594,194,0,0.5585886581777065,0.3472174301679726,39,early
39595,195,0,0.7890331066788865,0.3890042378919637,39,early
39596,196,0,0.47615358015531406,0.2851223005012512,39,early
39597,197,0,0.707063179037545,0.14543469340259116,39,early
39598,198,0,0.5196378925807833,0.4832723830815496,39,early
39599,199,0,0.44814424810514797,0.3118532637772581,39,early
39600,0,0,0.6116832385632711,0.6823312408005343,39,middle
39601,1,0,0.8007479622153117,0.7389842049245852,39,middle
39602,2,0,0.47908023259008525,0.6938077203450207,39,middle
39603,3,0,0.5504356344529623,0.550696976938952,39,middle
39604,4,0,0.48092454001030316,0.5805339604269627,39,middle
39605,5,0,0.5527771475641697,0.4850755317246158,39,middle
39606,6,0,0.8877613971564569,0.5991456238374642,39,middle
39607,7,0,0.7630107409857698,0.5422308866612051,39,middle
39608,8,0,0.45869916277666156,0.5188480709876007,39,middle
39609,9,0,0.8017137827501479,0.3796983665375437,39,middle
39610,10,0,0.5218215212792822,0.5562450343110075,39,middle
39611,11,0,0.1856275889599957,0.6076550412845927,39,middle
39612,12,0,0.47670198356957455,0.8157701099240243,39,middle
39613,13,0,0.40381592481520623,0.5430280754249754,39,middle
39614,14,0,0.8112963158280935,0.49496361566123626,39,middle
39615,15,0,0.4004438881968724,0.7120303574022966,39,middle
39616,16,0,0.7559934968391662,0.43539863919906896,39,middle
39617,17,0,0.2589842207503313,0.5195409260981121,39,middle
39618,18,0,0.6872200712177299,0.4308499996416751,39,middle
39619,19,0,0.07365478532955501,0.5873308846251899,39,middle
39620,20,0,0.6422570389749451,0.6313479964901906,39,middle
39621,21,0,0.48378049090999414,0.4867833467280712,39,middle
39622,22,0,0.7983291716462035,0.4054364226116687,39,middle
39623,23,0,0.5844542345598167,0.3595830149110826,39,middle
39624,24,0,0.6695350793179766,0.48729572033153756,39,middle
39625,25,0,0.2401933294405148,0.4265318619857311,39,middle
39626,26,0,0.7602809537212301,0.579381649155599,39,middle
39627,27,0,0.5600180492652614,0.5023609133450083,39,middle
39628,28,0,0.7405186550210268,0.36372166360921676,39,middle
39629,29,0,0.6281941694673275,0.4355501306860229,39,middle
39630,30,0,0.843653874919277,0.5631626924868256,39,middle
39631,31,0,0.42716899023583554,0.5072077330064519,39,middle
39632,32,0,0.3685680838829792,0.5155853517837402,39,middle
39633,33,0,0.23559665769931226,0.5096684842888078,39,middle
39634,34,0,0.6214442978124733,0.39357331614776825,39,middle
39635,35,0,0.5019812437603499,0.5376922004535993,39,middle
39636,36,0,0.2470291478838552,0.4749169527443999,39,middle
39637,37,0,0.709595304140406,0.5966671269034916,39,middle
39638,38,0,0.5386131687637947,0.6170048551030967,39,middle
39639,39,0,0.23612411520879578,0.5850432592276575,39,middle
39640,40,0,0.4268876626903738,0.5016191240708581,39,middle
39641,41,0,0.11005542202363669,0.47191967346589325,39,middle
39642,42,0,0.22490101377721808,0.5497377292540511,39,middle
39643,43,0,0.6057475611748204,0.5119348900524793,39,middle
39644,44,0,0.4959755360482394,0.3865167669543584,39,middle
39645,45,0,0.4974848050185604,0.4916440548606998,39,middle
39646,46,0,0.3706946120959978,0.4328660680639893,39,middle
39647,47,0,0.6506208913947933,0.44949469596397207,39,middle
39648,48,0,0.40376223348552803,0.49852790224660865,39,middle
39649,49,0,0.661330675046589,0.43718280290137923,39,middle
39650,50,0,0.6544635105781369,0.49425602963221005,39,middle
39651,51,0,0.768916660601922,0.5288688544949716,39,middle
39652,52,0,0.3993895769909495,0.47008960764823526,39,middle
39653,53,0,0.352801178374514,0.47087882920615454,39,middle
39654,54,0,0.7748240215579164,0.4550489403361312,39,middle
39655,55,0,0.7182770145204334,0.5224369042674328,39,middle
39656,56,0,0.48449717824911687,0.47187182541623074,39,middle
39657,57,0,0.24528141311584845,0.5421093984755425,39,middle
39658,58,0,0.7920662783603798,0.445893772917134,39,middle
39659,59,0,0.9108187650822532,0.34143862213154536,39,middle
39660,60,0,0.5789998161266495,0.4004222771924014,39,middle
39661,61,0,0.6841346604786174,0.5987922802469384,39,middle
39662,62,0,0.9930906759705742,0.5666757057914863,39,middle
39663,63,0,0.7750279818434729,0.3018952485976981,39,middle
39664,64,0,0.6814387488035545,0.3616039351025139,39,middle
39665,65,0,0.384152471974311,0.43168075287694985,39,middle
39666,66,0,0.4156212691760564,0.5715638867969312,39,middle
39667,67,0,0.8234689949843301,0.46868546683481715,39,middle
39668,68,0,0.7853337195587674,0.3275153043657898,39,middle
39669,69,0,0.8746387363821786,0.4348909836477378,39,middle
39670,70,0,0.8651953694413268,0.7006285585368897,39,middle
39671,71,0,0.3588883648175787,0.5069521795585498,39,middle
39672,72,0,0.5627606145344064,0.4437675555364133,39,middle
39673,73,0,0.24640039834732072,0.5341124849171974,39,middle
39674,74,0,0.5801903524334033,0.35486352949670774,39,middle
39675,75,0,0.5846065860153018,0.4894901051855416,39,middle
39676,76,0,0.954451429027418,0.35452184631177786,39,middle
39677,77,0,0.8831139469834848,0.47632649128050336,39,middle
39678,78,0,0.6902839226948255,0.5355971312452271,39,middle
39679,79,0,0.8320296814814152,0.44534239264319975,39,middle
39680,80,0,0.09408598249183636,0.4782709220996598,39,middle
39681,81,0,0.382739406681444,0.4635328673811643,39,middle
39682,82,0,0.338421626925809,0.5937591032857785,39,middle
39683,83,0,0.5633469540356448,0.44012378802131935,39,middle
39684,84,0,0.4189367888044769,0.613881726410994,39,middle
39685,85,0,0.5874124686120321,0.5180642079365679,39,middle
39686,86,0,0.5903962998924873,0.35716087640550853,39,middle
39687,87,0,0.4469256978994784,0.6965424722918058,39,middle
39688,88,0,0.6857656592192181,0.4886208119975002,39,middle
39689,89,0,0.5462044031506241,0.5207550319450505,39,middle
39690,90,0,0.6878822634814615,0.3708095180294614,39,middle
39691,91,0,0.670773526024,0.4320945891035405,39,middle
39692,92,0,0.7015924275208787,0.6241099759066806,39,middle
39693,93,0,0.15877166383300323,0.38911663562994114,39,middle
39694,94,0,0.14100447967014734,0.6289701350676018,39,middle
39695,95,0,0.48093189898744926,0.4595784087354308,39,middle
39696,96,0,0.32605185471165304,0.5018652457603308,39,middle
39697,97,0,0.5238041361899082,0.5080031598624462,39,middle
39698,98,0,0.8054596594505637,0.4845322449278571,39,middle
39699,99,0,0.5738836522792193,0.3883007243860607,39,middle
39700,100,0,0.5151652018467032,0.3453434311357152,39,middle
39701,101,0,0.5694782218185159,0.41570598992326874,39,middle
39702,102,0,0.4484708795054456,0.3769202681500425,39,middle
39703,103,0,0.673406683966961,0.4344809224895221,39,middle
39704,104,0,0.29579574587278795,0.46220667161701523,39,middle
39705,105,0,0.37316476726425896,0.40818987698458364,39,middle
39706,106,0,0.4771561694590578,0.3916323229191724,39,middle
39707,107,0,0.7043583903032864,0.45227293037237953,39,middle
39708,108,0,0.5028904978393987,0.4144416092464491,39,middle
39709,109,0,0.5006976395330388,0.45336669487117365,39,middle
39710,110,0,0.21121820966187238,0.40298783869489474,39,middle
39711,111,0,0.4428433272579196,0.41114494552457026,39,middle
39712,112,0,0.48672221772925595,0.5095066634922645,39,middle
39713,113,0,0.6319667373249906,0.4279509171906416,39,middle
39714,114,0,0.3328980551360553,0.4591932111910544,39,middle
39715,115,0,0.6534661956985106,0.44229523330305903,39,middle
39716,116,0,0.4082049891973818,0.38949906805774337,39,middle
39717,117,0,0.59531596730125,0.45378160181811333,39,middle
39718,118,0,0.4700721176089975,0.35095735631688313,39,middle
39719,119,0,0.9006049859779122,0.34908358592459926,39,middle
39720,120,0,0.5476289694715438,0.643808611599219,39,middle
39721,121,0,0.5368467554256421,0.6340564606724273,39,middle
39722,122,0,0.22489556108409248,0.5248830228535841,39,middle
39723,123,0,0.8629277136459674,0.3480202192531676,39,middle
39724,124,0,0.6170967352963448,0.47925572107483017,39,middle
39725,125,0,0.607025471671317,0.4319352514730538,39,middle
39726,126,0,0.8378756448233031,0.2951008282030977,39,middle
39727,127,0,0.19572385364157713,0.5297963236776395,39,middle
39728,128,0,0.7185279785845363,0.35557349140935185,39,middle
39729,129,0,0.8577818498259387,0.49928394375880497,39,middle
39730,130,0,0.10451290373704508,0.45695723576006797,39,middle
39731,131,0,0.4902858560117405,0.3813610835550334,39,middle
39732,132,0,0.5180395717096374,0.40142389820020175,39,middle
39733,133,0,0.8420314069502451,0.3421126612635125,39,middle
39734,134,0,0.5080545721903525,0.5406109400634667,39,middle
39735,135,0,0.6543516981160694,0.2953575625193664,39,middle
39736,136,0,0.9221286441446022,0.39043307874265576,39,middle
39737,137,0,0.7123237834248791,0.538491881526431,39,middle
39738,138,0,0.7890314638085707,0.44518923004218114,39,middle
39739,139,0,0.6258092648544832,0.4202059225896038,39,middle
39740,140,0,0.5396201297005074,0.46577277504149683,39,middle
39741,141,0,0.45770889290539446,0.3641117743996043,39,middle
39742,142,0,0.3800841470462527,0.44335069698418195,39,middle
39743,143,0,0.7949377842918882,0.41270994956217566,39,middle
39744,144,0,0.30740015218484446,0.3775577655894209,39,middle
39745,145,0,0.757153776005993,0.4882781960578593,39,middle
39746,146,0,0.6774060115802407,0.43879162551222123,39,middle
39747,147,0,0.7496622463714822,0.5078315278948531,39,middle
39748,148,0,0.7466674312388448,0.3350653821190445,39,middle
39749,149,0,0.4008830016453613,0.3629393625947979,39,middle
39750,150,0,0.6086603066921037,0.41691684874012525,39,middle
39751,151,0,0.4260314413519223,0.4399850709275338,39,middle
39752,152,0,0.2967968017528922,0.5961409221685174,39,middle
39753,153,0,0.7588430393965122,0.3389042693086862,39,middle
39754,154,0,0.5767967428911702,0.4677607592642604,39,middle
39755,155,0,0.5757057580670002,0.4590919674739764,39,middle
39756,156,0,0.6319701881805267,0.36587427142990425,39,middle
39757,157,0,0.49348705365015677,0.44030213270773955,39,middle
39758,158,0,0.5388059449983076,0.435326820888707,39,middle
39759,159,0,0.41998911830733465,0.4224643589553534,39,middle
39760,160,0,0.654258680263031,0.4163020517032571,39,middle
39761,161,0,0.7002305304090659,0.3268723770548322,39,middle
39762,162,0,0.535663088704984,0.47480775957333304,39,middle
39763,163,0,0.32044726921167593,0.5071517941835959,39,middle
39764,164,0,0.6476580572365868,0.2655078399234465,39,middle
39765,165,0,0.6955646226941692,0.472450283055489,39,middle
39766,166,0,0.4381304214393699,0.53542878611311,39,middle
39767,167,0,0.6970870486904581,0.3803490563003842,39,middle
39768,168,0,0.7192559821037823,0.5039141433786534,39,middle
39769,169,0,0.6246156051125058,0.4169474914517928,39,middle
39770,170,0,0.8737519664936102,0.3136488659765928,39,middle
39771,171,0,0.5928633681028773,0.4502515708572583,39,middle
39772,172,0,0.8375971827104889,0.4851813809941071,39,middle
39773,173,0,0.7179727674450318,0.4571063211653988,39,middle
39774,174,0,0.40092496256361554,0.6775784452235225,39,middle
39775,175,0,0.7621541076056932,0.2578326965591968,39,middle
39776,176,0,0.8738335084408513,0.43821721613850445,39,middle
39777,177,0,0.9529416340335396,0.3539420217382367,39,middle
39778,178,0,0.8490277589911757,0.4064468983906717,39,middle
39779,179,0,0.797964528130274,0.36196379587598054,39,middle
39780,180,0,0.9733952289236834,0.3389423683486121,39,middle
39781,181,0,0.45014066841147204,0.2626819762104047,39,middle
39782,182,0,0.4595512059534229,0.3843395128276334,39,middle
39783,183,0,0.894115809802829,0.4574356378017743,39,middle
39784,184,0,0.6929373721474938,0.40573269649590304,39,middle
39785,185,0,0.7581376969071494,0.3917880032509199,39,middle
39786,186,0,0.5281697112813466,0.3330869836239456,39,middle
39787,187,0,0.6391702845432703,0.32701696278084097,39,middle
39788,188,0,0.446745814650498,0.4253619775798502,39,middle
39789,189,0,0.5859270252591139,0.39201025530881467,39,middle
39790,190,0,0.6798964839927272,0.5051537936204307,39,middle
39791,191,0,0.7368239749005872,0.4323817051811931,39,middle
39792,192,0,0.32494837080387284,0.3246749409704889,39,middle
39793,193,0,0.19509874835287824,0.7333858079625442,39,middle
39794,194,0,0.8998176107206206,0.32324362247940885,39,middle
39795,195,0,0.6909849581322123,0.3495285709146088,39,middle
39796,196,0,0.22968218425720935,0.4407188372254088,39,middle
39797,197,0,0.5819936628118323,0.3946790003291235,39,middle
39798,198,0,0.7766423752501335,0.31751449294941486,39,middle
39799,199,0,0.4850228363426826,0.3883823362128239,39,middle
39800,0,0,0.43074966435982753,0.8955569265936089,39,late
39801,1,0,0.6834060583359456,0.6208212729961515,39,late
39802,2,0,0.5848078690337434,0.5769783931280414,39,late
39803,3,0,0.5407032376420463,0.4705558249367759,39,late
39804,4,0,0.2770037820230581,0.5399349213862721,39,late
39805,5,0,0.4581945061042153,0.5213971171954763,39,late
39806,6,0,0.48477043564922195,0.6358015510239129,39,late
39807,7,0,0.6182580403090416,0.4419539318010654,39,late
39808,8,0,0.7411825046190156,0.6882988333091287,39,late
39809,9,0,0.39083971238122667,0.6691715176949189,39,late
39810,10,0,0.18231984833402953,0.45114499833519617,39,late
39811,11,0,0.4703579572548904,0.4942920905773136,39,late
39812,12,0,0.7815185746573159,0.45395042249621265,39,late
39813,13,0,0.2659670331013181,0.6562078435202892,39,late
39814,14,0,0.6878213538441391,0.4354785694214558,39,late
39815,15,0,0.44115184301706295,0.5449016898395544,39,late
39816,16,0,0.166533570183108,0.5552799443093599,39,late
39817,17,0,0.6374942980998298,0.6494568078079022,39,late
39818,18,0,0.6706142862576359,0.49844619587899636,39,late
39819,19,0,0.27620673310841604,0.5756110159916669,39,late
39820,20,0,0.40152188582002396,0.47205055424951764,39,late
39821,21,0,0.7010990127262822,0.585198132142293,39,late
39822,22,0,0.8013086638329814,0.3431934215764557,39,late
39823,23,0,0.5910272391094376,0.5069153847850237,39,late
39824,24,0,0.70564208923355,0.5164468124225113,39,late
39825,25,0,0.46455863689143456,0.6397977793093301,39,late
39826,26,0,0.573082751000814,0.4445550815092444,39,late
39827,27,0,0.35111089973439036,0.5350029514476998,39,late
39828,28,0,0.4299606471386379,0.37300897707016184,39,late
39829,29,0,0.38582629399958757,0.690460981982238,39,late
39830,30,0,0.5024770534096683,0.5322593778583624,39,late
39831,31,0,0.18928086030996033,0.623311859836952,39,late
39832,32,0,0.6605960182804609,0.5411321565719629,39,late
39833,33,0,0.6018961245875412,0.5692073870239149,39,late
39834,34,0,0.6653739125912652,0.5849516218679292,39,late
39835,35,0,0.344182252487206,0.5571738222128982,39,late
39836,36,0,0.5006657379260024,0.40536423650642783,39,late
39837,37,0,0.43578324731013834,0.6143417861981334,39,late
39838,38,0,0.6881736312064015,0.45391454028254874,39,late
39839,39,0,0.5594569892185975,0.4501399789218123,39,late
39840,40,0,0.47026612952339075,0.6444108117210472,39,late
39841,41,0,0.4478881979956011,0.5510495726975586,39,late
39842,42,0,0.29091484521373373,0.5634699733463376,39,late
39843,43,0,0.31119819043415575,0.6268832178864683,39,late
39844,44,0,0.3695806899018962,0.5106886062471551,39,late
39845,45,0,0.5683054757162034,0.5760045762568318,39,late
39846,46,0,0.43439998994962914,0.5537242532700077,39,late
39847,47,0,0.6644878069656888,0.5233224797112499,39,late
39848,48,0,0.6715085920824916,0.435746764658745,39,late
39849,49,0,0.7598323487407423,0.5111915979248135,39,late
39850,50,0,0.7134271011306967,0.503429430269044,39,late
39851,51,0,0.6081507884213435,0.45583344817897287,39,late
39852,52,0,0.800654153123455,0.42830300831137513,39,late
39853,53,0,0.6035973511071328,0.5665132084735036,39,late
39854,54,0,0.5441408344610364,0.44340166742399734,39,late
39855,55,0,0.34441790143698403,0.5075174207479454,39,late
39856,56,0,0.6634241459321046,0.3637229697376379,39,late
39857,57,0,0.2707717302364526,0.7068130128976216,39,late
39858,58,0,0.6235751206907488,0.37653670373159454,39,late
39859,59,0,0.45418583661382955,0.5458110150834685,39,late
39860,60,0,0.4608971124040619,0.5449606537969817,39,late
39861,61,0,0.1538744911523368,0.6125634595746586,39,late
39862,62,0,0.8074432912617988,0.5454583529527892,39,late
39863,63,0,0.4698095636579461,0.6221267940833427,39,late
39864,64,0,0.3835838441340345,0.44450337686311764,39,late
39865,65,0,0.6448156753228025,0.45889265647055777,39,late
39866,66,0,0.6190078827387964,0.38088801253681437,39,late
39867,67,0,0.7991788576877488,0.5799785295960301,39,late
39868,68,0,0.6887761265630846,0.5150586856440528,39,late
39869,69,0,0.30314945248978126,0.7014015981078118,39,late
39870,70,0,0.6345422112326757,0.594580336316882,39,late
39871,71,0,0.4363690053280628,0.5315715107420924,39,late
39872,72,0,0.7035468096179762,0.5170569481427129,39,late
39873,73,0,0.306195013231256,0.4754255667557881,39,late
39874,74,0,0.38967281603444026,0.4102167390432339,39,late
39875,75,0,0.5344913678652409,0.38218602196918394,39,late
39876,76,0,0.42587931556287884,0.6802440900945284,39,late
39877,77,0,0.36710109357947124,0.4983542749222484,39,late
39878,78,0,0.9091713624501274,0.47394027227557467,39,late
39879,79,0,0.361886823531157,0.5293259403285026,39,late
39880,80,0,0.8734203422897778,0.39311786307809204,39,late
39881,81,0,0.8473814981114407,0.44497208567486307,39,late
39882,82,0,0.2501627072125771,0.6245085069419531,39,late
39883,83,0,0.7234345329574597,0.5387342198890912,39,late
39884,84,0,0.166392280796847,0.4863454006062843,39,late
39885,85,0,0.1967753725813563,0.3847853546029626,39,late
39886,86,0,0.4187812906961701,0.4917304060467691,39,late
39887,87,0,0.7768731863744754,0.3631547203416497,39,late
39888,88,0,0.5979290902532354,0.5307672018010104,39,late
39889,89,0,0.4502811158908646,0.42770451544509497,39,late
39890,90,0,0.3186020855653072,0.6047220843927053,39,late
39891,91,0,0.5663670437467362,0.44884190874580593,39,late
39892,92,0,0.6194938188441351,0.5375732890339628,39,late
39893,93,0,0.9921631889732108,0.4032817342563101,39,late
39894,94,0,0.9423853361750125,0.4872391632479168,39,late
39895,95,0,0.9396230183699379,0.5102680860291113,39,late
39896,96,0,0.9359877740595987,0.7645764743983122,39,late
39897,97,0,0.020920226187466966,0.7135976786730711,39,late
39898,98,0,0.8740529302724915,0.39372512394462195,39,late
39899,99,0,0.035490812298520504,0.6959182732743073,39,late
39900,100,0,0.32680288299635385,0.580948359093213,39,late
39901,101,0,0.8035694674150149,0.3606319868659842,39,late
39902,102,0,0.3606227734575085,0.6073228117177527,39,late
39903,103,0,0.8352671034020162,0.6520493324238382,39,late
39904,104,0,0.774646025739999,0.6357322080648942,39,late
39905,105,0,0.9804008939781663,0.33150861026691547,39,late
39906,106,0,0.40233647657918237,0.5398664062558385,39,late
39907,107,0,0.7586773433760868,0.3710890490576069,39,late
39908,108,0,0.4773109222055952,0.4729910738462041,39,late
39909,109,0,0.9655458994682172,0.5742908202475008,39,late
39910,110,0,0.524009669621418,0.5705915108274067,39,late
39911,111,0,0.892042926100699,0.4348170925390724,39,late
39912,112,0,0.8568466171486342,0.42748708687933956,39,late
39913,113,0,0.20595225234632608,0.45081419357714136,39,late
39914,114,0,0.8221218871578576,0.39865461249010314,39,late
39915,115,0,0.1411043040551417,0.7137637375394956,39,late
39916,116,0,0.2869637499183497,0.5231735373052765,39,late
39917,117,0,0.5197908091396558,0.5272214829154903,39,late
39918,118,0,0.732195193595664,0.4908696586576114,39,late
39919,119,0,0.8700595430075379,0.3929636624977211,39,late
39920,120,0,0.09908310967446708,0.837353083378771,39,late
39921,121,0,0.7191371344684941,0.5153367369486098,39,late
39922,122,0,0.617803554401596,0.4949984791580958,39,late
39923,123,0,0.5162093148530499,0.4032640374089423,39,late
39924,124,0,0.43736771045471096,0.413643438803706,39,late
39925,125,0,0.651949773266876,0.4383208840890792,39,late
39926,126,0,0.284573559847857,0.7233599133932096,39,late
39927,127,0,0.3645629735792973,0.4269544182527898,39,late
39928,128,0,0.34232269171018176,0.4760888453260783,39,late
39929,129,0,0.21837736611971684,0.4191574941525379,39,late
39930,130,0,0.3099013206838312,0.40046596070682994,39,late
39931,131,0,0.48203655092446585,0.3974439837293654,39,late
39932,132,0,0.515626235234972,0.46450325877071785,39,late
39933,133,0,0.5931581460911143,0.39249173531298864,39,late
39934,134,0,0.6593973457235964,0.40764311014882465,39,late
39935,135,0,0.41971923416815826,0.4462987949974164,39,late
39936,136,0,0.5758591557897706,0.36100072224779145,39,late
39937,137,0,0.8001159404892906,0.4612533570820012,39,late
39938,138,0,0.8114825351275261,0.47568685497967195,39,late
39939,139,0,0.09979255034311438,0.6179625015514041,39,late
39940,140,0,0.566679068830614,0.4230564381856889,39,late
39941,141,0,0.4047053715935084,0.4830991365828501,39,late
39942,142,0,0.40487732160557754,0.5043817683888885,39,late
39943,143,0,0.5153969106000043,0.4518721054713697,39,late
39944,144,0,0.5771910733103814,0.3958300799377663,39,late
39945,145,0,0.23289883164931713,0.49468025552116296,39,late
39946,146,0,0.653234279837807,0.4182373462069525,39,late
39947,147,0,0.7335775523324185,0.3466612120617878,39,late
39948,148,0,0.7270751306217818,0.3515294447481504,39,late
39949,149,0,0.26939246495569935,0.5563036183285148,39,late
39950,150,0,0.3431383737521386,0.5382496643084038,39,late
39951,151,0,0.8650415930337056,0.5106041035114546,39,late
39952,152,0,0.9040573941104962,0.32634388129412656,39,late
39953,153,0,0.8762107577884228,0.3881132344248521,39,late
39954,154,0,0.2167097655306885,0.44135165098054807,39,late
39955,155,0,0.39400801343762515,0.4454776837213352,39,late
39956,156,0,0.42725213866247375,0.4166982401307604,39,late
39957,157,0,0.6382730710725798,0.4738937957718674,39,late
39958,158,0,0.3264146668041638,0.735408878236181,39,late
39959,159,0,0.6405956585549808,0.3826308034724032,39,late
39960,160,0,0.5622115113899243,0.36077731060809937,39,late
39961,161,0,0.8109642102134618,0.4203284469010079,39,late
39962,162,0,0.33229813985130363,0.4805943095326659,39,late
39963,163,0,0.16778216949226538,0.4919019137721077,39,late
39964,164,0,0.5871581327112352,0.42121706729372227,39,late
39965,165,0,0.2934952288841931,0.4874203971469303,39,late
39966,166,0,0.6247473439950543,0.40454501050746994,39,late
39967,167,0,0.8922765931885078,0.44356630845067857,39,late
39968,168,0,0.5802343099542131,0.5486358433910105,39,late
39969,169,0,0.47191733542990105,0.5306266918153542,39,late
39970,170,0,0.9302177356684278,0.5152649544983307,39,late
39971,171,0,0.5828365879614026,0.4595853259072473,39,late
39972,172,0,0.7453070656517868,0.4302733180650957,39,late
39973,173,0,0.5392953464449199,0.6936240717274404,39,late
39974,174,0,0.4396596195207415,0.5737554928538624,39,late
39975,175,0,0.31377078332664826,0.5288331530948529,39,late
39976,176,0,0.3651527777299776,0.4331204962419368,39,late
39977,177,0,0.3024178968158726,0.4022777822182444,39,late
39978,178,0,0.5474145019827817,0.4481408381765408,39,late
39979,179,0,0.7167955433929369,0.37637684868594595,39,late
39980,180,0,0.6345330407276478,0.5174440170703303,39,late
39981,181,0,0.7602098363792601,0.451682062246467,39,late
39982,182,0,0.128876029152812,0.45235704355471806,39,late
39983,183,0,0.6201185618370022,0.3562967582323378,39,late
39984,184,0,0.31486959618816796,0.48027052813449284,39,late
39985,185,0,0.42108649777380197,0.5308936155934016,39,late
39986,186,0,0.7512543530814169,0.5115755473547889,39,late
39987,187,0,0.8108557013136746,0.4419281704980633,39,late
39988,188,0,0.5129857129475689,0.38773949717387185,39,late
39989,189,0,0.77705196760552,0.36406730942431675,39,late
39990,190,0,0.6212563061971085,0.41216728215842385,39,late
39991,191,0,0.18399887238461365,0.4684193527537501,39,late
39992,192,0,0.7463326494100122,0.39254740391507736,39,late
39993,193,0,0.2771741581765453,0.516037369808086,39,late
39994,194,0,0.11675037748756104,0.49693211061817044,39,late
39995,195,0,0.7057385331712529,0.5510883431101045,39,late
39996,196,0,0.6919414389412923,0.4423085153109636,39,late
39997,197,0,0.5217838503796703,0.656959787947758,39,late
39998,198,0,0.5608262896089531,0.48030997639465883,39,late
39999,199,0,0.31666245259719955,0.38142732416654057,39,late
40000,0,0,0.2342335302944686,0.7470698642305305,40,interleaved
40001,1,0,0.3696228995411253,0.5307101051359189,40,interleaved
40002,2,0,0.8686588455021378,0.4459647632389685,40,interleaved
40003,3,0,0.6776898160767829,0.4801878533738237,40,interleaved
40004,4,0,0.22331120172903463,0.5416269939946211,40,interleaved
40005,5,0,0.83038012338584,0.4503338664193014,40,interleaved
40006,6,0,0.7005912486864666,0.3764352335243155,40,interleaved
40007,7,0,0.7783194088423024,0.39894520261855104,40,interleaved
40008,8,0,0.67431864646942,0.4852974052703001,40,interleaved
40009,9,0,0.8085318354088092,0.4857021620812497,40,interleaved
40010,10,0,0.33975482022601383,0.5000348305150585,40,interleaved
40011,11,0,0.22802188577719795,0.4845567242738969,40,interleaved
40012,12,0,0.20219622830104228,0.4866265834838307,40,interleaved
40013,13,0,0.5632889252454866,0.3696931417975539,40,interleaved
40014,14,0,0.2430964890189179,0.5325336847303147,40,interleaved
40015,15,0,0.9031945269896371,0.5560323157457117,40,interleaved
40016,16,0,0.2612419602059883,0.5357510701553045,40,interleaved
40017,17,0,0.2779072112032602,0.448603611389643,40,interleaved
40018,18,0,0.8691177235833639,0.5231999001428903,40,interleaved
40019,19,0,0.7047500168539869,0.5583915055151738,40,interleaved
40020,20,0,0.12318960775385453,0.572217677124162,40,interleaved
40021,21,0,0.47997896900540965,0.4438870916416723,40,interleaved
40022,22,0,0.08067675257986583,0.4764487969342006,40,interleaved
40023,23,0,0.45573297349474956,0.6034585530250308,40,interleaved
40024,24,0,0.20927662318352977,0.4747613975868975,40,interleaved
40025,25,0,0.6128836641287829,0.45209813659605236,40,interleaved
40026,26,0,0.9606813149473147,0.4459134619669484,40,interleaved
40027,27,0,0.8145228469170109,0.5007158172089515,40,interleaved
40028,28,0,0.06713011325365899,0.48126877227937614,40,interleaved
40029,29,0,0.48583620748275186,0.6506202194108075,40,interleaved
40030,30,0,0.0874131373442237,0.4954171998103148,40,interleaved
40031,31,0,0.4789865844013219,0.4967967193380194,40,interleaved
40032,32,0,0.09302307392194104,0.47479040209424106,40,interleaved
40033,33,0,0.5195295449589308,0.4100173423502178,40,interleaved
40034,34,0,0.6155652312434395,0.33445929516374073,40,interleaved
40035,35,0,0.7543315204332763,0.4797202671844118,40,interleaved
40036,36,0,0.8345862013413591,0.34888768697357325,40,interleaved
40037,37,0,0.5578660653454772,0.45579718232923905,40,interleaved
40038,38,0,0.5960630405670541,0.5779626051519907,40,interleaved
40039,39,0,0.35528850740671114,0.35618441271639534,40,interleaved
40040,40,0,0.14005344700811423,0.3936930135759529,40,interleaved
40041,41,0,0.5689264847127784,0.41214767803522856,40,interleaved
40042,42,0,0.19655868585796724,0.4334377887052715,40,interleaved
40043,43,0,0.4196216004990996,0.3851413631825513,40,interleaved
40044,44,0,0.18392572115375297,0.3537967597848216,40,interleaved
40045,45,0,0.5276275398711862,0.4512980921292916,40,interleaved
40046,46,0,0.19215059824046385,0.5919564046465385,40,interleaved
40047,47,0,0.08275323428085127,0.734760359838273,40,interleaved
40048,48,0,0.7926672380112298,0.4070024495370844,40,interleaved
40049,49,0,0.47679905469379064,0.41694569957421657,40,interleaved
40050,50,0,0.7800748778953919,0.46461459538989086,40,interleaved
40051,51,0,0.4863668937174273,0.4449573695256014,40,interleaved
40052,52,0,0.19239355618752763,0.5151013322096103,40,interleaved
40053,53,0,0.5121728043168919,0.3153284204036396,40,interleaved
40054,54,0,0.2202207880805989,0.4655831808777493,40,interleaved
40055,55,0,0.8260066281544187,0.4538427822957844,40,interleaved
40056,56,0,0.7269349937721233,0.2672666001687088,40,interleaved
40057,57,0,0.7117164754790088,0.5227771671569466,40,interleaved
40058,58,0,0.43764493109571306,0.5637977833233709,40,interleaved
40059,59,0,0.24574832235281943,0.4131589714176743,40,interleaved
40060,60,0,0.3256544714758191,0.4385004800842264,40,interleaved
40061,61,0,0.22335473188657098,0.45223116508974726,40,interleaved
40062,62,0,0.1709045156181545,0.47129404410936737,40,interleaved
40063,63,0,0.7639943617371601,0.40917789576738633,40,interleaved
40064,64,0,0.7747844842848868,0.44400749743518564,40,interleaved
40065,65,0,0.29849620471800387,0.4075223845469873,40,interleaved
40066,66,0,0.7741805122264274,0.324808269529237,40,interleaved
40067,67,0,0.7842738191197325,0.4564133501480404,40,interleaved
40068,68,0,0.40999429031861034,0.42827830792701915,40,interleaved
40069,69,0,0.17023496673550914,0.5306885324208035,40,interleaved
40070,70,0,0.8733247626964403,0.4278912569482506,40,interleaved
40071,71,0,0.5341426125670516,0.3269222749846965,40,interleaved
40072,72,0,0.12798651447058396,0.5124668110606532,40,interleaved
40073,73,0,0.41580697453640675,0.370101198747377,40,interleaved
40074,74,0,0.8735942996343597,0.26860336223994064,40,interleaved
40075,75,0,0.5554639467685321,0.3379970898752621,40,interleaved
40076,76,0,0.0974137111323142,0.42372322763291903,40,interleaved
40077,77,0,0.3447847219398566,0.39409882100809396,40,interleaved
40078,78,0,0.17572884519366985,0.37065074169381595,40,interleaved
40079,79,0,0.43891307807502156,0.4566237178479866,40,interleaved
40080,80,0,0.08783460483823938,0.47909653050064493,40,interleaved
40081,81,0,0.5454251895089395,0.4908094832465365,40,interleaved
40082,82,0,0.8589855081250388,0.5758219873996727,40,interleaved
40083,83,0,0.5227931206735547,0.37282904728802646,40,interleaved
40084,84,0,0.10189442765441666,0.5425387416673971,40,interleaved
40085,85,0,0.33637880111441054,0.5884325531469781,40,interleaved
40086,86,0,0.2121121422913082,0.3832114650780447,40,interleaved
40087,87,0,0.8956483571879498,0.26356886818313685,40,interleaved
40088,88,0,0.6986416378730386,0.4306342921973119,40,interleaved
40089,89,0,0.5114485663402302,0.328687018287526,40,interleaved
40090,90,0,0.7218217130192174,0.5469381849267513,40,interleaved
40091,91,0,0.4402994052542861,0.605199195515555,40,interleaved
40092,92,0,0.8309873343718223,0.475025722682566,40,interleaved
40093,93,0,0.6098196484485917,0.5124389486754581,40,interleaved
40094,94,0,0.11555977447998741,0.6353655143236216,40,interleaved
40095,95,0,0.5277159467770358,0.6710060057328757,40,interleaved
40096,96,0,0.7407348056391052,0.2687369615619314,40,interleaved
40097,97,0,0.6764057741137893,0.5582199948109519,40,interleaved
40098,98,0,0.7663398567205659,0.31276778916064213,40,interleaved
40099,99,0,0.8799704450518029,0.38280306165295686,40,interleaved
40100,100,0,0.923760374985078,0.2939682819410885,40,interleaved
40101,101,0,0.657784724217334,0.47488025145888957,40,interleaved
40102,102,0,0.8758947073793051,0.28801755908724325,40,interleaved
40103,103,0,0.7414304771684641,0.44714494762188445,40,interleaved
40104,104,0,0.6767316579834407,0.35338624827902126,40,interleaved
40105,105,0,0.10884158164818766,0.43586452791326846,40,interleaved
40106,106,0,0.6969639675427437,0.4990907970523323,40,interleaved
40107,107,0,0.7838664411921248,0.4552584793857414,40,interleaved
40108,108,0,0.33206598441869184,0.48213224755877754,40,interleaved
40109,109,0,0.4718984203795839,0.42984659508677187,40,interleaved
40110,110,0,0.7356013321252627,0.36154502776576924,40,interleaved
40111,111,0,0.3344622625412181,0.519646003918542,40,interleaved
40112,112,0,0.10584912273839639,0.4407615868450968,40,interleaved
40113,113,0,0.24666649697122892,0.5855858397819034,40,interleaved
40114,114,0,0.07928185904739822,0.4399562093636551,40,interleaved
40115,115,0,0.6272935240953007,0.411736395878894,40,interleaved
40116,116,0,0.9329278810777224,0.48036372456514986,40,interleaved
40117,117,0,0.37115529198411973,0.36440120070153265,40,interleaved
40118,118,0,0.8737874377892597,0.318721575084026,40,interleaved
40119,119,0,0.3901498734752217,0.49408913152286216,40,interleaved
40120,120,0,0.8056942189826382,0.35070738854990835,40,interleaved
40121,121,0,0.5993329161390524,0.5380189038094975,40,interleaved
40122,122,0,0.851245432870801,0.3073115019939845,40,interleaved
40123,123,0,0.4169405476409839,0.6300724258190873,40,interleaved
40124,124,0,0.8501332336971978,0.4645494916835353,40,interleaved
40125,125,0,0.6543630303257431,0.30642467330139267,40,interleaved
40126,126,0,0.9373040405320392,0.321702513413047,40,interleaved
40127,127,0,0.4819427504314167,0.3817431611550355,40,interleaved
40128,128,0,0.8781890587318077,0.2870087162730748,40,interleaved
40129,129,0,0.518251996696297,0.49318602333731204,40,interleaved
40130,130,0,0.08437315462223148,0.5101049729372331,40,interleaved
40131,131,0,0.5426132248310792,0.4304260690210914,40,interleaved
40132,132,0,0.11785949346003649,0.5456323725720031,40,interleaved
40133,133,0,0.9507487571263827,0.5255497646645542,40,interleaved
40134,134,0,0.7139504490819317,0.36522726500433994,40,interleaved
40135,135,0,0.28188163072305994,0.3761434016589349,40,interleaved
40136,136,0,0.3884095645371023,0.5078218915297219,40,interleaved
40137,137,0,0.34893695747843606,0.46301259194799144,40,interleaved
40138,138,0,0.5283577721654459,0.2579865346519078,40,interleaved
40139,139,0,0.8038472066950866,0.405143252369201,40,interleaved
40140,140,0,0.1904458012321036,0.4278499289373447,40,interleaved
40141,141,0,0.10123380597689309,0.5431811940705038,40,interleaved
40142,142,0,0.21462454637313783,0.4737371348531506,40,interleaved
40143,143,0,0.44865286786890657,0.47819290501101563,40,interleaved
40144,144,0,0.3367581704155798,0.44592975147580083,40,interleaved
40145,145,0,0.8869849419939313,0.21793117728870176,40,interleaved
40146,146,0,0.8365460058523622,0.4724486603464929,40,interleaved
40147,147,0,0.9519556112068077,0.28478850260132754,40,interleaved
40148,148,0,0.8314411243595003,0.35810724715316355,40,interleaved
40149,149,0,0.35968681370451794,0.3507565255944137,40,interleaved
40150,150,0,0.361942733702318,0.42174769464581097,40,interleaved
40151,151,0,0.3524274935754817,0.4617032230753533,40,interleaved
40152,152,0,0.698316179824743,0.30512866268123395,40,interleaved
40153,153,0,0.40383327724510953,0.38140442902172467,40,interleaved
40154,154,0,0.19381720120798424,0.5214114759547667,40,interleaved
40155,155,0,0.6396681944113227,0.39242641745573575,40,interleaved
40156,156,0,0.693563832897691,0.3306094869860493,40,interleaved
40157,157,0,0.428966533605067,0.4009018918728508,40,interleaved
40158,158,0,0.8174271706153623,0.41747422498238784,40,interleaved
40159,159,0,0.4882293270528642,0.36194041963977214,40,interleaved
40160,160,0,0.38756383604458355,0.4069651804139139,40,interleaved
40161,161,0,0.3693557770809727,0.4613070339124411,40,interleaved
40162,162,0,0.19745773439269465,0.40002891989323847,40,interleaved
40163,163,0,0.44396364248377174,0.2987694259508446,40,interleaved
40164,164,0,0.20300912984330838,0.48036034522432547,40,interleaved
40165,165,0,0.40589963033622145,0.45319314640822395,40,interleaved
40166,166,0,0.3709101851643465,0.4473727241779796,40,interleaved
40167,167,0,0.40066606654195336,0.5672154686992885,40,interleaved
40168,168,0,0.4590029914627716,0.3963979895571549,40,interleaved
40169,169,0,0.41047213352702067,0.36871666703616723,40,interleaved
40170,170,0,0.6731751565793731,0.46233164027514,40,interleaved
40171,171,0,0.7984273775633505,0.4127794314067572,40,interleaved
40172,172,0,0.36730790677677105,0.5995782827716163,40,interleaved
40173,173,0,0.7799697425164038,0.38804913858089196,40,interleaved
40174,174,0,0.97908387976548,0.2742087854053018,40,interleaved
40175,175,0,0.1132097426449481,0.48566455752396254,40,interleaved
40176,176,0,0.6565655659438103,0.41460428356380274,40,interleaved
40177,177,0,0.7937729870138881,0.30871059551712243,40,interleaved
40178,178,0,0.6601914580640221,0.299193109794798,40,interleaved
40179,179,0,0.41301592192060926,0.48789273551454027,40,interleaved
40180,180,0,0.3992221857153396,0.3182228098392128,40,interleaved
40181,181,0,0.7360459815307354,0.3886213809468339,40,interleaved
40182,182,0,0.3280970177541257,0.4581212026208411,40,interleaved
40183,183,0,0.2013105741619945,0.623605615544568,40,interleaved
40184,184,0,0.4188920701961048,0.5054506075800357,40,interleaved
40185,185,0,0.878615787692717,0.25091454217319265,40,interleaved
40186,186,0,0.6812060342835965,0.3973180582042076,40,interleaved
40187,187,0,0.49348021331716735,0.4424428742158125,40,interleaved
40188,188,0,0.157427236303844,0.4117358629114737,40,interleaved
40189,189,0,0.07272293206145658,0.3543799178248449,40,interleaved
40190,190,0,0.6580000170604525,0.5398025615756702,40,interleaved
40191,191,0,0.5529161699987675,0.29087927863094687,40,interleaved
40192,192,0,0.17153797719682973,0.46111144887350786,40,interleaved
40193,193,0,0.7825265895780831,0.44639518769139186,40,interleaved
40194,194,0,0.9288852733154386,0.28183575070023514,40,interleaved
40195,195,0,0.598897503603046,0.3042690269834518,40,interleaved
40196,196,0,0.4354603043763578,0.4335698192606625,40,interleaved
40197,197,0,0.21726894773840594,0.41495594953413806,40,interleaved
40198,198,0,0.39216060078401677,0.3560211171856893,40,interleaved
40199,199,0,0.9907696637015722,0.4072984027401163,40,interleaved
40200,0,0,0.5459037356059755,0.7436706393934964,40,blocked
40201,1,0,0.5484775564863376,0.47426056403419403,40,blocked
40202,2,0,0.5034990919290689,0.5154401158634755,40,blocked
40203,3,0,0.5641934952284275,0.3635516387025183,40,blocked
40204,4,0,0.7875208495717645,0.3810057590394618,40,blocked
40205,5,0,0.5745186556946145,0.494382282911329,40,blocked
40206,6,0,0.404105628221227,0.6140047567051996,40,blocked
40207,7,0,0.907689203225622,0.5638343975503838,40,blocked
40208,8,0,0.5079773189323127,0.6756975147812305,40,blocked
40209,9,0,0.4341281679427222,0.45567622370798144,40,blocked
40210,10,0,0.605272563229954,0.4744968500296769,40,blocked
40211,11,0,0.11367557272991974,0.45580839261769834,40,blocked
40212,12,0,0.1453727683594817,0.5692267787064156,40,blocked
40213,13,0,0.5028476169760965,0.36857717915676314,40,blocked
40214,14,0,0.39715653657206157,0.5710188079567469,40,blocked
40215,15,0,0.32390588999285597,0.41554746057664477,40,blocked
40216,16,0,0.4386150843494609,0.37736610100644696,40,blocked
40217,17,0,0.4738864978181589,0.5548624005592799,40,blocked
40218,18,0,0.4381704293132286,0.29170084906083693,40,blocked
40219,19,0,0.5666258017990258,0.2751000459969595,40,blocked
40220,20,0,0.43666743212149745,0.4132488357629016,40,blocked
40221,21,0,0.43542310909761606,0.591455619780413,40,blocked
40222,22,0,0.4772482338040105,0.36379611315092036,40,blocked
40223,23,0,0.510731489530242,0.5377839049259919,40,blocked
40224,24,0,0.4220504317081939,0.4565338450717876,40,blocked
40225,25,0,0.6888420426028186,0.4789152382276579,40,blocked
40226,26,0,0.43151843607256124,0.5883037737410093,40,blocked
40227,27,0,0.4855575323107786,0.4433312455494918,40,blocked
40228,28,0,0.5024256067482378,0.611226817079022,40,blocked
40229,29,0,0.6222700829036762,0.44489935244954015,40,blocked
40230,30,0,0.25113579827222504,0.4170438107478371,40,blocked
40231,31,0,0.3622091660811342,0.4865322777568132,40,blocked
40232,32,0,0.5528487794906237,0.4732853621920907,40,blocked
40233,33,0,0.3477182082352443,0.4988370788335768,40,blocked
40234,34,0,0.3379741897288632,0.3721888300126175,40,blocked
40235,35,0,0.3918609009373446,0.5022034760886425,40,blocked
40236,36,0,0.6265619426359609,0.4768019960284081,40,blocked
40237,37,0,0.3144461923876164,0.49260290063457285,40,blocked
40238,38,0,0.48527207570968744,0.4747535443289772,40,blocked
40239,39,0,0.6504616240134524,0.35297287227095053,40,blocked
40240,40,0,0.2734155464496032,0.5337522130588298,40,blocked
40241,41,0,0.4817253316967236,0.3530587167656801,40,blocked
40242,42,0,0.6382499285183985,0.4297491235496135,40,blocked
40243,43,0,0.08623539720459067,0.5349282057213172,40,blocked
40244,44,0,0.3920579807730185,0.5251340797705444,40,blocked
40245,45,0,0.67613345228658,0.32773837736077943,40,blocked
40246,46,0,0.19094665818989082,0.43374881094772566,40,blocked
40247,47,0,0.37545914811062775,0.4103440085670469,40,blocked
40248,48,0,0.9006877130512896,0.309193058319654,40,blocked
40249,49,0,0.15928864429675282,0.3810104958673579,40,blocked
40250,50,0,0.6672107246879461,0.4592354361710257,40,blocked
40251,51,0,0.11596885080956224,0.5238818690559325,40,blocked
40252,52,0,0.5727807863812884,0.30893873357372237,40,blocked
40253,53,0,0.7556202987527347,0.3773099893436327,40,blocked
40254,54,0,0.8709363178853179,0.29706375527985995,40,blocked
40255,55,0,0.7513636497553655,0.31887893024349384,40,blocked
40256,56,0,0.9881534790523729,0.32433624970619546,40,blocked
40257,57,0,0.343090097116703,0.48586414643673864,40,blocked
40258,58,0,0.21701432306344962,0.4997949753655617,40,blocked
40259,59,0,0.5509401481002193,0.3926815126839903,40,blocked
40260,60,0,0.5356669363249777,0.42758975224609197,40,blocked
40261,61,0,0.28166041770110206,0.4412340709690734,40,blocked
40262,62,0,0.6722333718899471,0.41780949219263497,40,blocked
40263,63,0,0.8328572167048998,0.5327935187042904,40,blocked
40264,64,0,0.4405078576140163,0.5360791434172724,40,blocked
40265,65,0,0.7430073082377215,0.3641135413119292,40,blocked
40266,66,0,0.6773368564999882,0.43242767824866074,40,blocked
40267,67,0,0.8621832778155747,0.507098904750051,40,blocked
40268,68,0,0.9339846512833299,0.3756078489440918,40,blocked
40269,69,0,0.09014549984390816,0.580194874648,40,blocked
40270,70,0,0.7093887038087676,0.3293776440316823,40,blocked
40271,71,0,0.846546144271263,0.27537015719164665,40,blocked
40272,72,0,0.7884102272884701,0.36685968666904606,40,blocked
40273,73,0,0.134769545513805,0.42102846162615004,40,blocked
40274,74,0,0.8319827849581736,0.4423938791942339,40,blocked
40275,75,0,0.6593249378918198,0.3113904380561568,40,blocked
40276,76,0,0.9641044730641255,0.2851986044381568,40,blocked
40277,77,0,0.12350724064854046,0.32236520704901594,40,blocked
40278,78,0,0.6857225104839213,0.3553590296066489,40,blocked
40279,79,0,0.4052351117242774,0.43476065195975166,40,blocked
40280,80,0,0.5806133480676983,0.3791488438361843,40,blocked
40281,81,0,0.07925053304653426,0.4058663600536214,40,blocked
40282,82,0,0.6899057278593334,0.2823356355362626,40,blocked
40283,83,0,0.9583956783902713,0.41049432697448673,40,blocked
40284,84,0,0.7844605173134847,0.5666763242950894,40,blocked
40285,85,0,0.2985684793759847,0.4384675359499134,40,blocked
40286,86,0,0.5131932092207389,0.3942425476077034,40,blocked
40287,87,0,0.7397198713727837,0.47706740673801395,40,blocked
40288,88,0,0.3727052698343636,0.4865486232752708,40,blocked
40289,89,0,0.5540800065002958,0.3479986117053536,40,blocked
40290,90,0,0.8601728189325875,0.43179278146984895,40,blocked
40291,91,0,0.6129697398379249,0.2956680959154161,40,blocked
40292,92,0,0.7442396009107237,0.348002990224361,40,blocked
40293,93,0,0.7634042134201542,0.3321827551828129,40,blocked
40294,94,0,0.3111380286412742,0.605996628965831,40,blocked
40295,95,0,0.49423613859300236,0.3971248041282307,40,blocked
40296,96,0,0.7775923681774395,0.4103020975394943,40,blocked
40297,97,0,0.7884504154983899,0.27175466780096735,40,blocked
40298,98,0,0.04417434078476919,0.4223966563787084,40,blocked
40299,99,0,0.18267082724274888,0.37064476594334583,40,blocked
40300,100,0,0.5606517577906841,0.5127565988517457,40,blocked
40301,101,0,0.3966255120412253,0.32028334278938614,40,blocked
40302,102,0,0.14478236026653807,0.4895592606800755,40,blocked
40303,103,0,0.27722823504440836,0.3379322347259074,40,blocked
40304,104,0,0.26850412037467736,0.36319928052792155,40,blocked
40305,105,0,0.871889164107778,0.5504444993513378,40,blocked
40306,106,0,0.9629217078632315,0.3366937699955288,40,blocked
40307,107,0,0.730690573000339,0.3001601085215548,40,blocked
40308,108,0,0.26228829844541823,0.3840448465301267,40,blocked
40309,109,0,0.6177255871430455,0.45107756189773907,40,blocked
40310,110,0,0.5153652268078773,0.4000106906722939,40,blocked
40311,111,0,0.6525097338359673,0.45565665010928846,40,blocked
40312,112,0,0.9090082568578544,0.46585460580770266,40,blocked
40313,113,0,0.6163007039424573,0.5699752341760076,40,blocked
40314,114,0,0.9776413209450426,0.4197083196610551,40,blocked
40315,115,0,0.3430367263426861,0.6122343978302764,40,blocked
40316,116,0,0.7239480691076208,0.3738486528652191,40,blocked
40317,117,0,0.2901121955849994,0.42722464690419515,40,blocked
40318,118,0,0.8903729937257747,0.3629845309961055,40,blocked
40319,119,0,0.09875582764383188,0.408509870803305,40,blocked
40320,120,0,0.5012189011426441,0.3328131928822299,40,blocked
40321,121,0,0.3238357669153184,0.29047381848378767,40,blocked
40322,122,0,0.5110283457621257,0.34422253072854825,40,blocked
40323,123,0,0.4591835721299253,0.35887594087799674,40,blocked
40324,124,0,0.41857376615988395,0.27565706200547735,40,blocked
40325,125,0,0.3677566133729988,0.30646744205711596,40,blocked
40326,126,0,0.6621890573742235,0.44349447445115653,40,blocked
40327,127,0,0.35365008792950486,0.3605113899064477,40,blocked
40328,128,0,0.49787934947625206,0.31065856579385626,40,blocked
40329,129,0,0.9525118946056801,0.4174481672609792,40,blocked
40330,130,0,0.8926037029216658,0.3889214166392029,40,blocked
40331,131,0,0.720996811188588,0.40289514341683397,40,blocked
40332,132,0,0.8124907072428534,0.26792137686302336,40,blocked
40333,133,0,0.5280269426379575,0.3006472991933837,40,blocked
40334,134,0,0.5598588945388266,0.49380904821831306,40,blocked
40335,135,0,0.34211833423979393,0.5268503932492852,40,blocked
40336,136,0,0.4514037790524338,0.4162757003497207,40,blocked
40337,137,0,0.46210411736203016,0.3024262780022442,40,blocked
40338,138,0,0.8120137043584461,0.31602393139325546,40,blocked
40339,139,0,0.329181511280072,0.32020877470432124,40,blocked
40340,140,0,0.675016496620404,0.2598953341195501,40,blocked
40341,141,0,0.3546910642661963,0.3163756451888015,40,blocked
40342,142,0,0.843744470372586,0.2070085183025433,40,blocked
40343,143,0,0.3194244555146718,0.30361372718339663,40,blocked
40344,144,0,0.44432272416264446,0.43366347049129383,40,blocked
40345,145,0,0.9973725594151173,0.28338936067824494,40,blocked
40346,146,0,0.9973938505377846,0.5429319764377232,40,blocked
40347,147,0,0.48907843208750146,0.3375701160429714,40,blocked
40348,148,0,0.8021760035597978,0.5359528799428671,40,blocked
40349,149,0,0.8862167258423473,0.35882431161670625,40,blocked
40350,150,0,0.8635643717980952,0.3831088902296854,40,blocked
40351,151,0,0.8139740869921144,0.31681281626490654,40,blocked
40352,152,0,0.7541816691579116,0.2656007395066614,40,blocked
40353,153,0,0.5947450254514225,0.2065437306386142,40,blocked
40354,154,0,0.9967450926803141,0.3150092192210315,40,blocked
40355,155,0,0.973855778084922,0.4072783670397424,40,blocked
40356,156,0,0.9828309895832473,0.3037226866890066,40,blocked
40357,157,0,0.29687093804528514,0.44983595522459596,40,blocked
40358,158,0,0.9338375574353157,0.23719899971061217,40,blocked
40359,159,0,0.339470808155353,0.2292394807735529,40,blocked
40360,160,0,0.43559470017678187,0.3420801575202119,40,blocked
40361,161,0,0.7680525972682611,0.30580437592082543,40,blocked
40362,162,0,0.42725887559918785,0.267804067465688,40,blocked
40363,163,0,0.6451111748513737,0.4007488734155567,40,blocked
40364,164,0,0.40501400427872075,0.3673170223993948,40,blocked
40365,165,0,0.9581740242655574,0.4139763791284937,40,blocked
40366,166,0,0.4721148944475322,0.25886111223099356,40,blocked
40367,167,0,0.5445237182321377,0.2500563315664646,40,blocked
40368,168,0,0.8237338242424148,0.27332265490097946,40,blocked
40369,169,0,0.6628515120739845,0.3102565386768099,40,blocked
40370,170,0,0.6544235982427724,0.27275348237713704,40,blocked
40371,171,0,0.4545041951068379,0.32353468229805826,40,blocked
40372,172,0,0.7128014333215726,0.3159075454225685,40,blocked
40373,173,0,0.4944160167166541,0.41519233726731575,40,blocked
40374,174,0,0.9366256031129698,0.22459986847617217,40,blocked
40375,175,0,0.7733653265116665,0.34973055147425525,40,blocked
40376,176,0,0.9127397208652831,0.25046876777349036,40,blocked
40377,177,0,0.512413427268815,0.28572995906058785,40,blocked
40378,178,0,0.24683797772155835,0.35051478719799134,40,blocked
40379,179,0,0.5223986653942738,0.3762816804093123,40,blocked
40380,180,0,0.5773088046024873,0.3222635670026825,40,blocked
40381,181,0,0.8189932422377617,0.4078109988551768,40,blocked
40382,182,0,0.9770439709292873,0.5742774376345392,40,blocked
40383,183,0,0.16898233561319947,0.30700697025207635,40,blocked
40384,184,0,0.6801046169026319,0.2750669692142621,40,blocked
40385,185,0,0.6410390206977807,0.28199620609925063,40,blocked
40386,186,0,0.7519218894040182,0.34224546713245907,40,blocked
40387,187,0,0.4657318206821039,0.47532666113598326,40,blocked
40388,188,0,0.34946350059781023,0.32924209698305296,40,blocked
40389,189,0,0.5348493773709209,0.3003151965817038,40,blocked
40390,190,0,0.5401469641785108,0.24792105744492185,40,blocked
40391,191,0,0.8510559864102076,0.3697643036697692,40,blocked
40392,192,0,0.9404259247364095,0.34053191703339514,40,blocked
40393,193,0,0.5141456413396438,0.35909109149432805,40,blocked
40394,194,0,0.42664118403785256,0.3038085979759113,40,blocked
40395,195,0,0.5914661881134198,0.3018202279979445,40,blocked
40396,196,0,0.7345838335164746,0.21664853738795498,40,blocked
40397,197,0,0.4357247452467511,0.21815905099164762,40,blocked
40398,198,0,0.5411925216494808,0.3080835470803478,40,blocked
40399,199,0,0.9269813430476355,0.22428293822025377,40,blocked
40400,0,0,0.020214391964649418,0.6782756631270442,40,early
40401,1,0,0.31136795638454123,0.8835073654230218,40,early
40402,2,0,0.5347708097752807,0.531103714518407,40,early
40403,3,0,0.702965086670383,0.4518516610164405,40,early
40404,4,0,0.18567393852749792,0.5100508381910518,40,early
40405,5,0,0.7637289942436826,0.4141823994339387,40,early
40406,6,0,0.2538430857487296,0.6077086543654089,40,early
40407,7,0,0.5534208154326403,0.6090726818266406,40,early
40408,8,0,0.7882091291772371,0.7190007758387646,40,early
40409,9,0,0.20437978224691597,0.44981716943833294,40,early
40410,10,0,0.58088902926323,0.4002854256422927,40,early
40411,11,0,0.7235695881721362,0.5795335272120432,40,early
40412,12,0,0.31944887705618885,0.5181967825877073,40,early
40413,13,0,0.7652609906745527,0.4708211921756692,40,early
40414,14,0,0.5785746561196119,0.46453123341137414,40,early
40415,15,0,0.9519315665671555,0.4329517418984671,40,early
40416,16,0,0.6071416234639456,0.6286613811352325,40,early
40417,17,0,0.5291764517894978,0.4252361710409268,40,early
40418,18,0,0.40936070542512903,0.45092431440974073,40,early
40419,19,0,0.7286917292071367,0.5382176983381943,40,early
40420,20,0,0.478728152446725,0.4593854100950451,40,early
40421,21,0,0.4215464540745252,0.4788244170489643,40,early
40422,22,0,0.5883099973082028,0.5582731723508034,40,early
40423,23,0,0.4228688107825465,0.7225873944060217,40,early
40424,24,0,0.5549816092593032,0.3782030126970404,40,early
40425,25,0,0.9335136905475279,0.41222901206273366,40,early
40426,26,0,0.16733984301584534,0.5591146898597934,40,early
40427,27,0,0.9199074428881839,0.42685341196514404,40,early
40428,28,0,0.6969400284172317,0.4117701750627367,40,early
40429,29,0,0.9738407219667096,0.4777394919039665,40,early
40430,30,0,0.8656255642852504,0.4332412993022514,40,early
40431,31,0,0.4488521045063027,0.42135430514431216,40,early
40432,32,0,0.4914247437776371,0.44850688119477494,40,early
40433,33,0,0.5012516408072545,0.4391044779632247,40,early
40434,34,0,0.8670449135828979,0.3307292695701938,40,early
40435,35,0,0.16042648981079435,0.5968608603302399,40,early
40436,36,0,0.8306479545677757,0.5246680282737293,40,early
40437,37,0,0.8620318568769632,0.45215896822565294,40,early
40438,38,0,0.6942527000701877,0.4744784879933074,40,early
40439,39,0,0.7782938303198079,0.4792796451615515,40,early
40440,40,0,0.2952764746636724,0.5466922804604131,40,early
40441,41,0,0.4128052413883992,0.34605906055820207,40,early
40442,42,0,0.33228300560117263,0.5807858673632158,40,early
40443,43,0,0.24636172644325538,0.5239085402244166,40,early
40444,44,0,0.265763106722568,0.4629192608107165,40,early
40445,45,0,0.4837483377485607,0.35094991415936616,40,early
40446,46,0,0.41684897640641316,0.514116994783826,40,early
40447,47,0,0.32465733648002315,0.5205125235395549,40,early
40448,48,0,0.34253741363351675,0.4104972279143953,40,early
40449,49,0,0.49387932308736165,0.4909074325127557,40,early
40450,50,0,0.5251623134258396,0.3508959278663536,40,early
40451,51,0,0.3056487621097341,0.39385356113931896,40,early
40452,52,0,0.5223583668155631,0.44129885127787555,40,early
40453,53,0,0.6754960047599928,0.5885787036888002,40,early
40454,54,0,0.15769147554988602,0.5264628860143667,40,early
40455,55,0,0.053986021331666974,0.7095280156419457,40,early
40456,56,0,0.4411958838334739,0.41805888291968074,40,early
40457,57,0,0.4497814407561944,0.43455179641329433,40,early
40458,58,0,0.594204578757093,0.5610129015225573,40,early
40459,59,0,0.5505492066772655,0.43105018602980383,40,early
40460,60,0,0.6594949788359952,0.4296011383345344,40,early
40461,61,0,0.880420670048587,0.4109418258672081,40,early
40462,62,0,0.8054933304072639,0.3588249153932973,40,early
40463,63,0,0.2549583154897952,0.4808680424932146,40,early
40464,64,0,0.6054024466030281,0.37988606827371085,40,early
40465,65,0,0.43616386617865505,0.5521859586867772,40,early
40466,66,0,0.8422575094801397,0.43022349046577507,40,early
40467,67,0,0.0326967244058359,0.5518826486585999,40,early
40468,68,0,0.9318560778273535,0.3797235813188139,40,early
40469,69,0,0.32225392801158254,0.38626687873900184,40,early
40470,70,0,0.17083498854482895,0.3732695695367845,40,early
40471,71,0,0.9083122174275727,0.5411306542253532,40,early
40472,72,0,0.45310014316744557,0.6257504039894876,40,early
40473,73,0,0.7466479632482113,0.3509910448395146,40,early
40474,74,0,0.7574603627871468,0.3418209235169647,40,early
40475,75,0,0.9151323537286773,0.35515816713024156,40,early
40476,76,0,0.052741274497932304,0.5538098734320138,40,early
40477,77,0,0.8455831341599074,0.344379143885753,40,early
40478,78,0,0.7976342783369776,0.35734981966533913,40,early
40479,79,0,0.13924854800698327,0.6666897362653439,40,early
40480,80,0,0.26773909551571756,0.39469460286374075,40,early
40481,81,0,0.09890354385551756,0.4437630551786051,40,early
40482,82,0,0.7148122822505303,0.45410271528108315,40,early
40483,83,0,0.5705313901350004,0.3489104177097378,40,early
40484,84,0,0.09901801750224659,0.44469787186080456,40,early
40485,85,0,0.8318408750642043,0.5290504259953303,40,early
40486,86,0,0.492039632252061,0.43093572943072056,40,early
40487,87,0,0.87452454829614,0.33542857711296603,40,early
40488,88,0,0.49676978557757673,0.6184129318592768,40,early
40489,89,0,0.22360826869649544,0.4674056701086283,40,early
40490,90,0,0.26694731384869835,0.4066130939779475,40,early
40491,91,0,0.5431759109599813,0.4372813091033883,40,early
40492,92,0,0.5719003574832624,0.4665819452080023,40,early
40493,93,0,0.6671016919818679,0.44670624759999555,40,early
40494,94,0,0.6050998276796662,0.5496619691796512,40,early
40495,95,0,0.6870219983160187,0.5669842147217636,40,early
40496,96,0,0.6760995697190522,0.3318716768781424,40,early
40497,97,0,0.686635664907996,0.4367057890928273,40,early
40498,98,0,0.7377215544078205,0.3653355304886366,40,early
40499,99,0,0.5461572855685138,0.39824381793467634,40,early
40500,100,0,0.2680380003406094,0.44268982545714564,40,early
40501,101,0,0.5271939818296393,0.4050974407013921,40,early
40502,102,0,0.8018538862204444,0.3483085303243534,40,early
40503,103,0,0.43668601819956543,0.45781139148966954,40,early
40504,104,0,0.7600694678328004,0.3710930279172857,40,early
40505,105,0,0.7999654853060356,0.43029033416867124,40,early
40506,106,0,0.6614460451994182,0.36115897524795715,40,early
40507,107,0,0.4313828737893383,0.4509466627815697,40,early
40508,108,0,0.7207853777252142,0.4512634426300609,40,early
40509,109,0,0.6327339114534273,0.49722963053772484,40,early
40510,110,0,0.7997716799029819,0.42925762409514107,40,early
40511,111,0,0.7927674192719842,0.4682948286287103,40,early
40512,112,0,0.4311067797760272,0.39267486292130305,40,early
40513,113,0,0.5563951206322443,0.29988426509189414,40,early
40514,114,0,0.5568759915267392,0.483005197653792,40,early
40515,115,0,0.11098729075720509,0.5068210000633888,40,early
40516,116,0,0.6662954174450358,0.4099803763655073,40,early
40517,117,0,0.42400891471837676,0.37391928730583784,40,early
40518,118,0,0.7049577845543105,0.3776124709736108,40,early
40519,119,0,0.22625849693549027,0.43303353870438693,40,early
40520,120,0,0.8387151401347922,0.41626704815693527,40,early
40521,121,0,0.31764066241011524,0.47177090961765544,40,early
40522,122,0,0.28405132069310446,0.43892891637651166,40,early
40523,123,0,0.16375134207741948,0.3921840044836946,40,early
40524,124,0,0.5394307703180082,0.3990916434655068,40,early
40525,125,0,0.2659327722454216,0.4414956794225543,40,early
40526,126,0,0.5202860239313284,0.2695030151670821,40,early
40527,127,0,0.5473592414924705,0.3630965361933851,40,early
40528,128,0,0.7355720867837909,0.3475876437163262,40,early
40529,129,0,0.4370484058459493,0.36430897382283106,40,early
40530,130,0,0.5961875148796111,0.468545659325676,40,early
40531,131,0,0.9414114208965035,0.37991410491778943,40,early
40532,132,0,0.018407531165130542,0.4535497384948074,40,early
40533,133,0,0.09850428693324603,0.40996481802598156,40,early
40534,134,0,0.48183850117103344,0.39432202185232446,40,early
40535,135,0,0.4104000657891596,0.4173817258725625,40,early
40536,136,0,0.6971243924799327,0.32614219351376345,40,early
40537,137,0,0.7882790299735707,0.39795688422468567,40,early
40538,138,0,0.5677122711375638,0.406073236016703,40,early
40539,139,0,0.4560024480404281,0.5096383022956956,40,early
40540,140,0,0.6198995005405237,0.2958915359918058,40,early
40541,141,0,0.5380410667632074,0.3453360717028958,40,early
40542,142,0,0.8286756097988441,0.38040616172651054,40,early
40543,143,0,0.8499245886156087,0.34531823913074017,40,early
40544,144,0,0.48586986215432104,0.40802563698967587,40,early
40545,145,0,0.6951047285201558,0.4534826038526396,40,early
40546,146,0,0.8903836230255986,0.3247684323520675,40,early
40547,147,0,0.7620808804582677,0.38461330878814953,40,early
40548,148,0,0.5905961293604397,0.33928303313616986,40,early
40549,149,0,0.06274818140102051,0.4086495289996628,40,early
40550,150,0,0.563600730925674,0.28484664717370517,40,early
40551,151,0,0.48800702012069636,0.3869038976476976,40,early
40552,152,0,0.629513063770487,0.40193458417158334,40,early
40553,153,0,0.50650219649122,0.4015137866886423,40,early
40554,154,0,0.3598110047482995,0.42225227783132724,40,early
40555,155,0,0.2728793601383737,0.297028472668132,40,early
40556,156,0,0.8875698776992891,0.33669151257617413,40,early
40557,157,0,0.7430529766946461,0.31643906308979874,40,early
40558,158,0,0.8853352911642731,0.32410467746707783,40,early
40559,159,0,0.5501955000849837,0.5504926760006285,40,early
40560,160,0,0.709415908013721,0.3871458911862053,40,early
40561,161,0,0.6479909270389261,0.3489317613673662,40,early
40562,162,0,0.9413748572980989,0.39080039083131474,40,early
40563,163,0,0.37121074973210255,0.39562501145711093,40,early
40564,164,0,0.6482311410387549,0.32070952836706823,40,early
40565,165,0,0.8106003262732595,0.4019326249397478,40,early
40566,166,0,0.8583920860071461,0.36419169981315935,40,early
40567,167,0,0.8663543209632822,0.30574097683933305,40,early
40568,168,0,0.12740601291041237,0.3600417842056388,40,early
40569,169,0,0.5211079752115657,0.39065099938833797,40,early
40570,170,0,0.5741604862256016,0.35819672417161463,40,early
40571,171,0,0.36861888199301895,0.3831413856662954,40,early
40572,172,0,0.2643166788769651,0.33277388333014557,40,early
40573,173,0,0.215679717695837,0.5244031911716377,40,early
40574,174,0,0.2538131987895966,0.37870547323867265,40,early
40575,175,0,0.07648213845421749,0.4585381213209986,40,early
40576,176,0,0.6812614314010154,0.38678066221551655,40,early
40577,177,0,0.8026541296681458,0.32016968324611644,40,early
40578,178,0,0.5723570388615167,0.3922611670158038,40,early
40579,179,0,0.41369306723463667,0.5334993945295777,40,early
40580,180,0,0.6695326350293651,0.5329857469420367,40,early
40581,181,0,0.29861973381080303,0.5049700453728397,40,early
40582,182,0,0.04851847618951432,0.47747178323660033,40,early
40583,183,0,0.869872461793633,0.3723183032629158,40,early
40584,184,0,0.6816840113996361,0.42534066878441856,40,early
40585,185,0,0.37427582275663074,0.35247542914490854,40,early
40586,186,0,0.29109316597527124,0.3640863604882085,40,early
40587,187,0,0.4874950746713548,0.4294981272720285,40,early
40588,188,0,0.772629546665752,0.4229001691512353,40,early
40589,189,0,0.20942047203596656,0.40944663609370713,40,early
40590,190,0,0.7686593176454861,0.3420763067501984,40,early
40591,191,0,0.31499867349327604,0.36305611803030546,40,early
40592,192,0,0.4285573994195014,0.3632954014835952,40,early
40593,193,0,0.6592480416461944,0.4348938417566874,40,early
40594,194,0,0.46860378679207293,0.4281696739381379,40,early
40595,195,0,0.4865397959742499,0.35589752009341946,40,early
40596,196,0,0.5598564875361219,0.3542864352870594,40,early
40597,197,0,0.6204590237616896,0.3433362794735374,40,early
40598,198,0,0.10588267230674053,0.5787421267625988,40,early
40599,199,0,0.39266084650329586,0.36511913922770717,40,early
40600,0,0,0.5072208414118666,0.6246807254224784,40,middle
40601,1,0,0.027915607070906824,0.7238146023123389,40,middle
40602,2,0,0.7581270238633148,0.5532207042487578,40,middle
40603,3,0,0.5404481222725194,0.6344874636527973,40,middle
40604,4,0,0.33784282207086025,0.5870472237483715,40,middle
40605,5,0,0.0991912999160353,0.5138346204603537,40,middle
40606,6,0,0.8665636765214528,0.4466678419567527,40,middle
40607,7,0,0.5178343032045418,0.6643815092393313,40,middle
40608,8,0,0.2062358238555121,0.5613781605250246,40,middle
40609,9,0,0.3353935162731032,0.41542465379098886,40,middle
40610,10,0,0.114840210523198,0.5535233854251497,40,middle
40611,11,0,0.48153973901488967,0.6079799164251025,40,middle
40612,12,0,0.042700514976616435,0.4885337540966855,40,middle
40613,13,0,0.5024575462021752,0.5216169853989052,40,middle
40614,14,0,0.7058806105886024,0.5528359074562705,40,middle
40615,15,0,0.7258942546533613,0.5955817134032346,40,middle
40616,16,0,0.791344131328495,0.36195930680092164,40,middle
40617,17,0,0.7278901667142821,0.5346980671004924,40,middle
40618,18,0,0.4765942304632533,0.5553638785867225,40,middle
40619,19,0,0.030959722847687873,0.6363433620877987,40,middle
40620,20,0,0.5721388116076227,0.4550548051928305,40,middle
40621,21,0,0.6236278881234254,0.5265328636784621,40,middle
40622,22,0,0.422122418343175,0.6935607222888276,40,middle
40623,23,0,0.5550581005561653,0.49225027937687027,40,middle
40624,24,0,0.2621437050039418,0.6189097233642267,40,middle
40625,25,0,0.8073325523390208,0.4176586417127456,40,middle
40626,26,0,0.6017962420278823,0.399827083618455,40,middle
40627,27,0,0.40047180738318233,0.48946003286278195,40,middle
40628,28,0,0.17796072297793733,0.4758841723455989,40,middle
40629,29,0,0.6224748754043854,0.4279376827811041,40,middle
40630,30,0,0.29414105012351666,0.5492764701287239,40,middle
40631,31,0,0.7012853140929896,0.4652470782087752,40,middle
40632,32,0,0.4931612796748794,0.43498420703290996,40,middle
40633,33,0,0.979879759007818,0.4813373194149184,40,middle
40634,34,0,0.4967966284756287,0.4108910183789632,40,middle
40635,35,0,0.06560516485238752,0.44305893479267855,40,middle
40636,36,0,0.5200380184965445,0.43311971821794304,40,middle
40637,37,0,0.6382560369866067,0.4577220902907323,40,middle
40638,38,0,0.7644569449288177,0.48586796305060703,40,middle
40639,39,0,0.47728141590236267,0.4130841489086361,40,middle
40640,40,0,0.7449635739376398,0.5490243613339946,40,middle
40641,41,0,0.8879288152573772,0.3596877106324985,40,middle
40642,42,0,0.14980446770719089,0.45970150031587315,40,middle
40643,43,0,0.632333221812897,0.4717484144517561,40,middle
40644,44,0,0.2648628886870449,0.5228685302719555,40,middle
40645,45,0,0.8583315305288551,0.4735021197083682,40,middle
40646,46,0,0.304239220221319,0.40657305316034764,40,middle
40647,47,0,0.3389235111067177,0.43724920133467565,40,middle
40648,48,0,0.6302108379852218,0.5671671167821785,40,middle
40649,49,0,0.6355170515511669,0.3453271036845594,40,middle
40650,50,0,0.334785180830834,0.5106104366153115,40,middle
40651,51,0,0.46351743572352067,0.5469553761252192,40,middle
40652,52,0,0.561144082162056,0.46565596291284034,40,middle
40653,53,0,0.8160363241673427,0.3699091399171366,40,middle
40654,54,0,0.1765308642830472,0.5346336400898429,40,middle
40655,55,0,0.3596635549697079,0.5719604538569719,40,middle
40656,56,0,0.4895026184840417,0.5284967281953126,40,middle
40657,57,0,0.4459594905350466,0.47017953602888074,40,middle
40658,58,0,0.5535612522928386,0.4539669063880151,40,middle
40659,59,0,0.6435481944027234,0.4669774443125992,40,middle
40660,60,0,0.8907623461031908,0.5258806839958998,40,middle
40661,61,0,0.844758310072439,0.49188594128181506,40,middle
40662,62,0,0.07074122364486497,0.5326337709672266,40,middle
40663,63,0,0.9418898785414411,0.3630110246429049,40,middle
40664,64,0,0.9443199777518112,0.344780050634363,40,middle
40665,65,0,0.9705836203286162,0.5118388220283346,40,middle
40666,66,0,0.9659353299412579,0.5593250049307629,40,middle
40667,67,0,0.9816763630335701,0.3756572523747891,40,middle
40668,68,0,0.040089002607157476,0.4616223169951479,40,middle
40669,69,0,0.9512479450805318,0.5790903863930543,40,middle
40670,70,0,0.24200764947389639,0.4636351960929923,40,middle
40671,71,0,0.9532856161599725,0.5879897228743866,40,middle
40672,72,0,0.27592531248271096,0.7035511458199506,40,middle
40673,73,0,0.20415025819420307,0.5162874544299765,40,middle
40674,74,0,0.3914918854850097,0.46323449925265925,40,middle
40675,75,0,0.5509009581775438,0.46438315457891877,40,middle
40676,76,0,0.2858968587631271,0.5074611147874479,40,middle
40677,77,0,0.9253470867903032,0.357979995356591,40,middle
40678,78,0,0.9201930098386801,0.42786896532122787,40,middle
40679,79,0,0.08093366484441791,0.4872805890357969,40,middle
40680,80,0,0.47939616011564956,0.436483310779494,40,middle
40681,81,0,0.6338482853642069,0.38315838106010286,40,middle
40682,82,0,0.979012314418575,0.45916898027516767,40,middle
40683,83,0,0.10681350540466387,0.5714451648897227,40,middle
40684,84,0,0.28553998325525054,0.4952370587837108,40,middle
40685,85,0,0.8060183520685023,0.3669377032769183,40,middle
40686,86,0,0.3225670177635874,0.397536433241758,40,middle
40687,87,0,0.8492260003908079,0.39202969823077105,40,middle
40688,88,0,0.46914349829316226,0.4542195638646482,40,middle
40689,89,0,0.3984947549547577,0.4736060452002523,40,middle
40690,90,0,0.46031808680028746,0.4680651958139036,40,middle
40691,91,0,0.48833321387268663,0.46520510446460706,40,middle
40692,92,0,0.3643508599929655,0.38630998617737256,40,middle
40693,93,0,0.47486431216064395,0.4541429238307235,40,middle
40694,94,0,0.42058962737348415,0.3435574507460575,40,middle
40695,95,0,0.6655458487656155,0.47402769782991017,40,middle
40696,96,0,0.08518345198129779,0.5160736031656323,40,middle
40697,97,0,0.1554470266341121,0.5064594740071114,40,middle
40698,98,0,0.6470574673242151,0.5259745364840231,40,middle
40699,99,0,0.5166441210872208,0.49346677854510645,40,middle
40700,100,0,0.8660013229796079,0.4446617537381495,40,middle
40701,101,0,0.13867573100171846,0.5849361237745012,40,middle
40702,102,0,0.46628561438231375,0.49752841525916575,40,middle
40703,103,0,0.4634065764167401,0.5746653969603945,40,middle
40704,104,0,0.3788419729853958,0.5442860853739031,40,middle
40705,105,0,0.5118364247687047,0.4343806205514964,40,middle
40706,106,0,0.6601366112826453,0.38078423130101446,40,middle
40707,107,0,0.8236931208836027,0.45890962372065036,40,middle
40708,108,0,0.5180511538664219,0.3925911747487489,40,middle
40709,109,0,0.9495076043644689,0.3378536216142858,40,middle
40710,110,0,0.6043579743313885,0.45244903296347994,40,middle
40711,111,0,0.4392168794399591,0.588785166725494,40,middle
40712,112,0,0.6530316813086255,0.4097562681130657,40,middle
40713,113,0,0.9764512665582399,0.3216195923227272,40,middle
40714,114,0,0.9551607730595982,0.42679464922383853,40,middle
40715,115,0,0.8894740658389748,0.2708445218074273,40,middle
40716,116,0,0.15483705422615957,0.52905261558804,40,middle
40717,117,0,0.853584392441682,0.4155517304880079,40,middle
40718,118,0,0.1826552484979068,0.31812989205551134,40,middle
40719,119,0,0.6385996651599595,0.37745494783997074,40,middle
40720,120,0,0.5742656818500643,0.3572418934135517,40,middle
40721,121,0,0.20045906962403665,0.42202988077373715,40,middle
40722,122,0,0.7939133762290564,0.5292172172375682,40,middle
40723,123,0,0.32894257971325847,0.5072906625793163,40,middle
40724,124,0,0.7523556142317632,0.36111659100794036,40,middle
40725,125,0,0.5353513144158871,0.31093333924022837,40,middle
40726,126,0,0.9774698154703049,0.3842351277994455,40,middle
40727,127,0,0.5622501747229175,0.3562322114247761,40,middle
40728,128,0,0.6428116781505161,0.2606596133846759,40,middle
40729,129,0,0.13561879841209906,0.5636344754724383,40,middle
40730,130,0,0.8286971820884663,0.27719597410520475,40,middle
40731,131,0,0.9025572005480825,0.3267987368836651,40,middle
40732,132,0,0.7284136657153855,0.4161738170579843,40,middle
40733,133,0,0.7229545263526015,0.38894165138407777,40,middle
40734,134,0,0.6824041480124267,0.3861516358365179,40,middle
40735,135,0,0.6823833069040628,0.4532939719596244,40,middle
40736,136,0,0.42796227051819746,0.41956382857360364,40,middle
40737,137,0,0.03228485558277132,0.4538664781395649,40,middle
40738,138,0,0.33697804941446086,0.3897360027005761,40,middle
40739,139,0,0.24238034408562747,0.5455824480543426,40,middle
40740,140,0,0.7112377839158044,0.46287474579719834,40,middle
40741,141,0,0.2801240982789207,0.4638256288218642,40,middle
40742,142,0,0.966020560302552,0.31944689663737635,40,middle
40743,143,0,0.5584719841330862,0.36609014812883267,40,middle
40744,144,0,0.15367329152628134,0.5861425799176814,40,middle
40745,145,0,0.8033189166125838,0.3917534854096708,40,middle
40746,146,0,0.4160878725431033,0.5413167401798105,40,middle
40747,147,0,0.27024535542827266,0.47878892348729085,40,middle
40748,148,0,0.9506203585383672,0.2982298754571081,40,middle
40749,149,0,0.8825821948599496,0.3518573094297931,40,middle
40750,150,0,0.9142468260599725,0.6435315625261551,40,middle
40751,151,0,0.5869703077446765,0.46783240092071376,40,middle
40752,152,0,0.9183679989889416,0.5066243157132002,40,middle
40753,153,0,0.3902114661618391,0.48128080745487767,40,middle
40754,154,0,0.7880056292901367,0.441498780971289,40,middle
40755,155,0,0.3487261559288173,0.4931528046287603,40,middle
40756,156,0,0.7698882514324097,0.338372238801604,40,middle
40757,157,0,0.38850698920710147,0.49180153068011057,40,middle
40758,158,0,0.4913469190883448,0.36521094675561666,40,middle
40759,159,0,0.5893739027498841,0.3750724555484166,40,middle
40760,160,0,0.5005131433295689,0.5007027785029979,40,middle
40761,161,0,0.6190353793983743,0.5464213330858941,40,middle
40762,162,0,0.8929547824933965,0.3491923248858386,40,middle
40763,163,0,0.3825521514946979,0.41441903545196856,40,middle
40764,164,0,0.2284940345204296,0.38154381111905117,40,middle
40765,165,0,0.8804798533320813,0.3512998856813425,40,middle
40766,166,0,0.8238886767360674,0.3247609949206967,40,middle
40767,167,0,0.2677884938452233,0.4066470230435876,40,middle
40768,168,0,0.30169865475894,0.4935148702561622,40,middle
40769,169,0,0.6585613689791663,0.41138183085276153,40,middle
40770,170,0,0.5198585782860603,0.4209872158684033,40,middle
40771,171,0,0.6992659522840309,0.30353069532106014,40,middle
40772,172,0,0.8600714293957444,0.4817421807808222,40,middle
40773,173,0,0.9650296947258974,0.3745602228605409,40,middle
40774,174,0,0.030369008889085697,0.5598072713293142,40,middle
40775,175,0,0.6563144581195375,0.4799456525584944,40,middle
40776,176,0,0.5557991483094717,0.34407988139306744,40,middle
40777,177,0,0.13377295530683866,0.3811262002533278,40,middle
40778,178,0,0.5235515499210525,0.3570577328581922,40,middle
40779,179,0,0.3940796537518428,0.4261606966487047,40,middle
40780,180,0,0.9644736713182693,0.46392567301195153,40,middle
40781,181,0,0.674385638531487,0.5580810741063724,40,middle
40782,182,0,0.9106309548035467,0.291928952601894,40,middle
40783,183,0,0.6548964462702014,0.3915807046996175,40,middle
40784,184,0,0.3062879317702106,0.4059045262127834,40,middle
40785,185,0,0.515481637669716,0.2829843488643865,40,middle
40786,186,0,0.6965303035756332,0.6250463616097302,40,middle
40787,187,0,0.2329684278921457,0.37959073828418827,40,middle
40788,188,0,0.5833680790134959,0.4298108868218419,40,middle
40789,189,0,0.6891346961844478,0.35614227785814295,40,middle
40790,190,0,0.8164441928865398,0.5068277313800102,40,middle
40791,191,0,0.5825413221587322,0.38092713720511334,40,middle
40792,192,0,0.8877669648741244,0.46090647130226203,40,middle
40793,193,0,0.8227352590995145,0.40931592247387305,40,middle
40794,194,0,0.8363931690917501,0.24697126934482216,40,middle
40795,195,0,0.8987520711743496,0.4161780349852119,40,middle
40796,196,0,0.9694155410235381,0.4874104258532519,40,middle
40797,197,0,0.5273175925635928,0.406659740735878,40,middle
40798,198,0,0.5984803045966799,0.5787143233863664,40,middle
40799,199,0,0.41508293339708485,0.36489657202670345,40,middle
40800,0,0,0.0995781991236335,0.7452225803192452,40,late
40801,1,0,0.036657452618843796,0.5423954295916076,40,late
40802,2,0,0.6472315550287177,0.5875328140043714,40,late
40803,3,0,0.5004924531973242,0.5168983744227933,40,late
40804,4,0,0.1415074388558213,0.5925745593129284,40,late
40805,5,0,0.5300259188340238,0.4268279428892259,40,late
40806,6,0,0.9055835192420141,0.40513086303788876,40,late
40807,7,0,0.3974592299561073,0.5764702053509201,40,late
40808,8,0,0.4304037116868761,0.4411771220840424,40,late
40809,9,0,0.7209755308499681,0.4312361401009088,40,late
40810,10,0,0.9256484890098071,0.30439286789311815,40,late
40811,11,0,0.49930531094439223,0.4731291322038801,40,late
40812,12,0,0.47309201155185726,0.5254591008256284,40,late
40813,13,0,0.4923530274339295,0.497967124345166,40,late
40814,14,0,0.20662250820792039,0.5433520591698082,40,late
40815,15,0,0.6906750144462873,0.3274774964624018,40,late
40816,16,0,0.8056516196049448,0.3555779501149717,40,late
40817,17,0,0.5455642324171964,0.46847563834477374,40,late
40818,18,0,0.8964980750469924,0.6194945632413608,40,late
40819,19,0,0.6800214674108072,0.3574997113879959,40,late
40820,20,0,0.19872905349299821,0.4368658908232377,40,late
40821,21,0,0.9738127973500567,0.39153377677690837,40,late
40822,22,0,0.12601024773183828,0.4361707646838169,40,late
40823,23,0,0.46392962850742525,0.29959012740461555,40,late
40824,24,0,0.5986955337044704,0.39652399609779687,40,late
40825,25,0,0.595767667432296,0.4183209731647312,40,late
40826,26,0,0.31832195587123796,0.44417576129791214,40,late
40827,27,0,0.7943757474922059,0.33086060197203104,40,late
40828,28,0,0.26071874072630125,0.493851283183917,40,late
40829,29,0,0.9741022682374927,0.4160646871450908,40,late
40830,30,0,0.5557589128824654,0.45309301285122194,40,late
40831,31,0,0.3751029945495059,0.5426957857728697,40,late
40832,32,0,0.4059031838303282,0.5049425634619766,40,late
40833,33,0,0.5276200077783879,0.3467460244412133,40,late
40834,34,0,0.658062948970668,0.38028321205825033,40,late
40835,35,0,0.5354123651624251,0.5396673356204883,40,late
40836,36,0,0.6982151216073114,0.322996061565456,40,late
40837,37,0,0.4368433056738485,0.4180717820095682,40,late
40838,38,0,0.49362597404415454,0.4823049513045622,40,late
40839,39,0,0.018142031857872224,0.4990225502251252,40,late
40840,40,0,0.7735451621982257,0.32714229356272484,40,late
40841,41,0,0.3196155053876862,0.48646061781738126,40,late
40842,42,0,0.8072670458158075,0.3592958385008979,40,late
40843,43,0,0.5025858449071654,0.5382865666377812,40,late
40844,44,0,0.6002412750984378,0.46204564120040736,40,late
40845,45,0,0.3519342350648301,0.4767205844589706,40,late
40846,46,0,0.4078837668351283,0.4346550395205772,40,late
40847,47,0,0.460736880707213,0.4234594914993467,40,late
40848,48,0,0.21341017280379174,0.3507486505570181,40,late
40849,49,0,0.7928824558881158,0.39099511581727586,40,late
40850,50,0,0.4237738870986779,0.44387063958730855,40,late
40851,51,0,0.7934137438801638,0.33531057989453317,40,late
40852,52,0,0.6057128050463555,0.37805350098073265,40,late
40853,53,0,0.34448591596687245,0.42499182322881907,40,late
40854,54,0,0.519148855625689,0.41774174703946443,40,late
40855,55,0,0.9698699137057967,0.44728216450952873,40,late
40856,56,0,0.32791712648197163,0.370875418274064,40,late
40857,57,0,0.11519216807953103,0.4102864738468696,40,late
40858,58,0,0.4921980949121217,0.48766016311700844,40,late
40859,59,0,0.833445159136186,0.41177019947437954,40,late
40860,60,0,0.3638160761306288,0.3838400511027084,40,late
40861,61,0,0.26114146816981737,0.4420874659205648,40,late
40862,62,0,0.4571407413458902,0.4610736903003445,40,late
40863,63,0,0.9451891305468654,0.39829003939436036,40,late
40864,64,0,0.4114751664844964,0.5315930288500156,40,late
40865,65,0,0.9778683765846803,0.377679352701986,40,late
40866,66,0,0.712343957305267,0.3365906011589458,40,late
40867,67,0,0.6750907066370355,0.3814910277722632,40,late
40868,68,0,0.6442382540468348,0.42143110073769674,40,late
40869,69,0,0.2949694706782811,0.4099789203047395,40,late
40870,70,0,0.43627049104516735,0.3863777583340955,40,late
40871,71,0,0.9844355756558445,0.3805242330287616,40,late
40872,72,0,0.48524706809577156,0.410021981455321,40,late
40873,73,0,0.8390124721061604,0.5197041936957041,40,late
40874,74,0,0.6012158524617877,0.5208710909922248,40,late
40875,75,0,0.3330449862201407,0.38728524582006285,40,late
40876,76,0,0.5462137186836531,0.41891021271319684,40,late
40877,77,0,0.5589080111789233,0.3996505646200364,40,late
40878,78,0,0.3835534205586977,0.3516267957976037,40,late
40879,79,0,0.5025952500142961,0.47848138707673615,40,late
40880,80,0,0.4982968116795644,0.49555469246887185,40,late
40881,81,0,0.4896832748795656,0.3924742247188723,40,late
40882,82,0,0.6489503441967983,0.5026031080264217,40,late
40883,83,0,0.6161361766458622,0.43366864583448994,40,late
40884,84,0,0.32574574394847855,0.35169609851884764,40,late
40885,85,0,0.39304983625743334,0.4960950244197895,40,late
40886,86,0,0.5298682496982066,0.3485989620737041,40,late
40887,87,0,0.3948316508693206,0.3685840620815989,40,late
40888,88,0,0.6414712300418584,0.3531834296599266,40,late
40889,89,0,0.31658964992700495,0.34057410677694216,40,late
40890,90,0,0.5019182524987122,0.35156973431822824,40,late
40891,91,0,0.6399333261090084,0.328943637203114,40,late
40892,92,0,0.6957089625509869,0.3962744558099197,40,late
40893,93,0,0.7582245698006698,0.35796202215188705,40,late
40894,94,0,0.5225365264560378,0.6822146104250426,40,late
40895,95,0,0.4900096587464831,0.4190934291655083,40,late
40896,96,0,0.40030171676779147,0.3325827677616804,40,late
40897,97,0,0.6939760930571284,0.2590503906288313,40,late
40898,98,0,0.7757820917277376,0.488484050055385,40,late
40899,99,0,0.4995717711562734,0.36497581611991353,40,late
40900,100,0,0.38286689145945446,0.37230954750768497,40,late
40901,101,0,0.6907236672447672,0.3963877132073871,40,late
40902,102,0,0.6373022553499031,0.5540292810885086,40,late
40903,103,0,0.47293250135964826,0.3650905150704753,40,late
40904,104,0,0.5093807225585717,0.5835286608807551,40,late
40905,105,0,0.58140366964085,0.36164412893790104,40,late
40906,106,0,0.7762183978687234,0.32552838774108067,40,late
40907,107,0,0.3198438792508753,0.30374435801179844,40,late
40908,108,0,0.3202540871098251,0.4697971305982116,40,late
40909,109,0,0.619187077193255,0.43542832513782176,40,late
40910,110,0,0.5792227455938073,0.30075594618260465,40,late
40911,111,0,0.6756390769677083,0.21839239380502556,40,late
40912,112,0,0.6563356501702898,0.23515726353825378,40,late
40913,113,0,0.6376280588789744,0.4400955034529491,40,late
40914,114,0,0.8052250606735736,0.2934369748997028,40,late
40915,115,0,0.3232302235044214,0.3635381625244398,40,late
40916,116,0,0.4436679999646012,0.3652261157189939,40,late
40917,117,0,0.4399300870073151,0.3020243016753117,40,late
40918,118,0,0.4719806784364967,0.3188902553178016,40,late
40919,119,0,0.8477661572184748,0.44161405876629384,40,late
40920,120,0,0.9747698320394895,0.297381574906626,40,late
40921,121,0,0.7863445039779127,0.3552419170558452,40,late
40922,122,0,0.09510587407282366,0.45473408934455706,40,late
40923,123,0,0.6818190484128661,0.37794225717367436,40,late
40924,124,0,0.5845391940483977,0.2468661561010857,40,late
40925,125,0,0.6495310981449991,0.3094039062350999,40,late
40926,126,0,0.23864745186552744,0.5144303578687244,40,late
40927,127,0,0.3271796720141524,0.25568291070037563,40,late
40928,128,0,0.9559671196917864,0.31410878958258004,40,late
40929,129,0,0.2541145289032058,0.44287831023696034,40,late
40930,130,0,0.13236499390378156,0.6744968878382741,40,late
40931,131,0,0.314710079196766,0.3541369540464218,40,late
40932,132,0,0.16087458508456443,0.4738525661323946,40,late
40933,133,0,0.6066353320945876,0.37712124749926046,40,late
40934,134,0,0.8702549902032087,0.4056844790615618,40,late
40935,135,0,0.454635080309721,0.39304662444536503,40,late
40936,136,0,0.6882862784808201,0.37792113930925625,40,late
40937,137,0,0.2773380476212927,0.2930794314379958,40,late
40938,138,0,0.6729418292453686,0.2873342750439377,40,late
40939,139,0,0.7686850691060261,0.24311617473323782,40,late
40940,140,0,0.01964012212644724,0.5159385621276407,40,late
40941,141,0,0.4893237602287382,0.6002506614394341,40,late
40942,142,0,0.021181858443252308,0.6577606819342406,40,late
40943,143,0,0.9684001043969801,0.3799484225541346,40,late
40944,144,0,0.8949208083428266,0.44492994490998583,40,late
40945,145,0,0.9886729294942143,0.20049290137358947,40,late
40946,146,0,0.9362649519959434,0.37338436560714106,40,late
40947,147,0,0.9122950918317508,0.33848052708540394,40,late
40948,148,0,0.3783180565281494,0.2670250276981471,40,late
40949,149,0,0.2653045751781474,0.40686004044358515,40,late
40950,150,0,0.438013755574235,0.3889052491279067,40,late
40951,151,0,0.06724664862725555,0.3935558415014151,40,late
40952,152,0,0.671742591718752,0.6061882224812496,40,late
40953,153,0,0.9728267441576242,0.3870970640760481,40,late
40954,154,0,0.9945314734208512,0.2472075470129319,40,late
40955,155,0,0.735863356662999,0.35124595168377926,40,late
40956,156,0,0.2812850994052604,0.5169133208913246,40,late
40957,157,0,0.7599111198350081,0.26392607583572913,40,late
40958,158,0,0.06425347836334622,0.47822226960963926,40,late
40959,159,0,0.33149542835531803,0.38439333981990104,40,late
40960,160,0,0.5628359665793207,0.34913625142864485,40,late
40961,161,0,0.8539821823648492,0.3778873635615158,40,late
40962,162,0,0.7897316671065913,0.3769455568250183,40,late
40963,163,0,0.17399975354565397,0.32801854892969595,40,late
40964,164,0,0.4927912643963393,0.33864480719821133,40,late
40965,165,0,0.5379617078360741,0.41127392270433166,40,late
40966,166,0,0.41634434970513823,0.40914130976375906,40,late
40967,167,0,0.5762798955914656,0.3120566851297694,40,late
40968,168,0,0.22806492460653988,0.4942293191137242,40,late
40969,169,0,0.9918286812702887,0.33133815136387723,40,late
40970,170,0,0.41925385475427535,0.4156228495127663,40,late
40971,171,0,0.7239738879728894,0.3839476911414747,40,late
40972,172,0,0.7421652509979244,0.22629534259423592,40,late
40973,173,0,0.6916377610172564,0.3971657450234384,40,late
40974,174,0,0.27388696787924816,0.4129275503174304,40,late
40975,175,0,0.2940285349010036,0.4429061452352506,40,late
40976,176,0,0.7147270005354235,0.18017279167560693,40,late
40977,177,0,0.10930623532163597,0.41106170711841716,40,late
40978,178,0,0.6839473764824295,0.30795849959989796,40,late
40979,179,0,0.8681141848211098,0.24532756780221118,40,late
40980,180,0,0.18483940760321352,0.4456913892266895,40,late
40981,181,0,0.1786916407946582,0.6082025704219703,40,late
40982,182,0,0.49772002809424876,0.3165339430283936,40,late
40983,183,0,0.5207691526445466,0.30938744291379205,40,late
40984,184,0,0.21016662528630145,0.44620693108086074,40,late
40985,185,0,0.3877026873525224,0.36108544344392335,40,late
40986,186,0,0.46592621857256344,0.33310267103277436,40,late
40987,187,0,0.45913270854227184,0.36358999159957106,40,late
40988,188,0,0.3487347765883507,0.4396105377707046,40,late
40989,189,0,0.8219867282400934,0.4065935311486539,40,late
40990,190,0,0.9843953808395788,0.2644714819727202,40,late
40991,191,0,0.46827570056034207,0.3773271762722531,40,late
40992,192,0,0.43364411191939517,0.4736402148545298,40,late
40993,193,0,0.5291619474525657,0.2749664843505121,40,late
40994,194,0,0.9289585345396476,0.5051375682954986,40,late
40995,195,0,0.28587395032278323,0.44589343284624083,40,late
40996,196,0,0.36064068289908413,0.38111652321087247,40,late
40997,197,0,0.4939399920338567,0.2613395058839808,40,late
40998,198,0,0.3738726130579745,0.3335534464574108,40,late
40999,199,0,0.7771110811242364,0.3307331713633916,40,late
41000,0,0,0.4952849640317183,0.8064918134216317,41,interleaved
41001,1,0,0.9931584034627262,0.5650872956039892,41,interleaved
41002,2,0,0.47648038506319246,0.6191927620143223,41,interleaved
41003,3,0,0.07164290577796731,0.7537417249187021,41,interleaved
41004,4,0,0.01839559654565303,0.845382324223722,41,interleaved
41005,5,0,0.6666844676289116,0.5156747491051963,41,interleaved
41006,6,0,0.6352785173204838,0.4082066079145499,41,interleaved
41007,7,0,0.07971229326444965,0.5567390399502183,41,interleaved
41008,8,0,0.6674340677500363,0.586881702585091,41,interleaved
41009,9,0,0.1349419813557861,0.4794367144529817,41,interleaved
41010,10,0,0.11552288471055447,0.49035509346109407,41,interleaved
41011,11,0,0.21223582654054451,0.6349569165386297,41,interleaved
41012,12,0,0.5929016354264082,0.4815339123185268,41,interleaved
41013,13,0,0.6157017598049248,0.39448844070919864,41,interleaved
41014,14,0,0.2649091586130313,0.7525450106359403,41,interleaved
41015,15,0,0.8532736663111442,0.5040443350617864,41,interleaved
41016,16,0,0.5690929090861976,0.35075192514533804,41,interleaved
41017,17,0,0.9837100400051754,0.5755308449278025,41,interleaved
41018,18,0,0.5437722422181359,0.567482071986086,41,interleaved
41019,19,0,0.8500936206350247,0.5072331962859523,41,interleaved
41020,20,0,0.1736049087661416,0.5911774473061426,41,interleaved
41021,21,0,0.5019190995075375,0.4746814761197734,41,interleaved
41022,22,0,0.8068604630985436,0.49605964099891003,41,interleaved
41023,23,0,0.3382414569529883,0.43573086504078395,41,interleaved
41024,24,0,0.22500898702033,0.4405966099359463,41,interleaved
41025,25,0,0.713952481935008,0.49791077176605925,41,interleaved
41026,26,0,0.6188576259063506,0.4943518008252431,41,interleaved
41027,27,0,0.48883961575187196,0.4332762799281715,41,interleaved
41028,28,0,0.21926362679411118,0.44995647879111833,41,interleaved
41029,29,0,0.8383372782046334,0.39862122189663335,41,interleaved
41030,30,0,0.7835414683881836,0.3410235984516668,41,interleaved
41031,31,0,0.1808800301279006,0.532035505867102,41,interleaved
41032,32,0,0.8150971301025436,0.5576220269874621,41,interleaved
41033,33,0,0.548540800310279,0.5872217062223901,41,interleaved
41034,34,0,0.12196437818006922,0.5075405268522392,41,interleaved
41035,35,0,0.8950161534520764,0.4410020234501463,41,interleaved
41036,36,0,0.2987742597114026,0.5519343468041781,41,interleaved
41037,37,0,0.8349133360869859,0.44793130007142024,41,interleaved
41038,38,0,0.6940527898041179,0.33979124650590375,41,interleaved
41039,39,0,0.8224680186259022,0.5316272726554148,41,interleaved
41040,40,0,0.5710548431091285,0.4681383987867569,41,interleaved
41041,41,0,0.4294415978943707,0.44257544411696337,41,interleaved
41042,42,0,0.2494031703254969,0.5735976812068521,41,interleaved
41043,43,0,0.1801893819378213,0.5910077711109821,41,interleaved
41044,44,0,0.39147773998541746,0.6169532367235253,41,interleaved
41045,45,0,0.18252999452556418,0.43695381120758703,41,interleaved
41046,46,0,0.8137284685988769,0.5924517455405103,41,interleaved
41047,47,0,0.562747613585491,0.30144613894365946,41,interleaved
41048,48,0,0.14351752528702819,0.5257022968765238,41,interleaved
41049,49,0,0.42729871936676694,0.4228134092549247,41,interleaved
41050,50,0,0.7807638503264333,0.4425462665670079,41,interleaved
41051,51,0,0.5255083592636762,0.4265167694108992,41,interleaved
41052,52,0,0.78596718788936,0.3848928298315936,41,interleaved
41053,53,0,0.4271477678891266,0.5060504300349442,41,interleaved
41054,54,0,0.21334628195956268,0.45876601611651746,41,interleaved
41055,55,0,0.305713669106308,0.5062348289533618,41,interleaved
41056,56,0,0.7926412019377963,0.3183206528352321,41,interleaved
41057,57,0,0.3676582726487348,0.3273028080648174,41,interleaved
41058,58,0,0.8505529152226363,0.46166730603474015,41,interleaved
41059,59,0,0.4041819799552828,0.4642085161316266,41,interleaved
41060,60,0,0.12612150397290742,0.6023664916482856,41,interleaved
41061,61,0,0.5815129572038592,0.3530180362704713,41,interleaved
41062,62,0,0.6553513207084363,0.327250122063879,41,interleaved
41063,63,0,0.2356838593868415,0.439511575334652,41,interleaved
41064,64,0,0.310174748138316,0.43264772858735145,41,interleaved
41065,65,0,0.1372649542572694,0.4057840985533259,41,interleaved
41066,66,0,0.6214783194375995,0.3106345124214415,41,interleaved
41067,67,0,0.7819747840877593,0.4302281873097898,41,interleaved
41068,68,0,0.47980527080227686,0.5344258335516067,41,interleaved
41069,69,0,0.21756816783686853,0.4259955773209974,41,interleaved
41070,70,0,0.7314046660731156,0.4345298355457803,41,interleaved
41071,71,0,0.23417938341777095,0.4070219288552883,41,interleaved
41072,72,0,0.8250294690177841,0.3193986584934777,41,interleaved
41073,73,0,0.1614500470807844,0.6198078988101585,41,interleaved
41074,74,0,0.17391336878589644,0.5507563572481861,41,interleaved
41075,75,0,0.4614957215775767,0.525781734940895,41,interleaved
41076,76,0,0.5061882595334425,0.3830643239991178,41,interleaved
41077,77,0,0.9588303443866697,0.625799450292519,41,interleaved
41078,78,0,0.44131436337924995,0.5182058794800027,41,interleaved
41079,79,0,0.839867125552415,0.41378982809591985,41,interleaved
41080,80,0,0.7268873220510252,0.2854813548825851,41,interleaved
41081,81,0,0.9389692647871715,0.38172007808464714,41,interleaved
41082,82,0,0.3435261551506713,0.5035984568449611,41,interleaved
41083,83,0,0.474242134357618,0.47838415299470194,41,interleaved
41084,84,0,0.7165873846881481,0.3553802259777942,41,interleaved
41085,85,0,0.18657053614831465,0.5619292942543883,41,interleaved
41086,86,0,0.5001747566492099,0.4556920200774318,41,interleaved
41087,87,0,0.6146946520162972,0.45617753015725926,41,interleaved
41088,88,0,0.42440961210876815,0.40477413686335134,41,interleaved
41089,89,0,0.042382901460106454,0.49430559062708423,41,interleaved
41090,90,0,0.532485719372478,0.547181275819071,41,interleaved
41091,91,0,0.31665788442828485,0.37954893229312686,41,interleaved
41092,92,0,0.5732307736317788,0.49440625991481735,41,interleaved
41093,93,0,0.061224574655733416,0.5931003942097037,41,interleaved
41094,94,0,0.5197017389259168,0.5009060873466952,41,interleaved
41095,95,0,0.30570203037789256,0.4086658365998202,41,interleaved
41096,96,0,0.4159624666607714,0.4779103821867481,41,interleaved
41097,97,0,0.44333502093154803,0.3573099176549571,41,interleaved
41098,98,0,0.32297970726634073,0.556293435740981,41,interleaved
41099,99,0,0.9442336967311558,0.3466200201407349,41,interleaved
41100,100,0,0.6805438219484375,0.40528051030361184,41,interleaved
41101,101,0,0.7844875374786726,0.4330438699878263,41,interleaved
41102,102,0,0.8204356553940386,0.5044283398089406,41,interleaved
41103,103,0,0.035073158165760024,0.43175679785685084,41,interleaved
41104,104,0,0.6340423724529718,0.30642411142898174,41,interleaved
41105,105,0,0.8786918274945511,0.3395941805458017,41,interleaved
41106,106,0,0.4565147523318735,0.5074285138938492,41,interleaved
41107,107,0,0.7312989827461224,0.39872331655321513,41,interleaved
41108,108,0,0.6395817890156992,0.41764273580148203,41,interleaved
41109,109,0,0.1353236737650461,0.5028623309633635,41,interleaved
41110,110,0,0.5548273499316163,0.5410676599334524,41,interleaved
41111,111,0,0.7940072855605773,0.41606657314339934,41,interleaved
41112,112,0,0.439084510945893,0.4266313510388685,41,interleaved
41113,113,0,0.06112354099435098,0.321718570672857,41,interleaved
41114,114,0,0.4364701614258563,0.3854276202248702,41,interleaved
41115,115,0,0.4639283312335962,0.5352734473634725,41,interleaved
41116,116,0,0.4406727203693125,0.4173492761510525,41,interleaved
41117,117,0,0.008975730581034872,0.5542659855773429,41,interleaved
41118,118,0,0.15016249251380354,0.5299831796238078,41,interleaved
41119,119,0,0.07701170035729106,0.41214267425661044,41,interleaved
41120,120,0,0.30375690710246306,0.4386283863938561,41,interleaved
41121,121,0,0.6979029159238257,0.24199146574663805,41,interleaved
41122,122,0,0.43176543255153954,0.49709786775780623,41,interleaved
41123,123,0,0.5102646416615884,0.36443839623506713,41,interleaved
41124,124,0,0.5009970544315028,0.42039324973111547,41,interleaved
41125,125,0,0.012198568667407744,0.4723069737319183,41,interleaved
41126,126,0,0.48571258992929967,0.3362345392045317,41,interleaved
41127,127,0,0.9633249477050326,0.39546519155102916,41,interleaved
41128,128,0,0.36457851174623834,0.4467434177258801,41,interleaved
41129,129,0,0.8848202107964707,0.5304236978021843,41,interleaved
41130,130,0,0.566941793482796,0.5557609275195811,41,interleaved
41131,131,0,0.6457778795145488,0.3467004470852954,41,interleaved
41132,132,0,0.633198452411442,0.3672669504915409,41,interleaved
41133,133,0,0.49239441124488037,0.3355186074472797,41,interleaved
41134,134,0,0.24479640228650607,0.4413167557568475,41,interleaved
41135,135,0,0.5883319887495665,0.4173804897733805,41,interleaved
41136,136,0,0.45246860612541345,0.5232966256288885,41,interleaved
41137,137,0,0.3830148622025193,0.5667042562239377,41,interleaved
41138,138,0,0.5084401392780593,0.37207171348919665,41,interleaved
41139,139,0,0.8612209146029298,0.38729010092749705,41,interleaved
41140,140,0,0.5355943369211711,0.38081876605080034,41,interleaved
41141,141,0,0.6106234566073222,0.3198458498172545,41,interleaved
41142,142,0,0.48077756173785025,0.4365418492936737,41,interleaved
41143,143,0,0.4978540717873204,0.32032930738112464,41,interleaved
41144,144,0,0.37709230861899484,0.5124874168641491,41,interleaved
41145,145,0,0.4084469759222878,0.3057765411386027,41,interleaved
41146,146,0,0.44935058826545293,0.5048879998931854,41,interleaved
41147,147,0,0.9351816965548467,0.3608264433216448,41,interleaved
41148,148,0,0.5875684568825341,0.45716614158531577,41,interleaved
41149,149,0,0.3691685567937604,0.40224974144637793,41,interleaved
41150,150,0,0.4097551340750241,0.3151167183884317,41,interleaved
41151,151,0,0.633328912144397,0.3537785651248807,41,interleaved
41152,152,0,0.5116365152359414,0.41250590889182287,41,interleaved
41153,153,0,0.5246134822116446,0.4194104957727681,41,interleaved
41154,154,0,0.5017350075088084,0.5470366136760525,41,interleaved
41155,155,0,0.5816686422993342,0.4380608382070852,41,interleaved
41156,156,0,0.4549906954120252,0.44027861865093554,41,interleaved
41157,157,0,0.22168172130961178,0.40302031625110113,41,interleaved
41158,158,0,0.604535850753472,0.47061096020602844,41,interleaved
41159,159,0,0.43426605630293297,0.42561397685809865,41,interleaved
41160,160,0,0.5945308446536846,0.47731502467313097,41,interleaved
41161,161,0,0.8334659891359466,0.2554782175978816,41,interleaved
41162,162,0,0.1881062196595201,0.5244787728487692,41,interleaved
41163,163,0,0.735242935606113,0.4688811294637688,41,interleaved
41164,164,0,0.3736873275402376,0.4568565245259039,41,interleaved
41165,165,0,0.7338383409687763,0.27330019911158965,41,interleaved
41166,166,0,0.7044848038090767,0.4349752187111536,41,interleaved
41167,167,0,0.9956006048465165,0.45874921488079634,41,interleaved
41168,168,0,0.9501133699270121,0.25054074446545593,41,interleaved
41169,169,0,0.5173190338099962,0.491963542227661,41,interleaved
41170,170,0,0.3278459884508583,0.38958760181119245,41,interleaved
41171,171,0,0.9481065321910611,0.37940755739892457,41,interleaved
41172,172,0,0.9484703740376519,0.3291254003789267,41,interleaved
41173,173,0,0.04254160843950141,0.3301810922418825,41,interleaved
41174,174,0,0.15669666935062446,0.619342690167263,41,interleaved
41175,175,0,0.7792305453878234,0.28541419985563066,41,interleaved
41176,176,0,0.6714337829738048,0.31978122945237375,41,interleaved
41177,177,0,0.8088737559266891,0.45003388176019055,41,interleaved
41178,178,0,0.44667036766971635,0.46826729437329606,41,interleaved
41179,179,0,0.5266034006246973,0.3863435001568146,41,interleaved
41180,180,0,0.7127939818044648,0.4100490958885463,41,interleaved
41181,181,0,0.7380691734451432,0.32543333891804893,41,interleaved
41182,182,0,0.6757411565082845,0.3966890307722703,41,interleaved
41183,183,0,0.016288807879683457,0.8303797604685219,41,interleaved
41184,184,0,0.8891980202995939,0.42957392888340445,41,interleaved
41185,185,0,0.5640924576927866,0.3998732227930205,41,interleaved
41186,186,0,0.38357367670063003,0.4595838537056428,41,interleaved
41187,187,0,0.5440640657044625,0.3256819384498868,41,interleaved
41188,188,0,0.8525983156431187,0.35014838515166946,41,interleaved
41189,189,0,0.5272940822144744,0.3680396331422886,41,interleaved
41190,190,0,0.40978023866257457,0.3341313406031241,41,interleaved
41191,191,0,0.5270793845588798,0.49360970806256577,41,interleaved
41192,192,0,0.5358869846808411,0.32931193401016123,41,interleaved
41193,193,0,0.7607308288133537,0.38162161958325336,41,interleaved
41194,194,0,0.4976703446151023,0.29496155708043775,41,interleaved
41195,195,0,0.6177752874823351,0.35137605121798665,41,interleaved
41196,196,0,0.27621164679684235,0.46495967030839813,41,interleaved
41197,197,0,0.5474737668132049,0.6168236132443449,41,interleaved
41198,198,0,0.4914740459428435,0.4092117467399701,41,interleaved
41199,199,0,0.49689403379334623,0.5811926798104404,41,interleaved
41200,0,0,0.4997235902414975,0.9586164295494097,41,blocked
41201,1,0,0.500524125126471,0.6858069563624418,41,blocked
41202,2,0,0.4311249324493496,0.5211701536559716,41,blocked
41203,3,0,0.6211868139570799,0.4889264912480997,41,blocked
41204,4,0,0.04726977157814205,0.6544363418629253,41,blocked
41205,5,0,0.6357437809076,0.49883385953711235,41,blocked
41206,6,0,0.623619722148631,0.4115099240555242,41,blocked
41207,7,0,0.3107846826478158,0.44685763237900666,41,blocked
41208,8,0,0.38766540281901624,0.4411005167248907,41,blocked
41209,9,0,0.5944963352877157,0.5346077495981338,41,blocked
41210,10,0,0.516019186465165,0.6246519646971525,41,blocked
41211,11,0,0.9273789527422338,0.4981207287423337,41,blocked
41212,12,0,0.9442552662867385,0.3794207082334904,41,blocked
41213,13,0,0.12180819567874565,0.6371821375520887,41,blocked
41214,14,0,0.6072834141247415,0.34031865288593655,41,blocked
41215,15,0,0.8981851659719061,0.3685070903602536,41,blocked
41216,16,0,0.42809616087176866,0.5776018196565924,41,blocked
41217,17,0,0.37760652633887587,0.4762221645843494,41,blocked
41218,18,0,0.6093226321324449,0.5052744463024711,41,blocked
41219,19,0,0.2514790121785345,0.40332858487206047,41,blocked
41220,20,0,0.8559449061837201,0.505031081858381,41,blocked
41221,21,0,0.8905492439505196,0.5798625156614159,41,blocked
41222,22,0,0.9962249395237089,0.7228629585502231,41,blocked
41223,23,0,0.3722162779020816,0.42381467303254977,41,blocked
41224,24,0,0.4580441894558762,0.5053270700823701,41,blocked
41225,25,0,0.8231982263462063,0.5831657428523562,41,blocked
41226,26,0,0.47637234877389134,0.516828444947595,41,blocked
41227,27,0,0.2061264981764115,0.6513076920386682,41,blocked
41228,28,0,0.8139993690305185,0.4891787582711772,41,blocked
41229,29,0,0.9962304661954104,0.5789782452905283,41,blocked
41230,30,0,0.6893746914136333,0.553261506375119,41,blocked
41231,31,0,0.7654307361735565,0.41630322845166035,41,blocked
41232,32,0,0.583071274945258,0.4848741683319672,41,blocked
41233,33,0,0.46529275481610777,0.6908194830565363,41,blocked
41234,34,0,0.9781347559808404,0.5151829563509671,41,blocked
41235,35,0,0.46218957190164117,0.2735209719043226,41,blocked
41236,36,0,0.645639054268216,0.312528551517487,41,blocked
41237,37,0,0.8787781171939011,0.39788465183338884,41,blocked
41238,38,0,0.8169588558334935,0.3472596276929589,41,blocked
41239,39,0,0.4800007917839927,0.4122767930986858,41,blocked
41240,40,0,0.8108442478609074,0.4409330342357228,41,blocked
41241,41,0,0.3650487000848438,0.4507884283839658,41,blocked
41242,42,0,0.44629240847614104,0.5524133571058094,41,blocked
41243,43,0,0.7422682492203972,0.4230946227889271,41,blocked
41244,44,0,0.319888686952466,0.525361529825275,41,blocked
41245,45,0,0.16578748355204467,0.5531118004716424,41,blocked
41246,46,0,0.8091235484679807,0.427360405575362,41,blocked
41247,47,0,0.3936155543210579,0.3607747686777559,41,blocked
41248,48,0,0.3549949868875592,0.59792443702183,41,blocked
41249,49,0,0.9439948264157068,0.38814748226836604,41,blocked
41250,50,0,0.4857367418237961,0.4870971312374738,41,blocked
41251,51,0,0.3025781825789571,0.589050853724473,41,blocked
41252,52,0,0.2906469282701179,0.6373868854621823,41,blocked
41253,53,0,0.8252850312618191,0.2629925795550455,41,blocked
41254,54,0,0.0788826379945031,0.5945217455445673,41,blocked
41255,55,0,0.2515913537218186,0.37315181462000385,41,blocked
41256,56,0,0.8250213990643396,0.3317309978453537,41,blocked
41257,57,0,0.7283612014589833,0.37892091269516026,41,blocked
41258,58,0,0.24462842866534143,0.42849210807349103,41,blocked
41259,59,0,0.16406445015044527,0.43318969157769416,41,blocked
41260,60,0,0.3683441698508169,0.47124313689231573,41,blocked
41261,61,0,0.5487817785229184,0.5038573502938059,41,blocked
41262,62,0,0.8657418539596708,0.4778964811330389,41,blocked
41263,63,0,0.7407279780895212,0.42234825400120163,41,blocked
41264,64,0,0.8356314849414519,0.38896075330090046,41,blocked
41265,65,0,0.7599160469600489,0.3648386654274973,41,blocked
41266,66,0,0.4451941736146604,0.5887208514756008,41,blocked
41267,67,0,0.04080458526823543,0.5427169075072666,41,blocked
41268,68,0,0.24293788175319714,0.4645323929543119,41,blocked
41269,69,0,0.03404682775395553,0.6008832726599443,41,blocked
41270,70,0,0.5178686604767607,0.3912063064503576,41,blocked
41271,71,0,0.6425899032501253,0.3945940318697868,41,blocked
41272,72,0,0.45526140122835634,0.5347770515951851,41,blocked
41273,73,0,0.9381355312191055,0.3998160809777438,41,blocked
41274,74,0,0.04243621643995044,0.49832988451524185,41,blocked
41275,75,0,0.041724475069137956,0.5462007191709028,41,blocked
41276,76,0,0.14682309353496145,0.5726810404064863,41,blocked
41277,77,0,0.32828102075875937,0.4115017978080795,41,blocked
41278,78,0,0.291012400127446,0.6134494646133236,41,blocked
41279,79,0,0.47022060478134614,0.5417670634116418,41,blocked
41280,80,0,0.24176615149807726,0.5347088027571052,41,blocked
41281,81,0,0.8216644480172923,0.5407531565720775,41,blocked
41282,82,0,0.9470855820845545,0.5791192545791497,41,blocked
41283,83,0,0.3588211539539392,0.5233530180639526,41,blocked
41284,84,0,0.505422185010055,0.520725715982108,41,blocked
41285,85,0,0.8383337014633766,0.5621266906375747,41,blocked
41286,86,0,0.9922131793958753,0.3452401462661805,41,blocked
41287,87,0,0.9773099039951569,0.2799572232661645,41,blocked
41288,88,0,0.28730648755904425,0.5321876012637372,41,blocked
41289,89,0,0.5571603473636187,0.41736967029258126,41,blocked
41290,90,0,0.2770761621099386,0.6348680552404076,41,blocked
41291,91,0,0.5547242571790305,0.45895940040627925,41,blocked
41292,92,0,0.6113779673607767,0.327807489517414,41,blocked
41293,93,0,0.8708618946798916,0.4297571317354588,41,blocked
41294,94,0,0.5844454199072936,0.45680674529878296,41,blocked
41295,95,0,0.4935254970929045,0.4395425392104935,41,blocked
41296,96,0,0.612539497952252,0.42833336834281666,41,blocked
41297,97,0,0.44055373999862546,0.6160451105675671,41,blocked
41298,98,0,0.5139262752023055,0.6811059769398686,41,blocked
41299,99,0,0.8838888768674129,0.43653940184041806,41,blocked
41300,100,0,0.44495437882078753,0.7628086021398106,41,blocked
41301,101,0,0.8730285728737611,0.29835479854118796,41,blocked
41302,102,0,0.8510322419118795,0.5728836023116015,41,blocked
41303,103,0,0.7104647167541945,0.35488782400073704,41,blocked
41304,104,0,0.8906468862557142,0.4541210773579153,41,blocked
41305,105,0,0.4713433559405345,0.4699111011093765,41,blocked
41306,106,0,0.694031364974146,0.47571673306197115,41,blocked
41307,107,0,0.2175738076094989,0.3247675335131861,41,blocked
41308,108,0,0.7012798694676345,0.37077994822142285,41,blocked
41309,109,0,0.1212632192937426,0.37403531513092386,41,blocked
41310,110,0,0.82651296246638,0.6386601889562379,41,blocked
41311,111,0,0.3891113523598872,0.5505947143230728,41,blocked
41312,112,0,0.6463591711610269,0.48849943706961196,41,blocked
41313,113,0,0.5845075332792976,0.41593320607190953,41,blocked
41314,114,0,0.20243949243566164,0.5825660565740474,41,blocked
41315,115,0,0.794850928903815,0.31380977857899073,41,blocked
41316,116,0,0.9504493214422894,0.4478154213679519,41,blocked
41317,117,0,0.9801935122967511,0.2769950190886826,41,blocked
41318,118,0,0.974195799619583,0.33700527862283636,41,blocked
41319,119,0,0.6349130972371562,0.5005118590113953,41,blocked
41320,120,0,0.7773146862852096,0.3359794496779458,41,blocked
41321,121,0,0.4345536363454632,0.46942529696267454,41,blocked
41322,122,0,0.5856740290138185,0.4393928269985742,41,blocked
41323,123,0,0.39112647959983443,0.3603020815966484,41,blocked
41324,124,0,0.10564588695525412,0.6410922498597332,41,blocked
41325,125,0,0.5473685321530933,0.4090956082616386,41,blocked
41326,126,0,0.02850755051351546,0.6776105358841784,41,blocked
41327,127,0,0.44218099486397655,0.696038098444627,41,blocked
41328,128,0,0.1614075409051948,0.4979540060969053,41,blocked
41329,129,0,0.25029747988157747,0.3607375110377863,41,blocked
41330,130,0,0.4070173180604422,0.4892548156555512,41,blocked
41331,131,0,0.21930057721475713,0.5766386045363012,41,blocked
41332,132,0,0.6051059862910668,0.45832673533852925,41,blocked
41333,133,0,0.8829120113239102,0.4228427500258505,41,blocked
41334,134,0,0.6070854916799058,0.44515803230366313,41,blocked
41335,135,0,0.2385310610946953,0.4335121299542709,41,blocked
41336,136,0,0.168268580098776,0.505529716495388,41,blocked
41337,137,0,0.39867608372209973,0.47402907563957236,41,blocked
41338,138,0,0.2885349493735957,0.5382881305182181,41,blocked
41339,139,0,0.5085491582066269,0.5365708827575795,41,blocked
41340,140,0,0.5263802539103761,0.4167107423363856,41,blocked
41341,141,0,0.750902334758246,0.5079414100262054,41,blocked
41342,142,0,0.5314412913938676,0.4022609045796706,41,blocked
41343,143,0,0.48435022121644006,0.3382863077818494,41,blocked
41344,144,0,0.498169685628809,0.6129880366923492,41,blocked
41345,145,0,0.969518148152305,0.4194792752572319,41,blocked
41346,146,0,0.2759738508792424,0.5269179220962381,41,blocked
41347,147,0,0.6317104039305058,0.5012097327684321,41,blocked
41348,148,0,0.5334571745618011,0.3173884917591291,41,blocked
41349,149,0,0.589079144598002,0.37037406408144113,41,blocked
41350,150,0,0.5366051820108001,0.5107586752934044,41,blocked
41351,151,0,0.32914452128000643,0.37404086479510845,41,blocked
41352,152,0,0.5514637693527565,0.454652857869724,41,blocked
41353,153,0,0.8711633227255724,0.46653921756791117,41,blocked
41354,154,0,0.12212472062054719,0.4337931523462009,41,blocked
41355,155,0,0.8119224624268981,0.39461917184302087,41,blocked
41356,156,0,0.7651674666913337,0.33477220823235576,41,blocked
41357,157,0,0.4346936705319822,0.3473691273916174,41,blocked
41358,158,0,0.3884683576726552,0.4749341270051779,41,blocked
41359,159,0,0.726894736888001,0.38111005144697574,41,blocked
41360,160,0,0.5853594797603687,0.30169288043327114,41,blocked
41361,161,0,0.4110618817851087,0.3878918697902023,41,blocked
41362,162,0,0.23834729448538486,0.593454846470016,41,blocked
41363,163,0,0.8513813652028863,0.46237897819242324,41,blocked
41364,164,0,0.9779633112555428,0.37785614763319564,41,blocked
41365,165,0,0.2789144736191263,0.44006851040705686,41,blocked
41366,166,0,0.45758006793161293,0.39751109467834445,41,blocked
41367,167,0,0.18650342609705417,0.4217908908437292,41,blocked
41368,168,0,0.8003240422025653,0.399103558465872,41,blocked
41369,169,0,0.46781653798847717,0.4833494035464133,41,blocked
41370,170,0,0.8084616606802612,0.4793771448087033,41,blocked
41371,171,0,0.4834746089990058,0.4724759047935542,41,blocked
41372,172,0,0.5502751330943401,0.33259579444427423,41,blocked
41373,173,0,0.4619573657112354,0.37232406540306134,41,blocked
41374,174,0,0.43234324512698286,0.5146192970933698,41,blocked
41375,175,0,0.9391155215630291,0.31975645633601374,41,blocked
41376,176,0,0.39790016501011083,0.30525987982251246,41,blocked
41377,177,0,0.7561525360853426,0.34143208836317596,41,blocked
41378,178,0,0.7969073580267076,0.3363997346704938,41,blocked
41379,179,0,0.6572383697676494,0.2967496383565105,41,blocked
41380,180,0,0.9605551423749026,0.2664867792224276,41,blocked
41381,181,0,0.5845671663539999,0.2919051759037963,41,blocked
41382,182,0,0.5026123460889742,0.5270983493272613,41,blocked
41383,183,0,0.9488000077364862,0.28845696893477735,41,blocked
41384,184,0,0.5660925115733705,0.3854216045221456,41,blocked
41385,185,0,0.7019891528969213,0.4591862973118169,41,blocked
41386,186,0,0.7144188029334679,0.3227639693619623,41,blocked
41387,187,0,0.45083966992670355,0.4009304012324487,41,blocked
41388,188,0,0.5402660377689251,0.38334237401220195,41,blocked
41389,189,0,0.7336702713152202,0.2991375305857664,41,blocked
41390,190,0,0.4718672021717541,0.4555277485667407,41,blocked
41391,191,0,0.48325919895870956,0.31304208592012833,41,blocked
41392,192,0,0.7410039117342507,0.5277639401867839,41,blocked
41393,193,0,0.9550963459599111,0.33309981935609334,41,blocked
41394,194,0,0.9550792534159227,0.26943417300604405,41,blocked
41395,195,0,0.7737357371401129,0.4562695421601716,41,blocked
41396,196,0,0.9573913665144966,0.3297610915679617,41,blocked
41397,197,0,0.45216674671523605,0.5167655457105396,41,blocked
41398,198,0,0.42399143646153437,0.37274105304395033,41,blocked
41399,199,0,0.8812301795976643,0.46621059400878145,41,blocked
41400,0,0,0.20271261848325148,0.520446434148705,41,early
41401,1,0,0.7369442227507097,0.7320167068959337,41,early
41402,2,0,0.8218590830582255,0.4390509754173959,41,early
41403,3,0,0.24320664608261092,0.455818079871423,41,early
41404,4,0,0.7591205573760865,0.5226372054267487,41,early
41405,5,0,0.9292679289942041,0.40302300581159367,41,early
41406,6,0,0.0862220338129302,0.5776846011837489,41,early
41407,7,0,0.3220856558001099,0.5291027407073754,41,early
41408,8,0,0.275918421479149,0.5183577390437601,41,early
41409,9,0,0.20910760000497502,0.6005881892958397,41,early
41410,10,0,0.2279408154430743,0.563127957043181,41,early
41411,11,0,0.38969974293714216,0.40554882036103357,41,early
41412,12,0,0.5404684286179902,0.37911829772618266,41,early
41413,13,0,0.8073457985639796,0.398071409704312,41,early
41414,14,0,0.8306318577665457,0.28987756847688406,41,early
41415,15,0,0.8933729112955879,0.2599214461105945,41,early
41416,16,0,0.7995304997921934,0.5282059436160027,41,early
41417,17,0,0.11256113300532966,0.42180373532900284,41,early
41418,18,0,0.18242221716693696,0.528053436167337,41,early
41419,19,0,0.17489239359811506,0.3080819657843631,41,early
41420,20,0,0.16733200805282367,0.5290427651064494,41,early
41421,21,0,0.46794889304182025,0.473396086310428,41,early
41422,22,0,0.6679197711265215,0.45247757327478755,41,early
41423,23,0,0.2914472261491122,0.4012298813847668,41,early
41424,24,0,0.5240097550195615,0.3474929466752267,41,early
41425,25,0,0.4769302543095978,0.470037373885234,41,early
41426,26,0,0.6717470661546127,0.36631118327342554,41,early
41427,27,0,0.7897239875489204,0.40486095918421905,41,early
41428,28,0,0.16391932931603181,0.45482914491453696,41,early
41429,29,0,0.21794731855769645,0.4492243431807249,41,early
41430,30,0,0.5239188218693518,0.593037207516929,41,early
41431,31,0,0.6352650777526005,0.3461843091372426,41,early
41432,32,0,0.9006125693785381,0.36338449301100084,41,early
41433,33,0,0.9295937345815359,0.3473361686058058,41,early
41434,34,0,0.9644077996478088,0.3310953835128213,41,early
41435,35,0,0.13646218190871928,0.38902230458995174,41,early
41436,36,0,0.930696870746105,0.37229793310173565,41,early
41437,37,0,0.8305715629899432,0.5611851032819093,41,early
41438,38,0,0.4742634453129801,0.6839110622191256,41,early
41439,39,0,0.600482701699381,0.5150629999005218,41,early
41440,40,0,0.19111710245847496,0.5497089836307596,41,early
41441,41,0,0.5666292600008614,0.4614948145000927,41,early
41442,42,0,0.3115976211387502,0.48891375218741945,41,early
41443,43,0,0.3196258411278606,0.46597172650729674,41,early
41444,44,0,0.4335885104015212,0.4016522885028466,41,early
41445,45,0,0.727492189653507,0.34770681263115066,41,early
41446,46,0,0.8191084997549208,0.4969586809171142,41,early
41447,47,0,0.8598837382543815,0.4000591336303353,41,early
41448,48,0,0.05384629811773084,0.38681468925109264,41,early
41449,49,0,0.7849400130866018,0.4093777631757214,41,early
41450,50,0,0.777080957353605,0.24747679447032447,41,early
41451,51,0,0.06579624350845574,0.3769103470248092,41,early
41452,52,0,0.7868060796339058,0.3519096985862152,41,early
41453,53,0,0.10126817926364347,0.6222277629693468,41,early
41454,54,0,0.6660921774491495,0.3827389090476019,41,early
41455,55,0,0.4624125431822433,0.403987852770028,41,early
41456,56,0,0.4402564362684103,0.44397111528799216,41,early
41457,57,0,0.3052742202153999,0.36221858467656476,41,early
41458,58,0,0.4330989977479097,0.444278198721587,41,early
41459,59,0,0.38469176807138294,0.33052656849026696,41,early
41460,60,0,0.4758889962976626,0.573503813930309,41,early
41461,61,0,0.715214456429591,0.3735818252620675,41,early
41462,62,0,0.5567193150540743,0.3434209527779202,41,early
41463,63,0,0.2698310285142994,0.279952794644469,41,early
41464,64,0,0.4621056553389511,0.5313090684284324,41,early
41465,65,0,0.47835340154472217,0.48726245298029763,41,early
41466,66,0,0.4146560958781202,0.5080477258477827,41,early
41467,67,0,0.24125184152531554,0.6601767336538593,41,early
41468,68,0,0.37497661651408165,0.3293812501374588,41,early
41469,69,0,0.34912951180135277,0.44660154492557824,41,early
41470,70,0,0.5059184545093679,0.5408605960275468,41,early
41471,71,0,0.3861325041095053,0.41234295599963844,41,early
41472,72,0,0.5054030307995279,0.4193547053205391,41,early
41473,73,0,0.4258069915922677,0.30616383063102975,41,early
41474,74,0,0.4267375736218298,0.3620139762899506,41,early
41475,75,0,0.7415285304228993,0.25644585168634765,41,early
41476,76,0,0.28058413894288015,0.4391554301224131,41,early
41477,77,0,0.5842983252539369,0.36985793081935836,41,early
41478,78,0,0.7368840113527791,0.40892190033335624,41,early
41479,79,0,0.9448265692455906,0.34883345688817935,41,early
41480,80,0,0.4516655452907247,0.39092127922794295,41,early
41481,81,0,0.5715080189674209,0.5088942614953083,41,early
41482,82,0,0.47690891888521486,0.335356827575308,41,early
41483,83,0,0.8137550068728576,0.3494458564965639,41,early
41484,84,0,0.3803101272655112,0.5367703959666843,41,early
41485,85,0,0.6084280113487559,0.3672972563372174,41,early
41486,86,0,0.9315889438964551,0.41219499116285463,41,early
41487,87,0,0.7055987622914082,0.3795945858243267,41,early
41488,88,0,0.4508936064641516,0.4592038128913583,41,early
41489,89,0,0.3401118789633495,0.35422406840337073,41,early
41490,90,0,0.36989134329341306,0.31838415016510924,41,early
41491,91,0,0.7504983251984476,0.3425785819602569,41,early
41492,92,0,0.543778674070372,0.48301309795041336,41,early
41493,93,0,0.1548784523829422,0.4360806146065526,41,early
41494,94,0,0.6577921997120546,0.4889558640252558,41,early
41495,95,0,0.5451310641194269,0.486333444006134,41,early
41496,96,0,0.7942248399595234,0.34493775569893104,41,early
41497,97,0,0.8761244840217493,0.38551295477801245,41,early
41498,98,0,0.4671869182387235,0.4657450108315565,41,early
41499,99,0,0.5462808939911333,0.4332455431544471,41,early
41500,100,0,0.9643262996250256,0.5174968330089256,41,early
41501,101,0,0.5414944813083082,0.2824484096682798,41,early
41502,102,0,0.9369281394579922,0.2529379114185931,41,early
41503,103,0,0.9077318519292761,0.3888197389231625,41,early
41504,104,0,0.22938531531866987,0.43106675942482203,41,early
41505,105,0,0.1778718310599527,0.4954666075190193,41,early
41506,106,0,0.7152683825844455,0.4534681939552161,41,early
41507,107,0,0.4530903578552392,0.43670123753296974,41,early
41508,108,0,0.45164432067991594,0.382523760506751,41,early
41509,109,0,0.5683169932185728,0.36282859119055794,41,early
41510,110,0,0.27720976450362983,0.49883746047341937,41,early
41511,111,0,0.5287890284413419,0.48803840685073563,41,early
41512,112,0,0.4891245262423464,0.3122068951581014,41,early
41513,113,0,0.7751385669937325,0.31933603168601843,41,early
41514,114,0,0.8964347637258097,0.5350497583600073,41,early
41515,115,0,0.6238848915672465,0.40527294143638165,41,early
41516,116,0,0.9219579723017918,0.2612627662629858,41,early
41517,117,0,0.26024456775330657,0.4209781639355515,41,early
41518,118,0,0.7735011615944163,0.28877603018536957,41,early
41519,119,0,0.5193391437595248,0.37299755455145944,41,early
41520,120,0,0.5107162834095316,0.4529512962303709,41,early
41521,121,0,0.4983017959591707,0.41610573216640573,41,early
41522,122,0,0.9847194866611808,0.37412607053094576,41,early
41523,123,0,0.49764518927899604,0.2468889169809716,41,early
41524,124,0,0.2129675608428576,0.2786044273419581,41,early
41525,125,0,0.6623712130987882,0.4192662785882878,41,early
41526,126,0,0.7836170318065907,0.4421460737940367,41,early
41527,127,0,0.4543282522229661,0.4268470012619639,41,early
41528,128,0,0.7688965698974177,0.36526915289481604,41,early
41529,129,0,0.8101964860530292,0.49906068683609767,41,early
41530,130,0,0.5071859328037549,0.2372549418862404,41,early
41531,131,0,0.7264211925076848,0.35806354944707325,41,early
41532,132,0,0.444500881836264,0.47516728904077093,41,early
41533,133,0,0.483641868737539,0.653608737221276,41,early
41534,134,0,0.3368481615398743,0.36875891315984966,41,early
41535,135,0,0.4380083237587627,0.3922569097152361,41,early
41536,136,0,0.6779437698277072,0.3030039728441008,41,early
41537,137,0,0.5775807794283817,0.33271815298445206,41,early
41538,138,0,0.40349315020171994,0.3298973815936621,41,early
41539,139,0,0.867340755037864,0.3331416736762595,41,early
41540,140,0,0.7380787812243677,0.2388232620436636,41,early
41541,141,0,0.08687871109892792,0.4946490589415326,41,early
41542,142,0,0.2763854140777086,0.3353641775642783,41,early
41543,143,0,0.5381209841420079,0.4033093589899126,41,early
41544,144,0,0.6017699019842919,0.31269061721360875,41,early
41545,145,0,0.6347996840209591,0.29096009541664314,41,early
41546,146,0,0.7005359836322866,0.3792778163682753,41,early
41547,147,0,0.37157768703584326,0.24083004223680995,41,early
41548,148,0,0.6752307867807066,0.3135682178936401,41,early
41549,149,0,0.6355253841145829,0.4695154651369103,41,early
41550,150,0,0.6957758965746964,0.2856824569604428,41,early
41551,151,0,0.6047947165823572,0.3076436236144747,41,early
41552,152,0,0.293489575093706,0.321820649018704,41,early
41553,153,0,0.42950343828342696,0.38312028602401166,41,early
41554,154,0,0.9214253176446383,0.38412443052897194,41,early
41555,155,0,0.6551978762366051,0.46948692308040096,41,early
41556,156,0,0.28608656741624217,0.30638226884089037,41,early
41557,157,0,0.23776287860525894,0.3952254129015187,41,early
41558,158,0,0.3851757236266857,0.3946153425747383,41,early
41559,159,0,0.9506430534818631,0.3924020831286571,41,early
41560,160,0,0.08075243657234243,0.36224166528635793,41,early
41561,161,0,0.24221617137557214,0.5101473833804604,41,early
41562,162,0,0.5401850422253058,0.37043207020027,41,early
41563,163,0,0.5760217554980706,0.2566859934580238,41,early
41564,164,0,0.5718514422397312,0.3917421779005643,41,early
41565,165,0,0.8146944396785695,0.345927706425904,41,early
41566,166,0,0.5085979534727598,0.34039346478703914,41,early
41567,167,0,0.5204752201264284,0.3610276097879432,41,early
41568,168,0,0.320342311559185,0.3872741609711724,41,early
41569,169,0,0.5024483099474738,0.3552830185623554,41,early
41570,170,0,0.7744724242314671,0.34607761769848633,41,early
41571,171,0,0.7578705506497212,0.29822681714199756,41,early
41572,172,0,0.453275931489448,0.4169391118670742,41,early
41573,173,0,0.8288030312716713,0.3136898996717238,41,early
41574,174,0,0.6475954988924559,0.40809327015298846,41,early
41575,175,0,0.6629430638603694,0.37668116475026303,41,early
41576,176,0,0.5348198098897771,0.29702338464035805,41,early
41577,177,0,0.4694201043099615,0.42071267386469413,41,early
41578,178,0,0.9659916995905848,0.25933062350657654,41,early
41579,179,0,0.3582923049162184,0.2603221837223414,41,early
41580,180,0,0.18757818305874235,0.4424154015643359,41,early
41581,181,0,0.5700035195750335,0.3683301749132898,41,early
41582,182,0,0.4350020105007151,0.23950052067468758,41,early
41583,183,0,0.5562135417842897,0.2794959203838684,41,early
41584,184,0,0.5714658329112897,0.3266284936152659,41,early
41585,185,0,0.34621674454363466,0.276551390298944,41,early
41586,186,0,0.5613766036260847,0.2853991784482972,41,early
41587,187,0,0.5742290059337112,0.37169684877600734,41,early
41588,188,0,0.6166216015516868,0.31123888531849775,41,early
41589,189,0,0.5127895356798015,0.267770631543168,41,early
41590,190,0,0.37561962706552565,0.30101304345886515,41,early
41591,191,0,0.37144417150673625,0.27907515676007855,41,early
41592,192,0,0.6670757407935397,0.31682540379675195,41,early
41593,193,0,0.5604344748630313,0.31407837527758165,41,early
41594,194,0,0.3968355692422232,0.426959450636358,41,early
41595,195,0,0.338929908721287,0.24830429091228418,41,early
41596,196,0,0.7293656742473446,0.42610594585112893,41,early
41597,197,0,0.9310707381319696,0.25303384901041803,41,early
41598,198,0,0.6940781423820139,0.28027135039974943,41,early
41599,199,0,0.10039527516264968,0.40545189669056225,41,early
41600,0,0,0.49478381447059333,0.5708177511314536,41,middle
41601,1,0,0.9709609011128641,0.4868615639973933,41,middle
41602,2,0,0.5145560628590874,0.4835551076827497,41,middle
41603,3,0,0.06524842182753607,0.5703305612056555,41,middle
41604,4,0,0.20795648115221263,0.5323335031495502,41,middle
41605,5,0,0.8250374518733289,0.4875467162611532,41,middle
41606,6,0,0.45539136063788765,0.7281506432735005,41,middle
41607,7,0,0.07689515104386502,0.6734944340524858,41,middle
41608,8,0,0.6944658120322256,0.5711457759230565,41,middle
41609,9,0,0.7655920269542105,0.3783418408825747,41,middle
41610,10,0,0.6111617316621452,0.4324934440846853,41,middle
41611,11,0,0.41916007550427004,0.57289803704254,41,middle
41612,12,0,0.44123211423897024,0.6267460792753126,41,middle
41613,13,0,0.10856496800455671,0.5547715420475323,41,middle
41614,14,0,0.4010788946545159,0.7495322625507466,41,middle
41615,15,0,0.4045479529423373,0.556814655708192,41,middle
41616,16,0,0.2296894825988411,0.6097031074018677,41,middle
41617,17,0,0.4955886235430872,0.5794695165703845,41,middle
41618,18,0,0.48825424131110406,0.5685698455869739,41,middle
41619,19,0,0.17940160324018845,0.4606318064786012,41,middle
41620,20,0,0.48627985219430664,0.5584263042790971,41,middle
41621,21,0,0.6527287705038165,0.5223698940330921,41,middle
41622,22,0,0.4820976889106686,0.4430343987864912,41,middle
41623,23,0,0.8196294728588236,0.36367685687898965,41,middle
41624,24,0,0.40423062279907523,0.5268741650146573,41,middle
41625,25,0,0.27651406276312773,0.5504212591865917,41,middle
41626,26,0,0.6087392391664506,0.4510286879248362,41,middle
41627,27,0,0.9183693875710017,0.6486456718666125,41,middle
41628,28,0,0.3987948470785755,0.4403842487834207,41,middle
41629,29,0,0.9573345081944495,0.4914040103510187,41,middle
41630,30,0,0.8108275684277604,0.4201495507270841,41,middle
41631,31,0,0.807308102880711,0.3971738626106144,41,middle
41632,32,0,0.7196580011271689,0.5326302551208169,41,middle
41633,33,0,0.49966813753176575,0.48312164495363075,41,middle
41634,34,0,0.10325731056990767,0.6049842655138118,41,middle
41635,35,0,0.7343070926986859,0.5236540236188392,41,middle
41636,36,0,0.5058224473328129,0.677488867929779,41,middle
41637,37,0,0.8395425049357574,0.46403965637491706,41,middle
41638,38,0,0.4696720970167428,0.4340618942522403,41,middle
41639,39,0,0.20675169613560557,0.4269202745581343,41,middle
41640,40,0,0.27218334921064147,0.5235130698351257,41,middle
41641,41,0,0.27767399494705414,0.3725380956549994,41,middle
41642,42,0,0.3135175882291812,0.40606071362153023,41,middle
41643,43,0,0.5331632941632527,0.4874906010930964,41,middle
41644,44,0,0.19602154898972335,0.5178869759886707,41,middle
41645,45,0,0.6352822765077843,0.31869688985472094,41,middle
41646,46,0,0.5167605366400547,0.5535260696261668,41,middle
41647,47,0,0.5225188275671382,0.4323263360119409,41,middle
41648,48,0,0.6905375839168211,0.3904280108769112,41,middle
41649,49,0,0.2848890671681596,0.47236258051659336,41,middle
41650,50,0,0.3382243091603079,0.4877160965525029,41,middle
41651,51,0,0.3705950109365225,0.6250856760891481,41,middle
41652,52,0,0.4754076254697228,0.5060876561307321,41,middle
41653,53,0,0.5262307714987668,0.33801915660602083,41,middle
41654,54,0,0.456358380555258,0.42460078492286735,41,middle
41655,55,0,0.39190999580635605,0.5361646731929846,41,middle
41656,56,0,0.35273672255884686,0.5125520609334244,41,middle
41657,57,0,0.4953385452267226,0.5517872987277297,41,middle
41658,58,0,0.5724638583699889,0.3200487566663433,41,middle
41659,59,0,0.3425352568394289,0.5379114434340174,41,middle
41660,60,0,0.6252126996690512,0.49721453001602983,41,middle
41661,61,0,0.6625463620056902,0.4358194653358004,41,middle
41662,62,0,0.6781614164537103,0.54798108805747,41,middle
41663,63,0,0.5794959933849497,0.4587223407925345,41,middle
41664,64,0,0.4301770867366279,0.395595585404262,41,middle
41665,65,0,0.8019927400221327,0.45498400336700756,41,middle
41666,66,0,0.48211409915273595,0.40548555353035803,41,middle
41667,67,0,0.6355739219408312,0.38097162860163625,41,middle
41668,68,0,0.7443095169833751,0.486007604854,41,middle
41669,69,0,0.26656584313511467,0.5296361993948714,41,middle
41670,70,0,0.8437115954642895,0.46807105468864285,41,middle
41671,71,0,0.7539374166698904,0.47890523765296994,41,middle
41672,72,0,0.7939260866232649,0.4539968313017198,41,middle
41673,73,0,0.057791756338851336,0.5992059435204329,41,middle
41674,74,0,0.28318296470876453,0.4053491482125746,41,middle
41675,75,0,0.8650471467043086,0.4102003186033216,41,middle
41676,76,0,0.5480014964933506,0.5340512649590408,41,middle
41677,77,0,0.21324561637449282,0.43325778428173756,41,middle
41678,78,0,0.6759772259725416,0.35895530575460083,41,middle
41679,79,0,0.8077975846730459,0.4213355131996156,41,middle
41680,80,0,0.3856953886299702,0.47470201448577043,41,middle
41681,81,0,0.23320178641034484,0.5569915361300983,41,middle
41682,82,0,0.4153961159293277,0.46682695204694763,41,middle
41683,83,0,0.42080161483702505,0.3294615897183139,41,middle
41684,84,0,0.432540310085544,0.4417164387425617,41,middle
41685,85,0,0.43481133904289104,0.43010869449026323,41,middle
41686,86,0,0.6647718433403669,0.4074847653148807,41,middle
41687,87,0,0.6206404617902557,0.5183654088463678,41,middle
41688,88,0,0.8230469249296446,0.4341472883039731,41,middle
41689,89,0,0.8487489312899597,0.3574245327666812,41,middle
41690,90,0,0.22679935983402238,0.5744777749319434,41,middle
41691,91,0,0.826127479965417,0.43186179389785956,41,middle
41692,92,0,0.3544022873538892,0.40439024603191265,41,middle
41693,93,0,0.33185815668605667,0.5374704413557252,41,middle
41694,94,0,0.5914041335223005,0.4731153637350556,41,middle
41695,95,0,0.512023331645691,0.3367477915895425,41,middle
41696,96,0,0.7001897544962008,0.3067095829714387,41,middle
41697,97,0,0.3529954326750437,0.5640607557579178,41,middle
41698,98,0,0.5512550591930215,0.3662587510999351,41,middle
41699,99,0,0.9690435374098748,0.4445102126114532,41,middle
41700,100,0,0.17193717048524876,0.5361877661701819,41,middle
41701,101,0,0.5190106834759377,0.3521589252886893,41,middle
41702,102,0,0.8768427090792273,0.5638706278440928,41,middle
41703,103,0,0.7986092181772391,0.3195487717974539,41,middle
41704,104,0,0.45231027210532554,0.42628519156129424,41,middle
41705,105,0,0.5640842524747551,0.2930493183799295,41,middle
41706,106,0,0.40850761289402826,0.4793294306951196,41,middle
41707,107,0,0.7316668173831905,0.40223897525358954,41,middle
41708,108,0,0.9666038747351031,0.37892439145790097,41,middle
41709,109,0,0.26317612962564657,0.42603882787347086,41,middle
41710,110,0,0.47014763041289054,0.4111047932383836,41,middle
41711,111,0,0.8894035085726676,0.525955010885085,41,middle
41712,112,0,0.44771865596736066,0.29690532784057,41,middle
41713,113,0,0.5730270890463849,0.4571470676485264,41,middle
41714,114,0,0.971497060209482,0.3375431699752972,41,middle
41715,115,0,0.9361968806076255,0.4394586105668392,41,middle
41716,116,0,0.8335646183350576,0.24672037326020924,41,middle
41717,117,0,0.7453483882210806,0.4958368893262739,41,middle
41718,118,0,0.0732283285126175,0.688265808511527,41,middle
41719,119,0,0.6969945934914044,0.40420571623459906,41,middle
41720,120,0,0.6200489846714081,0.5025258479693337,41,middle
41721,121,0,0.6761023753097715,0.37142214939219376,41,middle
41722,122,0,0.864684382418516,0.4118180336487469,41,middle
41723,123,0,0.7494151508666618,0.3936379367554911,41,middle
41724,124,0,0.17526538750248838,0.5207503549777875,41,middle
41725,125,0,0.7747387114445465,0.33208117359281997,41,middle
41726,126,0,0.2724341749871244,0.3596202620355862,41,middle
41727,127,0,0.7905582151522299,0.32545623100847815,41,middle
41728,128,0,0.2929389559587493,0.5871102903039511,41,middle
41729,129,0,0.4819064421918976,0.4209348733651701,41,middle
41730,130,0,0.7244237578179962,0.4299674439656102,41,middle
41731,131,0,0.5572604870692788,0.35495007696830905,41,middle
41732,132,0,0.4944835085006289,0.6011649556183707,41,middle
41733,133,0,0.47731313405153314,0.6587621907322024,41,middle
41734,134,0,0.7674052067954111,0.3658157336462171,41,middle
41735,135,0,0.14515545276796385,0.296885989923054,41,middle
41736,136,0,0.3347475274061806,0.454369111211257,41,middle
41737,137,0,0.5139482151920426,0.45020935333696754,41,middle
41738,138,0,0.18183879825446322,0.3658461575491085,41,middle
41739,139,0,0.20813712403014553,0.438524772178973,41,middle
41740,140,0,0.7316900018122002,0.4335437541067415,41,middle
41741,141,0,0.20505719571721334,0.44029201937132806,41,middle
41742,142,0,0.6321227897160177,0.43561887565886387,41,middle
41743,143,0,0.9633290779531302,0.27291350739297315,41,middle
41744,144,0,0.4797897246803476,0.4137400815578745,41,middle
41745,145,0,0.36288348548952787,0.30975769242119466,41,middle
41746,146,0,0.38725027963210545,0.3983895888273815,41,middle
41747,147,0,0.3526824887279829,0.7071144251556581,41,middle
41748,148,0,0.694968794882647,0.45740240001293553,41,middle
41749,149,0,0.7080542855072041,0.38041070819271927,41,middle
41750,150,0,0.41726988117043196,0.4318990141722027,41,middle
41751,151,0,0.7375635887932515,0.31414620801650556,41,middle
41752,152,0,0.39800404693284314,0.4975683490286335,41,middle
41753,153,0,0.6967833173505895,0.3445749809219124,41,middle
41754,154,0,0.714283110254543,0.37592702645092085,41,middle
41755,155,0,0.4718049134425668,0.4587125816012111,41,middle
41756,156,0,0.577173152827605,0.3899157900149417,41,middle
41757,157,0,0.42339482067737827,0.27763355446861115,41,middle
41758,158,0,0.8001700636133473,0.3506548533530202,41,middle
41759,159,0,0.13918969094353179,0.39255817004631943,41,middle
41760,160,0,0.24801028578333711,0.47697748794176187,41,middle
41761,161,0,0.7746669487719651,0.41669955804755665,41,middle
41762,162,0,0.42380766951905907,0.35860935223081425,41,middle
41763,163,0,0.33912432766724104,0.46841094246114556,41,middle
41764,164,0,0.4699120204315262,0.4119227466072304,41,middle
41765,165,0,0.7069585408814945,0.41809330316366844,41,middle
41766,166,0,0.14143960961472057,0.43438041770645364,41,middle
41767,167,0,0.7362020478436244,0.30291809292015637,41,middle
41768,168,0,0.42135046417990857,0.6966377078729051,41,middle
41769,169,0,0.5880024316962496,0.3352015809855902,41,middle
41770,170,0,0.4665159131756913,0.3411318900746887,41,middle
41771,171,0,0.5068843112796542,0.45017871319569236,41,middle
41772,172,0,0.48647215386989573,0.4426558959305351,41,middle
41773,173,0,0.6217729920180478,0.43391964011562345,41,middle
41774,174,0,0.584234925477425,0.41604024527234384,41,middle
41775,175,0,0.7388362051219307,0.5193137917994519,41,middle
41776,176,0,0.4497544130955861,0.27287433733236155,41,middle
41777,177,0,0.9307446992388408,0.3773071701493088,41,middle
41778,178,0,0.7688542648381493,0.2904043213340428,41,middle
41779,179,0,0.446492073429428,0.3267419666755834,41,middle
41780,180,0,0.3792869602665197,0.4732490836196587,41,middle
41781,181,0,0.7859728933134482,0.4637047417081458,41,middle
41782,182,0,0.39480028249431864,0.35406938280196276,41,middle
41783,183,0,0.6929094167919383,0.46431144436804456,41,middle
41784,184,0,0.5721034531784857,0.2881041127170098,41,middle
41785,185,0,0.8931067067774068,0.4703536698392621,41,middle
41786,186,0,0.452655397912363,0.38562620161899924,41,middle
41787,187,0,0.40946214060212366,0.45365073381092336,41,middle
41788,188,0,0.7895078094242735,0.32867854259482454,41,middle
41789,189,0,0.8814698244263427,0.33866615152019325,41,middle
41790,190,0,0.6798212965844558,0.43436937363214106,41,middle
41791,191,0,0.3420232711460428,0.383055330120017,41,middle
41792,192,0,0.4870978809623422,0.40833686581226136,41,middle
41793,193,0,0.3679594373164081,0.4071775380410957,41,middle
41794,194,0,0.26869627047527816,0.4040370790060678,41,middle
41795,195,0,0.4648747902790279,0.3227909866793355,41,middle
41796,196,0,0.6098858398978922,0.4303176745669262,41,middle
41797,197,0,0.5227298705862002,0.2918058763015434,41,middle
41798,198,0,0.791406495693789,0.3313656594439004,41,middle
41799,199,0,0.7206267451300059,0.40068883971480873,41,middle
41800,0,0,0.784728050702838,0.5968755407545718,41,late
41801,1,0,0.42730659143948535,0.5934844452815026,41,late
41802,2,0,0.46059899218959555,0.64915901602666,41,late
41803,3,0,0.37601735331754893,0.6614883759394343,41,late
41804,4,0,0.7954632658026319,0.5295911794361234,41,late
41805,5,0,0.4387890332134381,0.653892000237596,41,late
41806,6,0,0.46477113804458303,0.57281165565026,41,late
41807,7,0,0.4500287229991552,0.4359917318719828,41,late
41808,8,0,0.3998737438420217,0.40162812953003024,41,late
41809,9,0,0.3596284708131404,0.521084403206028,41,late
41810,10,0,0.7964272408334192,0.469650651179085,41,late
41811,11,0,0.33205612950947877,0.5667827551755102,41,late
41812,12,0,0.06628593875601324,0.6347750861391359,41,late
41813,13,0,0.4661195942708923,0.5049613038907119,41,late
41814,14,0,0.6403301989506426,0.546101654254604,41,late
41815,15,0,0.22430820308887467,0.5939662838729243,41,late
41816,16,0,0.462687542504596,0.4115585675162945,41,late
41817,17,0,0.10547015668992121,0.4897571247928324,41,late
41818,18,0,0.806141544373339,0.4393320099383997,41,late
41819,19,0,0.37074509918333415,0.5300093162985904,41,late
41820,20,0,0.655059885662205,0.37176255278946,41,late
41821,21,0,0.372937383487456,0.4940516395492044,41,late
41822,22,0,0.870636291947033,0.3708140913024548,41,late
41823,23,0,0.6646747256694382,0.5379871960138245,41,late
41824,24,0,0.5579324050059153,0.42281663366597444,41,late
41825,25,0,0.5271721240149725,0.7461116569012642,41,late
41826,26,0,0.7601118472053436,0.4448900686196299,41,late
41827,27,0,0.6916899181197165,0.600258375838738,41,late
41828,28,0,0.1240870179396519,0.5731701662076717,41,late
41829,29,0,0.5003788296158023,0.38712902712334374,41,late
41830,30,0,0.2349472698094069,0.459070944319681,41,late
41831,31,0,0.0854692444784695,0.5200458295000014,41,late
41832,32,0,0.7919427474812447,0.5419013964391386,41,late
41833,33,0,0.6328192648132908,0.4461572721907098,41,late
41834,34,0,0.32732052618756274,0.5486395900445462,41,late
41835,35,0,0.7406410684366433,0.5822377615633293,41,late
41836,36,0,0.9539968884263048,0.4181943417103514,41,late
41837,37,0,0.3874014849019604,0.3813065210289275,41,late
41838,38,0,0.7086001145184878,0.5138118316646785,41,late
41839,39,0,0.707077327782949,0.3530775501758021,41,late
41840,40,0,0.22838043631715163,0.4736210904533993,41,late
41841,41,0,0.5321356091856121,0.6766994145452527,41,late
41842,42,0,0.6185788581151782,0.5112806991584096,41,late
41843,43,0,0.3905283506206959,0.49105726461002985,41,late
41844,44,0,0.5673766379428958,0.3546827501566863,41,late
41845,45,0,0.4592620004497777,0.4552217864524467,41,late
41846,46,0,0.2580397354823764,0.5510684665172025,41,late
41847,47,0,0.4990751177834764,0.48778501594356244,41,late
41848,48,0,0.868280941121145,0.4524047488948729,41,late
41849,49,0,0.39232257941046983,0.430339449537163,41,late
41850,50,0,0.7894905057966686,0.3899778114753696,41,late
41851,51,0,0.48393008203820975,0.3887115432229202,41,late
41852,52,0,0.14490331135653065,0.4563452401257476,41,late
41853,53,0,0.8340600916085934,0.38130912340396284,41,late
41854,54,0,0.13057546817471,0.662708527734517,41,late
41855,55,0,0.4298356267036231,0.4488073410011627,41,late
41856,56,0,0.5300395845391028,0.5016912139612006,41,late
41857,57,0,0.6397231238925815,0.3745315271245937,41,late
41858,58,0,0.5574899559421057,0.44868514439436336,41,late
41859,59,0,0.44505615371826485,0.5541408322851744,41,late
41860,60,0,0.8050467234831766,0.5104541003373986,41,late
41861,61,0,0.3757243507529022,0.506261352151853,41,late
41862,62,0,0.7782254063470229,0.3051924368764149,41,late
41863,63,0,0.41121004870607797,0.4951390261254929,41,late
41864,64,0,0.43320172312304606,0.5555331010184875,41,late
41865,65,0,0.3226894043485344,0.4956752344279868,41,late
41866,66,0,0.953846642505132,0.5117453401835887,41,late
41867,67,0,0.2457105886457758,0.5718637033310205,41,late
41868,68,0,0.7134380199847989,0.41908119370082564,41,late
41869,69,0,0.7374274249432149,0.4447585525298946,41,late
41870,70,0,0.07811014044344243,0.6696128097718301,41,late
41871,71,0,0.21409233286338614,0.4983863901438448,41,late
41872,72,0,0.4588811984311649,0.32357286570009464,41,late
41873,73,0,0.601289579527668,0.39730329010747123,41,late
41874,74,0,0.30502701469955595,0.5754033719532079,41,late
41875,75,0,0.1618898914254237,0.46179128027611716,41,late
41876,76,0,0.22634339720111654,0.5350078437735454,41,late
41877,77,0,0.7616711770480099,0.45967768407985177,41,late
41878,78,0,0.8995162362268604,0.3969699492402957,41,late
41879,79,0,0.7490928473141121,0.4054997019481368,41,late
41880,80,0,0.023178930367523394,0.6959650211751973,41,late
41881,81,0,0.6572119363223458,0.3545677426205665,41,late
41882,82,0,0.6259239481494087,0.45000579282178066,41,late
41883,83,0,0.46481112733747565,0.47216786821862156,41,late
41884,84,0,0.19424229841795282,0.49963251731961345,41,late
41885,85,0,0.5722301446935469,0.595137534139186,41,late
41886,86,0,0.11932469982714647,0.5596288859031251,41,late
41887,87,0,0.5658174706793931,0.5009008919541853,41,late
41888,88,0,0.6288745835572611,0.35446512061848623,41,late
41889,89,0,0.6049038456146033,0.5167154586315682,41,late
41890,90,0,0.856045633699368,0.4435771874103078,41,late
41891,91,0,0.7639585288146878,0.42457189126150313,41,late
41892,92,0,0.4818690958706977,0.5435116802172476,41,late
41893,93,0,0.5019363488091838,0.4816616484187972,41,late
41894,94,0,0.33650558402177233,0.42509344613764966,41,late
41895,95,0,0.3653805625387374,0.4291006593311873,41,late
41896,96,0,0.8218274800900962,0.37019490246324593,41,late
41897,97,0,0.383127297879871,0.5049749277022335,41,late
41898,98,0,0.8459246186703155,0.3329541439753687,41,late
41899,99,0,0.4216077429611665,0.6617625509714522,41,late
41900,100,0,0.037654690964810306,0.5472670691050983,41,late
41901,101,0,0.12801124500951191,0.6183233109323634,41,late
41902,102,0,0.7980317869243185,0.4124358855054404,41,late
41903,103,0,0.7476629169181094,0.3717998697024264,41,late
41904,104,0,0.2907105289742895,0.4471841509200303,41,late
41905,105,0,0.45342047562029497,0.7063048002404518,41,late
41906,106,0,0.028852964931885116,0.6366016795858849,41,late
41907,107,0,0.6954499465073654,0.3157787118424896,41,late
41908,108,0,0.6135130089461762,0.34707042997691917,41,late
41909,109,0,0.824963306969914,0.4507602824421634,41,late
41910,110,0,0.6482491705319514,0.33582111480444676,41,late
41911,111,0,0.8464759099727059,0.41235471953285563,41,late
41912,112,0,0.9416079455454311,0.24332939714464524,41,late
41913,113,0,0.9663561925775479,0.38655220617459596,41,late
41914,114,0,0.5214760055755246,0.37332255514955515,41,late
41915,115,0,0.9886447163860748,0.33710973642656716,41,late
41916,116,0,0.9108141584499568,0.39186860738141227,41,late
41917,117,0,0.322766669099095,0.3735359460730988,41,late
41918,118,0,0.659952025711738,0.5650599717242054,41,late
41919,119,0,0.8945954045864306,0.36554140238522553,41,late
41920,120,0,0.5359533957701728,0.383762862680343,41,late
41921,121,0,0.1436607210823884,0.5502437620993615,41,late
41922,122,0,0.3271234311442864,0.7588868207839443,41,late
41923,123,0,0.431881872333302,0.43491155462823217,41,late
41924,124,0,0.11609076336408053,0.5625832138561222,41,late
41925,125,0,0.449601052590425,0.5021020225893718,41,late
41926,126,0,0.4070650748041089,0.5382712929251938,41,late
41927,127,0,0.5698123350599015,0.5860977774693048,41,late
41928,128,0,0.9676739152838645,0.4148879215875254,41,late
41929,129,0,0.02392121218706688,0.5163857522924336,41,late
41930,130,0,0.8248668341173979,0.28704169082397213,41,late
41931,131,0,0.6570700370726705,0.3418429727087019,41,late
41932,132,0,0.46050534443205965,0.4651689475031416,41,late
41933,133,0,0.48769003295037294,0.49455837857557916,41,late
41934,134,0,0.42544185975119564,0.5062860882384117,41,late
41935,135,0,0.8213453639705912,0.35195558477359407,41,late
41936,136,0,0.6459751774383327,0.41426490519554693,41,late
41937,137,0,0.22494572235731083,0.39424910879714,41,late
41938,138,0,0.5903211320718059,0.4385032719194103,41,late
41939,139,0,0.6249035873447759,0.3309743553632378,41,late
41940,140,0,0.5480138053325213,0.4505219018675394,41,late
41941,141,0,0.10277630402809353,0.42099862523488485,41,late
41942,142,0,0.7725678708680174,0.32729020859856006,41,late
41943,143,0,0.4574187285694299,0.4611793435189927,41,late
41944,144,0,0.670971313643874,0.3228000165419129,41,late
41945,145,0,0.5938525957360662,0.41339669673854085,41,late
41946,146,0,0.3981031312436156,0.479535712461725,41,late
41947,147,0,0.534092460459951,0.35965388776653284,41,late
41948,148,0,0.7866972138002057,0.3655921594674927,41,late
41949,149,0,0.8366382853354675,0.4338089968991381,41,late
41950,150,0,0.9678229992463173,0.32345254920200184,41,late
41951,151,0,0.369222434660206,0.3426471805218846,41,late
41952,152,0,0.5566215203661702,0.32922719908666376,41,late
41953,153,0,0.9716174348592008,0.3992738021491884,41,late
41954,154,0,0.9866856528099746,0.4519748599234217,41,late
41955,155,0,0.41311743638483744,0.41404366116585056,41,late
41956,156,0,0.43249013626051985,0.43508257694575503,41,late
41957,157,0,0.45891944271851653,0.3641930571456389,41,late
41958,158,0,0.637853430914598,0.40568000929917075,41,late
41959,159,0,0.6253929484016036,0.4352185384777177,41,late
41960,160,0,0.5145730521310419,0.3815559973900332,41,late
41961,161,0,0.47248817972919493,0.5348060423662171,41,late
41962,162,0,0.5366967543745924,0.3519501167070346,41,late
41963,163,0,0.6615382752159091,0.5928099116409722,41,late
41964,164,0,0.49529582686839924,0.5070995744002595,41,late
41965,165,0,0.20189009745631248,0.6199361579926734,41,late
41966,166,0,0.2811774500202189,0.42420221065831937,41,late
41967,167,0,0.671912212653823,0.47844070911011477,41,late
41968,168,0,0.6612077786222381,0.39879939645384427,41,late
41969,169,0,0.8259732040458632,0.3977041231086734,41,late
41970,170,0,0.542783702538417,0.3140148188147806,41,late
41971,171,0,0.3892746241653866,0.4168327464088568,41,late
41972,172,0,0.6722204691255887,0.6030034219723075,41,late
41973,173,0,0.5967070845782012,0.4472951053800502,41,late
41974,174,0,0.47727057087089275,0.5491560046962485,41,late
41975,175,0,0.38595136589438234,0.5246204541305319,41,late
41976,176,0,0.6911622749175006,0.3680907616243001,41,late
41977,177,0,0.23064256930020757,0.44126718975734264,41,late
41978,178,0,0.6950580358157238,0.4056062294478893,41,late
41979,179,0,0.4886086328554454,0.5147658883678315,41,late
41980,180,0,0.4738240929726718,0.47180309796293746,41,late
41981,181,0,0.5736836059004882,0.4079693080099578,41,late
41982,182,0,0.271756441822081,0.4906738083499762,41,late
41983,183,0,0.5856479705205966,0.32527215490438016,41,late
41984,184,0,0.6275366829027407,0.415789990653586,41,late
41985,185,0,0.5525102874070416,0.3191231743751296,41,late
41986,186,0,0.8492537537899609,0.42136129724434945,41,late
41987,187,0,0.6635517492490991,0.35984605811180637,41,late
41988,188,0,0.9043491392074948,0.28591169243025927,41,late
41989,189,0,0.7453998205608934,0.4109666996583281,41,late
41990,190,0,0.7006801103067075,0.4053281858383654,41,late
41991,191,0,0.5054188865128335,0.3155298879032092,41,late
41992,192,0,0.8208044515672496,0.2739981850570404,41,late
41993,193,0,0.055916854890536126,0.6458307455759618,41,late
41994,194,0,0.7424885304501878,0.40260333905830337,41,late
41995,195,0,0.4769217406007097,0.412626068851288,41,late
41996,196,0,0.7591943498118265,0.3715896771103405,41,late
41997,197,0,0.6451949378923674,0.5240589729585806,41,late
41998,198,0,0.48442803030094106,0.3863441832417177,41,late
41999,199,0,0.8453407931766396,0.39032815955041744,41,late
42000,0,0,0.00515352689820178,0.9794747935604928,42,interleaved
42001,1,0,0.49476661633003444,0.5557091402207915,42,interleaved
42002,2,0,0.952734101527721,0.5261555115624714,42,interleaved
42003,3,0,0.45993041892964737,0.4566179222191666,42,interleaved
42004,4,0,0.018719181981335403,0.6150154149863056,42,interleaved
42005,5,0,0.5150030005986787,0.4239900494260589,42,interleaved
42006,6,0,0.03177687693767767,0.6944642016143252,42,interleaved
42007,7,0,0.3569842550818771,0.49600366202424856,42,interleaved
42008,8,0,0.7890063092482347,0.39155204136592475,42,interleaved
42009,9,0,0.5268219308591955,0.6946920567684441,42,interleaved
42010,10,0,0.8979660232157045,0.5365787342508497,42,interleaved
42011,11,0,0.4909941121801844,0.6606341941105909,42,interleaved
42012,12,0,0.008393947239243738,0.5421755261874334,42,interleaved
42013,13,0,0.519735171056696,0.6161659159732844,42,interleaved
42014,14,0,0.9526183152254795,0.6082816183587818,42,interleaved
42015,15,0,0.4884985441150758,0.5830683063254968,42,interleaved
42016,16,0,0.9612752270087679,0.6586901338861978,42,interleaved
42017,17,0,0.4970761457942972,0.46387985719603314,42,interleaved
42018,18,0,0.9918039011883094,0.5163980703580145,42,interleaved
42019,19,0,0.510514307269734,0.5305050630559152,42,interleaved
42020,20,0,0.07490439369546559,0.6227477680982382,42,interleaved
42021,21,0,0.42998508365540966,0.505366453046182,42,interleaved
42022,22,0,0.01863880174846607,0.7192010223533679,42,interleaved
42023,23,0,0.5304372283672186,0.49606562758505834,42,interleaved
42024,24,0,0.7859282181953207,0.3787741737104585,42,interleaved
42025,25,0,0.461650811765783,0.5947309904936903,42,interleaved
42026,26,0,0.5893605595237074,0.5414739497846364,42,interleaved
42027,27,0,0.27713890212244796,0.533968062641581,42,interleaved
42028,28,0,0.10971238520887545,0.7481362435917628,42,interleaved
42029,29,0,0.6300212564687503,0.5217873410973777,42,interleaved
42030,30,0,0.1875571508141253,0.5417160865707048,42,interleaved
42031,31,0,0.17620127544068326,0.4367659731294804,42,interleaved
42032,32,0,0.10365317748232082,0.48384186418628927,42,interleaved
42033,33,0,0.4871853650526384,0.6280402773551887,42,interleaved
42034,34,0,0.026637288560765145,0.6559651117358662,42,interleaved
42035,35,0,0.5377602795482453,0.5536008793775598,42,interleaved
42036,36,0,0.2541856094758006,0.4109575172326122,42,interleaved
42037,37,0,0.5374552278510296,0.42801744417955073,42,interleaved
42038,38,0,0.4793974735524734,0.5208917056890264,42,interleaved
42039,39,0,0.336176711639458,0.6585928372150769,42,interleaved
42040,40,0,0.532123684519509,0.5477230366726943,42,interleaved
42041,41,0,0.6182739346144108,0.5415174415630886,42,interleaved
42042,42,0,0.6633729805259037,0.5310428781633492,42,interleaved
42043,43,0,0.5263463842202845,0.32799453648239807,42,interleaved
42044,44,0,0.14986333272445512,0.4968473973180796,42,interleaved
42045,45,0,0.7356535820185799,0.31535533224472967,42,interleaved
42046,46,0,0.5878836994737553,0.47933399385682357,42,interleaved
42047,47,0,0.37908990307482643,0.45409858065781683,42,interleaved
42048,48,0,0.10012362395827554,0.6320827002414408,42,interleaved
42049,49,0,0.5985154443615964,0.3560428439059642,42,interleaved
42050,50,0,0.5365771833362064,0.3789092313471727,42,interleaved
42051,51,0,0.6076508657435277,0.5716542288091438,42,interleaved
42052,52,0,0.525293826840019,0.5169643213727686,42,interleaved
42053,53,0,0.49903579166476675,0.8398710257718439,42,interleaved
42054,54,0,0.5873307739579802,0.5116677638577588,42,interleaved
42055,55,0,0.5770052146278698,0.4241956770815213,42,interleaved
42056,56,0,0.9777173256363239,0.49887042007463583,42,interleaved
42057,57,0,0.4273279794393905,0.48701162605971027,42,interleaved
42058,58,0,0.41054114355489946,0.5157614065717819,42,interleaved
42059,59,0,0.48963748331552637,0.6253609112134926,42,interleaved
42060,60,0,0.7385418024173602,0.6003807284881733,42,interleaved
42061,61,0,0.6246821010485498,0.41599448198625744,42,interleaved
42062,62,0,0.8720200440151924,0.4647174095904016,42,interleaved
42063,63,0,0.703161264412641,0.4114161770843448,42,interleaved
42064,64,0,0.6703523304222266,0.47992037616080885,42,interleaved
42065,65,0,0.40699710340636264,0.47877652286695555,42,interleaved
42066,66,0,0.21761979500730044,0.3970282067897454,42,interleaved
42067,67,0,0.43196422644957655,0.5247280040400628,42,interleaved
42068,68,0,0.18168856824635987,0.7190205815089329,42,interleaved
42069,69,0,0.5351743016561431,0.42042340640399284,42,interleaved
42070,70,0,0.6914594003952437,0.49450822367980835,42,interleaved
42071,71,0,0.5199785032313883,0.4939087829600926,42,interleaved
42072,72,0,0.2245227205687604,0.6316113034240552,42,interleaved
42073,73,0,0.7522703098360921,0.5291827025566409,42,interleaved
42074,74,0,0.6292247342076982,0.5961485590789857,42,interleaved
42075,75,0,0.19099768376991572,0.4359961858056201,42,interleaved
42076,76,0,0.36342073061758,0.42528309532413544,42,interleaved
42077,77,0,0.6494940114167171,0.3170328536464748,42,interleaved
42078,78,0,0.6274072457958599,0.5032072483449158,42,interleaved
42079,79,0,0.38184793433853764,0.5988383217272517,42,interleaved
42080,80,0,0.7128388769972516,0.4455296689558949,42,interleaved
42081,81,0,0.35724706349640545,0.5111106873272522,42,interleaved
42082,82,0,0.47066025608212403,0.601636011106791,42,interleaved
42083,83,0,0.5725917875199846,0.45824931427637694,42,interleaved
42084,84,0,0.8614316109183875,0.4313691298727191,42,interleaved
42085,85,0,0.15472093058925518,0.6266340948165809,42,interleaved
42086,86,0,0.9469300061240755,0.5080115388144566,42,interleaved
42087,87,0,0.4667598819304651,0.655493516621473,42,interleaved
42088,88,0,0.26152223272426167,0.46683495045129597,42,interleaved
42089,89,0,0.361542225734201,0.42101244479977573,42,interleaved
42090,90,0,0.906086290218292,0.4493259754552278,42,interleaved
42091,91,0,0.46895893276272743,0.4002476585299203,42,interleaved
42092,92,0,0.45605889770531627,0.43693225928304347,42,interleaved
42093,93,0,0.4127735696741255,0.4378022174379061,42,interleaved
42094,94,0,0.7706873917520061,0.3448842685110741,42,interleaved
42095,95,0,0.1522630987723862,0.557495302378918,42,interleaved
42096,96,0,0.7770090071277731,0.39338042309365484,42,interleaved
42097,97,0,0.4446475825358494,0.44448940949552784,42,interleaved
42098,98,0,0.9900065688043562,0.3737523874702955,42,interleaved
42099,99,0,0.4216444655649406,0.5609188437249175,42,interleaved
42100,100,0,0.556762453734773,0.43402969872127717,42,interleaved
42101,101,0,0.47588339584806316,0.3753785356269149,42,interleaved
42102,102,0,0.9284131085850296,0.5536377234724292,42,interleaved
42103,103,0,0.7227208154331514,0.34840224006726567,42,interleaved
42104,104,0,0.5748433884563537,0.46114283029663283,42,interleaved
42105,105,0,0.47240947381118825,0.40235982672996595,42,interleaved
42106,106,0,0.5145657971258785,0.7482777945357773,42,interleaved
42107,107,0,0.49612511732574527,0.46530025647637707,42,interleaved
42108,108,0,0.9978766091758258,0.3465313858313901,42,interleaved
42109,109,0,0.5195085732018737,0.3670340614442694,42,interleaved
42110,110,0,0.08245749534096804,0.47225508262457755,42,interleaved
42111,111,0,0.5918038844174665,0.4154417567860044,42,interleaved
42112,112,0,0.9849719557497213,0.3978309362647445,42,interleaved
42113,113,0,0.5066916904141238,0.42642877077042973,42,interleaved
42114,114,0,0.9627328773077095,0.43515198254267906,42,interleaved
42115,115,0,0.31634689292540796,0.5927823869457824,42,interleaved
42116,116,0,0.8710975466420642,0.43905218770415944,42,interleaved
42117,117,0,0.45798288980279667,0.42248058930638277,42,interleaved
42118,118,0,0.8482539189111284,0.3282302932407586,42,interleaved
42119,119,0,0.5539889056654905,0.403186556255808,42,interleaved
42120,120,0,0.05023120672032588,0.47106873212696976,42,interleaved
42121,121,0,0.5119686721978054,0.4682284298787306,42,interleaved
42122,122,0,0.6233938474986279,0.40547354190335955,42,interleaved
42123,123,0,0.6513875953296352,0.2888831207289214,42,interleaved
42124,124,0,0.9052057887119809,0.39759105298360864,42,interleaved
42125,125,0,0.5001729706404613,0.5266844618065145,42,interleaved
42126,126,0,0.9874036631106871,0.4955409562808947,42,interleaved
42127,127,0,0.35731901064001026,0.4489545203483154,42,interleaved
42128,128,0,0.8801096339381258,0.3526512521369027,42,interleaved
42129,129,0,0.5027050457220766,0.40095099476451046,42,interleaved
42130,130,0,0.6046222924049697,0.3945128053043083,42,interleaved
42131,131,0,0.42725789077702125,0.360503123753282,42,interleaved
42132,132,0,0.10482378252289568,0.6278442909707431,42,interleaved
42133,133,0,0.4922960067335197,0.3772453410852131,42,interleaved
42134,134,0,0.30483455451290487,0.4882321212292966,42,interleaved
42135,135,0,0.6440664618048791,0.5384992854446824,42,interleaved
42136,136,0,0.5551141987883011,0.5193458632226566,42,interleaved
42137,137,0,0.3918467870727056,0.4175392841308345,42,interleaved
42138,138,0,0.4021128078486528,0.5291289264141245,42,interleaved
42139,139,0,0.7414754505605787,0.3750411002661268,42,interleaved
42140,140,0,0.879434907230222,0.2626246876256687,42,interleaved
42141,141,0,0.5040785266625505,0.5769642188111256,42,interleaved
42142,142,0,0.9690838188054587,0.40492475521210003,42,interleaved
42143,143,0,0.630579264975031,0.33932099552748723,42,interleaved
42144,144,0,0.1346280065534165,0.5732811967600713,42,interleaved
42145,145,0,0.06879506080551881,0.6036694457196988,42,interleaved
42146,146,0,0.7110382423951421,0.3476957474586705,42,interleaved
42147,147,0,0.5713210373284889,0.4370756047908509,42,interleaved
42148,148,0,0.9794404153021968,0.2782140619451224,42,interleaved
42149,149,0,0.5339571764652521,0.42629353545999016,42,interleaved
42150,150,0,0.8566050632723654,0.4391516052205061,42,interleaved
42151,151,0,0.5215082969486522,0.4165488172227722,42,interleaved
42152,152,0,0.9236115098121115,0.34299648906651603,42,interleaved
42153,153,0,0.5389331285953406,0.4890944465284724,42,interleaved
42154,154,0,0.041944142568556636,0.7189381135358559,42,interleaved
42155,155,0,0.8373919201337046,0.36187693497408546,42,interleaved
42156,156,0,0.5894120942580152,0.3703682303458615,42,interleaved
42157,157,0,0.10276981071325153,0.5518062547782401,42,interleaved
42158,158,0,0.40698949445406696,0.3581153811686969,42,interleaved
42159,159,0,0.2617522025895941,0.3596772825071629,42,interleaved
42160,160,0,0.9133957436438309,0.4159317482879937,42,interleaved
42161,161,0,0.6891455918532499,0.40600163338587103,42,interleaved
42162,162,0,0.47461552543067664,0.3652127196857249,42,interleaved
42163,163,0,0.34548540086726487,0.5452860651554048,42,interleaved
42164,164,0,0.14681831641894066,0.5112135913912534,42,interleaved
42165,165,0,0.528495234038709,0.6646841628574217,42,interleaved
42166,166,0,0.5526683116600266,0.42403875181585304,42,interleaved
42167,167,0,0.605990324945752,0.35270038623222666,42,interleaved
42168,168,0,0.6266054488616435,0.3704959297315886,42,interleaved
42169,169,0,0.6109578908427818,0.2220565941077121,42,interleaved
42170,170,0,0.6023701316278887,0.34939958487935535,42,interleaved
42171,171,0,0.8754629503114979,0.352387257311753,42,interleaved
42172,172,0,0.5777831223976277,0.37737637251770273,42,interleaved
42173,173,0,0.9055259674082665,0.23926387289717926,42,interleaved
42174,174,0,0.4082024197019946,0.5192309048397487,42,interleaved
42175,175,0,0.6278043731770735,0.3283593405236209,42,interleaved
42176,176,0,0.9492522083879413,0.3784888382242966,42,interleaved
42177,177,0,0.36553009185003427,0.6234338718748645,42,interleaved
42178,178,0,0.3098909949497396,0.3096843926259074,42,interleaved
42179,179,0,0.523779215492699,0.2994418646051008,42,interleaved
42180,180,0,0.10000782782659137,0.4494262527729146,42,interleaved
42181,181,0,0.3451390460822674,0.6178725760541318,42,interleaved
42182,182,0,0.6473213312865292,0.4673663749192862,42,interleaved
42183,183,0,0.47097303837377114,0.48754208731702914,42,interleaved
42184,184,0,0.32998489488252364,0.4765259305344759,42,interleaved
42185,185,0,0.5128533055542758,0.33845493784387093,42,interleaved
42186,186,0,0.5268010701259466,0.39696112913919257,42,interleaved
42187,187,0,0.47048272291318405,0.41908297483886225,42,interleaved
42188,188,0,0.11426765127666,0.533338646611216,42,interleaved
42189,189,0,0.3520758426328483,0.3877773455008494,42,interleaved
42190,190,0,0.26212097592206124,0.5168660856504386,42,interleaved
42191,191,0,0.4333165050602748,0.41000699326296114,42,interleaved
42192,192,0,0.6802211505114903,0.38456296464434464,42,interleaved
42193,193,0,0.7206357015347011,0.3099100236918477,42,interleaved
42194,194,0,0.4464539296577921,0.4540850637866052,42,interleaved
42195,195,0,0.2625447240305482,0.41756038463367134,42,interleaved
42196,196,0,0.5338159384067008,0.41422589108054286,42,interleaved
42197,197,0,0.0970613914017231,0.39191194304583415,42,interleaved
42198,198,0,0.260458557500013,0.48209480516144976,42,interleaved
42199,199,0,0.49477676028977596,0.37113206604826343,42,interleaved
42200,0,0,0.5837886033110261,1.0027305410938823,42,blocked
42201,1,0,0.1602422399597211,0.9840265767690747,42,blocked
42202,2,0,0.3594479452058887,0.8294714660796513,42,blocked
42203,3,0,0.925759368614796,0.6357606384424683,42,blocked
42204,4,0,0.8270535889553896,0.5755154201879971,42,blocked
42205,5,0,0.9172253319988277,0.5123714888791184,42,blocked
42206,6,0,0.40875335803894486,0.5618746972551081,42,blocked
42207,7,0,0.669969399691076,0.6289242394945938,42,blocked
42208,8,0,0.0751887864898438,0.520024692778959,42,blocked
42209,9,0,0.5452746145263211,0.660819542282856,42,blocked
42210,10,0,0.8897382653776265,0.5641967514776866,42,blocked
42211,11,0,0.11752525274828915,0.5068132423983434,42,blocked
42212,12,0,0.43556272909801713,0.7424696622437392,42,blocked
42213,13,0,0.22607450831999681,0.6161724464698154,42,blocked
42214,14,0,0.4944418209092902,0.6784883196717779,42,blocked
42215,15,0,0.904308881780923,0.5732297460743836,42,blocked
42216,16,0,0.9979197605153587,0.7223505116172799,42,blocked
42217,17,0,0.9200979667208559,0.6221066826915463,42,blocked
42218,18,0,0.8466985756100978,0.5384434649665513,42,blocked
42219,19,0,0.0173828001124106,0.596124826117945,42,blocked
42220,20,0,0.9243706327362138,0.4994034271922613,42,blocked
42221,21,0,0.7860135643416806,0.43636284808758613,42,blocked
42222,22,0,0.10408699675719629,0.5949678197323099,42,blocked
42223,23,0,0.7413799700548034,0.37936015078898705,42,blocked
42224,24,0,0.7043813186702087,0.352771350852697,42,blocked
42225,25,0,0.7313317710928328,0.5165606950034205,42,blocked
42226,26,0,0.4204948515728323,0.5284456716016814,42,blocked
42227,27,0,0.040170080388176266,0.539919604218529,42,blocked
42228,28,0,0.9462660665099107,0.3147236569268533,42,blocked
42229,29,0,0.7957161623566498,0.4220851954008982,42,blocked
42230,30,0,0.6516488891254737,0.42595558227829855,42,blocked
42231,31,0,0.49484701972461687,0.38170627527308165,42,blocked
42232,32,0,0.9118021137736079,0.4094593054210444,42,blocked
42233,33,0,0.9267964601882795,0.3575902799666393,42,blocked
42234,34,0,0.5194636738626318,0.38695912600863,42,blocked
42235,35,0,0.8286500857220931,0.5198567364672375,42,blocked
42236,36,0,0.412365749465567,0.5782886385104062,42,blocked
42237,37,0,0.6918505046124084,0.43563377363040123,42,blocked
42238,38,0,0.8517502895364029,0.3501997759925132,42,blocked
42239,39,0,0.674577459067123,0.5425098017688199,42,blocked
42240,40,0,0.7580720557011593,0.4877495557726609,42,blocked
42241,41,0,0.2571007533826438,0.7098253391383827,42,blocked
42242,42,0,0.5904459821714599,0.718298735447611,42,blocked
42243,43,0,0.5986309151530248,0.518455349347102,42,blocked
42244,44,0,0.5578123655113658,0.4663325209007253,42,blocked
42245,45,0,0.40256883432411567,0.4203190509588474,42,blocked
42246,46,0,0.38766360060855726,0.46999592791173855,42,blocked
42247,47,0,0.506054586718181,0.6193204627073932,42,blocked
42248,48,0,0.7140731079930013,0.3676554564140322,42,blocked
42249,49,0,0.6779815749788896,0.5155138315399764,42,blocked
42250,50,0,0.5761411431683782,0.557854951242776,42,blocked
42251,51,0,0.4321137344988162,0.4995048144830289,42,blocked
42252,52,0,0.6504240638672805,0.5500878241151607,42,blocked
42253,53,0,0.2668139901832716,0.49028472578586596,42,blocked
42254,54,0,0.465251597310378,0.6127870359836292,42,blocked
42255,55,0,0.6203853385179241,0.5067239494345543,42,blocked
42256,56,0,0.5355207078577262,0.41410878428903963,42,blocked
42257,57,0,0.5537616232186889,0.5987384832630164,42,blocked
42258,58,0,0.4665836684977138,0.633281937956844,42,blocked
42259,59,0,0.4483097957833624,0.5348969491124282,42,blocked
42260,60,0,0.6209679674343953,0.3512252008254705,42,blocked
42261,61,0,0.4560406952204874,0.36229619869180685,42,blocked
42262,62,0,0.515278964523094,0.34639848394016615,42,blocked
42263,63,0,0.3947345264767216,0.43968811300116206,42,blocked
42264,64,0,0.6148734536993871,0.4297095093385379,42,blocked
42265,65,0,0.6660988383563641,0.5216919533491168,42,blocked
42266,66,0,0.8772758817805617,0.34636839599727554,42,blocked
42267,67,0,0.3779254418793535,0.407751046965834,42,blocked
42268,68,0,0.32472146029649956,0.5700167481132541,42,blocked
42269,69,0,0.46631716395530254,0.41267180034796846,42,blocked
42270,70,0,0.5809266474074061,0.49153342599629196,42,blocked
42271,71,0,0.35894885928482667,0.4245914907761349,42,blocked
42272,72,0,0.6309988591259358,0.4612933144188607,42,blocked
42273,73,0,0.4818777628547938,0.5313117516710213,42,blocked
42274,74,0,0.5057646940182661,0.578329165794018,42,blocked
42275,75,0,0.7059129929841456,0.4862228410768603,42,blocked
42276,76,0,0.887691283756136,0.45113904083139245,42,blocked
42277,77,0,0.8248106463003662,0.48810863145261885,42,blocked
42278,78,0,0.530068457501593,0.5677154768307029,42,blocked
42279,79,0,0.867935838075947,0.3511874396466537,42,blocked
42280,80,0,0.7162163325118183,0.5249527225656062,42,blocked
42281,81,0,0.5315916407024157,0.48181942923786314,42,blocked
42282,82,0,0.23411751365707867,0.41909248700395596,42,blocked
42283,83,0,0.7385275605448418,0.3900493187559604,42,blocked
42284,84,0,0.9163079869342701,0.35672623957531024,42,blocked
42285,85,0,0.6806074235204466,0.42326325148166066,42,blocked
42286,86,0,0.9209544633467976,0.45109395386858475,42,blocked
42287,87,0,0.9577844927136978,0.4783543641839219,42,blocked
42288,88,0,0.9311408634234661,0.5688341257140501,42,blocked
42289,89,0,0.9542603379187453,0.5683539224720293,42,blocked
42290,90,0,0.7789898845902969,0.40228036652710064,42,blocked
42291,91,0,0.46234641963877177,0.592882734297687,42,blocked
42292,92,0,0.8182920834387419,0.46519869705384453,42,blocked
42293,93,0,0.9672546647104197,0.46928496508047424,42,blocked
42294,94,0,0.6177835339217219,0.3719376498087907,42,blocked
42295,95,0,0.48298561903490106,0.46417406426058794,42,blocked
42296,96,0,0.08754634657644032,0.44223287904435005,42,blocked
42297,97,0,0.8510858486421434,0.6323624117170037,42,blocked
42298,98,0,0.1343552338040531,0.5029159135599532,42,blocked
42299,99,0,0.31086117652467343,0.4917458468880356,42,blocked
42300,100,0,0.1437487351573405,0.6839768779126113,42,blocked
42301,101,0,0.6583110858922268,0.3795468226228191,42,blocked
42302,102,0,0.7487246907705243,0.36858890636078245,42,blocked
42303,103,0,0.8375465015799171,0.40659341118258796,42,blocked
42304,104,0,0.138569929811937,0.5027862203216803,42,blocked
42305,105,0,0.5061938957376588,0.6201253094476175,42,blocked
42306,106,0,0.5770699411957685,0.4326953696481649,42,blocked
42307,107,0,0.8584927868945309,0.41074141655909646,42,blocked
42308,108,0,0.2619464710033039,0.4972763760811034,42,blocked
42309,109,0,0.85123938689908,0.5054299763040332,42,blocked
42310,110,0,0.5606281592129913,0.39835686279267535,42,blocked
42311,111,0,0.11544805891820523,0.5156875378440446,42,blocked
42312,112,0,0.4392952159029263,0.35558538892891833,42,blocked
42313,113,0,0.17669621637805694,0.5316102591129929,42,blocked
42314,114,0,0.4139610296267689,0.5688078313148721,42,blocked
42315,115,0,0.8625595880667647,0.3353390490294482,42,blocked
42316,116,0,0.35955738263771775,0.4574989665614093,42,blocked
42317,117,0,0.5781756326435024,0.3154118950610186,42,blocked
42318,118,0,0.6425699028625094,0.5235955869081019,42,blocked
42319,119,0,0.9151985511981209,0.4705142333007537,42,blocked
42320,120,0,0.35192708514530513,0.4539405446505508,42,blocked
42321,121,0,0.4172928236950507,0.5296536441755765,42,blocked
42322,122,0,0.22156955263171063,0.873237484129844,42,blocked
42323,123,0,0.3393442318622234,0.6581015860158308,42,blocked
42324,124,0,0.6878484051903117,0.7404128021474793,42,blocked
42325,125,0,0.13766122239165995,0.8012330679825614,42,blocked
42326,126,0,0.5295290662029081,0.43362993435905606,42,blocked
42327,127,0,0.692299225585673,0.45621684821333974,42,blocked
42328,128,0,0.3499895444472151,0.572412496004427,42,blocked
42329,129,0,0.49999695642133135,0.471273415235692,42,blocked
42330,130,0,0.5649476991479602,0.4728809628627412,42,blocked
42331,131,0,0.7183078257653048,0.40242891881588616,42,blocked
42332,132,0,0.1581198780657549,0.6581028744253248,42,blocked
42333,133,0,0.6530335888232613,0.5634444154156308,42,blocked
42334,134,0,0.539747378293245,0.5139357328747287,42,blocked
42335,135,0,0.5603823502744993,0.4998020284864769,42,blocked
42336,136,0,0.5834329923597052,0.5234176165125315,42,blocked
42337,137,0,0.5391300176200643,0.4752554215245158,42,blocked
42338,138,0,0.5713433557320095,0.4199861268751698,42,blocked
42339,139,0,0.5717655020344428,0.3539786524364059,42,blocked
42340,140,0,0.32787419400097273,0.4451788629792186,42,blocked
42341,141,0,0.5862037833260464,0.44264347726261377,42,blocked
42342,142,0,0.5183944616852219,0.35823339744405447,42,blocked
42343,143,0,0.44740680771034924,0.4853217815560985,42,blocked
42344,144,0,0.47118208398735234,0.455921206506167,42,blocked
42345,145,0,0.334767908457434,0.4643234176360586,42,blocked
42346,146,0,0.48668377421702225,0.4975042614293733,42,blocked
42347,147,0,0.5472467478536682,0.4416207839713746,42,blocked
42348,148,0,0.4644127695405905,0.452260452311234,42,blocked
42349,149,0,0.6739716696642012,0.42239054446911095,42,blocked
42350,150,0,0.5959716668036077,0.5318647420103797,42,blocked
42351,151,0,0.815198298439355,0.41947507077270463,42,blocked
42352,152,0,0.49239914145502883,0.47785124694982783,42,blocked
42353,153,0,0.6499123180028549,0.44176734842575394,42,blocked
42354,154,0,0.30433537642347297,0.41825525060515356,42,blocked
42355,155,0,0.6581378446516537,0.3447412976672155,42,blocked
42356,156,0,0.599522211751524,0.5493134975126008,42,blocked
42357,157,0,0.45532698931998994,0.3888994623365205,42,blocked
42358,158,0,0.7534589987309459,0.4804596265858101,42,blocked
42359,159,0,0.8120821012755723,0.30239419151638064,42,blocked
42360,160,0,0.38048201984607155,0.5522750684356705,42,blocked
42361,161,0,0.2452693786182265,0.5438400458746374,42,blocked
42362,162,0,0.0086012946862068,0.7405321004850909,42,blocked
42363,163,0,0.628455702504213,0.5854363164572056,42,blocked
42364,164,0,0.2948236580406735,0.44868336663987207,42,blocked
42365,165,0,0.8269570381128817,0.41154090574256996,42,blocked
42366,166,0,0.37642941227625754,0.3739251487316223,42,blocked
42367,167,0,0.813011339345471,0.41831472082960564,42,blocked
42368,168,0,0.2943563465628329,0.4237834988673779,42,blocked
42369,169,0,0.8081591724873498,0.502458948470594,42,blocked
42370,170,0,0.26637421180772786,0.7198039270881998,42,blocked
42371,171,0,0.7383277887589514,0.49065756556817014,42,blocked
42372,172,0,0.12482309329133821,0.41018717502431046,42,blocked
42373,173,0,0.5884236867745256,0.4389167160594608,42,blocked
42374,174,0,0.5130346989792097,0.521884257454452,42,blocked
42375,175,0,0.4303472802241718,0.5964633472020349,42,blocked
42376,176,0,0.496232198328848,0.465923852867922,42,blocked
42377,177,0,0.015501565934132953,0.6224444590276677,42,blocked
42378,178,0,0.4617512125419298,0.3859204233308201,42,blocked
42379,179,0,0.4212056932224403,0.4863935856766395,42,blocked
42380,180,0,0.42338319312461414,0.344734877499543,42,blocked
42381,181,0,0.2495508204537381,0.5558423454795516,42,blocked
42382,182,0,0.5696575553411689,0.37020281958583423,42,blocked
42383,183,0,0.6154942268172277,0.3597525125083537,42,blocked
42384,184,0,0.5163028102380004,0.48705104541028943,42,blocked
42385,185,0,0.1498148597173193,0.4991480701361589,42,blocked
42386,186,0,0.7993085980836555,0.37484060427713894,42,blocked
42387,187,0,0.49789240491893916,0.48897535031818096,42,blocked
42388,188,0,0.4785713791774545,0.3992023496868694,42,blocked
42389,189,0,0.5647716490593924,0.501308695979015,42,blocked
42390,190,0,0.7968222742356025,0.314753571676328,42,blocked
42391,191,0,0.3890122973691747,0.6508447106055967,42,blocked
42392,192,0,0.8015925548186156,0.4544337774297681,42,blocked
42393,193,0,0.1869091584101661,0.5555251819787657,42,blocked
42394,194,0,0.5559485357463307,0.500028864079736,42,blocked
42395,195,0,0.33745387046353476,0.3656140383067875,42,blocked
42396,196,0,0.710226945301157,0.47239681452844273,42,blocked
42397,197,0,0.10077428518552475,0.46195161216660996,42,blocked
42398,198,0,0.9110344773435999,0.5380378646095461,42,blocked
42399,199,0,0.09045588536466649,0.4601899399622926,42,blocked
42400,0,0,0.9658415492486463,0.6652317927961944,42,early
42401,1,0,0.9208545717327506,0.36709558295396266,42,early
42402,2,0,0.3123548660000534,0.757981490515085,42,early
42403,3,0,0.6262332578508255,0.5207268660917654,42,early
42404,4,0,0.33460126835394943,0.5519297137472055,42,early
42405,5,0,0.8439354246833543,0.4031371620192288,42,early
42406,6,0,0.052948721311101885,0.6003633016009998,42,early
42407,7,0,0.3380322513168074,0.5152745764099219,42,early
42408,8,0,0.5101728634444191,0.3952062665257807,42,early
42409,9,0,0.7929459659336511,0.42119814387792165,42,early
42410,10,0,0.46673613943148473,0.41746921118749936,42,early
42411,11,0,0.319689682169985,0.43778214873453336,42,early
42412,12,0,0.8966110899797624,0.427943154886244,42,early
42413,13,0,0.16602250389450457,0.45579372482176495,42,early
42414,14,0,0.48830720015702767,0.371311450070943,42,early
42415,15,0,0.460248709003545,0.3984902040431076,42,early
42416,16,0,0.027171767791353794,0.5564499732321395,42,early
42417,17,0,0.9866501871213063,0.5830712772051176,42,early
42418,18,0,0.8808426894976966,0.4796602942718167,42,early
42419,19,0,0.2289437976532742,0.594321072095823,42,early
42420,20,0,0.736573728498854,0.4018187224748643,42,early
42421,21,0,0.6975205192621744,0.44416667361179285,42,early
42422,22,0,0.9376331178375119,0.31979504082774834,42,early
42423,23,0,0.9446671536958564,0.34550711984268506,42,early
42424,24,0,0.4179030676969237,0.5855684983304916,42,early
42425,25,0,0.4697302776471212,0.5136282464454995,42,early
42426,26,0,0.568613778092132,0.3311085342825759,42,early
42427,27,0,0.8094310552121596,0.41187703633338113,42,early
42428,28,0,0.9642019806361247,0.4139520068821131,42,early
42429,29,0,0.9575835855417519,0.3088444050868757,42,early
42430,30,0,0.9798936880967352,0.34560815258592736,42,early
42431,31,0,0.03720601781840557,0.4057300264636601,42,early
42432,32,0,0.8436121324195925,0.3339526487929301,42,early
42433,33,0,0.4068240326225199,0.46389844966106764,42,early
42434,34,0,0.45206508835374337,0.5162566337689426,42,early
42435,35,0,0.614431555454307,0.3436945930067411,42,early
42436,36,0,0.9566701086132806,0.4872155369040376,42,early
42437,37,0,0.8862545507479779,0.43348904541478755,42,early
42438,38,0,0.605191735146399,0.28242770564927144,42,early
42439,39,0,0.9532689666869292,0.5049719803111355,42,early
42440,40,0,0.5063182119675538,0.6298235594636189,42,early
42441,41,0,0.6186392763719043,0.3734331488464714,42,early
42442,42,0,0.5605687839783386,0.4619761992028082,42,early
42443,43,0,0.3338131387506442,0.545997086284971,42,early
42444,44,0,0.32335343406585765,0.5046671286338256,42,early
42445,45,0,0.8761366424857975,0.4255934323929377,42,early
42446,46,0,0.8033897721442689,0.5904363320639996,42,early
42447,47,0,0.6452944108954637,0.3747043667237878,42,early
42448,48,0,0.5029497634429294,0.7758917187472295,42,early
42449,49,0,0.47501696347481703,0.4119349118433649,42,early
42450,50,0,0.5589733222450617,0.2863525775086845,42,early
42451,51,0,0.3019447213985879,0.4248962412367065,42,early
42452,52,0,0.6314291744181482,0.3605531939175128,42,early
42453,53,0,0.5400051285759753,0.46845977103150804,42,early
42454,54,0,0.598217865599752,0.5689966433533381,42,early
42455,55,0,0.7904588581092333,0.4119116880404087,42,early
42456,56,0,0.6724266718644667,0.5486105087415785,42,early
42457,57,0,0.40918670463416235,0.5184430348767142,42,early
42458,58,0,0.6775233686441611,0.3634049056958362,42,early
42459,59,0,0.4764135202208545,0.3622337958263182,42,early
42460,60,0,0.45162352507466696,0.2979828044229347,42,early
42461,61,0,0.6792211078235286,0.3373287943769242,42,early
42462,62,0,0.4015401898362243,0.35520761932393263,42,early
42463,63,0,0.6454191643042542,0.5492136715767595,42,early
42464,64,0,0.5019602415128794,0.5058409489749389,42,early
42465,65,0,0.8157828914646303,0.36814324631687767,42,early
42466,66,0,0.23540600073001383,0.45990387042037334,42,early
42467,67,0,0.6639047021074795,0.35411050510927666,42,early
42468,68,0,0.2823730736668209,0.35435130735986387,42,early
42469,69,0,0.5042938945798694,0.4085887601324285,42,early
42470,70,0,0.29770653034468847,0.4110517392752364,42,early
42471,71,0,0.5457831869171724,0.4242602049301063,42,early
42472,72,0,0.4640121197336271,0.3817430607356546,42,early
42473,73,0,0.7817082749649646,0.44143502727291933,42,early
42474,74,0,0.48862198719084216,0.4704029437396984,42,early
42475,75,0,0.6882194416073699,0.23920900159183717,42,early
42476,76,0,0.11747827568644414,0.5851355391887891,42,early
42477,77,0,0.11245843270282363,0.5793654325012767,42,early
42478,78,0,0.6436239205174469,0.44478559548392205,42,early
42479,79,0,0.6204043941046632,0.25521829216297615,42,early
42480,80,0,0.7209327238117756,0.273854316745895,42,early
42481,81,0,0.9370878299023452,0.4523642675515024,42,early
42482,82,0,0.6571645134970436,0.3746242821997663,42,early
42483,83,0,0.48081508990015015,0.5526361322057547,42,early
42484,84,0,0.19142311236510348,0.5474022180026787,42,early
42485,85,0,0.21222347974473357,0.3295083802052801,42,early
42486,86,0,0.46303419446028404,0.28781346565553506,42,early
42487,87,0,0.5401877653431156,0.30809688778260036,42,early
42488,88,0,0.20590362540845658,0.341698628067852,42,early
42489,89,0,0.5661023709867044,0.4175711395857331,42,early
42490,90,0,0.6650564024237261,0.4139880732201194,42,early
42491,91,0,0.6257532820239469,0.4518463054916636,42,early
42492,92,0,0.6069088151032305,0.4335926706557949,42,early
42493,93,0,0.4954357901923297,0.45483849945667015,42,early
42494,94,0,0.06868952664505486,0.39793265422249635,42,early
42495,95,0,0.6011014007508863,0.4418351874853729,42,early
42496,96,0,0.4606922296337804,0.3247404318740994,42,early
42497,97,0,0.769882962778698,0.37956337592610456,42,early
42498,98,0,0.35186423143166556,0.3724160653287256,42,early
42499,99,0,0.6896830193259478,0.3875486421093879,42,early
42500,100,0,0.7255640407195979,0.3895249637241026,42,early
42501,101,0,0.35028591617758054,0.6938633287400302,42,early
42502,102,0,0.6756418736426129,0.32280935722101944,42,early
42503,103,0,0.5948105162907379,0.2713589673737763,42,early
42504,104,0,0.32412225532491,0.50199437015364,42,early
42505,105,0,0.7147787299141672,0.2851108163993945,42,early
42506,106,0,0.5214647793026209,0.32118280530257115,42,early
42507,107,0,0.5011917368812603,0.40981743409323695,42,early
42508,108,0,0.536233464438018,0.31588937787516336,42,early
42509,109,0,0.7691362216419333,0.3584558609342444,42,early
42510,110,0,0.2650876780903232,0.3816001829683202,42,early
42511,111,0,0.9332537758583954,0.3530031741201148,42,early
42512,112,0,0.5335402456455292,0.4620699983091783,42,early
42513,113,0,0.5189810776274207,0.6317071176675152,42,early
42514,114,0,0.550216867857008,0.2709665691602105,42,early
42515,115,0,0.16212600661260892,0.2668559081147502,42,early
42516,116,0,0.5835972810947319,0.4846395117731165,42,early
42517,117,0,0.5444758586817618,0.5192729928562149,42,early
42518,118,0,0.41055111438551917,0.4493349017053829,42,early
42519,119,0,0.5972467669611843,0.45557522462232025,42,early
42520,120,0,0.8043194460534592,0.4727672261256184,42,early
42521,121,0,0.6092034585757278,0.3944760951329506,42,early
42522,122,0,0.5543423513605321,0.4039299972236752,42,early
42523,123,0,0.840144295446783,0.39718841256056925,42,early
42524,124,0,0.372274432548553,0.38840535636044987,42,early
42525,125,0,0.5326279611381943,0.31791809552904593,42,early
42526,126,0,0.8443618291529829,0.4052173361245265,42,early
42527,127,0,0.2564203288365634,0.4465722380946834,42,early
42528,128,0,0.4131341824006417,0.3764924415467657,42,early
42529,129,0,0.3825487224671913,0.4292738708799043,42,early
42530,130,0,0.5908273645341244,0.3559930246098715,42,early
42531,131,0,0.20273805446846582,0.4886451695206145,42,early
42532,132,0,0.560396877742064,0.3589691730096692,42,early
42533,133,0,0.6702685299949871,0.5281461361417095,42,early
42534,134,0,0.04498942840926354,0.47210780261063323,42,early
42535,135,0,0.6277396506055293,0.5368588194314005,42,early
42536,136,0,0.2667667610738118,0.5131311621681652,42,early
42537,137,0,0.21671490519727393,0.40416929618502834,42,early
42538,138,0,0.6758442023066743,0.3712191779996231,42,early
42539,139,0,0.7475746653735031,0.3704302179558393,42,early
42540,140,0,0.5084089414184987,0.29686587907088413,42,early
42541,141,0,0.42651151244166846,0.42537213003028057,42,early
42542,142,0,0.3919912571083634,0.3346876966460003,42,early
42543,143,0,0.5786454321650465,0.38883949366877396,42,early
42544,144,0,0.10452939161562476,0.5115504179178979,42,early
42545,145,0,0.32372643443670035,0.49378966429283955,42,early
42546,146,0,0.5711687116147297,0.3728398093700934,42,early
42547,147,0,0.6126280743860704,0.35577396129168065,42,early
42548,148,0,0.26479171440271454,0.4248850510380712,42,early
42549,149,0,0.45952787380172044,0.35752464961526786,42,early
42550,150,0,0.6319744026683096,0.33677745516321594,42,early
42551,151,0,0.5054873574504671,0.24336994522523744,42,early
42552,152,0,0.5500453704790862,0.3004003664518047,42,early
42553,153,0,0.6547851250764614,0.3420843650527226,42,early
42554,154,0,0.48005600273501314,0.42443318565737587,42,early
42555,155,0,0.7129831142622995,0.34821689561711966,42,early
42556,156,0,0.6855717620808451,0.421500522435334,42,early
42557,157,0,0.7461885813421342,0.3991322528127612,42,early
42558,158,0,0.5045990792728386,0.5479135915043164,42,early
42559,159,0,0.4955129703557539,0.5523995068515843,42,early
42560,160,0,0.5336920788622912,0.36070255910958304,42,early
42561,161,0,0.5467114014616175,0.5816711527541134,42,early
42562,162,0,0.5614273632765776,0.4383141867445931,42,early
42563,163,0,0.7560274381656511,0.31485753007696116,42,early
42564,164,0,0.7795137522403083,0.3314902631426836,42,early
42565,165,0,0.053864082013684325,0.4529301203666076,42,early
42566,166,0,0.8075774024712065,0.36593802269098774,42,early
42567,167,0,0.33611005171162406,0.347061047326088,42,early
42568,168,0,0.1769684858283709,0.31814198351052103,42,early
42569,169,0,0.7312311347922077,0.22377156288040484,42,early
42570,170,0,0.5780025754054512,0.44468856164882586,42,early
42571,171,0,0.41140193715371426,0.3328003887392162,42,early
42572,172,0,0.38353567425303314,0.5110853723175923,42,early
42573,173,0,0.27726331305263036,0.476441077861461,42,early
42574,174,0,0.6812595207411732,0.37845005094545126,42,early
42575,175,0,0.9353524584823286,0.4669390839314055,42,early
42576,176,0,0.28947178425870396,0.4784880249091089,42,early
42577,177,0,0.7810652339132034,0.2695623299545169,42,early
42578,178,0,0.6483877706322307,0.4600553075377598,42,early
42579,179,0,0.9511813372769591,0.2405329284845702,42,early
42580,180,0,0.545692002514484,0.41349257741660056,42,early
42581,181,0,0.5688761505270618,0.5280870885030937,42,early
42582,182,0,0.5538597162355436,0.351977885832397,42,early
42583,183,0,0.5559775002059233,0.3252290579057515,42,early
42584,184,0,0.18027701595204432,0.26659488706657186,42,early
42585,185,0,0.3994229743719157,0.38109438753451397,42,early
42586,186,0,0.5071428127972267,0.4402759776248795,42,early
42587,187,0,0.6509687058847351,0.28512403622648613,42,early
42588,188,0,0.9557050141684432,0.5926153703040318,42,early
42589,189,0,0.05312518602669034,0.3399916758382887,42,early
42590,190,0,0.09981919628506757,0.8066404395658284,42,early
42591,191,0,0.7788672247800317,0.3171050823867697,42,early
42592,192,0,0.216479936626839,0.24192181768255305,42,early
42593,193,0,0.6624632330125284,0.31174848592142057,42,early
42594,194,0,0.5919933038314757,0.29140836056345565,42,early
42595,195,0,0.2662405864803436,0.2559430477371408,42,early
42596,196,0,0.6336812718397914,0.26080109898932957,42,early
42597,197,0,0.6205104291466732,0.26838663657970124,42,early
42598,198,0,0.6897217043937514,0.27796364774731624,42,early
42599,199,0,0.8016192819681073,0.20230635839948521,42,early
42600,0,0,0.5740791756132395,0.45408091337331336,42,middle
42601,1,0,0.14237218474812308,0.8608846285371936,42,middle
42602,2,0,0.4911736246284848,0.41511009548814465,42,middle
42603,3,0,0.5334337350933667,0.42016993609583786,42,middle
42604,4,0,0.48155737488701605,0.6007524214743796,42,middle
42605,5,0,0.45673668978763016,0.430701233967967,42,middle
42606,6,0,0.30891535780895774,0.5664533935459748,42,middle
42607,7,0,0.7267336466183141,0.4803071190483119,42,middle
42608,8,0,0.37517506790620647,0.5182099116549829,42,middle
42609,9,0,0.1683460577021707,0.44035421045470013,42,middle
42610,10,0,0.4933607265751149,0.45638382989872617,42,middle
42611,11,0,0.6095173595531611,0.38269404634306914,42,middle
42612,12,0,0.290382062654137,0.5121945642496858,42,middle
42613,13,0,0.29334686122414694,0.43388051663545757,42,middle
42614,14,0,0.5697643724060937,0.4288609321842217,42,middle
42615,15,0,0.6406424855975379,0.5790575925901642,42,middle
42616,16,0,0.5329164428018662,0.5531508257494118,42,middle
42617,17,0,0.17251659311633014,0.4292053476807917,42,middle
42618,18,0,0.48133451618520856,0.36265295118423396,42,middle
42619,19,0,0.14771989049981143,0.5133988622752308,42,middle
42620,20,0,0.3750139950232368,0.6670106350319389,42,middle
42621,21,0,0.16579492151705322,0.5051553704039937,42,middle
42622,22,0,0.3973488805304078,0.3864546602617136,42,middle
42623,23,0,0.7261347305593164,0.4506876294081389,42,middle
42624,24,0,0.5846007444035264,0.44993331340546316,42,middle
42625,25,0,0.5327851925715861,0.48736607709214963,42,middle
42626,26,0,0.5520506361394013,0.3819792643943225,42,middle
42627,27,0,0.2865047892295297,0.4664155958569598,42,middle
42628,28,0,0.3691992185575762,0.4560803027110317,42,middle
42629,29,0,0.3408812839587604,0.5522483811440858,42,middle
42630,30,0,0.40828938952208743,0.43353505666176567,42,middle
42631,31,0,0.13703110074369507,0.4662926403899633,42,middle
42632,32,0,0.5265570076724742,0.4179216560344797,42,middle
42633,33,0,0.7121369837366939,0.5709815219251931,42,middle
42634,34,1,0.667063227024544,0.7015822918677438,42,middle
42635,35,0,0.8279678641994073,0.49954551973631023,42,middle
42636,36,0,0.5562968210222794,0.49241990289819765,42,middle
42637,37,0,0.8136860422632055,0.3889937534539514,42,middle
42638,38,0,0.7998985814300723,0.40541018244308547,42,middle
42639,39,0,0.6790914969054593,0.4599060945093647,42,middle
42640,40,0,0.6778091345191799,0.4506369792627404,42,middle
42641,41,0,0.22292805472884897,0.42088476396538244,42,middle
42642,42,0,0.7930109780270052,0.42545060050846145,42,middle
42643,43,0,0.3334007602804326,0.5844155948003507,42,middle
42644,44,0,0.3573311886709682,0.47282024490110564,42,middle
42645,45,0,0.5551116000513308,0.3616564601673191,42,middle
42646,46,0,0.6476200565299235,0.38964772117219126,42,middle
42647,47,0,0.23299917856469704,0.4112340502571921,42,middle
42648,48,0,0.27946108162600014,0.5345867820609649,42,middle
42649,49,0,0.39459888761018774,0.48560108631466214,42,middle
42650,50,0,0.4736070157752399,0.4653786532253791,42,middle
42651,51,0,0.47656373840894445,0.5003688724221056,42,middle
42652,52,0,0.47223092740086015,0.4090798115015418,42,middle
42653,53,0,0.6031589052860085,0.4615984164916946,42,middle
42654,54,0,0.5843867674221142,0.5904775379564415,42,middle
42655,55,0,0.3823477004739719,0.505109091069865,42,middle
42656,56,0,0.872801049226112,0.49092162459039035,42,middle
42657,57,0,0.7583342960437482,0.4357179551193844,42,middle
42658,58,0,0.2773876986064169,0.42423032895463675,42,middle
42659,59,0,0.8412786822093271,0.3957629402978239,42,middle
42660,60,0,0.8354269228483445,0.2963764431134445,42,middle
42661,61,0,0.964445125693617,0.4946587165808863,42,middle
42662,62,0,0.8714284853919707,0.3711433362190486,42,middle
42663,63,0,0.9002083122839195,0.3997404154746589,42,middle
42664,64,0,0.9839085576147041,0.37072969578583814,42,middle
42665,65,0,0.44705247387127334,0.4935078096925827,42,middle
42666,66,0,0.511114049080421,0.48777772335989467,42,middle
42667,67,0,0.48020528358749587,0.5648508477493831,42,middle
42668,68,0,0.614654777296295,0.4607138434811179,42,middle
42669,69,0,0.6120539820979716,0.38735244575213,42,middle
42670,70,0,0.5800343304049761,0.34817186140331574,42,middle
42671,71,0,0.6086657339702491,0.42459437588515575,42,middle
42672,72,0,0.5693641211671794,0.33267729006163427,42,middle
42673,73,0,0.5918261046452084,0.37756680601531933,42,middle
42674,74,0,0.7178575351681158,0.38994430402743896,42,middle
42675,75,0,0.5416027559144908,0.3668625407705943,42,middle
42676,76,0,0.5152102376141943,0.3206001445487791,42,middle
42677,77,0,0.604663901747255,0.38162459156005696,42,middle
42678,78,0,0.4879748457021147,0.38390722936174904,42,middle
42679,79,0,0.8000717834168471,0.34980499341654614,42,middle
42680,80,0,0.3776987099262775,0.5315907534393848,42,middle
42681,81,0,0.41536771337534073,0.4680610107084521,42,middle
42682,82,0,0.2345353828342767,0.43276286834534916,42,middle
42683,83,0,0.1393046451250102,0.44646523704421814,42,middle
42684,84,0,0.5665042845875501,0.3938236531064085,42,middle
42685,85,0,0.20767851997154235,0.6163607635253341,42,middle
42686,86,0,0.060901976386060826,0.7965108019904483,42,middle
42687,87,0,0.7924333333970812,0.46742055437622665,42,middle
42688,88,0,0.8351637585591734,0.43236153826661383,42,middle
42689,89,0,0.20604523761536098,0.4628363411025893,42,middle
42690,90,0,0.16818339701616772,0.3919419890193493,42,middle
42691,91,0,0.45801661008594535,0.48120821929423285,42,middle
42692,92,0,0.1964007029595807,0.4205767308991041,42,middle
42693,93,0,0.5588106685407584,0.400989363439046,42,middle
42694,94,0,0.5553860203876396,0.5056948639243339,42,middle
42695,95,0,0.9567256649767109,0.37372893617495906,42,middle
42696,96,0,0.054426024909867185,0.36727213619598376,42,middle
42697,97,0,0.9762830502178774,0.33837877577609266,42,middle
42698,98,0,0.9453331078069567,0.3327446325512356,42,middle
42699,99,0,0.33317256511433413,0.3463758964983287,42,middle
42700,100,0,0.5364235907905738,0.3457874470688601,42,middle
42701,101,0,0.4606754295203379,0.37899976777070005,42,middle
42702,102,0,0.9431107251525239,0.38817181639761844,42,middle
42703,103,0,0.8160965562546594,0.2400908807335982,42,middle
42704,104,0,0.4676628359029248,0.39852930303920514,42,middle
42705,105,0,0.2943202510795639,0.3928088056443956,42,middle
42706,106,0,0.6951056925705108,0.3507885822458322,42,middle
42707,107,0,0.24519094824084442,0.36547849643130864,42,middle
42708,108,0,0.8681828747503129,0.32739545906961454,42,middle
42709,109,0,0.4033836661870103,0.4215292201899808,42,middle
42710,110,0,0.6025564827989548,0.41261869860164635,42,middle
42711,111,0,0.9487039433229346,0.3125650575958673,42,middle
42712,112,0,0.30082303677640415,0.4532968110266688,42,middle
42713,113,0,0.45667598524744263,0.3120454499323604,42,middle
42714,114,0,0.8513380070076628,0.2495844076700635,42,middle
42715,115,0,0.7982426298234557,0.3184303159414996,42,middle
42716,116,0,0.36866417266760865,0.3627082264628738,42,middle
42717,117,0,0.5842223207132579,0.32312187600554787,42,middle
42718,118,0,0.7949452643374744,0.4060024196322368,42,middle
42719,119,0,0.7540704736806862,0.3848202931638892,42,middle
42720,120,0,0.41088539647705813,0.503820248676338,42,middle
42721,121,0,0.402691318741181,0.42529983056462484,42,middle
42722,122,0,0.4282678559654249,0.5840112702637468,42,middle
42723,123,0,0.4897157006565457,0.3823720629597065,42,middle
42724,124,0,0.6227398551933688,0.2959840427679442,42,middle
42725,125,0,0.903306111889674,0.346693120214958,42,middle
42726,126,0,0.8887631737767331,0.2765824936114577,42,middle
42727,127,0,0.5839901901329554,0.3020647104063542,42,middle
42728,128,0,0.8578777704237608,0.46993779858938045,42,middle
42729,129,0,0.9924483902366263,0.3841677228860334,42,middle
42730,130,0,0.9367593938876954,0.27865632998468537,42,middle
42731,131,0,0.8140274158655016,0.3001648789490338,42,middle
42732,132,0,0.40387208830221843,0.38776892704396876,42,middle
42733,133,0,0.7481643308933221,0.32675394150195314,42,middle
42734,134,0,0.814491237837845,0.3686821582537062,42,middle
42735,135,0,0.49420071445192887,0.3967731830114798,42,middle
42736,136,0,0.3897006078625158,0.45396722489306146,42,middle
42737,137,0,0.6772285906186635,0.4363223927939301,42,middle
42738,138,0,0.6521309369955748,0.4349426471614639,42,middle
42739,139,0,0.39353867521327646,0.3159000724550728,42,middle
42740,140,0,0.5070152080737385,0.32808961510779466,42,middle
42741,141,0,0.9115261356085024,0.32732354849022854,42,middle
42742,142,0,0.5646978940413887,0.4125957748581436,42,middle
42743,143,0,0.8193067241802766,0.4100761732860831,42,middle
42744,144,0,0.507448769002389,0.36294607833903764,42,middle
42745,145,0,0.5381639949638444,0.3771330629526548,42,middle
42746,146,0,0.3849820131877826,0.32949315300506854,42,middle
42747,147,0,0.624830040110254,0.2820665656047192,42,middle
42748,148,0,0.32920932480747994,0.35888831988122005,42,middle
42749,149,0,0.8023439937480983,0.2663045954536292,42,middle
42750,150,0,0.6006253172677138,0.344145557297957,42,middle
42751,151,0,0.7712874887650538,0.24786292414420963,42,middle
42752,152,0,0.11962049148276002,0.41730978203692226,42,middle
42753,153,0,0.3228516283298505,0.404916751318175,42,middle
42754,154,0,0.7533870839702916,0.3602781349993073,42,middle
42755,155,0,0.8366049227549069,0.34295833811952436,42,middle
42756,156,0,0.5400828794307594,0.3437602798133236,42,middle
42757,157,0,0.5570530759200141,0.543178742394839,42,middle
42758,158,0,0.5025883743948006,0.548986321376822,42,middle
42759,159,0,0.804255771940716,0.3571406349456562,42,middle
42760,160,0,0.23898980575389436,0.288049842693924,42,middle
42761,161,0,0.9347731861862579,0.3359887224163818,42,middle
42762,162,0,0.6370860764985258,0.3203958026405603,42,middle
42763,163,0,0.6153934232905565,0.34564125304631604,42,middle
42764,164,0,0.636963572505229,0.3978189734419848,42,middle
42765,165,0,0.678015354406647,0.3523243536471881,42,middle
42766,166,0,0.5811535989008383,0.29130393482643124,42,middle
42767,167,0,0.6287114051232273,0.3269101198458996,42,middle
42768,168,0,0.4349643632698957,0.3795104486220223,42,middle
42769,169,0,0.079143554520017,0.37808617028106173,42,middle
42770,170,0,0.22136009318606875,0.3422787948958058,42,middle
42771,171,0,0.7063953155027493,0.2694957012225414,42,middle
42772,172,0,0.4525285936986014,0.46891039650382405,42,middle
42773,173,0,0.509481257137499,0.4331877154080568,42,middle
42774,174,0,0.3526877899545955,0.39912466991187545,42,middle
42775,175,0,0.8352961334765053,0.27514287386394254,42,middle
42776,176,0,0.5448777341995696,0.47955963590650086,42,middle
42777,177,0,0.8925491930829392,0.3056149698144478,42,middle
42778,178,0,0.6579919969504173,0.34858355086107307,42,middle
42779,179,0,0.6081212734344326,0.3998152997355243,42,middle
42780,180,0,0.4931336096940312,0.6284379747634388,42,middle
42781,181,0,0.6444806932061871,0.30167164314725664,42,middle
42782,182,0,0.3259082921562658,0.3518276530795602,42,middle
42783,183,0,0.8198072932837084,0.24225699831002018,42,middle
42784,184,0,0.3725543124219842,0.37437006160328334,42,middle
42785,185,0,0.6913565173167591,0.4472889828126785,42,middle
42786,186,0,0.785768627306181,0.3588069474787339,42,middle
42787,187,0,0.2576449586613323,0.5135518325171019,42,middle
42788,188,0,0.7423905079188935,0.244997522043514,42,middle
42789,189,0,0.9333908855982451,0.33786566784833105,42,middle
42790,190,0,0.4992150173558744,0.3727649775608064,42,middle
42791,191,0,0.47829131978626815,0.31793723981730604,42,middle
42792,192,0,0.476456979092909,0.3691292014574313,42,middle
42793,193,0,0.49743666003409004,0.3279445887455339,42,middle
42794,194,0,0.529478499067172,0.32354020935422156,42,middle
42795,195,0,0.5088754255746848,0.22265091766981426,42,middle
42796,196,0,0.5143333776226939,0.3899785712386957,42,middle
42797,197,0,0.5477409424216905,0.4262147510883146,42,middle
42798,198,0,0.5797181480252258,0.3750425359419882,42,middle
42799,199,0,0.5051801414807191,0.3299078151053977,42,middle
42800,0,0,0.24830258859732013,0.5341883488110579,42,late
42801,1,0,0.400729049893431,0.5962838057125461,42,late
42802,2,0,0.8541116926484401,0.5967847472732073,42,late
42803,3,0,0.2890368852087688,0.4902249764699041,42,late
42804,4,0,0.7866456276697213,0.4966751095718975,42,late
42805,5,0,0.4622720544567219,0.6383402573508705,42,late
42806,6,0,0.4292106807383148,0.4526038784562906,42,late
42807,7,0,0.3365502817725625,0.6337647239026727,42,late
42808,8,0,0.857988563853603,0.4587434504351532,42,late
42809,9,0,0.31171606889911324,0.5202859001780813,42,late
42810,10,0,0.7534398279114798,0.3443441528109442,42,late
42811,11,0,0.6471649705688478,0.45151963199516243,42,late
42812,12,0,0.6292821566785525,0.5051175592601392,42,late
42813,13,0,0.2586806533032776,0.49548590743267135,42,late
42814,14,0,0.5388780605239506,0.4817948970011502,42,late
42815,15,0,0.29352068252944225,0.5954893592384699,42,late
42816,16,0,0.6747369644251555,0.40042809047518557,42,late
42817,17,0,0.3707260182745377,0.41286736622656417,42,late
42818,18,0,0.7611071797038083,0.4329914518676629,42,late
42819,19,0,0.6497118741715219,0.3804702321695369,42,late
42820,20,0,0.6207698622804529,0.4682669503983213,42,late
42821,21,0,0.2409989556524251,0.6228839502027822,42,late
42822,22,0,0.5443102124141701,0.6040234098624131,42,late
42823,23,0,0.505693001537779,0.46296638020531566,42,late
42824,24,0,0.4366333664030643,0.6733384055616993,42,late
42825,25,0,0.8666527463247254,0.5495092886064361,42,late
42826,26,0,0.4941421711512954,0.4094968192592836,42,late
42827,27,0,0.16701390354286494,0.45104305982992543,42,late
42828,28,0,0.3944088252680686,0.44444294820930036,42,late
42829,29,0,0.33857430485617873,0.3592876321051716,42,late
42830,30,0,0.6747770243726586,0.4138844912072164,42,late
42831,31,0,0.5436435544385354,0.4130141347884897,42,late
42832,32,0,0.6230664122738865,0.4858927253317839,42,late
42833,33,0,0.41100058430703224,0.5051034224670757,42,late
42834,34,0,0.6462979020964841,0.3334349205142895,42,late
42835,35,0,0.23868361747783867,0.39755593560501956,42,late
42836,36,0,0.5437652108627106,0.4368256618612524,42,late
42837,37,0,0.5510844869797789,0.49402111926045933,42,late
42838,38,0,0.16278521318615657,0.6121936580322327,42,late
42839,39,0,0.32260751576671953,0.47214733395544906,42,late
42840,40,0,0.633034547647654,0.30678571706942726,42,late
42841,41,0,0.807474247420457,0.3321313018527137,42,late
42842,42,0,0.7138918460746853,0.3859161901089581,42,late
42843,43,0,0.6089797264593493,0.463559793726486,42,late
42844,44,0,0.557674976323393,0.59795766676724,42,late
42845,45,0,0.33618048052828836,0.42487741865823103,42,late
42846,46,0,0.4980516460056164,0.5854555288736862,42,late
42847,47,0,0.4927922019333169,0.4152788872318872,42,late
42848,48,0,0.48433692046498256,0.4330359183819663,42,late
42849,49,0,0.7524894067331329,0.6586271621511464,42,late
42850,50,0,0.5460585332314584,0.34438323255832115,42,late
42851,51,0,0.23942177097869544,0.44599551486091693,42,late
42852,52,0,0.7730814168769558,0.3677417669989047,42,late
42853,53,0,0.2039295313989794,0.4466285711011417,42,late
42854,54,0,0.6080572963705758,0.4079791458521612,42,late
42855,55,0,0.30278073589208054,0.45902495538383903,42,late
42856,56,0,0.49216191642652607,0.3276991738513541,42,late
42857,57,0,0.24648927056671927,0.4185008940258036,42,late
42858,58,0,0.7668924264500235,0.4088142861049666,42,late
42859,59,0,0.18116968916445786,0.461840302125212,42,late
42860,60,0,0.811908709769924,0.3882378704403564,42,late
42861,61,0,0.4967672508955096,0.43327505350967477,42,late
42862,62,0,0.7854987459598731,0.30018683106930877,42,late
42863,63,0,0.4571427675181396,0.4353948775992158,42,late
42864,64,0,0.2798641275805475,0.4829512716666815,42,late
42865,65,0,0.7945283959706315,0.4984942012679894,42,late
42866,66,0,0.4207664156373863,0.34577542812233275,42,late
42867,67,0,0.1203934144867601,0.488711124725287,42,late
42868,68,0,0.7329164322614323,0.3300123821915083,42,late
42869,69,0,0.8107872277256662,0.40324987286470226,42,late
42870,70,0,0.4576281977646186,0.4701091211599686,42,late
42871,71,0,0.17892151928714756,0.43409201786498597,42,late
42872,72,0,0.20188687069305272,0.42413328030438646,42,late
42873,73,0,0.3601017077664181,0.29375544963020567,42,late
42874,74,0,0.5557671073924706,0.5095811013882872,42,late
42875,75,0,0.7016520812882917,0.36588584331542273,42,late
42876,76,0,0.6229299499725348,0.38597888265312374,42,late
42877,77,0,0.7664019784706306,0.41960574688717,42,late
42878,78,0,0.5810876509521137,0.5533577642558006,42,late
42879,79,0,0.12604877810295678,0.5822087689473187,42,late
42880,80,0,0.838821453241146,0.3866049085903473,42,late
42881,81,0,0.6574543423202786,0.3753223710630368,42,late
42882,82,0,0.5509202574800123,0.31322337956193125,42,late
42883,83,0,0.3431867404946921,0.41292041513112,42,late
42884,84,0,0.3911890077321388,0.35898203712818477,42,late
42885,85,0,0.5371282191458036,0.39253594091934,42,late
42886,86,0,0.8565671549891931,0.40016075649696475,42,late
42887,87,0,0.7656572477405552,0.3361951879579663,42,late
42888,88,0,0.6244341149433515,0.4433848297958225,42,late
42889,89,0,0.5482542474874393,0.35407901153577614,42,late
42890,90,0,0.72809654328996,0.32892796238462796,42,late
42891,91,0,0.6177223134965708,0.41192702805754,42,late
42892,92,0,0.5614607461177806,0.39092754195638657,42,late
42893,93,0,0.3353871119939934,0.3641285558690603,42,late
42894,94,0,0.8144880506626011,0.28364990317318495,42,late
42895,95,0,0.3738935456687039,0.2942592831710521,42,late
42896,96,0,0.7498222400547199,0.2737353969904664,42,late
42897,97,0,0.750746149067063,0.2997323906161813,42,late
42898,98,0,0.3872898817860435,0.4731240801503249,42,late
42899,99,0,0.5926497557235262,0.4497101698879719,42,late
42900,100,0,0.5603638502893784,0.37949695488192553,42,late
42901,101,0,0.6560987903654059,0.3521958205700957,42,late
42902,102,0,0.5977895828014256,0.4116588705968937,42,late
42903,103,0,0.6886879621979315,0.44372004407938526,42,late
42904,104,0,0.5631199362957493,0.35380345669737634,42,late
42905,105,0,0.5673172083963327,0.3823036459286041,42,late
42906,106,0,0.8585797918511974,0.34310457090873,42,late
42907,107,0,0.6837388025151909,0.2855343416989501,42,late
42908,108,0,0.5123740925772192,0.42076503998408965,42,late
42909,109,0,0.910642883106868,0.3816569990008959,42,late
42910,110,0,0.6225683254834726,0.39733672945007825,42,late
42911,111,0,0.7283843378131074,0.3688840115768445,42,late
42912,112,0,0.36498145874993254,0.3646170253540858,42,late
42913,113,0,0.6816602968602593,0.3763456261070627,42,late
42914,114,0,0.5117043324482947,0.37511310481424887,42,late
42915,115,0,0.7226492072651626,0.49208151908968667,42,late
42916,116,0,0.6830652055263957,0.38722589305397437,42,late
42917,117,0,0.6759257283830326,0.5190290901867876,42,late
42918,118,0,0.7725684569624381,0.38706527929818846,42,late
42919,119,0,0.18323494660428524,0.4986129399531378,42,late
42920,120,0,0.3396574625383009,0.41182335997905295,42,late
42921,121,0,0.8870183719586515,0.4685920299725845,42,late
42922,122,0,0.7068157572755007,0.29228890269626207,42,late
42923,123,0,0.5297649722151908,0.26782381547775586,42,late
42924,124,0,0.21325419285274425,0.4376637774871179,42,late
42925,125,0,0.8291935499069365,0.41928750808912235,42,late
42926,126,0,0.18248047877514753,0.41806829195601225,42,late
42927,127,0,0.5377789920273067,0.39568566413923356,42,late
42928,128,0,0.36161124352001195,0.4739755031181657,42,late
42929,129,0,0.0959243882845212,0.4095310753552598,42,late
42930,130,0,0.273802393195028,0.4019631655025622,42,late
42931,131,0,0.39189042118017936,0.3189231677360472,42,late
42932,132,0,0.3002568052726172,0.6144157164630375,42,late
42933,133,0,0.45582539145465223,0.3735521738901305,42,late
42934,134,0,0.40139495554018667,0.44292853677745947,42,late
42935,135,0,0.5768864500958639,0.45349647141216365,42,late
42936,136,0,0.4317444448307682,0.2553677732502155,42,late
42937,137,0,0.22844450341284886,0.3363184531244674,42,late
42938,138,0,0.5361386706540874,0.44066976844084943,42,late
42939,139,0,0.36944656274786114,0.5174087052525194,42,late
42940,140,0,0.5800664103083639,0.4560330091998199,42,late
42941,141,0,0.18456923123044972,0.40652904269276585,42,late
42942,142,0,0.5728579045189623,0.3534877222135995,42,late
42943,143,0,0.6449455189204782,0.29744842807446104,42,late
42944,144,0,0.7785791771529048,0.44820428644813204,42,late
42945,145,0,0.5922174212775104,0.479033876454509,42,late
42946,146,0,0.07622334464487045,0.4321105264664622,42,late
42947,147,0,0.3656936671257529,0.40597806385440727,42,late
42948,148,0,0.4371966721830336,0.42995598486899766,42,late
42949,149,0,0.7749756897375768,0.3335763610640219,42,late
42950,150,0,0.14313683689544132,0.3119340796563346,42,late
42951,151,0,0.3564880523497489,0.4359262143464133,42,late
42952,152,0,0.6530802266640834,0.35599734982103126,42,late
42953,153,0,0.8013235104652088,0.3119766921350043,42,late
42954,154,0,0.5494295957575889,0.33386761990041103,42,late
42955,155,0,0.6683531496034754,0.3919670358737278,42,late
42956,156,0,0.15091597254579353,0.33342849321373924,42,late
42957,157,0,0.5256579490989488,0.40790009523029513,42,late
42958,158,0,0.7134604884556756,0.3580156346843556,42,late
42959,159,0,0.738643394877216,0.30685278742022826,42,late
42960,160,0,0.7464715033055969,0.39902503776123516,42,late
42961,161,0,0.46760783771958997,0.39573261588012776,42,late
42962,162,0,0.8547519256813934,0.3270861285142602,42,late
42963,163,0,0.6681395258912826,0.32121117180577846,42,late
42964,164,0,0.709978717080205,0.3514887329276625,42,late
42965,165,0,0.7764503182089921,0.33735279928866146,42,late
42966,166,0,0.6892509288438635,0.26524558673106413,42,late
42967,167,0,0.9244227266612612,0.5049491897175484,42,late
42968,168,0,0.9228620448949154,0.5360439175711078,42,late
42969,169,0,0.6138833190853328,0.38444702701672073,42,late
42970,170,0,0.05836052041621912,0.5631137337552545,42,late
42971,171,0,0.3886000317666437,0.398066485508582,42,late
42972,172,0,0.8474173033112138,0.23929362039981333,42,late
42973,173,0,0.9149144232168194,0.32976501977012734,42,late
42974,174,0,0.6146132386235804,0.3023861456498326,42,late
42975,175,0,0.7706235094358014,0.24102526638160374,42,late
42976,176,0,0.2392698248145044,0.4888175204805989,42,late
42977,177,0,0.732892096882422,0.6358939703633375,42,late
42978,178,0,0.4029223015645945,0.4445403602145739,42,late
42979,179,0,0.36082701111626697,0.3946412392447423,42,late
42980,180,0,0.8081426040407096,0.39199043518419496,42,late
42981,181,0,0.8690891288441885,0.5641874097919544,42,late
42982,182,0,0.9399218653791512,0.3620195601151376,42,late
42983,183,0,0.8784449276316317,0.4605600537419111,42,late
42984,184,0,0.3640719842390597,0.5066044471023219,42,late
42985,185,0,0.5392746597559134,0.2617751005685558,42,late
42986,186,0,0.21458312635935595,0.34865847881118794,42,late
42987,187,0,0.5935274827096411,0.3857904521553094,42,late
42988,188,0,0.4082654022399276,0.308338872163901,42,late
42989,189,0,0.3218111386725974,0.5770132312952725,42,late
42990,190,0,0.32150993760254254,0.33913560043311275,42,late
42991,191,0,0.5464272420148073,0.41006931895267285,42,late
42992,192,0,0.6044302602805034,0.2793113171617754,42,late
42993,193,0,0.35380025864377357,0.34113583605725617,42,late
42994,194,0,0.528892384987715,0.4603485076152919,42,late
42995,195,0,0.5233072501031374,0.3931851328425908,42,late
42996,196,0,0.8371857373010609,0.2906333818291314,42,late
42997,197,0,0.3879529221319477,0.5290790782642085,42,late
42998,198,0,0.8895022041416069,0.2483292868908386,42,late
42999,199,0,0.5017872794231424,0.3702483355299674,42,late
43000,0,0,0.10339506152358122,0.7848509305321651,43,interleaved
43001,1,0,0.4485456623555629,0.7241091986740762,43,interleaved
43002,2,0,0.8741727993086869,0.6781245917581197,43,interleaved
43003,3,0,0.4598888695445128,0.6283456898430186,43,interleaved
43004,4,0,0.8381003248240857,0.5662931102986575,43,interleaved
43005,5,0,0.7862378556430418,0.49939394576930785,43,interleaved
43006,6,0,0.5976883545640768,0.5483745203242879,43,interleaved
43007,7,0,0.5586095937285017,0.4433039514942244,43,interleaved
43008,8,0,0.35381446987122955,0.5492318333911228,43,interleaved
43009,9,0,0.5518829437115027,0.5392118941586845,43,interleaved
43010,10,0,0.6564147154049896,0.4191812291421586,43,interleaved
43011,11,0,0.4828596562415507,0.43341348914903244,43,interleaved
43012,12,0,0.4334211109953674,0.41495680145450203,43,interleaved
43013,13,0,0.5535155609154062,0.5316542415236418,43,interleaved
43014,14,0,0.44486488930214946,0.5666856597604062,43,interleaved
43015,15,0,0.8271794137004398,0.6169882767078774,43,interleaved
43016,16,0,0.7235927575182381,0.38330602052856316,43,interleaved
43017,17,0,0.6630791488253116,0.38726518582441793,43,interleaved
43018,18,0,0.37470630150179207,0.6145924406836449,43,interleaved
43019,19,0,0.5875913589915788,0.44190610250165074,43,interleaved
43020,20,0,0.7777307826123008,0.418415444931378,43,interleaved
43021,21,0,0.4520631445427206,0.6665319909749259,43,interleaved
43022,22,0,0.5366675892887637,0.5478938318823308,43,interleaved
43023,23,0,0.43280277096008657,0.5233715298996395,43,interleaved
43024,24,0,0.5202543176859435,0.5322759639099239,43,interleaved
43025,25,0,0.45066028978621375,0.5108474240455275,43,interleaved
43026,26,0,0.4110462357716481,0.48608107110570764,43,interleaved
43027,27,0,0.7230886729508236,0.5548531428414343,43,interleaved
43028,28,0,0.3500421067139148,0.4870929299214741,43,interleaved
43029,29,0,0.6797379968083137,0.5287002557178764,43,interleaved
43030,30,0,0.5846945975016646,0.45185610419218647,43,interleaved
43031,31,0,0.5834277232448197,0.5147181990738597,43,interleaved
43032,32,0,0.5326663527714888,0.4175931711760301,43,interleaved
43033,33,0,0.8757211551829647,0.37058386434404245,43,interleaved
43034,34,0,0.5118669657641667,0.6949320912504169,43,interleaved
43035,35,0,0.6059533840126021,0.5046879568811002,43,interleaved
43036,36,0,0.8535495520105911,0.6067229973616779,43,interleaved
43037,37,0,0.5049073489134027,0.5703427746060795,43,interleaved
43038,38,0,0.33143937079585495,0.5966601975928147,43,interleaved
43039,39,0,0.4819551760936611,0.482916146168597,43,interleaved
43040,40,0,0.09545404308688998,0.5927555047955544,43,interleaved
43041,41,0,0.26890901051566496,0.588255729519637,43,interleaved
43042,42,0,0.4913586926043538,0.4611994758172451,43,interleaved
43043,43,0,0.4215512091612142,0.4867098046574001,43,interleaved
43044,44,0,0.4805466234267446,0.5488429434803972,43,interleaved
43045,45,0,0.20969280906309723,0.5011776070246858,43,interleaved
43046,46,0,0.6160338272599714,0.5119162905707176,43,interleaved
43047,47,0,0.6660920905970069,0.64109990126685,43,interleaved
43048,48,0,0.5307216207024344,0.3494625636789972,43,interleaved
43049,49,0,0.6414354958649399,0.4697184421443359,43,interleaved
43050,50,0,0.5324991452525676,0.5042906605257949,43,interleaved
43051,51,0,0.7185286139652485,0.390192146012027,43,interleaved
43052,52,0,0.48063459287409066,0.4008014182116254,43,interleaved
43053,53,0,0.5205462420800038,0.5661303416099599,43,interleaved
43054,54,0,0.7127642541845962,0.40412036004348545,43,interleaved
43055,55,0,0.2542861185059188,0.6124206769065204,43,interleaved
43056,56,0,0.5392407704206232,0.49602637773401537,43,interleaved
43057,57,0,0.2725095524984438,0.6244189504107343,43,interleaved
43058,58,0,0.6561127916185312,0.395472787117387,43,interleaved
43059,59,0,0.651193126829716,0.5251157490860672,43,interleaved
43060,60,0,0.6373104672500286,0.47633312101861713,43,interleaved
43061,61,0,0.35185754684847526,0.57011723680285,43,interleaved
43062,62,0,0.8335350665414766,0.6188331173344821,43,interleaved
43063,63,0,0.750676602813023,0.4643206095758611,43,interleaved
43064,64,0,0.3519814628415684,0.4729645562206438,43,interleaved
43065,65,0,0.8916585349390449,0.37258142201084743,43,interleaved
43066,66,0,0.465745603879156,0.4327762699585881,43,interleaved
43067,67,0,0.8415721862061765,0.340747597107848,43,interleaved
43068,68,0,0.4514144974818436,0.5775845160059888,43,interleaved
43069,69,0,0.6224034213915581,0.4170340507875733,43,interleaved
43070,70,0,0.48305276746876036,0.48584435198403425,43,interleaved
43071,71,0,0.14331178352275714,0.5270454746681688,43,interleaved
43072,72,0,0.4108970319661888,0.3947626478896429,43,interleaved
43073,73,0,0.8199149648600581,0.43803668162948806,43,interleaved
43074,74,0,0.7714364979662802,0.4864735141504136,43,interleaved
43075,75,0,0.9237109149171765,0.4496050336547727,43,interleaved
43076,76,0,0.49091241524029,0.32778005961512324,43,interleaved
43077,77,0,0.7582328596660719,0.46333529708213667,43,interleaved
43078,78,0,0.530251663721124,0.44114268138293666,43,interleaved
43079,79,0,0.26736755089960934,0.5443294455531804,43,interleaved
43080,80,0,0.5592398292723156,0.37739580931466543,43,interleaved
43081,81,0,0.5166055265069371,0.5470548803132355,43,interleaved
43082,82,0,0.5962479339649776,0.46386622108890163,43,interleaved
43083,83,0,0.46376786793666297,0.45105581726894006,43,interleaved
43084,84,0,0.6445811773061919,0.5275193900004459,43,interleaved
43085,85,0,0.4414204774286731,0.46602302670900914,43,interleaved
43086,86,0,0.43248647413998714,0.3737773328751425,43,interleaved
43087,87,0,0.63636707226956,0.5460645048568428,43,interleaved
43088,88,0,0.8661462228276064,0.4370143810066408,43,interleaved
43089,89,0,0.5937769434943408,0.3584019449588707,43,interleaved
43090,90,0,0.9218153122417792,0.4473358071232716,43,interleaved
43091,91,0,0.8434067219316346,0.5011845130826369,43,interleaved
43092,92,0,0.5519567003017875,0.4273211512561068,43,interleaved
43093,93,0,0.7479108910004948,0.3700400765010792,43,interleaved
43094,94,0,0.6747490655725207,0.49793780720284603,43,interleaved
43095,95,0,0.4090172597439063,0.4361312021022403,43,interleaved
43096,96,0,0.7792431807763478,0.3962530461666676,43,interleaved
43097,97,0,0.28958686289486985,0.6513110159734269,43,interleaved
43098,98,0,0.9304191112167105,0.39036728911695406,43,interleaved
43099,99,0,0.5413846352332772,0.373372784772327,43,interleaved
43100,100,0,0.9368272126140097,0.33280113221826807,43,interleaved
43101,101,0,0.48403366378561097,0.4845631603659719,43,interleaved
43102,102,0,0.8277948638118817,0.47621452262202235,43,interleaved
43103,103,0,0.6840995713875722,0.371670272039105,43,interleaved
43104,104,0,0.6987878068146895,0.4393262675932686,43,interleaved
43105,105,0,0.6267853035672808,0.37174339923181754,43,interleaved
43106,106,0,0.5277123953641393,0.3536227432459363,43,interleaved
43107,107,0,0.9540637075092868,0.37023474220343516,43,interleaved
43108,108,0,0.6112589565646441,0.4075547330350866,43,interleaved
43109,109,0,0.5311265906107063,0.5178578755220198,43,interleaved
43110,110,0,0.5622325869502558,0.45308216638027654,43,interleaved
43111,111,0,0.32667802467373586,0.5056755478106759,43,interleaved
43112,112,0,0.6215175742632087,0.4575768806168674,43,interleaved
43113,113,0,0.5438855500775319,0.4621688988197439,43,interleaved
43114,114,0,0.5218610719923832,0.4408504378179021,43,interleaved
43115,115,0,0.8527310498432973,0.4243507802610846,43,interleaved
43116,116,0,0.46914282865001017,0.5976368287982745,43,interleaved
43117,117,0,0.49591006749446837,0.44432351279734217,43,interleaved
43118,118,0,0.5322365836979003,0.36375141592129706,43,interleaved
43119,119,0,0.3287798220429741,0.47876203550603724,43,interleaved
43120,120,0,0.6842354492346617,0.4224058075610092,43,interleaved
43121,121,0,0.538806998975526,0.6721854367209567,43,interleaved
43122,122,0,0.8828753106410219,0.44599139554541883,43,interleaved
43123,123,0,0.43521420101597685,0.6771994059954436,43,interleaved
43124,124,0,0.687150191531107,0.4431339844684862,43,interleaved
43125,125,0,0.508661397574559,0.4540495811322173,43,interleaved
43126,126,0,0.5057484104453941,0.45050786144406807,43,interleaved
43127,127,0,0.5141552692197024,0.4846310821712871,43,interleaved
43128,128,0,0.3756892632572128,0.4361283463063582,43,interleaved
43129,129,0,0.4454590366139549,0.4026597993207064,43,interleaved
43130,130,0,0.7320086655444369,0.4975760954237443,43,interleaved
43131,131,0,0.4594328900850572,0.39374335497016105,43,interleaved
43132,132,0,0.3047967860750847,0.45737248377908224,43,interleaved
43133,133,0,0.34708897404362915,0.4974857366257782,43,interleaved
43134,134,0,0.9529558858355702,0.30644109667557284,43,interleaved
43135,135,0,0.42354415456325795,0.6817648529126941,43,interleaved
43136,136,0,0.3660993582314634,0.3770345293435894,43,interleaved
43137,137,0,0.6768790344532465,0.4169167080612707,43,interleaved
43138,138,0,0.668814509947852,0.35767828993493056,43,interleaved
43139,139,0,0.7886294689146044,0.3987150117891079,43,interleaved
43140,140,0,0.635968291173886,0.3524829517094402,43,interleaved
43141,141,0,0.48882226041160837,0.5753657065269474,43,interleaved
43142,142,0,0.9625264777077068,0.31680186399304944,43,interleaved
43143,143,0,0.592973445548419,0.7762621762960784,43,interleaved
43144,144,0,0.9671838018154624,0.4177634094245706,43,interleaved
43145,145,0,0.3645302898031506,0.3630370668037641,43,interleaved
43146,146,0,0.576298477164658,0.40501799815894357,43,interleaved
43147,147,0,0.5685738021881578,0.37389515013203045,43,interleaved
43148,148,0,0.871569912291686,0.37395236396565035,43,interleaved
43149,149,0,0.46654351576897424,0.500679730373945,43,interleaved
43150,150,0,0.41920568820062853,0.3873380466145323,43,interleaved
43151,151,0,0.6466677547317129,0.3375675636623068,43,interleaved
43152,152,0,0.1619010876075822,0.6155352842193758,43,interleaved
43153,153,0,0.5650919930917374,0.39871763540823624,43,interleaved
43154,154,0,0.6048855300192831,0.3471514850296852,43,interleaved
43155,155,0,0.5554744194199286,0.4357519112079742,43,interleaved
43156,156,0,0.6329260951124733,0.32948245188660075,43,interleaved
43157,157,0,0.6898916786257038,0.4620592818166337,43,interleaved
43158,158,0,0.38871173827645533,0.6073967017590058,43,interleaved
43159,159,0,0.3866768570225617,0.4956092665669123,43,interleaved
43160,160,0,0.25603921337539665,0.6595925638510476,43,interleaved
43161,161,0,0.7418238931430515,0.2980151574038483,43,interleaved
43162,162,0,0.7418120292185063,0.37845299541181426,43,interleaved
43163,163,0,0.38481521124865575,0.3760717796560513,43,interleaved
43164,164,0,0.8888710527527506,0.42183662102885855,43,interleaved
43165,165,0,0.5428168015969499,0.4871625550408698,43,interleaved
43166,166,0,0.48322644617066196,0.48486007455351565,43,interleaved
43167,167,0,0.9795417309991019,0.3174563113429406,43,interleaved
43168,168,0,0.11223660951444844,0.575175225188252,43,interleaved
43169,169,0,0.4490009729587202,0.3700018606333174,43,interleaved
43170,170,0,0.8804016616981608,0.3892254000915328,43,interleaved
43171,171,0,0.26425774567056937,0.3570785694374997,43,interleaved
43172,172,0,0.8467150632962337,0.42757389981968374,43,interleaved
43173,173,0,0.35267796314101907,0.5524840953618929,43,interleaved
43174,174,0,0.5059483768266217,0.3898904814391739,43,interleaved
43175,175,0,0.4523603054280703,0.40749170588866257,43,interleaved
43176,176,0,0.7714065474548724,0.3612652626608026,43,interleaved
43177,177,0,0.773465865463459,0.30306697542801314,43,interleaved
43178,178,0,0.4828474137118837,0.4285483555668086,43,interleaved
43179,179,0,0.5501229244523239,0.4373614197313831,43,interleaved
43180,180,0,0.938303805415708,0.35355718458190016,43,interleaved
43181,181,0,0.8102150497099488,0.33712075317908924,43,interleaved
43182,182,0,0.5051182468289158,0.42536573863204374,43,interleaved
43183,183,0,0.7095098497058336,0.40873013349199516,43,interleaved
43184,184,0,0.6146874894534347,0.5032252681834399,43,interleaved
43185,185,0,0.6756401434042991,0.3550320029156947,43,interleaved
43186,186,0,0.3541234124138305,0.33336529423501937,43,interleaved
43187,187,0,0.6851377638401619,0.3498367259286961,43,interleaved
43188,188,0,0.49911111946489767,0.39337750360582435,43,interleaved
43189,189,0,0.5266474336585004,0.5157469604576481,43,interleaved
43190,190,0,0.49103689941834955,0.47590280749632485,43,interleaved
43191,191,0,0.5058569317874058,0.387108265620165,43,interleaved
43192,192,0,0.37697044678407826,0.5630444876800722,43,interleaved
43193,193,0,0.4581431917817819,0.3699518000897428,43,interleaved
43194,194,0,0.9291337602771943,0.2876399096985872,43,interleaved
43195,195,0,0.602196460940714,0.5098316232883681,43,interleaved
43196,196,0,0.46959703727428315,0.3766785009500647,43,interleaved
43197,197,0,0.5395055942977098,0.3971672053353027,43,interleaved
43198,198,0,0.733821668195392,0.43124584499337293,43,interleaved
43199,199,0,0.8235690960695542,0.39529597110199455,43,interleaved
43200,0,0,0.8196840482448698,0.7482931886455204,43,blocked
43201,1,0,0.7514465995852975,0.7551857769339205,43,blocked
43202,2,0,0.5623484920604805,0.5489798493818251,43,blocked
43203,3,0,0.7820620922304471,0.5275000006082674,43,blocked
43204,4,0,0.9287618115544761,0.3579902471422239,43,blocked
43205,5,0,0.9686613763418861,0.5475561843011585,43,blocked
43206,6,0,0.29463180143364176,0.4881822073900789,43,blocked
43207,7,0,0.6474077539393968,0.5041334650119563,43,blocked
43208,8,0,0.5302207264561725,0.5768411108421241,43,blocked
43209,9,0,0.313970742215754,0.5702905757694886,43,blocked
43210,10,0,0.8646750756107868,0.5199812178028792,43,blocked
43211,11,0,0.9589153397497163,0.27651807806437817,43,blocked
43212,12,0,0.9372839913754776,0.4340123139983362,43,blocked
43213,13,0,0.47084473456954334,0.47537091837027534,43,blocked
43214,14,0,0.1347738720053965,0.543303682134112,43,blocked
43215,15,0,0.9433261219226934,0.350140782648519,43,blocked
43216,16,0,0.23071573478332108,0.4810020727097515,43,blocked
43217,17,0,0.9112160603267582,0.4787773914945569,43,blocked
43218,18,0,0.8771006658695866,0.34328833063612507,43,blocked
43219,19,0,0.9333351415566167,0.39424711047188304,43,blocked
43220,20,0,0.23028967287743757,0.4999411636074167,43,blocked
43221,21,0,0.2433420656895528,0.5425926909301295,43,blocked
43222,22,0,0.625841799638511,0.395228310458144,43,blocked
43223,23,0,0.8740662022975352,0.4033121818390131,43,blocked
43224,24,0,0.8894833607953098,0.33901037288260505,43,blocked
43225,25,0,0.881194903072635,0.3828266824689319,43,blocked
43226,26,0,0.7688226914798427,0.4491294105261544,43,blocked
43227,27,0,0.05033158576264815,0.6193562163831368,43,blocked
43228,28,0,0.9922738603476688,0.3499572292978457,43,blocked
43229,29,0,0.38018297267467444,0.5120352867905641,43,blocked
43230,30,0,0.9589579474678699,0.3895616443512556,43,blocked
43231,31,0,0.9808909792131653,0.46270457682029253,43,blocked
43232,32,0,0.9643657345296326,0.34231514955683756,43,blocked
43233,33,0,0.13827893865787694,0.6971056259021255,43,blocked
43234,34,0,0.21493745701008343,0.4856321907391239,43,blocked
43235,35,0,0.6019159335711606,0.5249951270385558,43,blocked
43236,36,0,0.6323885046082645,0.45918857669071445,43,blocked
43237,37,0,0.9747735911843329,0.4555080606290742,43,blocked
43238,38,0,0.9142838137233289,0.400019029130537,43,blocked
43239,39,0,0.6069427725772226,0.48518803870193805,43,blocked
43240,40,0,0.32399209782067123,0.47078723252074306,43,blocked
43241,41,0,0.1573635001596434,0.4980864947501521,43,blocked
43242,42,0,0.39414351512686013,0.33827483772845035,43,blocked
43243,43,0,0.5034966634654519,0.35541252863942496,43,blocked
43244,44,0,0.48504868264088125,0.5859934793714189,43,blocked
43245,45,0,0.7526752147557909,0.4171094897068556,43,blocked
43246,46,0,0.12678573933460976,0.5268025777325174,43,blocked
43247,47,0,0.33415101697888333,0.5501123889078946,43,blocked
43248,48,0,0.48862210351961366,0.4737468561985931,43,blocked
43249,49,0,0.744069282300206,0.31456908593413563,43,blocked
43250,50,0,0.1545949944765762,0.4929593410803823,43,blocked
43251,51,0,0.41663047439917233,0.5854708969332285,43,blocked
43252,52,0,0.3939646843767119,0.4413670899134794,43,blocked
43253,53,0,0.23924034077460254,0.49639679496840294,43,blocked
43254,54,0,0.5196939005032631,0.35264908589709365,43,blocked
43255,55,0,0.5108197331550206,0.44693325208266493,43,blocked
43256,56,0,0.6038255589131187,0.47283315005987425,43,blocked
43257,57,0,0.6069134085127653,0.5963913712155436,43,blocked
43258,58,0,0.4402668385134296,0.38228032392249833,43,blocked
43259,59,0,0.5004516884036466,0.6919456397911079,43,blocked
43260,60,0,0.27088510159761187,0.4582949668682995,43,blocked
43261,61,0,0.2320659465230463,0.7367839808784893,43,blocked
43262,62,0,0.49824806333074034,0.49080919999993805,43,blocked
43263,63,0,0.6316107889479263,0.5608085364049813,43,blocked
43264,64,0,0.2986917121927387,0.4927639295842288,43,blocked
43265,65,0,0.4553342223779739,0.3100598987021028,43,blocked
43266,66,0,0.6509970944437109,0.500044189753632,43,blocked
43267,67,0,0.728507314022101,0.43258821535798764,43,blocked
43268,68,0,0.06677994185438228,0.5289927506061861,43,blocked
43269,69,0,0.6918691203310711,0.5761052643589445,43,blocked
43270,70,0,0.4559896789009417,0.5304222924981682,43,blocked
43271,71,0,0.5748889442042764,0.40085741639598893,43,blocked
43272,72,0,0.5577782872640605,0.5101281007765398,43,blocked
43273,73,0,0.5628335344553902,0.48498515196072933,43,blocked
43274,74,0,0.7716609410817743,0.3928708602131681,43,blocked
43275,75,0,0.8024969136783572,0.3512203732767314,43,blocked
43276,76,0,0.6159617322772319,0.2665294905147878,43,blocked
43277,77,0,0.4761582047916838,0.4230888911592522,43,blocked
43278,78,0,0.7472960184529297,0.4485530393361903,43,blocked
43279,79,0,0.3654782364639694,0.4709328056891122,43,blocked
43280,80,0,0.9230843190770521,0.568417456431578,43,blocked
43281,81,0,0.9833112864545577,0.5442769204685128,43,blocked
43282,82,0,0.06759302077581489,0.4908619530298507,43,blocked
43283,83,0,0.4468468901299614,0.3821805825039643,43,blocked
43284,84,0,0.6809822693726236,0.5806351693702713,43,blocked
43285,85,0,0.9399225298169722,0.3857982302513725,43,blocked
43286,86,0,0.1541238264623739,0.44598048698467035,43,blocked
43287,87,0,0.09200115504620365,0.4178855089865895,43,blocked
43288,88,0,0.7725070182138216,0.33586581366783397,43,blocked
43289,89,0,0.5548714919940054,0.4868061684061436,43,blocked
43290,90,0,0.9051048500926695,0.4292841291083771,43,blocked
43291,91,0,0.9511381902163005,0.3910503104801798,43,blocked
43292,92,0,0.21091814826959293,0.5300966422966648,43,blocked
43293,93,0,0.6345717843632481,0.4952448115469398,43,blocked
43294,94,0,0.5306215665041553,0.44961888233933445,43,blocked
43295,95,0,0.8516836035014375,0.33726558553514274,43,blocked
43296,96,0,0.5939382849872166,0.44381278353667875,43,blocked
43297,97,0,0.6192840733689918,0.5621032297497992,43,blocked
43298,98,0,0.45067924166350315,0.45785281195681016,43,blocked
43299,99,0,0.7419400900882973,0.45193629692321813,43,blocked
43300,100,0,0.9831141951493586,0.47818014979687073,43,blocked
43301,101,0,0.2890794560585744,0.44748689364483635,43,blocked
43302,102,0,0.559294875512883,0.40976854418239955,43,blocked
43303,103,0,0.46878270420802043,0.45540584644488147,43,blocked
43304,104,0,0.5287165372014218,0.5385407922968521,43,blocked
43305,105,0,0.6448154826625335,0.44519616297460374,43,blocked
43306,106,0,0.7630017104557112,0.29859012310277366,43,blocked
43307,107,0,0.949941313271042,0.2819666499580117,43,blocked
43308,108,0,0.8391290273422581,0.25739381191774,43,blocked
43309,109,0,0.13139553444469088,0.5129803077135586,43,blocked
43310,110,0,0.9144904959756952,0.34062797947927903,43,blocked
43311,111,0,0.5632296059051541,0.41444816404015405,43,blocked
43312,112,0,0.7366869124410056,0.38927321543484783,43,blocked
43313,113,0,0.8998980609246272,0.48456352948172554,43,blocked
43314,114,0,0.40375623462359184,0.5359309627612485,43,blocked
43315,115,0,0.9919174406536977,0.40170781310037934,43,blocked
43316,116,0,0.9359972607704382,0.3783734750431383,43,blocked
43317,117,0,0.7538953987914745,0.5097656176107019,43,blocked
43318,118,0,0.5486647385355734,0.40391880156983256,43,blocked
43319,119,0,0.8682452743540516,0.3393951305847348,43,blocked
43320,120,0,0.6155238974143811,0.4072585151717836,43,blocked
43321,121,0,0.5749230036946636,0.46555658806811884,43,blocked
43322,122,0,0.7221720502319583,0.4988873027060574,43,blocked
43323,123,0,0.49991471364191997,0.5837415942208166,43,blocked
43324,124,0,0.5908105176357046,0.5298315522421191,43,blocked
43325,125,0,0.43004233487619475,0.47223308524319896,43,blocked
43326,126,0,0.376357400081177,0.5344605058679338,43,blocked
43327,127,0,0.012454191026695226,0.6355313185422755,43,blocked
43328,128,0,0.6151076558902548,0.4934680148249009,43,blocked
43329,129,0,0.8838951002402415,0.3728176094979593,43,blocked
43330,130,0,0.174908190573635,0.5168516536822861,43,blocked
43331,131,0,0.7239988081483784,0.389683024244255,43,blocked
43332,132,0,0.5146796896943644,0.4316511932339332,43,blocked
43333,133,0,0.9182833921440383,0.3753433723678953,43,blocked
43334,134,0,0.5584402431825947,0.5212259746543841,43,blocked
43335,135,0,0.4709262700415566,0.34017683496001716,43,blocked
43336,136,0,0.6114888436295958,0.35225697952811486,43,blocked
43337,137,0,0.8563929795819545,0.3332778924074472,43,blocked
43338,138,0,0.296020754474193,0.5275868627470796,43,blocked
43339,139,0,0.6399389030775167,0.42336600374673716,43,blocked
43340,140,0,0.3924820098364198,0.4373369721376292,43,blocked
43341,141,0,0.8703388345553693,0.37613585385657383,43,blocked
43342,142,0,0.24681182792802112,0.3938047797915961,43,blocked
43343,143,0,0.6890980801380384,0.28435215135053726,43,blocked
43344,144,0,0.587512048624834,0.3350221375867967,43,blocked
43345,145,0,0.5073378734973247,0.5399882499210608,43,blocked
43346,146,0,0.9261415072619579,0.4167569131000569,43,blocked
43347,147,0,0.5407849333698391,0.48730887730154526,43,blocked
43348,148,0,0.559336991214254,0.4775249036157502,43,blocked
43349,149,0,0.2783372010207006,0.5099672538969278,43,blocked
43350,150,0,0.6011397649298647,0.4016903656789711,43,blocked
43351,151,0,0.5050800355859708,0.402122447617969,43,blocked
43352,152,0,0.5013302348033282,0.39857163797866313,43,blocked
43353,153,0,0.8771144992056658,0.30231440513354235,43,blocked
43354,154,0,0.693432383853505,0.5745670860758934,43,blocked
43355,155,0,0.7806378200669324,0.2779633130642826,43,blocked
43356,156,0,0.44258326951078597,0.2856383316739093,43,blocked
43357,157,0,0.46205093944090475,0.3874256541263047,43,blocked
43358,158,0,0.5658371662596158,0.3195092511029971,43,blocked
43359,159,0,0.5488892621972804,0.37092737302385836,43,blocked
43360,160,0,0.7888201608585386,0.29758968299599103,43,blocked
43361,161,0,0.7199563702865825,0.2491280141406032,43,blocked
43362,162,0,0.5782868911111678,0.5202641442873793,43,blocked
43363,163,0,0.3571342317626516,0.31242951630424975,43,blocked
43364,164,0,0.41369468474261617,0.454067875960794,43,blocked
43365,165,0,0.8583491592075698,0.4792957668337383,43,blocked
43366,166,0,0.20159730236678158,0.5261793704622638,43,blocked
43367,167,0,0.7059986362665347,0.42287234247152783,43,blocked
43368,168,0,0.5119918114860288,0.5545444992900188,43,blocked
43369,169,0,0.5370863259882056,0.4140892824695365,43,blocked
43370,170,0,0.9286334107845293,0.3851419145549704,43,blocked
43371,171,0,0.8295205144380049,0.2831244209852075,43,blocked
43372,172,0,0.4749920785798764,0.4185515077203749,43,blocked
43373,173,0,0.47916506664169234,0.262753079785407,43,blocked
43374,174,0,0.8889761501029596,0.3318103190975723,43,blocked
43375,175,0,0.5406909542949492,0.3207929846759323,43,blocked
43376,176,0,0.207330840435644,0.3528960156488907,43,blocked
43377,177,0,0.7262291311684755,0.3725175222602159,43,blocked
43378,178,0,0.6095682589063329,0.33280423084201316,43,blocked
43379,179,0,0.04295553894865895,0.7854782176352195,43,blocked
43380,180,0,0.08181753295267159,0.5531653714493676,43,blocked
43381,181,0,0.5794447788456913,0.3256231523336929,43,blocked
43382,182,0,0.838034929577939,0.4093337925882423,43,blocked
43383,183,0,0.9725757313604626,0.4294743939656551,43,blocked
43384,184,0,0.874809083327806,0.3128629311571859,43,blocked
43385,185,0,0.9487622825349235,0.280913230611261,43,blocked
43386,186,0,0.233734874377655,0.5231288398830489,43,blocked
43387,187,0,0.409254442866816,0.340166318970623,43,blocked
43388,188,0,0.2829029971351048,0.5057470328208367,43,blocked
43389,189,0,0.5982508405168101,0.37619566423836726,43,blocked
43390,190,0,0.4960475453462967,0.3731136277173501,43,blocked
43391,191,0,0.7966228755105953,0.324689258935798,43,blocked
43392,192,0,0.6920777896142443,0.39249217545307064,43,blocked
43393,193,0,0.7264068450343774,0.3262088894672389,43,blocked
43394,194,0,0.5365124724991095,0.3085027637001556,43,blocked
43395,195,0,0.5259643644793482,0.4693409245985577,43,blocked
43396,196,0,0.47890643743826183,0.42892049116533615,43,blocked
43397,197,0,0.3905630634915415,0.43446367359958926,43,blocked
43398,198,0,0.1523834509514257,0.3974674451552216,43,blocked
43399,199,0,0.9532068710057183,0.4687376274045414,43,blocked
43400,0,0,0.48242938434761073,0.5648269007989681,43,early
43401,1,0,0.46644935762750733,0.49114695144564413,43,early
43402,2,0,0.46731636980561253,0.6808618689588132,43,early
43403,3,0,0.4426944378948297,0.6293088412756594,43,early
43404,4,0,0.3325968588908691,0.7171733233625568,43,early
43405,5,0,0.6004772437828785,0.4689223329115516,43,early
43406,6,0,0.18045312980923156,0.6629758035680775,43,early
43407,7,0,0.5430303668379306,0.4028690575134347,43,early
43408,8,0,0.7994730291579965,0.3784049309336103,43,early
43409,9,0,0.4166002736580152,0.46827305709019007,43,early
43410,10,0,0.5112263350193899,0.5273254789440679,43,early
43411,11,0,0.255381782063158,0.5765997590718199,43,early
43412,12,0,0.8417353232177718,0.4004625166795655,43,early
43413,13,0,0.20172248739508222,0.3580000044301308,43,early
43414,14,0,0.2998656522849114,0.5823948437351173,43,early
43415,15,0,0.5433062627883203,0.6908302093099584,43,early
43416,16,0,0.629397504129865,0.3006928301202476,43,early
43417,17,0,0.11487339895731885,0.6718220039153644,43,early
43418,18,0,0.5025560684074616,0.6788830455420088,43,early
43419,19,0,0.350926008710993,0.47316353072465156,43,early
43420,20,0,0.5134854374842699,0.5159402358022962,43,early
43421,21,0,0.859233407461359,0.42651026277548243,43,early
43422,22,0,0.9987415642312385,0.5022373029699998,43,early
43423,23,0,0.7856044452444904,0.34602956753392156,43,early
43424,24,0,0.8393213200413573,0.4612357310237528,43,early
43425,25,0,0.5477764032156887,0.3815886874023133,43,early
43426,26,0,0.7201570370107527,0.4162341161314066,43,early
43427,27,0,0.3559976778663313,0.5232873170785013,43,early
43428,28,0,0.43192049316236575,0.5495538332886285,43,early
43429,29,0,0.6462481516225843,0.4474973292478719,43,early
43430,30,0,0.1954946406147647,0.518157652165126,43,early
43431,31,0,0.5898572270884835,0.4918777987424803,43,early
43432,32,0,0.650080579739482,0.42215024046868066,43,early
43433,33,0,0.5379179367556183,0.5747494122464578,43,early
43434,34,0,0.5622656090627733,0.4833977718304639,43,early
43435,35,0,0.4611587534057011,0.36966351976933776,43,early
43436,36,0,0.530069303193894,0.4001667148450429,43,early
43437,37,0,0.5363496542392784,0.3069537090079947,43,early
43438,38,0,0.48416520410060737,0.48817686931209003,43,early
43439,39,0,0.43312893437723216,0.526032435236692,43,early
43440,40,0,0.8070339044513356,0.4526889289963012,43,early
43441,41,0,0.9038857539694527,0.4515550036014587,43,early
43442,42,0,0.18087265446856454,0.5096177023729151,43,early
43443,43,0,0.830965476357484,0.39360808876233255,43,early
43444,44,0,0.8438429705946913,0.6838766202334426,43,early
43445,45,0,0.17114681652737207,0.36312203245422037,43,early
43446,46,0,0.2291112057938301,0.44350501317185237,43,early
43447,47,0,0.14884679901852835,0.39371629770841876,43,early
43448,48,0,0.1356872448626894,0.403334774772967,43,early
43449,49,0,0.35404237649164944,0.45970558351001783,43,early
43450,50,0,0.1868844264907622,0.5112359410600679,43,early
43451,51,0,0.1635136201851422,0.46319404532408204,43,early
43452,52,0,0.6112995358105677,0.43428503603655977,43,early
43453,53,0,0.893477428973537,0.1926543335016347,43,early
43454,54,0,0.04937130440589174,0.4264819636189823,43,early
43455,55,0,0.8251307949889488,0.45271338840079023,43,early
43456,56,0,0.42453875956659,0.6086916712438256,43,early
43457,57,0,0.7253740758593363,0.6065061947952921,43,early
43458,58,0,0.42437320283031393,0.4411768535520209,43,early
43459,59,0,0.856994555944314,0.3879616454833672,43,early
43460,60,0,0.1919195557713398,0.49095866614639416,43,early
43461,61,0,0.3964995206621671,0.5587205895685738,43,early
43462,62,0,0.15294532436193337,0.41344510700103654,43,early
43463,63,0,0.9294404849670623,0.6220489389056572,43,early
43464,64,0,0.1495012015026058,0.43571626271036634,43,early
43465,65,0,0.7828325908805138,0.38252309773176385,43,early
43466,66,0,0.07384145288346602,0.49331883270058047,43,early
43467,67,0,0.9229704118644401,0.4267823520316868,43,early
43468,68,0,0.26554247752957677,0.5042242834261708,43,early
43469,69,0,0.873506936632584,0.28347788808247243,43,early
43470,70,0,0.23526866510805086,0.4232529434439677,43,early
43471,71,0,0.8599009432963767,0.4300884028837543,43,early
43472,72,0,0.15272370524007112,0.35541230066185103,43,early
43473,73,0,0.8942111163981363,0.3342131018965141,43,early
43474,74,0,0.16765252699390995,0.5280899851409201,43,early
43475,75,0,0.19955017318474752,0.42857160669267647,43,early
43476,76,0,0.9099910143697545,0.3898071958566569,43,early
43477,77,0,0.8065448448554345,0.44109912801656004,43,early
43478,78,0,0.5464218682131993,0.579360605947074,43,early
43479,79,0,0.9640966397729547,0.321302299537064,43,early
43480,80,0,0.5218836702693924,0.3463025188083214,43,early
43481,81,0,0.06619514480741934,0.38754732947867776,43,early
43482,82,0,0.38846267231966697,0.40966057233796643,43,early
43483,83,0,0.9110014757137135,0.25795059538826126,43,early
43484,84,0,0.47447581821312995,0.4410494999689668,43,early
43485,85,0,0.1933267874382506,0.4403789961949718,43,early
43486,86,0,0.13537356994658534,0.3401932655359545,43,early
43487,87,0,0.9522741877885179,0.5011297097907335,43,early
43488,88,0,0.5567587541159215,0.47457634119455283,43,early
43489,89,0,0.2424748656097971,0.41794887834100936,43,early
43490,90,0,0.4053021594214639,0.3941412480696854,43,early
43491,91,0,0.487068838018665,0.34464524347064707,43,early
43492,92,0,0.5651944387979061,0.3810651618541817,43,early
43493,93,0,0.7887020226769568,0.31520439881779283,43,early
43494,94,0,0.5499564105937814,0.38165549778532126,43,early
43495,95,0,0.4404810420412437,0.558287452554249,43,early
43496,96,0,0.5029842662002614,0.31680682925724535,43,early
43497,97,0,0.2472103286997449,0.3639162822509169,43,early
43498,98,0,0.5817665759822394,0.5163049255482883,43,early
43499,99,0,0.5042959657955939,0.49667048526177643,43,early
43500,100,0,0.6767937527715313,0.5636837548998637,43,early
43501,101,0,0.41239023681635806,0.462464611801327,43,early
43502,102,0,0.8436706729149857,0.28998936703838457,43,early
43503,103,0,0.5924513552800985,0.3479632706695559,43,early
43504,104,0,0.016938911781369692,0.37607377697646727,43,early
43505,105,0,0.4176780593735697,0.36217082575284,43,early
43506,106,0,0.18839112556189114,0.4838477126333267,43,early
43507,107,0,0.7395370307525275,0.3133873661835288,43,early
43508,108,0,0.46755280804422833,0.35009950730288175,43,early
43509,109,0,0.3889982503050013,0.38641015594100414,43,early
43510,110,0,0.4442189983029766,0.4419567761037446,43,early
43511,111,0,0.8205279210898615,0.2572692819457977,43,early
43512,112,0,0.540126783199775,0.30585305187445067,43,early
43513,113,0,0.6712152434193484,0.4468223549607188,43,early
43514,114,0,0.855941415671738,0.3073882453576579,43,early
43515,115,0,0.883149812647593,0.36878893428722953,43,early
43516,116,0,0.5210811333308857,0.20852821419968437,43,early
43517,117,0,0.306994373204809,0.31371177904630676,43,early
43518,118,0,0.48805148168577756,0.5221552486441077,43,early
43519,119,0,0.13264052883055424,0.48428697284587474,43,early
43520,120,0,0.5813442691696038,0.3594302989986069,43,early
43521,121,0,0.9114566920651377,0.27095489775047665,43,early
43522,122,0,0.7034179857515702,0.35345215018259013,43,early
43523,123,0,0.5656613157457192,0.3258493171023309,43,early
43524,124,0,0.4867335605591285,0.37004924139507384,43,early
43525,125,0,0.8936925923734721,0.21213156208839934,43,early
43526,126,0,0.4260903690280752,0.3784125435066804,43,early
43527,127,0,0.8709799054273968,0.35731727228448906,43,early
43528,128,0,0.5231875359980027,0.3706542087662069,43,early
43529,129,0,0.1311344381647254,0.3134102413601189,43,early
43530,130,0,0.4658568491463487,0.43805994911208423,43,early
43531,131,0,0.17588407382768967,0.33541703453482885,43,early
43532,132,0,0.3510601227007958,0.47489863604356336,43,early
43533,133,0,0.4355743024681783,0.4175655229020563,43,early
43534,134,0,0.6846037423285353,0.23795358381751194,43,early
43535,135,0,0.3111921262512521,0.29543699181235333,43,early
43536,136,0,0.6070644289887772,0.40233150707911003,43,early
43537,137,0,0.5614768963007952,0.3606096235456481,43,early
43538,138,0,0.95303429975651,0.254953291591954,43,early
43539,139,0,0.5344789485068118,0.4247383268755694,43,early
43540,140,0,0.15021390261402223,0.3268010000741992,43,early
43541,141,0,0.415319149822648,0.2994448742354406,43,early
43542,142,0,0.33036691780826377,0.3115049812229948,43,early
43543,143,0,0.6373615477612813,0.40514717783643467,43,early
43544,144,0,0.4907459007157088,0.36873778049610983,43,early
43545,145,0,0.490476660537423,0.40520525425180054,43,early
43546,146,0,0.40686970933136707,0.29185593524134745,43,early
43547,147,0,0.49519294090000154,0.40270514600468366,43,early
43548,148,0,0.46036741055234337,0.348857929066562,43,early
43549,149,0,0.3495523518642197,0.26374180672573394,43,early
43550,150,0,0.35664693334317893,0.5388882748748538,43,early
43551,151,0,0.47159385876424814,0.45290886582563583,43,early
43552,152,0,0.8413003968155167,0.2961509947577086,43,early
43553,153,0,0.16399777749193328,0.31324460998694065,43,early
43554,154,0,0.9823267179254664,0.3109043865928997,43,early
43555,155,0,0.5132741605410989,0.3760143179325991,43,early
43556,156,0,0.9414586152373765,0.26324140924793915,43,early
43557,157,0,0.49518310455917647,0.3560632144059158,43,early
43558,158,0,0.010845587688310796,0.3896958556026585,43,early
43559,159,0,0.6277896295519659,0.29437637324023014,43,early
43560,160,0,0.8983748565686267,0.20977453867760698,43,early
43561,161,0,0.9224438983881988,0.43325965929115484,43,early
43562,162,0,0.4263910918207131,0.4155719485556012,43,early
43563,163,0,0.3276766581627039,0.24693644351496016,43,early
43564,164,0,0.7271426117002144,0.3419506890384746,43,early
43565,165,0,0.42419823118416955,0.36182760092295563,43,early
43566,166,0,0.5041016460528068,0.3732312991803157,43,early
43567,167,0,0.3461980501637816,0.4012066578066831,43,early
43568,168,0,0.7444729324847625,0.41923138690674633,43,early
43569,169,0,0.5077881395661152,0.4631939452095679,43,early
43570,170,0,0.5576071367547959,0.32669709351522613,43,early
43571,171,0,0.809137325460893,0.21669200493668314,43,early
43572,172,0,0.4368250028218836,0.33806438404247374,43,early
43573,173,0,0.5911166681664867,0.2882796497045743,43,early
43574,174,0,0.5191202855165188,0.2464406015978201,43,early
43575,175,0,0.6477734705380596,0.344431149334944,43,early
43576,176,0,0.7554349083895924,0.32516475378052634,43,early
43577,177,0,0.3912195791685689,0.33864855646767134,43,early
43578,178,0,0.8616883804289609,0.2646914920420727,43,early
43579,179,0,0.9284034379602313,0.24696040563267138,43,early
43580,180,0,0.6659478969602205,0.30848019561264517,43,early
43581,181,0,0.511178745207582,0.3551320350952818,43,early
43582,182,0,0.5154956365950695,0.2807086550233586,43,early
43583,183,0,0.39183501025690853,0.33186881395621387,43,early
43584,184,0,0.8494740300963283,0.33011523090842515,43,early
43585,185,0,0.4569640582429014,0.24770745282989876,43,early
43586,186,0,0.7083067846187385,0.17687727900106542,43,early
43587,187,0,0.5092811729085227,0.29931521354806945,43,early
43588,188,0,0.780101252852301,0.26362465137379565,43,early
43589,189,0,0.20099625869825727,0.416373327979934,43,early
43590,190,0,0.6634174426210171,0.25111933080459675,43,early
43591,191,0,0.8552678873111523,0.29373981727285076,43,early
43592,192,0,0.11019723329882652,0.47350378953556105,43,early
43593,193,0,0.4469134589960333,0.2533187624548241,43,early
43594,194,0,0.5148260980406513,0.32387726416330986,43,early
43595,195,0,0.8617905016684,0.20339297077446988,43,early
43596,196,0,0.5637480488644617,0.35611058722896927,43,early
43597,197,0,0.628781175120937,0.20383290631478596,43,early
43598,198,0,0.6912677090249244,0.3239781162727804,43,early
43599,199,0,0.5228531352902601,0.3271359393604143,43,early
43600,0,0,0.06444174604962875,1.00444312103467,43,middle
43601,1,0,0.6870341697613279,0.5288756060567371,43,middle
43602,2,0,0.05930678149994961,0.7772218715744117,43,middle
43603,3,0,0.10026719607000781,0.8152777076663771,43,middle
43604,4,0,0.5061695910570675,0.4817718758930222,43,middle
43605,5,0,0.2713173774495705,0.6421104576352243,43,middle
43606,6,0,0.41339280856684135,0.43636383181908234,43,middle
43607,7,0,0.8359131750415478,0.5334957024587188,43,middle
43608,8,0,0.5140752769085252,0.5481902916618799,43,middle
43609,9,0,0.8017416248362024,0.44484227053173164,43,middle
43610,10,0,0.3536056961643636,0.6186371251443195,43,middle
43611,11,0,0.02943020333381871,0.6732405415590845,43,middle
43612,12,0,0.43923278217039696,0.5097900409974849,43,middle
43613,13,0,0.10992482526027952,0.45252133702005026,43,middle
43614,14,0,0.5689251251814517,0.4937934499355081,43,middle
43615,15,0,0.8757191336609086,0.49869173718192333,43,middle
43616,16,0,0.4943462184960195,0.42964441684814003,43,middle
43617,17,0,0.12777707140317224,0.6083518193586845,43,middle
43618,18,0,0.8885690926728553,0.3387722015304235,43,middle
43619,19,0,0.5340378297839077,0.5333641304703017,43,middle
43620,20,0,0.5087906155333255,0.6301133333098383,43,middle
43621,21,0,0.23212550848366886,0.5114005948191874,43,middle
43622,22,0,0.33060710774360913,0.4906939905451928,43,middle
43623,23,0,0.5608624699380904,0.5577127818736413,43,middle
43624,24,0,0.10120202970540956,0.7000985705700836,43,middle
43625,25,0,0.4668866141320836,0.5199354506429855,43,middle
43626,26,0,0.11127330144706885,0.6876861955790672,43,middle
43627,27,0,0.656648520289545,0.5701466845609755,43,middle
43628,28,0,0.582588158757732,0.6632653074922598,43,middle
43629,29,0,0.2361572551433932,0.7433221132023146,43,middle
43630,30,0,0.3993790259719586,0.7186035717145753,43,middle
43631,31,0,0.8027830851762434,0.4461129054481464,43,middle
43632,32,0,0.6929600810721375,0.47425489720481373,43,middle
43633,33,0,0.9553483599056437,0.441356738988949,43,middle
43634,34,0,0.5504545146509163,0.3456352027020739,43,middle
43635,35,0,0.8761796020764778,0.49903197426788437,43,middle
43636,36,0,0.4715884169034461,0.45103214499488176,43,middle
43637,37,0,0.7686249403998449,0.5507070620805656,43,middle
43638,38,0,0.581353272099963,0.6444801989343805,43,middle
43639,39,0,0.4586004597682469,0.5238411761569477,43,middle
43640,40,0,0.34364290140727816,0.45175944266058493,43,middle
43641,41,0,0.5789923072106904,0.5221788082821521,43,middle
43642,42,0,0.5934039878888254,0.34524608103399324,43,middle
43643,43,0,0.3075568131058046,0.41356116184477487,43,middle
43644,44,0,0.134609112338222,0.63390741933695,43,middle
43645,45,0,0.23502383892359174,0.6639760202197995,43,middle
43646,46,0,0.2607902909021932,0.6402659270929815,43,middle
43647,47,0,0.44423903721368696,0.453541281072905,43,middle
43648,48,0,0.6911605450068875,0.5759226246956932,43,middle
43649,49,0,0.6121069837222668,0.5855096015889151,43,middle
43650,50,0,0.8151917910240132,0.37712742659938026,43,middle
43651,51,0,0.9074659330354897,0.35956936949284823,43,middle
43652,52,0,0.06579530092226017,0.49844988846237487,43,middle
43653,53,0,0.7551612444129987,0.38492353217533753,43,middle
43654,54,0,0.8893761216625142,0.4937606271690862,43,middle
43655,55,0,0.8085212455101625,0.5992125434451377,43,middle
43656,56,0,0.5239974494151584,0.8804219701603018,43,middle
43657,57,0,0.4428107461614698,0.409555554328598,43,middle
43658,58,0,0.34871481857328884,0.4876874531141528,43,middle
43659,59,0,0.3486848708714969,0.38448364606868946,43,middle
43660,60,0,0.4158117349956869,0.48173383526598956,43,middle
43661,61,0,0.7266093127913871,0.3915292676423444,43,middle
43662,62,0,0.08169551715866927,0.48947697157112685,43,middle
43663,63,0,0.4705132438229016,0.5099326052456797,43,middle
43664,64,0,0.07906735188406407,0.6020612220175487,43,middle
43665,65,0,0.3577521931660032,0.549697392323659,43,middle
43666,66,0,0.6595010697930707,0.42806015492986493,43,middle
43667,67,0,0.4528140498109411,0.37533451056993405,43,middle
43668,68,0,0.6914872694219074,0.4115958557183911,43,middle
43669,69,0,0.5331128683765384,0.5065670852907574,43,middle
43670,70,0,0.24750273325637928,0.43042494796178854,43,middle
43671,71,0,0.47401398564303326,0.37810571792395625,43,middle
43672,72,0,0.5503539653387642,0.4233356918513683,43,middle
43673,73,0,0.44623803951509433,0.7482023638775852,43,middle
43674,74,0,0.050253828293370086,0.45931301267518065,43,middle
43675,75,0,0.3617616765729733,0.48842184175351433,43,middle
43676,76,0,0.5927326756655539,0.4186585482601838,43,middle
43677,77,0,0.82089512807619,0.33936807234155236,43,middle
43678,78,0,0.9311596009372908,0.47717342524247597,43,middle
43679,79,0,0.9860979825294309,0.5725810717584956,43,middle
43680,80,0,0.8810627617639141,0.35115266275965257,43,middle
43681,81,0,0.04646147193277903,0.4502757316762843,43,middle
43682,82,0,0.12873676237559342,0.5269055541532993,43,middle
43683,83,0,0.030465383408164053,0.5396221304475446,43,middle
43684,84,0,0.8477857733204899,0.4192870208548862,43,middle
43685,85,0,0.8420767466481557,0.42335091031703154,43,middle
43686,86,0,0.5119665346697876,0.8640699538963865,43,middle
43687,87,0,0.998000876627086,0.8284071571377972,43,middle
43688,88,0,0.03582495274080644,0.5868445688113875,43,middle
43689,89,0,0.91714523622391,0.3112748265904146,43,middle
43690,90,0,0.02451657629946185,0.6444347031141848,43,middle
43691,91,0,0.5262454015805597,0.5737063586807071,43,middle
43692,92,0,0.10473829422702265,0.44545182615937523,43,middle
43693,93,0,0.4810577762945919,0.4544875280422951,43,middle
43694,94,0,0.526283248533421,0.5551149221692161,43,middle
43695,95,0,0.34601426042230066,0.4489234807017069,43,middle
43696,96,0,0.09579821763355265,0.5651374363772197,43,middle
43697,97,0,0.32961414230623476,0.5309418599889645,43,middle
43698,98,0,0.5214284217046496,0.3668456463461743,43,middle
43699,99,0,0.8393726487850984,0.497563278015383,43,middle
43700,100,0,0.7121232376297997,0.4570650489677849,43,middle
43701,101,0,0.46447385707531813,0.4898386672900894,43,middle
43702,102,0,0.6904419572761009,0.5404256501445244,43,middle
43703,103,0,0.25458645137167263,0.4263884233230597,43,middle
43704,104,0,0.5877720711363614,0.3853382015275844,43,middle
43705,105,0,0.8077604150492409,0.4096818477018155,43,middle
43706,106,0,0.8302904434412168,0.36258294085603626,43,middle
43707,107,0,0.5591262211153858,0.39291366633665126,43,middle
43708,108,0,0.8795496160724159,0.33481078982100504,43,middle
43709,109,0,0.8716912539202111,0.3908680338651066,43,middle
43710,110,0,0.8428303007463064,0.3493866995402971,43,middle
43711,111,0,0.9662031838714529,0.3162154288040353,43,middle
43712,112,0,0.22528118957294707,0.4760286802368915,43,middle
43713,113,0,0.6072297943125915,0.2858254644222288,43,middle
43714,114,0,0.6248070554179905,0.4236169881098056,43,middle
43715,115,0,0.922931385869142,0.49761640617938163,43,middle
43716,116,0,0.9727967700591658,0.3798444963321488,43,middle
43717,117,0,0.12986962407718794,0.4714614018404085,43,middle
43718,118,0,0.6673842660270648,0.3547282274246417,43,middle
43719,119,0,0.6693320851686575,0.5092504155531936,43,middle
43720,120,0,0.4194674009903049,0.5580089802370775,43,middle
43721,121,0,0.4405863968569694,0.48228259856848077,43,middle
43722,122,0,0.5977002560549984,0.372972358633305,43,middle
43723,123,0,0.6325841800038507,0.4212285684734999,43,middle
43724,124,0,0.5564568336517908,0.5244726056241396,43,middle
43725,125,0,0.1597192221391029,0.4498433113087963,43,middle
43726,126,0,0.5179446516128857,0.3389074523610125,43,middle
43727,127,0,0.5070524516846191,0.5113019330442766,43,middle
43728,128,0,0.5843429142536808,0.459791276076017,43,middle
43729,129,0,0.8788172587245191,0.5165038431656634,43,middle
43730,130,0,0.4308599871552271,0.42455824929903835,43,middle
43731,131,0,0.15737004772477658,0.5894434383898421,43,middle
43732,132,0,0.422394806511128,0.4265137750886713,43,middle
43733,133,0,0.3326474963241929,0.47004477794369254,43,middle
43734,134,0,0.23559125834937208,0.6491404810792076,43,middle
43735,135,0,0.5727580717059025,0.5793306213300975,43,middle
43736,136,0,0.5671215089766758,0.3763905055838207,43,middle
43737,137,0,0.18418789279233636,0.40054341130851856,43,middle
43738,138,0,0.45308834601158215,0.36780391715500577,43,middle
43739,139,0,0.857571378987732,0.28271089923578263,43,middle
43740,140,0,0.19528646042735412,0.6898700646479711,43,middle
43741,141,0,0.2757137041327906,0.5436356204513897,43,middle
43742,142,0,0.4321084446559945,0.4030665316390759,43,middle
43743,143,0,0.9846906320175085,0.40415166886523035,43,middle
43744,144,0,0.5159404616192145,0.4469136397665635,43,middle
43745,145,0,0.4128516976260975,0.5367891190697321,43,middle
43746,146,0,0.31655710404613985,0.5108957737322753,43,middle
43747,147,0,0.8748051288016752,0.2985729989718513,43,middle
43748,148,0,0.15328223021722218,0.5478123576210331,43,middle
43749,149,0,0.5919834996238832,0.45290446201721646,43,middle
43750,150,0,0.7333848130492506,0.44822284288654396,43,middle
43751,151,0,0.7824868918450604,0.29418571077712985,43,middle
43752,152,0,0.23976998090443277,0.5305461690041301,43,middle
43753,153,0,0.6039684459928474,0.39050158647648875,43,middle
43754,154,0,0.05477910754156505,0.5665366366163214,43,middle
43755,155,0,0.5137199230804342,0.5970674111133043,43,middle
43756,156,0,0.3752923549864323,0.5959539541364282,43,middle
43757,157,0,0.6702640149330987,0.4369462374583202,43,middle
43758,158,0,0.7579891219031246,0.41042795032298307,43,middle
43759,159,0,0.6125707243747768,0.2538629677025806,43,middle
43760,160,0,0.4983831386553078,0.4731180486249922,43,middle
43761,161,0,0.15676638040399074,0.3949113138918932,43,middle
43762,162,0,0.7595693002025612,0.4078385753187065,43,middle
43763,163,0,0.4987912817887588,0.5316838447409435,43,middle
43764,164,0,0.6282705708490319,0.47312781031447515,43,middle
43765,165,0,0.6294798732704845,0.37873264887379027,43,middle
43766,166,0,0.872900718011824,0.33122106947334484,43,middle
43767,167,0,0.576112216276802,0.33574217544326823,43,middle
43768,168,0,0.35975154880725496,0.39654773547526695,43,middle
43769,169,0,0.32938019659276513,0.44405541729513565,43,middle
43770,170,0,0.880775124868922,0.45761430114606205,43,middle
43771,171,0,0.909893465476282,0.3458504792037148,43,middle
43772,172,0,0.7901165105171285,0.37608434699667354,43,middle
43773,173,0,0.7500124553133727,0.38850432845290406,43,middle
43774,174,0,0.4957019891096187,0.31470275113484153,43,middle
43775,175,0,0.7953402497035622,0.28528456767401844,43,middle
43776,176,0,0.4668083436926025,0.4009768769529828,43,middle
43777,177,0,0.2565058493546736,0.34715100147890543,43,middle
43778,178,0,0.15484780182178884,0.3868122919573862,43,middle
43779,179,0,0.44001362288085116,0.3573802550559849,43,middle
43780,180,0,0.6508806326792379,0.24850512917518053,43,middle
43781,181,0,0.5055604267908663,0.30796813187903704,43,middle
43782,182,0,0.3791837675243957,0.5645361614109528,43,middle
43783,183,0,0.25359390202895893,0.5190627490046485,43,middle
43784,184,0,0.5846101261817029,0.34486307070475164,43,middle
43785,185,0,0.41529228597685874,0.338874279527705,43,middle
43786,186,0,0.8937605486266746,0.4185562819071212,43,middle
43787,187,0,0.3765380259970565,0.44457579386244883,43,middle
43788,188,0,0.9780295618398345,0.3862846863181224,43,middle
43789,189,0,0.2628818684202634,0.49298521775139553,43,middle
43790,190,0,0.9053269882874373,0.38108482431648016,43,middle
43791,191,0,0.8793926768246925,0.32709123935950724,43,middle
43792,192,0,0.9953551025315112,0.3933357981080482,43,middle
43793,193,0,0.60655326166563,0.3734881749685664,43,middle
43794,194,0,0.4244862392709351,0.390832291434855,43,middle
43795,195,0,0.5521041663742795,0.4227475486758623,43,middle
43796,196,0,0.4961097731994795,0.5058059165830783,43,middle
43797,197,0,0.9047566568776115,0.2719429603920021,43,middle
43798,198,0,0.8786787216302918,0.2875445779797656,43,middle
43799,199,0,0.9147169007171758,0.4329749812598659,43,middle
43800,0,0,0.4431410061719234,0.7371222764637541,43,late
43801,1,0,0.09531068749175592,0.7589256666363682,43,late
43802,2,0,0.6175463383539531,0.412974698637254,43,late
43803,3,0,0.34862381919035584,0.6074219375435662,43,late
43804,4,0,0.6409064573758185,0.48680115890869546,43,late
43805,5,0,0.226147672121866,0.5762657898928629,43,late
43806,6,0,0.29837565724601783,0.5498718074074264,43,late
43807,7,0,0.28375722688785493,0.501180895435033,43,late
43808,8,0,0.5052818712194892,0.6292856552361734,43,late
43809,9,0,0.4148673161392696,0.499779497006825,43,late
43810,10,0,0.3054985929746268,0.5769878484471115,43,late
43811,11,0,0.22524301935403546,0.45676332567928424,43,late
43812,12,0,0.348408515669665,0.5557214266648676,43,late
43813,13,0,0.6163329148598159,0.37184061741918617,43,late
43814,14,0,0.2525125298609544,0.5006552419658683,43,late
43815,15,0,0.5105971235388633,0.5338194255152009,43,late
43816,16,0,0.36220060269108323,0.5295008310141658,43,late
43817,17,0,0.13742760404679275,0.4555934098642993,43,late
43818,18,0,0.34538255506864785,0.5263660788773012,43,late
43819,19,0,0.8209138110642527,0.5002286847434664,43,late
43820,20,0,0.4588886433265452,0.6075599935268807,43,late
43821,21,0,0.4931601874185748,0.4655506130779021,43,late
43822,22,0,0.5945626654822755,0.47620690198178495,43,late
43823,23,0,0.05225468115362837,0.5552250251109188,43,late
43824,24,0,0.1846091293529524,0.5431700489888373,43,late
43825,25,0,0.7340037257369317,0.6432962861959464,43,late
43826,26,0,0.5251314824133925,0.4586050088887751,43,late
43827,27,0,0.7595371653053091,0.3948931564923455,43,late
43828,28,0,0.44545452684108056,0.5432723278966758,43,late
43829,29,0,0.6422308113364978,0.4851117151779091,43,late
43830,30,0,0.17074936452403439,0.5124671838445465,43,late
43831,31,0,0.7616952673717221,0.5049992887963248,43,late
43832,32,0,0.48641239210955295,0.38045559986080285,43,late
43833,33,0,0.5859836514650848,0.5954792390101964,43,late
43834,34,0,0.5445714798419927,0.5988677546610164,43,late
43835,35,0,0.13588722999926667,0.6126373248938779,43,late
43836,36,0,0.5252362443848563,0.3175723274777578,43,late
43837,37,0,0.07300606718712369,0.496933788098977,43,late
43838,38,0,0.8254376456803181,0.5113992130540301,43,late
43839,39,0,0.5754736478467205,0.40310916974936084,43,late
43840,40,0,0.7953391717903223,0.45064514562360747,43,late
43841,41,0,0.41687441373253203,0.6130269816202856,43,late
43842,42,0,0.5050950320707114,0.4050623683688391,43,late
43843,43,0,0.2321259614010785,0.5422791300298885,43,late
43844,44,0,0.3906965982213526,0.3917487408389876,43,late
43845,45,0,0.7451264854508233,0.43561483618329616,43,late
43846,46,0,0.6822108998128724,0.4828112225617952,43,late
43847,47,0,0.5736738881303247,0.5296512965823065,43,late
43848,48,0,0.5802494630261159,0.503877793152701,43,late
43849,49,0,0.5636681840647854,0.5188700652019239,43,late
43850,50,0,0.43232411967056533,0.4135575187083759,43,late
43851,51,0,0.06442962376844162,0.5058053949913316,43,late
43852,52,0,0.3382359592518028,0.40100577143984995,43,late
43853,53,0,0.6534646127197089,0.5195179809677954,43,late
43854,54,0,0.26289629915645485,0.4689032416724447,43,late
43855,55,0,0.597745224248944,0.5358383579693062,43,late
43856,56,0,0.4216428967540242,0.4906602016122925,43,late
43857,57,0,0.6700004711581475,0.33716821981276757,43,late
43858,58,0,0.567738617722415,0.36821360979163953,43,late
43859,59,0,0.5128674252534882,0.5539274302960986,43,late
43860,60,0,0.2637953124595438,0.5221329393567804,43,late
43861,61,0,0.8399847300780006,0.3250334472570413,43,late
43862,62,0,0.7234214053828203,0.48979899609642735,43,late
43863,63,0,0.6471134614394054,0.4285802446306525,43,late
43864,64,0,0.345782901188158,0.4342720665106644,43,late
43865,65,0,0.7038936840905539,0.4600360761521861,43,late
43866,66,0,0.8792004823670638,0.4965906315826909,43,late
43867,67,0,0.5293390143919936,0.33943906397771073,43,late
43868,68,0,0.5818628271589323,0.38575930043500967,43,late
43869,69,0,0.6059812804049476,0.5561993628467583,43,late
43870,70,0,0.5134693487884258,0.38845659925459225,43,late
43871,71,0,0.12832782461825468,0.5603178797682412,43,late
43872,72,0,0.8225286706421109,0.40693836032393266,43,late
43873,73,0,0.19300655304943048,0.5135350852382188,43,late
43874,74,0,0.865502625928576,0.30169956804770737,43,late
43875,75,0,0.3887683412237377,0.46056544243132624,43,late
43876,76,0,0.7314583770261789,0.4432388853573457,43,late
43877,77,0,0.47870157751485687,0.47349137035363337,43,late
43878,78,0,0.9909685930124126,0.2859306151064921,43,late
43879,79,0,0.5423248930326893,0.6100976830879319,43,late
43880,80,0,0.7400243850025912,0.4449902292596051,43,late
43881,81,0,0.7023852483339201,0.48634189192157123,43,late
43882,82,0,0.5863979496703802,0.5019498932817207,43,late
43883,83,0,0.8472061191850987,0.3735755056933431,43,late
43884,84,0,0.1618074147477512,0.4082836867155289,43,late
43885,85,0,0.28841299828177414,0.3768474021429066,43,late
43886,86,0,0.45453830198183653,0.42890200078266677,43,late
43887,87,0,0.2573006487000952,0.6513652608518105,43,late
43888,88,0,0.5989085647779839,0.4344925352000164,43,late
43889,89,0,0.4210655567658011,0.5015316125601079,43,late
43890,90,0,0.6191945638080029,0.3238961002601206,43,late
43891,91,0,0.5185862942517258,0.3966832613492137,43,late
43892,92,0,0.584838396295503,0.39885294577537744,43,late
43893,93,0,0.7694812341816846,0.38370045723679436,43,late
43894,94,0,0.39070527190698734,0.4471537411392721,43,late
43895,95,0,0.2720662332504572,0.516295177307915,43,late
43896,96,0,0.21693854928757073,0.375450086279808,43,late
43897,97,0,0.48727530430116395,0.31155334362389464,43,late
43898,98,0,0.8152772046494964,0.37170744585744125,43,late
43899,99,0,0.7065915179284621,0.2802827766961097,43,late
43900,100,0,0.35002114587226,0.34463933263116425,43,late
43901,101,0,0.39193252766346043,0.4700594694964738,43,late
43902,102,0,0.36166474934654813,0.4055211981283182,43,late
43903,103,0,0.7321486780238331,0.5501561803944999,43,late
43904,104,0,0.8263077064933013,0.5868712442694421,43,late
43905,105,0,0.6740471442062494,0.45843038490317123,43,late
43906,106,0,0.4360499781278321,0.28992551844985925,43,late
43907,107,0,0.19002325247281793,0.3688860539725414,43,late
43908,108,0,0.8759487418135217,0.38295831047188145,43,late
43909,109,0,0.4245332225324858,0.4814897052290017,43,late
43910,110,0,0.614202732573206,0.38022236359733175,43,late
43911,111,0,0.29916813115646596,0.39413144440087056,43,late
43912,112,0,0.655708866101421,0.31254247166228044,43,late
43913,113,0,0.31379230752040266,0.30185509244668046,43,late
43914,114,0,0.5337052130621159,0.4521223106498309,43,late
43915,115,0,0.8476532291643823,0.3619736459767209,43,late
43916,116,0,0.15966667795205733,0.40083515351272014,43,late
43917,117,0,0.532702627063242,0.36734059537340313,43,late
43918,118,0,0.6898761606332928,0.37400350164402474,43,late
43919,119,0,0.2902501223885118,0.4449750607109052,43,late
43920,120,0,0.3050487267979506,0.5919049142368398,43,late
43921,121,0,0.1546927664307277,0.2946570924308565,43,late
43922,122,0,0.2605909405017143,0.4599974595452371,43,late
43923,123,0,0.685443567732394,0.29508524888632376,43,late
43924,124,0,0.5138611628419633,0.3346465800877506,43,late
43925,125,0,0.8476268661809985,0.5357461841183111,43,late
43926,126,0,0.2589931452663452,0.39560783638425145,43,late
43927,127,0,0.1652322402911125,0.286454736046044,43,late
43928,128,0,0.3673005048503989,0.36551698539175104,43,late
43929,129,0,0.5964306481325767,0.2360075969911865,43,late
43930,130,0,0.17112902837748423,0.4117322850257673,43,late
43931,131,0,0.5111576501368138,0.2940822647872975,43,late
43932,132,0,0.6677948463722543,0.3840502809831823,43,late
43933,133,0,0.7193797148941059,0.4294781201563981,43,late
43934,134,0,0.6454007764296124,0.32266768564365556,43,late
43935,135,0,0.6367265062837584,0.34430153861558255,43,late
43936,136,0,0.44042255411089304,0.33509963065966497,43,late
43937,137,0,0.1309285450995239,0.4651271977470851,43,late
43938,138,0,0.3967564708690003,0.33882888252935417,43,late
43939,139,0,0.47374386010499037,0.2885476410993004,43,late
43940,140,0,0.641363177458461,0.4221538156054357,43,late
43941,141,0,0.3247345580263108,0.3868008978529996,43,late
43942,142,0,0.23197993591904176,0.25929794436976566,43,late
43943,143,0,0.3088625080388521,0.3214432471396295,43,late
43944,144,0,0.2175440404675954,0.3379920857246299,43,late
43945,145,0,0.6240081638177757,0.3731359071988575,43,late
43946,146,0,0.3684550039351007,0.3156123794483453,43,late
43947,147,0,0.4383435738167231,0.26895407976521324,43,late
43948,148,0,0.5571737501557003,0.24726576535223227,43,late
43949,149,0,0.48228617788769307,0.5157733331857423,43,late
43950,150,0,0.7956432162681137,0.3328149803538337,43,late
43951,151,0,0.3905819774454463,0.45859542946608733,43,late
43952,152,0,0.26964744074244085,0.39190838641099557,43,late
43953,153,0,0.49932750351495697,0.4625357206625248,43,late
43954,154,0,0.7861777004175462,0.3189176095204024,43,late
43955,155,0,0.45311969964140997,0.288528236243876,43,late
43956,156,0,0.7970697333707284,0.33621708524261623,43,late
43957,157,0,0.44310290820861337,0.3144716213184322,43,late
43958,158,0,0.5872183494800991,0.32895483265082875,43,late
43959,159,0,0.4487300020981366,0.4861680289824305,43,late
43960,160,0,0.3477284954838302,0.29784424794806197,43,late
43961,161,0,0.44834441979757544,0.36806621409543916,43,late
43962,162,0,0.15166574753833345,0.22655047145403867,43,late
43963,163,0,0.2265496605544979,0.4421839969147413,43,late
43964,164,0,0.5409801089564449,0.3031383207695243,43,late
43965,165,0,0.8998439524045452,0.28125952112377817,43,late
43966,166,0,0.3416932574798706,0.366377247555834,43,late
43967,167,0,0.725071707440425,0.3880953987554955,43,late
43968,168,0,0.7065563760931387,0.389766774293545,43,late
43969,169,0,0.05449069605507293,0.2954003620379343,43,late
43970,170,0,0.42970883149592565,0.3519987630118954,43,late
43971,171,0,0.44304868908804557,0.4507417691297114,43,late
43972,172,0,0.5986280964162105,0.313863010488755,43,late
43973,173,0,0.5303387448515906,0.3890225985181076,43,late
43974,174,0,0.6246348795823523,0.32706614077182095,43,late
43975,175,0,0.034164326575122216,0.3699124269077916,43,late
43976,176,0,0.76278652780224,0.35178014474696734,43,late
43977,177,0,0.5567910838606306,0.37703954755933883,43,late
43978,178,0,0.7172541370620916,0.3206893642516172,43,late
43979,179,0,0.3863709116806446,0.2993714014691221,43,late
43980,180,0,0.7521250635747545,0.35887895497840494,43,late
43981,181,0,0.5398836937480772,0.32452644246922113,43,late
43982,182,0,0.7108221367020617,0.3525235537906042,43,late
43983,183,0,0.262587681209211,0.32286863978531577,43,late
43984,184,0,0.6199619811869872,0.25948577352264357,43,late
43985,185,0,0.8591558664902299,0.3416721805594628,43,late
43986,186,0,0.19059919460857508,0.2825545496553689,43,late
43987,187,0,0.5151299704153076,0.46032017812581,43,late
43988,188,0,0.4176857591816858,0.3680938569083366,43,late
43989,189,0,0.6330157470052383,0.24028190917959547,43,late
43990,190,0,0.8678626878716178,0.2548314365870459,43,late
43991,191,0,0.7491411248742927,0.3707788870664537,43,late
43992,192,0,0.6636889936412578,0.21447179825249574,43,late
43993,193,0,0.665037003385726,0.4236972965701342,43,late
43994,194,0,0.5491202819906895,0.35380561277330624,43,late
43995,195,0,0.621736789392141,0.4423243956386407,43,late
43996,196,0,0.8014838167947967,0.30074136876086166,43,late
43997,197,0,0.7066691576652908,0.4036851317743039,43,late
43998,198,0,0.41355792747058207,0.5832897579979646,43,late
43999,199,0,0.7969806236861217,0.27156369554264725,43,late
44000,0,0,0.9444152462973991,0.6324881079229949,44,interleaved
44001,1,0,0.5169972811555044,0.4413514077363116,44,interleaved
44002,2,0,0.017255693063224827,0.7334249731064713,44,interleaved
44003,3,0,0.4262921983673181,0.5655907619627547,44,interleaved
44004,4,0,0.7978254255654167,0.44341756133346855,44,interleaved
44005,5,0,0.5050465852936821,0.4788580949429737,44,interleaved
44006,6,0,0.267372510977805,0.6842792217550628,44,interleaved
44007,7,0,0.929418457433635,0.44973541818143026,44,interleaved
44008,8,0,0.4215029221290651,0.3676297257152837,44,interleaved
44009,9,0,0.13194504577964578,0.6665284471829902,44,interleaved
44010,10,0,0.3140762542500352,0.5734674116668717,44,interleaved
44011,11,0,0.5925994159422444,0.37463080048106623,44,interleaved
44012,12,0,0.4233892405798087,0.5318415774526173,44,interleaved
44013,13,0,0.7177725419608914,0.48357820366548043,44,interleaved
44014,14,0,0.6010134425174074,0.45274369803655945,44,interleaved
44015,15,0,0.8077468286336149,0.4022694405969121,44,interleaved
44016,16,0,0.24685946350355645,0.5414703649377313,44,interleaved
44017,17,0,0.8480079225068633,0.3808699481337844,44,interleaved
44018,18,0,0.5721410913441639,0.5780496355993852,44,interleaved
44019,19,0,0.6847440738806512,0.3589154688337728,44,interleaved
44020,20,0,0.08769862869592374,0.591616022635473,44,interleaved
44021,21,0,0.6822460359812741,0.4321306521792706,44,interleaved
44022,22,0,0.4713593724325068,0.4232203037686658,44,interleaved
44023,23,0,0.37666778819266766,0.4909227284958039,44,interleaved
44024,24,0,0.5288453581729886,0.513384239354123,44,interleaved
44025,25,0,0.6770501719271735,0.5469459437063864,44,interleaved
44026,26,0,0.47768860512554157,0.3048357903085358,44,interleaved
44027,27,0,0.21040975923716065,0.45536125392748905,44,interleaved
44028,28,0,0.6027309665185724,0.546828998759924,44,interleaved
44029,29,0,0.6451954663531301,0.4325603083494421,44,interleaved
44030,30,0,0.4988679658791402,0.4244840995722441,44,interleaved
44031,31,0,0.6669130369550179,0.5386427336152119,44,interleaved
44032,32,0,0.23074906959007715,0.4473591041065337,44,interleaved
44033,33,0,0.4216038334568581,0.5367342539045945,44,interleaved
44034,34,0,0.9014100393553611,0.3216368287995641,44,interleaved
44035,35,0,0.47647113448351913,0.43004883102571556,44,interleaved
44036,36,0,0.2817800548303474,0.5096517776058032,44,interleaved
44037,37,0,0.4400642682813195,0.3417089060517267,44,interleaved
44038,38,0,0.43511411600534267,0.6113498460115876,44,interleaved
44039,39,0,0.4623819499170009,0.44359628330244294,44,interleaved
44040,40,0,0.8472029859998867,0.5517706722216692,44,interleaved
44041,41,0,0.4388976356016084,0.5597896884747882,44,interleaved
44042,42,0,0.6182507079146692,0.48380753800841136,44,interleaved
44043,43,0,0.6503206078966118,0.4059742031394713,44,interleaved
44044,44,0,0.6483054350044105,0.5315800677885593,44,interleaved
44045,45,0,0.2284823321236106,0.38041317641561745,44,interleaved
44046,46,0,0.6100033300314357,0.44711630017888837,44,interleaved
44047,47,0,0.41591971388338905,0.49831852570301494,44,interleaved
44048,48,0,0.2499812071617138,0.8720907600515548,44,interleaved
44049,49,0,0.9689140813453556,0.48784440189163253,44,interleaved
44050,50,0,0.6961392875197352,0.32301309171365544,44,interleaved
44051,51,0,0.7165845651354418,0.4736632815515259,44,interleaved
44052,52,0,0.05510399426123815,0.438499544598138,44,interleaved
44053,53,0,0.8407030615070548,0.336591045914114,44,interleaved
44054,54,0,0.411723756699948,0.5377783277556072,44,interleaved
44055,55,0,0.626471449707939,0.4832639801270921,44,interleaved
44056,56,0,0.8227164953594992,0.38730464692270383,44,interleaved
44057,57,0,0.8945651815624561,0.4440428979295993,44,interleaved
44058,58,0,0.714062799162787,0.3250337644544157,44,interleaved
44059,59,0,0.16207621693670887,0.5430877332728286,44,interleaved
44060,60,0,0.8171483105163373,0.4862197947638944,44,interleaved
44061,61,0,0.37492215154927794,0.4172920247550384,44,interleaved
44062,62,0,0.6129791676971059,0.2637240549962358,44,interleaved
44063,63,0,0.6593446852369531,0.38275122887850677,44,interleaved
44064,64,0,0.5212318246739757,0.5432160012721255,44,interleaved
44065,65,0,0.05569657494448576,0.624604370767416,44,interleaved
44066,66,0,0.35016434574765287,0.3158703225987445,44,interleaved
44067,67,0,0.6344998507953077,0.5286186792194929,44,interleaved
44068,68,0,0.46963623594394116,0.5332825979407962,44,interleaved
44069,69,0,0.877437643683483,0.3624064238533752,44,interleaved
44070,70,0,0.3626249688499482,0.3729207338340087,44,interleaved
44071,71,0,0.47299313472683924,0.45751340099419885,44,interleaved
44072,72,0,0.1251721897023769,0.5382941371156906,44,interleaved
44073,73,0,0.4406274612381967,0.5004982667990888,44,interleaved
44074,74,0,0.7978966133145422,0.5595396915413944,44,interleaved
44075,75,0,0.557674550281622,0.43879749884081,44,interleaved
44076,76,0,0.8094179134901953,0.38462577709464907,44,interleaved
44077,77,0,0.4366844482902969,0.5640508072083594,44,interleaved
44078,78,0,0.7493735517491922,0.5352614809267902,44,interleaved
44079,79,0,0.5411885494318107,0.42692078047089693,44,interleaved
44080,80,0,0.554564661739408,0.3800640705998537,44,interleaved
44081,81,0,0.29928559550415834,0.435613131745891,44,interleaved
44082,82,0,0.9652983498622261,0.3922737480169261,44,interleaved
44083,83,0,0.7853871781463866,0.3859056698417712,44,interleaved
44084,84,0,0.36440336966636,0.34051988832480795,44,interleaved
44085,85,0,0.05425775804008737,0.47632773406220086,44,interleaved
44086,86,0,0.6311189166321693,0.44520344328539774,44,interleaved
44087,87,0,0.4463382349327661,0.4582257726089842,44,interleaved
44088,88,0,0.08287912820108645,0.467306937878327,44,interleaved
44089,89,0,0.2634937243659925,0.3925667374440256,44,interleaved
44090,90,0,0.7654771807530707,0.4304353695885161,44,interleaved
44091,91,0,0.470328475238847,0.47066570204348546,44,interleaved
44092,92,0,0.7397390686955714,0.43568903379742013,44,interleaved
44093,93,0,0.5501668499743608,0.3990751839654575,44,interleaved
44094,94,0,0.5273817832557333,0.4959626376307499,44,interleaved
44095,95,0,0.8532159429920626,0.40648139858861976,44,interleaved
44096,96,0,0.2518378386425718,0.45026938353777246,44,interleaved
44097,97,0,0.4666646726017954,0.39111160609785833,44,interleaved
44098,98,0,0.8333977616560451,0.5124986558156156,44,interleaved
44099,99,0,0.9494100689290217,0.4024632383156196,44,interleaved
44100,100,0,0.6186044070715405,0.49833859961304355,44,interleaved
44101,101,0,0.6299629083101006,0.4099746634580369,44,interleaved
44102,102,0,0.4121452889656129,0.5583946943774832,44,interleaved
44103,103,0,0.19285662901758094,0.37169956561913975,44,interleaved
44104,104,0,0.6285592114711326,0.32039566729864355,44,interleaved
44105,105,0,0.653833530590903,0.39939184334248373,44,interleaved
44106,106,0,0.5779393858658965,0.47775661298328853,44,interleaved
44107,107,0,0.44637533365683,0.6974242758121877,44,interleaved
44108,108,0,0.5096266349479968,0.49173181722523696,44,interleaved
44109,109,0,0.5696970545354277,0.4358720834032502,44,interleaved
44110,110,0,0.23993448142446813,0.5620460597320535,44,interleaved
44111,111,0,0.9148181248737406,0.3948039375307778,44,interleaved
44112,112,0,0.42625240487641164,0.49497024740226436,44,interleaved
44113,113,0,0.2986905191507489,0.422054752794776,44,interleaved
44114,114,0,0.1555922585489066,0.5296415517084069,44,interleaved
44115,115,0,0.6221655848590787,0.3954805423127278,44,interleaved
44116,116,0,0.5342724535925993,0.47721196044378955,44,interleaved
44117,117,0,0.2811738437810212,0.4252344179134575,44,interleaved
44118,118,0,0.7802025442174327,0.3421437589446107,44,interleaved
44119,119,0,0.5431355265030698,0.3388666083324217,44,interleaved
44120,120,0,0.7998724443218104,0.4111817569965423,44,interleaved
44121,121,0,0.6088171520488879,0.3239232301013744,44,interleaved
44122,122,0,0.3218998650294804,0.42141070105398215,44,interleaved
44123,123,0,0.23650918178610375,0.4511253127597881,44,interleaved
44124,124,0,0.6800982490034785,0.46447291681757724,44,interleaved
44125,125,0,0.6782238859644973,0.37314199827437766,44,interleaved
44126,126,0,0.08616600435761976,0.4900422064291552,44,interleaved
44127,127,0,0.6725157485407214,0.3211721593028281,44,interleaved
44128,128,0,0.29794500119763145,0.41536758082281766,44,interleaved
44129,129,0,0.4161305055021641,0.35759130096957203,44,interleaved
44130,130,0,0.8044422297155406,0.4745434938441039,44,interleaved
44131,131,0,0.4319732700022824,0.4368646009237238,44,interleaved
44132,132,0,0.3761851573860113,0.4296419387357987,44,interleaved
44133,133,0,0.22213991804826702,0.444147801273892,44,interleaved
44134,134,0,0.6290610338727287,0.35681339144248675,44,interleaved
44135,135,0,0.6195918770429361,0.5667392943056825,44,interleaved
44136,136,0,0.7314005026702739,0.2855623929292319,44,interleaved
44137,137,0,0.17949435217279755,0.3682458021392555,44,interleaved
44138,138,0,0.7475170800665454,0.32023171732978917,44,interleaved
44139,139,0,0.2477947836806229,0.31577923889781156,44,interleaved
44140,140,0,0.5063536503869781,0.5235238306810472,44,interleaved
44141,141,0,0.3862939603954768,0.41953601094700466,44,interleaved
44142,142,0,0.11478539155945722,0.4858595964843996,44,interleaved
44143,143,0,0.44891602447450196,0.4382316480805573,44,interleaved
44144,144,0,0.46662981566719985,0.41002692142015484,44,interleaved
44145,145,0,0.24162311713151155,0.43089363467233344,44,interleaved
44146,146,0,0.5013715904627976,0.5158412985917893,44,interleaved
44147,147,0,0.6406756044030638,0.5125498439027879,44,interleaved
44148,148,0,0.45612889591146843,0.4179911087057026,44,interleaved
44149,149,0,0.7129622840610523,0.34670843483832425,44,interleaved
44150,150,0,0.21008905947181838,0.40164545506772653,44,interleaved
44151,151,0,0.7020969114222025,0.3408615806777465,44,interleaved
44152,152,0,0.3773925177960146,0.5150858880090248,44,interleaved
44153,153,0,0.33496582192287894,0.33575229466421874,44,interleaved
44154,154,0,0.7115189298639788,0.3046005747756717,44,interleaved
44155,155,0,0.34317154485142054,0.4632028551019477,44,interleaved
44156,156,0,0.5304714994387938,0.47926521858108695,44,interleaved
44157,157,0,0.6694785654527118,0.45239712610594407,44,interleaved
44158,158,0,0.1313175087679413,0.37227392707390433,44,interleaved
44159,159,0,0.5882682914654511,0.48280137930284006,44,interleaved
44160,160,0,0.5328452663948273,0.3154705223088539,44,interleaved
44161,161,0,0.44046891947565,0.3356811155968434,44,interleaved
44162,162,0,0.307240446973025,0.5144918617810479,44,interleaved
44163,163,0,0.48507957915661704,0.2980109834094117,44,interleaved
44164,164,0,0.5594496908436193,0.3925703948469273,44,interleaved
44165,165,0,0.505814179905753,0.4400642330914538,44,interleaved
44166,166,0,0.5390888264242244,0.4343923279159392,44,interleaved
44167,167,0,0.7737658822391147,0.3846674580996057,44,interleaved
44168,168,0,0.44676560310093383,0.37405328394020426,44,interleaved
44169,169,0,0.7111152088115034,0.37985430980414514,44,interleaved
44170,170,0,0.336932869347378,0.3108777755591667,44,interleaved
44171,171,0,0.5947001906146916,0.5211152497371081,44,interleaved
44172,172,0,0.11076872082122828,0.5991091048205134,44,interleaved
44173,173,0,0.5587917368384392,0.31332345953275037,44,interleaved
44174,174,0,0.808989924064631,0.4242298658496167,44,interleaved
44175,175,0,0.34354775798942894,0.3736641122804498,44,interleaved
44176,176,0,0.3372123523774641,0.512843275660372,44,interleaved
44177,177,0,0.8470551078968334,0.4049758368133873,44,interleaved
44178,178,0,0.1692849093523237,0.5024248115550843,44,interleaved
44179,179,0,0.509449439568624,0.3466545362444112,44,interleaved
44180,180,0,0.5237353293862967,0.4609928941290745,44,interleaved
44181,181,0,0.6914559313790911,0.31473065936439876,44,interleaved
44182,182,0,0.42471919201081765,0.378094829273404,44,interleaved
44183,183,0,0.7299231118122427,0.3556788996580039,44,interleaved
44184,184,0,0.12760731461659985,0.44728308637609193,44,interleaved
44185,185,0,0.41976130048130766,0.3580663962166728,44,interleaved
44186,186,0,0.6038258478848303,0.45340937004382176,44,interleaved
44187,187,0,0.738249336242786,0.3320370625607293,44,interleaved
44188,188,0,0.5093279358626635,0.307859273268711,44,interleaved
44189,189,0,0.7497161608075997,0.2426734405835551,44,interleaved
44190,190,0,0.2102709248816435,0.3372598788949779,44,interleaved
44191,191,0,0.8153561043889979,0.23782722412175053,44,interleaved
44192,192,0,0.9571227438143439,0.42094631920999925,44,interleaved
44193,193,0,0.8682907355302654,0.28880668886785305,44,interleaved
44194,194,0,0.2669091602265505,0.33461563417318113,44,interleaved
44195,195,0,0.925712091394894,0.2683333555974863,44,interleaved
44196,196,0,0.08755422493524034,0.4643967677711507,44,interleaved
44197,197,0,0.5634175122083995,0.4302899081629803,44,interleaved
44198,198,0,0.4717027772152733,0.36424290318717295,44,interleaved
44199,199,0,0.5322752179349628,0.29574847782071173,44,interleaved
44200,0,0,0.25969429822212925,0.7686390817934541,44,blocked
44201,1,0,0.7103933686293535,0.6325470507190021,44,blocked
44202,2,0,0.19222483027721632,0.48353834762449155,44,blocked
44203,3,0,0.39022258019401057,0.47840303368360887,44,blocked
44204,4,0,0.31233419324576805,0.6125740971226545,44,blocked
44205,5,0,0.5088788030725807,0.5874367393171588,44,blocked
44206,6,0,0.7030817819491262,0.5119840231515723,44,blocked
44207,7,0,0.4211536591897492,0.4182489998505807,44,blocked
44208,8,0,0.36310180783030116,0.5912186102927699,44,blocked
44209,9,0,0.3439490897034005,0.6865907223798442,44,blocked
44210,10,0,0.16987854268249947,0.5947105321037173,44,blocked
44211,11,0,0.21775427824956362,0.5038391554573473,44,blocked
44212,12,0,0.5382243621565761,0.5298299803374171,44,blocked
44213,13,0,0.7778673733223125,0.4901247476240344,44,blocked
44214,14,0,0.6291782341980905,0.4158733730251582,44,blocked
44215,15,0,0.459995673889976,0.38564599109036213,44,blocked
44216,16,0,0.3129157264086073,0.40583100093939317,44,blocked
44217,17,0,0.10898009991892182,0.4684339827229471,44,blocked
44218,18,0,0.6841720032030024,0.5764117679754275,44,blocked
44219,19,0,0.31576252338379474,0.38981755018538977,44,blocked
44220,20,0,0.8174287342266935,0.3264107951076044,44,blocked
44221,21,0,0.7105122171324578,0.3971192135829187,44,blocked
44222,22,0,0.4292181935154983,0.4846355434727053,44,blocked
44223,23,0,0.8370135996498904,0.5534449346639018,44,blocked
44224,24,0,0.9815915058263593,0.43415142826867276,44,blocked
44225,25,0,0.9777390930137173,0.39519977906521475,44,blocked
44226,26,0,0.3291023052804694,0.559224125749046,44,blocked
44227,27,0,0.7679852392932458,0.5198910912282722,44,blocked
44228,28,0,0.6155518896674453,0.5747913662872848,44,blocked
44229,29,0,0.17241685135473206,0.5642481125623633,44,blocked
44230,30,0,0.5535544292336696,0.4103728209297716,44,blocked
44231,31,0,0.36748584481036356,0.6560776301038524,44,blocked
44232,32,0,0.7201359629363475,0.361567594704354,44,blocked
44233,33,0,0.16205834908533318,0.6162138953358607,44,blocked
44234,34,0,0.5623140261970733,0.4889738317996114,44,blocked
44235,35,0,0.6178549291919503,0.5398619074600406,44,blocked
44236,36,0,0.6041931965840368,0.5186479842800273,44,blocked
44237,37,0,0.434696207828957,0.4270306703585561,44,blocked
44238,38,0,0.24017940899897938,0.6430929691499501,44,blocked
44239,39,0,0.49876907652885055,0.5057673575908415,44,blocked
44240,40,0,0.33196454884527277,0.34556861485250623,44,blocked
44241,41,0,0.41856250138790385,0.44263016812720646,44,blocked
44242,42,0,0.6021995284613694,0.5279995661825883,44,blocked
44243,43,0,0.5455880248655403,0.4447103533086599,44,blocked
44244,44,0,0.45574626670478036,0.5805543803608966,44,blocked
44245,45,0,0.35093291938117,0.601124765821055,44,blocked
44246,46,0,0.39777650106188944,0.4303291306230182,44,blocked
44247,47,0,0.14931121149963084,0.5328271736347293,44,blocked
44248,48,0,0.2979358022543266,0.6542936653842937,44,blocked
44249,49,0,0.5676545088805108,0.45700974385702453,44,blocked
44250,50,0,0.2543313568927335,0.500986791542645,44,blocked
44251,51,0,0.4765132674417796,0.4410617580841567,44,blocked
44252,52,0,0.26456737234036554,0.5479244673125525,44,blocked
44253,53,0,0.6727270466312046,0.5573374354501945,44,blocked
44254,54,0,0.7062559478453321,0.6310067646138482,44,blocked
44255,55,0,0.12325898469607195,0.4400193810357877,44,blocked
44256,56,0,0.7515240097068205,0.43863089232185526,44,blocked
44257,57,0,0.7633578574012413,0.35861963541678854,44,blocked
44258,58,0,0.9650466007238767,0.48615277828941306,44,blocked
44259,59,0,0.24283011667410848,0.5494310463733307,44,blocked
44260,60,0,0.46924762855527624,0.4072063973921668,44,blocked
44261,61,0,0.5610339123568509,0.610473354824596,44,blocked
44262,62,0,0.336238931508679,0.44458622622212274,44,blocked
44263,63,0,0.5322572282344531,0.3199295546877688,44,blocked
44264,64,0,0.7546451366548812,0.43663717574334837,44,blocked
44265,65,0,0.13034418707362114,0.4215971175449519,44,blocked
44266,66,0,0.6715140514866262,0.3796202448800336,44,blocked
44267,67,0,0.4153773362971578,0.32880157978317304,44,blocked
44268,68,0,0.30646292533834496,0.4181997271817327,44,blocked
44269,69,0,0.4993592270809464,0.4122221235157816,44,blocked
44270,70,0,0.6519970338238502,0.4950464038998425,44,blocked
44271,71,0,0.5922763764661773,0.532797771442109,44,blocked
44272,72,0,0.3072546376055407,0.34483543784694626,44,blocked
44273,73,0,0.49795736800710316,0.4553201304791506,44,blocked
44274,74,0,0.5796885643229011,0.43018216655814423,44,blocked
44275,75,0,0.3837192190225386,0.49241027721528974,44,blocked
44276,76,0,0.6300977008888703,0.35171320709131815,44,blocked
44277,77,0,0.23368091272925395,0.5323872090798225,44,blocked
44278,78,0,0.6227584905571198,0.49799061487636687,44,blocked
44279,79,0,0.30588507757940836,0.6263745487641359,44,blocked
44280,80,0,0.2587951526556942,0.664632513687769,44,blocked
44281,81,0,0.21486484642815912,0.49346393079169965,44,blocked
44282,82,0,0.6042245327532234,0.4430176415345467,44,blocked
44283,83,0,0.508254247024997,0.4222791251052166,44,blocked
44284,84,0,0.7886093497273932,0.40754427514246544,44,blocked
44285,85,0,0.16687622181959522,0.3977994628581665,44,blocked
44286,86,0,0.8053527082978211,0.5467910032398398,44,blocked
44287,87,0,0.029657476379231894,0.6026222655380723,44,blocked
44288,88,0,0.4398933179268727,0.5257068290647061,44,blocked
44289,89,0,0.47968767537014245,0.35144169042006124,44,blocked
44290,90,0,0.36050952014154586,0.5574670112041901,44,blocked
44291,91,0,0.5310826977062921,0.46360634256443667,44,blocked
44292,92,0,0.7522067960390628,0.36445632079182433,44,blocked
44293,93,0,0.8394732054557797,0.43604827995228856,44,blocked
44294,94,0,0.7474432299936732,0.6453741852633195,44,blocked
44295,95,0,0.926300260364332,0.43571830356301716,44,blocked
44296,96,0,0.16786090864859493,0.5232005898264573,44,blocked
44297,97,0,0.8445062420734588,0.3149376080285289,44,blocked
44298,98,0,0.9520944702270944,0.2735613213667901,44,blocked
44299,99,0,0.3607594004556395,0.4879755458123845,44,blocked
44300,100,0,0.862574964433562,0.2828953164417407,44,blocked
44301,101,0,0.38208974408396973,0.4995132850093119,44,blocked
44302,102,0,0.44564609841860203,0.3343780946648818,44,blocked
44303,103,0,0.4205839010386636,0.4621953627925362,44,blocked
44304,104,0,0.39633102246281826,0.43585817615704725,44,blocked
44305,105,0,0.5004820090356012,0.3508964167121097,44,blocked
44306,106,0,0.2848081302351184,0.49239263341279527,44,blocked
44307,107,0,0.8903182698032426,0.4635396851202176,44,blocked
44308,108,0,0.9334487520706838,0.3858428123129366,44,blocked
44309,109,0,0.9254860877512388,0.3826719723179985,44,blocked
44310,110,0,0.9865485000197465,0.4403500546869264,44,blocked
44311,111,0,0.00998686933053019,0.5710433250556708,44,blocked
44312,112,0,0.8983795235688988,0.3042090541477702,44,blocked
44313,113,0,0.376504628981751,0.5571375137349609,44,blocked
44314,114,0,0.6253824580030349,0.4736355760793038,44,blocked
44315,115,0,0.29952098691935636,0.27583251981324264,44,blocked
44316,116,0,0.2674184739927102,0.5065180752299656,44,blocked
44317,117,0,0.885817470664816,0.4192306655436455,44,blocked
44318,118,0,0.5732516256373368,0.43232372489501103,44,blocked
44319,119,0,0.8278487061431548,0.38169471635966984,44,blocked
44320,120,0,0.5397505356356329,0.4325382967915977,44,blocked
44321,121,0,0.7225081699070629,0.5348845995459344,44,blocked
44322,122,0,0.11289284604883329,0.44416250035266985,44,blocked
44323,123,0,0.349430998057195,0.45428458751356565,44,blocked
44324,124,0,0.3347353167415632,0.40018391064575976,44,blocked
44325,125,0,0.34971927303708894,0.5505455468401292,44,blocked
44326,126,0,0.16364111590751004,0.5010794537629848,44,blocked
44327,127,0,0.08019056822616225,0.49607327002317125,44,blocked
44328,128,0,0.5033181849701438,0.40786716870238665,44,blocked
44329,129,0,0.15621584191516202,0.5253840027185337,44,blocked
44330,130,0,0.28305762833825476,0.2912696871288858,44,blocked
44331,131,0,0.42232137652974816,0.460112285956154,44,blocked
44332,132,0,0.2722495504498472,0.47317554245211324,44,blocked
44333,133,0,0.30715252036229984,0.4019039721331614,44,blocked
44334,134,0,0.5149867202301734,0.2818400456102207,44,blocked
44335,135,0,0.7753895683497221,0.373941975823745,44,blocked
44336,136,0,0.7496819614658332,0.4973656853839602,44,blocked
44337,137,0,0.4948561071249281,0.4808445887655982,44,blocked
44338,138,0,0.720346010523367,0.39962436838059534,44,blocked
44339,139,0,0.5941899666180008,0.26051182382188864,44,blocked
44340,140,0,0.5639044020594679,0.5376623023928319,44,blocked
44341,141,0,0.5797238059301945,0.43655458239939593,44,blocked
44342,142,0,0.6023201802833684,0.5061879560204445,44,blocked
44343,143,0,0.3829704041189188,0.37155021220888784,44,blocked
44344,144,0,0.5859910713588268,0.5814754593316818,44,blocked
44345,145,0,0.3950526786264583,0.4900692140495668,44,blocked
44346,146,0,0.3487299633901509,0.30086144398395576,44,blocked
44347,147,0,0.796514425267144,0.5152339096709052,44,blocked
44348,148,0,0.6342696637276845,0.3632302697516104,44,blocked
44349,149,0,0.6443143240152027,0.34952868432749634,44,blocked
44350,150,0,0.3704056891673554,0.5318032743333845,44,blocked
44351,151,0,0.4651062492641881,0.36498062580572965,44,blocked
44352,152,0,0.6029426560469487,0.33792074107888653,44,blocked
44353,153,0,0.9038578271969362,0.3685699146894475,44,blocked
44354,154,0,0.32447904319104603,0.4529044565872037,44,blocked
44355,155,0,0.6320561563824043,0.5005844942320311,44,blocked
44356,156,0,0.256635864215542,0.44730957973127194,44,blocked
44357,157,0,0.8314490503937386,0.5214710277788792,44,blocked
44358,158,0,0.983542388685935,0.5748535399385427,44,blocked
44359,159,0,0.8398855780989944,0.4449606586935606,44,blocked
44360,160,0,0.47103472416555164,0.6117293169585072,44,blocked
44361,161,0,0.8522933250600169,0.3624908966329498,44,blocked
44362,162,0,0.3791585943687342,0.37615745553745505,44,blocked
44363,163,0,0.40518789531887256,0.4537860159415676,44,blocked
44364,164,0,0.36030118602719113,0.3781287069798844,44,blocked
44365,165,0,0.871219502215443,0.3378760042671207,44,blocked
44366,166,0,0.5849822076949959,0.3824806337869701,44,blocked
44367,167,0,0.5380898602254114,0.449026596946864,44,blocked
44368,168,0,0.15210592680852125,0.37742665213521065,44,blocked
44369,169,0,0.46525920452609903,0.3600177128372555,44,blocked
44370,170,0,0.7127494823165693,0.38488646474847565,44,blocked
44371,171,0,0.5060994274489357,0.32041568437649576,44,blocked
44372,172,0,0.5750658649833201,0.38898059087943837,44,blocked
44373,173,0,0.7504488568549674,0.29678248511126326,44,blocked
44374,174,0,0.453128528321893,0.5721614324565867,44,blocked
44375,175,0,0.7493366764988312,0.5091507981049416,44,blocked
44376,176,0,0.5724136808666036,0.4488551674794964,44,blocked
44377,177,0,0.4013699781494398,0.46316417686849753,44,blocked
44378,178,0,0.43795686111025744,0.43041842082507126,44,blocked
44379,179,0,0.796765938649978,0.3947432433529612,44,blocked
44380,180,0,0.09902287044465435,0.4223805741566939,44,blocked
44381,181,0,0.4378721090563345,0.39075706650303854,44,blocked
44382,182,0,0.5632435785477847,0.3777982784214905,44,blocked
44383,183,0,0.07704358050791893,0.5053192371286301,44,blocked
44384,184,0,0.3375344137167573,0.3624278971850402,44,blocked
44385,185,0,0.3446519670176809,0.426855488685178,44,blocked
44386,186,0,0.7936395830415939,0.36613486093058756,44,blocked
44387,187,0,0.43290652272958985,0.49373623608369654,44,blocked
44388,188,0,0.41692670386529357,0.33671008156815485,44,blocked
44389,189,0,0.24206496815230386,0.4360563441981007,44,blocked
44390,190,0,0.4550268515272308,0.371462568304992,44,blocked
44391,191,0,0.6843857293764553,0.3773839490704859,44,blocked
44392,192,0,0.45638541426483414,0.6572377225657497,44,blocked
44393,193,0,0.3292264669653193,0.3280716553380344,44,blocked
44394,194,0,0.8305205945703936,0.523592429832769,44,blocked
44395,195,0,0.8200317899797549,0.3326108576862806,44,blocked
44396,196,0,0.9455792045838708,0.2831294520957189,44,blocked
44397,197,0,0.7334625172683404,0.29382444850625106,44,blocked
44398,198,0,0.6682126451899858,0.5471912586696588,44,blocked
44399,199,0,0.33965151324192355,0.4605348569074589,44,blocked
44400,0,0,0.44202238889821915,0.9000853071234574,44,early
44401,1,0,0.9176118705491076,0.5154283154528003,44,early
44402,2,0,0.09481645540513009,0.7335032087837265,44,early
44403,3,0,0.7168398004159663,0.6471008921440734,44,early
44404,4,0,0.4280248165032409,0.6137344019984147,44,early
44405,5,0,0.65436401788175,0.41521968323113595,44,early
44406,6,0,0.2875490296998589,0.5649839345329773,44,early
44407,7,0,0.59899855901979,0.6300193392331308,44,early
44408,8,0,0.6703326547840229,0.49761821574051746,44,early
44409,9,0,0.6818598340619177,0.4544729351569335,44,early
44410,10,0,0.13723202359542866,0.4690142770398069,44,early
44411,11,0,0.2764390120545239,0.57085423247827,44,early
44412,12,0,0.6573652144536004,0.5017319309152182,44,early
44413,13,0,0.6935213224156301,0.3775865735350501,44,early
44414,14,0,0.4996393627630259,0.5648880120573254,44,early
44415,15,0,0.3021156661977892,0.49246220532185403,44,early
44416,16,0,0.7761964194352007,0.4716512094319653,44,early
44417,17,0,0.7498598720083866,0.5913296470912609,44,early
44418,18,0,0.5407396646911921,0.5672536745541026,44,early
44419,19,0,0.4720522551158297,0.4799729215153852,44,early
44420,20,0,0.589629726677903,0.4015105490956823,44,early
44421,21,0,0.524340773114732,0.4718182742684309,44,early
44422,22,0,0.47058987545955966,0.5965578801010387,44,early
44423,23,0,0.6096574302100594,0.43463290901625795,44,early
44424,24,0,0.548262591442649,0.4060065378132638,44,early
44425,25,0,0.42376060895187323,0.37890058381086617,44,early
44426,26,0,0.5452084830052025,0.4264314558645913,44,early
44427,27,0,0.4895971426507582,0.5981833540924608,44,early
44428,28,0,0.8879149455518257,0.4464690617379835,44,early
44429,29,0,0.5425026440796534,0.5745857829039038,44,early
44430,30,0,0.6351487991762059,0.3560479045547621,44,early
44431,31,0,0.86731052847804,0.4467994131083005,44,early
44432,32,0,0.5548219758890411,0.4163221293805298,44,early
44433,33,0,0.47700673697710916,0.5317993157589008,44,early
44434,34,0,0.47103715859654044,0.4378994933549293,44,early
44435,35,0,0.5119252023260189,0.40188167907787753,44,early
44436,36,0,0.6572487997311376,0.34185870632527826,44,early
44437,37,0,0.6234822565019738,0.44689489639033775,44,early
44438,38,0,0.6922440457493941,0.3979487491545082,44,early
44439,39,0,0.8715349044535865,0.3525539009853597,44,early
44440,40,0,0.42249501059120187,0.5033763657440207,44,early
44441,41,0,0.6898536800595797,0.46343509114680903,44,early
44442,42,0,0.37169093088661276,0.39358081225670827,44,early
44443,43,0,0.34628471843329744,0.5147425820520897,44,early
44444,44,0,0.5222353933395653,0.3308352515922648,44,early
44445,45,0,0.3207795165966806,0.6143230526302249,44,early
44446,46,0,0.1719274360625812,0.5860345740622062,44,early
44447,47,0,0.24838378260105795,0.3458628939491365,44,early
44448,48,0,0.7994856719426062,0.42163456924832854,44,early
44449,49,0,0.4733992193634983,0.43767178962170805,44,early
44450,50,0,0.768145592751984,0.3849894950807678,44,early
44451,51,0,0.35448019407411346,0.4018995907422055,44,early
44452,52,0,0.22371343909722408,0.4625364228688629,44,early
44453,53,0,0.4641495862723626,0.41592566803658004,44,early
44454,54,0,0.4659268618763802,0.41124555497732707,44,early
44455,55,0,0.283122633768981,0.43288479105110333,44,early
44456,56,0,0.4190125722683919,0.443711411208463,44,early
44457,57,0,0.8888542225948737,0.40560892142751725,44,early
44458,58,0,0.7747591950953332,0.44252605573347303,44,early
44459,59,0,0.8686313432871671,0.3393153646929497,44,early
44460,60,0,0.8337928191526766,0.4003718576242605,44,early
44461,61,0,0.211589480623462,0.5609870628779206,44,early
44462,62,0,0.9717946525547538,0.477743268800926,44,early
44463,63,0,0.9290140600219483,0.36598555333061633,44,early
44464,64,0,0.6877114266854109,0.6480812351417564,44,early
44465,65,0,0.19661803915458365,0.5898144054304268,44,early
44466,66,0,0.6138364734707691,0.3880266468309287,44,early
44467,67,0,0.8595536773431784,0.36201640244426364,44,early
44468,68,0,0.7999520235711008,0.3251860297536961,44,early
44469,69,0,0.8205476665574102,0.31318862484984555,44,early
44470,70,0,0.6655618127323568,0.3806784347911699,44,early
44471,71,0,0.9016829590681745,0.4181837070074542,44,early
44472,72,0,0.8694392044337999,0.43944850025187115,44,early
44473,73,0,0.7991560490687823,0.40743972852507265,44,early
44474,74,0,0.07531073172824926,0.525794238502522,44,early
44475,75,0,0.589511170948422,0.3491588493008814,44,early
44476,76,0,0.5400593591595281,0.4884697330099588,44,early
44477,77,0,0.6862225985390495,0.3821181436744595,44,early
44478,78,0,0.6522163315443357,0.3862354493230793,44,early
44479,79,0,0.7400510227206832,0.2898265432733647,44,early
44480,80,0,0.22982963348939506,0.3731460946421602,44,early
44481,81,0,0.5479980138122638,0.4617027922033288,44,early
44482,82,0,0.5558076446889566,0.3908427460445181,44,early
44483,83,0,0.44440765603501864,0.38401583557944186,44,early
44484,84,0,0.548755233581346,0.3820666006318695,44,early
44485,85,0,0.8376565859769692,0.3259008073562813,44,early
44486,86,0,0.38696915641777824,0.3615863145765957,44,early
44487,87,0,0.880239105697217,0.4675527320533331,44,early
44488,88,0,0.24539585736383646,0.4035154986291831,44,early
44489,89,0,0.7347750320328214,0.3017915784467973,44,early
44490,90,0,0.5186989830013371,0.34374447623881255,44,early
44491,91,0,0.7117319950051262,0.3631897400450873,44,early
44492,92,0,0.7553830381541876,0.29737200393389135,44,early
44493,93,0,0.5836599450521314,0.4122002247305654,44,early
44494,94,0,0.7346999579243189,0.34813921703722256,44,early
44495,95,0,0.7248051272281361,0.3335211005029072,44,early
44496,96,0,0.4998703263334391,0.48449197616170525,44,early
44497,97,0,0.7086466439471413,0.3948032564209131,44,early
44498,98,0,0.39520156444691323,0.45702621196046317,44,early
44499,99,0,0.6289652373727254,0.5690161970223634,44,early
44500,100,0,0.875311767453343,0.433682004459104,44,early
44501,101,0,0.5684668248347567,0.31187261360991536,44,early
44502,102,0,0.795471397509578,0.45435040953659456,44,early
44503,103,0,0.5525504485143268,0.40117310219667546,44,early
44504,104,0,0.07090930308238391,0.4708948408089273,44,early
44505,105,0,0.23918969851592115,0.5452740666388312,44,early
44506,106,0,0.5166549782015978,0.3566006194555477,44,early
44507,107,0,0.1169555221485722,0.4579632874942745,44,early
44508,108,0,0.1765589932058993,0.41450751788355295,44,early
44509,109,0,0.6462689334276351,0.40672271558923,44,early
44510,110,0,0.5248680138075711,0.4332692799250413,44,early
44511,111,0,0.8021135802307204,0.3810278623930573,44,early
44512,112,0,0.6474058179871499,0.3482585958855571,44,early
44513,113,0,0.5851282018417958,0.45209882865006645,44,early
44514,114,0,0.5365572878459104,0.3813100001195394,44,early
44515,115,0,0.4911251275520737,0.4308502551859478,44,early
44516,116,0,0.6134471080238392,0.43682217369892795,44,early
44517,117,0,0.5374780191242093,0.2891455342384638,44,early
44518,118,0,0.6169636480237832,0.47714696392769235,44,early
44519,119,0,0.47673184336229674,0.4486156443724216,44,early
44520,120,0,0.47989710398619395,0.40959348725407246,44,early
44521,121,0,0.7979807848946998,0.3732287046573714,44,early
44522,122,0,0.30462025073425764,0.400671771891506,44,early
44523,123,0,0.43609463783131147,0.38311668042255653,44,early
44524,124,0,0.5966191995293659,0.47960421571767453,44,early
44525,125,0,0.7083245282693544,0.3746361223410039,44,early
44526,126,0,0.666180569417697,0.36564847976510706,44,early
44527,127,0,0.556954715267139,0.4256420090273947,44,early
44528,128,0,0.38169622088089583,0.38866418613756704,44,early
44529,129,0,0.6352462702764845,0.38725961787444674,44,early
44530,130,0,0.6491508294595768,0.3537518115356164,44,early
44531,131,0,0.8481090763384183,0.4254455976726131,44,early
44532,132,0,0.5831075937207026,0.3769518272661456,44,early
44533,133,0,0.4868388603077911,0.4139160327512418,44,early
44534,134,0,0.5716998149549235,0.4030669456967507,44,early
44535,135,0,0.25416400652215443,0.5164802758295254,44,early
44536,136,0,0.26747230851513915,0.4640860223484826,44,early
44537,137,0,0.5792167846009783,0.3841116203894531,44,early
44538,138,0,0.443198076723123,0.4006713441128477,44,early
44539,139,0,0.7116806689726372,0.41145390809477256,44,early
44540,140,0,0.4555540934961639,0.5922336344510573,44,early
44541,141,0,0.5489601797369426,0.5142392849953934,44,early
44542,142,0,0.46824429234437404,0.37415825714598927,44,early
44543,143,0,0.14624339805470246,0.3658218103766802,44,early
44544,144,0,0.43304011987504964,0.3348685465825322,44,early
44545,145,0,0.587782064069872,0.4011385358878261,44,early
44546,146,0,0.46756606156744895,0.42173446177331486,44,early
44547,147,0,0.9340588148527432,0.3390271894405644,44,early
44548,148,0,0.5049466836268319,0.37923568768255506,44,early
44549,149,0,0.432525900762298,0.5099377583249672,44,early
44550,150,0,0.4579559318956135,0.3969213974480337,44,early
44551,151,0,0.4096956631988264,0.37280314006497767,44,early
44552,152,0,0.552206321261692,0.36026251798782716,44,early
44553,153,0,0.4763309364539258,0.3720420977772342,44,early
44554,154,0,0.931295459116489,0.33030247878619007,44,early
44555,155,0,0.7577858642645847,0.37893818694065506,44,early
44556,156,0,0.5273328893708822,0.33673164751957446,44,early
44557,157,0,0.6025363286886402,0.4435633146749943,44,early
44558,158,0,0.24511148370529282,0.3393727683746599,44,early
44559,159,0,0.5248230438687177,0.349700954942816,44,early
44560,160,0,0.49678975668767467,0.4357895476599457,44,early
44561,161,0,0.47503294862536727,0.43283469046525536,44,early
44562,162,0,0.583662189220246,0.5172615550524636,44,early
44563,163,0,0.9611313863351225,0.30192075813101527,44,early
44564,164,0,0.9690537953924714,0.3396980529864871,44,early
44565,165,0,0.4153401828176446,0.3257623942884509,44,early
44566,166,0,0.478440600124299,0.33246694363089224,44,early
44567,167,0,0.19511306611402807,0.37869167036192175,44,early
44568,168,0,0.8356918601609642,0.2865596441715069,44,early
44569,169,0,0.9226198668076253,0.5561518996187587,44,early
44570,170,0,0.9068954350563292,0.48315815468577206,44,early
44571,171,0,0.5010874739400483,0.372073220822214,44,early
44572,172,0,0.0401399649101358,0.54547576398071,44,early
44573,173,0,0.2654395917451104,0.4894890072237887,44,early
44574,174,0,0.5285917242606137,0.3915177323501769,44,early
44575,175,0,0.5089920829098499,0.3469966754305114,44,early
44576,176,0,0.5351333243566827,0.294048013658056,44,early
44577,177,0,0.500872857655084,0.31768714974866696,44,early
44578,178,0,0.7394445666922431,0.4163684846202353,44,early
44579,179,0,0.9636472587726144,0.40844544385127024,44,early
44580,180,0,0.5939583193244484,0.33216204170402774,44,early
44581,181,0,0.6093347983268169,0.3904832337649803,44,early
44582,182,0,0.937272558563089,0.3647617963877857,44,early
44583,183,0,0.4949579659957254,0.270840873883198,44,early
44584,184,0,0.7745326663639716,0.35999776700380515,44,early
44585,185,0,0.7496167064696808,0.25102850220025885,44,early
44586,186,0,0.5093503526604154,0.3225335870885362,44,early
44587,187,0,0.3412581697562282,0.47361185404340767,44,early
44588,188,0,0.7340810004381207,0.3358062686115386,44,early
44589,189,0,0.10727481683112888,0.5147916739346842,44,early
44590,190,0,0.7368091853254277,0.27571336898173077,44,early
44591,191,0,0.4348121327801956,0.3057281100779972,44,early
44592,192,0,0.10627036542646387,0.42980263666338536,44,early
44593,193,0,0.43548941915499495,0.43767665273526457,44,early
44594,194,0,0.3305870934493607,0.3343856729909388,44,early
44595,195,0,0.4608771957685111,0.313599733162373,44,early
44596,196,0,0.6572136853056827,0.2896686032597402,44,early
44597,197,0,0.4100852426522286,0.4706590298590516,44,early
44598,198,0,0.0827261601180781,0.3772614127953821,44,early
44599,199,0,0.7336487127865542,0.35547112656077473,44,early
44600,0,0,0.9037862164717991,0.6950712972954806,44,middle
44601,1,0,0.5142978570415857,0.4114878666295787,44,middle
44602,2,0,0.7901141981923705,0.49619530570427084,44,middle
44603,3,0,0.2029195270602776,0.5897308653495477,44,middle
44604,4,0,0.733098821205705,0.46684684062456927,44,middle
44605,5,0,0.22642649227987527,0.6769314918484874,44,middle
44606,6,0,0.20595197111232674,0.427053093061587,44,middle
44607,7,0,0.38743734094822313,0.43168631769752,44,middle
44608,8,0,0.3506316560328338,0.7145147767301387,44,middle
44609,9,0,0.503396819850854,0.5183959201390091,44,middle
44610,10,0,0.06072119187526297,0.5913420443450821,44,middle
44611,11,0,0.6669577744399181,0.41831275973578097,44,middle
44612,12,0,0.2963085181329228,0.37029325066340135,44,middle
44613,13,0,0.3715760277322335,0.5596727394954533,44,middle
44614,14,0,0.3114139084949997,0.49117086426090373,44,middle
44615,15,0,0.6961669659627828,0.43171909039507667,44,middle
44616,16,0,0.2556667188549747,0.6515874290254301,44,middle
44617,17,0,0.708718168568266,0.4629918068998018,44,middle
44618,18,0,0.5803684924345077,0.6287354185055105,44,middle
44619,19,0,0.5881660448074171,0.4410687247004207,44,middle
44620,20,0,0.08401043823332752,0.4658899914129695,44,middle
44621,21,0,0.6439563829570318,0.41507594722060953,44,middle
44622,22,0,0.41468318836332496,0.5224295707084385,44,middle
44623,23,0,0.862327672426592,0.42361442886442424,44,middle
44624,24,0,0.4484905248918266,0.5026039176834352,44,middle
44625,25,0,0.9194742525523941,0.4398511024992837,44,middle
44626,26,0,0.5193315112082547,0.467157302686657,44,middle
44627,27,0,0.9593429530431594,0.4631205780100095,44,middle
44628,28,0,0.42156321107618877,0.5349574065413203,44,middle
44629,29,0,0.8505944598609079,0.5987634958896411,44,middle
44630,30,0,0.4955569988391937,0.5821080255284647,44,middle
44631,31,0,0.1900157369990086,0.712508621642699,44,middle
44632,32,0,0.352211607235803,0.6213668675105838,44,middle
44633,33,0,0.458430054647104,0.6225687728325843,44,middle
44634,34,0,0.18825786548301307,0.5047684354762233,44,middle
44635,35,0,0.7145215124418489,0.4355524563388498,44,middle
44636,36,0,0.24305917328507623,0.5611113621421637,44,middle
44637,37,0,0.852826659470924,0.43459936149710743,44,middle
44638,38,0,0.5545466341346037,0.4304320516300308,44,middle
44639,39,0,0.6454718466357214,0.319227482600815,44,middle
44640,40,0,0.5922914267144568,0.484716299801862,44,middle
44641,41,0,0.8143371034975799,0.5571970517367776,44,middle
44642,42,0,0.653309101288871,0.5251461740508225,44,middle
44643,43,0,0.311088230181803,0.5261543169375119,44,middle
44644,44,0,0.670678221703556,0.4859377829958973,44,middle
44645,45,0,0.4199165642982942,0.534560971301483,44,middle
44646,46,0,0.5614754651822363,0.5212786809518042,44,middle
44647,47,0,0.6187075064426845,0.5290894688596499,44,middle
44648,48,0,0.6665442446310694,0.41701815227744427,44,middle
44649,49,0,0.3698204661603603,0.7402243045303374,44,middle
44650,50,0,0.5855135134965894,0.5656607006888593,44,middle
44651,51,0,0.7675229214600612,0.29528323136598544,44,middle
44652,52,0,0.7542747361003568,0.6789335737526834,44,middle
44653,53,0,0.03600123762850979,0.4457847419942732,44,middle
44654,54,0,0.7645854622395051,0.6751691911331484,44,middle
44655,55,0,0.9908337665789024,0.39041923684293856,44,middle
44656,56,0,0.9775483647481982,0.44132003955871674,44,middle
44657,57,0,0.12153229642867149,0.5806319338294399,44,middle
44658,58,0,0.6679856457616984,0.6392772720973225,44,middle
44659,59,0,0.560656305541345,0.5619248200216995,44,middle
44660,60,0,0.4270915838559127,0.3592971992076306,44,middle
44661,61,0,0.6024120907994619,0.4687992688429252,44,middle
44662,62,0,0.3251571901244264,0.3835649382590012,44,middle
44663,63,0,0.5900278141344226,0.39180455405260095,44,middle
44664,64,0,0.4783781160764608,0.532619924878019,44,middle
44665,65,0,0.8041482093274593,0.4649891367350938,44,middle
44666,66,0,0.9382045688933931,0.40212254887079374,44,middle
44667,67,0,0.9450869540006637,0.3450926884039611,44,middle
44668,68,0,0.9199441581509419,0.5507880226975548,44,middle
44669,69,0,0.35302077497285067,0.5310092907428663,44,middle
44670,70,0,0.1627002494744849,0.7963015678686161,44,middle
44671,71,0,0.7643087989601802,0.5007200513438685,44,middle
44672,72,0,0.9209221392124352,0.432797712843326,44,middle
44673,73,0,0.09451313702330423,0.5940550718735913,44,middle
44674,74,0,0.734372055630285,0.5936115405394256,44,middle
44675,75,0,0.9701410647499599,0.5292495642388712,44,middle
44676,76,0,0.17983139579597715,0.5820319270292091,44,middle
44677,77,0,0.503799634344259,0.44223412550440067,44,middle
44678,78,0,0.8074667683243097,0.2606031786035541,44,middle
44679,79,0,0.27738773634531083,0.628837326619843,44,middle
44680,80,0,0.7420902287865123,0.5169734399391529,44,middle
44681,81,0,0.6589388455221064,0.5555325910719808,44,middle
44682,82,0,0.045593938518374316,0.5774723637799272,44,middle
44683,83,0,0.7680368811083711,0.3517728755581706,44,middle
44684,84,0,0.6842540507259496,0.42980202415236834,44,middle
44685,85,0,0.708951552931095,0.5248433234322403,44,middle
44686,86,0,0.15352767853953872,0.541296372533292,44,middle
44687,87,0,0.5626002924577836,0.3367092156940875,44,middle
44688,88,0,0.3304846416335618,0.5963091917296433,44,middle
44689,89,0,0.4254556858504339,0.6122976771974553,44,middle
44690,90,0,0.6281937297046802,0.4545416793655753,44,middle
44691,91,0,0.682442154176149,0.34412979634681506,44,middle
44692,92,0,0.40417320504823084,0.5377875202246759,44,middle
44693,93,0,0.5146939531245576,0.40791984801042136,44,middle
44694,94,0,0.29062995155791366,0.4504765298824339,44,middle
44695,95,0,0.5356085241506459,0.34355807625818474,44,middle
44696,96,0,0.5743854513743613,0.36418954537950166,44,middle
44697,97,0,0.7209455563822165,0.31141480623449247,44,middle
44698,98,0,0.7452665007995476,0.45354749529443505,44,middle
44699,99,0,0.8005860701213896,0.4373160181444237,44,middle
44700,100,0,0.07558377146785993,0.40972219061080806,44,middle
44701,101,0,0.16498021128902002,0.5181741696388857,44,middle
44702,102,0,0.8947449410129014,0.47844293345643885,44,middle
44703,103,0,0.8710395945637365,0.2868217360531979,44,middle
44704,104,0,0.823237915097166,0.34805905826703054,44,middle
44705,105,0,0.6495060942779614,0.45471565321575014,44,middle
44706,106,0,0.8283927161096738,0.483396985329141,44,middle
44707,107,0,0.07666026106238476,0.5537096418713685,44,middle
44708,108,0,0.21264827032868672,0.5186106352589905,44,middle
44709,109,0,0.19804721875635367,0.5339182654921171,44,middle
44710,110,0,0.8741158038866077,0.4746950881444047,44,middle
44711,111,0,0.2335287589926727,0.4588121935267866,44,middle
44712,112,0,0.8426564798174639,0.517034288008543,44,middle
44713,113,0,0.9229161510922814,0.39685514070900296,44,middle
44714,114,0,0.18878689426807668,0.5938220459977757,44,middle
44715,115,0,0.6881919674512125,0.31690782032100334,44,middle
44716,116,0,0.8095233551230362,0.5148366111706605,44,middle
44717,117,0,0.7761384373931579,0.39727728183716493,44,middle
44718,118,0,0.09163792792692743,0.5110004339322118,44,middle
44719,119,0,0.33287788190279255,0.5950687255615147,44,middle
44720,120,0,0.6709773981462241,0.48798835629617177,44,middle
44721,121,0,0.3291000026767271,0.39730374318727624,44,middle
44722,122,0,0.24050499652587537,0.5198561629879734,44,middle
44723,123,0,0.6831278659274906,0.46667214707880833,44,middle
44724,124,0,0.3823436408261568,0.4204585947556515,44,middle
44725,125,0,0.08573636662886311,0.5926506204687552,44,middle
44726,126,0,0.7826345326542365,0.4451300202576188,44,middle
44727,127,0,0.4410299783315964,0.5280213167062918,44,middle
44728,128,0,0.5122785150415832,0.5176563061946028,44,middle
44729,129,0,0.5583599963871788,0.4552008952164597,44,middle
44730,130,0,0.5747797967638687,0.5593125615928154,44,middle
44731,131,0,0.8564125636203079,0.4295230137573817,44,middle
44732,132,0,0.3720793805786795,0.5276604333105206,44,middle
44733,133,0,0.5556969883598006,0.598064124763068,44,middle
44734,134,0,0.4845904228097847,0.46012123548827905,44,middle
44735,135,0,0.7571121319951255,0.32134803469322726,44,middle
44736,136,0,0.5931209563165163,0.5017963470978758,44,middle
44737,137,0,0.4551502424449213,0.312222882174117,44,middle
44738,138,0,0.3743187273576729,0.42254517603928543,44,middle
44739,139,0,0.35125999225690957,0.3741551691756788,44,middle
44740,140,0,0.6531795209154942,0.32132606825195575,44,middle
44741,141,0,0.6662737867268647,0.3747574544298623,44,middle
44742,142,0,0.5523001824538187,0.3526002784684745,44,middle
44743,143,0,0.6286781163245049,0.4002107826952998,44,middle
44744,144,0,0.5077611772455763,0.4341492381377597,44,middle
44745,145,0,0.6448222113132995,0.4126524154742529,44,middle
44746,146,0,0.5518491758514198,0.3155879714482903,44,middle
44747,147,0,0.7015228887286513,0.34513417058952156,44,middle
44748,148,0,0.4245996537136612,0.5612378205202107,44,middle
44749,149,0,0.8942135708829038,0.4591346516759035,44,middle
44750,150,0,0.550129418289887,0.4473199124509267,44,middle
44751,151,0,0.2464079316151233,0.479083563337504,44,middle
44752,152,0,0.31134516730264894,0.4047178770359065,44,middle
44753,153,0,0.2995942787574568,0.3483635824554846,44,middle
44754,154,0,0.8426077457950192,0.44523649942958504,44,middle
44755,155,0,0.5701235242153442,0.323164747992536,44,middle
44756,156,0,0.8828146256992734,0.4032531855906083,44,middle
44757,157,0,0.6028964556228675,0.41504913829777157,44,middle
44758,158,0,0.6753150211946957,0.4966508492059719,44,middle
44759,159,0,0.608961604408657,0.4836470809725152,44,middle
44760,160,0,0.22682235994293054,0.5588579616145561,44,middle
44761,161,0,0.6290261096177213,0.40080795261012675,44,middle
44762,162,0,0.31801576132428677,0.5002501190573496,44,middle
44763,163,0,0.46263684188395726,0.3615749796292441,44,middle
44764,164,0,0.34161473060310615,0.5645656557819259,44,middle
44765,165,0,0.37177123842123533,0.5043093533634311,44,middle
44766,166,0,0.45900496233407706,0.35388606000709355,44,middle
44767,167,0,0.5883249936201269,0.3454287039076388,44,middle
44768,168,0,0.5273972063226623,0.38561026667915543,44,middle
44769,169,0,0.500300962031784,0.43847794649939476,44,middle
44770,170,0,0.4283164598993392,0.5110766576080407,44,middle
44771,171,0,0.6984219827715966,0.4516770463792232,44,middle
44772,172,0,0.4712752794255419,0.29808894479507364,44,middle
44773,173,0,0.45585330168162386,0.39014804823015786,44,middle
44774,174,0,0.3480809685389646,0.5219041950480479,44,middle
44775,175,0,0.5060691881000607,0.3785024100741118,44,middle
44776,176,0,0.7492074735060248,0.3746491380944631,44,middle
44777,177,0,0.4898284801546551,0.5563294783837822,44,middle
44778,178,0,0.3417526667003402,0.35676073981660233,44,middle
44779,179,0,0.4350844642431968,0.36691279360673956,44,middle
44780,180,0,0.5123049336690182,0.3432286501966342,44,middle
44781,181,0,0.5292120583951615,0.45801078956937286,44,middle
44782,182,0,0.3511742951485787,0.5207681118612009,44,middle
44783,183,0,0.3074752660669877,0.48881210158640753,44,middle
44784,184,0,0.5927576157580885,0.37860912458257967,44,middle
44785,185,0,0.4543272771389511,0.40411290279636813,44,middle
44786,186,0,0.45872340259770755,0.4187076145274884,44,middle
44787,187,0,0.5260632550187877,0.33559326433666925,44,middle
44788,188,0,0.7527363439848712,0.27344531647752335,44,middle
44789,189,0,0.5010896459206513,0.326305201790693,44,middle
44790,190,0,0.652936923748967,0.34385258247260225,44,middle
44791,191,0,0.8468565568991813,0.3147396557487919,44,middle
44792,192,0,0.4586975811375717,0.33917909811065505,44,middle
44793,193,0,0.7823438640968798,0.481555149432489,44,middle
44794,194,0,0.5162145359558891,0.38464320281494635,44,middle
44795,195,0,0.046218311304883714,0.594885640743404,44,middle
44796,196,0,0.47340506452981757,0.5366989350688796,44,middle
44797,197,0,0.5297677761909455,0.3964530851462552,44,middle
44798,198,0,0.7374664041050298,0.37178079448760476,44,middle
44799,199,0,0.6458640499325286,0.40135788495993996,44,middle
44800,0,0,0.499831424575415,0.7225244809855027,44,late
44801,1,0,0.9984603352309595,0.4362571877233394,44,late
44802,2,0,0.4904274395709396,0.3119910009904492,44,late
44803,3,0,0.9940539426153204,0.5221429417385902,44,late
44804,4,0,0.503737189429222,0.45779861577718606,44,late
44805,5,0,0.007759940912830694,0.40684312316529236,44,late
44806,6,0,0.45404724346799946,0.47909905514310147,44,late
44807,7,0,0.07785159326627834,0.5886052525406049,44,late
44808,8,0,0.4906029798327046,0.5283260459395487,44,late
44809,9,0,0.9740123393055096,0.3610419403013114,44,late
44810,10,0,0.47378008400673777,0.5727444493493137,44,late
44811,11,0,0.9890899790494541,0.521713652234473,44,late
44812,12,0,0.4999456775829916,0.3972580519572807,44,late
44813,13,0,0.9839690364390926,0.35844030171006064,44,late
44814,14,0,0.505685617906606,0.3371256455858862,44,late
44815,15,0,0.0037478746786997487,0.40692398774571487,44,late
44816,16,0,0.496353471322662,0.6066474584465544,44,late
44817,17,0,0.9768299705024126,0.5124756529840928,44,late
44818,18,0,0.5017423725266348,0.41014426869023857,44,late
44819,19,0,0.9971589213813542,0.23390112016016096,44,late
44820,20,0,0.4980373119584544,0.3592612882463857,44,late
44821,21,0,0.9956300124731432,0.3419739360162629,44,late
44822,22,0,0.506922179534654,0.5489091276581762,44,late
44823,23,0,0.9727562745376981,0.47617264694759753,44,late
44824,24,0,0.5260016451086956,0.4620057431684992,44,late
44825,25,0,0.08156596425787858,0.5782529857948395,44,late
44826,26,0,0.5743890133769823,0.3192118019111686,44,late
44827,27,0,0.9330116109811708,0.3382403180730598,44,late
44828,28,0,0.4400121537717271,0.426555961506743,44,late
44829,29,0,0.9685120036210213,0.4525015230061076,44,late
44830,30,0,0.5160029956886203,0.5756782274228561,44,late
44831,31,0,0.03992369100074779,0.58092425854149,44,late
44832,32,0,0.4688495979330325,0.5138924298924056,44,late
44833,33,0,0.6613305066727408,0.34472785534646844,44,late
44834,34,0,0.5251749360996776,0.45869722310202277,44,late
44835,35,0,0.5150086307110021,0.3970180910627917,44,late
44836,36,0,0.5746245729485009,0.6124585797294413,44,late
44837,37,0,0.32150039318869755,0.4955292075039296,44,late
44838,38,0,0.32155255237561337,0.6378693803210721,44,late
44839,39,0,0.7294121594477945,0.29809464660894236,44,late
44840,40,0,0.36364011037012567,0.4791714298221533,44,late
44841,41,0,0.9338671612254352,0.24306481837922583,44,late
44842,42,0,0.5653559191056549,0.540832460700416,44,late
44843,43,0,0.3255814529192946,0.4988733897681291,44,late
44844,44,0,0.09222036583317285,0.5779667812142063,44,late
44845,45,0,0.42108338010934626,0.5685661916530362,44,late
44846,46,0,0.5833931565357535,0.7542919979031416,44,late
44847,47,0,0.6272204403611317,0.39078286266822404,44,late
44848,48,0,0.6885729651300929,0.47467652444764585,44,late
44849,49,0,0.08642818042954431,0.5717920290867524,44,late
44850,50,0,0.751385963014483,0.4647632007052175,44,late
44851,51,0,0.3822484336286958,0.3995154440823054,44,late
44852,52,0,0.1795835383256338,0.4186057192464268,44,late
44853,53,0,0.9087229700590032,0.29340696464899507,44,late
44854,54,0,0.765384373538456,0.42724023684147855,44,late
44855,55,0,0.5181464944684592,0.41919277058589066,44,late
44856,56,0,0.8417448185096228,0.48152285751709356,44,late
44857,57,0,0.4466440085287026,0.3586349102659617,44,late
44858,58,0,0.22157424351070815,0.5092191913422168,44,late
44859,59,0,0.5590420707529051,0.542700343018127,44,late
44860,60,0,0.6292512635824391,0.3736847813140193,44,late
44861,61,0,0.936525402643886,0.32299410687481767,44,late
44862,62,0,0.4384131241276847,0.3878497047257248,44,late
44863,63,0,0.10375000271850025,0.35510695456721375,44,late
44864,64,0,0.5974816935854456,0.489982317117583,44,late
44865,65,0,0.7693994765837922,0.4445599730100942,44,late
44866,66,0,0.42879723096054856,0.39388947598741275,44,late
44867,67,0,0.2970376847827729,0.5629886001399904,44,late
44868,68,0,0.3445051229386702,0.3769968943171292,44,late
44869,69,0,0.6939389838628764,0.2677131587223243,44,late
44870,70,0,0.3796981145115237,0.3756880455614354,44,late
44871,71,0,0.7643555988888706,0.3722323151485075,44,late
44872,72,0,0.48817412480167144,0.5137522171137475,44,late
44873,73,0,0.9764597757228508,0.4618916085520387,44,late
44874,74,0,0.4766539347493346,0.3912160791874061,44,late
44875,75,0,0.23262528011106962,0.36155553388307377,44,late
44876,76,0,0.49401694582173555,0.3238991361692074,44,late
44877,77,0,0.5825993786666542,0.4227704348927201,44,late
44878,78,0,0.5945007217590875,0.32327607450727625,44,late
44879,79,0,0.5871836384884926,0.24682074586225955,44,late
44880,80,0,0.4188689320807658,0.5911564450242577,44,late
44881,81,0,0.22454046435260214,0.5643215792301814,44,late
44882,82,0,0.7434432927282724,0.3788024117135293,44,late
44883,83,0,0.7727031249277133,0.4332455735973188,44,late
44884,84,0,0.055724552912467,0.647408820419506,44,late
44885,85,0,0.37784818572494105,0.3673791995750178,44,late
44886,86,0,0.5747577471005552,0.46058174440824584,44,late
44887,87,0,0.6325419627032185,0.3879364933835674,44,late
44888,88,0,0.30642328979984884,0.5115267285598999,44,late
44889,89,0,0.3794952981379989,0.5879281600842878,44,late
44890,90,0,0.7707327523676972,0.2705411626700114,44,late
44891,91,0,0.5739261087511983,0.42225372041125886,44,late
44892,92,0,0.7495659611143428,0.5591736140184717,44,late
44893,93,0,0.6663110422515115,0.5106816061506839,44,late
44894,94,0,0.5538103956086428,0.2654983588385903,44,late
44895,95,0,0.30209870693154345,0.4953007377725285,44,late
44896,96,0,0.745190653793826,0.5470273576860549,44,late
44897,97,0,0.9580427465651605,0.41916178871236714,44,late
44898,98,0,0.3639105824067951,0.4730171753627235,44,late
44899,99,0,0.300335090733963,0.4417519631000354,44,late
44900,100,0,0.22759758171314562,0.4117570766234264,44,late
44901,101,0,0.26689285009791597,0.3990799040598084,44,late
44902,102,0,0.44545425308330766,0.3980230686078704,44,late
44903,103,0,0.5960600491242505,0.3597834182860873,44,late
44904,104,0,0.5629764308200716,0.339143401810612,44,late
44905,105,0,0.5080165011760106,0.49193308491198195,44,late
44906,106,0,0.5188266359712683,0.46350169406565533,44,late
44907,107,0,0.6858439316848495,0.4733093532443287,44,late
44908,108,0,0.4276598988704702,0.3491665261659419,44,late
44909,109,0,0.5020494604112876,0.6414867144233501,44,late
44910,110,0,0.3227042726990159,0.409483228005347,44,late
44911,111,0,0.48092260662091385,0.5658572965240803,44,late
44912,112,0,0.5182292828978803,0.353835834206474,44,late
44913,113,0,0.6511831345960217,0.34506604444605726,44,late
44914,114,0,0.5956228977203841,0.4047423968793824,44,late
44915,115,0,0.7958968446314794,0.27332764863047,44,late
44916,116,0,0.5065415501341477,0.4850653542678526,44,late
44917,117,0,0.42655372942341524,0.4934948410853026,44,late
44918,118,0,0.5214611007532267,0.4607084001050862,44,late
44919,119,0,0.8456714889355301,0.3031397944371479,44,late
44920,120,0,0.2069775477360329,0.4704162638745145,44,late
44921,121,0,0.014732278643436972,0.5622797595478845,44,late
44922,122,0,0.08086280695399423,0.48125845613881274,44,late
44923,123,0,0.6704742097191327,0.3147674870491767,44,late
44924,124,0,0.08394809277988441,0.5006363986190854,44,late
44925,125,0,0.14990658741159985,0.42828700903256445,44,late
44926,126,0,0.8686209739654284,0.3147883859112864,44,late
44927,127,0,0.6739656428283569,0.2489697075280346,44,late
44928,128,0,0.5468018286722388,0.2470590700743,44,late
44929,129,0,0.11617524300624449,0.3378503596051006,44,late
44930,130,0,0.8563744054723563,0.2262626874073817,44,late
44931,131,0,0.8621602529942389,0.2637172803764215,44,late
44932,132,0,0.7363402553483802,0.3432953518071499,44,late
44933,133,0,0.24683715179664387,0.4647939412157611,44,late
44934,134,0,0.491323924690493,0.4018007430957268,44,late
44935,135,0,0.2182093315989116,0.3383181103417624,44,late
44936,136,0,0.7677784086846693,0.29637276332233453,44,late
44937,137,0,0.37994065881092765,0.3926527835607315,44,late
44938,138,0,0.28198982059297684,0.2806305279655914,44,late
44939,139,0,0.5856502579150135,0.40057101704993814,44,late
44940,140,0,0.8982473055561461,0.3765278780396578,44,late
44941,141,0,0.43467664680016416,0.3254323882035654,44,late
44942,142,0,0.28383685817558635,0.5051323659292837,44,late
44943,143,0,0.8634405245867824,0.3307366825814305,44,late
44944,144,0,0.9535656496150429,0.3768890771564307,44,late
44945,145,0,0.7128574568765081,0.37504684885415995,44,late
44946,146,0,0.5015879368185079,0.40298945538767483,44,late
44947,147,0,0.5820644568960022,0.2893171944434457,44,late
44948,148,0,0.3587088123110348,0.35347766450709145,44,late
44949,149,0,0.9444530490954162,0.41786798220136206,44,late
44950,150,0,0.054581249660529574,0.5324024273141774,44,late
44951,151,0,0.2301398270533164,0.44013575804926586,44,late
44952,152,0,0.676694881658949,0.3089901678779796,44,late
44953,153,0,0.6393916978565857,0.28203419856450906,44,late
44954,154,0,0.25288639248347283,0.2709587028832968,44,late
44955,155,0,0.3219199244075588,0.33317986999053517,44,late
44956,156,0,0.47315798912897244,0.5457289730823534,44,late
44957,157,0,0.1455755423777368,0.29042294843816663,44,late
44958,158,0,0.7451835714001671,0.2705389981485585,44,late
44959,159,0,0.5018458637658088,0.5115566198652924,44,late
44960,160,0,0.3917461613696214,0.561843287773371,44,late
44961,161,0,0.7400979174927684,0.45234826576294657,44,late
44962,162,0,0.5005523091934889,0.34790234485048077,44,late
44963,163,0,0.8213111910867148,0.2485140842320604,44,late
44964,164,0,0.318909807028494,0.4643079863604218,44,late
44965,165,0,0.9467319673870063,0.34198093742514213,44,late
44966,166,0,0.3966532673278017,0.42813651511144146,44,late
44967,167,0,0.46356221564411776,0.4168654042470864,44,late
44968,168,0,0.9536701339966476,0.2897185392593431,44,late
44969,169,0,0.8590361138182494,0.23514918150798916,44,late
44970,170,0,0.3717141748609959,0.4357817391593043,44,late
44971,171,0,0.22834608755110994,0.43210853228421287,44,late
44972,172,0,0.22653738667492038,0.34205861376823204,44,late
44973,173,0,0.47509537325484985,0.29811666857362096,44,late
44974,174,0,0.7518608953684965,0.4052791389136283,44,late
44975,175,0,0.30483912439350824,0.30171799111632513,44,late
44976,176,0,0.25163256883751767,0.37798524176797144,44,late
44977,177,0,0.09603280822000283,0.4482927659090892,44,late
44978,178,0,0.511750069382576,0.32287162664396807,44,late
44979,179,0,0.3862828497230758,0.39401367731191433,44,late
44980,180,0,0.3072180183223968,0.3141687316603462,44,late
44981,181,0,0.5654548887793123,0.4495817768238993,44,late
44982,182,0,0.10101204457991023,0.43320230752438327,44,late
44983,183,0,0.6152258178858105,0.1405470292923506,44,late
44984,184,0,0.736291060762013,0.47219609463585654,44,late
44985,185,0,0.08674017134196549,0.3598259691085415,44,late
44986,186,0,0.24182530545254538,0.5038212776413903,44,late
44987,187,0,0.45267673835925815,0.4074774453123111,44,late
44988,188,0,0.5729443221919502,0.33217883791519787,44,late
44989,189,0,0.7645232170945306,0.28206195485288404,44,late
44990,190,0,0.5025447166410381,0.3033255089360323,44,late
44991,191,0,0.3127456366813516,0.42533810831360264,44,late
44992,192,0,0.4697080104086315,0.248590917690436,44,late
44993,193,0,0.436339657250955,0.47216000423278587,44,late
44994,194,0,0.42221308614728886,0.3189966837481544,44,late
44995,195,0,0.5677160007356097,0.29258983104450814,44,late
44996,196,0,0.5020996797447312,0.5658390667903487,44,late
44997,197,0,0.5216811149802492,0.3249972814132645,44,late
44998,198,0,0.7065809704031816,0.1653161127712947,44,late
44999,199,0,0.21616418692132866,0.33724126420359024,44,late
45000,0,0,0.43487493797622345,0.6721762344627649,45,interleaved
45001,1,0,0.15379570290523495,0.43056920592149756,45,interleaved
45002,2,0,0.45803498701760326,0.5458131249092572,45,interleaved
45003,3,0,0.5085940431043657,0.5880365754908654,45,interleaved
45004,4,0,0.5017358927640319,0.5800075607813227,45,interleaved
45005,5,0,0.3927123658707378,0.5007266516846651,45,interleaved
45006,6,0,0.4265635761912041,0.5207258274719223,45,interleaved
45007,7,0,0.7493081849262575,0.3983291862510626,45,interleaved
45008,8,0,0.6115081632957006,0.6085211873364288,45,interleaved
45009,9,0,0.6897170820549402,0.37579193243146947,45,interleaved
45010,10,0,0.8079259058198824,0.5032139030065625,45,interleaved
45011,11,0,0.33003183749630083,0.5069699838223453,45,interleaved
45012,12,0,0.8466636737495086,0.3681504550814493,45,interleaved
45013,13,0,0.5773879873182322,0.572265056136547,45,interleaved
45014,14,0,0.24831104541916377,0.5561249747918849,45,interleaved
45015,15,0,0.320154832814813,0.4622005198111924,45,interleaved
45016,16,0,0.5285815328817018,0.41229547175285475,45,interleaved
45017,17,0,0.6571803954376589,0.4541109442898592,45,interleaved
45018,18,0,0.3602436998966789,0.4094850006528462,45,interleaved
45019,19,0,0.6312633070850546,0.4004095157339457,45,interleaved
45020,20,0,0.3543104171595173,0.46021977294832617,45,interleaved
45021,21,0,0.6384336073734449,0.46151913775570563,45,interleaved
45022,22,0,0.5048108411822689,0.5663503797362256,45,interleaved
45023,23,0,0.27611385214191936,0.5289961329436531,45,interleaved
45024,24,0,0.6186121677145944,0.45206487297965997,45,interleaved
45025,25,0,0.3784787398265885,0.46969442219193475,45,interleaved
45026,26,0,0.5903068416158734,0.5042704008836487,45,interleaved
45027,27,0,0.7526586406420527,0.3975068138490554,45,interleaved
45028,28,0,0.4740372752244282,0.4983316268863234,45,interleaved
45029,29,0,0.570791749768857,0.45569740732068925,45,interleaved
45030,30,0,0.5129749513442987,0.5153040414267239,45,interleaved
45031,31,0,0.7648191469681807,0.4984427630747742,45,interleaved
45032,32,0,0.5250850668647763,0.5840931325502623,45,interleaved
45033,33,0,0.4675667954234672,0.447826696582354,45,interleaved
45034,34,0,0.5693208807730952,0.5068963011473082,45,interleaved
45035,35,0,0.43470758703526846,0.7104819903806081,45,interleaved
45036,36,0,0.9326027482053423,0.5675924402251054,45,interleaved
45037,37,0,0.5480987015723737,0.43445270573819006,45,interleaved
45038,38,0,0.7352449095803799,0.32687624869383014,45,interleaved
45039,39,0,0.49402517187041484,0.44165008490292323,45,interleaved
45040,40,0,0.11845998121774612,0.5695935939554121,45,interleaved
45041,41,0,0.21415984408737837,0.5222300671787176,45,interleaved
45042,42,0,0.6658543072105833,0.44233647998916625,45,interleaved
45043,43,0,0.7103318731292466,0.5033012301911861,45,interleaved
45044,44,0,0.380938757528448,0.46740772908284756,45,interleaved
45045,45,0,0.14336867714032414,0.46544959628895577,45,interleaved
45046,46,0,0.6754924491952118,0.6209483338988502,45,interleaved
45047,47,0,0.16207396339175162,0.5633622546743955,45,interleaved
45048,48,0,0.8522673802851783,0.47574664191510363,45,interleaved
45049,49,0,0.54442523752126,0.4196050558198037,45,interleaved
45050,50,0,0.30725555550347755,0.4736794789295692,45,interleaved
45051,51,0,0.41342212834092207,0.5431028323414961,45,interleaved
45052,52,0,0.8638591038865373,0.6297616889248807,45,interleaved
45053,53,0,0.31831264342059085,0.6233976021395262,45,interleaved
45054,54,0,0.4330795740219823,0.6634001502928656,45,interleaved
45055,55,0,0.34040900397829854,0.47607627834238914,45,interleaved
45056,56,0,0.4744722750638259,0.4559340345506598,45,interleaved
45057,57,0,0.28013288424307353,0.4032464659300826,45,interleaved
45058,58,0,0.5264186891022672,0.5668879736738792,45,interleaved
45059,59,0,0.6279128489486692,0.40542738188777894,45,interleaved
45060,60,0,0.5672489514557536,0.5187072009993892,45,interleaved
45061,61,0,0.2924911096923152,0.46663013845734297,45,interleaved
45062,62,0,0.13019058587147792,0.5809253003440273,45,interleaved
45063,63,0,0.6771547506500342,0.26109590370447666,45,interleaved
45064,64,0,0.4833735547324822,0.5937027468127147,45,interleaved
45065,65,0,0.5072660077868348,0.44200363238564194,45,interleaved
45066,66,0,0.25358509637769,0.4212248009155186,45,interleaved
45067,67,0,0.35599659317138693,0.6659964621346672,45,interleaved
45068,68,0,0.796679160842857,0.6266235488495402,45,interleaved
45069,69,0,0.1900375833360019,0.5609824665944968,45,interleaved
45070,70,0,0.28822381591803,0.6348610806673182,45,interleaved
45071,71,0,0.6407671684273762,0.5596004068397266,45,interleaved
45072,72,0,0.6730543285519406,0.6312827198011906,45,interleaved
45073,73,0,0.1644154332053442,0.5696126057583255,45,interleaved
45074,74,0,0.5797385423664978,0.39577557394621166,45,interleaved
45075,75,0,0.260316224477824,0.7451286641570228,45,interleaved
45076,76,0,0.34569996726762575,0.6070828409748323,45,interleaved
45077,77,0,0.3444421177232948,0.4969539313894299,45,interleaved
45078,78,0,0.6031170658271819,0.43739234259550164,45,interleaved
45079,79,0,0.5275069458609309,0.4852169198159936,45,interleaved
45080,80,0,0.8400170600838462,0.4155960498070821,45,interleaved
45081,81,0,0.7811778097928987,0.4111555699591623,45,interleaved
45082,82,0,0.8204068043237248,0.2963646446999675,45,interleaved
45083,83,0,0.6065779347885976,0.42450263119972265,45,interleaved
45084,84,0,0.8517758881621369,0.35204592627296305,45,interleaved
45085,85,0,0.5224659385085797,0.6781893169112485,45,interleaved
45086,86,0,0.6431273895956967,0.429325310204022,45,interleaved
45087,87,0,0.472216658553854,0.5398067486868787,45,interleaved
45088,88,0,0.5326778794330388,0.5098333753119795,45,interleaved
45089,89,0,0.43968622753721026,0.4085882003460508,45,interleaved
45090,90,0,0.8699366948402356,0.42724858056092796,45,interleaved
45091,91,0,0.6883205179399616,0.5762214978283257,45,interleaved
45092,92,0,0.9056493380055982,0.5181916231552721,45,interleaved
45093,93,0,0.5244026558993531,0.39528923985663844,45,interleaved
45094,94,0,0.4656969694483114,0.3650848888229089,45,interleaved
45095,95,0,0.5520706765712176,0.4300324750843098,45,interleaved
45096,96,0,0.554524223902472,0.3381137786639252,45,interleaved
45097,97,0,0.47580508481766187,0.39878395063719035,45,interleaved
45098,98,0,0.5949905012759351,0.4493367392319412,45,interleaved
45099,99,0,0.52075979308913,0.46988722778646974,45,interleaved
45100,100,0,0.7612507098315386,0.3751505960019455,45,interleaved
45101,101,0,0.1285178594635628,0.5174773717580766,45,interleaved
45102,102,0,0.5210470158746241,0.3690133788662895,45,interleaved
45103,103,0,0.743953556265571,0.4002784424736392,45,interleaved
45104,104,0,0.5298444427382567,0.4461035340702574,45,interleaved
45105,105,0,0.390736142930878,0.418853428670661,45,interleaved
45106,106,0,0.6606911127903863,0.40475915448792793,45,interleaved
45107,107,0,0.26888509886400463,0.614006956400406,45,interleaved
45108,108,0,0.6351874265334171,0.34638070555123557,45,interleaved
45109,109,0,0.6452416081222686,0.44238938380710163,45,interleaved
45110,110,0,0.247237534437302,0.4001661448530458,45,interleaved
45111,111,0,0.5666188085333608,0.43094385246441647,45,interleaved
45112,112,0,0.25808438052849864,0.5802210366317995,45,interleaved
45113,113,0,0.6668865179207286,0.47365767477138143,45,interleaved
45114,114,0,0.46766228253331077,0.4088752032090769,45,interleaved
45115,115,0,0.8272433394045213,0.48028567054978355,45,interleaved
45116,116,0,0.552407620803234,0.39864211211139966,45,interleaved
45117,117,0,0.8485425250229754,0.47242456218313467,45,interleaved
45118,118,0,0.7012775767464439,0.2841395022230314,45,interleaved
45119,119,0,0.36934653315123417,0.40225852767718917,45,interleaved
45120,120,0,0.6498977309939851,0.42387461808161775,45,interleaved
45121,121,0,0.5815936696814847,0.3109344628330729,45,interleaved
45122,122,0,0.8845195532849108,0.5184812594697914,45,interleaved
45123,123,0,0.4670323498361282,0.5827460781319207,45,interleaved
45124,124,0,0.015677006699036523,0.5389350769997967,45,interleaved
45125,125,0,0.5939083401030588,0.37772526983149557,45,interleaved
45126,126,0,0.8254495743731378,0.2794851656340056,45,interleaved
45127,127,0,0.5083712605451687,0.2984515666059811,45,interleaved
45128,128,0,0.4109044652142776,0.30085125270994717,45,interleaved
45129,129,0,0.7134645490460421,0.41783249943815637,45,interleaved
45130,130,0,0.5852666179509718,0.2970398014234068,45,interleaved
45131,131,0,0.6048623668012939,0.4033960176522171,45,interleaved
45132,132,0,0.41100401218895355,0.43211942465957526,45,interleaved
45133,133,0,0.9213944787035564,0.4079078190741215,45,interleaved
45134,134,0,0.407341221182444,0.31920270921603566,45,interleaved
45135,135,0,0.33853916680182355,0.25565768081886464,45,interleaved
45136,136,0,0.32029336368025396,0.34690634754198607,45,interleaved
45137,137,0,0.488554331990211,0.3231099326924496,45,interleaved
45138,138,0,0.2796985036215421,0.4720101996824442,45,interleaved
45139,139,0,0.8194596342246792,0.5464620088916865,45,interleaved
45140,140,0,0.2893959632107313,0.3875470970219901,45,interleaved
45141,141,0,0.6505620103665196,0.277472497902931,45,interleaved
45142,142,0,0.5742522231362305,0.5769318757447792,45,interleaved
45143,143,0,0.526509578987153,0.38366654427208297,45,interleaved
45144,144,0,0.7135896787147629,0.3635057758890944,45,interleaved
45145,145,0,0.7452197497964244,0.4336982493843627,45,interleaved
45146,146,0,0.6320475096111768,0.36257356709690136,45,interleaved
45147,147,0,0.27622911743169226,0.3774926621180693,45,interleaved
45148,148,0,0.5307289209971926,0.2888055484474511,45,interleaved
45149,149,0,0.15620767796840307,0.5486573537176118,45,interleaved
45150,150,0,0.6506763091063714,0.45255398726141327,45,interleaved
45151,151,0,0.5637881654095795,0.39972518703340415,45,interleaved
45152,152,0,0.24108940500645237,0.3989480133427492,45,interleaved
45153,153,0,0.3362108030013632,0.4771714916996033,45,interleaved
45154,154,0,0.7937565132813893,0.46140596335624195,45,interleaved
45155,155,0,0.6450357460721198,0.451741509284326,45,interleaved
45156,156,0,0.5479443252296607,0.49053245119589617,45,interleaved
45157,157,0,0.803229922313027,0.41422150845152683,45,interleaved
45158,158,0,0.5204077022485123,0.4123588427598972,45,interleaved
45159,159,0,0.3615443995129919,0.5337186095509288,45,interleaved
45160,160,0,0.6056129769901532,0.28144571564216736,45,interleaved
45161,161,0,0.6578489631614215,0.37085100272037863,45,interleaved
45162,162,0,0.5245897194901668,0.39683788854377566,45,interleaved
45163,163,0,0.49291021475104346,0.3314730200740102,45,interleaved
45164,164,0,0.5073643026040993,0.4361845594972314,45,interleaved
45165,165,0,0.28978781575397017,0.5254796066152634,45,interleaved
45166,166,0,0.03502590516734897,0.4380893730355112,45,interleaved
45167,167,0,0.15898074743980553,0.35645557905394476,45,interleaved
45168,168,0,0.300009202237436,0.4752810759491393,45,interleaved
45169,169,0,0.4541713954042712,0.3411932528353351,45,interleaved
45170,170,0,0.5382688325110124,0.3455549524935472,45,interleaved
45171,171,0,0.5267174460108325,0.4864622571084987,45,interleaved
45172,172,0,0.5141625373027572,0.41839468230584015,45,interleaved
45173,173,0,0.5938995687663776,0.5699848112407473,45,interleaved
45174,174,0,0.36569838869964555,0.3600348204255856,45,interleaved
45175,175,0,0.402224211604249,0.3866385981945591,45,interleaved
45176,176,0,0.4180245291635003,0.3706073077451264,45,interleaved
45177,177,0,0.4012203291775064,0.5363888243456294,45,interleaved
45178,178,0,0.47195465584909124,0.37365345986427767,45,interleaved
45179,179,0,0.4779825203763903,0.3398125167568449,45,interleaved
45180,180,0,0.7737573457460322,0.295112718141556,45,interleaved
45181,181,0,0.7872855094022639,0.42006527574008296,45,interleaved
45182,182,0,0.43712113538695263,0.31635901551617174,45,interleaved
45183,183,0,0.6666229798444325,0.3609421367706469,45,interleaved
45184,184,0,0.6818654519389654,0.3365075216925982,45,interleaved
45185,185,0,0.4882815312605563,0.5409930249977546,45,interleaved
45186,186,0,0.29447452248853206,0.4508785947775397,45,interleaved
45187,187,0,0.9458782641413048,0.45878095239630284,45,interleaved
45188,188,0,0.2391790232862531,0.6609902981502682,45,interleaved
45189,189,0,0.4020462376824933,0.3509882078268841,45,interleaved
45190,190,0,0.7278960258278588,0.3072029176789398,45,interleaved
45191,191,0,0.28004651914299095,0.262990849854802,45,interleaved
45192,192,0,0.9793795794605147,0.3017826797636813,45,interleaved
45193,193,0,0.1418795613954085,0.40339256553395886,45,interleaved
45194,194,0,0.774943324772595,0.3572955683799043,45,interleaved
45195,195,0,0.11006141352726626,0.3605972708319579,45,interleaved
45196,196,0,0.9638949803106076,0.29152950672432,45,interleaved
45197,197,0,0.43801576837230893,0.3634046174939829,45,interleaved
45198,198,0,0.4911884962471115,0.4608957002516596,45,interleaved
45199,199,0,0.901653849731404,0.5167557014597473,45,interleaved
45200,0,0,0.5117513931913057,0.6913054428261516,45,blocked
45201,1,0,0.5269728617369474,0.34872880423467384,45,blocked
45202,2,0,0.3033627948090269,0.5989124641509315,45,blocked
45203,3,0,0.27064794051229163,0.5228439408668045,45,blocked
45204,4,0,0.635601528666616,0.4494048484751567,45,blocked
45205,5,0,0.21461314734337092,0.6590253498535373,45,blocked
45206,6,0,0.6675026712817828,0.4863449835229149,45,blocked
45207,7,0,0.4720745789145682,0.3710079722069791,45,blocked
45208,8,0,0.5001101465819018,0.3726873692457507,45,blocked
45209,9,0,0.2804967393511204,0.47504390551865044,45,blocked
45210,10,0,0.6550838589556323,0.38075763511496186,45,blocked
45211,11,0,0.9282075892949424,0.38129347035813954,45,blocked
45212,12,0,0.7293233825183207,0.5181129739285977,45,blocked
45213,13,0,0.8555321219567893,0.4832414360093508,45,blocked
45214,14,0,0.7932370603048378,0.44169624138832697,45,blocked
45215,15,0,0.8964634647509642,0.4514738502618357,45,blocked
45216,16,0,0.9525424667976059,0.46748078554172046,45,blocked
45217,17,0,0.2218011815597675,0.48057635079736155,45,blocked
45218,18,0,0.8808075410492999,0.5742487312309481,45,blocked
45219,19,0,0.05039415406598563,0.6557290876685772,45,blocked
45220,20,0,0.30817830652153455,0.4015147819134367,45,blocked
45221,21,0,0.05859257878647502,0.5118078896972345,45,blocked
45222,22,0,0.5719823880503536,0.4774288005833919,45,blocked
45223,23,0,0.15307271121456875,0.3861285928222803,45,blocked
45224,24,0,0.1277552744780776,0.3948922677317374,45,blocked
45225,25,0,0.7275908302971109,0.3505184911223498,45,blocked
45226,26,0,0.5791169681714955,0.3730471906418872,45,blocked
45227,27,0,0.8688334256277006,0.5454022897196872,45,blocked
45228,28,0,0.5026333292852954,0.5465113277818192,45,blocked
45229,29,0,0.5427516993973718,0.4454268315108514,45,blocked
45230,30,0,0.3729299059128278,0.363809617476337,45,blocked
45231,31,0,0.6376177921495922,0.3293950820521666,45,blocked
45232,32,0,0.22120107903517458,0.45516394090002044,45,blocked
45233,33,0,0.5774704492036081,0.3337613248647865,45,blocked
45234,34,0,0.609549164137194,0.4307642165931712,45,blocked
45235,35,0,0.8523882206574895,0.5372878391772693,45,blocked
45236,36,0,0.33072614556787067,0.493992397058731,45,blocked
45237,37,0,0.7350121030202745,0.4016522703781054,45,blocked
45238,38,0,0.39125450522773936,0.5739349135174859,45,blocked
45239,39,0,0.4268688729084245,0.4565312994815749,45,blocked
45240,40,0,0.3655224203573668,0.5775031119015015,45,blocked
45241,41,0,0.1802197970894029,0.4125626821092274,45,blocked
45242,42,0,0.6443111115316802,0.429278947670922,45,blocked
45243,43,0,0.5320476438141652,0.5127591042599744,45,blocked
45244,44,0,0.3124072173828375,0.49947988865492127,45,blocked
45245,45,0,0.671756358923246,0.6059728092257387,45,blocked
45246,46,0,0.3685067397165298,0.5404543721892087,45,blocked
45247,47,0,0.6391823569223403,0.5592638717896512,45,blocked
45248,48,0,0.16995440016204114,0.5352227189252983,45,blocked
45249,49,0,0.4473969826650154,0.6310971853143279,45,blocked
45250,50,0,0.732691006769342,0.3564638203987609,45,blocked
45251,51,0,0.807776706965619,0.320494431824246,45,blocked
45252,52,0,0.8137448972573502,0.42746385561318134,45,blocked
45253,53,0,0.7762370565434616,0.31924486633103316,45,blocked
45254,54,0,0.14247012204041865,0.6007007076934469,45,blocked
45255,55,0,0.6115262726453747,0.5008467093810955,45,blocked
45256,56,0,0.6544161581116094,0.38039726620042075,45,blocked
45257,57,0,0.8495177658962922,0.5503039597271329,45,blocked
45258,58,0,0.7927461851801347,0.36040780885322027,45,blocked
45259,59,0,0.3324603053425642,0.5178163132104391,45,blocked
45260,60,0,0.7349478353928329,0.3304486396612659,45,blocked
45261,61,0,0.1484255239852786,0.48052940960259416,45,blocked
45262,62,0,0.2406847774273519,0.45813051753746326,45,blocked
45263,63,0,0.4383320691823106,0.4390964956319744,45,blocked
45264,64,0,0.7577475375388429,0.44669261333683385,45,blocked
45265,65,0,0.20038432246505894,0.39991307025149847,45,blocked
45266,66,0,0.34514056208096494,0.40710708787826105,45,blocked
45267,67,0,0.269479163142162,0.458415192130913,45,blocked
45268,68,0,0.6653390022438699,0.434123044971055,45,blocked
45269,69,0,0.8520308234744594,0.4706872690887834,45,blocked
45270,70,0,0.06138928543653466,0.4523217744106306,45,blocked
45271,71,0,0.7026317139426008,0.2354982610997847,45,blocked
45272,72,0,0.2304004540122266,0.4091941609593437,45,blocked
45273,73,0,0.2790828544749109,0.4374236344115038,45,blocked
45274,74,0,0.41301921374808326,0.400926515826199,45,blocked
45275,75,0,0.5521638970872389,0.43842239286998297,45,blocked
45276,76,0,0.42902741788956317,0.40114381524325216,45,blocked
45277,77,0,0.49200900684475557,0.4413833098982338,45,blocked
45278,78,0,0.41861324178850445,0.4856602121541276,45,blocked
45279,79,0,0.6582864209275096,0.3614762767333506,45,blocked
45280,80,0,0.4526221722278031,0.49891596706877395,45,blocked
45281,81,0,0.1607330500015989,0.5981505977134034,45,blocked
45282,82,0,0.2571710229874901,0.38585451287847256,45,blocked
45283,83,0,0.5602090098405976,0.5611480784188945,45,blocked
45284,84,0,0.44097179974972567,0.4208439150621529,45,blocked
45285,85,0,0.5557490686133013,0.39684184882365214,45,blocked
45286,86,0,0.8111505832520955,0.43322562724372005,45,blocked
45287,87,0,0.6569891935826273,0.30517970110055515,45,blocked
45288,88,0,0.11507387048293635,0.3390245020822016,45,blocked
45289,89,0,0.7138567906356027,0.4195509716108544,45,blocked
45290,90,0,0.6890181865096217,0.3337003451326409,45,blocked
45291,91,0,0.12170544832594626,0.5143235508801227,45,blocked
45292,92,0,0.545213998567238,0.5118417874410022,45,blocked
45293,93,0,0.225379483907028,0.33437254303980596,45,blocked
45294,94,0,0.9070056612541042,0.3994589705104967,45,blocked
45295,95,0,0.02089054798083865,0.568126780391065,45,blocked
45296,96,0,0.9744106926513738,0.3001373779145312,45,blocked
45297,97,0,0.04344629379876426,0.5595940272569773,45,blocked
45298,98,0,0.4527076060264115,0.31651620109243284,45,blocked
45299,99,0,0.2896515277142869,0.3550108520195109,45,blocked
45300,100,0,0.2777495791252538,0.4878979777277336,45,blocked
45301,101,0,0.7867016384672612,0.298479121936324,45,blocked
45302,102,0,0.5799304412296986,0.32645619848768814,45,blocked
45303,103,0,0.40216499251224275,0.4150329642234699,45,blocked
45304,104,0,0.5701023402570055,0.4678455374213688,45,blocked
45305,105,0,0.5151506446813146,0.3939896749825553,45,blocked
45306,106,0,0.6620499053181331,0.33220573170872003,45,blocked
45307,107,0,0.5176102498465349,0.39136622383367947,45,blocked
45308,108,0,0.2916197247313385,0.41717348289134104,45,blocked
45309,109,0,0.7573039293739823,0.3304485109098535,45,blocked
45310,110,0,0.38000917469168244,0.36924937956685155,45,blocked
45311,111,0,0.5962022559260893,0.2922096846618094,45,blocked
45312,112,0,0.45384656238966686,0.34326661551848936,45,blocked
45313,113,0,0.540033783992454,0.32890990346255145,45,blocked
45314,114,0,0.8970259445446747,0.26192796322033723,45,blocked
45315,115,0,0.5611052206629662,0.6224768109018339,45,blocked
45316,116,0,0.17851125408647034,0.4949514659716323,45,blocked
45317,117,0,0.746285794278718,0.3392710275194168,45,blocked
45318,118,0,0.6699540747486716,0.3476103186903122,45,blocked
45319,119,0,0.8540152723131436,0.3771984665358147,45,blocked
45320,120,0,0.5349639235831538,0.3785116615147279,45,blocked
45321,121,0,0.30955461075466606,0.4121627314792329,45,blocked
45322,122,0,0.6425427918194502,0.4428671695969597,45,blocked
45323,123,0,0.43570399223980294,0.32309145138840323,45,blocked
45324,124,0,0.6333069799427858,0.4237394491318312,45,blocked
45325,125,0,0.12366415170131073,0.4040359743227988,45,blocked
45326,126,0,0.5271156905610839,0.3116684987250914,45,blocked
45327,127,0,0.6801302901696644,0.2912701522680013,45,blocked
45328,128,0,0.6974920421918509,0.36546848908167784,45,blocked
45329,129,0,0.6260949245351575,0.44936295257193887,45,blocked
45330,130,0,0.9043699002933776,0.41721563311819254,45,blocked
45331,131,0,0.07646787651292515,0.5071763652482153,45,blocked
45332,132,0,0.29398417087182455,0.4792286230172934,45,blocked
45333,133,0,0.2700861116893515,0.39842234737252513,45,blocked
45334,134,0,0.5283246328458249,0.6315919569461717,45,blocked
45335,135,0,0.7891806476128669,0.39035814595232854,45,blocked
45336,136,0,0.7716740110389921,0.41643420227605343,45,blocked
45337,137,0,0.9141883839349845,0.2650526836865502,45,blocked
45338,138,0,0.04646535159257777,0.45331096303196844,45,blocked
45339,139,0,0.31801444831137027,0.3754348127795013,45,blocked
45340,140,0,0.7463212300065681,0.40415237025385786,45,blocked
45341,141,0,0.5312229020892678,0.4242657766547633,45,blocked
45342,142,0,0.4507873946731109,0.3304755244036327,45,blocked
45343,143,0,0.8181532127858875,0.29709801650696144,45,blocked
45344,144,0,0.6877501255240903,0.42680958674634484,45,blocked
45345,145,0,0.18476494372143365,0.3356284225482665,45,blocked
45346,146,0,0.6864270028898094,0.5303357240162239,45,blocked
45347,147,0,0.7183809537501229,0.27366924652993513,45,blocked
45348,148,0,0.23554517912585554,0.36540805518275055,45,blocked
45349,149,0,0.509206220621541,0.3713101572073774,45,blocked
45350,150,0,0.8810230893533475,0.3436609466928966,45,blocked
45351,151,0,0.9759901604656986,0.35830746264350777,45,blocked
45352,152,0,0.45311242242729155,0.5196021162694998,45,blocked
45353,153,0,0.4135484446865846,0.3966498592739627,45,blocked
45354,154,0,0.6858647576574656,0.39850596107745717,45,blocked
45355,155,0,0.8518546517784841,0.41883782108794276,45,blocked
45356,156,0,0.7801325511997809,0.4021753638754253,45,blocked
45357,157,0,0.9311849718697163,0.379085862638201,45,blocked
45358,158,0,0.9241238382961662,0.45082110672527775,45,blocked
45359,159,0,0.4854313427512972,0.5667017439265214,45,blocked
45360,160,0,0.7711393753204563,0.4102788841380038,45,blocked
45361,161,0,0.5091780296302436,0.41317518695978595,45,blocked
45362,162,0,0.7403296049241466,0.4122481574350003,45,blocked
45363,163,0,0.6010078357811124,0.27136734616632663,45,blocked
45364,164,0,0.7211361086986985,0.3090043470512227,45,blocked
45365,165,0,0.8757725616830154,0.2341543358127633,45,blocked
45366,166,0,0.039811056786329846,0.5086829732515004,45,blocked
45367,167,0,0.1863554301261388,0.4696408595206636,45,blocked
45368,168,0,0.13674178783089438,0.3925253992270674,45,blocked
45369,169,0,0.1627172721323386,0.3911298807669342,45,blocked
45370,170,0,0.6946926283335544,0.2819017432177448,45,blocked
45371,171,0,0.7409410275785433,0.42011713564393915,45,blocked
45372,172,0,0.9341458702393302,0.4107408658633959,45,blocked
45373,173,0,0.6518781222108074,0.45833772723157373,45,blocked
45374,174,0,0.2938530658630836,0.29951499447466273,45,blocked
45375,175,0,0.5797875168137048,0.393950834917997,45,blocked
45376,176,0,0.431981030732035,0.3968419853804974,45,blocked
45377,177,0,0.7180124589851008,0.2893771370671083,45,blocked
45378,178,0,0.6145712648302508,0.27624305307019814,45,blocked
45379,179,0,0.26316650136638364,0.40207978246334947,45,blocked
45380,180,0,0.3961256398362384,0.512891022307336,45,blocked
45381,181,0,0.6307701287575174,0.3532478259585763,45,blocked
45382,182,0,0.37832747984010556,0.5672550730787654,45,blocked
45383,183,0,0.653783147077297,0.26869622253701175,45,blocked
45384,184,0,0.14702828385369282,0.4543419648387515,45,blocked
45385,185,0,0.9885956066253573,0.29337663963331023,45,blocked
45386,186,0,0.712438666649456,0.18889771956276974,45,blocked
45387,187,0,0.2804393663886117,0.5648750100091828,45,blocked
45388,188,0,0.08181810898329883,0.3184662362154971,45,blocked
45389,189,0,0.9173399399641313,0.44316956688957765,45,blocked
45390,190,0,0.46131645411943184,0.4116969579055443,45,blocked
45391,191,0,0.5045121159324536,0.2471509128947875,45,blocked
45392,192,0,0.32562963841810466,0.3865993858264143,45,blocked
45393,193,0,0.46424770695050965,0.3934824683160039,45,blocked
45394,194,0,0.46518017889193625,0.3175226127016186,45,blocked
45395,195,0,0.48389074678042276,0.2949591721503437,45,blocked
45396,196,0,0.3601065188248651,0.3580018181248731,45,blocked
45397,197,0,0.4219195922585402,0.3269653107214372,45,blocked
45398,198,0,0.6815331653600869,0.3103488976633052,45,blocked
45399,199,0,0.06324212735487364,0.3661839634683586,45,blocked
45400,0,0,0.561368873625411,0.7747284210957448,45,early
45401,1,0,0.8348365047885437,0.47412717392908776,45,early
45402,2,0,0.44356451048609147,0.5786066452763161,45,early
45403,3,0,0.6163518795689114,0.5059961344300188,45,early
45404,4,0,0.24603721925421676,0.6410418106604822,45,early
45405,5,0,0.5329098786575978,0.5474920576109461,45,early
45406,6,0,0.4353139750221835,0.7246462793155306,45,early
45407,7,0,0.17371052766605588,0.7495970040951303,45,early
45408,8,0,0.8586962665047997,0.7638261200212098,45,early
45409,9,0,0.20989716863642585,0.5038726464132302,45,early
45410,10,0,0.6261626172127019,0.5787364306009384,45,early
45411,11,0,0.8336351943461964,0.38006148423733305,45,early
45412,12,0,0.23845773967475825,0.6148906218121625,45,early
45413,13,0,0.785261929898715,0.5258730615386205,45,early
45414,14,0,0.5519814744293855,0.44906784689989493,45,early
45415,15,0,0.6539929718074597,0.43765667773967865,45,early
45416,16,0,0.3950683193874664,0.4028350597542065,45,early
45417,17,0,0.8758989590748036,0.5324993643645601,45,early
45418,18,0,0.7568578878588278,0.608498771442369,45,early
45419,19,0,0.797246063054507,0.5784635284160429,45,early
45420,20,0,0.44033805924288616,0.633040549592129,45,early
45421,21,0,0.5225986959274446,0.40351189440214674,45,early
45422,22,0,0.6617146805028518,0.48704465766275845,45,early
45423,23,0,0.5498882056078654,0.37383029622782515,45,early
45424,24,0,0.6445807977415804,0.5436026552891656,45,early
45425,25,0,0.5132321006225123,0.6932276129679353,45,early
45426,26,0,0.8173028655493593,0.45956526452580376,45,early
45427,27,0,0.10452516710747847,0.4046627304465429,45,early
45428,28,0,0.18932127258224868,0.4750172408556806,45,early
45429,29,0,0.43061335943827617,0.533423217381101,45,early
45430,30,0,0.5714884834787136,0.5880105387239332,45,early
45431,31,0,0.5472334896483869,0.5205929980069567,45,early
45432,32,0,0.7388305881624577,0.37362182907055114,45,early
45433,33,0,0.6351672290120083,0.5897962159765728,45,early
45434,34,0,0.32933405045448944,0.46887335770343286,45,early
45435,35,0,0.2535241805659695,0.5676916560545566,45,early
45436,36,0,0.5633532908217794,0.5207829193209088,45,early
45437,37,0,0.7711268417218424,0.7109467728839542,45,early
45438,38,0,0.4923189056822651,0.6928976970064367,45,early
45439,39,0,0.6031413939984902,0.4220593631578803,45,early
45440,40,0,0.32584576735095594,0.5543366144196329,45,early
45441,41,0,0.5468154433495233,0.514384446577039,45,early
45442,42,0,0.8945124497492544,0.41020255074975637,45,early
45443,43,0,0.5307794197419592,0.50271585600833,45,early
45444,44,0,0.6133980543575506,0.5379196652322124,45,early
45445,45,0,0.010269411732941788,0.7652519085827142,45,early
45446,46,0,0.04816292518227028,0.6995966857634064,45,early
45447,47,0,0.7655710103756147,0.6066715714428621,45,early
45448,48,0,0.026973518907830896,0.5410101371072179,45,early
45449,49,0,0.8380661815607575,0.37889108473414945,45,early
45450,50,0,0.11970424360260906,0.506874442387325,45,early
45451,51,0,0.5012011770801046,0.38246600872775083,45,early
45452,52,0,0.5150547570762082,0.5202225101695053,45,early
45453,53,0,0.8262572308981397,0.3956205992703388,45,early
45454,54,0,0.9161068638609968,0.36671595140817753,45,early
45455,55,0,0.07495346024566146,0.7673938463033114,45,early
45456,56,0,0.4738791640827618,0.6569711791837494,45,early
45457,57,0,0.3702572537107597,0.49029029023739223,45,early
45458,58,0,0.2658379816192988,0.6886734136645793,45,early
45459,59,0,0.6782572167667853,0.4980429424964738,45,early
45460,60,0,0.9527101639344594,0.4228312140855627,45,early
45461,61,0,0.04570954309881977,0.6345044093044783,45,early
45462,62,0,0.14699917076448388,0.5128018894804982,45,early
45463,63,0,0.5566508795678804,0.45012614790331784,45,early
45464,64,0,0.19163304778739382,0.5577693298184727,45,early
45465,65,0,0.06381592155323758,0.546183055536496,45,early
45466,66,0,0.24990756550663845,0.5852354891662379,45,early
45467,67,0,0.8763426803220191,0.44800068013423444,45,early
45468,68,0,0.7515129999520598,0.407595211817805,45,early
45469,69,0,0.9324258713181615,0.3929853448068311,45,early
45470,70,0,0.11680366159932105,0.4550179072647813,45,early
45471,71,0,0.9410080255098932,0.4292100869391007,45,early
45472,72,0,0.9008085207536611,0.37311186345797565,45,early
45473,73,0,0.9807618119311927,0.32065810034977216,45,early
45474,74,0,0.9780880192435923,0.3869091452469392,45,early
45475,75,0,0.9580951558559558,0.3468829334457362,45,early
45476,76,0,0.14991895382347328,0.5621366317304071,45,early
45477,77,0,0.22687368619253812,0.5375328774176951,45,early
45478,78,0,0.8766766169688467,0.2999891525272538,45,early
45479,79,0,0.37413548423903265,0.5497382006071829,45,early
45480,80,0,0.5812878159038055,0.5139932424123366,45,early
45481,81,0,0.4852848882839873,0.5732866463565215,45,early
45482,82,0,0.6721602938216087,0.656898703411988,45,early
45483,83,0,0.9156603387939465,0.4649920579870675,45,early
45484,84,0,0.5470837336470901,0.42415527935125824,45,early
45485,85,0,0.21247566358851078,0.6521010831439544,45,early
45486,86,0,0.15975391267247976,0.4797673125570161,45,early
45487,87,0,0.5411419052356229,0.37132654205784354,45,early
45488,88,0,0.780653263136756,0.3920591966843464,45,early
45489,89,0,0.5209390827836446,0.5085892389451074,45,early
45490,90,0,0.8018518292045966,0.4342096214832115,45,early
45491,91,0,0.5144215291470765,0.3539089389790351,45,early
45492,92,0,0.6442544680311165,0.4860342092038777,45,early
45493,93,0,0.8722801914787024,0.5887920724325915,45,early
45494,94,0,0.8082484016866205,0.5159994461951601,45,early
45495,95,0,0.8678660548763305,0.5199456479460806,45,early
45496,96,0,0.07811094237130323,0.6401308225574496,45,early
45497,97,0,0.4165586649386352,0.3839991044097406,45,early
45498,98,0,0.7146330498323242,0.5178721246495965,45,early
45499,99,0,0.7720844832013103,0.4918436331385474,45,early
45500,100,0,0.6120494273285007,0.42230789412547765,45,early
45501,101,0,0.6700432233690561,0.4478651082507783,45,early
45502,102,0,0.348194108639244,0.3021648366039916,45,early
45503,103,0,0.928578163788712,0.5197076466159201,45,early
45504,104,0,0.5296321629119869,0.5173948153184045,45,early
45505,105,0,0.3937603413986056,0.4936407505662638,45,early
45506,106,0,0.6924088291584091,0.6073729770314503,45,early
45507,107,0,0.17520257642563258,0.463635472596852,45,early
45508,108,0,0.392740789849308,0.5353974968928465,45,early
45509,109,0,0.45253542013134274,0.5511044466881889,45,early
45510,110,0,0.5212923722191312,0.37564695500698575,45,early
45511,111,0,0.7205844057405261,0.3981150284316911,45,early
45512,112,0,0.6859696797229493,0.560363354482851,45,early
45513,113,0,0.46952170494550993,0.47229111813169045,45,early
45514,114,0,0.6330625435951833,0.4606236911466563,45,early
45515,115,0,0.616765172584752,0.4266173588353114,45,early
45516,116,0,0.5747266217908401,0.5333216122208805,45,early
45517,117,0,0.5167458107966105,0.514212787507631,45,early
45518,118,0,0.2475930833115774,0.5555099140389107,45,early
45519,119,0,0.4867450362115825,0.47479774632207944,45,early
45520,120,0,0.8405055155173082,0.4547113946755864,45,early
45521,121,0,0.9021876028730708,0.590983650492022,45,early
45522,122,0,0.6120897830381709,0.5048977270591734,45,early
45523,123,0,0.2748594719356014,0.38130779611400417,45,early
45524,124,0,0.6689640660972501,0.41741603453153664,45,early
45525,125,0,0.2372789916980109,0.47594702065981365,45,early
45526,126,0,0.6329706662011096,0.4353733172871959,45,early
45527,127,0,0.9259124216718015,0.2646371508331211,45,early
45528,128,0,0.5016416966831677,0.48527678827392784,45,early
45529,129,0,0.41327044279004166,0.5379403327915313,45,early
45530,130,0,0.4066622807882131,0.40142293711397714,45,early
45531,131,0,0.7640354238172931,0.2806135889034741,45,early
45532,132,0,0.6241333575617257,0.32374514292555456,45,early
45533,133,0,0.37091580889296943,0.43160198624481483,45,early
45534,134,0,0.5699579548863888,0.5002396529846124,45,early
45535,135,0,0.24304933362837838,0.5043548021389463,45,early
45536,136,0,0.5529621777013097,0.43239586156097104,45,early
45537,137,0,0.6108435831482951,0.4181277726986423,45,early
45538,138,0,0.5261781415076848,0.30119586618916144,45,early
45539,139,0,0.9454228258731108,0.2434127038401411,45,early
45540,140,0,0.41001047439086913,0.4333560849856911,45,early
45541,141,0,0.22735933732124053,0.5013015159866607,45,early
45542,142,0,0.3243013479617517,0.5212702809274465,45,early
45543,143,0,0.8997521050442524,0.4071804005704325,45,early
45544,144,0,0.46019292441009885,0.4889342252964621,45,early
45545,145,0,0.6676750030260403,0.36083556680991047,45,early
45546,146,0,0.4774495908100219,0.40379027639856285,45,early
45547,147,0,0.7993754060140309,0.3623144629391186,45,early
45548,148,0,0.5574971245649752,0.35197641357220033,45,early
45549,149,0,0.6693646982055772,0.6059179978085879,45,early
45550,150,0,0.5302257454914434,0.4601533815552676,45,early
45551,151,0,0.6406309327570126,0.35710409253625003,45,early
45552,152,0,0.25748563560094395,0.43805303870610734,45,early
45553,153,0,0.6214770375565766,0.29670409555386223,45,early
45554,154,0,0.41200521657281325,0.40445204838367466,45,early
45555,155,0,0.2372958677134584,0.4123419035565552,45,early
45556,156,0,0.9056818155604158,0.510260855411387,45,early
45557,157,0,0.8062483677201888,0.4660566939998429,45,early
45558,158,0,0.13184858001337602,0.5637434927689101,45,early
45559,159,0,0.7847024773830482,0.3901084603789814,45,early
45560,160,0,0.4179160776010574,0.533881883811173,45,early
45561,161,0,0.7591779000479946,0.48013180415024126,45,early
45562,162,0,0.7392221457561312,0.34664996661276104,45,early
45563,163,0,0.7217710756999012,0.4268849887458636,45,early
45564,164,0,0.8558151035249548,0.4570873690903391,45,early
45565,165,0,0.25239774990987185,0.5504463969446576,45,early
45566,166,0,0.8008900708820401,0.40457022100133927,45,early
45567,167,0,0.6917775552842125,0.5658322717503333,45,early
45568,168,0,0.570501601560023,0.5714594052768882,45,early
45569,169,0,0.596731639013221,0.4093905966892307,45,early
45570,170,0,0.7971232179988501,0.3969363660893997,45,early
45571,171,0,0.6612216217471166,0.5044763017757989,45,early
45572,172,0,0.5374408611098681,0.4647455670843218,45,early
45573,173,0,0.5063848532376143,0.432186210128611,45,early
45574,174,0,0.207358052856327,0.4767905775706903,45,early
45575,175,0,0.34364368328166206,0.5240978795728592,45,early
45576,176,0,0.6649427131855746,0.598514067419264,45,early
45577,177,0,0.4943892228096512,0.295857550225814,45,early
45578,178,0,0.5310111377872633,0.466118119937053,45,early
45579,179,0,0.8992918277743565,0.3862757274486987,45,early
45580,180,0,0.8756155941080375,0.3125134375342268,45,early
45581,181,0,0.4821849261588796,0.45164239590158006,45,early
45582,182,0,0.5518617778344022,0.5153548399171747,45,early
45583,183,0,0.4037894964863395,0.4412416670196218,45,early
45584,184,0,0.7909348140849954,0.35850589663562515,45,early
45585,185,0,0.7609346529698036,0.3638197718911509,45,early
45586,186,0,0.7143184363689553,0.37785331618358914,45,early
45587,187,0,0.7480265659922449,0.4018219467270734,45,early
45588,188,0,0.08204222941829752,0.5656382270378348,45,early
45589,189,0,0.6100427572819254,0.6044100129763934,45,early
45590,190,0,0.9275820576597749,0.35807926569872095,45,early
45591,191,0,0.2185672021212766,0.4079990082747424,45,early
45592,192,0,0.648477744395231,0.4279735947398885,45,early
45593,193,0,0.6638240705181597,0.38651991043939593,45,early
45594,194,0,0.4400308439275043,0.5022948573543152,45,early
45595,195,0,0.8098165729508009,0.45926821836919607,45,early
45596,196,0,0.9297425966722254,0.3418271862846036,45,early
45597,197,0,0.5289801953169748,0.45222574222313183,45,early
45598,198,0,0.6744487678013543,0.40226122129013486,45,early
45599,199,0,0.27455129109852666,0.6765728279794043,45,early
45600,0,0,0.5692664656069423,0.6755744249369737,45,middle
45601,1,0,0.7088924677839972,0.5721155406559164,45,middle
45602,2,0,0.5490555213281152,0.5275448819159383,45,middle
45603,3,0,0.047672238563578787,0.5004912206755322,45,middle
45604,4,0,0.5159759281392583,0.2876475256791995,45,middle
45605,5,0,0.6844663557350363,0.43715103542744854,45,middle
45606,6,0,0.4947784842340618,0.4679980933514438,45,middle
45607,7,0,0.21421477095098965,0.7172392493167681,45,middle
45608,8,0,0.7749815208591458,0.4538705478514986,45,middle
45609,9,0,0.641643239177968,0.7439746372935451,45,middle
45610,10,0,0.5476075785357069,0.43288255519170393,45,middle
45611,11,0,0.6083782522516743,0.4172250416932929,45,middle
45612,12,0,0.7050162969309285,0.46926405777325664,45,middle
45613,13,0,0.18084842922461122,0.6045545566186199,45,middle
45614,14,0,0.7925782507942476,0.5572316942394022,45,middle
45615,15,0,0.4144275424302083,0.4806588632541411,45,middle
45616,16,0,0.565652207200187,0.5111865447515666,45,middle
45617,17,0,0.5804955170900402,0.4812799009829436,45,middle
45618,18,0,0.1281898941496692,0.6566532106633521,45,middle
45619,19,0,0.4540837409043229,0.5659862859658904,45,middle
45620,20,0,0.5585658597339161,0.446885490435229,45,middle
45621,21,0,0.9185434232720494,0.5356393351379225,45,middle
45622,22,0,0.8638822766440897,0.40484586458970995,45,middle
45623,23,0,0.2039996742129513,0.554216105083074,45,middle
45624,24,0,0.5325112817966373,0.34286495950714124,45,middle
45625,25,0,0.5302962838258007,0.5681582049395222,45,middle
45626,26,0,0.4722681058115354,0.4900988119278899,45,middle
45627,27,0,0.7437397625892324,0.5365346287951047,45,middle
45628,28,0,0.45733799674985354,0.518039883443336,45,middle
45629,29,0,0.7657242402510098,0.35685891927444774,45,middle
45630,30,0,0.3725345679229244,0.470469540837232,45,middle
45631,31,0,0.31301174872118465,0.605551184409008,45,middle
45632,32,0,0.4307493176951691,0.5126345859234938,45,middle
45633,33,0,0.6974726232635405,0.5554559832329534,45,middle
45634,34,0,0.02317504025477775,0.5476295292856171,45,middle
45635,35,0,0.6364135781378326,0.44248132111975014,45,middle
45636,36,0,0.3755073138657446,0.455104591728801,45,middle
45637,37,0,0.900880517760385,0.3825606974489613,45,middle
45638,38,0,0.4654126210822905,0.46599761489774316,45,middle
45639,39,0,0.9724267958514654,0.39550827049810316,45,middle
45640,40,0,0.2746119524611797,0.5849979698125538,45,middle
45641,41,0,0.4384746499901634,0.5829571290259623,45,middle
45642,42,0,0.21157819426298222,0.38944746473477976,45,middle
45643,43,0,0.681765265326892,0.37667719264814836,45,middle
45644,44,0,0.5733550809721228,0.4056290680382427,45,middle
45645,45,0,0.6884825154512464,0.3908202639423459,45,middle
45646,46,0,0.16331764939852983,0.7097757035373871,45,middle
45647,47,0,0.8649857097295864,0.41370827413809474,45,middle
45648,48,0,0.7981669571438555,0.3170825729215827,45,middle
45649,49,0,0.4412808424567891,0.5301559882096133,45,middle
45650,50,0,0.7993843717700271,0.3723370444453238,45,middle
45651,51,0,0.44454071687521224,0.38204061648612814,45,middle
45652,52,0,0.5299684858510426,0.37999253862452553,45,middle
45653,53,0,0.9466086902915731,0.5581187724470738,45,middle
45654,54,0,0.8766031518893513,0.48114452765897076,45,middle
45655,55,0,0.21295125805684784,0.5946496047056189,45,middle
45656,56,0,0.4271356159315504,0.4313784576460851,45,middle
45657,57,0,0.6848570774038808,0.6191328002536286,45,middle
45658,58,0,0.5642278277084702,0.3905078131883714,45,middle
45659,59,0,0.8595129195640283,0.49685090334202403,45,middle
45660,60,0,0.8615847178351516,0.6418020761026848,45,middle
45661,61,0,0.37839526821669395,0.44099092042585997,45,middle
45662,62,0,0.2020332943759936,0.3919635640555496,45,middle
45663,63,0,0.5069188992199162,0.3030523673473061,45,middle
45664,64,0,0.5821069312130607,0.35959288351424956,45,middle
45665,65,0,0.28824097738514814,0.5241513458884897,45,middle
45666,66,0,0.8569168625953122,0.3228948410077277,45,middle
45667,67,0,0.5572939895855511,0.4164295480132361,45,middle
45668,68,0,0.6956535705275791,0.49361939906677665,45,middle
45669,69,0,0.9307901879596647,0.40898528058414163,45,middle
45670,70,0,0.1381922480196466,0.6189144519746961,45,middle
45671,71,0,0.3092554331468462,0.5862497384780031,45,middle
45672,72,0,0.4919943910843922,0.3355934241734628,45,middle
45673,73,0,0.1984951704542957,0.4325569501644527,45,middle
45674,74,0,0.4620416593460042,0.5257573639582951,45,middle
45675,75,0,0.5132097096218483,0.6452050780326122,45,middle
45676,76,0,0.19014648776600207,0.6645796848455836,45,middle
45677,77,0,0.589921582894261,0.4765062366568728,45,middle
45678,78,0,0.5253401796554444,0.45161404419252604,45,middle
45679,79,0,0.5755636956521634,0.40367343312212506,45,middle
45680,80,0,0.9164593939448102,0.3838358962620759,45,middle
45681,81,0,0.6586071681677038,0.41567623564453815,45,middle
45682,82,0,0.5419975578579224,0.5428852887458013,45,middle
45683,83,0,0.6146263806501935,0.48485400847849514,45,middle
45684,84,0,0.6226933269214607,0.5074377197709522,45,middle
45685,85,0,0.6965477626273846,0.42988185436200843,45,middle
45686,86,0,0.11669449184678751,0.4215278436464204,45,middle
45687,87,0,0.8197353578509281,0.3966895362943187,45,middle
45688,88,0,0.18219776646698688,0.5653867450700518,45,middle
45689,89,0,0.8234627102766592,0.38471480196911234,45,middle
45690,90,0,0.09598498571705726,0.43718897850555133,45,middle
45691,91,0,0.823067703794873,0.3391539726862016,45,middle
45692,92,0,0.8114627401567198,0.4743387430653615,45,middle
45693,93,0,0.7490756008055972,0.41235622695599194,45,middle
45694,94,0,0.19073576025813446,0.4610181710104579,45,middle
45695,95,0,0.14478451402439152,0.5905608767977308,45,middle
45696,96,0,0.6735234434856713,0.5957391017532906,45,middle
45697,97,0,0.9208827206513127,0.425146833983497,45,middle
45698,98,0,0.956031606877906,0.4261496225754585,45,middle
45699,99,0,0.24257988732911323,0.3928092100846605,45,middle
45700,100,0,0.08564691323969231,0.4204793837028692,45,middle
45701,101,0,0.9115130421556747,0.3153907285832406,45,middle
45702,102,0,0.7798171309962987,0.5055352211353086,45,middle
45703,103,0,0.5531845822837611,0.3397701612707674,45,middle
45704,104,0,0.27710538710364946,0.5112324152304165,45,middle
45705,105,0,0.8393716913779214,0.39669268112801526,45,middle
45706,106,0,0.6122379598427727,0.4216900799594417,45,middle
45707,107,0,0.24832188405853453,0.4641389862828298,45,middle
45708,108,0,0.927924353504741,0.32009752669813285,45,middle
45709,109,0,0.8302562218638188,0.32363078834339026,45,middle
45710,110,0,0.4516591685194982,0.41201798082628127,45,middle
45711,111,0,0.38212097328421885,0.5759507186833202,45,middle
45712,112,0,0.6639934189637766,0.37382434377691387,45,middle
45713,113,0,0.5565435262109949,0.40303360268406396,45,middle
45714,114,0,0.8371445738550969,0.39336105228040114,45,middle
45715,115,0,0.5380114724139183,0.33098547559099645,45,middle
45716,116,0,0.24742151017220088,0.35767740360107925,45,middle
45717,117,0,0.2722876343098858,0.5148645791563505,45,middle
45718,118,0,0.28342917965772585,0.3737825110269003,45,middle
45719,119,0,0.7622358249825761,0.45785551956161286,45,middle
45720,120,0,0.6863172985836026,0.3690153558532671,45,middle
45721,121,0,0.4914589257442382,0.34331057787307756,45,middle
45722,122,0,0.5459221019204128,0.4188421476011575,45,middle
45723,123,0,0.8343556380489856,0.327142262892936,45,middle
45724,124,0,0.5349992650047086,0.3916611643150815,45,middle
45725,125,0,0.6000031763141658,0.5659435678837268,45,middle
45726,126,0,0.054837784363493416,0.4630003310634655,45,middle
45727,127,0,0.9422734376040149,0.37079765536414444,45,middle
45728,128,0,0.8964715283272102,0.31075840647400654,45,middle
45729,129,0,0.4381212359045596,0.3942662088445195,45,middle
45730,130,0,0.5671609673880248,0.4349538243240384,45,middle
45731,131,0,0.34251699773083016,0.5308615141511891,45,middle
45732,132,0,0.34644035573134396,0.4415284849830059,45,middle
45733,133,0,0.42397595197572807,0.44432369623446166,45,middle
45734,134,0,0.2617178701617193,0.4631108002290105,45,middle
45735,135,0,0.40270005813525284,0.4754641243158243,45,middle
45736,136,0,0.28798604340600403,0.4313615192511448,45,middle
45737,137,0,0.8974350072524794,0.3481347143663346,45,middle
45738,138,0,0.465173938384263,0.5256434970482515,45,middle
45739,139,0,0.5738183989778685,0.36709084694646926,45,middle
45740,140,0,0.17545766817442876,0.5417495663390592,45,middle
45741,141,0,0.7568651876060168,0.5516723960811571,45,middle
45742,142,0,0.4738945820949426,0.3565719593941712,45,middle
45743,143,0,0.27584316166172507,0.5348216990964711,45,middle
45744,144,0,0.7068115540249198,0.3156728484597323,45,middle
45745,145,0,0.48934667980469637,0.5849105568066144,45,middle
45746,146,0,0.9136024879366268,0.4057719431879324,45,middle
45747,147,0,0.5475402186482989,0.39199553744108717,45,middle
45748,148,0,0.5800228735772059,0.443693652503829,45,middle
45749,149,0,0.600549576674718,0.48465302784596287,45,middle
45750,150,0,0.8744831206164709,0.33347438970050924,45,middle
45751,151,0,0.5016577270955105,0.39652809910624837,45,middle
45752,152,0,0.2913195095261733,0.402411694248452,45,middle
45753,153,0,0.6808765242537873,0.391893332527242,45,middle
45754,154,0,0.38739416938137966,0.41040003250381274,45,middle
45755,155,0,0.37516874669739175,0.3625330920716015,45,middle
45756,156,0,0.49041771453860655,0.5796228565778052,45,middle
45757,157,0,0.6742069148646004,0.4768731331147169,45,middle
45758,158,0,0.23412814956256944,0.38478100444455454,45,middle
45759,159,0,0.7409867002233406,0.43583456675154564,45,middle
45760,160,0,0.780236676420673,0.40484524575961156,45,middle
45761,161,0,0.5115089229880598,0.524637371068621,45,middle
45762,162,0,0.38226892526049994,0.4355201003949303,45,middle
45763,163,0,0.4152043604034874,0.4563843202147879,45,middle
45764,164,0,0.204658140465596,0.5034244241163683,45,middle
45765,165,0,0.588783596446763,0.48541525533948315,45,middle
45766,166,0,0.6860202010121408,0.3505197190056263,45,middle
45767,167,0,0.4586022559425691,0.38258248531307704,45,middle
45768,168,0,0.3575750917906179,0.29811697081240374,45,middle
45769,169,0,0.5835497015277443,0.5332280439611332,45,middle
45770,170,0,0.0795910340361823,0.7710392967670685,45,middle
45771,171,0,0.5825960804418056,0.39427193384768133,45,middle
45772,172,0,0.5171382318100698,0.30638525408867245,45,middle
45773,173,0,0.649327010679509,0.49102411395610845,45,middle
45774,174,0,0.7370354388061144,0.2968060849667323,45,middle
45775,175,0,0.03572360675266349,0.5151519895127787,45,middle
45776,176,0,0.41367134716406345,0.41198859527376885,45,middle
45777,177,0,0.38160129779491836,0.43618127850191657,45,middle
45778,178,0,0.43994686037651054,0.37824240362141637,45,middle
45779,179,0,0.390650788935448,0.47370823740992124,45,middle
45780,180,0,0.7050133609920813,0.3345367330617705,45,middle
45781,181,0,0.7983135211919805,0.3490115826665257,45,middle
45782,182,0,0.40402206476590985,0.5543148886518425,45,middle
45783,183,0,0.6180661902429896,0.4283223626902215,45,middle
45784,184,0,0.41611074372316254,0.49459674780912477,45,middle
45785,185,0,0.7958889902051833,0.4201461047317192,45,middle
45786,186,0,0.602461490617475,0.3357962195223667,45,middle
45787,187,0,0.2842327400553609,0.44670332812934027,45,middle
45788,188,0,0.4591888439207975,0.5559415823012162,45,middle
45789,189,0,0.5677777234541174,0.407967566852117,45,middle
45790,190,0,0.9043128311242643,0.41828819379077625,45,middle
45791,191,0,0.35975618129038955,0.4753400113628653,45,middle
45792,192,0,0.5497498194056227,0.39937345287273096,45,middle
45793,193,0,0.47004935216172844,0.4133628760668584,45,middle
45794,194,0,0.6487788053843149,0.4211028617934514,45,middle
45795,195,0,0.7350156182102295,0.33210883878745096,45,middle
45796,196,0,0.6852058068468179,0.33977110550194367,45,middle
45797,197,0,0.8962477987547637,0.28919261688319153,45,middle
45798,198,0,0.5989551906730771,0.34261569666611785,45,middle
45799,199,0,0.7598321021762551,0.5027606572209916,45,middle
45800,0,0,0.8505735734919977,0.47998344258156195,45,late
45801,1,0,0.46540722012337876,0.47875002126702126,45,late
45802,2,0,0.1505964824502355,0.4724208617176068,45,late
45803,3,0,0.5230779544253027,0.7504561442303457,45,late
45804,4,0,0.4193146223322032,0.5251467325266523,45,late
45805,5,0,0.8851516010224003,0.42032354252488807,45,late
45806,6,0,0.35540945152785797,0.46238481991660263,45,late
45807,7,0,0.6630061768187069,0.5022891391534317,45,late
45808,8,0,0.9014982759635533,0.4143980521929044,45,late
45809,9,0,0.4255027458781839,0.5735545039964908,45,late
45810,10,0,0.5813407888875429,0.45965840505183847,45,late
45811,11,0,0.31636248667891215,0.4960919675887181,45,late
45812,12,0,0.7549159308335769,0.3807760365303985,45,late
45813,13,0,0.6763844505786437,0.6055005972737557,45,late
45814,14,0,0.3874078959688582,0.4692418582855187,45,late
45815,15,0,0.46395571127509094,0.4161131169592069,45,late
45816,16,0,0.0821615357568424,0.5530737250521972,45,late
45817,17,0,0.2575228720690676,0.4678425789313699,45,late
45818,18,0,0.21728854776966106,0.4930083843385926,45,late
45819,19,0,0.20065543800434438,0.4424047475878564,45,late
45820,20,0,0.37992612643485857,0.4016037318300901,45,late
45821,21,0,0.4759875425086798,0.3841829626314934,45,late
45822,22,0,0.43442953114047445,0.45068115293530986,45,late
45823,23,0,0.7499486899480303,0.504890456948201,45,late
45824,24,0,0.34970394857597176,0.7062416858520147,45,late
45825,25,0,0.9284323996361995,0.4166432228553643,45,late
45826,26,0,0.39467810363780487,0.5871196015097371,45,late
45827,27,0,0.31971351067448855,0.4948808546239915,45,late
45828,28,0,0.5540310570381868,0.5076841292276253,45,late
45829,29,0,0.6258314866744479,0.5006394585291291,45,late
45830,30,0,0.867568570762282,0.6217644788162983,45,late
45831,31,0,0.5131001885769365,0.4408924047777302,45,late
45832,32,0,0.7933363438336056,0.5268317739606385,45,late
45833,33,0,0.6319636306756369,0.4045374071711743,45,late
45834,34,0,0.7060991296216832,0.5525189795434249,45,late
45835,35,0,0.7036278554129136,0.35712978007817886,45,late
45836,36,0,0.7615309175055937,0.4387040527305964,45,late
45837,37,0,0.839272201375134,0.6077205064165544,45,late
45838,38,0,0.7069885042364107,0.5090833275045399,45,late
45839,39,0,0.8684740579331142,0.3922574768244357,45,late
45840,40,0,0.13229310906893033,0.5556953987412467,45,late
45841,41,0,0.22862469965763782,0.4857945525228779,45,late
45842,42,0,0.7878522953243978,0.2712331605388636,45,late
45843,43,0,0.6100505468359211,0.454693331383921,45,late
45844,44,0,0.1653324949564952,0.5721675597748095,45,late
45845,45,0,0.3064971423671148,0.5647526651374934,45,late
45846,46,0,0.8620109152250036,0.46911145323352116,45,late
45847,47,0,0.32919289746036823,0.6973110072264028,45,late
45848,48,0,0.6818323666492175,0.37659668761945586,45,late
45849,49,0,0.7306799388660807,0.33895112106502523,45,late
45850,50,0,0.564035620697513,0.46201268100489795,45,late
45851,51,0,0.8707318784812534,0.28773031761384527,45,late
45852,52,0,0.24548783405442162,0.5407945146843073,45,late
45853,53,0,0.24980857622549396,0.42445421299048236,45,late
45854,54,0,0.25068702118455394,0.4917466186390699,45,late
45855,55,0,0.4001709920520771,0.5010197955836363,45,late
45856,56,0,0.12849988759679418,0.4875382186746261,45,late
45857,57,0,0.51434129992242,0.40944127167877253,45,late
45858,58,0,0.8974895603878709,0.4043313890718011,45,late
45859,59,0,0.5202129153189263,0.32209787024121533,45,late
45860,60,0,0.9654129891154417,0.34181926730313533,45,late
45861,61,0,0.4343619959824736,0.4677990209712105,45,late
45862,62,0,0.9384342854930695,0.2626123963020905,45,late
45863,63,0,0.7173167203389801,0.5649592926649458,45,late
45864,64,0,0.22659713747845844,0.49161331963605404,45,late
45865,65,0,0.6966362501675583,0.5385466958446059,45,late
45866,66,0,0.891087527662336,0.2868186813739687,45,late
45867,67,0,0.6480464641894478,0.40117417341150197,45,late
45868,68,0,0.9145021909192974,0.3498435091732703,45,late
45869,69,0,0.5092856420324595,0.38306226804464183,45,late
45870,70,0,0.22643792591930922,0.5175903219041745,45,late
45871,71,0,0.49413271326439134,0.4376761408910041,45,late
45872,72,0,0.6200580841882051,0.39913208414129786,45,late
45873,73,0,0.46886613295621155,0.37563943792174814,45,late
45874,74,0,0.7849281248273356,0.5131951290082887,45,late
45875,75,0,0.7188385972109954,0.49341355822975913,45,late
45876,76,0,0.5439710019437339,0.3993847385545911,45,late
45877,77,0,0.8346123775238947,0.40324551200593506,45,late
45878,78,0,0.754156863003643,0.5032571419087644,45,late
45879,79,0,0.8245872274764876,0.35750581518592306,45,late
45880,80,0,0.17312294936922318,0.5723101950907503,45,late
45881,81,0,0.6315808148040782,0.46541238639924787,45,late
45882,82,0,0.4698882672107548,0.5859229635167934,45,late
45883,83,0,0.277239494457228,0.41358063137886336,45,late
45884,84,0,0.44962903442503693,0.3377917813396479,45,late
45885,85,0,0.6959131654287536,0.3227050707732334,45,late
45886,86,0,0.6310917406078191,0.389615811445877,45,late
45887,87,0,0.9508361284468039,0.3676689478025902,45,late
45888,88,0,0.06963914602798335,0.4342668253973203,45,late
45889,89,0,0.9029692965552282,0.4925087279090963,45,late
45890,90,0,0.09737190543418518,0.40104832429484716,45,late
45891,91,0,0.49000751818071603,0.5612551286887013,45,late
45892,92,0,0.3136212206264195,0.519124696734064,45,late
45893,93,0,0.3409240903686688,0.4922686146097103,45,late
45894,94,0,0.6434250532681235,0.45343287237808355,45,late
45895,95,0,0.503683630730673,0.4686413637550946,45,late
45896,96,0,0.6698030289777269,0.41514705695588117,45,late
45897,97,0,0.5399470422051744,0.4854325188312097,45,late
45898,98,0,0.5261569563172694,0.38301581190380546,45,late
45899,99,0,0.19445837349471048,0.4882017503758516,45,late
45900,100,0,0.7701012073321701,0.3181516212187241,45,late
45901,101,0,0.3943558135598748,0.5341390857115966,45,late
45902,102,0,0.7044583788154715,0.3200587660805527,45,late
45903,103,0,0.7257774686603731,0.2926479680941582,45,late
45904,104,0,0.21386292123189407,0.33752351979285766,45,late
45905,105,0,0.9089864730619938,0.446057154446035,45,late
45906,106,0,0.9049084524593973,0.305829118130488,45,late
45907,107,0,0.3732594367803146,0.5602315103177431,45,late
45908,108,0,0.6549636896530827,0.42223972791423087,45,late
45909,109,0,0.7775478740930021,0.30347479698224267,45,late
45910,110,0,0.3504526919156751,0.5162165145123049,45,late
45911,111,0,0.8130730087167959,0.3264810483762217,45,late
45912,112,0,0.8879992734937142,0.30727026088154297,45,late
45913,113,0,0.9277764342438447,0.3210780382693932,45,late
45914,114,0,0.2679141416787912,0.5480070634465379,45,late
45915,115,0,0.2841895082688968,0.4562849613170824,45,late
45916,116,0,0.7388935462029813,0.4420567624249204,45,late
45917,117,0,0.1718824906266207,0.47172506812792425,45,late
45918,118,0,0.773364236309203,0.36736198312308516,45,late
45919,119,0,0.6209013331593427,0.3174874866033698,45,late
45920,120,0,0.1076217595864602,0.48516167559206536,45,late
45921,121,0,0.6083992780131928,0.4771281143601666,45,late
45922,122,0,0.5002356514086692,0.5069098914127895,45,late
45923,123,0,0.7562253562547522,0.36756651802787255,45,late
45924,124,0,0.9565531765380054,0.5294395211906961,45,late
45925,125,0,0.2994234181388316,0.6109122060300954,45,late
45926,126,0,0.6204055784178026,0.38910848679540716,45,late
45927,127,0,0.6982390372853446,0.2562466545428166,45,late
45928,128,0,0.5308751961581057,0.37861195306479484,45,late
45929,129,0,0.819721531284095,0.3144542407140379,45,late
45930,130,0,0.507126968480016,0.41754755745147576,45,late
45931,131,0,0.3161027915069196,0.3963002336263804,45,late
45932,132,0,0.4674618079601396,0.33045870033125424,45,late
45933,133,0,0.21430872160380526,0.3112948264075103,45,late
45934,134,0,0.46017956199360444,0.44127057643178075,45,late
45935,135,0,0.7822715096551072,0.2251525081178239,45,late
45936,136,0,0.5892369467116159,0.35032398797544795,45,late
45937,137,0,0.5569408700106862,0.371585999643248,45,late
45938,138,0,0.8088990693990004,0.4992767200311605,45,late
45939,139,0,0.47580863592720674,0.5799721035467768,45,late
45940,140,0,0.35017273112037434,0.21678531443747498,45,late
45941,141,0,0.680723265351997,0.3597518978360694,45,late
45942,142,0,0.7086311977437397,0.4107398652066636,45,late
45943,143,0,0.5890893220319999,0.3666524039807917,45,late
45944,144,0,0.09751327597386905,0.4036430166026086,45,late
45945,145,0,0.5594796532275453,0.3926648494141313,45,late
45946,146,0,0.7378204544991532,0.4271773033565203,45,late
45947,147,0,0.5005773461210287,0.5012643508518706,45,late
45948,148,0,0.6509695196224341,0.3981613759476399,45,late
45949,149,0,0.6423971088811472,0.2705934689281373,45,late
45950,150,0,0.7017878741311052,0.30970068346057233,45,late
45951,151,0,0.6245652462939728,0.2588873785440321,45,late
45952,152,0,0.6044439231606993,0.45241008355617585,45,late
45953,153,0,0.7411790920859931,0.3812693800187072,45,late
45954,154,0,0.5465363211138876,0.44785269470929584,45,late
45955,155,0,0.5758580919451943,0.4303411598826532,45,late
45956,156,0,0.9111805411880297,0.43163063734742857,45,late
45957,157,0,0.23363638450532337,0.34216967025984873,45,late
45958,158,0,0.6697275222040788,0.35636800144558345,45,late
45959,159,0,0.7394938997135136,0.3742142637245432,45,late
45960,160,0,0.707707701704559,0.2856421615577181,45,late
45961,161,0,0.5779824396850715,0.3227056813565522,45,late
45962,162,0,0.9797967151579651,0.31568340119188293,45,late
45963,163,0,0.9799545627586781,0.3300127777981926,45,late
45964,164,0,0.3721580992494299,0.4490404920306873,45,late
45965,165,0,0.43768537068007984,0.5237911863551028,45,late
45966,166,0,0.9534138427044178,0.28014065755730044,45,late
45967,167,0,0.5854732209470457,0.4378461640465151,45,late
45968,168,0,0.38753241110248793,0.5064059204712518,45,late
45969,169,0,0.41258595205659243,0.3901911427475564,45,late
45970,170,0,0.5875800048533176,0.45056646502989606,45,late
45971,171,0,0.8871724043944332,0.3616822223198217,45,late
45972,172,0,0.4893076877334689,0.3782027799325851,45,late
45973,173,0,0.5406956064219484,0.3647935900251381,45,late
45974,174,0,0.675707634373751,0.3895704088357975,45,late
45975,175,0,0.5266623639356501,0.29333914874445277,45,late
45976,176,0,0.21404908850935134,0.34547870832343175,45,late
45977,177,0,0.6728915890062677,0.35878975913894107,45,late
45978,178,0,0.7048121821344568,0.3837492128364808,45,late
45979,179,0,0.561791875469071,0.3970582947982735,45,late
45980,180,0,0.5164312486201584,0.46574742513651357,45,late
45981,181,0,0.7699935614292795,0.36128187238061504,45,late
45982,182,0,0.6385534214779591,0.4799625773714864,45,late
45983,183,0,0.45422184051399833,0.38561892008233034,45,late
45984,184,0,0.7110577763927368,0.21542638124424968,45,late
45985,185,0,0.9682549172408146,0.2848184482454398,45,late
45986,186,0,0.8918864966639697,0.30774121151202904,45,late
45987,187,0,0.4904143229207565,0.30159205958032853,45,late
45988,188,0,0.979883950529538,0.28306644399356173,45,late
45989,189,0,0.7936182428351031,0.34070957045832473,45,late
45990,190,0,0.7412889015577411,0.26274139510870026,45,late
45991,191,0,0.525980017919601,0.5451062795803117,45,late
45992,192,0,0.8650756494865828,0.34216217433557033,45,late
45993,193,0,0.6432660383949842,0.312979124223078,45,late
45994,194,0,0.8561199906915797,0.4736524653621206,45,late
45995,195,0,0.2120173996934901,0.36267045342901727,45,late
45996,196,0,0.5713354009852202,0.38913029877624905,45,late
45997,197,0,0.8472352149100633,0.3189733075950364,45,late
45998,198,0,0.7906317623704033,0.30047700932261256,45,late
45999,199,0,0.7306549371793198,0.3314097872403594,45,late
46000,0,0,0.5376294759218025,0.9716266454463871,46,interleaved
46001,1,0,0.8400230084241431,0.40134099935967044,46,interleaved
46002,2,0,0.6918281510665524,0.468045565749246,46,interleaved
46003,3,0,0.37186698583624495,0.44172534477053926,46,interleaved
46004,4,0,0.11548899922361885,0.5061962331291515,46,interleaved
46005,5,0,0.28002614764299616,0.4169227907271331,46,interleaved
46006,6,0,0.7582837602071106,0.4163195355172611,46,interleaved
46007,7,0,0.13398298229793,0.4600518862378438,46,interleaved
46008,8,0,0.4515266086329695,0.459781542384512,46,interleaved
46009,9,0,0.2856908879438709,0.4823762882425061,46,interleaved
46010,10,0,0.3598132801259597,0.5427249418019304,46,interleaved
46011,11,0,0.656396306772066,0.4382660085168114,46,interleaved
46012,12,0,0.7558252602041198,0.48510365823920854,46,interleaved
46013,13,0,0.34634255511550205,0.45904239047322404,46,interleaved
46014,14,0,0.8110156009744818,0.47187707282784785,46,interleaved
46015,15,0,0.6329059430742954,0.39905722838010993,46,interleaved
46016,16,0,0.4814616952159741,0.45134667474356643,46,interleaved
46017,17,0,0.595354765576606,0.5092546367562589,46,interleaved
46018,18,0,0.7985056295481787,0.2673227470848607,46,interleaved
46019,19,0,0.29782338910885164,0.41411819412391376,46,interleaved
46020,20,0,0.5329632564558519,0.3690651885705374,46,interleaved
46021,21,0,0.5771952785420539,0.4356745956132333,46,interleaved
46022,22,0,0.6159048099070289,0.3804767321537901,46,interleaved
46023,23,0,0.5309794347110705,0.43905341388544333,46,interleaved
46024,24,0,0.9198087738676963,0.33679351030873594,46,interleaved
46025,25,0,0.6125048722462507,0.4998163649238268,46,interleaved
46026,26,0,0.5353947624574644,0.41258419986816897,46,interleaved
46027,27,0,0.6446204997971742,0.4219588567402135,46,interleaved
46028,28,0,0.9214709991165921,0.4312986175117463,46,interleaved
46029,29,0,0.7018377892156934,0.49378520365472345,46,interleaved
46030,30,0,0.9309607453222417,0.40544337512955964,46,interleaved
46031,31,0,0.3922630438597827,0.4170304935878554,46,interleaved
46032,32,0,0.3996920401550423,0.5446871378753237,46,interleaved
46033,33,0,0.5365674183457538,0.5054347607646432,46,interleaved
46034,34,0,0.747825102955604,0.33799297767813663,46,interleaved
46035,35,0,0.427014945760381,0.5840462874918015,46,interleaved
46036,36,0,0.41351777585815686,0.498090122822947,46,interleaved
46037,37,0,0.6792128683429396,0.6328509490078218,46,interleaved
46038,38,0,0.4454859865943431,0.40634132268019185,46,interleaved
46039,39,0,0.8575194743066727,0.2461875374126607,46,interleaved
46040,40,0,0.5043833216350021,0.37310410450790266,46,interleaved
46041,41,0,0.3235625461977997,0.3321082538809199,46,interleaved
46042,42,0,0.8822162489970624,0.35069187879750885,46,interleaved
46043,43,0,0.5231757289677451,0.3767372993706567,46,interleaved
46044,44,0,0.9358627971378805,0.5442457110744686,46,interleaved
46045,45,0,0.41166566790012715,0.5970228920577183,46,interleaved
46046,46,0,0.6378113900048906,0.3772721998649272,46,interleaved
46047,47,0,0.6733712489394487,0.3242993659366188,46,interleaved
46048,48,0,0.7607847945661561,0.36826194984660854,46,interleaved
46049,49,0,0.42476837326885897,0.39478382049812955,46,interleaved
46050,50,0,0.3669231553333442,0.3895467804056822,46,interleaved
46051,51,0,0.42267011923068754,0.3703546533651057,46,interleaved
46052,52,0,0.42830087174277304,0.3129213893855207,46,interleaved
46053,53,0,0.5896964668844706,0.43516780808271993,46,interleaved
46054,54,0,0.5420172865966664,0.4331406985496636,46,interleaved
46055,55,0,0.3755078724423312,0.426517564825033,46,interleaved
46056,56,0,0.4132527712833749,0.4817694583267239,46,interleaved
46057,57,0,0.8315143576567421,0.4827156728663927,46,interleaved
46058,58,0,0.5581913121531367,0.2951572716923844,46,interleaved
46059,59,0,0.7650505036548204,0.3160867160344608,46,interleaved
46060,60,0,0.45725280439152594,0.5266248640169208,46,interleaved
46061,61,0,0.6008261636456083,0.39658479283284886,46,interleaved
46062,62,0,0.5029480236844379,0.3899801527730201,46,interleaved
46063,63,0,0.6185075765004917,0.36766462724070026,46,interleaved
46064,64,0,0.8206154599103952,0.29380669470449416,46,interleaved
46065,65,0,0.6526141385406384,0.4700018350573415,46,interleaved
46066,66,0,0.6965399030972694,0.38348691396925016,46,interleaved
46067,67,0,0.8279029935744011,0.24725182322097833,46,interleaved
46068,68,0,0.38812859106491476,0.3868775629515838,46,interleaved
46069,69,0,0.7274953310950097,0.4146432953311442,46,interleaved
46070,70,0,0.38822122835999584,0.3951161268795098,46,interleaved
46071,71,0,0.5847093597994778,0.31862468367771213,46,interleaved
46072,72,0,0.7847343576289034,0.38713076697483456,46,interleaved
46073,73,0,0.6286530492015718,0.30115366475124516,46,interleaved
46074,74,0,0.5557387561678708,0.4113367120460173,46,interleaved
46075,75,0,0.25511898367365243,0.45473822429055855,46,interleaved
46076,76,0,0.28289064041400036,0.36899755747210194,46,interleaved
46077,77,0,0.5371972192730634,0.41311728439287015,46,interleaved
46078,78,0,0.4356658345957136,0.44733009511129584,46,interleaved
46079,79,0,0.7259926883285146,0.32956659694674106,46,interleaved
46080,80,0,0.8983361558271127,0.43594334050436845,46,interleaved
46081,81,0,0.5043822794830967,0.3782840319479155,46,interleaved
46082,82,0,0.6381377701484505,0.33247903764172193,46,interleaved
46083,83,0,0.6319678786998739,0.33668008011300055,46,interleaved
46084,84,0,0.6976599901286653,0.2715649849869628,46,interleaved
46085,85,0,0.10464029941421712,0.42782017649844273,46,interleaved
46086,86,0,0.8384415353801132,0.32061830137832614,46,interleaved
46087,87,0,0.5863641847510281,0.39544883113831975,46,interleaved
46088,88,0,0.7627651846478254,0.450052809484073,46,interleaved
46089,89,0,0.573503854800353,0.37563690589639587,46,interleaved
46090,90,0,0.8716971213130436,0.3561725350444098,46,interleaved
46091,91,0,0.501764498861581,0.3331077063149901,46,interleaved
46092,92,0,0.8234090814173782,0.5436382436311065,46,interleaved
46093,93,0,0.5117888591940266,0.255542100655112,46,interleaved
46094,94,0,0.3523637503518253,0.43293076104713685,46,interleaved
46095,95,0,0.297681214184705,0.4078274533348652,46,interleaved
46096,96,0,0.5875178744016847,0.31919932338796286,46,interleaved
46097,97,0,0.564134919659138,0.35161644460485764,46,interleaved
46098,98,0,0.9317365560697979,0.4250440791823713,46,interleaved
46099,99,0,0.6651166765653584,0.44604961432768764,46,interleaved
46100,100,0,0.9116456729896205,0.3042531695404994,46,interleaved
46101,101,0,0.5317608706666094,0.30880308369784193,46,interleaved
46102,102,0,0.8622553743815164,0.3363747102308764,46,interleaved
46103,103,0,0.5517656916653622,0.27327981470002805,46,interleaved
46104,104,0,0.18094545258575628,0.39226988010731145,46,interleaved
46105,105,0,0.5761979763545009,0.29727538688683575,46,interleaved
46106,106,0,0.9549526030583912,0.36726678554195713,46,interleaved
46107,107,0,0.44885523449365416,0.2965968533698241,46,interleaved
46108,108,0,0.20969656588858196,0.5169394861972032,46,interleaved
46109,109,0,0.4862792880781823,0.421223426791393,46,interleaved
46110,110,0,0.80296723388997,0.3755388869784817,46,interleaved
46111,111,0,0.30537292353130424,0.41721963578989807,46,interleaved
46112,112,0,0.4362217894356274,0.5053554286571208,46,interleaved
46113,113,0,0.7385199915687319,0.36764614775326976,46,interleaved
46114,114,0,0.2624272286978694,0.3736014219898721,46,interleaved
46115,115,0,0.4830195493150195,0.3477876630460109,46,interleaved
46116,116,0,0.7795345236486249,0.25338319429011147,46,interleaved
46117,117,0,0.3148172979617547,0.3645355622066304,46,interleaved
46118,118,0,0.5362049266921174,0.3114128828875071,46,interleaved
46119,119,0,0.7642608456731871,0.3928217665090984,46,interleaved
46120,120,0,0.532222632092711,0.45200191323664335,46,interleaved
46121,121,0,0.4683561286632892,0.3807132158714803,46,interleaved
46122,122,0,0.06566064146490319,0.41224519189620096,46,interleaved
46123,123,0,0.24786080915652217,0.47493046206373063,46,interleaved
46124,124,0,0.3722668664457241,0.3564588355924853,46,interleaved
46125,125,0,0.3361947774693926,0.46279298135389885,46,interleaved
46126,126,0,0.8533468733930665,0.3018112943173089,46,interleaved
46127,127,0,0.4008285423201084,0.43008201995995143,46,interleaved
46128,128,0,0.7197870953995971,0.28435181372287904,46,interleaved
46129,129,0,0.09147587093813679,0.4929888075539165,46,interleaved
46130,130,0,0.4660149011024766,0.44730243694582267,46,interleaved
46131,131,0,0.5958523445319737,0.3277243254325334,46,interleaved
46132,132,0,0.6417128820444552,0.31464070659259535,46,interleaved
46133,133,0,0.5261689716366243,0.23317463183717824,46,interleaved
46134,134,0,0.6963996028041914,0.40051295610733395,46,interleaved
46135,135,0,0.8693510007272229,0.2875256813721648,46,interleaved
46136,136,0,0.5365836123715584,0.3352137079418205,46,interleaved
46137,137,0,0.6114269793465448,0.35033351808958324,46,interleaved
46138,138,0,0.5206198537637066,0.2700836645495382,46,interleaved
46139,139,0,0.7735609529837619,0.2743033957758782,46,interleaved
46140,140,0,0.7385235170710529,0.5159596021232133,46,interleaved
46141,141,0,0.8088380134419797,0.2727461940161231,46,interleaved
46142,142,0,0.8866487197072346,0.3849245471143595,46,interleaved
46143,143,0,0.5903382170851513,0.2569631297203807,46,interleaved
46144,144,0,0.7490583300509239,0.41541509910996566,46,interleaved
46145,145,0,0.6713382678430833,0.3369873321821578,46,interleaved
46146,146,0,0.8678467307023452,0.2646361569851219,46,interleaved
46147,147,0,0.28991234078994105,0.4531521047865448,46,interleaved
46148,148,0,0.40170898967655844,0.3710653043990841,46,interleaved
46149,149,0,0.6141753128333141,0.4610266403593464,46,interleaved
46150,150,0,0.260300479903271,0.3432646158216877,46,interleaved
46151,151,0,0.538120388753328,0.3251524534654543,46,interleaved
46152,152,0,0.7878253012234966,0.20560124578860303,46,interleaved
46153,153,0,0.5831551064708611,0.3847476271561591,46,interleaved
46154,154,0,0.743532810639417,0.29730691324095826,46,interleaved
46155,155,0,0.5311027478890452,0.31529790664820734,46,interleaved
46156,156,0,0.6818379037609144,0.3137440992040069,46,interleaved
46157,157,0,0.7155900325216134,0.3045598736560226,46,interleaved
46158,158,0,0.26407958668301845,0.42027897957769034,46,interleaved
46159,159,0,0.7837542820477221,0.3023630657263693,46,interleaved
46160,160,0,0.7808609516955081,0.34937661376378365,46,interleaved
46161,161,0,0.7893561100119928,0.33684432107661233,46,interleaved
46162,162,0,0.6860870398832185,0.2717810127500341,46,interleaved
46163,163,0,0.5630168594505133,0.28833084560039296,46,interleaved
46164,164,0,0.37910827246760254,0.4159864337378332,46,interleaved
46165,165,0,0.6780881735217926,0.2729604552826105,46,interleaved
46166,166,0,0.45265458939230074,0.3030772575006826,46,interleaved
46167,167,0,0.6944836175725295,0.27359530118604775,46,interleaved
46168,168,0,0.6474954051932295,0.2544555747006336,46,interleaved
46169,169,0,0.34347981073690537,0.39987757426164794,46,interleaved
46170,170,0,0.3174981952789966,0.5644164542622685,46,interleaved
46171,171,0,0.5497116074974737,0.3657768724829461,46,interleaved
46172,172,0,0.6817881440605913,0.46353765416781706,46,interleaved
46173,173,0,0.775965293122075,0.24553731618077385,46,interleaved
46174,174,0,0.32483683629433313,0.3677457341488938,46,interleaved
46175,175,0,0.8682008879206033,0.3037248586609788,46,interleaved
46176,176,0,0.16412967146920798,0.47751640580708776,46,interleaved
46177,177,0,0.6768472138794064,0.30132026088107455,46,interleaved
46178,178,0,0.8256046786882514,0.2415840256870625,46,interleaved
46179,179,0,0.40302027987407496,0.37257763478910955,46,interleaved
46180,180,0,0.605725744506953,0.2672161446362096,46,interleaved
46181,181,0,0.8590597863381911,0.29386994259594434,46,interleaved
46182,182,0,0.5629276339719317,0.3856883305604919,46,interleaved
46183,183,0,0.6079753157356406,0.2779418305078556,46,interleaved
46184,184,0,0.19974014647248622,0.38430674726021347,46,interleaved
46185,185,0,0.35056894274907896,0.4190749753617682,46,interleaved
46186,186,0,0.6209137019532758,0.299092937790464,46,interleaved
46187,187,0,0.8001750043221195,0.3069409977330503,46,interleaved
46188,188,0,0.6040744787158472,0.31563737388383406,46,interleaved
46189,189,0,0.3179621606578103,0.37404002216783483,46,interleaved
46190,190,0,0.6548233741549131,0.37821812651016806,46,interleaved
46191,191,0,0.3977987034039173,0.4470040115009257,46,interleaved
46192,192,0,0.4905852523330846,0.6163711440624178,46,interleaved
46193,193,0,0.4941142590243281,0.552580432892542,46,interleaved
46194,194,0,0.25434080699916634,0.4831158028952358,46,interleaved
46195,195,0,0.7630308144102012,0.3917421172218302,46,interleaved
46196,196,0,0.8155971568098753,0.2672933884828376,46,interleaved
46197,197,0,0.3204961716733071,0.37551544528064285,46,interleaved
46198,198,0,0.7974150049630814,0.2624724012091525,46,interleaved
46199,199,0,0.7276089046416601,0.3396887497255913,46,interleaved
46200,0,0,0.03089372262595996,0.7756864019994893,46,blocked
46201,1,0,0.07447810720749465,0.8195425860726768,46,blocked
46202,2,0,0.2355803595020865,0.5846861217767102,46,blocked
46203,3,0,0.4499474940604715,0.6236666770985064,46,blocked
46204,4,0,0.5718447393823393,0.6037262396179677,46,blocked
46205,5,0,0.6794957857666242,0.5212304503956844,46,blocked
46206,6,0,0.9011946765552159,0.5463398902323906,46,blocked
46207,7,0,0.4700282340204675,0.5261354666590592,46,blocked
46208,8,0,0.5422512211728486,0.46688766645659346,46,blocked
46209,9,0,0.6291179694199818,0.46965194889508527,46,blocked
46210,10,0,0.37649827716954554,0.4106952508857814,46,blocked
46211,11,0,0.6972263426117318,0.4102308658383004,46,blocked
46212,12,0,0.63792361042485,0.48876930056515977,46,blocked
46213,13,0,0.4011377776445989,0.7113858060284837,46,blocked
46214,14,0,0.6377377346538651,0.549043018144069,46,blocked
46215,15,0,0.3594571751193708,0.7854266132502172,46,blocked
46216,16,0,0.46402311409729013,0.5288071823669886,46,blocked
46217,17,0,0.8677447956773099,0.5322326086716311,46,blocked
46218,18,0,0.31647736906619206,0.5420125200000807,46,blocked
46219,19,0,0.5557456822482546,0.5952843959624367,46,blocked
46220,20,0,0.3193824401945669,0.6163179973913478,46,blocked
46221,21,0,0.5713000885899832,0.4532585733953076,46,blocked
46222,22,0,0.271756957725344,0.4774023361474654,46,blocked
46223,23,0,0.4623879832332789,0.5208318359043502,46,blocked
46224,24,0,0.4894992051703644,0.6401084973714566,46,blocked
46225,25,0,0.6438379560669968,0.5093033177344916,46,blocked
46226,26,0,0.20804027934719485,0.5415967471730028,46,blocked
46227,27,0,0.6009301811330487,0.44871115445180054,46,blocked
46228,28,0,0.45569293926044446,0.3946533392679279,46,blocked
46229,29,0,0.5741336640078124,0.6399712003352029,46,blocked
46230,30,0,0.45056866245866634,0.470796606321651,46,blocked
46231,31,0,0.725763012007952,0.6469551859313555,46,blocked
46232,32,0,0.23937941684349445,0.5327777447621249,46,blocked
46233,33,0,0.7363104205118144,0.4224762026695067,46,blocked
46234,34,0,0.24773162236256674,0.5550724858058818,46,blocked
46235,35,0,0.5289412609187731,0.419360894234404,46,blocked
46236,36,0,0.5074687372588149,0.5326473567163295,46,blocked
46237,37,0,0.5591556687284132,0.5206153537245526,46,blocked
46238,38,0,0.19325360498459743,0.5097920444884154,46,blocked
46239,39,0,0.41931544563387585,0.6676115465515708,46,blocked
46240,40,0,0.426729225521404,0.5766300702010076,46,blocked
46241,41,0,0.3687325220937886,0.5006133773739883,46,blocked
46242,42,0,0.6871593130885514,0.5941216776979572,46,blocked
46243,43,0,0.4627041535772223,0.5767089748643983,46,blocked
46244,44,0,0.049832191843125075,0.8101446827328889,46,blocked
46245,45,0,0.4918705378761288,0.5347026121522569,46,blocked
46246,46,0,0.32789482295358086,0.5292203011949229,46,blocked
46247,47,0,0.27897169465785576,0.4748695816385645,46,blocked
46248,48,0,0.4657791488820482,0.4558541556813174,46,blocked
46249,49,0,0.5639870972292227,0.4848866390355643,46,blocked
46250,50,0,0.32178367235349586,0.5290379705445702,46,blocked
46251,51,0,0.4903670931716243,0.5253751526031443,46,blocked
46252,52,0,0.22900954849250346,0.5720577224577281,46,blocked
46253,53,0,0.48898741330314077,0.5533214965171205,46,blocked
46254,54,0,0.3910299197943616,0.6670068666664498,46,blocked
46255,55,0,0.4337102808471042,0.3682086182594068,46,blocked
46256,56,0,0.559252726973303,0.6452219432438615,46,blocked
46257,57,0,0.4298033683833604,0.4935883722289342,46,blocked
46258,58,0,0.7122937162515203,0.5112262596722428,46,blocked
46259,59,0,0.9350882611399647,0.48589280289889913,46,blocked
46260,60,0,0.2926035312804368,0.6086331199500743,46,blocked
46261,61,0,0.6287794267952445,0.3587549571483691,46,blocked
46262,62,0,0.12996922894898558,0.7586966817988127,46,blocked
46263,63,0,0.7245264967513619,0.4554961130897088,46,blocked
46264,64,0,0.8581056443624836,0.42781685836478545,46,blocked
46265,65,0,0.16415004224795587,0.6346387314542503,46,blocked
46266,66,0,0.5480093358198606,0.440518712563184,46,blocked
46267,67,0,0.3239480880029557,0.5172573748917153,46,blocked
46268,68,0,0.34064704657073824,0.512700337201829,46,blocked
46269,69,0,0.8453123453465259,0.36403156945671566,46,blocked
46270,70,0,0.46934413310713174,0.5403064755527462,46,blocked
46271,71,0,0.591056008696847,0.413484696247294,46,blocked
46272,72,0,0.71660094195882,0.39065808103370336,46,blocked
46273,73,0,0.5669258791565844,0.4835012926138196,46,blocked
46274,74,0,0.2055352677582264,0.4875966745011028,46,blocked
46275,75,0,0.6292711495253768,0.42936438874321103,46,blocked
46276,76,0,0.7784509023656527,0.30823205318865043,46,blocked
46277,77,0,0.7514526591140711,0.4700814863330166,46,blocked
46278,78,0,0.8677425003661721,0.4189118120851236,46,blocked
46279,79,0,0.6359933564310103,0.47418225799852665,46,blocked
46280,80,0,0.49841125050626317,0.48269548062473977,46,blocked
46281,81,0,0.6968971437517224,0.6588209299174437,46,blocked
46282,82,0,0.030638842298334856,0.5405797610641476,46,blocked
46283,83,0,0.8189178221178237,0.37388680480859093,46,blocked
46284,84,0,0.2904202956344925,0.39314287256395847,46,blocked
46285,85,0,0.22139658906048865,0.5251785078708033,46,blocked
46286,86,0,0.5024957804238179,0.5690112695755272,46,blocked
46287,87,0,0.24140217302945594,0.735841880238761,46,blocked
46288,88,0,0.21504478328402385,0.7926860007760079,46,blocked
46289,89,0,0.7150147387657879,0.6345484031824256,46,blocked
46290,90,0,0.11805791361262846,0.4302747428397481,46,blocked
46291,91,0,0.17284315879472215,0.556130423075338,46,blocked
46292,92,0,0.72386856008984,0.5314669479538243,46,blocked
46293,93,0,0.21532863435477728,0.4268677010731842,46,blocked
46294,94,0,0.726810131390633,0.6007337710980203,46,blocked
46295,95,0,0.8591402086519606,0.40095938944008525,46,blocked
46296,96,0,0.23691175813299892,0.47141022274340494,46,blocked
46297,97,0,0.5075082142924924,0.5683280994757487,46,blocked
46298,98,0,0.7696647497024522,0.42918744117403107,46,blocked
46299,99,0,0.2372673483712623,0.5740803081028556,46,blocked
46300,100,0,0.5233434827523266,0.5367942465935103,46,blocked
46301,101,0,0.8657806363575593,0.4642989839147221,46,blocked
46302,102,0,0.9338055927378655,0.3526927074071097,46,blocked
46303,103,0,0.40450027499092256,0.651731015877946,46,blocked
46304,104,0,0.6781625265762541,0.5080014110032336,46,blocked
46305,105,0,0.748751541842342,0.42678332903626426,46,blocked
46306,106,0,0.4271117209299363,0.6134772133810152,46,blocked
46307,107,0,0.5190681365110307,0.552460258614943,46,blocked
46308,108,0,0.21210924339368584,0.3561579331127675,46,blocked
46309,109,0,0.5189683775532618,0.41196027269150604,46,blocked
46310,110,0,0.713817696256845,0.3562008003797388,46,blocked
46311,111,0,0.39036806320922596,0.5399182551929653,46,blocked
46312,112,0,0.5308308438712046,0.4396878494795463,46,blocked
46313,113,0,0.550552204484228,0.4689475266063204,46,blocked
46314,114,0,0.6049186297141758,0.5187320355959838,46,blocked
46315,115,0,0.8658574984599193,0.500124324098592,46,blocked
46316,116,0,0.12972426306469603,0.3217549988721137,46,blocked
46317,117,0,0.4645787282108454,0.5216822801003556,46,blocked
46318,118,0,0.18136941291662934,0.594655668966038,46,blocked
46319,119,0,0.682433855900585,0.48684577500228665,46,blocked
46320,120,0,0.640744986127775,0.5102194465788561,46,blocked
46321,121,0,0.8474219976636492,0.3565754318001162,46,blocked
46322,122,0,0.7419090739170158,0.4691437755028752,46,blocked
46323,123,0,0.3911936203254768,0.424561652862981,46,blocked
46324,124,0,0.4518226572272234,0.4928792591472635,46,blocked
46325,125,0,0.8981247478348011,0.41641329687752837,46,blocked
46326,126,0,0.10457528501566281,0.4834544887005716,46,blocked
46327,127,0,0.24372952540366788,0.5724501445900385,46,blocked
46328,128,0,0.6405453519421801,0.5342943813420388,46,blocked
46329,129,0,0.27533653723733886,0.5888475459769538,46,blocked
46330,130,0,0.25876294321225024,0.5232046656681917,46,blocked
46331,131,0,0.14490306452285587,0.5103459290247829,46,blocked
46332,132,0,0.3701370926040298,0.48751010593087096,46,blocked
46333,133,0,0.625107528579782,0.4820373327817109,46,blocked
46334,134,0,0.9623464313701592,0.4481945447694444,46,blocked
46335,135,0,0.10092430145705124,0.5939292284547164,46,blocked
46336,136,0,0.5120973452695672,0.4676490378327263,46,blocked
46337,137,0,0.2606780068090524,0.5592396298982519,46,blocked
46338,138,0,0.6032478603812614,0.39411317864633844,46,blocked
46339,139,0,0.8413702264016825,0.3696771821822622,46,blocked
46340,140,0,0.11337863386071152,0.45041379313809915,46,blocked
46341,141,0,0.6625439540391629,0.41124504812877016,46,blocked
46342,142,0,0.3729837215161337,0.3410269880381418,46,blocked
46343,143,0,0.7343584073937327,0.4265036445182124,46,blocked
46344,144,0,0.5711760909136298,0.5035805048539952,46,blocked
46345,145,0,0.264487209848504,0.4050751329717366,46,blocked
46346,146,0,0.8120369410328456,0.4507632377691255,46,blocked
46347,147,0,0.5247373733583175,0.4491740208558663,46,blocked
46348,148,0,0.4430480087611788,0.667857388412,46,blocked
46349,149,0,0.868947906624384,0.42850116915953496,46,blocked
46350,150,0,0.8662369685129776,0.5188986929252659,46,blocked
46351,151,0,0.9131044500598162,0.4792703580496161,46,blocked
46352,152,0,0.8576106074769296,0.30603606634849223,46,blocked
46353,153,0,0.70910174040127,0.5431667807253976,46,blocked
46354,154,0,0.2549536417658713,0.40349548405428676,46,blocked
46355,155,0,0.39462244110544376,0.4657150851883032,46,blocked
46356,156,0,0.4032808428189555,0.4289674876861938,46,blocked
46357,157,0,0.5844530500240689,0.33260552630958595,46,blocked
46358,158,0,0.4859544182128538,0.47153452883555164,46,blocked
46359,159,0,0.8827426650877613,0.5913502667614907,46,blocked
46360,160,0,0.15168546475240763,0.48427114699091445,46,blocked
46361,161,0,0.3654033265946114,0.5443723412176015,46,blocked
46362,162,0,0.6877184628155342,0.6315357645480257,46,blocked
46363,163,0,0.9595778462589002,0.625000916215678,46,blocked
46364,164,0,0.5046552856823646,0.5896857502656734,46,blocked
46365,165,0,0.5565603259409032,0.4480555467013703,46,blocked
46366,166,0,0.08073133822522685,0.6301442087725229,46,blocked
46367,167,0,0.6313318561831376,0.3851509163801203,46,blocked
46368,168,0,0.4892342059455945,0.44488912008611503,46,blocked
46369,169,0,0.630310562987562,0.5241296941492939,46,blocked
46370,170,0,0.6376086037446591,0.6294276752205239,46,blocked
46371,171,0,0.6757622902218305,0.6359195900883312,46,blocked
46372,172,0,0.5272959314624137,0.6235588179416999,46,blocked
46373,173,0,0.6588015173888424,0.44336611015109395,46,blocked
46374,174,0,0.24043494642084584,0.4995224672846609,46,blocked
46375,175,0,0.47449652855627766,0.4992558647488939,46,blocked
46376,176,0,0.5180777679833136,0.44602544870649685,46,blocked
46377,177,0,0.8447724567932974,0.4953732186980708,46,blocked
46378,178,0,0.6866547534650238,0.5888718257126615,46,blocked
46379,179,0,0.8139815081867301,0.3459609621692552,46,blocked
46380,180,0,0.48228482800578854,0.5672842521958418,46,blocked
46381,181,0,0.762604928773179,0.3407759056482652,46,blocked
46382,182,0,0.4516925070336884,0.3402778957966065,46,blocked
46383,183,0,0.615250146710328,0.4275343955136276,46,blocked
46384,184,0,0.7539555676342496,0.31560712722004847,46,blocked
46385,185,0,0.4857447661102396,0.422814448433683,46,blocked
46386,186,0,0.40242743358019983,0.42264640503387935,46,blocked
46387,187,0,0.6604272342023337,0.44784269900273344,46,blocked
46388,188,0,0.6600589155367701,0.40728695410050975,46,blocked
46389,189,0,0.1871870581187226,0.45701109015833397,46,blocked
46390,190,0,0.6537717123502804,0.3832381957318598,46,blocked
46391,191,0,0.8588653674630546,0.4774029287894135,46,blocked
46392,192,0,0.5793400256606012,0.4738043352795396,46,blocked
46393,193,0,0.6366699481152548,0.46693589265906393,46,blocked
46394,194,0,0.3720946907834204,0.372991705071231,46,blocked
46395,195,0,0.2532789454626164,0.2909096587806733,46,blocked
46396,196,0,0.05322821125561655,0.35844401027195605,46,blocked
46397,197,0,0.6095372504961022,0.5222858326776525,46,blocked
46398,198,0,0.4357062232398259,0.46091741795989377,46,blocked
46399,199,0,0.8518449356392335,0.401857857511846,46,blocked
46400,0,0,0.4966438699866684,0.9707873052127947,46,early
46401,1,0,0.49676662682749423,0.6127852854101965,46,early
46402,2,0,0.3767537628280293,0.5024624466541227,46,early
46403,3,0,0.6797446140055308,0.48455615391467366,46,early
46404,4,0,0.5556844541647838,0.5371453385086384,46,early
46405,5,0,0.5352128509853914,0.5296930132329668,46,early
46406,6,0,0.5929069407151484,0.5132662962422583,46,early
46407,7,0,0.39835786950263774,0.47296376035920557,46,early
46408,8,0,0.6430530009155188,0.5072335332258338,46,early
46409,9,0,0.5730058703761662,0.5034615350041168,46,early
46410,10,0,0.34056454108025974,0.6004582798008333,46,early
46411,11,0,0.6865266766623173,0.5988975111014101,46,early
46412,12,0,0.363481949940474,0.49680440567358886,46,early
46413,13,0,0.6950261761292882,0.4777669428558269,46,early
46414,14,0,0.44220465327275726,0.4664747009628256,46,early
46415,15,0,0.4280700968094836,0.4707854443481776,46,early
46416,16,0,0.5090664215972962,0.49203119037519016,46,early
46417,17,0,0.46020706356287405,0.6519017133106293,46,early
46418,18,0,0.6929826611516159,0.5457542912367106,46,early
46419,19,0,0.6992401610446866,0.5005881041142735,46,early
46420,20,0,0.5597337739956001,0.48183153300420034,46,early
46421,21,0,0.44625929374272116,0.49591519141336693,46,early
46422,22,0,0.45402599014762524,0.46607293982947645,46,early
46423,23,0,0.6138643616734716,0.5978623319083232,46,early
46424,24,0,0.2168296123915755,0.5412743283916319,46,early
46425,25,0,0.4159442913325133,0.5120156019110061,46,early
46426,26,0,0.4744939249717507,0.54927101352015,46,early
46427,27,0,0.5046062577900446,0.4084495238007705,46,early
46428,28,0,0.43681083980907415,0.6358440694803025,46,early
46429,29,0,0.5232687904540863,0.47941560761834967,46,early
46430,30,0,0.27706736867324944,0.5179606763894856,46,early
46431,31,0,0.44156116879210094,0.4502350296300889,46,early
46432,32,0,0.45687736543198865,0.4551131045026026,46,early
46433,33,0,0.33651197004635025,0.5611930958794711,46,early
46434,34,0,0.6091327737078861,0.46765457003351396,46,early
46435,35,0,0.5714426653439616,0.4237359578502007,46,early
46436,36,0,0.38940960981887784,0.49530730222726416,46,early
46437,37,0,0.7511194336233709,0.59323326216593,46,early
46438,38,0,0.48756009059926814,0.48735704972891003,46,early
46439,39,0,0.5270410993225199,0.4610077457178491,46,early
46440,40,0,0.1135806883694892,0.4038653114297703,46,early
46441,41,0,0.771141964980538,0.32135517630429433,46,early
46442,42,0,0.2954722269445269,0.565352518011977,46,early
46443,43,0,0.2734291646855253,0.4394842800932103,46,early
46444,44,0,0.5078378594360506,0.443025734293063,46,early
46445,45,0,0.17609046282206908,0.5481694568105743,46,early
46446,46,0,0.6301026663308186,0.4802836774289994,46,early
46447,47,0,0.06722165826193585,0.5842167833514158,46,early
46448,48,0,0.05502015845777474,0.4917748677527345,46,early
46449,49,0,0.666137123865094,0.37604181958407706,46,early
46450,50,0,0.7098674633738287,0.3010011885692032,46,early
46451,51,0,0.9545236558640233,0.5396434037019251,46,early
46452,52,0,0.664979641374609,0.6938171247075064,46,early
46453,53,0,0.08138801562107206,0.5193054380697828,46,early
46454,54,0,0.5539962102905602,0.5397455496661565,46,early
46455,55,0,0.08201308715357657,0.4195702873583722,46,early
46456,56,0,0.34168890039690375,0.40505562060672323,46,early
46457,57,0,0.21407971174503487,0.42513931083124556,46,early
46458,58,0,0.505031900796127,0.4753634499199004,46,early
46459,59,0,0.8975338159888308,0.5824204775480208,46,early
46460,60,0,0.24805547122697547,0.44998687794774106,46,early
46461,61,0,0.14915520096069274,0.4720487012846851,46,early
46462,62,0,0.7939799451834653,0.459939618777941,46,early
46463,63,0,0.8755766860104384,0.39672265312082666,46,early
46464,64,0,0.5222745322024892,0.5329118764144369,46,early
46465,65,0,0.36117242970052854,0.6521380612341441,46,early
46466,66,0,0.9751731404835202,0.33916815020372393,46,early
46467,67,0,0.08138192227259305,0.46563847614977094,46,early
46468,68,0,0.6884966226129268,0.4670452314210217,46,early
46469,69,0,0.9426654507073609,0.5793159311148054,46,early
46470,70,0,0.4179368583084382,0.4382219947627405,46,early
46471,71,0,0.47138164831621265,0.36061504069813666,46,early
46472,72,0,0.7315141275760702,0.42141400987517286,46,early
46473,73,0,0.44673818473495086,0.4936266160870625,46,early
46474,74,0,0.833053092800863,0.441802845100002,46,early
46475,75,0,0.03859656477408822,0.38673166684607985,46,early
46476,76,0,0.5299259414653668,0.600547798593343,46,early
46477,77,0,0.9491826873529726,0.5073817023648616,46,early
46478,78,0,0.3180551494847855,0.5115647661633298,46,early
46479,79,0,0.7162040344837306,0.6095375459815389,46,early
46480,80,0,0.4620005436933509,0.45830379855386494,46,early
46481,81,0,0.7111148182304334,0.4052335131229631,46,early
46482,82,0,0.5405857873741818,0.5574733388049251,46,early
46483,83,0,0.39618088762233167,0.403395800361773,46,early
46484,84,0,0.3501784789824459,0.5382500769326476,46,early
46485,85,0,0.5527169587166592,0.48415803225384335,46,early
46486,86,0,0.6326458732989326,0.8516984944808625,46,early
46487,87,0,0.5388366150477546,0.4769909708598851,46,early
46488,88,0,0.5377635435610553,0.5708352096329898,46,early
46489,89,0,0.5207872975462975,0.4906117252159087,46,early
46490,90,0,0.2005564073612957,0.546220470807986,46,early
46491,91,0,0.7807570083550766,0.5011760199837129,46,early
46492,92,0,0.4388663785901362,0.4422714224536677,46,early
46493,93,0,0.18823202967769087,0.4935290392103019,46,early
46494,94,0,0.5767460726057788,0.5201818231832054,46,early
46495,95,0,0.370235073864984,0.4797987788182295,46,early
46496,96,0,0.4298524384108935,0.40055457893927904,46,early
46497,97,0,0.1802846612613219,0.6523538806575495,46,early
46498,98,0,0.13446694341959547,0.6655097836559153,46,early
46499,99,0,0.5191538731653931,0.494286608248516,46,early
46500,100,0,0.5684267346239884,0.6783248983318515,46,early
46501,101,0,0.13341697435997502,0.6515404039153494,46,early
46502,102,0,0.47345858846615785,0.49127872551593643,46,early
46503,103,0,0.1938972037986338,0.3343949887789085,46,early
46504,104,0,0.45118273520686536,0.5239292022784168,46,early
46505,105,0,0.5806110093409591,0.4954099600654278,46,early
46506,106,0,0.7402851485315258,0.39977253745227964,46,early
46507,107,0,0.722994593258042,0.6096718950901974,46,early
46508,108,0,0.5649292453703268,0.5462432038583009,46,early
46509,109,0,0.2466348390336133,0.4826941818374626,46,early
46510,110,0,0.5771986763289556,0.6176062189248734,46,early
46511,111,0,0.5853810229790122,0.3702654251982641,46,early
46512,112,0,0.9226240939703338,0.6034341021328129,46,early
46513,113,0,0.8051595766018269,0.4382986882315664,46,early
46514,114,0,0.3262219160419397,0.5848421826624284,46,early
46515,115,0,0.65469174152573,0.5612944988447652,46,early
46516,116,0,0.33748433186029236,0.4816543258093324,46,early
46517,117,0,0.596841159615214,0.5039887011880513,46,early
46518,118,0,0.5691191976745956,0.441554307493943,46,early
46519,119,0,0.3396572792921451,0.4932746986956979,46,early
46520,120,0,0.5596626616107043,0.4440593722217535,46,early
46521,121,0,0.39972282574855034,0.5036823043046111,46,early
46522,122,0,0.3015098098594468,0.4339418497364439,46,early
46523,123,0,0.5609513691225535,0.4736555921112714,46,early
46524,124,0,0.48240001208707994,0.42214056293434227,46,early
46525,125,0,0.47626750678423535,0.5834965271151156,46,early
46526,126,0,0.9146364317646296,0.3397942268475438,46,early
46527,127,0,0.5901378866067616,0.3721486771946314,46,early
46528,128,0,0.18401505869308235,0.38577875659854666,46,early
46529,129,0,0.6499558305904372,0.44359798100928644,46,early
46530,130,0,0.4966832372887356,0.5071472805932062,46,early
46531,131,0,0.8826825763757489,0.45127540309124203,46,early
46532,132,0,0.5091155092624746,0.43264930802265106,46,early
46533,133,0,0.5827323355189544,0.3155792652219461,46,early
46534,134,0,0.7372192282861751,0.418589149459362,46,early
46535,135,0,0.49542568501335915,0.46613979119946136,46,early
46536,136,0,0.7113090508052042,0.3454600741366908,46,early
46537,137,0,0.8689592397902415,0.35272347927637226,46,early
46538,138,0,0.5482855379898115,0.32622652178758094,46,early
46539,139,0,0.36642310881528256,0.4694845389465355,46,early
46540,140,0,0.3362859420075702,0.3699841796896108,46,early
46541,141,0,0.23133301179711732,0.36782189847605673,46,early
46542,142,0,0.5634248552607648,0.4840100186502172,46,early
46543,143,0,0.864418272881694,0.315381196210207,46,early
46544,144,0,0.44606784472271055,0.6009763396329657,46,early
46545,145,0,0.3495878608560976,0.38040011580358335,46,early
46546,146,0,0.5465090138409973,0.3964886377051031,46,early
46547,147,0,0.38951037829009927,0.37189281281656994,46,early
46548,148,0,0.5758024424600018,0.36379491246313367,46,early
46549,149,0,0.5621604551449093,0.38073930552811086,46,early
46550,150,0,0.583004494228549,0.42723967506244975,46,early
46551,151,0,0.44770068109514655,0.46562281574590747,46,early
46552,152,0,0.47476312337006576,0.6241563586958645,46,early
46553,153,0,0.8240226859718099,0.5621662494712552,46,early
46554,154,0,0.3414724289295982,0.33565158900984127,46,early
46555,155,0,0.06908082436342569,0.690884965900258,46,early
46556,156,0,0.3715862714257352,0.4518234616631148,46,early
46557,157,0,0.313511216655767,0.38531028921054566,46,early
46558,158,0,0.19340200313778236,0.34309401593638367,46,early
46559,159,0,0.5827540197901937,0.3783343470804035,46,early
46560,160,0,0.2863647491309802,0.48058397963760957,46,early
46561,161,0,0.8689164446113407,0.4850895914348844,46,early
46562,162,0,0.9221951407644806,0.6066067465339539,46,early
46563,163,0,0.48564964158544055,0.5217494038488525,46,early
46564,164,0,0.36349093458348325,0.6145820869696816,46,early
46565,165,0,0.38163306575910116,0.5158861473486296,46,early
46566,166,0,0.49083641315896936,0.6868407979664102,46,early
46567,167,0,0.12029555446891177,0.4895388966384916,46,early
46568,168,0,0.7898458373746847,0.5328815819145906,46,early
46569,169,0,0.5745978576602055,0.3750707481511432,46,early
46570,170,0,0.49819957542718013,0.5807849872613711,46,early
46571,171,0,0.4938536952236533,0.5114539924637189,46,early
46572,172,0,0.14568368282526295,0.4725825707205117,46,early
46573,173,0,0.28349921886641327,0.5051787427767439,46,early
46574,174,0,0.5678289843896613,0.6091784287433595,46,early
46575,175,0,0.5291061604098366,0.5082834246561717,46,early
46576,176,0,0.5384112914983241,0.3352409646203544,46,early
46577,177,0,0.4630435841583055,0.5284130012674927,46,early
46578,178,0,0.6159916598338533,0.38545155880069615,46,early
46579,179,0,0.6579816156577334,0.37688599365678976,46,early
46580,180,0,0.10042760667899035,0.59525417951185,46,early
46581,181,0,0.5045219865928956,0.632352592680232,46,early
46582,182,0,0.15911845304113914,0.571931289405462,46,early
46583,183,0,0.5641527142422168,0.3894375033204491,46,early
46584,184,0,0.08472186305055728,0.4857462639603242,46,early
46585,185,0,0.5258544206591191,0.42157260680731995,46,early
46586,186,0,0.3526390631924312,0.3958144809834312,46,early
46587,187,0,0.5213877624122701,0.38862431713170675,46,early
46588,188,0,0.5027576997979736,0.38558070447788206,46,early
46589,189,0,0.6333822539912323,0.4089883298239639,46,early
46590,190,0,0.8088533039766694,0.4653698695087648,46,early
46591,191,0,0.4164707876818017,0.5467714399186189,46,early
46592,192,0,0.3492946649520276,0.5494912681359847,46,early
46593,193,0,0.4706206982046821,0.3650997600271342,46,early
46594,194,0,0.44298327042575214,0.31659663376990255,46,early
46595,195,0,0.4512345741135555,0.39242638266176616,46,early
46596,196,0,0.7264003638910679,0.3366270462892861,46,early
46597,197,0,0.5117731110914404,0.519645562505602,46,early
46598,198,0,0.8106855151438673,0.30549550940358283,46,early
46599,199,0,0.27630251621031254,0.41130412490264256,46,early
46600,0,0,0.4982509500833954,0.9455612647041204,46,middle
46601,1,0,0.9532732010160785,0.4368049753364263,46,middle
46602,2,0,0.5260030220855887,0.8542424352486803,46,middle
46603,3,0,0.21397576996532883,0.7142596408244299,46,middle
46604,4,0,0.23907188739548751,0.5536320216467342,46,middle
46605,5,0,0.5540201113698124,0.5061310132922789,46,middle
46606,6,0,0.3796386730302473,0.496986728127492,46,middle
46607,7,0,0.4432901561263639,0.5117268370293648,46,middle
46608,8,0,0.317250880533797,0.4500562479469725,46,middle
46609,9,0,0.10397735323744266,0.493543424227151,46,middle
46610,10,0,0.2862510001445848,0.49929308226812213,46,middle
46611,11,0,0.39763483371776764,0.4860391342600658,46,middle
46612,12,0,0.7170383502786102,0.3967739911152409,46,middle
46613,13,0,0.2505347350029776,0.42991238671644116,46,middle
46614,14,0,0.2943038758666854,0.5566577810502507,46,middle
46615,15,0,0.4954561506534115,0.4983778551438723,46,middle
46616,16,0,0.3966975124705799,0.5260431189249051,46,middle
46617,17,0,0.18056142483709503,0.49645652106565635,46,middle
46618,18,0,0.3905703503774233,0.6117532209246241,46,middle
46619,19,0,0.6826850264259365,0.2979275410777059,46,middle
46620,20,0,0.3741302788399049,0.3781736182420278,46,middle
46621,21,0,0.8321469635604622,0.3415219182366621,46,middle
46622,22,0,0.41512484334048605,0.5613347252557532,46,middle
46623,23,0,0.8867276977672783,0.48978715690615754,46,middle
46624,24,0,0.5990559830233866,0.4214227407976051,46,middle
46625,25,0,0.7545844967287574,0.3526213744925917,46,middle
46626,26,0,0.24975297391181867,0.4567861754854652,46,middle
46627,27,0,0.3074799630869669,0.5024902862779451,46,middle
46628,28,0,0.90850357130958,0.45199901764823447,46,middle
46629,29,0,0.43607881496088446,0.339503856698996,46,middle
46630,30,0,0.4737267189113706,0.5666937674571847,46,middle
46631,31,0,0.2878332823358866,0.48978822987619725,46,middle
46632,32,0,0.41824972124489423,0.523196298478449,46,middle
46633,33,0,0.7460664909805869,0.48115062567275957,46,middle
46634,34,0,0.4238246765864007,0.5111811038656399,46,middle
46635,35,0,0.745782348208813,0.3672620564854647,46,middle
46636,36,0,0.7469691169583086,0.5674634765123413,46,middle
46637,37,0,0.4024574808575736,0.3724993376089505,46,middle
46638,38,0,0.31407695344603276,0.5078900870457022,46,middle
46639,39,0,0.8317530377681773,0.3975414116423036,46,middle
46640,40,0,0.35731985399239496,0.53658946793913,46,middle
46641,41,0,0.2686631424838949,0.5813821665018897,46,middle
46642,42,0,0.5362887428628961,0.37617606015684923,46,middle
46643,43,0,0.3641151185371888,0.5780564412496407,46,middle
46644,44,0,0.4179986388169308,0.49744457700918726,46,middle
46645,45,0,0.4878837784617233,0.552596555222668,46,middle
46646,46,0,0.38522097000633376,0.5326358858917928,46,middle
46647,47,0,0.36076453986685847,0.4009406336938882,46,middle
46648,48,0,0.25847246075764263,0.3607464662031345,46,middle
46649,49,0,0.41355980431291306,0.3491779150434434,46,middle
46650,50,0,0.3930101006400457,0.6204940320799129,46,middle
46651,51,0,0.5171859701715197,0.4294263878629403,46,middle
46652,52,0,0.6429209737497841,0.600457175815899,46,middle
46653,53,0,0.5932986418671852,0.441320699093806,46,middle
46654,54,0,0.2973839191733896,0.4604803272876552,46,middle
46655,55,0,0.4335388314151841,0.3904996877465057,46,middle
46656,56,0,0.43381189066612935,0.41708468538993654,46,middle
46657,57,0,0.23009847685667734,0.4770140313234953,46,middle
46658,58,0,0.2580925399991737,0.587731573437051,46,middle
46659,59,0,0.6671769120029041,0.3921794800241639,46,middle
46660,60,0,0.4700214233540968,0.5243717684594448,46,middle
46661,61,0,0.5342961708472473,0.35633788744955563,46,middle
46662,62,0,0.4578522910097473,0.49291891530720044,46,middle
46663,63,0,0.630280123301775,0.48592735981374025,46,middle
46664,64,0,0.5008557677343709,0.37514815096845455,46,middle
46665,65,0,0.3508377556051041,0.36970381402855734,46,middle
46666,66,0,0.48736521542071165,0.4268344377447232,46,middle
46667,67,0,0.7068944081394246,0.33632145426123855,46,middle
46668,68,0,0.43067833210244577,0.4463616954198596,46,middle
46669,69,0,0.582576395536015,0.3913975411756261,46,middle
46670,70,0,0.8436152677688886,0.3677970544080656,46,middle
46671,71,0,0.8777503008033873,0.3975413769025659,46,middle
46672,72,0,0.14995671743364083,0.5330020082616129,46,middle
46673,73,0,0.73188035258822,0.42178767165454323,46,middle
46674,74,0,0.43907955973915136,0.42219638377255947,46,middle
46675,75,0,0.59307504923593,0.3561503823612028,46,middle
46676,76,0,0.4005878799249282,0.2798182312529247,46,middle
46677,77,0,0.31490425193381033,0.3826696499008087,46,middle
46678,78,0,0.7100099298447112,0.3181621797520876,46,middle
46679,79,0,0.3754376851086044,0.3611667268444513,46,middle
46680,80,0,0.8619732191012177,0.2896415990931745,46,middle
46681,81,0,0.12943305579116735,0.45259536379687715,46,middle
46682,82,0,0.1782142312690266,0.6850600386448207,46,middle
46683,83,0,0.03878317728973381,0.5426125194034745,46,middle
46684,84,0,0.7165348986546533,0.3697504073720066,46,middle
46685,85,0,0.296756199897017,0.5145676806789847,46,middle
46686,86,0,0.16461356538232969,0.46767379578227813,46,middle
46687,87,0,0.6189369032784767,0.3207487800376124,46,middle
46688,88,0,0.684248359925086,0.45102761198527863,46,middle
46689,89,0,0.042677396867409165,0.5604140707166811,46,middle
46690,90,0,0.36075373592824667,0.44883975481480765,46,middle
46691,91,0,0.5721752639395516,0.5064024614503033,46,middle
46692,92,0,0.05274732359801468,0.5452834034824539,46,middle
46693,93,0,0.1773058021655018,0.35500106544041554,46,middle
46694,94,0,0.3753256216897848,0.4300720958594203,46,middle
46695,95,0,0.7944144526238528,0.3739038398771122,46,middle
46696,96,0,0.8273934433049089,0.3834679964730767,46,middle
46697,97,0,0.10163875417040136,0.7150126326486066,46,middle
46698,98,0,0.8234432415093628,0.35283578621425865,46,middle
46699,99,0,0.3016091088589991,0.38664012246447343,46,middle
46700,100,0,0.7497248993316203,0.27225339146025274,46,middle
46701,101,0,0.24802527562749402,0.3873544427996651,46,middle
46702,102,0,0.5929580314362909,0.5000334495542198,46,middle
46703,103,0,0.8740927786333237,0.4697968103196468,46,middle
46704,104,0,0.36092516206125136,0.28082941275071105,46,middle
46705,105,0,0.8750815728497197,0.42361767290125485,46,middle
46706,106,0,0.23777989471713612,0.5304631114970086,46,middle
46707,107,0,0.23754968364809198,0.4304246170385049,46,middle
46708,108,0,0.23111754932221465,0.4713072213398268,46,middle
46709,109,0,0.41086878547411465,0.5072609592130457,46,middle
46710,110,0,0.2207063679648336,0.34119327323434356,46,middle
46711,111,0,0.885026391790539,0.36284948603120837,46,middle
46712,112,0,0.7049904948445076,0.5152907985654507,46,middle
46713,113,0,0.5781177963978761,0.3885343562224154,46,middle
46714,114,0,0.5817618152114028,0.3522640894970046,46,middle
46715,115,0,0.8924562719035234,0.38994039198101177,46,middle
46716,116,0,0.9167969984592474,0.27632375545622145,46,middle
46717,117,0,0.4218161710380003,0.4808777063788556,46,middle
46718,118,0,0.8944897307307249,0.3676869773427036,46,middle
46719,119,0,0.28210007843526635,0.44628243940179907,46,middle
46720,120,0,0.4108650964229248,0.4824463945233282,46,middle
46721,121,0,0.15621728821816316,0.3684510513724345,46,middle
46722,122,0,0.4901868389990853,0.47016926453662966,46,middle
46723,123,0,0.2968506363501831,0.33530225304841055,46,middle
46724,124,0,0.5222750213016188,0.3872299824596808,46,middle
46725,125,0,0.1384563145770642,0.44752499639115967,46,middle
46726,126,0,0.4353719219417921,0.4822228828790296,46,middle
46727,127,0,0.7197241286207323,0.34896430653758836,46,middle
46728,128,0,0.6221595188178624,0.2748264665468629,46,middle
46729,129,0,0.4058817756286734,0.38535100184467064,46,middle
46730,130,0,0.28249659696939433,0.34884232187117437,46,middle
46731,131,0,0.7940724294387874,0.3521552135449388,46,middle
46732,132,0,0.5087493840067165,0.36323872747996094,46,middle
46733,133,0,0.8887281005620545,0.3802845230122904,46,middle
46734,134,0,0.49969600728087726,0.4917952926944501,46,middle
46735,135,0,0.3403264218114354,0.34613699087892114,46,middle
46736,136,0,0.532751221242017,0.4538319714540212,46,middle
46737,137,0,0.817547042612299,0.2813879672968383,46,middle
46738,138,0,0.88625486116619,0.37579696643178834,46,middle
46739,139,0,0.764435168527827,0.4469777167437335,46,middle
46740,140,0,0.5054976012216781,0.3976318849534539,46,middle
46741,141,0,0.5284893626504266,0.35906972952290983,46,middle
46742,142,0,0.49804656488506416,0.3436279243612601,46,middle
46743,143,0,0.36640828833310446,0.5550931107321668,46,middle
46744,144,0,0.5429879141165974,0.40866332211221745,46,middle
46745,145,0,0.3842868827638025,0.3494395742039368,46,middle
46746,146,0,0.4314441907991909,0.3095271782393709,46,middle
46747,147,0,0.2957158755282498,0.3613093523928803,46,middle
46748,148,0,0.5454503624971277,0.4708246049369649,46,middle
46749,149,0,0.584768451051896,0.5716797807927025,46,middle
46750,150,0,0.4925565469521436,0.43437021005890997,46,middle
46751,151,0,0.7301009805242994,0.23487603452059458,46,middle
46752,152,0,0.46869091922857803,0.5301483012561043,46,middle
46753,153,0,0.9285826259855541,0.32550269790330577,46,middle
46754,154,0,0.3890783009376416,0.30991511333308575,46,middle
46755,155,0,0.604672383174643,0.3349184509016752,46,middle
46756,156,0,0.618833495537384,0.4095536340666255,46,middle
46757,157,0,0.025455120592054584,0.5398642700574359,46,middle
46758,158,0,0.43852215782533555,0.37270401975234935,46,middle
46759,159,0,0.3989371596548288,0.22732388399820935,46,middle
46760,160,0,0.8089700477828304,0.3133914636368737,46,middle
46761,161,0,0.6135500831484613,0.34210648869417226,46,middle
46762,162,0,0.08689997776093539,0.5245406902224934,46,middle
46763,163,0,0.4684080641657732,0.3952414867869588,46,middle
46764,164,0,0.5074723173367716,0.33580637113731704,46,middle
46765,165,0,0.7461500693477823,0.4276457344125068,46,middle
46766,166,0,0.10314412040571895,0.3682501667058538,46,middle
46767,167,0,0.5230591725135635,0.3160190602281602,46,middle
46768,168,0,0.8197683476039563,0.33887774986790065,46,middle
46769,169,0,0.4962501133345354,0.44909313335054246,46,middle
46770,170,0,0.9426117850307039,0.21809201259518357,46,middle
46771,171,0,0.7323454343753177,0.27379430921983094,46,middle
46772,172,0,0.7503274554489281,0.433592958772124,46,middle
46773,173,0,0.46004105723658795,0.36188136431043216,46,middle
46774,174,0,0.6906600560238458,0.49895431404365953,46,middle
46775,175,0,0.4848768246597658,0.5084709894835151,46,middle
46776,176,0,0.5561832098776459,0.39369364548400954,46,middle
46777,177,0,0.8136420585840458,0.3675064364605637,46,middle
46778,178,0,0.09525944593161376,0.4566668142259833,46,middle
46779,179,0,0.6654561520498679,0.311896814007675,46,middle
46780,180,0,0.5644459495053762,0.32677413740529304,46,middle
46781,181,0,0.23110047381314605,0.31750305768184206,46,middle
46782,182,0,0.8675500154920632,0.3197240094468899,46,middle
46783,183,0,0.073083325292265,0.32398233179636604,46,middle
46784,184,0,0.7146212276113084,0.31519682787063735,46,middle
46785,185,0,0.516909089620084,0.4927432268492674,46,middle
46786,186,0,0.3189709366086213,0.2985209374616551,46,middle
46787,187,0,0.42125624841907544,0.4773506114898156,46,middle
46788,188,0,0.36518789062990553,0.5921339370063907,46,middle
46789,189,0,0.7496818157023897,0.30368519357193424,46,middle
46790,190,0,0.3237363228146599,0.31342559397056347,46,middle
46791,191,0,0.5059729824158911,0.35898514026484,46,middle
46792,192,0,0.582123801472908,0.2893028421885746,46,middle
46793,193,0,0.8593702925894822,0.332850651165395,46,middle
46794,194,0,0.48449261522540443,0.4461973191033294,46,middle
46795,195,0,0.7924999812407652,0.32155784975281365,46,middle
46796,196,0,0.2966295437564154,0.37564781962954974,46,middle
46797,197,0,0.5838179923054858,0.3633307171085527,46,middle
46798,198,0,0.8362153811333018,0.2882828255780255,46,middle
46799,199,0,0.5725108233110598,0.3501896288317222,46,middle
46800,0,0,0.6579821187663237,0.6014145643512053,46,late
46801,1,0,0.5520621451008949,0.6722414037113786,46,late
46802,2,0,0.38776705081843454,0.42930317163897336,46,late
46803,3,0,0.5548830430672307,0.646681288752784,46,late
46804,4,0,0.3250004676651243,0.46147558318126664,46,late
46805,5,0,0.4522588185018043,0.7656216333884269,46,late
46806,6,0,0.4809280023717507,0.3477442987775282,46,late
46807,7,0,0.42886856452540817,0.6568606123185318,46,late
46808,8,0,0.19125447497631842,0.5449362258885733,46,late
46809,9,0,0.614246092719667,0.5188750424080956,46,late
46810,10,0,0.6799229166007154,0.47895861403753454,46,late
46811,11,0,0.4598684042874839,0.6034911243153149,46,late
46812,12,0,0.1272872755635407,0.61361225010847,46,late
46813,13,0,0.6571360137702438,0.4558239238889069,46,late
46814,14,0,0.5793542658405236,0.6427844224449271,46,late
46815,15,0,0.5966065925907076,0.4467998205041691,46,late
46816,16,0,0.5672864335890999,0.40874833436004976,46,late
46817,17,0,0.33600840750582933,0.4727874714323799,46,late
46818,18,0,0.15371154095053358,0.5085504016328425,46,late
46819,19,0,0.46306953365858006,0.5129568751608663,46,late
46820,20,0,0.6369093935982231,0.45445365822482625,46,late
46821,21,0,0.4011770883069137,0.5947948761327253,46,late
46822,22,0,0.8930411443470598,0.3886733168744363,46,late
46823,23,0,0.5000817236311119,0.6213295091891468,46,late
46824,24,0,0.04992618122272299,0.6463434014323566,46,late
46825,25,0,0.2364093060025,0.45068191804421726,46,late
46826,26,0,0.1300766654585555,0.4509674485889882,46,late
46827,27,0,0.5050904051714316,0.4659719327651446,46,late
46828,28,0,0.5896323479920693,0.3783659349581285,46,late
46829,29,0,0.7459952070295085,0.578463995626047,46,late
46830,30,0,0.2911713298037602,0.5849270864867882,46,late
46831,31,0,0.6106199040838196,0.41317144554431606,46,late
46832,32,0,0.6681428310506597,0.5003817796332205,46,late
46833,33,0,0.5539457430146467,0.47663232264604793,46,late
46834,34,0,0.7062146430103633,0.40020764028461553,46,late
46835,35,0,0.2543986872432215,0.5826967719939945,46,late
46836,36,0,0.06526391094078,0.5642371130043502,46,late
46837,37,0,0.4967543306046995,0.5011860565936759,46,late
46838,38,0,0.7918472789083667,0.5807112553381344,46,late
46839,39,0,0.4920458952577837,0.41523634693726075,46,late
46840,40,0,0.08744016313395368,0.5143601651323974,46,late
46841,41,0,0.6047213412300906,0.5021643101834449,46,late
46842,42,0,0.8475545292830786,0.46209050447007805,46,late
46843,43,0,0.5086774935982823,0.5285211686533478,46,late
46844,44,0,0.9065844692686194,0.4108850051233335,46,late
46845,45,0,0.5908126239124906,0.4497517724411567,46,late
46846,46,0,0.9181291528137254,0.49546118675262707,46,late
46847,47,0,0.5248530344793537,0.4589982230718047,46,late
46848,48,0,0.0243090601278663,0.6577631998199005,46,late
46849,49,0,0.8091760028637784,0.42035016045685747,46,late
46850,50,0,0.047666473869602766,0.6457378533078961,46,late
46851,51,0,0.6033958078390064,0.4129906311210242,46,late
46852,52,0,0.676221720913529,0.5347859189286994,46,late
46853,53,0,0.5615059268376577,0.46615464237900894,46,late
46854,54,0,0.5047616446306136,0.45545723645645947,46,late
46855,55,0,0.7608597078292235,0.4303090913725667,46,late
46856,56,0,0.6200161816631061,0.45789117689735426,46,late
46857,57,0,0.5828482279703778,0.5064253977262068,46,late
46858,58,0,0.179740188689194,0.44874582769498095,46,late
46859,59,0,0.3189204335415823,0.4869974014051087,46,late
46860,60,0,0.5823288153660392,0.35513038914540745,46,late
46861,61,0,0.7106702431448424,0.4937599823897286,46,late
46862,62,0,0.5295290863997225,0.4154009636937722,46,late
46863,63,0,0.7017190634652407,0.3643075331642517,46,late
46864,64,0,0.9160975077656872,0.3106952460130281,46,late
46865,65,0,0.5617891457422379,0.44738234002222166,46,late
46866,66,0,0.6652472236608014,0.6013461937256623,46,late
46867,67,0,0.7808201448446963,0.467585429829529,46,late
46868,68,0,0.2618150694938714,0.6836678333400925,46,late
46869,69,0,0.652028472071541,0.46254376130278674,46,late
46870,70,0,0.5128888360926085,0.48266096080208276,46,late
46871,71,0,0.7491385919831229,0.29852533277753546,46,late
46872,72,0,0.21813246117834895,0.591421066673496,46,late
46873,73,0,0.5703266957402093,0.46140975165190284,46,late
46874,74,0,0.9181180087693959,0.33629914986719234,46,late
46875,75,0,0.49285253466368056,0.5031689373105794,46,late
46876,76,0,0.7414342302138324,0.4340084105040837,46,late
46877,77,0,0.7285507297430782,0.4797440939923139,46,late
46878,78,0,0.9466161668118962,0.4790081248914335,46,late
46879,79,0,0.3440509213226353,0.5309087108947675,46,late
46880,80,0,0.8668066797251198,0.2932745834129048,46,late
46881,81,0,0.41947498793687776,0.6826920812143191,46,late
46882,82,0,0.967369419302391,0.4023231210765752,46,late
46883,83,0,0.9881540852194846,0.3452124679618496,46,late
46884,84,0,0.14034086108069763,0.40405923463233995,46,late
46885,85,0,0.23339717874816007,0.5371445275701221,46,late
46886,86,0,0.48646482347801223,0.5421966794948216,46,late
46887,87,0,0.40299143310114033,0.3210187563999771,46,late
46888,88,0,0.06852644219765663,0.570718132452416,46,late
46889,89,0,0.9794408121625727,0.46619185838662575,46,late
46890,90,0,0.051262486486672976,0.3973558730383989,46,late
46891,91,0,0.7017029548686133,0.3360373658238458,46,late
46892,92,0,0.9266360065980669,0.32671213147304223,46,late
46893,93,0,0.1194679062093742,0.4438539139358182,46,late
46894,94,0,0.2099905119273004,0.4871516756960408,46,late
46895,95,0,0.6725197014628554,0.29476013938751167,46,late
46896,96,0,0.01056685052019821,0.6863026470597822,46,late
46897,97,0,0.18560676920624497,0.4903063490088398,46,late
46898,98,0,0.10633356678459971,0.5703954459947063,46,late
46899,99,0,0.947975048468938,0.5002772894686505,46,late
46900,100,0,0.8572536197646965,0.3308272878942038,46,late
46901,101,0,0.8736914718649784,0.4158837338150796,46,late
46902,102,0,0.6604527499800342,0.4522995634541851,46,late
46903,103,0,0.5120338412257504,0.3623791349288237,46,late
46904,104,0,0.705377456453963,0.4348058374936825,46,late
46905,105,0,0.9628565981306587,0.4338552246720408,46,late
46906,106,0,0.9516056571373148,0.3741015182856443,46,late
46907,107,0,0.9919181671409416,0.46144132366064505,46,late
46908,108,0,0.39346556501796176,0.5220143213336337,46,late
46909,109,0,0.6951930535474683,0.4468446294226883,46,late
46910,110,0,0.9707548955865232,0.3248028669888121,46,late
46911,111,0,0.024263931195806197,0.6242389851728785,46,late
46912,112,0,0.8203202171925178,0.3355326876787347,46,late
46913,113,0,0.6590171403055672,0.47406959765602785,46,late
46914,114,0,0.8644827948942255,0.39546488332865615,46,late
46915,115,0,0.670516444251214,0.562078750641322,46,late
46916,116,0,0.9610891217240713,0.2992248920621492,46,late
46917,117,0,0.9584109336326702,0.27238466181463517,46,late
46918,118,0,0.40990761616897325,0.4234810099082993,46,late
46919,119,0,0.9336544152978576,0.3020608607074404,46,late
46920,120,0,0.4859157041112018,0.491844081216211,46,late
46921,121,0,0.09469811906228516,0.5926879505253116,46,late
46922,122,0,0.5381893902672933,0.5399044053320096,46,late
46923,123,0,0.4550302272438376,0.35148067292099533,46,late
46924,124,0,0.43723273586542866,0.49682911650937384,46,late
46925,125,0,0.39260556090964494,0.41710638716371834,46,late
46926,126,0,0.23691949978660318,0.5639726808723553,46,late
46927,127,0,0.5350089541988235,0.38199776403164565,46,late
46928,128,0,0.4158558142979645,0.3773135463941124,46,late
46929,129,0,0.5570125856443556,0.4149901799430248,46,late
46930,130,0,0.7533218347722905,0.37449905831123964,46,late
46931,131,0,0.5944819347660855,0.34105802665198015,46,late
46932,132,0,0.4453282582319632,0.46032978739589037,46,late
46933,133,0,0.5019121447526209,0.4892377602096618,46,late
46934,134,0,0.6868446556164968,0.4519904674985252,46,late
46935,135,0,0.6602401458471665,0.3333620965483879,46,late
46936,136,0,0.4826988175662325,0.4491029524067267,46,late
46937,137,0,0.8333174806769194,0.4055199156937449,46,late
46938,138,0,0.39961635363416714,0.4112088771533118,46,late
46939,139,0,0.7041255166624141,0.39131314869958267,46,late
46940,140,0,0.5725266404683268,0.547438720735993,46,late
46941,141,0,0.250869331944671,0.47065493134517633,46,late
46942,142,0,0.5552343386028395,0.6083484638242509,46,late
46943,143,0,0.8432144206081447,0.4558200667326637,46,late
46944,144,0,0.757436378835229,0.4160953953459413,46,late
46945,145,0,0.2738948338891609,0.3796173789265369,46,late
46946,146,0,0.6356595319000904,0.5037984763230238,46,late
46947,147,0,0.44768203988756816,0.5611539198494037,46,late
46948,148,0,0.16329254715055264,0.47276850464354647,46,late
46949,149,0,0.5345585187563111,0.40533747976766166,46,late
46950,150,0,0.619901808018806,0.5070329610941647,46,late
46951,151,0,0.3891552566942026,0.45478270870638904,46,late
46952,152,0,0.599797587494479,0.38525797421603347,46,late
46953,153,0,0.4973247048989048,0.43775872750367184,46,late
46954,154,0,0.47587993942096574,0.49506971877785755,46,late
46955,155,0,0.814223314501181,0.352778227193692,46,late
46956,156,0,0.6146514674933727,0.3980383072963142,46,late
46957,157,0,0.6816325142908004,0.38816180117897225,46,late
46958,158,0,0.4891451668539205,0.41060985300628217,46,late
46959,159,0,0.2816470744791423,0.42145003474064036,46,late
46960,160,0,0.5712887118516179,0.3597268461541981,46,late
46961,161,0,0.6423597004759822,0.34716132206577854,46,late
46962,162,0,0.4806878039237302,0.4089269329390258,46,late
46963,163,0,0.10377204917023444,0.47218734928522316,46,late
46964,164,0,0.7641138430415402,0.43273628547528364,46,late
46965,165,0,0.18987203634214816,0.47602754825303284,46,late
46966,166,0,0.32849228375576994,0.39356542702993313,46,late
46967,167,0,0.8276357273346429,0.4635578034738328,46,late
46968,168,0,0.07239393731339056,0.5177967122470305,46,late
46969,169,0,0.6889097523661872,0.4846233222151608,46,late
46970,170,0,0.5606511302216222,0.43863908992959677,46,late
46971,171,0,0.5056250464450124,0.40912298730957797,46,late
46972,172,0,0.6635806773840707,0.5690599673593418,46,late
46973,173,0,0.6723990243422201,0.5205137943153714,46,late
46974,174,0,0.5153781025240664,0.33773518659040636,46,late
46975,175,0,0.4450546734968971,0.39244003933005966,46,late
46976,176,0,0.5310847494732026,0.3566038420052069,46,late
46977,177,0,0.3852545459564886,0.5207544240381834,46,late
46978,178,0,0.7672328602298089,0.3758157127041743,46,late
46979,179,0,0.11132565528615068,0.4367587487629977,46,late
46980,180,0,0.5744739012558548,0.42444572874156083,46,late
46981,181,0,0.8930309327477408,0.2816189823395266,46,late
46982,182,0,0.5114160945750755,0.5366851924269872,46,late
46983,183,0,0.5343924258956162,0.39746575215636043,46,late
46984,184,0,0.14324027593297176,0.554303552333703,46,late
46985,185,0,0.6579891310321454,0.38514658638818,46,late
46986,186,0,0.4864577412826229,0.4842111565703552,46,late
46987,187,0,0.5223036413479865,0.4736880686420092,46,late
46988,188,0,0.6808890385557889,0.4672613862976792,46,late
46989,189,0,0.6837856780816967,0.3269831443058073,46,late
46990,190,0,0.7343181768711122,0.42827058045183986,46,late
46991,191,0,0.18751189710487878,0.4409522056028028,46,late
46992,192,0,0.25880008290186823,0.6804093989381453,46,late
46993,193,0,0.7541722318965374,0.4199377031023603,46,late
46994,194,0,0.9908193834449512,0.31962592540248624,46,late
46995,195,0,0.4949012000211479,0.38243186035161086,46,late
46996,196,0,0.2983464802428314,0.42145383497298106,46,late
46997,197,0,0.901198325396848,0.33025792354994155,46,late
46998,198,0,0.44389989608297326,0.46271195298854517,46,late
46999,199,0,0.6132355038947557,0.5364300170833008,46,late
47000,0,0,0.8987077737757756,0.8237787774195262,47,interleaved
47001,1,0,0.6744952746861139,0.5315831445274688,47,interleaved
47002,2,0,0.8285725428816184,0.4840716036123451,47,interleaved
47003,3,0,0.3646289335533918,0.8327068283769901,47,interleaved
47004,4,0,0.12070923262317357,0.46762523140215173,47,interleaved
47005,5,0,0.5000014962848432,0.7772238055540357,47,interleaved
47006,6,0,0.883412872772676,0.4407353088135124,47,interleaved
47007,7,0,0.47329248347811403,0.46451044571893507,47,interleaved
47008,8,0,0.5764396796351353,0.4253446281864306,47,interleaved
47009,9,0,0.3327985844013789,0.5134209710117913,47,interleaved
47010,10,0,0.26231895917849357,0.5482804674771168,47,interleaved
47011,11,0,0.26898477081974204,0.42023916855599874,47,interleaved
47012,12,0,0.16868393731800152,0.4590222039958016,47,interleaved
47013,13,0,0.4540033297485177,0.5112455301542667,47,interleaved
47014,14,0,0.09966475160922522,0.6298595417791175,47,interleaved
47015,15,0,0.5175010507746904,0.652510101088955,47,interleaved
47016,16,0,0.8366528722038034,0.5561533030414412,47,interleaved
47017,17,0,0.4840228870507398,0.47958386164870204,47,interleaved
47018,18,0,0.9011414353396303,0.5437463082003731,47,interleaved
47019,19,0,0.64282495009173,0.4969786096929898,47,interleaved
47020,20,0,0.13995378724513316,0.4976595151040322,47,interleaved
47021,21,0,0.7232571898329258,0.6717058517945353,47,interleaved
47022,22,0,0.21096720364504912,0.6119995987855577,47,interleaved
47023,23,0,0.4922778135087096,0.559026041407422,47,interleaved
47024,24,0,0.3531246654449981,0.5603541924303539,47,interleaved
47025,25,0,0.5765699473703396,0.5576014060509269,47,interleaved
47026,26,0,0.9200854817391935,0.36873978371550103,47,interleaved
47027,27,0,0.5004876024510791,0.4779686545993565,47,interleaved
47028,28,0,0.784585624339835,0.6744199461146825,47,interleaved
47029,29,0,0.5333611174450938,0.5360594191165544,47,interleaved
47030,30,0,0.32568327599896557,0.4196110269812121,47,interleaved
47031,31,0,0.516885854343834,0.5789794145677821,47,interleaved
47032,32,0,0.5538264067337787,0.38216076574845603,47,interleaved
47033,33,0,0.5267103525197324,0.46341046558929266,47,interleaved
47034,34,0,0.8585549221824953,0.4100131584705061,47,interleaved
47035,35,0,0.5334318662022244,0.44550284392400785,47,interleaved
47036,36,0,0.33324241372884533,0.4663608488686448,47,interleaved
47037,37,0,0.6961356449431626,0.436436674450595,47,interleaved
47038,38,0,0.7342438112588812,0.3535723379287392,47,interleaved
47039,39,0,0.4194074587116483,0.3851711417667304,47,interleaved
47040,40,0,0.39391052971034546,0.49948264800199516,47,interleaved
47041,41,0,0.32746766530119786,0.4535649570018609,47,interleaved
47042,42,0,0.05416188902822173,0.6220039187728935,47,interleaved
47043,43,0,0.6483550833588966,0.4819215690738896,47,interleaved
47044,44,0,0.4300329533539469,0.5047741613125767,47,interleaved
47045,45,0,0.5118289590985482,0.525133000629235,47,interleaved
47046,46,0,0.8560092654624969,0.5880849640619535,47,interleaved
47047,47,0,0.5115765942442776,0.6026396878438569,47,interleaved
47048,48,0,0.93676863577637,0.37102990303704897,47,interleaved
47049,49,0,0.5011797971029925,0.3786947804211631,47,interleaved
47050,50,0,0.3312526696778231,0.4299908097970637,47,interleaved
47051,51,0,0.4659350969714441,0.5133025391547663,47,interleaved
47052,52,0,0.8642161200993471,0.5057560007672292,47,interleaved
47053,53,0,0.5001115298182113,0.6581331644940596,47,interleaved
47054,54,0,0.3967072312434968,0.7170040311292538,47,interleaved
47055,55,0,0.6194026297092714,0.5184106087271654,47,interleaved
47056,56,0,0.300014836276418,0.6409958948543178,47,interleaved
47057,57,0,0.5564628788730485,0.6446082479355522,47,interleaved
47058,58,0,0.7194807414217754,0.4133704326591584,47,interleaved
47059,59,0,0.7003151542181442,0.44884448969585383,47,interleaved
47060,60,0,0.2544076620085699,0.4812874617008186,47,interleaved
47061,61,0,0.4569560997281308,0.40985437274098585,47,interleaved
47062,62,0,0.48619635434724556,0.5236895196393342,47,interleaved
47063,63,0,0.47612831192361627,0.4290258766798257,47,interleaved
47064,64,0,0.43018875063631057,0.5238225153176065,47,interleaved
47065,65,0,0.7598631686980113,0.43541778650411983,47,interleaved
47066,66,0,0.3863448776536316,0.5925037212805673,47,interleaved
47067,67,0,0.7497070535350263,0.40000077672452117,47,interleaved
47068,68,0,0.2816338067949723,0.6514428743929795,47,interleaved
47069,69,0,0.3134308935134231,0.5226766802689127,47,interleaved
47070,70,0,0.6082563029491934,0.40807746043733284,47,interleaved
47071,71,0,0.26473816907359426,0.48131536000466935,47,interleaved
47072,72,0,0.5685319964646405,0.4010153967567981,47,interleaved
47073,73,0,0.34996308600901943,0.44588395604364295,47,interleaved
47074,74,0,0.3412376882314895,0.34211294702702977,47,interleaved
47075,75,0,0.28733631228292067,0.42897383333013883,47,interleaved
47076,76,0,0.4954482852516082,0.5399477131949946,47,interleaved
47077,77,0,0.7080457870436913,0.3430704333110361,47,interleaved
47078,78,0,0.9260968175148887,0.3953519348944623,47,interleaved
47079,79,0,0.451536803650653,0.636675739915779,47,interleaved
47080,80,0,0.30379119716846387,0.6273898984138875,47,interleaved
47081,81,0,0.587942718959324,0.394000162743407,47,interleaved
47082,82,0,0.3264851040959747,0.6693545494102291,47,interleaved
47083,83,0,0.663582217734339,0.4427107327401445,47,interleaved
47084,84,0,0.5748643190145974,0.4611049127677959,47,interleaved
47085,85,0,0.49617370653726256,0.6991521006819835,47,interleaved
47086,86,0,0.749984058763081,0.45431231401621003,47,interleaved
47087,87,0,0.2864737834253423,0.4628761810769974,47,interleaved
47088,88,0,0.5039239716800025,0.5401970104541876,47,interleaved
47089,89,0,0.5174073353199906,0.38845545003800575,47,interleaved
47090,90,0,0.303391529883412,0.5101839835397762,47,interleaved
47091,91,0,0.5792179373359567,0.4549892413864409,47,interleaved
47092,92,0,0.3253505449425069,0.5334101083755802,47,interleaved
47093,93,0,0.5183356667113233,0.50527133929182,47,interleaved
47094,94,0,0.9092799730743095,0.42918691658004865,47,interleaved
47095,95,0,0.6256294672638285,0.3736040369252174,47,interleaved
47096,96,0,0.4313751746684768,0.5214890182681433,47,interleaved
47097,97,0,0.5042899927604543,0.41184331122263884,47,interleaved
47098,98,0,0.9935895319898617,0.31971869006793274,47,interleaved
47099,99,0,0.5285840078654815,0.5178894931481808,47,interleaved
47100,100,0,0.28255157160914757,0.5725012844808706,47,interleaved
47101,101,0,0.5876052648361212,0.48825474355263765,47,interleaved
47102,102,0,0.5827918131107855,0.37122987523756623,47,interleaved
47103,103,0,0.5261413905930803,0.48050598626910923,47,interleaved
47104,104,0,0.9031956191513587,0.5335180037043358,47,interleaved
47105,105,0,0.1538544234053621,0.48140668144808135,47,interleaved
47106,106,0,0.8795331464081309,0.19840328363113902,47,interleaved
47107,107,0,0.4986601961297178,0.4604355533559994,47,interleaved
47108,108,0,0.8095875534638198,0.5295284599445539,47,interleaved
47109,109,0,0.6589572769935159,0.5511489667294935,47,interleaved
47110,110,0,0.009521779994789703,0.6120596578878816,47,interleaved
47111,111,0,0.7227346244801578,0.4062325322865862,47,interleaved
47112,112,0,0.7615330046055999,0.46225781262936194,47,interleaved
47113,113,0,0.5420717522270533,0.5556449104692229,47,interleaved
47114,114,0,0.23366686493217453,0.40763753244340084,47,interleaved
47115,115,0,0.6341259165846439,0.4898392306709506,47,interleaved
47116,116,0,0.07995180044495388,0.5638276146458371,47,interleaved
47117,117,0,0.5432330945117625,0.37383753610994963,47,interleaved
47118,118,0,0.3593236347781959,0.3859173332865864,47,interleaved
47119,119,0,0.5028270833501601,0.45821441329295787,47,interleaved
47120,120,0,0.6214089790762942,0.3581047245564575,47,interleaved
47121,121,0,0.6434384164718274,0.4886669795274545,47,interleaved
47122,122,0,0.6388711661361439,0.4222788496475738,47,interleaved
47123,123,0,0.634806305687909,0.4520959000838332,47,interleaved
47124,124,0,0.8401826754330096,0.42577216961356346,47,interleaved
47125,125,0,0.5052665230821108,0.4515755515470507,47,interleaved
47126,126,0,0.43085177811576125,0.38723629518062697,47,interleaved
47127,127,0,0.4730016369276589,0.37849551018451555,47,interleaved
47128,128,0,0.14071521978854332,0.5329487886373621,47,interleaved
47129,129,0,0.6174690643361495,0.4028833008462468,47,interleaved
47130,130,0,0.4082124077342314,0.5077353415920537,47,interleaved
47131,131,0,0.6987989639773688,0.3804355652387308,47,interleaved
47132,132,0,0.7516932052075752,0.23746107431486346,47,interleaved
47133,133,0,0.4250893479993946,0.48003100807275917,47,interleaved
47134,134,0,0.5342320883406336,0.38714811596236315,47,interleaved
47135,135,0,0.612882748625554,0.3378428675988612,47,interleaved
47136,136,0,0.22262994827559812,0.5760961559108914,47,interleaved
47137,137,0,0.9508802010523258,0.38598983375030405,47,interleaved
47138,138,0,0.34821665090831977,0.46699130722534077,47,interleaved
47139,139,0,0.4101307734818659,0.5860535464484579,47,interleaved
47140,140,0,0.34437632143056185,0.46500595705177517,47,interleaved
47141,141,0,0.645573116689553,0.44961500383824105,47,interleaved
47142,142,0,0.3323955884971307,0.6443839665102089,47,interleaved
47143,143,0,0.7113708318444409,0.433827095724727,47,interleaved
47144,144,0,0.1824907806029856,0.4461696201622517,47,interleaved
47145,145,0,0.6081629115183494,0.3612177682157951,47,interleaved
47146,146,0,0.893271026664933,0.30102584689549305,47,interleaved
47147,147,0,0.5585024269762582,0.4840569906394977,47,interleaved
47148,148,0,0.6121713256457058,0.3324203062430954,47,interleaved
47149,149,0,0.420733527078326,0.37484438412043414,47,interleaved
47150,150,0,0.4631862579068099,0.43740454316818866,47,interleaved
47151,151,0,0.23236495953852657,0.6458752777925253,47,interleaved
47152,152,0,0.7636434133761133,0.5459174188050544,47,interleaved
47153,153,0,0.5037439976158689,0.37664402747389647,47,interleaved
47154,154,0,0.05648293991375858,0.607970622022576,47,interleaved
47155,155,0,0.6132487814098085,0.43322827970395494,47,interleaved
47156,156,0,0.22018347823258225,0.7240334581026804,47,interleaved
47157,157,0,0.5259176448062528,0.5633133651261013,47,interleaved
47158,158,0,0.5392550174777843,0.4070561033240305,47,interleaved
47159,159,0,0.47377619558277395,0.35057652474907686,47,interleaved
47160,160,0,0.8567239597326076,0.34789340285367276,47,interleaved
47161,161,0,0.8568621448718023,0.36365904156727447,47,interleaved
47162,162,0,0.32177676618814244,0.3682124207894898,47,interleaved
47163,163,0,0.7131184881992483,0.43243314062780747,47,interleaved
47164,164,0,0.878688307682501,0.4469155912356408,47,interleaved
47165,165,0,0.6912717652619521,0.4025453880973512,47,interleaved
47166,166,0,0.40852248006449027,0.33232794916896036,47,interleaved
47167,167,0,0.3234659091528885,0.41428763076857555,47,interleaved
47168,168,0,0.3766752347572191,0.35483506033346557,47,interleaved
47169,169,0,0.1092881358045569,0.6956035775860793,47,interleaved
47170,170,0,0.8034566281847255,0.39939735656168396,47,interleaved
47171,171,0,0.1765538566706104,0.5667705284527327,47,interleaved
47172,172,0,0.7701681136326917,0.32957696929994723,47,interleaved
47173,173,0,0.09162370687398272,0.5203045674549187,47,interleaved
47174,174,0,0.38845236821532636,0.4694054710844492,47,interleaved
47175,175,0,0.816551902910402,0.3711071296855081,47,interleaved
47176,176,0,0.7111484488783404,0.4207002080907602,47,interleaved
47177,177,0,0.764677485355203,0.31043678961913457,47,interleaved
47178,178,0,0.5022443967435568,0.5524890866100081,47,interleaved
47179,179,0,0.5179577563258642,0.5255869209669917,47,interleaved
47180,180,0,0.5099653848196959,0.3421011513213858,47,interleaved
47181,181,0,0.5751188228986921,0.4613942529512029,47,interleaved
47182,182,0,0.8597723527096598,0.29170736757144916,47,interleaved
47183,183,0,0.49891806254449456,0.4767754561470824,47,interleaved
47184,184,0,0.0898847281521349,0.3419813611317929,47,interleaved
47185,185,0,0.6353371539127777,0.5350392160705747,47,interleaved
47186,186,0,0.35710728569258576,0.4333209515912988,47,interleaved
47187,187,0,0.50298078438537,0.3127611082717041,47,interleaved
47188,188,0,0.6455242202083025,0.344092657104633,47,interleaved
47189,189,0,0.6140556028280872,0.41723058127543283,47,interleaved
47190,190,0,0.4872669032582189,0.46186492445829364,47,interleaved
47191,191,0,0.5020723395717978,0.36754625523939843,47,interleaved
47192,192,0,0.5822446442143457,0.36839416601135877,47,interleaved
47193,193,0,0.5216632291315657,0.39061906537691504,47,interleaved
47194,194,0,0.9417443815196466,0.42014581590467087,47,interleaved
47195,195,0,0.8788424047837373,0.4306905166038833,47,interleaved
47196,196,0,0.5782574578734682,0.5910591998881018,47,interleaved
47197,197,0,0.7443150629697468,0.4132919884359802,47,interleaved
47198,198,0,0.6236508746138029,0.3374813166615871,47,interleaved
47199,199,0,0.8546146841949902,0.2982352387157574,47,interleaved
47200,0,0,0.4991590261379989,0.9357586181996171,47,blocked
47201,1,0,0.6937988497569153,0.6027793203333618,47,blocked
47202,2,0,0.4982043926382343,0.6002663792319474,47,blocked
47203,3,0,0.456760069098959,0.7083890947676492,47,blocked
47204,4,0,0.4791264361507213,0.6877817336469519,47,blocked
47205,5,0,0.35339872580068166,0.5753521528241076,47,blocked
47206,6,0,0.6493009011758231,0.43798432069217247,47,blocked
47207,7,0,0.24562076279935985,0.6042325830218127,47,blocked
47208,8,0,0.5761769193701652,0.4047904166249637,47,blocked
47209,9,0,0.870718624309485,0.49583643551372597,47,blocked
47210,10,0,0.37817499306432334,0.47971054850987016,47,blocked
47211,11,0,0.8597778703246411,0.4170026409063499,47,blocked
47212,12,0,0.5889376253685593,0.6198716061094789,47,blocked
47213,13,0,0.9731868066833618,0.43061013383500246,47,blocked
47214,14,0,0.9364541079872211,0.3751243199114337,47,blocked
47215,15,0,0.2575846889994845,0.5332761464583509,47,blocked
47216,16,0,0.2220685108227679,0.6261345588753178,47,blocked
47217,17,0,0.7773989958892467,0.673803304483156,47,blocked
47218,18,0,0.5050110514125589,0.4434578250384987,47,blocked
47219,19,0,0.6105767869638199,0.5036333742411282,47,blocked
47220,20,0,0.3708970915745431,0.5630250631993352,47,blocked
47221,21,0,0.796372847922558,0.6274296518517903,47,blocked
47222,22,0,0.7432659918980664,0.3709127855638286,47,blocked
47223,23,0,0.8034298335608797,0.41857691327163904,47,blocked
47224,24,0,0.9534517661070923,0.4755922362538133,47,blocked
47225,25,0,0.11433400959508971,0.5422748579601793,47,blocked
47226,26,0,0.49645853784845995,0.3242225162370968,47,blocked
47227,27,0,0.9184364918193617,0.5290160737662061,47,blocked
47228,28,0,0.46880038638716975,0.38350244317579607,47,blocked
47229,29,0,0.490205064599472,0.4190809859322917,47,blocked
47230,30,0,0.5748000909734914,0.4853233900606838,47,blocked
47231,31,0,0.33340132157215835,0.45804337705935105,47,blocked
47232,32,0,0.2374059182869909,0.6103143971660424,47,blocked
47233,33,0,0.682863698876939,0.42278965628344667,47,blocked
47234,34,0,0.5725652872347082,0.6652922958022738,47,blocked
47235,35,0,0.6503143233113804,0.5570603504886273,47,blocked
47236,36,0,0.4772580343108414,0.45433544326560815,47,blocked
47237,37,0,0.560263400481755,0.3325430605177826,47,blocked
47238,38,0,0.4566986368970348,0.5312271156885566,47,blocked
47239,39,0,0.5040360210170988,0.6815150256529974,47,blocked
47240,40,0,0.6426812117499603,0.6984559100471313,47,blocked
47241,41,0,0.905504549261996,0.6172507425698509,47,blocked
47242,42,0,0.7689558675254904,0.36139024803550124,47,blocked
47243,43,0,0.833333001734418,0.5753966467425655,47,blocked
47244,44,0,0.020810322791803514,0.6094108983269692,47,blocked
47245,45,0,0.5318656950289534,0.53199018043309,47,blocked
47246,46,0,0.6312749538693192,0.3881284232629712,47,blocked
47247,47,0,0.12236377859120728,0.4582641460767624,47,blocked
47248,48,0,0.613942917922012,0.5347317725220648,47,blocked
47249,49,0,0.9740156993003597,0.5431106964278068,47,blocked
47250,50,0,0.06520001193660908,0.5038280155028252,47,blocked
47251,51,0,0.3995979055062247,0.509443306768218,47,blocked
47252,52,0,0.5793701642733892,0.4458651573284468,47,blocked
47253,53,0,0.5896178332322699,0.5166956375427902,47,blocked
47254,54,0,0.8737211541414915,0.31918070226599693,47,blocked
47255,55,0,0.009106040704127754,0.7067940043799197,47,blocked
47256,56,0,0.3624748897224229,0.5821349195850529,47,blocked
47257,57,0,0.1489471565639605,0.6125736940098453,47,blocked
47258,58,0,0.40725475576848297,0.4537104320226336,47,blocked
47259,59,0,0.16962578793000238,0.5069602841505454,47,blocked
47260,60,0,0.4500936444503553,0.5070927411933804,47,blocked
47261,61,0,0.12807988944410761,0.6058817549231528,47,blocked
47262,62,0,0.5137251142139168,0.40683922396421934,47,blocked
47263,63,0,0.3709471109462926,0.5284036277114769,47,blocked
47264,64,0,0.4401402269829713,0.5564311222224732,47,blocked
47265,65,0,0.5028792192384587,0.5716298073947237,47,blocked
47266,66,0,0.4848501358852419,0.3554530316288872,47,blocked
47267,67,0,0.4763423428856261,0.39285427515367655,47,blocked
47268,68,0,0.38308554244793014,0.6581098639261413,47,blocked
47269,69,0,0.34126512324929187,0.4477323690293351,47,blocked
47270,70,0,0.6008362264970039,0.3380968641011831,47,blocked
47271,71,0,0.25473239499159717,0.45325083957886314,47,blocked
47272,72,0,0.7845797909915271,0.33284096617975173,47,blocked
47273,73,0,0.9327356673936187,0.5972118277974701,47,blocked
47274,74,0,0.522123029999712,0.34341642002116063,47,blocked
47275,75,0,0.3884771342641623,0.4487779252472688,47,blocked
47276,76,0,0.7733070785976166,0.5011524844982842,47,blocked
47277,77,0,0.2557109236889716,0.5022115482438676,47,blocked
47278,78,0,0.46601380189848973,0.4823274748316263,47,blocked
47279,79,0,0.2082602348959323,0.5113315218959076,47,blocked
47280,80,0,0.7757369981859423,0.534660919288736,47,blocked
47281,81,0,0.6789238588340866,0.4979147728334422,47,blocked
47282,82,0,0.7699534703770745,0.38593089749827386,47,blocked
47283,83,0,0.5930376259815912,0.5318505125153261,47,blocked
47284,84,0,0.3442908700722697,0.5834893045903691,47,blocked
47285,85,0,0.42612139366301355,0.5661400762615172,47,blocked
47286,86,0,0.47038417378791003,0.4171906659512229,47,blocked
47287,87,0,0.6421391036662504,0.4201264015933971,47,blocked
47288,88,0,0.6486358447645844,0.33767633454397805,47,blocked
47289,89,0,0.7007119894708329,0.4508847559745296,47,blocked
47290,90,0,0.8442152278498944,0.4069861332483796,47,blocked
47291,91,0,0.09200277408718077,0.3656991524828683,47,blocked
47292,92,0,0.7856354099687413,0.44991581491766475,47,blocked
47293,93,0,0.3429822026413974,0.4201559647123767,47,blocked
47294,94,0,0.5293897437843337,0.32815431322400734,47,blocked
47295,95,0,0.24997367924395164,0.46390209356914347,47,blocked
47296,96,0,0.41520141732442767,0.3960065929485954,47,blocked
47297,97,0,0.31438256861026315,0.5673658779742592,47,blocked
47298,98,0,0.46607159192925957,0.4696587565859395,47,blocked
47299,99,0,0.5995461705560707,0.4625814565513964,47,blocked
47300,100,0,0.432338292517613,0.3912353841001001,47,blocked
47301,101,0,0.6399223578996974,0.29201559013708245,47,blocked
47302,102,0,0.49995041784241423,0.632845475796674,47,blocked
47303,103,0,0.8397410576141131,0.4739969194296979,47,blocked
47304,104,0,0.794154334935399,0.3194168278207389,47,blocked
47305,105,0,0.9359613699963919,0.369096878551816,47,blocked
47306,106,0,0.5149631976076008,0.4467468623803983,47,blocked
47307,107,0,0.7515450928414185,0.4483972643908576,47,blocked
47308,108,0,0.5722359807503491,0.36090068317599544,47,blocked
47309,109,0,0.8314024134460769,0.37375630096085954,47,blocked
47310,110,0,0.9651730284977649,0.4195545903007526,47,blocked
47311,111,0,0.1736365890602275,0.4215805530420257,47,blocked
47312,112,0,0.5071835765678564,0.37263375225363593,47,blocked
47313,113,0,0.5909424552604017,0.3999109033572612,47,blocked
47314,114,0,0.689623118606962,0.5090010096824369,47,blocked
47315,115,0,0.8873924651186811,0.468339698694399,47,blocked
47316,116,0,0.9100441724839058,0.3970795327710848,47,blocked
47317,117,0,0.5603433136587795,0.285109561946963,47,blocked
47318,118,0,0.7559685995183563,0.655023337855864,47,blocked
47319,119,0,0.5119168495422197,0.3913754991420462,47,blocked
47320,120,0,0.6016734049892359,0.37910896014290446,47,blocked
47321,121,0,0.9121425452049182,0.4171761735212816,47,blocked
47322,122,0,0.014946142050392871,0.45575869453298834,47,blocked
47323,123,0,0.21293533049642713,0.530322527046631,47,blocked
47324,124,0,0.48352855059507144,0.6755803308029382,47,blocked
47325,125,0,0.8173735723082864,0.4635391944232889,47,blocked
47326,126,0,0.3603016222374801,0.4227182019217344,47,blocked
47327,127,0,0.45259860874653335,0.36292269057535637,47,blocked
47328,128,0,0.19557385608435346,0.4368701258257917,47,blocked
47329,129,0,0.3529268852547389,0.33488343434829504,47,blocked
47330,130,0,0.03385506438961581,0.5579710900961152,47,blocked
47331,131,0,0.6902695362190803,0.33940350281383685,47,blocked
47332,132,0,0.7467535297268102,0.4183914894353749,47,blocked
47333,133,0,0.37202290664130155,0.46776879605607624,47,blocked
47334,134,0,0.5260313964879784,0.2934102810022007,47,blocked
47335,135,0,0.24643891090604209,0.4716683939475662,47,blocked
47336,136,0,0.04038893939529792,0.5006738296829204,47,blocked
47337,137,0,0.5151037788851136,0.42202541609535454,47,blocked
47338,138,0,0.8297919388123491,0.4588773187024361,47,blocked
47339,139,0,0.24064127131420499,0.4752425649626688,47,blocked
47340,140,0,0.43049731233816174,0.43023102109773026,47,blocked
47341,141,0,0.6427305375346549,0.4626366357935673,47,blocked
47342,142,0,0.907111431842438,0.4168955798069842,47,blocked
47343,143,0,0.9272237411974418,0.29427199224226785,47,blocked
47344,144,0,0.8808759304757239,0.47767015763742776,47,blocked
47345,145,0,0.603718353384636,0.34950570302022393,47,blocked
47346,146,0,0.017161368700876443,0.5958346026018879,47,blocked
47347,147,0,0.45469775685762676,0.30626161435752264,47,blocked
47348,148,0,0.4964000989493089,0.5230825257688455,47,blocked
47349,149,0,0.04358414781601123,0.4102356262829864,47,blocked
47350,150,0,0.6288568185674785,0.682741399711997,47,blocked
47351,151,0,0.97700088127462,0.4755080292240841,47,blocked
47352,152,0,0.9109594269654948,0.33435518918518803,47,blocked
47353,153,0,0.10218856823546352,0.5651481801467777,47,blocked
47354,154,0,0.5144314985384195,0.36302590345755986,47,blocked
47355,155,0,0.7797939740582505,0.38616237342656345,47,blocked
47356,156,0,0.652010291123107,0.44051483263172797,47,blocked
47357,157,0,0.426707619217052,0.3705875201388702,47,blocked
47358,158,0,0.535752424841665,0.40239842669177794,47,blocked
47359,159,0,0.5329539136611549,0.4105882359109452,47,blocked
47360,160,0,0.6011426263446817,0.566824637095799,47,blocked
47361,161,0,0.41577354085963036,0.4894621637157769,47,blocked
47362,162,0,0.05375489667260079,0.3165276619230817,47,blocked
47363,163,0,0.7787676112834625,0.3063864614855756,47,blocked
47364,164,0,0.4166313924688982,0.4290322825479471,47,blocked
47365,165,0,0.7163699643313441,0.3134927655329423,47,blocked
47366,166,0,0.46891857558859884,0.3832069586555954,47,blocked
47367,167,0,0.2580610771392309,0.3134445503416746,47,blocked
47368,168,0,0.7776163897661029,0.402404900825061,47,blocked
47369,169,0,0.8366012683192612,0.3215987384422704,47,blocked
47370,170,0,0.7504712249693721,0.44083907460091254,47,blocked
47371,171,0,0.6214297685320965,0.3253121107003782,47,blocked
47372,172,0,0.08326557191912086,0.28297800836548126,47,blocked
47373,173,0,0.443528021470514,0.38256044215043794,47,blocked
47374,174,0,0.6897210752383353,0.2867457564791793,47,blocked
47375,175,0,0.5022583387544601,0.43493965031634446,47,blocked
47376,176,0,0.5355515647181457,0.35517330189036134,47,blocked
47377,177,0,0.6234345653327454,0.39438929633477193,47,blocked
47378,178,0,0.296329009950672,0.3347912303717706,47,blocked
47379,179,0,0.259991413225383,0.47118967941379164,47,blocked
47380,180,0,0.3834656683568079,0.41636129022211166,47,blocked
47381,181,0,0.7019992720145006,0.2996037609824309,47,blocked
47382,182,0,0.45248627828952415,0.35527951768294314,47,blocked
47383,183,0,0.7287192374821746,0.23429105689587215,47,blocked
47384,184,0,0.7887422172158313,0.2641329625183756,47,blocked
47385,185,0,0.04940630451336725,0.5174146508993107,47,blocked
47386,186,0,0.5799940141794929,0.3415196877066991,47,blocked
47387,187,0,0.6576468632162147,0.4491216148141107,47,blocked
47388,188,0,0.05174890338926829,0.7277171174549533,47,blocked
47389,189,0,0.5649457538364551,0.3909442834697266,47,blocked
47390,190,0,0.6878686541907947,0.3578391670769271,47,blocked
47391,191,0,0.2948806074051146,0.40600002808201296,47,blocked
47392,192,0,0.6706679568491781,0.385935481640591,47,blocked
47393,193,0,0.6687570291788258,0.3757739663785128,47,blocked
47394,194,0,0.5301155907665113,0.37658045778644544,47,blocked
47395,195,0,0.17454506233465622,0.24081617509722283,47,blocked
47396,196,0,0.7817996716345212,0.4262955739096581,47,blocked
47397,197,0,0.4798115718512916,0.4805135837219693,47,blocked
47398,198,0,0.3882132144534556,0.4415200023812447,47,blocked
47399,199,0,0.6481570562408027,0.48372623515335855,47,blocked
47400,0,0,0.48628505796598476,0.6148376157688366,47,early
47401,1,0,0.5140151643901945,0.7051668405349509,47,early
47402,2,0,0.5352880711168884,0.45644614221387925,47,early
47403,3,0,0.5486657466419063,0.4521385847004643,47,early
47404,4,0,0.8686811031037179,0.43535911263535737,47,early
47405,5,0,0.1277115015978148,0.5364525045309854,47,early
47406,6,0,0.2936113918467606,0.5623782052335979,47,early
47407,7,0,0.7795691659750478,0.6100185252003776,47,early
47408,8,0,0.31549854109652825,0.4879534785927526,47,early
47409,9,0,0.5797840298135553,0.5452773184697086,47,early
47410,10,0,0.5957156310746925,0.5262374671049157,47,early
47411,11,0,0.521319201095302,0.6083467451017515,47,early
47412,12,0,0.4389260278437206,0.5510066026940341,47,early
47413,13,0,0.5115343101010119,0.44292982349809934,47,early
47414,14,0,0.34076570713400306,0.5043410198455593,47,early
47415,15,0,0.735010290279479,0.43967026541638604,47,early
47416,16,0,0.5326753409233222,0.4536329936102308,47,early
47417,17,0,0.644318003334919,0.392573064787913,47,early
47418,18,0,0.5039540611042505,0.5570443424084217,47,early
47419,19,0,0.5021919216256365,0.44823163418070844,47,early
47420,20,0,0.6211047202327316,0.7249162321367337,47,early
47421,21,0,0.5083761511456959,0.6236097741927824,47,early
47422,22,0,0.49415225826362974,0.3839057141679564,47,early
47423,23,0,0.6283121297805412,0.44393421631894253,47,early
47424,24,0,0.5041624489503131,0.38467410163288446,47,early
47425,25,0,0.5822799258388911,0.35748073031936567,47,early
47426,26,0,0.5190642858796923,0.47032951394461553,47,early
47427,27,0,0.4183021859734571,0.37221556924041516,47,early
47428,28,0,0.5830388807354221,0.4552849405107421,47,early
47429,29,0,0.5976561221453043,0.531893845831414,47,early
47430,30,0,0.7348324712540899,0.4012053782348348,47,early
47431,31,0,0.5071977376921346,0.4897906086824009,47,early
47432,32,0,0.8372763824588645,0.3177492406381829,47,early
47433,33,0,0.5304237954376626,0.4317008135781166,47,early
47434,34,0,0.3896532005222395,0.5550524711028946,47,early
47435,35,0,0.498078218087436,0.4614220675480926,47,early
47436,36,0,0.5122009363979819,0.4565132903422441,47,early
47437,37,0,0.7918236769825517,0.6214930782022463,47,early
47438,38,0,0.528887052339117,0.3666102703187527,47,early
47439,39,0,0.5746650779821291,0.5004724076067527,47,early
47440,40,0,0.612003114387607,0.3811161398036673,47,early
47441,41,0,0.6061805861017519,0.4299976943048428,47,early
47442,42,0,0.0638270246649739,0.6850186753708869,47,early
47443,43,0,0.9667187626566232,0.4346744610408763,47,early
47444,44,0,0.5349018123984506,0.5822057676619866,47,early
47445,45,0,0.9859913330232946,0.5438330063339101,47,early
47446,46,0,0.013838068714497831,0.5931202055391387,47,early
47447,47,0,0.16148938188536205,0.5420161544371789,47,early
47448,48,0,0.9220134435685063,0.44787450230823034,47,early
47449,49,0,0.3966649045386974,0.5758678465015814,47,early
47450,50,0,0.7981862826850908,0.3103272051037608,47,early
47451,51,0,0.9257844421062321,0.5266353760764604,47,early
47452,52,0,0.7963059990858599,0.3319807259988512,47,early
47453,53,0,0.6931805929880317,0.4467331361625708,47,early
47454,54,0,0.7134499970653021,0.46103106898762813,47,early
47455,55,0,0.8519922281908441,0.38833377262432855,47,early
47456,56,0,0.8500584987131898,0.5858570586818561,47,early
47457,57,0,0.030724698642587908,0.5571367127141016,47,early
47458,58,0,0.634370124970524,0.4129574933505472,47,early
47459,59,0,0.7138862183205855,0.47627866623419157,47,early
47460,60,0,0.9688752842284313,0.3747932218322446,47,early
47461,61,0,0.5000605154888735,0.6202646985859065,47,early
47462,62,0,0.7011943024117974,0.4181328677303883,47,early
47463,63,0,0.6596337858842465,0.4293774093268398,47,early
47464,64,0,0.6045724902490737,0.41852227475118026,47,early
47465,65,0,0.2667199935965633,0.5452500285962192,47,early
47466,66,0,0.059213676473561204,0.5814995872130088,47,early
47467,67,0,0.9950198899099846,0.48624982814821394,47,early
47468,68,0,0.2972154927367306,0.534874484053226,47,early
47469,69,0,0.7466175255123817,0.3778841638677709,47,early
47470,70,0,0.8208206428155456,0.54672738507463,47,early
47471,71,0,0.7751321095575807,0.35881638773482905,47,early
47472,72,0,0.4684041147299506,0.5200379806621863,47,early
47473,73,0,0.6265617808620633,0.41746051622360647,47,early
47474,74,0,0.5588093991211408,0.7543326925838358,47,early
47475,75,0,0.8093664413850084,0.48454406990455,47,early
47476,76,0,0.18715932106690633,0.6570881452207646,47,early
47477,77,0,0.9751646881608038,0.413127044700376,47,early
47478,78,0,0.879984726213151,0.2679248533247912,47,early
47479,79,0,0.9454272017370082,0.35317012335508186,47,early
47480,80,0,0.5025341055396435,0.37594832202730116,47,early
47481,81,0,0.5403118106312848,0.35136684943251956,47,early
47482,82,0,0.569984411036114,0.43516272908848574,47,early
47483,83,0,0.7393766890591833,0.3727688712963153,47,early
47484,84,0,0.5147537125964117,0.560847656411492,47,early
47485,85,0,0.2580647507604385,0.5903702983749329,47,early
47486,86,0,0.22481957027694416,0.48572733224691744,47,early
47487,87,0,0.6275522630864852,0.38444683515218203,47,early
47488,88,0,0.5646076339014018,0.5710952330919447,47,early
47489,89,0,0.35141572395434095,0.45200177116407747,47,early
47490,90,0,0.7825098023467556,0.33937554271053855,47,early
47491,91,0,0.04822438817685841,0.7107408719833235,47,early
47492,92,0,0.43810965944054825,0.3626871079940326,47,early
47493,93,0,0.4613486812806987,0.37517554493804217,47,early
47494,94,0,0.4263083974159115,0.41281142434447565,47,early
47495,95,0,0.48993882480748463,0.6228924213740616,47,early
47496,96,0,0.49576528990376056,0.5764818281829717,47,early
47497,97,0,0.33108200036700963,0.6244764867991607,47,early
47498,98,0,0.09777757045906611,0.6520445715914107,47,early
47499,99,0,0.6580437972302089,0.47624244632473023,47,early
47500,100,0,0.39431665227743184,0.38167308118003423,47,early
47501,101,0,0.7912360461529386,0.43831489117198363,47,early
47502,102,0,0.5283270088220812,0.5811186441967504,47,early
47503,103,0,0.6988215997815949,0.308126149390886,47,early
47504,104,0,0.22373234850973422,0.3165364271665811,47,early
47505,105,0,0.9475487381752521,0.35816361123604756,47,early
47506,106,0,0.4008195650292925,0.4346409097127651,47,early
47507,107,0,0.646012615517385,0.3507371665866268,47,early
47508,108,0,0.5926102407686569,0.3133937410418229,47,early
47509,109,0,0.1257277755957858,0.8397517034866078,47,early
47510,110,0,0.4900264350245634,0.7240197177668052,47,early
47511,111,0,0.6323917520390349,0.41895693156848535,47,early
47512,112,0,0.5747411497794885,0.3128690502602331,47,early
47513,113,0,0.472227047741015,0.38279882226169887,47,early
47514,114,0,0.5604668935796784,0.3018788438358942,47,early
47515,115,0,0.8355805340875632,0.3712118793747058,47,early
47516,116,0,0.4753479200237899,0.3139515917290442,47,early
47517,117,0,0.9049617583360532,0.44644287516197,47,early
47518,118,0,0.8160860791173314,0.6667532307238406,47,early
47519,119,0,0.24283042875829386,0.5410552151598792,47,early
47520,120,0,0.3278523910543426,0.38893855225751184,47,early
47521,121,0,0.4653205875822036,0.45002656013708076,47,early
47522,122,0,0.33283349284942326,0.33261928166713817,47,early
47523,123,0,0.41861057245333533,0.3425291495575153,47,early
47524,124,0,0.6493413138367021,0.388559252361132,47,early
47525,125,0,0.32110281819236897,0.5423691671916343,47,early
47526,126,0,0.36741485164296045,0.5725693462027759,47,early
47527,127,0,0.4707572991405673,0.5122021888382705,47,early
47528,128,0,0.40212762065124896,0.5141871661749057,47,early
47529,129,0,0.4040143531301604,0.4037049104707814,47,early
47530,130,0,0.3791450823951198,0.3791298241622679,47,early
47531,131,0,0.6269550303519507,0.34564282502512844,47,early
47532,132,0,0.7304462929069169,0.3374987676900344,47,early
47533,133,0,0.6306984114619756,0.38304730435207857,47,early
47534,134,0,0.4876090410877847,0.3540336758044445,47,early
47535,135,0,0.3575832273878159,0.3872404248519853,47,early
47536,136,0,0.8361639554113423,0.3938709826815518,47,early
47537,137,0,0.47464842233268456,0.5494667041490249,47,early
47538,138,0,0.49694481979603033,0.3703928420390331,47,early
47539,139,0,0.3215834044831878,0.4681357303854865,47,early
47540,140,0,0.6710770083583508,0.3899538068572866,47,early
47541,141,0,0.8937748872601667,0.36744558626847,47,early
47542,142,0,0.49273660725059215,0.3376698596244243,47,early
47543,143,0,0.8662503381029878,0.45120335585538585,47,early
47544,144,0,0.4838463724810003,0.34664617043616,47,early
47545,145,0,0.8357880512142213,0.3887398089562009,47,early
47546,146,0,0.3243134726865461,0.5308892060980288,47,early
47547,147,0,0.9380539543312848,0.3657499432426332,47,early
47548,148,0,0.49233100029466215,0.37151635072363187,47,early
47549,149,0,0.295109936180665,0.5476718023342411,47,early
47550,150,0,0.46230767417385754,0.3791525252251903,47,early
47551,151,0,0.6050200280464372,0.34145794731364304,47,early
47552,152,0,0.3796405337484684,0.5732483338141087,47,early
47553,153,0,0.8131476139136194,0.3737663292980983,47,early
47554,154,0,0.7053073707109202,0.23269732478619773,47,early
47555,155,0,0.7083494055000222,0.5291136980277446,47,early
47556,156,0,0.6855804237425498,0.3221772143768781,47,early
47557,157,0,0.21153521692707528,0.4385669972740881,47,early
47558,158,0,0.7280267291481531,0.3449763533237207,47,early
47559,159,0,0.2265673603833715,0.3780794445186445,47,early
47560,160,0,0.8720887822325329,0.46018574835322784,47,early
47561,161,0,0.5334950023176716,0.4861414824112336,47,early
47562,162,0,0.4548381752369657,0.4074091585225721,47,early
47563,163,0,0.9337015700660241,0.49475226562941016,47,early
47564,164,0,0.7627717656691626,0.37718694114433526,47,early
47565,165,0,0.816410822469751,0.36417833288011137,47,early
47566,166,0,0.5023183406608887,0.5118669808091325,47,early
47567,167,0,0.4885898226166642,0.44666867595344695,47,early
47568,168,0,0.4971702992913024,0.3775675936060349,47,early
47569,169,0,0.6612963041198888,0.35240399391572264,47,early
47570,170,0,0.3500146358658737,0.5317515293863309,47,early
47571,171,0,0.7854905627619551,0.3511096259971337,47,early
47572,172,0,0.4756937990931999,0.370371556219934,47,early
47573,173,0,0.7808582441363714,0.44446268131427513,47,early
47574,174,0,0.20750812473165386,0.40411770642013733,47,early
47575,175,0,0.7178899409476491,0.4292491964591775,47,early
47576,176,0,0.334001141481975,0.48976506103186274,47,early
47577,177,0,0.7114283259605447,0.3361726484043778,47,early
47578,178,0,0.696667255909253,0.4381065125218614,47,early
47579,179,0,0.33495601664162894,0.3963179426055217,47,early
47580,180,0,0.5714236477777958,0.37302141331677907,47,early
47581,181,0,0.6379792739096808,0.5793313763062262,47,early
47582,182,0,0.5513454583748513,0.35484408229774944,47,early
47583,183,0,0.47770001549067287,0.42698148776010436,47,early
47584,184,0,0.413828269637924,0.3517791096846017,47,early
47585,185,0,0.24276841718372147,0.3814689630472555,47,early
47586,186,0,0.6537002951278137,0.3023753454909485,47,early
47587,187,0,0.8644701641986801,0.22725229258881086,47,early
47588,188,0,0.442141405594648,0.42688579196195076,47,early
47589,189,0,0.2937255700214326,0.45701774377740556,47,early
47590,190,0,0.5410624724005881,0.3416748788677886,47,early
47591,191,0,0.9376634431050147,0.4166279226116331,47,early
47592,192,0,0.5857827890405378,0.3936962226662353,47,early
47593,193,0,0.9140177086243355,0.33702079759783454,47,early
47594,194,0,0.7643960962162927,0.47329676952235167,47,early
47595,195,0,0.9712525240318823,0.451921923731167,47,early
47596,196,0,0.8161270903841193,0.43388126324924775,47,early
47597,197,0,0.7476560558056875,0.29961911714749995,47,early
47598,198,0,0.7655551119278845,0.20505923691783498,47,early
47599,199,0,0.6063972904078618,0.4469783226214429,47,early
47600,0,0,0.9905526486496142,1.0089972325455427,47,middle
47601,1,0,0.5020141795199599,0.7154287404793968,47,middle
47602,2,0,0.43352517433758475,0.7235994287241696,47,middle
47603,3,0,0.22537271809799686,0.6220779380248095,47,middle
47604,4,0,0.6103318884720317,0.4272258777759131,47,middle
47605,5,0,0.6119642124296744,0.41690415254652924,47,middle
47606,6,0,0.3304279195546067,0.4750443142718862,47,middle
47607,7,0,0.2790129563542054,0.7528312728353614,47,middle
47608,8,0,0.5614927547481385,0.43549069872035795,47,middle
47609,9,0,0.5324944275706793,0.42164610649999235,47,middle
47610,10,0,0.8556146721468134,0.44298263865408516,47,middle
47611,11,0,0.6069568309001285,0.4986172526625975,47,middle
47612,12,0,0.9379387500242753,0.6184290931339121,47,middle
47613,13,0,0.5242408394156658,0.5916289240881472,47,middle
47614,14,0,0.5970407472331838,0.6478776401896698,47,middle
47615,15,0,0.6144766916790712,0.48907331955279876,47,middle
47616,16,0,0.3410593129086858,0.5630778618067399,47,middle
47617,17,0,0.7871984826385824,0.6274355783902934,47,middle
47618,18,0,0.6687746080044199,0.549346972846285,47,middle
47619,19,0,0.4142616715973107,0.6127223770499909,47,middle
47620,20,0,0.5486505948517785,0.6608544915978086,47,middle
47621,21,0,0.5494119672950765,0.44523601711871147,47,middle
47622,22,0,0.22220250725835508,0.45404880172876627,47,middle
47623,23,0,0.2395620305738813,0.48824043955323143,47,middle
47624,24,0,0.26235134276069894,0.5652853303496757,47,middle
47625,25,0,0.44612541707608644,0.3894606212835587,47,middle
47626,26,0,0.7609871910890533,0.482318539207782,47,middle
47627,27,0,0.5458064144386401,0.5011224125832505,47,middle
47628,28,0,0.3837674718343059,0.3600670793047217,47,middle
47629,29,0,0.6369010011347339,0.36814650772239793,47,middle
47630,30,0,0.48381677284606134,0.5256062659954028,47,middle
47631,31,0,0.26960523030705064,0.4594345199215706,47,middle
47632,32,0,0.5793090472351403,0.4988496386575245,47,middle
47633,33,0,0.5931956752794714,0.46792808206222586,47,middle
47634,34,0,0.5628271560206514,0.6163733703217749,47,middle
47635,35,0,0.7482119087753563,0.6042259022149741,47,middle
47636,36,0,0.6844865517346872,0.4667877524747418,47,middle
47637,37,0,0.25736107460421487,0.7708425880843288,47,middle
47638,38,0,0.7224630683665519,0.5563028607409204,47,middle
47639,39,0,0.4089554074922027,0.650268607454562,47,middle
47640,40,0,0.34912302947429746,0.4384718801016434,47,middle
47641,41,0,0.7473962360378005,0.44336238246121673,47,middle
47642,42,0,0.8970857192071077,0.4916063498022826,47,middle
47643,43,0,0.9700768798677117,0.4449598408235643,47,middle
47644,44,0,0.9033383729387003,0.3679995372840881,47,middle
47645,45,0,0.2064799305160806,0.4684000945427872,47,middle
47646,46,0,0.17596952063085913,0.44100619099630056,47,middle
47647,47,0,0.5079950702446279,0.34085848911651495,47,middle
47648,48,0,0.6481727013858475,0.44762289077831974,47,middle
47649,49,0,0.7407941508125462,0.550019619378955,47,middle
47650,50,0,0.5582327768858317,0.5971293890565934,47,middle
47651,51,0,0.7096634638862847,0.4737796573219929,47,middle
47652,52,0,0.565880428377971,0.3727689093823705,47,middle
47653,53,0,0.6844435886774712,0.4562589923531022,47,middle
47654,54,0,0.9216733431023709,0.2944427359963498,47,middle
47655,55,0,0.29871598566710966,0.4957931933004404,47,middle
47656,56,0,0.7241822635800927,0.5064831569033827,47,middle
47657,57,0,0.3791119423003181,0.587693584182308,47,middle
47658,58,0,0.1825506550765875,0.421294330906988,47,middle
47659,59,0,0.49299552002555447,0.5315224558258085,47,middle
47660,60,0,0.40437864569888804,0.5780024791153374,47,middle
47661,61,0,0.6524713563419895,0.44687963519910945,47,middle
47662,62,0,0.48058057505661156,0.5529876910526754,47,middle
47663,63,0,0.3781275121887945,0.5009440404260868,47,middle
47664,64,0,0.7900342505483285,0.3929507011399803,47,middle
47665,65,0,0.29091009095642345,0.44290422089295883,47,middle
47666,66,0,0.8975634273922579,0.41242306713420096,47,middle
47667,67,0,0.8014570578894878,0.43745457785798425,47,middle
47668,68,0,0.34878446432244387,0.6041880384260683,47,middle
47669,69,0,0.3732027678204157,0.5404350359463623,47,middle
47670,70,0,0.42202413431301583,0.39297987914627897,47,middle
47671,71,0,0.507199953829405,0.38785117064083363,47,middle
47672,72,0,0.9181756505179626,0.5264295018720244,47,middle
47673,73,0,0.49082472213807704,0.9039877947690376,47,middle
47674,74,0,0.8545591692989792,0.5442717146384451,47,middle
47675,75,0,0.88781860262564,0.5400951092761055,47,middle
47676,76,0,0.9180180957673019,0.38067196526610164,47,middle
47677,77,0,0.9666639216218216,0.4138537808266596,47,middle
47678,78,0,0.9714203434307305,0.3674838103330319,47,middle
47679,79,0,0.07520956049383745,0.4928208940630795,47,middle
47680,80,0,0.5340793690487192,0.5153198100838638,47,middle
47681,81,0,0.3458819467412939,0.5861771463231656,47,middle
47682,82,0,0.8587485438402382,0.3143744773968258,47,middle
47683,83,0,0.42467651956680436,0.50739471237029,47,middle
47684,84,0,0.6473748844465684,0.4618046232623527,47,middle
47685,85,0,0.4160430458083718,0.5121778464526703,47,middle
47686,86,0,0.17329835013037903,0.4685204551858995,47,middle
47687,87,0,0.6075456601029869,0.4263372047446134,47,middle
47688,88,0,0.6748808993898849,0.43726361321076745,47,middle
47689,89,0,0.5919288892816799,0.5245819069193931,47,middle
47690,90,0,0.5733977867450905,0.30073081040157257,47,middle
47691,91,0,0.9388315628828012,0.5848776215526312,47,middle
47692,92,0,0.7339935215948049,0.6027984177796862,47,middle
47693,93,0,0.10838742042482226,0.5504499419992144,47,middle
47694,94,0,0.5245298832070464,0.4297207928175458,47,middle
47695,95,0,0.7641742214577509,0.4608658854221557,47,middle
47696,96,0,0.72361730773452,0.6383931193204277,47,middle
47697,97,0,0.8441315107719873,0.5240914597035451,47,middle
47698,98,0,0.22605011527590513,0.523314722360482,47,middle
47699,99,0,0.504742020190745,0.42988328515797264,47,middle
47700,100,0,0.7038152190245509,0.49120894531494497,47,middle
47701,101,0,0.07710708107255759,0.4935815150012375,47,middle
47702,102,0,0.8546640352255157,0.3598791165634122,47,middle
47703,103,0,0.955470471029522,0.43335265494717146,47,middle
47704,104,0,0.2507521375247209,0.640425368389987,47,middle
47705,105,0,0.21152059910922516,0.48955894310686615,47,middle
47706,106,0,0.5239275158647063,0.43098467429811477,47,middle
47707,107,0,0.30411847452238017,0.5886163103613964,47,middle
47708,108,0,0.7943669090322927,0.3744999245085666,47,middle
47709,109,0,0.6244519274339972,0.3876312067577469,47,middle
47710,110,0,0.758078897613058,0.4440600143810493,47,middle
47711,111,0,0.45042863414199247,0.5551813484167202,47,middle
47712,112,0,0.4969712267419862,0.4321511763604957,47,middle
47713,113,0,0.8313172497622088,0.448689256853403,47,middle
47714,114,0,0.6086067824641463,0.41442198683921083,47,middle
47715,115,0,0.7016227572760707,0.5913167454260257,47,middle
47716,116,0,0.903267205190073,0.3709573080938007,47,middle
47717,117,0,0.6805443076037941,0.5316678101327377,47,middle
47718,118,0,0.893631939273124,0.48096351702967716,47,middle
47719,119,0,0.6388847271162248,0.5897115069725054,47,middle
47720,120,0,0.09906979937409474,0.48257293695648007,47,middle
47721,121,0,0.6889740729524974,0.5218013264310619,47,middle
47722,122,0,0.6425439102781825,0.39603728073105265,47,middle
47723,123,0,0.7992860410528457,0.4661494981488228,47,middle
47724,124,0,0.48284055099645096,0.7063696330519629,47,middle
47725,125,0,0.3550547043049016,0.7047187620097526,47,middle
47726,126,0,0.4888063432888315,0.42712328232348307,47,middle
47727,127,0,0.8216797963107865,0.470343560670974,47,middle
47728,128,0,0.6439936019191945,0.295854693535272,47,middle
47729,129,0,0.3710485210472456,0.4994552392502021,47,middle
47730,130,0,0.40097329630896256,0.43532496645463425,47,middle
47731,131,0,0.5619364491113081,0.35630999702136523,47,middle
47732,132,0,0.5166590744569273,0.5689957576552895,47,middle
47733,133,0,0.7353613250141822,0.5280138172909653,47,middle
47734,134,0,0.4553227891947186,0.4593817534251467,47,middle
47735,135,0,0.7984037028946486,0.358474982915298,47,middle
47736,136,0,0.3946603956613905,0.42595469335631597,47,middle
47737,137,0,0.6878269040134896,0.5247553446963542,47,middle
47738,138,0,0.17569452995359383,0.6464437600475806,47,middle
47739,139,0,0.6404265228737394,0.42902791744340474,47,middle
47740,140,0,0.31967938431433507,0.6090684973650912,47,middle
47741,141,0,0.49356728563059216,0.5681383252242914,47,middle
47742,142,0,0.48997589932198854,0.3812567702006266,47,middle
47743,143,0,0.502361217157735,0.40943109813064493,47,middle
47744,144,0,0.20797178424926804,0.5233409620576643,47,middle
47745,145,0,0.5072803981156762,0.49509053825708316,47,middle
47746,146,0,0.5401915363967869,0.5245790002062878,47,middle
47747,147,0,0.8416600289213501,0.35560821111953156,47,middle
47748,148,0,0.5298181739538202,0.39288982559151775,47,middle
47749,149,0,0.5885637729232365,0.4269004484557681,47,middle
47750,150,0,0.3288661986639221,0.43234409340302615,47,middle
47751,151,0,0.6693866560777553,0.3638858099500818,47,middle
47752,152,0,0.41562450646441634,0.4713765356803023,47,middle
47753,153,0,0.47320862500969946,0.6337571227738745,47,middle
47754,154,0,0.41099706645271394,0.4569600129438208,47,middle
47755,155,0,0.3806932342861583,0.5267290649353322,47,middle
47756,156,0,0.16479031126938903,0.5080072025889023,47,middle
47757,157,0,0.9509043301352111,0.43492828604158795,47,middle
47758,158,0,0.25476188542114936,0.412283496310275,47,middle
47759,159,0,0.869693349742382,0.39985050188172305,47,middle
47760,160,0,0.681461860198254,0.3834443657936561,47,middle
47761,161,0,0.9438370346296059,0.6015195045593573,47,middle
47762,162,0,0.5260805045174645,0.35996006076943043,47,middle
47763,163,0,0.3170120162219915,0.6279822193163805,47,middle
47764,164,0,0.09899750670374527,0.40961761727801205,47,middle
47765,165,0,0.6054402286414436,0.4967042425736473,47,middle
47766,166,0,0.6302519651451768,0.5240316898965492,47,middle
47767,167,0,0.46977540662144357,0.3770313434530924,47,middle
47768,168,0,0.7892988242309547,0.39992052300960035,47,middle
47769,169,0,0.5574280256795161,0.3414590495654187,47,middle
47770,170,0,0.8584448930452662,0.4402008625342203,47,middle
47771,171,0,0.6345516444284505,0.4316475445229868,47,middle
47772,172,0,0.822765845205665,0.3551663845087641,47,middle
47773,173,0,0.29514855722075134,0.5023905856346823,47,middle
47774,174,0,0.8478082807040057,0.5479493083554782,47,middle
47775,175,0,0.8080711590906235,0.3491731646704661,47,middle
47776,176,0,0.8676038157565863,0.3912232122001354,47,middle
47777,177,0,0.8389439655139198,0.45912411296260036,47,middle
47778,178,0,0.43558061494607864,0.4659686420997716,47,middle
47779,179,0,0.8233660631177602,0.4012958870209796,47,middle
47780,180,0,0.6947696188960909,0.4151376543191556,47,middle
47781,181,0,0.433256789836636,0.5423043979406599,47,middle
47782,182,0,0.349990796875175,0.3906097119793369,47,middle
47783,183,0,0.5650302457228458,0.5231714117078916,47,middle
47784,184,0,0.7330946383748436,0.3142341168359205,47,middle
47785,185,0,0.9037738246049343,0.42272571324259145,47,middle
47786,186,0,0.2221511002360962,0.6230941826279093,47,middle
47787,187,0,0.8627728853228529,0.4072586601159798,47,middle
47788,188,0,0.8448419047894082,0.36084911165243244,47,middle
47789,189,0,0.5459103701362804,0.2983752090009866,47,middle
47790,190,0,0.6347604896643655,0.4015150212035261,47,middle
47791,191,0,0.8758962913740496,0.38421740166910345,47,middle
47792,192,0,0.8775039097435875,0.35532138907199795,47,middle
47793,193,0,0.5778386717062794,0.40581590285978586,47,middle
47794,194,0,0.6120639387366087,0.471417771575833,47,middle
47795,195,0,0.7766762372663676,0.40909902709398616,47,middle
47796,196,0,0.6674638937595359,0.4005178651135699,47,middle
47797,197,0,0.33467215479970025,0.4529654712269654,47,middle
47798,198,0,0.5677906646688244,0.39187817468639385,47,middle
47799,199,0,0.2279285002533789,0.37787180878196125,47,middle
47800,0,0,0.5424971791561476,0.5522279137397508,47,late
47801,1,0,0.20884741627632641,0.6705292431534005,47,late
47802,2,0,0.7727556710076555,0.5242184632225388,47,late
47803,3,0,0.46889055843289446,0.49329754442113466,47,late
47804,4,0,0.19288757659722008,0.5750809419907535,47,late
47805,5,0,0.4693760022793574,0.5643226163600122,47,late
47806,6,0,0.06362813547759415,0.6101498433951039,47,late
47807,7,0,0.9590364330818181,0.56522438344897,47,late
47808,8,0,0.670385071835965,0.5872235608468175,47,late
47809,9,0,0.946639245849014,0.47258824255122894,47,late
47810,10,0,0.45062691863100013,0.4924441925706209,47,late
47811,11,0,0.8167697709799264,0.44677641773424875,47,late
47812,12,0,0.27605412894060455,0.5793659704407816,47,late
47813,13,0,0.922234644867342,0.7004529292694559,47,late
47814,14,0,0.5917210489202911,0.5623011469112424,47,late
47815,15,0,0.35170501089773104,0.4353651984929373,47,late
47816,16,0,0.8658441222220744,0.4225938111441724,47,late
47817,17,0,0.662816648565635,0.46936772421714196,47,late
47818,18,0,0.5804713003662134,0.48636486939516343,47,late
47819,19,0,0.5969415623972164,0.5644220001734972,47,late
47820,20,0,0.30203321983502296,0.46203953098781875,47,late
47821,21,0,0.26952524631766284,0.6625490312054232,47,late
47822,22,0,0.6226448483882966,0.5250796398516289,47,late
47823,23,0,0.7377112383738389,0.6136336907823661,47,late
47824,24,0,0.5851686955173664,0.46087473624554753,47,late
47825,25,0,0.8348630858881214,0.4752941625677637,47,late
47826,26,0,0.17353406923394618,0.49498212301077904,47,late
47827,27,0,0.44298537127492854,0.4702754959691612,47,late
47828,28,0,0.20621288184998654,0.5128936876692277,47,late
47829,29,0,0.48681385422071866,0.4578361000804878,47,late
47830,30,0,0.6818793972613082,0.36187080320921716,47,late
47831,31,0,0.4138489799252185,0.4594309208947258,47,late
47832,32,0,0.2129047990814176,0.4845985900574155,47,late
47833,33,0,0.3615554382872051,0.5927334437068408,47,late
47834,34,0,0.6465805860748327,0.6703080372926564,47,late
47835,35,0,0.5353603859992649,0.5260815000949565,47,late
47836,36,0,0.18678396161777705,0.5770888062667506,47,late
47837,37,0,0.5315598598545213,0.5930387026865271,47,late
47838,38,0,0.017651987276698495,0.4926757842831853,47,late
47839,39,0,0.8124069798052327,0.5836851367937519,47,late
47840,40,0,0.8603822796557786,0.3844098720730499,47,late
47841,41,0,0.697979314549977,0.4856228053832138,47,late
47842,42,0,0.3030413289249677,0.6616574739226704,47,late
47843,43,0,0.6382975370714462,0.45197891811453444,47,late
47844,44,0,0.1722123463749191,0.5897883555476211,47,late
47845,45,0,0.39665220267838586,0.5001364801221176,47,late
47846,46,0,0.6342063416339923,0.49474398502962424,47,late
47847,47,0,0.6496420854471643,0.33846708713490076,47,late
47848,48,0,0.6407646931578075,0.3167422194400505,47,late
47849,49,0,0.2855408729355524,0.4162992127264319,47,late
47850,50,0,0.15062420620816241,0.4721563617059855,47,late
47851,51,0,0.3446388122563655,0.5335663442168666,47,late
47852,52,0,0.3793292967430401,0.5036400759015699,47,late
47853,53,0,0.8646633922301082,0.5870535266186305,47,late
47854,54,0,0.5463010881033051,0.505380142695685,47,late
47855,55,0,0.2768719722426527,0.5384438293465901,47,late
47856,56,0,0.3855286754328214,0.6285737360500747,47,late
47857,57,0,0.14201425979632376,0.5622517392273987,47,late
47858,58,0,0.34149635971625053,0.4208066863754618,47,late
47859,59,0,0.5180616221076899,0.5021068593748313,47,late
47860,60,0,0.2199155011100481,0.6467387688228009,47,late
47861,61,0,0.03035242134476055,0.6739664543011126,47,late
47862,62,0,0.3206702828692133,0.47806537470482147,47,late
47863,63,0,0.24992277303650526,0.543892750487811,47,late
47864,64,0,0.5737252367633906,0.5658400819520085,47,late
47865,65,0,0.2466525384307847,0.5889747627293693,47,late
47866,66,0,0.5039535627980951,0.40969641372945936,47,late
47867,67,0,0.748750380598512,0.5124294918208461,47,late
47868,68,0,0.13929777540152405,0.5252172036954799,47,late
47869,69,0,0.42116331419881925,0.5027747381480847,47,late
47870,70,0,0.37459837516389116,0.5294369878680569,47,late
47871,71,0,0.44200053345356816,0.541642444397679,47,late
47872,72,0,0.36849080309879156,0.39202915122011617,47,late
47873,73,0,0.5929041749480805,0.5934183929696806,47,late
47874,74,0,0.3928029088803931,0.4524719013591426,47,late
47875,75,0,0.08793716831147724,0.5370397999600431,47,late
47876,76,0,0.793691960854658,0.43155716232232266,47,late
47877,77,0,0.09424987670057264,0.7232562665603354,47,late
47878,78,0,0.06985730002478073,0.5057114562728167,47,late
47879,79,0,0.6034555887923727,0.4807730693453264,47,late
47880,80,0,0.5598037929351617,0.44323965715117575,47,late
47881,81,0,0.36583482330894845,0.44219092140449623,47,late
47882,82,0,0.3304818928023038,0.5688805520051563,47,late
47883,83,0,0.7073491269721568,0.5376391224140333,47,late
47884,84,0,0.38389429360980787,0.49137093233835955,47,late
47885,85,0,0.6091993766492799,0.5596205794170934,47,late
47886,86,0,0.38580697603213837,0.470119050257519,47,late
47887,87,0,0.4612688290798388,0.4485784302029507,47,late
47888,88,0,0.5492374445558931,0.510904362354814,47,late
47889,89,0,0.5082677837049238,0.5270728076348087,47,late
47890,90,0,0.3883590252803325,0.39144198326689494,47,late
47891,91,0,0.517771634125151,0.3760912791728268,47,late
47892,92,0,0.5142673992262503,0.45030044081234,47,late
47893,93,0,0.6385729757104613,0.43524453558085585,47,late
47894,94,0,0.5693265171652543,0.513227945396736,47,late
47895,95,0,0.5326540028078789,0.5620369603326609,47,late
47896,96,0,0.5496952351758537,0.5710556932800901,47,late
47897,97,0,0.2321861681359865,0.5017704440041115,47,late
47898,98,0,0.30948235772350696,0.5928141915754047,47,late
47899,99,0,0.5028823481920391,0.42558341410267836,47,late
47900,100,0,0.7085322053938,0.5769324997548474,47,late
47901,101,0,0.5628552248328641,0.6072703679704682,47,late
47902,102,0,0.6877397156104368,0.45394877907410847,47,late
47903,103,0,0.6664650099641374,0.3592527324929359,47,late
47904,104,0,0.4498638802839338,0.423943933763208,47,late
47905,105,0,0.5295013392200179,0.37884706339124974,47,late
47906,106,0,0.31935643703401984,0.43284390764814784,47,late
47907,107,0,0.4805673910408359,0.4065337560354522,47,late
47908,108,0,0.4821462356840267,0.35608188340531644,47,late
47909,109,0,0.49668677710758485,0.3917213206559614,47,late
47910,110,0,0.9175459709688976,0.3712365073343231,47,late
47911,111,0,0.4255637217269246,0.5985793327011788,47,late
47912,112,0,0.45830008917745124,0.36150579030004026,47,late
47913,113,0,0.44383425697637063,0.4809263985260056,47,late
47914,114,0,0.5875731308293025,0.4369126903241288,47,late
47915,115,0,0.5222369944904804,0.6474622684809703,47,late
47916,116,0,0.7662189875077062,0.37589322686700033,47,late
47917,117,0,0.9637550568974964,0.2293727378440282,47,late
47918,118,0,0.04824253832347817,0.6124676797452979,47,late
47919,119,0,0.917290294231956,0.3805428491998444,47,late
47920,120,0,0.5250152171425869,0.5749625427591416,47,late
47921,121,0,0.7897729359371213,0.43977606330965013,47,late
47922,122,0,0.18638425736154313,0.5148085196298788,47,late
47923,123,0,0.4332237303157611,0.47870494365819344,47,late
47924,124,0,0.6812380742742961,0.42706674357733265,47,late
47925,125,0,0.32866841498682664,0.37509037185467997,47,late
47926,126,0,0.730203560323321,0.3476519393823408,47,late
47927,127,0,0.7004476815540706,0.4061651121278046,47,late
47928,128,0,0.6124817620703953,0.46981028502337496,47,late
47929,129,0,0.6665215275278962,0.2616781254995183,47,late
47930,130,0,0.4825322871505378,0.4223282009010282,47,late
47931,131,0,0.19473769163080468,0.43335378029271787,47,late
47932,132,0,0.3841640672562001,0.37023345803803787,47,late
47933,133,0,0.413358996645032,0.5595921851546484,47,late
47934,134,0,0.356232342281249,0.6046207177278811,47,late
47935,135,0,0.5216117841028587,0.48784735433518267,47,late
47936,136,0,0.7811096511328712,0.33353891555640636,47,late
47937,137,0,0.4609249738529839,0.5039541167877497,47,late
47938,138,0,0.5412688980299143,0.4871244216406544,47,late
47939,139,0,0.455426456214048,0.30638420964497154,47,late
47940,140,0,0.349612688442649,0.5308865850222144,47,late
47941,141,0,0.4136694242372679,0.3409314912359458,47,late
47942,142,0,0.3897551084702984,0.5201796779027065,47,late
47943,143,0,0.6727849115710215,0.45945012423054576,47,late
47944,144,0,0.7174649479941708,0.4284645878981144,47,late
47945,145,0,0.24725661700920387,0.5027373089903688,47,late
47946,146,0,0.6145582403533946,0.3933347119123283,47,late
47947,147,0,0.5283305593897185,0.34462412565413747,47,late
47948,148,0,0.757116986519532,0.34988395317058707,47,late
47949,149,0,0.5641777044843396,0.4320850002510769,47,late
47950,150,0,0.9357121909081081,0.5062424008663227,47,late
47951,151,0,0.9456517343431952,0.361737350633077,47,late
47952,152,0,0.5871597420494545,0.3469744143615763,47,late
47953,153,0,0.970958185765936,0.3342807639061092,47,late
47954,154,0,0.3351711548880174,0.47711193937505486,47,late
47955,155,0,0.6706299598679506,0.4002502634468905,47,late
47956,156,0,0.8825464994374588,0.4891899495935488,47,late
47957,157,0,0.8824907404880553,0.45446313753243134,47,late
47958,158,0,0.33822107551929265,0.3436766515131401,47,late
47959,159,0,0.938849678984561,0.3142917556273609,47,late
47960,160,0,0.258431396839183,0.5184162357987426,47,late
47961,161,0,0.5374801252906765,0.5290932871719543,47,late
47962,162,0,0.5615938295111894,0.42994943760593346,47,late
47963,163,0,0.913827590597885,0.43579863285236037,47,late
47964,164,0,0.7821269526094887,0.3285934413690266,47,late
47965,165,0,0.7234807822390921,0.37540474921640454,47,late
47966,166,0,0.5614382971946917,0.2917309322462007,47,late
47967,167,0,0.6697660348566897,0.25238213974994445,47,late
47968,168,0,0.9415890319052928,0.36068964535553016,47,late
47969,169,0,0.8644115940199739,0.49296399637621746,47,late
47970,170,0,0.5375552993068472,0.4359628137561996,47,late
47971,171,0,0.7520682340076961,0.405141264293262,47,late
47972,172,0,0.05052183112766231,0.6893312481752558,47,late
47973,173,0,0.12605265661547682,0.38242025906288424,47,late
47974,174,0,0.902836705878921,0.39889863007357673,47,late
47975,175,0,0.7267318953117401,0.5345204222428694,47,late
47976,176,0,0.5187002539699381,0.4690586039966007,47,late
47977,177,0,0.171566373493801,0.4274065908355278,47,late
47978,178,0,0.679048899864518,0.43283119027785344,47,late
47979,179,0,0.507766151925308,0.3126210223574801,47,late
47980,180,0,0.15392740344547637,0.5273275067577616,47,late
47981,181,0,0.8034854241626711,0.32200163603707566,47,late
47982,182,0,0.5647152073693789,0.6717190527124923,47,late
47983,183,0,0.8194300382999262,0.34450166936049414,47,late
47984,184,0,0.1832515342012107,0.5502645273591562,47,late
47985,185,0,0.4224125620051292,0.6711813450161384,47,late
47986,186,0,0.3895496997430646,0.4427267256246594,47,late
47987,187,0,0.8282284293075963,0.3298470975845257,47,late
47988,188,0,0.6256095674856906,0.4710319446878626,47,late
47989,189,0,0.6041128902591872,0.5089932006395973,47,late
47990,190,0,0.6468009097892966,0.405632250575164,47,late
47991,191,0,0.8112627910207777,0.4039473147284335,47,late
47992,192,0,0.5963328672596582,0.47533985818312074,47,late
47993,193,0,0.8692755624048576,0.4320483377300803,47,late
47994,194,0,0.8496181616690935,0.5674449285320066,47,late
47995,195,0,0.446010793998637,0.41840203677787824,47,late
47996,196,0,0.10534012053180358,0.6105863398086918,47,late
47997,197,0,0.6957129134786748,0.5021074103285363,47,late
47998,198,0,0.5378394350139252,0.43741158015307346,47,late
47999,199,0,0.4528634894163366,0.5047861739085261,47,late
48000,0,0,0.15987291710168317,0.8069394168012419,48,interleaved
48001,1,0,0.002249086798781824,0.7858690944737061,48,interleaved
48002,2,0,0.13239908489079272,0.6524433356575423,48,interleaved
48003,3,0,0.18171658726427933,0.5870021777562919,48,interleaved
48004,4,0,0.35693574113463084,0.5477519754348603,48,interleaved
48005,5,0,0.9407361844485813,0.39102334332908695,48,interleaved
48006,6,0,0.5154305026464528,0.42122671320081706,48,interleaved
48007,7,0,0.9563547259679869,0.488171346564936,48,interleaved
48008,8,0,0.4825101351688124,0.5540998441626332,48,interleaved
48009,9,0,0.8993534993267713,0.5395185721285297,48,interleaved
48010,10,0,0.4098247615313409,0.8669701139684745,48,interleaved
48011,11,0,0.23733087541427608,0.4784673830971386,48,interleaved
48012,12,0,0.9083025570274418,0.3447537326277198,48,interleaved
48013,13,0,0.16525590515285207,0.5791652801571867,48,interleaved
48014,14,0,0.14136274734002452,0.647194991195603,48,interleaved
48015,15,0,0.4690836274167269,0.6513467675777207,48,interleaved
48016,16,0,0.6511493633366155,0.42538380017477273,48,interleaved
48017,17,0,0.2753961365909968,0.4686949391278142,48,interleaved
48018,18,0,0.6173338410902688,0.5975404762412765,48,interleaved
48019,19,0,0.9422577365493934,0.504744472476383,48,interleaved
48020,20,0,0.5306061505371771,0.5799623812755907,48,interleaved
48021,21,0,0.07303512149321337,0.628191480144668,48,interleaved
48022,22,0,0.3958160644526281,0.49679975595291404,48,interleaved
48023,23,0,0.7802255444044321,0.4362604267322321,48,interleaved
48024,24,0,0.5410151771929205,0.5301093957232768,48,interleaved
48025,25,0,0.09506575864528033,0.4989866039361796,48,interleaved
48026,26,0,0.6051306844361917,0.3665287701440905,48,interleaved
48027,27,0,0.9236929867764513,0.37640371593986544,48,interleaved
48028,28,0,0.624171777573716,0.3423913651070908,48,interleaved
48029,29,0,0.18816956729560386,0.4608956503090944,48,interleaved
48030,30,0,0.5120873309146609,0.6357110640888655,48,interleaved
48031,31,0,0.48308433097383496,0.4909204011531837,48,interleaved
48032,32,0,0.4644501807498126,0.5858999901649891,48,interleaved
48033,33,0,0.2685412948815718,0.5638424861409732,48,interleaved
48034,34,0,0.11680318935795506,0.5657729794363906,48,interleaved
48035,35,0,0.2198445556244108,0.48197260638707706,48,interleaved
48036,36,0,0.6218869140085372,0.3784520309617426,48,interleaved
48037,37,0,0.4039387250256986,0.5634531235313647,48,interleaved
48038,38,0,0.6964657285686341,0.37108882334195337,48,interleaved
48039,39,0,0.5389451378254945,0.3849409356362389,48,interleaved
48040,40,0,0.580469192735885,0.5049378313095648,48,interleaved
48041,41,0,0.6877716121772226,0.4784465094545416,48,interleaved
48042,42,0,0.7007160141117845,0.27637782943290595,48,interleaved
48043,43,0,0.01779771578599955,0.6361525548749452,48,interleaved
48044,44,0,0.5632722891217465,0.3477707648007119,48,interleaved
48045,45,0,0.3666062924557901,0.4888559847166254,48,interleaved
48046,46,0,0.8093601921605815,0.5655874941835204,48,interleaved
48047,47,0,0.3545823054729009,0.6495545415541981,48,interleaved
48048,48,0,0.9504491982799972,0.4041406444094363,48,interleaved
48049,49,0,0.46937254069622725,0.5223117257163395,48,interleaved
48050,50,0,0.9802496720167226,0.38131844266081955,48,interleaved
48051,51,0,0.49386336785434803,0.5197944836517978,48,interleaved
48052,52,0,0.6638720132198396,0.3037717930156043,48,interleaved
48053,53,0,0.21130978750270424,0.49763185386989295,48,interleaved
48054,54,0,0.6389101934667342,0.5560378396233654,48,interleaved
48055,55,0,0.4120568215853212,0.4990803272008286,48,interleaved
48056,56,0,0.5597579812776684,0.41257783420052996,48,interleaved
48057,57,0,0.5948895997327976,0.4448127351840162,48,interleaved
48058,58,0,0.0363139016687687,0.5481018720053084,48,interleaved
48059,59,0,0.8502128840767391,0.3440115684261862,48,interleaved
48060,60,0,0.5281445840259392,0.5150819310444033,48,interleaved
48061,61,0,0.5350655278981902,0.6277327449669545,48,interleaved
48062,62,0,0.5027024746075434,0.5359851708128247,48,interleaved
48063,63,0,0.9266489096952446,0.5148749086913441,48,interleaved
48064,64,0,0.5615288844512121,0.33113427835903897,48,interleaved
48065,65,0,0.03285750911330711,0.4381351565520598,48,interleaved
48066,66,0,0.48944288022184207,0.610578530823656,48,interleaved
48067,67,0,0.9628567966761978,0.43243563152394704,48,interleaved
48068,68,0,0.4740601205356575,0.7379692412038097,48,interleaved
48069,69,0,0.06712390897312734,0.5865750409987587,48,interleaved
48070,70,0,0.36664999957441147,0.5878622467973105,48,interleaved
48071,71,0,0.7150445905959697,0.6462207366238886,48,interleaved
48072,72,0,0.4900447626774773,0.3680786245969781,48,interleaved
48073,73,0,0.06768120405312318,0.5688788938206117,48,interleaved
48074,74,0,0.552916572155641,0.4824999984828032,48,interleaved
48075,75,0,0.5819041576621246,0.4400240335391811,48,interleaved
48076,76,0,0.7325556537335634,0.40468753720257666,48,interleaved
48077,77,0,0.2881732542335765,0.6814292504402779,48,interleaved
48078,78,0,0.6072084481536547,0.35781130180249093,48,interleaved
48079,79,0,0.6452981378449902,0.3650637149156959,48,interleaved
48080,80,0,0.5971931009227835,0.47163595369039923,48,interleaved
48081,81,0,0.5041493332212557,0.6727304039750099,48,interleaved
48082,82,0,0.26267024043287224,0.4319322082425725,48,interleaved
48083,83,0,0.08251016218960999,0.40041512333824003,48,interleaved
48084,84,0,0.5097189542486944,0.5720724591138068,48,interleaved
48085,85,0,0.21847446020268832,0.47046372284252475,48,interleaved
48086,86,0,0.5918309377000204,0.3978907364661979,48,interleaved
48087,87,0,0.13695444966433246,0.43050653803263855,48,interleaved
48088,88,0,0.372083686179964,0.45342618838250925,48,interleaved
48089,89,0,0.6268214122047819,0.33737322269026215,48,interleaved
48090,90,0,0.6478126258395247,0.5128139139701471,48,interleaved
48091,91,0,0.8512756723819755,0.41745216477377023,48,interleaved
48092,92,0,0.6208972230951397,0.3070560667982071,48,interleaved
48093,93,0,0.9691773869228546,0.43450864275980794,48,interleaved
48094,94,0,0.8084023683714265,0.46880125846093545,48,interleaved
48095,95,0,0.9713274944077994,0.30623285642498377,48,interleaved
48096,96,0,0.5241251680740585,0.30079640476758707,48,interleaved
48097,97,0,0.9868458568732827,0.34408967113723754,48,interleaved
48098,98,0,0.5080167407600698,0.5960805390763195,48,interleaved
48099,99,0,0.9825957249837288,0.6410108391016572,48,interleaved
48100,100,0,0.5090711046908796,0.5156840075511833,48,interleaved
48101,101,0,0.9931799721941392,0.40546044782472335,48,interleaved
48102,102,0,0.5027948540508674,0.35455972361406823,48,interleaved
48103,103,0,0.9928728021595461,0.23354863736971304,48,interleaved
48104,104,0,0.5626707329866919,0.4482786160845199,48,interleaved
48105,105,0,0.10053305078290567,0.5983435122840719,48,interleaved
48106,106,0,0.7127284371628617,0.3964437361086989,48,interleaved
48107,107,0,0.8238846049659029,0.4721882662649014,48,interleaved
48108,108,0,0.5428603956342881,0.4987911777931687,48,interleaved
48109,109,0,0.0957024798591243,0.5311768094355427,48,interleaved
48110,110,0,0.31757217595450415,0.5786425706939594,48,interleaved
48111,111,0,0.2376055843959917,0.42480042668709805,48,interleaved
48112,112,0,0.38863678102699384,0.5018235379310247,48,interleaved
48113,113,0,0.3673780776745603,0.41948951338983315,48,interleaved
48114,114,0,0.3422873527235691,0.40085944707050025,48,interleaved
48115,115,0,0.5457396842884417,0.4722944707632029,48,interleaved
48116,116,0,0.40611045752482317,0.4726922936597598,48,interleaved
48117,117,0,0.8657714971058413,0.3918104264459912,48,interleaved
48118,118,0,0.55586310902528,0.3975611234615636,48,interleaved
48119,119,0,0.6646294136146731,0.465250974846081,48,interleaved
48120,120,0,0.47893153045844294,0.48340163179053,48,interleaved
48121,121,0,0.3115038410680157,0.4213945719219491,48,interleaved
48122,122,0,0.5191921867093833,0.5922410204873582,48,interleaved
48123,123,0,0.5064872921062762,0.5127516776894891,48,interleaved
48124,124,0,0.8118815580537433,0.43395318809452077,48,interleaved
48125,125,0,0.2588015681450031,0.5113679157254731,48,interleaved
48126,126,0,0.6133953054563075,0.3847473101707811,48,interleaved
48127,127,0,0.7682854181204966,0.4037142965187134,48,interleaved
48128,128,0,0.7895672067516091,0.5321911956274247,48,interleaved
48129,129,0,0.4964425736124291,0.5322797926310658,48,interleaved
48130,130,0,0.520782174331518,0.45006866979179194,48,interleaved
48131,131,0,0.9104419440028171,0.4035532931472718,48,interleaved
48132,132,0,0.5190710119073408,0.46518925950940415,48,interleaved
48133,133,0,0.8699304004681666,0.3229351615075333,48,interleaved
48134,134,0,0.5089611194114941,0.4074086529331738,48,interleaved
48135,135,0,0.9460016905289651,0.5082571959711126,48,interleaved
48136,136,0,0.8141313053108654,0.42345277299763645,48,interleaved
48137,137,0,0.6216655507671782,0.4762577578463231,48,interleaved
48138,138,0,0.499199435356024,0.4784128762859711,48,interleaved
48139,139,0,0.9637451605693133,0.39247766046700017,48,interleaved
48140,140,0,0.5430250309557628,0.5297856842687558,48,interleaved
48141,141,0,0.05819919089116587,0.4870923079238848,48,interleaved
48142,142,0,0.5583383592681048,0.4932427881959343,48,interleaved
48143,143,0,0.4242490652756395,0.36230514498638017,48,interleaved
48144,144,0,0.5439603203264087,0.3945166303139723,48,interleaved
48145,145,0,0.9056977630826308,0.439724229829205,48,interleaved
48146,146,0,0.8450229669123983,0.5658169397111882,48,interleaved
48147,147,0,0.48523165922581135,0.531930189701413,48,interleaved
48148,148,0,0.6657509545115147,0.5283349835363516,48,interleaved
48149,149,0,0.6240234875549574,0.5008800430457254,48,interleaved
48150,150,0,0.4571972346379077,0.4509123423049429,48,interleaved
48151,151,0,0.30316005762866594,0.5193811064487348,48,interleaved
48152,152,0,0.5709802189122607,0.32615203701421913,48,interleaved
48153,153,0,0.16333152550130264,0.5324519885956001,48,interleaved
48154,154,0,0.7534363108473048,0.4255278425013267,48,interleaved
48155,155,0,0.9134627127507862,0.3634647725802817,48,interleaved
48156,156,0,0.6240801824500603,0.38320398784311294,48,interleaved
48157,157,0,0.5026468836647532,0.47694835908135147,48,interleaved
48158,158,0,0.858344554905818,0.5292353488555349,48,interleaved
48159,159,0,0.2535918328029462,0.5294038648333154,48,interleaved
48160,160,0,0.996657601427064,0.5339093015073422,48,interleaved
48161,161,0,0.832324321238147,0.4346122274048209,48,interleaved
48162,162,0,0.5963002455985023,0.45739828589872644,48,interleaved
48163,163,0,0.5752505736658959,0.403921398936123,48,interleaved
48164,164,0,0.7015578723177722,0.35930088018032147,48,interleaved
48165,165,0,0.7425905591172463,0.4643957609529233,48,interleaved
48166,166,0,0.49606298362970186,0.42488246344262925,48,interleaved
48167,167,0,0.826949285321235,0.35762349137653077,48,interleaved
48168,168,0,0.5516104418123078,0.5029819638466457,48,interleaved
48169,169,0,0.5862048791363585,0.42633788034784703,48,interleaved
48170,170,0,0.45676406939769887,0.652398866176982,48,interleaved
48171,171,0,0.6533162843456766,0.44052219627882067,48,interleaved
48172,172,0,0.47365628519310543,0.33764441447566995,48,interleaved
48173,173,0,0.09343617241354073,0.5346964491503283,48,interleaved
48174,174,0,0.6759351504061042,0.28922155985902115,48,interleaved
48175,175,0,0.8958611239564,0.36983402558005496,48,interleaved
48176,176,0,0.4101154934099471,0.6841698355348613,48,interleaved
48177,177,0,0.24895099214242877,0.41306688477527054,48,interleaved
48178,178,0,0.5591604526898633,0.40374569755350637,48,interleaved
48179,179,0,0.37278417677276743,0.49215066365426474,48,interleaved
48180,180,0,0.5365312979223964,0.40494200992372453,48,interleaved
48181,181,0,0.438387601861262,0.4549290572556747,48,interleaved
48182,182,0,0.43713105772945393,0.44529870576995445,48,interleaved
48183,183,0,0.17418167690118144,0.4854453874819629,48,interleaved
48184,184,0,0.816581844620497,0.2807902577845277,48,interleaved
48185,185,0,0.8050884650740273,0.36324010347105207,48,interleaved
48186,186,0,0.1585507330871065,0.576582847636224,48,interleaved
48187,187,0,0.39242256654792806,0.3031483885507519,48,interleaved
48188,188,0,0.12583664954326187,0.3874649860400709,48,interleaved
48189,189,0,0.9171366456067531,0.4666848614054541,48,interleaved
48190,190,0,0.5320318774234022,0.46337569778755694,48,interleaved
48191,191,0,0.5333583228202178,0.4912749287987649,48,interleaved
48192,192,0,0.5147419353104807,0.29584200319408943,48,interleaved
48193,193,0,0.6850648532002666,0.36557516275880075,48,interleaved
48194,194,0,0.5608890026899663,0.3513721228620421,48,interleaved
48195,195,0,0.68556686346097,0.2905524916233131,48,interleaved
48196,196,0,0.1111430364250003,0.532349938163688,48,interleaved
48197,197,0,0.7019376455751819,0.522806427224476,48,interleaved
48198,198,0,0.4660227207336699,0.454000132605766,48,interleaved
48199,199,0,0.3401326616957724,0.4151477735637218,48,interleaved
48200,0,0,0.49957916268220043,0.681803423973069,48,blocked
48201,1,0,0.5260422736677872,0.5183367948198065,48,blocked
48202,2,0,0.5435633120370477,0.6226045118487933,48,blocked
48203,3,0,0.5578009728417236,0.4534871196996129,48,blocked
48204,4,0,0.42718132459101765,0.5097928385921722,48,blocked
48205,5,0,0.5382498825559721,0.5803400493082074,48,blocked
48206,6,0,0.8102392032238708,0.508794597076246,48,blocked
48207,7,0,0.4158035531232515,0.3239996327089075,48,blocked
48208,8,0,0.4411929040989648,0.5967641500399088,48,blocked
48209,9,0,0.42009298419640245,0.4140433173466618,48,blocked
48210,10,0,0.40440063932867054,0.5325659998311507,48,blocked
48211,11,0,0.5586859499957065,0.47585643774351954,48,blocked
48212,12,0,0.5792091783189948,0.4779000674268954,48,blocked
48213,13,0,0.5284081854507553,0.5393715118900806,48,blocked
48214,14,0,0.3556837813857334,0.5936138695663615,48,blocked
48215,15,0,0.6656227918839628,0.49592111435154995,48,blocked
48216,16,0,0.6557392559262206,0.31932232245839354,48,blocked
48217,17,0,0.5578538886278028,0.5808757075192283,48,blocked
48218,18,0,0.5476569841256453,0.42109299390270577,48,blocked
48219,19,0,0.4265236540192844,0.3900127285267026,48,blocked
48220,20,0,0.520366173176151,0.5707690980642591,48,blocked
48221,21,0,0.760481431884618,0.4909948724694343,48,blocked
48222,22,0,0.5008026533761983,0.507062447458227,48,blocked
48223,23,0,0.5447371278974475,0.5526740968616344,48,blocked
48224,24,0,0.6796697888136098,0.49931034738174673,48,blocked
48225,25,0,0.4667918928602882,0.38661198959974874,48,blocked
48226,26,0,0.3724543878936242,0.46828488613721453,48,blocked
48227,27,0,0.6558857982080939,0.4116053839919852,48,blocked
48228,28,0,0.5714168769548348,0.48108170316397464,48,blocked
48229,29,0,0.6489100064815971,0.49864138537840397,48,blocked
48230,30,0,0.7290667308476639,0.4742122726224736,48,blocked
48231,31,0,0.7047201709859967,0.49082169540130705,48,blocked
48232,32,0,0.8061207821847635,0.5514408227807648,48,blocked
48233,33,0,0.5641064642779617,0.49199412033470696,48,blocked
48234,34,0,0.6504641684634732,0.4868416202070802,48,blocked
48235,35,0,0.6896869179510692,0.49733272854706567,48,blocked
48236,36,0,0.523561354519309,0.3782434098916643,48,blocked
48237,37,0,0.5046756492932734,0.5348335259742831,48,blocked
48238,38,0,0.504923492914094,0.7183495881985862,48,blocked
48239,39,0,0.7458790813672957,0.3833649140218867,48,blocked
48240,40,0,0.1350004204916629,0.6097269072688483,48,blocked
48241,41,0,0.0186929109495246,0.4793952004589027,48,blocked
48242,42,0,0.20208356399752542,0.6000852167210959,48,blocked
48243,43,0,0.10173676903097253,0.6625552128288167,48,blocked
48244,44,0,0.8847257812964726,0.5385946941834334,48,blocked
48245,45,0,0.9671043679647295,0.6385128231289587,48,blocked
48246,46,0,0.2307375407871795,0.5379087453246718,48,blocked
48247,47,0,0.5624503109410208,0.4964696739115828,48,blocked
48248,48,0,0.6271244733463448,0.42674982642288334,48,blocked
48249,49,0,0.3285390210781009,0.6015552849859593,48,blocked
48250,50,0,0.8933290732560134,0.33886256176858576,48,blocked
48251,51,0,0.2548669214735645,0.4997733048716352,48,blocked
48252,52,0,0.13372424779627026,0.7523880722374158,48,blocked
48253,53,0,0.12961429260674565,0.502983259137231,48,blocked
48254,54,0,0.8319971619831648,0.41837648892709806,48,blocked
48255,55,0,0.7618610783408668,0.5006041504533282,48,blocked
48256,56,0,0.31690702131181175,0.5671253658262927,48,blocked
48257,57,0,0.9833428799395492,0.5030770923194618,48,blocked
48258,58,0,0.2119149770574879,0.3459456773793632,48,blocked
48259,59,0,0.21227776234816637,0.5070559034748575,48,blocked
48260,60,0,0.5550433758512765,0.31823491527751063,48,blocked
48261,61,0,0.11321336445472133,0.4478422914383686,48,blocked
48262,62,0,0.7326616133237078,0.4010968966078924,48,blocked
48263,63,0,0.3059369497877557,0.35591280086992916,48,blocked
48264,64,0,0.6187947911067377,0.37948691754299335,48,blocked
48265,65,0,0.1553031033365431,0.5019003216112938,48,blocked
48266,66,0,0.5341857793750087,0.42383371029255057,48,blocked
48267,67,0,0.30373932986590774,0.42193211934598673,48,blocked
48268,68,0,0.8787477082317681,0.4874046569642022,48,blocked
48269,69,0,0.6382813277031624,0.46346483558834395,48,blocked
48270,70,0,0.9230760944238302,0.3832132577742505,48,blocked
48271,71,0,0.6069470396520515,0.5516017023792509,48,blocked
48272,72,0,0.5010027880151161,0.5772278411130434,48,blocked
48273,73,0,0.996856828205783,0.5035744161911759,48,blocked
48274,74,0,0.9475341971919427,0.49997562271685836,48,blocked
48275,75,0,0.5095247669286787,0.6081142306264458,48,blocked
48276,76,0,0.4030712056445475,0.45139111454143677,48,blocked
48277,77,0,0.29814468767650765,0.4924355872412022,48,blocked
48278,78,0,0.22429303347658125,0.5917610800960065,48,blocked
48279,79,0,0.4409297869127353,0.5182505187626191,48,blocked
48280,80,0,0.5426217006050126,0.7067171113597868,48,blocked
48281,81,0,0.7870323163722668,0.36387809258724935,48,blocked
48282,82,0,0.4431920639136125,0.4464648684729835,48,blocked
48283,83,0,0.653401789173037,0.5075527540630729,48,blocked
48284,84,0,0.618242156921781,0.3967343274445275,48,blocked
48285,85,0,0.06974935497695066,0.5469337907716018,48,blocked
48286,86,0,0.6649129652775059,0.34510737326477825,48,blocked
48287,87,0,0.36264460719464403,0.5619381040169898,48,blocked
48288,88,0,0.1739902502292213,0.47893545957810085,48,blocked
48289,89,0,0.5201819096410597,0.42043857592945705,48,blocked
48290,90,0,0.8432604992295962,0.4421722767099289,48,blocked
48291,91,0,0.4205948264960394,0.5860379206610877,48,blocked
48292,92,0,0.6283352696773143,0.34552637072299686,48,blocked
48293,93,0,0.4290578133727053,0.42507804406554317,48,blocked
48294,94,0,0.4232176282996041,0.40038204470356176,48,blocked
48295,95,0,0.15158954466234292,0.48839115696439717,48,blocked
48296,96,0,0.4822491852484165,0.39594271907595424,48,blocked
48297,97,0,0.4039376886403695,0.3359358126856658,48,blocked
48298,98,0,0.5538454864304592,0.3920953568214025,48,blocked
48299,99,0,0.6092976980833551,0.4195215728450363,48,blocked
48300,100,0,0.4280280914888731,0.4706033091944676,48,blocked
48301,101,0,0.49987107391821267,0.4697905334654435,48,blocked
48302,102,0,0.5162491054891599,0.4071732482010173,48,blocked
48303,103,0,0.6900872173158826,0.40209863687704667,48,blocked
48304,104,0,0.4604002171941596,0.5996931289016538,48,blocked
48305,105,0,0.5385181608497722,0.5513502121478737,48,blocked
48306,106,0,0.541073728041469,0.3665184403767733,48,blocked
48307,107,0,0.7432640772751997,0.4198638682550653,48,blocked
48308,108,0,0.4415113997046197,0.4776428412590864,48,blocked
48309,109,0,0.7510227839004158,0.28726811374728284,48,blocked
48310,110,0,0.5107448363924192,0.45905449276091403,48,blocked
48311,111,0,0.811717331960208,0.3955493294866411,48,blocked
48312,112,0,0.6112949027607041,0.4186212436728579,48,blocked
48313,113,0,0.5343288225161907,0.38294806414927773,48,blocked
48314,114,0,0.4629642585087172,0.540847070085988,48,blocked
48315,115,0,0.5013018343556508,0.4213204186856687,48,blocked
48316,116,0,0.5488219475829241,0.4858643406668161,48,blocked
48317,117,0,0.7077284975490501,0.5305618044051885,48,blocked
48318,118,0,0.8457724956001917,0.43806401194350325,48,blocked
48319,119,0,0.5605463370444125,0.3121197016086816,48,blocked
48320,120,0,0.4185431306490924,0.42256463890498636,48,blocked
48321,121,0,0.23067080387041397,0.7273340814211477,48,blocked
48322,122,0,0.8058554094487587,0.3354512748346662,48,blocked
48323,123,0,0.2657619260089994,0.4208387719276967,48,blocked
48324,124,0,0.1980965914179339,0.4400177979004712,48,blocked
48325,125,0,0.2582276749264652,0.5003339998217833,48,blocked
48326,126,0,0.34161638425259916,0.4592336487662553,48,blocked
48327,127,0,0.8072864099044366,0.528446185909567,48,blocked
48328,128,0,0.009557097270905623,0.4935951397635816,48,blocked
48329,129,0,0.5780152828359051,0.3283226601335798,48,blocked
48330,130,0,0.7408104600178442,0.46317500121645067,48,blocked
48331,131,0,0.08514477362543825,0.695538286820545,48,blocked
48332,132,0,0.6678598007092913,0.37910258380756756,48,blocked
48333,133,0,0.09209331796843459,0.32990520418561997,48,blocked
48334,134,0,0.5440066819961604,0.3747897988023257,48,blocked
48335,135,0,0.5317706678523473,0.42087374328948157,48,blocked
48336,136,0,0.5261245061561641,0.38584178592960167,48,blocked
48337,137,0,0.38200138694589947,0.4798000449895705,48,blocked
48338,138,0,0.5224949392512321,0.5616243242292147,48,blocked
48339,139,0,0.9605115519861886,0.25710300771429556,48,blocked
48340,140,0,0.8660780354248514,0.3259194141699673,48,blocked
48341,141,0,0.22631559760021464,0.4170271049738903,48,blocked
48342,142,0,0.8098369528629527,0.3760199353426621,48,blocked
48343,143,0,0.1304283759091807,0.6181294146224128,48,blocked
48344,144,0,0.21674736987555998,0.35155460865294463,48,blocked
48345,145,0,0.4406781184354012,0.42485565832224087,48,blocked
48346,146,0,0.05524192397869,0.3200517535668656,48,blocked
48347,147,0,0.9695424981915766,0.2514728167023686,48,blocked
48348,148,0,0.07835204995528178,0.4413588361418439,48,blocked
48349,149,0,0.7017724889652774,0.3666843228503293,48,blocked
48350,150,0,0.9585428978555828,0.4702918158794642,48,blocked
48351,151,0,0.8281655144261296,0.3500451036668599,48,blocked
48352,152,0,0.9776937334940352,0.3841530271752101,48,blocked
48353,153,0,0.9947284921110316,0.4033666210323243,48,blocked
48354,154,0,0.8999459268235659,0.5735267388267438,48,blocked
48355,155,0,0.14553020593713928,0.5453259905818507,48,blocked
48356,156,0,0.977236682326674,0.6409932602340378,48,blocked
48357,157,0,0.986716306767607,0.31390362469427163,48,blocked
48358,158,0,0.8851780986697699,0.3894391483455587,48,blocked
48359,159,0,0.8612733608103853,0.33778366960038075,48,blocked
48360,160,0,0.4880683109208091,0.39158693732497113,48,blocked
48361,161,0,0.22370474795716516,0.5617513892646894,48,blocked
48362,162,0,0.3172376398247835,0.43053322328456123,48,blocked
48363,163,0,0.4807018922515194,0.3234635575061672,48,blocked
48364,164,0,0.9806527499423349,0.3452652939901321,48,blocked
48365,165,0,0.18617497056954005,0.4009245943690811,48,blocked
48366,166,0,0.6727240562152627,0.20322834240677903,48,blocked
48367,167,0,0.18548744950584328,0.4413896506793897,48,blocked
48368,168,0,0.45939374450289805,0.4545953559832026,48,blocked
48369,169,0,0.6139097513925461,0.47709018193773156,48,blocked
48370,170,0,0.4030488646932658,0.5109428515080375,48,blocked
48371,171,0,0.4654784674375984,0.4114053389766223,48,blocked
48372,172,0,0.8913358284366727,0.3464759124923674,48,blocked
48373,173,0,0.5370324351854261,0.4336888637341165,48,blocked
48374,174,0,0.35499010148028354,0.2644204289130472,48,blocked
48375,175,0,0.4895249633828902,0.33620029833548387,48,blocked
48376,176,0,0.2723661318770127,0.3398633069622177,48,blocked
48377,177,0,0.21645000369216244,0.5122954663647621,48,blocked
48378,178,0,0.3086868261455434,0.4793228475011545,48,blocked
48379,179,0,0.7949385182729505,0.3343593498059568,48,blocked
48380,180,0,0.05361492558268379,0.4531923604179125,48,blocked
48381,181,0,0.7697374789459634,0.414079967877759,48,blocked
48382,182,0,0.32874025239113147,0.3946242954436616,48,blocked
48383,183,0,0.3811129178312621,0.5196051481212285,48,blocked
48384,184,0,0.7086341819095812,0.3729684976303858,48,blocked
48385,185,0,0.9907169589699714,0.6030837817052325,48,blocked
48386,186,0,0.5434219370781711,0.3487364336709709,48,blocked
48387,187,0,0.24621271496292316,0.5193044441488347,48,blocked
48388,188,0,0.7710558189875653,0.4460395267090385,48,blocked
48389,189,0,0.46655396464541427,0.39331129338745596,48,blocked
48390,190,0,0.1573800785419041,0.324884893179631,48,blocked
48391,191,0,0.9858668989454004,0.38336403916164785,48,blocked
48392,192,0,0.4022283406042798,0.6230301710216928,48,blocked
48393,193,0,0.5279851288704765,0.37092255199496516,48,blocked
48394,194,0,0.5314897929561332,0.3544889740507431,48,blocked
48395,195,0,0.9270364293552287,0.43685911755401974,48,blocked
48396,196,0,0.9592012322989447,0.3147080324109016,48,blocked
48397,197,0,0.47049601303235433,0.38333871959274224,48,blocked
48398,198,0,0.6514455643637624,0.35292524028710903,48,blocked
48399,199,0,0.5674535441955303,0.4496839210761541,48,blocked
48400,0,0,0.7313785173034574,0.666756887364115,48,early
48401,1,0,0.7323415091773151,0.5870432245194646,48,early
48402,2,0,0.5707052295157441,0.6106981615036999,48,early
48403,3,0,0.15800353448286072,0.6839858391789588,48,early
48404,4,0,0.34450729586438367,0.5399624850344977,48,early
48405,5,0,0.9555325240032715,0.6033141246912376,48,early
48406,6,0,0.31842961972277545,0.5483492696945564,48,early
48407,7,0,0.4610435069792271,0.459823475756824,48,early
48408,8,0,0.4664763488547034,0.5519343360618132,48,early
48409,9,0,0.25876631080180007,0.5919448095142941,48,early
48410,10,0,0.3876192559883094,0.38097789439394036,48,early
48411,11,0,0.6518892776560115,0.500733194442547,48,early
48412,12,0,0.6986174867916106,0.5841104105314139,48,early
48413,13,0,0.4253778019450797,0.6046728140433668,48,early
48414,14,0,0.37016121057672763,0.4672913150016356,48,early
48415,15,0,0.3997746764224732,0.40651443143343724,48,early
48416,16,0,0.6012980517312576,0.5498926925523533,48,early
48417,17,0,0.6213324218699731,0.5157942644716542,48,early
48418,18,0,0.5086172674730194,0.4957879153262145,48,early
48419,19,0,0.6590966235793714,0.39640798328223115,48,early
48420,20,0,0.6650659088110153,0.5598566020681544,48,early
48421,21,0,0.7550997934391543,0.6308216092589969,48,early
48422,22,0,0.05285654000255893,0.45411059625907285,48,early
48423,23,0,0.8292216802326309,0.3552506138139715,48,early
48424,24,0,0.7894533289967399,0.4750151693518977,48,early
48425,25,0,0.5597362785011077,0.5541577418873445,48,early
48426,26,0,0.44891537419447924,0.5177861272709823,48,early
48427,27,0,0.7820277459448287,0.4297152184401073,48,early
48428,28,0,0.27874114581440634,0.4993353341323156,48,early
48429,29,0,0.3537678546376536,0.5973520803642138,48,early
48430,30,0,0.3749202283915456,0.5992348483568117,48,early
48431,31,0,0.42589792090914474,0.6736522219022913,48,early
48432,32,0,0.2673603289154751,0.7429945168163166,48,early
48433,33,0,0.5958659284290433,0.6905850886837755,48,early
48434,34,0,0.7578666753878593,0.6434178500527408,48,early
48435,35,0,0.8544690637980028,0.5688627360314793,48,early
48436,36,0,0.20971234555084378,0.7567685739748578,48,early
48437,37,0,0.2747005498768784,0.5762925402005709,48,early
48438,38,0,0.22991942288066242,0.46592494735613643,48,early
48439,39,0,0.22977553432807196,0.4716931192015677,48,early
48440,40,0,0.2191975113440455,0.47263645203654703,48,early
48441,41,0,0.6803676074603332,0.31291142431465774,48,early
48442,42,0,0.10654988253942453,0.40166790618219234,48,early
48443,43,0,0.5447225107148327,0.4001833801819335,48,early
48444,44,0,0.6255314785855033,0.502452550134836,48,early
48445,45,0,0.5122743757806715,0.5090533526923324,48,early
48446,46,0,0.24219839353706804,0.7160638938692732,48,early
48447,47,0,0.6270660168603457,0.44814218918803816,48,early
48448,48,0,0.6312542734528901,0.5625802057940873,48,early
48449,49,0,0.15494665073853264,0.5579279870610185,48,early
48450,50,0,0.24341059008074734,0.5976254340447451,48,early
48451,51,0,0.5468107616099191,0.4753410519474059,48,early
48452,52,0,0.14471496932416555,0.5701512147871282,48,early
48453,53,0,0.5703021775357906,0.42439156285250085,48,early
48454,54,0,0.48359404190651745,0.529796010889803,48,early
48455,55,0,0.7578269110604501,0.5246519426534967,48,early
48456,56,0,0.7733441761319355,0.5729933604888542,48,early
48457,57,0,0.4389655101428247,0.4762356195993074,48,early
48458,58,0,0.8762456870681488,0.43427152875546554,48,early
48459,59,0,0.1738633687418697,0.4860591381846342,48,early
48460,60,0,0.43475775456929683,0.42775084978703737,48,early
48461,61,0,0.5715885045683202,0.631374770700207,48,early
48462,62,0,0.3839002139432468,0.50582342939954,48,early
48463,63,0,0.6142901842075341,0.453499980574908,48,early
48464,64,0,0.9274156721804903,0.3996119157959873,48,early
48465,65,0,0.09764665681736073,0.5332254781707917,48,early
48466,66,0,0.6879683170443767,0.5726275097234257,48,early
48467,67,0,0.9015593404895094,0.47995694939081124,48,early
48468,68,0,0.7574449924662201,0.55981849955214,48,early
48469,69,0,0.6908566647917848,0.4257167858814277,48,early
48470,70,0,0.5600824645772103,0.4941729310805869,48,early
48471,71,0,0.20669854951287206,0.688306974724604,48,early
48472,72,0,0.8809218106912806,0.3226482883396419,48,early
48473,73,0,0.7658065640568761,0.5087704440525262,48,early
48474,74,0,0.42685564344652205,0.4918828957036725,48,early
48475,75,0,0.9172363158460688,0.44663076977065963,48,early
48476,76,0,0.9530026776216793,0.49546354494975486,48,early
48477,77,0,0.39561888438722037,0.5382426661904325,48,early
48478,78,0,0.4035433631133942,0.4784762542797333,48,early
48479,79,0,0.5015841884556348,0.6909618273003473,48,early
48480,80,0,0.4565257844219029,0.5575393464665662,48,early
48481,81,0,0.5911986411966825,0.4834385748009362,48,early
48482,82,0,0.8445248335382303,0.35049393506689874,48,early
48483,83,0,0.48865551971818527,0.41892051711255707,48,early
48484,84,0,0.09457791168775015,0.5473433854715665,48,early
48485,85,0,0.4472558658689863,0.30999227248312855,48,early
48486,86,0,0.09696579316106309,0.5211545460207003,48,early
48487,87,0,0.4131133879804509,0.5407914290405296,48,early
48488,88,0,0.592958306773225,0.3848432446241885,48,early
48489,89,0,0.1934591906929553,0.4143902264614244,48,early
48490,90,0,0.17403181791418754,0.4350635895523607,48,early
48491,91,0,0.5701745867624128,0.4231912321323443,48,early
48492,92,0,0.779220881001015,0.46748333628968075,48,early
48493,93,0,0.6942702364535684,0.34031143824538757,48,early
48494,94,0,0.48928088268629044,0.4736256655738868,48,early
48495,95,0,0.720335013782521,0.5005127025128566,48,early
48496,96,0,0.2784710449239187,0.33624725173411396,48,early
48497,97,0,0.5942474460655107,0.35866947451446546,48,early
48498,98,0,0.5487563749320454,0.49861223389453746,48,early
48499,99,0,0.36249520336708063,0.4765237115463397,48,early
48500,100,0,0.6736327961704531,0.3620595616264457,48,early
48501,101,0,0.8322130913955198,0.2997439632910346,48,early
48502,102,0,0.4430253312253121,0.5407902245785579,48,early
48503,103,0,0.8508676432793646,0.42502472540814795,48,early
48504,104,0,0.64046639635047,0.5229636614003291,48,early
48505,105,0,0.9150740709236937,0.42716958038448244,48,early
48506,106,0,0.5513837724055677,0.5805253111825963,48,early
48507,107,0,0.8230819101458826,0.4828444669827497,48,early
48508,108,0,0.5015008215777829,0.4267096968440215,48,early
48509,109,0,0.6192485394662247,0.3469241912890322,48,early
48510,110,0,0.17113385099746414,0.4083656766741339,48,early
48511,111,0,0.498388756290036,0.3094827299667143,48,early
48512,112,0,0.45118147246092166,0.4698892441881044,48,early
48513,113,0,0.19414506815268606,0.39265146192496847,48,early
48514,114,0,0.6544695336746374,0.30997962074927304,48,early
48515,115,0,0.7142668175111532,0.3015557025478101,48,early
48516,116,0,0.35293033262522255,0.47351202396252967,48,early
48517,117,0,0.9074838662282925,0.3830915160143822,48,early
48518,118,0,0.734268049408639,0.33967808480629585,48,early
48519,119,0,0.5936831478925704,0.3586275790460703,48,early
48520,120,0,0.42624979882378916,0.41342078935677207,48,early
48521,121,0,0.9830213998884455,0.4874305654335863,48,early
48522,122,0,0.4067552155991756,0.6257074154885599,48,early
48523,123,0,0.27605825189134825,0.4395011480419132,48,early
48524,124,0,0.5244775344221705,0.2463794463127035,48,early
48525,125,0,0.8172627140939368,0.48219232195654976,48,early
48526,126,0,0.43818330753295726,0.4334196841122173,48,early
48527,127,0,0.6105587564322816,0.492483555029968,48,early
48528,128,0,0.5650513545205187,0.415971299466113,48,early
48529,129,0,0.48812905951188756,0.4294522255022202,48,early
48530,130,0,0.15261485499114485,0.49884706015145863,48,early
48531,131,0,0.32564848406180963,0.5373121193093174,48,early
48532,132,0,0.6177831315170013,0.3580980954171956,48,early
48533,133,0,0.7893136462264436,0.3531197084205532,48,early
48534,134,0,0.7188362714545288,0.3571881149459115,48,early
48535,135,0,0.5147634953935388,0.3870617262501788,48,early
48536,136,0,0.22246115698872254,0.5320624529567859,48,early
48537,137,0,0.596534526368513,0.5479878637915764,48,early
48538,138,0,0.7100070439398896,0.4679771344654676,48,early
48539,139,0,0.2819450718910688,0.3724126475877294,48,early
48540,140,0,0.5105643293071918,0.5221453178928868,48,early
48541,141,0,0.4591757599766797,0.34704992780343513,48,early
48542,142,0,0.5384409211155566,0.4562775829092332,48,early
48543,143,0,0.4833640693091076,0.423462535738517,48,early
48544,144,0,0.7103031528641361,0.38830205379349353,48,early
48545,145,0,0.09507357534715227,0.7229952599775258,48,early
48546,146,0,0.45236339048825147,0.47499987609939975,48,early
48547,147,0,0.8572674625627081,0.3761153352560168,48,early
48548,148,0,0.13490683618723248,0.5421793341600225,48,early
48549,149,0,0.8247420151198126,0.41857464062148764,48,early
48550,150,0,0.2502025639715962,0.4011421072724935,48,early
48551,151,0,0.5992719827685709,0.5358347104179058,48,early
48552,152,0,0.4332934725222345,0.5014227413282791,48,early
48553,153,0,0.6982767378269729,0.31271497925221614,48,early
48554,154,0,0.5542129150696524,0.3710193399576132,48,early
48555,155,0,0.5951153217105238,0.38390709989288074,48,early
48556,156,0,0.6734753075114834,0.34435726181415005,48,early
48557,157,0,0.4337733455635708,0.5110952530768961,48,early
48558,158,0,0.4172107993772507,0.2379810683549466,48,early
48559,159,0,0.7839623931715126,0.4241254293650089,48,early
48560,160,0,0.3064248410524113,0.4213027385230963,48,early
48561,161,0,0.11174713011519596,0.5128958040976124,48,early
48562,162,0,0.9453661674537901,0.2663447989654006,48,early
48563,163,0,0.8238915627497614,0.4954980015965356,48,early
48564,164,0,0.7801378497288367,0.4228032664251638,48,early
48565,165,0,0.7257677903054843,0.361035944887108,48,early
48566,166,0,0.767981382264168,0.28682727917294726,48,early
48567,167,0,0.6997134750340306,0.3414145610959747,48,early
48568,168,0,0.432742242663639,0.47150200508674023,48,early
48569,169,0,0.4836190701139723,0.45477186706948913,48,early
48570,170,0,0.6400275586709829,0.45364214193574576,48,early
48571,171,0,0.6799974799522978,0.3660991529150731,48,early
48572,172,0,0.6225026947642742,0.46075305772356245,48,early
48573,173,0,0.8630133336293406,0.34980809461302653,48,early
48574,174,0,0.25986336802394105,0.5071704839155864,48,early
48575,175,0,0.5721294621072253,0.434807469598248,48,early
48576,176,0,0.37899119999798614,0.4518681599172807,48,early
48577,177,0,0.6925193669088978,0.38047580293261796,48,early
48578,178,0,0.5346459252319857,0.33020580103384,48,early
48579,179,0,0.9541645242836003,0.36657399584918116,48,early
48580,180,0,0.3261560883518538,0.49750087765876283,48,early
48581,181,0,0.5902206458961913,0.5313614382672479,48,early
48582,182,0,0.7484562065982403,0.37367039957623027,48,early
48583,183,0,0.2054759545981299,0.3905251651288162,48,early
48584,184,0,0.5473815627860326,0.29887326600460246,48,early
48585,185,0,0.4133715369939394,0.3582922013504234,48,early
48586,186,0,0.30825090442784014,0.40894975794424404,48,early
48587,187,0,0.8431236554649315,0.33877141026043367,48,early
48588,188,0,0.9342668902924255,0.4047296476425861,48,early
48589,189,0,0.5160276964058023,0.4406161119326265,48,early
48590,190,0,0.5300845058833339,0.5886982275014233,48,early
48591,191,0,0.49099018676049877,0.4595517924709188,48,early
48592,192,0,0.9034592940961679,0.4024545750565909,48,early
48593,193,0,0.4900591664096753,0.29786842628759297,48,early
48594,194,0,0.7330416772305921,0.4610448591334796,48,early
48595,195,0,0.8963001859102055,0.40682293277228054,48,early
48596,196,0,0.8892382364959603,0.38140496777497446,48,early
48597,197,0,0.7561220856640953,0.3396016973442897,48,early
48598,198,0,0.46045088507785403,0.3899249844458894,48,early
48599,199,0,0.41888012903650007,0.2966002284987991,48,early
48600,0,0,0.9229344322046054,0.4595379042397958,48,middle
48601,1,0,0.5347380149643874,0.6643176326384729,48,middle
48602,2,0,0.9186244476799672,0.32993190868081224,48,middle
48603,3,0,0.5335339819036009,0.47190921734057767,48,middle
48604,4,0,0.8179819514000534,0.5677458504815845,48,middle
48605,5,0,0.5102236961325691,0.6762253055562868,48,middle
48606,6,0,0.9399680665846681,0.4910438323372233,48,middle
48607,7,0,0.5601244281152522,0.6257774358710216,48,middle
48608,8,0,0.8325453926809334,0.4930843316535207,48,middle
48609,9,0,0.5579482862355413,0.5215443064047252,48,middle
48610,10,0,0.9193680350665521,0.30337832001280274,48,middle
48611,11,0,0.48149190930617025,0.5149712463673972,48,middle
48612,12,0,0.9173558947553316,0.4430712008368245,48,middle
48613,13,0,0.4886961477673816,0.5068126068647248,48,middle
48614,14,0,0.15320272798626197,0.5947953019240708,48,middle
48615,15,0,0.5159939026879813,0.5301437977122851,48,middle
48616,16,0,0.8468940894441463,0.44338864952220763,48,middle
48617,17,0,0.2905268622848649,0.47736213846615705,48,middle
48618,18,0,0.4899669715759885,0.5581307124894735,48,middle
48619,19,0,0.37720773731431956,0.3940987104075031,48,middle
48620,20,0,0.6113318837957207,0.43929039761636623,48,middle
48621,21,0,0.5830785775973966,0.47189754956818925,48,middle
48622,22,0,0.21565584499077683,0.5337173528874293,48,middle
48623,23,0,0.8898049812688573,0.28122253092988386,48,middle
48624,24,0,0.7777572620594098,0.3861596791479205,48,middle
48625,25,0,0.45987204065030163,0.5048031499963657,48,middle
48626,26,0,0.5276549949066568,0.5286007525452936,48,middle
48627,27,0,0.5548774924246299,0.40905652843818524,48,middle
48628,28,0,0.6790225030107,0.4149268258126191,48,middle
48629,29,0,0.8202657258597561,0.3362193052843456,48,middle
48630,30,0,0.6744337408469552,0.36594634320570596,48,middle
48631,31,0,0.0835662039904777,0.4421275791904342,48,middle
48632,32,0,0.543343308747557,0.47551515939538647,48,middle
48633,33,0,0.10676336701153846,0.625013497290025,48,middle
48634,34,0,0.4952508184894411,0.43947811852126817,48,middle
48635,35,0,0.5032650822437766,0.4697528151906515,48,middle
48636,36,0,0.9480646768058322,0.3853400857378566,48,middle
48637,37,0,0.7884388800961164,0.4009006828264351,48,middle
48638,38,0,0.867967286861256,0.43686414979079746,48,middle
48639,39,0,0.5107265721539627,0.5057666579645881,48,middle
48640,40,0,0.8917155894906013,0.41396735073266655,48,middle
48641,41,0,0.8562728498621719,0.2880837704042961,48,middle
48642,42,0,0.9161162448302498,0.3481113988322613,48,middle
48643,43,0,0.4625137972099585,0.44072461139746366,48,middle
48644,44,0,0.28591179090191216,0.3622228370080401,48,middle
48645,45,0,0.37147781527107115,0.480013175470263,48,middle
48646,46,0,0.5712163638747778,0.4286567176333079,48,middle
48647,47,0,0.68151830247074,0.4395152769492901,48,middle
48648,48,0,0.7199078915443614,0.4439090524757849,48,middle
48649,49,0,0.5026261323221343,0.5461089136928161,48,middle
48650,50,0,0.3968515871982639,0.5587790232290564,48,middle
48651,51,0,0.3362623420830754,0.4618876671148755,48,middle
48652,52,0,0.5177420136123047,0.4338606359853432,48,middle
48653,53,0,0.8384280050111206,0.41137004023077106,48,middle
48654,54,0,0.36972804148499644,0.44802960787657065,48,middle
48655,55,0,0.7255713723193812,0.38633688786482034,48,middle
48656,56,0,0.6732684234083404,0.33756513442076175,48,middle
48657,57,0,0.2736337754587144,0.5233872147535945,48,middle
48658,58,0,0.5440460928044788,0.405407047006185,48,middle
48659,59,0,0.9142121374765069,0.3668030616893274,48,middle
48660,60,0,0.3857991227761293,0.3751803083902207,48,middle
48661,61,0,0.7826484542712515,0.3074379402200078,48,middle
48662,62,0,0.9868781752769911,0.5516515530027982,48,middle
48663,63,0,0.6540741510664622,0.3661015112392255,48,middle
48664,64,0,0.8754946612221378,0.44938483982326416,48,middle
48665,65,0,0.34254722157322975,0.4036671776565526,48,middle
48666,66,0,0.8149268332336961,0.41048221711941574,48,middle
48667,67,0,0.9788931922897612,0.47626969693260596,48,middle
48668,68,0,0.9030563761351054,0.33096187222892826,48,middle
48669,69,0,0.8202544114203284,0.3373816316722458,48,middle
48670,70,0,0.3204375463316661,0.4358242913088295,48,middle
48671,71,0,0.9272228222093181,0.439498266371667,48,middle
48672,72,0,0.6015430527801089,0.4441522991304167,48,middle
48673,73,0,0.48020642868897995,0.35475433226478487,48,middle
48674,74,0,0.5787755907958156,0.3967239324454316,48,middle
48675,75,0,0.932087522376488,0.4250952336915184,48,middle
48676,76,0,0.8307437841087473,0.45034845060273976,48,middle
48677,77,0,0.3001834175718178,0.40264394885644195,48,middle
48678,78,0,0.9948847834503621,0.4708764187495479,48,middle
48679,79,0,0.5204896854517749,0.2866352120753408,48,middle
48680,80,0,0.09680106824431528,0.3765966608408756,48,middle
48681,81,0,0.5744879316056859,0.37347219164720746,48,middle
48682,82,0,0.4878769547839379,0.541838116385762,48,middle
48683,83,0,0.3657800001215161,0.4554291659232903,48,middle
48684,84,0,0.49773060640213784,0.4080532399368,48,middle
48685,85,0,0.4646710091353218,0.5084202760950327,48,middle
48686,86,0,0.4837068058071801,0.509781433041603,48,middle
48687,87,0,0.8628174595538036,0.4120801769884835,48,middle
48688,88,0,0.5153818474235703,0.41824553792810504,48,middle
48689,89,0,0.22092582126704227,0.3893197693896502,48,middle
48690,90,0,0.638716562707347,0.3810640783287623,48,middle
48691,91,0,0.1878053219562656,0.4336841779069551,48,middle
48692,92,0,0.7336167251868716,0.3631468997297382,48,middle
48693,93,0,0.5090475476614558,0.4919497643728611,48,middle
48694,94,0,0.8666910166859352,0.47244758163547373,48,middle
48695,95,0,0.9015803421151971,0.6560387503674983,48,middle
48696,96,0,0.47955626283827796,0.3977843834157942,48,middle
48697,97,0,0.4541446551376636,0.7055591992634407,48,middle
48698,98,0,0.4704073791869063,0.5779697027502184,48,middle
48699,99,0,0.45564680623026543,0.5707017853195282,48,middle
48700,100,0,0.4200424017615289,0.4634642970513583,48,middle
48701,101,0,0.6789332998833714,0.3705847381719263,48,middle
48702,102,0,0.5942287170621533,0.31460590337778577,48,middle
48703,103,0,0.42673325945995366,0.5027318023477267,48,middle
48704,104,0,0.42128364134837615,0.30118929207841594,48,middle
48705,105,0,0.8174804765050988,0.25623691231430634,48,middle
48706,106,0,0.6119657322666976,0.4226234444038859,48,middle
48707,107,0,0.7811460721024246,0.36704527176592844,48,middle
48708,108,0,0.5679735311389686,0.41154714610755483,48,middle
48709,109,0,0.23173951524034841,0.391384587220412,48,middle
48710,110,0,0.7294936813024553,0.3902460085423115,48,middle
48711,111,0,0.5087576068413397,0.39027262727583245,48,middle
48712,112,0,0.8191083439155518,0.4021164129172937,48,middle
48713,113,0,0.6615582510352496,0.4120643494130468,48,middle
48714,114,0,0.4724948293404513,0.3012241738874108,48,middle
48715,115,0,0.6674870537285478,0.29947717255121586,48,middle
48716,116,0,0.627932945195965,0.41906853636374647,48,middle
48717,117,0,0.8497555066425186,0.32328945985433044,48,middle
48718,118,0,0.6887003291277185,0.5209362032523122,48,middle
48719,119,0,0.7934167735368555,0.46490494703045304,48,middle
48720,120,0,0.2941897907823833,0.42328825885305454,48,middle
48721,121,0,0.39357965777518594,0.3820867422774209,48,middle
48722,122,0,0.30819848997047505,0.5471914068057583,48,middle
48723,123,0,0.5488287131224144,0.5065706554814912,48,middle
48724,124,0,0.509687122777882,0.3201695074430146,48,middle
48725,125,0,0.581132198839512,0.45440034300324805,48,middle
48726,126,0,0.2868660785401986,0.44843769302914216,48,middle
48727,127,0,0.41270543763509293,0.389475420323668,48,middle
48728,128,0,0.3777121141354679,0.36585055374076814,48,middle
48729,129,0,0.9286215197089689,0.4691738476106647,48,middle
48730,130,0,0.6491062719179759,0.3950170300518564,48,middle
48731,131,0,0.24044984153626786,0.35819866764716174,48,middle
48732,132,0,0.5263310489486257,0.40641467250136,48,middle
48733,133,0,0.8494421615119081,0.37496274022071663,48,middle
48734,134,0,0.4243535645893826,0.411599769946409,48,middle
48735,135,0,0.5534746044656106,0.3863942936431284,48,middle
48736,136,0,0.5230958711496717,0.39490320288885505,48,middle
48737,137,0,0.9214700919696619,0.40089565887139333,48,middle
48738,138,0,0.8298627102688028,0.34593611505975574,48,middle
48739,139,0,0.2768891777800057,0.450437287674389,48,middle
48740,140,0,0.3559626593957237,0.47993518135286506,48,middle
48741,141,0,0.5861087569765103,0.2807793458484524,48,middle
48742,142,0,0.17439993439988388,0.4171697653334232,48,middle
48743,143,0,0.5921994351074732,0.323556905442278,48,middle
48744,144,0,0.7487154095860261,0.3714529521196147,48,middle
48745,145,0,0.4767771348578627,0.46025020134199635,48,middle
48746,146,0,0.7232451129208952,0.3273011577415728,48,middle
48747,147,0,0.5470160341968873,0.3630192663158438,48,middle
48748,148,0,0.4979513498308038,0.34384717210541627,48,middle
48749,149,0,0.4913836723145132,0.3408495288295367,48,middle
48750,150,0,0.4221003103514511,0.41860596474581657,48,middle
48751,151,0,0.76625124748014,0.42544170592436575,48,middle
48752,152,0,0.815403798415474,0.25112757040411415,48,middle
48753,153,0,0.7494852381015773,0.26798785121792523,48,middle
48754,154,0,0.521181363333338,0.3729975103094533,48,middle
48755,155,0,0.6521055758745804,0.32661570978421484,48,middle
48756,156,0,0.9210441590074533,0.3831739993297699,48,middle
48757,157,0,0.6274352862238917,0.3747741602874016,48,middle
48758,158,0,0.7100646027849145,0.32996474155103683,48,middle
48759,159,0,0.6384780153503794,0.3854079925406128,48,middle
48760,160,0,0.5386425542498858,0.4451021227213092,48,middle
48761,161,0,0.5070085003736898,0.2628147496085542,48,middle
48762,162,0,0.835267822382858,0.4313103389988366,48,middle
48763,163,0,0.5278678585232035,0.28305003523515093,48,middle
48764,164,0,0.7985726614277047,0.22469996326149733,48,middle
48765,165,0,0.28114152877045895,0.39222925923483287,48,middle
48766,166,0,0.808279925928213,0.2455552170031506,48,middle
48767,167,0,0.6012035588385198,0.3247353913565721,48,middle
48768,168,0,0.6636015622018883,0.4246336662831055,48,middle
48769,169,0,0.6229681689152294,0.33559450857585527,48,middle
48770,170,0,0.6242762577541564,0.2602882131052261,48,middle
48771,171,0,0.4101623099265076,0.4912973826537841,48,middle
48772,172,0,0.7115581345195939,0.38913627657925576,48,middle
48773,173,0,0.4138617073269536,0.28532506601780505,48,middle
48774,174,0,0.6499885319040694,0.41168944387824974,48,middle
48775,175,0,0.7507476430452751,0.24903913830079188,48,middle
48776,176,0,0.7819813175528795,0.2532696221316584,48,middle
48777,177,0,0.9626149400398221,0.2953199456154797,48,middle
48778,178,0,0.26517713052678066,0.37267401604430533,48,middle
48779,179,0,0.6174995130194424,0.39169536082471046,48,middle
48780,180,0,0.5785047091042863,0.44480034035113647,48,middle
48781,181,0,0.48840497325095195,0.3535882639749862,48,middle
48782,182,0,0.6477896206142691,0.4484075441476555,48,middle
48783,183,0,0.4517692972067749,0.4906719982418517,48,middle
48784,184,0,0.7855496025830353,0.3587122447328275,48,middle
48785,185,0,0.376231347119116,0.4841671425013572,48,middle
48786,186,0,0.64487737761906,0.20749605782010855,48,middle
48787,187,0,0.8556199209521513,0.5027636487753936,48,middle
48788,188,0,0.5875434576622519,0.37148972050523915,48,middle
48789,189,0,0.8355305480379244,0.2920903958789061,48,middle
48790,190,0,0.7622700161966421,0.26639590968375565,48,middle
48791,191,0,0.3932746737155065,0.2850103896654799,48,middle
48792,192,0,0.7738951954716715,0.25063398089922395,48,middle
48793,193,0,0.5676374643469547,0.4789161957124171,48,middle
48794,194,0,0.8330467338405718,0.21679436120558182,48,middle
48795,195,0,0.6612657645802585,0.42893387475187406,48,middle
48796,196,0,0.6207323457973719,0.24772916239123535,48,middle
48797,197,0,0.8874424879270064,0.22266176223688272,48,middle
48798,198,0,0.7786235849375702,0.3336898999600372,48,middle
48799,199,0,0.8668310420949517,0.3202294437237103,48,middle
48800,0,0,0.9999460044586359,0.8683441588120834,48,late
48801,1,0,0.5037787169312207,0.6865701664338097,48,late
48802,2,0,0.0030411475544747475,0.925511886204492,48,late
48803,3,0,0.5365035181938808,0.5192707269938357,48,late
48804,4,0,0.08374570481175737,0.6432542753770641,48,late
48805,5,0,0.5407022107183586,0.5648328022204148,48,late
48806,6,0,0.19167965261601486,0.5077210528699736,48,late
48807,7,0,0.33051331367904624,0.611964178884296,48,late
48808,8,0,0.6440590623956952,0.4623954988060007,48,late
48809,9,0,0.4876655631636175,0.44237595345043756,48,late
48810,10,0,0.9607293479554483,0.4438833706720931,48,late
48811,11,0,0.5032627781748249,0.5195990073987491,48,late
48812,12,0,0.7131538964702852,0.4356852317091571,48,late
48813,13,0,0.5394092246582814,0.6093018279137775,48,late
48814,14,0,0.6149098010038518,0.6939635374473849,48,late
48815,15,0,0.5148931133943044,0.43655578550947105,48,late
48816,16,0,0.943752725306198,0.40872142871528416,48,late
48817,17,0,0.4329843567467834,0.4844035064264939,48,late
48818,18,0,0.5734806673495055,0.4566399064026677,48,late
48819,19,0,0.7459170235184153,0.4554102094229372,48,late
48820,20,0,0.6837431467198968,0.4525116300207026,48,late
48821,21,0,0.4198792839996579,0.49934981563982517,48,late
48822,22,0,0.6682491685730609,0.45042622847190433,48,late
48823,23,0,0.46036006312802846,0.41433047318714666,48,late
48824,24,0,0.24837196045422888,0.4699445570372884,48,late
48825,25,0,0.3929612569965341,0.559557166269635,48,late
48826,26,0,0.7161737227274041,0.5170127048756827,48,late
48827,27,0,0.5131880302019983,0.6704578896005926,48,late
48828,28,0,0.3552230166698256,0.5912645067225047,48,late
48829,29,0,0.5654332706365319,0.5225448509957455,48,late
48830,30,0,0.19800069018573013,0.558647950789027,48,late
48831,31,0,0.3551026365500871,0.5537509511480778,48,late
48832,32,0,0.8815069808300091,0.27276085028359975,48,late
48833,33,0,0.4273254641738189,0.43595169569726533,48,late
48834,34,0,0.4136810502418967,0.43691664306167755,48,late
48835,35,0,0.6145931686723933,0.40960483702823475,48,late
48836,36,0,0.876882734555495,0.4301212260683861,48,late
48837,37,0,0.5554217617092434,0.4354965872307095,48,late
48838,38,0,0.8957185181200011,0.619184566295751,48,late
48839,39,0,0.4496101630490551,0.49871475199128257,48,late
48840,40,0,0.7395516539872755,0.4786513170242378,48,late
48841,41,0,0.7917691867972922,0.6397206570529772,48,late
48842,42,0,0.6729271450885848,0.5091280996691417,48,late
48843,43,0,0.3621284499635016,0.3452496291400236,48,late
48844,44,0,0.755750866197991,0.41862205027637234,48,late
48845,45,0,0.3143894706957374,0.4323876551129065,48,late
48846,46,0,0.6091404048646558,0.4979926221790105,48,late
48847,47,0,0.693500481343845,0.5181187475662749,48,late
48848,48,0,0.47390034986161234,0.47132633202113006,48,late
48849,49,0,0.35496597571884214,0.5755563554119,48,late
48850,50,0,0.9031734203278738,0.43204520619075976,48,late
48851,51,0,0.463359363143499,0.513791636471818,48,late
48852,52,0,0.7314390919949203,0.36727559779756236,48,late
48853,53,0,0.6567608504195467,0.5224046744763684,48,late
48854,54,0,0.7889001197618575,0.4285937544634786,48,late
48855,55,0,0.5035947005931446,0.44135551608877166,48,late
48856,56,0,0.8245417059846277,0.3011736341124063,48,late
48857,57,0,0.505805056990207,0.49563701064456117,48,late
48858,58,0,0.47880416649271773,0.41313821367018777,48,late
48859,59,0,0.49932493073876133,0.7406726141193007,48,late
48860,60,0,0.372220061540886,0.4122961830884863,48,late
48861,61,0,0.6631324846277433,0.6427397540727302,48,late
48862,62,0,0.32483695830068365,0.5496414949121746,48,late
48863,63,0,0.45042744285190206,0.5640946563716535,48,late
48864,64,0,0.47419197192684914,0.6531846480975569,48,late
48865,65,0,0.5646022140275587,0.6102585028440954,48,late
48866,66,0,0.20569688044160478,0.5450831880623379,48,late
48867,67,0,0.7746534645349148,0.5746513175653125,48,late
48868,68,0,0.7647035118647775,0.5176590519816208,48,late
48869,69,0,0.5061725523081843,0.3380571953472865,48,late
48870,70,0,0.2114515251411624,0.5174121493621846,48,late
48871,71,0,0.663707606349305,0.5815188306690815,48,late
48872,72,0,0.7556803460996202,0.5595104741141008,48,late
48873,73,0,0.40248903949963977,0.5032936388256458,48,late
48874,74,0,0.552922020531394,0.6359964348385554,48,late
48875,75,0,0.6126420724995973,0.4719582562163257,48,late
48876,76,0,0.384851371322165,0.5136293807651896,48,late
48877,77,0,0.6335501086785104,0.4846176928811845,48,late
48878,78,0,0.5490443477896322,0.3649664952741954,48,late
48879,79,0,0.5517911233128754,0.5024468307194105,48,late
48880,80,0,0.6968361284919102,0.4460248222650032,48,late
48881,81,0,0.28126937501631144,0.4816483218503456,48,late
48882,82,0,0.42672888175018253,0.3156936134270599,48,late
48883,83,0,0.702593195210808,0.6694107339743582,48,late
48884,84,0,0.2223037039330087,0.4304332993370126,48,late
48885,85,0,0.6276904687085886,0.4014556562794861,48,late
48886,86,0,0.9944621219225513,0.42444441719512405,48,late
48887,87,0,0.9844557826690716,0.3579956263973545,48,late
48888,88,0,0.9587906294778996,0.4857139929087023,48,late
48889,89,0,0.1169521068904108,0.4829100304020599,48,late
48890,90,0,0.905158649524227,0.36271395351313684,48,late
48891,91,0,0.9092469017302804,0.429754856280609,48,late
48892,92,0,0.46803584242546503,0.3712947969495499,48,late
48893,93,0,0.8304101388132109,0.422512730024327,48,late
48894,94,0,0.985001477406903,0.28606277043315687,48,late
48895,95,0,0.9426870748461649,0.47484297474206283,48,late
48896,96,0,0.9635296229802871,0.4600155791823478,48,late
48897,97,0,0.0007279355700275094,0.7335145054306567,48,late
48898,98,0,0.1651735293913687,0.3559488068996327,48,late
48899,99,0,0.5372285549868759,0.38886624438783907,48,late
48900,100,0,0.6927501926238032,0.4596500529642577,48,late
48901,101,0,0.9542354157025521,0.33548401993996746,48,late
48902,102,0,0.2350950924550315,0.4553733512490512,48,late
48903,103,0,0.946939007712633,0.4077459128644605,48,late
48904,104,0,0.9444341912125737,0.3514492328801597,48,late
48905,105,0,0.9840094110495794,0.31312335132800745,48,late
48906,106,0,0.8976375274565,0.40830898633082713,48,late
48907,107,0,0.19528195800540749,0.4602975208775514,48,late
48908,108,0,0.44318596783470265,0.4029027095159205,48,late
48909,109,0,0.6853944247254244,0.34332179599947427,48,late
48910,110,0,0.8892813713229174,0.434054973912862,48,late
48911,111,0,0.8284095796427002,0.4468825401059723,48,late
48912,112,0,0.8398754632930983,0.47547094754724967,48,late
48913,113,0,0.1233691144709766,0.44068302770178475,48,late
48914,114,0,0.9211334784060281,0.3244761376086316,48,late
48915,115,0,0.9064983644524109,0.27173302375428754,48,late
48916,116,0,0.9779483311682888,0.3860679172424215,48,late
48917,117,0,0.8459131475205443,0.5208454993416429,48,late
48918,118,0,0.658785210011424,0.4230642269769912,48,late
48919,119,0,0.9911995624860694,0.4246422095121841,48,late
48920,120,0,0.17473240040118526,0.5738641696589529,48,late
48921,121,0,0.27541468043548817,0.4524981946277269,48,late
48922,122,0,0.5727822738709456,0.44380434708394134,48,late
48923,123,0,0.8424945291211096,0.4089564570719713,48,late
48924,124,0,0.4044139947305419,0.5484297463268628,48,late
48925,125,0,0.1721645660792327,0.46758036903524947,48,late
48926,126,0,0.6887835672969922,0.3844780209293426,48,late
48927,127,0,0.4663220197225792,0.4353354710625716,48,late
48928,128,0,0.2846719122169652,0.3670620098768379,48,late
48929,129,0,0.2999667203757946,0.49646201557378583,48,late
48930,130,0,0.5319536931942689,0.34400320590729616,48,late
48931,131,0,0.35497833299149084,0.5603578854627674,48,late
48932,132,0,0.17559907987973197,0.5700143447429545,48,late
48933,133,0,0.49490429918044154,0.5030409263524639,48,late
48934,134,0,0.6761227902728807,0.2692757757098801,48,late
48935,135,0,0.319187120400253,0.4333552946977548,48,late
48936,136,0,0.5605030671305249,0.39572510365589036,48,late
48937,137,0,0.5028127134895416,0.4532760527899032,48,late
48938,138,0,0.40188556047727225,0.4024615623357217,48,late
48939,139,0,0.5766002139679131,0.43781930620722587,48,late
48940,140,0,0.45705398589806046,0.5601355685670145,48,late
48941,141,0,0.5383843106940767,0.43294757900043895,48,late
48942,142,0,0.7797273984392468,0.3112929322920226,48,late
48943,143,0,0.8757687323638756,0.4055098494198468,48,late
48944,144,0,0.6977765944945509,0.4784833744035671,48,late
48945,145,0,0.8872931559793398,0.3748545561363076,48,late
48946,146,0,0.9306451041418106,0.5021550588238504,48,late
48947,147,0,0.5294990157255666,0.4267299937700433,48,late
48948,148,0,0.5895034078312724,0.49303338020728327,48,late
48949,149,0,0.5147335268252027,0.3212802485783701,48,late
48950,150,0,0.839477993633621,0.47173005522949096,48,late
48951,151,0,0.9310867834081554,0.36807649108379015,48,late
48952,152,0,0.4718222005549081,0.4166739509348639,48,late
48953,153,0,0.8271992253767173,0.5148996288394082,48,late
48954,154,0,0.8568485724174371,0.4007877819125545,48,late
48955,155,0,0.4816357879596571,0.4933217625380597,48,late
48956,156,0,0.7987376275218891,0.4041095354627181,48,late
48957,157,0,0.7195949091412186,0.3542909451130085,48,late
48958,158,0,0.6506077581336803,0.3873675292412574,48,late
48959,159,0,0.7138224121158285,0.64050635757043,48,late
48960,160,0,0.10494820570482821,0.43547912551454226,48,late
48961,161,0,0.8938790819282536,0.2921702750922204,48,late
48962,162,0,0.698547300884991,0.3289820206563717,48,late
48963,163,0,0.7205479838005245,0.4848232096486965,48,late
48964,164,0,0.4819473192140079,0.6761417001477981,48,late
48965,165,0,0.577468908133506,0.5105045961913018,48,late
48966,166,0,0.10212583196585684,0.6068191908527376,48,late
48967,167,0,0.6177899643171082,0.376746475107662,48,late
48968,168,0,0.8083785727961167,0.4012472801730479,48,late
48969,169,0,0.5107779461040416,0.5781650334854627,48,late
48970,170,0,0.9748812254952028,0.4274657789682205,48,late
48971,171,0,0.3487438189379818,0.3809305828113127,48,late
48972,172,0,0.89921919189005,0.2302162699859162,48,late
48973,173,0,0.49230120506581243,0.4601765425372476,48,late
48974,174,0,0.5422751067055889,0.45058368792691345,48,late
48975,175,0,0.9957458641247944,0.4430930360365809,48,late
48976,176,0,0.3516300429328258,0.419179513126382,48,late
48977,177,0,0.6570795959346851,0.28492256627696416,48,late
48978,178,0,0.5931660736903206,0.4513489271954699,48,late
48979,179,0,0.7487172384736946,0.3185793769567774,48,late
48980,180,0,0.4356606993833021,0.6753898290874167,48,late
48981,181,0,0.5410034198547019,0.26786022848161767,48,late
48982,182,0,0.6279205884184808,0.35576560092354287,48,late
48983,183,0,0.544146121085526,0.35713004293018696,48,late
48984,184,0,0.8754991434931578,0.41545206732283235,48,late
48985,185,0,0.5083664237733019,0.36983345955307423,48,late
48986,186,0,0.3281262649314995,0.35135798579072575,48,late
48987,187,0,0.9223467837965421,0.5901989367288214,48,late
48988,188,0,0.6789380452185914,0.36601189692811076,48,late
48989,189,0,0.4903893323484371,0.4061390658045942,48,late
48990,190,0,0.6369512780998492,0.4072215844573882,48,late
48991,191,0,0.9126225861022665,0.3203090103005478,48,late
48992,192,0,0.38913609285405315,0.37080998916281216,48,late
48993,193,0,0.4179158080929961,0.3334014796928505,48,late
48994,194,0,0.54173002568962,0.4467549667809102,48,late
48995,195,0,0.28808496240303005,0.6259020455520805,48,late
48996,196,0,0.5878812943587463,0.40289579926793817,48,late
48997,197,0,0.6094988795249621,0.35695302214724106,48,late
48998,198,0,0.5204858643972863,0.42949672078085,48,late
48999,199,0,0.6202804708708695,0.37065413834331107,48,late
49000,0,0,0.7760895248743902,0.9286557450362852,49,interleaved
49001,1,0,0.5023483679003301,0.7209151223114592,49,interleaved
49002,2,0,0.9066083836212164,0.5103878276337984,49,interleaved
49003,3,0,0.6497881178172982,0.558712180497801,49,interleaved
49004,4,0,0.4923901258645265,0.46512972367537564,49,interleaved
49005,5,0,0.13537803525252992,0.5623063493798917,49,interleaved
49006,6,0,0.48492129602193895,0.4658573570343041,49,interleaved
49007,7,0,0.6113281311369544,0.5572709963208757,49,interleaved
49008,8,0,0.2677019442096308,0.40139813331632135,49,interleaved
49009,9,0,0.6573407942640447,0.4691370588548921,49,interleaved
49010,10,0,0.4598093651339148,0.5108648419164263,49,interleaved
49011,11,0,0.5817387445244847,0.3699976849400088,49,interleaved
49012,12,0,0.5974781985764206,0.6332323985224676,49,interleaved
49013,13,0,0.05728194263132863,0.7805671861620089,49,interleaved
49014,14,0,0.444028630099287,0.5085309448349009,49,interleaved
49015,15,0,0.1722091687001301,0.5613621647665421,49,interleaved
49016,16,0,0.5400802218045376,0.47081314239392147,49,interleaved
49017,17,0,0.967890565811363,0.44568677539986407,49,interleaved
49018,18,0,0.5024364159737,0.5729147747509642,49,interleaved
49019,19,0,0.08079297207655611,0.6786135120747746,49,interleaved
49020,20,0,0.5647676681195755,0.37718072820561654,49,interleaved
49021,21,0,0.6829198386389678,0.43245557805009865,49,interleaved
49022,22,0,0.3973188217618726,0.6260209001187576,49,interleaved
49023,23,0,0.8535397802252042,0.470172581391245,49,interleaved
49024,24,0,0.14899023675153997,0.5771786280793226,49,interleaved
49025,25,0,0.5079525678208627,0.6961575638819862,49,interleaved
49026,26,0,0.005579536868055597,0.7728450502671617,49,interleaved
49027,27,0,0.4401211934434278,0.8207195969638534,49,interleaved
49028,28,0,0.10193991064287117,0.7049789597160929,49,interleaved
49029,29,0,0.5525746539235163,0.4088477642870808,49,interleaved
49030,30,0,0.9638981056537664,0.5451084891214095,49,interleaved
49031,31,0,0.4878245362963713,0.440015770480087,49,interleaved
49032,32,0,0.23932947727725845,0.3340510290682631,49,interleaved
49033,33,0,0.8117744176197002,0.5533531874006046,49,interleaved
49034,34,0,0.42023590100189345,0.44903630242303794,49,interleaved
49035,35,0,0.9656636883614385,0.38328556825454496,49,interleaved
49036,36,0,0.49092893496237217,0.6031837891964249,49,interleaved
49037,37,0,0.4216074675095918,0.5669620551164567,49,interleaved
49038,38,0,0.2801170057833742,0.6222922099543677,49,interleaved
49039,39,0,0.4956431420830008,0.4053621065314581,49,interleaved
49040,40,0,0.7918976668921119,0.41574788354204884,49,interleaved
49041,41,0,0.9027689071665007,0.3685364402511368,49,interleaved
49042,42,0,0.853794868652689,0.6572911546188925,49,interleaved
49043,43,0,0.9013834109157317,0.4302759320722901,49,interleaved
49044,44,0,0.2062710606101448,0.6297320862931091,49,interleaved
49045,45,0,0.14147609903279734,0.5239414430330265,49,interleaved
49046,46,0,0.14661781619901376,0.701173425903872,49,interleaved
49047,47,0,0.45905755563754125,0.6217147847323135,49,interleaved
49048,48,0,0.12096964624373663,0.5773992567202768,49,interleaved
49049,49,0,0.4399354715043075,0.4251805168133932,49,interleaved
49050,50,0,0.3817022858842454,0.5642116492398557,49,interleaved
49051,51,0,0.2758790013318979,0.5691456473245543,49,interleaved
49052,52,0,0.8690033587888218,0.5029223674373261,49,interleaved
49053,53,0,0.6216612494024716,0.43896153626046963,49,interleaved
49054,54,0,0.8690271901139728,0.49068547584143424,49,interleaved
49055,55,0,0.40399310683946416,0.4703522336022234,49,interleaved
49056,56,0,0.39983260720460495,0.5939800793818241,49,interleaved
49057,57,0,0.5531826559773102,0.5132276313678732,49,interleaved
49058,58,0,0.6718992801918529,0.42914653870645797,49,interleaved
49059,59,0,0.3018396784578052,0.36022248096871323,49,interleaved
49060,60,0,0.6991174111926168,0.5590180156620381,49,interleaved
49061,61,0,0.12985429446701538,0.7596323931036598,49,interleaved
49062,62,0,0.6581524422318553,0.6171516393621925,49,interleaved
49063,63,0,0.4037744027441524,0.5963529126806767,49,interleaved
49064,64,0,0.778181225772226,0.3946766985917799,49,interleaved
49065,65,0,0.7056770101725361,0.4210310584383742,49,interleaved
49066,66,0,0.9517959183505401,0.4988285110854263,49,interleaved
49067,67,0,0.8507877877413388,0.6126493416114771,49,interleaved
49068,68,0,0.9216476436453691,0.5471569889115333,49,interleaved
49069,69,0,0.3713340145696661,0.6267736273812059,49,interleaved
49070,70,0,0.1742086354443324,0.4470760562760939,49,interleaved
49071,71,0,0.20747451231854502,0.37148729520687473,49,interleaved
49072,72,0,0.6950844327959311,0.36185901048434665,49,interleaved
49073,73,0,0.5857109599869121,0.4207378123347901,49,interleaved
49074,74,0,0.13912365268136181,0.5842199794498866,49,interleaved
49075,75,0,0.28967397963270425,0.5506838519265006,49,interleaved
49076,76,0,0.4594045587954793,0.4735835270500016,49,interleaved
49077,77,0,0.24337675350072885,0.4618832840005035,49,interleaved
49078,78,0,0.5480914474236229,0.46726420756527964,49,interleaved
49079,79,0,0.2758372826724686,0.5539350253249105,49,interleaved
49080,80,0,0.20104656253746273,0.5505707646265392,49,interleaved
49081,81,0,0.5747512700656492,0.2965780613972958,49,interleaved
49082,82,0,0.2820005522723635,0.3336923887458323,49,interleaved
49083,83,0,0.7429445814142586,0.3522439647867496,49,interleaved
49084,84,0,0.8526579125194539,0.4374543286304212,49,interleaved
49085,85,0,0.516503312084995,0.5073168860041463,49,interleaved
49086,86,0,0.184728417343073,0.6350487424614701,49,interleaved
49087,87,0,0.20578451817588742,0.5069707957633904,49,interleaved
49088,88,0,0.5304315570818564,0.34296632534457294,49,interleaved
49089,89,0,0.5626878367484588,0.38679449805990596,49,interleaved
49090,90,0,0.41430539187699444,0.4748021279613921,49,interleaved
49091,91,0,0.7713660490352365,0.5031974731716625,49,interleaved
49092,92,0,0.5847179634373816,0.4082405760307779,49,interleaved
49093,93,0,0.7048599044080928,0.4548718810649536,49,interleaved
49094,94,0,0.5518841575505994,0.4473949077974474,49,interleaved
49095,95,0,0.7967159881876442,0.35951693771742177,49,interleaved
49096,96,0,0.3861575572181681,0.6594037997383737,49,interleaved
49097,97,0,0.5420680864002121,0.5936003858603313,49,interleaved
49098,98,0,0.4828075629711301,0.6584249575400392,49,interleaved
49099,99,0,0.5826128102523689,0.7219636057773959,49,interleaved
49100,100,0,0.16369973489724166,0.5992062405926204,49,interleaved
49101,101,0,0.438315142918046,0.4708451054372986,49,interleaved
49102,102,0,0.13767595771221566,0.43799862492710945,49,interleaved
49103,103,0,0.4114668373831856,0.47803598076265164,49,interleaved
49104,104,0,0.6737708746399685,0.4585265954924871,49,interleaved
49105,105,0,0.5143410521741828,0.6457649671940504,49,interleaved
49106,106,0,0.4511299775114569,0.3866243788546365,49,interleaved
49107,107,0,0.22710191253139003,0.4136402634264824,49,interleaved
49108,108,0,0.6026078163580744,0.41073309725557877,49,interleaved
49109,109,0,0.33451458509472803,0.5322727883343235,49,interleaved
49110,110,0,0.16157745917545518,0.671053638689286,49,interleaved
49111,111,0,0.0743654029563574,0.7608930042253121,49,interleaved
49112,112,0,0.7411825581998484,0.5591406549920006,49,interleaved
49113,113,0,0.5968539833158187,0.3937329666231463,49,interleaved
49114,114,0,0.6888045992068321,0.34011725550403077,49,interleaved
49115,115,0,0.16669499374751684,0.45197941657275875,49,interleaved
49116,116,0,0.2592009181585935,0.47421353055518334,49,interleaved
49117,117,0,0.8234746919937755,0.4038313020439579,49,interleaved
49118,118,0,0.5159493657946633,0.5831889619766313,49,interleaved
49119,119,0,0.8034256120235628,0.43808103493719075,49,interleaved
49120,120,0,0.1824877909728965,0.5130114908462847,49,interleaved
49121,121,0,0.26207675618323756,0.5501584102707132,49,interleaved
49122,122,0,0.28852450403016905,0.5449412841277118,49,interleaved
49123,123,0,0.5701893661517605,0.34262514718394044,49,interleaved
49124,124,0,0.5893299572733959,0.4726742313237844,49,interleaved
49125,125,0,0.2521866906745089,0.38818688637099874,49,interleaved
49126,126,0,0.9019117908115077,0.43737992018507965,49,interleaved
49127,127,0,0.8383929451661902,0.45666242246285604,49,interleaved
49128,128,0,0.215710052750875,0.6081426376854809,49,interleaved
49129,129,0,0.5585168612332712,0.46304239173452544,49,interleaved
49130,130,0,0.5448045884911437,0.4548181085863279,49,interleaved
49131,131,0,0.7701191802591141,0.44956980995739176,49,interleaved
49132,132,0,0.4249503825756614,0.43993468317934753,49,interleaved
49133,133,0,0.5329912171341364,0.4076378507573412,49,interleaved
49134,134,0,0.28467547011949246,0.38762781170883576,49,interleaved
49135,135,0,0.5153527713982848,0.41109643971994403,49,interleaved
49136,136,0,0.48997157518204604,0.47703460580878715,49,interleaved
49137,137,0,0.7471709502725559,0.45022982217078533,49,interleaved
49138,138,0,0.6560502183199336,0.5608310966642773,49,interleaved
49139,139,0,0.5816215560772731,0.38418025798534994,49,interleaved
49140,140,0,0.8539120542985514,0.41233669544337537,49,interleaved
49141,141,0,0.6115882389137111,0.4768445943444022,49,interleaved
49142,142,0,0.042209618923364514,0.48444765883639956,49,interleaved
49143,143,0,0.2822283052787675,0.5029754282102474,49,interleaved
49144,144,0,0.805849948664848,0.448483369832911,49,interleaved
49145,145,0,0.6343235587923256,0.47789609819433576,49,interleaved
49146,146,0,0.632732418340654,0.30132176404684025,49,interleaved
49147,147,0,0.6118196862282785,0.4632376930224841,49,interleaved
49148,148,0,0.680627454683958,0.36545359047113846,49,interleaved
49149,149,0,0.8697189929561016,0.49069273839910155,49,interleaved
49150,150,0,0.4036155603964938,0.4920958425045892,49,interleaved
49151,151,0,0.7039098975189746,0.34795400778741226,49,interleaved
49152,152,0,0.8045338454104483,0.4961554915101658,49,interleaved
49153,153,0,0.48497560661505557,0.408044435456263,49,interleaved
49154,154,0,0.09886229277613777,0.5089836178313597,49,interleaved
49155,155,0,0.05551128379461191,0.49192416457574756,49,interleaved
49156,156,0,0.7847461780051486,0.5082404430957194,49,interleaved
49157,157,0,0.4027232831116711,0.4472243471040207,49,interleaved
49158,158,0,0.47772329447359524,0.34037107732780036,49,interleaved
49159,159,0,0.6833213058728074,0.35104026445383096,49,interleaved
49160,160,0,0.5814751403998574,0.5692442732931469,49,interleaved
49161,161,0,0.8255467727955246,0.582474468826517,49,interleaved
49162,162,0,0.8371684979106879,0.38411029987629697,49,interleaved
49163,163,0,0.9510399781622588,0.45881564321501056,49,interleaved
49164,164,0,0.11356967934983511,0.4648797286077828,49,interleaved
49165,165,0,0.4113914113832421,0.47543067696884267,49,interleaved
49166,166,0,0.5207368249202833,0.5578747098201607,49,interleaved
49167,167,0,0.8321555215629768,0.40989248898634423,49,interleaved
49168,168,0,0.543676788652385,0.38991324958909085,49,interleaved
49169,169,0,0.4252878897676986,0.4669422752607491,49,interleaved
49170,170,0,0.5223048592029614,0.4362495658625497,49,interleaved
49171,171,0,0.7414995018709867,0.26163708337075187,49,interleaved
49172,172,0,0.9293351149323191,0.49631157022365224,49,interleaved
49173,173,0,0.013624163642118485,0.5474554551435097,49,interleaved
49174,174,0,0.06792032481235502,0.5099740199996327,49,interleaved
49175,175,0,0.8338890720359246,0.3223397219984365,49,interleaved
49176,176,0,0.6704742141883473,0.3330971230208383,49,interleaved
49177,177,0,0.9339044530124012,0.41247529414433926,49,interleaved
49178,178,0,0.4969836287865163,0.32954489689489386,49,interleaved
49179,179,0,0.7991042475934861,0.3610843982041659,49,interleaved
49180,180,0,0.2882294146881531,0.4784544849972656,49,interleaved
49181,181,0,0.5238892765623626,0.422057060870778,49,interleaved
49182,182,0,0.6750466182441627,0.3430741513268208,49,interleaved
49183,183,0,0.5886551504898783,0.3135758991242258,49,interleaved
49184,184,0,0.3031602148055747,0.4020168741467236,49,interleaved
49185,185,0,0.5545554828051458,0.4235590548793682,49,interleaved
49186,186,0,0.5769858210514924,0.43221143219659736,49,interleaved
49187,187,0,0.1326490735972536,0.47832785819923385,49,interleaved
49188,188,0,0.23674805578577696,0.5429195091840933,49,interleaved
49189,189,0,0.5058976508583575,0.5291954467551173,49,interleaved
49190,190,0,0.6544209912766903,0.43706429487526033,49,interleaved
49191,191,0,0.8436402376242731,0.39077078438097956,49,interleaved
49192,192,0,0.4968119541124804,0.4454797198279834,49,interleaved
49193,193,0,0.5363247674395284,0.5062571093226559,49,interleaved
49194,194,0,0.8668390956412373,0.5315112283404289,49,interleaved
49195,195,0,0.7749550695633416,0.47171954382755665,49,interleaved
49196,196,0,0.9713512707179023,0.44049389256569466,49,interleaved
49197,197,0,0.9407228357465207,0.4835015073835457,49,interleaved
49198,198,0,0.9617064720188898,0.3747062456596566,49,interleaved
49199,199,0,0.982832846399913,0.4101403788166429,49,interleaved
49200,0,0,0.4451123482327935,0.7088161053297878,49,blocked
49201,1,0,0.5268716049107519,0.9805457507080118,49,blocked
49202,2,0,0.5158023870162612,0.723687945555781,49,blocked
49203,3,0,0.39183957989484625,0.6533593504056907,49,blocked
49204,4,0,0.37528049757887416,0.47313261471730234,49,blocked
49205,5,0,0.7633934820555008,0.4979437944274029,49,blocked
49206,6,0,0.2879669597693488,0.7694097083573103,49,blocked
49207,7,0,0.5006016134807418,0.732383860936933,49,blocked
49208,8,0,0.4355245266435036,0.6867168218715096,49,blocked
49209,9,0,0.649352659499813,0.5209152995021915,49,blocked
49210,10,0,0.7802543128072111,0.4273928047252567,49,blocked
49211,11,0,0.5006947524426353,0.5546290208615849,49,blocked
49212,12,0,0.5527431240215593,0.5791799096586935,49,blocked
49213,13,0,0.4471725239672006,0.717273683538556,49,blocked
49214,14,0,0.5005549233413855,0.46910398720747887,49,blocked
49215,15,0,0.7219751098012797,0.5573245608803987,49,blocked
49216,16,0,0.4445142874174028,0.43558754322922677,49,blocked
49217,17,0,0.5642430642482636,0.8466062779459311,49,blocked
49218,18,0,0.48067303652789284,0.7057073631402894,49,blocked
49219,19,0,0.8449588271931692,0.48805062594468274,49,blocked
49220,20,0,0.4162248547687611,0.5656790208282083,49,blocked
49221,21,0,0.6422027201491932,0.6167165779561508,49,blocked
49222,22,0,0.4309236372964618,0.5095822532383253,49,blocked
49223,23,0,0.6564370229608322,0.45436855547833804,49,blocked
49224,24,0,0.8445404900291301,0.5085892230095306,49,blocked
49225,25,0,0.42410116555458766,0.4051657603608649,49,blocked
49226,26,0,0.6773297791711399,0.49711787816161174,49,blocked
49227,27,0,0.663622606863993,0.42861496569662716,49,blocked
49228,28,0,0.2987568640922425,0.5302929778211567,49,blocked
49229,29,0,0.48826547280110927,0.483245139578689,49,blocked
49230,30,0,0.7705131511455213,0.5309649320595073,49,blocked
49231,31,0,0.8279947155672056,0.41028855503857853,49,blocked
49232,32,0,0.8708476038789553,0.357369299502509,49,blocked
49233,33,0,0.39977005501091006,0.6803595483037446,49,blocked
49234,34,0,0.4879733398935704,0.4559448488557767,49,blocked
49235,35,0,0.5130434349039499,0.6122698992451882,49,blocked
49236,36,0,0.5996772485253732,0.4818059243810331,49,blocked
49237,37,0,0.45442753472792935,0.3848266865515677,49,blocked
49238,38,0,0.4839856972723249,0.46853000447288784,49,blocked
49239,39,0,0.6763592032093113,0.39034582817648344,49,blocked
49240,40,0,0.9252395139970244,0.4463367797421368,49,blocked
49241,41,0,0.2661156354185924,0.42845140827994843,49,blocked
49242,42,0,0.5146782964672405,0.5826813957472528,49,blocked
49243,43,0,0.788399735241154,0.42138623689131605,49,blocked
49244,44,0,0.9657899839542747,0.43855486325242576,49,blocked
49245,45,0,0.836310009618118,0.4995008934061171,49,blocked
49246,46,0,0.6213974966238687,0.3718770125547925,49,blocked
49247,47,0,0.018704020425217592,0.6690972483100908,49,blocked
49248,48,0,0.04800456539336015,0.6389181508265046,49,blocked
49249,49,0,0.2622344018922633,0.7053370170544537,49,blocked
49250,50,0,0.4170129051331501,0.4692918126677926,49,blocked
49251,51,0,0.5140689403032369,0.577840026903236,49,blocked
49252,52,0,0.3980689160203257,0.5445373226965191,49,blocked
49253,53,0,0.6269740874935132,0.5708829942444109,49,blocked
49254,54,0,0.9847059025327638,0.6468422754169247,49,blocked
49255,55,0,0.16986332266312415,0.5626385940377927,49,blocked
49256,56,0,0.20013622423778077,0.5365966308266814,49,blocked
49257,57,0,0.700636624866458,0.3825858419601287,49,blocked
49258,58,0,0.24004901485094768,0.6268471409369907,49,blocked
49259,59,0,0.004322614330603461,0.6949749224933863,49,blocked
49260,60,0,0.8176122420574717,0.5219180349099024,49,blocked
49261,61,0,0.7604319392824153,0.4848732386079753,49,blocked
49262,62,0,0.09347871476533647,0.6570257230659138,49,blocked
49263,63,0,0.22422414751476108,0.5225688977531138,49,blocked
49264,64,0,0.6139990245307789,0.5436658825182175,49,blocked
49265,65,0,0.9416028641844862,0.35379330276672905,49,blocked
49266,66,0,0.93854622481178,0.42530086572277526,49,blocked
49267,67,0,0.35581568488864085,0.502501813413067,49,blocked
49268,68,0,0.3179985016607891,0.5710415493697014,49,blocked
49269,69,0,0.455014333813824,0.5216719299509152,49,blocked
49270,70,0,0.28082509607411693,0.5509693974529492,49,blocked
49271,71,0,0.8426028254946762,0.40592229144357805,49,blocked
49272,72,0,0.020235764747229323,0.6627117757937304,49,blocked
49273,73,0,0.28910512750924344,0.43529125245211164,49,blocked
49274,74,0,0.17591107522315927,0.5130459496231294,49,blocked
49275,75,0,0.530328820014573,0.6126337096721908,49,blocked
49276,76,0,0.7418168381678787,0.8125061650261909,49,blocked
49277,77,0,0.10745781418469859,0.49420261085899514,49,blocked
49278,78,0,0.08570340860829143,0.979694420389255,49,blocked
49279,79,0,0.05184879281224309,0.6898154099276095,49,blocked
49280,80,0,0.8838918992212637,0.37915804429919264,49,blocked
49281,81,0,0.7157289807965612,0.38124908136107793,49,blocked
49282,82,0,0.28476499059411775,0.6245723445454893,49,blocked
49283,83,0,0.46360212648183485,0.3789254082036354,49,blocked
49284,84,0,0.4395402211800226,0.6196394106457344,49,blocked
49285,85,0,0.3207659066343445,0.5745942444759164,49,blocked
49286,86,0,0.40557314779054454,0.5182809937453937,49,blocked
49287,87,0,0.3835082883373282,0.4274694958644634,49,blocked
49288,88,0,0.7334337683332088,0.5084394538273254,49,blocked
49289,89,0,0.7287152669684142,0.4112486683729235,49,blocked
49290,90,0,0.8254365486156594,0.5203131919097275,49,blocked
49291,91,0,0.2898182096278222,0.5962868854092929,49,blocked
49292,92,0,0.22114095407077267,0.513678034686499,49,blocked
49293,93,0,0.7335042858734875,0.3609321901875234,49,blocked
49294,94,0,0.4940032201752733,0.4640984748405259,49,blocked
49295,95,0,0.4358715754918048,0.5675633413360692,49,blocked
49296,96,0,0.4219436968047118,0.5884878599304761,49,blocked
49297,97,0,0.33452291582251603,0.5011933266063776,49,blocked
49298,98,0,0.48201455204788085,0.52341235504114,49,blocked
49299,99,0,0.5392063387263435,0.47155043598953067,49,blocked
49300,100,0,0.6436666683634127,0.5561910314934895,49,blocked
49301,101,0,0.6556681699206712,0.44526062375618797,49,blocked
49302,102,0,0.29447619382036677,0.5454879775422142,49,blocked
49303,103,0,0.5987505372148902,0.38105729719958625,49,blocked
49304,104,0,0.3973495513189942,0.6714929489592938,49,blocked
49305,105,0,0.5372613896134651,0.5334063247585452,49,blocked
49306,106,0,0.7562845769571617,0.4474852779191124,49,blocked
49307,107,0,0.6875738098671736,0.4831862821870952,49,blocked
49308,108,0,0.6832928812467349,0.44748160356427535,49,blocked
49309,109,0,0.48806263445206344,0.6883225293745449,49,blocked
49310,110,0,0.6943874946775206,0.4292461064455332,49,blocked
49311,111,0,0.7383991613343925,0.45520864036840036,49,blocked
49312,112,0,0.7987841253063315,0.5042932617776339,49,blocked
49313,113,0,0.2940073689867594,0.5306345361959653,49,blocked
49314,114,0,0.5592260307076687,0.4579648301403738,49,blocked
49315,115,0,0.5644969710912155,0.41272497893473903,49,blocked
49316,116,0,0.6243879803852972,0.36918393517758635,49,blocked
49317,117,0,0.5899518467642598,0.4805106766369227,49,blocked
49318,118,0,0.5151099189360931,0.43601024371755104,49,blocked
49319,119,0,0.48036532828885237,0.6020142584589303,49,blocked
49320,120,0,0.45135021598311154,0.6394526057218227,49,blocked
49321,121,0,0.04447435786104345,0.5731572561554946,49,blocked
49322,122,0,0.618292603063517,0.440799010491686,49,blocked
49323,123,0,0.3619570960163413,0.4592003783613531,49,blocked
49324,124,0,0.14655265944269846,0.5701340824434309,49,blocked
49325,125,0,0.6859534128640559,0.4468273363990779,49,blocked
49326,126,0,0.6403509331901265,0.42488307302522443,49,blocked
49327,127,0,0.19624459411381104,0.4993681819092548,49,blocked
49328,128,0,0.5238606873257405,0.3722344337214496,49,blocked
49329,129,0,0.259583233858751,0.5995851408006898,49,blocked
49330,130,0,0.17065762304514318,0.6469849117098724,49,blocked
49331,131,0,0.6373613789157566,0.5148132321869636,49,blocked
49332,132,0,0.015601050490276897,0.7987079267687823,49,blocked
49333,133,0,0.7265492030015354,0.7761722342132882,49,blocked
49334,134,0,0.9042779584935987,0.490838811446264,49,blocked
49335,135,0,0.02675448339700002,0.4840407239268151,49,blocked
49336,136,0,0.8891737945708791,0.4474607662727627,49,blocked
49337,137,0,0.45143668058286013,0.4904912378086083,49,blocked
49338,138,0,0.589885604228972,0.5482952839707338,49,blocked
49339,139,0,0.7692161597470506,0.4961538374690066,49,blocked
49340,140,0,0.8037416525460994,0.40263051798865734,49,blocked
49341,141,0,0.8920433240482835,0.3272766800949184,49,blocked
49342,142,0,0.47163259221194975,0.5410722677098001,49,blocked
49343,143,0,0.4708416480925437,0.3061219135476284,49,blocked
49344,144,0,0.47704846748021706,0.48831812884228787,49,blocked
49345,145,0,0.8108148450343895,0.43730291748603045,49,blocked
49346,146,0,0.40160244791059163,0.43492450655640874,49,blocked
49347,147,0,0.4437378202454712,0.42862375434584543,49,blocked
49348,148,0,0.6070220034901401,0.47740300242246536,49,blocked
49349,149,0,0.7364039953800592,0.43709645442209355,49,blocked
49350,150,0,0.49540479053993935,0.34687462134966685,49,blocked
49351,151,0,0.9136411320537811,0.3627242571610715,49,blocked
49352,152,0,0.274026831349833,0.45631646215920313,49,blocked
49353,153,0,0.8739812122372139,0.33122476810157164,49,blocked
49354,154,0,0.6226618331589873,0.3440331851300374,49,blocked
49355,155,0,0.25301433070655754,0.4472069789536064,49,blocked
49356,156,0,0.6248564065638529,0.5213374713566227,49,blocked
49357,157,0,0.1251230727411266,0.5541815922423343,49,blocked
49358,158,0,0.9018553440921133,0.39452789701770663,49,blocked
49359,159,0,0.49861644920130666,0.3832441333105579,49,blocked
49360,160,0,0.876511584150875,0.5382919625966218,49,blocked
49361,161,0,0.7323903172627289,0.3504341266929566,49,blocked
49362,162,0,0.45406461380461377,0.3759275747118155,49,blocked
49363,163,0,0.42421555441185343,0.4859967405289941,49,blocked
49364,164,0,0.7455896956441252,0.41805199416465594,49,blocked
49365,165,0,0.8432503885944964,0.5381937472604033,49,blocked
49366,166,0,0.3333199674513069,0.521054455903084,49,blocked
49367,167,0,0.551285399636879,0.5442767683755474,49,blocked
49368,168,0,0.45121478983522395,0.525313060030286,49,blocked
49369,169,0,0.2038898156451726,0.49600905284671115,49,blocked
49370,170,0,0.7333036329649414,0.41057953204347797,49,blocked
49371,171,0,0.5246612378343667,0.6099776119081437,49,blocked
49372,172,0,0.7524247259572329,0.4542461607434633,49,blocked
49373,173,0,0.23998499071222082,0.5348081205828791,49,blocked
49374,174,0,0.30964641382750147,0.44195445964722113,49,blocked
49375,175,0,0.6750855853439819,0.629905940831419,49,blocked
49376,176,0,0.49695752627297324,0.46227743413882405,49,blocked
49377,177,0,0.4288104895783528,0.5242229640996561,49,blocked
49378,178,0,0.6954323055907339,0.42322120888101333,49,blocked
49379,179,0,0.13303174577146235,0.5170250462182406,49,blocked
49380,180,0,0.5824701399921572,0.5390060945228823,49,blocked
49381,181,0,0.16957081638166077,0.4544136655880807,49,blocked
49382,182,0,0.44137304439838393,0.466915584214424,49,blocked
49383,183,0,0.674377088588562,0.44878952321601595,49,blocked
49384,184,0,0.6549349714306958,0.4459498094161705,49,blocked
49385,185,0,0.5022772573667105,0.41609611911097955,49,blocked
49386,186,0,0.8550439120383929,0.30372896328464993,49,blocked
49387,187,0,0.6587917288437596,0.34637307798598665,49,blocked
49388,188,0,0.8736928190009782,0.34373586704747594,49,blocked
49389,189,0,0.44844865879185125,0.3673620943876533,49,blocked
49390,190,0,0.5797479510490269,0.4011155079598906,49,blocked
49391,191,0,0.16293882289794392,0.42759628365764696,49,blocked
49392,192,0,0.4375721737973774,0.5209934942725356,49,blocked
49393,193,0,0.6762070747620641,0.3680423532857222,49,blocked
49394,194,0,0.3324100003251332,0.4814572278268269,49,blocked
49395,195,0,0.8500440680434822,0.3897557459384018,49,blocked
49396,196,0,0.21596315584761971,0.4137033485811854,49,blocked
49397,197,0,0.7829118011059404,0.4866410462129497,49,blocked
49398,198,0,0.5030677580137449,0.4764547864350859,49,blocked
49399,199,0,0.7418130978867633,0.4384396213299373,49,blocked
49400,0,0,0.92364968129583,0.5039841949168402,49,early
49401,1,0,0.019036328329503024,0.7974884423256461,49,early
49402,2,0,0.8022584386713605,0.7580894870760432,49,early
49403,3,0,0.7350500822764341,0.40265343055635405,49,early
49404,4,0,0.8443167576399916,0.4355978133143225,49,early
49405,5,0,0.06600161217139684,0.5308806543118747,49,early
49406,6,0,0.11077170376398399,0.47435745091219783,49,early
49407,7,0,0.27308908162115325,0.504351332692888,49,early
49408,8,0,0.6096253454745608,0.3624354307638382,49,early
49409,9,0,0.3935264071235811,0.528788120450034,49,early
49410,10,0,0.7289668238833056,0.3877039815889951,49,early
49411,11,0,0.1798902532771982,0.5569664103585442,49,early
49412,12,0,0.5499447998691736,0.5825348924636331,49,early
49413,13,0,0.8941363000599925,0.6084311919699965,49,early
49414,14,0,0.8681251482548701,0.48402202486080326,49,early
49415,15,0,0.847606147326502,0.6852687682434646,49,early
49416,16,0,0.6004112120117685,0.6217329288197699,49,early
49417,17,0,0.3727551978856306,0.6824422462391415,49,early
49418,18,0,0.7761478065758145,0.44614647290956233,49,early
49419,19,0,0.22500254682222154,0.4984606845472368,49,early
49420,20,0,0.32895770550286635,0.37573086743231354,49,early
49421,21,0,0.3784670719692784,0.37137275562128425,49,early
49422,22,0,0.724514266030368,0.34136945623263043,49,early
49423,23,0,0.8606408341997366,0.43125652155749034,49,early
49424,24,0,0.19712895557225588,0.4794178520945924,49,early
49425,25,0,0.7409366132926272,0.35351708405979354,49,early
49426,26,0,0.8575092903635511,0.35170090409399674,49,early
49427,27,0,0.2958732718245609,0.43568039716248796,49,early
49428,28,0,0.4637813643666334,0.33729161683633313,49,early
49429,29,0,0.4910634155318776,0.41034399695463974,49,early
49430,30,0,0.8550428424066054,0.4427731648908816,49,early
49431,31,0,0.24368870630498035,0.4812885075722568,49,early
49432,32,0,0.42214295602588336,0.43483121681519854,49,early
49433,33,0,0.21699385176287897,0.555817000754361,49,early
49434,34,0,0.8254491116987004,0.43308954245144515,49,early
49435,35,0,0.10147122314968543,0.4348812868076878,49,early
49436,36,0,0.804183161020307,0.3618497641204844,49,early
49437,37,0,0.6573222765803337,0.4428848532708863,49,early
49438,38,0,0.9005041487747789,0.4704019296089218,49,early
49439,39,0,0.24938618114272074,0.5126930158977945,49,early
49440,40,0,0.02528530714140826,0.5045990385691902,49,early
49441,41,0,0.8028617594225866,0.3964824312118137,49,early
49442,42,0,0.8807844372433116,0.34206700799100126,49,early
49443,43,0,0.5141830425076547,0.41827246433876425,49,early
49444,44,0,0.12836987464746513,0.5221489678128796,49,early
49445,45,0,0.5330989742146184,0.4914249133543681,49,early
49446,46,0,0.7556361559793298,0.37737770918324154,49,early
49447,47,0,0.5485453315556156,0.3252795780088715,49,early
49448,48,0,0.7269352096079974,0.34756926701994495,49,early
49449,49,0,0.5869019219978204,0.3959423685998762,49,early
49450,50,0,0.5923942679261803,0.3315156889561383,49,early
49451,51,0,0.6985795038961785,0.2635487790609827,49,early
49452,52,0,0.6522751038118113,0.5219857038258835,49,early
49453,53,0,0.04683378959644782,0.7182150087170904,49,early
49454,54,0,0.9199932180701158,0.3495064662393522,49,early
49455,55,0,0.5474576544790726,0.49772175831615734,49,early
49456,56,0,0.8938716434113556,0.3400468950851179,49,early
49457,57,0,0.6370762426646425,0.41830568341062413,49,early
49458,58,0,0.6235202017907086,0.39329891657277577,49,early
49459,59,0,0.7393799531410156,0.3366989800353298,49,early
49460,60,0,0.6798950299240435,0.4080829296626838,49,early
49461,61,0,0.4191162029861033,0.3756750423416789,49,early
49462,62,0,0.541449383483471,0.476683651070553,49,early
49463,63,0,0.9983401667113629,0.3380700082397182,49,early
49464,64,0,0.9871625463434162,0.38903276799252096,49,early
49465,65,0,0.750027778573849,0.3990853627559222,49,early
49466,66,0,0.9967819372318674,0.30349407916106846,49,early
49467,67,0,0.09331631178962294,0.46783427595436905,49,early
49468,68,0,0.3303602070321488,0.31171016676672614,49,early
49469,69,0,0.42648023160250825,0.4237441388745229,49,early
49470,70,0,0.2553673769381206,0.32803476893807093,49,early
49471,71,0,0.9928380326332653,0.47390464104317087,49,early
49472,72,0,0.8390715066397708,0.28778378052098297,49,early
49473,73,0,0.4844869557706055,0.47934513725447825,49,early
49474,74,0,0.05145253381356519,0.5250561675297309,49,early
49475,75,0,0.703132988800946,0.2391982509775295,49,early
49476,76,0,0.896379155738779,0.45519890595894996,49,early
49477,77,0,0.7200145179326067,0.6697118044109612,49,early
49478,78,0,0.12055226491942508,0.5180731400711142,49,early
49479,79,0,0.966223189407983,0.31106310659390163,49,early
49480,80,0,0.7343345441223847,0.3369911284356857,49,early
49481,81,0,0.5742133052301936,0.5841441461007792,49,early
49482,82,0,0.5961555767444888,0.4459441574784616,49,early
49483,83,0,0.68147453137712,0.5468476239025589,49,early
49484,84,0,0.24254923213740515,0.49009364432577757,49,early
49485,85,0,0.4214770761246925,0.4318912560605383,49,early
49486,86,0,0.39445531701988656,0.365305684949777,49,early
49487,87,0,0.9100809440256463,0.3430434402505845,49,early
49488,88,0,0.33632659108408414,0.5585243255255722,49,early
49489,89,0,0.8366522637445571,0.43658404459131284,49,early
49490,90,0,0.332359322165341,0.34266197191498593,49,early
49491,91,0,0.7566793831550211,0.5023337796183621,49,early
49492,92,0,0.9171619855270684,0.5811199529315123,49,early
49493,93,0,0.2669433548119781,0.27656077596512835,49,early
49494,94,0,0.5679717708456439,0.256518573765282,49,early
49495,95,0,0.4656810472867502,0.45507776938819094,49,early
49496,96,0,0.29490738019033585,0.36270444399538426,49,early
49497,97,0,0.9673543583064808,0.2962767151247613,49,early
49498,98,0,0.7083950156987311,0.29513657148268313,49,early
49499,99,0,0.922920403678197,0.29464373475792305,49,early
49500,100,0,0.8570279623083128,0.24705029896481873,49,early
49501,101,0,0.488030987500257,0.5648760653084247,49,early
49502,102,0,0.6900015320007951,0.4289579862650212,49,early
49503,103,0,0.5202895124741554,0.3101721557172742,49,early
49504,104,0,0.7435692490721848,0.4402494054739746,49,early
49505,105,0,0.436978331725885,0.4103581962221402,49,early
49506,106,0,0.7946014853766523,0.27503404597368286,49,early
49507,107,0,0.31213004505162373,0.540945710738348,49,early
49508,108,0,0.13820980098352093,0.6286013735499902,49,early
49509,109,0,0.9810394907145852,0.4595817602388473,49,early
49510,110,0,0.7552753197254426,0.46701739273375653,49,early
49511,111,0,0.4529504271266862,0.35977468751617103,49,early
49512,112,0,0.7799536134415765,0.32269595162774395,49,early
49513,113,0,0.7539064736804245,0.288286319303369,49,early
49514,114,0,0.7021006415317164,0.2899153970212308,49,early
49515,115,0,0.6016578352692149,0.3452371108835788,49,early
49516,116,0,0.8009829176201511,0.24917122969697064,49,early
49517,117,0,0.4662805654317253,0.4711653087183566,49,early
49518,118,0,0.16846080618209772,0.4353004875123644,49,early
49519,119,0,0.8643676805266907,0.3920125069455205,49,early
49520,120,0,0.566443687423494,0.33211204573856634,49,early
49521,121,0,0.9603000833503315,0.23435934987952156,49,early
49522,122,0,0.13950093065605063,0.3817478849772228,49,early
49523,123,0,0.6840054916783169,0.18266119182808613,49,early
49524,124,0,0.4769909745286138,0.3969678339238878,49,early
49525,125,0,0.3829031206590807,0.4095595782577362,49,early
49526,126,0,0.7162830592465561,0.257281278750253,49,early
49527,127,0,0.7751970182166996,0.48052604025215284,49,early
49528,128,0,0.929227158383801,0.2999983262340299,49,early
49529,129,0,0.9227328141614595,0.3359201081559866,49,early
49530,130,0,0.4598533354581596,0.3679984402040429,49,early
49531,131,0,0.5895616421851161,0.30489383113597557,49,early
49532,132,0,0.398627953246362,0.3644839018426598,49,early
49533,133,0,0.42612558520027827,0.29136935843669737,49,early
49534,134,0,0.34103106475596573,0.34710300163437025,49,early
49535,135,0,0.646303392272955,0.41125780988578564,49,early
49536,136,0,0.32311397621184934,0.349710657982239,49,early
49537,137,0,0.12957545179084345,0.30257863623190145,49,early
49538,138,0,0.8407521553960855,0.307247866586156,49,early
49539,139,0,0.3905373719905347,0.40067870331183897,49,early
49540,140,0,0.5908740998074682,0.5388214542506014,49,early
49541,141,0,0.9690582923253522,0.5932979137336812,49,early
49542,142,0,0.41702941851718955,0.5446608859440736,49,early
49543,143,0,0.7988742227921506,0.33709472263125795,49,early
49544,144,0,0.7415317573843654,0.23766021395541176,49,early
49545,145,0,0.5707113643497391,0.3071900555936181,49,early
49546,146,0,0.28439364020407426,0.31348488484393805,49,early
49547,147,0,0.7431822937710804,0.332767000222782,49,early
49548,148,0,0.5318800295685311,0.5482148870510523,49,early
49549,149,0,0.5757948925705729,0.38359226271525565,49,early
49550,150,0,0.45299603041397085,0.6518979824736321,49,early
49551,151,0,0.45231433820860073,0.264691868427382,49,early
49552,152,0,0.5465118052862192,0.2848567024971923,49,early
49553,153,0,0.7019355734435807,0.46201123237633035,49,early
49554,154,0,0.6193816669937147,0.30740617699157796,49,early
49555,155,0,0.7330144167820525,0.3217671453712157,49,early
49556,156,0,0.8268872663969138,0.3230677254482308,49,early
49557,157,0,0.8355595403990246,0.29341532346522703,49,early
49558,158,0,0.44673062050890716,0.26626415866512854,49,early
49559,159,0,0.8387349723299118,0.22525365981997736,49,early
49560,160,0,0.6793785919855877,0.41370056598310756,49,early
49561,161,0,0.35036889061101784,0.38486008337654304,49,early
49562,162,0,0.2637026027130143,0.40616569027527655,49,early
49563,163,0,0.3347186090162731,0.4015986330212834,49,early
49564,164,0,0.6017710445162652,0.3350631241115918,49,early
49565,165,0,0.8932822729824015,0.30142760579839994,49,early
49566,166,0,0.3546120688819558,0.23356462074497691,49,early
49567,167,0,0.5841232184116981,0.24263209821207132,49,early
49568,168,0,0.4419968013862537,0.2457494043908579,49,early
49569,169,0,0.43922159252211446,0.281493912350241,49,early
49570,170,0,0.9028857657997927,0.19950775020949274,49,early
49571,171,0,0.25093000371716795,0.5281309500165515,49,early
49572,172,0,0.6979143760238602,0.31319465304511673,49,early
49573,173,0,0.5277817041894333,0.2748964114673864,49,early
49574,174,0,0.24610991066060262,0.4483231132479022,49,early
49575,175,0,0.9473072911999134,0.2146782339884235,49,early
49576,176,0,0.3360171839072201,0.35157805370871853,49,early
49577,177,0,0.5155386041925905,0.4094090019404544,49,early
49578,178,0,0.49485502685510296,0.45953090472886615,49,early
49579,179,0,0.3892262090477718,0.363767233886037,49,early
49580,180,0,0.5987917417513635,0.3183870351337346,49,early
49581,181,0,0.9081821392060709,0.4395550915677108,49,early
49582,182,0,0.42302271807913316,0.38727296674138056,49,early
49583,183,0,0.16816394804797696,0.4542830457887467,49,early
49584,184,0,0.5572214283472139,0.3561637099061261,49,early
49585,185,0,0.5005954667186835,0.2994877934745335,49,early
49586,186,0,0.5889974255714638,0.3578112700977987,49,early
49587,187,0,0.33480599056241367,0.4256081219559889,49,early
49588,188,0,0.3645791261615449,0.28854002372748455,49,early
49589,189,0,0.4761196355942724,0.3689801314922454,49,early
49590,190,0,0.10045266816368531,0.3429959446814863,49,early
49591,191,0,0.3723533558506684,0.4382468785276694,49,early
49592,192,0,0.5595828421128533,0.27501365918397713,49,early
49593,193,0,0.5063024032731376,0.3142081708579228,49,early
49594,194,0,0.5023773044148893,0.2991496276147533,49,early
49595,195,0,0.6316817104383075,0.2198443799885305,49,early
49596,196,0,0.5417491848366951,0.2138926727713982,49,early
49597,197,0,0.5626814818347564,0.3393826786103674,49,early
49598,198,0,0.6353014481254287,0.2816477286008646,49,early
49599,199,0,0.34105481933576676,0.3069301970024978,49,early
49600,0,0,0.5046293877445918,0.8816114406933672,49,middle
49601,1,0,0.9069703164469003,0.5298885545415596,49,middle
49602,2,0,0.6014744401039458,0.565376070601721,49,middle
49603,3,0,0.22130951318057168,0.4313722027074671,49,middle
49604,4,0,0.6882590417394943,0.499536361219143,49,middle
49605,5,0,0.50966030940872,0.41316212534654845,49,middle
49606,6,0,0.9744197139217967,0.48071576265262494,49,middle
49607,7,0,0.506531965738527,0.6347083951125543,49,middle
49608,8,0,0.23841801760024722,0.5754704927091276,49,middle
49609,9,0,0.5762586683700859,0.8656096779384955,49,middle
49610,10,0,0.8605800708010429,0.7515922575602856,49,middle
49611,11,0,0.7637139806736604,0.6053650113630259,49,middle
49612,12,0,0.4029101935120888,0.53904012745452,49,middle
49613,13,0,0.6525769438800144,0.61377857851688,49,middle
49614,14,0,0.7120890008150431,0.4585480807783647,49,middle
49615,15,0,0.7878233966570604,0.4631344121587201,49,middle
49616,16,0,0.05666099038502627,0.6776585514184231,49,middle
49617,17,0,0.45787974807500514,0.5343548742694938,49,middle
49618,18,0,0.5598936089949429,0.6147172903078149,49,middle
49619,19,0,0.8603333776269433,0.48056237550453584,49,middle
49620,20,0,0.6038987184549918,0.45324775417407237,49,middle
49621,21,0,0.7907108160258256,0.6226176497091269,49,middle
49622,22,0,0.17789888260194667,0.5741277473050929,49,middle
49623,23,0,0.661261111811982,0.5125116692283054,49,middle
49624,24,0,0.7801648976696451,0.4794588151914803,49,middle
49625,25,0,0.5003534693139026,0.5390052025759496,49,middle
49626,26,0,0.5496728436658938,0.5184719217393073,49,middle
49627,27,0,0.7961731226586177,0.5191643495931708,49,middle
49628,28,0,0.5447986288711216,0.49727395542257247,49,middle
49629,29,0,0.3228479603650178,0.6572502525481095,49,middle
49630,30,0,0.8712396764983023,0.46610478601544547,49,middle
49631,31,0,0.4300965042019709,0.5583201971073863,49,middle
49632,32,0,0.748893818289506,0.48945430676473595,49,middle
49633,33,0,0.322462298213008,0.4653658788190405,49,middle
49634,34,0,0.8155984462583794,0.3829887462921321,49,middle
49635,35,0,0.5524309233043566,0.4351612813989558,49,middle
49636,36,0,0.34390255023132316,0.6865906193259883,49,middle
49637,37,0,0.7911624735845506,0.4110592037085842,49,middle
49638,38,0,0.3414677030126837,0.6453736871614262,49,middle
49639,39,0,0.7434115868442205,0.4287075236242711,49,middle
49640,40,0,0.5774437755482806,0.3324368251781625,49,middle
49641,41,0,0.3660922690357066,0.43932407510975263,49,middle
49642,42,0,0.3944403398006733,0.42961793837296597,49,middle
49643,43,0,0.31241021842410255,0.6134111424037767,49,middle
49644,44,0,0.5444816200522927,0.44468826277108886,49,middle
49645,45,0,0.7698585446436448,0.42679782575280756,49,middle
49646,46,0,0.6932567854380278,0.4126766768308959,49,middle
49647,47,0,0.7757914648878861,0.48153889383359016,49,middle
49648,48,0,0.7862299635414458,0.37021758460314413,49,middle
49649,49,0,0.4379667232966931,0.5317665381634291,49,middle
49650,50,0,0.7877920421556367,0.6436899873429445,49,middle
49651,51,0,0.9104727848038896,0.3287371364462816,49,middle
49652,52,0,0.05400023590401726,0.6895301911345166,49,middle
49653,53,0,0.44704662105633197,0.4956754539602405,49,middle
49654,54,0,0.7827448812429973,0.5625196340206002,49,middle
49655,55,0,0.76818485640606,0.40695978728837556,49,middle
49656,56,0,0.7558422472355523,0.5492081812386673,49,middle
49657,57,0,0.928950197724244,0.405095744760599,49,middle
49658,58,0,0.04253244707950148,0.6385155418437298,49,middle
49659,59,0,0.8419467925577444,0.39896184671690044,49,middle
49660,60,0,0.2614615971733479,0.5084715871459609,49,middle
49661,61,0,0.7449587924577854,0.45534726969036954,49,middle
49662,62,0,0.4457781699674076,0.7030636391073528,49,middle
49663,63,0,0.5556673130456354,0.34009977474382047,49,middle
49664,64,0,0.5405242651203812,0.4593118340063107,49,middle
49665,65,0,0.5821154464036702,0.49387433013559756,49,middle
49666,66,0,0.8123697336623678,0.5403053289934713,49,middle
49667,67,0,0.6342755019476316,0.3626021086875467,49,middle
49668,68,0,0.6070004718713609,0.4935234761774315,49,middle
49669,69,0,0.7879056651462497,0.39669823313711416,49,middle
49670,70,0,0.8872241913251224,0.49056791397041266,49,middle
49671,71,0,0.7151174056615048,0.5593862507362326,49,middle
49672,72,0,0.5662834650230426,0.5519717548570778,49,middle
49673,73,0,0.979118355828506,0.5062041705422005,49,middle
49674,74,0,0.903626647702845,0.3482508825929508,49,middle
49675,75,0,0.5364539352513857,0.5850568891829848,49,middle
49676,76,0,0.7755937271763971,0.45983104153919546,49,middle
49677,77,0,0.7475950245292009,0.39417930251928135,49,middle
49678,78,0,0.48242104167147076,0.38922631811357045,49,middle
49679,79,0,0.8013717519182313,0.4048600528682381,49,middle
49680,80,0,0.42562762624422057,0.5266400083738707,49,middle
49681,81,0,0.26365045456336567,0.4279710876365763,49,middle
49682,82,0,0.48218913015525366,0.6154590769530344,49,middle
49683,83,0,0.7516832343709643,0.4235235927117489,49,middle
49684,84,0,0.8572774084794585,0.41164234742358696,49,middle
49685,85,0,0.08183281418231274,0.6704167643966509,49,middle
49686,86,0,0.4794305402275197,0.4624070937743494,49,middle
49687,87,0,0.5881141273094711,0.35112554526181317,49,middle
49688,88,0,0.48648478287101254,0.46121035238554287,49,middle
49689,89,0,0.485753244207609,0.3755914930481524,49,middle
49690,90,0,0.33675280558998566,0.6355425051893916,49,middle
49691,91,0,0.7209576471375019,0.49486436304196985,49,middle
49692,92,0,0.28189598694203655,0.5852006656358919,49,middle
49693,93,0,0.3693267834640181,0.6826672174258543,49,middle
49694,94,0,0.31157360175494236,0.5266546018272543,49,middle
49695,95,0,0.7747187792357126,0.3836359874944151,49,middle
49696,96,0,0.13652680528660582,0.46125671120083156,49,middle
49697,97,0,0.6549111723224116,0.4238245210056899,49,middle
49698,98,0,0.8627558650356639,0.4069523191022097,49,middle
49699,99,0,0.8895168350334646,0.4957674529482392,49,middle
49700,100,0,0.023024534935089346,0.5641760575608372,49,middle
49701,101,0,0.9817711748803102,0.3679778346936935,49,middle
49702,102,0,0.022466985022041176,0.6919237179608183,49,middle
49703,103,0,0.7478695895430811,0.34427222834892923,49,middle
49704,104,0,0.8084330370506636,0.5548276920396151,49,middle
49705,105,0,0.7983157898118944,0.3957701663086214,49,middle
49706,106,0,0.8313372624518546,0.3485233800475984,49,middle
49707,107,0,0.19540220661167404,0.4921498406015561,49,middle
49708,108,0,0.2952358566945833,0.40068975998309,49,middle
49709,109,0,0.5763933612830858,0.6210089928810667,49,middle
49710,110,0,0.4472580736808517,0.42029396725669554,49,middle
49711,111,0,0.7603010557609111,0.34174741314884016,49,middle
49712,112,0,0.1980789414499405,0.5049078280430065,49,middle
49713,113,0,0.8055977675809602,0.49584683722702694,49,middle
49714,114,0,0.984537950852937,0.5297921487675816,49,middle
49715,115,0,0.472042787384318,0.48904803098085603,49,middle
49716,116,0,0.7086456582905564,0.5205283776309307,49,middle
49717,117,0,0.10109537058062758,0.6627911377209166,49,middle
49718,118,0,0.38122276330897326,0.44853166762448304,49,middle
49719,119,0,0.2126008885940439,0.42889318959340095,49,middle
49720,120,0,0.6956109591408981,0.5210622792249319,49,middle
49721,121,0,0.7074271477464205,0.439752492640093,49,middle
49722,122,0,0.5996685994245529,0.3762116317768073,49,middle
49723,123,0,0.807752179768902,0.3652866716469815,49,middle
49724,124,0,0.4772017236237496,0.4664958632294771,49,middle
49725,125,0,0.32543836856807173,0.46490729365712824,49,middle
49726,126,0,0.6912659087526778,0.3501633792180244,49,middle
49727,127,0,0.8323406256539323,0.5676231662461717,49,middle
49728,128,0,0.5137969589576433,0.3936767093135185,49,middle
49729,129,0,0.30707670735833253,0.549042560722269,49,middle
49730,130,0,0.5474205372768938,0.6925045249420432,49,middle
49731,131,0,0.28120947013366215,0.5515160017730871,49,middle
49732,132,0,0.5955054954327197,0.4454452926578515,49,middle
49733,133,0,0.07220415871825855,0.588105271848741,49,middle
49734,134,0,0.41906517655777387,0.5401496307731797,49,middle
49735,135,0,0.3376235374071388,0.4958501177629382,49,middle
49736,136,0,0.8512945488293727,0.45977780744228236,49,middle
49737,137,0,0.6211619088666495,0.46889374574893183,49,middle
49738,138,0,0.19033442941538964,0.35854288689389713,49,middle
49739,139,0,0.8285159692846102,0.2729166107920121,49,middle
49740,140,0,0.2499087757509305,0.5142441875033479,49,middle
49741,141,0,0.09192029962733629,0.589766322213112,49,middle
49742,142,0,0.9831808579848849,0.45673872498639445,49,middle
49743,143,0,0.5981945379092455,0.6154322573794258,49,middle
49744,144,0,0.543934453892445,0.44488905122964084,49,middle
49745,145,0,0.43293954139483914,0.6151620527082426,49,middle
49746,146,0,0.32439751270119765,0.5668328910682059,49,middle
49747,147,0,0.36908665552886155,0.5267077153997946,49,middle
49748,148,0,0.34247071516613764,0.4830423633465487,49,middle
49749,149,0,0.580572740373714,0.4531287089806554,49,middle
49750,150,0,0.31167050317250944,0.5668565016934646,49,middle
49751,151,0,0.5195247973605611,0.5409541369391824,49,middle
49752,152,0,0.25063558326340113,0.5556582000765853,49,middle
49753,153,0,0.3987438412973086,0.605738473050838,49,middle
49754,154,0,0.46777958625933475,0.43410706185480696,49,middle
49755,155,0,0.529449160289504,0.5932128066661557,49,middle
49756,156,0,0.7361106909739661,0.5695133839700257,49,middle
49757,157,0,0.5544654756407558,0.45123066768694015,49,middle
49758,158,0,0.3163326349390347,0.5283515937565444,49,middle
49759,159,0,0.5013880408041965,0.4605282971635539,49,middle
49760,160,0,0.7810683817983028,0.42791383116608983,49,middle
49761,161,0,0.5432073081921831,0.419980233169428,49,middle
49762,162,0,0.9023940451048819,0.5156765765227334,49,middle
49763,163,0,0.5313256436680712,0.36531436839630604,49,middle
49764,164,0,0.5888371886641909,0.34703511003587106,49,middle
49765,165,0,0.47824799921918393,0.5008508649119865,49,middle
49766,166,0,0.4992463805499817,0.3713930312126915,49,middle
49767,167,0,0.674740050575203,0.34194093108016105,49,middle
49768,168,0,0.4672378217306859,0.3807420303881415,49,middle
49769,169,0,0.13157536784321933,0.597913661882159,49,middle
49770,170,0,0.7250016489022992,0.4940813744539575,49,middle
49771,171,0,0.3401429430720967,0.3157800491403235,49,middle
49772,172,0,0.7911164065498667,0.5066063325837988,49,middle
49773,173,0,0.1052551194086038,0.5647349715205787,49,middle
49774,174,0,0.6455370555001644,0.4295166774637782,49,middle
49775,175,0,0.6292261175398495,0.3432936941707061,49,middle
49776,176,0,0.32336882570015735,0.38162520651464704,49,middle
49777,177,0,0.3871266689878735,0.4092271645781629,49,middle
49778,178,0,0.5280577775121047,0.43550915371807697,49,middle
49779,179,0,0.8134032307752335,0.3768559665494877,49,middle
49780,180,0,0.6714772445429156,0.313550860226667,49,middle
49781,181,0,0.898441082487087,0.3724075232912629,49,middle
49782,182,0,0.6973140640314685,0.319973516510962,49,middle
49783,183,0,0.8300854054765324,0.33205701371865337,49,middle
49784,184,0,0.9195990226808872,0.2516947852136082,49,middle
49785,185,0,0.23057859941658504,0.626497071835667,49,middle
49786,186,0,0.5795843416082431,0.4056399098576956,49,middle
49787,187,0,0.8497789546343836,0.3583831250633768,49,middle
49788,188,0,0.13994663201181748,0.5404360911216863,49,middle
49789,189,0,0.3956807973343718,0.4649115070224009,49,middle
49790,190,0,0.6011322514603861,0.6115528574080238,49,middle
49791,191,0,0.4955109235467962,0.4204555788126243,49,middle
49792,192,0,0.8984428602790309,0.3020774392868104,49,middle
49793,193,0,0.7069466105664544,0.4256558161282368,49,middle
49794,194,0,0.6792884608148642,0.361478090041645,49,middle
49795,195,0,0.10763687334708685,0.3503914470887435,49,middle
49796,196,0,0.21585827596760343,0.3943697191534328,49,middle
49797,197,0,0.5052625897972929,0.44383418563175814,49,middle
49798,198,0,0.5144633922921853,0.31419320916063764,49,middle
49799,199,0,0.42642379618258053,0.5281058892680555,49,middle
49800,0,0,0.7993200597198021,0.529147468671441,49,late
49801,1,0,0.24945476664347452,0.5128806954273538,49,late
49802,2,0,0.7253038867351587,0.5182007825015003,49,late
49803,3,0,0.5520872460425729,0.4264483495355167,49,late
49804,4,0,0.9223872871892569,0.5114279705894593,49,late
49805,5,0,0.40337900035399515,0.7070633708571211,49,late
49806,6,0,0.14298041288947547,0.5495943353138395,49,late
49807,7,0,0.48183514477706213,0.5633394957531946,49,late
49808,8,0,0.16854726300328685,0.6857937624243664,49,late
49809,9,0,0.3980992169038736,0.5693586079561335,49,late
49810,10,0,0.3242067642821644,0.5750995359018022,49,late
49811,11,0,0.4782750540372771,0.3995279517509613,49,late
49812,12,0,0.8966704205558201,0.6214604641188919,49,late
49813,13,0,0.6351737021719825,0.429304290637112,49,late
49814,14,0,0.5711148010988504,0.5192735478746968,49,late
49815,15,0,0.4755347121625102,0.32851480280161843,49,late
49816,16,0,0.6132920045369553,0.39552641784119563,49,late
49817,17,0,0.3534876592669281,0.5109665992954213,49,late
49818,18,0,0.3450038411190214,0.5136689347545558,49,late
49819,19,0,0.5200182083922407,0.5838647761826615,49,late
49820,20,0,0.8168802027548425,0.37611703479261516,49,late
49821,21,0,0.45921850085086785,0.45272249419192023,49,late
49822,22,0,0.27322150133746775,0.5008768899480782,49,late
49823,23,0,0.22899882173840097,0.4936107782435193,49,late
49824,24,0,0.9305359418451918,0.3257210114034635,49,late
49825,25,0,0.5858055846433523,0.37129175886444543,49,late
49826,26,0,0.7226081063785421,0.3913490286410424,49,late
49827,27,0,0.36892480647147513,0.49287640990255227,49,late
49828,28,0,0.7370766232993001,0.31079489880107375,49,late
49829,29,0,0.3252283567988136,0.4166292702357671,49,late
49830,30,0,0.31797464523176394,0.46363813920227737,49,late
49831,31,0,0.40304671451585306,0.4786829897991782,49,late
49832,32,0,0.5432638146167472,0.4269656706717568,49,late
49833,33,0,0.6987665394490858,0.4784712151771928,49,late
49834,34,0,0.5917776276089612,0.4884845608530124,49,late
49835,35,0,0.2742218350619517,0.5140907604882682,49,late
49836,36,0,0.7684568870044268,0.5496458279464819,49,late
49837,37,0,0.527819644049577,0.35731744593509435,49,late
49838,38,0,0.5731203524239837,0.45004350409483185,49,late
49839,39,0,0.2804362789783629,0.530096622473796,49,late
49840,40,0,0.6541749120773983,0.36582820201295585,49,late
49841,41,0,0.47180516226456337,0.4836509227118524,49,late
49842,42,0,0.4627288063793347,0.4353595827953185,49,late
49843,43,0,0.342053135041736,0.40776956945589493,49,late
49844,44,0,0.29982132795462246,0.5139552294499399,49,late
49845,45,0,0.5201405575506467,0.5891580683100174,49,late
49846,46,0,0.7665153147339963,0.43820662214151734,49,late
49847,47,0,0.6616390977690887,0.3968168038538611,49,late
49848,48,0,0.7714394216314195,0.3761023563333922,49,late
49849,49,0,0.6047438844482556,0.5591614544636316,49,late
49850,50,0,0.599900534010239,0.3381313939294544,49,late
49851,51,0,0.6727377419759365,0.4429296575588342,49,late
49852,52,0,0.5081588801846386,0.33911467231030235,49,late
49853,53,0,0.3435799901623551,0.5222491637440669,49,late
49854,54,0,0.2648081833279636,0.4797151788038543,49,late
49855,55,0,0.4611208443899696,0.5374444050254639,49,late
49856,56,0,0.5490471671620688,0.4823624553967708,49,late
49857,57,0,0.4022751544971291,0.5181718840457588,49,late
49858,58,0,0.7008680877023166,0.545214497264997,49,late
49859,59,0,0.6511595150469331,0.3752189248232609,49,late
49860,60,0,0.20189624323478939,0.6698329254088903,49,late
49861,61,0,0.8116303414558625,0.3882040959531682,49,late
49862,62,0,0.8178906423437957,0.5465734799174804,49,late
49863,63,0,0.508318354264357,0.4488164451020528,49,late
49864,64,0,0.6064649697893236,0.4524889742720214,49,late
49865,65,0,0.44557152068521344,0.6024384495381958,49,late
49866,66,0,0.6792245006952669,0.44422921927695813,49,late
49867,67,0,0.5620822292014915,0.36557432468007656,49,late
49868,68,0,0.8685310685249111,0.40126470303470013,49,late
49869,69,0,0.5848367012045608,0.5039565645117298,49,late
49870,70,0,0.38926929977601704,0.43538380904361973,49,late
49871,71,0,0.7938681859697596,0.42405407519380167,49,late
49872,72,0,0.46259720487861256,0.4100677517904861,49,late
49873,73,0,0.30859274107898066,0.3546346430049735,49,late
49874,74,0,0.2893644798366959,0.5158396574611923,49,late
49875,75,0,0.3012170280030061,0.3911105801022645,49,late
49876,76,0,0.9551084940005681,0.39287711250122903,49,late
49877,77,0,0.6097177999482774,0.5336582550931748,49,late
49878,78,0,0.6426647076177914,0.36680527919163164,49,late
49879,79,0,0.5971047823494819,0.46457455515166135,49,late
49880,80,0,0.40620717937834566,0.36226126919779594,49,late
49881,81,0,0.6326120435085576,0.463458043391022,49,late
49882,82,0,0.45871484939615864,0.39196455854139345,49,late
49883,83,0,0.7044242366676543,0.32577256509091435,49,late
49884,84,0,0.18417231481509694,0.612228455476225,49,late
49885,85,0,0.03574218508852092,0.7183626940391754,49,late
49886,86,0,0.752878609520778,0.47951864923950205,49,late
49887,87,0,0.7691020075413351,0.4357522375903883,49,late
49888,88,0,0.9206721468055064,0.30334047763304817,49,late
49889,89,0,0.05210912465618595,0.6190645792651388,49,late
49890,90,0,0.17773405739944276,0.5878417884398095,49,late
49891,91,0,0.66914600865159,0.3997089995016551,49,late
49892,92,0,0.43698074242147855,0.3680767855273308,49,late
49893,93,0,0.5122192309722635,0.3186831037879011,49,late
49894,94,0,0.3482563508575987,0.36509344690978385,49,late
49895,95,0,0.6092583008004425,0.38223396598286447,49,late
49896,96,0,0.9471789064316987,0.25884174441363383,49,late
49897,97,0,0.9084044479051843,0.39275495798062304,49,late
49898,98,0,0.9417997418328521,0.3356154069649225,49,late
49899,99,0,0.0038887426767866533,0.5423733449199726,49,late
49900,100,0,0.6785017856173983,0.4822178659312448,49,late
49901,101,0,0.8111923791148004,0.35233398054980225,49,late
49902,102,0,0.27315334437719996,0.40143875654837935,49,late
49903,103,0,0.8316315079325445,0.4101811254259048,49,late
49904,104,0,0.7026809554145084,0.3647045394887396,49,late
49905,105,0,0.6042937544741758,0.37619309805438383,49,late
49906,106,0,0.6380799521376204,0.3321232731812762,49,late
49907,107,0,0.5091642293786247,0.48868368783872024,49,late
49908,108,0,0.9744103360114782,0.4077094771786989,49,late
49909,109,0,0.49303607931522553,0.5233937444918236,49,late
49910,110,0,0.9195475007186087,0.3999604433359407,49,late
49911,111,0,0.10679083766080041,0.36948360929128166,49,late
49912,112,0,0.8359681140956463,0.31876067364984434,49,late
49913,113,0,0.6223240576109137,0.3023887804162093,49,late
49914,114,0,0.35854540874144425,0.4773153683979845,49,late
49915,115,0,0.7440340501417964,0.36799803598409325,49,late
49916,116,0,0.8727531033065825,0.36415512502016234,49,late
49917,117,0,0.9700148191880988,0.24456475501631714,49,late
49918,118,0,0.9520424848660649,0.2954257954802303,49,late
49919,119,0,0.2907224699326362,0.4046134777651601,49,late
49920,120,0,0.23137709227157366,0.38078374345917654,49,late
49921,121,0,0.5006223358139689,0.42697941813487816,49,late
49922,122,0,0.3589477619999996,0.27818550681613496,49,late
49923,123,0,0.405694149621599,0.26437306170430197,49,late
49924,124,0,0.20304642573271492,0.35320284621343834,49,late
49925,125,0,0.5828815309646225,0.30615327999536623,49,late
49926,126,0,0.7186262483213555,0.3842334120606507,49,late
49927,127,0,0.652698487308359,0.35437761161930703,49,late
49928,128,0,0.09280498348145635,0.37532284886552625,49,late
49929,129,0,0.7212698871527525,0.3151865341570594,49,late
49930,130,0,0.6275670844166704,0.4494606119091328,49,late
49931,131,0,0.6434549058161939,0.5011442356417624,49,late
49932,132,0,0.7609988109957547,0.45370813412997735,49,late
49933,133,0,0.15778204761967515,0.41108373294653244,49,late
49934,134,0,0.26390146953492677,0.510288986448216,49,late
49935,135,0,0.6100838430125224,0.34648257411985117,49,late
49936,136,0,0.3791724523229827,0.4705002278807676,49,late
49937,137,0,0.343635462657627,0.3231518265429196,49,late
49938,138,0,0.48491865930629885,0.4298934793627,49,late
49939,139,0,0.2908029623248409,0.37560612945618455,49,late
49940,140,0,0.4537651962772622,0.321805280546295,49,late
49941,141,0,0.5473472622194839,0.38333102892094784,49,late
49942,142,0,0.7787873092492382,0.4610539568140746,49,late
49943,143,0,0.7917132750464191,0.5090493895377972,49,late
49944,144,0,0.61982911530807,0.33037515312479016,49,late
49945,145,0,0.4700942963222008,0.4296421221039878,49,late
49946,146,0,0.5324586516269211,0.33503103497140846,49,late
49947,147,0,0.5279587123226772,0.42428156331040917,49,late
49948,148,0,0.8387949052725183,0.38181456614813125,49,late
49949,149,0,0.596667410755617,0.2579570411465196,49,late
49950,150,0,0.4464659328996114,0.48654059004369865,49,late
49951,151,0,0.622438356819648,0.28536668395450565,49,late
49952,152,0,0.5264339506885088,0.4982053742456274,49,late
49953,153,0,0.5869014013866046,0.35600643806974075,49,late
49954,154,0,0.505222622405906,0.4283793738616706,49,late
49955,155,0,0.5652562152701647,0.3700414236902,49,late
49956,156,0,0.4871858623631184,0.3830298869551981,49,late
49957,157,0,0.6554699088544229,0.28073461011854595,49,late
49958,158,0,0.5026548219433425,0.49940859997185577,49,late
49959,159,0,0.6573491817320156,0.4385030552350473,49,late
49960,160,0,0.5845794034723896,0.39806824745102903,49,late
49961,161,0,0.5211303288589041,0.414467567981169,49,late
49962,162,0,0.8822293586206309,0.42269549064389095,49,late
49963,163,0,0.9386717926385235,0.2659352194157989,49,late
49964,164,0,0.9480972239623973,0.33037870929294616,49,late
49965,165,0,0.8102326690106443,0.2562105725459893,49,late
49966,166,0,0.535498992209017,0.40270591160976354,49,late
49967,167,0,0.11662405611087268,0.3966777988897843,49,late
49968,168,0,0.10792497172959742,0.4468298826953492,49,late
49969,169,0,0.13782651065497203,0.3633465877632065,49,late
49970,170,0,0.6465499440718282,0.3338726294775852,49,late
49971,171,0,0.5450169169744333,0.37270830687651935,49,late
49972,172,0,0.6430117028298404,0.26569995419113335,49,late
49973,173,0,0.6302298015252112,0.28651638988798644,49,late
49974,174,0,0.7930456287262084,0.29697357644767575,49,late
49975,175,0,0.3351486459344679,0.3717683229080927,49,late
49976,176,0,0.7541950730747575,0.3509999180756784,49,late
49977,177,0,0.2426374954228401,0.42870217594457194,49,late
49978,178,0,0.7087008946252867,0.3376785750328029,49,late
49979,179,0,0.28530077062856424,0.36817947965973963,49,late
49980,180,0,0.13010804409656676,0.45803408912836724,49,late
49981,181,0,0.8861849512111128,0.3127138424698282,49,late
49982,182,0,0.27736070697278536,0.3046610979530308,49,late
49983,183,0,0.4113798058890601,0.338210122244885,49,late
49984,184,0,0.3318498198471778,0.3700559637011022,49,late
49985,185,0,0.5682883358019697,0.4554279632240316,49,late
49986,186,0,0.5186735165220384,0.5832606640135094,49,late
49987,187,0,0.6469531375016473,0.2935408519738631,49,late
49988,188,0,0.898510128599745,0.2769568520888627,49,late
49989,189,0,0.26281300962982557,0.503623109287204,49,late
49990,190,0,0.11885844186859088,0.38330396954244456,49,late
49991,191,0,0.6539696098784208,0.32341382455572526,49,late
49992,192,0,0.25652067609545587,0.3557819060173465,49,late
49993,193,0,0.3379158399981457,0.2884951346247902,49,late
49994,194,0,0.41227404430760883,0.31028201384707144,49,late
49995,195,0,0.6012381698152632,0.31868495913035905,49,late
49996,196,0,0.6547344794306785,0.5354715503343348,49,late
49997,197,0,0.2916390271809961,0.25943012651303243,49,late
49998,198,0,0.6152560974618234,0.34074952602782593,49,late
49999,199,0,0.659964693981395,0.36269904290453814,49,late
